mary:0.3349863434302324
w:0.22102434678781097
pride:0.4181511682826256
t:0.184019503928603
deadly:0.4168405155206115
anger:0.38246171662777806
virginia.edu:0.3432962714362431
quinn:0.46506399231041634
seven:0.3442299915481969
subject:0.0019069254922870211
sins:0.3673300026234726
professor:0.36604296651613843
iii:0.3301960412459077
ann:0.4038175471781862
