religions:0.03562832985299105
out:0.008792366411048207
there:0.006849096907292145
all:0.007119909183927546
environmental:0.03955078821082857
with:0.004364383408877219
much:0.013038782608656204
into:0.026728416462423677
such:0.014350874652744766
journal:0.036960830405218505
from:0.006317703391269967
emphasis:0.08188644143032002
to:0.0020570136717773593
formerly:0.04103951478109962
reactions:0.04164492929462476
been:0.021899110257036405
derived:0.039316338985206346
that:0.007766521464950973
think:0.010744388265138472
quite:0.019822383448577622
cleveland.freenet.edu:0.03195834904108586
v:0.028706330700761284
bit:0.02033644923922164
covered:0.034457863647819637
this:0.011753338172494455
hi:0.023515049701600035
something:0.014855681471369573
on:0.0037836479495469396
great:0.018815303647258783
m:0.010215035165045313
a:0.005210836290471623
as:0.011942002391298782
gary:0.0316767048024079
evidence:0.02401274652621699
course:0.01825486417835835
religious:0.02739850600828446
pagan:0.04611596086859244
it:0.005117245219999581
being:0.029041849700375346
ve:0.013620400739010703
energy:0.034220933063382475
left:0.021823919279854935
suspect:0.02897085867834149
real:0.019086521298494384
has:0.01589215632666494
party:0.0316767048024079
environment:0.03132577242446116
anybody:0.022683545857557424
things:0.016677059165225744
of:0.0043531474380389245
even:0.01253104065497034
what:0.006868970917885307
but:0.004964800166047838
nature:0.028450859270595298
street:0.029761406569541834
now:0.012327719387151076
called:0.020016824595945774
clear:0.02461008016557174
one:0.0073381411028031526
or:0.005032175057485711
thoughts:0.03204495759422248
and:0.004273851654747647
for:0.0024279765888960744
subject:0.0001992310215822261
i:0.007123086091246079
group:0.02012773085676601
dispute:0.039630603801252065
we:0.01005779034114903
turned:0.02930521149189252
the:0.004500017970083898
thing:0.016895018172574303
see:0.026408742707629492
gods:0.03616334424445461
quote:0.030111626212989472
can:0.006451985018191891
planet:0.035306810553466336
thinks:0.03380518226477049
because:0.013169569394735178
page:0.03137869950139766
maybe:0.019760545390614358
may:0.013888250204774856
current:0.023598848684558343
is:0.006015058810985012
new:0.012865668394653335
does:0.009093200106996456
2:0.01454036979175678
easily:0.027603841555189457
wall:0.0334814487152912
legitimate:0.03414359883177392
already:0.021684972546995158
earth:0.026272650467117527
april:0.02538920792453815
mine:0.02436745555820885
concern:0.034378048057396145
secular:0.04218989298876572
while:0.016196585864765092
editorial:0.04328394876631703
dangerous:0.03137869950139766
s:0.009260242997851019
