believe:0.019227184781684427
king:0.03714737614936102
go:0.017216214617647142
at:0.00779615055269408
there:0.008121937925461481
your:0.011149842674170464
decision:0.0372101392317459
odds:0.05117395922101428
unto:0.049260480384999805
christ:0.03284844170829993
attend:0.052666195614251385
to:0.009757162195333315
matt:0.04343917229548975
then:0.01412283495376817
heaven:0.0385324130651712
that:0.003069952437473246
son:0.037762400879422266
like:0.03091962115509752
re:0.00330920798918735
tells:0.03917699115324436
so:0.00904257165827363
this:0.009291724572945468
certain:0.02917092913062397
you:0.004918575127510813
am:0.01446315359912713
a:0.0024716887183122037
as:0.014161312570212714
given:0.024670686364436114
therefore:0.030379871863317396
died:0.035895601957117926
are:0.01137896250621638
those:0.03284806467765593
it:0.003034118847256389
made:0.02058035001697346
theology:0.0475857724235969
his:0.016322380898276607
which:0.022865351018009163
writes:0.0058518795665271
were:0.02745669553048317
of:0.005162139439798371
wear:0.04337573433550202
find:0.018729617147552124
who:0.011442945789680073
sounds:0.03152835896956494
one:0.008701866440492234
clothes:0.3098637460507201
in:0.004717160227287358
our:0.03946505173416626
brother:0.04100543583787267
and:0.005068107272001635
for:0.005758386954196
subject:0.00023625625568157783
i:0.0016893690906672118
athos.rutgers.edu:0.07392342857360355
refused:0.044593622635290056
the:0.00667038061937215
when:0.011572340202156955
sins:0.04550991182945678
put:0.02201291415528123
kingdom:0.043896446725085504
jesus:0.06147255610075763
many:0.016400009093611445
is:0.004755267732578122
chose:0.04437864305503302
provided:0.03573420737703136
marriage:0.04559073026806982
man:0.051292908651242454
article:0.014342174872860195
main:0.032906345235635646
s:0.00549058655624795
