at:0.00603400693461939
there:0.0062861574354599135
know:0.008451199490810286
800:0.03287448825754648
true:0.035387408111751326
where:0.012653813686532614
hell:0.04675864280112185
fred:0.031737083901915146
mentioned:0.024076463142409847
from:0.005798440098836819
wrote:0.017640924484197677
my:0.00650831685842672
to:0.0037758881098378925
remember:0.038118137486592214
city:0.02520401094853693
perhaps:0.019783983134520858
that:0.014256354469910006
like:0.007976979887045706
nt:0.0048909489844002636
re:0.002561236320398428
anyone:0.011458320203023226
this:0.0035957701258316366
la:0.02985139362349574
he:0.021782646678359385
something:0.013634666555914539
m:0.009375443233671727
sure:0.014945506987391804
a:0.0047825483761862846
vision:0.03265703141977538
was:0.0060648022883656545
worked:0.026329889319002393
said:0.015010307045639945
definitely:0.029149669480279337
gold:0.10623845687792725
dixon:0.0451027661952024
mind:0.020751067143905046
book:0.042598609735392784
it:0.0046966497224653694
not:0.012388561820054073
ones:0.023237191646416824
have:0.003501716528408581
made:0.015928627067931515
being:0.013327424177569507
only:0.009133809851159497
hurt:0.0308930247209292
peace:0.026381067502829116
real:0.017517766123275668
second:0.018833532716796345
war:0.04844965911743859
regarding:0.027102714870348474
his:0.025266151253496665
be:0.007924126810102346
predictions:0.07161616281753114
were:0.01062536505118013
if:0.004590071368242529
of:0.0039953544979261365
tend:0.02917537050506393
sense:0.022509055112075276
york:0.025775117859078375
who:0.008856526535848275
up:0.009201783358577976
now:0.011314482177248248
david:0.017098939995510234
called:0.018371606136005025
in:0.0012169842595513047
or:0.004618571628103324
better:0.01531654706370824
and:0.001307525392091746
subject:0.000182855869123413
half:0.02590166769584257
i:0.005230101568366984
we:0.009231122641876506
walker:0.03337867878729474
any:0.007008816892389091
pretty:0.01971246614328511
than:0.019597277838622754
the:0.0020650767396960357
do:0.0049199857459349084
when:0.008956674266052985
less:0.018827846278056695
would:0.006388011274687507
can:0.005921684879710365
because:0.012087139033524067
did:0.0112596646811162
forget:0.02629598174941434
come:0.03289306403382751
bought:0.025089614718277125
problem:0.014490173233188932
makes:0.019129985494876534
people:0.020620180001001607
warning:0.029384526147941202
about:0.006746686166588161
is:0.005520670415561587
stuck:0.032571945666360604
new:0.011808216197832512
time:0.010818561437696668
does:0.008345813796832365
lot:0.016976393070310895
prophecies:0.042686181437512384
too:0.013373410053866414
prediction:0.0778659906734433
credibility:0.040762192495961684
while:0.014865359629304947
buying:0.027474095378339152
s:0.008499127135013948
