some:0.005723219976143893
at:0.008636911886808147
out:0.005775377936668921
know:0.006048407478717165
all:0.0046768030914033885
chris:0.018807584524114216
your:0.006176138344025797
simpler:0.0293772196118185
from:0.004149863992304782
kids:0.043101598341712975
learning:0.024352466075097456
post:0.025319390239521376
my:0.013973739137210313
to:0.0027023512942957466
sharing:0.026957328336604653
everyone:0.014987807634868153
day:0.012467171743935647
perhaps:0.014159125184510025
that:0.011903590088437931
considering:0.019634166447819082
think:0.007057588370238016
counter:0.02647278993152312
could:0.029590375594628574
consider:0.015786098424368594
me:0.005311709217669337
anything:0.034135899269403
re:0.0018330416802851497
behavior:0.020825436386858794
exactly:0.015766581633686313
this:0.005146886650700186
getting:0.013295105746199442
two:0.009141124669869173
you:0.002724504850042754
am:0.016022905457856524
great:0.012359072003591553
them:0.014371168348355303
fun:0.02017770909281292
sin:0.2532803609119116
a:0.008214730152037619
how:0.01934357348866359
same:0.019040130887535416
christian:0.015714913584493017
want:0.009277441018196969
as:0.003922128236357934
bring:0.01859493601612292
wise:0.023991865255602277
implies:0.025436961040997595
are:0.006303052760796329
proper:0.02013003973059726
action:0.018048495494244886
it:0.006722655485097489
not:0.01477720609254816
examples:0.021508721995898684
should:0.008053000697222939
strict:0.027941008216321082
only:0.006536942344457287
christopher:0.023721343610664577
anger:0.026247372709749476
love:0.048120844708550714
be:0.005671188795465405
writes:0.003241482308909619
if:0.0032850510772716142
of:0.0019062802506444965
what:0.009023942186241482
never:0.010803623680695394
excellent:0.01909345790853131
they:0.004573135414253645
in:0.001741957861710691
or:0.009916344966221843
and:0.0037431119067724496
subject:0.00013086743574518774
feedback:0.027152133869200307
austin.ibm.com:0.025579056809984124
i:0.008422001790238012
athos.rutgers.edu:0.020473890756904905
person:0.013750953132714955
committing:0.02948264218643107
the:0.0014779470784099078
do:0.0035211662691494935
when:0.0064101688374692935
closer:0.022849592412887
can:0.0042380685903809475
because:0.017301199008769745
neighbor:0.024823416222595606
an:0.00880292292707585
just:0.005756806683656303
commandments:0.029172941688286304
satisfied:0.026589508797668797
imply:0.0704888881657573
loving:0.025579056809984124
interested:0.014103314781445685
definition:0.039948817713012355
is:0.014487249489202466
having:0.012827898982452752
time:0.007742695930900557
does:0.029864921920037382
too:0.00957116601894361
every:0.011922296700673511
article:0.011916660004655896
opinions:0.013998088997647266
realize:0.01918387872123107
teach:0.024097287830214843
sometimes:0.03435790514037108
god:0.02601155129191397
