apostle:0.09615970231886088
basically:0.03065786365818661
recorded:0.04237702964628465
there:0.007170148324821464
all:0.00745365492692415
testament:0.11791209485504567
true:0.020181881188733177
means:0.022145275159677756
secondly:0.041744458845240376
text:0.028254404165887245
christ:0.028999014945608532
hayes:0.04348776783988264
to:0.003230154281462885
remember:0.021739250285322125
most:0.014504652062242484
perhaps:0.022566105762812854
interpretation:0.03663913131268167
make:0.02750125755233912
that:0.0054203847724137
church:0.058551185001387625
suppose:0.03011046082524351
writings:0.1630664871636488
re:0.0029214101779544573
churches:0.040921329816663604
foundation:0.03887160900051133
mean:0.020651734818983285
he:0.024845831367503676
these:0.01294246853983549
them:0.011452024777595632
bible:0.02811666798326013
came:0.02358380259748396
a:0.0032730565449524884
as:0.006250891876695456
old:0.020686820955799406
prophet:0.04316884600769314
coming:0.02716117152179371
steve:0.025055889428393645
witnesses:0.041079163467581725
lets:0.03620011132562197
are:0.005022745168759574
ot:0.03905401028173783
doctrine:0.036961817298160074
have:0.003994145415216038
after:0.015071981934882432
quit:0.039304031618348556
personal:0.02620230836871653
be:0.00903845714277299
aaron:0.03949694265421084
writes:0.010332224859649412
were:0.024239114023004674
of:0.004557201224197
what:0.014381907859322363
seems:0.018410055385789673
well:0.013147405548073006
must:0.018105159589683572
who:0.02020395115990388
witness:0.078735614965434
up:0.031487352430134015
now:0.012905581233423783
one:0.015364232933994101
in:0.0013881226710507069
rather:0.020105341038381744
and:0.0029827923007092957
subject:0.00020856997571889294
than:0.01117657251733954
the:0.008244173546755267
see:0.013823326261024813
when:0.010216206584716687
did:0.012843055026898167
an:0.014029658415027136
apostles:0.13677579415520066
people:0.01175994640682123
is:0.006297014692749936
new:0.02693749320130542
does:0.009519443862011916
2:0.015221949625745381
answer:0.023720867516631692
prophets:0.13146079448258843
built:0.028847637766209012
appear:0.030849199752001424
s:0.004847158444187643
