go:0.007259075566395996
at:0.003287182882292653
know:0.004604011662904111
take:0.007931899740058595
with:0.004364383408877219
way:0.019392233054625483
floor:0.018342711631954584
interpreted:0.020330788238241023
ca:0.007673688791389258
into:0.006682104115605919
from:0.006317703391269967
name:0.030920513124965496
my:0.007091151203957472
christ:0.013850275794917507
to:0.007199547851220758
remember:0.010382925509407582
then:0.017864332273609736
us:0.015372211837201463
prayer:0.039630603801252065
been:0.005474777564259101
that:0.0038832607324754864
son:0.031844412681900865
like:0.004345668147420423
through:0.008841280947853832
nt:0.002664472207919547
me:0.004043241344793077
need:0.007168664147377747
re:0.0013953003835006363
started:0.012235988343242183
scott:0.014261481541684726
so:0.007625452219290448
believers:0.020424076679306014
baby:0.01862339603955752
this:0.005876669086247227
he:0.017799998591644422
on:0.0037836479495469396
you:0.0020738768261519473
subjects:0.02010728770995345
am:0.006098269987691663
etc:0.017330776025807727
them:0.010939247548748065
bible:0.05371542540085517
came:0.011263905718201293
why:0.0066407558960970385
more:0.004744100842614648
a:0.001563250887141487
how:0.009816141770366599
other:0.005146671596387727
same:0.0072466169795843745
sorry:0.011856032405741136
christian:0.011962098400136477
was:0.009911878366806555
as:0.0029855005978246954
granted:0.01756455957265213
given:0.01040219238500478
question:0.01629094092050078
spite:0.022206269046307486
died:0.015135085899829571
talked:0.03679436952824613
are:0.009595692262704859
no:0.004200543791725783
it:0.0025586226099997907
not:0.00674899263331304
should:0.006129896053109998
discussions:0.017909236140305172
have:0.013353560791170036
try:0.009091006240087286
left:0.010911959639927468
real:0.009543260649247192
doing:0.010002622780467594
feel:0.011366704045694693
leonard:0.06732603364961125
his:0.013764395832128781
intentionally:0.021151914673975356
be:0.004316875053264712
writes:0.0024673969814088146
things:0.008338529582612872
if:0.007501683803321745
of:0.001451049146012975
what:0.0034344854589426536
but:0.002482400083023919
treat:0.01800679315561981
savior:0.02287137438737584
accepting:0.019155112691077232
present:0.027048509573353013
excellent:0.014533826169180548
listened:0.022607876002249148
must:0.008647240401042899
they:0.006962086750057789
who:0.004824824157588986
up:0.005012911829673077
now:0.006163859693575538
one:0.0073381411028031526
in:0.003977903773757249
according:0.01283405300218738
our:0.016640115096868607
and:0.005698468872996863
still:0.007618317471005773
for:0.0012139882944480372
known:0.024305438415420582
subject:9.961551079111305e-05
space:0.011408629692213072
i:0.0049861602638722555
we:0.06034674204689417
back:0.007859540000252005
cae.wisc.edu:0.0223617641821305
will:0.012686253860857661
than:0.005338064485893512
the:0.00309376235443268
do:0.00536058148437684
gods:0.03616334424445461
around:0.00883281504908073
got:0.008254305304591694
can:0.0032259925090959455
sins:0.019188880734062
pray:0.07403430567066659
an:0.0033503661886631966
jesus:0.09071789529048374
people:0.011233381642336697
ourselves:0.01774441816152481
about:0.0036754335086637
discussion:0.025655760779777548
verses:0.019735908622837656
either:0.009341651892214023
today:0.010593754723128183
guys:0.014495058617504669
life:0.010411863258539962
2:0.00727018489587839
their:0.0056480732036631115
eternal:0.017208924573382262
first:0.014011603204410755
eventually:0.01581081468740685
dreams:0.020285004310659625
very:0.006504636163371072
before:0.015867121397183912
close:0.012966094090188583
answer:0.0113293695601823
says:0.00955606994189391
while:0.008098292932382546
god:0.03959967510112276
