say:0.02401955663629802
there:0.023234911027269555
andrew:0.04766402733129112
all:0.012076807982864445
testament:0.06368248160947614
scholars:0.07046119346208833
ca:0.02603226071002938
modern:0.05198136841825115
from:0.021432208972915836
name:0.034964968428231026
my:0.012028028624434193
recall:0.04950449639332939
been:0.018572663129385308
derived:0.06668847372174241
nt:0.018077938018289583
re:0.004733424085799627
had:0.019422892223824494
this:0.006645347321157203
these:0.020970075608847373
texts:0.0688149513323643
a:0.0035354534831554306
listserv:0.0788883859478077
copy:0.04324825246915623
are:0.02441435626333768
book:0.039363272287135105
not:0.007631772260455251
fifth:0.06337744931100703
academic:0.07081778684141359
peace:0.04875488424573482
centuries:0.06777802573150497
usually:0.04174368028084321
asked:0.04268735314858773
which:0.016353067500221745
of:0.01230636617504675
gospels:0.0792352084058851
biblical:0.05778462966190526
they:0.011809109170984097
find:0.02679046503384038
now:0.020910308833901825
david:0.031600572649930304
in:0.0022491101505631703
and:0.004832878664440378
for:0.004118340036861696
subject:0.00033793616319010504
fourth:0.06108633627476087
i:0.004832878664440378
the:0.006678824139143507
gospel:0.06521205721888468
collection:0.06091977824213415
william:0.05153999087836731
about:0.012468559244580651
is:0.0034009193277299227
translations:0.07533265954949882
recent:0.04807715301879773
new:0.02182277930232338
right:0.02455536194671265
goes:0.04079781260747692
under:0.030725613001337203
criticism:0.06897026896010879
clh:0.07613239248141694
s:0.007853623808304028
