tv:0.01698951146301194
read:0.010165933012995164
out:0.005283305377042421
ideas:0.03226003261918808
form:0.015306640916959173
all:0.004278331079131351
jayne:0.11882017179646336
paragraph:0.022243490941411037
means:0.01271118932932176
traditions:0.02633546407609377
faith:0.03358767820946002
watch:0.017238402872530714
with:0.005245088581072173
ca:0.00922219101386691
cup:0.019637975773522075
service:0.016334489813804226
from:0.01138886440937456
name:0.012386692851256731
to:0.006180265291887133
pointing:0.02294041517403001
important:0.014091342120956155
most:0.008325540197161604
speak:0.016078174056674412
encounter:0.025705051741469604
doctrines:0.025351774262307655
that:0.006222504492098238
indeed:0.01653920317715074
movement:0.021108977423635746
nt:0.006404291943699
need:0.00861525556725218
writings:0.023399675288057226
re:0.0016768632411577153
so:0.00458211030217453
this:0.0047083626759768515
parallel:0.020633871692651976
consistent:0.02090276615349304
rarely:0.02298027592477999
you:0.0024923721498148962
none:0.016244440504131364
a:0.0012524700680236727
christian:0.014375974758908412
basis:0.016713938462053806
idea:0.03729654208870973
underlying:0.02625164285182403
jack:0.01916930896304904
mind:0.013585900461928865
are:0.014415053399130616
no:0.010096374315538205
christians:0.04839004892878212
book:0.013944836370778804
place:0.012194742678548993
it:0.0046124048843942415
not:0.0027036323254527573
fuzzy:0.0271700034466492
deleted:0.01575506500896115
have:0.0022926036464020307
opportunity:0.020633871692651976
always:0.011914601336317074
command:0.01845853208490509
has:0.004774773425500228
love:0.029347241615977116
reject:0.022900905623885817
his:0.01654196449780499
be:0.0025939966687778984
which:0.00579323915927138
thinking:0.015621195219052267
assumptions:0.02427033006133506
writes:0.002965302201872477
recognize:0.0401535819506653
understood:0.021494369485522403
if:0.0030051588330197725
of:0.006975447015811252
style:0.02058666804697042
what:0.012382629188295488
but:0.0029833328352036332
participate:0.023488476307322606
must:0.010392199226365459
they:0.004183496074025756
who:0.005798443382214566
pope:0.02411296988280919
called:0.012028047066622125
clear:0.014788119920119342
one:0.01322839786245232
comment:0.017621512990505662
in:0.0023903098909572713
our:0.04999496464081599
frequent:0.02416481213572881
clearly:0.016298252809078047
or:0.003023818195977961
opposed:0.02007679097533265
and:0.009416528160086745
for:0.0029179270216329505
subject:0.00011971729547990268
i:0.001712096029106681
we:0.0664806410890299
mention:0.016926792889134182
lives:0.05236490381076197
program:0.012451270997238004
the:0.003380058340758085
when:0.01172802190891243
thank:0.016280243528114413
can:0.003876977544563737
examine:0.024011049474389656
refer:0.020097794783908555
mr:0.015143299005755218
just:0.005266316428098143
is:0.00963847988845431
living:0.016520201856632735
headed:0.02563213460751543
christianity:0.0344990880170584
events:0.018244613708415357
appropriate:0.01813456389264801
their:0.006787818917406789
first:0.008419528382919466
too:0.008755685506118818
cunyvm.bitnet:0.027273095456625426
every:0.010906495636490566
tea:0.027378613382231676
give:0.010597472068861016
live:0.013886494502007438
by:0.0044414146852787715
god:0.011897660232175896
dangerous:0.05656608609668996
s:0.00556445094938133
