okay:0.01729223347591364
at:0.003538012098210566
maintaining:0.021503871617626076
know:0.004955321789792376
returned:0.019073695589213936
extreme:0.0194613981074575
jayne:0.10641324622735472
happen:0.01358085231392496
case:0.009926149025328335
with:0.009394817297824053
way:0.006957320560427884
much:0.007016854897831049
someone:0.008849229376156705
from:0.006799777144017474
work:0.008132821140523307
post:0.010371798411370202
my:0.0076322430628939855
christ:0.014907124148746554
to:0.0038744554701348657
then:0.006409158031228125
young:0.015076528221181471
important:0.012619956999892459
most:0.01491241336519709
that:0.008359147600830766
think:0.005782120592484157
quite:0.010667467398029724
really:0.007836930695545887
nt:0.011471141393131542
re:0.001501769087462532
exactly:0.012917199410730955
so:0.00820731403522024
had:0.0061622830750286545
this:0.012650179237865518
off:0.008768905413479319
getting:0.010892375792067012
jon:0.033328259146331994
you:0.011160622277283571
serious:0.014445757578471767
them:0.02354793849850989
cloud:0.02308737285260615
state:0.010673547738717332
a:0.003365070182762398
other:0.005539389509365103
same:0.007799571688869929
christian:0.02574973792157892
was:0.0035560688116521508
said:0.008801224211499727
immediately:0.016958632677927236
wasted:0.02302099011384627
let:0.009257581296196082
fine:0.013008660955504257
course:0.009823902810843449
those:0.014906953046486425
likely:0.013278750220601316
it:0.004130788310120145
not:0.007263976006939336
should:0.006597639125435661
sex:0.0173720783375756
deleted:0.014109957819270427
have:0.008212861255383981
try:0.009784697479290732
ve:0.007329854212961583
energy:0.018416084459812253
hurt:0.036227964732977215
date:0.028737342889825886
develop:0.018094627802488814
feel:0.012234042908619186
love:0.01314143550273674
usually:0.013243978884283586
be:0.004646275157730693
judgement:0.020171963200465846
writes:0.0026556722530825796
if:0.0053827342952884275
end:0.010860375110745016
of:0.006247087086449434
gotten:0.01730807595901009
believing:0.059491874988947036
but:0.0026718201696803623
parts:0.014653393620146025
beyond:0.015684996776861873
they:0.014986660634662547
who:0.005192983430658025
witness:0.020237266497139663
up:0.005395423174105962
accept:0.014345831207480855
good:0.006506063660078309
become:0.013302099497169267
ended:0.01995141798923647
and:0.004599968849286625
still:0.008199634868391755
for:0.002613243878811839
subject:0.00010721669434545499
each:0.010224937338797651
however:0.019253806459412954
i:0.005366630324167729
away:0.011120416009332008
power:0.01085082441835559
possible:0.010349283626363783
than:0.005745386675580165
the:0.0021189843654310725
do:0.005769621838606399
when:0.021006818358935513
original:0.012394249049291081
start:0.01131551039310246
level:0.014138695432103408
would:0.007491161816099406
can:0.010416457740213415
gospel:0.020689769157798753
friends:0.01597041102645677
home:0.01176451024843915
because:0.007087238148170738
agree:0.012114679433592124
once:0.010775225682429342
quickly:0.017046901379609066
an:0.003606016620729866
relationship:0.05499982823241585
just:0.00943283986719587
people:0.02418109461964847
about:0.003955888274385026
is:0.007553045735882118
done:0.010637203017753808
time:0.006343413533749853
easier:0.016773790017705223
lot:0.009954029671748556
man:0.011638752364639352
their:0.012158101354069991
experience:0.013302099497169267
advice:0.031243831873359423
saved:0.018608892568994423
progress:0.020171963200465846
going:0.008746247727107158
feelings:0.06424386621691787
says:0.010285247969588625
emotional:0.021370730222779084
while:0.008716234963367559
especially:0.02510277676704692
beliefs:0.017486597093832715
s:0.00249171197130931
share:0.016389755099360866
