ask:0.01704422563951092
at:0.010303684356192175
there:0.0053671285706265925
bnr.ca:0.027292109180977797
jayne:0.07747631084974073
testament:0.029420561679231665
own:0.01325433120203506
your:0.014736049382236988
meaning:0.023075710730317497
from:0.009901429876376322
parents:0.026816403687095036
easter:0.10238188100506249
unto:0.032552247271958934
name:0.04846021940053072
my:0.005556808545791235
to:0.003223857684422996
besides:0.02368471809436777
clock:0.02508854279297904
t:0.045197772894744595
paris:0.03381670989458838
packages:0.028919652646608895
trivial:0.03324103695416
nt:0.004175897963289114
french:0.1461670560252176
re:0.004373573131908427
so:0.005975500569502456
deliberately:0.03186345758975786
this:0.009210218217042439
on:0.00592992778057649
resurrection:0.031581573953396
you:0.006500572975540606
hebrew:0.031936103905538894
used:0.011546570224192195
disclaimer:0.02195354109400109
am:0.01911504510761831
pascal:0.03288650700201711
more:0.007435198981407753
a:0.0008166690794423363
sorry:0.018581384121278504
was:0.02071254114857042
related:0.02253882447737526
part:0.014322936329902204
standard:0.01780143006118267
canadian:0.028378174361066065
patrick:0.026816403687095036
no:0.006583308398728127
phrase:0.0572437486800335
thread:0.02434460697955535
it:0.002005002513099251
have:0.0029897696675301334
being:0.011378970350439463
ve:0.010673296485540551
whether:0.01671028412211593
referring:0.027773977787802752
foods:0.03208416126217217
uses:0.019970731753429456
heard:0.01580495531824488
noticed:0.023720485503826463
writes:0.007734063052836986
of:0.005685397238764288
what:0.01076540471341089
trinity:0.034568858302904716
english:0.02583713675461772
double:0.02583713675461772
one:0.005750356185822353
in:0.005195312920891534
st:0.02243711837964503
or:0.003943341857912779
better:0.013077285797084228
and:0.004465466836149588
word:0.0717865851734133
for:0.007610499717241496
subject:0.0001561225549240836
however:0.014018122246765572
i:0.005581833545186986
athos.rutgers.edu:0.02442499248192164
we:0.00788154330826883
any:0.005984136060168463
catholic:0.027226401150177063
the:0.007493450976499357
strong:0.02111492623374567
home:0.017130778081060515
because:0.010320013443827566
watson:0.03480280762813103
myself:0.019490304456127972
jesus:0.02031110771750179
quebec:0.06149863068830948
religion:0.020769188672296563
is:0.007855924762884908
today:0.016603077577768143
new:0.010081868800488577
right:0.011344290022165493
mostly:0.023865783741174595
keep:0.015493652538748076
midway.uchicago.edu:0.0616185897545924
article:0.004738788773781292
s:0.0072565646883744825
roman:0.029864923708342324
