all:0.005514842951712666
perspective:0.028250134941732785
706:0.06833843664504863
fax:0.01768001930568433
with:0.003380505068147672
funny:0.026015989309573537
work:0.011705621179134703
post:0.014928195401336303
my:0.01098513596913643
creation:0.026241592453537323
single:0.018794373817990605
to:0.002389940740041903
direct:0.0230854082229721
that:0.006015687146262603
dirty:0.030886073596478426
think:0.008322242933691071
son:0.04933122889450539
really:0.01127974418029437
nt:0.012382865058770608
re:0.00216150579640561
eat:0.026099562044690473
michael:0.034736360712990626
so:0.011812839276126244
anyone:0.01934005490914903
phone:0.016978885122598663
this:0.009103741705862756
aisun3.ai.uga.edu:0.032591952503642004
best:0.014076162311915804
programs:0.020423018059505874
merely:0.023589878726825757
joke:0.05674712681376117
healthy:0.03016258722102174
on:0.0029306868510941613
you:0.009638132764313094
tell:0.013930780656777183
disclaimer:0.02169974293106466
assume:0.02006640783404148
education:0.025003742809574132
sexuality:0.03602417624206247
sin:0.024888821592499978
amateur:0.027452891339388847
a:0.004843366910449925
intelligence:0.026127690308570085
was:0.010236544902906191
as:0.013874812026884712
intercourse:0.03602417624206247
far:0.0143894686249792
business:0.020904992677650676
are:0.007432501521401451
internet:0.01651175689661622
it:0.01783640963965172
not:0.003485028951306155
should:0.01899204788709225
sex:0.025003742809574132
have:0.002955205856344814
mistake:0.02582556066379692
kind:0.031855799964890866
university:0.013585780934096263
after:0.011151524206155786
jokes:0.03587002452482455
u.s.a:0.029673816191957792
humor:0.06419238105633113
be:0.0066874133773118065
found:0.01545965609975143
writes:0.0038223259596390884
if:0.003873701848343406
of:0.006743604123667236
georgia:0.05556240231338039
what:0.005320474583795556
but:0.0038455677586728913
never:0.012739533126369135
oh:0.018668879677118343
well:0.00972756017429679
in:0.001027050299968153
substitute:0.03352629557622244
or:0.003897754090769279
and:0.0022069214710450278
for:0.003761258530775422
subject:0.0001543176698960595
i:0.003310382206567542
athos.rutgers.edu:0.02414262262663931
group:0.015590265519113555
athens:0.030950659149068745
we:0.015580854401317571
mention:0.02181892956229435
any:0.011829910592934187
catholic:0.026911645067516057
artificial:0.029778916302265257
will:0.006550897947417828
the:0.0017427815259862497
wrong:0.015279896282253529
do:0.004152126698881483
can:0.014992473857301387
because:0.010200706930026091
radio:0.02073612925299229
did:0.009502375973658758
mcovingt:0.0640350902811198
instead:0.03546513655011146
many:0.010712144668081465
is:0.0015530209646859184
lack:0.022424977219090095
does:0.014086575888295089
lot:0.014326898198065841
advice:0.02248472293776444
legitimate:0.026446486956402917
article:0.004684005088535266
give:0.013660325267953796
before:0.012290140272963261
opposite:0.027894916564775194
god:0.015336290357082224
covington:0.06342649220614383
s:0.010759010650682398
