displayed:0.05310500909367777
706:0.11822549539593415
ever:0.026434220568298607
fax:0.030586433398833896
though:0.0248554420161068
equally:0.04793244395271496
from:0.008465722544301757
both:0.02245704082308238
to:0.0013781991600908309
then:0.015958803497758033
important:0.031423692929732225
most:0.018565954639670378
impact:0.04793244395271496
that:0.0034690462543447683
think:0.014397480275285552
really:0.01951395743190926
nt:0.007140785517224385
rise:0.09920596959869324
re:0.0037394050277817052
michael:0.06009390403347378
so:0.0102181059738492
phone:0.02937347126209569
authorities:0.046557145966802785
he:0.031802664150404704
aisun3.ai.uga.edu:0.056384077831300665
programs:0.03533182124294516
amount:0.03718417011626828
something:0.019906613171635227
two:0.018647894326533115
these:0.016566359730989428
impressive:0.05258132923850461
amateur:0.04749350201714271
a:0.0027930082516927903
intelligence:0.04520090423382625
are:0.006429113816012255
internet:0.028565339431146062
christians:0.0359699363703947
it:0.0034285542973997198
have:0.015337518394429586
university:0.023503401015986535
facts:0.04050086794136889
doing:0.026807029051653154
u.s.a:0.05133570201208698
if:0.006701504197634093
of:0.005833217566972159
georgia:0.09612295600214807
even:0.01679159447766026
order:0.02804316861132492
must:0.023174604274794973
observed:0.05098168274157783
in:0.0017767970189449048
and:0.0019089870724539493
subject:0.000266969568920183
gained:0.058177487117858834
create:0.03802845691243619
i:0.0019089870724539493
athens:0.053544640327888936
body:0.035496811236745515
artificial:0.0515175252029189
the:0.006783777089901476
would:0.01865299292208752
nobody:0.040082896654584275
radio:0.03587350360767666
did:0.03287822086885931
mcovingt:0.11078070618633726
jesus:0.06946398839385612
done:0.026486635514206984
else:0.02526552225338057
lot:0.024785533882653907
2:0.01948409552095409
1:0.019585238919247086
dead:0.06862564269622272
jewish:0.038245071880247984
by:0.00990435474817166
covington:0.10972783151662883
roman:0.05106901954126537
