some:0.028947195251240187
say:0.0156821898699797
there:0.007584950294026012
philosopher:0.05026363873411133
all:0.007884858104514803
testament:0.04157781857147616
principles:0.0417133046026801
mb:0.0377271549032274
thanks:0.01647426979269556
consideration:0.04144451789436968
scholars:0.04600358911987585
into:0.01480003225605278
someone:0.01821039764184314
modern:0.03393824880199869
from:0.013992929825292159
work:0.016736136066035568
my:0.0235590312726521
to:0.003417022710969002
ccu.umanitoba.ca:0.09803433714203119
been:0.012125953613400325
that:0.002866980375491544
choices:0.04242620000998924
nt:0.00590147563406974
re:0.006180834756663976
had:0.012681061865141613
this:0.013016093513340968
on:0.004190155580489999
brain:0.03644114379311399
am:0.013506912038854261
philosophy:0.04044909514167657
came:0.024948154813867328
m:0.02262503656390202
a:0.0023082712823907356
was:0.007317860612408146
as:0.01322502744160361
listserv:0.05150564041220503
science:0.02794737376997781
based:0.02496614059421936
third:0.030188305757585833
are:0.005313317203315913
book:0.025699987691600607
it:0.002833515948264231
should:0.013576959853169254
academic:0.04623640628488987
whether:0.023615360205634914
university:0.01942429836031945
party:0.035079987136550896
which:0.010676796136508411
writes:0.005464978438161672
of:0.006427787952586402
presented:0.0377271549032274
looking:0.02143706897030284
biblical:0.0377271549032274
again:0.020180736678578663
they:0.015420159082772623
who:0.010686387390362383
david:0.0206317788375578
in:0.0029368545767684377
or:0.005572821964488308
opposed:0.037001027995861004
and:0.004733025799472602
still:0.01687362877875659
for:0.008066500733357207
subject:0.00022063600737205204
winnipeg:0.043125021398650924
dismiss:0.0485356073468505
i:0.004733025799472602
athos.rutgers.edu:0.034517964581889264
info:0.07302633370394374
information:0.02015554780565095
will:0.009366159875233756
the:0.0031146818594588966
canada:0.03074882308269956
thinks:0.03743714399569625
william:0.03365007668918196
put:0.020557514872287432
thought:0.022186664505716634
reality:0.03463315059712713
current:0.026134262179593536
biased:0.04304439185364791
is:0.004440869865961387
discussion:0.02841216483049745
recent:0.031389215607314225
new:0.014247930288293777
eating:0.0413133331905987
criticism:0.045030175602054495
useful:0.031688324108086266
john:0.022160978508940873
s:0.0051275725690580025
