another:0.12319474057714326
your:0.06999623456562569
to:0.007656662000504615
re:0.020774472376565028
silver.ucs.indiana.edu:0.3006824224265399
fisher:0.33413661144621876
deeds:0.32950429983849366
be:0.03213673650763729
subject:0.0014831642717787943
joseph:0.22689992381354177
would:0.05181386922802089
joe:0.22108162371794088
salvation:0.5831089502651603
dale:0.26810114253922823
guess:0.16645318127420297
saved:0.2574230138710895
by:0.055024193045398115
