corinthians:0.03839893574992242
some:0.007342999214675183
ask:0.01833058229154948
at:0.005540660455688246
out:0.007409918862141257
there:0.005772194877843695
know:0.015520441832179897
case:0.015544723945325509
take:0.013369491385759142
truly:0.027410713641700495
with:0.0036781596024499834
my:0.005976190322832084
to:0.005200751547512569
q:0.02669609083976515
add:0.021611449160073702
then:0.01003698333192329
normally:0.02676636317057097
perhaps:0.018166424765031733
sinful:0.11389505495756062
that:0.013090740582433086
bit:0.01713889432739434
like:0.014649547968662557
nt:0.008982120147452057
re:0.004703654122995856
so:0.006426481744559246
searching:0.033399376788476584
this:0.00990532902587583
off:0.01373243677959969
best:0.015315572829946127
knowing:0.027006442249218953
them:0.009219240072529817
sin:0.05416058032078612
more:0.007996346074344188
a:0.0035132179266575978
sorry:0.019983752734205187
as:0.010064329059333566
idea:0.017436328901011048
silver.ucs.indiana.edu:0.034039519519985656
possibilities:0.034922270197312213
question:0.027458944444617668
also:0.009330170639494128
fisher:0.07565357240291747
course:0.01538460251509446
are:0.012130403426438216
no:0.007080161862783081
those:0.0233448509973278
taking:0.02142735870535601
begin:0.026246663393336565
d:0.011458139763377582
care:0.019912056234427027
missed:0.027332906775017807
it:0.008625293829936402
have:0.003215412661305993
second:0.017293684129888468
has:0.006696694804317931
be:0.003638121114072147
which:0.016250218019088276
of:0.003668690293693182
but:0.008368342418244155
oh:0.020312680403405493
scripture:0.030186637016363437
they:0.017602257066183843
find:0.013310985771530757
sounds:0.022406946940634203
one:0.006184345331922155
in:0.003352447205556424
point:0.013846138121132457
or:0.0042409525641703485
and:0.004802483201142011
for:0.004092438527195899
subject:0.00016790538925797672
however:0.015076093737087504
i:0.003601862400856508
person:0.017642732321219188
we:0.016952753530993334
repent:0.03825094520017277
joseph:0.025686783827948128
the:0.0014221754905453829
do:0.013553168281254654
when:0.016448735130109887
judge:0.027436864648924794
would:0.005865721044681611
can:0.005437521965017065
sins:0.03234352224357621
joe:0.02502810834542727
jesus:0.021844021507501924
people:0.009467126667126525
about:0.012390140632979517
conscience:0.038106357035237556
is:0.0033795298979957724
verses:0.06653111334491185
time:0.009934024967947885
does:0.007663451662500159
dale:0.030351072740289996
warn:0.036478296444569076
1:0.02463552065314099
every:0.015296531615958467
change:0.018691881181826967
answer:0.019096044290118595
by:0.006229153929667712
john:0.016864644022527332
s:0.011706344921811666
