above:0.015921965088471022
b.c:0.034021922291145514
know:0.007215644009697671
all:0.005579344038867199
knows:0.020432522872170962
carter:0.058466822410087035
your:0.007368024691118494
c:0.03024675667168374
happiness:0.034021922291145514
such:0.011245714640162564
from:0.019802859752752644
wisdom:0.028418092285454364
ground:0.022672243645598483
to:0.004835786526634494
pride:0.03423459857284654
perhaps:0.01689158793941547
puts:0.02887617324024914
make:0.010292868323682477
that:0.0020286820200846596
through:0.013856510491373255
its:0.01209254126335772
brought:0.0226572680850039
re:0.0021867865659542136
happened:0.019721057887359245
so:0.005975500569502456
this:0.006140145478028292
on:0.002964963890288245
carpenter:0.03530080650731411
fall:0.022808777937978548
am:0.009557522553809155
seeing:0.023440290441277354
sure:0.012760491345960254
a:0.0040833453972116815
how:0.0076921812703457555
old:0.015484871826563298
part:0.014322936329902204
forever:0.02759728902408055
whole:0.01749658172530579
learn:0.02228078468258615
product:0.023338584343547124
are:0.0037597156818785114
it:0.012030015078595507
clever:0.03480280762813103
deleted:0.020546078929814835
fruit:0.0369399992859934
love:0.019135774503985077
sun:0.0424385064806882
writes:0.003867031526418493
seed:0.07140854718406625
down:0.013826699280427823
of:0.005685397238764288
sit:0.027226401150177063
what:0.016148107070116335
accepting:0.03002087836964151
who:0.030246850859271302
chance:0.021023728233991835
in:0.006234375505069841
heart:0.04644424108825283
force:0.020900608881957727
and:0.004465466836149588
for:0.003805249858620748
subject:0.0001561225549240836
programmed:0.03492338825504761
forth:0.02887617324024914
i:0.001116366709037397
soil:0.03517227488907566
athos.rutgers.edu:0.02442499248192164
hart:0.03381670989458838
we:0.01576308661653766
water:0.023977176694219594
the:0.006171077274764176
sky:0.02725916287853186
do:0.008401379168497036
thing:0.01323937096564302
when:0.022941656891995364
can:0.005055941476243938
law:0.017583866229496876
page:0.04917831266885715
eric:0.023321803978471375
put:0.029093091222769346
come:0.014042068271750925
shelf:0.03208416126217217
an:0.005250866307378577
pure:0.029516431911837962
just:0.006867769376993484
makes:0.03266640797955525
dirt:0.032552247271958934
hold:0.020291114695579062
is:0.007855924762884908
stuck:0.02780996530578157
refresh:0.03504650760708172
done:0.015489260534623966
itself:0.019666993219850173
lot:0.014494464258861934
food:0.02465192566567483
told:0.0181299401563107
atheist:0.053451471859149544
article:0.004738788773781292
by:0.011584040641136445
god:0.015515662174124121
everything:0.0180682016603699
s:0.010884847032561724
