apostle:0.17752560428097394
sent:0.03536233219509243
there:0.008824797938241803
all:0.009173729140829723
true:0.024839238386133142
means:0.027255723273449547
secondly:0.051377795501834314
with:0.005623340161437955
though:0.02389946347702577
someone:0.021187097256375194
christ:0.03569109531767204
to:0.003975574500262012
remember:0.026756000351165696
make:0.01692385080143946
that:0.013342485593633725
church:0.03603149846239238
nt:0.0068661399204080625
suppose:0.03705902870799201
could:0.014510664955058246
re:0.0035955817574824093
mean:0.0254175197772102
you:0.005344221052006941
them:0.028189599452543096
a:0.002685584857396914
silver.ucs.indiana.edu:0.05204118849690115
given:0.02680564960751232
fisher:0.05783133659646095
lets:0.04455398316999627
have:0.0049158712802658934
after:0.018550131612162995
quit:0.04837419276104438
personal:0.03224899491534342
be:0.016686382417427058
aaron:0.048611621728259495
writes:0.01271658444264543
were:0.04474913358093171
if:0.006443754036186628
of:0.0018696210150551795
what:0.02655121450951821
sense:0.031599250445797984
must:0.022283273341149015
they:0.008970381004882151
who:0.03729960214136101
witness:0.09690537226514954
thousands:0.0411401922615225
now:0.01588379228729081
called:0.02579090861400706
one:0.0189098251495312
in:0.003416917344124817
and:0.001835564492744182
subject:0.000256701508577099
however:0.02304902792497032
athos.rutgers.edu:0.04016032417700578
power:0.02597937769394752
actually:0.023503020452895047
will:0.010897166777916197
joseph:0.03927114066003608
the:0.0007247625096048586
see:0.017013324628953618
when:0.012573792719651308
did:0.04742051086854708
joe:0.03826412718195131
an:0.025900907843127024
apostles:0.11222629264016466
jesus:0.06679229653255396
people:0.014473780193010745
many:0.01781924064978936
is:0.010333562572717843
does:0.011716238599399282
dale:0.046402120824097205
article:0.007791662310736549
claiming:0.04434607486217737
answer:0.029194913866623623
appear:0.03796824584861714
