since:0.037052252285253356
read:0.04198153818329484
true:0.04783853318810827
became:0.08010458344548749
faith:0.06935233556212578
my:0.017596560395005578
to:0.005104441333669743
day:0.04709820436597911
that:0.006424159730268089
nt:0.01322367688374886
sometime:0.09645132248687772
re:0.006924824125521676
michael:0.11128500746939589
wait:0.06798888527981699
you:0.010292573877939293
books:0.06760625764900298
a:0.0025861187515673983
want:0.03504811051318855
silver.ucs.indiana.edu:0.10022747414217997
fisher:0.22275774096414583
course:0.045299107405555906
reasonable:0.0692279105575194
d:0.0337378559699451
it:0.01269834924962859
try:0.04511832726561838
has:0.019718045812713907
ancient:0.08491861167580095
of:0.0036007515845507157
oh:0.059809558965582835
in:0.0032903648498979715
recommend:0.08125517198450613
douglas:0.08352558535658636
and:0.010605483735855273
still:0.03780942744869532
subject:0.0004943880905929314
i:0.010605483735855273
any:0.03789952838106694
joseph:0.07563330793784726
the:0.001395838907387135
see:0.032766402989095854
joe:0.07369387457264696
may:0.0344634356933302
dale:0.08936704751307609
by:0.018341397681799373
s:0.011489560756592932
