some:0.010064973061494432
read:0.019543129843947602
all:0.008224722677985269
i.e:0.02978050859461554
from:0.02189411002836661
catholics:0.048353395671756665
to:0.008316719069513635
receive:0.110752209607901
t:0.02220925047414174
been:0.037945872083313084
that:0.008971671347443366
think:0.012411620926970304
church:0.032304102069731104
practice:0.10620331306142693
93:0.03156047841210691
apr:0.032131105836534474
prayers:0.05130413883112419
sunday:0.07703141370408392
children:0.028899800586366597
a:0.0012038828671089613
historically:0.051129977561145575
was:0.007633285638805048
orthodox:0.1376201334173791
as:0.0068975358639398136
steve:0.027647877989951608
africa:0.048479247390904534
also:0.012788768376547986
third:0.03148952583334384
travel:0.04410097055007493
are:0.005542339496562289
infants:0.052430174886443706
place:0.04688668305717975
it:0.002955650256379069
ones:0.029246810175662556
have:0.0176293314878501
only:0.011496002054045574
regarding:0.034112037681645495
04:0.05553364673154204
writes:0.005700537853599676
what:0.0079348457154882
but:0.011470400383627764
jurisdiction:0.1044639787690133
who:0.011147007536498691
david:0.0215210796495215
one:0.01695363634095901
in:0.004595164704167857
our:0.01922220192224477
and:0.004937035532208489
subject:0.000230146180103606
i:0.0032913570214723265
we:0.023236963891620173
don:0.03843625292872366
any:0.00882144195076558
will:0.019539747325918694
than:0.0123327696743057
the:0.0025991483103070794
do:0.006192395852642213
less:0.023697116867209288
7:0.02751317697354574
here:0.015520697462270656
about:0.008491518795878204
current:0.027260738997679463
south:0.03725551279878264
frequently:0.040232333361613824
is:0.006948430005793032
remark:0.04985049475840184
dc:0.15438359956893727
evening:0.04578018025317049
expected:0.03577041606653736
their:0.026097993423822654
every:0.04193359529202407
under:0.020925201957807234
before:0.01832926092433314
