apostle:0.028893056095807966
taken:0.015468926289946762
read:0.010643206863370525
activity:0.020954004924791426
rex:0.02925907272242633
violations:0.026133494288755766
perspective:0.022944945281313484
testament:0.023619324165016973
whom:0.03951465539297449
with:0.005491336871263355
way:0.008133205725570625
though:0.011669221603806007
someone:0.010344873777760657
such:0.00902824978153896
both:0.010543211654029286
unto:0.026133494288755766
my:0.004461099818452119
christ:0.03485327617875955
covering:0.025580522290368987
to:0.004529293014383012
pointing:0.024017429970932827
so-called:0.023543599367224093
death:0.015753128563551277
perhaps:0.013560852289389885
that:0.004885980639922209
quite:0.01247041963431644
church:0.017592844319665766
suggesting:0.025580522290368987
like:0.005467789030557151
seat:0.02328778629077306
covered:0.06503315110996946
re:0.003511178429841977
ps:0.021152874755022137
comments:0.017295798187930048
this:0.009858825133735568
age:0.01935581514513437
on:0.00476064624637831
you:0.002609384926801511
ala:0.02834008409742119
lord:0.019998141285161194
fnal.fnal.gov:0.02834008409742119
vs:0.032080863333928095
m:0.006426360150779681
sin:0.06064459345778164
more:0.005969103407609042
sure:0.010244338122813163
dealing:0.022127707453511548
was:0.0041570945262975854
as:0.0037564045080611193
old:0.012431516818508563
immediately:0.019824880454478323
blessed:0.07709369788808468
also:0.013929550532202501
speculation:0.025818286294212907
ie:0.019641399937847005
quoted:0.020975690116605012
judgment:0.027148626253401944
travel:0.024017429970932827
are:0.021128543057317272
concepts:0.02373525192365722
ot:0.02346907660123212
works:0.013967727669252302
it:0.0016096499048824976
not:0.008491690261633308
only:0.0062607335130013455
interesting:0.015342838318879871
tom:0.05346096089401064
whose:0.07028697559626233
has:0.004998941191955639
ex:0.025757706928786112
dealt:0.026541998406077967
his:0.017318582549345134
without:0.010550283966208896
be:0.00271578054994118
considered:0.01616358195874278
writes:0.0031045182676880862
were:0.007283114072639902
of:0.005477199593401089
even:0.007883377689042374
but:0.006246790819252678
biblical:0.02143185794972073
saying:0.014162230887156992
present:0.03403286650543947
seems:0.033189959005367295
scripture:0.022533686786862846
they:0.004379904340411942
up:0.012614651364811123
david:0.011720400184715934
in:0.0025025310125984575
rather:0.01208208287752518
and:0.0026887141865548584
for:0.004582378350874282
subject:0.00012533782578412345
i:0.0008962380621849528
away:0.012999922940486717
we:0.012654872354121783
back:0.009888998685763086
power:0.01268476657357062
unnecessary:0.02748411434721483
will:0.005320682370437955
cf:0.02661367667899247
the:0.006015869093809343
arbitrary:0.025299310358063497
around:0.011113588888045239
can:0.004058995269660626
law:0.01411662500114538
sins:0.09657502416391768
put:0.011678212673928542
individual:0.018129982118622313
moses:0.028553522473368405
makes:0.013112572217145419
during:0.013748213661044463
jesus:0.016306100561938056
people:0.007067010047291631
paul:0.015375692446521396
is:0.008829616846172055
distinction:0.04937214013005128
new:0.008093894670814774
else:0.01186174753679839
man:0.04081759632105914
under:0.011395884634298775
rom:0.023657649567078762
leave:0.016587709503730126
earth:0.016528334096684267
going:0.010224486779575975
by:0.009299863613306723
god:0.024912471659861265
millions:0.02235538045791817
