some:0.027152020351938467
know:0.028694770364146555
all:0.0221876239685184
to:0.006410228651585259
exactly:0.07479959658772112
93:0.08513989525126515
apr:0.08667926225669764
sin:0.40053638469790664
a:0.006495368027192535
how:0.030589837144863356
steve:0.07458497318219504
are:0.029902854958196536
examples:0.10204137877124027
briefly:0.1340828595026817
writes:0.01537819513994331
of:0.013565622248772464
short:0.08053436896793645
what:0.04281126060449447
glory:0.12452241936718357
they:0.02169580522111032
and:0.004439504819660347
subject:0.0006208594626050766
person:0.06523707997846165
committing:0.13987113967516135
the:0.0017529139767187279
when:0.030411033554505487
romans:0.12276167932681853
falling:0.1272942453500933
definition:0.09476231178435489
is:0.012496401250728553
does:0.02833694917064012
answer:0.07061095446811294
god:0.06170181934360988
