effective:0.02691976955736363
validity:0.03927904455959737
there:0.006118526570514316
help:0.014267284800278647
testament:0.033539440314324105
story:0.023967050186750695
faith:0.024966840802365286
document:0.030365555812176655
where:0.012316378654891746
atheists:0.08353347428817202
with:0.007797698357193965
former:0.026605986151643727
into:0.011938692686549244
led:0.02810319525886931
angels:0.03428413357819078
to:0.004593997200302769
most:0.012377303093113587
make:0.011733869888998025
that:0.004625395005793024
think:0.009598320183523702
quite:0.017707995880729344
reliable:0.030927291436294916
through:0.015796421960165515
nt:0.00952104735629918
could:0.010060727702173717
acknowledge:0.03810644011650628
re:0.002492936685187804
oakland:0.03758938522086711
tells:0.02951333333544409
this:0.003499882922476127
resurrection:0.03600299430687145
books:0.024338252753641074
tell:0.016066833690816355
a:0.0018620055011285268
historically:0.03954051598061925
capable:0.029251861914422212
also:0.009889980877863776
are:0.01285822763202451
book:0.020731323404557824
it:0.0022857028649331465
have:0.006816674841968705
university:0.015668934010657692
historical:0.030101494891543016
always:0.017713040653324717
war:0.023578834103820116
willing:0.023839332359864473
ancient:0.030570700203288347
talk:0.023063958450913517
be:0.003856408380916476
perfectly:0.02978547996557912
found:0.017830136701713316
writes:0.004408415940117083
were:0.010342021983148661
if:0.0044676694650893954
of:0.007777623422629546
miracles:0.040392738457351814
analogy:0.035261490072803284
reasons:0.02424349650530737
what:0.0061362806866442085
but:0.008870442963338804
understanding:0.026761031899405506
ministry:0.035847948559109666
they:0.006219464163384958
talks:0.0319123639811515
who:0.008620352494892323
in:0.00118453134596327
fear:0.028705107570016646
or:0.004495409718020569
and:0.007635948289815797
subject:0.00017797971261345532
i:0.006363290241513164
vela.acs.oakland.edu:0.03855104927983076
rochester:0.03729736773647783
we:0.008984959371426467
possible:0.017179810819763882
any:0.006821915108592049
alan:0.02933788461332826
the:0.004020016053274949
wrong:0.01762281371219907
do:0.004788786126043311
gods:0.03230592085837945
would:0.006217664307362507
can:0.00576377328291809
convince:0.03150071060069519
simple:0.021994590379708273
an:0.023943950361646316
here:0.012002672704155974
jesus:0.02315466279795204
about:0.006566774535479144
is:0.003582301691875519
argument:0.07037482880279444
new:0.01149333043255698
christianity:0.051288644185360166
conversations:0.03632434165232396
alexia.lis.uiuc.edu:0.04054600191218314
their:0.010091224123878093
cobb:0.07830411318625215
existence:0.02712365904651083
him:0.03195353737817744
atheist:0.030467338959715245
very:0.01162161661188965
give:0.01575490847570671
by:0.006602903165447775
mike:0.021302746859718023
god:0.0176878548785015
s:0.004136241872373455
