at:0.012585214463634729
much:0.02495995527942759
isaiah:0.08827912509130552
christ:0.0530267701862556
to:0.011813135657921407
hudson:0.1598458617277621
view:0.048647839325494734
could:0.021558702218943675
its:0.029540350800488144
re:0.005342007182545293
this:0.007499749119591699
athena.cs.uga.edu:0.08033703853349894
regard:0.06558324249249148
rev:0.07571150886072898
jerusalem:0.07440530591844853
a:0.0019950058940662787
how:0.018790899960416062
also:0.02119281616685095
ot:0.0714130473723206
book:0.04442426443833819
not:0.008613000122513783
application:0.05271953868309898
have:0.007303580187823612
somewhat:0.061454812248037234
virgin:0.08033703853349894
be:0.008263732244821019
writes:0.009446605585965176
if:0.00957357742519156
end:0.0386319057510787
of:0.01666633590563474
but:0.009504046032148718
biblical:0.06521408204700736
double:0.06311643407199471
in:0.002538281455635578
tends:0.07426727861970943
and:0.0027271243892199276
for:0.004647840898743914
subject:0.0003813850984574042
example:0.04016227348225578
the:0.0075375300998905305
jr:0.06675166296404116
prophecy:0.16726046731305025
paul:0.04678603558727225
is:0.0038381803841523415
time:0.022564428141481623
revelation:0.075262706057395
does:0.017406983061964646
prophecies:0.1780623568536231
jewish:0.05463581697178283
apply:0.11427302815684781
