ability:0.029045577285930633
there:0.0066505723592546915
threatened:0.03994468885677321
faith:0.027137870437353568
where:0.0133873681031432
implications:0.04118998057363305
approach:0.02982791778937562
angels:0.037265362584989976
to:0.008988255391896722
been:0.010632176718995936
that:0.007541404900749496
think:0.010432956721221414
nt:0.00517448225885825
me:0.007852091886989454
re:0.0027097137882476125
oakland:0.04085802741398599
spiritual:0.03700653589946766
this:0.007608441135817667
these:0.012004608500716975
certain:0.02388634052000369
on:0.007347953988975216
am:0.011843017077546127
more:0.018426362693053998
burn:0.03531367465902197
a:0.0040478380459315795
same:0.014073140221221829
as:0.011595857394449542
removing:0.07376101755673432
acts:0.06346766083326699
question:0.031637479468798614
science:0.049009162698077036
role:0.031983730243236176
are:0.01863511251018045
caused:0.02885734912358817
religious:0.026604346413841434
it:0.0024844596357968983
should:0.011904435813286084
statement:0.02516811173690439
namely:0.038719498059353395
have:0.00370471458802647
being:0.014100028477718464
rely:0.036455913385134896
university:0.017031450011584445
against:0.018719426030129323
relate:0.04177944172909647
has:0.01543151411429784
without:0.016284133947844167
which:0.00936153864143129
writes:0.004791756456649003
if:0.00485616246205369
of:0.002817979500952734
trying:0.019538610312089828
in:0.0012875340716992064
our:0.016157792920147778
fear:0.031201203880452874
world:0.018269932527048383
use:0.012049127012661942
and:0.00414997189663902
subject:0.00019345620936245142
create:0.027556852835098688
i:0.00553329586218536
vela.acs.oakland.edu:0.04190331443459865
rochester:0.0405406171048672
we:0.029298780558999347
limited:0.028131123644186663
alan:0.03188900501448724
physical:0.061842772454706034
the:0.0027309891666270035
do:0.010410404621833284
thing:0.03281061500181096
when:0.009475901759737218
because:0.01278784274561242
people:0.01090777637734143
bush:0.03385953918465856
is:0.005840709280231824
scientists:0.036281293446156195
match:0.03468735215342554
time:0.022891448839184255
life:0.020220140241222536
goes:0.023355269536164323
attempting:0.036224009536684365
existence:0.02948223809403351
bad:0.019859427874973797
by:0.007177068658095406
especially:0.022647070344183635
god:0.1345815045103375
s:0.013487745236000399
