keys:0.027597497219059866
simply:0.021539741830164716
explains:0.03939862789064559
at:0.006203978960946698
corrupted:0.04220389296345757
i.e:0.02432773941531974
hell:0.024037893834379546
into:0.012611295091425256
times:0.01979208550347202
christ:0.026139957134069663
to:0.004852813943981799
look:0.01669836848081627
most:0.013074615943429844
matthew:0.09055504945397524
heaven:0.03066311743918554
interpretation:0.03302682259171306
that:0.009771961279844418
think:0.010139070616398276
church:0.13194633239749323
13:0.027730553200468046
re:0.0026333838223814828
afraid:0.031797353758672195
had:0.010805693561141798
this:0.003697059425150838
he:0.011198121179719966
fall:0.027466908643622057
messiah:0.03920024143313365
them:0.01032295191219888
m:0.009639540226169523
how:0.009263119698796651
sorry:0.022376173836187497
was:0.006235641789446377
as:0.005634606762091679
said:0.015433132596221354
rejected:0.036957609523848196
likely:0.023284569048800902
it:0.002414474857323746
not:0.012737535392449963
founded:0.03863656039317916
beware:0.040845416441454105
tom:0.08019144134101595
against:0.018192118254632725
always:0.018710958436610615
referring:0.033446128181086415
nonsense:0.037029105097538456
his:0.0259778738240177
be:0.00407367082491177
gates:0.042355345112900976
writes:0.0046567774015321296
of:0.01232369908515245
but:0.004685093114439509
phil:0.03120742500469009
they:0.013139713021235826
who:0.009106006156576396
in:0.0012512655062992288
and:0.004033071279832287
for:0.006873567526311422
subject:0.0001880067386761852
jews:0.026018535961995676
i:0.0026887141865548584
example:0.03959660765856204
away:0.019499884410730074
will:0.015962047111313864
the:0.008492991661848484
do:0.005058576893707723
century:0.03146353517490752
would:0.006567955254256169
refer:0.03156202983670146
an:0.006323226327899554
kingdom:0.06986335887231918
apostles:0.08219390446885298
jesus:0.04891830168581417
many:0.02610142292363512
is:0.0018920607527511543
revelation:0.03710133397195529
yeast:0.08050656362642171
1st:0.03169553627152269
their:0.021319487585657944
him:0.01687686833354442
teaching:0.03542898624752546
refers:0.11152293403633515
stands:0.03366553077108497
process:0.025468758684743433
by:0.006974897709980043
john:0.018883650701280605
