since:0.027408515389091524
comfort:0.08209524384672567
anyway:0.04176046331019909
saw:0.04653946004295143
your:0.017259345509332363
with:0.008011333928623935
interior:0.07663842685577635
my:0.01301663371685344
to:0.0018879440549189463
think:0.019722575719569247
nt:0.009781897968800527
re:0.005122472640796856
this:0.007191540251663273
ti:0.05189946652399538
generation:0.06354922897868817
athena.cs.uga.edu:0.15407103280397058
m:0.018750886467343453
a:0.0038260387009490275
christian:0.04391564892104898
was:0.024259209153462618
entering:0.07202921813493782
question:0.029903918949960334
no:0.015421174468253558
it:0.0046966497224653694
have:0.007003433056817162
talk:0.04739169544708256
be:0.007924126810102346
writes:0.009058388918048799
were:0.02125073010236026
of:0.002663569665284091
but:0.009113468797950825
secretary:0.06995756101543202
who:0.0354261061433931
one:0.0134700124352825
in:0.004867937038205219
ours:0.07533280795434724
rather:0.03525320072483374
and:0.002615050784183492
subject:0.000365711738246826
i:0.007845152352550476
athos.rutgers.edu:0.057214708416556175
we:0.018462245283753013
back:0.028854201644760786
reagan:0.07945272787241757
the:0.0051626918492400885
do:0.009839971491869817
see:0.02423816111522159
watt:0.0826909303116536
would:0.012776022549375014
fight:0.05835074101012786
last:0.0597304808783424
problem:0.028980346466377864
is:0.0036804469437077244
discussion:0.04709413622589303
living:0.05046582210998767
days:0.04079798115822154
silence:0.0735036107951072
late:0.05279642446070095
article:0.011100450415295903
realize:0.05360974327576902
james:0.04739169544708256
