some:0.007297105469583464
simply:0.019116520874271185
go:0.012158951573713295
studies:0.02636926810208559
your:0.007874576388632891
with:0.007310342209869342
concerning:0.028595264021610656
mary:0.02931130505014534
to:0.005168246850340615
grace:0.0634051972256921
most:0.011603721649793987
track:0.02843622236122838
been:0.01834050484026799
consistently:0.03382677252298574
that:0.0108407695448274
son:0.13334847810545988
earn:0.03745595500506859
nt:0.004462990948265241
saint:0.035826415864673264
re:0.0023371281423635658
effort:0.025389730542054397
tells:0.027668750001978833
so:0.0063863162336557505
he:0.06956832782901029
goal:0.02621328852724892
on:0.003168805157745562
you:0.0069474873676090235
performance:0.02369382020997885
spirit:0.028660031440582823
loved:0.03279987845241527
a:0.0008728150786539969
same:0.012138083440803828
want:0.011828737298201136
immoral:0.033258198909199954
are:0.020090980675038297
christians:0.02248121023149669
religious:0.02294624878193824
reason:0.0167013245250533
it:0.006428539307624474
not:0.0037681875535997807
university:0.014689625634991585
always:0.03321195122498385
after:0.012057585547905945
has:0.01996452138537283
love:0.04090271800226811
willing:0.022349374087372944
his:0.046110726037631417
be:0.003615382857109196
get:0.008214837345569515
dept:0.025645671814636246
of:0.0036457609793575994
trying:0.016852051394177475
but:0.004158020139065064
younger:0.035429457078908724
negative:0.030861410150516272
must:0.014484127671746859
who:0.016163160927923106
beginning:0.025313042463355556
now:0.010324464986739028
point:0.01375959975787538
brother:0.028960089060497574
and:0.003579350760851155
for:0.0020334303932004623
subject:0.00016685598057511437
example:0.017570994648486906
person:0.017532465244211568
we:0.03369359764284925
stan:0.06907015361230903
back:0.01316472950042211
water:0.025625607591947194
the:0.004710956312431581
wrong:0.01652138785518663
thing:0.01414957771953098
att:0.03830955209885453
would:0.0058290602881523506
thinks:0.028311840146745287
agree:0.018853469868527747
once:0.016768944968280665
an:0.005611863366010855
human:0.0200365148202286
people:0.009407957125456985
about:0.012312702254023394
is:0.013433631344533195
foolish:0.036705053056055696
oriented:0.034535076806154516
too:0.012203236674153104
him:0.014978220646020675
entitled:0.03261329743272976
saved:0.028960089060497574
by:0.012380443435214578
father:0.08118134355667594
god:0.016582363948595157
s:0.011633180266050343
