reference:0.05042747382457236
read:0.03063517651213408
know:0.016673988184571647
hell:0.13838030774926605
ca:0.027791197244490827
such:0.02598671896578106
my:0.012840733261220288
to:0.0018624312974200418
might:0.028744393728087108
been:0.01982757280028972
that:0.014063701031127439
view:0.09203645277796302
nt:0.019299420316822663
re:0.005053250037542845
state:0.03591504576946779
m:0.018497496109676652
a:0.0037743354752605273
was:0.011965691001370076
as:0.02162470703289239
minority:0.0670310605396576
are:0.008687991643259806
officially:0.07396827770343259
it:0.009266362965945189
only:0.018020759976611983
personal:0.04532291177291508
be:0.007817044015371234
writes:0.008935978256994086
of:0.01051030192247236
but:0.017980627628389468
fire:0.04860802212215501
find:0.02860063159018095
now:0.022323167538895194
indicating:0.08014969455530928
our:0.03013210031054586
and:0.0025797122600729047
subject:0.000360769687729977
however:0.03239322843509342
i:0.007739136780218714
eternity:0.08218784171388474
the:0.005092925743169277
did:0.022215014100580615
once:0.03625717830979603
descriptions:0.08157348530744207
human:0.043322194205899674
hold:0.04688892720194622
moderator:0.0770265631909392
having:0.03536339719486975
right:0.02621450802419324
inclined:0.077913012954261
somewhere:0.052425960255440364
lake:0.07190961926313504
s:0.03353709626248748
