know:0.039802423408332316
thanks:0.06430279499729558
to:0.008891607484456972
mail:0.09884888725276954
church:0.12087986580931638
anyone:0.053964991923915843
reply:0.11584504901145626
programs:0.11397361691272634
end:0.08723333556695191
of:0.006272276953733505
oregon:0.18944543512802936
min:0.18286171395565792
please:0.061787592158234025
good:0.05225838230191933
in:0.005731603286919048
or:0.021751982506551137
subject:0.0008611921578070418
summer:0.1451860048566523
i:0.0061580228143675786
any:0.06601853330895531
program:0.17913764079897257
currently:0.11609462909217086
the:0.0024314613225453322
during:0.09446353257427324
does:0.03930609078508146
belong:0.15834278933517232
by:0.03194953144571504
august:0.16125526826007877
