believe:0.04068673933202885
at:0.003299494428668281
all:0.003573287755229555
means:0.01061646149977061
faith:0.014026315057508586
blindly:0.022692549695141468
where:0.006919313851062778
i.e:0.012938348303278663
own:0.01697745794417974
your:0.004718847274087125
with:0.004380729414153912
from:0.0031706826008620808
wrote:0.0192926964396469
both:0.008410876712764937
my:0.007117709822698886
to:0.0036132562249572347
pride:0.02192552942305902
t:0.009648962752810644
been:0.005495282349143967
that:0.0064963413002711015
think:0.005392314709844776
quite:0.009948312292544574
like:0.004361944058084918
talking:0.012208581199858683
nt:0.0026744515045784216
absolutes:0.05057721310234245
its:0.007744661258554945
me:0.004058384570803538
re:0.002801052455267195
exactly:0.012046376978546847
phone:0.02200260019632636
this:0.003932452721883289
overwhelming:0.021657892853837506
on:0.003797818915650112
you:0.02081644155088846
numbers:0.013212518355800368
a:0.0036612467718819346
how:0.009852906346285575
contrary:0.01731365010278168
basis:0.013959581561940071
as:0.011986728992015257
truth:0.06732317468188398
therefore:0.012857398953389011
evidence:0.012051340953232497
stuff:0.010949125665444277
others:0.010098607577035191
are:0.004815815592518543
those:0.013901989919757005
christians:0.04041565884314011
hey:0.014434977474274044
it:0.0038523081993255275
not:0.0045161798395203364
expecting:0.020953577380043723
have:0.003829592607847587
being:0.007287655168258982
kind:0.010320324707726817
between:0.008699872082570807
absolute:0.03479103648880305
relate:0.021593868758858853
real:0.00957900319849531
b:0.01146407620417319
has:0.011963758133556752
bother:0.017174550676004686
his:0.013815947876443871
regardless:0.0169474921673289
without:0.008416518669672265
be:0.004333043124625254
if:0.005019853331561118
whatever:0.012378129508439561
of:0.006554177041541752
even:0.006288986695752905
what:0.010342046101085743
but:0.00747509238483607
least:0.009017462107514914
phil:0.03319441461173028
equal:0.01669889640349043
present:0.013574907426326981
seems:0.008825794342251229
scripture:0.017976311931092833
they:0.0034940809906657067
find:0.015853533615531015
who:0.014528683980155598
good:0.012134905253629208
in:0.005323736386351774
fully:0.015721548707407475
or:0.005051022155079291
and:0.005004835021414848
usenet:0.015296624077317423
word:0.01149391953619258
for:0.0012185350670864195
subject:9.998860259182883e-05
blind:0.0192268546861749
i:0.0014299528632613853
athos.rutgers.edu:0.03128594542628165
person:0.02101269242751948
we:0.025238649919737267
any:0.007665073155721403
revealed:0.0381236719956155
will:0.004244589306753874
the:0.0022584359849859266
behalf:0.021856806057260533
do:0.002690329284293995
see:0.006626912964086802
importance:0.01854963024082127
jr:0.01750043598308195
would:0.0034930698355969143
can:0.006476149756087741
holding:0.017253402395846756
because:0.013218893624678008
may:0.0069701330615724
an:0.006725828753271436
myself:0.012482554539317915
just:0.004398459039198075
here:0.006743074552896615
people:0.011275454232757434
arrogance:0.0816277340501662
about:0.022135195063412844
company:0.025214442244429588
arrogant:0.08298180238676948
mix:0.019329472567029264
andy.bgsu.edu:0.022289438593297402
hold:0.012995433007280973
is:0.007043851641328268
occur:0.017040432875642476
does:0.004563628518118072
experience:0.02481065748910223
atheist:0.017116482561637777
article:0.006069909215854689
difference:0.012011812160428414
opinions:0.010695169121797911
strategic:0.0223666643880642
offensive:0.01878197252890911
check:0.012394425335534417
god:0.00993699712275365
dean:0.018663999993106223
s:0.0023237313889738513
