since:0.016266842466696598
knows:0.028406190334481586
anyway:0.02478466521662223
take:0.01728251325476182
saw:0.027620980350694758
706:0.04805914446989193
with:0.004754694120240223
interior:0.04548459480058272
to:0.003361461366075197
us:0.016746962489308913
that:0.005640725616820762
think:0.01170526851649232
nt:0.005805516680670232
re:0.0030401666892534195
michael:0.04885683254753967
phone:0.023880870944793246
this:0.004268149905458691
ti:0.030802122408550108
he:0.012927912256262077
aisun3.ai.uga.edu:0.045840713683984284
generation:0.03771620906865234
programs:0.028725057921093634
athena.cs.uga.edu:0.045720265832072574
you:0.004518690970802617
bible:0.02925962196631949
m:0.011128574895252619
amateur:0.038612603265969686
a:0.0034061076240155977
same:0.015789376833565957
intelligence:0.036748702629127036
christian:0.02606375911574452
was:0.021596613026863064
as:0.013009986344992171
coming:0.02826528418528126
said:0.017817112428157988
entering:0.04274904816138587
question:0.017747854336155323
no:0.009152404359207398
place:0.022109167620458746
it:0.008362327554633463
have:0.004156509049980918
university:0.019108456110558163
second:0.022355250216685097
u.s.a:0.041736343099257715
scientist:0.040084922900690906
heard:0.021972742759511176
without:0.0182700039414837
be:0.004702937049898141
writes:0.005376117000142784
were:0.0126122219306691
of:0.0031616355376542873
georgia:0.07814874471719356
but:0.010817613369925372
associate:0.04026627052275837
secretary:0.04151952808232958
who:0.021025249987542252
one:0.007994397624192054
in:0.0028891008438128537
ours:0.044709715289978455
rather:0.020922631324494827
and:0.0015520220101251621
subject:0.00021704843001640894
i:0.0062080880405006485
athos.rutgers.edu:0.03395669686511058
athens:0.0435322279088528
we:0.010957267526129839
reagan:0.04715487101371125
artificial:0.04188416683164138
actually:0.0198724725780576
research:0.025100255939323395
will:0.00921386459270963
the:0.005515265926749168
do:0.005839983080540624
thing:0.01840595475711347
see:0.01438525009277379
when:0.010631499535314927
watt:0.049076730997973286
would:0.007582517448003058
nobody:0.032587720857385594
radio:0.029165450087542004
mcovingt:0.09006561478564006
last:0.035449797594463386
problem:0.017199717821508816
just:0.009547874499722652
discussion:0.027950178410489364
living:0.029951260276659352
days:0.024213435971952624
late:0.03133446329781439
article:0.006588072197695944
realize:0.03181716470838324
says:0.020821355645752587
covington:0.08920961911921044
james:0.02812677859867502
