seemed:0.022805853493695648
comfort:0.03239433946384311
out:0.006368524859894378
there:0.004960967489606203
know:0.006669595273828659
where:0.00998625296342574
own:0.012251300732691867
your:0.006810444444223041
with:0.003161229063727283
into:0.009680021097202089
often:0.016796326423128144
both:0.036416822956349806
my:0.01027258660897623
christ:0.02006418331371834
to:0.0044698351138081
line:0.015263804047599938
everyone:0.016527095986557317
most:0.010035651156578583
think:0.007782421770424624
bit:0.014730184854355134
like:0.006295346289236072
me:0.005857236110294837
need:0.01038487562971479
brought:0.02094266401370631
re:0.0020213000150171383
effort:0.021958685874209207
michael:0.016241595684722644
balance:0.02710695494712828
aisun3.ai.uga.edu:0.03047787990881117
athena.cs.uga.edu:0.06079559672805326
bashing:0.03251058922179426
fall:0.02108270825618558
more:0.006872535274706626
a:0.009813272235677371
how:0.0071100702552925645
other:0.007455718853145464
christian:0.01732887768235987
was:0.00957255280109606
as:0.02162470703289239
belief:0.02226765027334407
deity:0.06600465712689367
wondered:0.03039779836402663
responsible:0.021139757919313634
others:0.01457474715172106
christians:0.019443208848862
lacking:0.0312576075241871
pagan:0.033402912196710204
recognized:0.027021153059796986
it:0.0037065451863780756
not:0.00325897301932954
have:0.0027635168278251506
being:0.03155357724202943
probably:0.012903911973130858
theology:0.029065904237115945
mother:0.04604977398637118
has:0.00575553769668406
provides:0.023881893973187192
usually:0.017825679687495207
talk:0.01870050685209204
personal:0.01812916470916603
deny:0.025944190732982632
without:0.012147083701635109
which:0.020949605392175965
writes:0.0035743913027976343
things:0.012079599611568917
if:0.0036224347014238343
of:0.006306181153483416
treat:0.026085516571384373
nature:0.020607649417620378
present:0.01959189342069894
sense:0.017763902953313464
well:0.009096583298126189
find:0.02288050527214476
who:0.01397894999171728
up:0.007261947947850728
in:0.0048021541052565
force:0.01931894118278255
world:0.013628382101257714
rather:0.01391072244817764
and:0.005159424520145809
for:0.0035172850044548542
subject:0.0001443078750919908
each:0.013762212958706029
i:0.006191309424174971
athos.rutgers.edu:0.022576614672478925
we:0.007285102193048487
back:0.011385712000365068
any:0.0055312825204800395
will:0.006125974837315051
ways:0.01928831557448159
the:0.004074340594535422
see:0.01912849471795866
less:0.014858732738358258
would:0.005041349438402033
gospel:0.027847310920496703
mcovingt:0.029940731401712776
fight:0.02302488699318559
just:0.006348046289004789
about:0.00532441178552363
is:0.005809137878717057
unlike:0.024929685327926738
right:0.010485803209677295
lack:0.020970384102176148
questions:0.01634689912024601
lot:0.04019275764754688
silence:0.0290041275029342
their:0.008182073613955211
article:0.004380177731441086
answer:0.016412275903399224
father:0.046807261149795144
god:0.04302451186662527
covington:0.029656170680169954
beliefs:0.023536014466834305
