at:0.007221024692249435
there:0.007522778570304488
form:0.02797853216788439
all:0.007820228120051568
706:0.04845307188357957
with:0.014381001068595425
from:0.006939116839591603
easter:0.33483910263131095
several:0.02310206042678194
to:0.0011296714426974025
front:0.028827466634147
derived:0.043183519868997135
quite:0.021772126082863948
like:0.009546221832038305
michael:0.0738859475821399
so:0.008375496699876394
phone:0.024076615788603026
aisun3.ai.uga.edu:0.04621645723877104
programs:0.028960509215528826
posts:0.032975553050562885
two:0.015285159284043537
on:0.004155810042944999
amateur:0.0389291000140514
a:0.0057233775649442415
intelligence:0.03704992150313627
was:0.007257878148372013
old:0.021704205592969872
related:0.03159130316091122
ph.d:0.04985164169530713
are:0.005269765422960865
play:0.02624523141623313
pagan:0.05065195701960153
it:0.005620580815409376
not:0.009883770632392867
have:0.012571736388876709
mistake:0.036621491760957935
university:0.019265082799988963
after:0.015813226948073373
u.s.a:0.04207844427220245
has:0.008727659622020911
worship:0.04178826454227691
scientist:0.040413487842499846
be:0.004741485714241569
were:0.012715600798953272
making:0.025201698285839375
if:0.010986072455137857
of:0.003187550583044896
georgia:0.07878930819848202
but:0.016359423497960907
associate:0.0405963219204859
english:0.10864304225507287
separate:0.03461229128527773
they:0.00764688216809626
who:0.010598794051097118
identified:0.044866004508639444
in:0.001456390999135168
origins:0.05065195701960153
clearly:0.02979106865921643
or:0.005527143095926929
and:0.003129487004022868
word:0.05030945108464621
subject:0.0002188275155083467
until:0.023452178076759377
athens:0.04388904944908929
artificial:0.042227479674523685
research:0.025305995742104733
the:0.0030891516802830036
do:0.005887851794315547
would:0.007644669230363738
radio:0.029404511153833333
did:0.013474680683958733
mcovingt:0.09080385752978465
may:0.015254307601965828
german:0.03848857316153754
is:0.004404469293289573
either:0.020521005796011134
east:0.033374256388450964
recent:0.031131926954795257
right:0.015900603227789342
their:0.01240724277525995
history:0.02722137380615476
nothing:0.02094144263525335
show:0.02467269401421994
words:0.05422719887717008
high:0.022928883816733782
covington:0.1349112682581502
