validity:0.046030130343278165
there:0.014340296649642929
k:0.029598914501966115
help:0.01671947437532654
faith:0.029258016565271817
atheists:0.06526052678763439
own:0.017706958090218713
former:0.03117889002145749
such:0.015023571902092176
led:0.03293343194398747
from:0.006613845737735747
often:0.024275940533427392
my:0.014847097833285958
to:0.005383590469104808
everyone:0.02388681841807112
tool:0.03672997535951854
cases:0.028748324988174936
think:0.011248031465066838
through:0.03702286396913792
esp:0.04157274863649994
nt:0.005578738685331551
could:0.011789915275984823
re:0.0029214101779544573
this:0.004101425299776711
on:0.0039610064471819525
you:0.0043421796047556395
books:0.02852138994567313
knowing:0.033547064981451664
seeing:0.031314763011393965
a:0.0032730565449524884
sorry:0.024823567849520504
was:0.006917665110167075
question:0.017054578776149253
logic:0.032443288657788845
are:0.015068235506278723
it:0.005357116089687062
ken:0.03223494297745946
have:0.003994145415216038
poor:0.03087075148980673
ancient:0.03582503930072853
knew:0.030328867678888746
be:0.00903845714277299
g:0.02761720282040236
writes:0.005166112429824706
were:0.012119557011502337
if:0.005235550154401635
of:0.007595335373661666
even:0.013118433185672075
explain:0.02808638693759847
excellent:0.030430198541721774
understanding:0.031360584257115826
who:0.01010197557995194
good:0.012656326963746087
one:0.015364232933994101
in:0.0027762453421014137
or:0.005268058263305354
and:0.0029827923007092957
subject:0.00020856997571889294
i:0.0059655846014185915
period:0.029617275262473562
vela.acs.oakland.edu:0.04517701087480167
athos.rutgers.edu:0.032630263393817194
everybody:0.031858666404188975
we:0.01052924926339039
possible:0.020132590804410797
any:0.015988863535762614
the:0.0023554781562157906
wrong:0.020651734818983285
do:0.005611858741457005
see:0.013823326261024813
when:0.020432413169433374
can:0.006754421815919636
convince:0.03691489523518967
nobody:0.031314763011393965
because:0.01378689296011339
an:0.014029658415027136
rules:0.0321837132856926
just:0.009174910652077234
here:0.014065632075182782
people:0.01175994640682123
is:0.0041980097951666235
today:0.022180673951549632
argument:0.10996067000436631
christianity:0.06010387990471894
count:0.033307582629178205
article:0.006330725627473445
useful:0.029955368883425298
opinions:0.02230945434000033
by:0.00773777714700911
god:0.020727954935743944
doubt:0.027188064835785685
everything:0.024137988155650415
s:0.004847158444187643
