go:0.006826078076470622
week:0.024195360030916376
out:0.004133954733615649
there:0.0032202771423759558
andrew:0.013212133891831573
form:0.011976775173620686
all:0.01004281926996096
testament:0.017652337007539
true:0.00906414313037841
where:0.006482304555206182
own:0.007952598721221036
your:0.008841629629342193
with:0.008208103533888384
way:0.012157002242431884
further:0.012448541758180304
much:0.012261030663578466
meaning:0.055381705752761995
times:0.01972263958942475
modern:0.02881774108801292
from:0.0029704289629128968
wrote:0.009037105174360916
easter:0.1433346334070875
name:0.019384087760212287
to:0.0014507359579903482
lies:0.015825900383353204
then:0.005599580174651941
value:0.013101237964058482
day:0.017847740601844717
make:0.006175720994209486
that:0.013389301332558754
nt:0.0025055387779734685
its:0.007255524758014632
re:0.0026241438791450565
so:0.007170600683402948
fallacy:0.02067318134715651
this:0.005526130930225463
sunday:0.031353136805872754
on:0.005336935002518841
resurrection:0.0378978887440752
demonstrates:0.02088168457687862
fall:0.01368526676278713
used:0.006927942134515318
lunar:0.019118074553854718
am:0.005734513532285494
bible:0.012627836848622094
came:0.010592023622729638
why:0.024978562528477282
more:0.008922238777689304
a:0.004900014476654018
how:0.004615308762207454
other:0.004839677150287406
was:0.0031068811722855636
idea:0.009727636123721952
following:0.01920922296870008
question:0.0076596002924459805
stuff:0.010257601939205692
nyx.cs.du.edu:0.016496269635152185
overall:0.01625829561291092
are:0.002255829409127107
daniel:0.030025122773321682
d:0.006392435867989598
reason:0.009376182189503606
it:0.008421010555016855
not:0.012692842285809787
deleted:0.012327647357888901
have:0.0017938618005180803
bound:0.017827812167450094
term:0.027352138904662864
stay:0.013855079186863798
between:0.008150406477355808
after:0.01353834166782422
connection:0.015107951352640338
calendar:0.04318751542741822
has:0.007472101571133692
netcom.com:0.011294860262179436
call:0.00932265297543406
be:0.002029688621534987
which:0.004532955552693045
seek:0.01705085537127262
judgement:0.0176239257435649
if:0.0023514049816259976
jump:0.017404556069946182
of:0.00750472435516886
what:0.006459242828046535
but:0.0023343270956154745
biblical:0.016017493836107073
fact:0.016829944762307644
double:0.015502282052770633
commands:0.01697948805815991
highly:0.014654995489152986
up:0.004713896036324157
clouds:0.02159375771370911
observed:0.01788830973388696
beginning:0.014210830856620664
over:0.02111516581599324
one:0.006900427422986824
in:0.0031171877525349207
our:0.007823773413966293
origins:0.02168259212768908
or:0.002366005114747668
and:0.0033491001271121917
few:0.016039491234430082
word:0.02153597555202399
for:0.0034247248727586736
subject:9.367353295445017e-05
i:0.0006698200254224384
linked:0.02060634557532951
objection:0.02067318134715651
stan:0.019388113294683235
possible:0.00904200569461257
solar:0.01727410342699266
any:0.007180963272202157
actually:0.008576540796845911
the:0.006347393768328867
do:0.002520413750549111
see:0.006208371092670794
would:0.0032724548986118457
because:0.00619200806629654
needs:0.011752093202348586
an:0.0031505197844271466
just:0.008241323252392182
during:0.01027498073614902
people:0.00528166014060743
is:0.00942710971546189
discussion:0.012062708577158566
argument:0.024692922386945416
methods:0.015612185460240952
itself:0.011800195931910106
new:0.006049121280293147
keep:0.009296191523248846
does:0.01710159739421088
lot:0.008696678555317161
sabbath:0.02159375771370911
1st:0.015792161931776218
matter:0.010599659690879096
experience:0.011621834297526834
first:0.006587911682073829
whatsoever:0.018241085976770738
him:0.008408825625836168
falls:0.017351791587965338
occured:0.020413153374687312
very:0.006116640322047184
greek:0.016729566972937565
spring:0.016707705394865158
wide:0.01509416441179862
thus:0.011688965167987037
by:0.0034752121923409336
s:0.002176969406512345
