there:0.020395088568381056
testament:0.05589906719054017
your:0.01399924691312514
with:0.006498081964328304
from:0.009406358382557507
both:0.024952267581202645
except:0.03582623798893126
to:0.0015313324001009231
day:0.02825892261958747
that:0.007708991676321707
really:0.02168217492434362
rise:0.05511442755482958
re:0.004154894475313006
this:0.0058331382041268785
he:0.017668146750224836
narrow:0.06095990639812713
state:0.029530148743784627
a:0.003103342501880878
was:0.02951537113671285
also:0.016483301463106295
are:0.007143459795569173
christians:0.03996659596710523
not:0.013398000190576997
disagree:0.04720432247687994
only:0.014817069314103185
able:0.029305169179007436
real:0.028417709488869417
writes:0.0073473599001951375
get:0.01460415528101247
were:0.06894681322099107
of:0.010802254753652147
sense:0.036514689404033226
one:0.010925676753062472
in:0.007896875639755132
system:0.02483580365825028
and:0.00848438698868422
word:0.03409862795737132
subject:0.00029663285435575884
jews:0.08210293570229747
i:0.002121096747171055
athos.rutgers.edu:0.04640748571565112
becomes:0.04784184595002774
offense:0.05528406613406056
the:0.006700026755458249
when:0.014529716031597067
did:0.018265678260477394
claim:0.03628043383111096
jim:0.07525179437664155
documents:0.05391853128602553
problem:0.023506281022728715
capital:0.056743355045850416
new:0.0191555507209283
accounts:0.05536986664621513
widespread:0.059619595422698075
article:0.009003698670184456
greek:0.052976962080968956
numerous:0.05354688757416397
jewish:0.0849890486227733
by:0.011004838609079623
god:0.029479758130835833
roman:0.056743355045850416
