fast:0.02336777130837609
706:0.039672985032192666
incidentally:0.04022115973698641
way:0.011626663218433177
response:0.023567775520988873
such:0.012906155727971802
easter:0.15666489173929024
my:0.012754553843359748
to:0.0036998635170223644
intention:0.037358619352382404
that:0.004656437925294991
really:0.013096615726113597
clarify:0.03745248674818603
need:0.012893973097296887
michael:0.0403314792170965
so:0.006857789244194094
phone:0.019713739102077642
had:0.010298043528068021
aisun3.ai.uga.edu:0.037841662974027294
programs:0.023712631706674606
something:0.013360143068211563
am:0.021937400761092154
clarification:0.039941477210808096
knowing:0.05763791030370219
amateur:0.031874833568552155
a:0.005623506547032463
other:0.009257100589475912
intelligence:0.03033617733813842
was:0.005942692175177084
distinguish:0.03774223286808675
as:0.010739787385463334
ending:0.03847131904931357
deity:0.0819520910635928
are:0.01725936594902619
pagan:0.12442024341727624
it:0.004602086305234523
not:0.02023187948241493
have:0.0034312121687761934
being:0.013059086778021128
ve:0.012249219456559962
university:0.0157740946416017
between:0.015589703664740976
doing:0.05397388399661708
u.s.a:0.034453491283279854
worship:0.06843178891486956
scientist:0.03309023836768443
without:0.030163899124865702
intentionally:0.03804505458137849
be:0.003882290316358868
which:0.008670418339043744
presently:0.039542662308319494
understood:0.03216942547162078
of:0.010439762983395363
georgia:0.06451205100815306
gotten:0.02892423432076183
but:0.0044649880687947
associate:0.033239941438250195
aspects:0.0323437575951326
they:0.006261205533609018
who:0.008678207209623142
one:0.01979820619682461
email:0.018415427241395575
in:0.0035774436623051773
point:0.014775409135973562
or:0.009051160506081683
and:0.001281199377485872
subject:0.00017917420732898185
i:0.005124797509943488
athens:0.03593600022005969
artificial:0.03457552027041537
research:0.020720345506958237
the:0.001517623510045073
intended:0.027305697026688756
would:0.006259393598015947
can:0.005802456325085324
radio:0.0240761769179038
claim:0.021914356005369034
once:0.018006920771308093
mcovingt:0.07434946723915252
accused:0.036821419972023095
may:0.012490104211005576
people:0.010102504295792734
many:0.012437590789114722
is:0.007212687970219165
lot:0.01663458649842544
2:0.026153148350273943
matter:0.0202745168583929
1:0.026288911301002797
position:0.023106328571894038
covington:0.07364283994404619
favor:0.06391538305418215
