out:0.0072726981424719745
there:0.005665302380105848
know:0.0076165131213475415
help:0.013210448889146895
tried:0.019122617611337475
thanks:0.01230485583281582
with:0.0036100455357379463
from:0.010451509313952785
catholics:0.034623419122986256
to:0.0017014804445565812
then:0.049255566351105035
martin:0.028670391180587698
speak:0.13279380794957013
that:0.0021413865767560296
nt:0.03967103065124658
me:0.006688819014842868
need:0.011859271552452075
anyone:0.010326634257045624
this:0.0064812646712520865
came:0.1304388094280594
a:0.0051722375031347965
was:0.032794856818569834
following:0.016897001685430627
protestant:0.03726196242438712
jew:0.03125911672475002
no:0.0069490477542130235
whether:0.01763863324001126
left:0.018051883848768897
netcom.com:0.019870587498278636
were:0.009575946280693203
of:0.002400501056367144
germany:0.025955220575230163
but:0.008213373114202595
years:0.013764045820866625
lines:0.021809766199348865
groups:0.022714725916582666
they:0.04607010491396265
up:0.049757791494532765
net:0.020463842499373348
david:0.015410155798422802
one:0.01213964083673608
in:0.001096788283299324
accurate:0.027607792434526972
and:0.005891935408808485
for:0.01606661051417649
subject:0.0001647960301976438
jews:0.045612742056831926
i:0.012962257899378667
ago:0.017661516823238542
nazis:0.032394941681397796
source:0.019254740504319905
the:0.005118075993752829
quote:0.04981429521655048
because:0.054466737620201044
did:0.05073799516799275
homosexuals:0.030125035631241512
maybe:0.01634514248359459
an:0.005542581102232942
newsgroup:0.023729406423298453
trade:0.05208744316461351
is:0.0016584730054979252
homosexual:0.05966006306697255
time:0.009750061542615516
does:0.007521535890972378
communist:0.036251904252894505
first:0.011589844625870623
leaves:0.030761037025675068
by:0.006113799227266457
