king:0.16461386293638414
hmmm:0.09740986430038982
andrew:0.07383251292494114
know:0.02419362991486866
hell:0.13385807546987827
both:0.0440334133785929
to:0.0027023512942957466
that:0.006802051479107388
re:0.014664333442281198
math:0.09569128965217892
was:0.017361983021595796
also:0.02908817905254052
andrew.cmu.edu:0.07989763542602471
soul:0.16531291328746653
d:0.03572243573288305
it:0.006722655485097489
byler:0.11836152770099438
be:0.01134237759093081
writes:0.012965929235638477
of:0.007625121002577986
destroy:0.19364022055225896
but:0.013044769063733534
who:0.02535397792615389
in:0.006967831446842764
fear:0.08442678697063719
rather:0.050460463782605165
and:0.007486223813544899
for:0.006379389468864196
subject:0.000523469742980751
we:0.026426351092430782
body:0.06960159066028532
impossible:0.08071083637125168
eternity:0.11925294680053863
the:0.0014779470784099078
can:0.01695227436152379
thought:0.052638949121406126
here:0.035301978541635214
e:0.060997837177526014
is:0.005268090723346351
food:0.08265645664373326
him:0.046990496144378585
john:0.05257800783493815
s:0.012165417271686633
