since:0.015390935564643703
out:0.009062900762157385
say:0.014596499802058027
knows:0.026876626239547962
happen:0.026012555585902427
anyway:0.02345010632034257
take:0.01635191638719772
saw:0.02613369679334965
with:0.0044986721291503644
interior:0.04303542431132057
to:0.00318045960020961
us:0.015845202970653817
that:0.008005491356180235
think:0.011074984827142734
nt:0.00549291193632645
re:0.0028764654059859275
michael:0.023113040012874533
this:0.004038326449010915
sight:0.040767735540392536
ti:0.029143546586551255
he:0.01223179390400181
aisun3.ai.uga.edu:0.043372367562538976
generation:0.03568533627264798
athena.cs.uga.edu:0.04325840536419174
you:0.012826130524816659
bible:0.027684103860440745
m:0.010529343939354402
a:0.002148467885917531
same:0.014939179619450866
christian:0.024660325932589044
nor:0.026573376899810795
was:0.020433718479262748
as:0.012309448618723361
coming:0.026743307344535346
said:0.016857729451257172
entering:0.04044717633731124
question:0.016792200641131575
fox:0.08721097127115994
no:0.008659582586019307
place:0.020918673979357122
it:0.01318674729769123
should:0.012637016478719074
have:0.003932697024212714
second:0.021151505974248204
heard:0.020789595072460573
without:0.01728623449848073
be:0.0044497019779805485
writes:0.010173267554116345
were:0.011933102288248456
if:0.005155003228949302
of:0.0014956968120441434
but:0.010235126496160159
secretary:0.03928386118558875
find:0.01628035952056454
who:0.019893121142059204
david:0.019203424918034572
one:0.007563930059812481
in:0.005467067750599707
ours:0.04230226908205653
rape:0.03935163526006687
rather:0.01979602809932972
and:0.0014684515941953457
subject:0.00020536120686167922
i:0.005873806376781383
athos.rutgers.edu:0.06425651868320925
we:0.010367260813184384
reagan:0.04461576257451141
actually:0.018802416362316037
will:0.017435466844665914
the:0.004638480061471095
do:0.011051044906253795
thing:0.01741486488557659
see:0.013610659703162893
when:0.020118068351442094
watt:0.04643413779039011
would:0.007174228046956739
nobody:0.03083299742660329
mcovingt:0.042607963917822025
last:0.03354096233937689
problem:0.016273579169581418
just:0.01806751636101363
discussion:0.026445168803770704
living:0.028338500107916154
days:0.022909635573462865
does:0.009372990879519425
late:0.029647222966393612
article:0.012466659697178478
realize:0.03010393276254722
says:0.01970020572636591
covington:0.04220301212178032
everything:0.023766634491717332
james:0.02661225975105406
