above:0.014034309433652295
since:0.010313513522699389
read:0.011685582793288256
sentence:0.025529645743810718
there:0.004730819513284265
atheists:0.021529245950559796
former:0.020571638777044116
such:0.019824919623379365
from:0.008727549014744079
often:0.016017115403498487
to:0.0035520596909557494
everyone:0.031520750077454675
lunatic:0.03212465200967427
most:0.019140159422340597
tool:0.024234210546486456
cases:0.018967967002507174
day:0.013109809462695217
speak:0.01848161244658966
that:0.001788168172342664
think:0.007421381585198738
through:0.012213728319715601
esp:0.027429442399340167
could:0.007778913171783801
its:0.01065888946409366
consider:0.01659981483799584
writings:0.026897564892972996
re:0.0019275283648359305
so:0.01053412986994763
fallacy:0.0607407905560784
this:0.008118285129454934
on:0.002613447552779845
you:0.00572988648874971
books:0.018818236665186394
lord:0.02195672213267698
knowing:0.022134145967143366
seeing:0.02066128693535272
bill:0.031912514182388836
josh:0.026999640291406914
more:0.006553706318663535
a:0.004319084925298129
was:0.013692697950021428
as:0.008248599589866169
odd:0.025048937014498437
question:0.011252505584263425
also:0.007646892431337971
logic:0.04281176235254611
quoted:0.023030010282664267
are:0.00331397619382075
christians:0.018541204314636444
it:0.005301888088762453
not:0.006215567098721287
unfair:0.030782986554706914
only:0.006873898135408694
poor:0.02036833087987248
ancient:0.023637139332439442
knew:0.06003239787986226
be:0.008945277172228937
writes:0.0034085690258637232
were:0.015992817499714422
if:0.010363150821083649
of:0.0050113552980860475
even:0.008655461070958895
converted:0.02614647308275963
what:0.009489093845326094
accepting:0.026461702068086075
sense:0.016939804362695828
excellent:0.02007765676979581
they:0.0048088640438543485
who:0.006665221001205404
good:0.00835056624412113
one:0.005068612926678466
in:0.00457937376016728
context:0.021405881176273053
or:0.0034758322562014705
rather:0.013265379654190017
and:0.004920069774365848
subject:0.00013761317985576442
i:0.0019680279097463393
period:0.058623885055617775
athos.rutgers.edu:0.021529245950559796
any:0.01582402989106403
masses:0.02834688134364613
than:0.007374233413502377
the:0.005050922231885406
see:0.009120545161913279
when:0.013481179823131299
original:0.0159080825426468
liar:0.029897160488074653
because:0.009096506695332546
may:0.009592915089896036
last:0.011237951299275762
an:0.004628340920421323
rules:0.04246922990276961
makes:0.014396793207484403
people:0.01551827979456822
many:0.01910516523276385
about:0.005077402991349853
is:0.0069245522394501
logical:0.024264443120983355
readers:0.023452554524724438
today:0.02926934294637477
argument:0.05441352742484106
write:0.01677409239684285
mostly:0.021036335153303384
attributed:0.027717485999311595
matter:0.01557166500979661
told:0.015980514261490362
history:0.01711859589871588
him:0.012353171666821174
count:0.021976136992447475
article:0.004176973609879386
useful:0.019764367098342464
lewis:0.051294494351190205
by:0.015316012497172671
seem:0.028450644895832346
doubt:0.017938517005054472
