case:0.04493838376921374
thanks:0.03624339354393023
with:0.010633225032537224
someone:0.08012574962410982
my:0.017276622933278203
via:0.062149661429375364
to:0.010023266618842406
city:0.06690519269975258
nyc:0.1078377708562343
could:0.027438348278655586
me:0.01970161237099172
re:0.006798918232330373
started:0.05962263410888918
exactly:0.058479684604945605
suggest:0.06675272372927486
a:0.002539098410629809
wondering:0.06543515457922358
was:0.03219858669459584
files:0.06016930117432162
it:0.018701205258543924
sending:0.08254173626294467
if:0.01218455308660744
what:0.016735310963575112
reading:0.05975130993387255
york:0.06842122195318986
email:0.04988906652668983
in:0.006461080068890563
subject:0.00048539921621851447
i:0.013883542345119631
group:0.049038471541939
the:0.002740920036323829
needs:0.06089721023035176
jim:0.0615696499445249
cc:0.10278992109990194
just:0.02135251933574338
warning:0.15600512063997876
hold:0.06308692023534582
new:0.03134544663424631
else:0.045937313187964665
halat:0.23078519422016552
him:0.043573005515696504
