some:0.0052829722856712865
believe:0.009831094481132762
schism:0.09597979656490387
say:0.008586176354151782
there:0.004152846088584378
know:0.005583145364969692
posting:0.014928455008851768
all:0.012951147022347844
send:0.013273063895367525
document:0.04122021150974207
from:0.003830643685204415
easter:0.026406186503568158
my:0.004299612042218558
catholics:0.025380062886532915
via:0.015467110310478033
to:0.003118097647264323
within:0.014644571114582885
713:0.02525077160850551
apart:0.020844608324394047
us:0.018641415259592727
been:0.006639096774757644
that:0.0062788167499452825
think:0.006514696957142785
church:0.0339119985528399
really:0.008829844991814145
nt:0.006462249336854647
saint:0.02593767664410734
its:0.00935667219924964
consider:0.014571783160955627
me:0.004903116200925542
re:0.001692038474109369
so:0.00462357736373267
anyone:0.007569749998377336
had:0.00694302482209111
this:0.011877430732385045
discuss:0.020237386309472263
best:0.011018896289418255
26:0.019893045388482914
hi:0.014257993936716765
formal:0.025581202083686007
on:0.0022941575802682803
you:0.0025149275538856194
society:0.016815525875144108
am:0.00739518713439532
charter:0.051162404167372014
concerned:0.01821714589392683
them:0.0066328469300101405
posted:0.015445162554216723
m:0.006193731729032001
why:0.008053043349113153
sure:0.009873502353661556
a:0.0012638046387750182
orthodox:0.02407833405190947
as:0.0036204260643304003
truth:0.016267228633541197
blessed:0.02476765859752947
houston:0.022764326005197354
let:0.010430487523768439
oil:0.020279675279690535
considers:0.027022169192819648
l:0.014954572754540105
shell:0.021806424803958176
beside:0.027314198700229476
it:0.006205528140089991
not:0.0054561991726331666
should:0.007433539105128868
have:0.0023133511907133617
interesting:0.014787441456657977
whether:0.01292967685466889
larry:0.04112925824409951
hope:0.013069961708778487
real:0.01157282286877035
after:0.008729473699841409
has:0.004817984044735525
be:0.007852415255259792
which:0.011691333325950388
writes:0.002992137515916572
if:0.006064709681116827
of:0.0008798216541436139
lawrence:0.021462597170573913
what:0.004164896393649915
but:0.009030993967200139
reading:0.014870235503904936
understanding:0.018163596311813694
beyond:0.01767223618750501
please:0.008667037814050928
brief:0.02310815363858162
up:0.006079006200689524
net:0.015000644728047434
notion:0.0223767448080096
canon:0.02525077160850551
one:0.0044493706234191065
email:0.024831662072108063
in:0.005627863860911463
point:0.009961701182172222
or:0.012204732266119192
and:0.0008637950554090269
for:0.0029443336010142444
subject:0.00012080070991863483
i:0.007774155498681242
athos.rutgers.edu:0.01889897608329684
group:0.03661243350416261
we:0.006098388713637873
any:0.0046302591234787666
catholic:0.04213316377086225
information:0.011035390427528349
actually:0.011060244919009433
will:0.005128078483725269
the:0.0051159706560342955
do:0.006500614650737527
see:0.016012540827250465
can:0.003912063314197798
specific:0.016584417594888837
law:0.013605615951330164
may:0.008420929988415525
long:0.010770639118138393
people:0.006811190679063881
ourselves:0.02151811795153235
about:0.004457086788786749
company:0.01523134859561697
interested:0.026036888827284346
general:0.013341313860124668
is:0.008509992706944105
having:0.011841137522264079
issue:0.014169049807533272
itself:0.015217447242508508
provided:0.018271336803640473
center:0.014781134993089633
does:0.011027048093552266
matter:0.013669244397740012
pages:0.02034385914843242
x:0.013779004477584175
simon:0.048979942114730494
legitimate:0.02070245359030636
primarily:0.02149027240594693
article:0.0036666646168171993
wont:0.027022169192819648
tx:0.021435090174753178
s:0.005614807971547678
news:0.013886319077662529
roman:0.02310815363858162
