know:0.061693756282915097
anything:0.1160620575159702
anyone:0.08364573748206956
this:0.026249121918570952
hi:0.15755083300072026
aviation:0.3158369938952436
gene:0.2688596141933225
be:0.028923062856873568
what:0.046022105149831564
they:0.046645981225387184
and:0.009544935362269746
subject:0.001334847844600915
group:0.13485579674033227
appreciated:0.16923810595881217
info:0.14726977296961988
any:0.05116436331444037
do:0.035915895945324836
would:0.046632482305218804
about:0.04925080901609358
mission:0.22479964359017823
