looks:0.07283203136965724
say:0.04037329732484135
final:0.1641126977547487
perspective:0.10398453925361217
true:0.054963421109741416
from:0.036024351252347896
might:0.045257130550605235
measure:0.09824156869803896
that:0.02214284843198788
re:0.007956180910173841
he:0.03383262143660075
on:0.010787421813601913
bible:0.07657305323100631
a:0.005942570748282532
test:0.07608297561658874
as:0.017023705536532305
also:0.03156376875913971
athena.mit.edu:0.10398453925361217
book:0.06616379809965263
open:0.07031831018624177
aaron:0.10756614169657419
writes:0.014069412574841752
one:0.020921508676077075
in:0.0037804191892444783
context:0.08835619038716962
heart:0.16897798353385604
subject:0.0005680203594046446
kaufman:0.12796721289429655
the:0.008018649042436734
an:0.019104215714079505
jerry:0.10383522919704521
is:0.011432877740028251
questions:0.06434417738820238
life:0.05936977347422787
very:0.03709026578262654
says:0.05448993073250145
