okay:0.030537348478741108
characters:0.03591472985396811
pass:0.028789185958803514
own:0.016074401670553157
with:0.004147711892124449
way:0.024572664107043167
my:0.006739108236385115
to:0.010751908341134141
remember:0.01973492224483143
so-called:0.03556586287389171
that:0.0024603164924430977
think:0.010210978918642236
me:0.007685026102159891
re:0.0026520603033912803
anyone:0.011864643614477952
had:0.010882329685688901
this:0.007446559409523674
off:0.015485513815293265
child:0.028123153338591445
he:0.03383262143660075
something:0.014118165369954062
you:0.019709184021585884
am:0.03477311397236948
education:0.030678351106782444
a:0.010894713038517976
as:0.0056745685121774355
said:0.015542587437329307
character:0.03237578541340791
drive:0.020026976941886442
question:0.015482170803880172
mind:0.021486920588724374
no:0.007984012313351134
it:0.004863197584964141
sex:0.030678351106782444
have:0.025381236113713262
made:0.01649347199941845
probably:0.016930664645597223
interesting:0.02317747916256321
able:0.01870542713553666
regarding:0.028063804050148064
be:0.004102562107357952
kid:0.03591472985396811
asked:0.023917027650627167
which:0.009162356968209346
get:0.00932180124319945
if:0.0047528398564780795
of:0.004137033735441248
trying:0.01912289519906664
even:0.011908932253659757
what:0.006527958177281072
but:0.009436641450360429
they:0.006616451237643572
good:0.011489431569925525
one:0.006973836225359025
in:0.005040558918992638
parent:0.03830105777326749
point:0.031227460443405117
and:0.0013538915407474818
subject:0.0001893401198015482
create:0.02697053681733063
car:0.021692505956619784
i:0.006769457703737409
license:0.099538604863777
marks:0.0403135980082366
the:0.0032074596169746933
quote:0.02861672278397581
effect:0.024584208898031246
liberal:0.03476211333270729
moral:0.028469182871707983
an:0.006368071904693168
microsoft.com:0.039577450535317145
fish:0.03900209206147056
is:0.005716438870014126
keep:0.018790174355502988
tonight:0.034464494899380825
speech:0.067366669527862
dog:0.035287701787698224
movie:0.03597457998620828
by:0.014048730139250582
mike:0.04532499331854899
father:0.030706891179830147
