another:0.013859408314928618
read:0.028337538273724025
out:0.0073636068692528745
there:0.005736118659857172
knows:0.02183725881963272
wonder:0.023064798173855806
arguments:0.0259970039698897
my:0.005938839133314383
to:0.004306872375283846
building:0.023752922305241574
us:0.012874227413656226
direct:0.024961097641088587
that:0.00867261563586192
think:0.008998425172053471
appears:0.024376881421214577
like:0.029115976587716832
nt:0.008925981896530481
attention:0.026529240272016613
re:0.0023371281423635658
so:0.0063863162336557505
on:0.003168805157745562
you:0.0069474873676090235
books:0.022817111956538506
m:0.00855509195072545
more:0.007946368911379537
sure:0.013637775125995023
a:0.0026184452359619905
other:0.008620674923949443
was:0.03320479252880196
old:0.016549456764639526
part:0.030615276405165967
blood:0.026104210715053755
also:0.01854371414599458
evidence:0.04022135043141346
no:0.007035910851140687
sake:0.03114554998849601
those:0.011599472839297251
early:0.021892131867458007
book:0.01943561569177296
d:0.034159579169569416
it:0.00428569287174965
have:0.0031953163321728306
made:0.014534872199487509
stay:0.02467935980160114
doing:0.01675439315728322
careful:0.028758458671633694
crowd:0.033465400204930586
his:0.011527681509407854
be:0.003615382857109196
which:0.01614865415646897
claims:0.02347703547255454
summarize:0.035826415864673264
found:0.016715753157856235
writes:0.0041328899438597645
were:0.00969564560920187
if:0.0041884401235213085
of:0.007291521958715199
what:0.0057527631437289456
but:0.012474060417195192
nature:0.023827594639123564
lazarus:0.12017087246317287
one:0.00614569317359764
tim:0.02548693312335118
in:0.005552490684202827
for:0.0061002911796013875
subject:0.00016685598057511437
i:0.010738052282553465
athos.rutgers.edu:0.026104210715053755
top:0.02113520141354572
similar:0.03955947859833377
pay:0.02083026288748677
normal:0.023577266715740897
than:0.008941258013871632
the:0.0037687650499452652
do:0.0044894869931656044
see:0.011058661008819852
did:0.010274444021518534
come:0.015007460465433803
an:0.005611863366010855
jesus:0.06512248911924011
about:0.012312702254023394
is:0.0016792039180666494
argument:0.021992134000873263
tomb:0.04249111227998506
smell:0.03706923373183054
smith:0.07383259789624617
guess:0.018725982893347835
dead:0.0214455133425696
article:0.005064580501978756
holy:0.056623680293490575
going:0.013611348025310516
somewhere:0.024247006618141168
by:0.006190221717607289
happy:0.023738094303031382
while:0.013564640661740766
s:0.0038777267553501147
