some:0.011675368751333542
since:0.020008216234036813
correct:0.032722174401814484
there:0.009177789855771475
testament:0.050309160471486154
your:0.012599322221812625
text:0.03616563733233567
with:0.005848273767895473
both:0.02245704082308238
except:0.032243614190038135
to:0.0027563983201816617
day:0.02543303035762872
that:0.0034690462543447683
really:0.01951395743190926
me:0.021671773608090895
rise:0.04960298479934662
re:0.0037394050277817052
this:0.00524982438371419
he:0.015901332075202352
texts:0.0543638115525678
narrow:0.05486391575831442
was:0.008854611341013856
as:0.01600228320434037
far:0.024893780721214016
are:0.006429113816012255
judaism:0.05800049134686483
it:0.0068571085947994395
not:0.012058200171519299
disagree:0.04248389022919194
only:0.026670724765385734
second:0.027496957766522667
mt:0.11160841050959436
feel:0.030462766842461776
free:0.028875077941247357
be:0.005784612571374713
which:0.025837846650350355
found:0.05349041010513995
writes:0.006612623910175624
were:0.015513032974722991
of:0.005833217566972159
sense:0.032863220463629904
understanding:0.040141547849108256
please:0.01915415356905255
in:0.010660782113669429
and:0.005726961217361847
word:0.03068876516163419
for:0.00325348862912074
subject:0.000266969568920183
however:0.02397098904196913
jews:0.03694632106603386
i:0.0038179741449078986
athos.rutgers.edu:0.04176673714408601
the:0.0037687650499452652
see:0.017693857614111762
can:0.017291319848754268
did:0.016439110434429655
claim:0.03265239044799986
jim:0.06772661493897739
documents:0.048526678157422974
makes:0.027929778822519742
is:0.005373452537813278
new:0.01723999564883547
temple:0.05580420525479718
accounts:0.049832879981593615
widespread:0.05365763588042827
article:0.00810332880316601
greek:0.04767926587287206
numerous:0.04819219881674757
jewish:0.11473521564074395
give:0.023632362713560066
before:0.021261942672226444
roman:0.05106901954126537
