another:0.03959830947122462
all:0.017036925547255197
chris:0.13702668724711786
hair:0.09751917442584197
my:0.016968111809469666
to:0.0049221398574672524
everyone:0.054598442098448274
that:0.006194725454187085
anything:0.041450734827132206
re:0.006677508978181616
this:0.009374686399489624
mean:0.047203965300533224
reply:0.064128509274199
big:0.04956750989049209
you:0.009924981953727175
8:0.05272305861381904
why:0.03178076035989297
nor:0.061688196374560765
question:0.07796378869096801
those:0.03314135096942072
christians:0.06423202923284768
humor:0.09915430288165432
writes:0.01180825698245647
understood:0.08559364991556243
of:0.006944306627347808
who:0.023090229897033004
authority:0.1510704391476058
in:0.0031728518195444726
for:0.005809801123429892
subject:0.0004767313730717553
austin.ibm.com:0.09318084980779931
i:0.006817810973049818
example:0.05020284185281972
athos.rutgers.edu:0.07458345918586787
appreciated:0.060442180699575764
any:0.018272986898014414
the:0.002691975035675189
do:0.012827105694758869
people:0.026879877501305667
arrogance:0.09729734371158202
andy.bgsu.edu:0.10627285900732868
is:0.009595450960380853
theist:0.10591209637665869
insist:0.09445041983786592
words:0.059068913062631685
article:0.01447023000565359
neither:0.06683538304466015
by:0.017686347764592252
