all:0.04336671957483142
my:0.04319155733319551
son:0.19396142269885075
this:0.023862838107791773
he:0.1445575643200214
daily:0.20266387907872474
verse:0.23543915038222574
chuck:0.2265130908254255
his:0.0838376837047844
be:0.05258738701249739
who:0.05877513064699311
and:0.01735442793139954
subject:0.0012134980405462863
i:0.00867721396569977
will:0.15454163794135695
revelation:0.23947224654625685
god:0.1205990105352375
