some:0.018386407482415025
practices:0.04021182641044518
cultural:0.04124354501207041
there:0.00722660618564683
honor:0.04243112682100413
know:0.00971555217053781
all:0.015024690246398286
testament:0.03961351218227256
with:0.013814819924162535
such:0.015141867743840933
from:0.006665923263229729
easter:0.22975461485388038
name:0.0217498622506319
to:0.0021703923780957966
association:0.03754272903375752
that:0.002731532483736038
really:0.015365320812526975
re:0.00588882681540426
lost:0.027594537986754725
michael:0.0236590173360133
aisun3.ai.uga.edu:0.0443969116781895
sunday:0.07035940149349398
resurrection:0.0850464432445782
you:0.008752739990688534
possibly:0.03052719419997906
why:0.014013563623259893
more:0.010011173431659259
a:0.0010996095479105473
other:0.0108606928175741
same:0.015292073626209546
was:0.006972134914184139
as:0.012600222995543597
services:0.06293955318839857
belief:0.03243712835093427
nyx.cs.du.edu:0.0370191877639242
far:0.019601402142688202
are:0.005062294343316736
no:0.008864139654980393
daniel:0.03368960626140425
christians:0.028322784543617877
pagan:0.194631141933587
it:0.0026996490530706452
not:0.009494645804345904
have:0.004025595379115377
kind:0.021697060606008345
historical:0.0355529467222949
worship:0.040143057276832934
be:0.009109626096653091
writes:0.005206790480453247
were:0.03664495978281022
if:0.015830324876301007
of:0.007655141164005458
what:0.014495151228293405
but:0.005238450568900868
biblical:0.03594476963220878
double:0.03478858570897347
they:0.007345823815021604
who:0.010181518694754711
up:0.010578428113010902
called:0.021120114140604204
in:0.0013990527708227596
replace:0.034617031739013565
intend:0.04007488355444621
rather:0.020263650810337507
and:0.004509418281387282
word:0.024164382017034792
for:0.007685406210521432
subject:0.00021021225899227005
i:0.001503139427129094
stan:0.043508758180982064
any:0.008057380049518167
than:0.011264577025350088
the:0.003561037842467967
would:0.022031094002465577
mcovingt:0.04361445125446349
may:0.01465374431054985
drop:0.03409190280595315
just:0.009247154043038473
mix:0.04063755256217963
today:0.022355324927546084
argument:0.027706625512911195
new:0.013574799723492495
goes:0.025378166897564385
show:0.023701328108148286
by:0.007798704526119418
covington:0.043199933667964104
s:0.0048853250461103805
