some:0.005559699405396925
at:0.008390142975756488
block:0.020894187081730152
there:0.00437037612179594
lead:0.01840102208390434
surely:0.021364352989757245
help:0.020381835428969496
all:0.00454318014593472
jayne:0.12617570624100632
your:0.011999354496964406
whom:0.020039575235008492
with:0.0027848922704264163
way:0.008249394378793065
beautiful:0.024445572386708088
decision:0.020022598729463274
wonderful:0.022886418095749542
ca:0.009793088552820578
into:0.00852763763324946
o:0.01667132849428515
from:0.004031296449667503
both:0.010693828963372563
name:0.013153488123001197
my:0.022624149079292888
to:0.005250282514631737
look:0.011291277734647194
psalm:0.028851956040965583
family:0.037528257801139685
that:0.003303853575566446
think:0.006855942988231216
through:0.022566317085950735
nt:0.006800748111642272
could:0.007186234072981227
me:0.015479838291493495
need:0.009148580911891602
brought:0.018449489726360322
re:0.0017806690608484312
this:0.004999832746394467
he:0.022716188678860504
prayers:0.028339429068620983
you:0.005293323708654494
lord:0.04056765803561271
great:0.012005955660631796
bible:0.017137778580272843
sin:0.020503648264297604
a:0.0013300039293775191
how:0.0062636333201386875
woman:0.020853659988073443
belief:0.019616739526517393
forever:0.022472078205322737
wife:0.11545662934697057
also:0.007064272055616984
those:0.008837693591845525
decides:0.026779012844499652
it:0.004897934710571028
have:0.004869053458549075
delivered:0.026573431073712944
husband:0.15234973988583378
verse:0.024665053849566507
kind:0.013121555699824096
whose:0.017822768811909376
has:0.005070354637555005
love:0.01558198781038785
degree:0.02110216357459997
his:0.03513198174295727
without:0.021402004617166622
be:0.0027545774149403397
writes:0.003148868528655059
making:0.014640986623201922
of:0.00833316795281737
even:0.007995997370314409
what:0.004383057633317292
but:0.003168015344049573
praise:0.0273750278109473
least:0.011465058965268964
understanding:0.019115022785289648
order:0.01335388981491663
alone:0.018281968263878543
toward:0.021297439878063668
who:0.006157394639208802
one:0.004682432894169631
in:0.004230469092725964
heart:0.01890944101450294
our:0.010617978204668541
and:0.0018180829261466185
for:0.004647840898743914
subject:0.00012712836615246808
i:0.004545207315366545
athos.rutgers.edu:0.019888922449564767
house:0.03274163756657325
leads:0.02161807378315218
will:0.021586768474348275
the:0.006460740085620454
do:0.0034205615186023654
thank:0.01728806812747388
can:0.004116980916370064
agree:0.014364548471259236
needs:0.03189853869208902
an:0.0042757054217225565
makes:0.02659978935478071
head:0.016442189216455634
beloved:0.028851956040965583
speaks:0.02600511318022453
is:0.005117573845536455
gave:0.017675590062085203
life:0.01328752072994624
him:0.011411977635063372
article:0.003858728001507624
consulting:0.02853787048005226
grave:0.028056460399712407
john:0.025537889519827103
god:0.075805092336435
s:0.005908916960533508
