some:0.008981052885641187
know:0.009491347120448477
posting:0.050756747030096014
all:0.007338983312663779
ever:0.020334015821768157
your:0.0581507179468275
with:0.008997344258300729
from:0.0065120942648475046
themselves:0.024895770894790906
christ:0.057105752508275265
to:0.0021203064001397397
then:0.012276002690583102
heaven:0.03349355904895651
die:0.08694817780228498
that:0.010673988474906979
generally:0.029744226870946917
re:0.0028764654059859275
so:0.00786008151834554
this:0.012114979347032748
on:0.0039000678864560766
you:0.03420301473284442
why:0.027380347386984714
seconds:0.03560126649932344
more:0.009780146352467123
bryan:0.040767735540392536
a:0.004296935771835062
as:0.012309448618723361
waste:0.032912153809218
question:0.016792200641131575
also:0.011411516397535126
stuff:0.02248781963595094
logic:0.03194416113997671
overall:0.03564318653599702
are:0.0049454721661632735
christians:0.027669181823380542
motives:0.04660700591232902
it:0.007912048378614738
deleted:0.027025996130756437
have:0.003932697024212714
hope:0.022218934904923427
love:0.025170903386011145
reject:0.03928386118558875
alive:0.03388477764306029
yourself:0.026971343625958405
be:0.0044497019779805485
if:0.010310006457898604
of:0.0014956968120441434
savior:0.047150217967820963
accepting:0.03948900154775922
never:0.01695337869893739
in:0.0027335338752998537
heart:0.0305460201003509
use:0.012790611751902678
and:0.0029369031883906913
for:0.0025026835608621075
enjoy:0.035559573672636215
subject:0.00020536120686167922
al:0.029307801390171015
i:0.0029369031883906913
group:0.02074704565235881
we:0.020734521626368768
drug:0.09882504857320398
will:0.017435466844665914
than:0.01100462524784201
drugs:0.033367452819912845
would:0.014348456093913478
because:0.013574786914573185
once:0.020638701499422357
an:0.006906908758167206
jesus:0.026716918613021588
people:0.011579024154408596
religion:0.02731947125355933
reality:0.032235470940402945
is:0.010333562572717843
having:0.020129933787848935
christianity:0.05917920482926173
life:0.02146445656375931
nothing:0.019652738473083915
escape:0.03343024751713716
article:0.006233329848589239
earth:0.027081039712259607
live:0.023820679030366606
high:0.02151787558185786
while:0.01669494235291171
especially:0.02404073621151801
s:0.004772586775815526
