basically:0.03847261321811653
believe:0.021300704709120984
validity:0.057763300822937305
say:0.01860338210066219
there:0.008997833191932817
stephen:0.0399182282293237
all:0.009353606182806777
case:0.02423148144418388
blindly:0.11880217193338768
such:0.018853109837919595
yours:0.041434601027984914
to:0.009458229530035115
that:0.006802051479107388
consider:0.03157219684873719
anything:0.022757266179601998
re:0.0036660833605702994
this:0.005146886650700186
mean:0.05183180503587962
reply:0.035207809013285726
sincerely:0.05341814948871171
you:0.016347029100256524
bible:0.03528366178291467
why:0.01744826058974516
answers:0.041084423747572374
a:0.0027382433840125392
forever:0.04626604336389975
question:0.08560729738616096
are:0.006303052760796329
christians:0.035264643500386966
it:0.0033613277425487446
not:0.005910882437019264
have:0.005012260913212283
follow:0.07405867279249578
whether:0.056028599703565184
exists:0.03658463787272897
has:0.010438965430260305
reject:0.050067666216926834
found:0.026220789267225465
writes:0.006482964617819238
if:0.0065701021545432284
of:0.0019062802506444965
but:0.006522384531866767
necessarily:0.038110421892707864
authority:0.20735158314377267
in:0.001741957861710691
point:0.021583685894706477
p.s:0.04445914416784145
subject:0.0002617348714903755
i:0.009357779766931125
we:0.013213175546215391
ago:0.02805064436632004
any:0.01003222810087066
the:0.004433841235229724
do:0.02112699761489696
sfu.ca:0.05721340409106433
once:0.02630422740122457
o.k:0.05985716455134965
long:0.023336384755966517
arrogance:0.05341814948871171
andy.bgsu.edu:0.05834588337657261
questioned:0.05896528437286214
is:0.0026340453616731756
time:0.015485391861801114
questions:0.029648787620054035
theist:0.05814781761855771
does:0.011945968768014953
eventually:0.041542140551225834
words:0.03242999148536642
god:0.05202310258382794
