above:0.014797043642002962
reference:0.02028061447292584
know:0.026823372296919605
knows:0.0189889207127241
testament:0.05468387007770234
specifically:0.0219947970204112
your:0.006847457729245992
with:0.003178409656464931
from:0.004600936165381389
wrote:0.013997690079852505
to:0.004494127695948361
receive:0.02327401506252992
young:0.020402475690620578
most:0.010090192738951292
software:0.030606368353057134
make:0.009565654800813606
that:0.003770702450374748
like:0.006329560127764528
its:0.011238176934968315
me:0.00588906891524209
need:0.010441315171180632
articles:0.068672097076625
so:0.005553318464048478
national:0.017685727853193008
this:0.002853165425931625
reply:0.019517372387799697
on:0.005510965491731412
you:0.0030206466815691406
numbers:0.019172513048905968
am:0.01776452561631919
etc:0.012621326018794758
bible:0.11735652723447706
sure:0.011858934892169585
a:0.0022769089008365137
how:0.007148711941462632
want:0.0205717170403498
as:0.008696893045837156
acts:0.023800372812475122
respectively:0.030643520560489492
also:0.01612496882260398
are:0.003494083595658834
not:0.0032766848292172003
authors:0.05589804387748496
have:0.011114143764079409
university:0.012773587508688334
yourself:0.019055840605296696
johnson:0.02509431374352082
heard:0.04406490259923709
be:0.0031438111800949527
which:0.007021153981073466
convenience:0.03161819952057545
of:0.014794392380001855
electrical:0.025745407220763326
never:0.035933791807530334
scripture:0.026085191769574925
please:0.010409866070137254
who:0.021082383819030135
topics:0.05807924708903009
author:0.021978302978589707
one:0.005344081020519687
in:0.0019313011075488096
and:0.003112478922479265
for:0.0017682003419134456
subject:0.00014509215702183858
i:0.01244991568991706
translation:0.05155689102931341
any:0.005561343838526126
will:0.006159268178822197
background:0.024059782610416375
the:0.00860261587487506
hello:0.021028754297020495
strong:0.01962311079331799
would:0.005068748076654217
receiving:0.027660381583775373
modules:0.03234391361092612
may:0.010114269170868646
just:0.0063825465405754666
people:0.016361664566012145
about:0.021413395224388513
is:0.001460177320057956
new:0.018739125705255943
study:0.04027579726559564
qualify:0.03133458129682235
too:0.010611510151437482
various:0.019372711838886895
engineering:0.021014942897951625
letter:0.022179614237722044
online:0.08256484091428538
happy:0.020641821133070767
s:0.010115808927000298
