say:0.019362703819056564
know:0.012590562506717364
your:0.012856451246747577
with:0.005967626293770891
from:0.008638492392144648
harm:0.04910880082784283
to:0.0014063256735620722
line:0.028814323967408045
otherwise:0.036259028894000365
born:0.04385635671470888
village:0.05304805615693531
might:0.02170495036610659
been:0.014971840685933052
that:0.0035398431166783345
nt:0.007286515833902433
hot:0.04268998149756542
need:0.01960410195405343
had:0.01565722944573607
two:0.019028463598503177
these:0.01690444870509125
enemies:0.05832618385179532
you:0.011342836518545342
tell:0.024592092383902576
a:0.004275012630142025
christian:0.032712677257516073
joined:0.058832275087911355
coming:0.03547581586519995
are:0.006560320220420668
answering:0.05638379886719104
christians:0.036704016704484387
it:0.00349852479326502
not:0.006152142944652703
flame:0.042833199029365256
discussions:0.04897627842450802
have:0.01043368598260516
won:0.04409836208835496
laugh:0.05175934467403436
attack:0.04029283232914471
greatest:0.05084987753223837
were:0.015829625484411212
of:0.005952262823440979
losing:0.05023591302747865
again:0.04983406404302077
they:0.009519588005181058
who:0.01319441708401886
net:0.06765596907956087
one:0.010033784773220637
in:0.0018130581825968415
or:0.006880729160235564
and:0.005843837976899844
subject:0.00027241792746957445
i:0.005843837976899844
away:0.028254934554323166
we:0.013752488833816018
any:0.01044170679886538
angry:0.05441062138779778
the:0.0038456786223931274
originally:0.0464264854877198
do:0.021989324048158062
see:0.01805495674909363
when:0.04003085029113477
because:0.018007370396882792
instead:0.03130341134270042
long:0.024288890256210047
people:0.03071986000149219
replies:0.045732737110322524
is:0.005483114834503345
foolish:0.11985323446875328
questions:0.030858942216790933
christianity:0.03925151340716339
their:0.015445751210017488
ruth:0.06093774889401164
already:0.029650880829564807
give:0.024114655830163333
panix.com:0.05285368682049965
