above:0.012546801982159194
some:0.005380354263287346
at:0.004059746601172493
cultural:0.048275854530257525
mp:0.025588207195265632
posting:0.015203633903024151
spreading:0.026267122931472354
knowledge:0.017035811727429198
among:0.031746594174984565
stand:0.01814626061966112
with:0.0053901140717930625
much:0.008051598477234707
literature:0.02180236227725571
commission:0.026415790499298257
such:0.008861830430727182
from:0.0039012546287104867
my:0.004378867563734107
geneva.rutgers.edu:0.02303646689429697
to:0.0019053444609550658
attacks:0.02118007525511773
important:0.014480964483747569
been:0.0067614764388084754
that:0.00319727765377398
think:0.0066347835369979504
control:0.014053614147193657
along:0.016101204659637026
mainly:0.02217816811579999
me:0.004993496223062418
need:0.008853465398604776
re:0.0017232281234017075
political:0.016611869942311175
uk:0.019915389330224822
phone:0.013536161871933497
this:0.007257821728637129
he:0.014655605599264841
these:0.007634267157137984
you:0.002561285665477981
used:0.009098910176667583
concerned:0.037105891636477685
them:0.006755111389549497
education:0.01993385947491394
m:0.012615803798304811
welfare:0.02724089755666685
more:0.005859073851708414
interference:0.05156318120250391
a:0.0038613017304508623
other:0.006356258008441985
christian:0.04432040144566695
price:0.01442462765826711
was:0.012241398167300263
as:0.029497296229198836
worked:0.017715040739973962
minority:0.022858518340712727
serving:0.026194549857886454
africa:0.02591517372048353
immediately:0.019459444870063975
organization:0.035316435282183145
no:0.005187768369504654
those:0.008552606701785991
christians:0.016576007543960693
early:0.016141664049738623
native:0.02437430189364282
d:0.008395595494825048
instrument:0.02437430189364282
it:0.00157997893889388
couple:0.014543740989191329
hundred:0.021204393490605485
being:0.008966838386751835
probably:0.011001030944835061
whose:0.01724784078571875
providing:0.02125341836712648
shall:0.036495649898919395
struck:0.02510899192556956
be:0.002665720078974522
sort:0.01445834703991258
writes:0.0030472921245048956
of:0.009856435213009794
america:0.01814626061966112
even:0.007738061971272007
seen:0.011946842813927893
parts:0.01681426272542102
years:0.02055092555742298
languages:0.02672833702620499
lines:0.01628194527324662
scripture:0.022118319288487495
groups:0.016957537320213788
they:0.004299168776533381
who:0.005958769005685937
accept:0.016461345486925037
in:0.00409400234779932
u.s:0.016256877423957133
or:0.0031074260723644486
and:0.00879717544909654
word:0.01414228809291898
subject:0.0001230274511152917
i:0.002639152634728962
group:0.024858211380706405
acceptable:0.02132794767240575
back:0.009706712995702938
ago:0.01318509550859283
translation:0.02185822108155223
pretty:0.013262765239260952
will:0.0052226052760520015
than:0.013185265273912084
the:0.0027788129400518084
peter:0.016967249220396115
gospel:0.02374079502438659
americans:0.019734648716615233
vietnam:0.027425253937375143
increase:0.01937670844786768
may:0.008576154504331017
an:0.012413338321130002
thought:0.012371365922542454
manipulation:0.05395498945582266
people:0.013873485161964216
many:0.008540096901281536
about:0.009078490141215406
including:0.01465422906235129
south:0.019915389330224822
govt:0.022489657936687214
is:0.0037143681136958145
institution:0.02813562573381412
number:0.011531174416579531
involved:0.016593903857446395
regulation:0.02649196239769093
readers:0.02096679989767991
having:0.01205940733834268
recent:0.017502742343248945
run:0.012335642527130852
1979:0.026194549857886454
automatically:0.021719823445151887
met:0.021747172456763938
every:0.011208057727822102
legitimate:0.02108406563805394
dedicated:0.02510899192556956
criticism:0.05021798385113912
article:0.003734252904684797
by:0.009128437555918582
concern:0.04245768147180722
god:0.012226627796199192
main:0.01713556226556142
s:0.0028591533680000845
