since:0.009807949134331771
ask:0.014287071491942978
say:0.009301691050331094
there:0.0044989165959664085
andrew:0.055374384693705855
stopped:0.022086089817743702
know:0.01209681495743433
all:0.014030409274210164
thanks:0.00977150316135374
with:0.002866800866615428
into:0.00877845050481562
response:0.01721371839523207
often:0.030463925375281434
name:0.013540355420736524
to:0.006755878235739366
northern:0.05115811361996825
perhaps:0.014159125184510025
been:0.021577064517962343
that:0.008502564348884235
view:0.01669288604306192
appears:0.01911912268330555
like:0.005709015017199379
nt:0.0035003850574629337
me:0.005311709217669337
anything:0.011378633089800999
re:0.0018330416802851497
so:0.005008875477377059
anyone:0.008200562498242114
national:0.015951832965625065
this:0.010293773301400373
discuss:0.02192383516859495
student:0.019720673883179763
personally:0.019210022574051473
you:0.005449009700085508
used:0.00967874268792581
am:0.008011452728928262
philosophy:0.023991865255602277
m:0.006709876039784667
why:0.00872413029487258
ireland:0.06058371329795477
more:0.006232446205003558
a:0.0020536825380094046
j:0.02994243783851826
as:0.003922128236357934
following:0.013418207220783145
standard:0.014921786963050179
immediately:0.020699507533352365
question:0.01070091217327012
advance:0.015507358905277694
mind:0.0148512539363242
caused:0.019521147936544938
religious:0.035994115736373705
it:0.006722655485097489
not:0.005910882437019264
should:0.008053000697222939
statement:0.017025487351435324
have:0.005012260913212283
area:0.015727779630683072
whether:0.028014299851782592
university:0.011521275007836536
peace:0.018880567918691426
suspect:0.019029877759302743
after:0.00945692984149486
has:0.02609741357565076
love:0.03208056313903381
usually:0.01616544481464026
thinking:0.01707611046004243
sort:0.03075942458491206
if:0.009855153231814842
of:0.006671980877255739
what:0.004511971093120741
but:0.006522384531866767
humans:0.022109713770861093
again:0.01196994675543146
seems:0.011551407300887637
well:0.00824935250075169
they:0.004573135414253645
find:0.010374738910163677
up:0.0065855900507469835
beginning:0.019853366637925925
now:0.008097619597442374
in:0.004354894654276727
our:0.010930271681276438
or:0.0033054483220739477
and:0.0018715559533862248
pop:0.025876236328692143
subject:0.0002617348714903755
i:0.005614667860158675
we:0.013213175546215391
any:0.01003222810087066
than:0.007012751383428731
the:0.002216920617614862
do:0.0035211662691494935
thing:0.011097708015318414
would:0.004571811990707725
can:0.0042380685903809475
wars:0.11811813435477345
conflict:0.023162287206393517
come:0.011770557227791217
an:0.004401461463537925
excuse:0.021700980393708887
many:0.009084318762637713
religion:0.06963786790122967
about:0.009657021375704624
disclaimers:0.02676996945023113
is:0.005268090723346351
involved:0.01765135851502876
yugoslavia:0.05652512704524817
guys:0.019042527987702212
else:0.02477011985625546
conversations:0.026709074744355854
hear:0.016243537079700037
history:0.01627944904093569
guess:0.014687045406547321
natural:0.020525042116182255
e-mail:0.013478900865942483
falls:0.024241473542010398
terms:0.018868328309874824
condition:0.018618113178848143
seem:0.013528002720077146
james:0.01695879297861288
