another:0.011986515299397723
some:0.0063110101358559685
since:0.010815252018398279
content:0.02560624285740785
at:0.009523946080588444
music:0.024900856430762616
say:0.010256999860905641
ideas:0.019443208848862
there:0.004960967489606203
rex:0.03368747291825302
geoff:0.03164387219436086
wonder:0.019947933555767183
much:0.009444307403026656
c:0.013978906461778162
from:0.009152132480326224
wrote:0.013922026890231682
hair:0.029519317664038657
throw:0.046090492719295245
my:0.005136293304488115
weekend:0.02728275598337455
geneva.rutgers.edu:0.027021153059796986
to:0.0044698351138081
significance:0.02853379573542269
important:0.01698577996201742
day:0.013747583977096607
that:0.0075006405499346345
ran:0.02453943510519977
like:0.006295346289236072
through:0.012807909697431497
me:0.005857236110294837
re:0.004042600030034277
jacket:0.03184787396724111
master:0.025705427390749453
this:0.005675485820231557
something:0.010760331444127151
two:0.010079942879207089
you:0.003004318861668767
am:0.008834250576764138
fnal.fnal.gov:0.03262939412297683
bible:0.019453694604634038
philosophy:0.026455894660231703
posted:0.01845070769990214
more:0.013745070549413253
a:0.0022646012851563163
other:0.007455718853145464
same:0.010497801894749257
was:0.00478627640054803
listen:0.0230861965964501
tate:0.03368747291825302
across:0.02086034660450726
70:0.023253172201960035
files:0.017888170619392914
are:0.006950393314607844
those:0.030095929528987462
early:0.018933735669152872
caused:0.021526022589487392
it:0.0037065451863780756
not:0.00325897301932954
have:0.013817584139125753
interesting:0.017664997632007635
foul:0.03354332023132242
leather:0.03164387219436086
60:0.022008969077789285
doing:0.01449028597386657
usually:0.017825679687495207
asked:0.036457307013388444
thinking:0.01882987315593868
writes:0.0035743913027976343
things:0.012079599611568917
of:0.00525515096123618
looking:0.01402100186706294
wear:0.02649436745898232
least:0.013014391257872878
groups:0.019890732964791307
they:0.010085617562245878
who:0.00698947499585864
up:0.007261947947850728
over:0.010842922986591124
one:0.0053151940960844465
in:0.0028812924631539
battle:0.026014391789884315
world:0.013628382101257714
satanic:0.03184787396724111
use:0.008987997447282963
and:0.005159424520145809
for:0.0017586425022274271
subject:0.0001443078750919908
steven:0.024251427718102816
i:0.007223194328204133
we:0.02185530657914546
back:0.011385712000365068
stupid:0.020873979412251636
than:0.015465959807777959
the:0.002444604356721253
rock:0.052684184896703054
because:0.02861711836045158
come:0.012979425267402209
drop:0.023403630574897572
just:0.012696092578009579
long:0.012866547270857216
here:0.009731896787153492
about:0.00532441178552363
reality:0.02265195255271558
language:0.022042752971546967
is:0.0029045689393585286
questions:0.01634689912024601
lot:0.013397585882515627
sabbath:0.0997981775417367
crew:0.03024110897552256
2:0.010531943524840048
their:0.016364147227910422
goes:0.01742176862697663
whenever:0.025639102565928835
various:0.019267994477595616
show:0.016270641458026123
article:0.004380177731441086
very:0.009422932388018635
live:0.01673885553485221
by:0.005353705269281979
black:0.07631464554040947
dangerous:0.022728355314525876
s:0.010061128878746243
