dan:0.050946198581887925
know:0.015818911867414125
your:0.016152977207452082
with:0.007497786881917273
times:0.03603174540375675
ease:0.0737019979525504
to:0.0035338440002328996
hearts:0.14457455854179657
hole:0.17949810269027708
quite:0.03405383823217181
re:0.00958821801995309
this:0.02019163224505458
he:0.02038632317333635
empty:0.06525013091557268
something:0.025521298937993882
set:0.033966853642640016
used:0.025313634722267508
came:0.03870162477535829
a:0.0017903899049312756
was:0.011352065821812635
idea:0.03554328583667636
rpi.edu:0.07578557397175265
also:0.019019193995891876
athena.mit.edu:0.06265735057589451
business:0.04636620170812266
those:0.023793790439584104
pain:0.056756410260469396
have:0.013108990080709046
ve:0.023399149987531207
verse:0.06640591421037136
has:0.01365095479341732
johnson:0.05919684267702348
heard:0.03464932512076762
anybody:0.03896916852452173
writes:0.00847772296176362
of:0.0024928280200735725
seen:0.03323672936695324
accepting:0.0658150025795987
must:0.029711031121532016
who:0.033155201903432005
up:0.0344477018039073
in:0.011389724480416055
heart:0.05091003350058483
men:0.0450204942644531
few:0.029302916678285724
subject:0.00034226867810279864
i:0.004894838647317819
athos.rutgers.edu:0.05354709890267437
back:0.027004573334199197
eternity:0.07797308060035218
the:0.0038654000512259126
do:0.009209204088544828
claim:0.041862039035897254
an:0.011511514596945343
here:0.02308206289260764
spot:0.0618694944321296
does:0.015621651465865707
their:0.0194062002382271
first:0.024071215761423605
article:0.010388883080982065
