my:0.08638311466639102
matthew:0.19483056094643159
heaven:0.19791648528928849
sister:0.2652621462403892
daily:0.20266387907872474
verse:0.23543915038222574
mother:0.19361836789724246
chuck:0.2265130908254255
of:0.008838208434806302
in:0.008076350086113203
brother:0.21061882953089145
and:0.01735442793139954
for:0.014788584677821546
subject:0.0012134980405462863
will:0.051513879313785656
the:0.0034261500454047865
is:0.012212392131393813
does:0.05538585519716024
whoever:0.2290490617176262
father:0.1968032571070932
