all:0.014677966625327558
till:0.07690635870865296
essential:0.07803716581623643
take:0.03270383277439544
themselves:0.04979154178958181
to:0.004240612800279479
commitment:0.08674473512507795
death:0.051621790523637266
that:0.010673988474906979
jeff:0.06485352752046764
nt:0.0109858238726529
re:0.005752930811971855
two:0.05737813638933266
them:0.022551679562034476
a:0.002148467885917531
as:0.012309448618723361
part:0.037680340190973494
wife:0.06216895426375339
promises:0.08585262346891874
others:0.04148197266259071
are:0.03956377732930619
not:0.009275538593476384
have:0.007865394048425428
bound:0.07816809950343503
only:0.020515942127219796
husband:0.08203447532314127
johnson:0.07103621121242817
be:0.008899403955961097
considered:0.052966814726341724
writes:0.010173267554116345
if:0.02062001291579721
of:0.002991393624088287
but:0.010235126496160159
together:0.05475332679154202
they:0.014352609607811442
who:0.019893121142059204
and:0.005873806376781383
subject:0.00041072241372335844
married:0.24411800819633042
persons:0.07465642793449688
the:0.0011596200153677738
do:0.011051044906253795
when:0.020118068351442094
mutual:0.15823446266857283
people:0.04631609661763438
imply:0.07374222146571532
sincere:0.09219927385863039
is:0.004133425029087137
marriage:0.1585154621628274
does:0.01874598175903885
live:0.04764135806073321
by:0.015237468843341017
