separated:0.12083435697263506
c:0.10775407064287332
job:0.07232267823519117
us:0.04291409137885408
re:0.007790427141211886
description:0.09114667211220628
churches:0.1091235461777696
unix:0.08255348783584027
bill:0.0644898724102441
burns:0.09630717869672308
a:0.008728150786539969
richard:0.15566989644911577
was:0.018447106960445533
audience:0.11715818119468596
athena.mit.edu:0.10181819468582859
seeking:0.11019215647751025
book:0.06478538563924319
d:0.03795508796618824
it:0.007142821452916082
vax:0.12356411243943513
between:0.04839303845930011
common:0.07012766749231979
of:0.00810169106523911
looking:0.05403927802930508
programmer:0.1062118390449538
recommend:0.0914120684825694
and:0.003977056400945728
for:0.013556202621336416
subject:0.0005561866019170479
catholic:0.19398810819501158
the:0.003140637541621054
intended:0.08476143452034635
prof:0.12274701424874176
william:0.08482623498731286
an:0.01870621122003618
norris:0.2307931378882026
change:0.061916856414801824
s:0.025851511702334094
