dallas:0.031218148525337414
say:0.010720593074957872
there:0.015555576026731313
lead:0.021831721116496672
know:0.013942091815348043
help:0.024181838644540078
knows:0.019739894978199068
faith:0.08463335865208571
i.e:0.019517169474437306
with:0.006608218946774546
someone:0.03734674770615288
themselves:0.01828502947075038
my:0.005368442154408482
christ:0.020971039056711254
to:0.0023359307798149673
everyone:0.017274083375780246
then:0.00901627316257516
t:0.014555215000002498
enough:0.013740952129589808
make:0.009943957533049174
that:0.013719391966335242
cold:0.02496130161039339
think:0.008134169647053985
bit:0.015395955921218642
really:0.011024834707293367
through:0.013386798271326704
nt:0.008068684200253542
me:0.012243939891576777
so:0.00577294122816339
anyone:0.009451495760685826
believes:0.02773235293440871
this:0.002966002476674684
hi:0.01780235401138082
you:0.012560429139180155
am:0.009233538738425794
bible:0.020332957637611847
m:0.007733416452633176
a:0.003155941527336486
how:0.014862858725752817
christian:0.054336311376891114
as:0.00452041898427694
mind:0.017116699452034673
are:0.003632267692662291
square:0.02865771626019982
fools:0.03194037096324637
deeds:0.06701782369596482
not:0.01021881370467737
being:0.01099324254194999
attempt:0.021788973995686977
teachings:0.02970696567147153
without:0.0126961044339124
which:0.007298826737387106
if:0.0037861605636350807
of:0.002197068763454674
totally:0.02327409774332572
believing:0.05579463982014241
opinion:0.018696675506145136
what:0.005200237870037465
but:0.015034649090404752
saying:0.017042684626917735
alone:0.021690470821550813
talks:0.027044376255213134
who:0.014610766940495462
up:0.007590171583911777
now:0.01866569941105361
in:0.005019200618488431
useless:0.027116809523173933
fully:0.023715556524733308
according:0.019432351438340215
our:0.025195202519552467
world:0.014244354173630942
and:0.003235571309243982
still:0.02307015912123782
subject:0.00015083026492665705
i:0.004314095078991976
person:0.01584855615295961
taught:0.027339853652969343
we:0.007614372348666497
any:0.005781283990332245
will:0.0064028550559507595
yet:0.01485914543890488
the:0.002129245790929528
do:0.008116586654310696
romans:0.08947037645852876
can:0.009769107259183202
william:0.02300372474232213
problem:0.011952346282743415
just:0.0066349636354004855
about:0.005565063165660291
is:0.012143395565679725
does:0.013768235190254522
life:0.015764855103326047
him:0.02707926896455715
saved:0.0785358347403324
condemned:0.031527799578981455
live:0.017495413977105415
by:0.02797840324342277
champions:0.03202662786794009
says:0.014469077652133153
god:0.04496912257246144
james:0.03909145500154833
