some:0.022452632214102965
believe:0.02089107577240712
say:0.03649124950514507
faith:0.036009866541873006
wrote:0.02476514398743136
my:0.009136675589714436
christ:0.03569109531767204
geneva.rutgers.edu:0.0480664741929081
to:0.0026503830001746746
that:0.0033356213984084312
think:0.027687462067856834
son:0.08206060191105224
really:0.01876342060760506
and/or:0.03885559641484587
re:0.0035955817574824093
lightning:0.059175201426991314
so:0.01965020379586385
file:0.029216210408253937
jon:0.07979554353304488
he:0.04586922714000679
on:0.004875084858070096
them:0.014094799726271548
a:0.002685584857396914
as:0.0153868107734042
prophet:0.05313088739408387
coming:0.03342913418066918
said:0.021072161814071465
sig:0.045376311760747835
desert:0.05421545945317372
it:0.006593373648845615
not:0.0057972116209227395
try:0.023426823772532624
verse:0.04980443565777853
west:0.0392106663436172
shall:0.03807478859646879
his:0.01773489462985824
be:0.011124254944951372
if:0.006443754036186628
of:0.005608863045165538
even:0.016145763920827172
but:0.006396954060100099
latest:0.040061025002430306
please:0.01841745535485822
in:0.008542293360312044
or:0.00648376401637582
for:0.0031283544510776347
subject:0.000256701508577099
i:0.003671128985488364
branch:0.04384516032483697
sad:0.04549146744388932
will:0.021794333555832393
mere:0.05106250874392093
the:0.004348575057629152
do:0.006906903066408622
did:0.01580683695618236
claim:0.03139652927692294
return:0.03548430488285509
put:0.023917877880257492
just:0.011292197725633519
people:0.014473780193010745
many:0.01781924064978936
about:0.009471309426171842
paul:0.03149060087604863
is:0.010333562572717843
broken:0.04318502181774007
east:0.0391505699941444
man:0.05573171805375383
their:0.014554650178670327
davidians:0.046530327851688216
article:0.007791662310736549
somewhere:0.037303087104832565
john:0.025783446149825442
god:0.025511329151684855
s:0.005965733469769407
