religions:0.027919276025150885
library:0.024486015156147248
there:0.0053671285706265925
know:0.007215644009697671
all:0.0167380321166016
leader:0.027392076627523413
your:0.007368024691118494
c:0.01512337833584187
miss:0.028221172898866134
cup:0.02560975788009019
surprised:0.025734986502919523
from:0.024753574690940805
yours:0.024715376051780476
to:0.001611928842211498
remember:0.01627265518433469
family:0.04608733414175049
began:0.02620940489363513
been:0.008580353141645843
derived:0.0308092948772962
that:0.004057364040169319
memory:0.01977562705361003
church:0.021913893801688934
movement:0.027528081669419713
rob:0.025734986502919523
account:0.023829119337586316
lost:0.020494189031098536
preach:0.03480280762813103
this:0.006140145478028292
appeared:0.02780996530578157
on:0.00592992778057649
you:0.003250286487770303
am:0.01911504510761831
a:0.00653335263553869
basis:0.02179653963180116
old:0.015484871826563298
prophet:0.12925408863122156
related:0.02253882447737526
universal:0.02874764162201069
straight:0.023372290219083675
base:0.022524186288965208
book:0.05455611422252058
not:0.007051579047672104
should:0.00960708855107298
have:0.0089693090025904
founded:0.06416832252434435
received:0.022627431524279363
marcus:0.03412729366835416
centuries:0.03131265516250815
messages:0.025585030768338606
after:0.011281951389853516
has:0.006226751309278075
details:0.022308899896434704
writing:0.023406191492091426
his:0.010786134745644774
teachings:0.03074931534415474
be:0.0033828143692249783
which:0.007554925921155075
if:0.007838016605419992
of:0.005685397238764288
offered:0.027065290321123082
asks:0.030073801384377874
years:0.013039622356610487
they:0.005455670318758735
who:0.0075617127148178255
called:0.01568569880617973
in:0.0020781251683566135
essence:0.033333132608944445
and:0.005581833545186986
few:0.0133662426953584
for:0.003805249858620748
subject:0.0001561225549240836
however:0.014018122246765572
i:0.005581833545186986
group:0.031545215611773626
mention:0.022074121720917675
any:0.005984136060168463
tapped:0.028580545876723814
the:0.006171077274764176
do:0.004200689584248518
major:0.03832079500254727
typically:0.030345848259435725
cosmic:0.035845194946296635
may:0.01088319021894638
mr:0.01974827882037084
an:0.010501732614757155
lower:0.023222120544126416
jesus:0.02031110771750179
about:0.011520657079787971
elizabeth:0.03613765354614846
is:0.004713554857730945
mountains:0.03239201935273019
marriage:0.0301272077210052
their:0.017703901971715952
mission:0.026292355975459442
every:0.014223090800803485
him:0.028029418752787225
almost:0.017672473276400983
shoulder:0.03231352215780539
by:0.03475212192340933
check:0.01935269920811514
s:0.0036282823441872412
james:0.02023154250080133
