advocate:0.03882965707253596
reference:0.02609533610502346
there:0.012836069728351713
actions:0.027651905204112953
where:0.012919278309327006
with:0.00408970193559124
way:0.012114495241584219
much:0.012218159926992527
from:0.005920085695315913
france:0.03583637434423733
my:0.013289709948675543
christ:0.025957160231034213
geneva.rutgers.edu:0.03495743577666043
to:0.0038551025457086176
most:0.012983185062706558
been:0.010260422288261814
that:0.002425906471569768
through:0.016569673384789
re:0.0026149685508962974
something:0.013920708511633026
burned:0.03403053608461859
certain:0.023051153788535027
moslems:0.042530771236555735
on:0.0035455162604146146
you:0.007773412439282823
etc:0.016240027884323327
working:0.022157615459486763
m:0.009572130853958546
a:0.001953152623561392
was:0.006192035902806892
following:0.03828411570684981
also:0.010374105815941025
needless:0.04068355742507611
innocent:0.03098919126339855
christians:0.025153801657618675
caused:0.027848350902483686
individuals:0.029840218876746268
religious:0.025674124511259565
it:0.0023975904177620418
not:0.008432307812251258
proof:0.029280479662246013
strict:0.039859899833073434
fail:0.0319229772258078
whose:0.02617329685665013
shall:0.027690755342886394
has:0.014891950683727987
ex:0.038366374656163924
alive:0.03080434331187299
which:0.009034212115507118
writes:0.004624212524598338
were:0.05424137403749298
of:0.0054388974983423394
gospels:0.08754659390300593
obedience:0.04147606571393627
women:0.026428777579254718
loss:0.029761201007837648
they:0.01304782691619222
find:0.014800326836876855
who:0.02712698337553528
in:0.012425153978635698
our:0.015592835125737017
or:0.004715464739182415
world:0.017631123697431306
england:0.03447863997751735
men:0.024556633235156236
destroyed:0.03463462429579916
and:0.0013349559947230414
still:0.014277685889717113
subject:0.0001866920062378902
i:0.004004867984169124
we:0.009424782557440349
mention:0.026396327372565895
any:0.007155855009012639
allow:0.02451940329632582
the:0.0073794000977949244
can:0.006045916031032961
because:0.012340715376884713
agree:0.021094791461289786
wars:0.03370083833338991
note:0.020711112579569913
jesus:0.024288107830019622
about:0.006888225037215885
is:0.0056364886760279145
suffering:0.06575436148277444
christianity:0.02689963855875533
does:0.008520900799563113
life:0.01951314233069028
instructions:0.03379346229667676
article:0.00566666349871749
intense:0.04161734338748536
killed:0.02554395102564955
live:0.02165516275487873
by:0.013852244403037287
s:0.004338715250741387
