music:0.06061392683804057
know:0.01623519902181976
way:0.02279437920455978
beautiful:0.06754697633169339
yours:0.055609596116506066
to:0.0018134199474879353
matthew:0.05639832027396703
direct:0.05254967924439702
that:0.004564534545190484
really:0.02567625977882797
its:0.02720821784255487
likewise:0.0745883306924394
this:0.013815327325563656
you:0.007313144597483182
traditional:0.06567197550791336
a:0.0018375054287452564
same:0.025553859875376478
j:0.04018590341485345
as:0.010527817897592348
quoted:0.05878713151101141
others:0.03547800293511047
are:0.016918720568453303
should:0.021615949239914205
being:0.02560268328848879
expect:0.04547659319945247
writes:0.008700820934441609
if:0.00881776868109749
of:0.007675286272331788
english:0.058133557697889866
one:0.012938301418100295
in:0.00935156325760476
st:0.10096703270840263
and:0.005023650190668287
subject:0.00035127574857918807
i:0.0025118250953341434
directly:0.04779605691442605
the:0.007934242210411084
do:0.009451551564559166
would:0.012271705869794421
jesus:0.04569999236437902
many:0.04876844809416035
middle:0.05285658283079713
handled:0.06932091347391645
is:0.007070332286596418
done:0.034850836202903926
hear:0.043601073213931675
tradition:0.06170801063188491
three:0.03840115797990096
by:0.026064091442557002
mike:0.042044895117864516
high:0.0368068924426516
latin:0.15827523700084048
john:0.03528261052081376
range:0.05262573665117991
s:0.008163635274421294
james:0.045520970626802985
