played:0.14486439361265446
became:0.07724370546529151
christ:0.0662834627328195
geneva.rutgers.edu:0.08926630921540074
hudson:0.19980732715970262
then:0.028497863388853628
jeff:0.07527641587197136
nt:0.012751402709329259
re:0.006677508978181616
he:0.14197617924287814
athena.cs.uga.edu:0.10042129816687367
link:0.08653371658494495
a:0.0024937573675828484
christian:0.05724718520065314
was:0.03162361193219234
part:0.04373610915023709
also:0.026491020208563684
it:0.006122418388213785
left:0.052221521133938596
after:0.034450244422588414
be:0.010329665306026274
writes:0.01180825698245647
of:0.003472153313673904
but:0.023760115080371794
in:0.009518555458633417
yes:0.04762224768756944
subject:0.0004767313730717553
i:0.003408905486524909
wrong:0.047203965300533224
got:0.03950274681483168
jr:0.08343957870505143
may:0.03323259870428269
jesus:0.12404283641760021
paul:0.05848254448409031
right:0.03464059988911249
sabbath:0.3296904079503801
first:0.033527764810554306
article:0.01447023000565359
saved:0.08274311160142163
before:0.03796775477183293
black:0.18908316194163952
