muslims:0.03905977675722648
ask:0.025792589242091747
andrew:0.03332263857674335
faith:0.03314182407393622
ever:0.023393115547166908
supports:0.03824459720936979
serbs:0.0951715448471938
way:0.015330732916341091
work:0.03584199051310272
wrote:0.022792698891087267
my:0.008408975763984966
to:0.002439290548833329
perhaps:0.025561606527788012
been:0.012984428205499462
that:0.009209857312419738
suggesting:0.048218152635828265
esp:0.0470912550926725
serbian:0.05322530093833573
re:0.00330920798918735
anyone:0.014804555306560984
cleansing:0.05102268104969304
on:0.008973607526359114
you:0.004918575127510813
united:0.034703734361745286
working:0.028040168236341655
europe:0.03639823557121644
m:0.012113404532000637
wondering:0.031848969042984926
genocide:0.07974446589061443
following:0.02422402011539612
question:0.019318460914576147
sig:0.041762269231130744
hmm:0.043896446725085504
are:0.03413688751864914
no:0.00996235164763283
those:0.03284806467765593
works:0.026328548615493275
d:0.01612251524227465
it:0.003034118847256389
not:0.010670973603114423
ve:0.01615162565511004
states:0.030556280844740557
targets:0.047187972531010466
doing:0.02372303455898509
worship:0.045116533399626395
netcom.com:0.02848703694443486
evil:0.036961714286801776
were:0.013728347765241585
if:0.005930534688171764
end:0.02393126904934079
of:0.006882852586397828
ethnic:0.045754615646540944
but:0.00588746214380894
germans:0.050030492570748736
who:0.022885891579360145
moving:0.03753081045700294
or:0.005967358032770666
use:0.01471486307741016
and:0.0033787381813344237
for:0.002879193477098
subject:0.00023625625568157783
tasks:0.10234791844202856
governments:0.041350587676839655
jews:0.03269585935047244
i:0.0033787381813344237
any:0.00905563952467971
the:0.006003342557434935
behalf:0.05164395767512002
would:0.008253536691189169
because:0.015617011494641717
is:0.002377633866289061
accomplish:0.049260480384999805
him:0.04241620005952757
by:0.008764915706346603
god:0.14087672027125087
s:0.00549058655624795
james:0.06123174809977039
