some:0.0037421053690171605
believe:0.0069636919241357065
go:0.006235359781391433
say:0.018245624752572534
know:0.015818911867414125
help:0.020577814615786512
faith:0.08402302193103701
replied:0.017841135524054415
own:0.007264393062653831
with:0.0037488934409586365
into:0.00573975609930252
proves:0.01793142679638357
both:0.007197769494577686
my:0.009136675589714436
geneva.rutgers.edu:0.016022158064302697
to:0.0026503830001746746
everyone:0.009799720376644562
within:0.010373237872829543
then:0.005115001121076292
us:0.013204335808878179
t:0.008257285432693724
enough:0.007795347842748064
been:0.004702693548786664
that:0.012230611794164247
think:0.0046145770113094715
quite:0.008513459558042953
helps:0.013557603513246674
really:0.01876342060760506
through:0.0075944336346949574
could:0.004836888318352748
its:0.006627642807801828
me:0.006946081284644517
re:0.0011985272524941363
so:0.003275033965977308
anyone:0.0053619062488506125
likewise:0.018168952348158317
submit:0.016852990140546347
had:0.004917975915647869
believes:0.015732777145481863
this:0.006730544081684859
he:0.015289742380002263
hi:0.010099412371841041
satan:0.016852990140546347
recently:0.010606767835216952
on:0.00325005657204673
you:0.007125628069342587
am:0.026191287767650086
great:0.008080931694656015
obey:0.05379428038915071
m:0.008774453282795334
a:0.00402837728609537
how:0.008431814084802078
christian:0.041100543220981736
demonstrated:0.016571383230958737
as:0.0076934053867021
belief:0.013203574681309784
daily:0.014290401729910078
mind:0.009710435266058132
are:0.0020606134025680303
square:0.01625774287838259
fools:0.018120018142610918
works:0.00953566023573955
deeds:0.03801972690444158
action:0.03540281808486497
it:0.0021977912162818715
not:0.009662019368204565
deleted:0.011260831721148515
have:0.006554495040354523
being:0.006236551057452398
follow:0.012105744591081042
ve:0.005849787496882802
verse:0.01660147855259284
fruit:0.020245961147130998
hope:0.018515779087436186
feel:0.009763707321301851
talk:0.02217688312587838
his:0.01773489462985824
teachings:0.016852990140546347
without:0.007202597707700304
be:0.0018540424908252285
writes:0.002119430740440905
if:0.010739590060311045
of:0.0018696210150551795
produced:0.014714189020751292
believing:0.015826364179751935
opinion:0.010606767835216952
what:0.005900269891004046
but:0.01066159010016683
tend:0.013652577223523506
never:0.021191723373671735
saying:0.009668446086424485
ok:0.010461055097791449
fact:0.007686753617400126
alone:0.012305170946841327
talks:0.015342482683245912
find:0.006783483133568558
commands:0.03102021856779214
up:0.004305962725488412
now:0.005294597429096937
in:0.0039864035681456194
useless:0.015383574633339059
our:0.0214401482978884
thoughts:0.013762898453928887
and:0.003671128985488364
gets:0.010696526738438475
few:0.007325729169571431
still:0.006543939366120344
subject:8.556716952569966e-05
i:0.011625241787379819
taught:0.01551010928389607
we:0.04319692005493493
similar:0.01014345605085481
lives:0.02495165288418786
will:0.014529555703888261
yet:0.008429707508609498
the:0.0012079375160080977
do:0.004604602044272414
thing:0.007256193702323579
romans:0.03383815519905895
can:0.008313134542670322
william:0.013050189998048132
come:0.015392267144034669
problem:0.00678065798732559
just:0.003764065908544506
jesus:0.011132049422092326
people:0.004824593397670248
about:0.0031571031420572805
imply:0.015362962805357358
dear:0.015404319872139114
is:0.0051667812863589214
keep:0.008491713410660004
holland:0.03500688312722532
does:0.003905412866466427
thru:0.01654156786986158
automatically:0.015106415665378075
dead:0.010997699150035692
him:0.023043416378493345
changing:0.013725701190722774
article:0.002597220770245516
saved:0.029702655446664176
before:0.0068147252154571935
by:0.01269789070278418
says:0.016416838105304924
god:0.03401510553557981
james:0.05544220781469594
