at:0.025170428927269457
out:0.01683110141543514
apologize:0.07665376554346895
there:0.01311112836538782
entirely:0.059373214945445896
with:0.016709353622558494
post:0.03689396863473115
my:0.013574489447575732
to:0.005906567828960704
h:0.10094806069412904
like:0.01663770090726676
nt:0.010201122167463408
complete:0.052903083575639685
this:0.007499749119591699
state:0.03796733409915166
ph.d:0.086884289811821
christians:0.1027712467725563
it:0.004897934710571028
moved:0.06369436199617064
university:0.0671525743313901
be:0.016527464489642037
if:0.00957357742519156
of:0.00833316795281737
department:0.04954393689561337
looking:0.037055504934380624
york:0.10751906306929836
in:0.005076562911271156
and:0.0027271243892199276
for:0.009295681797487828
subject:0.0003813850984574042
steven:0.12818611793854345
i:0.013635621946099637
sciences:0.07270728873449527
any:0.014618389518411531
will:0.016190076355761206
the:0.002153580028540151
would:0.026647132745839314
thought:0.03835123435988161
newsgroup:0.05491662629391928
people:0.021503902001044534
is:0.0038381803841523415
new:0.0492571304252442
appropriate:0.05777153925800724
illinois:0.13769199661927875
non:0.07086140685620945
nice:0.045139135096496544
before:0.030374203817466347
august:0.0714130473723206
