muslims:0.01902480505847669
ask:0.012562769760156757
there:0.003955943903349773
attitude:0.018949840650235875
bradley:0.023817294349072076
take:0.009162711768688377
where:0.00796317585445587
serbs:0.04635510589540043
with:0.007562422975726905
from:0.0036490183380611016
work:0.017457521241295723
wrote:0.011101616270227849
both:0.009679758975466543
except:0.01389810956467161
my:0.008191502252847425
to:0.005346462258973051
then:0.0137575892222052
minister:0.02322738407873933
next:0.01154474148167748
perhaps:0.01245026524844847
that:0.007476392789536139
considering:0.01726452566963402
really:0.00841118854823675
nt:0.006155849583814125
could:0.013009561683845322
me:0.009341281727625385
re:0.0016118125119748729
scott:0.06589788022709493
so:0.008808712046421724
political:0.015537826627075538
cleansing:0.07455469343037043
had:0.006613829679664376
islam:0.04037969916643538
this:0.0022628553378078405
sunday:0.01925785342602098
you:0.0023956852991755253
why:0.0076712180179052
a:0.0006019414335544807
christian:0.013818286082916275
was:0.015266571277610096
as:0.0034487679319699068
said:0.009446141502859622
standard:0.013120881639923435
act:0.016084625271630838
mind:0.01305886121987128
are:0.005542339496562289
those:0.023998909322683965
taking:0.014685129457550022
christians:0.046512848754820736
it:0.007389125640947672
not:0.005197500073930732
should:0.028324347279887578
follow:0.016280139277660713
try:0.010501679622169796
whether:0.012316631831387174
moved:0.01921812646436183
peace:0.01660187868712522
against:0.011134831000680374
doing:0.034664261704723906
love:0.014104385518023486
his:0.007950125178901968
be:0.024933674876615144
joshua:0.05095926525686816
certainly:0.013257574470929488
if:0.005777158791063873
of:0.005028635833596689
converted:0.04372772222461524
ethnic:0.06685695993179905
what:0.0039674228577441
but:0.002867600095906941
saying:0.013002393012777756
killing:0.034888298722031565
seems:0.010157271936987405
they:0.004021205278050619
who:0.01672051130474804
bosnian:0.024239623695452267
one:0.004238409085239752
in:0.0030634431361119046
israelites:0.02652681443278921
massacre:0.044332931351108766
or:0.002906514903892609
and:0.0024685177661042446
for:0.001402365788414112
known:0.014038485981320509
seriously:0.016711007169816123
subject:0.000115073090051803
i:0.0032913570214723265
6:0.012665300140341356
everybody:0.017577195257483573
felt:0.01946217342125626
will:0.004884936831479674
the:0.006822764314556083
do:0.0030961979263211064
see:0.007626662764703345
rule:0.017020248139035268
would:0.004020041578036104
law:0.012960522091568819
because:0.007606561633166008
reports:0.03408812451886338
disciples:0.025313829693831513
just:0.005062019670111577
jesus:0.014970687153848302
about:0.016983037591756407
bosnia:0.04410097055007493
turkish:0.019120382030434976
loving:0.02249192926395156
is:0.0023161433352643437
right:0.008361524111165084
gave:0.015999456521715052
christianity:0.033160761326741485
does:0.005252106958351402
their:0.0065244983559556635
followers:0.02068825554138701
proceed:0.025000211787441735
sends:0.025652069415562095
reflect:0.020392726785191766
under:0.010462600978903617
very:0.007513976257687273
useful:0.016527100073613958
going:0.009387136569179666
by:0.00853823685187212
rain:0.024500936720523107
bothered:0.023993251222004214
god:0.03430833920398998
s:0.0026742943140345616
