dallas:0.03588059927912157
say:0.012321720612126906
know:0.008012176140638323
help:0.02779341194859477
all:0.006195245653547346
faith:0.07295505429262583
theories:0.033757853918049745
hand:0.02050155490553684
with:0.007595160737526589
alot:0.03288296694421756
from:0.005497222431364777
wrote:0.016724512822680917
my:0.006170222476170788
to:0.0026848035586185016
everyone:0.019853978944890282
t:0.016729045811691184
enough:0.015793172252840236
mail:0.01989815262880426
that:0.013515764627317278
think:0.00934901316576984
indeed:0.023949625379900103
like:0.007562591321484891
really:0.012671400929811208
through:0.015386125285875499
me:0.028145160529988177
re:0.0024281850829751335
anyone:0.010863082789879165
this:0.006817953745083364
you:0.01804542173404941
took:0.021918192704004413
am:0.010612573744814063
m:0.008888407221532937
a:0.0045341043046960875
how:0.017082636327650967
christian:0.04163431650956592
was:0.005749747624034972
as:0.0051955464949157044
stuff:0.018983224368010535
mind:0.019673089629935955
are:0.00417474923117679
square:0.032937764792567326
fools:0.03671068610710784
deeds:0.07702697918302451
it:0.0022263339593504676
not:0.007830000111376167
deleted:0.02281415257791128
have:0.0033198091762834604
received:0.025125264874362153
being:0.012635090454059405
tons:0.0376626567187434
has:0.006914119960302279
teachings:0.03414372028474325
without:0.014592275875340878
of:0.005050404819889316
helped:0.030566895879680332
believing:0.03206380275378314
opinion:0.021489036133686294
what:0.005976896772705398
but:0.008640041847407926
saying:0.01958802064262623
alone:0.02492995672347074
talks:0.0310834714102125
who:0.00839644723528473
up:0.008723768638651848
now:0.010726716869339249
in:0.0034612928940485157
useless:0.031166722633777837
our:0.028958122376368748
world:0.016371757719043357
and:0.003718805985299901
still:0.01325785118330875
subject:0.00017335686293518376
i:0.009916815960799737
taught:0.03142307854919204
we:0.008751583803337468
held:0.02639901350193751
will:0.007359125616255094
yet:0.017078368459001063
the:0.0019578000259455925
do:0.009328804141642815
thank:0.0235746383556462
romans:0.06855522352017139
would:0.0060561665331453
can:0.011228129771918356
william:0.026439345970071543
problem:0.013737436961334963
just:0.015251799525530987
people:0.009774500909565697
about:0.012792417926258072
is:0.00523388234202592
time:0.010256558246128011
article:0.005261901820237669
little:0.015229472090249769
saved:0.06017680843739756
give:0.015345690073740304
by:0.006431399187124456
champions:0.03680982553652854
god:0.0172284300764625
james:0.04492978919009127
