read:0.026360500719743277
at:0.010243779214586407
true:0.03003814874602147
send:0.0341086874520491
faith:0.0435468153529627
where:0.021482055793415833
often:0.03613163242184542
my:0.022098006077448867
to:0.006410228651585259
mail:0.03563157563762623
that:0.008067549428708763
r:0.036049067054989885
me:0.012599868376797031
re:0.004348145381141518
july:0.05724557531038265
93:0.04256994762563258
on:0.005895451456270813
you:0.006462778946613045
books:0.04245044084937396
tell:0.0280235471351448
reader:0.05990409907316151
bible:0.08369612795016969
a:0.0016238420067981338
hard:0.031444574448552434
exposed:0.06472598004075555
same:0.022582480820100143
was:0.01029605969885332
also:0.017249966647436818
quran:0.06591526898401623
are:0.014951427479098268
those:0.043160829169478145
christians:0.0418255074074357
learned:0.05278831970304602
not:0.014021162990138718
have:0.0059447745714843354
after:0.022432717298429664
mohammad:0.14759518235010588
writes:0.007689097569971655
were:0.01803841043572441
if:0.007792446741434991
please:0.022272271591921567
who:0.015035498537602887
in:0.006198129135854319
and:0.004439504819660347
for:0.003783126312931093
subject:0.0006208594626050766
i:0.00665925722949052
khan:0.1370199228823164
scriptures:0.06187571890083712
the:0.0035058279534374557
do:0.008352533940773217
moore:0.06573774023830939
would:0.01084476332679507
can:0.010053092935322248
peter:0.08562542048432457
joe:0.046272897987476
new:0.04009301313682667
time:0.01836639499888039
life:0.03244627154986872
2:0.02265592502436522
understand:0.03483903794111225
by:0.011516691567641466
fit:0.04727265208486484
news:0.035684610653063005
