folks:0.04461705843728648
know:0.014865965369377131
christ:0.044721372446239666
geneva.rutgers.edu:0.06022787127786075
to:0.0016604809157720853
then:0.019227474093684378
young:0.04522958466354442
been:0.017677595026764328
jeff:0.050788907094342126
nt:0.008603356044848657
re:0.004505307262387597
so:0.012310971052830364
he:0.057474694247719345
on:0.006108540063123976
disclaimer:0.04522958466354442
great:0.030376514322080446
why:0.021442440724747068
a:0.003365070182762398
was:0.021336412869912908
part:0.029508700149557556
character:0.05499982823241585
those:0.02236042956972964
it:0.004130788310120145
should:0.019792917376306986
have:0.0061596459415379865
ve:0.02198956263888475
always:0.03201151925299648
his:0.022222036644641646
heard:0.03256201637855271
be:0.013938825473192081
writes:0.00796701675924774
of:0.007027972972255613
totally:0.049632714464682565
but:0.008015460509041087
now:0.019902583106966798
good:0.01951819098023493
over:0.024167960873727204
in:0.00428143859986724
brother:0.055826677706983276
or:0.008124234430157655
and:0.00919993769857325
subject:0.00032165008303636504
i:0.006899953273929937
mats:0.07683571686411213
any:0.012328762244443462
catholic:0.05609294694795516
the:0.0018162723132266337
wrong:0.031848458516022415
around:0.02852041485727272
major:0.03947503581587702
may:0.022421994306503986
an:0.010818049862189599
different:0.0304483963615813
changed:0.04553391799799307
is:0.0032370196010923363
days:0.03588256174156834
figure:0.044487923302105464
sabbath:0.22244172102676252
life:0.03361902835287603
past:0.03980137887835378
black:0.12757418155098568
main:0.04480020495935937
s:0.014950271827855863
newsgroups:0.05164183543158428
