some:0.006788005087984617
read:0.013180250359871639
ask:0.016945131304397485
true:0.015019074373010735
faith:0.06532022302944406
fax:0.0177828101156011
with:0.003400159167381089
much:0.010158121334650763
from:0.009843863423606693
wrote:0.014974273108679425
my:0.011049003038724433
to:0.004807671488688945
demands:0.032868870119154694
mail:0.017815787818813114
relevant:0.0261394934407184
that:0.002016887357177191
think:0.008370628067026483
quite:0.015443019663426752
r:0.018024533527494942
like:0.006771157345980658
re:0.002174072690570759
scott:0.04444275643222682
anyone:0.009726248544426693
this:0.006104446957807198
he:0.009244960508838577
hi:0.01831986430240933
on:0.0029477257281354066
focus:0.02906344951199094
books:0.02122522042468698
possibly:0.022540428275565936
am:0.028505866686651726
bible:0.06277209596262727
3:0.013613174096730346
theological:0.034600465723316313
a:0.005683447023793468
hard:0.031444574448552434
other:0.00801923248739483
christian:0.05591585531226585
as:0.004651826512889642
also:0.025874949971155227
evidence:0.03741520970364043
washington:0.022321007764037754
course:0.01422181279011639
helpful:0.027003507972413993
christians:0.02091275370371785
works:0.017297244148550814
d:0.010592117571959509
lay:0.027830549983562353
it:0.001993345521744023
should:0.00955123338507837
have:0.0029723872857421677
university:0.027329536065100624
historical:0.026251303684485184
snail:0.03304777511140326
struggle:0.031466765137661154
talk:0.020113917253703647
his:0.010723424659914283
list:0.01692807323791616
be:0.010089440531467523
which:0.007511001933241382
of:0.00791327964511727
trying:0.015676326878304628
what:0.005351407575561809
but:0.003867925710758199
reading:0.038213047050732446
fairly:0.022815154350278408
aspects:0.028018720242295098
bach.udel.edu:0.03607857117903865
who:0.0075177492688014436
good:0.01883732385301743
one:0.011433847764832819
email:0.01595289918004617
703:0.06744243179868004
or:0.003920415451762124
recommend:0.051020689385620134
and:0.005549381024575434
for:0.003783126312931093
subject:0.00015521486565126915
steven:0.026084384464238494
i:0.00665925722949052
person:0.016309269994615412
background:0.02573837209486403
the:0.0021911424708984098
intended:0.02365435381963154
would:0.016267144990192606
can:0.005026546467661124
may:0.01081991585720832
newsgroup:0.022349789770781104
jesus:0.020193019881934917
about:0.0114536765153706
hold:0.020173143098511745
paul:0.019040828436680566
is:0.0015620501563410692
done:0.015399206694306385
new:0.04009301313682667
questions:0.035164841130761765
christianity:0.022364234383151233
lee:0.02480901918241114
ignorant:0.02906344951199094
encouraged:0.031130604841795893
virginia:0.028373580071285612
verdict:0.03496778491879034
very:0.010135130766182833
comes:0.017582420565380882
realize:0.022752972436808943
by:0.011516691567641466
especially:0.0181703238807985
s:0.0072143753587909105
