at:0.015059230982127027
thanks:0.01703749269159114
specifically:0.034590108134663775
your:0.021537302943269446
with:0.0099970491758897
method:0.034110238655953494
name:0.023608824836155996
to:0.0023558960001552665
that:0.0029649967985852723
view:0.029105544895595144
protection:0.0361536093686578
me:0.009261441712859357
so:0.008733423909272823
this:0.008974058775579812
student:0.03438476471939036
you:0.023752093564475295
tell:0.020598504731815837
subjects:0.046057718856987395
am:0.027937373618826766
board:0.030693987344915765
a:0.0035807798098625512
partial:0.04832004838029579
samples:0.048583054009926165
christian:0.027400362147321163
j:0.026103663756656948
as:0.0068385825659574235
question:0.018658000712368415
course:0.06272184102307742
are:0.010989938147029497
cooperation:0.04586122724822929
reasonable:0.031951343334239726
pagan:0.052816570567447756
it:0.002930388288375829
not:0.005153076996375769
being:0.016630802819873062
university:0.04017675387348126
doing:0.022911990642438596
feel:0.02603655285680494
evil:0.03569806593511625
get:0.011233965600778825
of:0.00997131208029429
opinion:0.028284714227245208
but:0.005686181386755643
sense:0.0280882226184871
requirements:0.08318575487351211
please:0.01637107142654064
in:0.006074519722888564
point:0.01881654667743642
use:0.014211790835447421
and:0.006526451529757092
word:0.026229713813362556
for:0.008342278536207025
subject:0.00022817911873519915
i:0.004894838647317819
taught:0.041360291423722856
appreciated:0.028929590762190115
cnsvax.uwec.edu:0.04972434796398192
survey:0.043210330425119556
any:0.008746045011015448
review:0.03693708961246826
will:0.009686370469258842
the:0.004509633393096899
do:0.01227893878472644
an:0.007674343064630229
human:0.027400362147321163
is:0.009185388953526972
choosing:0.048583054009926165
time:0.013500085212852255
unless:0.026308217314021297
wanted:0.026027008457659
paper:0.03296280681398799
conducted:0.04586122724822929
answer:0.02595103454810989
by:0.016930520937045578
