believe:0.029762628497675893
at:0.00603400693461939
correct:0.01120622411021044
know:0.008451199490810286
all:0.0032673555844051068
true:0.02654055608381349
matters:0.016285972833180302
your:0.004314836377333091
way:0.0059327836285840525
objections:0.019803621205392512
from:0.0028992200494184096
parents:0.03140825363351542
yours:0.014473730496076921
both:0.023072302215495593
geneva.rutgers.edu:0.017119566150898772
hayes:0.038126262215787514
to:0.00802376223340552
otherwise:0.012169126135657658
important:0.01076153867456583
depend:0.017550005243924444
might:0.00728453813657002
arise:0.020048343684783417
that:0.0035640886174775014
could:0.02067272815515147
re:0.001280618160199214
so:0.00699870272181452
believes:0.033620729242399595
this:0.0035957701258316366
child:0.027160031648913657
these:0.005673410866777201
on:0.005208994779855718
set:0.009073337616869593
tell:0.008253510457611139
medical:0.013777457096468052
used:0.006761861329920772
assume:0.011888659435921836
them:0.015060196967796995
a:0.003347783863330399
same:0.0066510046250979876
christian:0.010978912230262245
as:0.005480233974089167
perceived:0.060337073516803875
truth:0.08618288594550763
steve:0.021966807170098537
africa:0.038517758200992645
part:0.008387746960319442
witnesses:0.018007304533734454
blood:0.057214708416556175
belief:0.01410792911153648
question:0.0074759797374900835
fidonet:0.01883320198858681
far:0.008525267370278772
others:0.009234000763932862
are:0.008807005227414047
internet:0.009782650490118514
premises:0.02242213539902981
christians:0.061592356798621066
it:0.0011741624306163424
not:0.008259041213369381
have:0.003501716528408581
being:0.0066637120887847534
directions:0.02017759138335481
only:0.004566904925579748
theology:0.018415042068035785
p.o:0.015776227533188643
whose:0.012817744693496468
danger:0.0167858149996977
his:0.006316537813374166
univ:0.015906175928956188
be:0.01782928532273028
writes:0.0022645972295121997
get:0.009002561474596727
conclusion:0.015115598539611615
if:0.004590071368242529
of:0.0066589241632102275
trying:0.009234000763932862
department:0.02375394234721189
analogy:0.036227558293975975
seen:0.008878304419939564
what:0.009456596948595526
duty:0.017229164545029502
but:0.004556734398975412
well:0.00576324626764844
they:0.009584790662750791
who:0.004428263267924138
up:0.004600891679288988
box:0.010851160995570572
in:0.0012169842595513047
point:0.007539506716644043
or:0.002309285814051662
and:0.00653762696045873
irrelevant:0.016810364621199798
subject:9.14279345617065e-05
jehovah:0.02242213539902981
similar:0.01083821331461199
necessary:0.02469024505124332
will:0.0038811826880249464
the:0.0067114994040121155
wrong:0.00905281526311596
do:0.0049199857459349084
can:0.005921684879710365
because:0.012087139033524067
agree:0.010330668421111092
claim:0.011182325495890363
push:0.01643724412877324
come:0.008223266008456877
an:0.003074993625211427
note:0.010142770886570196
here:0.00616575652610752
people:0.005155045000250402
arrogance:0.05597929364228007
warning:0.014692263073970601
doctor:0.04525706603011477
efforts:0.01661872539637773
different:0.008654852390449478
arrogant:0.03793859800901961
south:0.029600270442868396
is:0.00920111735926931
discussion:0.011773534056473257
save:0.02481171392069379
argument:0.012050484384040144
right:0.006643402718459929
study:0.012689634754913692
does:0.004172906898416182
sides:0.031197488848126696
life:0.019112187351292532
mission:0.015397235862340973
under:0.008312751462690544
precisely:0.01706605478821699
faq:0.013294846105814244
article:0.0027751126038239758
thus:0.022817500499152776
editorial:0.019863181968104392
beliefs:0.014911516014946391
s:0.006374345351260462
