reid:0.26293481717791334
geneva.rutgers.edu:0.10201863910331513
church:0.1529500342893391
brought:0.07906924168440137
re:0.0076314388322075615
churches:0.1068965350312845
this:0.010713927313702428
jon:0.08468098497384353
you:0.011342836518545342
am:0.03335380319798705
was:0.018070635389824195
silver.ucs.indiana.edu:0.11045476742199425
fisher:0.12274406134759057
are:0.013120640440841337
missed:0.08869249341281286
it:0.00699704958653004
writes:0.013495150837093108
if:0.013676539178845086
please:0.039090109324597035
up:0.02741755857862009
beginning:0.08265483253340589
in:0.007252232730387366
subject:0.0005448358549391489
i:0.0077917839691997925
group:0.11008636468598551
cell:0.33995760987995766
joseph:0.08335099242130105
cs.uiuc.edu:0.11417561551983006
the:0.0015382714489572508
when:0.02668723352742318
joe:0.0812136576923048
an:0.01832445180738238
about:0.02010237102697697
discussion:0.1403213038567425
dale:0.09848613399400222
define:0.08723991630122317
e-mail:0.056116240339842166
article:0.016537405720746957
before:0.04339171973923764
past:0.0674186621817013
somewhere:0.07917389916127728
