go:0.018887691764991523
know:0.011979370152022347
all:0.018525588944588178
spreading:0.05533947258378155
christ:0.07207522161238625
to:0.001338057436981389
grace:0.04924675512675114
band:0.0483814368753336
us:0.019998799865873745
that:0.01010401821653816
jeff:0.04092698338670287
nt:0.013865602946066766
re:0.0036304903182346653
th:0.05648299720180469
he:0.06175274592311593
on:0.009844831558044463
you:0.0053961066932885614
children:0.03254734823318957
great:0.02447816202653084
a:0.0027116584967891164
how:0.01277051453620509
was:0.025790130119457834
part:0.023778855460323076
wife:0.03923283521499
someday:0.05597633940403216
are:0.0062418580737983054
hey:0.03741882510321523
it:0.003328693492621087
should:0.015949632448868732
peace:0.03739452286808787
has:0.010337616251325737
love:0.03176910136098494
his:0.035814156145733134
be:0.01684838613021761
if:0.006506314754984556
of:0.0037755453507910416
totally:0.039995294180278175
what:0.00893633109705467
but:0.012918120820396315
particular:0.03292282959304667
now:0.016038003862895573
called:0.02604130578501683
in:0.003450091298922145
brother:0.04498654611339428
and:0.00926692753618422
for:0.0031587268243890676
subject:0.0002591937562331873
i:0.007413542028947375
group:0.026185591600064513
we:0.02616978457697029
similar:0.030725808620065055
the:0.0014635980776486464
wrong:0.051328583627764275
see:0.01717850253797258
around:0.02298247022479258
major:0.031809980317648465
gospel:0.05001701476011543
may:0.0361364180085404
about:0.009563263886620111
changed:0.036692380522654604
is:0.005216944211469202
sabbath:0.1792491538370999
life:0.02709106168241466
1:0.019014795067230177
father:0.04203564714908787
black:0.10280249581293023
john:0.026033770869726653
god:0.025759011958982763
s:0.006023653212194352
