another:0.0119220716687558
believe:0.01168103161467925
king:0.02256802959611718
at:0.004736371034701242
know:0.006633737234722053
all:0.0051293969389585555
true:0.01388860640945079
own:0.012185433524451589
someone:0.011846549003564624
from:0.004551463733495568
availability:0.02878744103649943
copying:0.030644976753384415
christ:0.03991262272083755
to:0.002963869161485658
us:0.02214920845360211
might:0.011435941590744333
t:0.013850930403228184
make:0.009462798297579053
that:0.009325393156840774
think:0.007740580793164276
church:0.020146644301552732
nt:0.0038391319985077344
me:0.005825745593572821
re:0.0020104328106353257
scott:0.041097602722274265
error:0.020244398705225798
this:0.005644972455606656
satan:0.028269531848658394
certain:0.017722123611615643
on:0.013629269495679837
demonstrates:0.03199612959360434
you:0.017928999658345865
numbers:0.01896635699461666
lord:0.06870329183450538
used:0.01061539520611218
bible:0.09674552424347573
posted:0.01835151034667686
more:0.006835586160326483
a:0.003754043349049449
other:0.007415634343182317
was:0.01904217492691152
as:0.008603378066849661
idea:0.01490524889925138
question:0.011736484319070454
therefore:0.018456588820187452
died:0.021807543124485622
far:0.013383753075921516
no:0.0060523964310887635
christians:0.019338675467954144
only:0.007169549668114445
peace:0.02070771965275834
earlier:0.021214766316582218
love:0.017592566882695962
his:0.0297488555081493
free:0.015524235452283526
be:0.0031100067588036096
aaron:0.054361383438053634
were:0.01668068061798171
of:0.010453794922889175
trying:0.014496388296066646
but:0.003576791517475324
year:0.013305165140912107
years:0.01198803990849674
version:0.0167767236971268
lift:0.029566102046598652
english:0.07126049008128435
fact:0.012893909293703439
up:0.007222905216948305
in:0.001910534428973016
or:0.0036253304177585235
and:0.004105348542911719
few:0.012288319897345627
for:0.0034983748700223014
subject:0.00014353202630117365
showed:0.022982558595483527
i:0.0020526742714558595
group:0.014500623305412071
we:0.007245934976956829
face:0.019297159091105163
ago:0.015382611426691636
body:0.01908430711652985
yet:0.014140154530570773
unfortunately:0.019795124090462135
than:0.007691404743115383
the:0.008510114628908662
romans:0.028380388231468802
address:0.017165706203944146
replies:0.02409574320866456
many:0.00996344638482846
is:0.005777905954637934
translations:0.06399225918720867
keep:0.014244164430784523
man:0.031161820847260206
very:0.00937227146120133
inspired:0.029927066040349344
advertising:0.028971790893911428
give:0.012705571351376382
process:0.0388877820777803
sinners:0.03199612959360434
while:0.01166850809612109
poster:0.04897670292286557
god:0.014264399095565726
news:0.01649933610840548
james:0.01859996649267219
