above:0.02347117267352194
some:0.010064973061494432
at:0.0151890519388695
cultural:0.04515457083218053
specifically:0.034888298722031565
with:0.01512484595145381
literature:0.04078545357038353
c:0.022293945650249652
from:0.007298036676122203
wrote:0.022203232540455697
my:0.008191502252847425
christ:0.031998913043430104
perhaps:0.02490053049689694
church:0.032304102069731104
could:0.013009561683845322
mainly:0.0414884696649017
me:0.009341281727625385
re:0.0064472500478994915
michael:0.051805089684029124
uk:0.03725551279878264
phone:0.025321957984565248
he:0.04112413467724746
on:0.0043707657348214645
concerned:0.034706803815153696
welfare:0.05095926525686816
interference:0.04822935483165236
a:0.004815531468435845
member:0.034404292437470334
christian:0.02763657216583255
was:0.022899856916415145
as:0.0068975358639398136
minority:0.04276119379254019
serving:0.09800374688209243
whose:0.0322653573319049
providing:0.03975854987643488
directed:0.04481646123603156
struck:0.04697113144697064
his:0.015900250357803937
addressed:0.04635510589540043
of:0.013409695556257838
years:0.01922220192224477
languages:0.05000042357488347
fact:0.020674716626110683
scripture:0.04137651108277402
find:0.0182452304971844
now:0.014240641361019346
one:0.008476818170479504
in:0.006126886272223809
fully:0.03618666814549824
yes:0.022990050607792144
and:0.004937035532208489
word:0.02645583203589154
for:0.002804731576828224
subject:0.000230146180103606
i:0.0032913570214723265
tape:0.03577041606653736
group:0.02325099943798832
back:0.018158247586789116
translation:0.04088994805773133
the:0.0045485095430373886
would:0.008040083156072207
peter:0.09522137277998163
an:0.00774050119449773
people:0.012976492586837219
is:0.009264573341057375
number:0.021571248693084123
having:0.022559408555347944
issue:0.02699448282297287
presumably:0.04250384066193949
man:0.024983183955131025
experience:0.028553644610303
met:0.040682210544118746
dedicated:0.04697113144697064
very:0.015027952515374546
davis:0.08539226334998758
concern:0.03971257275595762
god:0.022872226135993316
main:0.032055319065748517
