prism.gatech.edu:0.06562648041811496
c:0.03591802354762444
hell:0.1896322735823275
geneva.rutgers.edu:0.06942935161197836
to:0.0019141655001261538
justice:0.059802307437534674
indeed:0.051225587618119656
through:0.03290921241701148
need:0.026683360993017168
re:0.005193618094141257
la:0.24212797050168766
he:0.04417036687556209
a:0.009697945318377744
que:0.15746425368403874
no:0.03127071489395861
reason:0.03711405450011844
not:0.016747500238221247
only:0.01852133664262898
worship:0.07080789269663587
writes:0.009184199875243921
if:0.009307644718936239
of:0.01620338213047822
lawrence:0.06587824964856714
must:0.03218695038165968
who:0.017959067697692337
in:0.0024677736374234785
fear:0.11960461487506935
for:0.004518734207112138
subject:0.00037079106794469857
spoke:0.07117502126702692
exist:0.05050728438605701
the:0.006281275083242108
would:0.012953467307005223
effect:0.048144075758644524
did:0.02283209782559674
worthy:0.07637909695371317
an:0.01247080748002412
jesus:0.04823888082906675
reality:0.0582029336423942
is:0.011194692787110995
existence:0.056507623013564226
article:0.01125462333773057
god:0.11054909299063437
