week:0.0907326001159364
at:0.04636657960286479
then:0.04199685130988955
that:0.009129069090380968
church:0.1972250442152004
re:0.009840539546793961
attendance:0.16622999678697029
a:0.003675010857490513
silver.ucs.indiana.edu:0.14242851588625574
fisher:0.15827523700084048
whole:0.07873461776387605
not:0.015866052857262232
only:0.03509305890182333
be:0.015222664661512402
together:0.09365700635395344
in:0.00935156325760476
gets:0.08782411427349485
subject:0.0007025514971583761
i:0.005023650190668287
group:0.14195347025298133
cell:0.2922442611248759
joseph:0.10747891128009873
the:0.001983560552602771
when:0.03441248533799305
would:0.024543411739588843
joe:0.10472287439270883
here:0.04737897120061568
definition:0.10723103701913843
discussion:0.09047031432868924
dale:0.1269952780448976
every:0.06400390860361568
950:0.15715524714771426
by:0.026064091442557002
