believe:0.022398679178663304
go:0.060168007787447235
attitude:0.04532333021499715
final:0.03975926182718139
with:0.00602914821432523
hell:0.07037898813364733
o:0.07218513368659549
gerald:0.0522059475196856
wire:0.052558435816059616
to:0.0042624716291469
then:0.03290474947991347
us:0.02123583903283501
heaven:0.04488827501406543
that:0.003576336344685328
think:0.014842763170397476
like:0.012006588283594568
along:0.03602022073341479
me:0.011171017323758192
re:0.003855056729671861
this:0.005412190086303288
joke:0.10120879318330601
on:0.00522689510555969
you:0.01145977297749942
am:0.016848828419601707
philosophy:0.0504571186818852
m:0.01411149187748528
a:0.0014396949750993763
y:0.04395227398489495
let:0.02376430662631778
college:0.04246922990276961
l:0.0681435170876982
no:0.011605626146211441
religious:0.03784948252690843
terry:0.055796738182244524
it:0.0035345920591749688
reject:0.10529694750776365
be:0.005963518114819292
claims:0.03872500696503842
writes:0.0068171380517274465
if:0.020726301642167298
of:0.006013626357703258
but:0.006858589920107322
trinity:0.06094097700821347
oh:0.033296043135479104
in:0.001831749504066912
and:0.005904083729239018
still:0.021048547239479867
subject:0.00027522635971152884
p:0.06940470184806907
i:0.009840139548731697
actually:0.025199114712382314
will:0.011683560256734891
the:0.003885324793758005
come:0.024754573963602148
just:0.012107098592431814
jesus:0.03580617958446192
e:0.03207102779436935
n:0.037742427791797956
paul:0.033763118465041826
is:0.00276982089578004
him:0.02470634333364235
u:0.03898601529477336
going:0.022451708082986417
apply:0.04123253593288323
god:0.05470470580979845
s:0.025585001272413126
james:0.03566591513027863
