sent:0.02786123142643646
effective:0.03059064722427685
out:0.008925584083942877
correct:0.024789526061980673
increased:0.03676263496774468
proven:0.03593359071740026
send:0.022222326673304718
your:0.009544941077130777
such:0.029136624294966645
my:0.007198592888865919
geneva.rutgers.edu:0.03787055542471547
to:0.002088180545592168
us:0.031210248275530244
bruce:0.0697978551468346
that:0.005256130688401164
think:0.01090718202673148
me:0.016418010309159767
re:0.002832882596804322
had:0.011624306709713145
largest:0.040649724151839595
on:0.0038409759487824996
western:0.030988846694662123
education:0.1966203411843784
link:0.03671127370270392
a:0.0021159153421915077
same:0.01471282841309555
false:0.03172051963409985
was:0.0067080388947074665
as:0.0060614709107349885
also:0.01123861463393611
evidence:0.024376576019038462
d:0.02760370033904599
not:0.004567500064969431
sex:0.06554011372812614
pregnancy:0.14226321509238463
ve:0.013826770447177533
60:0.030845903631750132
suspect:0.029409811082558784
has:0.024199419861057978
netcom.com:0.024386630111523783
regarding:0.05995449047077087
highest:0.03575103350846799
be:0.004382282251041449
kid:0.03836346143492048
which:0.01957412625026542
rates:0.034739432049191304
writes:0.005009563568314866
if:0.005076897119419767
of:0.0073651736956719185
but:0.005040024410987957
negative:0.03740776987941367
please:0.02902144480159477
good:0.01227280190423863
one:0.014898650117812462
in:0.00673029173842767
point:0.016678302736818643
world:0.019100384005550582
subject:0.00020224967342438103
however:0.018159840183309947
i:0.010123416293316399
group:0.020432696475807918
we:0.010210181103893712
any:0.007752176259763692
the:0.005710250075674644
wrong:0.02002592467295349
do:0.0054418024159583085
see:0.013404437586448305
when:0.009906624566998
drugs:0.06572377070588893
joe:0.06029498828671115
head:0.02615802829890669
is:0.006106196065696907
discussion:0.026044484427955997
lot:0.01877691960807114
wanted:0.023069393860197747
guess:0.04539632216569172
terms:0.029160143751624727
article:0.01841665637083184
side:0.024396697564933283
s:0.004700274854969836
