there:0.028680593299285857
media:0.06174150297961346
wonder:0.05766199543463951
cut:0.05720336712194377
with:0.009137927762336677
into:0.027981310984099787
to:0.004306872375283846
appreciate:0.05998770836585147
like:0.03639497073464604
me:0.01693107313132101
hi:0.049234635312725074
on:0.03168805157745562
magazines:0.08297657670887151
etc:0.03628631230403493
magazine:0.13195936052512133
a:0.0021820376966349923
other:0.021551687309873606
christian:0.100182574101143
electronic:0.06740111429702515
are:0.010045490337519149
d:0.05693263194928236
it:0.010714232179374124
leadership:0.1649610065954124
paste:0.09916551314147738
if:0.02094220061760654
of:0.0030381341494646664
but:0.01039505034766266
subscribe:0.08168718571374646
good:0.05062530785498435
one:0.015364232933994101
and:0.0029827923007092957
word:0.047951195565053416
subject:0.0004171399514377859
i:0.0059655846014185915
info:0.04602180405300621
any:0.03197772707152523
would:0.014572650720380876
instead:0.04793334861851002
just:0.018349821304154468
is:0.0041980097951666235
save:0.05660172238158272
having:0.04088892800656815
disk:0.16410838986561943
paper:0.0602601312068218
processor:0.07636364601437144
s:0.009694316888375286
james:0.05405615261932855
