religions:0.01879604803268032
another:0.008730335946411727
practices:0.02010591320522259
believe:0.017107652601026303
ideas:0.014161392271808938
there:0.003613303092823415
all:0.007512345123199143
testament:0.01980675609113628
true:0.030511190458557245
with:0.0046049399747208454
way:0.006820365431285604
such:0.015141867743840933
from:0.006665923263229729
easter:0.09190184594155215
name:0.01087493112531595
to:0.0016277942835718473
then:0.006282993503054343
713:0.021970159549132746
us:0.008109749551909433
been:0.005776536957564722
that:0.005463064967472076
view:0.013406884853482801
really:0.007682660406263487
through:0.009328595645767034
nt:0.002811332880797002
perfect:0.03189044719792826
re:0.004416620111553195
lost:0.013797268993377363
so:0.016091505470628664
foundation:0.01958884233096634
this:0.004133719987176527
parallel:0.01811556451756453
sunday:0.03517970074674699
resurrection:0.12756966486686733
you:0.004376369995344267
lord:0.01677009485724147
glass:0.043000580849190166
why:0.0070067818116299465
more:0.005005586715829629
a:0.001649414321865821
other:0.00543034640878705
was:0.013944269828368277
as:0.003150055748885899
truth:0.042461309385975636
services:0.047204664891298924
belief:0.016218564175467135
houston:0.01980675609113628
oil:0.017644914318155937
nyx.cs.du.edu:0.0185095938819621
others:0.010615465445151165
l:0.013011655821863633
shell:0.01897330662076676
are:0.010124588686633473
no:0.0044320698274901964
daniel:0.016844803130702125
pagan:0.07298667822509512
it:0.0053992981061412905
not:0.014241968706518855
states:0.013593935966360956
larry:0.03578569319663776
hope:0.011371895817480493
second:0.010825573923827821
earlier:0.015535222578284614
arguing:0.02010591320522259
has:0.008384050975484654
worship:0.020071528638416467
be:0.0045548130483265455
which:0.005086190285502039
writes:0.0026033952402266234
recognize:0.03525294793306442
were:0.01832247989140511
if:0.007915162438150504
of:0.00918616939680655
lawrence:0.01867414950668045
what:0.010871363421220054
biblical:0.01797238481610439
double:0.017394292854486734
gift:0.02170223252848308
they:0.003672911907510802
who:0.0050907593473773554
up:0.005289214056505451
called:0.010560057070302102
in:0.0034976319270568993
our:0.026335930192681812
replace:0.017308515869506783
clearly:0.01430909597017482
or:0.007964308555548251
world:0.009926183813908177
rather:0.010131825405168753
satanic:0.02319628615724254
and:0.002254709140693641
word:0.012082191008517396
for:0.003842703105260716
subject:0.00010510612949613503
purpose:0.014806620047813334
forth:0.019440258362529935
i:0.001503139427129094
athos.rutgers.edu:0.016443597300821265
we:0.02122431347581055
stan:0.021754379090491032
power:0.010637225512482449
information:0.009601658600329783
yet:0.010354601349158124
images:0.016755321827247177
than:0.005632288512675044
the:0.006231816224318942
do:0.005656046605562966
see:0.00696608567484715
when:0.01029664915624989
intended:0.016017908885734743
would:0.018359245002054648
because:0.006947725586198873
serves:0.020318776281089815
drop:0.017045951402976576
just:0.004623577021519236
people:0.0059262722050122734
about:0.003878016457960124
company:0.013252472596973819
mix:0.020318776281089815
paul:0.012893789335075028
is:0.004231064990404156
either:0.009856546090997472
today:0.011177662463773042
argument:0.027706625512911195
new:0.006787399861746248
center:0.012860751312885074
2:0.007670903748407121
light:0.013748876715772807
1:0.007710723983955546
show:0.011850664054074143
article:0.003190286930380319
full:0.012164025527256902
tx:0.01865021625441123
god:0.010445583589666239
s:0.0024426625230551903
