believe:0.04260140941824197
at:0.0028789706289360493
out:0.0038502519577792806
correct:0.021387042092689205
say:0.006201127366887397
there:0.005998555461288546
know:0.008064543304956222
all:0.009353606182806777
true:0.008442094092019107
your:0.004117425562683865
from:0.0055331519897397095
yours:0.013811533675994973
both:0.029355608919061936
approach:0.01345180606187528
melbourne:0.01901225069211073
hayes:0.03638192342160116
to:0.0027023512942957466
changes:0.01332650097953003
line:0.009228116826163361
physics:0.01498563735455311
important:0.010269180695990924
arise:0.019131099202473068
that:0.006802051479107388
really:0.006377110271865771
nt:0.0023335900383086227
along:0.011418174546213187
me:0.0035411394784462245
australia:0.015160436978575938
re:0.0012220277868567665
so:0.003339250318251373
anyone:0.010934083330989485
believes:0.01604126297186386
this:0.0034312577671334575
parties:0.015994576837068186
mean:0.017277268345293206
personally:0.012806681716034317
these:0.0108276860986859
on:0.006627566342997254
set:0.00865821759518275
tell:0.007875898868047232
used:0.006452495125283874
am:0.005340968485952175
assume:0.011344733840814303
them:0.009580778898903535
why:0.0058160868632483875
more:0.004154964136669039
a:0.003194617281347962
false:0.01368336141078817
as:0.007844256472715867
truth:0.05874277006556543
steve:0.02096178984859076
pointed:0.014136102960968382
given:0.009110416860069546
far:0.008135222457913078
others:0.044057650703731965
mind:0.019801671915098934
are:0.018909158282388986
no:0.0036789076345833654
premises:0.02139628606704805
christians:0.05877440583397828
it:0.0011204425808495817
not:0.007881176582692351
should:0.00536866713148196
have:0.0016707536377374276
directions:0.01925443360764577
only:0.004357961562971525
university:0.007680850005224359
real:0.008358149849667476
arguing:0.016689222072308947
danger:0.08008918267829622
determine:0.014256410062676608
be:0.0018903962651551352
writes:0.002160988205939746
get:0.008590679577066159
conclusion:0.014424035207733962
if:0.004380068103028819
of:0.006989694252363153
department:0.03400074100679349
what:0.009023942186241482
duty:0.016440902114864757
but:0.0043482563545778445
particular:0.011081867477398063
saying:0.009858023460668101
island:0.05032911961969312
lines:0.01154634681141999
necessarily:0.012703473964235955
they:0.02439005554268611
up:0.004390393367164656
one:0.003213434339136021
in:0.0029032631028511518
point:0.014389123929804319
and:0.00623851984462075
for:0.0021264631562880653
subject:8.724495716345848e-05
victoria:0.01980036198889795
i:0.0012477039689241499
example:0.009187448182215376
athos.rutgers.edu:0.01364926050460327
group:0.026442313086339656
we:0.004404391848738464
don:0.014570605685398511
allow:0.011458413958740497
will:0.0037036122382460273
the:0.005172814774434677
wrong:0.008638634172646603
do:0.007042332538298987
can:0.011301516241015861
because:0.011534132672513164
claim:0.010670715832679693
push:0.015685213351639825
may:0.006081782769411212
come:0.007847038151860813
an:0.002934307642358617
just:0.003837871122437536
note:0.009678722545354568
long:0.007778794918655506
btw:0.01226075333478214
people:0.02459596634106401
arrogance:0.01780604982957057
warning:0.042060204094111917
different:0.016517757503341488
arrogant:0.018101422579466873
is:0.007024120964461801
discussion:0.011234875635588861
living:0.012039232071990523
argument:0.022998310066272693
right:0.006339456188857188
does:0.007963979178676635
sides:0.029770152757035935
their:0.00989335698419421
goes:0.010532768614348617
warn:0.01895440893688393
unless:0.010059024267125788
first:0.006135800096049154
premise:0.019192184604473566
leave:0.01154634681141999
article:0.0026481466677013106
useful:0.012530350382609275
neither:0.012231311929741728
side:0.010524065616245729
thus:0.02177356256781899
live:0.010119896320090388
task:0.016414440643516326
mine:0.010670715832679693
editorial:0.01895440893688393
beliefs:0.014229289792040347
s:0.0020275695452811058
