simply:0.018650264267581644
believe:0.013247999270306954
mark:0.03662956054014866
there:0.005596213326689923
all:0.011634973544466966
means:0.017284117197797273
nowhere:0.03146932424022447
where:0.022529960954070265
i.e:0.021064262176679286
own:0.013820064850902411
cut:0.02232326521831952
way:0.010563248899674044
c:0.01576888838676195
previous:0.021178045242029306
from:0.010324051883294825
kids:0.02680709165155319
my:0.011587978796710991
catholics:0.034201182304413255
to:0.003361461366075197
everyone:0.018643370472640874
besides:0.02469565118376152
then:0.009730977742535386
produce:0.025704142005063393
think:0.00877895138736924
church:0.04569848585474156
nt:0.01306241253150802
its:0.012608686317281525
re:0.0022801250169400644
so:0.0062305524230787815
this:0.0032011124290940184
bible:0.021944716474739615
a:0.004257634530019497
other:0.008410414559950676
false:0.02553114994939744
as:0.004878744879372064
truth:0.021921082487881733
belief:0.2009519658813977
acceptance:0.03181785115388269
mind:0.01847351099396425
declare:0.03465986170220342
are:0.003920191351226985
christians:0.04386577606145696
not:0.003676280540097347
have:0.006234763574971377
has:0.006492527279796043
usually:0.020108236232845203
down:0.014416863274104623
if:0.012258849142013584
end:0.01648922806448481
of:0.005928066633101788
short:0.021115718692812608
what:0.005612451847540435
but:0.0040566050137220136
well:0.01026138969605698
find:0.012905163034593842
authority:0.18054759800567524
in:0.0054170640821491
our:0.013596191603538985
baker:0.07282804136113588
and:0.002328033015187743
for:0.009919172649758353
subject:0.0001627863225123067
i:0.004656066030375486
we:0.016435901289194758
will:0.006910398444532222
the:0.007813293396227989
wrong:0.016118427175791834
do:0.013139961931216401
start:0.017180256633429956
come:0.014641424844325662
just:0.0071609058747919875
arrogance:0.03322348321858899
stops:0.033074754845880704
is:0.008191238624715363
argument:0.02145574048865684
itself:0.020506438052404756
else:0.015405806252061323
right:0.023656995046223168
does:0.007429809843521496
article:0.0049410541482719575
majority:0.025138955036058667
somewhere:0.02365561621282065
task:0.03062694412753656
by:0.012078481400209343
freenet.carleton.ca:0.06771513367527612
says:0.01561601673431444
beliefs:0.02654977241685577
s:0.0075662961080002235
