at:0.004612382264159325
block:0.06891799927481672
honor:0.028213367048521076
jayne:0.1387272162859232
actions:0.020702735309885614
access:0.017551711350882335
own:0.011866443118052333
christ:0.019433894832659122
to:0.005772561927082014
permitted:0.030949082564380666
might:0.011136571392033749
prayer:0.16682201809532282
interpretation:0.024553972816875675
that:0.00544876375027974
think:0.00753794778810762
bit:0.014267456534323035
nt:0.0037386311608504637
anything:0.024306190055700564
re:0.0019578036794668614
happened:0.01765602564784519
this:0.010994396615108253
he:0.008325304751414844
prayers:0.12463413831225982
on:0.002654496467221413
regard:0.024035743321855516
causing:0.025699615022986084
sin:0.11271639098174074
more:0.006656644114244639
a:0.0014623079851794714
how:0.006886717262979709
stronger:0.02664665032154277
sister:0.030553755064338023
as:0.004189079372863971
wife:0.04231394792820912
physically:0.05618600615751651
therefore:0.017973432044789874
are:0.010098084527767939
it:0.0017950546059684396
not:0.012626387614156333
have:0.0053534095617555275
transmission:0.025371142035376534
husband:0.02791749160211614
ve:0.009555673816897562
verse:0.054237291187528444
has:0.005574735465374613
usually:0.01726571069207651
his:0.019313393104767086
heard:0.014149986174973166
be:0.018171557815836795
thinking:0.036476717631923096
writes:0.006924213518508506
if:0.007017281882339365
of:0.004072054147973584
looking:0.013580551546631644
what:0.009638137204153206
but:0.006966316463355082
must:0.012133300667431924
one:0.010296449296079818
in:0.00465130109671441
our:0.09339373499394318
or:0.007060852960241732
use:0.008705651977734806
and:0.0009994696714418583
for:0.0017033971880213298
subject:0.00013977464341370836
cause:0.01651047713791658
however:0.012550256042915776
i:0.005996818028651149
example:0.014719157820722015
athos.rutgers.edu:0.02186740164611833
we:0.02116875244576916
howard:0.02747633797060965
allow:0.018357459012432423
than:0.007490059069211839
the:0.0015785403350556085
do:0.0037608268005575743
see:0.009263799797964274
would:0.014648947321011142
can:0.0181060940824652
specific:0.038378599879271544
peter:0.01927692712474323
her:0.03462208172701286
praying:0.031158534578064955
may:0.019487178297799276
an:0.0047010373746687786
about:0.005157152776554302
is:0.005626651872055789
blocks:0.02815283918254686
life:0.014609315985804765
trouble:0.01997288943607505
him:0.01254720054116915
wives:0.03172204590891504
article:0.004242580525217807
refers:0.027637446131168572
thus:0.017441649596211025
by:0.010371052092326347
mike:0.033459811821546635
especially:0.016362804751294983
god:0.02778197101335314
s:0.003248357491392766
