at:0.013553307883914324
desire:0.0747614427817338
all:0.014677966625327558
your:0.019383572648942502
way:0.05330377906297057
post:0.03973196622201816
my:0.014618680943543098
christ:0.057105752508275265
to:0.00636091920041922
been:0.02257292903417599
that:0.021347976949813958
nt:0.0109858238726529
re:0.005752930811971855
anyone:0.02573714999448294
this:0.00807665289802183
best:0.03746424738402206
bryan:0.16307094216157014
was:0.013622478986175164
logic:0.06388832227995342
across:0.059371755720520655
express:0.07162637841046582
not:0.009275538593476384
have:0.007865394048425428
love:0.05034180677202229
his:0.05675166281554636
be:0.008899403955961097
if:0.010310006457898604
trying:0.04148197266259071
accepting:0.07897800309551845
in:0.013667669376499268
heart:0.0610920402007018
and:0.0029369031883906913
subject:0.00041072241372335844
i:0.02055832231873484
felt:0.0694649882112531
the:0.0011596200153677738
did:0.05058187825978355
come:0.03694144114568321
jesus:0.053433837226043175
life:0.04292891312751862
told:0.047695688718909696
him:0.036869466205589355
very:0.026819115258206884
understand:0.04609472712208698
seem:0.0424571162291652
s:0.009545173551631052
