since:0.02667762164538242
believe:0.02896895840440454
there:0.012237053141028633
perspective:0.0651636445989303
true:0.03444374389543796
take:0.02834332173780938
setting:0.05735782476483476
meaning:0.0526126204651239
christ:0.049491652173838566
to:0.003675197760242216
view:0.04540465003712842
quite:0.03541599176145869
higher:0.049491652173838566
so:0.013624141298465602
file:0.04051314509944546
personally:0.052251261401420016
on:0.0067601176698572
athena.cs.uga.edu:0.14996247192919804
traditional:0.06654760184801888
a:0.0018620055011285268
richard:0.04981436686371705
other:0.018390773171092147
course:0.03261535733200026
section:0.10959357668328766
are:0.008572151754683007
book:0.04146264680911565
have:0.006816674841968705
university:0.031337868021315385
be:0.007712816761832952
end:0.03605644536767346
of:0.01814778798613561
georgia:0.06408197066809872
reasons:0.04848699301061474
in:0.00473812538385308
and:0.007635948289815797
for:0.004337984838827654
subject:0.00035595942522691063
i:0.007635948289815797
athens:0.07139285377051859
addition:0.05287152827655192
will:0.015110737932043792
the:0.007035028093231161
romans:0.14076672562808526
law:0.040091215003252884
because:0.023529630651926856
long:0.031737483268114465
ted:0.11964037674264057
requests:0.06997307403181925
is:0.007164603383751038
rom:0.06718772477050369
article:0.021608876808442694
