sleep:0.1082004280591848
there:0.010085483357990631
know:0.013559067314926395
true:0.02838770101272359
your:0.013845409034958931
lincoln:0.06412931008009409
wood:0.05537449843722832
to:0.0045435137145851566
us:0.022636004243791166
die:0.041403894191564275
that:0.003812138741038207
like:0.012798231467128277
rob:0.0967183009230602
need:0.04222421959334585
anything:0.02550814450900444
re:0.004109236294265611
etc:0.02552004381822237
sure:0.023978505716035204
a:0.0015346199185125222
as:0.01758492659817623
coming:0.03820472477790764
are:0.04238976142425663
it:0.0075352841701092745
disagree:0.046685593658452686
statement:0.038167026590030836
have:0.0056181386060181636
facts:0.08901289657443713
mit:0.056314302540944376
be:0.012713434222801568
writes:0.0072666196815116746
of:0.002136709731491634
but:0.014621609280228797
accepting:0.05641285935394175
negative:0.05426182004486378
saying:0.03314895801059824
they:0.020503728011159204
one:0.010805614371160687
in:0.0078100967865710105
heart:0.04363717157192986
st:0.04216205761449781
and:0.004195575983415274
for:0.007150524459606023
subject:0.00029337315265954173
animals:0.10788190042616136
i:0.004195575983415274
athos.rutgers.edu:0.045897513345149465
we:0.10367260813184385
the:0.0016566000219539628
would:0.010248897209938199
agree:0.03314895801059824
eric:0.04382448879470996
may:0.020450829971866275
laboratory:0.05260279777112885
just:0.0258107376585909
ma:0.04407931785975293
is:0.002952446449347955
food:0.046323948228905454
article:0.008904756926556056
understand:0.03292480508720499
s:0.006817981108307894
