sent:0.015989924122998316
some:0.005076247283188496
at:0.007660565325690705
mark:0.0261184692547147
know:0.005364674459383921
all:0.004148121002809962
passage:0.0668426286681644
your:0.005477966183396794
cut:0.015917458677410443
with:0.002542727725171945
c:0.011243903023604174
previous:0.015100867042142635
o:0.015221647755651659
times:0.01221946148475229
isaiah:0.026867559810397335
often:0.027020177289380054
both:0.009763930792644513
to:0.002996085130632241
most:0.01614430838232207
she:0.01441366297781949
that:0.0030165619602997985
son:0.01855283173641181
like:0.005063648102211622
nt:0.00310468935531495
luke:0.023231698835612036
re:0.003251656545897135
michael:0.013063892181189952
this:0.0022825323407453
child:0.017240715742353887
best:0.010587722086788844
two:0.00810778014197092
these:0.007202765100430186
on:0.002204386196692565
athena.cs.uga.edu:0.02445040303193446
you:0.00966606938102125
children:0.014575551600080545
used:0.00858462394929072
bible:0.015647536964596944
jerusalem:0.045290186211229544
a:0.0054645813620076335
how:0.005718969553170106
nor:0.015019734769458275
wings:0.019870003669379507
as:0.010436271655004587
woman:0.0190402982499801
mankind:0.024324370262920322
misleading:0.026149821765356254
possibilities:0.024141917223359313
cited:0.022561478488536995
gathered:0.024580198523889596
are:0.008385800629581202
no:0.0048945466790543905
those:0.008069198496902436
christians:0.01563910276973683
place:0.011823598336158371
it:0.002981351562956278
not:0.015728087180242562
should:0.007142661487971651
have:0.006668486258447646
being:0.00846001708663108
attributes:0.025964779963535398
mother:0.11112010679320002
has:0.0046294542342893525
call:0.011551983034776989
usually:0.014338046705159188
which:0.005616923184858773
writes:0.0028750538739894015
down:0.010279850334578948
of:0.008453938502858202
even:0.007300693251156633
seen:0.011271586480966751
but:0.005785071497829654
compassion:0.02634309029827292
nature:0.016575718009825085
sense:0.01428835672331735
killing:0.017595837616328963
using:0.009584437298456178
together:0.015473766267174916
necessarily:0.01690114362198349
who:0.0056219690184080365
one:0.00427526481641575
in:0.003090081772078095
baker:0.051929559927070795
and:0.003319977517311216
for:0.0014145602735307565
subject:0.00011607372561747085
i:0.003319977517311216
example:0.012223300625034367
athos.rutgers.edu:0.01815945093221131
we:0.0058597561117998695
will:0.004927414543057758
yet:0.011435081489939842
the:0.004915780499928606
do:0.0031231213865499856
when:0.0056855410558423304
represents:0.022817306749506275
less:0.011951589376505554
would:0.008109996922646748
can:0.007517965151632291
her:0.057502761824864836
because:0.007672705647367452
mcovingt:0.024082762214421145
forget:0.05007669567931948
may:0.008091415336694916
an:0.0039039049502684205
human:0.013938445092332939
here:0.015655660048899095
people:0.0065446658264048585
is:0.010513276704417283
figure:0.01605433753945545
under:0.010553580117850606
image:0.04827473474261317
show:0.01308725508580362
article:0.007046372872318269
neither:0.016272962828265083
refers:0.02295109656979651
lewis:0.021632895443762828
prophets:0.024386929990972927
task:0.02183834276919998
freenet.carleton.ca:0.048283834446718625
says:0.011134898888815513
father:0.056473978126383266
god:0.1038200177651175
covington:0.02385387641665844
s:0.00269754904720008
