situations:0.04641267349023365
lincoln:0.056657934148432634
wood:0.048923100561046366
except:0.03130447979615353
to:0.001338057436981389
us:0.019998799865873745
that:0.01010401821653816
think:0.013978136189597623
church:0.036381318835813664
like:0.011307175373870612
nt:0.006932801473033383
rob:0.08545014935920851
anything:0.0225363218477612
re:0.0036304903182346653
this:0.010193833754784835
mean:0.025664291813882138
merely:0.039621835143115104
two:0.01810475177333312
state:0.025803042591656465
a:0.0027116584967891164
other:0.013391339687688453
was:0.008596710039819277
as:0.023304295928651023
coming:0.03375368888145237
said:0.02127674590935371
witnesses:0.10209966842428078
standard:0.05910766097984925
odd:0.047179551270026175
marry:0.05882437639420166
desert:0.054741823137185106
are:0.03120929036899153
those:0.018018598585316115
it:0.00998608047786326
not:0.005853495228892862
theology:0.052205750328800475
optional:0.05431655495603566
facts:0.0786424620220755
mit:0.04975341292452367
of:0.005663318026186563
present:0.03518932313426508
island:0.04984048739037571
they:0.018114944165198904
who:0.012553911400328624
in:0.008625228247305362
st:0.03724997323222621
presence:0.046351419420396126
and:0.0018533855072368438
for:0.0031587268243890676
subject:0.0002591937562331873
each:0.024718537838452573
however:0.02327280489511566
i:0.0018533855072368438
we:0.013084892288485145
married:0.05135168457204361
catholic:0.045201112589128914
eyes:0.041957664899599866
the:0.0051225932717702625
when:0.012695868377123649
laboratory:0.04647431647740509
just:0.011401830713261028
people:0.014614302330806964
ma:0.03894386335182054
is:0.005216944211469202
does:0.011829988488713836
lewis:0.1449193966621005
understand:0.02908890546539469
god:0.025759011958982763
summary:0.041765406382161224
s:0.018070959636583058
