religions:0.086021553158573
there:0.008268279149343671
stephen:0.036681615129648806
know:0.011115992123047765
all:0.05157123408898871
true:0.06981839978804992
your:0.011350740740371734
though:0.02239229010460072
lincoln:0.05257447943503209
ca:0.01852746482966055
wood:0.04539711133142141
to:0.002483241729893389
then:0.01437730044843066
us:0.018557444920585548
that:0.0031252668958060975
quite:0.023929724163147762
bit:0.024550308090591888
depth:0.04737056688153568
nt:0.012866280211215109
rob:0.07929158003602232
anything:0.020912082435309943
re:0.006737666716723793
so:0.009205500877341623
islam:0.042198604534292826
this:0.004729571516859631
certain:0.029696531457301882
on:0.004567647074227837
other:0.012426198088575773
was:0.007977127334246718
as:0.014416471355261593
truth:0.06477581131554241
coming:0.03132099058369004
logic:0.03741208061438714
science:0.030465155190696532
are:0.02316797771535948
those:0.016719960849437478
judaism:0.05225269490708543
it:0.006177575310630125
should:0.014800109389490806
have:0.009211722759417168
facts:0.0729745368312953
mit:0.04616758136239584
be:0.010422725353828311
claims:0.033840771852330864
writes:0.005957318837996057
things:0.020132666019281528
of:0.0035034339741574533
even:0.015127562592486718
accepting:0.04624838019106935
well:0.015160972163543647
yep:0.051069487681309866
must:0.02087802186918466
they:0.025214043905614696
in:0.009604308210513
heart:0.0357746181355461
st:0.03456529047675045
and:0.0017198081733819362
for:0.0029310708370457114
subject:0.000240513125153318
values:0.03847699432741683
athos.rutgers.edu:0.0376276911207982
we:0.012141836988414144
the:0.0013581135315118072
views:0.03648726841564765
claim:0.058833135942342095
laboratory:0.04312481619074526
nicely:0.048652695009285735
contradict:0.051069487681309866
ma:0.03613709842556321
christianity:0.06930897862886508
does:0.02195475341148694
atheist:0.041172079675290865
article:0.007300296219068477
thus:0.030012207863750497
understand:0.026992407774195076
fit:0.036625658372057446
s:0.011179032087495825
