know:0.014688989591170258
way:0.020623485946982656
beautiful:0.061113930966770216
active:0.05318835708139128
to:0.0032814265716448352
h:0.0420616919558871
die:0.04485421870752796
quite:0.031621421215588114
really:0.02323090170465388
re:0.004451672652121078
this:0.006249790932993083
he:0.01893015723238375
these:0.019721856822606458
on:0.006035819348086785
you:0.006616654635818117
lord:0.05070957254451588
a:0.0016625049117218987
as:0.009525168574012123
definitely:0.05066490171572361
quoted:0.05318835708139128
others:0.032099145512719
are:0.015307413847648227
participation:0.07212989010241394
it:0.008163224517618379
being:0.023164332499108906
liturgy:0.17328931059665464
quality:0.04576385524493273
has:0.012675886593887511
poor:0.04704114512732454
heard:0.03217437332642708
without:0.02675250577145827
writes:0.007872171321637646
if:0.01595596237531927
of:0.0046295377515652054
killing:0.04817907918756739
who:0.015393486598022003
good:0.01928583156380356
one:0.011706082235424076
tim:0.04854653928257367
in:0.006345703639088945
our:0.026544945511671348
and:0.0022726036576832726
for:0.0038732007489532616
subject:0.0003178209153811702
i:0.0022726036576832726
sad:0.05632276921624392
directly:0.04324405149400452
catholic:0.05542517377000331
joseph:0.04862141224575895
the:0.007178600095133838
jesus:0.04134761213920007
middle:0.0478226225611974
handled:0.06271892171449583
is:0.009595450960380853
himself:0.04455692202977344
friday:0.05932485712094477
hear:0.03944859005070009
him:0.028529944087658424
very:0.0207528868069458
three:0.034743904838958006
by:0.023581797019456334
high:0.033301474114780016
latin:0.07160070245276116
range:0.04761376173201992
s:0.01477229240133377
