another:0.007976637879095607
some:0.008399545864268736
reference:0.08053884308672708
believe:0.007815366476008419
know:0.013315199197751459
testament:0.036193640626968455
decades:0.019384003979379588
specifically:0.014557707380416049
your:0.004532130295616053
with:0.0021036955999624006
4:0.008936221238052803
into:0.006441740658210023
from:0.006090447873598386
work:0.014568866647412257
wrote:0.009264658182348421
several:0.010138314288012219
to:0.002478775467789264
young:0.02700759371995818
most:0.006678400949521719
software:0.020257452435116955
bruce:0.01657071381183843
been:0.0052778431195015805
that:0.0037435750946166564
think:0.00517894973931135
like:0.004189349149311774
through:0.008523249259082112
its:0.007438217827461044
me:0.007795602017298883
need:0.0069107985305655985
re:0.001345109722223635
articles:0.04545203547517626
this:0.005665278111921788
he:0.005719903624173508
these:0.011918244410783761
on:0.0036475455053186327
numbers:0.025379441733803586
am:0.005878907757918581
etc:0.00835368340812315
bible:0.1165122356716391
3:0.008422539369200071
a:0.0015070188408414335
how:0.004731521572766634
other:0.004961539524575219
same:0.006985947304059758
christian:0.01153180709077905
want:0.006807906358676913
was:0.01911067195902271
as:0.00575621697997855
standard:0.03284940151577954
acts:0.015752764739192168
respectively:0.020282042385359952
also:0.010672641235104795
are:0.011563154345345782
early:0.012599788125155689
works:0.010701892063132159
book:0.01118596586576861
not:0.0021687410380430393
authors:0.03699726645128501
approved:0.0181261847402438
have:0.0073561239301820555
probably:0.008587135665572692
follow:0.013586303282076566
larry:0.01634814041716905
strongly:0.016787592337939583
has:0.003830124006786155
chain:0.018735148972271215
his:0.006634636839946966
johnson:0.016609186074848317
heard:0.029165259274315194
which:0.00929418944257207
notes:0.016828469167616975
writes:0.0023786416943077783
convenience:0.020927153639517568
of:0.011890251635314954
available:0.019432113869167125
but:0.00239310511600867
released:0.015559883115310522
never:0.02378351687980425
languages:0.020863486095994543
version:0.011224714416063255
scripture:0.017265019012956066
who:0.013953807995329299
highly:0.015024006166937413
topics:0.03844094051935804
thompson:0.021057972503441578
author:0.014546790460649306
one:0.007074179192630378
in:0.001917406854976516
accurate:0.016087994152494137
5:0.009348463622006054
fellow:0.01731173554362805
and:0.00412011598371356
for:0.0035109589522885685
subject:9.603221903603705e-05
i:0.006866859972855932
athos.rutgers.edu:0.015024006166937413
6:0.010569602994817247
similar:0.011384022618225544
translation:0.05118597814421044
background:0.015924460432793573
creator:0.020739435102932784
the:0.007862891111396595
hello:0.013918312196589106
strong:0.03896387466874651
around:0.008515087889041855
fame:0.020863486095994543
would:0.0033548548421020725
modules:0.021407482389965492
did:0.005913349077132969
ramsey.cs.laurentian.ca:0.01987630319778677
7:0.011480318449393187
an:0.003229849419286823
just:0.00844883858608551
people:0.016243954748990475
many:0.00666619074668379
about:0.010629671010667679
is:0.0028993448945035675
new:0.0186043118512613
shawn:0.044643987358234875
study:0.03998604332843308
2:0.007008667453580608
1:0.00704504997095219
too:0.007023445567857902
various:0.012822226540846002
translated:0.020561028839841518
by:0.007125435070627095
online:0.05464723283535436
s:0.013390711097611906
