taken:0.011683976240278936
obvious:0.027281193715617106
feeling:0.015484527838969937
at:0.0031239894058667766
hide:0.017671234036026103
out:0.008355865950925247
know:0.008750887416016324
forgive:0.01999435384088676
all:0.0033832192576109615
true:0.009160570184956902
case:0.008764578394704807
actions:0.014022065404922525
own:0.016074401670553157
your:0.004467844759508023
with:0.012443135676373347
such:0.006819209941375172
arguments:0.014750073174405503
from:0.003002029271028991
reach:0.015454976840533256
themselves:0.01147677381674758
to:0.007819569702643012
us:0.021913578576436128
prayer:0.018831563508396373
that:0.0024603164924430977
choices:0.018204149649676236
like:0.004129925757122954
through:0.008402352106471016
nt:0.00759658033747275
could:0.005351450905411551
need:0.01362554603898749
re:0.0013260301516956402
so:0.007246883669396596
this:0.0018616398523809185
he:0.028193851197167292
extremely:0.031334399893898086
on:0.007191614542401276
you:0.003941836804317176
tell:0.008546188133412952
them:0.01039616433710809
why:0.006311072979269526
sin:0.015268674239370554
passing:0.017330756542268694
a:0.001485642687070633
speaking:0.02989701623283969
other:0.004891163077418124
quick:0.014394592979401757
was:0.0031399330996503033
as:0.008511852768266152
bring:0.013451655841450623
immoral:0.018869900090326214
accepted:0.014935775250708038
acts:0.015529321267714264
given:0.009885771486458443
step:0.014750073174405503
others:0.01912289519906664
are:0.011399137971652935
those:0.013162522370833759
reason:0.018951857617081756
action:0.026112716885290474
it:0.0072947963774462115
not:0.01496585127670835
made:0.008246735999709225
calling:0.014585108579955526
only:0.004728851908756335
whether:0.010132831861283066
anger:0.0759498444367219
has:0.018878980033449486
dealt:0.020047679647143997
his:0.03270264257988044
be:0.008205124214715904
aaron:0.03585538056552473
which:0.004581178484104673
judgement:0.01781141431530495
writes:0.004689804191613917
get:0.004660900621599725
upset:0.0183342963406352
things:0.007924560028866132
of:0.004826539358014789
what:0.003263979088640536
seems:0.008356337196386801
they:0.013232902475287144
up:0.004764043866497818
accept:0.012667063725754373
good:0.011489431569925525
aids:0.0383849900970051
in:0.0018902095946222392
our:0.02372101513808929
fear:0.015268674239370554
reaching:0.019594369819094758
or:0.011955876909629173
cross:0.01624258940998634
and:0.004738620392616187
irrelevant:0.017406476841809723
still:0.0072401031284735715
for:0.004614877488114524
subject:9.46700599007741e-05
i:0.0020308373111212227
diseases:0.019890049283417637
we:0.02389616854102784
flesh:0.020269383040694828
any:0.0036286782492510896
angry:0.0756346226383572
yet:0.009326484903142425
the:0.001336441507072789
wrong:0.009373837080956952
do:0.007641679988366986
see:0.0062744175936566525
when:0.004637143414339489
judge:0.015469721557372489
responsibility:0.015382159101378261
putting:0.014255512436305014
got:0.00784451709798076
because:0.006257880492533737
label:0.01954740092991029
joe:0.014111593003272822
instead:0.010878490466612203
moral:0.014234591435853991
just:0.008328996904013375
jesus:0.02463261999782132
people:0.005337848014443679
ourselves:0.03372697920062871
paul:0.02322710986602168
is:0.006669178681683147
foolish:0.02082556201762025
issue:0.011104113501648414
appropriate:0.01434045300730676
their:0.005367672406318134
first:0.013315991697808801
every:0.008624640166444666
him:0.008498281217600382
disease:0.03226805374323788
give:0.016760540931602882
bad:0.029155330284536
feelings:0.056725966978767896
father:0.015353445589915074
especially:0.011082608891834544
hatred:0.018503998543392772
god:0.009408433446011435
s:0.004400257311035591
news:0.010882540837458932
