read:0.017992087792840648
divine:0.04053096788989315
all:0.007571966909891199
with:0.004641487117377359
urge:0.04756311746675376
c:0.020524584884356822
into:0.014212729388749097
from:0.013437654832225008
yours:0.0335422960702735
to:0.001093808857214945
then:0.012665717061712723
heaven:0.10367053991343682
might:0.033763256125054694
this:0.004166527288662055
he:0.012620104821589168
best:0.03865358857081641
these:0.013147904548404307
on:0.00402387956539119
you:0.013233309271636235
great:0.02000992610105299
a:0.0011083366078145991
how:0.010439388866897811
other:0.010946888792316752
as:0.006350112382674749
dorothy:0.045894106285512805
deals:0.042767881795774
divorce:0.05112621445126093
question:0.01732528637577067
also:0.023547573518723275
helpful:0.03686193151789847
third:0.028990357116411788
l:0.026229845863121926
book:0.04936029382037577
pain:0.03513492063743343
it:0.008163224517618379
not:0.004785000068063213
have:0.004057544548790895
treatment:0.06917942014333933
his:0.02927665145246439
be:0.004590962358233899
thinking:0.027647035982925835
found:0.021226353216325374
if:0.0053186541251064225
of:0.009259075503130411
helped:0.037359539408498184
chapter:0.03918909225462384
gives:0.02886130536346115
available:0.02143701450646214
what:0.014610192111057638
but:0.005280025573415954
asks:0.040814444735941396
reading:0.026081921002880877
nature:0.030257263033807696
glory:0.04249574629197534
beginning:0.0321435459852134
in:0.004230469092725964
recommend:0.03482364513621691
use:0.013196662918629747
subject:0.00021188061025411345
i:0.006060276420488728
we:0.02139276040815825
translation:0.03764471408489551
than:0.011353978430313183
locked:0.0448686163531318
the:0.007178600095133838
do:0.005700935864337274
can:0.020584904581850316
last:0.017302877397297602
imagine:0.03125189328941637
problem:0.01679020073052051
about:0.007817588732713265
is:0.006396967306920569
weight:0.035277283341295866
life:0.022145867883243728
2:0.015463567873773084
1:0.01554384041210086
eternal:0.03660310941005116
very:0.0138352578712972
lewis:0.03948861866718611
by:0.01572119801297089
s:0.01477229240133377
james:0.05491418678788932
