superstition:0.02374647032119029
boeing:0.027412353280250542
there:0.007810884983635297
surely:0.019091549480208598
all:0.004059863109133154
faith:0.015936281363211884
thanks:0.008482496361345375
pardon:0.0249906744211443
with:0.0024886271352746697
into:0.00762044214035058
such:0.008183051929650208
arguments:0.017700087809286603
both:0.009556187584290374
my:0.00808692988366214
single:0.013835858172393085
to:0.003518806366189355
within:0.013772128580097095
areas:0.0175159687443993
lived:0.019131884560866234
us:0.02629629429172335
ii:0.015622977894085607
normally:0.01811000742179057
that:0.010333329268261011
nt:0.0060772642699782
supreme:0.022163282614005946
me:0.013833046983887804
tells:0.018838297873687716
so:0.02174065100818979
this:0.006701903468571306
describe:0.019883474074395238
he:0.0270660971492806
best:0.01036245140409121
begins:0.022737407371024546
on:0.0021574843627203827
am:0.013909245588947792
great:0.021457452670065335
bible:0.030629221292402527
m:0.0058247434558130725
sure:0.009285293702805121
a:0.002971285374141266
how:0.011194578699822334
other:0.0058693956929017485
uunet:0.01607230771241398
as:0.010214223321919383
services:0.017007070755163018
question:0.02786790744698431
subscription:0.026879744161297327
universal:0.020918496669633312
far:0.010593098179240007
computer:0.011407246404958788
no:0.00958081477602136
religious:0.015622977894085607
it:0.0072947963774462115
have:0.0021755345240325654
being:0.008280016723085737
try:0.01036761562699316
whether:0.012159398233539679
left:0.012444277376598135
has:0.004530955208027877
feel:0.012962879507430544
achieve:0.022163282614005946
call:0.011306196161696628
his:0.023545902657513915
be:0.004923074528829543
which:0.005497414180925608
if:0.008555111741660543
of:0.0033096269883529984
what:0.007833549812737288
but:0.008492977305324386
saving:0.022462775366183817
excellent:0.016574746439746327
beyond:0.016619422116760027
up:0.0057168526397973814
now:0.007029422969694657
good:0.006893658941955315
one:0.00836860347043083
in:0.0022682515135466867
become:0.01409456499912829
according:0.014636281721643482
our:0.009488406055235717
better:0.009515812218303842
and:0.0008123349244484891
word:0.013059049004950718
for:0.0013844632464343574
subject:0.00034081221564278674
each:0.010834082541960065
i:0.00812334924448489
we:0.017205241349540042
preserve:0.02380683047009223
power:0.01149725651136401
circular:0.024756377496961208
any:0.004354413899101308
lives:0.01656365042524811
will:0.004822575935758657
than:0.006087665030721111
the:0.0022452217318822856
wrong:0.011248604497148342
do:0.0030566719953467945
when:0.0055645720972073865
responsibility:0.018458590921653913
would:0.011906165694949481
can:0.007358008446278412
convince:0.04021367310727045
friends:0.01692183976845845
because:0.01501891318208097
did:0.006995366142310491
falling:0.023292138510868136
come:0.010217845423274079
quickly:0.018062461461798546
an:0.007641686285631802
jim:0.028819836144245697
snow:0.04647722355614597
fundamentalist:0.02588042675245732
myself:0.014182306646799503
problem:0.009002405498066317
just:0.004997398142408026
newsgroup:0.016358144002444043
is:0.018292604384045202
discussion:0.014629242316979537
does:0.005185058784415001
judged:0.02357036301836963
advice:0.016552583269077655
guess:0.01274960537419427
him:0.020395874922240917
very:0.0074180531565253074
feels:0.021768989718334863
project:0.016389939810268303
by:0.00842923808355035
god:0.011290120135213723
beliefs:0.03705670362863273
s:0.0052803087732427095
