above:0.030591640787961182
cultural:0.05885314850037013
posting:0.03706953434782293
much:0.019631425500673386
commission:0.06440703975671597
from:0.009512047802586241
my:0.010676564734048329
important:0.03530752014576655
been:0.0164858470474319
that:0.007795609560325321
control:0.03426555359484296
re:0.004201578682900792
political:0.04050309862338792
uk:0.04855774701863805
phone:0.03300390029448954
this:0.005898679082824932
used:0.022184983239740063
concerned:0.045235834186043024
them:0.01647032777002518
m:0.030759881171147686
interference:0.06286073214013116
a:0.006276423037511887
christian:0.03602070080041096
price:0.03517015957128048
as:0.044950233720057214
immediately:0.04744606221127958
organization:0.08610861186779485
christians:0.04041565884314011
d:0.02047015980198916
instrument:0.05942947765079205
it:0.0038523081993255275
be:0.00649956468693788
of:0.006554177041541752
america:0.044244253420971484
even:0.018866960087258716
seen:0.029128818995756773
they:0.01048224297199712
accept:0.04013608955800824
in:0.003992802289763831
u.s:0.0396375550674011
and:0.010724646474460389
subject:0.0002999658077754865
i:0.004289858589784155
group:0.030304673424793763
acceptable:0.05200184994283199
pretty:0.032337304010332885
the:0.0008469134943697224
vietnam:0.0668683157798922
may:0.0209103991847172
an:0.010088743129907153
thought:0.030163892193165308
manipulation:0.06577658826917707
about:0.022135195063412844
including:0.03572997423067674
south:0.04855774701863805
govt:0.05483433451978792
is:0.0030187935605692573
institution:0.06860034589031083
number:0.028115335375255707
involved:0.04045929367489739
regulation:0.06459276225054979
readers:0.05112129862692742
recent:0.04267522571331484
1979:0.06386761032765574
automatically:0.05295732233256134
every:0.027327511538622427
by:0.022256976962183508
concern:0.05176020718754027
s:0.006971194166921554
