since:0.009807949134331771
go:0.009536432606833957
at:0.008636911886808147
louis:0.02310392984116647
ideas:0.017632321750193483
know:0.006048407478717165
all:0.0046768030914033885
geoff:0.0286966488037096
spreading:0.027941008216321082
saw:0.016653826387918895
ever:0.012957951258969905
with:0.005733601733230856
c:0.012676949487396862
several:0.01381593809836959
hair:0.02676996945023113
my:0.004657913045736771
christ:0.03639092071605777
geneva.rutgers.edu:0.024504477039521775
to:0.0013511756471478733
band:0.048855764687836874
slightly:0.021223880668412014
then:0.007822942891057859
been:0.00719235483932078
that:0.005101538609330541
jeff:0.04132822832186663
like:0.005709015017199379
really:0.009565665407798657
nt:0.007000770114925867
suppose:0.018892838164858674
months:0.016646051666567744
me:0.010623418435338674
re:0.0036660833605702994
jacket:0.028881650411468653
off:0.010703222784099757
he:0.04676862375059515
something:0.009758143711585896
on:0.00248533737862397
philosophy:0.023991865255602277
more:0.006232446205003558
a:0.0068456084600313485
beer:0.026138435764726384
christian:0.031429827168986034
was:0.030383470287792647
orthodox:0.02608486188956859
as:0.003922128236357934
part:0.012005990747123907
wife:0.019808735427176323
tate:0.030549914166062786
hey:0.018892838164858674
it:0.0033613277425487446
not:0.002955441218509632
have:0.010024521826424566
being:0.009538254558456609
foul:0.030419187464679646
leather:0.0286966488037096
his:0.018082637661816243
addressed:0.02635878570522769
be:0.005671188795465405
claims:0.018413361154944737
writes:0.003241482308909619
if:0.0065701021545432284
of:0.0019062802506444965
totally:0.020193702453767903
but:0.006522384531866767
drink:0.024582287574601625
never:0.010803623680695394
particular:0.01662280121609709
oh:0.015831942079124868
well:0.00824935250075169
together:0.017445912948285444
up:0.0065855900507469835
now:0.016195239194884747
good:0.007941224761566171
in:0.004354894654276727
st:0.018807584524114216
frequent:0.02641545640327218
yes:0.013072773875019063
brother:0.022713795341566725
or:0.0033054483220739477
use:0.008150880037977197
and:0.008422001790238012
for:0.003189694734432098
subject:0.00013086743574518774
showed:0.020954685778234977
steven:0.021992716312985397
i:0.009357779766931125
group:0.013221156543169828
we:0.019819763319323086
back:0.010325278039546752
similar:0.015513521018954417
felt:0.022133452126134566
stupid:0.018929834270914474
drug:0.041984497759857894
turned:0.019249501666243125
than:0.007012751383428731
the:0.0014779470784099078
wrong:0.02591590251793981
around:0.011603894280164881
would:0.004571811990707725
major:0.016060921434891136
gospel:0.025253688824960242
because:0.008650599504384873
once:0.013152113700612285
homosexuals:0.02392282241304473
may:0.018245348308233635
an:0.004401461463537925
makes:0.013691068050254775
german:0.023017676106409705
long:0.011668192377983258
about:0.004828510687852312
changed:0.018526054871732475
language:0.019989751469295044
lot:0.012149771511104857
sabbath:0.12067099898837444
life:0.013678330163179951
crew:0.02742453510035134
2:0.009551027216153965
their:0.007420017738145657
article:0.003972220001551965
little:0.01149675834263953
live:0.015179844480135582
black:0.08650863618244946
poster:0.02232761456777695
dangerous:0.020611498692094544
s:0.003041354317921658
