practices:0.028530178514673394
go:0.010868336602201828
week:0.019261669298355214
at:0.009843184496697554
lead:0.021587791271619614
behind:0.01970805810613798
extreme:0.02707200071931239
suggested:0.024536658932711352
with:0.0032671920491036165
into:0.010004491078113891
such:0.010743112868535187
parents:0.02561790519828632
easter:0.03260205149323219
often:0.01735933177809333
several:0.01574553839143797
my:0.010616919121008954
to:0.0030797746594208512
aid:0.027753648487820564
perhaps:0.01613665663486059
moderate:0.03302388139551233
been:0.008196873671628153
that:0.00969007333615857
think:0.00804328506999193
nt:0.0039892656520806626
generally:0.0432039049522134
behavior:0.023734016887816727
lost:0.01957824762188743
so:0.005708439091535867
national:0.018179742597695607
this:0.005865725568395743
reply:0.020062550387458907
he:0.00888342574033651
certain:0.01841516755173469
on:0.005664903075299329
benefits:0.0287807403368262
american:0.018028129706079418
spirit:0.02561790519828632
bible:0.02010577375339272
apparently:0.021165704224869623
magazine:0.023590500205608284
a:0.0023405097081224497
how:0.007348396632564941
christian:0.01790973391752277
noted:0.02493409524570153
was:0.009893420492752911
as:0.004469911509592282
interview:0.029913206887088793
granted:0.02629777634341213
also:0.008287693473070203
whole:0.01671461159233123
are:0.003591683696096232
risen:0.033848663511747326
it:0.0038307869244689607
not:0.0033682123384132117
fr:0.07274744013794222
have:0.00856844603040759
liturgy:0.08132012340848599
earlier:0.022044394049632918
directed:0.02904306985128302
quality:0.02147577564566676
has:0.005948460747969559
which:0.014434551201313048
were:0.008666498868560331
of:0.0054313012727859955
but:0.007433332092183355
understanding:0.022425445725758802
seems:0.01316473234291105
york:0.021023280488410297
topics:0.029850786213356247
good:0.009050334365136867
over:0.011206372919102557
one:0.010986714053358911
in:0.0049631201646505715
conversation:0.027883073400007907
distributed:0.027034380427796503
offers:0.025251901806606844
and:0.002132946449669217
word:0.017144561542812395
subject:0.00014914501056993463
i:0.005332366124173042
appreciated:0.018909285581990183
top:0.01889180014618612
translation:0.02649851382512198
catholic:0.02600957875240379
masses:0.030722318327750554
the:0.006316366005494857
do:0.00401294926763406
thing:0.012647667235334953
magnus.acs.ohio-state.edu:0.02570588484615302
because:0.009858783792706782
last:0.012179679061784904
an:0.010032381436443987
myself:0.018619229396636218
note:0.03309149831149159
newsgroup:0.02147577564566676
introduced:0.028936655354240035
people:0.016818694302492932
replies:0.050076069685045896
including:0.017765182718045978
e:0.017379272044993448
is:0.0030019287920744573
either:0.013986383838622113
atmosphere:0.030236221249596195
query:0.03220984893081181
new:0.019262564970765887
exception:0.02779645783276788
carried:0.025143944975174425
mass:0.07059031207876537
wanted:0.017012066980704482
filled:0.027883073400007907
by:0.005533159077190872
manner:0.025474283093760028
sometimes:0.03915649524377486
john:0.029960652509294364
doubt:0.019441744687042278
murray:0.029976332894094
s:0.010398373422167904
