taken:0.029683615313141083
some:0.010518350226426615
read:0.020423451008089386
large:0.026973280359347526
there:0.008268279149343671
know:0.011115992123047765
faith:0.03373897405725038
way:0.015606962338257147
miss:0.04347586095230729
angels:0.04632991024079835
my:0.008560488840813524
to:0.002483241729893389
everyone:0.027545159977595525
day:0.022912639961827675
heaven:0.039226690778057176
that:0.015626334479030488
nt:0.006433140105607554
re:0.0033688333583618965
two:0.016799904798678482
these:0.01492464840629678
you:0.010014396205562557
bible:0.03242282434105673
support:0.02467528206786942
why:0.0160335367581442
a:0.0012581118250868423
same:0.01749633649124876
was:0.007977127334246718
coming:0.03132099058369004
said:0.019743286744715604
40:0.03445501971193512
definitely:0.03834100670379084
assured:0.05194200863617399
are:0.01158398885767974
being:0.017529765134460792
warned:0.0513510421272928
university:0.02117423514953742
after:0.017380303492477038
his:0.01661647785139871
returns:0.09511265245140896
be:0.005211362676914156
were:0.013975705382633326
of:0.0035034339741574533
what:0.008292271198167849
but:0.0059935425427964885
parts:0.03287112622897622
nerve:0.05458478169912407
version:0.02811234781680707
who:0.011649124993097733
up:0.012103246579751212
one:0.00885865682680741
in:0.0016007180350854997
and:0.006879232693527745
subject:0.000240513125153318
i:0.0017198081733819362
we:0.012141836988414144
flesh:0.0514951893466301
actually:0.022020847991901665
will:0.010209958062191752
the:0.004074340594535422
do:0.006471332602761231
see:0.01594041226496555
when:0.023561701672860105
would:0.025206747192010166
return:0.033246555926278634
may:0.016765995742701177
come:0.021632375445670347
apostles:0.05257447943503209
jesus:0.2503206788967788
people:0.013561019279937995
many:0.0166955047529558
about:0.008874019642539383
hit:0.032249568828192875
is:0.004840948232264214
right:0.01747633868279549
him:0.043180455916455994
very:0.01570488731336439
claiming:0.04154947554654456
mike:0.02878749575637571
father:0.03900605095816262
god:0.04780501318513919
s:0.0055895160437479125
