land:0.02705192071828392
some:0.01588485544399121
read:0.015421789536720555
go:0.013234233005402225
at:0.00599295926839749
out:0.008014810197826258
say:0.025816938425408754
thanks:0.013560453366776618
your:0.008570967497831717
boys:0.03689972649472405
such:0.013081749683454411
unusual:0.03411419500148797
my:0.006464042594083682
christ:0.025250842945836
to:0.0009375504490413814
rh:0.09186473400221383
covers:0.03657953934603027
hang:0.03612585652631141
appreciate:0.02611709751982649
that:0.009439581644475559
quite:0.018069383551764635
nt:0.004857677222601622
need:0.013069401302702286
re:0.0025438129440691873
anyone:0.011380372446540075
this:0.003571309104567476
reply:0.024429908294932953
on:0.006898079254956325
you:0.0037809455061817814
books:0.04966990357885933
disclaimer:0.025537792701184944
sea:0.17167720601783307
a:0.006650019646887595
want:0.012874816106885588
as:0.00544295347086407
wise:0.033294833415937856
advance:0.021520416439977208
authorized:0.03786689988778896
are:0.004373546813613779
book:0.0423088232746078
z:0.03395285808572391
d:0.012393498111408404
it:0.00233234986217668
not:0.008202857259536936
ws:0.042582186830373625
couple:0.021469331936425296
robinson:0.08182937423172705
probably:0.03247923421808447
try:0.016574079403696547
only:0.009071675090267255
beware:0.03945611656249308
b:0.02082250575860028
shall:0.02693726540158336
poor:0.026880654358471166
list:0.03961399451593986
writes:0.004498383612364369
if:0.009117692785896725
of:0.005290900287503092
opinion:0.022512323568623736
but:0.004525736205785103
reading:0.022355932288183607
ok:0.02220305571776144
variety:0.03178650617335293
please:0.013030036441532345
good:0.02204095035863264
one:0.020067569546441275
in:0.004834821820258244
point:0.014976435110612658
and:0.0012986306615332987
subject:0.00018161195164638296
welcome:0.028459987665043616
i:0.0012986306615332987
athos.rutgers.edu:0.028412746356521093
employer:0.030748914444779757
we:0.018336651778421358
the:0.0025637857482620854
when:0.00889574450914106
views:0.05510322168893726
can:0.005881401309100091
gospel:0.03504593551218972
just:0.015978075693413415
note:0.020147544890329914
here:0.012247625208322422
jesus:0.04725441387337151
about:0.006700790342325656
either:0.017031038823900394
girls:0.037499095661460556
eternal:0.031374093780043855
dead:0.11671027669425633
e-mail:0.01870541344661406
article:0.005512468573582319
by:0.006737656291273239
mine:0.02221251050884344
represent:0.032694882993927914
happy:0.02583738155431987
strange:0.059814463004826166
s:0.016882619887238593
james:0.023534651480523992
