another:0.01774004264310863
some:0.009340295001066833
believe:0.052144125127928175
go:0.031126916028706035
ask:0.02331650067485094
know:0.009871001005266415
all:0.0076325426451703295
thanks:0.015947093159329306
atheists:0.06682677943053761
your:0.0100794577774501
with:0.004678619014316379
hell:0.0819211421875655
into:0.014326431223859092
post:0.020660622435449444
to:0.008820474624581317
obviously:0.029455144646607655
heaven:0.03483330141091477
might:0.034033362174055136
brent:0.04283571226231115
that:0.005550474006951629
consider:0.025762912628569546
me:0.008668709443236357
this:0.008399719013942705
you:0.013339175745809324
combined:0.04057932622444294
am:0.013074690853610925
assume:0.02777190844231341
etc:0.018578591899665885
more:0.010171352206565808
a:0.004468813202708464
how:0.010522903977832995
christian:0.025646738969892606
j:0.0244330292762309
timothy:0.04071608169131735
was:0.007083689072811085
as:0.012801826563472295
definitely:0.03404681395296627
jew:0.04051181527527603
not:0.019293120274430878
have:0.004090004905181223
only:0.010668289906154293
stated:0.031056760503182075
has:0.008518195791092408
be:0.009255380114199541
of:0.0015555246845259092
even:0.013433275582128205
but:0.010644531556006564
in:0.0028428752303118476
men:0.028092788421018734
and:0.004581568973889478
for:0.002602790903296592
subject:0.00021357565513614637
i:0.012217517263705275
group:0.02157692747845316
catholic:0.037245716773442225
will:0.009066442759226275
the:0.0024120096319649696
do:0.022986173405007894
see:0.014155086091289409
judge:0.06979938366686467
would:0.007461197168835009
can:0.006916527939501707
effect:0.02773098763697925
consensus:0.04510726226504053
an:0.007183185108493894
myself:0.026662736495983066
just:0.009395108507727087
people:0.01204218512058494
about:0.007880129442574973
interested:0.02301660972331936
discussion:0.02750297555592153
recent:0.030384760707880168
told:0.024801758133833042
category:0.04174502071389409
atheist:0.03656080675165829
opinions:0.02284488124416034
before:0.017009554137781154
going:0.01742252547239746
god:0.0636762775626054
