another:0.0190343805183569
some:0.005010887876108816
say:0.008143969846641817
committed:0.019019117384832588
financial:0.023177893330603935
anyway:0.01308375030748727
faith:0.016073073477917563
your:0.0054074344299625005
with:0.00752996622475812
4:0.010662100876303343
though:0.01066757168073253
previous:0.014906435277651528
often:0.01333613900548801
my:0.004078172795409019
to:0.00414051249812696
commitment:0.024199175034892988
then:0.006849271887449799
engaged:0.023029028274861914
us:0.00884067118534333
engineer:0.01913564523490105
been:0.012594338087737677
that:0.005955444213467413
church:0.04824818678225933
like:0.0049984509163462365
joy:0.024744905401782463
consider:0.02764261011649093
need:0.0082455021094302
re:0.0016048948617088865
exactly:0.013804217396017204
had:0.00658544414455852
this:0.00675943053697106
announced:0.020711676247665702
sight:0.022745946868030168
two:0.024010164368926758
on:0.0021760035417995277
western:0.017555913148907296
am:0.007014319127473672
a:0.004794863951403931
richard:0.016034667445402485
other:0.011839553543621551
j:0.013107848324158209
speakers:0.024263715281092734
mac:0.014726532767429768
marry:0.10401563551249393
plans:0.019981607711074156
are:0.01379638157942544
not:0.007762789809990964
couple:0.013545029161607375
have:0.019747877761068136
bound:0.021806551363619215
made:0.009981028119819749
area:0.013770244826864151
robert:0.013714214716556667
decided:0.01601559254514315
feel:0.013074148859425655
personal:0.01439440116393011
be:0.007447999018937399
get:0.005641090022708679
if:0.005752364118140852
of:0.001669017901851834
sexual:0.019116002887143914
reasons:0.015607401183674272
year:0.010621290627509236
years:0.009569851600774221
distance:0.020253804391063408
anderson:0.020826900496748055
must:0.009946182092186683
they:0.008007893772598659
find:0.018166924786896053
over:0.008609187779053038
one:0.004220218488307392
in:0.005338016795113447
po.cwru.edu:0.020463204237284146
become:0.014215548389678746
and:0.005735154294926028
for:0.005585388204499124
suck:0.023658227734912884
subject:0.00011457921412883389
half:0.016230229543317664
each:0.01092707895862925
legally:0.042976982794588454
however:0.010287978129600485
until:0.02455936244948192
i:0.006554462051344032
we:0.05205877747393017
married:0.13620318053872513
will:0.019455885749412608
community:0.017461583077152894
eyes:0.055643426841100255
the:0.00032349914591804846
when:0.022449346658261562
relations:0.020683347131651316
strong:0.015496362171547253
would:0.004002788180705477
did:0.007055412203617877
an:0.0038536400796641062
myself:0.028608086369080542
relationship:0.019592213490517235
people:0.019381199228409238
subjective:0.023029028274861914
is:0.0011531014029642227
discussed:0.019484100834600674
living:0.015811180317721458
new:0.014798279526897398
marriage:0.022110525838162618
does:0.005229565726770495
life:0.011975877052741245
their:0.012992992434177801
first:0.008058175233437945
eventually:0.01818582976920616
nothing:0.010965047216742097
although:0.013561113548303683
article:0.003477823520672107
neither:0.016063439701720895
opinions:0.012255837577339238
full:0.013260354008254305
commit:0.02239539737869855
before:0.009125297284217357
realize:0.01679618566150703
by:0.004250796029258224
says:0.010991531091963812
god:0.06832218622597146
s:0.013314083280172067
