prism.gatech.edu:0.08146735500179789
ultimately:0.09290953631495733
continue:0.06738286563623182
someone:0.03799065714936241
times:0.04845648519815563
modern:0.07080220870761794
from:0.014596073352244407
my:0.01638300450569485
geneva.rutgers.edu:0.08618816062176624
to:0.007128616345297401
then:0.0275151784444104
that:0.017943342694886733
really:0.033644754192947
me:0.01868256345525077
rise:0.08552238758508038
re:0.0064472500478994915
he:0.027416089784831642
material:0.07280516442765315
a:0.004815531468435845
was:0.015266571277610096
jew:0.08730994671395696
judaism:0.10000084714976694
not:0.010395000147861464
shows:0.06662439030379157
his:0.031800500715607874
be:0.009973469950646057
which:0.02227400573306065
writes:0.011401075707199351
were:0.026746608577108606
if:0.011554317582127747
but:0.011470400383627764
they:0.03216964222440495
who:0.022294015072997383
in:0.0030634431361119046
for:0.005609463153656448
known:0.056153943925282036
subject:0.000460292360207212
theres:0.1361584526459607
away:0.04774109631592535
turned:0.06770514379161376
the:0.0012995741551535397
did:0.02834329385246492
once:0.04625915853318804
is:0.009264573341057375
tradition:0.08085877255212506
told:0.05345206494360569
experience:0.057107289220606
wanted:0.05250275844045004
article:0.013971256557182775
convert:0.07376862060686792
three:0.05031875873228401
