go:0.03087987701260519
say:0.03011976149631021
know:0.01958531945489368
your:0.01999892416160734
to:0.00437523542885978
engaged:0.08517085060385438
like:0.01848633434140751
through:0.037610528476584554
re:0.005935563536161437
exactly:0.0510536929090795
so:0.016219215831506668
this:0.00833305457732411
two:0.029599832264338276
on:0.00804775913078238
you:0.008822206181090822
a:0.0022166732156291983
how:0.020878777733795623
are:0.030614827695296453
not:0.009570000136126426
couple:0.05009510785165902
have:0.00811508909758179
robert:0.05072082585647148
public:0.04704356504858085
willing:0.056760315142534455
writes:0.010496228428850195
get:0.020863078972874958
if:0.02127461650042569
but:0.010560051146831909
anderson:0.07702647326575074
they:0.044424744024178266
in:0.005640625456967951
become:0.05257496467928806
subject:0.0004237612205082269
i:0.003030138210244364
athos.rutgers.edu:0.06629640816521588
married:0.16791185748953943
actually:0.03879863693811245
eyes:0.06859745213744105
do:0.011401871728674549
when:0.041513474375991614
ceremony:0.09935843593753846
would:0.014803962636577397
an:0.014252351405741851
people:0.023893224445605037
e:0.049379201524663914
done:0.04204227859397934
marriage:0.08177384952844269
does:0.019341092291071827
article:0.012862426671692078
opinions:0.045327145325714954
god:0.08422788037381666
s:0.019696389868445026
