above:0.00935620628910153
some:0.004012154210080255
read:0.0077903885288588375
there:0.0031538796755228434
proven:0.01629977310892383
form:0.011729831355607888
help:0.007354270515607549
true:0.008877253581298442
faith:0.12869505568229528
with:0.0020097160714417435
way:0.0059531712011908705
such:0.013216613082252911
gain:0.01575809288829296
my:0.0032653411042278396
to:0.0014208238763822997
justified:0.01740198250656187
fails:0.01644967215523273
us:0.007078613010945004
that:0.008344784804265766
justice:0.014796447201039507
through:0.008142485546477068
believed:0.015020033432472707
generally:0.013287798945783845
camps:0.02005418287728028
this:0.0018040633621010961
sight:0.018212390447598037
he:0.02732187641787346
two:0.006408211108774266
on:0.0017422983685198967
you:0.007639848651666279
am:0.011232552279734472
a:0.0033592882752318783
how:0.004520147756801114
speaking:0.028972366246257018
other:0.0047398899925495215
christian:0.011016640450984796
as:0.008248599589866169
possibilities:0.019081240417088117
also:0.015293784862675942
evidence:0.022114831852323553
course:0.0084060199309279
based:0.010381110006531073
mind:0.010411188326495317
lose:0.01444929805218999
role:0.015167542177204783
display:0.012667083906994768
are:0.0066279523876415
no:0.007737084097474294
innocent:0.01522836546620616
square:0.017430982055173086
works:0.09201420598610537
doctrine:0.016258118949018865
place:0.009345112086998026
it:0.0023563947061166456
not:0.012431134197442574
have:0.003513749918540569
being:0.013373222886083492
suspect:0.013340532862191614
yourself:0.012049053853520935
his:0.006338244128884043
teachings:0.018069185305328042
which:0.00443949255160659
writes:0.0022723793505758155
prior:0.01579407673663418
justification:0.017735289262532004
things:0.007679470543437284
if:0.00460584480937051
of:0.011359072008995042
believing:0.016968472934991763
gives:0.012496647683148128
opinion:0.022744409378609547
what:0.009489093845326094
but:0.004572393280071548
result:0.012147773061895196
together:0.012230124541066085
alone:0.026386345947865937
toward:0.015369286509942851
find:0.007273012844238454
who:0.004443480667470269
up:0.009233404607232884
now:0.005676681779650324
good:0.01670113248824226
one:0.0033790752844523107
in:0.005495248512200737
context:0.014270587450848702
useless:0.016493729503786206
required:0.012861791926120168
according:0.01181967767899044
or:0.009268886016537255
use:0.005714018995695354
sinner:0.04164199840964104
and:0.0006560093032487799
word:0.010545967409496284
for:0.003354111988784268
subject:9.174211990384295e-05
i:0.003280046516243899
taught:0.016629395520878262
will:0.007789040171156594
the:0.003108259835006404
do:0.004936892913446712
merit:0.020313659002737825
when:0.008987453215420865
romans:0.03628008392476424
would:0.006409963203466502
can:0.01188406862457338
agree:0.010366168999877797
claim:0.01122075273127143
regards:0.01419026665639747
instead:0.010542042307851001
william:0.01399195628656707
jim:0.01163687541906828
salvation:0.12624008201616874
problem:0.007269983821462489
paul:0.01125437282168061
speaks:0.018766576521811514
is:0.007386189055413441
number:0.008598848276280956
either:0.00860330827186721
save:0.012448488771207196
keep:0.009104517471223096
2:0.053564523768945944
their:0.00520166191952479
fool:0.016994022689244402
tied:0.01761031454029532
1:0.013460645305324457
dead:0.011791347542306308
dave:0.02409810770704187
weaver:0.08949685075389455
article:0.0027846490732529243
teaching:0.0345767425920867
saved:0.015923073022953992
three:0.010029168407121898
conclude:0.018212390447598037
somewhere:0.013331687487637755
by:0.010210674998115114
god:0.009117450968299742
bullet:0.019128640149501643
s:0.004264166878735521
james:0.05944319188379772
