out:0.01530100128675922
desire:0.06311030884172333
remind:0.06855522352017139
your:0.01636275613222419
themselves:0.04203182099120543
often:0.040354810237385796
christ:0.09641230942955564
to:0.005369607117237003
that:0.009010509751544852
jeff:0.05474648427052463
think:0.01869802633153968
like:0.030250365285939565
re:0.004856370165950267
two:0.024218044579913136
a:0.0018136417218784352
other:0.017913090751063777
christian:0.04163431650956592
was:0.011499495248069943
as:0.010391092989831409
part:0.031808079381990616
instances:0.07423332490228496
those:0.02410280070503325
causes:0.05541754934252879
christians:0.09342840615686937
d:0.02366031457632514
it:0.004452667918700935
not:0.007830000111376167
money:0.04026259437310559
always:0.034505923350632565
anger:0.0695384939323233
his:0.023953623915652686
johnson:0.059965632841660156
be:0.0150249677178564
writes:0.008587823259968343
showing:0.05576654957955602
were:0.020146796071068823
of:0.015151214459667946
losing:0.06393661658042739
and:0.004958407980399869
subject:0.0003467137258703675
al:0.04948070364574327
i:0.009916815960799737
driving:0.054378033658456885
the:0.00489450006486398
human:0.08326863301913184
jesus:0.04510648597003644
people:0.019549001819131395
is:0.006978509789367894
critical:0.06347108240155548
et:0.05908825425709794
temple:0.07247299383739894
too:0.025357374907331125
tree:0.06714638400076788
very:0.02263951288030451
side:0.0418229101113142
