muslims:0.0573214905657999
ask:0.03785146213449828
ever:0.034330156582205985
serbs:0.13966733204847923
work:0.052599284778968934
to:0.0035797380781580025
been:0.019055069963914796
that:0.004505254875772426
esp:0.06910794578535055
serbian:0.07810985722119401
anyone:0.02172616557975833
cleansing:0.0748774410209781
on:0.006584530197912856
united:0.050928856920483344
working:0.04114985728190399
europe:0.0534155924616553
m:0.017776814443065874
wondering:0.04673939612801684
genocide:0.05851379640025604
following:0.0355495360135034
question:0.028350468614897463
sig:0.06128748601451656
hmm:0.06441946077837224
are:0.041747492311767886
no:0.014620074495876751
those:0.0482056014100665
not:0.015660000222752334
ve:0.023703035052304342
states:0.044842334226697186
targets:0.06924988176628809
doing:0.03481432344370539
if:0.008703252204719602
end:0.03511991431916246
of:0.007575607229833973
ethnic:0.06714638400076788
but:0.008640041847407926
who:0.01679289447056946
moving:0.055077682878458864
use:0.021594539321394133
and:0.0024792039901999343
for:0.004225309907949013
subject:0.0003467137258703675
tasks:0.15019889329804192
governments:0.06068332996731014
i:0.004958407980399869
the:0.00783120010378237
would:0.0121123330662906
because:0.022918471414214468
accomplish:0.07229135433123349
him:0.0622471507367093
by:0.012862798374248911
god:0.103370580458775
james:0.08985957838018253
