some:0.03648552734791732
folks:0.03857516510723727
andrew:0.03922352249137498
knows:0.036395431366054526
situation:0.036709711341402065
with:0.018275855524673354
someone:0.04590537738881291
to:0.0028712482501892307
otherwise:0.03701442532929204
might:0.022157136832067145
that:0.0036135898482758
bit:0.02838629372974687
like:0.012131656911548678
nt:0.007438318247108734
anything:0.02417959531582712
re:0.003895213570605943
joel:0.056886185081741154
this:0.010937134132737895
you:0.005789572806340852
knowing:0.044729419975268886
suggest:0.03824374796989706
imho:0.04510074642037552
more:0.03973184455689768
a:0.0014546917977566614
want:0.019714562163668556
idea:0.028878919742299544
others:0.028086752323629123
are:0.0066969935583460986
d:0.03795508796618824
it:0.010714232179374124
not:0.0062803125893329675
should:0.017112626481598746
have:0.00532552722028805
made:0.024224786999145848
only:0.013891002481971735
postings:0.04798602541344879
expect:0.036002302949566536
netcom.com:0.0335316164033452
writing:0.04169227859528785
without:0.023408442550025988
be:0.006025638095181992
of:0.00810169106523911
evaluate:0.06023601449973556
nature:0.0397126577318726
order:0.029211633970130123
who:0.026938601546538505
in:0.003701660456135218
conversation:0.05199031394376474
or:0.007024077684407139
and:0.003977056400945728
for:0.006778101310668208
subject:0.0002780933009585239
i:0.003977056400945728
impossible:0.04287763182222745
will:0.011805264009409212
than:0.029804193379572106
the:0.003140637541621054
maybe:0.027582427941065874
may:0.019385682577498238
individual:0.04022589782569325
engage:0.06041717848631753
about:0.02052117042337232
requests:0.054666464087358785
is:0.005597346393555498
cards:0.04098976525366772
time:0.016453228853163682
does:0.012692591816015886
before:0.022147856950235877
check:0.03447199546445509
clh:0.06265061464616602
