block:0.03750238706977207
raise:0.04028377510767487
small:0.05108967350882071
reid:0.22023600071312402
gain:0.03919320538883121
both:0.019194051985540497
emphasis:0.04689223569086703
to:0.0011779480000776333
building:0.03248262879349275
that:0.0029649967985852723
church:0.12811199453295072
brought:0.033114468739621095
re:0.003196072673317697
believers:0.04678335512866677
this:0.008974058775579812
relationships:0.05218316909604842
jon:0.07092937202937323
he:0.0407726463466727
programs:0.03019813781448305
on:0.008666817525457948
more:0.021733658561038052
a:0.0035807798098625512
was:0.007568043881208425
silver.ucs.indiana.edu:0.046258834219467686
fisher:0.05140563253018751
answered:0.041534134878741004
responsible:0.03342611294934207
lose:0.03593799771954946
are:0.010989938147029497
no:0.01924351685782068
missed:0.037144719463485736
it:0.008791164865127486
not:0.015459230989127304
probably:0.020403621495976142
fundamental:0.04177156705059635
writes:0.005651815307842414
of:0.00332377069343143
gives:0.03108140577603509
what:0.015734053042677457
but:0.005686181386755643
please:0.01637107142654064
ministry:0.04595890840911496
groups:0.03145115896142216
who:0.01105173396781067
up:0.0114825672679691
in:0.004555889792166422
and:0.004894838647317819
for:0.0027807595120690086
subject:0.00022817911873519915
i:0.001631612882439273
group:0.06915681884119602
cell:0.18983387902128693
will:0.009686370469258842
than:0.024454722772982246
joseph:0.034907680586698735
cs.uiuc.edu:0.09563427624737905
the:0.005798100076838869
when:0.011176704639690052
can:0.014778905853636127
jim:0.028942997837169828
15:0.028562484888723455
is:0.006889041715145228
discussion:0.029383520893078562
questions:0.025847661002098392
keep:0.022644569095093346
dale:0.04124632962141974
fool:0.04226718463735147
define:0.03653637520307638
before:0.018172600574552517
past:0.028235166212849265
somewhere:0.033158299648740064
s:0.005302874195350585
