am:0.4085840891753414
none:0.9056275581053235
subject:0.006674239223004574
i:0.04772467681134873
