okay:0.05382207669378121
at:0.011012062655680388
there:0.011472237319714343
take:0.053143728258392586
concerning:0.05719052804322131
decision:0.05255932166484109
geneva.rutgers.edu:0.06248641645078053
to:0.0034454979002270774
schools:0.1230779869173227
class:0.09920424179172506
that:0.00867261563586192
church:0.1405228440033303
could:0.018863864441575718
re:0.0046742562847271315
on:0.012675220630982248
1989:0.059138907677056124
children:0.04190471085023157
education:0.05407059382570406
m:0.0342203678029018
a:0.005236890471923981
want:0.023657474596402273
was:0.011068264176267321
as:0.010001427002712731
said:0.027393810358292903
role:0.0551719346695824
religious:0.09178499512775296
it:0.00428569287174965
not:0.015072750214399123
larry:0.05680978794966245
classes:0.06486425065454386
after:0.02411517109581189
public:0.03704680747575742
writing:0.05003073431434543
be:0.007230765714218392
writes:0.008265779887719529
were:0.01939129121840374
of:0.0024305073195717334
lawrence:0.05929042468371043
ethics:0.07272185889732355
who:0.016163160927923106
in:0.008883985094724524
substitute:0.07250061418358104
and:0.004772467681134873
few:0.02857034376132858
subject:0.00033371196115022873
forced:0.05674744368077447
i:0.0023862338405674366
catholic:0.11639286491700696
the:0.0037687650499452652
did:0.020548888043037068
last:0.027252031900743726
an:0.02244745346404342
religion:0.04439414078703391
about:0.012312702254023394
days:0.03722815780687715
paper:0.04820810496545744
article:0.020258322007915025
