at:0.003538012098210566
out:0.009463269872132207
say:0.00762066254725921
all:0.007663195426877841
true:0.010374621655252395
case:0.009926149025328335
matters:0.019098409908789752
stand:0.015814211062114305
way:0.006957320560427884
further:0.014248330928037697
such:0.007722960656497182
objections:0.023223523662548647
parents:0.03683216891962451
turn:0.01374087604303018
possibility:0.017032054544744303
my:0.0038161215314469928
geneva.rutgers.edu:0.020075957092620247
hayes:0.02235515776508023
to:0.007748910940269731
q:0.017046901379609066
otherwise:0.014270621813702955
look:0.009522764354521727
physics:0.018416084459812253
most:0.007456206682598545
might:0.017085021171714423
enough:0.009767664766816852
confidence:0.02308737285260615
that:0.013931912668051277
indeed:0.014812218106444237
like:0.004677265315295876
could:0.030303396693294325
acknowledge:0.022955686817172454
me:0.0043517617686929504
generally:0.015529114430614855
re:0.001501769087462532
so:0.00410365701761012
believes:0.0394267186296413
this:0.004216726412621839
child:0.0318503182388867
he:0.006386077138635482
student:0.01615669667537619
on:0.0020361800210413248
medical:0.01615669667537619
them:0.005886984624627473
e.g:0.016302310121250184
a:0.005608450304603996
beings:0.020371147703033606
same:0.007799571688869929
as:0.009639929641168898
perceived:0.07075672878275796
truth:0.01443798204021126
steve:0.012880135931061793
witnesses:0.021116999694178556
blood:0.08386895008852611
belief:0.016544238154894184
let:0.009257581296196082
doctors:0.039369140400897416
also:0.005957819805942033
step:0.01670490214932671
are:0.007745920260255729
christians:0.028891515156943534
reasonable:0.01501328180765481
it:0.0013769294367067147
conviction:0.022468293817155316
not:0.00968530134258578
admit:0.016466253874343577
have:0.004106430627691991
whose:0.015031250805224773
after:0.007747846135200607
b:0.012292804604474865
his:0.0074073455482138815
infallible:0.02600724727925525
be:0.027877650946384162
writes:0.0026556722530825796
of:0.004685315314837076
trying:0.010828627401881107
electrical:0.019024718588837156
department:0.013928014388325045
analogy:0.02124186148964053
seen:0.010411505584828725
what:0.003696554630508559
well:0.013517011326532888
must:0.009307069989877499
they:0.018733325793328186
who:0.005192983430658025
one:0.0039490397902635435
in:0.00214071929993362
or:0.0027080781433858844
and:0.005366630324167729
irrelevant:0.01971335931482065
subject:0.00010721669434545499
however:0.019253806459412954
jehovah:0.026294231070348208
boss:0.02308737285260615
similar:0.012709872642034943
necessary:0.057908044618177106
the:0.0036325446264532674
wrong:0.021232305677348275
jr:0.037531055481790206
would:0.014982323632198811
agree:0.012114679433592124
genuine:0.023662075035902026
claim:0.026226819636947677
human:0.01287486896078946
here:0.007230525725395164
arrogance:0.04376426705099272
doctor:0.05307254329635949
efforts:0.01948862576603332
arrogant:0.044490243448328214
is:0.007553045735882118
save:0.029096467730291516
carry:0.015632360843105646
applied:0.01777911646713499
graduate:0.022085522010712243
man:0.011638752364639352
life:0.022412685568584015
their:0.006079050677034996
precisely:0.020013204811884983
article:0.0032543489169341404
very:0.0070009738625841245
jewish:0.015359466618573486
by:0.003977652509305887
concern:0.018500636303980255
beliefs:0.017486597093832715
dean:0.040026409623769965
s:0.0074751359139279315
