read:0.020798193228421302
king:0.11553174784067327
choice:0.03460883187631691
there:0.008419990693368325
thanks:0.01828795087079049
fax:0.028060948072324676
hand:0.02896549959130893
with:0.005365388777885755
hell:0.06263084265104396
to:0.0037932086974976995
then:0.014641104126383517
born:0.039430485853591477
depend:0.04701469294702696
heaven:0.07989289314429994
might:0.019514542530994917
t:0.04727106522936591
that:0.012730444970072544
technical:0.03519951599008533
like:0.010684762050538288
really:0.03580542648056745
account:0.037383297309424406
re:0.003430646814478629
consultant:0.052740879268797544
voice:0.03327058992143274
he:0.014588378050644361
on:0.009302914224574127
you:0.02549536648663862
consists:0.04987505647024569
loved:0.09629322114470538
more:0.011664394732300238
a:0.005124785782922551
other:0.01265420172322854
uunet:0.034651305618507204
internet:0.026206733423069783
uucp:0.038840629425101594
yourself:0.03216765753554672
be:0.005306984010435517
g:0.032431210651481676
writes:0.0060666274405280956
if:0.012296337977310263
of:0.005351575749515743
trying:0.024736956174939415
what:0.008444422963271846
but:0.00610351580046248
praise:0.052740879268797544
in:0.0032601780164126697
minute:0.04103176490269147
703:0.10642291990250428
point:0.02019757762623909
and:0.005254092859964999
for:0.0059697039066435595
subject:0.0002449262100185165
i:0.003502728573309999
athos.rutgers.edu:0.038318107471638545
eternity:0.055797250337866706
than:0.013124782405683131
the:0.002766066091702947
would:0.025669256314799344
did:0.015081752692137297
an:0.008237597601483824
is:0.004929772970470898
spent:0.039833414605287214
time:0.014490917155079943
eternal:0.0846237024892926
every:0.022313289237957765
him:0.021986378929938606
article:0.0074342466084091835
giving:0.03480153162650528
john:0.049201438524437535
god:0.02434108469518555
s:0.005692075971156132
va:0.04578963429909556
