religions:0.022843044020577997
out:0.0056372110003849755
there:0.004391287012330849
all:0.00912983569996451
happen:0.016180058498408208
your:0.0060283838381878585
with:0.0027982171138255852
way:0.008288865165294465
decision:0.020118400637259747
someone:0.010542861792646028
objections:0.027668217186481405
parents:0.04388138785161006
my:0.013639439157851214
to:0.004615978048151108
puts:0.023625959923840208
been:0.014040577868147743
make:0.008421437719376573
that:0.013278645949645045
realized:0.025061867064750915
studied:0.026907142092559455
cold:0.04227895105301081
quite:0.025418175905353124
conversion:0.024032626013952132
nt:0.006833287576291277
could:0.0072206179680672595
me:0.005184634834471505
re:0.001789189008507993
anyone:0.00800437679254254
had:0.022025002186824908
this:0.005023755391114057
tar:0.028674415314885047
carefully:0.02224949067765944
certain:0.015771842065839755
on:0.0024258795465994733
you:0.01063730123270281
brain:0.02109750430127652
took:0.016150247255582197
am:0.007819791180389309
bill:0.014811071175558455
shadow:0.025673509990635533
a:0.006681837922710024
other:0.013199119500783835
same:0.009292312681955083
christian:0.04601687614215181
was:0.016946624576103072
as:0.003828297417306308
rejected:0.02510995479610738
accepted:0.02015257713253429
given:0.013338696455412828
therefore:0.016425480959592658
also:0.0070980724003807
assured:0.02758642563930772
are:0.0030761310124460548
learned:0.04344301908576036
lay:0.022903610512788154
it:0.00328091320325332
not:0.011538947532554352
should:0.00786034517815062
have:0.0048923503650493095
made:0.011127174889559815
probably:0.011422123038417265
suddenly:0.0233171631719858
grew:0.026768445743883606
after:0.00923068750078924
degree:0.021203130864430587
writing:0.019150520311711168
knew:0.0185746175258266
without:0.01075220327656696
be:0.0027677572111840733
outcome:0.025839469598233092
if:0.0032064613385809054
of:0.006512364109857276
what:0.004404029200940819
but:0.00636634662440584
asks:0.02460583749630917
powerful:0.022016044916083208
years:0.021337563856271707
never:0.01054516378402804
fairly:0.018776107886353522
well:0.008051999570111698
up:0.0064280400495329406
accept:0.01709144483570686
one:0.009409673758618396
rest:0.015629812600348365
in:0.0008501421143277056
purely:0.02384348324478163
become:0.03169591172052773
point:0.010533664886411774
winter:0.025728192745772486
and:0.005480345662547223
for:0.00311338624796243
subject:0.00012773663584697749
i:0.012787473212610187
any:0.009792222643912031
the:0.0025245316124035268
do:0.0034369278416578786
responsibility:0.0207548749597544
would:0.0044624384981070625
because:0.008443647363131645
did:0.007865603078674475
claim:0.015623153324401846
generic:0.02637496202026173
forward:0.02069687801940825
rational:0.02443493757955281
thought:0.012844911029625419
many:0.00886699056257461
religion:0.016992972550060825
about:0.004712996078095079
night:0.01601834854824892
having:0.03756303434096213
christianity:0.036810031711980974
study:0.01772905908342009
lot:0.011859107120887037
life:0.013351097384156506
element:0.02546082213144494
process:0.017304132694897452
by:0.009477851433657092
lesser:0.028190701837031602
poster:0.021793461109217694
god:0.012694632687919736
conservative:0.02520760489960598
