divine:0.07401307179893532
go:0.028194670315856915
know:0.017882248197946402
all:0.013827070009366539
with:0.02542727725171945
to:0.001997390087088161
that:0.015082809801498991
quite:0.03849564321897683
anything:0.03364117609158556
murphy:0.2396681331406392
on:0.007347953988975216
vs:0.04951611514584554
how:0.038126463687800705
are:0.01863511251018045
those:0.02689732832300812
works:0.043117768022474495
it:0.0049689192715937965
love:0.04742344116204998
humor:0.08047305741119772
his:0.026730855673989227
familiar:0.06676316579262441
if:0.00971232492410738
but:0.009641785829716091
scripture:0.06956051138553314
who:0.037479793456053574
good:0.02347840364289129
called:0.03887325356314107
tim:0.1182002695575707
in:0.0025750681433984127
according:0.049848205863568376
and:0.00276664793109268
for:0.009430401823538376
subject:0.00038691241872490284
purpose:0.05450552887166068
we:0.058597561117998694
commentary:0.08748460743116976
will:0.01642471514352586
the:0.0010923956666508015
wrong:0.03831046459173711
do:0.010410404621833284
romans:0.15300731046531005
can:0.01252994191938715
law:0.13073222283669417
is:0.003893806186821216
appropriate:0.05860880794290589
matter:0.04378120307102235
him:0.03473210584584504
by:0.014354137316190813
god:0.038451858431524995
everything:0.044777717158308014
s:0.026975490472000797
