ask:0.013369553139249393
studies:0.019353591267585755
know:0.011319955281268824
all:0.004376457938744455
faith:0.03435803780142012
weakness:0.026853744752095225
whom:0.019304177978677905
mary:0.021512884440473643
miss:0.02213679158580784
work:0.00928932322931332
reach:0.019992217747845775
my:0.008717562030553223
to:0.0063220144958295
us:0.009448974248555028
that:0.014321750591331612
think:0.013208697500261976
like:0.005342381025269144
really:0.008951356620141862
nt:0.006551179373600354
saint:0.026294617148384047
anything:0.010647895184951394
re:0.0017153234072393145
tells:0.02030733945099364
so:0.014061613725480553
this:0.004816352645609349
mean:0.012125789251513122
he:0.014588378050644361
goal:0.01923911084568728
am:0.014993911529370327
more:0.011664394732300238
a:0.0025623928914612756
how:0.00603377521664736
want:0.017363284107451207
as:0.00367024844136247
harder:0.02245110326671039
far:0.011419165468446797
are:0.011796539111949092
spending:0.02248375220142995
works:0.02729473388578661
religious:0.01684128350967944
it:0.009436387974494642
not:0.008296926723522453
have:0.0046903725976848885
try:0.022352198828838467
university:0.01078137661283786
alleg.edu:0.02758926149555935
doing:0.01229680231727209
loves:0.026074391372299822
love:0.0450305152318548
achieve:0.023891611992162373
usually:0.0151272969825074
his:0.016921367353259237
without:0.010308304976158235
be:0.005306984010435517
seek:0.022291255875287602
writes:0.0030333137202640478
dept:0.018822511423586236
things:0.010251036367615825
of:0.0026757878747578714
trying:0.012368478087469707
even:0.007702566274156082
what:0.021111057408179618
but:0.01220703160092496
never:0.02021962597120973
anyways:0.025933236974745904
understanding:0.01841355405922397
requirements:0.022322782844497516
they:0.008558895637685722
find:0.009708471273731149
up:0.0061626622493228655
good:0.022293713550818797
one:0.00451060049438359
in:0.0008150445041031674
our:0.01022832762835043
point:0.010098788813119545
presence:0.021899982570187163
rather:0.011804970884921391
and:0.0017513642866549995
still:0.009365637991878657
subject:0.00012246310500925824
i:0.007005457146619998
we:0.06800542643510858
stan:0.05069369072463048
water:0.018807785388585095
lives:0.017855311238226177
than:0.0065623912028415655
the:0.0013830330458514735
wrong:0.012125789251513122
do:0.016475181626295795
when:0.011997013237098494
att:0.02811710245787489
romans:0.024214459683730264
can:0.007931798095758839
once:0.012307482545527094
may:0.01707362869210854
come:0.02202929976577439
wants:0.01614924386510894
long:0.010918858922516445
jesus:0.015932107429783515
is:0.007394659455706346
right:0.008898502723808713
does:0.016768194692718237
dead:0.015739826306473102
article:0.0037171233042045918
dumb:0.023590000168479893
sign:0.03975882629259685
saved:0.04251022247412488
live:0.01420499208232871
aware:0.01879310647697651
by:0.009086563989148312
seem:0.012659231903191459
god:0.03651162704277833
s:0.002846037985578066
james:0.015869696181821227
