another:0.011671080686255678
say:0.009987078811934438
all:0.01004281926996096
faith:0.019710663791341013
your:0.01326244444401329
from:0.004455643444369345
both:0.023638990340086714
christ:0.058608535469019354
to:0.0021761039369855226
matt:0.025834876154686007
then:0.008399370261977911
hall:0.02410742217692709
make:0.01852716298262846
that:0.007303255272304775
me:0.005703098317918656
re:0.0019681079093587924
so:0.005377950512552211
greeks:0.028943657792986046
he:0.04184561072421671
laws:0.019536178489673116
on:0.005336935002518841
set:0.04183286185461981
you:0.002925257838993273
used:0.010391913201772976
came:0.015888035434094457
why:0.00936696094817898
a:0.002205006514494308
speaking:0.022186733099107347
was:0.009320643516856691
as:0.008422254318073879
said:0.011534235940333853
answered:0.02557628305690893
far:0.013101989853270534
jew:0.026652510049523702
learned:0.023893660497168196
instrument:0.027838018478528907
it:0.001804502261789326
not:0.009519631714357341
have:0.005381585401554241
only:0.007018611780364666
interesting:0.01720012927327059
theology:0.028301012020349733
against:0.013596214695567614
has:0.011208152356700536
his:0.03883008508432119
be:0.006089065864604961
which:0.006799433329039567
judgement:0.026435888615347347
of:0.006140229017865431
what:0.009688864242069802
never:0.034799040487292536
saying:0.015876606205075996
fact:0.012622458571730734
court:0.021035061197175308
please:0.010081133457396077
must:0.012197160144628932
find:0.011139193356175737
who:0.006805541443336043
up:0.007070844054486235
now:0.008694286304622338
one:0.015525961701720355
in:0.00467578162880238
point:0.01158703137505295
rather:0.013544650804804543
and:0.005023650190668287
gentiles:0.03390475274136251
for:0.006849449745517347
subject:0.00014051029943167525
jews:0.05833629642005347
i:0.002009460076267315
any:0.005385722454151617
established:0.024387443419366377
will:0.005964764973175181
the:0.004760545326246651
do:0.011341861877471
benefit:0.02384154959725919
less:0.01446771345576988
would:0.0049086823479177685
can:0.004550347328619544
law:0.06330191842618875
forget:0.020206385975865757
moral:0.02112713044689908
an:0.004725779676640719
salvation:0.027620950275718124
rules:0.06504497843003136
just:0.006180992439294136
jesus:0.03655999389150322
people:0.023767470632733434
statements:0.022186733099107347
hold:0.01826200322602116
paul:0.05171088143856407
is:0.0014140664573192836
questions:0.01591671756445006
does:0.00641309902282908
sabbath:0.032390636570563666
sides:0.02397280722013946
goes:0.016963301031529876
under:0.012775386458450732
mouth:0.025434026886446193
repeatedly:0.027620950275718124
earth:0.01852913243470394
saved:0.024387443419366377
live:0.016298359336566624
says:0.040437264385698446
god:0.05585638382684684
s:0.009796362329305553
