ability:0.06166599485320658
believe:0.008356430308962848
know:0.004745673560224238
knowledge:0.0142183505571236
allows:0.01589489763517755
with:0.006748008193725547
decision:0.016172098973797257
ca:0.007909802292662775
gain:0.03527388484994809
often:0.011951232262610408
approach:0.015831740980514753
my:0.0036546702358857745
to:0.00742107240048909
everyone:0.011759664451973476
cases:0.01415302153263997
us:0.03961300742663454
impact:0.01843555536642883
been:0.005643232258543998
make:0.006769540320575784
that:0.014676734152997096
produce:0.01621338188011691
control:0.011729362576696245
through:0.04556660180816975
nt:0.013732279840816125
me:0.004167648770786711
re:0.0014382327029929638
oakland:0.021686183781269488
spiritual:0.019641930592794375
mean:0.010167007910884079
he:0.01223179390400181
best:0.009366061846005516
merely:0.015696342383618677
two:0.0071722670486665824
on:0.0039000678864560766
children:0.012893757184686638
am:0.006285909064236022
assume:0.013351879058804524
great:0.00969711803358722
sexuality:0.02396993265337234
sure:0.008392477000612322
a:0.002148467885917531
how:0.005059088450881248
test:0.013753460976844888
given:0.010722259843004928
question:0.008396100320565788
logic:0.015972080569988355
science:0.03901883337885364
far:0.009574531046620776
are:0.0049454721661632735
no:0.004329791293009653
those:0.007138137131875231
begin:0.0321016883041578
it:0.005274698919076492
not:0.004637769296738192
should:0.018955524718078612
have:0.009831742560531787
made:0.00894453673814616
being:0.007483861268942878
only:0.005128985531804949
university:0.009039769621533283
between:0.008934099407870792
able:0.010144097023502574
allowed:0.014737820108141814
has:0.008190572876050392
attempt:0.014833263066294598
heard:0.010394797536230287
be:0.006674552966970823
writes:0.002543316888529086
things:0.008595099723616346
if:0.007732504843423953
of:0.002991393624088287
sexual:0.0342617590208041
even:0.006458305568330869
what:0.003540161934602428
but:0.005117563248080079
nature:0.014663135162537578
glory:0.02059409243380344
using:0.008478540687095849
who:0.004973280285514801
now:0.006353516914916324
over:0.007715156740459069
in:0.0027335338752998537
our:0.01715211863831072
yes:0.010257099501938035
world:0.01939423606717444
men:0.013506148279335932
use:0.006395305875951339
and:0.004405354782586037
word:0.011803371216013148
for:0.005005367121724215
subject:0.00010268060343083961
create:0.04387898874511868
i:0.0022026773912930185
example:0.010812919783684248
vela.acs.oakland.edu:0.02224098996913313
rochester:0.021517712155660285
we:0.046652673659329735
power:0.041567004310316034
possible:0.009911429319094547
alan:0.016925702661535535
decide:0.015745028525433767
physical:0.0328242407644209
will:0.0043588667111664784
yet:0.0101156490103314
the:0.0040586700537872085
do:0.002762761226563449
when:0.005029517087860523
relations:0.0370709221667289
can:0.0033252538170681287
did:0.006322734782472944
an:0.003453454379083603
problem:0.008136789584790709
people:0.005789512077204298
ourselves:0.018290400258802495
many:0.0071276962599157445
is:0.006200137543630706
deal:0.012678134583694265
new:0.006630767557244411
gave:0.014276438127068816
does:0.004686495439759713
life:0.032196684845638965
matter:0.011618857738079011
extend:0.021573053453552975
difference:0.01233520710320918
past:0.012705824795782169
says:0.009850102863182955
babies:0.02135631138989478
giving:0.014589872874188753
god:0.08163625328539154
s:0.009545173551631052
