since:0.0111777744324228
believe:0.024275663467378104
there:0.005127256902665628
where:0.010320987699629955
atheists:0.0933334908247732
with:0.006534384098207233
hell:0.09534583587938256
into:0.010004491078113891
such:0.010743112868535187
from:0.00472945393536411
both:0.012545832862057196
angels:0.028729720875578863
my:0.005308459560504477
to:0.0061595493188417024
most:0.010372041698139876
death:0.05623602878273333
enough:0.013587421938197744
direct:0.02231159565683896
die:0.06314672130892204
that:0.005814044001695142
view:0.01902429470829403
think:0.01608657013998386
through:0.013237225106283949
nt:0.011967796956241986
oakland:0.03149948482195568
exactly:0.01796861817470396
this:0.0029328627841978716
personally:0.021892986620706708
two:0.010417818059515707
these:0.009254949570385154
on:0.0028324515376496645
used:0.011030522392943384
bible:0.04021154750678544
more:0.007102899585590647
a:0.0023405097081224497
other:0.007705631216938049
as:0.004469911509592282
running:0.016913186661713417
quotes:0.027148009948674286
awful:0.028105676241053718
forever:0.026363890631942874
are:0.003591683696096232
no:0.006289082325041955
those:0.010368243878701453
christians:0.02009493651977358
reason:0.014928558234684513
it:0.0019153934622344803
flame:0.02345057823954076
expecting:0.031254777432802645
have:0.00856844603040759
unfair:0.03336256643359297
fail:0.025502713649667684
university:0.013130391629042757
postings:0.025735522009447398
expect:0.01930849767127591
has:0.005948460747969559
his:0.010304072857571267
be:0.009694881404538625
common:0.01880518457894609
of:0.0021725205091143985
seen:0.014483044081689123
what:0.01028426930722493
explain:0.02008412026822684
treat:0.02695989142852575
nature:0.02129840861597637
they:0.02084736591078757
talks:0.02674220445347891
who:0.014447518147864227
in:0.002977872098790343
fear:0.024054559416215066
sword:0.0323053485585174
and:0.004265892899338434
subject:0.00014914501056993463
each:0.014223516186372152
i:0.00746531257384226
vela.acs.oakland.edu:0.0323053485585174
rochester:0.031254777432802645
condemn:0.030869342396562693
any:0.005716688638484957
alan:0.024584819508375638
will:0.012662629551992004
unfortunately:0.020569235088413167
than:0.007992185934186933
the:0.002526546402197943
do:0.012038847802902179
see:0.009884836655928358
when:0.01461088762953895
hello:0.02161614966844565
would:0.0052103332184602015
can:0.004829977611383874
fires:0.03141671897958059
problem:0.023637601028442284
newsgroup:0.02147577564566676
jesus:0.019403348713367633
people:0.016818694302492932
statements:0.02355016362475082
about:0.005502883688949003
definition:0.022764130763839444
is:0.006003857584148915
threads:0.031668788450421204
handy:0.029318327108304152
2:0.01088496956477882
1:0.010941474256562618
eternal:0.07729595171508011
him:0.013388353650074345
mouth:0.02699701177890937
bad:0.015310620372884828
by:0.011066318154381744
says:0.01430741198004228
especially:0.017459752555851072
god:0.014822224758520809
s:0.006932248948111936
