another:0.017460671892823455
advocate:0.04372158237301293
some:0.009193203741207513
go:0.015318364187355332
all:0.007512345123199143
monday:0.03980794220266919
with:0.0046049399747208454
further:0.02793570394552273
from:0.006665923263229729
work:0.015945452472364598
to:0.005425980945239491
day:0.08010403262245266
interpretation:0.03692762840963192
that:0.008194597451208114
church:0.029506108977077228
hour:0.036659170052600616
re:0.00294441340770213
churches:0.04124354501207041
sunday:0.07035940149349398
on:0.02794536832027582
set:0.02086153215847182
you:0.030634589967409864
why:0.014013563623259893
sin:0.06780734071657475
a:0.004398438191642189
other:0.0108606928175741
as:0.018900334493315397
protestant:0.04753100718701349
question:0.017188866798008694
answered:0.03826373055758029
are:0.010124588686633473
it:0.0026996490530706452
not:0.018989291608691807
have:0.008051190758230754
probably:0.01879703712621424
has:0.008384050975484654
worship:0.12042917183049881
free:0.04547256368700371
be:0.0045548130483265455
which:0.010172380571004077
if:0.005276774958767002
totally:0.03243712835093427
what:0.007247575614146702
but:0.015715351706702605
again:0.01922731604809463
scripture:0.03779271878426604
alone:0.030230026263106252
they:0.014691647630043207
up:0.021156856226021804
in:0.0013990527708227596
and:0.004509418281387282
subject:0.00021021225899227005
i:0.001503139427129094
decide:0.06446783333248471
will:0.017847328266193455
normal:0.02970364310644522
the:0.002967531535389972
do:0.005656046605562966
would:0.007343698000821858
can:0.006807606239667034
law:0.023675914371999732
agree:0.023752402983971962
just:0.009247154043038473
long:0.018742608229201454
is:0.008462129980808312
sabbath:0.09691686532924561
belong:0.03865060212118379
every:0.01915077580265666
show:0.023701328108148286
meet:0.033780636359050514
mine:0.02571054365984241
says:0.020165564916752504
god:0.041782334358664956
clh:0.04735794492938534
