another:0.0076465701047882025
some:0.008051978449195545
since:0.006899384908288556
divine:0.01761000673836737
there:0.0031647551226798186
andrew:0.012984338479903443
activity:0.015390355341312322
send:0.010114990071986974
where:0.006370540683564695
monday:0.017433133309444782
text:0.012470909424943336
with:0.002016646126860508
establish:0.017550035211774718
into:0.006175185872353057
response:0.012108960526301178
someone:0.007598131429872482
followed:0.01532737138276993
from:0.002919214670448881
post:0.008905440704935106
investigate:0.019494640208602095
to:0.00570289307623792
spoken:0.019881251581432113
then:0.00550303568888208
day:0.03508004187259134
interpretation:0.016171754510425015
make:0.006069243046033461
that:0.007177337077954693
church:0.025843281655784884
hour:0.01605418826441475
protestants:0.02130875433238409
like:0.004015996770719563
really:0.006728950838589399
nt:0.00246233983352565
acknowledge:0.019710227646468764
its:0.02139128851069831
consider:0.01110470371921101
me:0.003736512691050154
re:0.0012894500095798984
creative:0.019600749376418484
churches:0.05418548499861663
this:0.0018102842702462723
reply:0.012383436273638429
he:0.0054832179569663285
laws:0.025599130434744082
sunday:0.06162513096326714
on:0.022727981821071618
you:0.011499289436042521
bible:0.01241011552364585
posted:0.011770279049937571
sin:0.04454240829830169
a:0.003852425174748676
other:0.0047562344407996926
noted:0.015390355341312322
was:0.006106628511044039
as:0.005518028691151851
part:0.016891186982160532
operation:0.014847469432767229
protestant:0.020815303147416253
also:0.005115507350619194
course:0.00843500620655179
are:0.006650807395874747
no:0.0038818818489052063
christians:0.03721027900385659
it:0.002364520205103255
not:0.020790000295722928
discussions:0.016550604433109607
byler:0.020815303147416253
made:0.008019239834200005
probably:0.008231805913893822
interesting:0.011269050213522112
against:0.008907864800544299
referring:0.016377069661083692
binding:0.04147902762780647
has:0.0036716361168501756
worship:0.10547934360326447
free:0.029870770284048987
be:0.003989387980258423
which:0.00445480114661213
if:0.006932590549276647
of:0.005363878222503135
saturday:0.0171837517177909
what:0.00952181485858584
but:0.006882240230176658
nature:0.013146259111240585
again:0.008420238407269028
scripture:0.016550604433109607
alone:0.013238666673843082
must:0.007991242853377576
they:0.006433928444880991
authority:0.014586111365975733
up:0.004632621966732361
accept:0.012317627485043907
rest:0.011264244253354512
in:0.0018380658816671428
context:0.014319796373093007
or:0.002325211923114087
and:0.0032913570214723265
subject:9.20584720414424e-05
i:0.0006582714042944653
group:0.018600799550390654
explicitly:0.017764663863075483
we:0.023236963891620173
decide:0.056464929884314195
will:0.00781589893036748
normal:0.013008147153512216
the:0.005718126282675574
do:0.00495391668211377
would:0.006432066524857766
can:0.008943786128666
law:0.051842088366275275
individual:0.013316159280229492
rules:0.014205225174374664
just:0.004049615736089262
five:0.013693043493260748
n:0.012624191364842764
is:0.011117488009268851
argument:0.012133591172895593
items:0.015977980171309004
study:0.012777149477361374
sabbath:0.1273287092773882
belong:0.01692629817031152
category:0.017993543411161248
change:0.010248307268656854
show:0.020759094274033326
faq:0.026773069399294892
falls:0.017052622767483178
meet:0.014793589026204881
before:0.007331704369733257
by:0.006830589481497697
weekly:0.0195472866642255
god:0.009148890454397327
clh:0.020739513813903234
