some:0.012554159947670476
believe:0.0233620632293585
at:0.009472742069402485
all:0.010258793877917111
true:0.02777721281890158
ever:0.02842389308419205
your:0.01354765830302433
followed:0.04779502904304602
christ:0.03991262272083755
geneva.rutgers.edu:0.05375175608669293
to:0.001481934580742829
that:0.00746031452547262
jeff:0.045327734288498886
problems:0.029495411138621218
think:0.015481161586328552
nt:0.015356527994030937
could:0.032453960329592635
re:0.0040208656212706514
scott:0.041097602722274265
resurrection:0.11613869131248854
you:0.005976333219448623
great:0.02711022245949115
e.g:0.043648120647218236
a:0.006006469358479119
was:0.00952108746345576
as:0.008603378066849661
are:0.006913025608615329
fools:0.060789738284888255
not:0.012965806636042257
proof:0.045022673029044946
only:0.01433909933622889
whether:0.030725361127761558
love:0.035185133765391924
yourself:0.03770187818682358
his:0.019832570338766203
johnson:0.049648964825890665
deny:0.05160941167313749
teachings:0.05653906369731679
writes:0.007110348290511424
down:0.025423285773689873
if:0.02161775547623901
of:0.006272276953733505
even:0.03611095586593604
biggest:0.051961990413169644
in:0.007642137715892064
or:0.007250660835517047
world:0.02711022245949115
subject:0.0002870640526023473
however:0.02577525703437541
i:0.0061580228143675786
we:0.028983739907827315
world.std.com:0.0494201755952747
flames:0.04809099327304699
the:0.004052435537575554
do:0.007723848590392437
see:0.01902565334850727
when:0.014061015514448775
level:0.03785521680208333
did:0.01767646283272006
paul:0.0352152956033232
is:0.005777905954637934
deal:0.035444247223231286
today:0.030528239417186593
write:0.034991117472984015
christianity:0.04136180982690336
goes:0.0346562064085019
atheist:0.0491408692898633
article:0.00871325677759786
secular:0.060789738284888255
