at:0.035238600498177244
us:0.08239505544739985
a:0.005586016503385581
let:0.09220550971011299
daily:0.17834421358927777
proper:0.16426112420167363
not:0.048232800686077194
verse:0.20718645233635866
doing:0.10722811620661261
chuck:0.19933151992637446
if:0.02680601679053637
up:0.05373841481409539
good:0.06480039405437997
in:0.007107188075779619
become:0.1324889109918059
for:0.01301395451648296
subject:0.001067878275680732
we:0.1078195124571176
will:0.04533221379613138
the:0.003015012039956212
do:0.028732716756259866
time:0.06318039879614855
give:0.09452945085424026
