correct:0.021961190873700995
increased:0.032568240374109374
technology:0.022601796549106996
send:0.019686893428699483
your:0.00845592095423666
with:0.0039250159516077
such:0.025812311455943603
kids:0.029505792153387403
bits:0.0295931436172268
wrote:0.017285738085186988
my:0.006377276921679874
to:0.005549795275533546
us:0.013824673732785208
bruce:0.12366868294472708
make:0.011812620693622173
that:0.013969313775884971
choices:0.034453491283279854
advise:0.04022115973698641
me:0.014544814502074425
re:0.002509667803880339
this:0.003523372069606839
largest:0.03601183616136125
on:0.006805487587104563
western:0.027453206467754364
am:0.010968700380546077
assume:0.046597161815962095
education:0.05806238263162852
link:0.03252273911917394
posted:0.022908596808603326
a:0.0028117532735162315
how:0.008827939578718955
same:0.013034183560594714
false:0.02810139994430322
copy:0.02293028151049223
also:0.009956356588453466
evidence:0.021595355936329375
are:0.004314841487256547
results:0.024584454690392353
reasonable:0.025089309866483542
d:0.02445428486412128
it:0.0023010431526172613
sex:0.05806238263162852
deleted:0.02357972816777407
pregnancy:0.2520636831167083
suspect:0.026054329281193018
has:0.01429227481726914
netcom.com:0.021604262917591537
highest:0.031672056530991775
be:0.007764580632717736
which:0.008670418339043744
rates:0.09232761806362251
found:0.01794980204870468
were:0.010411431526659725
if:0.004497653823915498
of:0.003914911118773261
produced:0.030810919291774517
negative:0.03313976928914499
please:0.0257102732470504
who:0.008678207209623142
one:0.013198804131216409
aids:0.036324051031394085
email:0.018415427241395575
in:0.002384962441536785
world:0.016921145561964272
and:0.002562398754971744
subject:0.00017917420732898185
however:0.016087912108704115
i:0.0076871962649152316
back:0.014136622282332466
rate:0.05214329811397653
any:0.01373539954750077
actually:0.016404792799336137
research:0.020720345506958237
will:0.015212152280580997
the:0.004552870530135219
wrong:0.017741087629730607
see:0.011875072224236081
joe:0.026707847160556616
increase:0.028219770021391186
long:0.015975243255762314
interested:0.019309236345066576
is:0.005409515977664373
planned:0.03313976928914499
methods:0.029862233934017927
decrease:0.03941482207361685
told:0.020806844072007582
guess:0.040216876012559105
article:0.01087695141364565
side:0.021613181735377133
teach:0.03299225984807938
happy:0.02549057106365786
while:0.014566057086433036
