since:0.027789189213940017
week:0.047886650061188654
at:0.012235625172978208
round:0.06112059294443387
there:0.012746930355238158
chris:0.05328815615165694
someone:0.030603584925875275
discovered:0.06298378757110872
to:0.0057424965003784615
day:0.035323653274484335
months:0.047163813055275276
re:0.005193618094141257
this:0.014582845510317194
cycle:0.07021678694081926
how:0.01826893051707117
was:0.03689421392089107
question:0.030319251157598672
also:0.020604126828882866
no:0.015635357446979303
not:0.008373750119110623
christopher:0.06721047356354963
date:0.04969165541365726
calendar:0.08547529095009855
points:0.050904948450978225
be:0.008034184126909323
if:0.009307644718936239
of:0.00810169106523911
saturday:0.06921233330776891
least:0.03343975531536781
again:0.033914849140389135
in:0.0024677736374234785
or:0.009365436912542852
world:0.035017370676842734
and:0.0026513709339638183
subject:0.00037079106794469857
austin.ibm.com:0.07247399429495502
the:0.009421912624863162
when:0.03632429007899266
arbitrary:0.0748437931426045
would:0.012953467307005223
once:0.03726432215173481
just:0.03262190454071905
dates:0.07770284945099547
changed:0.10498097760648402
definition:0.0565941584267675
general:0.04095042170954932
is:0.0074631285247406635
days:0.04136461978541906
sabbath:0.08547529095009855
change:0.0825558085530691
answer:0.04217043114067856
weekly:0.07873212684201937
