believe:0.05364621926741581
mark:0.03708177733694062
know:0.015233026242695083
blindly:0.07480136751361446
your:0.015554718792361266
cut:0.045197722170424705
someone:0.054406373201556044
from:0.010451509313952785
possibility:0.05235779730421397
to:0.0017014804445565812
then:0.03940445308088403
that:0.004282773153512059
nt:0.008815784589165907
could:0.01863097722624762
asking:0.04426460264985672
re:0.004616549417014451
senses:0.07452392484877424
this:0.0064812646712520865
off:0.026956264789584572
on:0.0062593682128307395
you:0.020585147755878587
am:0.02017699205804155
a:0.0017240791677115988
said:0.05411123033736869
evidence:0.039724790549544156
act:0.04606954398788092
advance:0.03905557057625493
christians:0.04440732885233914
reason:0.06598054133354389
not:0.014886666878418886
only:0.016463410349003536
thinking:0.04300650041788463
writes:0.00816373322243904
conclusion:0.054490799673661626
things:0.027589208989385796
if:0.024820385917163304
of:0.007201503169101431
visible:0.058558444132059684
in:0.006580729699795943
baker:0.07372715298287828
reaching:0.06821743566647805
or:0.0083248328111492
subject:0.0003295920603952876
outside:0.04450340466026574
i:0.009427096654093576
athos.rutgers.edu:0.05156387301739013
sphere:0.07480136751361446
any:0.012633176127022312
decide:0.050539597735960236
physical:0.10536176047838805
will:0.013991424011151658
the:0.0037222370863656934
do:0.008868122455635761
see:0.021844268659397235
would:0.01151419316178242
arrogance:0.06726729935615548
five:0.04902447670426688
is:0.0033169460109958504
article:0.010004109633538283
freenet.carleton.ca:0.06855112297990916
