at:0.020728588528339555
tank:0.054577573122873375
bradley:0.06500720339982026
with:0.006880322079877027
way:0.020380856700547567
compound:0.05038139731182947
from:0.019919347163062956
my:0.01117899130976825
christ:0.08733820971853863
to:0.004864232329732344
besides:0.04764807993102222
then:0.01877506293853886
that:0.012243692662393299
feds:0.058445918580233895
through:0.027876038753233256
me:0.012748102122406409
re:0.004399300032684359
so:0.012021301145704943
this:0.006176263980840224
off:0.025687734681839415
he:0.03741489900047612
on:0.005964809708697528
a:0.004928838091222571
was:0.010417189812957478
prophet:0.06500720339982026
following:0.032203697329879544
said:0.025782409748981557
no:0.013244067484500115
it:0.0040335932910584935
not:0.007093058924423116
statement:0.04086116964344477
being:0.02289181094029586
public:0.03486758350659522
be:0.013610853109116972
of:0.002287536300773396
but:0.00782686143824012
latest:0.04901584235591472
waco:0.045702067170485305
clear:0.03879706755513663
comment:0.04623055761038544
and:0.00224586714406347
subject:0.0003140818457884505
cdt:0.05947774893810573
the:0.005320609482275668
originally:0.053527006797606365
did:0.019340129922858416
claim:0.038414576997646895
an:0.01056350751249102
koresh:0.09609879126220593
about:0.011588425650845547
paul:0.03852967636598891
is:0.009482563302023432
right:0.022822042279885876
time:0.018582470234161336
broke:0.0589974901790439
wall:0.05278251915116495
article:0.009533328003724717
claiming:0.05425872689019349
backed:0.06339709536785323
by:0.023304364113345084
clh:0.07075834124743456
s:0.01459850072602396
news:0.07220885920384515
