taken:0.026571623385150487
divine:0.08236938635687964
go:0.015688969772533284
know:0.009950605852083079
all:0.007694095408437832
706:0.047671570724166994
with:0.01414904943845679
to:0.0033343528066713648
that:0.008392853841156697
quite:0.021420962758946786
anything:0.018719686696124224
re:0.003015649215952988
behavior:0.03426120179773544
michael:0.0484628258334466
murphy:0.17781829233015167
phone:0.02368828327588362
aisun3.ai.uga.edu:0.04547103050911344
programs:0.028493404228181585
on:0.004088780848703951
vs:0.027553322137607597
amateur:0.03830121130414734
a:0.0022524260094296694
how:0.02121553221337297
intelligence:0.036452342124053426
denial:0.0469173283208539
are:0.010369538412922992
complex:0.03625800703067391
those:0.014967061728125484
works:0.023992951560893067
it:0.00276496314306429
systems:0.024196912260343633
ve:0.01471882015344705
university:0.018954355658053656
always:0.021427065306441187
u.s.a:0.04139975968716692
love:0.02638885032404394
humor:0.044779362591714854
scientist:0.03976165739342726
his:0.01487442775407465
familiar:0.03715047128783132
be:0.004665010138205414
writes:0.005332761217883567
if:0.005404438869059752
of:0.004704207715300128
georgia:0.07751851290495812
but:0.005365187276212986
associate:0.03994154253467161
scripture:0.03870705875485311
who:0.020855691519900778
good:0.013064595575479832
called:0.021631084644005916
tim:0.03288636532045314
in:0.002865801643459524
according:0.02773811455311466
rather:0.02075390042671664
and:0.0030790114071837893
for:0.0052475623050334515
subject:0.00021529803945176046
purpose:0.030329689452778925
i:0.0015395057035918946
athos.rutgers.edu:0.03368285253555323
athens:0.04318116155474914
we:0.03260670739630572
commentary:0.048680950909279944
artificial:0.04154639129267653
research:0.024897834520457882
will:0.009139559233091003
than:0.011537107114673073
the:0.001823595991908999
wrong:0.021317919813144036
do:0.005792886442794328
romans:0.0851411646944064
can:0.00697230639062672
law:0.09699487500786987
radio:0.028930244844900532
mcovingt:0.08933927918253004
an:0.014482228041318334
about:0.00794367887356348
is:0.002166714732989225
appropriate:0.03261296571016537
matter:0.024362121063714052
observation:0.04232242380956809
him:0.01932673631744603
article:0.006534942583198395
by:0.00798738286142876
god:0.021396598643348586
covington:0.08849018670695873
everything:0.024916632934864943
s:0.02001407357600059
