basically:0.02548186070290835
some:0.0075814082800867155
lead:0.025092302841687737
true:0.033549101196855155
faith:0.02431835143087528
matters:0.030879896540835384
ever:0.017165078291102993
among:0.02236691862328458
though:0.016139897413056364
mary:0.09135991184460884
into:0.011628596772612899
equally:0.031124963605659067
to:0.0026848035586185016
declared:0.03546151797303345
most:0.012055814701084662
been:0.009527534981957398
that:0.006757882313658639
think:0.00934901316576984
church:0.02433296000057668
talking:0.02116682584650824
believed:0.028382011226295835
re:0.004856370165950267
so:0.006635133749252728
likewise:0.03680982553652854
had:0.00996369146546841
this:0.003408976872541682
on:0.003292265098956428
you:0.0036090843468098823
support:0.017785430581386402
m:0.008888407221532937
sure:0.014169117014020804
a:0.0018136417218784352
other:0.008956545375531888
basis:0.024202651149597396
was:0.017249242872104914
as:0.0051955464949157044
belief:0.053500198708683805
blessed:0.0355431983769741
question:0.014175234307448732
widely:0.0319210825802846
course:0.015884102596753373
soul:0.027373242135262314
college:0.026750099354341902
doctrine:0.030721510481587597
it:0.011131669796752335
not:0.0039150000556880836
statement:0.02255324298501822
being:0.012635090454059405
mother:0.02765976684246321
rc:0.07810985722119401
holds:0.03187419785318404
virgin:0.10955050709113492
infallible:0.12615203712729658
be:0.0037562419294641
writes:0.004293911629984172
certainly:0.019972449852309358
of:0.013888613254695616
but:0.008640041847407926
glory:0.03476924696616165
well:0.010927713702294447
pope:0.06983366602423961
bodies:0.031001274027927284
in:0.0034612928940485157
according:0.02233458574406635
and:0.004958407980399869
gets:0.021670885340213015
completed:0.034916833012119806
subject:0.00017335686293518376
i:0.0024792039901999343
athos.rutgers.edu:0.027121257885770137
held:0.02639901350193751
assumption:0.03080022061491451
body:0.02304987742645813
assumed:0.03173554120077774
the:0.008320650110268767
her:0.021470187044998236
joe:0.025840709265733352
consensus:0.03661303755279264
about:0.012792417926258072
is:0.006978509789367894
having:0.016992801249482867
life:0.01811934644992669
their:0.009829114406374767
article:0.005261901820237669
immaculate:0.04082956065604948
teaching:0.0653365720408911
before:0.013806456280666523
by:0.012862798374248911
says:0.016630043794984208
god:0.0172284300764625
defined:0.028382011226295835
clh:0.039054928610597006
news:0.019927769585476745
