manager:0.03444647666590875
believe:0.01905852526605562
large:0.026263457191996274
say:0.016645131353224065
involvement:0.0488283709079384
means:0.0248648703547259
curtis:0.049591628600829885
fax:0.026830204735819204
with:0.00513006470868024
eos.ncsu.edu:0.051032883436718274
my:0.016670425637373705
to:0.0036268398949758705
t:0.022598886447372298
need:0.01685264904822137
re:0.0032801798489313205
this:0.009210218217042439
he:0.013948536908072238
lord:0.03736494819069591
state:0.02331327532404049
m:0.012007146597509403
a:0.002450007238327009
nc:0.04594675628537668
l:0.02899088226976634
march:0.11404505436560672
are:0.0056395735228177675
no:0.009874962598092191
it:0.006015007539297753
not:0.015866052857262232
have:0.0044846545012952
systems:0.02631944842353167
stones:0.05202699471134111
only:0.011697686300607777
area:0.028144447760169708
university:0.020617018435075907
b:0.08055021964511162
manage:0.04420245050691032
be:0.0050742215538374675
found:0.023460706186464887
dept:0.03599392535387543
of:0.0034112383432585726
even:0.014729468840052856
what:0.008074053535058167
but:0.005835817739038686
year:0.021708427335172385
they:0.008183505478138103
up:0.01178474009081039
one:0.01725106855746706
difficult:0.03269480944770174
leaving:0.040597935481684624
or:0.0059150127868691695
message:0.02848526218034843
for:0.002853937393965561
subject:0.0002341838323861254
each:0.022333415766321186
steven:0.03935538708639492
i:0.0033491001271121917
imo:0.04639669746421484
info:0.025836802275371905
preferred:0.04479738556251348
the:0.0033059342543379517
when:0.011470828445997682
got:0.05821457425343616
nobody:0.035160435661916026
maybe:0.023227307739844945
jesus:0.06093332315250537
jerry:0.08561852232037061
carolina:0.05057511367206415
is:0.00942710971546189
involved:0.031586641553209366
having:0.022955187652810186
lack:0.03403088648160164
does:0.0106884983713818
2:0.051273935581458124
chemical:0.043578097187016496
too:0.017127349718109617
u:0.19903386755752714
feels:0.04487467178779554
by:0.008688030480852333
north:0.03521188407816513
giving:0.033275148660430486
include:0.02948704625653159
