at:0.007162317174426269
own:0.01842675313453655
with:0.009509388240480445
though:0.020207676435859186
o:0.05692648754146149
wire:0.04144852255412832
christ:0.03017783669136498
to:0.002240974244050132
us:0.016746962489308913
been:0.011928783635946662
that:0.002820362808410381
view:0.027685762217761235
its:0.033623163512750735
re:0.0030401666892534195
larger:0.03460042068390881
so:0.008307403230771709
had:0.012474865737253133
pieces:0.04137813180011926
distribution:0.03613770488620553
burning:0.0771257556861274
market:0.03179557085425222
m:0.011128574895252619
a:0.005676846040025996
y:0.034661549402722036
was:0.007198871008954355
awful:0.04090175648088305
let:0.01874095725815305
waste:0.034785203212994636
given:0.022664939505538873
college:0.03349199431356628
l:0.053739196402493715
no:0.018304808718414795
christians:0.05848770141527595
it:0.005574885036422309
not:0.009803414773592926
have:0.012469527149942754
robert:0.02597895958502198
writes:0.005376117000142784
showing:0.034910766809965965
get:0.010685967278789614
were:0.0126122219306691
attempts:0.07499173635229994
of:0.007904088844135718
seen:0.021076950330263033
what:0.007483269130053913
version:0.025369679737118577
least:0.019574490916312866
trinity:0.04805914446989193
they:0.007584712394371901
find:0.017206884046125127
one:0.007994397624192054
in:0.0028891008438128537
or:0.016446620919587446
message:0.026400974703737576
and:0.0015520220101251621
for:0.002645112706602228
subject:0.00021704843001640894
however:0.019488608977210678
p:0.05473378926229838
i:0.0062080880405006485
practically:0.0466034677914449
the:0.0036768439511661124
do:0.005839983080540624
would:0.007582517448003058
may:0.030260577681948474
come:0.019521899792434218
last:0.017724898797231693
problem:0.03439943564301763
places:0.031014812051140938
record:0.0313548650181837
many:0.01506667502096011
e:0.025291786146779082
n:0.029764353624426032
paul:0.026626199114707785
their:0.03691911264833449
created:0.0308788218576018
art:0.03749586817614997
tragic:0.04925943714311197
very:0.01417270318523128
u:0.030745068972300945
movie:0.08247830533423363
by:0.008052320933472896
apply:0.03251671532918434
james:0.02812677859867502
banned:0.045720265832072574
