your:0.05249717592421927
with:0.024367807366231137
feet:0.18300258120647217
grace:0.21135065741897366
satan:0.21908887182710252
you:0.02315829122536341
lord:0.17748350390580558
daily:0.185775222488831
verse:0.21581922118370692
peace:0.16048482730887711
chuck:0.2076369999233067
be:0.02410255238072797
soon:0.1498747348766446
of:0.01620338213047822
our:0.09290730929084973
subject:0.0011123732038340957
will:0.04722105603763685
the:0.006281275083242108
romans:0.2199480087938832
jesus:0.14471664248720023
under:0.10113847612940163
god:0.11054909299063437
