religions:0.02220556372232931
reference:0.03471286570249632
read:0.01054420028789731
go:0.009048522101368034
true:0.012015259498408589
own:0.02108363381905112
your:0.01758044961183157
with:0.0027201273339048713
312:0.028287908310825442
into:0.008329320478987844
from:0.003937545369442677
alexander:0.02367214051820776
brothers:0.02383535595919041
ship:0.02383535595919041
my:0.004419601215489773
store:0.020759083948746853
to:0.007692274381902312
then:0.007422699301282806
perhaps:0.013434704826232768
that:0.0032270197714835054
really:0.00907625927065547
through:0.011020759507092217
its:0.00961778863271707
me:0.005039947350718813
anything:0.010796470466601878
this:0.007325336349368637
contact:0.01618638278595613
two:0.00867343922164331
on:0.002358180582508325
you:0.020680892629161743
dry:0.024047774735158726
fnal.fnal.gov:0.028076455408142853
more:0.005913576864282445
a:0.004546757619034774
hard:0.012577829779420973
christian:0.014910894749937561
want:0.008802781245172937
test:0.016632092344091493
was:0.004118423879541328
as:0.0037214612103117135
copy:0.015891218349131823
others:0.012541061502643702
are:0.008970856487458961
those:0.017264331667791257
book:0.08678228401907925
it:0.019136117008742622
not:0.0028042325980277435
should:0.007640986708062696
have:0.007133729485781203
made:0.010816649078688378
only:0.006202494131485054
whether:0.013290505045961975
rc:0.02797422793503227
references:0.019206360916333317
has:0.004952439413425818
call:0.012357935339528872
be:0.008071552425174018
which:0.006008801546593106
recommended:0.022830820787862055
found:0.02487926051401858
get:0.006113367326935452
down:0.010997049195130967
if:0.006233957393147993
of:0.0027131244497544927
reasons:0.01691406732928421
but:0.006188681137213118
asks:0.023919162961528448
nature:0.01773216345237102
order:0.013043334237825544
alone:0.017856806211230203
please:0.008908908636768628
they:0.004339161044222064
find:0.01968787662951991
who:0.01202839883008231
highly:0.01942638936934233
pro:0.02093379604909871
good:0.007534929541206973
called:0.012475602306310389
in:0.0008264172181139092
mid:0.026738399257204334
or:0.009408997084229096
unable:0.021280196481198627
and:0.006215306747524486
for:0.007566252625862186
subject:0.00024834378504203067
flight:0.021867148121015687
offer:0.03269919645387756
purpose:0.01749247205648645
con:0.02697697271947201
i:0.004439504819660347
will:0.005271187650712951
later:0.01486238153003583
the:0.00315524515809371
titles:0.027874199073539416
would:0.004337905330718028
can:0.004021237174128899
put:0.01156957813742688
may:0.01731186537153331
just:0.016386817164640268
note:0.013775298134318593
religion:0.016518750060291687
about:0.00916294121229648
interested:0.026763499678278325
is:0.003748920375218566
purchasing:0.025955444304556825
time:0.02203967399865647
questions:0.014065936452304705
mystery:0.05115623237830092
history:0.01544654699698084
first:0.00873281315995833
little:0.010908552101853321
written:0.016667529946307488
origin:0.04507802910471551
comes:0.014065936452304705
by:0.009213353254113172
s:0.002885750143516364
