another:0.05613937545287541
at:0.022302911707707113
out:0.01491363416557544
say:0.02401955663629802
all:0.012076807982864445
means:0.035880952157452566
ever:0.033461038694048865
my:0.012028028624434193
to:0.001744555898849153
remember:0.03522308906988901
that:0.0131735933709295
permanent:0.06464432853324731
so:0.012934311359302786
this:0.013290694642314405
am:0.04137560396712318
fun:0.05210446398650424
more:0.016093911719249693
part:0.03100281154953515
silver.ucs.indiana.edu:0.06850991903389518
fisher:0.07613239248141694
flaming:0.06977679825613547
likely:0.041853276011768706
it:0.00433994214860724
not:0.015263544520910503
have:0.0064715267487044665
be:0.014644588788290412
considered:0.04358029059762294
get:0.01663764525684965
if:0.01696583341173188
of:0.0073838197050280505
even:0.02125518288311425
year:0.03132608501531205
again:0.030909735925417948
well:0.02130212544497905
ministry:0.06806572511223354
good:0.020506453814677205
in:0.004498220301126341
leaving:0.05858436259382338
brother:0.05865334493265331
or:0.017071176144381906
and:0.002416439332220189
for:0.004118340036861696
subject:0.00033793616319010504
i:0.012082196661100945
back:0.026662743291994147
unfortunately:0.04660624152944249
than:0.01810887699011976
joseph:0.05169871681827534
can:0.021887746643992744
joe:0.050373028188897925
here:0.09115953952523524
right:0.02455536194671265
time:0.01999379708738878
dale:0.06108633627476087
under:0.030725613001337203
going:0.0275672871398694
john:0.03394276455166893
s:0.007853623808304028
