some:0.006748768064354648
simply:0.01768001930568433
at:0.0101845666179703
out:0.006810272249019999
there:0.021220323365945603
concept:0.04920059819792813
tel:0.023499699880337437
all:0.005514842951712666
fax:0.01768001930568433
with:0.003380505068147672
spot.colorado.edu:0.03121646905220067
organizations:0.02748846281669739
goals:0.026689905946866075
to:0.003186587653389204
been:0.008481158307638377
that:0.002005229048754201
church:0.021660553988952645
need:0.011105213823683445
re:0.00432301159281122
this:0.009103741705862756
largest:0.031015974497357376
used:0.011413083863218876
them:0.008473174401920467
bible:0.1040154191288236
support:0.03166423479229486
3:0.013534485229119188
why:0.010287413758115644
a:0.0024216834552249623
was:0.0051182724514530955
as:0.004624937342294904
norway:0.03332695351800759
part:0.014157353250943798
are:0.026013755324905078
reason:0.015446311699471258
not:0.01394011580522462
have:0.002955205856344814
able:0.030490927469487502
b:0.03538622365912418
allen:0.02574583047806088
has:0.006154765745008965
writing:0.0231355996829343
without:0.012989655981517311
which:0.007467585737095478
writes:0.0038223259596390884
get:0.0075975374294284526
of:0.01123934020611206
future:0.02025726199027659
available:0.031226171419817688
languages:0.13410518230488977
version:0.018037402356448465
least:0.013917123599459433
seems:0.013621312655381954
nearly:0.024798501835834773
they:0.010785197971187788
who:0.014948588141431771
now:0.009548638138024533
one:0.01136775615925575
rest:0.018882259153022014
in:0.004108201199872612
become:0.01914579638609912
or:0.003897754090769279
world:0.029147406806158113
satanic:0.034056975051674016
and:0.003310382206567542
still:0.03540535980744879
for:0.003761258530775422
subject:0.0001543176698960595
i:0.003310382206567542
athos.rutgers.edu:0.02414262262663931
we:0.0077904272006587855
any:0.011829910592934187
will:0.006550897947417828
yet:0.015202709495295744
the:0.006099735340951874
do:0.004152126698881483
see:0.010227663360758242
because:0.010200706930026091
claim:0.018874214131791828
an:0.0051901626506458765
rules:0.023812227170917064
during:0.016926991386141448
people:0.008701000809671199
many:0.010712144668081465
about:0.005693735146369199
language:0.07071519016883564
is:0.0015530209646859184
write:0.018810253901661928
provided:0.023340840656673665
does:0.0070432879441475445
lot:0.014326898198065841
their:0.00874961629237985
define:0.024709571669132575
guess:0.03463765621890929
every:0.02811732401083695
e-mail:0.015894195240764547
article:0.004684005088535266
written:0.020713982303214508
defined:0.02526491172745409
main:0.02149373995160016
