andrew:0.06606066945915787
mary:0.0822773475091799
into:0.03141761233302432
to:0.002417893263317247
declared:0.09580831171661668
important:0.05512928584163548
most:0.03257185024503575
that:0.006086046060253978
church:0.06574168140506681
re:0.006560359697862641
implied:0.09393796548752444
mean:0.046375825558418605
bible:0.06313918424311046
a:0.002450007238327009
basis:0.06538961889540348
question:0.0382980014622299
no:0.019749925196184383
d:0.03196217933994799
it:0.012030015078595507
has:0.018680253927834227
netcom.com:0.056474301310897174
virgin:0.09865952100605133
be:0.010148443107674935
writes:0.01160109457925548
of:0.010233715029775717
what:0.016148107070116335
years:0.03911886706983146
one:0.01725106855746706
in:0.012468751010139683
subject:0.0004683676647722508
athos.rutgers.edu:0.07327497744576492
assumption:0.08321463113503218
the:0.009256615912146264
did:0.028840544621806408
carl:0.0852542768563631
an:0.015752598922135732
just:0.020603308130980453
about:0.017280985619681957
recent:0.06663324716640387
observation:0.09206983425239373
dave:0.06151359072587004
although:0.055434025557101016
article:0.014216366321343876
by:0.017376060961704666
bernard:0.10206576687343655
