corinthians:0.021883264459633206
some:0.004184719982556825
ability:0.028733259250598046
believe:0.007787354409786167
large:0.010731305089202779
at:0.003157580689800828
mark:0.010765677291369858
say:0.013602472933817516
there:0.019737182485530053
know:0.004422491489814702
all:0.006839195918611407
percentage:0.016148968898995395
true:0.00925907093963386
take:0.007619172510163812
nowhere:0.018498097402855962
among:0.01234589773471622
own:0.016247244699268783
themselves:0.02320035997364027
often:0.011137349061930847
several:0.020203952487938326
geneva.rutgers.edu:0.017917252028897643
to:0.0024698909679047145
everyone:0.010958827087860586
hudson:0.060157044736254564
venture:0.0216359781819022
then:0.011440002507353428
speak:0.05140405469015619
prayer:0.019034053438594184
perhaps:0.020705817474122187
interpretation:0.01680935056639159
been:0.005258926119073259
make:0.0063085321983860345
that:0.011190471788208929
church:0.026862192402070308
like:0.004174333560962987
need:0.00688602864335927
re:0.0013402885404235503
so:0.0036624035748563442
had:0.005499671991692241
this:0.005644972455606656
mean:0.009474631028064017
sight:0.018995719069000105
athena.cs.uga.edu:0.020156246227042745
e.g:0.014549373549072745
bible:0.012899403232463429
apparently:0.013579430309145744
link:0.017368774655042715
more:0.009114114880435311
sure:0.00782094630881435
a:0.002502695566032966
speaking:0.045327734288498886
want:0.0067835052606171386
million:0.014026922075738848
test:0.012816845354765845
was:0.0031736958211519197
as:0.002867792688949887
private:0.012722871411019899
audience:0.020156246227042745
let:0.008262142447142741
given:0.009992070104592405
also:0.005317194020356869
are:0.004608683739076885
no:0.012104792862177527
those:0.019956082304167316
christians:0.012892450311969427
early:0.01255462759424115
native:0.018957790361722196
d:0.0065299076070861484
it:0.002457745016057147
not:0.0064829033180211285
ones:0.012159964087372245
should:0.005888215563560859
have:0.0073297578945900055
neat:0.01877394342843348
miracle:0.040104696490836374
only:0.009559399557485925
real:0.009167003060925619
has:0.0038163959637510787
crowd:0.019191627357666285
public:0.010622740494840837
his:0.006610856779588734
be:0.006220013517607219
14:0.013382985017048987
writes:0.002370116096837141
understood:0.01718008743824909
were:0.02780113436330285
if:0.004803945661386446
of:0.003484598307629725
what:0.003299075637980757
but:0.0023845276783168827
languages:0.020788706575937215
glory:0.03838325471533257
english:0.015835664462507636
russian:0.016687149092044006
gift:0.09878794018341759
they:0.006687595874607481
who:0.03707678492426805
witness:0.018061216336156906
one:0.017622059279133018
in:0.008915827335207408
clearly:0.013026918911915427
or:0.002416886945172349
world:0.009036740819830384
rather:0.009223955745207395
satanic:0.02111776589225665
men:0.012586374740599792
and:0.0006842247571519531
for:0.0034983748700223014
subject:9.568801753411576e-05
however:0.008591752344791804
i:0.004105348542911719
we:0.004830623317971219
assumption:0.01700083861898507
pretty:0.01031548407498074
than:0.010255206324153844
the:0.004592760275918961
do:0.012873080983987395
start:0.010098788845457033
jr:0.016747729059078426
would:0.016714151363877706
can:0.009296408520835629
chinese:0.019805061967687176
simple:0.011825048591241005
just:0.004209278005254072
german:0.016830128765976986
apostles:0.020916728377378357
people:0.0107904884593055
about:0.003530523943805991
claimed:0.015253948903658722
language:0.043848487093937516
paul:0.0117384318677744
is:0.0009629843257729889
does:0.008734686841129213
himself:0.013414987277781251
their:0.010850778627825906
hear:0.011876994853974221
matter:0.01082760936165069
article:0.0029044189258659535
greek:0.017089342606764178
written:0.01284415390127638
wide:0.015418770098073858
understand:0.021477829841832642
by:0.003549947938412782
god:0.009509599397043817
s:0.0022237859528889546
