taken:0.015917300965017683
effects:0.020781820566969113
there:0.008867429812339588
all:0.004609023336455513
story:0.017367427671558473
true:0.012479617353419549
knowledge:0.017858797801218046
take:0.010269319470220788
own:0.010949230123420266
your:0.006086629092663103
much:0.008440564587246045
mary:0.04531216239635994
from:0.012269163107683704
my:0.004590407059566673
corp:0.022358283308753852
to:0.005326373565568428
death:0.0324194819713664
might:0.010275773603277517
t:0.012445763550726772
interpretation:0.02265608119817997
that:0.00670347102288844
fallen:0.05364870494079847
like:0.0056262756691240244
laid:0.027536066068258456
eve:0.05692615153564835
could:0.007290382392879504
me:0.005234727924659636
re:0.0018064758588317417
eat:0.021812677457639863
spiritual:0.02467102393297844
so:0.009872566158308406
had:0.0222378041403208
this:0.010144588181090222
he:0.007681802934880363
best:0.011764135651987605
you:0.0026850192725059027
assume:0.016770476112508096
concerned:0.01944922339399917
them:0.007081445273102613
why:0.008597693623932397
sin:0.04160160517393716
a:0.00134927934864386
hard:0.013063929481041106
basis:0.01800583708714009
was:0.004277590019813457
as:0.0038652857981498474
truth:0.017367427671558473
adam:0.044875394891354656
forever:0.022797760498153498
question:0.010545826489599537
also:0.007166652810046214
died:0.019595183677074034
others:0.013025740208059883
are:0.009317556255090224
deletion:0.029270100331414355
reason:0.025818472695734566
it:0.0016563064238645988
not:0.008737826211245869
have:0.0024698097253509797
only:0.00644220404961008
peace:0.018606936499579955
genesis:0.026566642418682843
suspect:0.018754082429457773
second:0.013283554476580996
virgin:0.027167114479927177
without:0.010856089298562776
be:0.002794498826751069
writes:0.0031945043044326682
get:0.012699265461749973
if:0.006474883282738254
of:0.010332591503493358
trying:0.013025740208059883
what:0.008893160415426388
explain:0.017367427671558473
saying:0.01457273033316154
well:0.008129796667407463
alone:0.018546924325673883
necessarily:0.01877904846887054
they:0.009013716178818779
rest:0.015780825282477335
in:0.0008583560477994709
and:0.0064555118392162535
for:0.001571733637256396
subject:0.00012897080624163428
i:0.0018444319540617867
away:0.026753464602161065
assumption:0.022914173790805962
any:0.009886833490713114
physical:0.02061425748490201
will:0.021899620191367812
than:0.006911117305408025
the:0.0040054507777196055
gods:0.023410087578535833
when:0.006317267839824811
would:0.00901110769182972
can:0.008353294612924767
william:0.019669851591260952
may:0.008990461485216573
expressed:0.019853908819436168
many:0.008952661968976296
about:0.0047585322720863354
general:0.014243624942451938
is:0.007787612373642432
humanity:0.024149339691122908
life:0.053920373976593425
eating:0.048298679382245815
conception:0.02884975551503933
experience:0.016001076206739843
eternal:0.022280153553944183
notice:0.01950707938939393
mass:0.020347288022703705
dave:0.016938524982485954
dreams:0.026262710894960288
tree:0.09990862933447586
change:0.014357531922272886
immaculate:0.03037561517406579
davis:0.023926334658450624
already:0.02807523015746233
opinions:0.013795218142608898
live:0.014959846734046659
data:0.014175582720801026
mine:0.015774101665700417
god:0.012817286143841665
s:0.005994553438222399
