all:0.025785617044494356
where:0.0499312648171287
to:0.0037248625948400837
near:0.09742637236436555
began:0.12112995234625967
luke:0.14441326303218294
had:0.04147049961303068
he:0.042976573176222575
came:0.08158720898589046
whole:0.08086258040614298
daily:0.12050284701978228
place:0.07349804371125475
verse:0.1399908461732153
chuck:0.13468345940971246
crowd:0.14471524412942957
down:0.06390177235008536
of:0.01051030192247236
miracles:0.16375434509737222
seen:0.070066618665469
praise:0.15537177946753872
they:0.025214043905614696
loud:0.14627793523453295
in:0.0048021541052565
for:0.008793212511137136
subject:0.000721539375459954
the:0.010185851486338554
when:0.035342552509290165
road:0.09758519962082461
disciples:0.15872455375591651
mount:0.14183731222666063
goes:0.08710884313488315
god:0.07170751977770878
