go:0.031126916028706035
folks:0.029625726802358223
small:0.02390996720212809
means:0.022676761763510023
atheists:0.033413389715268804
subsequent:0.044312282474534906
suggests:0.039443564134279845
my:0.00760171409064241
to:0.004410237312290659
childhood:0.04865520229461976
clients:0.04274632585752615
make:0.01408064386679763
she:0.05304227975837572
that:0.013876185017379073
through:0.018955706352198613
believed:0.03496663783079647
re:0.0029915240222253645
joke:0.039269011755122735
on:0.00405607060191432
them:0.011726873372257928
why:0.014237780641232052
a:0.010054829706094044
was:0.007083689072811085
letting:0.03909818675935818
are:0.005143291052809805
it:0.0027428434379197755
not:0.009646560137215439
ve:0.014601069592219474
suspect:0.031056760503182075
allowed:0.03065466582493497
develop:0.036044498582557725
follows:0.034352194541006506
if:0.005361203358107274
of:0.007777623422629546
reasons:0.029092195806368844
what:0.00736353682397305
but:0.015966797334009845
hire:0.04761024083528325
understanding:0.0642264765585732
fire:0.028775949096315763
they:0.0149267139921239
who:0.010344422993870787
up:0.010747682962819078
one:0.01573297452440996
in:0.005685750460623695
atheism:0.03855375905339806
become:0.052995564396722365
firing:0.043789220400432094
and:0.0015271896579631594
for:0.005205581806593184
subject:0.00021357565513614637
i:0.0015271896579631594
phillips:0.0494363100511311
becomes:0.03444612908401997
person:0.02244155551259081
room:0.031904227842548843
grow:0.041983844419091546
will:0.009066442759226275
the:0.0024120096319649696
do:0.0057465433512519735
her:0.026451270439437825
friend:0.027785595357542447
an:0.007183185108493894
people:0.02408437024116988
many:0.014825608220624748
is:0.010746905075626556
new:0.013791996519068376
lot:0.019828427106123127
eventually:0.03389838668980028
guess:0.023969258103485228
too:0.015620142942915973
image:0.029608503975469415
words:0.026462873052058997
supported:0.03496663783079647
process:0.02893250986586854
by:0.015846967597074657
mine:0.02612191235839989
sometimes:0.0280360505945428
god:0.0849017034168072
s:0.009926980493696294
