say:0.01060080991210918
andrew:0.021036079101519545
enter:0.05292910534771455
your:0.014077454996438688
user:0.02112649990834087
4:0.013878600582003794
hell:0.019069167175876513
into:0.010004491078113891
such:0.010743112868535187
arguments:0.0232375454479461
from:0.00945890787072822
turn:0.019114402987231927
unto:0.06219479646374277
except:0.018013192284937505
geneva.rutgers.edu:0.02792689003386839
to:0.0023098309945656383
then:0.00891553268031175
matthew:0.023945655535315614
ye:0.06219479646374277
born:0.024010742782354585
heaven:0.09729972461149378
been:0.008196873671628153
die:0.021048907102974017
bunch:0.022660352073487853
that:0.007752058668926857
hour:0.02600957875240379
nt:0.0039892656520806626
re:0.0020890530881462043
so:0.005708439091535867
had:0.008572114445151593
off:0.012198086301432126
child:0.022152874976208905
he:0.00888342574033651
these:0.009254949570385154
set:0.01480119879399956
you:0.006210044574399127
rev:0.029607852627100723
children:0.018728362391164946
them:0.00818915738286168
state:0.014847560820897297
bible:0.04021154750678544
came:0.016864395153508082
3:0.01308081533317106
sin:0.0721636782486452
a:0.0023405097081224497
basis:0.020822392609150833
was:0.004946710246376456
as:0.004469911509592282
said:0.0122430437355499
wise:0.027342684425379134
therefore:0.019178354863435006
anthony:0.030040180356795808
b8:0.03884205946717804
andrew.cmu.edu:0.022764130763839444
are:0.007183367392192464
no:0.01257816465008391
doctrine:0.02643079672717592
d:0.010177900683670589
18:0.0216019524761067
it:0.005746180386703441
not:0.0033682123384132117
ones:0.01895324011383719
should:0.018355442929983014
byler:0.03372311683100957
have:0.00285614867680253
after:0.010777730098686879
shall:0.044243329765729096
has:0.005948460747969559
greatest:0.02783959775508023
14:0.020859512959534456
writes:0.007388406603548183
of:0.0076038217819003944
even:0.009380779037799027
explain:0.02008412026822684
saying:0.01685226356963374
oh:0.018043107173974712
must:0.012946706298768141
they:0.010423682955393785
who:0.014447518147864227
up:0.007505365197499355
called:0.014984661988026447
one:0.0054933570266794554
in:0.007940992263440916
become:0.018504037848017588
and:0.006398839349007651
for:0.0018175914129166144
subject:0.00014914501056993463
i:0.0010664732248346085
face:0.020051796597461227
scriptures:0.0297279990249832
will:0.006331314775996002
the:0.0037898196032969144
do:0.00401294926763406
thing:0.012647667235334953
original:0.051723486255980104
put:0.013896420667859103
thought:0.014997689414478842
disciples:0.032808985971893356
long:0.013297828184964161
kingdom:0.055422329384744826
jesus:0.019403348713367633
about:0.005502883688949003
is:0.004502893188111685
unlike:0.025765317238360036
new:0.009631282485382944
2:0.01088496956477882
1:0.010941474256562618
nothing:0.014272938555871
nice:0.0176521757360601
him:0.02677670730014869
article:0.004526999331377659
little:0.03930735254578432
written:0.02001965887405648
understand:0.0167383087314841
father:0.024188109812044976
babies:0.03102034056632761
god:0.014822224758520809
