andrew:0.04766402733129112
attitude:0.05565016494752814
faith:0.04740539392854168
supports:0.05470429727416185
serbs:0.06806572511223354
your:0.015948509141534967
way:0.021928769867677764
work:0.05126765731621022
wrote:0.03260221486952989
my:0.012028028624434193
geneva.rutgers.edu:0.06327738374762584
to:0.001744555898849153
cs.cmu.edu:0.13113066603567003
might:0.026925128302258808
perhaps:0.03656280427392462
that:0.008782395580619665
suggesting:0.06897026896010879
serbian:0.07613239248141694
re:0.004733424085799627
on:0.006417833230877088
you:0.014070860491360047
28:0.05598184054745249
want:0.023956936300154198
price:0.07924415700870792
genocide:0.1140648689321447
hmm:0.0627885883536033
are:0.016276237508891785
works:0.037659822703173924
d:0.023061319270595387
tom:0.04804719270221209
after:0.024420426426138623
doing:0.03393294816664956
worship:0.06453377562225042
netcom.com:0.040747280692672645
evil:0.0528692875241595
free:0.07310146314239836
writes:0.008370410012880535
were:0.019636750600915177
of:0.0073838197050280505
chapter:0.06250412182383042
what:0.01165116586071685
reading:0.041599013245101145
germans:0.0715626032974001
who:0.016367757901694282
in:0.0022491101505631703
thomas:0.04663297486112785
or:0.008535588072190953
and:0.002416439332220189
subject:0.00033793616319010504
holocaust:0.06327738374762584
jews:0.04676749502029603
any:0.012953003370744396
will:0.028691274554513528
the:0.003816470936653433
behalf:0.07387047110491851
about:0.012468559244580651
is:0.0034009193277299227
article:0.01025737823185571
god:0.16792267289716614
s:0.007853623808304028
james:0.0437923261726206
