some:0.005808641169817682
belt:0.02851853999177971
read:0.011278622198497124
know:0.012277364434410963
tried:0.015412258970331697
your:0.037609917080037684
with:0.005819177878502959
way:0.008618770246500216
from:0.004211802260846644
themselves:0.016101742369765262
name:0.013742450277762443
christ:0.018467034393223343
to:0.0027426848957031458
association:0.023721027797448783
then:0.007939703232715438
t:0.012817278880599213
normally:0.021173391761794943
view:0.03388406719188688
like:0.011588448393121125
nt:0.010657888831678187
consider:0.016021711833687526
me:0.01617296537917231
anyone:0.008322958953439758
this:0.00261185292722099
bell:0.02220499029343569
distribute:0.02805178001557247
on:0.0025224319663646262
you:0.00829550730460779
am:0.0162620533005111
why:0.03541736477918421
arts:0.0594218844936631
amateur:0.023628607968727715
a:0.0027791126882515324
christian:0.04784839360054591
nor:0.017186761178982105
as:0.007961334927532522
usa:0.018132446199147886
let:0.02293669395773955
also:0.007380582744674459
course:0.0121699094522389
official:0.020180114533106096
organization:0.019063846906054085
are:0.009595692262704859
no:0.011201450111268755
those:0.009233411215360995
christians:0.035790981463079304
it:0.003411496813333054
not:0.002999552281472462
should:0.016346389474959994
only:0.006634508648105903
between:0.023113092995486622
robert:0.031795144566743316
b:0.0152283997339017
regarding:0.01968654910980536
heard:0.013446006763282958
list:0.028971428825090344
be:0.005755833404352948
get:0.006539174006423494
ave:0.02600985017751131
if:0.006668163380730441
of:0.0038694643893679333
mailing:0.02195897897296812
biblical:0.02271137185716674
particular:0.016870902726785108
participate:0.05211870862221832
groups:0.01830739103724573
who:0.012866197753570629
operator:0.02729548047677334
topics:0.0265835359810486
pro:0.0223918713958021
called:0.013344549730630517
one:0.004892094068535435
email:0.027302474218586475
in:0.007071828931123999
fellow:0.02394359443347561
or:0.010064350114971423
and:0.005698468872996863
for:0.006474604237056199
subject:0.0001328206810548174
however:0.011925865195009518
con:0.028855965844211358
i:0.006648213685163008
example:0.013986861411730868
info:0.014653708753196007
any:0.005090981424322424
will:0.005638335049270071
the:0.002250008985041949
do:0.0035737209895845604
thing:0.011263345448382868
views:0.020149685542969597
would:0.00928009598113807
radio:0.017847514232674958
put:0.012375419400730244
wants:0.017515100311411687
nj:0.024279879463985698
an:0.013401464754652787
relationship:0.04542274371433348
people:0.007488921094891131
replies:0.022297553416973172
interested:0.028627624033979303
ma:0.05986892425727636
is:0.0013366797357744474
discussion:0.0342076810397034
involved:0.01791481162719337
touch:0.023752219901994037
christianity:0.019137553800507523
events:0.020241536601873753
labs:0.02600985017751131
define:0.02126744228238774
sold:0.02043048808478528
art:0.06883569829352905
greetings:0.027232102239074685
200:0.020677239035727428
black:0.017559961971362874
summary:0.02140217341971446
aside:0.022463802157867918
