basically:0.02349824280387956
committed:0.026535654794407143
all:0.011425962043668159
c:0.015485614942688384
mary:0.05616537494638628
meaning:0.0236284223645766
from:0.005069294936707639
christ:0.022226789898430493
to:0.002475806874414666
grace:0.09112124152195272
h:0.021156779187392314
genetic:0.03539685490896232
she:0.09925576302091264
that:0.006231819618583416
church:0.06731633245668517
through:0.028376805916464992
perfect:0.024252016731358617
eve:0.10584173683723841
could:0.009036581768419505
re:0.0022391646872944346
so:0.03059313165823114
this:0.012574429661590876
mean:0.015828874591795574
came:0.03615241595781973
why:0.010657021438047943
sin:0.10313212300604782
a:0.004181150077384416
quick:0.024307037246654468
was:0.026510812398245077
as:0.00958220551158106
granted:0.028187436918986654
question:0.013071772954174278
fathers:0.03413153099478743
therefore:0.020556440242843508
also:0.008883216357362674
whole:0.017915661527109522
early:0.02097449759756456
it:0.0020530265253890538
being:0.011651520538473941
mother:0.051013222679512985
degree:0.026535654794407143
personal:0.020083206414345606
without:0.013456350208398174
be:0.003463839863098631
structure:0.027584781075994515
writes:0.003959655036033308
if:0.004012876765050355
of:0.006985889301763065
what:0.005511629359261265
but:0.003983731869762936
never:0.02639448180672887
particular:0.02030569729391501
sense:0.0196785751279221
order:0.016792316533727498
highly:0.05002004448393534
in:0.0053197515537272595
female:0.03226798267226063
use:0.009956763639205678
and:0.003429318094228651
subject:0.00031972403463494966
special:0.04186480470497033
sees:0.031735362995515146
held:0.02434400047484058
possible:0.015430967802183128
catholic:0.05575706103808717
joseph:0.02445627921343564
the:0.005867538401112388
original:0.01848004798367353
her:0.07919542047735877
because:0.021134398789155857
pure:0.03022341231691193
relationship:0.05467048794359899
human:0.01919666090560824
just:0.007032266847101114
jesus:0.020797601315525785
is:0.008044090625468979
living:0.044119820527294615
new:0.01032335068792543
figure:0.02211076427589673
does:0.007296340205613924
lot:0.014841637055481383
life:0.016708858402926408
conception:0.03575987659648588
regarded:0.032130320886483994
immaculate:0.03765121162294383
despite:0.02552916512895096
by:0.0059307513462105756
god:0.0317745896020985
everything:0.018500972957624272
s:0.00371518731051508
