believe:0.025263626515469075
feeling:0.025387423549939083
out:0.006849866855118953
sacred:0.06556288119918682
case:0.028739664038450647
among:0.020026194581312936
with:0.003400159167381089
interpreted:0.03167820492935229
into:0.010411650598734805
such:0.011180332578301155
from:0.004921931711803346
feet:0.051070487778550375
name:0.016059491312966575
my:0.005524501519362217
to:0.0016025571628963148
ward:0.06440738731763794
spoken:0.033520714875670425
us:0.023952051002151115
mail:0.017815787818813114
been:0.008530467367566507
make:0.01023302606598665
that:0.008067549428708763
view:0.019798539260375763
church:0.02178648744237679
nt:0.004151619486758363
performed:0.028838944650782915
brought:0.022525539782184113
re:0.002174072690570759
server:0.023270108983416478
so:0.005940759287121628
this:0.006104446957807198
merely:0.023727029184539863
on:0.0029477257281354066
set:0.015403573163522796
spirit:0.026660494363332857
am:0.009501955562217241
assume:0.020183072995867305
m:0.00795822507044228
why:0.010347224303220968
a:0.0016238420067981338
as:0.013955479538668925
secret:0.02323640481083319
steve:0.03729248659109752
therefore:0.019958869305551546
stating:0.03167820492935229
official:0.023582575704385614
others:0.015676326878304628
are:0.014951427479098268
place:0.01581062568207224
it:0.001993345521744023
not:0.007010581495069359
should:0.01910246677015674
disagree:0.024699936179762755
being:0.04525125418430577
only:0.007753117664356317
attributes:0.0347203453000764
viewed:0.03244430538069603
has:0.006190549266782273
feel:0.017710910954919636
public:0.017231073244538334
free:0.016787836012353112
be:0.006726293687645015
which:0.007511001933241382
common:0.0195705118583218
writes:0.0038445487849858274
of:0.00791327964511727
what:0.005351407575561809
mormon:0.033824120417359785
please:0.011136135795960784
they:0.02169580522111032
one:0.0057169238824164095
in:0.005165107613211932
our:0.025927621197446436
point:0.012799627681744538
or:0.003920415451762124
use:0.009667322835740396
and:0.00332962861474526
for:0.0018915631564655464
subject:0.00015521486565126915
i:0.004439504819660347
we:0.01567144076411593
bcstec.ca.boeing.com:0.03607857117903865
the:0.005696970424335865
do:0.008352533940773217
thing:0.013162397878633467
when:0.015205516777252744
can:0.005026546467661124
because:0.030780040096997335
correctly:0.025338973657153364
lds:0.03689879558752647
an:0.005220338014893818
general:0.017142036994695065
is:0.009372300938046415
today:0.016506548056967166
right:0.01127833484761802
temple:0.12977722152278412
under:0.028224691012856268
lords:0.038750270768448176
words:0.01923173913667078
offensive:0.0291557364256903
understand:0.017419518970556123
manner:0.026511027173157235
aside:0.026251303684485184
