some:0.004746084858265668
go:0.007908261186154989
say:0.0077135974563721284
happen:0.013746472464094779
ahead:0.017567640181539782
true:0.010501141431535964
means:0.011522744798531517
specifically:0.016451392893315698
your:0.0051216756999238324
with:0.007132041180360334
much:0.007102426299024112
ca:0.008359953642651713
someone:0.008957146807573252
to:0.005602435610125328
look:0.009638895627137848
then:0.00648731849502359
young:0.015260388321439784
most:0.0075471360323863335
t:0.01047265469512375
engineer:0.018124411950129857
civil:0.033928613654800925
that:0.015511995446257093
view:0.013842881108880618
think:0.00585263425824616
church:0.06093131447298875
really:0.007932503021101326
nt:0.02031930838234581
me:0.004404832034164816
re:0.0015200833446267097
so:0.004153701615385854
described:0.016867350665521683
parties:0.019895693138792137
mean:0.010745618117194556
two:0.0075804448481841934
standards:0.017224789984654616
you:0.018074763883210467
society:0.01510663096913353
bible:0.04388943294947923
letters:0.019064263447249
why:0.007234644634772385
a:0.005676846040025996
how:0.005347004053776929
other:0.011213886079934236
christian:0.02606375911574452
want:0.03077395069450702
as:0.006504993172496086
gary:0.03450958084164763
also:0.012060952290077778
marry:0.024629718571555985
staff:0.019563668622473978
are:0.013067304504089949
those:0.007544372578404717
place:0.011054583810229373
it:0.004181163777316732
not:0.007352561080194694
disagree:0.017269874076907294
have:0.006234763574971377
follow:0.015353627286249128
only:0.010841758034709648
microsystems:0.024361596751264127
hope:0.011741713567642462
mt:0.02268463628243788
has:0.004328351519864029
call:0.010800634544710194
sun:0.01474996871584895
be:0.0023514685249490705
claims:0.01526961656751515
writes:0.002688058500071392
get:0.005342983639394807
if:0.016345132189351446
of:0.003952044422067859
what:0.0037416345650269564
but:0.002704403342481343
associated:0.018495103974782687
seems:0.009579215810492188
aspects:0.01959032472225511
who:0.005256312496885563
in:0.006500476898578919
symbol:0.023950636926583762
5:0.010564523930559688
message:0.013200487351868788
and:0.0007760110050625811
subject:0.00010852421500820447
each:0.020699263393175737
i:0.0031040440202503242
example:0.011428289202267907
athos.rutgers.edu:0.01697834843255529
sees:0.021543925285573293
person:0.011403229427129477
married:0.021500908580977612
the:0.003983247613763288
do:0.014599957701351557
when:0.010631499535314927
original:0.012545398427940975
ceremony:0.025445453105954974
around:0.009622741598185512
can:0.007028991808436694
law:0.012222931403430757
relationship:0.018556852615002097
people:0.0183569895130868
e:0.012645893073389541
paul:0.013313099557353892
is:0.00655299089977229
discussed:0.05536335968856046
right:0.007885665015407722
marriage:0.2094208341582069
various:0.028980316897196656
article:0.003294036098847972
takes:0.014536178268210045
live:0.012588163715234387
by:0.008052320933472896
upon:0.01409786822232901
god:0.03235583209481981
s:0.010088394810666966
