say:0.013269545274598206
souls:0.03974977146266686
true:0.018064900644460466
enter:0.033126957542800366
4:0.01737251401523552
hell:0.02386979667469857
such:0.013447672751523067
from:0.005920085695315913
to:0.0038551025457086176
born:0.030055405300989307
heaven:0.03044869004450592
die:0.026347932667359082
that:0.014555438829418609
nt:0.004993556305751318
re:0.0026149685508962974
exactly:0.02249218638651754
this:0.007342411725474392
off:0.01526893320249196
he:0.011119812640001645
fair:0.05905873478047388
on:0.0035455162604146146
you:0.0038867062196414116
possibly:0.05422312815940337
rev:0.037061577763993214
state:0.018585408300284028
bible:0.025167367145855223
why:0.012445612448629415
sin:0.09033075808746496
a:0.004882881558903479
how:0.009198342637965904
christian:0.022418478120535493
vision:0.033342143967043394
nor:0.024157615363464356
want:0.013234950823162108
as:0.005595203917601528
said:0.030650417184103947
therefore:0.02400647217171235
are:0.008991767574842316
infants:0.042530771236555735
doctrine:0.06616940719111174
not:0.012648461718376885
should:0.011488196798835521
only:0.009325428239645361
shall:0.027690755342886394
punishment:0.033169468354523314
be:0.008090367232691907
which:0.018068424231014235
if:0.009372733143544186
of:0.009518070622099094
suffer:0.03437655047107572
what:0.006436658062913505
but:0.004652330225527345
fact:0.016771098801600274
loss:0.029761201007837648
they:0.03261956729048055
in:0.0024850307957271396
thomas:0.02576227282537832
st:0.0804912009004049
presence:0.03338598741469092
and:0.002669911989446083
subject:0.0001866920062378902
taught:0.03384023843759142
later:0.022345538664039884
the:0.004743900062868166
do:0.005023202230115361
original:0.08632637799366376
can:0.024183664124131844
sins:0.035962377879221095
put:0.017394820276550906
come:0.033583128314257464
is:0.009394147793379857
having:0.018299939807135394
does:0.017041801599126227
life:0.01951314233069028
eternal:0.032251690808856266
nothing:0.01786612588462174
change:0.020783280474898514
thier:0.042530771236555735
teach:0.03437655047107572
babies:0.03882965707253596
god:0.0742147757139923
