some:0.006596253531826859
since:0.011304076968382381
read:0.012807926903378088
ask:0.01646645527884953
at:0.004977203460194525
know:0.006971045907674021
forgive:0.03185541120412467
706:0.03339703259772151
your:0.00711826114226702
c:0.014610721443101469
concerning:0.025848826234224322
ohio:0.02865771626019982
such:0.021729007948788685
surprised:0.024862614079091745
from:0.0047828940928258505
to:0.0015572871865433117
platforms:0.03071401782630949
us:0.01163771969596043
ii:0.0414847435605663
prayer:0.03000282999642812
make:0.009943957533049174
britain:0.031448781262739985
michael:0.05092703731650321
opponents:0.03307410370597039
political:0.04073192968905678
national:0.0735406536720342
phone:0.016595181504008863
had:0.008668974495379294
this:0.002966002476674684
he:0.008983803432317713
student:0.022728912272139388
aisun3.ai.uga.edu:0.03185541120412467
programs:0.019961480928217607
you:0.0031401072847950387
lord:0.024065559851634655
knowing:0.024260024393366175
state:0.015015329869720996
amateur:0.026832487015334864
a:0.001577970763668243
same:0.0329168364496375
intelligence:0.02553723403041031
christian:0.018112103792297038
was:0.005002605277408958
as:0.00904083796855388
following:0.01546505239005515
part:0.013837413064481791
perry:0.027493596949720103
ie:0.023636260942154867
columbus:0.03267038074561929
christians:0.020321997949375538
it:0.001937036326214531
not:0.003406271234892457
guilt:0.03160793875972697
have:0.0028884215432070782
made:0.013138867524960459
kind:0.015567947440469264
university:0.02655751527230117
after:0.01089951235968899
u.s.a:0.029003221475755358
war:0.03996412559969511
feel:0.017210602735854112
div:0.030511012124467326
scientist:0.02785562438861571
heard:0.01526919412101624
be:0.0032681426956919285
claims:0.02122217895824139
were:0.008764425409448018
making:0.017370662095324313
of:0.008788275053818696
georgia:0.05430675480347349
what:0.005200237870037465
associate:0.055963291235020106
oh:0.018246984091194764
please:0.021643111377460507
find:0.011957326201544577
condemning:0.033858490400062
in:0.004015360494790746
st:0.021676538095589268
our:0.012597601259776233
point:0.012438056278305427
fellow:0.02719018350920112
world:0.028488708347261884
rather:0.014539455666174369
use:0.009394234620041514
and:0.002157047539495988
for:0.005514387506984305
subject:0.00015083026492665705
rm:0.029054350489992185
leaders:0.024986245216094615
i:0.00539261884873997
athens:0.03025120922479601
we:0.007614372348666497
medicine:0.02503646525799996
any:0.005781283990332245
artificial:0.02910594644232706
research:0.03488510147499183
exist:0.02054533602144692
the:0.003406793265487245
wrong:0.014934587891694127
do:0.004058293327155348
allowing:0.02656179009049928
when:0.014775982405013965
quote:0.02279637238723497
would:0.0052692070401377175
sins:0.05810870097998437
radio:0.020267516162529187
country:0.019043808519887753
claim:0.018447678219208962
mcovingt:0.06258796959680071
praying:0.03362305143734693
an:0.0050728708393318455
jonathan:0.027008504912395856
efforts:0.027416202348826538
interested:0.016254667883700114
is:0.003035848891419931
remark:0.03267038074561929
grad:0.03339703259772151
graduate:0.03106946316761214
insert:0.029317175437081972
training:0.02532095049046106
lewis:0.11244216840825876
especially:0.017657037895465206
covington:0.09298968772595663
s:0.003505289722350386
