out:0.01033488683403912
there:0.00805069285593989
know:0.010823466014546507
technology:0.029540944612429322
posting:0.028940250499616144
all:0.0083690160583008
faith:0.03285110631890169
mathematics:0.046678173907649056
parents:0.040224605530642554
learning:0.043578097187016496
both:0.01969915861673893
to:0.004835786526634494
city:0.03227882103935431
attached:0.04324952207706123
born:0.03770107857931115
heaven:0.03819440944179251
church:0.032870840702533405
could:0.01323779960812331
me:0.00950516386319776
mormons:0.04658334131024366
anyone:0.014674690786327993
this:0.004605109108521219
big:0.024348952226908395
on:0.013342337506297102
children:0.0588136292634829
pointers:0.04648952298465815
names:0.03593769484193753
m:0.03602143979252821
how:0.011538271905518633
as:0.007018545265061565
old:0.023227307739844945
entering:0.04612397301623211
fine:0.028413654192285615
learn:0.03342117702387922
official:0.03558072825573969
are:0.0056395735228177675
book:0.02727805711126029
not:0.005288684285754078
has:0.009340126963917113
prohibition:0.05295120976097117
salt:0.04870737685414598
which:0.011332388881732611
if:0.01763553736219498
of:0.005116857514887859
institute:0.03414436710467812
mormon:0.15309865031015482
particular:0.02974606533406848
over:0.017595971513327698
in:0.007792969381337301
jersey:0.04487467178779554
or:0.023660051147476678
opposed:0.03927302094297527
and:0.0016745500635560958
subject:0.0002341838323861254
i:0.005023650190668287
appreciated:0.029690895782247744
any:0.01795240818050539
information:0.02139316916213829
the:0.004628307956073132
views:0.035527077141551656
nj:0.042809261160185304
an:0.007876299461067866
about:0.008640492809840979
changed:0.03315188766520548
interested:0.05047502132306877
is:0.011783887144327364
having:0.022955187652810186
issue:0.027468070240919764
new:0.015122803200732867
time:0.01385535061319047
keep:0.023240478808122113
their:0.013277926478786964
entered:0.04398935671244501
position:0.03020037681765098
e-mail:0.024120138391686547
lake:0.046678173907649056
especially:0.027414874627169662
beliefs:0.07638881888358502
