corinthians:0.03964565444310172
out:0.00765050064337961
proven:0.03080022061491451
opposing:0.03499190328745146
true:0.016774550598427578
case:0.016049422774719192
your:0.01636275613222419
with:0.007595160737526589
establish:0.03304876760658876
someone:0.014308169575733897
themselves:0.021015910495602714
name:0.01793657471318345
christ:0.02410307735738891
to:0.0044746725976975025
ii:0.023840258474741027
interpretation:0.030453303948202948
been:0.009527534981957398
that:0.006757882313658639
view:0.022112654238861246
think:0.00934901316576984
re:0.0024281850829751335
this:0.010226930617625045
these:0.0322721293460833
on:0.003292265098956428
them:0.009518566048910656
bible:0.02336969806400842
bryan:0.03441432220942227
a:0.0036272834437568705
how:0.008541318163825484
other:0.008956545375531888
timothy:0.03304876760658876
was:0.005749747624034972
as:0.010391092989831409
compatible:0.02925689820012802
given:0.01810251661806027
question:0.028350468614897463
homosexuality:0.12449985442263627
based:0.019616253324029498
are:0.00834949846235358
those:0.012051400352516626
christians:0.023357101539217343
requires:0.02606594016175861
not:0.0039150000556880836
should:0.02133522262640883
have:0.006639618352566921
proof:0.027189016829228443
grips:0.0447965027490558
19:0.02660322864922649
has:0.006914119960302279
love:0.021248165195983434
familiar:0.029913366491500545
be:0.0075124838589282
which:0.008388911250113753
down:0.015353023226968559
of:0.008838208434806302
believing:0.03206380275378314
reasons:0.02361379529737731
well:0.010927713702294447
must:0.01504844433428245
they:0.0060579196396606735
who:0.01679289447056946
now:0.010726716869339249
one:0.00638513576477677
in:0.002307528596032344
our:0.014479061188184374
or:0.004378645829240814
and:0.0024792039901999343
few:0.014841737018871991
for:0.006337964861923519
subject:0.00017335686293518376
i:0.004958407980399869
we:0.017503167606674936
scriptures:0.034553972892675276
any:0.026578890033475515
the:0.0034261500454047865
waiting:0.0284093523466617
do:0.0046644020708214076
romans:0.034277611760085695
thinks:0.029414898853761338
peter:0.02390839662873998
homosexuals:0.03168997254715017
come:0.015592166717333822
long:0.015456566526679124
many:0.024067545812702516
is:0.0017446274473419735
interpret:0.03394792133558295
discussion:0.022323843795390853
verses:0.13738242885507773
homosexual:0.03137964356119985
issue:0.04066701308395913
time:0.010256558246128011
christianity:0.024978235804558522
issues:0.024709282354538283
behaviour:0.03434560721376943
already:0.0188687423460867
by:0.019294197561373364
todd:0.03304876760658876
beliefs:0.0282737836127555
s:0.004028807018545574
