corinthians:0.04807425814360366
some:0.009193203741207513
simply:0.02408380582585346
out:0.01855397006425921
say:0.014941299009980657
know:0.01943110434107562
all:0.007512345123199143
gay:0.03499950945671874
name:0.0217498622506319
to:0.0032555885671436947
stop:0.026172859169926278
psalm:0.04770795880789584
most:0.014618861921000299
us:0.016219499103818865
die:0.029667357255372825
that:0.008194597451208114
indeed:0.02904127801972138
like:0.009170386326839947
through:0.018657191291534068
need:0.015127574736198711
re:0.00294441340770213
prince:0.043099626378378046
michael:0.0473180346720266
ti:0.059663953641758465
these:0.013044377740936556
you:0.021881849976721334
fall:0.030711031711766392
used:0.015546956758557997
suggest:0.028908659882756833
them:0.011542198201041267
more:0.010011173431659259
bryan:0.041730752915362435
a:0.0021992190958210946
timothy:0.04007488355444621
compatible:0.0354768686836198
homosexuality:0.11322624555759439
nevertheless:0.04207315537158085
course:0.019261037794488338
sons:0.04428025745940887
others:0.02123093089030233
l:0.026023311643727266
are:0.015186883029950209
christians:0.05664556908723575
not:0.004747322902172952
should:0.012935528679003777
have:0.004025595379115377
only:0.010500285340703044
against:0.020340793639038162
19:0.032259033165203774
careful:0.03623112903512906
shall:0.03117935444120279
mls:0.1499195159304225
be:0.0045548130483265455
writes:0.005206790480453247
things:0.017596267150710627
of:0.00918616939680655
who:0.010181518694754711
one:0.0077426055730363975
in:0.005596211083291038
or:0.0053095390370321675
men:0.027650382304152298
and:0.004509418281387282
few:0.017997066936269974
incredibly:0.041483381291477564
subject:0.00021021225899227005
i:0.003006278854258188
athos.rutgers.edu:0.03288719460164253
any:0.016114760099036333
than:0.011264577025350088
the:0.002374025228311978
do:0.005656046605562966
gods:0.038156599439030846
would:0.007343698000821858
thinks:0.03566846002739564
peter:0.028991284100991783
address:0.025140325621524493
about:0.015512065831840496
verses:0.0832948584396928
homosexual:0.03805090636554942
christianity:0.060577138801606485
issues:0.05992487374171489
nothing:0.020116976389770936
interpretations:0.043199933667964104
checked:0.03543910354768679
high:0.02202617185544505
seem:0.021730020117289275
check:0.026057571374706212
panix.com:0.040784734711881626
