cite:0.04364941847110784
say:0.015812874785562862
all:0.007950565255385759
your:0.031498305554531564
way:0.014436440162887861
much:0.014559973912999428
mentioned:0.02929303015659865
several:0.023487094767228305
respected:0.049941273340091456
my:0.00791845217775251
to:0.0022969986001513845
sound:0.028759860742736922
pride:0.04878430296630632
make:0.014667337361247531
that:0.00578174375724128
uxa.cso.uiuc.edu:0.0743100889955324
me:0.009029905670037872
re:0.0031161708564847544
michael:0.025039126680614077
so:0.008515088311541
anyone:0.013940956247011593
had:0.012786737380684459
these:0.013805299775824521
you:0.032421607715508775
great:0.02101042240610564
suggest:0.030594998375917646
them:0.012215493096102007
sin:0.0717627689250416
more:0.010595158548506048
a:0.0011637534382053292
quick:0.03382729350159413
as:0.006667618001808487
coming:0.02897191628991329
are:0.016072784540030638
those:0.030931927571459336
doctrine:0.03942593845137075
d:0.015182035186475295
not:0.005024250071466374
have:0.0042604217762304405
probably:0.019893530958576735
univ:0.03870502809379339
be:0.004820510476145594
were:0.012927527478935826
if:0.005584586831361744
of:0.011342367491334755
future:0.029204219369315415
opinion:0.08273278911469223
reading:0.02738601705302492
fact:0.019985559405240327
scripture:0.03999729404668155
who:0.010775440618615403
highly:0.03480561428673834
in:0.004441992547362262
or:0.011238524295051422
and:0.001590822560378291
subject:0.00022247464076681915
i:0.001590822560378291
walker:0.08122145171575054
pretty:0.023983500474330222
than:0.011921677351828842
the:0.0037687650499452652
wrong:0.022028517140248838
do:0.005985982657554139
thing:0.018866103626041304
when:0.0108972870236978
original:0.025718066777278996
would:0.015544160768406267
last:0.018168021267162483
an:0.007482484488014473
newsgroup:0.032034698671452914
people:0.012543942833942645
many:0.015443341896484112
passages:0.087635548730841
is:0.004477877114844399
interpret:0.043566499047331446
right:0.01616561328158583
christianity:0.0320554026158501
notice:0.03364971194670453
somehow:0.03543427851675146
words:0.027565492762561452
very:0.01452702076486206
three:0.024320733387270605
mike:0.026628433574647527
differently:0.04340309511909498
especially:0.026044130895811177
