out:0.01530100128675922
there:0.00595960380244901
all:0.006195245653547346
where:0.011996472715803648
with:0.007595160737526589
angels:0.1335745464085355
to:0.0008949345195395006
heaven:0.113095134451022
enough:0.015793172252840236
that:0.004505254875772426
uxa.cso.uiuc.edu:0.028951982725532108
really:0.012671400929811208
12:0.023073927478000234
re:0.0024281850829751335
lost:0.022756534573492533
michael:0.05853302340922771
this:0.006817953745083364
he:0.030976620925718866
satan:0.10243116085422975
great:0.016371757719043357
fought:0.07651761927194294
bible:0.04673939612801684
why:0.011556640130870172
a:0.0018136417218784352
wondering:0.02336969806400842
quick:0.026358930001242183
was:0.040248233368244804
part:0.015904039690995308
deals:0.03499190328745146
question:0.014175234307448732
whole:0.019428022565112273
d:0.01183015728816257
place:0.035317241783330205
it:0.006679001878051402
not:0.007830000111376167
have:0.0033198091762834604
against:0.033549101196855155
earlier:0.0256230294473006
war:0.022966396854370245
ancient:0.029776656042163972
his:0.03593043587347902
writes:0.004293911629984172
down:0.030706046453937118
if:0.004351626102359801
of:0.005050404819889316
chapter:0.03206380275378314
but:0.004320020923703963
biblical:0.02964276456682153
they:0.0060579196396606735
find:0.013743160634242794
who:0.01679289447056946
authority:0.027467352572291968
up:0.017447537277303696
good:0.010519544489347398
called:0.017417236986082687
in:0.006922585788097031
battle:0.031251055072263625
world:0.016371757719043357
and:0.009916815960799737
subject:0.00017335686293518376
i:0.003718805985299901
rose:0.03201587997912325
taught:0.03142307854919204
angel:0.03838490110257602
back:0.013677641039399595
leads:0.029479191522480245
ago:0.018578998216653535
walker:0.03164472144769502
the:0.00489450006486398
hello:0.025125264874362153
strong:0.023445794714094224
can:0.005614064885959178
because:0.011459235707107234
did:0.010674747035343931
an:0.005830507393258031
problem:0.013737436961334963
long:0.015456566526679124
about:0.006396208963129036
is:0.003489254894683947
time:0.010256558246128011
revelation:0.03421032093517955
devil:0.034277611760085695
their:0.009829114406374767
him:0.015561787684177325
very:0.011319756440152255
kicked:0.07444450049802237
answer:0.01971604572810946
mike:0.02074942875946561
god:0.034456860152925
s:0.004028807018545574
