preference:0.03847131904931357
positions:0.03247754427231929
out:0.007907228852888993
706:0.039672985032192666
own:0.01521134654730198
your:0.00845592095423666
modern:0.027560591309005643
my:0.006377276921679874
to:0.0018499317585111822
most:0.012460372241389515
that:0.006984656887942486
like:0.007816369553749484
consider:0.021613181735377133
re:0.002509667803880339
practice:0.027560591309005643
michael:0.0403314792170965
phone:0.019713739102077642
aisun3.ai.uga.edu:0.037841662974027294
programs:0.023712631706674606
personally:0.026300970504070476
you:0.0037301945597900794
hebrew:0.03665150179763189
knowing:0.028818955151851094
bible:0.02415391611984763
m:0.009186675920242094
amateur:0.031874833568552155
a:0.003749004364688309
intelligence:0.03033617733813842
as:0.016109681078195
given:0.018709983618666316
also:0.009956356588453466
are:0.004314841487256547
it:0.0023010431526172613
not:0.012139127689448956
should:0.011025584847204561
have:0.0034312121687761934
probably:0.016021635671336968
only:0.008949907639391184
verse:0.10428848271964361
university:0.0157740946416017
virginia.edu:0.03225602550407653
u.s.a:0.034453491283279854
scientist:0.03309023836768443
be:0.011646870949076602
which:0.008670418339043744
writes:0.004438002624278942
certainly:0.020642666290306314
were:0.02082286305331945
if:0.008995307647830996
of:0.005219881491697682
georgia:0.06451205100815306
but:0.0044649880687947
shop:0.03261405222021944
associate:0.033239941438250195
version:0.020942755756144862
beyer:0.036821419972023095
english:0.029652016006977384
well:0.011294415504384864
beginning:0.027181790564677108
good:0.010872549337983215
in:0.0035774436623051773
accurate:0.030016526002640063
andi:0.037547685640749486
and:0.0038435981324576158
still:0.013702745518319109
for:0.00436709883103455
subject:0.00017917420732898185
each:0.017087311391681983
fits:0.03433364150207176
i:0.005124797509943488
athos.rutgers.edu:0.02803136721079598
athens:0.03593600022005969
translation:0.06366757013015885
any:0.006867699773750385
information:0.016367928083783657
artificial:0.03457552027041537
addition:0.026613185374103315
research:0.020720345506958237
source:0.020934684306710232
the:0.003541121523438504
do:0.009641851260489888
ab4z:0.03814910952457289
original:0.02071253700183543
strong:0.02423256634879537
would:0.006259393598015947
radio:0.0240761769179038
mcovingt:0.07434946723915252
relatively:0.02992352577001305
about:0.006610846847797796
different:0.03392237446994963
is:0.005409515977664373
verses:0.03549814436859391
translations:0.11982443163242427
2:0.013076574175136971
1:0.013144455650501399
almost:0.020281831746742068
article:0.005438475706822825
very:0.023399228077630164
greek:0.03199950729722957
bad:0.018393295615747544
comes:0.020296485484869207
substantially:0.040663830661763566
unclear:0.0398058885710932
covington:0.07364283994404619
