another:0.009943970091428604
some:0.005235591368311005
obvious:0.0172495440085292
andrew:0.016885462597183848
rome:0.02616935971878279
inevitable:0.025284339834663976
with:0.01573526574321652
much:0.007834963540627495
defeat:0.02616935971878279
though:0.011145938123814706
syria:0.025931199067150735
to:0.0037081591751322806
city:0.016501280710701307
been:0.006579553305925736
that:0.003111252246049119
quite:0.01191120799152198
along:0.01566798839076787
its:0.009272755856655471
inability:0.025854542415315308
re:0.0016768632411577153
so:0.00458211030217453
greeks:0.024660515608373762
had:0.013761511082350988
student:0.018040437094926778
western:0.018343173828230492
fall:0.0699605565451898
etc:0.01041400891236877
europe:0.01844394896658053
came:0.01353689117703115
why:0.00798081874508523
onto:0.019525393167553123
a:0.0018787051020355092
christian:0.028751949517816823
was:0.01588271092558539
said:0.009827375913288933
andrew.cmu.edu:0.018272553393395785
third:0.016380201778779756
those:0.0083224917232626
christians:0.01613001630959404
d:0.008169705033080876
reason:0.011983013112145864
fighting:0.02044796714700917
it:0.0046124048843942415
not:0.010814529301811029
should:0.007366870592975245
byler:0.027069228308299165
only:0.017939949393757218
empire:0.19249376100602067
hal:0.02633546407609377
after:0.017302364911793284
doing:0.01202108926083101
attacking:0.023765944485430623
lebanon:0.024433413667482484
be:0.0025939966687778984
considered:0.015438757655660143
writes:0.002965302201872477
down:0.010602536219520887
were:0.02086955108707129
if:0.0030051588330197725
of:0.013950894031622503
even:0.007529862994466482
andy:0.020097794783908555
key:0.014375974758908412
but:0.0029833328352036332
years:0.009998992928163199
eastern:0.02234658295138727
they:0.016733984296103024
who:0.011596886764429132
continued:0.021408951570855612
over:0.008995250011297569
in:0.006374159709219389
battle:0.06474433831114706
rather:0.011540285439071136
men:0.015747078711333372
and:0.004280240072766702
4th:0.02282291574625412
for:0.005835854043265901
subject:0.00011971729547990268
cause:0.014141260687632586
until:0.012830339575626206
i:0.0008560480145533405
fell:0.022452100876993522
any:0.0045887321358242476
later:0.014329201923577145
the:0.012168210026729106
do:0.0032211565870246487
when:0.005864010954456215
would:0.004182285408539803
because:0.00791355290984087
1000:0.02095343680485597
last:0.009776513686365462
note:0.013281117035329585
people:0.006750103767144024
middle:0.01801390266879185
turkish:0.019892056641528762
hold:0.015559554318134619
capital:0.022900905623885817
save:0.016244440504131364
anatolia:0.05217711849135322
time:0.007083004349344007
man:0.01299573694526995
their:0.013575637834813577
matter:0.013546650277580908
history:0.014892410781842514
wanted:0.013655425962090144
turks:0.020729796311402277
element:0.023862384867587412
before:0.009534503440460288
by:0.0044414146852787715
main:0.016674515747205507
s:0.00556445094938133
roman:0.022900905623885817
