recorded:0.0199421315982516
andrew:0.013843596173426464
know:0.004536305609037874
all:0.010522806955657623
testament:0.05548804463766855
knowledge:0.013591070385485793
among:0.012663623044065533
enhanced:0.02036410040190023
your:0.013896311274058043
900:0.020217996252453487
wonder:0.013567528337562237
from:0.006224795988457174
kings:0.038368585214976186
wrote:0.009469025642253166
isaiah:0.04543778497346608
christ:0.013646595268521662
to:0.00202676347072181
job:0.012762825570916089
then:0.011734414336586788
death:0.024672179294385456
been:0.005394266129490586
that:0.0025507693046652705
quite:0.009765438904813975
like:0.004281761262899534
could:0.011096390847985716
writings:0.019184292607488093
re:0.0013747812602138622
complete:0.027229528310991014
exactly:0.011824936225264737
greatly:0.014349004227208095
so:0.0037566566080327944
samuel:0.020464831924650654
bc:0.02125976982343608
he:0.023384311875297575
you:0.0020433786375320655
books:0.026843661125339417
hebrew:0.020077477087673348
messiah:0.020464831924650654
them:0.005389188130633238
sea:0.018556286238692248
why:0.006543097721154435
a:0.0015402619035070535
how:0.004835893372165898
same:0.028560196331303123
was:0.01627685908274606
song:0.021955512469165963
as:0.02647436559541605
old:0.029204923702305045
part:0.009004493060342931
judges:0.0215224866027822
mistaken:0.019811592302454134
plus:0.013146690639631142
andrew.cmu.edu:0.014980806642379633
quoted:0.016425816157488483
far:0.009152125265152211
are:0.009454579141194493
ot:0.05513507333892399
d:0.006697956699915571
museum:0.02138878202862457
reason:0.009824308544148999
it:0.0025209958069115587
not:0.004433161827764448
byler:0.022192786443936446
have:0.005638793527363819
only:0.004902706758342965
psalms:0.023446193013681272
date:0.013153673491850452
moslem:0.0833634284209617
exists:0.013719239202273362
be:0.004253391596599054
which:0.014248812491002035
joshua:0.02173262783013495
found:0.009832795975209549
if:0.009855153231814842
of:0.00786340603390855
andy:0.016477236164748558
kept:0.014682998612405051
but:0.0024458941994500378
asks:0.018906691311502268
well:0.006187014375563768
must:0.017040150202055127
they:0.006859703121380468
called:0.009861229764179169
in:0.0026129367925660364
st:0.014105688393085663
our:0.016395407521914658
israel:0.013972307238377396
yes:0.029413741218792894
or:0.0024790862415554607
and:0.007018334825198343
for:0.004784542101648147
known:0.011974002748773374
subject:9.81505768088908e-05
i:0.0014036669650396686
rose:0.036253275858713095
mighty:0.02078472669299488
back:0.015487917059320129
valid:0.01578685410891843
possible:0.009474160378546257
will:0.004166563768026781
the:0.006927876930046443
around:0.01740584142024732
would:0.0034288589930307942
sins:0.037813382623004536
whereas:0.01849601487922285
come:0.008827917920843413
friend:0.03830734654072948
moses:0.022359927525100992
jesus:0.025538231027152986
about:0.0036213830158892337
five:0.029198401566511892
dates:0.020568401325263507
hold:0.01275654637111772
paul:0.012040523864371534
is:0.0069143690743920854
humanity:0.018378357779641332
ad:0.01591791050130901
time:0.005807021948175417
2:0.021489811236346423
history:0.024419173561403534
1:0.021601366455051934
first:0.006902775108055298
dead:0.025230015697140704
him:0.008810718027070985
little:0.008622568756979648
ruth:0.021955512469165963
shown:0.015181498518425233
jewish:0.02812137638253528
before:0.007816890688318546
past:0.0121452737018506
prophets:0.04124260219061598
by:0.003641306892710169
200:0.015279871493313283
god:0.03901732693787095
