out:0.010909047213707961
all:0.008833961394873066
4:0.04600499081812368
though:0.023014298163061848
equally:0.04438189254881015
suggests:0.04565227330356463
to:0.0012761103334174358
add:0.03181685570788628
bruce:0.08530848962390895
that:0.0032120798651340443
nt:0.00661183844187443
could:0.013973232919685715
re:0.003462412062760838
behavior:0.03933693539739994
churches:0.04849935385678649
this:0.004860948503439064
relationships:0.05653176652071911
certain:0.030521435108893602
standards:0.03923424385393551
regard:0.08501531434211858
orientation:0.20514945590062456
3:0.021680240228126105
sin:0.0797364099167129
a:0.0025861187515673983
altogether:0.05180189963399698
as:0.029633857785815496
bring:0.0351237680304544
heterosexual:0.054204781073673686
acceptance:0.04831599619663668
homosexuality:0.13314567764643043
course:0.022649553702777953
are:0.00595288316297431
place:0.025179885345522457
should:0.015211223539198885
have:0.004733801973589378
love:0.03029830963130971
evil:0.038672904763042595
whatever:0.030601486840308913
of:0.01620338213047822
sexual:0.041241006228745665
unfortunate:0.05193512868447938
but:0.01848008950695584
who:0.011972711798461558
up:0.012439447873633191
accept:0.09922533251840926
in:0.0032903648498979715
our:0.020646068731299937
or:0.0062436246083619005
sinner:0.05610102563521085
and:0.003535161245285091
subject:0.0002471940452964657
i:0.0017675806226425455
we:0.012479110238092313
power:0.02501717852009761
lives:0.03604127638827135
the:0.0020937583610807025
would:0.01727128974267363
people:0.04181314277980881
different:0.023400156463067107
hold:0.032127598268000185
is:0.002487709508246888
homosexual:0.22372523650114706
levels:0.042459305837900474
christianity:0.03561711401761122
presumably:0.04565227330356463
marriage:0.047701412224924904
2:0.0360816583721372
issues:0.03523360632036014
1:0.018134480480784337
abuse:0.044932109405021264
behaviour:0.048974291767782334
