prism.gatech.edu:0.05981147582410478
taken:0.04170735822479317
basically:0.04967350061073274
correct:0.04142047392634745
faith:0.09481078785708336
matters:0.12039250803262401
mary:0.05936466845599055
from:0.010716104486457918
nicholas:0.14774094220983702
geneva.rutgers.edu:0.06327738374762584
to:0.001744555898849153
that:0.004391197790309833
church:0.04743387139352921
re:0.004733424085799627
exactly:0.04071370447179758
likewise:0.07175586243829614
error:0.04766402733129112
this:0.006645347321157203
on:0.006417833230877088
as:0.02025605468903844
question:0.02763273523224183
universal:0.062225907814732
college:0.05214576329833737
doctrine:0.17966250433536035
it:0.00433994214860724
not:0.007631772260455251
try:0.030840375599283452
morals:0.06961132886920694
holds:0.06213451227076382
virgin:0.07118471768791046
infallible:0.16394441955783692
which:0.016353067500221745
writes:0.008370410012880535
of:0.01230636617504675
freedom:0.050481373168589944
but:0.008421306610764687
well:0.02130212544497905
pope:0.06806572511223354
in:0.008996440602252681
or:0.008535588072190953
and:0.004832878664440378
subject:0.00033793616319010504
catholic:0.05893309616050985
the:0.00572470640498015
about:0.012468559244580651
is:0.017004596638649616
lee:0.10802914681961306
nice:0.039996701984237444
article:0.01025737823185571
teaching:0.19104744482842842
refers:0.06681964824117971
news:0.03884653817928378
