proven:0.12008187277713504
know:0.015618672476687365
all:0.012076807982864445
faith:0.04740539392854168
take:0.02690821683969245
atheists:0.0528692875241595
c:0.03273541386618936
my:0.012028028624434193
to:0.005233667696547459
sound:0.04368586441934723
us:0.026074384635253113
jeff:0.053360497326967044
think:0.03644931715262165
through:0.02999320625347882
re:0.004733424085799627
path:0.05615099532988499
you:0.014070860491360047
went:0.041296978040963085
why:0.02252813392600008
a:0.0035354534831554306
it:0.00867988429721448
not:0.007631772260455251
should:0.04159018081603746
have:0.0064715267487044665
absolutely:0.05066403474870423
johnson:0.05844751555452951
be:0.029289177576580824
writes:0.008370410012880535
of:0.0049225464700187
what:0.01165116586071685
again:0.030909735925417948
up:0.017005827472814997
now:0.020910308833901825
in:0.0022491101505631703
atheism:0.061002783312338694
become:0.04192687056702719
and:0.002416439332220189
subject:0.00033793616319010504
i:0.01691507532554132
athos.rutgers.edu:0.0528692875241595
will:0.014345637277256764
than:0.01810887699011976
the:0.0009541177341633582
wrong:0.06692207738809773
do:0.009092631884892363
less:0.03479576653919338
would:0.011805691722840203
problem:0.026779307494247902
people:0.01905409038067237
many:0.023458240855418904
is:0.006801838655459845
broken:0.05685116796259451
christianity:0.09738350161777246
although:0.039996701984237444
article:0.01025737823185571
give:0.029914383181721602
happy:0.04807715301879773
s:0.007853623808304028
