train:0.0645655925741005
reference:0.0433910821281204
there:0.010671848669501714
hell:0.11907142759820566
my:0.011049003038724433
to:0.004807671488688945
then:0.018556748253207012
heaven:0.05062979856237612
manufacture:0.06684599814301083
that:0.004033774714354382
joy:0.06704142975134085
amount:0.04323740711193986
burned:0.05658565883837742
certain:0.07665848818047695
why:0.020694448606441936
a:0.004871526020394402
beings:0.0589815788145973
basis:0.04333963112834882
idea:0.032236933665822746
waste:0.14925279053017462
question:0.02538355910868726
place:0.03162125136414448
it:0.015946764173952185
being:0.022625627092152885
peace:0.04478646343503548
be:0.006726293687645015
if:0.015584893482869983
of:0.011304685207310386
destroy:0.05741657702421632
what:0.010702815151123618
biblical:0.053081229573145525
using:0.025632797426103728
please:0.022272271591921567
in:0.002066043045284773
rather:0.029924228522242597
destroyed:0.057590131096503246
and:0.00665925722949052
subject:0.0003104297313025383
punish:0.06665379695753165
necessary:0.04191599741257587
than:0.01663489863045885
the:0.005258741930156184
would:0.01084476332679507
thought:0.03121612099060131
just:0.013655680970533558
here:0.020934894251434837
about:0.0114536765153706
is:0.01874460187609283
logical:0.0547360693659392
suffering:0.054667870302539216
dale:0.11222838524897927
goes:0.03747706041849624
eternal:0.05362781146123775
earth:0.04093645537899708
god:0.03085090967180494
s:0.0072143753587909105
