some:0.0074365406059449315
believe:0.013838674397008538
at:0.005611242117544147
out:0.00750431273299656
schism:0.04503510624382963
there:0.011691452045568757
final:0.024564639472844554
differences:0.02917458734787355
faith:0.023853669556399955
both:0.014303847658014256
several:0.01795191956730826
hayes:0.07090999087267488
to:0.002633501579791396
been:0.009345480173384964
that:0.0066287508044804485
terminology:0.0377775630388082
church:0.02386799898145738
acknowledge:0.03640742686290409
re:0.0023817866418991756
so:0.0065083477540440774
this:0.003343837187079102
sight:0.03375672369586643
concerned:0.025643243583170886
them:0.009336682621224465
theological:0.037906242703251
a:0.004447465368937564
same:0.012370021340946577
christian:0.020419378160742522
was:0.011279759670081347
orthodox:0.16946852947363034
as:0.01528880560924239
old:0.016865688422562575
running:0.019283187340424852
steve:0.04085546301699856
said:0.01395862948193269
africa:0.10745718529958458
part:0.01560014084339667
ending:0.036510997059539634
course:0.015580584712738975
fidonet:0.035027356564760186
far:0.015855911287397464
are:0.012284930858622143
internet:0.018194483714105772
not:0.0038401911374265282
ones:0.021609108155266604
statement:0.02212228929740641
have:0.006512746664301311
theology:0.03424963238131497
p.o:0.029341773501217097
between:0.01479532386016819
univ:0.029583460963408963
be:0.00736893321194231
which:0.008228613582914126
common:0.021440305984913057
writes:0.004211862363169187
were:0.019761825445506996
things:0.014233923109173565
of:0.011146275605679285
department:0.04417930678589728
year:0.01576280710961562
seems:0.0300189438137717
groups:0.023438124831123515
box:0.020181777138258646
in:0.005658589232308614
southern:0.032201329042923485
point:0.014022522046242426
seven:0.030695668036144947
or:0.0042949774375992695
and:0.007295491996639297
still:0.013004516447321958
for:0.0020722857510323185
subject:0.0001700443114141293
oriental:0.04082237705755342
however:0.015268145886604542
athos.rutgers.edu:0.026603017289226757
we:0.008584356087350127
cae.wisc.edu:0.03817167389051576
walker:0.031040045241688106
the:0.006241266961692795
did:0.01047077097734373
joint:0.0346266315621451
note:0.018864261776296163
here:0.011467521691868765
many:0.011803828201134355
south:0.05505273228864696
is:0.00513387185141396
study:0.023601104130157955
does:0.0077610752505574854
mission:0.02863689727263417
faq:0.024726720145845604
article:0.005161355925583446
sign:0.027603261566197808
training:0.02854654927905483
three:0.018589095582627217
condemned:0.035544079780125595
by:0.006308506209026536
mike:0.020352942859603207
editorial:0.036942988119022184
