there:0.021594799660638764
rex:0.07331979399855068
ever:0.031099083021527772
much:0.04111051457788074
hell:0.040157422640963475
to:0.003242821553154896
might:0.02502453101033466
been:0.017261651614369874
that:0.008162461774928865
me:0.012748102122406409
re:0.004399300032684359
practice:0.04831209535343342
this:0.006176263980840224
egypt:0.13001440679964052
you:0.00653881164010261
fnal.fnal.gov:0.07101691662059663
bugs:0.05967547974182786
a:0.0032858920608150473
nor:0.040641635258534155
said:0.025782409748981557
part:0.028814377793097378
ending:0.06743795927467908
evidence:0.03785538864133031
are:0.007563663312955595
no:0.013244067484500115
reasonable:0.0439800843541888
it:0.016134373164233974
not:0.007093058924423116
deleted:0.0826677528705491
kind:0.03241796114074188
second:0.03234936207826196
has:0.012526758516312365
worship:0.05997845028420921
nonsense:0.061860387339417185
ancient:0.0539482944763912
be:0.006805426554558486
writes:0.007779557541383086
prior:0.054071486239535844
of:0.006862608902320187
even:0.019754817032541477
never:0.025928696833668944
they:0.010975524994208749
in:0.004180698868105659
point:0.02590042307364777
or:0.007933075972977474
and:0.00449173428812694
subject:0.0003140818457884505
i:0.00224586714406347
athos.rutgers.edu:0.04913733781657177
we:0.01585581065545847
the:0.002660304741137834
see:0.0208163030754256
when:0.015384405209926304
century:0.05256261170396315
peter:0.04331638918618772
just:0.013816336040775128
note:0.034843401163276444
is:0.006321708868015621
today:0.03340148547998062
strictly:0.061740947675134626
first:0.022088880345776954
too:0.022970798445464666
nothing:0.030057129429422454
late:0.045342811595660816
existed:0.059576198934229455
article:0.009533328003724717
before:0.025014050202619344
s:0.00729925036301198
