prism.gatech.edu:0.05981147582410478
say:0.02401955663629802
proven:0.06004093638856752
take:0.02690821683969245
atheists:0.0528692875241595
response:0.04445061459021952
nicholas:0.07387047110491851
my:0.036084085873302585
to:0.005233667696547459
prayer:0.13444306099665257
that:0.004391197790309833
nt:0.009038969009144792
me:0.04114893723055233
need:0.024319012550597926
re:0.004733424085799627
tells:0.05603797468755206
he:0.10064134224811616
tell:0.030506646248385477
why:0.02252813392600008
said:0.02774056745143585
waste:0.0541592404455486
it:0.00867988429721448
have:0.0064715267487044665
being:0.024630429492723396
reminds:0.07081778684141359
be:0.007322294394145206
writes:0.008370410012880535
of:0.00246127323500935
trying:0.034130737000865774
even:0.02125518288311425
order:0.03549768178648724
well:0.02130212544497905
who:0.016367757901694282
bob:0.04663297486112785
in:0.006747330451689512
atheism:0.061002783312338694
become:0.04192687056702719
word:0.03884653817928378
for:0.008236680073723392
subject:0.00033793616319010504
i:0.004832878664440378
athos.rutgers.edu:0.0528692875241595
will:0.028691274554513528
the:0.0009541177341633582
wrong:0.033461038694048865
do:0.018185263769784726
an:0.011365799222300464
just:0.014865678018555518
people:0.01905409038067237
about:0.012468559244580651
is:0.0034009193277299227
time:0.01999379708738878
lee:0.05401457340980653
dave:0.044383223688285976
him:0.030335636751434275
atheist:0.11569875554322244
article:0.01025737823185571
says:0.03241806005604517
s:0.015707247616608057
