read:0.0260575064585968
text:0.04156969808314445
way:0.03982466251831134
interpreted:0.06262817526262751
response:0.04036320175433726
then:0.0183434522962736
that:0.011962228463257821
really:0.022429836128631333
asking:0.04121187143262522
me:0.012455042303500514
re:0.004298166698599662
exactly:0.03696991555485067
these:0.03808358558848144
tell:0.027701437397959227
am:0.018785475364383512
them:0.03369791198924692
bryan:0.06091730597989689
a:0.0016051771561452815
how:0.03023822982135918
other:0.04756234440799692
was:0.010177714185073398
surrounding:0.06262817526262751
homosexuality:0.05509476316404018
no:0.012939606163017354
proper:0.0472014724717453
it:0.0039408670085054245
not:0.006930000098574309
term:0.044800917171430546
being:0.02236556241293274
against:0.029692882668480997
has:0.012238787056167252
decided:0.04289233405768224
be:0.006648979967097371
writes:0.007600717138132901
if:0.007702878388085164
of:0.0022349492593763064
looking:0.02981477408513384
what:0.0211595885746352
but:0.015293867178170351
please:0.02201626847017534
they:0.010723214074801651
in:0.004084590848149206
rather:0.029580271872561646
and:0.002194238014314884
for:0.003739642102437632
subject:0.0003068615734714747
i:0.01097119007157442
any:0.011761922601020772
community:0.04676492939053591
than:0.016443692899074266
the:0.0025991483103070794
wrong:0.03038416157275702
do:0.00825652780352295
see:0.020337767372542254
can:0.009937540142962222
is:0.012352764454743167
interpret:0.060091722823905444
verses:0.12159134507863201
homosexual:0.16663672787671643
christianity:0.04421434843565531
issues:0.04373826991492983
guess:0.034438589229145444
behaviour:0.060795672539316004
todd:0.0585001173725824
