dan:0.047877150474545285
defense:0.047279596966842
take:0.025611435305249442
someone:0.02654768812847012
to:0.008302404578860426
that:0.008359147600830766
think:0.03469272355490495
nt:0.017206712089697315
re:0.004505307262387597
this:0.006325089618932759
personally:0.047214995242247
you:0.013392746732740286
defend:0.10915408249347582
3:0.02821043306792313
sin:0.051876700427740924
a:0.005047605274143596
as:0.019279859282337795
part:0.029508700149557556
are:0.015491840520511458
christians:0.17334909094166123
it:0.004130788310120145
not:0.007263976006939336
should:0.07917166950522794
attack:0.04757466949706244
war:0.08522470158007271
be:0.006969412736596041
writes:0.00796701675924774
if:0.008074101442932642
of:0.002342657657418538
trying:0.03248588220564333
what:0.011089663891525678
but:0.008015460509041087
result:0.04259038507242774
killing:0.04875955002115255
david:0.030077653486078243
in:0.00428143859986724
our:0.026864764132293897
or:0.008124234430157655
and:0.0022999844246433124
subject:0.00032165008303636504
i:0.004599968849286625
athos.rutgers.edu:0.050321370053115676
we:0.03247575676419205
allow:0.042244273149091474
necessary:0.043431033463632834
the:0.0009081361566133169
do:0.008654432757909598
may:0.022421994306503986
fight:0.10264106249974299
an:0.010818049862189599
reaction:0.056857065338768366
ourselves:0.057295229726369266
is:0.006474039202184673
else:0.030440388257085022
2:0.023474813880667578
protect:0.049751416831465826
supposed:0.04396018086043808
article:0.009763046750802423
