obvious:0.013886817017696795
divine:0.018436469148471257
king:0.015153983772122006
at:0.0031803791063336863
andrew:0.02718742353192779
allows:0.014919398502332721
with:0.010556450844576666
way:0.006254053500168027
mary:0.067722870873982
into:0.012929992079295209
times:0.01014612325448746
mentioned:0.01269012136747956
from:0.0030562175250186847
work:0.007310730916932504
wrote:0.009298104601779282
christ:0.05360106733628725
to:0.003980358585099873
obviously:0.026584065565530373
psychology:0.04039426108643808
job:0.01253244965808367
heaven:0.047156996494920715
demands:0.020409551120919158
representation:0.04296953143978633
she:0.04787209364474343
that:0.006261816343582614
view:0.012293677807886757
quite:0.009589167444438274
church:0.013528071624869343
like:0.004204473153460914
talking:0.011767838196253677
along:0.012613579101592906
its:0.007465070599401337
attention:0.015323748893583605
need:0.006935747261722875
re:0.0026999314280012313
greatly:0.014089996930688093
so:0.003688846921967221
comments:0.013299657090357762
had:0.005539380814736951
this:0.0018952434598246174
mean:0.009543039916353288
getting:0.009791341415973596
he:0.005740553095740922
on:0.0018303567698169311
a:0.0025207655701198466
was:0.00639322118484755
as:0.00866549632003991
woman:0.03161926785195251
said:0.007911569778568347
part:0.008841957084524467
blessed:0.019760478520050584
given:0.010064215015094878
question:0.007880816185368608
andrew.cmu.edu:0.014710394970134514
soul:0.015218336782781214
organization:0.01383333295349051
far:0.008986924448091703
are:0.0023209797169719336
no:0.008128128059079493
d:0.013154109908859462
requires:0.014491533519533667
it:0.004950980934873241
not:0.015235992996504527
should:0.005930729755355522
byler:0.021792194630869004
made:0.008395594050245493
being:0.007024562923917503
theology:0.038824493024306496
sufficient:0.016517120012482688
mother:0.015377632107362217
has:0.007687902338531055
netcom.com:0.011621065612711694
status:0.015886941126351042
identification:0.022217404145873997
his:0.0066585885974919014
virgin:0.040603557381551816
personal:0.012107925888793199
be:0.008353231149999587
which:0.00932774247305067
stick:0.015257506515720078
of:0.014039031448789794
even:0.0060619474648592984
but:0.004803488969317041
nature:0.013763231560504584
equal:0.016096048157877057
women:0.01364373716185352
who:0.004668060917811727
clear:0.011905237336413767
one:0.003549858872836182
in:0.003207214835640622
according:0.01241706211041956
our:0.008049730768882287
point:0.007947783253646428
or:0.007303012177289733
rather:0.009290554703656546
and:0.0034458250405305945
few:0.008251362819156269
subject:9.637890574735848e-05
however:0.017307573315501177
i:0.0006891650081061189
person:0.010127055736728703
we:0.004865501464671372
assumption:0.03424717671261252
body:0.012814733298464085
any:0.007388355713276587
assumed:0.01764358608274286
than:0.005164625567579282
the:0.007074937999897248
do:0.0025932054834169557
can:0.006242353736012371
meant:0.01469913097253075
her:0.023872987761225473
because:0.006370838624167921
did:0.005934696907736337
maybe:0.009559253004845935
an:0.006483019050987269
thought:0.009691647672172248
moses:0.02195631872500892
human:0.011573438163308938
just:0.004239669904208975
note:0.010692018407503601
actual:0.014665548327540445
religion:0.012821412501670444
about:0.010668045274244095
previously:0.017167884719453606
is:0.005819623687162395
logical:0.016993869911446826
figure:0.013330316368500916
does:0.004398876586056048
existence:0.014687902010745938
superior:0.01819162223028078
nothing:0.00922330686462422
leaves:0.017990209379636683
image:0.013361238256078257
position:0.012429035946614484
although:0.011407001648934146
replaced:0.01561605597854269
function:0.014848377687896961
already:0.010490203325983218
thus:0.012026552609661753
close:0.012544813054767295
answer:0.010961267300104176
by:0.0071511586629398275
god:0.04789130382265749
psychological:0.019806467782784987
s:0.002239842169155301
