he:0.06625555031334313
two:0.07769955969388798
daily:0.185775222488831
made:0.09689914799658339
verse:0.21581922118370692
peace:0.16048482730887711
chuck:0.2076369999233067
has:0.08873120615721258
of:0.00810169106523911
who:0.05387720309307701
one:0.040971287823984265
our:0.09290730929084973
destroyed:0.20636463642913663
and:0.007954112801891455
for:0.013556202621336416
subject:0.0011123732038340957
barrier:0.2698251905222733
the:0.009421912624863162
is:0.011194692787110995
himself:0.15594922710420703
wall:0.18693808866037587
