some:0.006210302527305075
divine:0.02716437209641775
at:0.004685984108800165
schism:0.07521820936469416
andrew:0.020029032761553184
split:0.025361311634506414
way:0.009214749040141188
much:0.009293600369999634
though:0.013220979795801488
mary:0.024945791532038585
led:0.022422762174629768
from:0.01350913171963046
syria:0.061517631829517166
often:0.01652829993765269
catholics:0.029835073925126455
hayes:0.05921738599473381
to:0.002199253978868347
hole:0.02482420569120853
might:0.011314282637651309
been:0.00780447014479489
that:0.012916661585326264
protestants:0.03286988700208184
its:0.010999066787415798
re:0.0019890452275434603
lost:0.018640991086797076
churches:0.027861330939005006
political:0.019174339241923005
this:0.005584919557142755
egypt:0.05878310945728427
these:0.008811893473930545
big:0.014764790180146582
on:0.0026968554534004784
argued:0.029462953772962035
a:0.001485642687070633
false:0.022271854211176487
christian:0.017052353038492424
noted:0.023740441749896667
was:0.00941979929895091
orthodox:0.02830485013548932
as:0.021279631920665384
steve:0.03411865794504666
africa:0.05982545422707368
part:0.02605555438737529
belief:0.13147389257133996
question:0.011611628102910129
fathers:0.03031896636239096
also:0.015781884379569854
andrew.cmu.edu:0.021674358546421597
fidonet:0.029251569046102918
far:0.013241372724050009
are:0.0034197413914958804
internet:0.01519432948465216
d:0.009690660757324656
it:0.0036473981887231058
should:0.00873836245868872
byler:0.032108712301865495
made:0.012370103999563837
being:0.010350020903857171
theology:0.0286020866163109
p.o:0.02450350233878236
has:0.005663694010034846
writing:0.021289674176317202
virgin:0.02991272711353684
univ:0.024705337081144717
be:0.006153843161036929
writes:0.003517353143710438
were:0.016503226568854244
of:0.012411101206323742
even:0.008931699190244818
department:0.03689442109247804
but:0.0035387405438851607
factors:0.02646577634077367
they:0.019849353712930715
up:0.007146065799746726
notion:0.026304577673245323
box:0.01685393090801387
in:0.0037804191892444783
or:0.0035867630728887516
and:0.007107930588924279
known:0.01732408908333169
subject:0.00014200508985116116
athos.rutgers.edu:0.0222163495447266
away:0.014728636097466332
held:0.021624723826055195
council:0.053783070848287096
the:0.0068158516860712245
put:0.013231166486950953
about:0.005239447767669529
south:0.045974888134667935
hold:0.036912559712170424
is:0.008574658305021188
ad:0.02303016838487261
time:0.008401648776083582
revelation:0.028023348000093883
study:0.019709432704440418
broke:0.026674397155418784
first:0.009986993773356602
mission:0.02391485570108279
faq:0.020649441823924253
article:0.0043102812782797924
unity:0.03300805448295025
thus:0.01771997379189524
before:0.011309543974588533
by:0.015804821406656906
editorial:0.03085132518450257
