at:0.011441104057849755
say:0.024643441224253812
andrew:0.04890205401522076
activity:0.05796367596078667
massacres:0.07382100414495274
means:0.03681292494076303
with:0.007595160737526589
way:0.022498348305799266
much:0.022690868435843267
active:0.05802366227060868
from:0.010994444862729554
post:0.03353997148611923
to:0.0035797380781580025
been:0.019055069963914796
that:0.013515764627317278
like:0.030250365285939565
re:0.004856370165950267
lost:0.045513069146985066
so:0.013270267498505456
etc:0.030160051785171893
them:0.019037132097821312
more:0.016511935400269167
a:0.0018136417218784352
dealing:0.06121041152724623
genocide:0.05851379640025604
capable:0.05698414658653678
morality:0.05612518811245177
d:0.04732062915265028
it:0.004452667918700935
not:0.007830000111376167
always:0.034505923350632565
has:0.013828239920604559
netcom.com:0.04180565161975506
willing:0.04644025784389183
restore:0.07342137221421569
without:0.029184551750681756
which:0.016777822500227507
of:0.005050404819889316
what:0.011953793545410795
distortion:0.07929130888620343
but:0.008640041847407926
find:0.02748632126848559
quoting:0.06998380657490293
or:0.008757291658481627
and:0.009916815960799737
subject:0.0003467137258703675
holocaust:0.0649209521566551
i:0.004958407980399869
will:0.014718251232510188
the:0.003915600051891185
just:0.015251799525530987
bosnia:0.06643782576374925
is:0.01046776468405184
broken:0.05832782167590866
length:0.06003564386289231
does:0.0158245300563315
appropriate:0.05251958114364295
issues:0.049418564709076566
god:0.1378274406117
