another:0.018634498574693938
some:0.004905617122409051
report:0.015948437913759474
out:0.0049503239457162175
folks:0.015559730463423436
objective:0.03746727176245331
mark:0.012620268757530211
there:0.015424856900456259
know:0.005184349267471856
case:0.020769841237871896
actions:0.016614380017597276
thanks:0.008375574138303206
morally:0.024369954347422194
i.e:0.014514869735190769
own:0.009523069897260483
your:0.010587665732615652
much:0.0073411633174787026
though:0.010443463031977645
ca:0.00864096048778286
from:0.0035570262791183847
violent:0.020276556998765162
post:0.010851167245509162
often:0.013055968017977756
my:0.003992496896345804
to:0.0034744516640945315
obviously:0.015470138995067044
cases:0.015461284027253747
might:0.00893733250369095
been:0.006164875576560669
that:0.007287912299043631
think:0.006049361460204013
control:0.025627178739000195
like:0.01468032432994126
nt:0.006000660098507886
me:0.0045528936151451455
anything:0.01950622815394457
cs:0.021494590688271815
so:0.00858664367550353
anyone:0.0070290535699218115
comments:0.015479012663987815
this:0.006617425693757383
laws:0.01559610887831047
these:0.013921310698310442
on:0.004260578363355377
you:0.007005869614395654
assume:0.014586086366761244
3:0.01967618440871949
m:0.005751322319815429
more:0.005342096747145907
a:0.004107365076018809
same:0.01632011218931607
as:0.003361824202592514
truth:0.015105283731145395
question:0.009172210434231531
morality:0.03631629819040997
evidence:0.013519781657617969
responsible:0.01643216476921438
mind:0.012729646231135028
plane:0.021723830117895488
are:0.010805233304222277
no:0.009460048203214368
phenomena:0.02536318450735594
hey:0.016193861284164578
d:0.007654807657046367
action:0.015470138995067044
it:0.002881138065041781
not:0.002533235330151113
have:0.006444335459844364
real:0.010746192663858182
has:0.004473842327254416
evil:0.017549049220204203
heard:0.011355661174033086
be:0.004861018967541776
common:0.01414339512450147
get:0.005522579728113959
if:0.002815758066232812
of:0.004084886251381065
trying:0.011329110180959646
totally:0.017308887817515346
what:0.007734807588206985
but:0.005590615313028657
fairly:0.016488262807764227
seems:0.009901206257903689
fact:0.010076752641297643
beyond:0.01640993360268322
groups:0.015461284027253747
now:0.0069408167978077485
david:0.010489265711531488
called:0.011269976873347621
one:0.008263116872064054
email:0.01152898596205017
in:0.005972426954436654
or:0.01699944851352316
thoughts:0.01804211898162106
and:0.006416763268752771
for:0.0027340240580846554
subject:0.00011217208778158947
i:0.0016041908171881927
person:0.011786531256612817
we:0.005662789519806596
body:0.014914626570061141
alternative:0.01829480116119473
normal:0.015850263338313204
than:0.006010929757224627
the:0.0015835147268677585
do:0.0030181425164138515
can:0.0036326302203265265
maybe:0.01112568521992573
moral:0.01686619657525557
mental:0.04480874702524523
an:0.0037726812544610785
here:0.00756470968749326
people:0.006324677059130745
about:0.004138723446730552
e:0.01307096510946986
different:0.021237116790010484
reality:0.017607610177531017
is:0.005644382917871091
alternatives:0.022268090841390878
done:0.011128838451347472
new:0.007243695650771205
applies:0.060021378624410544
does:0.010239401801155673
lot:0.010414089866661305
life:0.011724282997011386
2:0.016373189513406796
their:0.006360015204124848
experience:0.013916902415105662
1:0.016458183965753853
existence:0.017094743096540438
dreams:0.18273550101703462
very:0.0073245482848044
before:0.008933589358078337
incidents:0.04789887122797899
respond:0.01699162919353154
by:0.00832298718333753
seem:0.011595430902923268
sometimes:0.014724816488730462
apply:0.05041457124566815
