at:0.011151455853853557
there:0.011617455513634778
andrew:0.02383201366564556
all:0.006038403991432222
delete:0.03388901286575249
faith:0.02370269696427084
with:0.00740287818720946
from:0.01607415672968688
hayes:0.07046119346208833
to:0.0008722779494245765
so-called:0.06347831221795863
been:0.018572663129385308
that:0.004391197790309833
church:0.023716935696764606
nt:0.004519484504572396
re:0.004733424085799627
had:0.009711446111912247
certain:0.020862753112408285
on:0.003208916615438544
western:0.051778832451840506
influence:0.03249095064056138
a:0.0035354534831554306
christian:0.02029014159010491
was:0.022416737572186977
orthodox:0.10103756630643024
steve:0.040596884137144136
creed:0.26197448443118704
said:0.013870283725717926
africa:0.07118471768791046
part:0.015501405774767576
standard:0.019266104686469852
course:0.015481973417088728
andrew.cmu.edu:0.02578974308055228
fidonet:0.03480566443460347
internet:0.01807932875388991
begin:0.0264127815160792
d:0.011530659635297693
recognized:0.03163869187381292
it:0.010849855371518101
not:0.007631772260455251
byler:0.03820530324525768
have:0.0064715267487044665
theology:0.03403286255611677
p.o:0.0291560660739942
centuries:0.03388901286575249
always:0.03363235567086972
has:0.020217236845947173
univ:0.02939622386870384
without:0.014222851169636045
which:0.008176533750110872
writes:0.004185205006440268
certainly:0.01946681821047874
of:0.011075729557542074
department:0.04389969092016375
but:0.008421306610764687
never:0.013948982473809242
trinity:0.03741313145440954
they:0.011809109170984097
accept:0.022608303611789452
beginning:0.025633460722385374
box:0.020054044371560803
in:0.0056227753764079265
use:0.010523921061692075
and:0.0036246589983302837
subject:0.00016896808159505252
however:0.015171512051879197
athos.rutgers.edu:0.02643464376207975
the:0.008587059607470223
when:0.008276420524327442
views:0.025633460722385374
strong:0.022852230290952597
major:0.020736885903277165
did:0.03121350082486643
introduced:0.03278266650891751
south:0.05470429727416185
is:0.0051013789915948845
time:0.00999689854369439
study:0.0234517300533848
exception:0.03149092374724968
mission:0.028455651087364333
faq:0.024570221917074427
article:0.005128689115927855
says:0.016209030028022584
editorial:0.03670917173852204
