believe:0.013167708365638426
divine:0.030950920934100228
there:0.011124593764571485
paragraph:0.03006241502990704
own:0.013736306882109061
with:0.010633225032537224
much:0.010589071936726856
hell:0.12412294270843256
from:0.005130740935940458
to:0.0033410888729474685
713:0.03382073045745283
us:0.012484099310212098
heaven:0.026388864705238463
enough:0.014740294102650885
that:0.010512261376802327
think:0.008725745621385183
nt:0.008655497596635617
me:0.006567204123663907
re:0.002266306077443458
scott:0.023164103352554585
wait:0.02225090790975829
path:0.026884415945823723
best:0.014758642908857176
begins:0.03238358019509557
treated:0.029793010408265624
on:0.009218342277077999
beat:0.026338982892289885
more:0.007705569853458945
a:0.003385464547506412
other:0.008359442350496429
was:0.005366431115765974
as:0.024245883642939954
following:0.01658978347296825
houston:0.030490400285749182
oil:0.027162474162494593
fine:0.019631251987397336
also:0.008990891707148887
evidence:0.019501260815230768
soul:0.025548359326244826
l:0.020030064113656744
shell:0.02920739322227125
are:0.0038964326157650032
no:0.00682270143140915
not:0.0036540000519755447
larry:0.055088279223915106
towards:0.025271376577876002
love:0.019831620849584536
his:0.011178357827304586
free:0.01750004723711961
without:0.013619457483651485
be:0.007011651601666319
which:0.007829650500106169
stick:0.025614116999117947
writes:0.004007650854651893
certainly:0.018640953195488735
were:0.009401838166498783
if:0.004061517695535814
of:0.0035352833739225207
lawrence:0.02874687257392021
totally:0.02496675939738577
presented:0.02766658026236676
nature:0.02310554631672588
fact:0.014534952294720238
scripture:0.02908894112485931
gift:0.03340828522566486
now:0.010011602411383299
one:0.005959460047124984
rest:0.01979776262710793
in:0.0021536933562968544
or:0.008173472214582853
offers:0.02739448741444015
and:0.005784809310466513
for:0.003943622580752412
subject:0.00016179973873950483
i:0.003470885586279908
athos.rutgers.edu:0.02531317402671879
we:0.024504434649344906
world.std.com:0.027855008062791193
any:0.0062017410078109535
information:0.014780735057477363
than:0.008670310801330067
the:0.0031977400423778006
do:0.008706883865533293
see:0.010723550069158642
start:0.01707613386595462
can:0.010479587787123799
agree:0.01828215259978448
last:0.013213106376118168
relationship:0.02766658026236676
just:0.014235012890495587
here:0.02182304128028359
jesus:0.06314908035805102
people:0.009122867515594652
statements:0.025548359326244826
company:0.02040077599776576
is:0.003256637901705017
christianity:0.023313020084254617
center:0.01979776262710793
does:0.0073847806929546985
life:0.016911390019931576
eternal:0.027951465367675433
article:0.004911108365555157
teaching:0.030490400285749182
earth:0.021336576742992417
stands:0.028972759815115552
by:0.006002639241316158
tx:0.028710029870426982
god:0.032159736142729996
s:0.011280659651927606
