taken:0.07010385744167362
believe:0.02311353064181213
at:0.00937196821760033
stephen:0.04331552424884061
mary:0.1496747491922315
into:0.0381022107017529
from:0.009006087813086974
catholics:0.05967014785025291
to:0.0014661693192455647
death:0.035695918979110876
heaven:0.09264175907158184
t:0.02740716015957917
latter:0.049410674162289434
die:0.0400824933131101
she:0.10580241973080262
that:0.003690474738664647
creps:0.2935600605682805
re:0.0039780904550869205
exactly:0.034216836736936256
indiana:0.06227783357400807
state:0.028273546669581023
sin:0.04580602271811166
a:0.002971285374141266
was:0.01883959859790182
as:0.008511852768266152
steve:0.03411865794504666
lean:0.06080814912208448
question:0.023223256205820258
died:0.08630219193945372
dogma:0.06353084459162917
are:0.006839482782991761
it:0.0036473981887231058
not:0.019241808784339304
being:0.020700041807714342
whether:0.06079699116769839
university:0.025003618102113337
after:0.020523549868776077
somewhat:0.04576422188683624
alive:0.04686192652763657
virgin:0.05982545422707368
free:0.06143633604520714
be:0.006153843161036929
writes:0.007034706287420876
end:0.02876844045293095
of:0.004137033735441248
what:0.009791937265921608
toward:0.047579386961631595
they:0.009924676856465357
in:0.0018902095946222392
or:0.014347052291555007
still:0.021720309385420713
subject:0.0002840101797023223
i:0.0020308373111212227
athos.rutgers.edu:0.0444326990894532
assumption:0.05045993590103015
physical:0.04539522658909272
assumed:0.05199226962680609
the:0.004009324521218367
original:0.032831574609292334
her:0.03517456175457157
myself:0.03545576661699876
about:0.010478895535339058
having:0.027839270132131503
does:0.012962646961037503
life:0.029684886737113936
dave:0.03730079437632545
article:0.008620562556559585
davis:0.052688843343609355
before:0.022619087949177066
says:0.027244965366250724
wish:0.039745505476369986
