report:0.01518291289389902
all:0.0038162713225851647
situations:0.019122021477976266
actions:0.015816889776752607
where:0.007389827192935047
cnn:0.020794838013518644
split:0.019071706349148822
with:0.009357238028632758
commission:0.02292890615339089
ca:0.016452388768738568
into:0.007163215611929546
from:0.0033862890177207023
post:0.010330311217724722
both:0.008982816329232951
to:0.0022051186561453293
covers:0.0215087691354658
indicates:0.01966338686945531
might:0.008508340543513784
next:0.010713520094996702
perhaps:0.011553846150560182
been:0.005868961548885757
that:0.004162855505213722
think:0.017276976330342662
church:0.0449673100810657
depth:0.021032531695401844
nt:0.005712628413779508
could:0.0060364366213042295
me:0.004334354721618179
covered:0.018469414915231325
re:0.0029915240222253645
so:0.0040872423895396805
churches:0.041903441732263534
this:0.012599578520914057
describe:0.018690465629931523
these:0.0066265438923957705
on:0.006084105902871479
pushed:0.02042760781650615
you:0.0022231959576348875
traditional:0.01996428055440566
support:0.03286747571440207
vs:0.013666447780253369
came:0.012074906929911788
stable:0.020091275347663983
a:0.005027414853047022
other:0.011034463902655287
timothy:0.020358040845658676
as:0.006400913281736148
corrections:0.02299502336119573
budget:0.0188765456924711
said:0.008766019314653728
let:0.0092205509710113
cited:0.020756560209454038
homosexuality:0.019172977581085986
rich:0.01815918197784783
california:0.015917876907691746
solution:0.015559428272932994
neighborhood:0.023491233955875643
are:0.0025716455264049023
month:0.015895213957549035
it:0.0027428434379197755
not:0.0048232800686077194
have:0.0020450024525906114
made:0.009302318207672005
ve:0.007300534796109737
assembly:0.02060701008116756
points:0.01466062515388173
has:0.012777293686638613
dealt:0.022613782641978428
topic:0.03493309480471618
be:0.0046276900570997705
which:0.010335138660140143
get:0.0052574959011644894
certainly:0.012303029109022564
if:0.002680601679053637
end:0.010816933610302037
of:0.006222098738103637
forgotten:0.02124200363747111
discusses:0.0239718112032439
but:0.002661132889001641
particular:0.013564205792335228
again:0.009767476552432073
lazarus:0.02563645279214355
well:0.006731471640613379
they:0.003731678498030975
up:0.010747682962819078
author:0.016176030992242026
one:0.01179973089330747
in:0.004975031653045733
southern:0.020222434638955948
st:0.015346988971677201
clearly:0.014538041505697617
install:0.01767260154015852
and:0.003054379315926319
for:0.00650697725824148
subject:0.00010678782756807318
each:0.010184037589442462
welcome:0.016734472747045648
until:0.011444662901458576
i:0.003054379315926319
rochester:0.022378420641886696
group:0.02157692747845316
we:0.01078195124571176
will:0.009066442759226275
the:0.006030024079912424
do:0.0057465433512519735
strong:0.01444260954388204
major:0.0393171356726135
her:0.013225635219718913
come:0.009604774697877634
wants:0.014082140650374995
an:0.007183185108493894
10:0.011561487031584659
btw:0.015007162081773339
people:0.00602109256029247
about:0.003940064721287486
passages:0.04206506339080369
general:0.011793721452350206
is:0.0042987620302506226
homosexual:0.03865972086739822
throughout:0.01851265857964819
ignored:0.020534280804834795
moderator:0.022799862704518004
issue:0.025050880059718825
yesterday:0.017585452123418895
time:0.006318039879614855
sides:0.01821933348730599
their:0.0060547344743268556
issues:0.015220917930395582
cincinnati:0.02471815502556555
instructions:0.03865972086739822
amounts:0.020123664188594462
faq:0.06211352100636415
very:0.00697296996713379
neither:0.014971125802003877
interpretations:0.021945566303325767
give:0.009452945085424026
side:0.025762912628569546
before:0.008504777068890577
live:0.012386753095790634
project:0.015406543421652204
by:0.003961741899268664
while:0.008681370023514089
appear:0.01579479027302473
s:0.0024817451234240735
news:0.012275506064653675
