since:0.00939352874837409
birth:0.02427357543689731
committed:0.020804950003126727
with:0.005491336871263355
way:0.008133205725570625
much:0.008202802204506721
wonderful:0.022564074178908
carson.u.washington.edu:0.025818286294212907
christ:0.017426638089379776
to:0.006470418591975731
happily:0.027845433789168483
might:0.009986315191917587
make:0.00826328865422396
she:0.17120454147363057
that:0.008143301066537014
think:0.006759380410932185
like:0.005467789030557151
nt:0.0033524814634856267
perfect:0.019014491991253
along:0.01640357470019359
could:0.007085019508573039
re:0.0017555892149209884
so:0.004797232851572395
anyone:0.00785405985747132
this:0.002464706283433892
opening:0.04615818513956646
two:0.008754879965508505
on:0.002380323123189155
more:0.005969103407609042
sure:0.010244338122813163
bryan:0.02488171652700014
a:0.007867628878007859
other:0.006475624356018361
was:0.020785472631487924
woman:0.020559946467114662
said:0.01028875506414757
part:0.045994781453770464
divorce:0.06048735230853406
homosexuality:0.0225034948134812
whole:0.042139654577849156
sons:0.026401843649506696
soul:0.039581965153337055
cliff:0.027397968156284327
mind:0.02844747232873368
deep:0.021360542618763103
it:0.003219299809764995
not:0.005661126841088872
should:0.007712733062129012
sex:0.040616408507571124
couple:0.014816862885701965
have:0.002400237620411516
only:0.012521467026002691
interesting:0.015342838318879871
husband:0.12516997408460523
able:0.012382465850284831
has:0.009997882383911277
open:0.04654874054582201
feel:0.028603536941278665
love:0.015362523193340135
be:0.00271578054994118
found:0.012556434296981209
writes:0.0062090365353761725
conclusion:0.020721853397026254
things:0.010491671024132627
of:0.004564332994500907
what:0.008642648854428463
never:0.01034713253925756
comfortable:0.04976343305400028
they:0.008759808680823884
up:0.031536628412027805
david:0.011720400184715934
sounds:0.01672631250498046
one:0.004616483135096819
in:0.006673416033595886
and:0.0026887141865548584
gets:0.03133630368443948
still:0.00958548864896501
for:0.0015274594502914273
subject:0.00012533782578412345
each:0.01195309576225641
athos.rutgers.edu:0.03921759356252207
married:0.024832035262537522
than:0.006716437944692306
the:0.0028309972206161617
would:0.004378636836170779
her:0.1397074142928054
because:0.008285081215467201
did:0.015435784445473853
leland.stanford.edu:0.023696290408095268
relationship:0.0642955738491622
problem:0.02979669425416316
about:0.004624489109492355
is:0.007568243011004617
discussion:0.01614024387084597
gave:0.017426638089379776
man:0.027211730880706095
goes:0.015131583079768435
supposed:0.01713002352777634
article:0.0076087594395924975
comes:0.014198010972983623
before:0.009982132709965466
everything:0.014505457671001188
s:0.002912846388995391
