some:0.008778472745363565
since:0.015043771604538956
practices:0.11519327716074895
your:0.009473174602866636
scholars:0.041852889349661485
such:0.014458775965923296
to:0.004144959879972423
obviously:0.027683406622751552
aspect:0.0393081194412013
mail:0.02303996620177335
interpretation:0.035261720361077095
that:0.007824916363183687
nt:0.01610703500125801
could:0.011346685378391409
re:0.0028115827276554172
practice:0.030876151165728127
server:0.03009367477554612
parallel:0.10378992603296369
you:0.00417893976999039
am:0.012288243283468914
material:0.0317496205774728
why:0.04014411834933849
a:0.0010500031021401467
christian:0.09641631191688949
was:0.006657602512040493
idea:0.020844934550832753
jay:0.03833209228690062
question:0.016413429198098527
also:0.011154113772026814
evidence:0.024193293492579523
whole:0.022495605075393155
no:0.008464253655507592
early:0.052672798478094446
reason:0.02009181897750773
it:0.0025778603739847515
not:0.009066315918435562
choose:0.029878221724716228
should:0.024703941988473376
deleted:0.026416387195476215
have:0.003843989572538743
only:0.010026588257663808
whether:0.021484651014149057
kind:0.020718245841827517
stated:0.0291886846834418
historical:0.06789810877791656
worship:0.03833209228690062
restore:0.04250711022928276
without:0.016896319434605223
which:0.009713476184342238
writes:0.004971897676823777
of:0.005847837159871839
but:0.015006388471813764
biblical:0.034323201077372294
mormon:0.30619730062030964
subscribe:0.0393081194412013
necessarily:0.02922754160192633
they:0.007014433266975516
one:0.0073933150960573115
in:0.0026718752164585032
point:0.016552901964361356
or:0.005070010960173573
secrecy:0.09077350244737914
subject:0.00020072899918810748
i:0.0057413145036209
example:0.021138038674871462
any:0.015387778440433191
joseph:0.030708260365742493
the:0.002266926345831738
do:0.021603546433278095
see:0.013303652341437414
original:0.023204270776492324
can:0.006500496183742205
claim:0.02455066950977433
an:0.006751113823772456
interested:0.0216321519956009
is:0.002020094939027548
object:0.06360860595688665
provided:0.030360642357928902
christianity:0.05784433554739867
temple:0.08391609812751455
involve:0.0742530169034978
smith:0.029607056800499715
mission:0.03380445768273357
give:0.017768693769594033
secrets:0.04347862700732792
s:0.004664934442526453
