corinthians:0.06860034589031083
some:0.013118391855430945
out:0.03971383480046494
form:0.03835259465709995
gay:0.09988624047198381
your:0.014156541822261377
with:0.013142188242461737
o:0.07867368502921082
name:0.03103632029022754
to:0.003097076764249058
then:0.017931239885121384
that:0.007795609560325321
integrity:0.06440703975671597
re:0.004201578682900792
churches:0.11770629700074026
anyone:0.01879679493979091
discuss:0.05025238622913898
ti:0.08513845070228455
etc:0.026093527948968936
them:0.03294065554005036
more:0.01428560703169355
bryan:0.05954837775562954
a:0.0015691057593779719
timothy:0.05718550799342324
compatible:0.10124859152403855
homosexuality:0.1615700357956684
are:0.021671170166333444
christians:0.04041565884314011
not:0.006774269759280504
should:0.03691712679176359
being:0.021862965504776944
only:0.014983553238980747
19:0.046032552943605386
b:0.03439222861251957
writes:0.007429914505815307
of:0.0021847256805139176
opinion:0.03718327600660325
scripture:0.053928935793278496
they:0.01048224297199712
find:0.02378030042329652
who:0.043586051940466795
one:0.01104843716601823
in:0.003992802289763831
and:0.006434787884676233
few:0.025681207875351532
subject:0.0002999658077754865
athos.rutgers.edu:0.04692891813942248
any:0.011497609733582104
research:0.03468911775884019
the:0.0008469134943697224
thinks:0.1017953803029044
peter:0.04136958517781974
pray:0.05573369078578271
verses:0.05942947765079205
christianity:0.12966230271579815
center:0.03670371723003156
issues:0.0427553874449314
light:0.03923836725625048
article:0.009104863823782033
meet:0.04820382941122939
ann:0.12704372270774397
check:0.0743665520132065
va:0.05607943975956646
