since:0.014190224279458732
preference:0.04065408892445193
believe:0.015409020427874754
faith:0.026560468938686473
ultimately:0.03821810713664911
where:0.013102530483927387
much:0.024782934319999027
from:0.006004058542057982
added:0.08901315290981728
to:0.0029323386384911294
add:0.024370357563487363
713:0.039577450535317145
that:0.007380949477329294
church:0.13288212198896482
esp:0.03773980018065243
need:0.01362554603898749
re:0.0026520603033912803
spiritual:0.03621916279522367
so:0.007246883669396596
churches:0.03714844125200668
this:0.007446559409523674
these:0.01174919129857406
books:0.10356703299421732
hebrew:0.03873101963012164
spirit:0.03252202149285994
used:0.01400328729316926
a:0.0019808569160941775
same:0.013773711705876683
was:0.006279866199300607
as:0.0056745685121774355
part:0.03474073918316705
houston:0.035680255653536275
oil:0.03178587401994048
l:0.023439436728747255
shell:0.034178864409040825
are:0.004559655188661174
not:0.017103830030523827
have:0.003625890873387609
received:0.027441778657104763
larry:0.06446500760245384
doing:0.01901207734159798
quality:0.027263573337406734
be:0.004102562107357952
common:0.023873248508023758
sort:0.02225149863589383
were:0.04400860418361132
of:0.008274067470882496
lawrence:0.033639957267353436
scripture:0.034040250252494936
they:0.019849353712930715
canon:0.11873235160595144
over:0.014226530159711757
rest:0.02316759456363694
in:0.0037804191892444783
or:0.004782350763851669
and:0.0027077830814949636
subject:0.0001893401198015482
i:0.0013538915407474818
information:0.017296604854494788
later:0.09064998663709797
the:0.010691532056582312
do:0.010188906651155981
did:0.011658943570517484
once:0.019028590034928412
ends:0.033553990171379354
apostles:0.04138841998076994
company:0.023873248508023758
is:0.005716438870014126
discussion:0.02438207052829923
center:0.02316759456363694
history:0.02355324542092823
dave:0.02486719625088363
greek:0.033815082179341885
davis:0.03512589556240624
passed:0.030649925423111957
by:0.021073095208875875
tx:0.033596843465393274
s:0.004400257311035591
