some:0.006709982040996288
say:0.010905430886595078
andrew:0.021640564133172405
know:0.007091236354358057
committed:0.025468128452103406
all:0.005483148451990179
true:0.014846441334240498
faith:0.021523138622728692
your:0.014481979565301869
from:0.009730715568162938
parents:0.026354051899386503
throw:0.02450212975020006
to:0.003168273931243289
everyone:0.017571912399500594
crime:0.023052976581824806
psalm:0.03482132625633777
eugene:0.03613650770707827
born:0.024700706655410753
day:0.014616684113579725
heaven:0.0250239234273813
that:0.0059811142316289105
think:0.008274413951313536
really:0.011214918064315666
nt:0.00410389972254275
eve:0.03386124530999773
suppose:0.02215022405535155
me:0.006227521151750257
re:0.002149083349299831
this:0.006034280900820908
mean:0.01519208078637851
fair:0.12134194071275525
you:0.019165482393404203
possibly:0.04456268578617633
bible:0.020683525872743084
why:0.010228290690540267
sin:0.09898312955178153
a:0.003210354312290563
how:0.007559557455339795
as:0.013795071727879627
said:0.012594855337146162
adam:0.026693122823305788
jail:0.03160514356705373
are:0.007389785995416385
infants:0.06990689984859161
doctrine:0.027190302380255688
it:0.007881734017010849
not:0.006930000098574309
byler:0.034692171912360424
holds:0.028210496950519203
punishment:0.027259965371820887
ancient:0.026354051899386503
deny:0.027584340721849347
without:0.012915002786221236
be:0.006648979967097371
sic:0.03397284350457878
which:0.007424668577686883
writes:0.007600717138132901
were:0.008915536192369535
if:0.003851439194042582
cops:0.027967624483335965
of:0.006704847778128919
what:0.0158696914309764
but:0.0038234667945425877
they:0.010723214074801651
who:0.0074313383576657946
one:0.005651212113653003
rest:0.01877374042225752
in:0.002042295424074603
door:0.024310185609959557
st:0.02205027151103046
and:0.006582714042944653
for:0.003739642102437632
subject:0.00015343078673573735
i:0.0032913570214723265
punish:0.03294383068015932
catholic:0.026756980440691254
impossible:0.023656624453642732
cf:0.0325788111070425
the:0.003465531080409439
do:0.004128263901761475
merit:0.03397284350457878
original:0.03547319555486758
romans:0.0303376563853632
would:0.010720110874762942
can:0.014906310214443334
sins:0.02955528756740584
because:0.010142082177554678
did:0.018895529234976612
come:0.013799963646375911
just:0.006749359560148769
is:0.010808668897900272
humanity:0.02872938687392208
new:0.009908043476342223
time:0.018155287010387513
does:0.007002809277801869
conception:0.034321260871339895
deserve:0.029055222182407973
de:0.02322403463875845
before:0.01221950728288876
giving:0.021800959467178593
god:0.04574445227198663
doubt:0.020000415511382572
