read:0.04121823748905312
know:0.022434093193787304
true:0.04696874167559721
thanks:0.03624339354393023
hell:0.12412294270843256
fred:0.08424753181235657
to:0.0025058166547106014
that:0.01892207047824419
anyone:0.030416631811661658
this:0.009545135243116709
something:0.03619384213024587
argued:0.10070973289667023
logically:0.11058000521504491
a:0.002539098410629809
was:0.01609929334729792
reasonable:0.0679692212746554
kurt:0.10857998893842075
it:0.006233735086181308
not:0.010962000155926634
have:0.009295465693593687
being:0.03537825327136633
only:0.024246113423077937
peace:0.07002974282569183
second:0.04999446866640484
war:0.12861182238447336
if:0.01218455308660744
sense:0.05975130993387255
or:0.012260208321874277
better:0.04065847038729824
and:0.003470885586279908
for:0.0059154338711286175
subject:0.00048539921621851447
i:0.003470885586279908
walker:0.08860522005354604
than:0.026010932403990203
the:0.002740920036323829
when:0.023775898960795197
effect:0.06302497190222556
makes:0.05078141604094498
is:0.009769913705115051
argument:0.12795423418689897
does:0.022154342078864093
existence:0.07397361558139318
too:0.03550032487026357
somewhere:0.07053674652550157
god:0.048239604214095
s:0.02256131930385521
