perform:0.030429507167844958
effective:0.026391930938591792
out:0.007700503915558561
there:0.011997110922577091
know:0.016129086609912444
paragraph:0.032420251502840926
with:0.007644802310974475
such:0.012568739891946396
christ:0.09704245524282071
to:0.005404702588591493
grace:0.033153044301015476
that:0.01133675246517898
through:0.0309733763924814
luke:0.03492346883784816
need:0.012556875761419846
brought:0.025322829036180834
re:0.002444055573713533
mormons:0.03470915627037763
so:0.03339250318251373
had:0.01002881363190938
searching:0.03470915627037763
this:0.0034312577671334575
baptism:0.03903202216740616
these:0.0108276860986859
on:0.003313783171498627
you:0.003632673133390339
lord:0.02784054963228323
them:0.009580778898903535
a:0.001825495589341693
how:0.008597143772739374
other:0.009015084887790266
nor:0.022578686254741197
as:0.005229504315143911
idea:0.018120106504972262
given:0.018220833720139093
question:0.014267882897693493
marry:0.0396007239777959
reconcile:0.03945384256699813
mind:0.019801671915098934
are:0.016808140695456875
phrase:0.03198915367413637
it:0.004481770323398327
not:0.0039405882913461756
statement:0.022700649801913764
have:0.0033415072754748552
opportunity:0.030074205146806476
love:0.021387042092689205
be:0.0037807925303102704
writes:0.004321976411879492
making:0.020095471835767344
if:0.004380068103028819
of:0.003812560501288993
brooks:0.03889725558438174
mormon:0.03802450138422146
saving:0.03450164843825619
pacific:0.03507035024864592
they:0.012195027771343054
who:0.00845132597538463
thousands:0.02796457513201529
david:0.032633271102542404
good:0.01058829968208823
in:0.004645220964561843
fully:0.02743564382273069
become:0.021648514867942142
required:0.024462623859483456
our:0.014573695575035251
and:0.0037431119067724496
for:0.008505852625152261
subject:0.00017448991432691697
i:0.0012477039689241499
athos.rutgers.edu:0.02729852100920654
person:0.018334604176953272
we:0.017617567394953855
possible:0.016842951784082235
20:0.020554459793500787
allow:0.022916827917480995
will:0.007407224476492055
eternity:0.03975098226684621
em:0.03108172592999117
the:0.0034485431829564513
do:0.009389776717731982
can:0.0056507581205079305
nobody:0.05239594333932585
may:0.012163565538822424
salvation:0.0343005264861859
people:0.01967677307285121
save:0.02367653746680584
time:0.010323594574534077
obtain:0.02993732165762188
marriage:0.10101475529984097
their:0.00989335698419421
eternal:0.030143737161218605
him:0.01566349871479286
article:0.005296293335402621
neither:0.024462623859483456
interpretations:0.035858768469486546
side:0.021048131232491458
bad:0.017912425142133228
live:0.020239792640180776
god:0.017341034194609313
lifetime:0.03675550782578383
s:0.012165417271686633
