partner:0.05086564191803766
know:0.010545941244942751
gay:0.037990920521395556
with:0.00499852458794485
ca:0.017577338428139497
parents:0.03919320538883121
brothers:0.04380001308740118
both:0.019194051985540497
several:0.024089327966388005
my:0.008121489413079499
geneva.rutgers.edu:0.08545150967628107
to:0.0011779480000776333
marriages:0.16122441900081075
most:0.015868337298863572
family:0.03367920571897152
engineer:0.03810773794642688
been:0.03762154839029331
make:0.015043422934612853
view:0.029105544895595144
nt:0.006103235484807167
could:0.012898368848940663
re:0.003196072673317697
michael:0.025681155569860593
this:0.004487029387789906
getting:0.023181210019014412
he:0.013590882115557567
aisun3.ai.uga.edu:0.0481915195139322
best:0.020813470768901148
two:0.015938371219259072
none:0.03096162591813072
more:0.021733658561038052
stable:0.0858601510583931
other:0.011788957160956504
gary:0.0725586058721822
staff:0.04113386736007349
are:0.021979876294058995
those:0.015862526959722737
relatives:0.04769590192717708
it:0.002930388288375829
have:0.0087393267204727
drives:0.034590108134663775
states:0.029511621670561396
microsystems:0.05122181881035021
whose:0.03198958504701683
mt:0.04769590192717708
has:0.009100636528944881
his:0.04729305234628863
without:0.01920692722053415
sun:0.031012754735887535
writes:0.011303630615684828
recognize:0.03826602040597591
of:0.00332377069343143
but:0.005686181386755643
years:0.01905790959812302
one:0.008404366733124979
in:0.004555889792166422
and:0.009789677294635637
for:0.0027807595120690086
subject:0.00022817911873519915
each:0.02176076408000526
legally:0.04279332047495347
twice:0.03855027016457832
i:0.001631612882439273
married:0.135621115664628
20:0.026878908960731796
currently:0.03076011540048972
than:0.012227361386491123
the:0.001288466683741971
when:0.011176704639690052
friends:0.06797662129209806
because:0.015083096571747983
mcovingt:0.04734218213091336
friend:0.02968546512557954
microsoft.com:0.04769590192717708
just:0.010037509089452017
people:0.01286558239378733
e:0.026588800820972883
crazy:0.04183197018925526
loving:0.08919876220917541
involved:0.03077672766722964
partners:0.04615768500880955
right:0.01658011618624188
does:0.010414434310577139
article:0.013851844107976087
god:0.022676737023719872
covington:0.04689223569086703
s:0.01060574839070117
