read:0.011222787435138227
go:0.01926170546330819
out:0.005832559896437921
fast:0.01723662339083187
say:0.009393787001324472
know:0.006108292701278722
all:0.004723108072506392
knows:0.017296838669016015
where:0.009145825733830503
enter:0.023451262022873526
4:0.01229836388207267
hell:0.016897925368722255
someone:0.010908208488430791
such:0.009519887145880191
from:0.00419095175460483
to:0.006140491307335384
then:0.015800795542334684
born:0.021276846326937975
heaven:0.04311052154816185
die:0.01865224936352648
that:0.0068693985234549865
nt:0.01060512700577879
me:0.0107286007960846
re:0.0018511906078127255
exactly:0.015922686402336676
samuel:0.02755660536388603
this:0.018192460735643234
mean:0.013086247806088419
off:0.010809195286912626
child:0.09815258962231174
he:0.02361583971564706
you:0.011005920582350929
rev:0.026236661486391234
lord:0.021087148978907594
state:0.013156996965052556
why:0.008810507822544587
sin:0.02131567393813117
sure:0.010802198119600018
a:0.0006913386761615817
tossed:0.030988027049826353
was:0.008766941921795897
bring:0.018779044293510273
said:0.03254710141579355
therefore:0.016994680794826068
someday:0.028542390884234225
died:0.02008021297601151
are:0.00636545922377451
doctrine:0.04684269915014346
thread:0.02060855343318795
it:0.00509191232287087
not:0.005969406025504603
should:0.016265466754786927
have:0.005061887258887652
whether:0.014145834578622894
shall:0.039205722911215386
has:0.010542321523629218
alive:0.04361407023364196
his:0.009130836839134933
be:0.002863669589789462
which:0.006395506596621375
writes:0.003273576193156249
if:0.009952729006387266
of:0.0019251543125320659
even:0.008312670533495176
what:0.009113288148481497
but:0.01646740649134679
again:0.012088461079742664
they:0.009236827965423204
who:0.006401251852642813
now:0.008177794048902199
david:0.024717279597470238
one:0.004867875781067438
in:0.0026388074538785714
thomas:0.018237648584302477
st:0.037987596464547524
or:0.0033381755331835907
and:0.004725215525876112
still:0.01010747070410667
for:0.004831913805624861
subject:0.00013216315293078365
i:0.006615301736226558
athos.rutgers.edu:0.020676602546577234
back:0.01042750851518583
will:0.01683126749856363
yet:0.013020142290525564
the:0.0029851604356002097
do:0.0035560293015173103
thing:0.011207586312499785
when:0.006473635855662059
original:0.015278059471650889
would:0.004617077455962258
can:0.004280029665533235
claim:0.016164549726732605
return:0.01826914706840064
put:0.012314154948251383
may:0.009212997660593221
just:0.005813804769633099
here:0.008912875770412852
many:0.00917426251276284
entire:0.018462466448954464
is:0.005320250037438889
interpret:0.025881088542969177
done:0.013112195799112368
applies:0.02357275266107213
food:0.020868709350645526
2:0.009645591842056479
gone:0.019453452459815657
dead:0.016986545221837308
nothing:0.01264780198762826
him:0.03559181143608873
article:0.004011548912458421
live:0.015330139970037914
babies:0.05497664318190735
while:0.02148853966216359
god:0.013134545701857549
s:0.003071466736910982
