tv:0.0653217423491666
correct:0.11283508414418789
with:0.01008323063430254
c:0.044587891300499304
christ:0.06399782608686021
to:0.007128616345297401
like:0.020079983853597813
re:0.0064472500478994915
this:0.009051421351231362
satan:0.09065746420431829
regular:0.06977659744406313
bands:0.1003060122721704
bryan:0.09137595896984534
how:0.022678672366019385
idea:0.047799591297599246
popular:0.07293055682987866
are:0.022169357986249156
no:0.01940940924452603
it:0.005911300512758138
u2:0.11564838252744626
have:0.00881466574392505
interesting:0.05634525106761056
shows:0.06662439030379157
love:0.05641754207209394
be:0.009973469950646057
sort:0.05409416047691431
writes:0.011401075707199351
of:0.0033524238890644594
what:0.0158696914309764
seems:0.04062908774794962
fact:0.04134943325222137
they:0.016084821112202476
in:0.009190329408335715
better:0.03855544605692074
and:0.0032913570214723265
subject:0.000460292360207212
steven:0.07735369185946588
athos.rutgers.edu:0.07201161576566553
controls:0.08591875858895451
any:0.01764288390153116
than:0.0246655393486114
do:0.012384791705284426
thing:0.03903331784698201
is:0.0046322866705286875
matter:0.05208453468794039
talent:0.09231834539291195
too:0.03366410117007752
article:0.013971256557182775
politically:0.19547286664225502
bad:0.04725174218528248
s:0.010697177256138246
