some:0.007033354669478038
obvious:0.02317258020422899
at:0.00530701814731585
there:0.011057578139483704
behind:0.02125146024698011
take:0.012805717652624721
with:0.00352305648668402
much:0.010525282346746575
though:0.014973157841028192
into:0.010787975319171002
from:0.010199665716026212
attend:0.03585108496632775
to:0.0033209618315441706
city:0.022167383123412
look:0.014284146531782595
hudson:0.06740488145146595
positive:0.02666867470070249
us:0.0124088938926807
might:0.01281376587878582
that:0.012538721401246148
church:0.022573950843908484
like:0.01403179594588763
re:0.0022526536311937985
this:0.0031625448094663795
mean:0.015924229258011208
burned:0.029315461807834085
athena.cs.uga.edu:0.033877064441836906
you:0.0033481866831850714
relative:0.029657346245138
lord:0.051320531249871494
serious:0.021668636367707654
am:0.009845399739164854
link:0.029192097161186252
bill:0.018647673949950105
sin:0.025938350213870462
more:0.0076591507579561804
sure:0.013144843494934961
a:0.006730140365524796
false:0.02522354573313964
quick:0.024453465181875276
as:0.004819964820584449
stuff:0.017610943088395316
considers:0.035975297539838205
are:0.007745920260255729
ot:0.030113935638930375
book:0.018733123558335382
it:0.006196182465180216
not:0.014527952013878673
have:0.0061596459415379865
his:0.011111018322320823
disaster:0.06625656603213674
be:0.006969412736596041
judgement:0.09077383440209631
writes:0.00398350837962387
down:0.014243166126223844
of:0.007027972972255613
gotten:0.02596211393851514
but:0.004007730254520544
seems:0.028391410715434676
who:0.007789475145987038
clear:0.01986596832642538
one:0.005923559685395316
difficult:0.022453061909867462
in:0.00428143859986724
and:0.0011499922123216562
few:0.01376884036690534
subject:0.00016082504151818252
dismiss:0.03537836439137898
i:0.0034499766369649686
athos.rutgers.edu:0.025160685026557838
we:0.008118939191048013
valid:0.02586761637123984
pretty:0.01733747022240739
the:0.004540680783066584
see:0.010658950369946844
jr:0.028148291611342656
would:0.005618371362074555
can:0.005208228870106708
reasoning:0.02887496623657528
prophecy:0.0705315223609248
may:0.022421994306503986
problem:0.012744369229190268
here:0.010845788588092748
people:0.009067910482368177
imply:0.02887496623657528
paul:0.01972905115125938
is:0.009711058803277007
portland:0.03623168075922854
does:0.014680588124548498
prophecies:0.11262980403391822
history:0.0200060699057282
too:0.011762155830509016
every:0.014651497150225278
natural:0.07567063719941891
words:0.019926862237996234
article:0.0048815233754012114
sign:0.026106699192126843
give:0.014236363080457871
by:0.005966478763958832
happy:0.02288009089448808
sometimes:0.021111483881432833
god:0.015983001396236294
grounds:0.030659700068763066
