taken:0.013615211982473804
basically:0.016215729538214405
ask:0.012043647042794908
rough:0.02221980282589442
mark:0.01241166927393467
say:0.0156821898699797
there:0.007584950294026012
all:0.003942429052257401
testament:0.02078890928573808
paragraph:0.0204971011567548
rick:0.01988703504598594
with:0.004833284105698738
drawing:0.019600140391309234
isaiah:0.02553528411731978
my:0.007853010424217367
hence:0.019013856972980952
to:0.006264541636776504
remember:0.022996892863811836
look:0.00979821621601616
then:0.006594546899900014
northern:0.021562510699325462
positive:0.018293388431060386
heaven:0.01799240775357168
t:0.021291512851243324
relevant:0.018578482941337043
been:0.006062976806700163
die:0.03113846587960619
that:0.011467921501966176
like:0.004812558113672203
through:0.009791170636466227
talking:0.013469798265959787
nt:0.00295073781703487
me:0.004477639175225392
had:0.006340530932570807
this:0.006508046756670484
describe:0.019308332262325954
off:0.00902255143783616
reply:0.01483965503865762
he:0.026283193512731163
two:0.0077057414572450885
messiah:0.023001794559937925
73:0.022566420528294013
why:0.007354225537826473
ireland:0.02553528411731978
a:0.004616542564781471
richard:0.015438336837928838
other:0.005699619784429384
was:0.029271442449632583
as:0.009918770581202708
perceived:0.02426780367342525
prophet:0.022833108632168274
coming:0.014366239482601632
belief:0.017022790498217574
stuff:0.012080233688733975
popular:0.017479224364185798
explanation:0.01905781729614234
figures:0.01950056373189163
judaism:0.023967145184654887
ot:0.02065666659529935
it:0.0042502739223963465
not:0.0074740910154045236
have:0.0021126058394531112
university:0.009712149180159725
between:0.009598619198538867
referring:0.01962541405667054
references:0.017063502466990347
has:0.004399894520192359
be:0.002390335773295336
which:0.010676796136508411
recognize:0.018500513997930502
of:0.0024104204822199007
opinion:0.013674841175982187
but:0.010996416896700997
sense:0.013579843166789217
again:0.010090368339289332
seems:0.009737549956120157
brief:0.02110290063688652
must:0.009576282758179741
they:0.0077100795413863115
up:0.00555148913368754
repeated:0.021403559125656887
one:0.0040632682139488535
in:0.0058737091535368754
israel:0.015704411441482033
clearly:0.03003727583821822
and:0.005521863432718035
reincarnation:0.0565898192476615
subject:0.00011031800368602602
however:0.009905367372714517
i:0.0015776752664908673
linked:0.02426780367342525
top:0.013973686884988906
similar:0.026155027172452074
don:0.018423989007156794
lives:0.01608453656997234
actually:0.010100471599591258
the:0.004983490975134235
do:0.002968255863249986
baptist:0.05065725897369194
strong:0.014920051181696323
would:0.0038539241574560997
can:0.007145173491220772
gospel:0.021288233554925165
did:0.013586041681346821
road:0.014920051181696323
return:0.015249453338086484
come:0.029766863733091842
just:0.004852845303578041
makes:0.011541230918396587
kingdom:0.0204971011567548
apostles:0.04822948113461622
jesus:0.07176031858869435
replies:0.018519868747155405
drew:0.02375518942272286
about:0.004070314794718478
imply:0.019806795021783043
head:0.014268015435767285
is:0.004440869865961387
verses:0.02185629549967146
new:0.007123965144146888
time:0.013053801404162922
suffering:0.019427424983546996
christianity:0.01589524096653724
himself:0.015466039051656897
goes:0.013318294198308581
first:0.007758491030541492
him:0.0297088673970658
very:0.007203481371005981
before:0.008785926724060514
says:0.010582755142262678
john:0.06648293552682262
s:0.0051275725690580025
