read:0.012456060779658912
king:0.023064030246581296
stephen:0.02237175428236823
separated:0.03186840183893672
faith:0.020577066595356006
printing:0.026700515279190644
rome:0.032064655040047046
i.e:0.018980983499864854
own:0.01245324525026371
tongue:0.06735745423974424
from:0.004651495903462504
myth:0.03114677545398569
themselves:0.017782693496279218
geneva.rutgers.edu:0.027466556681661772
to:0.0015145045715283857
day:0.013974192504191607
might:0.011687280966365088
that:0.009530346852595517
creps:0.1516189323814196
church:0.06176828307838694
could:0.008291808545747568
its:0.011361673384803133
re:0.0020546181471328053
indiana:0.032165474483278896
had:0.008430815855396347
this:0.002884518892150654
united:0.021546824081742952
bible:0.15819487920251854
a:0.004603859755537567
same:0.010670842585322048
noted:0.02452309367571744
occurred:0.028011913594273536
was:0.01946068426596452
as:0.004396231649544058
old:0.01454897297990288
truth:0.019753063340728596
bring:0.02084267553455536
idea:0.015232836787147014
steve:0.01762172443315597
shed:0.031586570551093034
protestant:0.033167241278850075
underlying:0.032165474483278896
also:0.00815108314109652
whole:0.016439096016633462
official:0.02228682978656223
theory:0.022354664049322116
native:0.02906166764242029
it:0.0037676420850546372
not:0.003312692354812994
cry:0.06335783471005839
university:0.012913956602190406
discover:0.030005899823335996
his:0.010134225502776137
be:0.006356717111400784
which:0.021294928557981062
common:0.03699041801792693
writes:0.0036333098407558373
were:0.00852364449160604
if:0.003682145163535216
of:0.0053417743287290835
even:0.009226150811901241
but:0.0036554023200571994
version:0.017145442899261454
they:0.010251864005579602
errors:0.02359354020673524
in:0.004881310491606881
battle:0.02644320044576153
opposed:0.024599584546698798
and:0.005244469979269091
still:0.011218181770492018
for:0.005362893344704516
subject:0.00014668657632977087
purpose:0.020664184022772456
until:0.015720690798706836
translation:0.026061725135696896
catholic:0.025580849432309222
the:0.009939600131723776
when:0.007185024411229319
invented:0.03066165123889955
century:0.02454847249910367
would:0.010248897209938199
long:0.013078633214882335
people:0.016541463077726568
many:0.010182423228451063
religion:0.019513908038256665
about:0.010824353629910678
press:0.01971071626795421
language:0.022406095053495546
is:0.002952446449347955
translations:0.03269934123302421
itself:0.018478328794474617
new:0.009472525081777731
does:0.006694993485371018
their:0.02495082887772056
matter:0.016598368197255728
first:0.010316235326324403
somehow:0.023363260560495473
nothing:0.014037670337917082
existed:0.055648097905598944
article:0.004452378463278028
before:0.02336477216728181
by:0.005441953158336078
latin:0.033046478055120544
god:0.014577902372391347
