there:0.019951717077764074
your:0.02738983091698397
spoken:0.1253383251872894
that:0.007541404900749496
laid:0.12391229730716305
so:0.022213273856193913
foundation:0.10816447721881413
this:0.0114126617037265
these:0.036013825502150924
you:0.012082586726276563
lord:0.1852001779886667
was:0.019249155089160554
let:0.05011169005984402
hands:0.08707325989902376
daily:0.09692620303765095
verse:0.11260133279149927
chuck:0.10833234778607306
be:0.02515048944075962
were:0.033723984727658675
of:0.004226969251429101
what:0.020009610934709373
who:0.05621969018408036
now:0.035911182562570525
for:0.0070728013676537825
subject:0.0005803686280873543
house:0.07473634661935198
the:0.009831560999857212
when:0.028427705279211648
strong:0.07849244317327196
may:0.040457076683474584
is:0.005840709280231824
hear:0.07203655574475669
temple:0.12131348968434169
words:0.07190998111972553
prophets:0.12193464995486464
by:0.02153120597428622
says:0.055674494444077564
built:0.08027168769727724
