dallas:0.04062950212488766
at:0.00647768391510611
there:0.013496749787899227
all:0.014030409274210164
passage:0.11304268083586629
c:0.01901542423109529
arguments:0.03058471055281141
from:0.006224795988457174
practicing:0.04318241536006552
to:0.001013381735360905
us:0.030292299796838177
that:0.012753846523326354
like:0.008563522525799068
nt:0.021002310344777602
re:0.0027495625204277245
so:0.007513313216065589
this:0.0038601649880251397
on:0.0037280060679359553
letters:0.03448388829428863
a:0.003080523807014107
as:0.0058831923545369005
heterosexual:0.0430449732055644
homosexuality:0.24671110858015052
are:0.02363644785298623
those:0.027292877268934708
d:0.013395913399831143
it:0.010083983227646235
not:0.008866323655528896
only:0.01961082703337186
murders:0.03979620296821852
against:0.01899471170704299
referring:0.03492169265966376
punishment:0.03487672040218261
references:0.030362997036850466
evil:0.03071083613535736
call:0.01953644189704932
writes:0.004862223463364429
of:0.00571884075193349
what:0.006767956639681111
result:0.02599266147802575
nature:0.028032464281321837
saying:0.02218055278650323
least:0.01770339987284178
who:0.028523225166923127
clear:0.024248167221960392
over:0.014749564356759984
in:0.003919405188849055
or:0.004958172483110921
world:0.01853860800538733
use:0.012226320056965794
and:0.0028073339300793373
word:0.022565268501201607
for:0.004784542101648147
subject:0.0001963011536177816
murder:0.0314601470235172
i:0.0014036669650396686
will:0.008333127536053562
the:0.002216920617614862
wrong:0.03887385377690971
william:0.029938671171992774
an:0.013204384390613775
note:0.021777125727047777
people:0.02213636970695761
about:0.014485532063556935
paul:0.024081047728743067
is:0.013828738148784171
number:0.018399006238218808
christianity:0.028284178778691264
does:0.008959476576011215
explicit:0.04239384528393613
issues:0.027979628548521287
1:0.014400910970034621
stealing:0.04318241536006552
rom:0.03705205410138071
natural:0.06157512634854676
teaching:0.0369920297584457
by:0.007282613785420338
champions:0.04168171421048085
visited:0.042647420107988845
s:0.01824812590752995
