religions:0.04206340264582204
prism.gatech.edu:0.062446342600497064
at:0.003880903138565776
music:0.14205554659840347
there:0.00404307923161739
all:0.004202941985225953
knowledge:0.01628533543987725
thanks:0.008781438964388384
supports:0.0190380594037832
your:0.005550362212252259
with:0.0025763320563416186
way:0.02289479497198075
c:0.01139250086092053
4:0.010943918520610923
response:0.015469597148138071
modern:0.01809043218080106
post:0.011376994733177008
often:0.027377272143424728
practicing:0.025871403035105336
to:0.0030356809693630636
matt:0.04324781030299861
add:0.015137534874236646
threat:0.020340765325144634
matthew:0.01888225700802421
front:0.015493175900290458
mail:0.013499187245972934
that:0.007641071044812265
view:0.015001536355879436
like:0.025652842808561085
affect:0.02159232590269484
me:0.004773518415879052
preach:0.05243418594194191
comments:0.016229096978101765
requested:0.02307458245168697
this:0.004625395932787833
he:0.007004992103613372
on:0.0022335190539175768
you:0.024484536978357792
arthur:0.023538725692470345
am:0.007199719633045664
3:0.010314827949945461
bands:0.02562884895059861
why:0.007840187577770955
more:0.005600964871456943
a:0.003076000277194703
how:0.04635640518869161
other:0.006076246642431326
freely:0.022944367463838756
old:0.011664815340715085
minority:0.02185153515389719
listen:0.018814741719573872
answered:0.021407461589483246
advance:0.013936128707826652
owen:0.02769934951996308
mind:0.01334650133484642
it:0.004531129027400511
not:0.005311982454413788
purchase:0.0192178919787623
admit:0.018062102267451766
contain:0.020659950696137686
between:0.010232889189631743
b:0.04045253321384461
types:0.01804800533912282
feel:0.10735776860779482
soldier:0.026217092970970954
minor:0.019145075670607185
writing:0.017631976850870635
free:0.012720298652531875
be:0.005096574952753051
of:0.0025696993687102025
what:0.0040548110264168775
but:0.0029307630936141423
particular:0.014938552634730429
please:0.008437953114120066
ministry:0.023688071735094494
brief:0.022497365436680784
groups:0.04863152773330033
who:0.0227850726737242
one:0.008663532227097996
in:0.003913649821464548
atheism:0.02123004353160686
or:0.0029705350559607285
and:0.00925059814845526
few:0.010068843616327254
subject:0.00011760773961241542
i:0.0008409634680413875
6:0.012944271509071343
directly:0.016002204077076566
any:0.009015746839548963
will:0.0049925345590453064
than:0.006302208291715688
the:0.00199229870481688
do:0.031643961185308225
views:0.0178417920446559
would:0.004108588749358485
can:0.003808660759637504
promote:0.023790524872382014
here:0.007931281522570027
religion:0.09387307302985144
about:0.026035669964454757
general:0.012988680013601548
is:0.0035507395624316818
morning:0.018899298755944566
9:0.015686491875000118
questions:0.02664472543828645
does:0.010735584267290972
man:0.012766737175309247
2:0.008583301991609732
their:0.0066682097734877275
1:0.0086278585547344
paper:0.016989640516460774
nothing:0.01125487225330797
difference:0.01412843104332329
holy:0.019955482041758794
summary:0.018950823160187695
s:0.002733199475136645
