prism.gatech.edu:0.12770558351633185
out:0.03184262429947189
there:0.024804837448031015
atheists:0.11288307336239463
nicholas:0.31544687661019255
my:0.025681466522440577
to:0.007449725189680167
might:0.057488787456174216
prayer:0.14352705160453452
re:0.01010650007508569
anyone:0.04521391215247003
why:0.04810061027443261
said:0.05922986023414682
being:0.052589295403382384
be:0.01563408803074247
writes:0.017871956513988173
who:0.0698947499585864
in:0.0048021541052565
become:0.08951953445392292
subject:0.000721539375459954
athos.rutgers.edu:0.11288307336239463
the:0.004074340594535422
do:0.019413997808283696
listening:0.13345474659682713
people:0.040683057839813984
is:0.007261422348396322
lee:0.23065682699322793
atheist:0.24703247805174522
article:0.021900888657205433
says:0.06921693903858292
s:0.01676854813124374
