confused:0.04691713697499783
at:0.00855305837334399
there:0.008910475588127645
andrew:0.03655784620555338
know:0.011979370152022347
all:0.009262794472294089
mary:0.09106424869948065
themselves:0.0628436935208314
to:0.005352229747925556
she:0.06437169873589287
that:0.01010401821653816
me:0.010520278450529559
re:0.0036304903182346653
complete:0.03595355194460949
this:0.010193833754784835
getting:0.026332054099268795
he:0.015438186480778982
moment:0.04085738640147362
messiah:0.05404305129616483
a:0.0027116584967891164
was:0.025790130119457834
as:0.007768098642883674
said:0.02127674590935371
given:0.02706589863282797
andrew.cmu.edu:0.03956096511385689
explanation:0.04477661927831501
are:0.018725574221394918
those:0.018018598585316115
d:0.017687807984243062
not:0.011706990457785725
byler:0.058606193327676824
interesting:0.031728393805062254
mother:0.041355379550867315
knew:0.03769024332910446
be:0.005616128710072537
writes:0.0064200232137627405
of:0.0037755453507910416
what:0.026808993291164016
but:0.0064590604101981575
praise:0.05581316349804788
explanations:0.05777941848942141
who:0.012553911400328624
one:0.00954670784248177
in:0.0017250456494610725
point:0.02137413554621418
or:0.006546713181583352
rather:0.02498527818362003
thoughts:0.04168955648180401
priest:0.05581316349804788
and:0.0037067710144736876
for:0.0031587268243890676
subject:0.0002591937562331873
i:0.0018533855072368438
angel:0.11478203436498459
the:0.0051225932717702625
do:0.006973960377732976
when:0.012695868377123649
would:0.009054850933052194
her:0.0642021127170821
joe:0.0386356235623586
an:0.008717457655939191
reaction:0.04581685847687159
about:0.009563263886620111
frequently:0.04531020067909906
is:0.002608472105734601
gave:0.07207522161238625
suffering:0.04564501792250847
conception:0.0579796057438169
various:0.03460756289665231
words:0.03211513719910072
immaculate:0.061046139233316685
high:0.027158483744092438
doubt:0.03378710969884046
s:0.012047306424388704
