corinthians:0.025653070522006993
some:0.004905617122409051
reference:0.01567913051688384
simply:0.012851442604552055
read:0.019050445898301863
studies:0.017727239060225608
at:0.0037015336657749203
out:0.0049503239457162175
there:0.0038562142251140647
know:0.01555304780241557
posting:0.013862136793933784
gay:0.018676208827744872
4:0.010438107160414618
meaning:0.0165796072894298
journal:0.020809879303778485
masters:0.024154436303777022
post:0.010851167245509162
name:0.011606018932059878
my:0.003992496896345804
to:0.0052116774961417965
stop:0.013966189557061501
line:0.011864721633638607
most:0.007800821277172428
published:0.017227299221477102
us:0.008654942799096621
enough:0.010219111457720151
honest:0.019705079025307787
that:0.004372747379426179
provide:0.014188889404552157
indeed:0.0154968164222883
through:0.009955728126154735
nt:0.009000990147761831
could:0.006340794770277552
me:0.0045528936151451455
need:0.024216831825595416
re:0.0031423571662031135
michael:0.037874309264794404
file:0.025533494810574865
map:0.02084159025182631
ti:0.03183748786766103
two:0.00783524971703072
these:0.020881966047465665
on:0.004260578363355377
you:0.01868231897172174
fall:0.016387819442833327
used:0.008296065161079266
fnal.fnal.gov:0.05072636901471188
suggest:0.03085209920260603
them:0.01847721644788539
posted:0.014341936657486955
more:0.005342096747145907
a:0.004107365076018809
how:0.005526735282475312
other:0.005795411713579457
timothy:0.021384496686616253
looked:0.015651273968402036
as:0.006723648405185028
also:0.0062331812255443965
homosexuality:0.040279364666147024
course:0.01027794873907571
far:0.010459571731602528
others:0.011329110180959646
are:0.005402616652111138
those:0.01559592986796269
christians:0.030226837286045968
ot:0.021003837462447234
it:0.002881138065041781
not:0.002533235330151113
should:0.00690257202619109
have:0.002148111819948121
only:0.005603093438106246
pointer:0.023949435613989496
against:0.010854120975453137
92:0.01841812978309611
left:0.012287416737397317
19:0.017213853831852432
careful:0.01933341759437559
has:0.004473842327254416
mls:0.026666356475019127
shows:0.01623619595638618
talk:0.014536108267382466
be:0.002430509483770888
which:0.005428119044191251
writes:0.0027784134076368166
get:0.005522579728113959
things:0.009389604740085083
if:0.008447274198698437
of:0.006535818002209703
but:0.0027953076565143285
dr:0.016465733634901263
again:0.02051990872359679
separate:0.01774243502858774
well:0.007070873572072877
please:0.00804796368447586
they:0.007839660710149106
in:0.0082120870623504
or:0.005666482837841053
unable:0.019223706905284473
and:0.0032083816343763854
few:0.009603476894564228
for:0.0013670120290423277
incredibly:0.022136090016880883
subject:0.00011217208778158947
foot:0.020248823032246874
i:0.006416763268752771
athos.rutgers.edu:0.017549049220204203
any:0.004299526328944568
will:0.004761787163459178
source:0.013106167906301782
than:0.006010929757224627
the:0.0034837323991090685
do:0.006036285032827703
would:0.007837391984070387
peter:0.015470138995067044
maybe:0.01112568521992573
refer:0.018831127045426922
drop:0.018191897715781724
address:0.013415215772830297
about:0.012416170340191659
is:0.001128876583574218
verses:0.06667088459143478
homosexual:0.020304475245482255
yesterday:0.018472113575019846
gave:0.01559610887831047
christianity:0.016162387873537864
issues:0.031976718341167186
paper:0.01620440503040586
papers:0.019423296543876922
nothing:0.010734689081936592
faq:0.03262264758737613
terms:0.01617285283703556
article:0.003404760001330256
interpretations:0.023052065444669922
three:0.012262554649044003
before:0.008933589358078337
checked:0.018910782145194212
seem:0.011595430902923268
panix.com:0.021763282808441035
clh:0.025270836159798058
james:0.014536108267382466
