since:0.007785298145539616
believe:0.016907952376111597
go:0.007569775298809834
ask:0.01134071044496641
feeling:0.01699080486610709
at:0.0068557588517854555
out:0.004584346689029027
correct:0.012732363580472562
there:0.003571124457498628
form:0.013281637838450955
all:0.0037123261892851797
souls:0.022117577117359382
adult:0.021768891674987058
where:0.007188547853049657
enter:0.05529752834965508
own:0.008819029710303483
your:0.01470738002546221
with:0.002275592905795904
way:0.006740750270609118
though:0.009671378216383968
into:0.0348405428595795
equally:0.018650756401834615
parents:0.07137128452129575
surprise:0.018935278833075712
both:0.008738148180187696
my:0.003697331756149032
to:0.005898906910894607
grace:0.03947405274751259
obviously:0.014326432221112672
young:0.029214439899410014
death:0.013056094879519153
h:0.013747790366904733
us:0.008015083214727612
heaven:0.05082680166962272
speak:0.02790220089212758
that:0.008098940671622026
church:0.014580839844703533
uxa.cso.uiuc.edu:0.017348658909462817
through:0.009219701533170532
nt:0.002778515765456959
its:0.0160920198913165
asking:0.01395110044606379
me:0.004216298367332859
need:0.007475494130339441
re:0.0014550214115882122
michael:0.011691421018185561
spiritual:0.01987121382928614
so:0.003975916721342102
anyone:0.013018791826003044
baby:0.07768202550352397
this:0.008170932892940373
baptism:0.11618481306640353
child:0.030858868643901898
best:0.009475393307242935
these:0.006446054370034796
on:0.009863984926834435
you:0.0021626419821351044
them:0.005703732184950354
why:0.0069249905842568345
sin:0.016753953834640064
a:0.0005433868193954845
as:0.0031132846701051303
enable:0.021659277367723648
therefore:0.013357686850408038
promises:0.021713698542722638
soul:0.016402643147199986
are:0.0075048021198586634
infants:0.04732996332161456
doctrine:0.018408998498694512
d:0.007088888024813367
not:0.009383813363050037
should:0.006392265144877353
have:0.003978603993366948
made:0.00904894767283269
only:0.005188856958246251
has:0.00828618267615993
personal:0.01305017693072263
be:0.0022508220122080596
which:0.00502681841446505
writes:0.005146010825039396
of:0.006052625231618324
what:0.007162973564176119
his/her:0.04240195523617583
but:0.005177301340470119
savior:0.02385030480862539
accepting:0.03994996265532061
saying:0.0117375687897449
well:0.006548124164020797
must:0.01803471149789492
they:0.018150187247232368
up:0.005227472258180485
now:0.006427682482016515
in:0.0027654428310426534
heart:0.030902588428370563
or:0.010495119964250356
and:0.0014855930524933457
for:0.003797846648779074
subject:0.00010387920969656924
purpose:0.014633780125076214
i:0.0007427965262466729
we:0.0052441397109492995
back:0.008195940545009873
walker:0.018962206626245263
catholic:0.018115620998755945
physical:0.016603701553987223
event:0.01615852509026059
joseph:0.01589182345775779
the:0.004399336634177352
behalf:0.022707265436920476
do:0.008385034072838483
ritual:0.02457875438873491
original:0.024016871698626298
would:0.003628986949822475
can:0.010092210028455798
needs:0.013032476897546098
come:0.018686332097038197
an:0.003493767076115707
just:0.004569605305314731
jesus:0.04054318388746466
is:0.007317931471730145
adults:0.02139803494423093
issue:0.012184280184688144
applies:0.018528000146056694
life:0.010857507211240116
their:0.01766945858266592
request:0.015176268589083004
too:0.015194691578712036
nothing:0.009941073935801202
him:0.00932496226989614
position:0.013396276098101992
removal:0.02217885477093191
thus:0.012962471100686013
comes:0.011767223102122614
close:0.013521063097939847
feelings:0.020748019050599933
by:0.003853834532362514
apply:0.015562474651710791
god:0.010323650707296595
s:0.007242446858241459
