since:0.027789189213940017
at:0.024471250345956416
true:0.0358788998910812
case:0.03432793204592716
way:0.0240607336048131
mary:0.0651362334447674
yours:0.058699018122978626
to:0.0057424965003784615
been:0.020378338711408876
she:0.09208729124718007
that:0.004818119797701067
had:0.042622457935614866
appeared:0.06604866760123122
knowing:0.059639226633691846
a:0.003879178127351097
was:0.024596142613927376
as:0.01111269666968081
old:0.07355314117617566
nine:0.07010152579061515
dogma:0.08294304710573808
no:0.015635357446979303
officially:0.0760229520840835
doctrine:0.13141979483790248
it:0.004761880968610722
have:0.007100702960384067
girl:0.0733160029312944
referred:0.0677813301702934
after:0.0267946345509021
be:0.008034184126909323
14:0.051859066941064826
writes:0.009184199875243921
of:0.0027005636884130367
sealed:0.07770284945099547
year:0.03437167661402294
years:0.061938206193899815
pope:0.0746832261648118
in:0.0024677736374234785
and:0.0026513709339638183
for:0.004518734207112138
subject:0.00037079106794469857
the:0.007328154263782459
when:0.01816214503949633
moore:0.07852007861798065
would:0.012953467307005223
her:0.04592234451291289
named:0.06474051183651316
joe:0.05527040592948522
herself:0.0818313428324945
about:0.013680780282248214
dates:0.07770284945099547
time:0.02193763847088491
conception:0.08294304710573808
immaculate:0.08732989362543915
by:0.013756048261349529
four:0.04872286320865241
james:0.04804991343940315
