involving:0.024383498218405093
reference:0.016885217479721062
positions:0.021896624871382688
say:0.008586176354151782
duties:0.027314198700229476
form:0.015445162554216723
case:0.011183760666546408
where:0.00835953302368218
such:0.008701435309809043
service:0.016482313251033227
from:0.00766128737040883
clark:0.02269134237655535
1980:0.024331186804825565
yours:0.019123662012916116
my:0.004299612042218558
to:0.004988956235622917
legal:0.03420194745550611
t:0.011657344140273494
that:0.0062788167499452825
justice:0.01948310468553166
v:0.017405648479194628
r:0.014028143740855793
supreme:0.11783645733690944
its:0.00935667219924964
so:0.00462357736373267
political:0.016311202613038575
expression:0.02482530124810607
parallel:0.04164120712634743
restrict:0.02494283738567739
merely:0.018466285157198448
united:0.017744443361435373
a:0.0063190231938750905
other:0.012482425229248062
test:0.01618054232569987
was:0.004006611466522107
orthodox:0.02407833405190947
as:0.007240852128660801
said:0.009916311441915984
belief:0.09320170363277494
given:0.01261442334471168
attempted:0.02339489397311822
act:0.016885217479721062
universal:0.022243650304813702
military:0.017519631505568192
those:0.0167956167808829
participation:0.027415885830781774
religious:0.01661266880140325
place:0.012305102340798306
it:0.0031027640700449955
not:0.010912398345266333
have:0.0046267023814267234
being:0.03521817067737825
1981:0.02482530124810607
whether:0.02585935370933778
relation:0.10152025154613166
tom:0.017175240830202512
states:0.015623799707944268
whose:0.016935662671950086
b:0.013850264011376661
war:0.01600373355462904
has:0.004817984044735525
personal:0.015175997607220435
of:0.007038573233148911
concluded:0.02482530124810607
freedom:0.018045377738998218
philosophical:0.025380062886532915
congress:0.019758537785472954
opinion:0.014974260473247463
but:0.0030103313224000465
asks:0.023269773921848945
using:0.009974753749524529
court:0.054253325259682926
who:0.00585091798295859
authority:0.01914014613634825
one:0.008898741246838213
code:0.014662952535437541
in:0.008039805515587804
government:0.01217925311591085
clearly:0.01644574830961269
or:0.009153549199589394
rather:0.011644722411370424
opposed:0.020258481391399012
and:0.0034551802216361074
for:0.0014721668005071222
subject:0.00012080070991863483
draft:0.022343102371414496
we:0.012196777427275747
any:0.013890777370436298
lives:0.01761293144766202
than:0.006473308969318829
the:0.005457035366436583
views:0.018326184588854703
essentially:0.020365457694824538
can:0.003912063314197798
fri:0.026324654804461015
moral:0.018163596311813694
may:0.008420929988415525
individual:0.017473693173151825
7:0.014441305560775141
an:0.004062887504804239
human:0.014506074077993557
immediate:0.021717987717655145
religion:0.032140554415952156
including:0.014388994147195612
definition:0.055313747602632496
sincere:0.02711743348783247
is:0.00607856621924579
life:0.012626150919858418
explicit:0.02608852017472993
their:0.006849247142903684
1993:0.013708849787376187
filled:0.022584027776476993
superior:0.02280126406238813
first:0.008495723209914215
theists:0.026324654804461015
meaningful:0.026165870551921332
training:0.04055935055938107
by:0.008963216966671187
god:0.02401066273099751
defined:0.01977751008529212
beliefs:0.019702093558209715
s:0.005614807971547678
james:0.015654270441796504
