basically:0.018083901143999475
some:0.010760708526574693
read:0.010447018718423602
there:0.012688188740697891
all:0.004396625947678761
passage:0.04723135051821141
means:0.013062650785432041
discussing:0.02242565281152285
with:0.008085171107689595
meaning:0.14547268331370664
ca:0.009477182470471525
arguments:0.01916829785798319
from:0.007802509257420973
both:0.02069773347749528
my:0.004378867563734107
to:0.0031755741015917762
hudson:0.07734477180375586
day:0.011720290487386507
might:0.009802235649209429
enough:0.011208057727822102
doctrines:0.026052744979237822
that:0.00959183296132194
sources:0.03547593525543285
think:0.0066347835369979504
like:0.005367000292666697
nt:0.006581369140298972
its:0.009529145419512304
need:0.008853465398604776
re:0.0017232281234017075
this:0.007257821728637129
mean:0.03654500539396121
he:0.014655605599264841
something:0.009173554456974759
certain:0.01519039166709912
on:0.0023364461992594005
athena.cs.uga.edu:0.02591517372048353
you:0.002561285665477981
link:0.022331281699340635
sure:0.010055502397047021
a:0.003217751442042385
nor:0.03183906909654749
evidence:0.014828147624484225
homosexuality:0.0220886838491774
are:0.0029627252608351406
literally:0.024092073205897572
likely:0.015236906935160038
it:0.00631991575557552
not:0.005556774272589538
sex:0.01993385947491394
discussions:0.022118319288487495
plausible:0.026194549857886454
couple:0.014543740989191329
have:0.0023559936089753587
proof:0.01929543129816212
term:0.017961658036472157
ve:0.008410754373398315
historical:0.020807484948071206
has:0.009813589621074204
be:0.002665720078974522
get:0.006057022927608858
conclusion:0.020339883749154804
of:0.009856435213009794
even:0.007738061971272007
looking:0.01195338868850988
what:0.008483337354807661
but:0.009197463902079405
understanding:0.018498409147054497
who:0.011917538011371874
up:0.006191061614527118
clear:0.015197008028509738
one:0.009062773343554124
in:0.0032752018782394557
or:0.0031074260723644486
rather:0.011859371672409509
and:0.0035188701796386164
word:0.05656915237167592
for:0.0029986070314476864
subject:0.0001230274511152917
create:0.017524634521859993
i:0.002639152634728962
we:0.012421602817640275
meanings:0.029109400359008625
any:0.004715609522068237
the:0.0048629226450906645
quote:0.018594276094657095
jr:0.021532794504529405
can:0.003984175080358126
thinks:0.02087508950912095
agree:0.013901175939928291
liberal:0.04517472792545372
homosexuals:0.022489657936687214
come:0.011065408638107873
individual:0.017795788899845864
rid:0.02127812778252457
an:0.004137779440376667
long:0.010969176244740022
about:0.009078490141215406
different:0.01164616082032833
paul:0.03018453908856274
general:0.013587236696255996
is:0.006190613522826357
homosexual:0.06680827338836097
argument:0.016215398341657705
new:0.007944698455684547
else:0.011643097812617773
christianity:0.017726489925815724
does:0.011230311652880416
man:0.02671013215479446
issues:0.01753561973547878
experience:0.015263699423019115
show:0.013871284192326416
words:0.015243590467775918
side:0.014840387458853424
burden:0.024996588915780805
before:0.009798130263698822
understand:0.013807176326892412
seem:0.012717569377399714
doubt:0.016037199534472663
s:0.005718306736000169
conservative:0.04855658455315807
