another:0.010977749160339499
king:0.020780462895434632
dan:0.019672294501917122
there:0.004543460324639344
returned:0.023511634661951837
story:0.0177973144951119
pass:0.020095421882135128
till:0.024747095624071496
take:0.010523510546216353
4:0.01229836388207267
though:0.012304674265399404
from:0.00838190350920966
kings:0.02583231479820179
my:0.01411209299005398
to:0.008869598555040001
hudson:0.05539213030169974
perhaps:0.014299314542772501
die:0.01865224936352648
that:0.0034346992617274932
could:0.014941674805208489
me:0.0053643003980423
re:0.0018511906078127255
lost:0.017349041209494306
eat:0.022352595216492337
so:0.005058468303885743
had:0.007596081612287798
this:0.0025989229622347476
he:0.015743893143764707
athena.cs.uga.edu:0.02783956780863825
lord:0.08434859591563038
link:0.02398954519186593
came:0.02988838348988066
a:0.004839370733131072
false:0.020728260354956337
as:0.003960961189193161
prophet:0.13677258141051293
listen:0.021143298863085486
forever:0.04672412300116608
it:0.003394608215247247
not:0.005969406025504603
calling:0.020361389205680487
stay:0.03909601552728893
against:0.012788518773058647
command:0.04075497678152312
has:0.005271160761814609
call:0.013153248009894591
his:0.0273925105174048
be:0.01718201753873677
writes:0.003273576193156249
were:0.015359438588834646
of:0.005775462937596197
breaking:0.025027765642272215
but:0.0032934812982693576
drink:0.02482567656048877
never:0.021821180503582775
ingres.com:0.02946178269510102
again:0.024176922159485328
they:0.004618413982711602
who:0.025605007410571253
one:0.009735751562134876
in:0.005277614907757143
fear:0.02131567393813117
israel:0.01881419588533986
or:0.006676351066367181
and:0.0037801724207008895
word:0.06076983200323601
still:0.01010747070410667
for:0.0032212758704165743
subject:0.00013216315293078365
i:0.0037801724207008895
example:0.013917619523553984
rose:0.024408146122697923
athos.rutgers.edu:0.020676602546577234
house:0.051057504126091946
possible:0.012757285262200902
repent:0.030108417261522132
the:0.004850885707850341
jr:0.02313176439347961
would:0.02308538727981129
law:0.014885352105168148
home:0.01450179728644232
prophecy:0.028980774039389895
people:0.00745184722808474
about:0.004876317724365701
paul:0.01621298262925276
is:0.0026601250187194446
gave:0.018375613430880653
man:0.057387115619706906
prophecies:0.030852388563746575
wanted:0.030150098906397055
him:0.01186393714536291
words:0.016375540254987
article:0.004011548912458421
prediction:0.028139689698818617
saved:0.022938684404354513
while:0.010744269831081794
god:0.10507636561486039
s:0.006142933473821964
