corinthians:0.020149936581642457
some:0.0038532570136414327
there:0.0030289735497595624
lead:0.012753183622507958
stephen:0.01343781940393075
know:0.00814439026837163
committed:0.014625261883386115
all:0.012594954860017046
anyway:0.010061101721599122
faith:0.012359822179388755
your:0.02910734506689385
way:0.011434804089416127
into:0.011820487808464597
from:0.0055879356728064395
parents:0.015134010001627894
throw:0.01407052995556043
my:0.012544082657825759
christ:0.012250408953920437
to:0.004093660871556923
crime:0.013238342987582561
death:0.03322194439640022
born:0.01418456421795865
us:0.006798271901600647
day:0.008393739391956674
heaven:0.028740347698774565
die:0.012434832909017653
that:0.00801429827736415
think:0.009503287310419507
creps:0.09107143793207383
higher:0.024500817907840873
really:0.006440249977527808
nt:0.007070084670519193
eve:0.019445071564157115
suppose:0.012719930645647423
affect:0.016176428976606365
me:0.003576200265361534
re:0.0012341270718751504
so:0.010116936607771486
indiana:0.01932051602625993
had:0.005064054408191865
fair:0.05574520840665192
you:0.012840240679409415
lord:0.01405809931927173
them:0.004837819047961191
why:0.005873671881696391
sin:0.09947314504461212
a:0.002304462253871939
how:0.004341132004056516
was:0.005844627947863931
as:0.010562563171181762
steve:0.010584666161169593
said:0.0072326892035096775
adam:0.045986171992625814
jail:0.018149488385040755
therefore:0.011329787196550712
nevertheless:0.017634622878517386
are:0.01060909870629085
no:0.0037153324626485475
doctrine:0.01561423305004782
it:0.005657680358745411
not:0.00994901004250767
have:0.0033745915059251014
made:0.007675180039333338
only:0.004401109697258372
university:0.0077568980250780645
able:0.008704505696734881
after:0.0063670418734816875
shall:0.013068574303738463
holds:0.0162000873577239
ancient:0.015134010001627894
deny:0.01584051249373527
without:0.007416536253473581
be:0.005727339179578924
which:0.00426367106441425
writes:0.002182384128770833
get:0.004337867905251229
certainly:0.010151014116355252
were:0.015359438588834646
heavens:0.021047407589839296
things:0.014750666192344882
if:0.004423435113949896
cops:0.016060616039935506
of:0.004492026729241486
even:0.022167121422653806
what:0.0030377627161604992
but:0.006586962596538715
biblical:0.015065959548813582
saying:0.009955627653347983
seems:0.007777185113468905
who:0.008535002470190418
over:0.006620266509964877
one:0.00649050104142325
rest:0.010780959846444914
in:0.0029320082820873013
door:0.013960304607699547
st:0.012662532154849176
world:0.01664191873750942
men:0.011589434167086937
thoughts:0.056686789671627894
sinner:0.019996405176906838
and:0.004410201157484371
for:0.007516310364305339
subject:8.810876862052243e-05
until:0.009442791172820608
i:0.0031501436839174077
athos.rutgers.edu:0.013784401697718154
we:0.008895999377649967
punish:0.018918239400487532
catholic:0.01536539470851577
lives:0.012846395544334345
ways:0.03533008298296133
than:0.009442912753923836
the:0.0032339238052335605
do:0.00948274480404616
when:0.00431575723710804
original:0.030556118943301777
would:0.009234154911924516
law:0.019847136140224198
sins:0.016972343355539987
because:0.005824166002952191
did:0.010850897976521223
may:0.0061419984403954814
come:0.015849463197817878
moses:0.020072278174348087
many:0.006116175008508559
is:0.0070936667165851855
humanity:0.016498063749380995
argument:0.01161300805326641
new:0.005689767540869792
right:0.0064022230818161704
time:0.005212904191101365
figure:0.01218646083853054
does:0.0040214152288367165
man:0.009564519269951152
entered:0.016550451040325848
him:0.00790929143024194
article:0.002674365941638947
de:0.013336574347009803
neither:0.012352414028056003
passed:0.014262836583032299
before:0.007017142796114338
by:0.003268763943290977
upon:0.01144579400228692
god:0.01751272760247673
doubt:0.011485387125348408
s:0.002047644491273988
