some:0.011390603659837602
obvious:0.01876413811659518
infinite:0.025220836917361593
validity:0.028740764311900514
there:0.008953941322703877
know:0.006018903051991716
ultimately:0.02628660051837817
your:0.018438032519725794
into:0.00873562879503603
from:0.004129620753317929
parents:0.02236880502679635
wrote:0.012563780364355421
yours:0.020616240511485178
my:0.004635191518684397
entity:0.027019684435692016
to:0.002689169092860158
then:0.007784782194028308
us:0.010048177493585346
might:0.01037602505306559
perhaps:0.014090056281170953
been:0.014314540363135992
that:0.010153306110277371
could:0.0073615080747612555
me:0.005285798440997779
brought:0.01889947728066179
so:0.014953325815389076
this:0.005121779886550429
reply:0.01751803180173241
he:0.03878373676878623
merely:0.019907556193857836
something:0.00971054301055377
on:0.007419641344965219
argued:0.027019684435692016
them:0.007150532544059712
support:0.013360762485529297
why:0.008681573561726861
a:0.0034061076240155977
other:0.00672833164796054
christian:0.01563825546944671
theism:0.030270801184364135
was:0.004319322605372613
said:0.010690267456894791
therefore:0.05023793444714438
explanation:0.02249752090568998
observe:0.0273609458435306
quoted:0.021794253633350576
others:0.01315282060033364
are:0.009408459242944764
causes:0.020815372192071788
religious:0.017909267342000573
it:0.0016724655109266926
not:0.014705122160389389
disagree:0.020723848892288753
plausible:0.027727889361762736
have:0.014963432579931303
rand:0.030144091494592132
between:0.011331052907543441
exists:0.07281235244913863
open:0.016121758920748113
sun:0.01769996245901874
considered:0.016794355888840058
were:0.015134666316802919
things:0.021802204176978045
if:0.009807079313610868
whatever:0.016121758920748113
of:0.00474245330648143
what:0.008979922956064694
explain:0.017536865990305385
but:0.006490568021955222
never:0.010750923077374928
seems:0.011495058972590625
must:0.03391405503628533
who:0.01261514999252535
now:0.008058119014040216
comment:0.019168767789672015
in:0.0008667302531438559
and:0.004656066030375486
few:0.0111494024434453
for:0.003174135247922673
subject:0.00013022905800984534
cause:0.015382932357766178
i:0.0018624264121501943
we:0.03944616309406741
exist:0.03547828756874249
than:0.006978542840094933
creator:0.02812469735909909
the:0.0022061063706996674
do:0.0035039898483243737
when:0.006378899721188955
would:0.01819804187520734
meant:0.05958525774718562
because:0.00860840145802202
did:0.008019078260697391
once:0.013087957048414176
abraham:0.03002058999222974
may:0.00907817330458454
friend:0.06776974477449378
an:0.01313997275944005
here:0.008782443442065347
ourselves:0.023197580816042188
is:0.002621196359908916
dependent:0.026825829173987067
argument:0.017164592390925472
unlike:0.02249752090568998
having:0.012765323865465177
time:0.007704926682457139
2:0.009504436839489799
tradition:0.022877116136698798
created:0.07410917245824432
1993:0.0147788087951714
existence:0.019846579790129878
first:0.009158804045809956
atheist:0.022293174848572128
by:0.004831392560083737
mine:0.01592799534048774
god:0.03882699851378378
james:0.016876067159205012
