knowledge:0.11552409827662924
o:0.1094055932437463
gain:0.1433001572029141
to:0.008613744750567693
like:0.03639497073464604
this:0.016405701199106844
western:0.12782899261548125
you:0.017368718419022558
why:0.0556163306298127
more:0.03973184455689768
those:0.057997364196486254
it:0.010714232179374124
university:0.07344812817495792
who:0.08081580463961552
in:0.016657472052608483
and:0.0059655846014185915
for:0.020334303932004624
subject:0.0016685598057511436
i:0.0059655846014185915
when:0.04086482633886675
would:0.029145301440761752
pray:0.15500932749795818
just:0.036699642608308936
about:0.030781755635058486
is:0.008396019590333247
appropriate:0.12637524212689083
