believe:0.06861069095780023
at:0.009273315920572959
say:0.019974157623868876
there:0.009660831427127868
paragraph:0.05221366820983854
where:0.019446913665618543
enter:0.049864788722320544
4:0.02615020530714399
hell:0.10779097656258618
such:0.020242286352292617
from:0.00891128688873869
born:0.04524129429517337
heaven:0.045833291330151016
die:0.03966057233086683
that:0.010954882908457163
jeff:0.044373466198214695
nt:0.030066465335681622
re:0.003936215818717585
exactly:0.033856659508126406
off:0.022983762610066846
rev:0.055787427581589784
state:0.027975930388848592
sin:0.04532385405792101
a:0.0029400086859924105
therefore:0.036136058111103854
are:0.020302464682143966
doctrine:0.09960237082451556
place:0.028625553866488688
it:0.003609004523578652
should:0.017292759391931364
shall:0.041681873831923726
adams:0.04877488683873275
regarding:0.041652593379693445
be:0.006089065864604961
which:0.013598866658079134
writes:0.0069606567475532875
of:0.006140229017865431
even:0.017675362608063426
least:0.025343814554805076
they:0.019640413147531444
in:0.011221875909125715
thomas:0.038779000147674735
st:0.08077362616672211
and:0.00401892015253463
subject:0.0002810205988633505
i:0.010047300381336574
athos.rutgers.edu:0.04396498646745896
will:0.011929529946350362
the:0.0023802726631233255
do:0.022683723754942
original:0.03248597908708926
would:0.009817364695835537
did:0.017304326773083845
put:0.052367564200984824
is:0.0028281329146385673
write:0.034254462368289613
first:0.019763735046221486
nothing:0.026893221068430617
article:0.008529819792806327
teeth:0.05904204103077656
babies:0.11689770444995036
god:0.02792819191342342
