since:0.02565155927440617
say:0.02432749967009671
there:0.01176639725098907
ever:0.03389002636961359
c:0.033155098659345635
brothers:0.06570001963110177
to:0.0017669220001164498
published:0.05256534890655834
been:0.018810774195146655
that:0.008894990395755815
protestants:0.07922485585117163
its:0.05302114246241462
me:0.013892162569289034
brought:0.04967170310943163
this:0.006730544081684859
seeing:0.051388329044338814
more:0.016300243920778536
how:0.016863628169604156
as:0.010257873848936134
no:0.01443263764336551
book:0.03986792962414966
it:0.01318674729769123
cs.umd.edu:0.14698016764994157
closed:0.0528983679630104
peace:0.14813984059280966
has:0.01365095479341732
sort:0.04022386291873115
were:0.019888503813747425
of:0.007478484060220718
but:0.01705854416026693
again:0.06261202918225688
up:0.01722385090195365
one:0.012606550099687468
in:0.002277944896083211
wingate:0.15535668637443004
and:0.007342257970976728
for:0.008342278536207025
subject:0.00034226867810279864
tract:0.08136657488531478
yet:0.03371883003443799
the:0.004831750064032391
thing:0.029024774809294315
once:0.03439783583237059
pray:0.06359357025557258
junk:0.06741196056218539
an:0.011511514596945343
is:0.01722260428786307
mangoe:0.23969932653372342
time:0.020250127819278377
nothing:0.03275456412180652
charley:0.07739022965065016
respond:0.051846253180262904
god:0.03401510553557981
