read:0.022009738465028364
send:0.0284790982609342
atheists:0.0405502302369767
with:0.0056779356969858955
hell:0.09941886187811347
from:0.00821914810126384
yours:0.041032323348101564
my:0.00922538117796409
to:0.004014172310944168
everyone:0.02968458987876799
that:0.01010401821653816
re:0.0036304903182346653
penalty:0.09409491512149354
believes:0.04765656766398389
this:0.010193833754784835
sunday:0.043376912571231725
on:0.004922415779022232
you:0.0053961066932885614
kenneth:0.04772666715887211
sin:0.041803554713616464
a:0.0013558292483945582
want:0.018374737550603704
listserv:0.12101325223061762
character:0.04432024993485937
theory:0.03950047433957888
are:0.012483716147596611
those:0.018018598585316115
it:0.003328693492621087
not:0.011706990457785725
zero:0.04498654611339428
statement:0.03372038271546413
messages:0.04247611904258156
after:0.01873022997732962
writes:0.0064200232137627405
get:0.051043649525868824
spend:0.03980676907486942
if:0.006506314754984556
of:0.0037755453507910416
expansion:0.04488101531497774
but:0.0064590604101981575
who:0.012553911400328624
beginning:0.03932123101103775
in:0.010350273896766436
our:0.021648305077479547
or:0.006546713181583352
substance:0.052317991322985674
and:0.0018533855072368438
for:0.006317453648778135
subject:0.0002591937562331873
objection:0.05720249207708354
we:0.02616978457697029
paid:0.04015524405604035
eternity:0.11809515120053339
the:0.0065861913494189095
start:0.027354971727014683
did:0.015960301392650148
may:0.0180682090042702
an:0.026152372967817576
note:0.028754263095907742
jesus:0.06744076543092827
is:0.005216944211469202
suffering:0.04564501792250847
9:0.034571200540048794
told:0.060198442072410284
1993:0.029414134009807153
terms:0.03737028131276178
james:0.03358828900618473
