some:0.009303082670385291
at:0.007019641533501443
out:0.009387865331318405
passage:0.02041673916823083
case:0.009847056204409385
righteous:0.023038475665237507
your:0.010039300575149502
with:0.0046599790979246795
further:0.014134798410682815
c:0.010303178069438087
meaning:0.01572090252941949
hell:0.013599127189170898
someone:0.008778717588298884
parents:0.018269342750969128
members:0.014694192464161815
to:0.004941749976421306
cases:0.014660500392376062
born:0.017123199036021795
appreciate:0.015295670659021888
bruce:0.036706441750526564
perhaps:0.011507814890996197
die:0.015010973591363939
that:0.0041462704235196435
technical:0.01528584558931992
church:0.014929385817086884
son:0.0340012055727069
indeed:0.014694192464161815
through:0.009440092804879788
its:0.016476689689515298
me:0.004317086376113724
re:0.00148980279991303
happened:0.013435461747961876
practice:0.016360669741202552
avoid:0.0154053764670243
anyone:0.0066649990025553435
this:0.0083662539979509
posts:0.01602795805644889
hi:0.01255385123511715
sincerely:0.02170777389581113
bastard:0.046795286764692516
on:0.0020199554790409956
you:0.004428677206443999
children:0.026712166279032074
used:0.015732776958859485
am:0.01302260045180371
them:0.005840076380606537
bible:0.014338380485487238
posted:0.013599127189170898
how:0.005240490028801292
nor:0.013763103573607183
was:0.003527733601997552
as:0.003187705817597683
failed:0.01688166667818739
letting:0.0194712085454971
bring:0.015113015726251296
quotes:0.019360532991285644
athena.mit.edu:0.0194712085454971
responsible:0.01558109647439451
soul:0.01679473820251154
step:0.01657179535929224
reconcile:0.02404955343725384
doctrine:0.01884905423969916
proper:0.016360669741202552
d:0.007258343515446356
place:0.010834372977356278
18:0.0308107529340486
it:0.005463831549640987
not:0.012010159533385755
guilt:0.044578527175073095
have:0.002036855032460768
being:0.02325662067639619
try:0.009706731762324273
only:0.00531289337955891
properly:0.017154446754990026
foul:0.09889265725569159
similarly:0.01973207679003697
against:0.010291955347242417
postings:0.018353220875263282
referring:0.01892171395105287
holds:0.019556280754543194
has:0.0042421293780340675
be:0.00460925304492009
aaron:0.0402837343405497
which:0.005146981404452262
charged:0.0209895992988751
writes:0.0026345115179982562
certainly:0.012254013056795382
if:0.00266992199108928
of:0.006197309500103223
but:0.005301061531875779
lately:0.02094873674840821
mormon:0.023178281720262484
least:0.009592280409189172
sense:0.013092916519374463
they:0.0037168112530188992
shouted:0.025664952274338154
who:0.015454815229886633
up:0.00535243175439197
clear:0.01313844917205822
one:0.01175272001325445
in:0.00424732355126272
p.s:0.01806706257019852
and:0.001521105237015099
for:0.0025924212184229
subject:0.00010636237805584979
twice:0.017969647845640094
i:0.003042210474030198
ezekiel:0.08184105333426743
prohibit:0.023250068594775148
will:0.022575803683332358
cf:0.022584514472611138
eyes:0.017217687189875642
the:0.004504500059695536
do:0.0028618243781135325
see:0.007049345662992733
when:0.015629575014068555
original:0.012295490092723025
thank:0.01446412074410165
would:0.003715735641850104
sins:0.040977052085486985
correctly:0.01736375884075848
insult:0.022903409722306502
lds:0.050570460884896834
wants:0.014026036504357565
an:0.0071545668411293764
note:0.01179955816286254
newsgroup:0.015315393787148803
about:0.0039243672522783725
language:0.06498660238623408
is:0.007492862104520507
today:0.011311260023101007
moderator:0.0227090265981255
applies:0.018970900547954462
man:0.011546013301972904
their:0.006030612026221968
goes:0.012840745800759668
too:0.007778955648862536
him:0.01909573946903034
words:0.01317872163947161
translated:0.0227727729779918
offensive:0.019979229741907297
live:0.012337403481863182
by:0.003945958067000661
father:0.034499375747856977
bothered:0.02217702901794812
beliefs:0.017347261658822097
s:0.0074155730779603786
share:0.03251831888239726
