some:0.008778472745363565
simply:0.022997318344987888
ability:0.03013751628164231
go:0.014627310163865617
ask:0.021914004393656896
out:0.017716948858352777
form:0.025664518229187184
search:0.032083844356200875
gay:0.10026175265420931
your:0.009473174602866636
with:0.008794396643451838
christ:0.027908826413818737
to:0.007253679789951741
then:0.01199910037425416
been:0.011031882610687513
that:0.0026083054543945623
integrity:0.043099447656749786
nt:0.0053690116670860035
me:0.016294566622624733
re:0.0028115827276554172
so:0.007682786446503158
churches:0.07876586791778858
anyone:0.012578306388281136
this:0.003947236378732473
discuss:0.033627536649574206
fair:0.0317496205774728
on:0.0038120964303706008
you:0.00835787953998078
etc:0.017461082612467937
them:0.0220429950606352
more:0.009559541547524255
bryan:0.039848162558278416
christian:0.02410407797922237
compatible:0.033876408442253494
homosexuality:0.03603943154339471
are:0.009667840324830458
christians:0.027045064940146392
not:0.009066315918435562
should:0.024703941988473376
have:0.015375958290154972
being:0.014630104736279308
only:0.010026588257663808
opportunity:0.034596642010987895
energy:0.034478233311979335
able:0.019830565609854654
love:0.04920627729596163
talk:0.026011983215315993
be:0.004349332760432115
writes:0.004971897676823777
of:0.0029239185799359193
totally:0.030973799252395882
gives:0.027342289291700038
opinion:0.024882041839005182
what:0.0069206173157641444
scripture:0.036087784102269066
they:0.007014433266975516
find:0.015913133365965337
who:0.019444404123817267
in:0.006679688041146258
resources:0.033186126117042046
or:0.005070010960173573
and:0.0043059858777156745
subject:0.00020072899918810748
i:0.007176643129526125
athos.rutgers.edu:0.06280712352494136
the:0.002266926345831738
do:0.01620265982495857
would:0.01402480670833648
thinks:0.034059356567513126
because:0.013268588713492586
maybe:0.019909120919867098
instead:0.023065671515673992
pray:0.07459095458548363
problem:0.015906505955229956
is:0.002020094939027548
issue:0.023544060206502654
time:0.023752029622612233
type:0.02436475571677967
christianity:0.05784433554739867
issues:0.028610747989465377
light:0.026257253276739046
every:0.036573662059208964
article:0.01218545684686618
meet:0.032256697876687335
ann:0.04250711022928276
check:0.024882041839005182
god:0.019948708509588155
s:0.004664934442526453
