preference:0.036279914799669126
read:0.014348120644923556
mark:0.019010278255013863
know:0.0078093362383436825
story:0.02275352865830762
though:0.015731292415257465
such:0.012170994958656953
modern:0.025990684209125575
from:0.005358052243228959
longer:0.021482348154266934
my:0.006014014312217097
to:0.006105945645972035
look:0.015007394457442471
then:0.01010050854288483
that:0.008782395580619665
quite:0.0168113884943633
nt:0.013558453513717187
re:0.0023667120428998135
michael:0.01901705823844107
anyone:0.010588068035705007
this:0.0033226736605786013
aisun3.ai.uga.edu:0.035686125209683964
numbers:0.06698245065187401
great:0.015957282840080234
bible:0.02277806013833732
particularly:0.05084937082456433
jerusalem:0.03296437603981897
a:0.0053031802247331455
hard:0.017115401282123476
same:0.012291730066636787
j:0.01932992822486622
as:0.00506401367225961
given:0.017644225058109374
dot:0.036490904801362745
proper:0.025990684209125575
it:0.00433994214860724
not:0.011447658390682878
should:0.010397545204009364
have:0.0097072901230567
only:0.008440102773856244
verse:0.16391333254458754
between:0.014701682569913959
always:0.01681617783543486
doing:0.01696647408332478
edition:0.1233743570365831
feel:0.019280232178773275
details:0.0241444422929768
be:0.007322294394145206
writes:0.004185205006440268
get:0.008318822628424824
were:0.009818375300457588
if:0.00424145835293297
of:0.00246127323500935
gospels:0.03961760420294255
even:0.010627591441557125
chapter:0.03125206091191521
but:0.0042106533053823435
tend:0.026959519580628696
english:0.05592595424100798
they:0.005904554585492048
up:0.008502913736407498
beginning:0.025633460722385374
in:0.003373665225844756
or:0.0042677940360954765
use:0.02104784212338415
and:0.0036246589983302837
for:0.006177510055292545
subject:0.00016896808159505252
each:0.01611398352759883
i:0.004832878664440378
athos.rutgers.edu:0.02643464376207975
addition:0.025097244435072115
the:0.004293529803735111
do:0.004546315942446181
original:0.019532708944768856
strong:0.022852230290952597
around:0.01498224324780782
would:0.005902845861420101
mcovingt:0.03505718550200546
put:0.03148682657654151
an:0.0170486988334507
thought:0.016991053197415902
relatively:0.028219021137543952
passages:0.033279322302851015
language:0.02580955252997588
is:0.0051013789915948845
verses:0.06695219634076573
translations:0.03766632977474941
study:0.0234517300533848
does:0.03084781808449431
show:0.03810213505993459
although:0.019998350992118722
article:0.005128689115927855
very:0.011033180327743338
useful:0.024267640614420494
covington:0.03472399731538887
