another:0.0084315792029984
some:0.004439303707731384
there:0.006979307875111388
know:0.0046915404017425924
posting:0.01254444318234312
all:0.010882903011174425
send:0.011153411105993242
where:0.00702455056362647
further:0.013489864642895007
into:0.006809140315522382
such:0.01462370496933687
proves:0.021272262967572904
times:0.01068622107031569
work:0.00769989530034336
reach:0.016571496079963416
darren:0.023214565719534844
via:0.01299707748523059
to:0.004716270890044668
remember:0.021160639060997962
job:0.013199576255852382
brains:0.02138248173895409
add:0.013065476868637713
then:0.01213597224164109
us:0.007832229605266144
make:0.006692321229466554
that:0.009233202958332081
think:0.005474327100869031
appears:0.014830041929256015
like:0.008856570825161014
really:0.0074197556775320375
could:0.005738057624813907
me:0.008240218101935702
anything:0.008826011978400775
effort:0.015446223903911418
anyone:0.012721785168375598
this:0.003992261888756038
followup:0.022402496897108763
off:0.00830211957397852
reply:0.01365473961731994
patterns:0.04437845792614876
posts:0.015296644380869473
something:0.007569054437884117
these:0.025195984381732966
on:0.0038555804200706457
you:0.002113304142238486
possibly:0.014741268682119167
bible:0.013684157801738771
28:0.05044751410549902
letters:0.035663945308161624
posted:0.025957269387695023
m:0.0052046186772474225
sure:0.008296745323799253
prove:0.029862344790217474
a:0.0026549508095939068
how:0.005001380217601233
other:0.00524451706399966
was:0.013467089492036283
as:0.012169036657293056
truth:0.027338840517206114
copy:0.025981839886413248
also:0.005640673504485044
stuff:0.011115652291534684
are:0.0024445299680654962
those:0.00705671351440137
it:0.011732695314295619
not:0.009169733970737108
examples:0.03336714286816222
should:0.0062464340008877555
have:0.0019439186811697827
made:0.017685015603939175
only:0.010140959986838682
liked:0.019319112044575197
be:0.0043989449211975
which:0.0049121381464544405
found:0.010169279487669191
showing:0.016327088660174193
things:0.008497056760989542
if:0.00509620091074836
of:0.002957271263357242
what:0.00349977985930278
but:0.005059188001904261
dr:0.014900549829302284
reading:0.012495521088832664
years:0.008478233547453968
never:0.008379997075520382
saying:0.011469791554997867
sense:0.012495521088832664
excellent:0.014810134651484362
using:0.008381827295227835
well:0.006398737300963288
find:0.008047325998758138
up:0.020432857343762503
chance:0.013669420258603057
author:0.030752910631638833
in:0.004053529320786855
or:0.007691765677221506
use:0.006322355618811209
and:0.0021775517936737064
word:0.03500619600186409
subject:0.00010150934179474638
however:0.00911444450264986
values:0.016239339811191134
i:0.007258505978912354
we:0.010249003085277339
ago:0.010878957130664045
scriptures:0.020233124811680582
any:0.003890826107562005
the:0.004012373437204084
do:0.0027312468399486563
writer:0.019384670243945943
would:0.003546196373020441
can:0.013149292660649632
because:0.006709970718230091
did:0.012501224664965517
an:0.010242184090057834
just:0.008930711509246281
newsgroup:0.014616592549712357
long:0.009050613099272185
here:0.006845630819860822
many:0.007046391739840659
about:0.011235926011276102
five:0.015098793205496643
f:0.01413015672398041
is:0.002043137847077292
discussion:0.013071756442928484
save:0.013773803165099976
else:0.009606662453756869
90:0.015330644142754115
somebody:0.028864853410454413
does:0.0046330373168727195
wanted:0.011578555093331187
show:0.011445128021805447
words:0.012577411146415873
supposed:0.027746730124839244
faq:0.014760817729649276
article:0.0030811136133711064
planning:0.03523661026372328
saved:0.01761830513186164
adds:0.04115805021808151
by:0.003765914352916981
appear:0.015014059194890426
s:0.009436293244958453
