since:0.009619334727902315
know:0.011864183900560595
liquid:0.028611923578896185
often:0.014939040328263011
my:0.004568337794857218
to:0.005963361750393018
within:0.015559856809244316
depend:0.024637507361663164
formerly:0.026438918176285332
perhaps:0.013886834315577141
been:0.007054040323179997
that:0.0066712427968168625
view:0.032743738007544536
church:0.01801574923119619
like:0.0055992262668686215
really:0.00938171030380253
suppose:0.018529514353996007
me:0.010419121926966776
re:0.0035955817574824093
behavior:0.02042494722557305
this:0.005047908061263645
describe:0.022464501959052315
these:0.007964596024514147
recently:0.015910151752825428
on:0.004875084858070096
you:0.0026721105260034705
ages:0.026761703286081625
why:0.008556358558432724
a:0.003356981071746142
same:0.01867397452431358
was:0.004257024683179738
orthodox:0.02558322993015381
woman:0.021054175949497225
ice:0.022491896291334225
wife:0.019427798207422936
modes:0.04776829883961425
also:0.007132197748459454
stuff:0.028109774544938675
course:0.011760345191827016
others:0.012963116457059597
business:0.017387325640545997
are:0.009272760311556138
begin:0.020063555190098625
it:0.006593373648845615
not:0.011594423241845479
have:0.0024579356401329467
employee:0.02823465619696592
mother:0.02047886583528526
which:0.006211020829411143
found:0.012858271659889411
sort:0.015083948594524183
writes:0.0031791461106613576
certainly:0.014787294602190582
of:0.010282915582803486
analogy:0.050857918374235506
explain:0.01728393042313752
but:0.012793908120200198
trinity:0.05683918047881449
seems:0.011329264852793645
variety:0.022464501959052315
aspects:0.02316932635420556
now:0.01588379228729081
depending:0.02163829880075107
sounds:0.01712838732481172
one:0.0047274562873828
in:0.005125376016187225
point:0.010584307506057985
essence:0.027403681135237987
clearly:0.017473607578963483
or:0.00324188200818791
and:0.003671128985488364
for:0.0031283544510776347
subject:0.0001283507542885495
i:0.001835564492744182
athos.rutgers.edu:0.02008016208850289
person:0.013486511726316592
we:0.006479538008240241
stan:0.026565443697041936
possible:0.012389286648868184
water:0.11827203503975628
physical:0.04103030095552612
exist:0.034966581498039474
ways:0.017155472986918725
the:0.004710956312431581
do:0.006906903066408622
see:0.008506662314476809
views:0.019471571125658123
can:0.004156567271335161
major:0.015752057561143232
her:0.01589619617754677
did:0.00790341847809118
generic:0.026501764722282224
may:0.008947238112691495
forms:0.04602744804973774
an:0.008633635947709007
relationship:0.021947046842742863
just:0.0056460988628167594
during:0.014078699566358032
actual:0.01953056195542646
people:0.007236890096505372
drew:0.027638249232206404
middle:0.019312982188175877
different:0.060750406202193456
is:0.0051667812863589214
does:0.005858119299699641
their:0.014554650178670327
solely:0.025796940327128974
position:0.01655212960198179
article:0.0038958311553682744
useful:0.018434073159030954
three:0.07015596169404983
thus:0.01601613015805916
by:0.009523418027088136
seem:0.013267848821614124
represent:0.023106479808208673
