religions:0.03002639119686039
believe:0.04099380906283661
out:0.007409918862141257
11:0.02430323671459064
know:0.007760220916089949
true:0.03249409801456411
strikes:0.034922270197312213
take:0.013369491385759142
atheists:0.026268388140934597
your:0.00792410202629725
with:0.0036781596024499834
c:0.01626476538005635
compared:0.025929488213293217
to:0.0026003757737562846
sound:0.021705555277537304
then:0.02007396666384658
bruce:0.0869180837677563
amongst:0.034922270197312213
that:0.004363580194144363
choices:0.03228660503904842
nt:0.013473180221178084
me:0.006815023147198395
covered:0.029039960558539822
re:0.002351827061497928
exactly:0.020228821718691878
this:0.00660355268391722
93:0.02302525469059372
he:0.010000837783146133
something:0.012519882497883791
two:0.011728235425492525
on:0.003188734749932641
you:0.010486773385070224
brings:0.06527220191652214
pascal:0.07073701506094247
constitutes:0.03730237356662193
m:0.00860889756047844
why:0.0111932237745535
sure:0.013723547296598766
a:0.0017566089633287989
other:0.008674893005232144
as:0.005032164529666783
said:0.013783049236876933
stopping:0.03565228385298991
religious:0.023090564812013322
reason:0.016806364301940428
it:0.004312646914968201
not:0.007583773692779433
have:0.003215412661305993
ve:0.011478828295770028
treatment:0.027410713641700495
university:0.014782013217601595
mother:0.026789962853706505
b:0.038501991780053355
exists:0.023469390333448772
has:0.013393389608635863
minor:0.027332906775017807
heard:0.016997782134716193
writes:0.004158882962374606
certainly:0.019344385391544913
upset:0.032517431245654885
if:0.012644347542705835
of:0.002445793529128788
believing:0.03105550706970191
what:0.0057889440440039705
gmt:0.02664967507059771
excellent:0.024497266750568472
in:0.00782237681296499
become:0.020831589778585836
point:0.013846138121132457
or:0.012722857692511044
alt.atheism:0.03546168417062935
and:0.0012006208002855027
for:0.004092438527195899
subject:0.00016790538925797672
i:0.004802483201142011
athos.rutgers.edu:0.026268388140934597
we:0.008476376765496667
the:0.000948116993696922
do:0.013553168281254654
see:0.011128212335919346
whereas:0.03164098142860764
rational:0.032118880214632314
may:0.011704563065659314
an:0.011294316208323734
places:0.023992590454656196
people:0.009467126667126525
religion:0.022336674609828383
frequently:0.029351891005957257
is:0.00844882474498943
broken:0.02824680672355325
either:0.03149135480645734
does:0.007663451662500159
life:0.01754955568106107
2:0.036762444379158654
1:0.036953280979711484
eternal:0.05801247529140184
various:0.022418735712925714
faq:0.024415692219482765
article:0.005096433209538371
numerous:0.030309559004243754
thus:0.020951918697335255
god:0.06674662218302453
beliefs:0.02738467092053048
s:0.011706344921811666
