some:0.030457483699130976
there:0.00798068683110563
send:0.025507366268488894
actions:0.034384542992940456
gay:0.038651632182637216
your:0.010955932366793588
o:0.060886591022606636
from:0.007361497864610223
to:0.004793736209011586
might:0.01849639248589953
been:0.025517224125590248
make:0.01530504768130177
church:0.03258500730512007
like:0.010127296204423245
really:0.016968658636442834
and/or:0.035138974149078
asking:0.031177676649029512
me:0.01884502052877469
re:0.003251656545897135
articles:0.03662511844086667
justify:0.041406052500318
this:0.0045650646814906
these:0.014405530200860371
on:0.00881754478677026
you:0.038664277524085
serious:0.03127820553947366
material:0.036719126406990286
them:0.012746601491584703
seeing:0.03485469274311676
answers:0.03644009758480333
sure:0.018974295827471337
a:0.001214351413779474
how:0.022875878212680424
other:0.011993982502886181
want:0.01645737363227984
idea:0.024107619958789184
worth:0.030566640163407287
homosexuality:0.041680386045839096
are:0.005590533753054135
no:0.009789093358108781
thread:0.036199372117425785
encourage:0.04471843510198797
have:0.013336972516895291
ve:0.03174145563525973
b:0.026616594317515146
which:0.011233846369717545
thinking:0.03029153507694483
if:0.011654789908928858
of:0.005072363101714921
short:0.030112851005402327
available:0.046975023092421395
explain:0.031261369808805256
reading:0.0285767134466347
please:0.016655785712219606
email:0.02385998833885166
in:0.0015450408860390476
and:0.003319977517311216
subject:0.0002321474512349417
space:0.026587067456635683
i:0.003319977517311216
we:0.011719512223599739
research:0.026846360700319802
the:0.0026217495999619235
do:0.018738728319299913
interest:0.03176334779711205
would:0.008109996922646748
an:0.007807809900536841
here:0.015655660048899095
people:0.03926799495842915
warning:0.03730557232695144
about:0.008565358089755405
verses:0.04599324792104776
viewpoint:0.049845448159545405
participating:0.05268618059654584
disk:0.030443295511303318
questions:0.026297185541265318
center:0.028405485508459206
faq:0.03375734837302399
ann:0.09832079409555838
s:0.00539509809440016
va:0.043400609900881876
