some:0.043646238322742205
go:0.018181609829851654
say:0.017734065180070497
there:0.008577373696982686
all:0.017833043563482077
happen:0.03160403949689079
your:0.011775067497021145
with:0.0054656764185939
wrote:0.024070794156008046
members:0.03446955428508986
geneva.rutgers.edu:0.046718816037966744
to:0.005152146392862918
us:0.03850236235859805
heaven:0.04069310912490043
might:0.01987930033531258
that:0.006484198606251903
think:0.013455589042322946
gee:0.04732688700382713
re:0.0034947710540015934
so:0.009549631751260935
believers:0.10231126261783198
criminals:0.04356370889933596
you:0.02077753231434474
lord:0.03980938405363863
fun:0.03846965098069005
same:0.018150405145127217
said:0.02048135353891058
let:0.021543343390213313
homosexuality:0.04479667659132239
perry:0.04548006224392951
are:0.02403407034023273
christians:0.0336167629629857
it:0.0032042563527100183
not:0.005634672977345466
disagree:0.03970457030765601
real:0.02390274629904904
be:0.01081235994649479
writes:0.006180022345958526
of:0.005451605202777719
what:0.008602262644828329
praise:0.053726690096251695
ok:0.030503263462718987
together:0.03326136674252552
who:0.024169212602501836
in:0.006642231846523008
point:0.02057510244168281
visit:0.13762504119786004
and:0.0017841000677139712
subject:0.0002495042700188626
i:0.005352300203141914
athos.rutgers.edu:0.039034333779519634
we:0.012595737436579157
body:0.03317458994088366
drug:0.04002260534117295
the:0.00211332619623099
see:0.016536315527207253
because:0.01649273176536929
agree:0.028192104476303166
homosexuals:0.09121973406095561
microsoft.com:0.10430692570990126
just:0.010975594051083046
people:0.028135946543422753
loving:0.04876754756296039
is:0.0025109591298192887
christianity:0.03594998424207488
issues:0.035562892360737335
too:0.018247830540789687
nice:0.059060550593546875
article:0.015146408977880391
before:0.019870974460024712
appear:0.03690371559117927
god:0.02479605824088995
s:0.005798469914542227
