some:0.01556715833511139
out:0.015709027987739467
all:0.012720904408617216
own:0.030219875140639937
mary:0.2501231364279069
parents:0.061141400406576694
to:0.003675197760242216
grace:0.06763221037407158
that:0.009250790011586048
appears:0.052004013698591096
like:0.01552852084678231
through:0.03159284392033103
nt:0.00952104735629918
inability:0.07687417278153752
re:0.004985873370375608
exactly:0.042885102043626784
so:0.013624141298465602
this:0.006999765844952254
something:0.02654215089551364
necessity:0.0736748305197963
how:0.017538173296388324
was:0.011806148454685143
said:0.029220064382179098
blessed:0.07298203400072016
also:0.019779961755727552
it:0.009142811459732586
being:0.05188810479800395
were:0.020684043966297323
if:0.008935338930178791
of:0.010370164563506062
saying:0.040220735719525856
women:0.05039086925111234
beyond:0.10414837859836285
sounds:0.04750272751414451
in:0.00236906269192654
our:0.029730338973071913
or:0.008990819436041138
subject:0.00035595942522691063
i:0.002545316096605266
assumption:0.06324311966262446
normal:0.10059633798716115
the:0.005025020066593686
do:0.009577572252086622
see:0.023591810152149017
when:0.01743565923791648
effect:0.046218312728298745
an:0.011971975180823158
human:0.04274456494982101
places:0.05086429176387113
elizabeth:0.16478770017043698
humanity:0.06665217754749923
dave:0.04675032895166123
holy:0.060398592313056616
bernard:0.07756998282381178
grasp:0.0790810319612385
god:0.035375709757003
s:0.01654496748949382
