some:0.005380354263287346
out:0.01085877510673235
dan:0.01831245847643898
there:0.012688188740697891
form:0.015729866011437308
know:0.005686060486904617
all:0.004396625947678761
faith:0.017258184886427615
gay:0.0409671677511823
among:0.015873297087492282
own:0.01044465730667279
your:0.023224557090898847
with:0.0053901140717930625
though:0.011454120744749677
work:0.00933213117046223
to:0.004445803742228486
look:0.010927042969013413
then:0.007354287326155775
make:0.008110969969353473
that:0.00799319413443495
integrity:0.026415790499298257
think:0.0066347835369979504
suggesting:0.02510899192556956
really:0.008992607111478921
nt:0.00987205371044846
perfect:0.01866399444302714
re:0.0017232281234017075
behavior:0.019577829598705965
churches:0.0724137817953863
anyone:0.015418569121118813
this:0.0024192739095457096
discuss:0.02061042568844871
he:0.007327802799632421
something:0.009173554456974759
satan:0.02423102729885005
on:0.0023364461992594005
you:0.015367713992867887
spirit:0.02113182041701959
etc:0.010701953859254541
them:0.020265334168648494
more:0.011718147703416828
a:0.000643550288408477
same:0.008949738942528167
basis:0.017176075009391698
want:0.008721649620793463
was:0.004080466055766754
said:0.010099100592919042
compatible:0.02076296001299408
fine:0.014926988838343595
homosexuality:0.0220886838491774
are:0.014813626304175704
no:0.010375536739009308
christians:0.016576007543960693
place:0.01253192450376233
it:0.0078998946944694
not:0.011113548545179076
should:0.0075705628674353894
statement:0.01600552727969035
being:0.01793367677350367
only:0.006145328286955238
whether:0.02633602382379562
suspect:0.017889838999528847
doing:0.012353469609056752
feel:0.014038141402056118
love:0.015079343042310824
alive:0.0202996363760269
call:0.012244037317966394
be:0.005331440157949044
writes:0.0030472921245048956
were:0.007148863121992162
if:0.0030882507823198585
of:0.0017920791296381442
opinion:0.01525028370777737
what:0.004241668677403831
but:0.006131642601386269
fact:0.022103844503491607
scripture:0.04423663857697499
they:0.017196675106133524
find:0.009753210772688434
who:0.011917538011371874
in:0.002456401408679592
heart:0.018299459046293168
offers:0.020829909785173385
and:0.005278305269457924
gets:0.015379337983376979
word:0.01414228809291898
for:0.0029986070314476864
subject:0.0001230274511152917
i:0.0008797175449096541
athos.rutgers.edu:0.01924734430603042
gays:0.02697749472791133
than:0.006592632636956042
the:0.0024314613225453322
wrong:0.012181668464653735
do:0.0033102208244539014
see:0.008153851435074544
start:0.025968314174032375
would:0.004297924636425696
can:0.003984175080358126
thinks:0.02087508950912095
because:0.024397082473196045
pray:0.022858518340712727
problem:0.009749148811269974
just:0.010823857727796184
people:0.020810227742946327
religion:0.0163665035159572
imply:0.0220886838491774
is:0.009904981636522172
else:0.011643097812617773
right:0.017879019297606446
christianity:0.03545297985163145
does:0.011230311652880416
their:0.006975500546459511
deserve:0.02329773575916584
issues:0.01753561973547878
light:0.016093155234130383
too:0.008997778192923947
nice:0.058244045285801994
change:0.013695894506499943
article:0.003734252904684797
meet:0.019770234182485788
ann:0.052105489958475644
by:0.009128437555918582
check:0.03050056741555474
god:0.012226627796199192
s:0.0028591533680000845
driven:0.02169263578557959
