all:0.03816271322585165
harm:0.19250649924514393
to:0.011025593280726647
luke:0.21373162928763073
on:0.020280353009571598
you:0.04446391915269775
enemy:0.21417856131155574
given:0.11151150236725124
daily:0.17834421358927777
have:0.020450024525906114
verse:0.20718645233635866
chuck:0.19933151992637446
of:0.007777623422629546
authority:0.1691988918453185
and:0.015271896579631595
subject:0.001067878275680732
i:0.007635948289815797
power:0.10807421120682169
will:0.04533221379613138
the:0.006030024079912424
nothing:0.10219424006003636
