since:0.01515773957124001
andrew:0.028526198175545442
gay:0.03367377046214606
your:0.009544941077130777
with:0.004430510430223844
4:0.018820223516505145
active:0.03384713632452173
someone:0.01669286450502288
apparent:0.03666025830739071
wrote:0.01951193162646107
name:0.020926003832047357
catholics:0.04249237801457404
to:0.008352722182368672
everyone:0.02316297543570533
might:0.03222856266482494
perhaps:0.02188228437606095
been:0.011115457478950298
that:0.007884196032601746
think:0.01090718202673148
nt:0.005409685997897261
months:0.025725716211968334
me:0.016418010309159767
re:0.002832882596804322
believers:0.041467064773136456
this:0.011931419053895886
posts:0.030477405092186906
on:0.007681951897564999
am:0.012381336035616405
bill:0.02345086269463422
m:0.020739616850243517
more:0.009631962316823681
a:0.0010579576710957538
christian:0.02428668463058012
orthodox:0.04031296837478782
truth:0.02723528430312579
protestant:0.09146118049622294
d:0.013801850169522996
it:0.005194779238484424
not:0.013702500194908294
flame:0.0318004053399833
voted:0.04434936633300575
have:0.0038731107056640367
always:0.020128455287868996
after:0.014615255209582964
heck:0.037520842987115756
has:0.016132946574038652
netcom.com:0.024386630111523783
be:0.008764564502082899
get:0.009957378600690322
even:0.012720904907318377
exclusive:0.0430622524178891
reading:0.024896379139113564
they:0.014135145825874905
one:0.007449325058906231
become:0.02509259677875112
or:0.02043368053645713
and:0.00867721396569977
for:0.004929528225940515
subject:0.00020224967342438103
i:0.005784809310466513
group:0.061298089427423756
any:0.007752176259763692
catholic:0.0705411302527315
liberals:0.045900839156081605
the:0.002855125037837322
do:0.0054418024159583085
when:0.009906624566998
did:0.012453871541234587
liberal:0.0371322574235737
claim:0.024736659430302926
an:0.006802258625467703
ready:0.03193544915780603
newsgroup:0.029122453337684467
religion:0.026905539870929644
is:0.006106196065696907
clinton:0.0277663355187154
new:0.013060602764269295
else:0.019140547161651946
right:0.014696012074168936
christianity:0.058282550210636545
appropriate:0.030636422333791716
tradition:0.035528854606236775
change:0.02251522051447339
primarily:0.03597992577056266
side:0.024396697564933283
seem:0.02090691329466468
conservative:0.07982408218208562
