pardon:0.1398287735468788
to:0.0032814265716448352
that:0.008259633938916114
me:0.02579973048582249
re:0.01780669060848431
samuel:0.13253414960726137
you:0.02646661854327247
arthur:0.127221207909304
knowing:0.10223867422918602
a:0.006650019646887595
quoted:0.10637671416278256
mind:0.07213466197643183
have:0.012172633646372687
johnson:0.1099369935430436
knew:0.09243083483089903
be:0.013772887074701697
if:0.01595596237531927
of:0.0046295377515652054
but:0.015840076720247863
clarke:0.1389468385068705
comment:0.18712368556584585
in:0.004230469092725964
few:0.05441970240253063
subject:0.0006356418307623404
mail.sas.upenn.edu:0.13938372276087518
source:0.07426828480237677
the:0.007178600095133838
may:0.044310131605710255
about:0.023452766198139796
is:0.006396967306920569
morning:0.10214620994284322
questions:0.07200419850584551
man:0.06900117473321901
already:0.06918538860231789
s:0.01477229240133377
