prism.gatech.edu:0.04678323356538889
remind:0.052264873376764324
with:0.005790370067223241
someone:0.021816416976861583
kids:0.043528346840145775
wisdom:0.048113799810026704
often:0.03076554839879907
my:0.01881612398673864
important:0.03111256725716062
been:0.014527132546746924
that:0.01030409778518248
think:0.01425493096562926
quite:0.0262990037832614
bit:0.02698103166391782
really:0.019320749932583425
nt:0.014140169341038386
could:0.014941674805208489
me:0.0107286007960846
re:0.003702381215625451
scott:0.11352704118331207
this:0.01039569184893899
student:0.03983185616008586
consistent:0.04615165200226681
recently:0.03276546103552168
on:0.005019889358804851
bill:0.030648652234571458
m:0.013552620912040318
sin:0.08526269575252468
a:0.0013826773523231634
question:0.021613723597496085
homosexuality:0.04745786529971778
phrase:0.04845881695190955
it:0.003394608215247247
not:0.005969406025504603
statement:0.03438811306626541
discussions:0.04752153748120581
ve:0.018070630683439944
whether:0.028291669157245788
has:0.010542321523629218
love:0.03239819247704404
heard:0.02675888474673143
which:0.01279101319324275
writes:0.006547152386312498
of:0.005775462937596197
piece:0.04267040508706448
conventional:0.052794464316873096
but:0.01317392519307743
please:0.018964508484210444
in:0.005277614907757143
context:0.08223249402370242
sinner:0.059989215530720515
and:0.0037801724207008895
for:0.006442551740833149
subject:0.0002643263058615673
i:0.0056702586310513345
source:0.030883841204948758
the:0.005224030762300368
would:0.009234154911924516
hate:0.07972255925857087
about:0.009752635448731402
is:0.010640500074877778
christianity:0.0761712537406339
applied:0.04383168317145161
does:0.01206424568651015
experience:0.03279428489896186
count:0.04221158986668129
rom:0.04989187482958195
very:0.01725982665132126
little:0.023221175266321427
grateful:0.05335399115116361
manner:0.04514749181963411
s:0.006142933473821964
