prism.gatech.edu:0.03691489523518967
week:0.02693624065941862
feeling:0.03411435039523064
say:0.014824570111465183
there:0.007170148324821464
birth:0.040392746625461926
enter:0.03700902287984728
nicholas:0.09118386277013378
parents:0.07165007860145706
to:0.002153436187641923
grace:0.03962824826605756
within:0.02528476731502201
death:0.026214190500284548
born:0.03357752310969899
front:0.027476179135671356
that:0.01355096193103425
uxa.cso.uiuc.edu:0.034832854216655815
really:0.015245279243679109
nt:0.005578738685331551
its:0.016154879344016954
me:0.008465536565660505
re:0.0029214101779544573
michael:0.046948362526151394
so:0.007982895292069688
baby:0.03899273545782356
this:0.004101425299776711
baptism:0.139966391990933
he:0.024845831367503676
on:0.007922012894363905
you:0.013026538814266918
children:0.02619044428139473
spirit:0.03582503930072853
state:0.020763385835473564
sin:0.033638797933613254
a:0.0010910188483174961
said:0.017121131473933064
soul:0.03293343194398747
are:0.005022745168759574
no:0.008794888563925858
book:0.0242945196147162
doctrine:0.036961817298160074
d:0.01423315798732059
reason:0.020876655656316623
it:0.002678558044843531
have:0.003994145415216038
being:0.01520159320254022
verse:0.04046610397194505
has:0.00831855057723868
without:0.017556331912519492
writes:0.005166112429824706
of:0.013671603672591
what:0.007190953929661181
but:0.00519752517383133
canon:0.043597035355310294
one:0.015364232933994101
in:0.005552490684202827
and:0.004474188451063944
for:0.002541787991500578
subject:0.00020856997571889294
i:0.0029827923007092957
athos.rutgers.edu:0.032630263393817194
walker:0.038072555491758066
water:0.03203200948993399
event:0.032443288657788845
the:0.004710956312431581
do:0.005611858741457005
original:0.048221375207398116
can:0.006754421815919636
meant:0.03180983812024232
law:0.04698189258193697
an:0.007014829207513568
kingdom:0.038752331874489544
jesus:0.027134370466350047
definition:0.03183421411505672
is:0.006297014692749936
right:0.015155262451486715
lee:0.06667423905272994
their:0.02365130654033928
article:0.006330725627473445
very:0.013619081967058182
removal:0.04453098184476172
thus:0.026026211506846135
says:0.020008021440840375
john:0.02094904999673317
god:0.020727954935743944
s:0.004847158444187643
