some:0.003917908976957564
reference:0.012522258600732732
partner:0.019970738605404048
read:0.007607392825160811
at:0.0029562584310551376
out:0.011860843279333488
there:0.0030797952536145887
all:0.0032015699014976214
story:0.024127902872567813
with:0.0078500319032154
from:0.002840846491376428
brothers:0.034393298867288175
angels:0.017257114217210122
my:0.003188638460839937
christ:0.012455952728315074
to:0.002774897637766773
young:0.012597501768705324
most:0.012460372241389515
minister:0.018083064114991693
published:0.01375871548560923
day:0.008534573945512993
heaven:0.02922256829774729
doctrines:0.01897129416273358
she:0.022249278422137465
that:0.003492328443971243
son:0.014319299662331262
luke:0.0358610116254414
me:0.0036362036255186063
re:0.0012548339019401696
mormons:0.017820472850227437
so:0.003428894622097047
charles:0.027625856744522385
had:0.010298043528068021
this:0.005285058104410258
parallel:0.01544078317940064
he:0.010672034949800237
resurrection:0.018122312570572875
you:0.0018650972798950397
relative:0.01652053515668761
took:0.011326851263143218
shorter:0.01958311146741128
fun:0.013812928372261193
more:0.004266506798056127
a:0.004686255455860386
nor:0.03477723822458459
was:0.017828076525531252
as:0.005369893692731667
idea:0.009303276158593141
wife:0.040681027118899024
given:0.018709983618666316
therefore:0.03455965289149194
also:0.004978178294226733
died:0.013611419534074918
marry:0.06099574599264535
far:0.008353617691682556
reconcile:0.020256503062921857
are:0.015101945205397916
those:0.006227904880159597
book:0.031305689704869195
it:0.004602086305234523
not:0.010115939741207464
statement:0.011655031609707402
have:0.006862424337552387
bound:0.017050088817863344
covenant:0.04201061385278472
only:0.004474953819695592
interesting:0.01096652537557521
husband:0.01789342582551739
verse:0.017381413786607267
kind:0.009246733882426375
lady:0.017196649433644087
able:0.008850554450035802
his:0.006189359199682069
be:0.001941145158179434
which:0.004335209169521872
if:0.002248826911957749
of:0.007177337051084313
but:0.00223249403439735
mormon:0.019522646683845245
pacific:0.018005918080680625
they:0.018783616600827054
who:0.013017310814434713
beginning:0.013590895282338554
david:0.008377333017934543
called:0.00900085401294206
in:0.007154887324610355
seven:0.0323437575951326
force:0.011993302412130105
world:0.042302863904910684
and:0.0076871962649152316
word:0.010298243342830263
for:0.0032753241232759125
subject:8.958710366449093e-05
jews:0.012398094317461026
rate:0.013035824528494132
scriptures:0.017856751092187893
20:0.021106257371849797
any:0.010301549660625575
chamber:0.041826728119978576
tobias:0.12778374847760843
will:0.007606076140290499
than:0.004800675443689467
the:0.004805807781809399
do:0.002410462815122472
when:0.017552677085150816
around:0.007943605480381328
would:0.0031296967990079735
law:0.010090070890080422
her:0.05547665780083436
because:0.005921886909041993
named:0.015642002859828686
lds:0.021297291412934738
an:0.006026162003770045
appointed:0.019771331154159747
long:0.007987621627881157
people:0.005051252147896367
is:0.0036063439851095826
weight:0.01491589832551436
eliminate:0.018083064114991693
mostly:0.013694795368257906
marriage:0.1037265608112461
does:0.004088888638716527
man:0.009724997781191942
their:0.00507947523013998
entered:0.016828143171874938
eternal:0.030952965004472793
dead:0.011514369579903141
him:0.01608399532458596
little:0.007870264100330416
neither:0.025119338593966235
entitled:0.01751049526589517
before:0.0071348800913511555
by:0.00997082692768959
s:0.00832800376987944
