all:0.010258793877917111
fax:0.032888638063262254
name:0.02970142479387367
christ:0.03991262272083755
to:0.005927738322971316
mail:0.03294962908425652
that:0.00373015726273631
son:0.04588334730510448
bit:0.029301980624254837
scott:0.08219520544454853
believes:0.10556185955678155
this:0.005644972455606656
a:0.006006469358479119
hard:0.029077778522317306
christian:0.03447142334662985
price:0.0336574645359566
was:0.01904217492691152
as:0.008603378066849661
said:0.023564568050144435
given:0.02997621031377722
washington:0.04128186382166123
those:0.019956082304167316
christians:0.03867735093590829
it:0.0073732350481714405
not:0.0064829033180211285
have:0.005497318420942504
follow:0.04061282056362673
only:0.01433909933622889
university:0.05054494842147642
always:0.028569420408588255
snail:0.0611206163350684
after:0.020744233200698403
liked:0.05463361793250836
talk:0.03719993298534438
his:0.019832570338766203
be:0.006220013517607219
certainly:0.03307265889522195
things:0.024029311055271504
of:0.00418151796915567
but:0.014307166069901296
fact:0.025787818587406877
who:0.02780758869320104
good:0.017419460767306445
one:0.010573235567479812
email:0.02950428665556926
in:0.001910534428973016
703:0.1247322394556233
and:0.0061580228143675786
for:0.0034983748700223014
subject:0.0002870640526023473
i:0.004105348542911719
pay:0.03583701141933208
the:0.0024314613225453322
may:0.020011027176772375
definition:0.0876296646608013
is:0.002888952977318967
christianity:0.04136180982690336
lee:0.04588334730510448
their:0.01627616794173886
virginia:0.05247586851893683
first:0.02018876160635528
him:0.05153796351318942
although:0.033975693083384495
before:0.022862303948630588
apply:0.04300597833859864
god:0.11411519276452581
identify:0.05358374191569206
s:0.006671357858666864
