since:0.009263063071313339
there:0.004248976785079386
all:0.008833961394873066
thanks:0.009228641874611865
with:0.0027075341518034597
into:0.00829075881010364
from:0.003919315992732294
often:0.014385742538327343
catholics:0.02596756434223969
to:0.004466386166961026
commitment:0.02610373973671327
require:0.01796074564306753
everyone:0.014155151655153256
most:0.017190698740435537
next:0.012399907517357292
been:0.006792779570469626
that:0.009636239595402133
terminology:0.027458691653207808
think:0.006665500127447014
protestants:0.028608975724034195
like:0.005391847516243857
nt:0.00661183844187443
could:0.0069866164598428575
consider:0.02981818591269623
re:0.001731206031380419
description:0.02025481602493473
this:0.002430474251719532
mean:0.01223806507791602
presume:0.02596756434223969
something:0.00921602461649779
two:0.008633284410431997
these:0.007669610986569178
starting:0.0181551943651723
on:0.0023472630798115272
enterprise:0.028608975724034195
you:0.00771943040845447
used:0.009141034760818822
etc:0.010751499941936275
them:0.006786385053390004
3:0.010840120114063052
includes:0.017443307275149762
sure:0.010102055648885201
a:0.0025861187515673983
practical:0.022220718914823082
christian:0.014841862829798961
want:0.008762027628297137
broad:0.025520217880716213
as:0.01111269666968081
definitions:0.049682996185581724
creed:0.03193824733034533
related:0.017843236044588748
accepted:0.019499484355091048
course:0.011324776851388977
based:0.01398566209213214
are:0.01785864948892293
those:0.008592202103183148
likely:0.015307448170970963
christians:0.033305496639254355
it:0.0015872936562035737
disagree:0.01966846769869997
discussions:0.022220718914823082
only:0.006173778880876326
argue:0.019720389322867286
centuries:0.02478918533698562
has:0.004929511453178477
attempt:0.017854853690910163
talk:0.016016637813134383
personal:0.015527293848128313
be:0.008034184126909323
which:0.011961966041828868
writes:0.0030613999584146404
get:0.006085064700421862
of:0.009902066857514468
formula:0.08383941545487102
but:0.00924004475347792
armenians:0.021987732415343846
nature:0.01765007010305449
maintained:0.024686300444463807
seems:0.010909662450838324
groups:0.017036044437437
they:0.008638144671367996
who:0.005986355899230779
accept:0.016537555419734874
commonly:0.04778675162404456
one:0.009104730627552059
in:0.0008225912124744929
fully:0.038867162082201805
communities:0.026035151376596878
rather:0.02382855234178577
substance:0.024947931047534837
and:0.003535161245285091
for:0.0030124894714080924
subject:0.00012359702264823285
outside:0.0333775534951993
i:0.0026513709339638183
athos.rutgers.edu:0.019336452381521298
we:0.0062395551190461565
felt:0.02090381589690487
possible:0.011930424180391582
yet:0.012176244179102609
unfortunately:0.017045801300120168
than:0.013246308168698713
the:0.004885436175854973
do:0.0033255459208634103
level:0.016298773900896985
would:0.012953467307005223
major:0.015168648021841629
an:0.004156935826674707
human:0.014841862829798961
here:0.016670378755772184
jesus:0.0321592538860445
about:0.009120520188165476
15:0.015471345981391868
definition:0.0565941584267675
is:0.004975419016493776
number:0.011584559483322954
discussion:0.01591607381708422
object:0.01958320507468964
issue:0.014497037071596542
recent:0.01758377355780102
christianity:0.07123422803522245
almost:0.013990708010484111
article:0.0037515411125768564
purposes:0.020495370371836172
give:0.010940908663685215
majority:0.01908698437922973
understand:0.013871098439516913
john:0.024828503699831903
include:0.015562607746502784
clh:0.02784471762051823
