since:0.01333881082269121
at:0.005873100083029541
know:0.016451668342110693
all:0.006360452204308608
opposing:0.03592502070845017
from:0.005643815029534504
post:0.03443437072574908
several:0.018789675813782644
name:0.018414883372201676
my:0.012669523484404019
christ:0.024745826086919283
to:0.006431596080423877
look:0.015807788828506072
then:0.010639202331838689
representation:0.039675200696069376
normally:0.028372344960805224
been:0.009781602581476262
make:0.02346773977799605
that:0.009250790011586048
think:0.009598320183523702
like:0.007764260423391155
nt:0.01428157103444877
me:0.014447849072060598
so:0.006812070649232801
this:0.003499882922476127
you:0.007410653192116292
them:0.019544788953763215
bryan:0.0353320374683402
a:0.0009310027505642634
christian:0.021372282474910506
was:0.005903074227342571
responded:0.03491953477688628
said:0.014610032191089549
compatible:0.030037082152131436
homosexuality:0.06390992527028662
far:0.016595853814142678
others:0.017975521487122642
are:0.01285822763202451
those:0.012372771028583735
christians:0.023979957580263136
wild:0.03150071060069519
not:0.0080388001143462
should:0.010952080948223197
have:0.01363334968393741
made:0.015503863679453344
being:0.012972026199500988
calling:0.02742000413031639
evaluation:0.03789478212774241
love:0.021814782934542993
asked:0.02248200599158954
assumptions:0.07216378138236959
get:0.008762493168607484
down:0.01576243717968772
if:0.0044676694650893954
of:0.007777623422629546
even:0.011194396318440172
but:0.008870442963338804
saying:0.020110367859762928
groups:0.02453190398990928
who:0.017240704989784646
in:0.00118453134596327
resources:0.029425031823777283
point:0.014676906408400405
and:0.0038179741449078986
subject:0.00017797971261345532
i:0.011453922434723695
judging:0.07599954234839335
will:0.007555368966021896
the:0.003015012039956212
wrong:0.01762281371219907
do:0.014366358378129933
would:0.006217664307362507
because:0.011764815325963428
homosexuals:0.0976051154452225
put:0.01658306199697853
an:0.005985987590411579
people:0.030105462801462347
replies:0.029878721578744053
many:0.024709347034374583
about:0.006566774535479144
maintain:0.030467338959715245
general:0.019656202420583677
is:0.003582301691875519
homosexual:0.03221643405616518
christianity:0.025644322092680083
their:0.010091224123878093
show:0.020067124464898885
e-mail:0.018331305177681778
side:0.02146909385714129
before:0.014174628448150964
by:0.01320580633089555
s:0.004136241872373455
