reference:0.07316927574545794
king:0.08230693146819207
out:0.023101511746675685
passage:0.10048238296521447
response:0.06885487358092827
isaiah:0.12116742659590954
to:0.005404702588591493
heaven:0.08537573875224208
that:0.006802051479107388
fallen:0.10887531296809103
re:0.007332166721140599
this:0.020587546602800745
satan:0.20620129113139063
a:0.013691216920062697
anthony:0.10543514282091077
it:0.006722655485097489
being:0.038153018233826434
referring:0.09312451375910334
his:0.036165275323632486
claims:0.07365344461977895
common:0.06600251058100687
g:0.069313763941402
of:0.015250242005155972
reading:0.06443768718358805
biblical:0.1790190487564908
using:0.043223932914606286
for:0.006379389468864196
subject:0.000523469742980751
rose:0.09667540228990158
angel:0.11590734842738641
the:0.0014779470784099078
because:0.03460239801753949
about:0.019314042751409247
language:0.07995900587718018
is:0.010536181446692702
request:0.0764764907332222
kicked:0.1123965987911318
clh:0.11793056874572427
s:0.012165417271686633
