some:0.00997894765071243
believe:0.018569845131028554
say:0.01621833311339781
there:0.007844264833992714
search:0.03647137862713433
all:0.008154425902959755
passage:0.04380001308740118
706:0.05052371598116844
though:0.021243967535134016
someone:0.018832975339000173
turn:0.029243402860807826
to:0.0011779480000776333
that:0.0029649967985852723
nt:0.006103235484807167
re:0.003196072673317697
avoid:0.0330491409677188
tells:0.03783760684031293
michael:0.05136231113972119
ps:0.07701815936443958
resist:0.048717655351534196
phone:0.025105530993244182
this:0.004487029387789906
aisun3.ai.uga.edu:0.0481915195139322
programs:0.03019813781448305
on:0.004333408762728974
rev:0.045297483933769485
them:0.012528710867796932
bible:0.03076011540048972
sin:0.22080851976935878
amateur:0.040592736766788644
a:0.001193593269954184
other:0.02357791432191301
intelligence:0.03863325148190278
was:0.007568043881208425
following:0.02339584848751933
also:0.01267946266392792
are:0.005494969073514749
action:0.03146917163099108
it:0.002930388288375829
not:0.005153076996375769
interesting:0.027931833862576177
ve:0.015599433325020806
university:0.02008837693674063
u.s.a:0.043876668386399136
evil:0.03569806593511625
scientist:0.04214055997252121
talk:0.05913835500234235
which:0.011041814807842033
of:0.00332377069343143
georgia:0.08215637265140861
even:0.014351790151846375
but:0.011372362773511287
associate:0.04233120747264342
talks:0.040913287155322435
who:0.01105173396781067
up:0.0114825672679691
in:0.004555889792166422
point:0.01881654667743642
or:0.011526691584668127
sinner:0.05178556212481002
word:0.026229713813362556
subject:0.00022817911873519915
each:0.02176076408000526
i:0.004894838647317819
athens:0.04576464985289653
artificial:0.04403207282300761
research:0.02638744855159639
necessary:0.030810049380183977
the:0.005798100076838869
when:0.011176704639690052
would:0.0079713644966186
hate:0.13764065786522495
isa:0.04124632962141974
radio:0.03066111419459544
did:0.014050521738828765
mcovingt:0.09468436426182672
people:0.01286558239378733
about:0.025256825136458244
passages:0.08988261408291387
is:0.002296347238381743
128:0.04927831588560098
god:0.045353474047439744
covington:0.09378447138173406
