prism.gatech.edu:0.01623747969107999
some:0.004012154210080255
since:0.006875675681799592
at:0.0030273711768193504
say:0.013041546214897205
there:0.0031538796755228434
surely:0.015417574322505226
attitude:0.015107776738332381
all:0.0032785836104683545
case:0.00849350895981703
truly:0.014976987866083775
with:0.010048580357208717
way:0.0059531712011908705
c:0.008886933661267903
though:0.008541389008971407
ca:0.014134354612318357
into:0.01230793060468994
both:0.007717196159134838
christ:0.025511160914349774
to:0.005209687546735099
then:0.005484124913318911
us:0.014157226021890007
prayer:0.01824914401844597
that:0.0023842242297902184
think:0.00989517544693165
really:0.006705827296188749
through:0.008142485546477068
tie:0.018212390447598037
nt:0.014723269107679144
perfect:0.01391782403483467
suppose:0.013244463868148348
consider:0.01106654322533056
happens:0.025677508692637654
anything:0.015953547424875626
re:0.0012850189098906203
scott:0.0262685708121753
so:0.01053412986994763
this:0.009020316810505483
he:0.010928750567149382
something:0.006840760540080835
enemies:0.019642494905415607
you:0.0038199243258331397
philosophy:0.016819039560628402
why:0.024463540620673626
sin:0.11837157760831606
more:0.01747655018310276
a:0.0014396949750993763
how:0.004520147756801114
stronger:0.01748972581242154
want:0.006503773084921586
as:0.005499066393244113
lets:0.015923073022953992
others:0.018531465450641896
are:0.0022093174625471665
christians:0.012360802876424297
neighbors:0.018558244488078062
it:0.009425578824466582
not:0.008287422798295049
should:0.011290805101261028
admit:0.014089681150211513
have:0.0017568749592702846
only:0.004582598756939129
whether:0.009819445308872249
stay:0.013569407451052172
always:0.00913043332645604
has:0.0036590188106067046
love:0.06746840082848347
evil:0.014352830633706532
be:0.003975678743212861
considered:0.011831075454337498
writes:0.0022723793505758155
get:0.0045167490559832385
certainly:0.010569612636617322
if:0.00460584480937051
of:0.002004542119234419
even:0.005770307380639264
what:0.003163031281775365
but:0.004572393280071548
never:0.007573674332858627
fact:0.008241467795975392
assert:0.01903448559902702
necessarily:0.013358292209815128
who:0.004443480667470269
commands:0.033258791041756525
up:0.004616702303616442
now:0.005676681779650324
good:0.00556704416274742
one:0.0033790752844523107
in:0.002442332672089216
become:0.022764417696186583
our:0.038312292491072056
or:0.004634443008268627
sinner:0.062462997614461564
and:0.004592065122741459
for:0.001118037329594756
subject:9.174211990384295e-05
i:0.006560093032487798
athos.rutgers.edu:0.014352830633706532
becomes:0.014796447201039507
we:0.03705137885124316
world.std.com:0.01579407673663418
will:0.003894520085578297
the:0.0036263031408408047
do:0.007405339370170069
see:0.024321453765102075
when:0.004493726607710432
start:0.009682343944613444
strong:0.01240774015797426
can:0.01188406862457338
hate:0.17985518953007484
law:0.010332787371972392
come:0.00825152465453405
an:0.006171121227228431
just:0.004035699530810605
ourselves:0.03268387675112473
about:0.003384935327566569
contradict:0.01948011385781923
paul:0.02250874564336122
is:0.0036930945277067204
deal:0.022655085854024117
either:0.00860330827186721
save:0.012448488771207196
argument:0.012091894983298013
does:0.004187246784665035
fly:0.017019763829207144
eventually:0.02912232533487997
objectively:0.020181472470683543
every:0.008357898717997924
supposed:0.012538470829609486
leave:0.012141519327472565
article:0.0027846490732529243
teaching:0.01728837129604335
says:0.017601558380945483
emotional:0.018286294932893445
hatred:0.03586341985729733
apply:0.01374417864429441
god:0.009117450968299742
summary:0.014782944527019266
s:0.0021320834393677604
