perform:0.039123652072943514
since:0.016813627087425894
say:0.015945756086281876
there:0.007712428450228129
separated:0.04873990869484439
paragraph:0.04168318050365262
thanks:0.016751148276606412
with:0.004914515771340734
way:0.014557754786105406
o:0.029419991460503205
from:0.007114052558236769
my:0.007984993792691608
christ:0.03119221775662094
to:0.002316301109396354
that:0.005830329839234904
id:0.039410158050615575
luke:0.04490160279151906
asking:0.030129687517969697
brought:0.03255792304651821
re:0.0031423571662031135
mormons:0.04462605806191409
this:0.004411617129171588
these:0.027842621396620883
you:0.004670579742930435
spirit:0.03853449605456514
them:0.01231814429859026
more:0.010684193494291814
a:0.0011735328788625168
how:0.011053470564950624
nor:0.029029739470381538
as:0.020170945215555087
idea:0.023297279792107193
wise:0.04112891186674676
given:0.023426786211607403
question:0.018344420868463062
marry:0.050915216542880434
whole:0.025142146848968823
columbus:0.048593759596425326
reconcile:0.05072636901471188
mind:0.025459292462270057
no:0.009460048203214368
those:0.01559592986796269
not:0.015199411980906678
statement:0.029186549745317696
be:0.019444075870167103
writes:0.005556826815273633
of:0.006535818002209703
brooks:0.15003227153975815
what:0.007734807588206985
mormon:0.04888864463685616
oh:0.02714047213564263
pacific:0.045090450319687614
necessarily:0.03266607590803531
they:0.015679321420298212
david:0.04195706284612595
bodies:0.04011929580084707
in:0.0074655336930458185
point:0.018500302195462694
world:0.02118698057758552
and:0.0016041908171881927
for:0.005468048116169311
subject:0.00022434417556317895
i:0.0016041908171881927
athos.rutgers.edu:0.035098098440408405
we:0.011325579039613192
20:0.026427162591643863
body:0.029829253140122282
physical:0.0358584142804598
will:0.009523574326918355
the:0.003167029453735517
behalf:0.04904006064948371
do:0.012072570065655406
can:0.02179578132195916
just:0.00986881145769652
people:0.01264935411826149
is:0.002257753167148436
living:0.03095802532797563
marriage:0.1298761139569384
their:0.025440060816499393
eternal:0.03875623349299535
reflect:0.03975724885852512
article:0.006809520002660512
neither:0.031451944962193015
opinions:0.02399672399596674
by:0.00832298718333753
s:0.010427500518588543
