some:0.009340295001066833
read:0.05440807348555012
week:0.027582710435244667
at:0.007047720099635449
out:0.018850833585287358
printing:0.07775190049300315
your:0.0100794577774501
with:0.004678619014316379
times:0.044967618263888426
from:0.006772578035441405
to:0.0022051186561453293
job:0.02777190844231341
important:0.02513895434378578
most:0.014852763711736303
that:0.005550474006951629
think:0.011517984220228442
could:0.012072873242608459
re:0.0029915240222253645
so:0.008174484779079361
anyone:0.01338331799713113
contend:0.046982467911751286
this:0.008399719013942705
he:0.012721065660161882
hi:0.025208133280115237
you:0.004446391915269775
suggest:0.029371198440880944
crisis:0.045473738553290885
more:0.010171352206565808
a:0.002234406601354232
christian:0.05129347793978521
lists:0.037897239428963614
anthony:0.0430175382709316
frank:0.09398818503721493
are:0.005143291052809805
book:0.07463276425640816
it:0.021942747503358204
not:0.0048232800686077194
couple:0.025247934357236147
have:0.004090004905181223
ve:0.014601069592219474
second:0.021997566213218134
has:0.017036391582184816
usually:0.026382005937492906
g:0.02828001568809202
writes:0.005290099128140499
if:0.010722406716214548
of:0.0031110493690518185
what:0.00736353682397305
excellent:0.031160523306723097
order:0.022434534889059936
they:0.00746335699606195
now:0.013215315183025954
one:0.01573297452440996
in:0.005685750460623695
stores:0.043394078357795476
according:0.027516209636689746
and:0.004581568973889478
still:0.016333672657836376
for:0.005205581806593184
subject:0.00021357565513614637
i:0.004581568973889478
rose:0.039443564134279845
athos.rutgers.edu:0.033413389715268804
house:0.02750297555592153
directly:0.02906000260397104
than:0.01144481025775569
the:0.0012060048159824848
waiting:0.035000322091087215
jr:0.03738093125986305
can:0.006916527939501707
about:0.007880129442574973
15:0.02673448585584515
is:0.0042987620302506226
printed:0.038930933280803666
time:0.02527215951845942
christianity:0.030773186511216098
first:0.030040877270256658
sold:0.03285222484033473
him:0.03834424485381292
thousand:0.03729053481783159
article:0.0064826630425328085
feelings:0.04265792716803346
answer:0.024290168337030852
needed:0.02668658152108817
by:0.007923483798537329
yfn.ysu.edu:0.04453147426803982
s:0.004963490246848147
