sent:0.029899858116175716
week:0.028031209791915316
at:0.007162317174426269
out:0.009578675602280163
minnesota:0.040968124860063224
true:0.042004565726143854
saw:0.027620980350694758
c:0.021025184515682603
someone:0.017914293615146504
fred:0.03767166056650091
journal:0.04026627052275837
wrote:0.02093963394059237
yours:0.0343604008524753
my:0.007725319197807328
revised:0.047594441918347635
pointing:0.04159115921795685
published:0.06666824739368375
perhaps:0.023483427135284923
been:0.011928783635946662
that:0.005640725616820762
me:0.008809664068329632
he:0.012927912256262077
something:0.01618423835092295
recently:0.026904972069818615
certain:0.026799308876101702
philosophy:0.03979138627758427
a:0.004541476832020798
was:0.007198871008954355
copy:0.02777733288669384
anthony:0.043717010437938617
logic:0.033762121530056685
it:0.013937212591055771
have:0.004156509049980918
being:0.015819544145732913
whether:0.023231370608795324
university:0.019108456110558163
has:0.03462681215891223
free:0.04695134624593066
which:0.010503189695264373
of:0.015808177688271436
department:0.02819573644465802
looking:0.02108849874314345
asks:0.041809918997793634
surfaces:0.048552027574090585
supply:0.032828987265077596
version:0.07610903921135573
anderson:0.039452583867823555
again:0.019852594618764374
in:0.00433365126571928
yes:0.02168167374393406
or:0.005482206973195816
and:0.0062080880405006485
still:0.01659926083113453
for:0.005290225413204456
subject:0.00021704843001640894
i:0.0062080880405006485
rate:0.03158272934545733
any:0.008319408669014695
the:0.00612807325194352
when:0.021262999070629854
original:0.02509079685588195
can:0.007028991808436694
last:0.017724898797231693
is:0.008737321199696387
argument:0.11443061593950317
else:0.020541075002748432
existence:0.0330776329835498
guess:0.02435900213768824
professor:0.041663427083137715
already:0.023624279034937818
written:0.029134300312651303
god:0.021570554729879877
james:0.02812677859867502
