thanks:0.026228771643633724
tony:0.060825586545298786
way:0.02279437920455978
into:0.02356320924976824
my:0.03750845768409084
ground:0.05101254820259659
to:0.010880519684927611
add:0.04521342653225945
mom:0.07857762357385713
been:0.038611589137406296
bunch:0.05337109238360954
that:0.004564534545190484
could:0.03971339882436993
me:0.01425774579479664
uncle:0.07913761850042024
used:0.02597978300443244
them:0.0771504827122232
onto:0.05729161416268876
burn:0.06412219872296095
a:0.0018375054287452564
how:0.01730740785827795
same:0.025553859875376478
old:0.06968192321953484
blessed:0.14404348815931609
anthony:0.07075253005087433
advance:0.04162501600890328
proper:0.05403326454002422
should:0.021615949239914205
have:0.0067269817519428005
ve:0.04802983418493248
has:0.01401019044587567
of:0.005116857514887859
what:0.012111080302587252
who:0.01701385360834011
in:0.00467578162880238
and:0.0025118250953341434
subject:0.00035127574857918807
i:0.015070950572004862
addition:0.05217585027291308
the:0.003967121105205542
do:0.009451551564559166
would:0.012271705869794421
holding:0.06061392683804057
her:0.04350537901223326
just:0.01545248109823534
is:0.003535166143298209
leave:0.046489238477559425
bin:0.08566968279402407
give:0.03109521409678956
giving:0.049912722990645725
s:0.008163635274421294
