at:0.04404825062272155
harm:0.2406331240564299
ease:0.2874377920149466
to:0.006890995800454155
me:0.054179434020227235
daily:0.22293026698659724
verse:0.2589830654204483
safety:0.2066336692573082
chuck:0.24916439990796807
without:0.11236052424012476
be:0.028923062856873568
of:0.009722029278286934
but:0.033264161112520514
in:0.008883985094724524
fear:0.21528830677512484
and:0.009544935362269746
subject:0.001334847844600915
will:0.05666526724516422
whoever:0.25195396788938884
live:0.15483441369738293
