obvious:0.035290351503688186
reference:0.06847033143152945
believe:0.01993276954431505
out:0.01080896421174734
there:0.008419990693368325
defeated:0.058225622394995895
passage:0.04701469294702696
saw:0.03116862920307757
previous:0.03186421485956703
someone:0.020215212061128623
from:0.01553343586110414
my:0.008717562030553223
to:0.0037932086974976995
front:0.0322656048565682
heaven:0.1198393397164499
been:0.01346092098368293
that:0.009547833727554408
fallen:0.05094166019607929
like:0.010684762050538288
nt:0.006551179373600354
luke:0.09804203178331686
me:0.009941180554170136
re:0.003430646814478629
he:0.014588378050644361
something:0.01826294786388553
satan:0.2411987579747918
rev:0.0486220699105599
fall:0.07156515646595105
bible:0.033017738549149515
support:0.025128039537004643
a:0.005124785782922551
as:0.00734049688272494
also:0.013610065428252903
cited:0.047606789471224854
it:0.012581850632659522
have:0.009380745195369777
being:0.01785141220114815
verse:0.047519828517513456
referring:0.043572020199213496
asked:0.03093854035539845
of:0.007135434332687657
but:0.00610351580046248
biblical:0.08376120629890854
in:0.0032601780164126697
context:0.038098540809146535
or:0.006186343648652159
rather:0.023609941769842782
and:0.0017513642866549995
for:0.0029848519533217798
subject:0.0002449262100185165
i:0.005254092859964999
angel:0.05423187862198814
possible:0.02364194149508791
directly:0.033325691059599816
pretty:0.026403853733207586
than:0.013124782405683131
the:0.002766066091702947
do:0.006590072650518319
quote:0.03701796250037238
would:0.00855641877159978
makes:0.02562365029588967
jesus:0.09559264457870109
about:0.009036845691026345
is:0.007394659455706346
lee:0.03914817705848364
mission:0.04124764102572078
image:0.033954706393886945
kicked:0.052589234296768095
by:0.009086563989148312
says:0.023495658205757507
clh:0.0551785229911187
s:0.017076227913468394
