mat:0.06301439104784258
at:0.004215143600260435
out:0.011274422000769951
block:0.020994159268724073
say:0.009079162556304036
help:0.010239678086324387
all:0.00912983569996451
thy:0.06301439104784258
faith:0.017918785264855467
gay:0.021267644502408038
own:0.021688905603330096
beautiful:0.02456253684788851
arguments:0.019902012608528
from:0.004050584949426677
unto:0.05326731371775098
christ:0.053280486790017595
geneva.rutgers.edu:0.023918245531399242
to:0.005934828919051425
within:0.015485407733601997
w:0.014805458636504084
important:0.03007051954998299
ye:0.02663365685887549
day:0.012168914046712305
might:0.010177440841523664
interpretation:0.0224392765934127
that:0.006639322974822523
quite:0.025418175905353124
indeed:0.017647092385189547
like:0.005572435710567814
me:0.005184634834471505
re:0.001789189008507993
avoid:0.037002387494957885
churches:0.025061867064750915
had:0.007341667395608302
weak:0.02238427956266755
best:0.011651560191203034
on:0.0024258795465994733
you:0.0026593253081757025
etc:0.011111598026115959
why:0.017030838087598147
more:0.0060833446211517985
a:0.0013363675845420048
how:0.012587205715111236
as:0.003828297417306308
seth:0.02981905497548712
protestant:0.028882478051438818
let:0.011029367190204902
homosexuality:0.04586836741886599
demand:0.022665813055600247
others:0.012901091976403808
are:0.009228393037338165
christians:0.0344209917420045
it:0.00164045660162666
not:0.011538947532554352
sex:0.06209063405822476
being:0.00931006665035956
thou:0.053674582755251415
completely:0.01721049587100225
against:0.01236019517778874
hope:0.013820390132249021
walk:0.021965679303705278
poor:0.037812977901390064
love:0.01565654277598779
willing:0.017109568679328568
johnson:0.022092601573243213
be:0.00830327163355222
which:0.006181303026399606
writes:0.0031639348852514943
if:0.006412922677161811
of:0.003721350919918443
what:0.004404029200940819
but:0.00636634662440584
biblical:0.021842037049236915
ignore:0.021534766270603932
ok:0.015616503303880057
order:0.013417784024557377
they:0.004463730260802601
chance:0.017201232191447865
clear:0.031557423370206825
in:0.00595099480029394
our:0.021337563856271707
pull:0.02162722690613696
brother:0.04434080621702977
or:0.006452741222039093
world:0.012063400424558262
men:0.016801906950370055
and:0.0045669547187893525
for:0.004670079371943646
subject:0.00012773663584697749
i:0.0009133909437578704
we:0.012897070868076267
bones:0.028190701837031602
world.std.com:0.021990795839045677
yet:0.012584060969790256
the:0.00468841585160655
wrong:0.012647952425023255
thing:0.01083221260825338
when:0.006256815515998737
would:0.013387315494321188
can:0.004136679389654131
orders:0.023417897187286433
homosexuals:0.023350506087373803
thought:0.012844911029625419
people:0.0072022638281010395
about:0.004712996078095079
eye:0.08786271721482111
is:0.008998604728395442
time:0.007557463970831165
christianity:0.055215047567971465
life:0.013351097384156506
their:0.007242505352065617
issues:0.018206839629659785
beam:0.053674582755251415
dead:0.01641761786990974
nice:0.015118370606482096
show:0.014402242438922642
article:0.0038771908149119664
full:0.014783074085757191
by:0.004738925716828546
appear:0.018893289800268814
s:0.00890578393573232
