king:0.025287069306492743
say:0.011430993820888816
behind:0.02125146024698011
concept:0.02563766110916135
all:0.005747396570158381
with:0.01056916946005206
mary:0.08475558086789013
someone:0.01327384406423506
name:0.033279909708798204
added:0.025202519197357904
to:0.0058116832052022985
prime:0.030257944800698773
within:0.019496688050137455
remains:0.027815383908480915
born:0.02589110215687633
formerly:0.03312828301606837
she:0.019970737860834233
that:0.006269360700623074
view:0.02051414911316043
re:0.0022526536311937985
so:0.012310971052830364
had:0.009243424612542983
he:0.009579115707953225
these:0.02993920433311342
on:0.003054270031561988
lord:0.051320531249871494
sexuality:0.03754326801130608
a:0.001682535091381199
basis:0.022453061909867462
was:0.010668206434956454
as:0.009639929641168898
woman:0.026381136129490498
following:0.016489845018311817
quotes:0.05854811784111683
intercourse:0.03754326801130608
quoted:0.02691459033034258
it:0.0020653941550600723
not:0.010895964010409003
examples:0.02643240534435742
have:0.0030798229707689933
only:0.00803335083294751
ve:0.010994781319442376
between:0.013993167747267504
against:0.015561932482878595
bishop:0.03901087091888288
after:0.011621769202800912
virgin:0.06775412888367381
be:0.01045411910489406
which:0.015564967861656842
seed:0.036779703519504006
if:0.004037050721466321
of:0.015227274773220497
even:0.0101154183600363
what:0.005544831945762839
they:0.0056199977379984565
pope:0.03239272460160512
removed:0.027815383908480915
clear:0.01986596832642538
in:0.00107035964996681
st:0.046225870396618074
clearly:0.02189464082183376
chosen:0.029657346245138
or:0.004062117215078828
and:0.0022999844246433124
for:0.003919865818217759
subject:0.00016082504151818252
i:0.0022999844246433124
stan:0.03328682101798026
body:0.02138362122695513
joseph:0.02460360619664911
the:0.006811021174599877
wrong:0.015924229258011208
quote:0.02430697537675054
moore:0.034056901569244624
level:0.021208043148155116
would:0.02247348544829822
her:0.019918125330901978
home:0.017646765372658725
because:0.010630857222256108
reasoning:0.02887496623657528
joe:0.04794541237256549
relationship:0.027499914116207926
human:0.019312303441184193
jesus:0.020922888070438593
is:0.0016185098005461682
else:0.015220194128542511
marriage:0.062069307473396264
does:0.007340294062274249
judged:0.033367682586246165
conception:0.035975297539838205
goes:0.019415826481871547
eternal:0.02778308304618341
immaculate:0.03787802615079289
holy:0.05457704124673791
claiming:0.02778308304618341
supported:0.02633029957138288
letter:0.024584632649041305
by:0.005966478763958832
seem:0.01662477442708276
apply:0.024093710755961888
clh:0.03623168075922854
s:0.0074751359139279315
