that:0.01734523127172384
why:0.08898612900770032
as:0.08001141602170185
columbus:0.2891328695987307
are:0.032145569080061276
of:0.019444058556573867
what:0.046022105149831564
and:0.009544935362269746
for:0.0325348862912074
subject:0.001334847844600915
the:0.011306295149835794
ceremony:0.3129790732032462
is:0.013433631344533195
dale:0.24129102828530546
almost:0.1510996465132284
