another:0.010712586137142892
corinthians:0.029494834706462143
since:0.009665804943979136
know:0.005960749399315467
help:0.01033861217411496
story:0.0694697106862339
became:0.020896847855344562
with:0.008475759083906484
mentioned:0.05094440027234548
from:0.008179442071789136
yours:0.02041704978190561
respected:0.028951462805850117
to:0.001331593391392107
job:0.06708190445003238
important:0.015180527985377886
matthew:0.06211988899741297
thursday:0.025208345841723486
us:0.009951093653067613
enough:0.011749509791968097
direct:0.03858720408284226
that:0.010055206534332662
like:0.0056262756691240244
nt:0.006899309678477667
tells:0.021386473431481222
this:0.0025361470452725556
he:0.007681802934880363
on:0.002449317996325072
you:0.005370038545011805
hebrew:0.02638199887848865
bible:0.01738615218288549
m:0.006612631459497933
more:0.006142120897684665
prove:0.01897052338122511
a:0.0040478380459315795
same:0.009382093480814552
was:0.004277590019813457
woman:0.02115588694442233
related:0.018619028916092604
quotes:0.04695163073248982
wise:0.0236441570634921
implies:0.025068309431707774
quoted:0.02158368113447762
are:0.0031058520850300747
likely:0.015972989395795785
ot:0.048298679382245815
book:0.030045396238489598
it:0.006625225695458395
not:0.011650434948327824
have:0.0024698097253509797
ve:0.008817071009794368
verse:0.050045036796221895
references:0.01994863573435586
has:0.00514383803809928
his:0.01782057044932615
familiar:0.044508777195082935
knew:0.018754082429457773
heard:0.013056267436810988
be:0.005588997653502138
found:0.01292038891428501
considered:0.016632091580735323
writes:0.0031945043044326682
if:0.003237441641369127
of:0.006575285502223045
chapter:0.0238542300680319
seen:0.012523984978851946
but:0.006427857219810726
again:0.011796469266222308
seems:0.022767991201749545
women:0.018257561322866787
they:0.0045068580894093895
who:0.01249326448535119
david:0.012060121929200454
called:0.01295775118771369
one:0.009500588480923888
in:0.0051501362867968255
or:0.009772629821783846
rather:0.01243228817832301
and:0.007377727816247147
few:0.011041678748339548
subject:0.00012897080624163428
outside:0.017414375736625725
i:0.0018444319540617867
6:0.014194925761155528
married:0.02555180440058209
similar:0.015288687380998556
possible:0.012449138275191217
directly:0.01754831075119024
any:0.004943416745356557
leaning:0.029161535810389917
source:0.01506892735120688
than:0.006911117305408025
the:0.004369582666603206
do:0.0069402697478888565
writer:0.024628832242308128
quote:0.019492550302128448
would:0.00450555384591486
named:0.04503687779931351
may:0.008990461485216573
thought:0.01296901645020151
problem:0.010220122183795094
about:0.0047585322720863354
is:0.00648967697803536
man:0.028000476703335254
their:0.0073124812491870235
1993:0.014636018372029647
1:0.009461468076930959
dave:0.016938524982485954
inspired:0.02689098687683564
neither:0.018081069809183423
ruth:0.17309853309023598
davis:0.023926334658450624
by:0.004784712438730271
while:0.010484746405210252
james:0.10027808022136311
