there:0.01311112836538782
know:0.017626787509404312
spreading:0.08142808108756429
take:0.030367844719081476
via:0.04883187683736636
to:0.005906567828960704
everywhere:0.071079513600935
us:0.029426805516928514
enough:0.034744978956248514
that:0.004955780363349669
its:0.029540350800488144
anyone:0.023898782137734158
had:0.021920121224030503
best:0.03478822971373477
recently:0.04727587949410984
etc:0.033176056963689075
why:0.025424608287914378
a:0.0019950058940662787
christian:0.04579774816052251
want:0.027037113824459735
evidence:0.04596725763590109
it:0.004897934710571028
ones:0.048466142576812234
should:0.02346874488904971
discussions:0.06856678979431123
due:0.04735917835569261
probably:0.03410319592898869
ve:0.026073338557534773
25:0.05253832211842304
be:0.008263732244821019
what:0.013149172899951874
but:0.009504046032148718
nature:0.054463073460853856
email:0.039198552270970584
in:0.002538281455635578
become:0.04731746821135925
or:0.02889906247298937
and:0.005454248778439855
subject:0.0003813850984574042
i:0.005454248778439855
we:0.03850696873468486
will:0.016190076355761206
the:0.0010767900142700756
see:0.025276939448731085
less:0.07853901590275078
would:0.013323566372919657
gospel:0.07359646457559842
about:0.028143319437767756
five:0.05672832304350881
is:0.0038381803841523415
else:0.036093603219115096
christianity:0.05495211877002874
lee:0.06095930427678166
hear:0.047338308060840106
1993:0.0432807971858591
plastic:0.14541457746899053
words:0.0945102609002107
respond:0.05777153925800724
twenty:0.08311069588265547
