read:0.025471944515706984
at:0.009898483286004843
send:0.03295895641433958
mentioned:0.03949622043586335
name:0.03103632029022754
christ:0.04170644846109991
via:0.11522128242524646
to:0.006194153528498116
stop:0.037347787804276826
attacks:0.05164130708270277
that:0.007795609560325321
like:0.02617166434850951
and/or:0.04540429243981989
mainly:0.05407485933852357
me:0.036525461137231846
re:0.004201578682900792
anyone:0.01879679493979091
file:0.034140290814139426
posts:0.045202443507513165
on:0.005696728373475167
am:0.01836332985057714
etc:0.026093527948968936
bryan:0.05954837775562954
a:0.004707317278133916
was:0.009949001506757142
copy:0.038388898259138673
attempted:0.05809293896695648
homosexuality:0.10771335719711227
it:0.011556924597976583
not:0.006774269759280504
ftp:0.04262210053133793
contain:0.05269448098902532
calling:0.04621349010727481
has:0.011963758133556752
love:0.03676648809192639
personal:0.037684218777479954
get:0.014768246913383397
if:0.0075297799973416775
of:0.006554177041541752
but:0.00747509238483607
reading:0.03692496681306731
least:0.027052386322544742
they:0.01048224297199712
repeated:0.05819844166751647
comment:0.04415277974025576
in:0.0019964011448819156
unable:0.051407216218625894
for:0.007311210402518516
subject:0.0002999658077754865
i:0.006434787884676233
suggestion:0.05200184994283199
any:0.011497609733582104
the:0.0033876539774788895
would:0.020958419013581486
specific:0.04118153133112845
because:0.01982834043701701
note:0.03327740560537638
moderator:0.06404455815875844
issue:0.035183820308593856
does:0.013690885554354215
e-mail:0.061790916329264416
going:0.024469839146625646
by:0.011128488481091754
while:0.024385870852567666
s:0.006971194166921554
