some:0.025660151101831962
at:0.009680934202795947
out:0.012947001088796263
there:0.010085483357990631
thanks:0.021905347746331464
where:0.020301723057513866
from:0.009302991806925008
my:0.010441914959673641
to:0.0030290091430567713
appreciate:0.042189157532027406
been:0.016123520738697137
she:0.03643013719668663
that:0.003812138741038207
perfect:0.08901289657443713
could:0.03316723418299027
me:0.02381513583306692
package:0.08543435237486159
file:0.10016986425687063
hebrew:0.06001179964667199
tell:0.026483791798048932
a:0.004603859755537567
africa:0.06179772194884535
copy:0.03754518620948728
processing:0.05212345027139379
are:0.007064960237376105
no:0.012370832265741868
it:0.01130292625516391
not:0.013250769419251976
able:0.0289831343528645
has:0.011700818394357704
restore:0.062125776488951734
pg:0.06878660949521895
get:0.028887340116288403
if:0.007364290327070432
of:0.006410129194474901
least:0.026457828381389915
called:0.02947532413029378
one:0.021611228742321374
email:0.06030546503226244
in:0.0039050483932855052
or:0.014820032037430448
and:0.004195575983415274
word:0.1011717532801127
subject:0.00029337315265954173
however:0.02634174619996608
i:0.004195575983415274
the:0.004969800065861888
managed:0.051990248507302085
would:0.010248897209938199
friend:0.038167026590030836
address:0.035085948944325394
many:0.020364846456902126
wordperfect:0.06878660949521895
south:0.04749054378745919
paul:0.07197851628811115
is:0.00590489289869591
him:0.026335333003992396
greek:0.05239479766249677
needed:0.03665739219929694
mine:0.035881747745054794
