some:0.005331218607914859
out:0.005379804105390227
righteous:0.026404828273856682
specifically:0.018479646811669685
own:0.010349272308438334
with:0.002670444642874645
further:0.016200157082563407
c:0.023617330551862645
such:0.0087809004724557
from:0.003865626732557879
parents:0.08375534302270779
my:0.004338877905617814
geneva.rutgers.edu:0.022826088201198365
to:0.004405202794810875
then:0.007287124884821018
most:0.008477604858296977
cases:0.016802673965691284
born:0.019625218986490733
bruce:0.042069940088503045
hall:0.02091511513066734
die:0.03440871572084337
that:0.0031680787710911124
son:0.03896941825912983
indeed:0.01684128907992975
re:0.0017074908802656187
practice:0.0187512698860358
behavior:0.01939903663433422
this:0.007191540251663273
hi:0.014388203927006413
you:0.002537894928806949
children:0.0765382846579572
lord:0.019450247003375953
am:0.007462723089960573
etc:0.01060421912081386
them:0.006693420874576442
how:0.006006223731639837
nor:0.01577415067112056
was:0.004043201525577103
failed:0.03869678845867612
bring:0.01732131026159395
given:0.012729623557905393
athena.mit.edu:0.022316316643469277
responsible:0.07143114548078579
soul:0.01924876387593788
step:0.018993244909508454
reconcile:0.02756364343721787
are:0.008807005227414047
christians:0.016424628479632285
doctrine:0.021603253945956573
d:0.016637846779698953
18:0.01765639038001415
not:0.005506027475579588
guilt:0.051092284570517565
vice.ico.tek.com:0.026404828273856682
have:0.004668955371211442
being:0.008884949451713005
only:0.0060892065674396645
properly:0.03932206516440636
similarly:0.022615302622371138
hal:0.0268164771185795
fail:0.02084468375931742
against:0.011795802703917108
suspect:0.017726461474418993
holds:0.022413819494933065
his:0.016844100835664445
be:0.005282751206734898
aaron:0.023084971049036472
charged:0.024056572712409362
writes:0.006038925945365866
if:0.01224019031531341
of:0.004439282775473485
failure:0.021686530601435026
duty:0.02297221939337267
but:0.003037822932650275
mormon:0.026565062610894443
they:0.01277972088366772
who:0.0118087020477977
up:0.006134522239051985
one:0.008980008290188333
in:0.004867937038205219
and:0.0034867343789113225
for:0.005942444984695415
subject:0.000121903912748942
jews:0.01687046624019811
i:0.002615050784183492
held:0.01856368985980994
similar:0.014450951086149319
ezekiel:0.15633260568417903
actually:0.01116125172192276
will:0.02587455125349964
cf:0.025884534852170755
later:0.01459092250665618
the:0.0058510507624721
wrong:0.02414084070164256
do:0.006559980994579878
would:0.012776022549375014
sins:0.09392913309093363
agree:0.013774224561481457
lds:0.028979875986550465
about:0.00449779077772544
f:0.016969092321492456
hold:0.015843747091068585
is:0.0036804469437077244
right:0.008857870291279907
man:0.013233102003631045
their:0.04147078407073189
goes:0.014717019159774778
warn:0.02648424262413919
instructions:0.022066050723400805
stealing:0.0268164771185795
him:0.021885984505600982
article:0.003700150138431968
very:0.007960011378006608
teach:0.06734036599128532
father:0.03954038042334292
beliefs:0.019882021353261854
s:0.002833042378337983
share:0.03726985406156033
