another:0.05217659600914303
all:0.011224327419368131
your:0.014822732025661912
with:0.034401610399385135
from:0.019919347163062956
wisdom:0.057170515068384664
christ:0.043669104859269316
to:0.006485643106309792
hearts:0.0663342092132949
spiritual:0.06008119946031221
so:0.012021301145704943
off:0.025687734681839415
these:0.01948983497763462
texts:0.06395742535596212
you:0.03269405820051305
hebrew:0.06424792668055472
a:0.004928838091222571
as:0.02823932330177712
let:0.027119267561797937
international:0.04665134847931052
daily:0.052454180467434636
are:0.01512732662591119
it:0.0040335932910584935
psalms:0.07502781764378007
verse:0.12187438372726979
occasionally:0.06353469583565549
able:0.031029002660125517
chuck:0.1172538352508085
if:0.015768245170903746
of:0.002287536300773396
version:0.03671141891371276
sounds:0.04191417133600986
one:0.011568363620889676
in:0.004180698868105659
compare:0.05070248133874721
or:0.007933075972977474
and:0.00898346857625388
word:0.036104429601922575
subject:0.0003140818457884505
translation:0.11160550528698433
any:0.012038673721044791
the:0.003547072988183779
do:0.008450799045958784
original:0.07261571795937599
may:0.021894417969880363
verses:0.06222615895200579
vary:0.05987659072252551
new:0.020282347822159374
time:0.03716494046832267
little:0.02759222002233487
greek:0.056093253968084775
teach:0.057833490792515624
god:0.062427723100593524
