seemed:0.03800975582282608
some:0.010518350226426615
apologies:0.04908694817881616
stephen:0.036681615129648806
all:0.008595205681498118
true:0.02327279992934997
slavery:0.16566292799504664
i.e:0.03112197294572435
proves:0.050401848292537604
times:0.025319604878315555
my:0.008560488840813524
to:0.004966483459786778
then:0.01437730044843066
us:0.018557444920585548
been:0.013218381866859813
that:0.006250533791612195
realized:0.047188560509305776
creps:0.12430020582620886
re:0.0033688333583618965
he:0.028651048784148384
something:0.03586777148042383
you:0.010014396205562557
bible:0.03242282434105673
sin:0.0387906859054279
more:0.011454225457844377
a:0.0037743354752605273
same:0.01749633649124876
was:0.007977127334246718
as:0.014416471355261593
said:0.019743286744715604
question:0.019666541291415356
also:0.013364839024140238
are:0.00579199442883987
those:0.016719960849437478
doctrine:0.04262263616364405
it:0.009266362965945189
not:0.0162948650966477
disagree:0.038273774981254
have:0.009211722759417168
hint:0.049312185135621724
expect:0.03113712687530079
after:0.017380303492477038
absolutely:0.036058186893221926
be:0.010422725353828311
summarize:0.051641680525655154
writes:0.005957318837996057
if:0.012074782338079446
of:0.0035034339741574533
what:0.008292271198167849
but:0.0059935425427964885
reading:0.029606504922189105
particular:0.030550013045800063
saying:0.027176172783463414
ok:0.029404046761359746
again:0.021998821064036198
over:0.018071538310985204
in:0.0032014360701709994
rather:0.0231845374136294
for:0.0029310708370457114
subject:0.000240513125153318
i:0.006879232693527745
than:0.012888299839814965
the:0.004074340594535422
do:0.006471332602761231
original:0.05560663086979242
would:0.008402249064003388
can:0.007788882814754174
accused:0.04942695113361659
may:0.016765995742701177
just:0.010580077148341315
about:0.017748039285078766
paul:0.029504707127108624
is:0.007261422348396322
right:0.01747633868279549
little:0.021129177494580757
by:0.008922842115469965
poster:0.0410345348813198
