out:0.012401864200846945
andrew:0.03963640167549472
testament:0.052957011022617004
among:0.036257952294587635
with:0.012312155300832576
prejudice:0.05904204103077656
geneva.rutgers.edu:0.05262014016907834
to:0.0029014719159806963
add:0.03617074122580756
hudson:0.11778116127308787
might:0.022390369851352062
that:0.010954882908457163
like:0.012259358563249192
re:0.003936215818717585
eat:0.0475286761445416
this:0.005526130930225463
on:0.005336935002518841
athena.cs.uga.edu:0.0591957126036308
spirit:0.048269526636771067
them:0.01543009654244464
link:0.05100934872375702
a:0.0014700043429962052
was:0.037282574067426764
old:0.027872769287813938
part:0.05156257078764794
acts:0.046097564184162346
homosexuality:0.05045520416075259
based:0.03179897907263729
d:0.019177307603968793
it:0.007218009047157304
not:0.025385684571619573
against:0.02719242939113523
command:0.043328975315093006
netcom.com:0.033884580786538304
his:0.019415042542160595
found:0.028152847423757867
writes:0.0069606567475532875
of:0.006140229017865431
particular:0.03569527840088218
scripture:0.1010457954863534
in:0.007481250606083809
point:0.0231740627501059
or:0.007098015344243003
and:0.002009460076267315
gentiles:0.13561901096545004
subject:0.0002810205988633505
i:0.00401892015253463
convinced:0.04992877868101931
the:0.006347393768328867
around:0.024917836138459323
jr:0.04918543586824085
would:0.009817364695835537
peter:0.07751353854370435
law:0.031650959213094375
10:0.030424965872591206
just:0.012361984878588273
paul:0.034473920959042705
is:0.0028281329146385673
christianity:0.040491034883179074
issues:0.040055047185251526
tradition:0.049366408505507935
article:0.008529819792806327
built:0.0388683961481553
god:0.02792819191342342
s:0.01306181643907407
