tip:0.14146461304113372
reference:0.09101544056142329
thanks:0.04861918646136983
angels:0.2508595139867618
to:0.003361461366075197
recall:0.09538671256275665
that:0.008461088425231142
could:0.03680754037380628
this:0.012804449716376074
on:0.024732137816550728
great:0.061493919237382365
a:0.01362443049606239
how:0.03208202432266157
have:0.012469527149942754
topic:0.10650333781925664
anybody:0.07413646694909012
of:0.01896981322592572
reading:0.08015419625275587
subject:0.0006511452900492268
i:0.004656066030375486
the:0.0036768439511661124
joe:0.2911806751407026
many:0.04520002506288033
number:0.06103084996092093
deal:0.0803979266283051
spent:0.10589859004820258
time:0.0385246334122857
does:0.029719239374085982
somewhere:0.0946224648512826
fit:0.09915727022678968
