at:0.007019641533501443
mark:0.011966629339809522
validity:0.02347353260533707
all:0.003801067054367694
paragraph:0.019762145338385106
passage:0.02041673916823083
case:0.009847056204409385
your:0.005019650287574751
with:0.00698996864688702
response:0.013990432480587019
angels:0.020488526042743493
my:0.003785714188566937
christ:0.014788342283019491
to:0.0032944999842808706
marriages:0.10020322455827281
most:0.007396794677159513
matthew:0.017076782234348584
heaven:0.017347261658822097
mail:0.012208428306118948
next:0.010670836748004682
hall:0.01824864626938704
interpretation:0.018684497243120532
that:0.011056721129385714
view:0.013567126505118054
think:0.011472095836880919
like:0.004639996268958857
along:0.013920164984626433
luke:0.021288010885222183
me:0.004317086376113724
performed:0.05928643601515532
brought:0.015435828057911025
re:0.00148980279991303
server:0.015946050777480614
mormons:0.021157374140907476
this:0.012549380996926351
he:0.006335192061833607
on:0.006059866437122987
resurrection:0.04303146729904953
you:0.0022143386032219994
why:0.007090528207784886
a:0.0022255045830221433
how:0.005240490028801292
other:0.005495250947537493
nor:0.013763103573607183
as:0.006375411635195366
idea:0.02209064777100204
wise:0.019499364590210615
belief:0.01641241155605041
given:0.022213446686703435
question:0.017394311421092466
someday:0.022970370353049056
marry:0.04827817345500216
reconcile:0.02404955343725384
mind:0.0120703418446619
are:0.010245599706792438
those:0.007394086272061992
it:0.0027319157748204935
not:0.007206095720031453
statement:0.013837447887222335
vice.ico.tek.com:0.023038475665237507
have:0.002036855032460768
being:0.01550441378426413
hal:0.023397643382346258
indicate:0.01892171395105287
after:0.007686110309422117
shall:0.015776008024034876
mileage:0.021332526027047383
topic:0.017396959564101682
his:0.007348322874522935
be:0.011523132612300225
which:0.005146981404452262
writes:0.0052690230359965125
were:0.00618049122498924
if:0.00266992199108928
of:0.0030986547500516117
raised:0.018027810393134724
opinion:0.013184508225448961
what:0.011001300035816309
but:0.005301061531875779
nature:0.01518890494924211
saying:0.024036296246728598
least:0.009592280409189172
pacific:0.021377544175469426
must:0.009232910069639432
who:0.005151605076628878
now:0.01316266452492625
david:0.009945996969499975
in:0.007078872585437867
our:0.017767134844465286
or:0.0026864998314863955
and:0.003042210474030198
irrelevant:0.019556280754543194
subject:0.00010636237805584979
offer:0.014004635931441585
i:0.001521105237015099
athos.rutgers.edu:0.01664013432035299
person:0.01117607346244562
we:0.021477990529306292
valid:0.017107666604086903
20:0.012529212543448685
will:0.013545482209999415
exist:0.014488145321896833
than:0.005699606702069566
the:0.004204200055715833
do:0.008585473134340597
when:0.005209858338022852
would:0.007431471283700208
because:0.0070307661310538404
contrast:0.02196162176189124
regards:0.016451663733114196
may:0.007414444332429605
problem:0.008428546980261293
here:0.007172911974595203
jesus:0.05534979154888934
people:0.005997104143717599
about:0.007848734504556745
different:0.010068593219168318
f:0.014805702065365927
is:0.008563270976594865
discussion:0.013696700974064507
done:0.01055244442797091
vary:0.02027693311320585
marriage:0.12314946263645951
does:0.004854537108914443
life:0.011117049216289681
their:0.006030612026221968
goes:0.012840745800759668
eternal:0.03674893853120674
under:0.00967061126336908
words:0.01317872163947161
accounts:0.019853737044459606
article:0.0032284178498669363
neither:0.01491147988247398
earth:0.0420781095130727
answer:0.012096697378999429
seem:0.010994870736636405
s:0.009887430770613838
