say:0.013850693242828784
there:0.006699116683044871
desire:0.03547075752418027
know:0.00900638777852775
all:0.020891996291524627
true:0.018856064176334647
means:0.020690476061596734
truly:0.03181243408051371
your:0.00919658556336688
with:0.004268812969266769
into:0.013071561335637857
christ:0.027093970168159797
to:0.006035908730324807
heaven:0.09534662794958423
that:0.002532150550616619
nt:0.010424504404707132
re:0.002729492721008544
behavior:0.031010138853424775
he:0.011606811733724345
laws:0.027093970168159797
you:0.00811385385998134
spirit:0.10041470869693252
dying:0.03714970957236984
sin:0.031428949894178805
heterosexual:0.04273077632085225
blood:0.03048666944823796
homosexuality:0.06997437073389046
are:0.00938556761461643
works:0.02171624812810759
it:0.0075077831329920875
not:0.022004014911531564
being:0.04260884518084266
follow:0.027569286951950985
only:0.009733841155250268
against:0.018856064176334647
without:0.01640299623943427
be:0.00844468988521856
union:0.07417410901785805
get:0.009593970622562936
if:0.0097832178067651
of:0.004257823041585518
converted:0.03702493268653553
but:0.004856081914236571
now:0.012057769327578424
good:0.011824889425981745
in:0.0025938642612334376
or:0.0049219814430882134
world:0.018403289698778663
and:0.004180263662307919
still:0.014902986001675526
subject:0.00019486829848188537
we:0.039350187028145106
will:0.024816905362845646
the:0.00440147743059301
do:0.010486392976737178
can:0.018932102024183505
because:0.012881184663463606
needs:0.024447785128973335
human:0.023400309279099092
jesus:0.07605546174509795
about:0.0071898991264370184
is:0.005883342194686071
homosexual:0.0705469358894128
done:0.019333310594311665
entry:0.03643116889490084
christianity:0.05615544983798557
man:0.02115364480872408
life:0.020367732505757005
hear:0.024187456673421953
issues:0.027775397683203615
first:0.013704779776576942
vos.stratus.com:0.03908367907145178
change:0.021693497138032754
natural:0.030562836435775034
leave:0.02578965054229574
holy:0.09919476839735576
by:0.028917824082253022
god:0.019366264465512588
s:0.009057463954102457
