ask:0.010834805146306197
at:0.0032749628715778105
stephen:0.015136279849037239
bnr.ca:0.017349258996086258
committed:0.016473807995040866
all:0.007093441120046774
perspective:0.018168302397471272
case:0.009188145380322511
with:0.002174079467619135
way:0.012880095312613705
mary:0.1569081013836776
ca:0.007645162067257699
from:0.006294217505057067
wrote:0.009574628158709521
christ:0.04139636334243002
creation:0.016876563176438503
to:0.0035863918664073664
then:0.0059326407054862565
death:0.012473666855153985
lived:0.01671372814796864
us:0.015315066068289933
make:0.013086100247953187
she:0.012323949757986924
that:0.010316866183924961
creps:0.1025823259978378
quite:0.009874347145388108
like:0.0043295132472441385
through:0.0088084137324343
nt:0.002654567106774864
need:0.007142014838279688
re:0.0013901133932273998
anyone:0.0062190139391873275
indiana:0.02176251433441174
he:0.005911275864387491
on:0.001884791171893271
resurrection:0.02007601913022571
you:0.004132334493745143
came:0.011222032462743297
why:0.019848207213613453
sin:0.11204595891642184
more:0.004726464780002698
a:0.003114879091107201
how:0.004889825268509756
was:0.016458385392219065
as:0.008923206247773438
idea:0.010306231580895005
steve:0.01192250500681928
blessed:0.02034815074369521
therefore:0.012761804909125894
whole:0.011122362360696246
obtained:0.03563750479755759
are:0.002390005136064035
doctrine:0.017587779234812227
phrase:0.01819457439458314
it:0.0038236665026762672
not:0.008965204588490185
have:0.0019005599001771481
bound:0.018888202482242662
being:0.0072334718584578
miracle:0.04159557740127638
university:0.00873732379776451
his:0.013713227074388525
virgin:0.020905549060761808
sacrifice:0.04108261924895704
free:0.03220268915380746
without:0.008353942322685855
be:0.0021504135953065847
which:0.004802573726830921
were:0.005766926756402599
if:0.004982531001958433
of:0.007228274556347162
even:0.012484456860713944
what:0.006843435710012127
but:0.0049463436598543515
never:0.008193082642609146
nature:0.014172546997248214
good:0.0060223414548680266
damaged:0.02107328302091225
rest:0.024287218092734635
in:0.0013210386757954683
ours:0.020443475764562635
fully:0.046813979608302546
our:0.008289127966469865
yes:0.009913925169159437
cross:0.01702754726251356
better:0.008313070153536814
repeat:0.03495492078824069
and:0.0035483031086504637
still:0.00758999658821393
for:0.004837901307242736
subject:0.00019849038581426243
however:0.017822296685478908
purpose:0.027961944179513656
i:0.0007096606217300926
athos.rutgers.edu:0.015526668083303347
person:0.020856464231032348
we:0.0050102003929887355
possible:0.009579820159719636
any:0.00760808376422905
catholic:0.017307489206989882
necessary:0.026801306895773418
committing:0.022358583665546237
than:0.005318220379997997
the:0.0036426725389805538
do:0.0026703268360836305
original:0.04589097417507033
would:0.0034670990561500967
can:0.0032139999718874103
did:0.006111193470048198
watson:0.02212371786026173
salvation:0.07803688553734488
human:0.03575288889854917
problem:0.007864554989017041
just:0.008731513483017738
jesus:0.01291152200629296
imply:0.017818752398778795
is:0.008989046996341914
done:0.009846332904909659
time:0.01174356854946999
does:0.00452969819456329
man:0.010773417616339029
served:0.01879408423694791
life:0.010373157447169925
their:0.005627076649002654
conception:0.022200369485550712
rom:0.018732637017798426
article:0.003012389889652792
immaculate:0.023374544018704903
earth:0.01308749131075743
before:0.00790406790789087
by:0.011045748789782522
says:0.009520545518318097
apply:0.014868237864273878
god:0.04931558051626812
s:0.013838727454037582
