some:0.00788876266981996
out:0.015921312149735946
dan:0.026850023576940937
there:0.006201209362007754
11:0.026109558362296698
form:0.023063384624877673
know:0.016673988184571647
tried:0.0209315138718694
faith:0.02530423054293779
gay:0.06006672568923351
own:0.015314125915864833
your:0.0340522222211152
with:0.007903072659318208
o:0.04731052680810651
to:0.004656078243550105
then:0.010782975336322996
integrity:0.038731260394241365
think:0.009728027213030779
really:0.013185106372911662
me:0.007321545137868546
anything:0.015684061826482458
re:0.0025266250187714226
churches:0.07078284076395867
anyone:0.011303478038117508
this:0.0035471786376447233
discuss:0.03021934036752277
you:0.018776992885429795
etc:0.01569137829363673
them:0.01980890772340866
more:0.017181338186766565
how:0.01777517563823141
basis:0.02518383970971621
acts:0.029589652685779885
compatible:0.03044298866770078
fine:0.02188619309405784
homosexuality:0.03238678645453714
learn:0.025743339058934
are:0.008687991643259806
no:0.007606390109341283
christians:0.024304011061077505
it:0.002316590741486297
not:0.00814743254832385
should:0.011100082042118107
statement:0.023467563646573014
have:0.0034543960347814383
being:0.013147323850845596
try:0.0164620923806986
only:0.009010379988305992
b:0.020681813152123255
feel:0.020582950569230932
be:0.007817044015371234
which:0.008729002246739986
writes:0.008935978256994086
were:0.010481779036974994
if:0.009056086753559586
of:0.003941363220927135
opinion:0.022360213274241144
but:0.004495156907097367
fact:0.016204507625870536
scripture:0.06486047683245658
they:0.012607021952807348
find:0.014300315795090475
who:0.0174736874896466
in:0.0048021541052565
heart:0.026830963601659576
or:0.00455615849799382
and:0.003869568390109357
gets:0.022549434745897327
word:0.020735652136239315
for:0.002198303127784284
subject:0.0001803848438649885
i:0.0012898561300364523
athos.rutgers.edu:0.056441536681197314
research:0.02086034784146471
than:0.009666224879861225
the:0.002037170297267711
do:0.004853499452070924
see:0.011955309198724163
when:0.008835638127322541
start:0.019037581674881843
would:0.006301686798002542
thinks:0.03060739475323815
pray:0.0335155302698288
problem:0.014294360081389084
religion:0.023996832857856167
about:0.013311029463809076
is:0.003630711174198161
christianity:0.05198173397164881
center:0.02207182995589736
issues:0.025711010017560106
light:0.023596045174366847
article:0.010950444328602716
meet:0.02898743795675281
ann:0.1145968714965123
by:0.013384263173204947
says:0.01730423475964573
check:0.022360213274241144
john:0.018118097294471933
god:0.03585375988885439
va:0.033723446882442
driven:0.031806094361289
