some:0.011335309467314116
out:0.011438612612431648
there:0.01782095117625529
andrew:0.03655784620555338
all:0.018525588944588178
among:0.03344180066005655
text:0.03511226925469483
mary:0.27319274609844196
wrote:0.025005582278571466
to:0.002676114873962778
unique:0.04924675512675114
depend:0.04975341292452367
that:0.013472024288717546
church:0.036381318835813664
appears:0.03786700026596439
re:0.0036304903182346653
exactly:0.031227016051184546
so:0.009920491236746796
this:0.015290750632177254
something:0.01932680890450022
fair:0.04099708288159109
on:0.004922415779022232
you:0.0053961066932885614
a:0.0027116584967891164
was:0.017193420079638554
as:0.007768098642883674
woman:0.04251717084947012
said:0.02127674590935371
adding:0.045874821263148326
blessed:0.15942677330254404
are:0.012483716147596611
d:0.017687807984243062
phrase:0.047517869049930724
it:0.003328693492621087
not:0.011706990457785725
only:0.012946953769604723
verse:0.05028797386804821
indicate:0.046110196133148255
netcom.com:0.031252768686612996
status:0.04272507467960426
if:0.006506314754984556
of:0.007551090701582083
reasons:0.03530606287180684
but:0.0064590604101981575
reading:0.03190603928507758
women:0.07338476104530921
beyond:0.03791809900425831
en:0.055036049831314514
they:0.009057472082599452
good:0.015728250984072805
or:0.006546713181583352
word:0.029794917632654547
for:0.0031587268243890676
subject:0.0002591937562331873
su:0.05950998384288082
assumption:0.046050815288318774
normal:0.036624880335131484
the:0.00439079423294594
when:0.012695868377123649
can:0.008393844586773915
effect:0.033654111209926264
an:0.008717457655939191
places:0.03703710565330422
elizabeth:0.11999104381342497
is:0.010433888422938404
humanity:0.04853313899089749
nothing:0.024804427199037946
dave:0.03404150166383099
bernard:0.05648299720180469
s:0.012047306424388704
