isaiah:0.3252388819153361
perfect:0.21316246284930992
he:0.08369122144843343
you:0.05850515677986545
daily:0.23466343893326022
mind:0.1594555685794809
verse:0.2726137530741561
peace:0.20271767660068687
whose:0.19698849739478783
chuck:0.26227831569259796
in:0.01870312651520952
subject:0.0014051029943167523
will:0.05964764973175181
because:0.09288012099444809
is:0.014140664573192836
keep:0.1394428728487327
him:0.1261323843875425
