above:0.01815104020085697
believe:0.01448447920220227
say:0.01265029982845029
attitude:0.029309086872364824
all:0.019081356612925825
paragraph:0.03306865653289775
with:0.0038988491785969825
ca:0.013710323973948809
someone:0.014689720764420133
from:0.005643815029534504
wrote:0.01717049983128574
to:0.008269194960544984
remember:0.01855082691014155
speak:0.02390288543092263
been:0.009781602581476262
that:0.004625395005793024
nt:0.00476052367814959
luke:0.07124387642921025
consider:0.02146909385714129
me:0.007223924536030299
re:0.002492936685187804
had:0.010229389904547569
this:0.003499882922476127
he:0.010600888050134902
generation:0.06185458287258983
on:0.0033800588349286
you:0.003705326596058146
sin:0.08611532271004993
as:0.02133637760578716
adam:0.030964022475034717
also:0.009889980877863776
are:0.004286075877341504
no:0.007504971574550066
taking:0.02271300022767737
ot:0.06665217754749923
doctrine:0.0315407507610966
it:0.004571405729866293
not:0.0080388001143462
should:0.010952080948223197
byler:0.040242919418338095
have:0.0034083374209843524
psalms:0.04251576333147538
genesis:0.07332393307556466
against:0.03444374389543796
referred:0.03253503848174084
his:0.012296193610035045
explained:0.03158103285746968
which:0.008612615550116786
writes:0.004408415940117083
of:0.006481352852191288
andy:0.059757443157488106
but:0.004435221481669402
order:0.01869544574088328
women:0.02519543462555617
well:0.0112191194010223
scripture:0.06399567047469049
canon:0.03720280350319812
over:0.013372938350129053
rest:0.021777538889818725
in:0.00473812538385308
men:0.023410657017515615
and:0.005090632193210532
for:0.002168992419413827
subject:0.00035595942522691063
i:0.005090632193210532
we:0.008984959371426467
any:0.006821915108592049
the:0.0055275220732530555
original:0.020574453421823197
would:0.006217664307362507
law:0.020045607501626442
did:0.021918813912572874
road:0.02407101590647007
jesus:0.02315466279795204
about:0.006566774535479144
paul:0.021833483274060383
is:0.005373452537813278
humanity:0.06665217754749923
division:0.026417116107468885
argument:0.02345827626759815
write:0.02169449283325009
else:0.016843681502253714
time:0.010530066466024758
attributed:0.035847948559109666
followers:0.03199783523734524
transmitted:0.036081890691184795
him:0.01597676868908872
words:0.022052394210049165
jewish:0.025496714586831993
thus:0.02220903381917537
prophets:0.03739329265282516
john:0.01787652266387897
god:0.0176878548785015
3rd:0.029425031823777283
s:0.012408725617120366
