read:0.015964810295055788
there:0.006463232292796813
behind:0.024843256345061255
all:0.006718787539762614
guilty:0.03310871018322798
faith:0.05274684676556046
your:0.008872762128037061
with:0.004118502653447516
proves:0.03939862789064559
from:0.005961776439649124
my:0.006691649727678178
to:0.004852813943981799
then:0.011238594012505656
us:0.02901234346739431
been:0.010332678783249572
that:0.007328970959883312
nt:0.00502872219522844
me:0.0076309062000320055
need:0.027059182978834313
re:0.0026333838223814828
oakland:0.039707097064296246
so:0.014391698554717185
anyone:0.011781089786206981
this:0.007394118850301676
baptism:0.08411125903680482
posts:0.028331108958934308
recently:0.023305011018223163
you:0.007828154780404533
defend:0.0319006649540792
support:0.01928842471502469
sin:0.09096689018667246
a:0.0019669072195019647
infant:0.04283028371005261
other:0.009713436534027542
idea:0.019523776727188424
adam:0.032708474445459206
athena.mit.edu:0.03441741792197023
no:0.02378336062357415
works:0.02095159150387845
doctrine:0.06663538893189422
reason:0.01881839383104597
18:0.027230630233965488
requires:0.028268695668386096
it:0.009657899429294984
not:0.004245845130816654
guilt:0.03939862789064559
have:0.01080106929185182
university:0.016551690856328547
be:0.00814734164982354
aaron:0.03560287788548583
writes:0.0046567774015321296
if:0.009438738306526891
of:0.004107899695050816
trying:0.018988226923016875
but:0.004685093114439509
savior:0.043165692505751585
nature:0.026847993959575843
alone:0.027036713629679535
and:0.0026887141865548584
for:0.006873567526311422
subject:0.0001880067386761852
purpose:0.02648508093059568
i:0.0013443570932774292
vela.acs.oakland.edu:0.040722939380102914
rochester:0.03939862789064559
we:0.037964617062365355
ezekiel:0.04822090231666931
possible:0.018147687485666072
leads:0.03197039080607012
catholic:0.03278672251183295
alan:0.030990723183093233
will:0.007981023555656932
than:0.010074656917038459
the:0.0031848718731931815
see:0.01246046310852941
original:0.08693431023305576
can:0.01217698580898188
sins:0.03621563406146913
reasoning:0.033755242220221804
ourselves:0.033489465262596115
many:0.01305071146181756
hold:0.024435074739042394
is:0.005676182258253463
save:0.025510635439586576
argument:0.024779869296758607
else:0.017792621305197584
does:0.00858090714322201
primarily:0.033446128181086415
saved:0.06526217253069876
understand:0.021099699034758123
by:0.013949795419960087
says:0.018035399608644847
god:0.01868435374489595
s:0.008738539166986173
