another:0.018634498574693938
reference:0.03135826103376768
out:0.009900647891432435
dan:0.03339330663350637
say:0.015945756086281876
there:0.015424856900456259
true:0.021708241950906274
specifically:0.034008761779459336
with:0.009829031542681468
parents:0.07706899210913028
my:0.007984993792691608
to:0.002316301109396354
justified:0.04255442781016389
mercury:0.09402697748691888
t:0.021649353403365056
perhaps:0.024272786030588616
that:0.008745494758852357
nt:0.006000660098507886
anything:0.01950622815394457
re:0.0031423571662031135
oakland:0.09476315601899271
beaten:0.09808012129896743
this:0.008823234258343176
child:0.033322391770936086
starting:0.03295396624266569
you:0.004670579742930435
a:0.004694131515450067
other:0.011590823427158914
was:0.014881699732796396
as:0.006723648405185028
perception:0.09934915579490264
bring:0.03187703317049643
said:0.018416006963558253
are:0.005402616652111138
christians:0.060453674572091935
it:0.005762276130083562
not:0.010132941320604452
statement:0.029186549745317696
have:0.004296223639896242
being:0.016351293528782757
strict:0.19159548491191597
whether:0.02401225701581365
between:0.01951988105921349
connection:0.03618290870170165
common:0.02828679024900294
writes:0.005556826815273633
were:0.013036162163632766
raised:0.07605009090213136
reading:0.027616151650109163
ingres.com:0.05001075717991938
san:0.0678649652706646
they:0.007839660710149106
up:0.011289582944137686
in:0.0074655336930458185
or:0.005666482837841053
and:0.0032083816343763854
subject:0.00022434417556317895
rose:0.04143231526710068
athos.rutgers.edu:0.035098098440408405
face:0.03016194614239966
the:0.0025336235629884133
jose:0.038318459443555
would:0.007837391984070387
because:0.014829599150374066
did:0.01381437851632744
come:0.020178098104784943
an:0.007545362508922157
fundamentalist:0.10221681154331883
here:0.01512941937498652
people:0.01264935411826149
about:0.01655489378692221
sj:0.05214717851087939
general:0.02477672574023152
is:0.013546519002890616
issue:0.026313949642561788
article:0.013619040005321024
by:0.01664597436667506
s:0.0052137502592942715
news:0.02578887828708755
