okay:0.021746293613648975
know:0.006231692553829808
all:0.004818524397203492
happen:0.017078950637208663
rumors:0.028113304462146355
actions:0.01997082042519269
with:0.0029536736201492293
rumours:0.03037605558601989
from:0.004275617446617049
members:0.01862748640658897
to:0.006960601818640559
hang:0.026820711663473624
might:0.010742854221608313
next:0.013527171837117049
been:0.007410304985966866
that:0.0070081742512015524
church:0.056776906668012245
really:0.009855534056519828
nt:0.007212914663863016
happens:0.01886907835746858
rise:0.025052012524922534
re:0.0037771767957390967
attendance:0.03190272665608521
had:0.007749537806475431
mean:0.02670123289727132
on:0.0025606506325216664
you:0.008421196809223059
potentially:0.028950639082564254
a:0.000705305114063836
other:0.0069662019587470245
vote:0.02300420894861868
christian:0.016191123087053415
was:0.017888103719219912
as:0.008081961214313317
secret:0.06055547920398953
idea:0.014001900481114932
evidence:0.016251050679358975
observe:0.02832825200971603
business:0.018265473400169534
l:0.016691720094713956
no:0.005685584526174293
those:0.009373311385290708
christians:0.018166634530502376
early:0.03538122322013416
reason:0.013496019818224889
it:0.0069263723179792324
not:0.009135000129938863
approved:0.025449895746402912
have:0.015492442822656147
made:0.011745351272313138
only:0.013470063012821078
christopher:0.024440172204927144
ve:0.018435693929570045
stay:0.05982875103418458
larry:0.022953449676631293
always:0.02683794038382533
after:0.00974350347305531
doing:0.013538903561440987
be:0.008764564502082899
which:0.0065247087500884746
claims:0.01897134179600367
considered:0.03477619148699204
writes:0.0033397090455432443
prior:0.023212506718992665
were:0.031339460554995945
things:0.011286494586566918
of:0.0029460694782687674
meetings:0.03016110803845021
what:0.004648697489881976
but:0.006720032547983943
mormon:0.02938256925144386
participate:0.026454193012792636
well:0.008499332879562348
they:0.004711715275291635
who:0.006530570071888123
identified:0.027644709848757637
up:0.006785153385618105
observed:0.0257483246169585
now:0.016686004018972165
clear:0.01665530677872027
in:0.003589488927161424
yes:0.01346891853789843
or:0.0034056134227428555
secrecy:0.030487060165407646
and:0.0019282697701555045
for:0.004929528225940515
subject:0.00013483311561625404
membership:0.02715753678720429
conduct:0.02625610860292758
i:0.0028924046552332564
athos.rutgers.edu:0.02109431168893233
we:0.020420362207787424
power:0.013645733738235062
will:0.005723764368198407
than:0.007225259001108391
the:0.004568200060539715
do:0.010883604831916617
when:0.013208832755997333
around:0.011955527440169878
can:0.008732989822603166
may:0.009399118825453691
individual:0.01950346561245734
an:0.009069678167290271
problem:0.010684673192149417
qualified:0.029119004841491485
is:0.0027138649180875143
sorts:0.02512912097002753
keep:0.013380881738009704
does:0.006153983910795582
qualify:0.029119004841491485
history:0.016772765678539803
too:0.009861201352850993
article:0.0040925903046292985
holy:0.022878254664036597
before:0.010738354884962852
by:0.01000439873552693
happy:0.019182298426692026
giving:0.019158418925702404
dangerous:0.021236089561551954
