anyway:0.07816702106780857
thanks:0.051112478074773406
work:0.05192493497411035
my:0.024364468239238494
to:0.0035338440002328996
software:0.14439927633237212
nt:0.0183097064544215
me:0.055568650277156136
hebrew:0.42008259752670396
tell:0.06179551419544751
how:0.03372725633920831
are:0.016484907220544243
ken:0.1057967359260208
typing:0.14535161878526653
anybody:0.07793833704904346
using:0.05652360458063899
please:0.04911321427962192
david:0.12802283278689713
email:0.07035637587097283
in:0.004555889792166422
and:0.004894838647317819
for:0.008342278536207025
subject:0.0006845373562055973
space:0.156795526026313
the:0.0019327000256129563
when:0.033530113919070154
can:0.022168358780454187
bar:0.12920716302019938
is:0.006889041715145228
does:0.031243302931731415
opinions:0.07322077321846261
s:0.0318172451721035
