tv:0.03608248625001584
read:0.04318101070281756
health:0.03967949143097859
there:0.00874075224359188
your:0.011999354496964406
much:0.01663997018628506
though:0.02367184953914933
from:0.008062592899335006
spot.colorado.edu:0.05143284900981635
turn:0.032585506044900146
to:0.003937711885973802
building:0.03619492922703478
important:0.02992732659974498
talking:0.03104467790821208
re:0.0035613381216968625
so:0.009731529498904002
anyone:0.015932521425156106
this:0.004999832746394467
off:0.02079483283767953
he:0.015144125785907004
on:0.004828655478469428
crisis:0.05413540303963201
sin:0.04100729652859521
a:0.0026600078587550383
same:0.018496127147891547
series:0.03416524153112063
constantly:0.049696453230826304
part:0.023325924880126452
frank:0.037296898824291644
are:0.006122965539059291
book:0.08884852887667638
it:0.009795869421142056
not:0.005742000081675857
have:0.004869053458549075
real:0.024358036704745217
allen:0.04241932069242412
has:0.01014070927511001
poor:0.03763291610185964
his:0.017565990871478636
be:0.005509154829880679
writes:0.006297737057310118
showing:0.040895469691674416
things:0.021283104077526187
if:0.006382384950127708
of:0.003703630201252165
what:0.008766115266634584
talks:0.045589091401645
wealth:0.05837646034111167
good:0.01542866525104285
sounds:0.033930519652960366
in:0.005076562911271156
intend:0.048471525822996846
and:0.007272331704586474
subject:0.00025425673230493616
i:0.007272331704586474
athos.rutgers.edu:0.039777844899129534
judging:0.05428538739170954
yet:0.02504827373986823
the:0.004307160057080302
thing:0.02156126128690435
jr:0.04450110864269411
radio:0.03416524153112063
religion:0.033824107266311555
about:0.028143319437767756
paul:0.031190690391514835
is:0.0025587869227682277
new:0.0164190434750814
time:0.015042952094321084
christianity:0.03663474584668583
hear:0.03155887204056008
every:0.02316331930416568
article:0.007717456003015248
very:0.033204618891113286
feelings:0.050783246628611264
by:0.009432718807782535
yfn.ysu.edu:0.053013659842904556
john:0.025537889519827103
s:0.01772675088160052
