another:0.022860879694727616
out:0.012146155660623298
all:0.009835750831405064
passage:0.05283094362088596
whom:0.04338464741599776
mary:0.19339417765044345
someone:0.022716063037763093
times:0.05794796168026859
my:0.009796023312683519
to:0.0028416477527645994
remember:0.028686845737332288
she:0.1025301799453139
that:0.014305345378741311
considering:0.04129247376654735
think:0.014842763170397476
quite:0.027383498784633004
son:0.04399125050901769
appears:0.040209288942209605
re:0.003855056729671861
exactly:0.0331585840543506
so:0.01053412986994763
this:0.010824380172606576
something:0.020522281620242503
loved:0.05410289229264374
a:0.004319084925298129
was:0.027385395900042856
as:0.008248599589866169
said:0.04518566657038005
blessed:0.16928822319754674
it:0.0070691841183499375
couple:0.03253599788303627
being:0.02005983432912524
ve:0.018815811330179736
towards:0.04298739314793341
heard:0.027862343911545098
common:0.034702350924034536
if:0.006908767214055766
of:0.012027252715406516
fact:0.024724403387926176
women:0.03896201230756108
beyond:0.040263548427202124
in:0.001831749504066912
offers:0.04659887034415077
few:0.023563170112435944
subject:0.00027522635971152884
i:0.005904083729239018
assumption:0.04889931932677149
normal:0.03889033685070663
the:0.002331194876254803
when:0.026962359646262597
effect:0.03573580881054027
her:0.03408668871061575
because:0.01819301339066509
refer:0.04620420862692379
thought:0.027676148507131057
human:0.03304992135295439
places:0.0393280606421684
just:0.012107098592431814
people:0.01551827979456822
elizabeth:0.19111975535231093
humanity:0.051535188825386
figure:0.03806698591829643
speech:0.04896237321354918
nothing:0.02633872166495782
s:0.012792500636206563
