since:0.027222062903451444
believe:0.014780080818573745
stephen:0.027698362444836852
rr:0.04405309233016706
all:0.006490257351335314
knows:0.09507377989499959
happen:0.023004300858281056
way:0.01178484911256152
o:0.142897101379587
arguments:0.028296058742737086
from:0.005758994928096432
often:0.02113823393386875
both:0.015276898519103658
my:0.006464042594083682
geneva.rutgers.edu:0.034006213034438376
to:0.005625302694248289
then:0.010856328910039476
us:0.028025529063741443
hall:0.031159253153851343
make:0.011973336621426555
that:0.0023598954111188897
choices:0.03492224626672584
creps:0.09385933909325975
r:0.2741690950168618
happens:0.02541549329781482
re:0.0025438129440691873
he:0.021634465408438573
a:0.0019000056133964558
oo:0.43174100959554784
therefore:0.02335323483370657
advance:0.021520416439977208
are:0.004373546813613779
doctrine:0.06436887910427877
it:0.00466469972435336
not:0.012304285889305405
have:0.0034778953275350533
against:0.017573338722162223
able:0.01794194031367802
pit:0.03945611656249308
bb:0.0767130310629941
robert:0.021737496795630636
b:0.20822505758600285
call:0.01807453127890277
free:0.058928730492341534
be:0.0039351105927719135
of:0.003968175215627319
what:0.006261510904738987
in:0.003626116365193683
england:0.033540445692414836
better:0.015212352865995938
and:0.0012986306615332987
subject:0.0003632239032927659
however:0.016306795266645666
we:0.027504977667632036
any:0.006961137865910253
catholic:0.06334305573714664
will:0.03083824067764039
the:0.001025514299304834
would:0.0063445554156760274
just:0.007989037846706707
during:0.019920881019064425
address:0.02171987315601096
is:0.0036554098896688964
issue:0.021301768758264308
time:0.010744965781657916
does:0.008289039553316498
1993:0.020609903421837668
too:0.013282434475268683
change:0.020217749033404675
article:0.005512468573582319
little:0.015954685046928326
going:0.014815072680610084
by:0.006737656291273239
god:0.05414649452602499
everything:0.063054336406597
