above:0.012319710543568079
since:0.018106983017227886
believe:0.019662188962265525
sentence:0.022410639250222984
at:0.007972534049361367
there:0.012458538265753133
stephen:0.01842379764430325
all:0.008634098014898563
knows:0.06323912056364227
happen:0.015301503285824957
true:0.011689053358180303
case:0.022367521333092815
own:0.010255613735511291
with:0.002646277723029626
way:0.007838791038672143
arguments:0.018821360340191638
often:0.028120546500259788
both:0.02032311386704288
catholics:0.025380062886532915
to:0.006236195294528646
remember:0.012591058988783856
important:0.014218865579064356
famous:0.022764326005197354
h:0.01598724943119691
us:0.018641415259592727
make:0.007964165083030335
that:0.017266746062349524
choices:0.023228824439858367
creps:0.031215662549115803
nt:0.0032311246684273236
happens:0.016905328121170946
re:0.001692038474109369
anyone:0.007569749998377336
this:0.0023754861464770093
mean:0.011961185777510682
he:0.014390345769413894
two:0.008437961233725392
certain:0.01491545245140502
you:0.0025149275538856194
a:0.0018957069581625272
was:0.004006611466522107
steve:0.014512008356716682
therefore:0.015533599640519756
evidence:0.014559764862050123
advance:0.014314485143333257
dogma:0.027022169192819648
truths:0.027735422334012334
far:0.01126415417249503
reconcile:0.027314198700229476
pat:0.018340001048071403
are:0.01454550637106845
doctrine:0.042815498770719364
it:0.0015513820350224977
not:0.013640497931582916
fate:0.025446120802465732
have:0.006940053572140084
being:0.008804542669344563
proved:0.023838866172025568
completely:0.016275989307870907
against:0.011689053358180303
able:0.023868463584711938
pit:0.02624456622030083
has:0.00963596808947105
his:0.008345832766992113
free:0.052262584509044994
be:0.01308735875876632
writes:0.002992137515916572
were:0.007019471934263798
things:0.04044752811113574
of:0.004399108270718069
what:0.004164896393649915
but:0.0030103313224000465
never:0.009972575705257287
least:0.01089439992174879
sense:0.014870235503904936
up:0.006079006200689524
good:0.0073303613183687754
over:0.009076654988775376
one:0.0044493706234191065
in:0.0064318444124702445
ours:0.024883687695327374
and:0.0017275901108180537
subject:0.00024160141983726967
however:0.010846601376456622
i:0.0008637950554090269
we:0.024393554854551493
any:0.0046302591234787666
catholic:0.0842663275417245
intellect:0.023701041703768966
will:0.03589654938607688
joseph:0.01848053678119345
the:0.002387452972816005
would:0.008440268290537341
can:0.007824126628395597
come:0.010865129748730357
last:0.009864988923346144
an:0.008125775009608477
thought:0.01214744979724757
human:0.014506074077993557
many:0.008385525011665581
religion:0.032140554415952156
is:0.004862852975396632
time:0.007147103936215899
does:0.011027048093552266
man:0.013113345424412665
first:0.008495723209914215
too:0.008834922479024872
change:0.013448005013169628
going:0.009854369611084537
by:0.0044816084833355935
appear:0.017867409811113948
god:0.06002665682749377
everything:0.041941119691265884
s:0.014037019928869193
