since:0.03541277209564038
believe:0.009613592390842213
say:0.008396216700298864
there:0.0040609689627307405
stephen:0.018016191501730165
know:0.0054596244498154945
all:0.008443078147312311
knows:0.061840024975951056
happen:0.014962974452067767
actions:0.017496559487558194
own:0.010028719626318563
with:0.0025877317557059616
way:0.007665366458170546
occupied:0.0224443176020149
arguments:0.01840495856275377
from:0.0037458949311069715
often:0.013749205257870382
both:0.019873487454055202
my:0.004204487881992483
geneva.rutgers.edu:0.02211908546930284
to:0.004878581097666658
cs.cmu.edu:0.022918855346942327
within:0.014320576178419546
us:0.02734349185201322
enough:0.010761719145740692
prayer:0.023497791634370695
make:0.007787966740485415
that:0.003069952437473246
choices:0.022714912394728753
creps:0.06105010109163356
control:0.013493956946641697
bit:0.012057894681662388
like:0.005153270192516253
could:0.013354948277221746
happens:0.016531316437074242
re:0.001654603994593675
so:0.013563857487410444
this:0.002322931143236367
he:0.04221592586336908
recently:0.014642971524724288
incorrect:0.022481975520899453
a:0.0018537665387341527
how:0.005820190253226214
same:0.00859333340941864
perception:0.02615608305219782
ending:0.025363834240476644
therefore:0.015189935931658698
advance:0.013997792994144467
are:0.008534221879662286
no:0.004981175823816415
doctrine:0.0418682532226946
action:0.016291562304539632
it:0.004551178270884583
not:0.010670973603114423
have:0.006786512563906897
tom:0.01679525762599449
completely:0.03183180209769443
against:0.011430445982999322
able:0.011670200115533933
pit:0.025663934224276472
has:0.004711391477374119
free:0.05110633263937585
without:0.0099434092247898
sort:0.013882572157792167
writes:0.0058518795665271
things:0.009888167823629423
of:0.009463922306297013
what:0.004072752668126687
understanding:0.01776174683588861
fact:0.010611801454109908
using:0.009754073356835933
universe:0.019608205091442444
beginning:0.017920738027154375
good:0.007168185183006633
in:0.004717160227287358
thomas:0.016300907141721683
our:0.07893010346833251
or:0.002983679016385333
and:0.0033787381813344237
for:0.004318790215647
subject:0.00035438438352236677
however:0.010606632319455368
i:0.0008446845453336059
athos.rutgers.edu:0.018480857143400888
we:0.017890405828061548
any:0.004527819762339855
catholic:0.04120101412991396
lives:0.034446529645427486
impossible:0.018213507322716087
will:0.025073127099630187
the:0.0016675951548430375
when:0.01735851030323543
would:0.0041267683455945845
because:0.007808505747320858
did:0.007273942670101617
different:0.011182375654917025
is:0.008321718532011713
living:0.016300907141721683
time:0.027955928670862187
linear:0.025082801471793786
does:0.005391543426272236
life:0.012346811297737655
tied:0.022675228014274063
experience:0.029311705971638475
too:0.008639459592320781
change:0.013150482778364989
midway.uchicago.edu:0.023311457628396683
words:0.014636544829678648
describing:0.023311457628396683
article:0.007171087436430097
comes:0.013381311226750051
before:0.009407939235498427
going:0.00963635258429063
understand:0.013257333021839174
god:0.09391781351416725
everything:0.04101321881314053
s:0.008235879834371924
