out:0.029454427477011498
tried:0.07744660132591678
from:0.021164306360754392
to:0.006890995800454155
make:0.044002012083742596
think:0.035993700688213885
nt:0.017851963793060963
re:0.009348512569454263
ps:0.11263905807049289
off:0.054586436198908767
j:0.15270643297644315
are:0.016072784540030638
christians:0.08992484092598677
it:0.0085713857434993
have:0.012781265328691322
writes:0.016531559775439058
of:0.004861014639143467
tend:0.10649010234348336
never:0.05509848077154651
they:0.023322990612693592
clear:0.08244376855466534
in:0.004441992547362262
and:0.009544935362269746
for:0.00813372157280185
subject:0.0006674239223004575
i:0.009544935362269746
athos.rutgers.edu:0.10441684286021502
body:0.0887420280918638
limits:0.12363151506425303
do:0.035915895945324836
just:0.02935971408664715
dreams:0.1359095288814195
article:0.020258322007915025
incidents:0.1424991419032375
james:0.08648984419092569
