there:0.010429306654285767
wrote:0.08780369231907481
to:0.006264541636776504
hudson:0.12715011728344713
doctrines:0.06424370068743872
that:0.007884196032601746
writings:0.059296904423145017
mormons:0.06034660124281565
this:0.005965709526947943
he:0.018069695540002675
athena.cs.uga.edu:0.06390446246982871
possibly:0.044056291629515236
link:0.05506691055405588
a:0.0015869365066436309
how:0.014947306786694595
was:0.0301861750261836
related:0.043797033927626926
book:0.1060124492278525
it:0.007792168857726636
not:0.006851250097454147
becoming:0.054110182244733754
have:0.01161933211699211
his:0.0209594209261961
personal:0.03811244853631495
of:0.006628656326104726
mormon:0.13222156163149734
david:0.05673739180328396
called:0.030480164725644705
in:0.010095437607641504
and:0.004338606982849885
for:0.007394292338910773
subject:0.0003033745101365716
later:0.036311500329064814
joseph:0.09282269610553982
the:0.005139225068107179
do:0.008162703623937463
when:0.029719873700994
jr:0.05309791372139638
moral:0.045615395283077564
an:0.030610163814604657
many:0.042118205172229396
paul:0.037216164671693835
is:0.0030530980328484533
issue:0.07116727289692848
life:0.0317088562873717
smith:0.08949405805605597
wives:0.13770251746824483
answer:0.03450308002419155
contradiction:0.19273110206231614
god:0.030149752633809375
