he:0.0993833254700147
daily:0.2786628337332465
it:0.021428464358748248
verse:0.3237288317755604
money:0.38752747084114125
chuck:0.3114554998849601
but:0.04158020139065064
who:0.08081580463961552
subject:0.0016685598057511436
away:0.1730614741452294
grow:0.3279987845241527
makes:0.1745611176407484
little:0.293167337737308
by:0.06190221717607288
