at:0.0033243962734129475
out:0.004445951317284754
all:0.0036002559647029856
knows:0.013184760042042396
true:0.009748229404369233
situation:0.013298612410470182
means:0.010696585737504727
take:0.008021694831455485
chris:0.01447829148271434
atheists:0.01576103288456076
gay:0.016773349815106715
with:0.00662068728440997
both:0.008474355027578257
my:0.00358571419369925
to:0.005720826702263826
experiences:0.05349177271816163
then:0.006022189999153975
that:0.01047259246594647
nt:0.002694636044235617
me:0.008178027776638072
exactly:0.012137293031215126
description:0.01650958589202227
so:0.0038558890467355477
this:0.005943197415525498
mean:0.00997517757294287
parallel:0.0347271953770671
he:0.048004021359101444
these:0.012502913004520323
on:0.0019132408499595846
society:0.014023514031723954
am:0.030836535032101237
them:0.01106308808703578
classified:0.019617771710866642
sexuality:0.04703533954624006
a:0.0031618961339918376
hard:0.010204654349341544
christian:0.04839007352809926
was:0.003341362770193908
as:0.021135091024600487
idea:0.010461797340606628
denial:0.021953768723720315
listen:0.016116778756012334
lunch:0.021005412390584823
accepted:0.01589391932339497
course:0.01846152301811335
based:0.011399634007171859
foreign:0.01665567839081733
are:0.004852161370575287
no:0.004248097117669849
model:0.06903682097327452
religious:0.013854338887207992
not:0.006825396323501489
admit:0.015472064961175662
being:0.007342656339340182
only:0.0050322122198841
christopher:0.018260958855002167
theology:0.020291291637231885
between:0.008765531494514738
against:0.019496458808738466
has:0.004018016882590758
feel:0.034486151142409556
call:0.010026249426410217
his:0.06960109590585874
deny:0.01811198220981806
be:0.002182872668443288
which:0.014625196217179446
claims:0.014174813870221608
attempts:0.017403742587420553
things:0.016865856061435848
if:0.005057739017082334
of:0.005869904469909091
trying:0.010174823483276967
gives:0.0137227338709287
what:0.01736683213201191
but:0.002510502725473246
accepting:0.0387439260468581
sense:0.012401215269294304
again:0.009214600521162332
understanding:0.015147753905323871
seems:0.017784808221743987
please:0.007227982478887754
they:0.0035204514132367686
up:0.005069661774914659
now:0.006233639237276393
one:0.0037106071991532923
compare:0.01626306005205099
or:0.0076337146155066255
and:0.0028814899206852066
subject:0.00010074323355478603
blind:0.0387439260468581
however:0.009045656242252502
austin.ibm.com:0.019691047506553816
i:0.007203724801713016
we:0.0050858260592979996
catholic:0.017568734327095388
offense:0.018775720573831887
will:0.012829871829093785
the:0.003413221177308919
do:0.010842534625003723
see:0.006676927401551608
can:0.0032625131790102392
hate:0.01519241223606728
because:0.006659329429790618
once:0.020249292037169103
regards:0.015582519234006277
homosexuals:0.018416059517966512
comparisons:0.0216310435409348
an:0.0033882948624971198
just:0.008863309912950083
definition:0.015376526063121737
is:0.0020277179387974634
homosexual:0.09117858695141087
issue:0.023632905716715873
match:0.01806360225348198
christianity:0.014515654014724573
does:0.004598070997500095
experience:0.012498953867151502
him:0.009043453974955878
atheist:0.051736990686308895
models:0.016842275656530466
already:0.01096523140112208
feels:0.057913727363871986
feelings:0.10060831879253174
understand:0.022612507644797386
by:0.0037374923578006266
fit:0.015341313506786327
apply:0.015092664096187447
