some:0.03433931985686336
there:0.026993499575798455
my:0.027947478274420626
to:0.00405352694144362
that:0.010203077218661082
think:0.0423455302214281
me:0.03187025530601602
student:0.11832404329907857
on:0.029824048543487643
you:0.016347029100256524
input:0.1255044499816093
m:0.08051851247741601
a:0.004107365076018809
christian:0.09428948150695811
wondering:0.10585098534874401
was:0.026042974532393695
should:0.048318004183337634
systems:0.08824756236125325
if:0.019710306463629684
what:0.027071826558724445
fact:0.07053726848908351
and:0.005614667860158675
subject:0.0007852046144711264
i:0.016844003580476025
the:0.002216920617614862
put:0.0731605676337288
about:0.02897106412711387
jimmy:0.31238240643339865
give:0.06950694915752961
