since:0.011632683856998147
simply:0.0177828101156011
there:0.005335924334750857
concept:0.024743324093725486
know:0.007173692591036639
way:0.010071934997363623
meaning:0.022941549621420303
from:0.004921931711803346
wrote:0.014974273108679425
post:0.015014987235065003
my:0.005524501519362217
to:0.004807671488688945
otherwise:0.02065921413727928
that:0.004033774714354382
view:0.019798539260375763
quite:0.015443019663426752
provide:0.019633463245833798
higher:0.021580662285104024
could:0.008773890437942194
me:0.006299934188398516
re:0.002174072690570759
athena.cs.uga.edu:0.06539061275982472
you:0.0032313894733065223
tell:0.0140117735675724
numbers:0.020510130238364524
them:0.008522437043792097
education:0.025149113407304215
a:0.004059605016995335
how:0.007647459286215839
beings:0.0589815788145973
other:0.00801923248739483
as:0.013955479538668925
possibilities:0.03228279628705025
modes:0.028883157437906284
explanation:0.026813905730618873
far:0.014473128326287218
are:0.003737856869774567
no:0.006545033349898313
existance:0.033824120417359785
it:0.001993345521744023
not:0.010515872242604038
have:0.014861936428710839
being:0.011312813546076442
university:0.013664768032550312
real:0.014869731709292136
abstract:0.0325267741887888
explained:0.02754159842221193
without:0.013065177237223807
be:0.01345258737529003
entities:0.03448300812263306
things:0.012992592605466568
of:0.00791327964511727
georgia:0.0279427197680663
institute:0.02263056889496108
what:0.005351407575561809
saying:0.017538111505607204
trinity:0.034367876568585504
sense:0.019106523525366223
properties:0.09419388045402412
must:0.04042082140952612
one:0.011433847764832819
in:0.005165107613211932
point:0.012799627681744538
essence:0.09941800597900291
or:0.011761246355286371
better:0.013001255065705831
and:0.0022197524098301735
for:0.0018915631564655464
subject:0.00015521486565126915
secondary:0.03212565284293443
relating:0.03304777511140326
i:0.0022197524098301735
propose:0.03204864571066687
athos.rutgers.edu:0.02428298671167791
athens:0.031130604841795893
we:0.007835720382057964
stan:0.03212565284293443
any:0.017848033714339663
exist:0.042285168323210526
ways:0.02074615337952962
the:0.0021911424708984098
do:0.020881334851933043
thing:0.013162397878633467
see:0.020574253039664838
invented:0.03244430538069603
views:0.023547016244981914
can:0.020106185870644496
major:0.019048999841382513
put:0.0144619726717836
an:0.010440676029787635
just:0.006827840485266779
ted:0.05216876892847699
about:0.0114536765153706
reality:0.024364018734025477
definition:0.047381155892177444
is:0.0046861504690232075
does:0.021252711877980092
primary:0.0267520545782639
define:0.024853231969534508
article:0.004711237676259308
unity:0.03607857117903865
thus:0.019368343446955264
god:0.04627636450770741
