out:0.017851168167885755
know:0.018695077661489423
ever:0.04005184934590698
own:0.034340767205272654
into:0.027133392469430098
my:0.014397185777731839
to:0.006264541636776504
been:0.022230914957900597
anyone:0.025347193176384716
this:0.007954279369263925
on:0.007681951897564999
working:0.04800816682888799
m:0.020739616850243517
turns:0.06687507232676655
whether:0.04329482704366401
university:0.03561121366058566
against:0.03914061806299768
able:0.03996159433501014
has:0.016132946574038652
love:0.04957905212396135
be:0.017529129004165797
of:0.01178427791307507
produced:0.06955798446173339
department:0.05254659973777177
huge:0.06512004481881016
english:0.20082501750180137
email:0.04157422210557486
in:0.002692116695371068
and:0.0028924046552332564
subject:0.00040449934684876206
i:0.0028924046552332564
preferred:0.07737730233525057
translation:0.07186718143480052
catholic:0.0705411302527315
mail.sas.upenn.edu:0.177397465332023
the:0.005710250075674644
interest:0.055345227222240695
would:0.014131055244005698
collection:0.07291912850194845
replies:0.06790618540623648
general:0.04467318731950835
query:0.08735701452447445
ad:0.0656010857023644
else:0.03828109432330389
somebody:0.05751103368901144
does:0.018461951732386746
unless:0.046637294329401384
translated:0.08660554571933245
by:0.015006598103290397
check:0.05014108431193469
s:0.018801099419879345
roman:0.07737730233525057
