another:0.08212982705142884
your:0.04666415637708379
from:0.031354527941858355
brothers:0.18980005671207176
that:0.025696638921072355
so:0.037844836940182223
deeply:0.20882991789370617
you:0.041170295511757174
truth:0.13315027881528163
daily:0.16513353110118312
have:0.03787041578871502
verse:0.19183930771885058
chuck:0.1845662221540504
love:0.24238647705047767
now:0.06118201473623126
one:0.036418922510208236
heart:0.14707343011280063
for:0.01204995788563237
subject:0.0009887761811858628
the:0.00558335562954854
sincere:0.2219612148448509
by:0.036682795363598746
