gifts:0.02782704792028578
since:0.0088141921735845
believe:0.009571241763569783
out:0.005190207484935947
effects:0.018950823160187695
know:0.005435573240785471
faith:0.016497912424470452
rick:0.02120115630453127
produces:0.023208763982456613
take:0.009364533613813673
own:0.009984540244704826
your:0.005550362212252259
into:0.015778007955791953
approach:0.018133271607638043
unto:0.024521736931739993
my:0.004185965908944059
catholics:0.024709224219928518
to:0.0036428171632356763
line:0.012439664091656338
design:0.01657782910760107
slightly:0.01907344342007071
then:0.007030309910906623
h:0.015564678961649854
that:0.006112856835849812
view:0.015001536355879436
think:0.012685004647828681
quite:0.01170131886391807
church:0.016507823084091666
like:0.005130568561712217
really:0.00859645701846223
me:0.004773518415879052
re:0.0016473149902122052
practice:0.01809043218080106
baby:0.06596127936477642
this:0.006938093899181749
baptism:0.1315396341765009
child:0.01746856661119557
he:0.021014976310840115
best:0.010727647929345526
these:0.007297955828629704
certain:0.014521211417447178
on:0.0022335190539175768
you:0.014690722187014674
possibly:0.01707909102818212
children:0.014768180035323902
them:0.012915058780019745
why:0.007840187577770955
more:0.011201929742913886
a:0.003076000277194703
infant:0.053585024553545996
stronger:0.02242074983002057
nor:0.015218233466851997
was:0.0039007098418563247
as:0.0035247319833348833
part:0.010789524724287566
wise:0.021560971419131564
also:0.006535229654976064
act:0.016438912171887025
soul:0.03714078668573036
are:0.0028322087295208176
those:0.00817583988672934
play:0.014105366664231022
reason:0.01177185869607281
action:0.016219793307603335
requires:0.01768350125511377
it:0.001510376342466837
not:0.01327995613603447
have:0.006756616032788364
made:0.010244843841048465
thou:0.024709224219928518
kind:0.012138884127590573
doing:0.011809263899406676
strongly:0.020559254052630854
his:0.03250095227322038
teachings:0.023163581162336834
without:0.009899605659922886
be:0.007644862429129577
thinking:0.015345931867174695
writes:0.0029130501806941076
get:0.005790193723749438
of:0.008565664562367343
gives:0.01601993161143659
what:0.0040548110264168775
but:0.0029307630936141423
seems:0.010381000393749243
they:0.008219556163063822
called:0.011816099100690458
one:0.004331766113548998
in:0.0031309198571716386
context:0.01829401298765186
according:0.030304195635120868
chosen:0.021687750998647174
rather:0.011336932391686623
use:0.00732501994602356
and:0.005045780808248324
gets:0.014701834107457288
for:0.0014332549026963614
subject:0.00011760773961241542
cause:0.013892075477277829
i:0.002522890404124162
any:0.004507873419774482
intellect:0.02307458245168697
will:0.0049925345590453064
yet:0.011586205914917023
capabilities:0.022575337141964486
than:0.006302208291715688
joseph:0.01799206444336455
the:0.005312796546178347
when:0.005760680364950379
older:0.019463217555240664
would:0.012325766248075454
can:0.003808660759637504
effect:0.015270367641508397
put:0.010957970482584931
come:0.01057794570250841
army:0.019661687440443058
different:0.011133114088155278
is:0.002367159708287788
switched:0.02400286893325372
new:0.007594711739575097
does:0.005367792133645486
primary:0.02027027923991802
fool:0.04357057799621253
carried:0.019827163658837986
guess:0.013198930673725347
him:0.021114672276328704
change:0.039277653408508646
article:0.0035697483714387714
comes:0.013322362719143225
react:0.025789058836813917
answer:0.02675128671479169
by:0.013089455614323781
mine:0.014384312972687165
babies:0.02446097339811737
differently:0.022944367463838756
s:0.00546639895027329
