thanks:0.026578488598882174
access:0.04469835824024701
c:0.034481302605719466
post:0.03443437072574908
to:0.0055127966403633235
within:0.043152669550970905
us:0.027465018482466616
t:0.03435030740000589
that:0.004625395005793024
its:0.027570994080455605
publication:0.07315188767775256
me:0.028895698144121195
michael:0.08012520537796505
anyone:0.02230552999521855
uk:0.05762185979545049
this:0.013999531689904508
presume:0.07478658530565031
restrictions:0.06918853403151345
none:0.048300136432283924
libraries:0.06686382220291642
them:0.019544788953763215
bible:0.04798578002476396
3:0.06243909185700319
m:0.018250862828214295
magazine:0.11260532098143688
a:0.0037240110022570536
looked:0.04966670939306247
following:0.036497523640530154
ve:0.02433511598703246
leadership:0.07038336281404263
war:0.04715766820764023
has:0.014196992985154014
willing:0.047678664719728946
copyright:0.06844760268278265
be:0.007712816761832952
if:0.008935338930178791
of:0.007777623422629546
looking:0.034585137938755256
but:0.008870442963338804
1985:0.07095082433962657
subscribe:0.06970639847573032
please:0.025538871425403398
in:0.00236906269192654
pp:0.0661373130657955
and:0.002545316096605266
for:0.004337984838827654
subject:0.00035595942522691063
i:0.007635948289815797
allow:0.04675032895166123
will:0.015110737932043792
the:0.004020016053274949
would:0.012435328614725015
an:0.011971975180823158
btw:0.05002387360591114
e-mail:0.036662610355363556
article:0.03241331521266404
davis:0.13207336731464747
