school:0.06734304584807602
dan:0.07358895350717144
both:0.08317422527067547
to:0.007656662000504615
church:0.13878799407736325
re:0.006924824125521676
churches:0.19399741542714596
western:0.0757505141425074
went:0.06041594935622377
a:0.0025861187515673983
christian:0.11873490263839169
as:0.014816928892907748
college:0.07628732038090097
are:0.02381153265189724
fighting:0.0844425309959823
not:0.011165000158814165
of:0.0036007515845507157
america:0.07292108434197152
fraction:0.1094680512925316
women:0.06998731840432268
michigan:0.09540282444984981
over:0.0371470509725807
in:0.009871094549693914
subject:0.0004943880905929314
i:0.003535161245285091
similar:0.05860663496049446
allow:0.06493101243286281
currently:0.06664691670106104
the:0.01116671125909708
people:0.02787542851987254
is:0.004975419016493776
issue:0.05798814828638617
does:0.045129215345834264
belong:0.0909004901738952
significant:0.07709125543525862
very:0.03228226836636013
live:0.05734607914717886
