some:0.005779885520462149
since:0.009905057541602383
at:0.004361212932942728
recorded:0.026852771261012053
bbs:0.02003486461265179
say:0.009393787001324472
there:0.009086920649278688
surely:0.0222104659794506
stephen:0.020156729105896127
know:0.006108292701278722
all:0.004723108072506392
case:0.024471397102047085
means:0.028065299212264878
where:0.009145825733830503
among:0.01705200726725656
i.e:0.01710167820284853
enter:0.04690252404574705
with:0.0028951850336116206
mentioned:0.017401800093028903
via:0.016921937517899232
to:0.006140491307335384
everyone:0.045408605309600544
heaven:0.0862210430963237
that:0.013738797046909973
think:0.00712746548281463
creps:0.03415178922452768
could:0.007470837402604244
its:0.010236755227891931
exactly:0.015922686402336676
had:0.007596081612287798
this:0.0025989229622347476
baptism:0.05912771674864497
he:0.02361583971564706
on:0.0025099446794024254
spirit:0.02270101500244184
went:0.01615079834275289
assume:0.01718558690737216
them:0.014513457143883574
bible:0.05344950745332619
m:0.006776310456020159
includes:0.01865224936352648
sin:0.02131567393813117
a:0.002074016028484745
other:0.0068282573655045085
contrary:0.02288487414575598
was:0.0043834709608979484
worked:0.019030514062249256
africa:0.02783956780863825
accepted:0.020850933765839935
acts:0.021679547512353577
also:0.007344045206334487
died:0.02008021297601151
course:0.012109662375742668
no:0.005572998693972821
internet:0.014141257144131714
infants:0.030108417261522132
doctrine:0.02342134957507173
it:0.00509191232287087
not:0.0029847030127523014
have:0.002530943629443826
only:0.0066016645458875575
suddenly:0.024125183677945704
after:0.009550562810222532
his:0.009130836839134933
be:0.011454678359157849
writes:0.003273576193156249
were:0.023039157883251966
listed:0.0224742351210988
of:0.006738040093862231
safe:0.020558123505925605
what:0.004556644074240748
but:0.006586962596538715
seems:0.011665777670203357
port:0.020642461066086835
scripture:0.023760768740602903
must:0.03441772912098263
they:0.023092069913558014
who:0.006401251852642813
comment:0.019453452459815657
in:0.005277614907757143
and:0.0028351293155256673
still:0.01010747070410667
subject:0.00013216315293078365
showed:0.021162157914653146
i:0.0018900862103504448
acceptable:0.022911706162930926
we:0.020015998599712426
the:0.005224030762300368
do:0.0035560293015173103
see:0.008759335452530576
original:0.015278059471650889
would:0.004617077455962258
agree:0.014933441480021976
an:0.013335120869728762
south:0.021394254874548446
elizabeth:0.03059177602173954
is:0.003990187528079166
time:0.007819356286652047
christianity:0.019042813435158474
does:0.006032122843255075
their:0.0074934832603055146
gone:0.019453452459815657
unless:0.015237927850200452
exception:0.07389454384255618
first:0.00929482588807446
convert:0.021181089085140294
already:0.01438508079850174
inclined:0.028542390884234225
holy:0.022425219918214088
side:0.015942396428570264
before:0.021051428388343014
by:0.004903145914936466
mike:0.03163774286096736
mine:0.016164549726732605
says:0.025356700439876912
giving:0.018779044293510273
god:0.026269091403715097
