some:0.009649065083746728
sleep:0.04068693782390833
out:0.019474001637693552
there:0.022754850882078036
all:0.007884858104514803
thanks:0.01647426979269556
where:0.015268238001931916
your:0.02082532598646715
with:0.004833284105698738
much:0.014439643550082077
active:0.03692414871766007
ca:0.01699626938919274
such:0.0317854083217818
from:0.006996464912646079
members:0.030481341392600128
angels:0.04250099203907948
to:0.004556030281292003
church:0.03096922181891577
bit:0.02252135700872479
like:0.019250232454688813
movement:0.03890332202868406
nt:0.00590147563406974
re:0.003090417378331988
oakland:0.046598411430827
anyone:0.013825741732573482
this:0.008677395675560645
you:0.009186760155516064
children:0.027705593950566328
more:0.010507595254716742
a:0.0034624069235861033
how:0.010870768572141523
same:0.01605035826883151
christian:0.0529891301030839
basis:0.030803374190396686
as:0.01322502744160361
part:0.020241505061266755
frankly:0.04672269140904634
learn:0.031487720501836625
frank:0.0323650774921539
are:0.005313317203315913
d:0.04516969146389344
religious:0.030342147149670394
try:0.0201354518375487
university:0.01942429836031945
after:0.015943914774090507
public:0.024493757008765236
talk:0.028591684030058077
knew:0.03208343027188231
were:0.012820688408861976
if:0.005538433221185201
of:0.004820840964439801
coalition:0.05245118050458308
groups:0.030411451227160265
they:0.0077100795413863115
one:0.008126536427897707
in:0.0058737091535368754
fear:0.035584844095061956
or:0.005572821964488308
and:0.004733025799472602
for:0.0026888335777857353
subject:0.00022063600737205204
murder:0.035360165249573056
i:0.006310701065963469
vela.acs.oakland.edu:0.047790556958467886
rochester:0.04623640628488987
we:0.011138379386065867
any:0.008456919556105846
alan:0.0363692784462747
background:0.03658677686212077
the:0.0031146818594588966
liberal:0.04050791718935313
forum:0.04220580127377304
come:0.019844575822061228
just:0.009705690607156082
people:0.012440273884901798
about:0.01628125917887391
interested:0.02377748938359438
is:0.0022204349329806934
viewpoint:0.04737377304419605
wanted:0.025166611483852085
explaining:0.04611917789652659
position:0.028453247580266215
very:0.014406962742011961
politically:0.04684886886467269
understand:0.024761630272195485
conservative:0.17416163385182315
