bbs:0.04705863548553094
know:0.014347385182073277
all:0.0110938119842592
testament:0.05849902380405366
paragraph:0.05767788930156583
though:0.028901676762914878
wrote:0.02994854621735885
via:0.039746876495530756
to:0.0032051143257926296
next:0.031143953764525292
puts:0.05741657702421632
that:0.004033774714354382
quite:0.030886039326853503
anyone:0.019452497088853386
kenneth:0.05716100834143986
numbers:0.12306078143018714
more:0.014783942160706115
same:0.022582480820100143
j:0.03551312394801003
quick:0.04720087465338716
africa:0.06539061275982472
internet:0.03321551096644891
it:0.007973382086976092
not:0.007010581495069359
being:0.022625627092152885
only:0.015506235328712634
suitable:0.05979790740382112
verse:0.1806858595956616
edition:0.056666129104012
of:0.00904374816584831
even:0.019525109857744485
chapter:0.05741657702421632
reading:0.038213047050732446
english:0.05137384168650733
port:0.048485780643599305
in:0.004132086090569546
or:0.007840830903524248
for:0.007566252625862186
subject:0.0003104297313025383
each:0.02960476043442576
top:0.0393213049554339
translation:0.11030776685341476
detailed:0.057503030262443265
than:0.01663489863045885
the:0.007011655906874911
original:0.03588567457294743
put:0.0289239453435672
an:0.02088135205957527
south:0.05025162191463705
language:0.04741754999693243
elizabeth:0.07185510181850449
is:0.0031241003126821383
translations:0.06920093144663263
expanded:0.13255734130533722
new:0.020046506568413336
study:0.04308573660970696
does:0.042505423755960184
show:0.035000798485288746
mike:0.07431190765017914
range:0.04650646494755434
clh:0.06993556983758067
s:0.0072143753587909105
