your:0.039372881943164455
wrote:0.08048671795915191
name:0.08631976580719534
my:0.029694195666571915
guy:0.10582283584215217
could:0.04715966110393929
me:0.03386214626264202
am:0.10214602229383535
why:0.1112326612596254
a:0.0043640753932699845
sorry:0.09929427139808202
copy:0.2135382465664589
russell:0.32674874285498584
not:0.037681875535997805
deleted:0.10979310928119802
2nd:0.13645740158092257
forgot:0.14998985267505582
who:0.04040790231980776
and:0.0059655846014185915
subject:0.0008342799028755718
i:0.017896753804255774
the:0.004710956312431581
request:0.12188440710607287
article:0.02532290250989378
