read:0.01971307010346019
choice:0.032803153691465595
there:0.00798068683110563
form:0.02968157325636431
sub:0.10385911985414159
send:0.05101473253697779
your:0.03286779710038076
from:0.007361497864610223
name:0.07205823928252829
to:0.004793736209011586
association:0.04146023119380179
line:0.0245548152070086
newsletter:0.050589119232920726
interactive:0.048403776378304154
bitnet:0.042437006715314134
on:0.00440877239338513
you:0.004833034690510625
tell:0.02095673959671698
a:0.006071757068897369
richard:0.06497526112658746
listserv:0.10838578243264015
course:0.021270885216521904
athena.mit.edu:0.04249802908625889
are:0.005590533753054135
internet:0.024839425592300922
should:0.0428559689278299
messages:0.03804382835987741
liturgy:0.0632882699570391
open:0.028738787641333592
feel:0.026489362471705892
topic:0.03797075522251758
june:0.039965881133569976
list:0.025318509538448518
without:0.019540960737413
be:0.005030097888151924
sending:0.03947648256053876
whatever:0.028738787641333592
of:0.006763150802286562
mailing:0.03838047629188341
languages:0.10087041973367797
participate:0.04554721927419949
comfortable:0.04608526626305243
subscribe:0.045460694658084985
order:0.024385364009847758
using:0.019168874596912355
please:0.016655785712219606
translate:0.05211263305053022
one:0.0085505296328315
in:0.003090081772078095
or:0.005863577893070307
message:0.0847126927450362
and:0.001659988758655608
for:0.002829120547061513
subject:0.0004642949024698834
group:0.023453182041796916
classical:0.051929559927070795
the:0.004588061799933366
users:0.06867300118706404
once:0.02333070604282527
forum:0.044407843079361194
may:0.016182830673389832
an:0.007807809900536841
norris:0.09633104885768458
people:0.013089331652809717
address:0.02776366394724879
prepared:0.041406052500318
interested:0.02501805404708626
is:0.004672567424185459
discussion:0.029894538647740793
field:0.033847459564637444
new:0.014991300564204755
request:0.0339156611077768
psuvm.psu.edu:0.08693762288804247
e-mail:0.023910398057845797
by:0.008612482389714488
latin:0.2614982176535625
