all:0.0397528262769288
fallen:0.2313600400571934
re:0.031161708564847544
you:0.02315829122536341
was:0.07378842784178213
have:0.0213021088811522
of:0.01620338213047822
short:0.14429074440088613
what:0.0383517542915263
forgot:0.19998647023340776
glory:0.22310266803287054
one:0.040971287823984265
and:0.007954112801891455
subject:0.0011123732038340957
the:0.006281275083242108
thing:0.09433051813020651
conception:0.24882914131721423
immaculate:0.5239793617526349
god:0.11054909299063437
