simply:0.020807097550227138
at:0.00599295926839749
out:0.008014810197826258
bnr.ca:0.06349592748227488
all:0.012980514702670629
among:0.02343200998629813
with:0.003978417529180594
mary:0.1914207676744185
response:0.023888425528077156
fred:0.03152118537197015
parents:0.031194592044171778
to:0.0037502017961655257
enough:0.016545228074404054
make:0.011973336621426555
she:0.022551989693186954
that:0.01179947705559445
think:0.009794204268901737
appears:0.02653266005030158
seeds:0.04137347133896238
re:0.0076314388322075615
exactly:0.021880154103891214
spiritual:0.03474082961990842
so:0.006951092499217143
had:0.01043815296382405
this:0.003571309104567476
something:0.013541913722200835
these:0.011269632470060834
them:0.009971831098858781
why:0.012106956327578274
more:0.008649109019188611
a:0.0009500028066982279
pregnant:0.04137347133896238
was:0.006023545129941399
said:0.014908196113356682
blessed:0.07447146326604097
question:0.014850245464946288
ontario:0.03230850477356647
no:0.007658134259744965
d:0.012393498111408404
it:0.00233234986217668
not:0.008202857259536936
being:0.013236761428062231
whether:0.01943849377470629
attributes:0.040625165929341095
left:0.019893912812928988
his:0.012547136336770452
knew:0.026408809951685437
be:0.01180533177831574
writes:0.004498383612364369
if:0.004558846392948362
end:0.018396145595751763
of:0.006613625359378867
opinion:0.022512323568623736
what:0.006261510904738987
oh:0.021970858395520227
women:0.05141925433786972
beyond:0.05313692785630757
they:0.012692784006908077
find:0.028795193709842043
ottawa:0.035235791213666434
in:0.002417410910129122
or:0.0045871527734903765
and:0.0025972613230665974
gets:0.02270283226117554
subject:0.00018161195164638296
i:0.005194522646133195
athos.rutgers.edu:0.028412746356521093
special:0.047560696501564935
assumption:0.03226689778705329
research:0.02100225496963794
will:0.007709560169410098
normal:0.05132466223834752
the:0.003589300047566919
when:0.00889574450914106
less:0.01869976569113114
canada:0.025310255734739093
would:0.01903366624702808
effect:0.02358077180015242
pray:0.03374352707438545
needs:0.022784670494349298
watson:0.08096979733891708
human:0.02180845150501072
places:0.02595116926728119
jesus:0.04725441387337151
people:0.01023995333383073
about:0.006700790342325656
busy:0.03474082961990842
elizabeth:0.08407535722981478
humanity:0.06801242606887675
living:0.025061258598837413
trees:0.03933780538758241
article:0.005512468573582319
opinions:0.038851838850612816
somewhere:0.02639129972042576
mine:0.02221251050884344
god:0.03609766301735
s:0.008441309943619297
