entries:0.03904529336769049
muslims:0.029622515258836187
read:0.030429571300643245
help:0.014363038389542261
all:0.006403139802995243
true:0.017337454980925145
ever:0.017741087629730607
atheists:0.02803136721079598
your:0.00845592095423666
method:0.026784549817090997
concerning:0.06141264756319067
wrote:0.017285738085186988
post:0.017332736942491142
both:0.015071839478578777
geneva.rutgers.edu:0.03354975379907679
to:0.0036998635170223644
intention:0.037358619352382404
kent:0.06176313271760256
that:0.0023282189626474955
problems:0.01840988748920653
sandvik:0.10064926139723036
think:0.009662738439788961
nt:0.009584947002985752
re:0.002509667803880339
so:0.013715578488388188
this:0.007046744139213678
telling:0.028818955151851094
on:0.017013718967761406
you:0.014920778239160317
am:0.010968700380546077
why:0.011944446846671184
more:0.008533013596112254
a:0.0018745021823441544
other:0.009257100589475912
christian:0.04303144122465202
as:0.010739787385463334
private:0.02382336324613793
waste:0.028715301981196907
are:0.01725936594902619
no:0.007555340511292012
christians:0.02414089689288235
it:0.0023010431526172613
becoming:0.031957691527091076
should:0.011025584847204561
have:0.006862424337552387
between:0.015589703664740976
postings:0.03091717073618177
hopefully:0.031025131392232938
free:0.03875849388086893
list:0.03908226304592724
noticed:0.027222839068149835
assumptions:0.036324051031394085
newton.apple.com:0.0676386490978225
if:0.008995307647830996
of:0.005219881491697682
cheers:0.02922256829774729
well:0.011294415504384864
groups:0.04939309528169653
alink:0.03571350218437579
who:0.008678207209623142
up:0.009016512552700568
one:0.0065994020656082045
in:0.002384962441536785
and:0.008968395642401105
for:0.002183549415517275
subject:0.00017917420732898185
each:0.017087311391681983
i:0.002562398754971744
we:0.01809052222434859
schedule:0.03421589445743478
ksand:0.03656812918019191
the:0.003035247020090146
wrong:0.017741087629730607
do:0.009641851260489888
views:0.027181790564677108
around:0.015887210960762656
would:0.006259393598015947
individual:0.025917356988366124
draw:0.028340265347677064
is:0.0036063439851095826
discussion:0.023072966070403968
participating:0.040663830661763566
right:0.013019285864364426
time:0.021201476106090116
their:0.01015895046027996
define:0.0286896369044291
various:0.0239233488480214
atheist:0.030671817744679773
theists:0.03904529336769049
activities:0.028364626207076922
article:0.005438475706822825
earth:0.02362775276908556
borders:0.036908020004478855
by:0.006647217951793061
mine:0.021914356005369034
s:0.00416400188493972
newsgroups:0.08630078538566768
