root:0.16521571664877957
school:0.05961515534091976
manager:0.06437538262153439
there:0.015045557140608975
all:0.015640456240103136
thanks:0.03267846958878956
with:0.02876200213719085
my:0.015577282972627891
to:0.006778028656184413
puts:0.08094796105053449
through:0.03884366055778405
re:0.006130172176691321
on:0.016623240171779997
a:0.002289351025977697
how:0.02156332782342827
uunet:0.061917906760939105
was:0.014515756296744026
related:0.06318260632182245
xv:0.2601257464387127
display:0.1812846598492858
not:0.009883770632392867
uucp:0.06940374766124711
able:0.04323713485427327
jan:0.5223443517410928
be:0.009482971428483138
whatever:0.05417968161890759
style:0.07525945859794105
use:0.027258680782743412
subject:0.0004376550310166934
i:0.006258974008045736
xloadimage:0.10859384553529233
do:0.011775703588631094
can:0.028346425981564373
note:0.04855228030948357
address:0.1046826673420856
is:0.004404469293289573
gifs:0.10048407107896272
new:0.028262287948910607
does:0.019975226464549595
their:0.0248144855505199
hp:0.07091225419764467
seem:0.045241189424520295
s:0.010171086571410137
