some:0.007342999214675183
generated:0.03051992336944841
at:0.005540660455688246
out:0.007409918862141257
ideas:0.02262260149081428
there:0.01154438975568739
il:0.03234352224357621
know:0.007760220916089949
your:0.0158482040525945
with:0.007356319204899967
method:0.02509998693551295
motorola:0.03064960442103794
c:0.0975885922803381
ca:0.012934267899951706
from:0.005324353801447646
to:0.0034671676983417127
rd:0.032576486216408594
look:0.014913008328779313
near:0.02267154577032406
then:0.02007396666384658
most:0.011676701031239233
that:0.004363580194144363
nt:0.008982120147452057
re:0.002351827061497928
anyone:0.010521476412838938
module:0.03546168417062935
617:0.03275705292007168
on:0.006377469499865282
regard:0.02887312562562518
you:0.03146032015521067
tell:0.0303147805487101
great:0.03171384514129153
inc:0.02302525469059372
support:0.03445228062306297
a:0.0017566089633287989
how:0.016545446506026722
want:0.011903131872403659
coming:0.02186559719993456
steve:0.020170778910908092
local:0.019222537433433662
stuff:0.018386267626878127
are:0.004043467808812739
d:0.022916279526755165
it:0.0021563234574841004
should:0.030996455513839238
application:0.02320985979759075
have:0.003215412661305993
neat:0.03294295733668517
real:0.016085495937095896
doing:0.016859766699152928
details:0.023992590454656196
call:0.016710415710683695
talk:0.021758451368786336
be:0.007276242228144294
writes:0.004158882962374606
get:0.008266502989252342
soon:0.02262260149081428
if:0.004214782514235279
of:0.003668690293693182
interface:0.053115717444074
what:0.011577888088007941
but:0.012552513627366231
they:0.005867419022061281
good:0.020377482407037725
code:0.10190290912992755
in:0.006704894411112848
rep:0.03458676088470031
use:0.020915465757828277
and:0.003601862400856508
for:0.008184877054391798
subject:0.00016790538925797672
welcome:0.026312064067681835
i:0.004802483201142011
example:0.017681504048791853
any:0.01930730691110957
will:0.00712770657171877
source:0.01961803749496745
suggestions:0.02488676962937659
the:0.001896233987393844
do:0.009035445520836436
would:0.005865721044681611
can:0.016312565895051194
many:0.011655352374704992
about:0.0061950703164897584
e:0.019565344000338533
language:0.025647228300227604
is:0.005069294846993659
deal:0.02073154082868245
does:0.007663451662500159
article:0.005096433209538371
give:0.014863121203496898
sales:0.03043493142500361
