pc:0.09522405891422522
at:0.012585214463634729
dir:0.08336810310412231
ideas:0.05138562338627815
all:0.01362954043780416
own:0.03237843765068565
my:0.013574489447575732
rd:0.07399516154869952
that:0.004955780363349669
mi:0.07617486994291689
packages:0.07064658003671602
started:0.046846355371270076
package:0.055532329043660025
this:0.007499749119591699
two:0.026639849037904447
unix:0.05660810594457618
you:0.007939985562981741
support:0.039127947279050085
josh:0.07482757452189916
a:0.0019950058940662787
fidonet:0.07856135686667641
files:0.04727587949410984
are:0.01836889661717787
no:0.016082081945464427
it:0.004897934710571028
should:0.02346874488904971
have:0.007303580187823612
second:0.03928136823788952
snail:0.08120310455944801
free:0.04125011134463908
heard:0.03860924799171249
be:0.008263732244821019
which:0.03691120950050051
joshua:0.2533403472770017
found:0.03820743578938567
get:0.01877677107558746
of:0.0027777226509391236
good:0.023142997876564275
sounds:0.050895779479440545
one:0.014047298682508891
in:0.002538281455635578
u.s:0.05039632001426712
and:0.0027271243892199276
for:0.009295681797487828
subject:0.0003813850984574042
p:0.048087543423305
i:0.0027271243892199276
pretty:0.041114572241708953
the:0.005383950071350378
can:0.01235094274911019
linux:0.07617486994291689
is:0.011514541152457024
x:0.043502285564944315
first:0.026822211848443443
e-mail:0.03928136823788952
spring:0.06802422910766528
yfn.ysu.edu:0.15904097952871366
