some:0.02538123641594248
there:0.019951717077764074
wang:0.13028158262632553
where:0.040162104309429604
widget:0.2190904068603381
own:0.0492715355553912
such:0.04180472181451736
my:0.020656831768050027
to:0.005992170261264482
look:0.051547137484258924
that:0.007541404900749496
considering:0.08707325989902376
like:0.05063648102211622
could:0.03280672076795777
sample:0.10246090625212956
this:0.0114126617037265
something:0.04327524602529397
m:0.029756841567740697
are:0.013976334382635337
ftp:0.08246449885411034
contain:0.10195236539180987
have:0.011114143764079409
edward:0.09826283529092662
writing:0.08700997272060074
but:0.014462678744574136
find:0.04600971168855196
over:0.0436074076634643
code:0.14089184827529114
subject:0.0005803686280873543
i:0.01244991568991706
any:0.022245375354104504
information:0.053017854010516625
source:0.13562034616086194
anonymous:0.09879963121680425
archives:0.11615849417806018
first:0.04081640933458785
widgets:0.11954989088407281
needed:0.07251788456817437
by:0.02153120597428622
