some:0.037968678866125344
thanks:0.016206395487123278
operations:0.037896884977471124
followed:0.03613770488620553
work:0.016464003772278895
drawing:0.0771257556861274
my:0.015450638395614657
to:0.003361461366075197
t:0.041890618780495
calls:0.09776316257215677
consistently:0.04400230572095707
that:0.002820362808410381
motif:0.03822306378876726
interactive:0.04525556328052828
happens:0.030374613941290887
me:0.008809664068329632
anything:0.01887187927088946
server:0.03254031500120028
behavior:0.03453974815381459
this:0.008536299810917383
hi:0.025618021626133376
two:0.015160889696368387
unix:0.03221599525301084
on:0.012366068908275364
machine:0.026445523205889002
m:0.022257149790505238
a:0.004541476832020798
part:0.019912374897668922
odd:0.03950807951880242
also:0.012060952290077778
are:0.0052269218016359805
xlib:0.04400230572095707
not:0.009803414773592926
expose:0.09644028287955915
namely:0.04344138806659162
area:0.05217019584811947
moved:0.07249764780051943
after:0.01568466412735733
doing:0.02179433256231964
exposure:0.04460480955960522
netcom.com:0.026171017680659672
attempts:0.03749586817614997
of:0.0031616355376542873
trying:0.021921367667222736
menu:0.04188416683164138
reasons:0.029565239640618746
but:0.005408806684962686
particular:0.027569523968161036
up:0.010922442035385243
direction:0.07183984365918099
over:0.016308461402596407
code:0.026345630165298346
in:0.00433365126571928
point:0.017898666351707813
or:0.005482206973195816
and:0.0062080880405006485
still:0.01659926083113453
for:0.002645112706602228
incredibly:0.04283243434160692
subject:0.00021704843001640894
i:0.0031040440202503242
failing:0.04460480955960522
program:0.045148511095676025
the:0.0049024586015548165
do:0.005839983080540624
when:0.021262999070629854
less:0.02234850046013234
an:0.007299984866355584
problem:0.017199717821508816
unknown:0.0383669627895754
is:0.010921651499620483
move:0.028754675736365996
write:0.026456698577134258
assuming:0.032261542046089456
smith:0.032014134589158236
whenever:0.0385628778430637
very:0.01417270318523128
by:0.008052320933472896
bug:0.04032762991816798
strange:0.07148557773747519
