say:0.016358146329892617
all:0.008224722677985269
default:0.04137651108277402
ahead:0.03725551279878264
faith:0.03228470793409304
thanks:0.01718436762858761
controlled:0.04183334323915773
way:0.014934248444366752
to:0.008316719069513635
q:0.03659205554760912
displays:0.0878994530027204
hang:0.04578018025317049
been:0.012648624027771027
that:0.0029905571158144553
like:0.010039991926798907
through:0.020426407707110576
nt:0.006155849583814125
could:0.013009561683845322
me:0.009341281727625385
avoid:0.03333404735537154
lost:0.03021126141653319
game:0.025620768171642133
on:0.0043707657348214645
you:0.004791370598351051
pointers:0.04568797948492267
m:0.011800126828586829
a:0.007223297202653767
how:0.011339336183009693
want:0.01631549972165674
xdm:0.05263302400204883
politicians:0.04810707349551481
display:0.03177690876668515
it:0.002955650256379069
ve:0.031467822397024725
fail:0.039353325373194095
after:0.016631152479870268
manuals:0.04213166676654976
screen:0.03222678594919007
writing:0.03450395469954857
list:0.02510024652518603
get:0.01133081013182002
if:0.011554317582127747
of:0.010057271667193378
short:0.029853257462252307
andy:0.15454511161419338
version:0.02690060868677228
they:0.008042410556101238
up:0.011581554916830902
login:0.04752040570891985
one:0.008476818170479504
in:0.0015317215680559523
or:0.011626059615570436
message:0.027994136970342427
and:0.004937035532208489
subject:0.000230146180103606
each:0.021948356873798407
i:0.006582714042944653
period:0.032681131324108756
hangs:0.05095926525686816
info:0.02539134016717584
any:0.00882144195076558
currently:0.031025288809114628
suggestions:0.034112037681645495
the:0.0025991483103070794
do:0.006192395852642213
see:0.03050665105881338
moore:0.09747320104301047
put:0.021443614651265337
simple:0.05688256132683173
problem:0.018237631827979175
is:0.006948430005793032
time:0.027232930515581268
x:0.02625137922022502
wall:0.03867684592973294
show:0.02594886784254166
faq:0.033466336749118614
by:0.00853823685187212
seem:0.023790625473239117
hints:0.04481646123603156
