there:0.014119676701186884
technology:0.05181027208949143
help:0.032924503385258416
x11r5:0.14848678663711104
send:0.04512841724424958
fax:0.04705605138282138
with:0.017994688516601458
avoided:0.08870096859408175
my:0.014618680943543098
melbourne:0.08950382633516744
to:0.0021203064001397397
gcc:0.18642802364931607
building:0.1169374636565739
day:0.039127739011736495
appreciate:0.05906482054483837
centre:0.07702797685491623
me:0.016670595083146843
australia:0.07137067254529596
phone:0.04518995578783953
this:0.00807665289802183
fork:0.0971806135062288
on:0.02340040731873646
brain:0.06783659075333529
3:0.07204510598884983
a:0.002148467885917531
other:0.021220122889721707
hearing:0.06976665700184351
peoples:0.0840165195053408
internet:0.04394667604791702
systems:0.046160263388963244
be:0.008899403955961097
of:0.002991393624088287
telecommunications:0.09587973061348937
please:0.029467928567773152
programmer:0.0784333580639659
tim:0.3136853307489376
in:0.0027335338752998537
stories:0.07120253299864689
for:0.005005367121724215
subject:0.00041072241372335844
i:0.0029369031883906913
any:0.04722864305948342
would:0.014348456093913478
can:0.013301015268272515
people:0.02315804830881719
is:0.004133425029087137
61:0.15530184175151668
advanced:0.07111914734527243
bad:0.042163093026867444
hints:0.1599602924116819
