xt:0.06163509137118907
believe:0.026176769642534223
know:0.014865965369377131
all:0.011494793140316761
thanks:0.024016706565254977
via:0.041183510585730665
to:0.0033209618315441706
near:0.043431033463632834
ships:0.07327590707021049
tool:0.05664381742190811
die:0.04539463098111264
technical:0.046225870396618074
like:0.01403179594588763
nt:0.017206712089697315
need:0.023147011945749835
lost:0.04222296776286567
greatly:0.04702324276868195
off:0.02630671624043796
reply:0.04326742794403789
xm:0.08135009577304479
on:0.006108540063123976
you:0.006696373366370143
x11:0.06424386621691787
them:0.03532190774776484
a:0.001682535091381199
christian:0.07724921376473677
nor:0.04162095177078799
advance:0.03811447249008012
those:0.02236042956972964
not:0.007263976006939336
have:0.0061596459415379865
ve:0.02198956263888475
university:0.028317350621670526
attack:0.04757466949706244
be:0.006969412736596041
found:0.03222313861755419
watched:0.060039614435654955
things:0.02692440877277409
of:0.004685315314837076
seen:0.031234516754486182
fire:0.04333727273541531
please:0.023077293456689817
in:0.010703596499668101
install:0.05323072753059796
and:0.004599968849286625
subject:0.00032165008303636504
gate:0.07384973898574368
i:0.00919993769857325
appreciated:0.04078026649609932
any:0.024657524488886924
will:0.013654281263894993
the:0.0036325446264532674
hello:0.04661796133315388
would:0.01123674272414911
roy:0.06071179949141899
people:0.018135820964736354
time:0.03806048120249913
somebody:0.04573166534306934
does:0.014680588124548498
dark:0.05556616609236682
shoulder:0.06657364203596051
e-mail:0.033128864778942974
functions:0.056434278353090415
hints:0.06263505425758628
rain:0.0684845460139923
