xt:0.06018485392716109
at:0.010364294264169778
there:0.010797399830319382
know:0.014516177948921198
truly:0.05127415845918092
widget:0.05928328656220913
your:0.029645464051323824
with:0.013760644159754054
ohio:0.05967547974182786
creation:0.05340935875837597
colormap:0.07075834124743456
to:0.001621410776577448
look:0.02789609793265777
hall:0.053887178983719385
that:0.008162461774928865
me:0.012748102122406409
re:0.004399300032684359
this:0.006176263980840224
set:0.031169583342657896
you:0.01961643492030783
state:0.031267216316948426
a:0.0016429460304075237
how:0.015474858790930874
beings:0.05967547974182786
want:0.022265858443672723
private:0.041760954396171196
let:0.027119267561797937
columbus:0.06803126343499546
are:0.007563663312955595
it:0.0040335932910584935
not:0.014186117848846233
should:0.019327201673335053
application:0.04341609068019916
being:0.02289181094029586
neil:0.06565200618211432
be:0.013610853109116972
sort:0.036911309501894474
dept:0.04827420576872705
if:0.015768245170903746
of:0.002287536300773396
what:0.010828730623489779
oh:0.037996660989899685
pete:0.12232257655010965
in:0.0020903494340528293
and:0.00449173428812694
for:0.0038276336813185177
subject:0.0003140818457884505
however:0.028201163578787214
i:0.00224586714406347
example:0.0661496269119507
improve:0.055802752643492166
the:0.003547072988183779
do:0.008450799045958784
start:0.03314778926920603
can:0.030514093850742826
peter:0.04331638918618772
maybe:0.031151918615792046
an:0.01056350751249102
problem:0.049778006871660806
is:0.009482563302023432
done:0.03116074766377292
cis:0.07155176808032318
new:0.020282347822159374
right:0.022822042279885876
show:0.035412572585115674
faq:0.04567170662232658
