above:0.01877693813881755
looks:0.023607623961199243
ask:0.02010043161625081
know:0.008509483625229668
case:0.017045593843494865
split:0.03288225232611866
text:0.024941818849886672
with:0.016133169014884065
into:0.012350371744706113
mentioned:0.02424250771580578
from:0.005838429340897762
name:0.03809975870110691
to:0.00285144653811896
assumes:0.03732609381846703
might:0.014669552661230661
r:0.021380825977442276
nt:0.0049246796670513
need:0.01324966890687749
font:0.1032635201089948
re:0.002578900019159797
package:0.053617421145602785
so:0.0070469696371373795
this:0.007241137080985089
he:0.010966435913932657
routines:0.036055033694343264
two:0.012860616776919388
on:0.003496612587857172
brown:0.16015873693983473
you:0.011499289436042521
a:0.003852425174748676
richardson:0.040502127510130416
was:0.006106628511044039
as:0.005518028691151851
karr:0.04794985272155082
display:0.02542152701334812
internet:0.01970023409044556
it:0.011822601025516275
not:0.004158000059144585
should:0.011329738911955031
have:0.0070517325951400395
try:0.016802687395471673
states:0.023812825761763332
real:0.017638578303436188
has:0.007343272233700351
his:0.01272020028624315
be:0.003989387980258423
noticed:0.027973813938995347
writes:0.00456043028287974
of:0.0013409695556257837
future:0.024169009133226553
interface:0.02912206577106126
but:0.00917632030690221
slight:0.03708408471632034
up:0.009265243933464722
net:0.022863051619989534
david:0.0172168637196172
good:0.011172481733513788
author:0.027889708607313837
one:0.02034436360915081
difficult:0.025704884669227577
email:0.01892343902736511
in:0.0036761317633342856
or:0.013951271538684524
use:0.011467445018947227
and:0.0013165428085889306
for:0.0022437852614625793
subject:0.0001841169440828848
i:0.005266171234355722
alan:0.06069907161378261
unfortunately:0.02539236607466177
the:0.00623795594473699
do:0.00495391668211377
see:0.012202660423525353
would:0.006432066524857766
an:0.01238480191119637
thought:0.018514389001322157
problem:0.029180210924766678
address:0.06605837284000574
current:0.021808591198143573
is:0.00370582933642295
does:0.008403371133362243
api:0.04316952733837878
first:0.012948653995800283
too:0.01346564046803101
loaded:0.032185866689291055
e-mail:0.018963419149325974
article:0.00558850262287311
very:0.012022362012299635
planning:0.03195596034261801
function:0.0283655215141204
already:0.04007981132823933
give:0.016298181181765563
everything:0.021308017130505195
