pc:0.0724530883043018
wilson:0.05425076237610234
know:0.013411686148459803
traffic:0.04755478544984675
thanks:0.021667246140393077
your:0.013694915458491984
with:0.012713638625859724
microsoft:0.046300044497166674
o:0.03805411938912914
work:0.02201165721728591
to:0.010486297957212844
experiences:0.10271970848052778
that:0.003770702450374748
ran:0.04934560320067345
like:0.012659120255529056
willie:0.1317154514913646
need:0.020882630342361264
server:0.04350498636030037
unix:0.0430713849578297
on:0.016532896475194236
a:0.004553817801673027
same:0.021109710331832742
as:0.008696893045837156
proposal:0.05123045312606478
advance:0.03438588278996358
display:0.040066537140603015
displaying:0.06096732497743232
it:0.0037266894536953474
namely:0.05807924708903009
application:0.16045076990508386
have:0.0055570718820397045
only:0.01449495911162268
ve:0.019838409772037328
network:0.03992923554379975
heard:0.029376601732824723
be:0.006287622360189905
of:0.0021134846257145506
using:0.02396109324614044
please:0.020819732140274508
now:0.017955591281285262
in:0.0019313011075488096
system:0.024295894883070924
pcs:0.06035479305839828
use:0.018073690518992915
and:0.00414997189663902
for:0.0035364006838268913
subject:0.00029018431404367716
i:0.00622495784495853
allow:0.03811168121059339
the:0.005735077249916708
users:0.042920625741915026
original:0.03354530449210304
would:0.010137496153308435
needs:0.036405940898579854
an:0.009759762375671052
replies:0.0487153069218653
current:0.03437223612750889
is:0.005840709280231824
expanded:0.061956148653581525
run:0.05819205279103032
slow:0.04463617505480262
e-mail:0.029887997572307243
project:0.0418656071240549
by:0.01076560298714311
