since:0.01770638604782019
there:0.008121937925461481
help:0.018938873628688468
x11r5:0.08541275337532936
send:0.025958824078550644
take:0.01881193920651065
with:0.01552639053423577
option:0.037085055064180375
tips:0.05030280813417133
into:0.015847822150286604
2.1:0.046442305773331354
avoided:0.05102268104969304
to:0.0060982263720833225
gcc:0.3217120762089967
building:0.10089736908421199
important:0.027808577813922323
appreciate:0.0339753392514557
been:0.012984428205499462
that:0.006139904874946492
nt:0.006319279218782642
could:0.013354948277221746
me:0.009589280357562343
account:0.03605999474979876
re:0.00330920798918735
michael:0.05318044604732193
so:0.00904257165827363
had:0.013578836156479071
this:0.004645862286472734
on:0.008973607526359114
you:0.004918575127510813
x11:0.047187972531010466
libraries:0.08875728611006604
other:0.012206265379043457
was:0.007835939239835272
hearing:0.04013126287716662
peoples:0.04832808644112523
given:0.024670686364436114
compiler:0.04950978018116525
requires:0.03552349367177722
should:0.014538160550738758
ab:0.04626530872282985
have:0.004524341709271264
follow:0.03342471072935651
only:0.011801205648400766
sun:0.03211055136370656
be:0.005119126169358153
which:0.011432675509004581
writes:0.0058518795665271
please:0.01695057837969252
tim:0.07217538583603873
code:0.05735420372268489
in:0.0031447734848582386
stories:0.04095720924700927
use:0.02942972615482032
and:0.0033787381813344237
for:0.002879193477098
subject:0.00023625625568157783
i:0.006757476362668847
any:0.02716691857403913
the:0.00400222837162329
do:0.006356795742535368
thing:0.020034800310840324
when:0.02314468040431391
would:0.008253536691189169
can:0.007651026481749676
people:0.01332100123958511
shared:0.04423817093860568
is:0.004755267732578122
time:0.013977964335431093
broke:0.04437864305503302
build:0.033023301442640304
trouble:0.03375948568398526
position:0.0304676367894886
article:0.007171087436430097
release:0.03516640256094919
hints:0.0920125575819409
telecom:0.05180633943324565
