manager:0.0413357719990905
displayed:0.05590000957229239
corner:0.051594294525386615
my:0.010002255382424224
to:0.005802943831961393
that:0.0036516276361523874
configure:0.061819036725988534
like:0.012259358563249192
avoid:0.04070262624445368
this:0.011052261860450927
upper:0.05503136721768182
unix:0.041711235959161395
on:0.016010805007556524
you:0.005850515677986546
size:0.037903969863851236
3:0.02464700994355389
a:0.007350021714981026
given:0.058690264403816444
whole:0.06298769421110084
solution:0.04094586387613946
it:0.007218009047157304
should:0.03458551878386273
have:0.005381585401554241
ronald:0.061429128603037494
screen:0.11805180537176993
be:0.024356263458419843
of:0.006140229017865431
but:0.0070029812868464235
visible:0.14978633604305794
resources:0.046460576563858866
system:0.023528656097289737
and:0.00401892015253463
for:0.0034247248727586736
subject:0.0002810205988633505
outside:0.07589001636803211
i:0.002009460076267315
possible:0.05425203416767541
any:0.02154288981660647
information:0.025671802994565944
impossible:0.043328975315093006
the:0.0031736968841644337
thank:0.038215729544942255
level:0.03705826486940788
would:0.009817364695835537
can:0.018201389314478175
is:0.008484398743915702
move:0.037229738058663336
limit:0.046741294954197404
win:0.0356786884592457
done:0.055761337924646284
window:0.22023112053632474
2:0.02050957423258325
1:0.02061604096762851
by:0.010425636577022801
hp:0.045533131642698156
s:0.006530908219537035
