there:0.024804837448031015
know:0.033347976369143294
way:0.046820887014771446
tcp/ip:0.16197169731921554
to:0.007449725189680167
that:0.009375800687418293
nt:0.019299420316822663
need:0.05192437814857396
re:0.01010650007508569
you:0.015021594308343834
x11:0.14411461881092386
a:0.0037743354752605273
it:0.009266362965945189
connection:0.1163720577162837
writes:0.017871956513988173
necessarily:0.10506116305557303
in:0.009604308210513
subject:0.000721539375459954
information:0.06591408876983149
decnet:0.17797307741890678
the:0.002037170297267711
an:0.048535034516850636
is:0.021784267045188967
type:0.08758141919815396
x:0.08230162133908385
under:0.13120667173543996
article:0.021900888657205433
packet:0.3024110897552256
protocol:0.14183731222666063
identify:0.13468345940971246
