above:0.03129489689802926
at:0.010126034625913001
there:0.010549183742266063
all:0.010966296903980358
produces:0.060556200276064946
way:0.01991233125915567
buffer:0.06091730597989689
from:0.009730715568162938
to:0.0015841369656216446
that:0.003987409487752607
view:0.039141939687179675
server:0.09201054586546285
this:0.006034280900820908
bell:0.10260236894208215
on:0.00582768764642862
disclaimer:0.043150063529588355
e.g:0.04665833586426777
more:0.014614011791042826
a:0.008025885780726409
richard:0.042943419710100905
as:0.009196714485253086
preventing:0.06366707252088348
official:0.046623023231658914
display:0.042369211688913534
are:0.007389785995416385
it:0.0039408670085054245
not:0.006930000098574309
should:0.01888289818659172
have:0.011752887658566732
calling:0.047275869190200666
after:0.022174869973160358
b:0.03518285455763496
personal:0.03855052265742202
be:0.006648979967097371
if:0.007702878388085164
of:0.006704847778128919
dr:0.045044190863293115
equal:0.05124833723829821
continuous:0.06888451495185029
please:0.02201626847017534
comment:0.04516778617106624
in:0.002042295424074603
and:0.004388476028629768
subject:0.0003068615734714747
each:0.02926447583173121
i:0.002194238014314884
program:0.09574598042703707
than:0.016443692899074266
the:0.007797444930921237
when:0.015030740722341791
once:0.030839439022125357
convenient:0.06291554655234496
an:0.020641336518660614
jet:0.0585001173725824
note:0.03404240343538503
is:0.009264573341057375
run:0.030768211820544768
x:0.07000367792060005
repeatedly:0.06032161554467176
by:0.022768631604992325
tone:0.12525635052525502
