22:0.026039666251579698
some:0.007297105469583464
read:0.014168769136862013
know:0.007711719535364387
thanks:0.012458666530726019
with:0.010965513314804012
ca:0.012853428725577008
from:0.010582153180377196
work:0.0126567028999394
via:0.021363946116347784
to:0.0008613744750567694
colors:0.02849935421114403
r5:0.03625030709179052
visual:0.032028759570162116
fails:0.05983568246465906
value:0.023336580123479174
export.lcs.mit.edu:0.036360929448661775
inputs:0.035526358244758506
smaller:0.02807026418153104
nt:0.008925981896530481
me:0.013544858505056809
lost:0.021903164526986565
so:0.0063863162336557505
this:0.003281140239821369
programs:0.02208238827684073
8-bit:0.03487762828424824
on:0.003168805157745562
set:0.01655884115078701
you:0.010421231051413534
specs:0.030286800804730736
x11:0.03332650560002614
working:0.019803368816916297
apparently:0.023679131601572895
m:0.00855509195072545
a:0.0008728150786539969
invalid:0.036141608699841336
as:0.005000713501356366
idea:0.017327351845379726
let:0.014407110892205156
stuff:0.01827135345421014
theory:0.025428430356103905
computer:0.01675439315728322
results:0.02289427343042788
no:0.014071821702281374
xlib:0.03382677252298574
not:0.0037681875535997807
have:0.009585948996518491
systems:0.018752607001766317
ve:0.011407085618921465
fail:0.028531160895565722
color:0.06927435199881349
has:0.006654840461790944
without:0.014045065530015595
returns:0.03299220131908248
anybody:0.018997469655704344
which:0.008074327078234486
if:0.008376880247042617
of:0.004861014639143467
seen:0.016202905566389706
what:0.011505526287457891
but:0.004158020139065064
sense:0.02053951278976869
understanding:0.025088467405692663
please:0.03591403794197352
they:0.005830747653173398
code:0.020253203189573105
email:0.03429873323709926
in:0.005552490684202827
confirm:0.03514745435840579
or:0.008428893221288567
for:0.004066860786400925
subject:0.00016685598057511437
space:0.03821890946891379
values:0.02669341481464543
editor:0.05771692161009789
i:0.004772467681134873
example:0.03514198929697381
group:0.016856974592541533
we:0.008423399410712313
any:0.019186636242915136
actually:0.03055392658876356
than:0.008941258013871632
oreilly:0.07661910419770906
the:0.004239860681188423
wrong:0.01652138785518663
do:0.0044894869931656044
regularly:0.03104939424574926
around:0.014794965207210223
level:0.022003344766210933
can:0.005403537452735709
because:0.022059028736181426
makes:0.017456111764074838
levels:0.028660031440582823
either:0.03129453383891698
edit:0.03312378512656893
having:0.016355571202627258
patch:0.033057646943253076
somebody:0.02372330139671722
does:0.007615555089609533
their:0.009460522616135713
too:0.012203236674153104
every:0.015200928293358727
almost:0.01888745581415355
luck:0.025767428911960134
corporation:0.029683438760714193
going:0.013611348025310516
respond:0.050550096850756336
hints:0.03249193439612288
include:0.021009520457778763
mathematical:0.03524004864456292
s:0.007755453510700229
