statistics:0.06847980565368518
il:0.07453072516997995
with:0.008475759083906484
my:0.013771221178700018
to:0.009986950435440803
appreciate:0.05564077297702165
that:0.005027603267166331
problems:0.03975468457814164
appears:0.05652610184629467
package:0.056337145406611625
server:0.116013296960801
sunos:0.07339096970158701
greatly:0.056564190576820314
error:0.054571857379304325
this:0.007608441135817667
on:0.007347953988975216
machine:0.04714201962788908
3:0.03393428905271913
openwindows:0.15977875542709283
a:0.0020239190229657898
running:0.0438762378615464
following:0.03967122134840234
not:0.008737826211245869
university:0.03406290002316889
after:0.02795961866181089
connection:0.06240240776090575
open:0.14369393820666795
of:0.005635959001905468
trying:0.039077220624179655
department:0.05026196496656429
3-4:0.0838066288691973
version:0.04522421170529833
windows:0.03981459683222466
or:0.01954525964356769
message:0.04706260708057567
for:0.009430401823538376
subject:0.00038691241872490284
i:0.00276664793109268
any:0.02966050047213934
program:0.040241064237450365
suggestions:0.05734777349378083
the:0.0010923956666508015
when:0.018951803519474435
solve:0.07199859535246204
would:0.01351666153774458
can:0.01252994191938715
needs:0.04854125453143981
problem:0.03066036655138528
having:0.03792596220899074
new:0.02498550094034126
days:0.04316308151521989
window:0.10107225338623599
run:0.038794701860686884
chicago:0.12239708802330095
xview:0.08355888345819294
