some:0.013118391855430945
ability:0.015012320844413587
at:0.009898483286004843
computing:0.0326776140762475
say:0.0071069100159833086
final:0.014444376019612716
know:0.009242510304556568
programming:0.1150354120230087
anyway:0.01141765476271361
where:0.006919313851062778
your:0.004718847274087125
option:0.015695173117050123
much:0.0065438085002244625
longer:0.012712400780427624
my:0.003558854911349443
via:0.012802364713916273
to:0.0020647178428327053
slightly:0.01621599871294401
basic:0.014305815766142323
software:0.021092029127200426
next:0.010031385856738484
think:0.010784629419689553
quite:0.01989662458508915
like:0.004361944058084918
really:0.007308598289104591
conversion:0.01881205556897377
nt:0.005348903009156843
months:0.038154994831233933
database:0.018966205653219114
need:0.007195513076768675
anything:0.008693787079847954
covered:0.017293459658456297
re:0.0014005262276335975
cs:0.01915997222400259
this:0.005898679082824932
mean:0.009900457141684872
on:0.001898909457825056
pascal:0.042124289867752254
why:0.006665627641026241
more:0.0047618690105645164
a:0.005753387784385897
practical:0.017976311931092833
low:0.012718331610411311
want:0.0070883819015437515
was:0.009949001506757142
as:0.005993364496007628
worth:0.01316540681195445
also:0.022224676130030957
stuff:0.021898251330888553
plus:0.013392883348238467
course:0.07329293782471967
science:0.02533057847316341
theory:0.015238010700286984
computer:0.010040085787136012
likely:0.012383553576515835
kevin:0.016874765254006423
it:0.0012841027331085093
not:0.006774269759280504
have:0.0019147963039237935
plug:0.017764921253546197
probably:0.008940912790371567
systems:0.011237517304429253
try:0.009125054952596976
ve:0.006835706737930465
university:0.008802771916099827
optional:0.020953577380043723
real:0.01915800639699062
degree:0.049791621917595424
anybody:0.011384251479073765
be:0.00649956468693788
which:0.004838548061863362
sort:0.011750791414460787
writes:0.0024766381686051023
were:0.005810124709634079
thorough:0.0223666643880642
of:0.005825935148037113
industry:0.01705930101807677
opinion:0.012394425335534417
what:0.0034473487003619145
but:0.009966789846448094
year:0.009268766727376974
least:0.009017462107514914
excellent:0.01458825997505763
well:0.01260575213598011
windows:0.01028916547349626
they:0.017470404953328533
good:0.006067452626814604
depending:0.016856802062008323
sounds:0.013343462784872053
degrees:0.01893486389415351
over:0.007512886713555648
one:0.0036828123886727434
in:0.0019964011448819156
requirement:0.019970939685408924
yes:0.019976373561826882
reaching:0.02069517711230233
or:0.0025255110775396455
rather:0.00963851555398076
and:0.004289858589784155
few:0.008560402625117178
still:0.00764685049524175
for:0.0012185350670864195
subject:9.998860259182883e-05
space:0.011451358642371174
i:0.005004835021414848
period:0.02839708789210948
skills:0.020500571348516898
branch:0.017078264695816647
employer:0.016929177615665262
taught:0.03624834529270093
we:0.005047729983947453
program:0.010399376151251218
than:0.005358057236777008
the:0.004234567471848612
do:0.00538065856858799
thing:0.008479147697097216
units:0.018200351238998866
level:0.02637104990706928
would:0.013972279342387657
can:0.0032380748780438703
operating:0.01721376902756759
did:0.018470910600482757
wants:0.01318552495353464
an:0.013451657506542872
thought:0.010054630731055104
about:0.003689199177235474
including:0.011909991410225581
is:0.006037587121138515
done:0.00992008820756816
having:0.00980109135737963
lack:0.014530041419110813
entry:0.018693146586522155
9:0.013336455639045043
selection:0.03969891850375303
does:0.004563628518118072
six:0.015870031221816613
x:0.011405093593805626
engineering:0.028964415679573776
replaced:0.016200926988975
already:0.010883094836319667
wide:0.016111748529447963
three:0.010930666690908138
teach:0.03682282185291257
project:0.04327680736419158
by:0.003709496160363918
s:0.0023237313889738513
