at:0.02969544985801453
there:0.010312123433451094
all:0.010719863265688665
with:0.006571094121230869
cup:0.049205265140398004
from:0.009512047802586241
located:0.05491318365078396
to:0.0046456151463735865
thursday:0.058630647070075974
next:0.03009415757021545
hour:0.15693419988809926
nt:0.008023354513735264
funded:0.06302240334745812
wed:0.06478160627657656
student:0.09040488701502633
apr:0.04187874468582021
begins:0.060036974518997394
starting:0.044062044751429406
you:0.006244932465266538
edt:0.06516909140097171
8:0.03317405935251535
a:0.0015691057593779719
bring:0.04262210053133793
andrew.cmu.edu:0.09156807655566877
are:0.007223723388777814
interesting:0.03671937710024059
date:0.04019999089644183
erik:0.062389224285085865
be:0.01949869406081364
things:0.025109280091463477
end:0.03038464497275853
of:0.0021847256805139176
but:0.00747509238483607
drink:0.05634591758672732
women:0.12739264698314914
please:0.021521520864103985
good:0.03640471576088762
president:0.042308518642382005
in:0.0019964011448819156
government:0.030242864478834803
or:0.007576533232618936
and:0.006434787884676233
for:0.003655605201259258
enjoy:0.05194095030834503
subject:0.000599931615550973
welcome:0.047006945918667546
will:0.025467535840523244
the:0.005081480966218335
7:0.035859871111587706
here:0.020229223658689843
company:0.03782166336664438
fee:0.05652714659717545
center:0.07340743446006312
served:0.05680459168246053
food:0.09472987165911002
1993:0.034041076438316144
paper:0.04333312805883815
april:0.03822644788638328
by:0.022256976962183508
happy:0.12802567713994453
s:0.013942388333843108
