some:0.013118391855430945
all:0.03215958979706599
take:0.023884821689165208
to:0.010839768674871703
implement:0.11437101598684649
displays:0.057282789597278456
like:0.013085832174254755
me:0.012175153712410614
greatly:0.0438531365146135
hi:0.03540468157319556
on:0.011393456746950335
you:0.012489864930533076
am:0.03672665970115428
input:0.04794552021769344
a:0.0031382115187559437
how:0.014779359519428362
other:0.01549784255990911
want:0.021265145704631252
as:0.008990046744011443
output:0.045925372909372146
xlib:0.12162435064444312
it:0.0038523081993255275
choose:0.044649477408845596
should:0.03691712679176359
have:0.00574438891177138
pointer:0.25617823263503375
able:0.029634440742816504
be:0.01299912937387576
get:0.014768246913383397
trying:0.030295822731105572
menu:0.05788485977856055
windows:0.06173499284097756
up:0.01509506034103803
one:0.01104843716601823
in:0.003992802289763831
feature:0.10618217056414107
and:0.006434787884676233
subject:0.0002999658077754865
i:0.015014505064244545
appreciated:0.038031035046924073
will:0.012733767920261622
the:0.0016938269887394448
see:0.019880738892260406
thank:0.040792070862578814
would:0.010479209506790743
can:0.01942844926826322
once:0.030146417920504563
come:0.02697970420752144
replies:0.050357395919231544
simultaneously:0.06208553133690699
new:0.01937078162790502
multiple:0.04824746424298666
proceed:0.06516909140097171
every:0.027327511538622427
show:0.03382099628915542
give:0.026553216532089963
hints:0.05841246633010855
