some:0.013419964081992575
read:0.0260575064585968
thanx:0.05577779098554365
programming:0.05043424468003829
text:0.0831393961662889
tips:0.06533583125472828
someone:0.025327104766241608
post:0.029684802349783684
to:0.006336547862486578
appreciate:0.08825777782562055
like:0.013386655902398542
me:0.02491008460700103
sunos:0.05820663114263797
ps:0.05178807267608868
hi:0.036218582299016144
on:0.00582768764642862
am:0.05635642609315054
reader:0.0592155462102516
m:0.01573350243811577
sure:0.025080965748956362
openwindows:0.06336054094522646
a:0.003210354312290563
how:0.04535734473203877
as:0.009196714485253086
drive:0.032457514354091825
computer:0.030812677070865692
display:0.042369211688913534
it:0.011822601025516275
not:0.013860000197148618
be:0.006648979967097371
rotate:0.13981379969718322
if:0.015405756776170327
of:0.004469898518752613
institute:0.04474089482681961
but:0.0076469335890851755
translate:0.06888451495185029
in:0.004084590848149206
comp.windows.x:0.07404486230872273
frequent:0.06193969087663822
and:0.002194238014314884
subject:0.0003068615734714747
i:0.019748142128833957
group:0.031001332583984426
will:0.013026498217279131
the:0.0008663827701023598
do:0.0165130556070459
would:0.04288044349905177
can:0.019875080285924444
did:0.018895529234976612
ny:0.0482895785239416
3.0:0.05313499514301963
faq:0.044621782332158154
give:0.027163635302942604
xview:0.13254167720954743
news:0.035274442714522056
