all:0.016886156294624623
x11r5:0.04270637668766468
take:0.01881193920651065
graphics:0.06227860955999508
where:0.01634917520560851
widget:0.044593622635290056
with:0.010350927022823846
work:0.01792099525655136
wrote:0.022792698891087267
suns:0.05468618368487953
to:0.0060982263720833225
line:0.024989413706247687
w:0.0273835473896403
basic:0.03380223725274336
that:0.003069952437473246
duke:0.05616453841641197
nt:0.006319279218782642
could:0.013354948277221746
sunos:0.04481395495052658
anyone:0.014804555306560984
this:0.004645862286472734
amount:0.032906345235635646
recently:0.029285943049448575
on:0.008973607526359114
medical:0.03560192453246612
etc:0.020551539712019784
suggest:0.03249026376203644
purchased:0.04236154510772323
m:0.012113404532000637
a:0.006179221795780509
tektronix:0.054462132286788464
as:0.007080656285106357
running:0.05358337013180003
fine:0.028665102459473984
nc:0.04635336474807913
display:0.03262054351270334
no:0.00996235164763283
works:0.026328548615493275
it:0.009102356541769167
have:0.013573025127813793
university:0.020799469925651803
color:0.06539171870094489
attack:0.03494422626775383
b:0.02708768448242692
sun:0.03211055136370656
of:0.003441426293198914
host:0.04236154510772323
looking:0.0229547375699703
but:0.00588746214380894
seems:0.02085386804762016
visible:0.04197552189997199
up:0.011889029826127297
box:0.028040168236341655
in:0.0015723867424291193
our:0.01973252586708313
or:0.005967358032770666
and:0.01013621454400327
for:0.002879193477098
subject:0.00023625625568157783
i:0.0033787381813344237
we:0.035780811656123096
buttons:0.050873945489371075
program:0.024571977277735177
the:0.003335190309686075
start:0.02493417776887179
laboratory:0.04236154510772323
problem:0.056165450231298694
draw:0.03736902244959188
is:0.004755267732578122
having:0.02315833090637488
right:0.017167022953896455
time:0.013977964335431093
window:0.030858342848010104
center:0.02890823746436114
does:0.010783086852544472
nothing:0.02260934514602574
show:0.026637775838361348
919:0.04963711414091835
clue:0.0448886352040298
