click:0.058440341573457684
at:0.009082113530458052
thanks:0.020550377782640857
where:0.019045946373543936
widget:0.05194927172977089
into:0.03692379181406982
from:0.017455098029488157
contents:0.10274820614761569
wrote:0.026552319326730526
mechanical:0.05452807743217002
to:0.005683295505529199
dod:0.03605633032672615
building:0.039180078029264445
rd:0.053398570189783154
within:0.03336546614765791
city:0.03793593400501435
jeff:0.08691709873877106
id:0.09669708882522172
me:0.011171017323758192
re:0.003855056729671861
file:0.0626491934527507
brings:0.053496289199623806
a:0.004319084925298129
want:0.019511319254764757
ama:0.05194927172977089
obtained:0.04941489067290202
internet:0.02944880353726398
it:0.0035345920591749688
have:0.005270624877810854
ia:0.0648221890828002
university:0.04846062065151863
color:0.07617798157945126
app:0.05617166234895458
mouse:0.04480342450750341
which:0.01331847765481977
dept:0.04230213907568865
of:0.014031794834640933
electrical:0.04883664874866445
department:0.03575335652260759
up:0.013850106910849326
postscript:0.15559534166439015
code:0.03340734546733708
point:0.022696247023299594
use:0.03428411397417212
and:0.0039360558194926785
for:0.003354111988784268
subject:0.00027522635971152884
76:0.0549715556289091
i:0.007872111638985357
dump:0.05767634186053272
program:0.028625086931794587
source:0.0321574016670085
the:0.004662389752509606
do:0.007405339370170069
can:0.008913051468430034
an:0.02777004552252794
oxford:0.058440341573457684
is:0.00276982089578004
window:0.07189675756340498
somebody:0.03913121879870882
converting:0.0565607378951695
engineering:0.03986339683735154
written:0.03694349421088773
