true:0.06300684858921578
thanks:0.04861918646136983
into:0.043678143975180155
to:0.006722922732150394
remember:0.06786887893954224
line:0.06887326216599972
compressed:0.13229901938352281
been:0.035786350907839985
that:0.008461088425231142
server:0.09762094500360083
wait:0.08954633671000288
so:0.024922209692315126
had:0.0374245972117594
this:0.012804449716376074
hi:0.07685406487840012
set:0.06461986790551028
support:0.06680381242764649
given:0.06799481851661661
equipment:0.0984136076229412
digital:0.10071628285394302
terry:0.1320069171628712
mit:0.12499028124941312
get:0.032057901836368835
if:0.016345132189351446
reading:0.08015419625275587
in:0.00433365126571928
or:0.016446620919587446
for:0.015870676239613368
subject:0.0006511452900492268
i:0.009312132060750973
can:0.021086975425310083
just:0.02864362349916795
is:0.00655299089977229
serial:0.10095897385036176
x:0.07427219486697811
functionality:0.13981040337433467
by:0.024156962800418687
s:0.015132592216000447
