large:0.13925740092500352
all:0.0443752479370368
thanks:0.04635782895153867
with:0.013600636669524355
to:0.0032051143257926296
software:0.06548339275537805
cleveland.freenet.edu:0.09959113422105827
server:0.09308043593366591
anyone:0.03890499417770677
ball:0.10368849627283591
on:0.011790902912541626
a:0.0032476840135962676
price:0.07279405120567356
running:0.07040605610341166
21:0.09433030281754246
486:0.11088201365784199
it:0.007973382086976092
have:0.011889549142968671
color:0.17184335379550633
quality:0.08939915908312442
looking:0.060322915009456836
but:0.015471702843032797
david:0.1161137320625346
system:0.051981914633547094
use:0.038669291342961584
and:0.004439504819660347
for:0.007566252625862186
subject:0.0006208594626050766
i:0.004439504819660347
monitors:0.21476063854920147
any:0.023797378285786215
information:0.11343354811552395
17:0.09144892461582571
is:0.006248200625364277
does:0.02833694917064012
x:0.07081767417549076
s:0.014428750717581821
