mode:0.05470550352111758
some:0.016679098216190773
out:0.01683110141543514
there:0.00655556418269391
default:0.034283394897155615
case:0.01765436505219111
take:0.015183922359540738
controlled:0.03466191296958784
your:0.008999515872723303
way:0.02474818313637919
from:0.006046944674501254
oliver:0.04155534794132774
to:0.0049221398574672524
wrap:0.04451558921340577
q:0.030319131739447558
displays:0.07283097534511118
hang:0.037932149352626975
that:0.004955780363349669
sources:0.027493849822960454
memory:0.02415451590119511
really:0.013938541022792328
re:0.0026710035912726466
avoid:0.027619639237307852
so:0.0072986471241780005
this:0.01124962367938755
on:0.003621491608852071
you:0.007939985562981741
tell:0.017214464668731805
m:0.00977724794368623
a:0.004987514735165697
how:0.009395449980208031
want:0.013518556912229867
xdm:0.17444087954964754
running:0.021624717231762153
oj:0.04822898535116226
no:0.008041040972732214
causes:0.03047965213839083
it:0.004897934710571028
not:0.0043065000612568915
cool:0.03279162124624574
probably:0.051154793893483035
exit:0.0380093701819428
secure:0.061067941410856225
call:0.01897825784284791
screen:0.026702194072186054
writing:0.028588991036768815
list:0.020797347120868424
be:0.004131866122410509
which:0.009227802375125127
writes:0.004723302792982588
if:0.00478678871259578
of:0.009722029278286934
future:0.025032188030841784
andy:0.03201291597722577
seen:0.018517606361588234
version:0.02228907576903989
up:0.009596145502517034
login:0.039374050444533584
one:0.007023649341254446
code:0.023146517930940688
in:0.005076562911271156
message:0.023195142061140865
and:0.0027271243892199276
subject:0.0001906925492287021
each:0.01818578140971868
i:0.0027271243892199276
example:0.02008113674112789
hangs:0.04222339121283362
signal:0.032182588020140825
world.std.com:0.03282911664543248
any:0.007309194759205766
program:0.019833095945600537
currently:0.02570666787040926
the:0.003230370042810227
do:0.0051308422779035474
when:0.009340531734598114
can:0.018526414123665288
needs:0.02392390401906676
put:0.017767566425334138
simple:0.04713126509937487
an:0.006413558132583833
problem:0.015111180657468458
note:0.02115492213484641
jones:0.035430703428104726
is:0.005757270576228512
handler:0.04625574694667542
does:0.008703491530982323
x:0.021751142782472158
too:0.013946556199032118
wall:0.03204652948463586
article:0.005788092002261436
past:0.02359653176359545
by:0.0070745391058369
s:0.00886337544080026
