at:0.009472742069402485
default:0.15482823501941245
case:0.026576463519427482
text:0.11666334623334088
option:0.0450603357231439
fm:0.06275018513213508
from:0.009102927466991135
to:0.017783214968913944
relevant:0.04834400937423188
that:0.011190471788208929
appears:0.04193872072467024
me:0.011651491187145643
this:0.011289944911213313
set:0.08546498658470714
used:0.02123079041222436
xterm:0.11264366057060089
same:0.041765448398464786
want:0.020350515781851417
as:0.008603378066849661
doesnt:0.06792193417102013
it:0.0036866175240857202
color:0.23836336171634748
able:0.028359841140974937
feel:0.03275566327146428
johnson:0.049648964825890665
free:0.03104847090456705
be:0.012440027035214438
whatever:0.07107442104845943
cheers:0.04681895350929405
what:0.009897226913942271
point:0.023672429690968395
or:0.014501321671034094
use:0.03575869952144835
and:0.0020526742714558595
for:0.010495124610066903
subject:0.0002870640526023473
however:0.02577525703437541
cursor:0.12093747736225649
i:0.0020526742714558595
the:0.007294383967635996
do:0.007723848590392437
page:0.04521231971169126
carl:0.05225262129906126
is:0.014444764886594833
man:0.031161820847260206
black:0.03795217587359073
seem:0.029674328547266
