at:0.0060756207755478
there:0.006329510245359637
know:0.008509483625229668
all:0.006579778142388215
thanks:0.01374749410287009
with:0.012099876761163048
way:0.011947398755493402
stream:0.03685028091166047
to:0.004752410896864934
attached:0.03400307252955159
segment:0.1653228358844407
calls:0.02764337700316157
that:0.004784891385303128
problems:0.01891774645442602
memory:0.06996480467932377
like:0.008031993541439126
id:0.03234350902085003
me:0.007473025382100308
had:0.010582127487463
error:0.05193735391961377
on:0.006993225175714344
used:0.013616989712668039
am:0.022542570437260216
3:0.016148040997500824
openwindows:0.03801632456713588
a:0.000963106293687169
same:0.026787494490049826
crashes:0.04012240490886816
invalid:0.03988039580672147
as:0.011036057382303703
running:0.020879037327218634
failed:0.14611373573189776
following:0.018878029469239735
said:0.015113826404575394
let:0.015897501674157412
advance:0.02181724977018379
output:0.028188677165062903
display:0.02542152701334812
are:0.008867743194499662
no:0.015527527395620825
collins:0.03953259681619119
mit:0.035342079525696124
has:0.014686544467400703
call:0.018323835158611777
minor:0.02997194604984711
uses:0.023551690550596117
without:0.015498003343465482
sun:0.025024084855854077
anybody:0.02096272513732893
if:0.0046217270328510985
of:0.005363878222503135
trying:0.01859536705564411
but:0.004588160153451105
well:0.011605985587264446
parameter:0.042796649950307915
please:0.013209761082105205
in:0.0036761317633342856
extension:0.03492397868558278
or:0.004650423846228174
message:0.02239530957627394
and:0.002633085617177861
gets:0.023015974775122787
subject:0.0001841169440828848
create:0.02622652200857668
i:0.005266171234355722
necessary:0.02486052260332086
program:0.03829839217081483
the:0.005718126282675574
major:0.022596054984260636
did:0.011337317540985967
an:0.006192400955598185
problem:0.058360421849533356
current:0.021808591198143573
shared:0.137901056994826
number:0.03451399790893459
3.0:0.031880997085811776
having:0.018047526844278353
write:0.022442578793017334
checking:0.06702750042500272
request:0.1344931388756666
serial:0.057094040384342515
x:0.021001103376180014
first:0.012948653995800283
image:0.025524572392646046
process:0.024941818849886672
by:0.006830589481497697
john:0.0369859089597496
