go:0.010630777332208345
correct:0.01788096961847786
know:0.013484974050910403
static:0.03123478698074285
thanks:0.010892823196263186
where:0.0100953923400752
widget:0.11014381109918638
own:0.012385194729770465
way:0.009466518139598597
creating:0.026745030120999262
trick:0.02714701136240372
name:0.015094166698525962
my:0.00519242765754263
to:0.008284257246447617
add:0.018777160745637806
that:0.003791307381797561
bit:0.014891170481178688
like:0.0063641478880255365
conversion:0.027447097469486318
nt:0.003902068588647205
me:0.011842499239393931
so:0.005583664466584263
file:0.016603747991576007
ps:0.02462055914109134
phone:0.016051077192402015
this:0.014343782469164453
two:0.010190106189362358
these:0.009052655590704605
on:0.0027705400286299996
tell:0.01316953581214455
am:0.00893079976339544
suggest:0.020062294016995177
m:0.007479861814841924
sure:0.011923737815077615
a:0.003815585043296161
how:0.014375551882285512
richard:0.0204157241244742
want:0.010342065397334326
let:0.012596381107938934
advance:0.01728689189440792
science:0.01847886462386511
ie:0.02286130156700225
computer:0.014648649755001722
files:0.018083669751845294
are:0.0035131769486405765
no:0.0061516160447131684
those:0.010141615597199782
manual:0.021473209819031492
it:0.005620580815409376
should:0.008977115531330489
have:0.008381157592584473
only:0.007287083269231074
university:0.012843388533325976
null:0.03034230033536963
has:0.00581843974801394
anybody:0.0332196190700841
be:0.0031609904761610453
which:0.007059520942718676
converter:0.05889347657122978
get:0.007182371449678264
dept:0.022422445302414204
if:0.007324048303425238
of:0.003187550583044896
what:0.010059476535482309
but:0.003635427443991313
ok:0.017835241478201813
seems:0.02575395726099539
together:0.01944790295874443
please:0.01046675058418172
find:0.011565282719526723
one:0.005373283649047118
code:0.05312315590707699
in:0.001941854665513557
or:0.003684762063951286
england:0.026942325228333227
use:0.018172453855162272
message:0.017744917423823614
and:0.0020863246693485784
for:0.0017778626388637922
subject:0.0001458850103388978
however:0.026197802231660253
i:0.01356111035076576
example:0.015362618271901118
any:0.005591733695567253
program:0.015172860286251777
connect:0.025115171204155993
the:0.003295095125635204
managed:0.025853074394341473
do:0.007850469059087395
when:0.007145761982752655
got:0.0120882722493474
can:0.018897617321042916
put:0.013592673768015187
an:0.004906547205255392
just:0.00641742384407588
warning:0.023443392445898447
about:0.005382602078261593
is:0.0014681564310965241
window:0.01905460514658547
type:0.01770771863569233
run:0.014627510537636038
string:0.057921372898918355
resource:0.054210912349012694
header:0.028732966796997054
faq:0.021213634223485024
e-mail:0.015025659981706374
function:0.04495082644314162
registered:0.02825285009868375
widgets:0.030050792244083874
says:0.013994681663538623
clue:0.02771811900576704
elsewhere:0.02588609250612269
s:0.006780724380940091
specify:0.028622569489251046
