know:0.04569907872808525
such:0.07122285938769624
to:0.010208882667339486
q:0.1572103127230614
hang:0.39337043773094643
perhaps:0.21396011389926262
nt:0.02644735376749772
could:0.05589293167874286
rob:0.16298824785182367
re:0.013849648251043352
avoid:0.2864258883868962
something:0.07372819693198232
you:0.020585147755878587
how:0.09743429609104624
as:0.029633857785815496
cmu.edu:0.22701956799321202
but:0.024640119342607784
use:0.06158442695360548
subject:0.0009887761811858628
the:0.00279167781477427
do:0.026604367366907283
else:0.09357600834585394
