x11r5:0.11222838524897927
o:0.5699268113162598
my:0.022098006077448867
re:0.008696290762283036
lost:0.0815001470771593
hi:0.07327945720963731
on:0.023581805825083253
you:0.01292555789322609
brain:0.10254368369690217
serious:0.0836510148148714
inside:0.08730361690870202
m:0.03183290028176912
a:0.006495368027192535
worked:0.08939915908312442
have:0.011889549142968671
only:0.031012470657425267
color:0.08592167689775317
be:0.01345258737529003
dec:0.11535577860313166
using:0.051265594852207455
in:0.004132086090569546
system:0.051981914633547094
for:0.007566252625862186
subject:0.0006208594626050766
space:0.07110494784914194
andre:0.25342563943481833
i:0.004439504819660347
may:0.04327966342883328
problem:0.0491991928382694
17:0.09144892461582571
beck:0.4181129861030913
pl:0.14690092739313654
