some:0.011675368751333542
there:0.009177789855771475
help:0.02140092720041797
x11r5:0.04825820565706109
tried:0.03097864053036671
ec:0.06179538756391387
thanks:0.01993386644916163
where:0.01847456798233762
access:0.03352376868018526
fax:0.030586433398833896
with:0.005848273767895473
work:0.040501449279806076
my:0.009502142613303012
to:0.004134597480272492
software:0.028157858884812564
that:0.0069380925086895365
phone:0.02937347126209569
this:0.00524982438371419
programs:0.03533182124294516
hi:0.031510166600144045
on:0.0050700882523928995
distribution:0.0888987540200656
am:0.016343363567013654
them:0.01465859171532241
why:0.017797225801540063
openwindows:0.05512367062234702
a:0.0013965041258463952
how:0.013153629972291244
old:0.02647913082342324
fort:0.061542209484070964
alias:0.06624224577652832
worth:0.07030327237583676
also:0.02966994263359133
are:0.006429113816012255
ft:0.05653445660494607
it:0.0034285542973997198
not:0.012058200171519299
application:0.036903677078169286
have:0.010225012262953057
domain:0.044632030489805734
p.o:0.04606658439691084
public:0.02963744598060594
get:0.026287479505822445
mailing:0.04413754773566592
but:0.006652832222504103
version:0.031204706076655847
using:0.02204420578644921
please:0.01915415356905255
box:0.03168539010706607
email:0.054877973179358816
comp.windows.x:0.06441903020858877
compiled:0.10557504422106394
or:0.006743114577030853
and:0.0019089870724539493
for:0.00325348862912074
subject:0.000266969568920183
i:0.013362909507177646
binaries:0.06475804572534559
sunview:0.13094527073033407
directly:0.0363250032549638
program:0.027766334323840753
the:0.002261259029967159
do:0.014366358378129933
can:0.008645659924377134
did:0.016439110434429655
an:0.008978981385617367
just:0.01174388563465886
company:0.0336612803963135
is:0.002686726268906639
questions:0.030241763372455117
olwm:0.12693185682109104
2:0.01948409552095409
under:0.024273234271056394
respond:0.04044007748060507
tx:0.04737154928620452
s:0.006204362808560183
news:0.03068876516163419
