manager:0.057748504998729376
week:0.025351755914746938
at:0.01295536783021222
technology:0.024762262395712813
help:0.01573597588266027
valuable:0.038225805171909266
with:0.004300201299923142
user:0.027806202085242763
such:0.014139832378439696
from:0.006224795988457174
availability:0.039371059064624216
work:0.014890238705811057
415:0.03866274208713574
to:0.0030401452060827153
commitment:0.041458880758309315
gui:0.04239384528393613
important:0.023105656565979578
tool:0.034569388573664504
sparc:0.03997339084747632
that:0.005101538609330541
motif:0.034569388573664504
quite:0.01953087780962795
bit:0.020037383809233086
solaris:0.044719855050201984
re:0.0027495625204277245
had:0.011282415335898053
this:0.0038601649880251397
contact:0.02558876690426888
recently:0.024333173269027127
on:0.0037280060679359553
you:0.012260271825192395
customers:0.03979620296821852
etc:0.017075911672487027
incorrect:0.03735975343914174
state:0.019542010198092766
a:0.0020536825380094046
as:0.017649577063610703
plans:0.03423319556382558
product:0.029344837667254108
are:0.0047272895705972465
no:0.016555084355625145
not:0.004433161827764448
have:0.007518391369818424
made:0.017099849646455893
being:0.014307381837684912
only:0.00980541351668593
robin:0.04134994630400681
stated:0.028544816638954112
has:0.015658448145390455
regarding:0.029095561551991743
environment:0.030865099300572026
sun:0.10672036188526003
be:0.004253391596599054
writes:0.004862223463364429
if:0.004927576615907421
of:0.004289130563950118
future:0.05153685771055662
seen:0.01906224184281142
but:0.0048917883989000755
they:0.013719406242760936
authority:0.031102737471565903
david:0.018356214995180104
in:0.0026129367925660364
our:0.016395407521914658
rather:0.018922673918476934
and:0.004211000895119006
for:0.004784542101648147
subject:0.0001963011536177816
i:0.0014036669650396686
group:0.019831734814754743
person:0.020626429699072434
we:0.009909881659661543
will:0.008333127536053562
community:0.02991580041894577
than:0.010519127075143096
the:0.003325380926422293
interest:0.026858713210793275
strong:0.02654891460272434
can:0.012714205771142843
specific:0.026949678591694358
conference:0.032046349036988074
claim:0.024009110623529308
last:0.016030607000437482
continuing:0.03866274208713574
an:0.006602192195306888
just:0.008635210025484456
toolkit:0.040341114528172364
about:0.007242766031778467
current:0.023251806792138365
is:0.005926602063764645
desktop:0.036814841879187904
right:0.014263776424928673
questions:0.022236590715040527
their:0.02226005321443697
marketing:0.03641728878161235
light:0.02567804916034039
engineering:0.028431981567816907
show:0.022132857865697297
article:0.005958330002327948
going:0.01601335061801237
announcement:0.033603682676156515
s:0.009124062953764975
