looks:0.02297386224412007
at:0.005912516862110275
out:0.007907228852888993
programming:0.029448183135324373
modify:0.0358610116254414
much:0.02345230697395881
extensive:0.035569165236584085
from:0.005681692982752856
work:0.027182180724702062
drawing:0.031833785065079424
both:0.015071839478578777
to:0.0036998635170223644
within:0.021721142391428305
look:0.015913881370979266
export.lcs.mit.edu:0.03904529336769049
berkeley:0.03648577956548174
enough:0.01632314447608991
speak:0.02406330748079459
relevant:0.03017444880405077
that:0.004656437925294991
v:0.05163286327385251
like:0.007816369553749484
nt:0.009584947002985752
responses:0.02977133309436855
me:0.014544814502074425
need:0.03868191929189066
re:0.002509667803880339
package:0.026089013644672497
routines:0.07017422665341978
associates:0.041137774065884064
two:0.025030730639641764
am:0.010968700380546077
posted:0.022908596808603326
a:0.0018745021823441544
pointed:0.02903119131581426
are:0.004314841487256547
complex:0.03017444880405077
brian:0.05014869147354065
manual:0.02637313689183062
xlib:0.10897215309418225
it:0.011505215763086307
not:0.008092751792965971
have:0.0034312121687761934
components:0.032660178926848714
try:0.0163516085392174
gordon:0.030110833072812218
types:0.027495954442824693
has:0.00714613740863457
algorithms:0.03415778665378972
publicly:0.034762827573214534
environment:0.02817217117367648
which:0.017340836678087487
writes:0.004438002624278942
interviews:0.03941482207361685
of:0.0013049703729244204
lawrence:0.031833785065079424
available:0.036255890306231275
looking:0.01740862647923922
but:0.0089299761375894
extract:0.03941482207361685
beyond:0.026211840251265814
they:0.006261205533609018
code:0.0217484061096087
in:0.005962406103841963
our:0.014964935724700626
and:0.005124797509943488
for:0.010917747077586375
subject:0.00017917420732898185
i:0.0076871962649152316
we:0.009045261112174295
similar:0.02123998850917249
pay:0.022368067530187136
source:0.020934684306710232
the:0.0025293725167417885
do:0.009641851260489888
got:0.029693339887658713
needs:0.02247883599106944
simple:0.022142205080243227
laboratory:0.03212654092062231
just:0.007881802439368361
relatively:0.02992352577001305
previously:0.031916134679789585
is:0.01262220394788354
extensions:0.07761956230838409
request:0.026176516962378066
x:0.020437315366081222
smith:0.052855551066663925
too:0.026208293528382505
article:0.005438475706822825
by:0.006647217951793061
included:0.025119338593966235
lang:0.041826728119978576
identify:0.033444885893686986
