simply:0.0170873929602424
go:0.010868336602201828
at:0.009843184496697554
hours:0.021878069142740906
all:0.010659975761411075
thanks:0.011136238239755101
text:0.020204266666109316
way:0.019356120888788193
method:0.022295519121489155
my:0.005308459560504477
to:0.004619661989131277
everyone:0.017081076857615105
within:0.018080727465490602
besides:0.022626183207468654
then:0.00891553268031175
young:0.04194475449244901
everywhere:0.02779645783276788
most:0.010372041698139876
perhaps:0.01613665663486059
that:0.0019380146672317142
like:0.0065063634832886776
talking:0.018210565253420494
nt:0.0039892656520806626
and/or:0.022575318587396483
need:0.010732972019537632
tells:0.024731843577187784
so:0.005708439091535867
anyone:0.009345892456097158
had:0.008572114445151593
discuss:0.02498582332063335
best:0.0272086712844853
unix:0.022137248134750463
on:0.005664903075299329
you:0.00931506686159869
books:0.04079036774353252
am:0.009130370707828859
communications:0.023570295510244105
independent:0.023199670101659062
sure:0.012190190056755328
a:0.0023405097081224497
how:0.02204518989769482
other:0.015411262433876098
looked:0.041620147536085866
also:0.008287693473070203
advance:0.017673191154618156
are:0.003591683696096232
no:0.018867246975125863
book:0.05211785213436324
atoms:0.03397709657445514
d:0.010177900683670589
it:0.005746180386703441
not:0.0033682123384132117
examples:0.12256366723919919
pipes:0.03336256643359297
probably:0.013336445335358707
ve:0.020392555296395914
stay:0.022059762951151855
messages:0.024441565706066492
after:0.010777730098686879
has:0.011896921495939117
shows:0.021587791271619614
without:0.012554248518449693
which:0.014434551201313048
applications:0.021789391214493477
if:0.007487714187300662
of:0.004345041018228797
gives:0.02031577919439165
discusses:0.0669603664895081
but:0.007433332092183355
version:0.01743279669086919
seems:0.01316473234291105
fact:0.013398140383401338
properties:0.030170106961065455
groups:0.020557461444058057
they:0.0052118414776968925
find:0.011823724791471453
good:0.009050334365136867
one:0.010986714053358911
in:0.002977872098790343
or:0.0037671031156596944
use:0.018578542209467575
and:0.006398839349007651
for:0.0018175914129166144
subject:0.00014914501056993463
each:0.014223516186372152
however:0.013391613989926889
purpose:0.02101051112929937
sockets:0.032915400468936346
i:0.009598259023511477
example:0.015705917004234106
than:0.007992185934186933
oreilly:0.034243175060428635
the:0.0029476374692309335
do:0.00401294926763406
ross:0.030303127344829248
can:0.01448993283415162
nobody:0.022392679695298477
did:0.009183860577893662
refer:0.025038034842522948
bought:0.020464155021611512
just:0.00656082996349657
five:0.022184260408076074
is:0.0015009643960372287
methods:0.02485739025792554
window:0.019480406378911408
x:0.017012066980704482
various:0.019913849041090437
words:0.018479659952555166
article:0.004526999331377659
give:0.026404874540290578
thats:0.028989609231081057
s:0.010398373422167904
