generated:0.06470223754323064
at:0.011746200166059081
ideas:0.04795991516052627
your:0.016799096295750167
with:0.01559539671438793
c:0.1034439078171584
mentioned:0.04686884825055784
from:0.011287630059069008
to:0.0055127966403633235
visual:0.06832802041634585
us:0.027465018482466616
basic:0.05092870412746667
re:0.004985873370375608
anyone:0.02230552999521855
on:0.0067601176698572
you:0.007410653192116292
great:0.033616675849769025
a:0.0037240110022570536
how:0.03507634659277665
as:0.01066818880289358
copy:0.0455548259341779
local:0.040751779358879366
straight:0.05328882169951079
are:0.008572151754683007
it:0.004571405729866293
have:0.006816674841968705
tom:0.05060970964633007
has:0.014196992985154014
call:0.03542608130664943
be:0.007712816761832952
dialog:0.07498123596459902
writes:0.008816831880234166
get:0.017524986337214967
produced:0.06121102632632538
interface:0.05630266049071844
but:0.008870442963338804
street:0.053173713070914744
using:0.029392274381932277
good:0.02160013135145999
code:0.08641366694217857
thomas:0.04912006685372134
rep:0.07332393307556466
or:0.008990819436041138
use:0.022170393703297975
and:0.002545316096605266
subject:0.00035595942522691063
welcome:0.055781575823485495
similar:0.04219677717155602
world.std.com:0.06128101773814063
any:0.027287660434368196
source:0.04159023948933099
suggestions:0.05275995161427837
the:0.0010050040133187373
would:0.012435328614725015
can:0.01152754656583618
forward:0.057675300080751
south:0.05762185979545049
n:0.04881353994405869
language:0.05437212399648252
ma:0.053482905669833554
is:0.003582301691875519
does:0.016246517524500338
paper:0.05142197862982127
very:0.0232432332237793
619:0.08462123788072737
sales:0.06452205462100766
