some:0.0068277010241716615
go:0.011376796794117702
ask:0.01704422563951092
at:0.010303684356192175
resulting:0.028663496958548116
all:0.005579344038867199
displayed:0.062111121746991536
anyway:0.017827566208447568
thanks:0.011657231841614988
allows:0.024167680614889844
with:0.006840086278240319
into:0.01047253744434144
bold:0.03748019414056074
work:0.011842529029183061
2.1:0.030689944750797914
both:0.013132772411159285
my:0.005556808545791235
to:0.005641750947740243
remember:0.01627265518433469
look:0.013866481428514096
keywords:0.0336184552064265
inputs:0.03324103695416
perhaps:0.01689158793941547
that:0.0020286820200846596
solaris:0.035566668344020294
like:0.013621509514721323
nt:0.008351795926578228
me:0.006336775908798506
font:0.08756263401055114
sunos:0.029613900055026336
greatly:0.022824147074857318
so:0.005975500569502456
this:0.003070072739014146
something:0.011641294252418262
recently:0.01935269920811514
unix:0.023172908866200777
on:0.002964963890288245
pointers:0.030993015323105434
am:0.01911504510761831
them:0.008572275856913688
xterm:0.15315585428458892
sure:0.012760491345960254
a:0.002450007238327009
how:0.015384362540691511
want:0.011067824372585857
was:0.005178135287142605
running:0.03540889371282692
let:0.013480337676917102
question:0.012766000487409966
fine:0.01894243612819041
course:0.014304981285965024
output:0.023902679467450998
video:0.04088551102766108
are:0.015038862727514046
annoying:0.030458312364277176
it:0.002005002513099251
not:0.007051579047672104
have:0.0029897696675301334
try:0.014247892820721593
b:0.017900048810024806
personal:0.01961342380816208
if:0.003919008302709996
of:0.0011370794477528576
but:0.007781090318718248
least:0.014079896974891709
using:0.01289134841312819
well:0.009841332807914296
one:0.005750356185822353
in:0.0010390625841783067
or:0.003943341857912779
p.s:0.026519489503624726
and:0.005581833545186986
for:0.001902624929310374
subject:0.0001561225549240836
i:0.013396400508448767
appreciated:0.019793930521498495
back:0.01231787555595051
any:0.005984136060168463
normal:0.022060600435780953
suggestions:0.023140329655385247
reverse:0.05865247561659335
the:0.0017631649356469074
users:0.023091798644772996
do:0.008401379168497036
when:0.01529443792799691
disable:0.03412729366835416
an:0.005250866307378577
newsgroup:0.02248049029575643
is:0.004713554857730945
switched:0.03186345758975786
edit:0.030993015323105434
right:0.011344290022165493
man:0.10168594171211223
their:0.017703901971715952
run:0.015654002505189443
pages:0.10516942390183777
somehow:0.04973232072526521
under:0.02838974768544607
change:0.017380170221698757
taste:0.0301272077210052
very:0.010194400536745305
admittedly:0.03391841599231861
translated:0.03342670185658445
behaviour:0.030931131642809896
by:0.005792020320568222
john:0.03136232046294556
s:0.0036282823441872412
specify:0.030631170856917782
