click:0.0399205150184887
at:0.006203978960946698
anyway:0.021468407194679816
where:0.01301025914249128
widget:0.03548647435061814
with:0.004118502653447516
much:0.01230420330676008
into:0.025222590182850512
o:0.17258347103238852
from:0.01788532931894737
contents:0.07018715490365297
wrote:0.01813785193445677
to:0.004852813943981799
job:0.024447102502036452
within:0.02279190293185083
look:0.01669836848081627
most:0.013074615943429844
that:0.0024429903199611044
jeff:0.02968647386500279
sources:0.054213225003020615
id:0.06605364518342612
me:0.0076309062000320055
re:0.0026333838223814828
file:0.042795575809273366
this:0.003697059425150838
tools:0.06266863177702355
he:0.011198121179719966
best:0.017149127323672072
you:0.0039140773902022665
brain:0.031051960556104177
x11:0.037550992225381566
brings:0.036543239805376826
well.sf.ca.us:0.04109695223442649
inside:0.026437010754043568
imho:0.030490645467296133
more:0.008953655111413562
onto:0.03066311743918554
a:0.0039338144390039295
want:0.013328154702198463
as:0.005634606762091679
lets:0.03263108626534938
obtained:0.033755242220221804
it:0.004828949714647492
have:0.007200712861234548
color:0.05203707192399135
app:0.03837078343555348
mouse:0.030605156177660783
jan:0.03739789372794209
asked:0.023748597878439654
which:0.009097833327588154
writes:0.009313554803064259
of:0.005477199593401089
up:0.009460988523608342
postscript:0.10628695874257638
code:0.022820510636138706
in:0.0012512655062992288
point:0.01550377437507085
bitmap:0.03747402693994361
use:0.02341942996827251
and:0.004033071279832287
for:0.006873567526311422
subject:0.0001880067386761852
andre:0.07674156687110696
vendors:0.03863656039317916
i:0.005377428373109717
dump:0.03939862789064559
binaries:0.04560425755306027
program:0.019553756566085035
source:0.021966675786618484
portable:0.03602614495639924
the:0.004777307809789772
do:0.010117153787415446
can:0.00608849290449094
compression:0.03427018774718633
come:0.016909814608939498
an:0.018969678983698664
btw:0.026421060003122075
including:0.0223941387783819
is:0.0018920607527511543
stuck:0.033489465262596115
window:0.049112573828523125
somebody:0.02673048044700532
does:0.00858090714322201
converting:0.03863656039317916
filters:0.04299599143829341
beck:0.1266116788903727
article:0.005706569579694373
written:0.025236048862366973
include:0.02367269910735635
