manager:0.21036955392394271
there:0.016388910456734775
i.e:0.061688196374560765
to:0.0024610699287336262
that:0.006194725454187085
motif:0.08395422939318523
memory:0.06038628975298777
like:0.02079712613408345
michael:0.053655271458458734
this:0.009374686399489624
a:0.012468786837914242
same:0.03468023840229665
logic:0.07415608836066022
based:0.05394469664108111
mind:0.054100996482323874
l:0.05901715319202434
it:0.006122418388213785
not:0.01076625015314223
university:0.041970358957118814
terrible:0.09042815909659827
has:0.03802765978166253
which:0.023069505937812818
of:0.006944306627347808
called:0.047897401711727385
feature:0.08437690339471925
use:0.029692491566916928
and:0.003408905486524909
subject:0.0004767313730717553
i:0.003408905486524909
similar:0.05651354085476252
idaho:0.11228129180413605
currently:0.06426666967602315
thing:0.04042736491294565
laboratory:0.08547954637808436
is:0.019190901920761706
multiple:0.07667900567188951
window:0.18680318259777542
applied:0.07905357143422523
very:0.0311293302104187
hp:0.07724370546529151
mike:0.11412185817706083
s:0.011079219301000327
