out:0.03681803434626437
there:0.028680593299285857
thanks:0.062293332653630094
where:0.057733024944805054
from:0.026455382950942987
w:0.19339630343933462
been:0.045851262100669976
so:0.03193158116827875
internet:0.08926668572233144
jesse:0.4026189388036798
it:0.010714232179374124
ftp:0.1185427171027836
uucp:0.1323008939792523
400:0.1434633429523251
has:0.03327420230895472
ave:0.16337437142749292
if:0.02094220061760654
of:0.012152536597858666
version:0.19502941297909904
subject:0.0008342799028755718
i:0.0059655846014185915
buildings:0.17144973674473254
can:0.027017687263678543
an:0.028059316830054273
suite:0.1652882347162654
x:0.1903224993466314
written:0.11198496682675343
