manager:0.06770514379161376
out:0.010156699130003964
x11r5:0.08320380285700188
delete:0.046159172696455975
ever:0.02278812117956776
from:0.014596073352244407
post:0.022263601762337763
my:0.024574506758542274
to:0.0035643081726487004
building:0.032762651455505616
look:0.020441106243757848
export.lcs.mit.edu:0.0501530061360852
make:0.015173107615083652
that:0.0059811142316289105
and/or:0.03483605195813767
need:0.016562086133596863
re:0.0032236250239497458
server:0.03450395469954857
this:0.013577132026847042
contrib:0.05349581243788489
on:0.008741531469642929
am:0.042267319569862905
suggest:0.03164999831991481
sure:0.05643217293515181
openwindows:0.04752040570891985
how:0.011339336183009693
richard:0.03220756478257568
want:0.01631549972165674
xdm:0.05263302400204883
bonds:0.04707822213661337
it:0.005911300512758138
not:0.010395000147861464
have:0.004407332871962525
made:0.020048099585500013
mit:0.08835519881424031
open:0.02849103947201175
writes:0.005700537853599676
get:0.01133081013182002
of:0.0016762119445322297
available:0.023285032998398535
but:0.017205600575441644
aim:0.051129977561145575
instance:0.03685134395482703
version:0.02690060868677228
using:0.019003625677973455
in:0.0030634431361119046
installed:0.03452905133926804
or:0.005813029807785218
rather:0.022185203904421236
and:0.0032913570214723265
for:0.002804731576828224
subject:0.000230146180103606
retain:0.05095926525686816
i:0.01645678510736163
source:0.026890241049136416
than:0.0123327696743057
the:0.0032489353878838493
do:0.006192395852642213
start:0.024289328343814764
would:0.008040083156072207
can:0.007453155107221667
because:0.015213123266332016
rid:0.039804773524205445
just:0.010124039340223155
is:0.009264573341057375
window:0.06012056451422658
tapes:0.04498385852790312
olwm:0.054712007250470276
2:0.016796634069788006
run:0.023076158865408574
x:0.02625137922022502
first:0.016185817494750353
too:0.01683205058503876
change:0.025620768171642133
article:0.006985628278591388
built:0.03183187615581684
everything:0.026635021413131493
