out:0.010909047213707961
there:0.008497953570158772
stephen:0.03770054888325016
search:0.039510660179395515
1992:0.10960962596900811
members:0.0341503917454131
my:0.008798280197502789
r5:0.053704158654504466
export.lcs.mit.edu:0.053868043627647064
r6:0.06670410252690531
r:0.1148229543233011
location:0.12752297151317787
re:0.006924824125521676
file:0.11253651416512626
30:0.0950862631770525
contrib:0.05745846521106155
directory:0.039032215637318485
on:0.0046945261596230544
you:0.005146286938969647
working:0.029338324173209324
names:0.0379342334442674
a:0.0025861187515673983
part:0.022677982522345156
nine:0.04673435052707677
21:0.07511487076211713
stars:0.0461415555385126
consortium:0.05904967129371579
are:0.00595288316297431
no:0.010423571631319534
xlib:0.15034121121326996
thread:0.03854562771762931
it:0.006349174624814295
not:0.005582500079407082
have:0.004733801973589378
jan:0.09834260943273661
without:0.020807504488911988
be:0.005356122751272882
writes:0.006122799916829281
soon:0.033305496639254355
were:0.014363919421039806
of:0.0036007515845507157
host:0.044322727751599296
safe:0.03845130507589789
but:0.006160029835651946
version:0.05778649273454786
anderson:0.044932109405021264
shut:0.04369570762146087
archie:0.05510444541120746
up:0.012439447873633191
in:0.004935547274846957
5:0.024063637841830396
yes:0.02469301731948045
and:0.0017675806226425455
for:0.0030124894714080924
subject:0.0002471940452964657
we:0.012479110238092313
overhead:0.05437785637934176
any:0.009474882095266734
will:0.020987136016727487
the:0.0034895972684678375
do:0.006651091841726821
see:0.016383201494547927
eric:0.07385237926515936
an:0.008313871653349413
is:0.0074631285247406635
billion:0.04414746840080746
issue:0.028994074143193084
512:0.049171304716368304
x:0.028195925829130577
resource:0.04592868962902464
article:0.015006164450307426
very:0.016141134183180066
written:0.033180730911630645
smart:0.04592868962902464
going:0.02016496003749706
god:0.024566465109029857
