some:0.004765456633197364
at:0.007191551122076989
out:0.004808886118695755
know:0.005036225002686946
all:0.007788308821602378
perspective:0.019948054469060297
programming:0.05372790963873467
financial:0.02204264957563558
true:0.010544003233297334
ultimately:0.021994910637826635
hand:0.012886691654908872
own:0.009250982185910186
user:0.015435279524869453
programmers:0.02346430955224054
meaning:0.01610590422401752
previous:0.014176324162011455
apparent:0.019751649373777855
from:0.0034553969568578598
work:0.01653120378767595
both:0.01833227822292439
my:0.0038784255564502097
to:0.004500242155398631
gui:0.04706582007032909
recall:0.015962674347236826
that:0.008495623480028002
think:0.011753045122682085
like:0.014260886491942936
nt:0.005829212667121947
kk:0.028378484263774977
could:0.006159629205412479
happens:0.015249295978688893
me:0.004422810940426713
this:0.008571141850961944
carefully:0.018980177761758463
something:0.008125148233320502
these:0.006761779482036501
you:0.002268567303709069
am:0.006670760639597411
m:0.00558699882496356
more:0.005189465411513167
a:0.0028500084200946837
other:0.005629828521762902
basis:0.015213095008318364
want:0.023174668992394058
distinguish:0.022953439580999702
as:0.0065315441650368854
nb:0.026575085274880936
let:0.009408725480623775
evidence:0.013133502181686029
are:0.007872384264504801
no:0.0045948805558469795
beside:0.024638522092860056
model:0.029868991931294286
it:0.0027988198346120164
not:0.014765143067166486
have:0.002086737196521032
only:0.010886010108320708
interesting:0.013338875762944543
between:0.009481085085903698
whose:0.015276658981636609
after:0.007874341582305924
doing:0.02188328902175768
mouse:0.017738498682562578
abstract:0.04567024620793204
evil:0.01704764781391266
be:0.0070831990669894445
stats:0.0189575647806335
thinking:0.01421847564836186
of:0.004761810258752783
what:0.018784532714216963
but:0.01086176689388425
saying:0.024624940236444404
fact:0.009788845422974856
must:0.018918044305955083
they:0.02284701121243454
programmer:0.06242655029580958
one:0.004013513909288256
in:0.0007252232730387367
symbol:0.04809678925664984
required:0.015276658981636609
point:0.026957583199102783
5:0.010607644436398707
system:0.02737006933766357
yes:0.01088508518573016
or:0.002752291664094226
and:0.005454248778439855
for:0.0013279545424982613
subject:0.00010896717098782979
i:0.0038958919845998963
rate:0.015855819222413272
20:0.012836050401655592
any:0.004176682719546153
actually:0.009976792355514632
the:0.004307160057080302
users:0.08058566465828942
do:0.026387188857789675
see:0.007221982699637454
when:0.005337446705484637
start:0.011500253419928623
serve:0.017090239149800734
would:0.003806733249405617
can:0.0035288407854600547
claim:0.013327506305306068
put:0.010152895100190937
may:0.007596022560978902
an:0.003664890361476477
solutions:0.038426954820169563
manipulation:0.023894352473292895
engineers:0.022290097011621025
actual:0.016581048517260014
people:0.012287944000596879
about:0.012061422616186182
language:0.01664452775402526
is:0.006579737801404014
study:0.01512397285075428
their:0.006178300484006996
build:0.030462310718517183
accomplish:0.02272013993267338
1:0.007993975069080443
too:0.015938921370322424
primarily:0.019385102864139882
models:0.018217155301961527
s:0.007597178949257367
aside:0.018429486668291643
