some:0.0222387976215877
at:0.008390142975756488
versions:0.04228974305379766
with:0.011139569081705665
much:0.01663997018628506
happiness:0.05540713058843699
from:0.008062592899335006
availability:0.05099489555037042
work:0.038572808837910554
my:0.01809931926343431
to:0.005250282514631737
t:0.024535933857147068
speak:0.03414697918703233
been:0.013973717973537518
motif:0.13432676702909635
like:0.011091800604844508
nt:0.013601496223284545
brad:0.13658586769983047
support:0.026085298186033393
m:0.01303633059158164
how:0.037581799920832125
rent:0.052624878942711645
hearing:0.04318888290590313
weird:0.04688685215898008
far:0.0237083625916324
it:0.01959173884228411
have:0.004869053458549075
ve:0.034764451410046374
buy:0.028636582145180632
kind:0.026243111399648193
money:0.02952590254027743
status:0.04191126373332609
heard:0.025739498661141665
be:0.016527464489642037
which:0.012303736500166838
interviews:0.1677945282562546
if:0.012764769900255416
of:0.005555445301878247
looking:0.024703669956253754
what:0.008766115266634584
but:0.006336030688099146
least:0.022930117930537928
sounds:0.033930519652960366
code:0.06172404781584184
or:0.006422013882886528
use:0.015835995502355697
and:0.0018180829261466185
for:0.009295681797487828
subject:0.00025425673230493616
feasible:0.05443777159500897
al:0.036285849340211736
i:0.012726580483026328
appreciated:0.032235829706440414
similar:0.030140555122540012
mention:0.03594928394549451
any:0.009745593012274355
information:0.02322686937603586
will:0.021586768474348275
do:0.013682246074409462
would:0.00888237758194644
may:0.017724052642284105
about:0.01876221295851184
is:0.005117573845536455
guess:0.028534831075577655
release:0.03784574751797389
