displayed:0.11544567194277776
wonder:0.08022538495254193
to:0.008988255391896722
implement:0.11064152633510149
then:0.034693051082082677
that:0.007541404900749496
could:0.03280672076795777
its:0.04495270773987326
hi:0.06850036217422618
paint:0.10609251678828532
a:0.006071757068897369
how:0.02859484776585053
objects:0.10195236539180987
across:0.08389487221377918
are:0.013976334382635337
it:0.022360136722172085
not:0.013106739316868801
area:0.06974928357955103
always:0.05775991517388494
be:0.01257524472037981
if:0.029136974772322143
of:0.004226969251429101
over:0.0436074076634643
one:0.02137632408207875
in:0.003862602215097619
parent:0.11740106839197209
for:0.0070728013676537825
subject:0.0005803686280873543
each:0.055348030377404676
i:0.00414997189663902
possible:0.11204224447672095
the:0.0032771869999524044
is:0.011681418560463648
select:0.1029816288830533
multiple:0.09334835473099594
window:0.15160838007935398
