ask:0.013431163983209066
join:0.02113182041701959
at:0.004059746601172493
out:0.005429387553366175
say:0.008744446886025546
ideas:0.016576007543960693
there:0.025376377481395783
insight:0.026340857223391436
know:0.005686060486904617
send:0.013517728667632362
take:0.009796078941639186
swap:0.02452217431093084
where:0.008513625798312266
way:0.007983284882702965
much:0.008051598477234707
such:0.008861830430727182
post:0.011901280204751983
several:0.02597651034163499
added:0.038558692965542964
my:0.013136602691202324
to:0.004445803742228486
been:0.0067614764388084754
make:0.008110969969353473
motif:0.173324860682705
like:0.005367000292666697
me:0.009986992446124837
re:0.0017232281234017075
practice:0.0378481852999248
so:0.004708804596243872
this:0.009677095638182838
reply:0.016549292715922325
set:0.012209283797815305
you:0.002561285665477981
tell:0.011106106237891487
am:0.00753150394793256
posted:0.015729866011437308
more:0.011718147703416828
a:0.004504852018859339
how:0.006061580632392278
other:0.006356258008441985
as:0.007374324057299709
netherlands:0.0268099018976308
question:0.01005984370206039
also:0.006836392311887403
theory:0.03749814614724999
van:0.04226364083403918
are:0.005925450521670281
no:0.005187768369504654
improvements:0.027425253937375143
not:0.002778387136294769
should:0.0075705628674353894
have:0.0023559936089753587
probably:0.011001030944835061
directions:0.027151413290044262
ronald:0.053785872970401494
sufficient:0.02108406563805394
per:0.01629873325148856
between:0.010704450903439657
site:0.017997991693265467
list:0.040252929911358246
be:0.007997160236923567
things:0.01029827616654493
if:0.0030882507823198585
of:0.005376237388914433
mailing:0.020339883749154804
what:0.008483337354807661
order:0.01292311917572577
using:0.020317240356174385
well:0.007755151659692833
please:0.008826798879747718
who:0.011917538011371874
up:0.006191061614527118
in:0.00409400234779932
or:0.006214852144728897
world:0.01161866676835335
stories:0.02132794767240575
message:0.014964607781381204
and:0.007917457904186886
few:0.010532845626296252
still:0.009408797613961047
for:0.0029986070314476864
subject:0.0001230274511152917
however:0.011046538729018033
i:0.005278305269457924
group:0.012429105690353203
ago:0.01318509550859283
20:0.014492314969611153
any:0.004715609522068237
will:0.010445210552104003
the:0.0024314613225453322
interest:0.03366622116744595
see:0.008153851435074544
when:0.006026149506192332
benefit:0.02087508950912095
hello:0.01783083313664411
got:0.010194257242537207
would:0.012893773909277088
can:0.007968350160716252
an:0.004137779440376667
people:0.04162045548589265
many:0.008540096901281536
about:0.01361773521182311
requests:0.02418424217689605
changed:0.017416199049923618
interested:0.026516831478478525
is:0.006190613522826357
number:0.011531174416579531
new:0.015889396911369095
days:0.01372466647258144
time:0.007278847787574717
questions:0.013936296485002359
voluntary:0.026648190746426794
update:0.02000848936394611
e-mail:0.01267140910899662
very:0.008033375538172568
difference:0.014779510814905007
give:0.021780979459502366
aware:0.018879710654289766
project:0.017749473988078576
announcement:0.04212074510559711
newsgroups:0.019752407100559883
