read:0.08096439506778291
thanks:0.07119238017557725
with:0.02088669202819812
longer:0.12122182172764912
to:0.0049221398574672524
nt:0.025502805418658517
me:0.038699595728733736
this:0.018749372798979248
more:0.04540782235074021
advance:0.11298218630988034
it:0.01224483677642757
has:0.03802765978166253
anybody:0.10855696946116768
please:0.0684076913180448
one:0.03511824670627223
in:0.006345703639088945
use:0.059384983133833856
subject:0.0009534627461435106
i:0.006817810973049818
group:0.09632556910023732
any:0.03654597379602883
than:0.05109290293640932
the:0.002691975035675189
do:0.025654211389517737
because:0.06302579638908978
e-mail:0.1964068411894476
enhancement:0.23127873473337707
