reference:0.015812004504315063
looks:0.014504684213448688
read:0.009605945177533567
24:0.04656462392629399
default:0.020337607142380452
knows:0.0148049212336493
x11r5:0.02044839222756826
pass:0.017200318729624135
your:0.016016087570100795
cut:0.031025555049189843
with:0.004956164210080909
height:0.06820885917003593
creating:0.04147746196731241
o:0.014834656711016447
mentioned:0.014894761096575585
from:0.007174341139238776
to:0.0017519480848612258
stderr:0.0971933367608239
line:0.02393054024411855
visual:0.15200089287534563
t:0.010916411250001872
enough:0.010305714097192357
class:0.01681427826978391
width:0.0958211128897391
that:0.002939869707071837
bit:0.08082876858639787
like:0.0098698225721074
depth:0.022280224253603646
along:0.0148049212336493
me:0.004591477459341291
server:0.016959570954015398
so:0.0043297059211225425
error:0.015955331182932197
this:0.00889800743002405
dpy:0.2995979525542903
opening:0.020829858971880628
something:0.008435005581201367
on:0.0021483424798274995
you:0.004710160927192558
used:0.008366370798037566
x11:0.022594241084763485
am:0.006925154053819346
8:0.07506333768747118
3:0.009921465867108558
why:0.0075411973735339255
sure:0.009245949237962727
a:0.007100868436507094
how:0.005573572022157306
other:0.005844525372169114
same:0.008229209112409375
false:0.017741985558055846
border:0.020562151761619903
section:0.017414233583149523
display:0.04685747563901031
results:0.015521541308764663
xlib:0.022933405100329318
care:0.013415326022347022
try:0.01032368505230251
only:0.005650577280802062
suitable:0.043581525734988275
attributes:0.025304658439038737
exit:0.022547931463864374
provides:0.018720976207795042
uses:0.014470318346764563
anybody:0.012879640444545318
be:0.004902214043537892
which:0.01642236015912099
get:0.0055693812512335695
if:0.008518861268178931
of:0.004119503931477513
destroy:0.04184597986510681
even:0.007115082405788244
piece:0.018261486922853867
gives:0.015409002016085192
result:0.014978821868692807
using:0.028022295491248992
windows:0.011640708395862294
please:0.00811616676654769
find:0.008967994651158433
who:0.005479037602685798
newer:0.020829858971880628
one:0.004166571643117044
code:0.0274619704265398
in:0.004517280556639589
parent:0.04576651818670099
or:0.005714503878839706
and:0.0024266784819329864
still:0.008651309670464184
subject:0.00011312269869499278
however:0.010157198746597089
create:0.048341258786995155
guide:0.01992134256787446
i:0.004044464136554977
than:0.006061869839912971
the:0.0035132555550337215
when:0.022163973607520947
can:0.0036634152221937007
int:0.022933405100329318
return:0.01563715130430902
drop:0.01834606634049174
an:0.0038046531294988846
problem:0.008964259712057561
here:0.015257634793418611
warning:0.0181785627864382
about:0.004173797374245218
different:0.010708546178013761
current:0.013399346286994991
is:0.004553773337129897
implementation:0.020891718291461782
win:0.04308655174103824
else:0.010705729768381597
window:0.08865235784301208
1:0.008298830050528425
x:0.025806440589373748
handle:0.017213376638680947
greetings:0.02319344300870344
occurs:0.04045928983305764
s:0.0026289672917627896
