posting:0.194069915115073
previous:0.2043058482172239
my:0.05589495654884125
to:0.00810705388288724
re:0.021996500163421796
this:0.030881319904201118
was:0.05208594906478739
thread:0.24487810550023326
it:0.02016796645529247
expose:0.3488869057113463
accident:0.2858525753419233
robert:0.1879654134681002
please:0.11267149158266204
subject:0.0015704092289422528
excuse:0.26041176472450667
events:0.23932640335156616
by:0.05826091028336271
