some:0.007732032285651352
there:0.006078006527000976
help:0.014172799470475476
thanks:0.013201236059047437
with:0.0038730289853612407
tips:0.03764382330570438
from:0.005606438771060766
to:0.0036508587022273664
receive:0.028360389215268247
0:0.09709023280716378
mydisplay:0.5493090622834229
then:0.010568744038250352
calls:0.05308992934382023
that:0.006892144876181659
me:0.007176083976189037
so:0.00676695759857563
ps:0.02983816107827626
this:0.003476704889876947
argv:0.0954177890451096
identical:0.032366048641852795
great:0.016697024428693225
none:0.04798026797908998
them:0.009707676632663847
posted:0.022605171685310566
m:0.009064998093483921
why:0.011786242252675539
a:0.0009248371694346987
other:0.009134489985641793
same:0.012861545367739155
sorry:0.021042494600918043
was:0.011727962041077955
idea:0.01836010791563415
following:0.018127909092978553
fine:0.021451368065699073
are:0.017030765075529152
works:0.01970282114934265
d:0.012065193525675732
thread:0.0275690582351256
it:0.004541131519734728
not:0.007985563027496223
expose:0.15711463303557316
received:0.025624442322197162
able:0.017466657126560724
doing:0.017752999371955732
robert:0.04232333813189011
has:0.014102973164060279
love:0.021670314173387075
without:0.014882188641076126
anybody:0.02012976917160725
be:0.003830869252566035
if:0.004438082250088803
of:0.001287685997124097
but:0.008811698307952453
must:0.015347420049533093
code:0.021460347750541037
message:0.02150542972556107
and:0.0025284596986145024
for:0.0064638846936173645
subject:0.00017680103901998871
create:0.05036881710256449
until:0.037896234773041645
values:0.028284413048630917
i:0.0063211492465362566
ago:0.018948117386520823
any:0.02033021058851935
event:0.1375079784171183
the:0.003993393430405579
when:0.008660095647971761
an:0.011892690576976646
mask:0.10660457459687735
problem:0.014010366172487312
here:0.011923184805452954
about:0.0065232859623965
is:0.005337866759417164
detail:0.031871936961116544
new:0.011417215661480443
events:0.10777612866163244
does:0.008069462346606127
excerpts:0.038528137164144924
hear:0.02194491102158151
initial:0.06101534357206734
while:0.01437312917800346
hints:0.0344285397574812
everything:0.020461340953134125
s:0.008217699084185673
confusion:0.03430239277092031
