1.1:0.049951831789925655
read:0.020241098766945728
apologies:0.04864867185579101
round:0.0392918097499932
posting:0.02945704068710929
all:0.008518462773627599
tried:0.027659500473541702
thanks:0.01779809504389431
height:0.04790860346466809
creating:0.04369946885841843
to:0.0024610699287336262
require:0.03463858088305881
w:0.05525608669695274
h:0.06309253793383064
width:0.05047719339727327
problems:0.04898345064092452
motif:0.04197711469659261
appears:0.034824116316020816
so:0.0091233089052225
this:0.009374686399489624
bell:0.03985002722304083
am:0.014592288899119335
size:0.09645206617140717
m:0.03666467978882336
a:0.0012468786837914242
how:0.011744312475260038
bigger:0.08323780093265978
sorry:0.028369791828023433
as:0.007143876430509092
running:0.02703089653970269
following:0.024440306009283583
solved:0.048539117457649814
respectively:0.05034292663508988
advance:0.028245546577470085
results:0.03270610490061125
no:0.010051301215915265
those:0.01657067548471036
it:0.0030612091941068925
not:0.005383125076571115
have:0.0045647376173897575
doing:0.023934847367547456
has:0.009506914945415633
returns:0.04713171617011783
get:0.011735481922242164
if:0.005983485890744726
what:0.016436466124939843
but:0.011880057540185897
again:0.021802403018821588
using:0.03936465319008787
who:0.011545114948516502
one:0.008779561676568057
code:0.028933147413675857
in:0.0015864259097722363
x11r4:0.05118059409239037
71:0.09073082978077279
bitmap:0.047511712727428504
nearest:0.05370052683957087
and:0.005113358229787364
for:0.002904900561714946
subject:0.00023836568653587764
however:0.021402668787472438
cursor:0.1506319472503105
i:0.011931169202837183
valid:0.038339502835944755
yet:0.02348275663112646
than:0.02554645146820466
the:0.004710956312431581
wrong:0.023601982650266612
when:0.011675664668247642
can:0.007719339218193869
int:0.04832396074712249
return:0.06589942335387372
problem:0.018888975821835574
is:0.0023988627400952133
having:0.02336510171803894
72:0.09318084980779931
before:0.018983877385916465
mike:0.028530464544265208
functions:0.04182183127952235
