xt:0.025451306387107922
above:0.01354555238869923
content:0.023567934968260956
rough:0.026752200417246016
at:0.01753164203889415
mark:0.014943402807423832
independence:0.027359676520733078
programming:0.021829747697330006
means:0.014102463783277376
specification:0.02820255289863381
graphics:0.017506176319103093
where:0.0367653094175873
with:0.011638355757005918
user:0.018814146684542368
dealy:0.3001200123194821
c:0.012866157688701292
such:0.00956724976849651
mentioned:0.017488376212894716
goals:0.022971909098546423
building:0.01890779884994354
important:0.03126735614898729
published:0.020398493605530102
formerly:0.027359676520733078
next:0.013325273749995897
that:0.0051776809766339825
technical:0.01908829474089204
re:0.0018604005113341817
sample:0.023448764614915223
effort:0.040421461559489585
complete:0.05527187836260862
sections:0.027232102239074685
this:0.00261185292722099
93:0.03642801488362588
generation:0.02308006823604098
goal:0.020866299325173268
am:0.00813102665025555
knowing:0.08545322025125995
a:0.0020843345161886493
uunet:0.03758201305887846
want:0.009415910287125281
price:0.015572856725591855
as:0.015922669855065043
objects:0.023332382129468924
proceedings:0.02931271982059505
features:0.02152063435848918
section:0.020446562814046203
consortium:0.031728181590653264
no:0.011201450111268755
brian:0.05576235096684744
early:0.017426572630812345
xlib:0.026926784097899097
it:0.013645987253332216
not:0.01499776140736231
should:0.008173194737479997
components:0.024210779403484865
stated:0.019313905785560994
doing:0.013336830373956792
providing:0.022945232764509684
chuck:0.02479247760278289
has:0.010594770884443293
jan:0.026420402534168042
status:0.021893943741289747
annual:0.02511099431305618
without:0.011180151665684054
be:0.002877916702176474
interviews:0.029217952681437367
of:0.006771562681393883
interface:0.04201691081396898
describes:0.024870215502798217
presented:0.02271137185716674
available:0.013438128496588209
beyond:0.01943066764894829
they:0.004641391166705192
one:0.004892094068535435
in:0.0035359144655619994
distributed:0.04815078703060272
5:0.012929715855311856
or:0.006709566743314282
and:0.0009497448121661439
for:0.0016186510592640496
known:0.016203625610280388
subject:0.0001328206810548174
i:0.0018994896243322878
draft:0.024566296637226884
mention:0.01877947668794489
any:0.005090981424322424
review:0.0215006939535263
schedule:0.02536402126446658
the:0.005625022462604872
conference:0.02168310183597203
an:0.008934309836435192
mentions:0.02868439282893191
places:0.018979213344728033
just:0.005842729171472069
people:0.007488921094891131
toolkit:0.05459096095354668
implementation:0.024529579685497415
issue:0.015578905509775389
conclusions:0.025193914972186583
paper:0.07674922183555413
x:0.04545014909770302
resource:0.024678101890222195
resolution:0.022227970123566507
natural:0.02083138602836408
interfaces:0.030375277533520716
article:0.004031506867246771
functionality:0.02851853999177971
by:0.009855079351414588
7th:0.027424711752411454
summary:0.02140217341971446
include:0.0167239963843015
s:0.02469398132760272
