some:0.008460412138647493
there:0.0066505723592546915
help:0.015507918261172442
thanks:0.014444830760262052
with:0.004237879541953242
tips:0.04118998057363305
from:0.006134581553841852
to:0.002996085130632241
receive:0.03103202008337323
0:0.10623641415856326
mydisplay:0.6010555681507018
then:0.011564350360694226
calls:0.058091154571861266
that:0.007541404900749496
me:0.007852091886989454
re:0.0027097137882476125
so:0.007404424618731305
this:0.0038042205679088333
argv:0.1044064213464605
identical:0.03541502423854907
great:0.018269932527048383
none:0.05250014829596078
them:0.01062216790965392
posted:0.02473464438030359
m:0.009918947189246899
why:0.012896540435898598
a:0.0010119595114828949
other:0.009994985419071817
was:0.006416385029720186
idea:0.02008968329899099
following:0.01983561067420117
fine:0.023472149115366377
are:0.01863511251018045
works:0.021558884011237248
d:0.013201769727369823
it:0.0049689192715937965
not:0.008737826211245869
expose:0.12893646515419319
received:0.028038339062693998
able:0.019112066855874413
doing:0.019425383370763154
robert:0.046310319260256576
has:0.01543151411429784
love:0.02371172058102499
without:0.016284133947844167
anybody:0.022026051774729674
be:0.004191748240126604
if:0.00485616246205369
of:0.001408989750476367
but:0.009641785829716091
must:0.01679319150347462
code:0.023481974712548523
and:0.00276664793109268
for:0.004715200911769188
subject:0.00019345620936245142
create:0.055113705670197376
until:0.04146616993282093
values:0.030948886741617887
i:0.006916619827731701
ago:0.020733084966410464
any:0.01483025023606967
event:0.15046162855786133
the:0.0032771869999524044
when:0.009475901759737218
an:0.013013016500894736
mask:0.11664703452267014
problem:0.01533018327569264
here:0.01304638337408258
about:0.007137798408129504
is:0.005840709280231824
detail:0.034874365805279695
new:0.01249275047017063
events:0.08844671428210053
does:0.008829629089402357
excerpts:0.042157599360767274
hear:0.02401218524825223
initial:0.06676316579262441
while:0.01572711960781538
hints:0.037671807995504784
everything:0.022388858579154007
s:0.008991830157333599
