22:0.0816930705931912
x11r5:0.18924786532180818
setting:0.08434974230122758
continues:0.0971127700842996
work:0.03970730321549615
simulation:0.11629563523711542
to:0.0027023512942957466
look:0.046493496554429616
been:0.02876941935728312
v:0.0754244767431767
on:0.00994134951449588
x11:0.10455374305890554
3:0.09182219390735763
m:0.053679008318277335
a:0.0027382433840125392
j:0.05988487567703652
running:0.05936196887150395
andrew.cmu.edu:0.07989763542602471
it:0.006722655485097489
not:0.011821764874038528
ve:0.035786935275047733
mouse:0.17042871283246397
open:0.06480314860300712
sun:0.0711469079235067
wm:0.10612320791524939
available:0.05296203583949471
virtual:0.19364022055225896
in:0.006967831446842764
or:0.01322179328829579
subject:0.000523469742980751
i:0.01122933572031735
ol:0.11115123789461559
yet:0.051569975346787526
the:0.0029558941568198155
is:0.005268090723346351
right:0.03803673713314313
olwm:0.1244429968834226
told:0.060788622877041766
resource:0.09726075450852277
under:0.09518915400414271
pl:0.1238576446648014
