technology:0.030615160780154024
help:0.03891077672803267
small:0.027170417275145554
widget:0.13742943703057572
text:0.19726711272183095
with:0.005316612516268612
user:0.06875715424714574
name:0.025111204598456827
to:0.007517449964131804
width:0.05139496054995097
make:0.01600073166681549
that:0.003153678413040698
problems:0.024937029417197935
need:0.017465472649974875
michael:0.027315410924306265
fixed:0.041225751864725706
national:0.029583399318068304
this:0.004772567621558354
amount:0.03380379101478934
md:0.045516531777905045
two:0.016952631205939196
standards:0.03852089396568214
a:0.0038086476159447137
uunet:0.03433629374924805
want:0.03441087214022148
athena:0.05410254640373096
as:0.007273765092881986
part:0.022265655567393426
entering:0.04780120839864055
cover:0.03567460498407169
301:0.05035486644833512
it:0.006233735086181308
not:0.010962000155926634
have:0.009295465693593687
225:0.05410254640373096
types:0.07448904021783416
be:0.005258738701249739
of:0.008838208434806302
trying:0.024512074755167236
institute:0.03538598045393915
but:0.012096058586371096
seems:0.021422609903464344
order:0.050987579293318035
visible:0.08624061772176062
in:0.006461080068890563
point:0.040027926568364736
for:0.0029577169355643087
subject:0.00024269960810925723
rm:0.04675109124298742
create:0.03457132446585108
i:0.0052063283794198615
appreciated:0.030770564719784024
horizontal:0.09840515643050397
any:0.00930261151171643
addition:0.036048769279467215
the:0.006167070081728615
do:0.00653016289914997
when:0.011887949480397599
instead:0.027888493741678556
is:0.002442478426278763
keep:0.048171174256834925
does:0.022154342078864093
automatically:0.08569457613814471
mike:0.029049200263251848
