out:0.011900778778590505
there:0.009270494803809572
send:0.029629768897739626
thanks:0.0402704372710336
lu:0.12064443215380084
to:0.008352722182368672
me:0.021890680412213027
need:0.019406080722194307
anyone:0.016898128784256478
this:0.010605705825685234
student:0.04063654012291588
hi:0.031828451111256616
detect:0.051763651830565034
you:0.005614131206148706
enemy:0.0540854952806959
holes:0.24208305026623717
a:0.005642440912510688
how:0.053145979686025226
copy:0.034511231768316594
russell:0.05280787763312903
contain:0.047371806141649035
have:0.0051641476075520495
always:0.02683794038382533
has:0.010755297716025769
list:0.05882077973578949
univ:0.046915185568234416
if:0.020307588477679068
of:0.009820231594229225
monitor:0.037851271112008165
please:0.038695259735459696
one:0.009932433411874976
point:0.022237736982424858
yes:0.02693783707579686
use:0.01679575280552877
and:0.0019282697701555045
subject:0.0002696662312325081
i:0.0019282697701555045
group:0.027243595301077225
info:0.11900587714716758
possible:0.02603001639358164
any:0.010336235013018256
will:0.011447528736396814
the:0.006090933414052954
wrong:0.02670123289727132
seal:0.0597098461595627
eric:0.1208493478884426
instead:0.030987215268531734
btw:0.037896873943872075
is:0.008141594754262543
right:0.019594682765558584
grad:0.0597098461595627
wanted:0.030759191813596997
x:0.061518383627193994
activities:0.04269019499852992
security:0.07498735177854328
compile:0.05270835948724002
