round:0.12573379119997824
there:0.02622225673077564
widget:0.1439736959367936
to:0.003937711885973802
next:0.07652514353569072
motif:0.2686535340581927
could:0.04311740443788735
used:0.056413243095339016
support:0.07825589455810017
a:0.007980023576265115
d:0.052052692067915296
have:0.014607160375647224
love:0.0934919268623271
be:0.033054928979284075
which:0.03691120950050051
of:0.005555445301878247
cheers:0.12440464789612418
in:0.005076562911271156
or:0.01926604164865958
for:0.009295681797487828
subject:0.0007627701969148084
i:0.005454248778439855
circular:0.4986641752959329
any:0.029236779036823063
will:0.03238015271152241
instead:0.08764955175956118
release:0.11353724255392167
widgets:0.31424542746670564
s:0.01772675088160052
