1.1:0.024011180946230358
read:0.009729626875098377
apologies:0.02338476930407122
round:0.018887050180254245
there:0.003938965603335396
activity:0.019155377892620486
posting:0.014159607540584724
all:0.0040947117195119795
tried:0.013295553875693866
your:0.0054074344299625005
with:0.00501997748317208
height:0.023029028274861914
creating:0.02100575327099942
generate:0.020127934798383065
to:0.001183003570893417
require:0.016650304973830844
recall:0.016784786330785503
w:0.026560865708406472
h:0.030327743556176106
software:0.02416983595262881
width:0.024263715281092734
that:0.005955444213467413
problems:0.02354569301194655
think:0.006179176083813542
motif:0.020177840540851387
quite:0.01139999734810902
appears:0.016739489387958505
generally:0.0165954913872236
re:0.006419579446835546
joel:0.02343808484054571
server:0.0858896726426531
so:0.0043854532076606015
this:0.004506287024647373
bell:0.019155377892620486
you:0.009541613552081062
tell:0.0103434551657616
am:0.007014319127473672
size:0.07727204156793707
support:0.011755177294135218
m:0.02349896501486819
a:0.00419550595747844
how:0.005645334752056328
bigger:0.040011303452609
sorry:0.013636981479564911
as:0.00343396635286274
old:0.011364433829795382
running:0.012993392328097432
following:0.011748129927209276
solved:0.02333210796247545
respectively:0.024199175034892988
display:0.015820263591997757
results:0.01572138948012215
no:0.004831526764731802
those:0.007965303237285665
it:0.008828895186437046
not:0.005175193206660642
have:0.004388417280237363
probably:0.030736786030418992
doing:0.01150516268311294
mit:0.021993997988094156
has:0.00913969505482018
screen:0.01604423678157102
familiar:0.0197710662647686
regardless:0.01942051677543698
without:0.009644680192285386
returns:0.04531117777728066
writes:0.0028380360129509116
get:0.005641090022708679
if:0.008628546177211278
of:0.000834508950925917
what:0.011851185875493105
but:0.005710585598715968
again:0.010480125056257587
using:0.0378441301054922
who:0.005549583151218233
one:0.004220218488307392
code:0.013907779014299126
in:0.002287721483620049
x11r4:0.0246018306366855
71:0.04361310272723843
or:0.0028940405910003663
bitmap:0.022838248177991384
nearest:0.025813128781252952
and:0.0024579232692540118
for:0.001396347051124781
subject:0.00011457921412883389
however:0.010287978129600485
cursor:0.2654915007330223
i:0.00819307756418004
valid:0.018429288916848984
possible:0.011059964047058292
preferred:0.021918034137882136
any:0.004391790842441233
actually:0.010490618571249291
yet:0.011287848681056497
than:0.018419758998533833
the:0.004205488896934631
wrong:0.011345159042188243
when:0.011224673329130781
greater:0.018107651915595255
can:0.007421167317061918
int:0.023228684994324972
did:0.007055412203617877
return:0.031676976032763336
problem:0.009079679365002508
just:0.015120882791406257
reality:0.017985455889495204
is:0.0023062028059284453
stuck:0.02040988870080965
chips:0.017822922524450523
maximum:0.02100575327099942
having:0.011231293529701121
hardware:0.04570404880267663
checking:0.020856196484174663
does:0.01045913145354099
lot:0.010637568189980217
72:0.0447907947573971
x:0.013069356178309451
article:0.003477823520672107
very:0.007481727432546984
workstation:0.022838248177991384
difference:0.013764608784696939
before:0.009125297284217357
by:0.004250796029258224
hp:0.018565010755606546
mike:0.013714214716556667
bug:0.021288834677831166
functions:0.02010319786826826
s:0.010651266624137654
