correct:0.023372981715581775
know:0.008813393754702156
raise:0.03366572633998542
x11r5:0.06894029379580155
send:0.02095247943483016
thanks:0.01423847603511545
graphics:0.02513386742956944
specifically:0.028907447512540436
your:0.008999515872723303
whom:0.030059362852512733
with:0.008354676811279247
from:0.006046944674501254
my:0.006787244723787866
to:0.002953283914480352
aka:0.03699758077434976
tool:0.03358169175727409
vram:0.039280678433338205
class:0.028344069083350014
that:0.0024778901816748344
configure:0.04194863206406365
higher:0.0265133850931278
nt:0.005100561083731704
need:0.0137228713678374
re:0.005342007182545293
michael:0.021462108583383495
anyone:0.011949391068867079
file:0.021703470588988635
political:0.02574839841058232
voice:0.025903530724544058
this:0.0037498745597958497
bus:0.028907447512540436
contact:0.024857659278432625
best:0.017394114856867385
hi:0.022507261857245747
something:0.014219009408310876
on:0.003621491608852071
set:0.018924389886613723
you:0.011909978344472612
taxes:0.03401211455383264
card:0.0437272620930606
os:0.03392393001224479
more:0.009081564470148042
a:0.006982520629231975
as:0.011430202288814549
running:0.021624717231762153
local:0.02183131037082823
advance:0.02259643726197607
ultra:0.03824617166277781
video:0.02496936566332159
far:0.017781271943724298
d:0.013013173016978824
reason:0.01908722802863234
it:0.002448967355285514
not:0.0043065000612568915
have:0.003651790093911806
color:0.026390229332881328
has:0.007605531956332507
usually:0.023555362444190094
ati:0.03666835858006213
writes:0.004723302792982588
if:0.00478678871259578
of:0.004166583976408685
trying:0.0192594873076314
monitor:0.053532512001268684
please:0.013681538263608963
up:0.009596145502517034
pro:0.032148329646830155
good:0.011571498938282137
in:0.005076562911271156
system:0.01596587378030375
or:0.004816510412164895
and:0.005454248778439855
for:0.004647840898743914
subject:0.0001906925492287021
i:0.006817810973049818
similar:0.022605416341905007
1mb:0.042364838550663475
body:0.02535486516910394
will:0.008095038177880603
the:0.002691975035675189
do:0.0051308422779035474
got:0.01580109872593267
operating:0.03282911664543248
did:0.011742221738878324
linux:0.038087434971458445
gateway:0.034470146897900775
come:0.0171513833890672
bought:0.026164883920489
myself:0.023806014728556306
human:0.022898874080261256
just:0.008388489739042042
people:0.010751951000522267
replies:0.03201291597722577
middle:0.028693573536718444
15:0.023870076657004597
is:0.0038381803841523415
done:0.018919025367290704
entry:0.03565050099001011
vesa:0.037705372936094265
does:0.008703491530982323
x:0.021751142782472158
article:0.005788092002261436
luck:0.029448490185097292
before:0.015187101908733174
mike:0.045648743270824334
