some:0.023119542081848597
correct:0.03239819247704404
computing:0.043192687912663785
know:0.012216585402557444
happen:0.0334815071897754
displayed:0.05257921692443344
with:0.023161480268892965
to:0.0027291072477046156
colors:0.04514749181963411
clients:0.05290386863555216
slightly:0.04286803620154506
client:0.04957246035217382
motif:0.046548879663548245
like:0.011531079836719537
nt:0.007070084670519193
happened:0.06677823561858279
server:0.07925660881480463
phone:0.02908264481395613
communications:0.04177309798350193
graphic:0.05216227152492723
xterm:0.05186069521319744
a:0.0013826773523231634
same:0.019228647034936756
services:0.03957090720260702
others:0.02669631904028115
are:0.01273091844754902
d:0.01803806160769342
it:0.013578432860988988
have:0.010123774517775304
moved:0.044144607324078655
color:0.10974154772089265
types:0.04056333873248395
has:0.010542321523629218
if:0.013270305341849689
of:0.005775462937596197
seen:0.025667969214082702
but:0.006586962596538715
parts:0.036125693182340206
macintosh:0.04649114777928297
version:0.06179149718149673
windows:0.10880028441281195
email:0.027167313455128128
in:0.003518409938504762
office:0.03614591993115011
forcing:0.052264873376764324
and:0.0037801724207008895
for:0.006442551740833149
subject:0.0002643263058615673
i:0.0037801724207008895
stan:0.10941806512841035
the:0.005224030762300368
wrong:0.026172495612176837
when:0.012947271711324117
apple:0.03755808858702055
problem:0.06283857303105696
1.2:0.10602899074829492
current:0.03130936360129523
is:0.005320250037438889
ux1.cso.uiuc.edu:0.06225497367358039
window:0.03452468061213011
does:0.01206424568651015
x:0.030150098906397055
u:0.03744201468903976
s:0.012285866947643928
