library:0.0373848981401891
at:0.007865759039771705
out:0.010519438384646963
there:0.008194455228367387
all:0.008518462773627599
gnu:0.053508507150097986
fax:0.02730931553467312
much:0.015599972049642244
c:0.023090157994901425
313:0.10945586313958437
hence:0.04108351238804813
to:0.0024610699287336262
prime:0.044846596758178536
motor:0.044991779980248
software:0.07542283629860508
make:0.015715004315622352
that:0.0030973627270935427
mi:0.047609293714323056
motif:0.08395422939318523
like:0.02079712613408345
really:0.01742317627849041
re:0.003338754489090808
michael:0.026827635729229367
phone:0.02622631362687115
requiring:0.04933582400879216
etc:0.020735035602305673
vs:0.030505463795208413
a:0.0024937573675828484
richard:0.03335783495338195
j:0.02726900588865056
athena:0.21254571801465735
widely:0.04389148854789132
compiler:0.049951831789925655
ie:0.037353733810369744
internet:0.025504767349237553
individuals:0.038099565172988535
it:0.006122418388213785
plug:0.04235030334550745
systems:0.026789438573951878
uucp:0.03780025542264351
stay:0.03525622828800162
mit:0.045755370814517304
adopted:0.05147824070192244
public:0.026462005339826726
uses:0.030491027944968184
edge:0.04208215792498178
ford:0.04268308365619702
writes:0.005904128491228235
style:0.04098952655780717
available:0.02411664131976991
but:0.005940028770092949
using:0.019682326595043934
code:0.028933147413675857
in:0.0015864259097722363
requirement:0.047609293714323056
or:0.012041276030412237
for:0.002904900561714946
subject:0.00023836568653587764
i:0.0017044527432624546
license:0.041770664541049274
alternative:0.038876452467538805
than:0.01277322573410233
patches:0.10095438679454655
the:0.0033649687945939864
when:0.011675664668247642
kernel:0.05332053028226019
linux:0.14282788114296915
may:0.016616299352141345
come:0.021439229236334
people:0.026879877501305667
many:0.016546437746232975
company:0.030054714639565622
entire:0.03329837698829287
is:0.00719658822028564
involved:0.03215068872380239
either:0.022353238456369266
write:0.029055124330245655
their:0.013515032308765303
1:0.034973640927226934
stock:0.04435627749392751
under:0.021672530599157493
cutting:0.04780771457847226
article:0.007235115002826795
xview:0.05147824070192244
widgets:0.09820169608334552
mike:0.057060929088530415
doubt:0.031072074098040782
