root:0.10954520343016905
help:0.09304750956703464
with:0.03814091587757917
to:0.011984340522528964
appreciate:0.08346115946553248
really:0.04242164659110708
through:0.05151007160923536
me:0.02355627566096836
child:0.17240715742353888
something:0.04327524602529397
two:0.040538900709854594
set:0.05759596922012872
fall:0.084789152769442
am:0.03552905123263838
m:0.029756841567740697
following:0.05950683202260351
are:0.013976334382635337
doing:0.05827615011228946
but:0.014462678744574136
using:0.04792218649228088
windows:0.05972189524833699
in:0.003862602215097619
and:0.00414997189663902
subject:0.0005803686280873543
create:0.08267055850529606
i:0.01659988758655608
any:0.022245375354104504
event:0.09027697713471679
the:0.0016385934999762022
wrong:0.05746569688760566
would:0.02027499230661687
problem:0.04599054982707792
here:0.03913915012224774
is:0.005840709280231824
events:0.17689342856420107
