wilson:0.03466020929584316
go:0.027019892386029542
at:0.006117812586489104
dir:0.04052616123117057
help:0.014861755000290256
all:0.0066254710461547996
tried:0.043025889625509316
take:0.014762146738442384
thanks:0.013842962811917797
among:0.023920176861012672
way:0.01203036680240655
wonderful:0.06675205277926949
ca:0.01428158747286334
from:0.011757947978196882
except:0.04478279748616407
my:0.026394840592508368
corp:0.03214003225633366
to:0.0038283310002523076
then:0.022165004857997266
sparc:0.037752646911505414
that:0.0024090598988505334
nt:0.0049588788314058226
interactive:0.038655793635451234
need:0.013341680496508584
server:0.02779485239685857
so:0.014191813852568333
file:0.06330178921788351
2.0:0.0325681167223837
on:0.003520894619717291
used:0.013711552141228232
them:0.010179577580085005
os:0.032981598623015765
m:0.05703394633816967
why:0.012359184584402822
openwindows:0.038280326821074316
a:0.002909383595513323
running:0.021024030641990984
following:0.03801825379221891
adding:0.06562648041811496
others:0.018724501549086083
computer:0.018615992396981355
are:0.004464662372230733
no:0.015635357446979303
brian:0.025944982741519296
those:0.025776606309549446
kevin:0.06257725448360715
it:0.002380940484305361
have:0.0035503514801920335
try:0.016919372724606894
properly:0.029901153718767337
after:0.01339731727545105
b:0.021256307961904454
command:0.028585087881484967
call:0.01845108401387991
naturally:0.03564979306394929
be:0.0040170920634546615
get:0.009127597050632793
if:0.009307644718936239
end:0.01877939862899659
of:0.0013502818442065183
gives:0.025253642193028506
what:0.006391959048587716
lines:0.024535986974267475
using:0.015308476240589727
up:0.009329585905224893
beginning:0.028125602737061727
in:0.003701660456135218
yes:0.018519762989610337
or:0.004682718456271426
and:0.0026513709339638183
still:0.014178535293260743
for:0.002259367103556069
subject:0.00018539553397234928
i:0.013256854669819093
sciences:0.03534382091260186
any:0.00710616157145005
program:0.019282176613778297
the:0.004710956312431581
do:0.004988318881295115
when:0.009081072519748165
start:0.019566403388073004
home:0.020342798971259363
an:0.00623540374001206
problem:0.014691425639205447
many:0.012869451580403425
3.0:0.03210239289890769
having:0.018172856891808063
run:0.018589127974912464
1:0.013600860360588253
x:0.021146944371847932
resource:0.03444651722176848
under:0.016856412688233603
change:0.020638952138267275
by:0.013756048261349529
s:0.00430858528372235
