xt:0.20880459525749762
thanks:0.040681360100329855
with:0.011935252587541781
missing:0.08811525435488263
viola:0.398626279123214
to:0.008437954041372434
perhaps:0.058948194645715206
reply:0.07328972488479886
on:0.010347118882434487
distribution:0.09071301430618937
machine:0.0663836602923336
them:0.02991549329657634
a:0.0028500084200946837
how:0.02684414280059437
want:0.038624448320656764
whole:0.06105949949035285
are:0.013120640440841337
19:0.08361014718328325
mit:0.10458370471889669
without:0.045861438465357035
get:0.026823958679410658
dec:0.10123058122315635
looking:0.05293643562054375
email:0.05599793181567226
in:0.003626116365193683
installed:0.08174224398683862
and:0.015583567938399585
for:0.006639772712491305
subject:0.0005448358549391489
i:0.0077917839691997925
unfortunately:0.07514067511889706
later:0.0652124903868919
the:0.0015382714489572508
can:0.017644203927300272
emacs:0.13215927699050117
having:0.053405946784089005
x:0.06214612223563474
by:0.020212968873819716
compile:0.21298479956068414
