there:0.012746930355238158
formats:0.069987213302608
from:0.011757947978196882
both:0.031190334476503302
to:0.0019141655001261538
that:0.004818119797701067
packages:0.13736835007139225
me:0.015049842783396453
package:0.1079795286960056
reply:0.04987772943548811
on:0.007041789239434582
medical:0.055875242669009326
am:0.022699116065296742
etc:0.03225449982580882
more:0.017658597580843413
a:0.005818767191026646
private:0.0493011267177021
standard:0.08455679279061769
processing:0.1317564992971343
mind:0.04207855281958523
are:0.008929324744461465
imaging:0.0750062381393155
application:0.051255107053012894
have:0.007100702960384067
domain:0.061988931235841295
area:0.044562042286935374
public:0.04116311941750824
be:0.008034184126909323
summarize:0.07961425747705168
if:0.009307644718936239
of:0.0027005636884130367
implemented:0.06942935161197836
looking:0.036026185352870055
but:0.00924004475347792
particular:0.04709793677894176
please:0.026602991068128537
net:0.046043645623590035
in:0.0024677736374234785
context:0.057676957613846835
and:0.0026513709339638183
for:0.009037468414224276
subject:0.00037079106794469857
i:0.007954112801891455
acceptable:0.06428006451266732
will:0.015740352012545616
the:0.0020937583610807025
interest:0.10146624990744126
would:0.012953467307005223
zoom:0.0844708373170482
meant:0.05655082332487524
general:0.08190084341909865
is:0.0074631285247406635
x:0.08458777748739173
under:0.06742565075293441
image:0.1028073054703799
functions:0.06505618199036811
