out:0.01812580152431477
say:0.029192999604116053
there:0.014119676701186884
know:0.018982694240896953
o:0.10772243027076558
oliver:0.08950382633516744
to:0.008481225600558959
value:0.11488777906943594
nt:0.0109858238726529
re:0.01150586162394371
server:0.06157628838688668
anyone:0.02573714999448294
this:0.00807665289802183
dpy:0.10877710277355772
set:0.04076022437116802
you:0.01710150736642221
size:0.055398109801013354
os:0.07306692618021955
a:0.002148467885917531
how:0.02023635380352499
want:0.02911689181095664
running:0.046576314037641564
steve:0.04934082841283672
underlying:0.0900633285531809
oj:0.10387781460250335
no:0.017319165172038613
it:0.005274698919076492
highest:0.07260209881719654
writes:0.02034653510823269
applications:0.060004631190682035
if:0.010310006457898604
in:0.005467067750599707
yes:0.04102839800775214
and:0.0029369031883906913
for:0.005005367121724215
subject:0.00041072241372335844
world.std.com:0.141417733241863
the:0.0034788600461033215
do:0.011051044906253795
can:0.013301015268272515
just:0.01806751636101363
jones:0.0763122843066871
is:0.004133425029087137
maximum:0.07529754634065947
type:0.04985403862048764
does:0.01874598175903885
request:0.060004631190682035
change:0.09144643408955347
image:0.056939430722056567
changing:0.06588336571546932
article:0.024933319394356956
