keys:0.03880044163471783
some:0.011559771040924299
configuration:0.02348135631038037
feeling:0.021617014111829317
at:0.004361212932942728
out:0.005832559896437921
andrew:0.018640881976099002
help:0.0105945184160485
tel:0.020125980590586023
all:0.004723108072506392
nick:0.049263029228370794
ordinary:0.0252384568027613
access:0.01659592508920062
fax:0.015141798712294006
with:0.005790370067223241
cambridge:0.04626352878695922
ca:0.020361867288042783
someone:0.010908208488430791
from:0.00419095175460483
work:0.03007533362361837
my:0.0235201549834233
to:0.004093660871556923
keyboard:0.04499785184131679
worse:0.01928250204623954
make:0.00871326971955299
that:0.0034346992617274932
think:0.00712746548281463
nt:0.01060512700577879
me:0.0053643003980423
need:0.00951090094800612
re:0.0018511906078127255
exactly:0.015922686402336676
fixed:0.02244966685702885
this:0.005197845924469495
internal:0.01961667037683333
certain:0.01631839104831935
on:0.005019889358804851
set:0.013115913782801589
you:0.002751480145587732
am:0.008090774043076067
them:0.007256728571941787
e.g:0.020095421882135128
a:0.002074016028484745
how:0.006511698006084774
same:0.028842970552405135
want:0.009369296869862286
definitions:0.02656318607941993
worked:0.019030514062249256
given:0.013800928510798421
stuff:0.02894471834330319
computer:0.013270806461214433
no:0.011145997387945642
it:0.00509191232287087
not:0.005969406025504603
have:0.01265471814721913
shift:0.04797909038373186
only:0.0066016645458875575
sufficient:0.022649714076523293
university:0.011635347037617098
site:0.019334476224943595
has:0.010542321523629218
sun:0.017962833188608127
be:0.002863669589789462
which:0.006395506596621375
writes:0.003273576193156249
get:0.01952040557363053
things:0.01106299964425866
end:0.013387294072155987
of:0.0019251543125320659
key:0.01587050678829988
what:0.004556644074240748
but:0.0032934812982693576
least:0.011919120706467733
street:0.019742715249102007
defines:0.02755660536388603
using:0.010912973161608518
they:0.004618413982711602
up:0.013301587825271135
accept:0.017683722627043236
email:0.013583656727564064
in:0.003518409938504762
or:0.006676351066367181
england:0.024408146122697923
use:0.01646316364106285
better:0.011070375600501996
and:0.008505387946577
subject:0.00013216315293078365
table:0.044850439836428176
however:0.01186682625840056
i:0.012285560367277891
44:0.04499785184131679
actually:0.012100564985648933
will:0.00561042249952121
than:0.0070821845654428775
the:0.0018657252722501312
do:0.007112058603034621
when:0.006473635855662059
can:0.01712011866213294
home:0.01450179728644232
an:0.004445040289909588
laboratory:0.023697299986003586
problem:0.02094619101035232
note:0.01466182722217078
emacs:0.224409069345257
is:0.003990187528079166
either:0.012393874787689892
itself:0.01664879129007119
new:0.008534651311304688
x:0.015075049453198527
midway.uchicago.edu:0.026081135762463615
article:0.004011548912458421
somewhere:0.01920554979654746
hp:0.042828193129270546
seem:0.013661943341068008
s:0.003071466736910982
