help:0.03343894875065308
o:0.05470279662187315
my:0.014847097833285958
to:0.002153436187641923
gcc:0.09467048075941831
713:0.08719407071062059
make:0.02750125755233912
problems:0.042860519310808955
file:0.04747634191341264
voice:0.05666397345994013
error:0.11767056747412495
ld:0.09502969198167922
on:0.007922012894363905
western:0.12782899261548125
products:0.06328260615838889
inc:0.05720336712194377
xterm:0.40921329816663604
a:0.0043640753932699845
failed:0.06620778650351618
target:0.07489444367611713
international:0.06195882219908428
output:0.06386497170209564
no:0.017589777127851716
internet:0.04463334286116572
atlas:0.09696116004366637
exploration:0.0874157056323699
command:0.06431644773334118
of:0.0030381341494646664
undefined:0.09824613032861905
errors:0.06709412996290333
code:0.050633007973932755
in:0.005552490684202827
symbol:0.18412052137311266
douglas:0.07047471264461974
for:0.010167151966002312
subject:0.0004171399514377859
doug:0.06752561694779353
fatal:0.1748314112647398
i:0.0029827923007092957
any:0.015988863535762614
got:0.03456490346297772
problem:0.033055707688212255
here:0.028131264150365563
company:0.052595750619239844
stuck:0.07430475105138513
division:0.0619151158768802
build:0.17492029982898538
1:0.03060193581132357
first:0.029336794209235018
index:0.08035343807388463
written:0.05599248341337672
