to:0.010601532000698698
death:0.25810895261818634
blow:0.37486823868807945
unix:0.30481287816310254
was:0.06811239493087581
ignore:0.3462127808120171
please:0.14733964283886575
system:0.17194017917250193
subject:0.002053612068616792
group:0.2074704565235881
wrong:0.2033401582176816
operating:0.3535443331046575
ideal:0.4154191650792859
