sent:0.0721114225154826
thanks:0.07817202529082992
adrian:0.5106585013604572
to:0.005404702588591493
nye:0.23760434386677537
lost:0.06871581028074215
had:0.03008644089572814
this:0.010293773301400373
associates:0.12018683011405343
you:0.010898019400171016
a:0.0054764867680250785
crash:0.10013533243385367
as:0.03137702589086347
copy:0.06699239107967338
book:0.1219489612032813
it:0.013445310970194978
received:0.07586844687552494
list:0.057090756802383916
soon:0.07052928700077393
if:0.013140204309086457
of:0.003812560501288993
please:0.037557163860887345
imake:0.13152168993317417
system:0.04382788880867696
offers:0.0886292239878946
and:0.007486223813544899
for:0.006379389468864196
subject:0.000523469742980751
i:0.007486223813544899
possible:0.05052885535224671
review:0.25421408733286976
oreilly:0.12018683011405343
the:0.0029558941568198155
return:0.07236015113366527
people:0.029515159609276812
many:0.03633727505055085
