some:0.022892879904575572
static:0.056038882524273935
x11r5:0.09462393266090409
ca:0.020162241138160012
from:0.008299727984609564
to:0.005404702588591493
gcc:0.05940108596669384
clients:0.10477040651354447
a.k.a:0.05854803325110923
t:0.050515157941185135
sparc:0.053297854463301764
been:0.01438470967864156
make:0.017255691013232387
nt:0.007000770114925867
updated:0.050417843497339375
re:0.0036660833605702994
phone:0.02879752084519185
had:0.01504322044786407
ld:0.05962647340026932
on:0.00994134951449588
fix:0.04264744077627925
used:0.01935748537585162
libraries:0.04916457514920325
link:0.047508707144675665
a:0.0013691216920062696
same:0.019040130887535416
j:0.05988487567703652
was:0.017361983021595796
standard:0.029843573926100358
science:0.033153257119287405
computer:0.026281401031032502
it:0.006722655485097489
clip:0.057576553813420694
only:0.013073884688914574
ve:0.017893467637523867
campus:0.050780993219695744
suspect:0.038059755518605486
sun:0.03557345396175335
which:0.01266561110311292
found:0.026220789267225465
writes:0.006482964617819238
of:0.003812560501288993
trying:0.026434590422239175
34:0.048482947084020796
using:0.021611966457303143
find:0.020749477820327353
highly:0.04094778151380981
up:0.013171180101493967
now:0.016195239194884747
david:0.024474953326906804
email:0.026900967244783733
in:0.001741957861710691
francisco:0.048932060182366816
world:0.024718144007183106
and:0.0018715559533862248
gets:0.03271878767051769
for:0.003189694734432098
i:0.0018715559533862248
we:0.052852702184861565
program:0.027221896395922304
the:0.005911788313639631
when:0.012820337674938587
compiling:0.11709606650221846
cc:0.05542593784798634
problem:0.04148167239305067
during:0.028709504998063434
btw:0.036782260004346416
lab:0.04225206778228934
right:0.019018368566571565
trouble:0.03740021453225818
1:0.01920121462671283
23:0.04244776133682403
x:0.029854509701432375
article:0.00794444000310393
initial:0.045163318036187096
occurs:0.04680584510098825
seem:0.027056005440154293
compile:0.05115811361996825
