some:0.020129946122988865
send:0.050574950359934874
case:0.042613984608737165
ec:0.10654377166192046
thanks:0.03436873525717522
where:0.03185270341782348
fax:0.05273522999798947
from:0.014596073352244407
to:0.002376205448432467
software:0.048548032560021666
mail:0.05283302594544579
that:0.0059811142316289105
could:0.026019123367690643
me:0.03736512691050154
sunos:0.08730994671395696
so:0.017617424092843448
phone:0.050643915969130496
tell:0.04155215609693884
am:0.02817821304657527
fort:0.10610725773115684
worth:0.12121253857902889
therefore:0.05918837104404941
advance:0.05454312442545948
ft:0.09747320104301047
ftp:0.06540287840153579
have:0.00881466574392505
only:0.022992004108091147
p.o:0.07942514551191523
associated:0.07844475134131967
using:0.03800725135594691
please:0.033024402705263016
box:0.054629982943217366
one:0.01695363634095901
email:0.04730859756841277
in:0.006126886272223809
feature:0.08146735500179789
required:0.0645307146638098
our:0.03844440384448954
or:0.023252119231140872
and:0.006582714042944653
for:0.005609463153656448
subject:0.000460292360207212
i:0.006582714042944653
patches:0.09747320104301047
the:0.0025991483103070794
can:0.014906310214443334
gateway:0.08320380285700188
just:0.02024807868044631
company:0.05803669033847155
tx:0.08167508497621469
functions:0.08075939833287075
