folks:0.11945857581596057
thanx:0.15653767147555797
know:0.039802423408332316
supports:0.13940772531157375
c:0.16684501260832
microsoft:0.13740658366901076
that:0.011190471788208929
nt:0.023034791991046404
hi:0.10164569871014209
a:0.004504852018859339
compiler:0.18047113420876368
os/2:0.45784960782236994
32-bit:0.17911745036685942
anybody:0.09805145628750629
windows:0.17723917299506461
good:0.05225838230191933
and:0.012316045628735157
for:0.03148537383020071
subject:0.0008611921578070418
saturn:0.18438600056374005
maybe:0.08541655104330077
n:0.1180972740582065
does:0.03930609078508146
api:0.20192198271177172
