since:0.007223182755969969
believe:0.015687161590832784
confused:0.017445722413085837
there:0.00993984460913878
became:0.01561605597854269
rick:0.08687116391928877
ever:0.009543039916353288
pardon:0.02120147468941845
where:0.013339038254395393
with:0.004222580337830667
microsoft:0.015377632107362217
mentioned:0.02538024273495912
companies:0.014356073449775221
hacker:0.020464668348828142
from:0.0030562175250186847
turn:0.012351906623518106
wrote:0.009298104601779282
my:0.006860752789388457
to:0.004477903408237356
remember:0.01004557413906582
hardly:0.015764031951586724
everyone:0.0110379521931881
then:0.005761300901717701
software:0.010165292016177822
might:0.007679007710752513
that:0.013775995955881751
complaining:0.020301778690775908
technical:0.013851073079131047
motif:0.0678907847800487
control:0.011009509999787089
r:0.011192129121765813
like:0.004204473153460914
nt:0.005155801817490531
hot:0.030206629507302612
its:0.014930141198802673
attention:0.015323748893583605
wanting:0.019948058804999
brought:0.013986977770886887
re:0.0026999314280012313
started:0.011838429155194605
this:0.00758097383929847
der:0.020938805540384416
tar:0.021635208667187635
healthy:0.01883800573731683
something:0.007186502950048819
two:0.006732091814632893
big:0.010020868425514648
on:0.0036607135396338622
standards:0.030594211813899173
you:0.002006494546601884
hat:0.019330195064219832
products:0.014621251964393102
am:0.011800262503258958
moment:0.015192457759392718
sure:0.007877415235231782
openwindows:0.03980048420386067
a:0.003024918684143816
richardson:0.0424029493788369
same:0.014022334660856409
nor:0.012471259916878712
was:0.0255728847393902
hearing:0.016371237202598657
as:0.00866549632003991
also:0.005355585312922623
stuff:0.021107700741325792
whole:0.010801138899015487
others:0.009734036906384101
are:0.009283918867887734
no:0.01219219208861924
proprietary:0.04175203893122465
works:0.010740527052529748
it:0.004950980934873241
not:0.008706281712288303
flame:0.015153983772122006
statement:0.03761587819161884
have:0.0018456700835655338
try:0.00879563058607723
area:0.011582913518625802
binary:0.019370987682465077
incompatible:0.020938805540384416
mouse:0.015689285838367623
has:0.007687902338531055
decided:0.013471599505481425
shows:0.02790046669761669
free:0.010424215863266193
sun:0.026198500390605353
be:0.0062649233624996895
which:0.004663871236525335
structure:0.016630535883361313
hackers:0.04104128028275351
soon:0.012985536595810363
were:0.005600372915062452
if:0.004838631189627504
of:0.0007019515724394897
destroy:0.017826085285496764
what:0.0033228956786881996
advantage:0.015391229518176211
wear:0.01769479415130588
breath:0.020577493415629967
necessarily:0.014033440552549467
they:0.010103822648098306
who:0.004668060917811727
up:0.004850037438095252
pleased:0.020409551120919158
one:0.007099717745672364
in:0.0019243289013843733
responding:0.019210512005314054
use:0.006002814179593315
and:0.007580815089167308
for:0.0023490892629030613
subject:9.637890574735848e-05
create:0.027457369611867285
mrs:0.023022976533289916
i:0.007580815089167308
sunview:0.023636330456739005
will:0.00818271007150386
masses:0.019853050471723283
the:0.002176903999968384
when:0.023604231820284042
hate:0.014534257193349564
because:0.012741677248335841
instead:0.011074853110413868
mr:0.01219117573387514
just:0.012719009712626923
about:0.0035560150914146988
including:0.011480027821408773
destroying:0.020249075443768135
is:0.00775949824954986
issues:0.01373729055089854
experience:0.01195748294149873
show:0.010866673897959684
position:0.012429035946614484
organized:0.017543298847699267
article:0.0029253894596267187
de:0.014588382769472817
little:0.008466926721655105
before:0.007675791578421099
by:0.0071511586629398275
seem:0.009962861209009884
happy:0.02742306923093878
everything:0.011154016187448568
s:0.004479684338310602
news:0.022157953185295443
