at:0.04761973040294222
x11r5:0.26085516571384376
with:0.015806145318636416
4:0.0671424190318562
martin:0.25105964168947065
export.lcs.mit.edu:0.15723645166988875
keyboard:0.24566394789043222
sparc:0.2938584408246908
12:0.09603742788140639
re:0.01010650007508569
math:0.1318988046557061
a:0.011323006425781582
have:0.013817584139125753
has:0.0287776884834203
univ:0.12552982084473532
anybody:0.08215122013277555
writes:0.017871956513988173
of:0.00525515096123618
administrator:0.14898289357391087
system:0.06041141430385203
or:0.01822463399197528
and:0.010318849040291619
for:0.008793212511137136
subject:0.000721539375459954
i:0.005159424520145809
german:0.253816536524734
patch:0.14295198678163493
type:0.08758141919815396
