since:0.02198705080663386
at:0.009680934202795947
x11r5:0.053030995227539665
widget:0.05537449843722832
text:0.03974245860696228
with:0.006426674470214807
extensive:0.05823962220056077
added:0.09194765245629477
to:0.0045435137145851566
slightly:0.04757880941050605
centre:0.055019983467797316
been:0.016123520738697137
that:0.003812138741038207
technical:0.04216205761449781
view:0.03742141486576518
really:0.02144390926583435
nt:0.007847017051894929
had:0.03372326342158539
this:0.011538075568602616
you:0.006107681202293647
more:0.013971637646381603
a:0.0015346199185125222
athena:0.06539868246604842
demonstration:0.06317314110218607
no:0.012370832265741868
expose:0.06517667469332843
have:0.011236277212036327
only:0.014654244376585569
raster:0.13218591222048218
b:0.03363635545620046
has:0.011700818394357704
details:0.08384223917121615
uses:0.03752741900919162
of:0.006410129194474901
available:0.02968202008587066
telecommunications:0.06848552186677812
version:0.10287265739556872
now:0.018152905471189498
one:0.010805614371160687
better:0.024573800783531902
and:0.004195575983415274
still:0.022436363540984036
for:0.007150524459606023
subject:0.00029337315265954173
finland:0.05960725049147731
i:0.002097787991707637
actually:0.026860594803308626
research:0.03392671956633821
program:0.06102491060184781
than:0.01572089321120287
the:0.0016566000219539628
do:0.007893603504466997
when:0.014370048822458638
copied:0.06453635702163639
handles:0.06101803254255651
simple:0.07250963861442287
7:0.0350717420761682
laboratory:0.05260279777112885
1.2:0.05884026409658125
is:0.00590489289869591
usage:0.056713946982382565
new:0.018945050163555462
time:0.017357252416524326
events:0.04470932809864423
update:0.04771255156017919
very:0.0191565108987192
functionality:0.06299150042140354
readme:0.06354568562609467
before:0.02336477216728181
widgets:0.18129543892309943
check:0.03636606114931527
