o:0.16671328494285148
my:0.045248298158585776
problems:0.13062253504246538
re:0.01780669060848431
on:0.02414327739234714
xterm:0.7482757452189915
frank:0.18648449412145818
writes:0.031488685286550584
in:0.008460938185451928
subject:0.0012712836615246807
doug:0.20579235641232313
i:0.00909041463073309
got:0.10534065817288447
problem:0.10074120438312306
here:0.08573337645825695
stuck:0.22645257463279278
build:0.5330904375740506
