some:0.0069085022197239885
manager:0.02323608485155975
all:0.005645371778972137
with:0.0069210340448467135
ca:0.012168926604096575
such:0.011378800020519518
from:0.010018606561303853
to:0.0032620098463688302
walter:0.03318931300546611
relevant:0.026603508117180857
been:0.00868189578237538
that:0.002052690091328265
provide:0.01998198626203203
terminal:0.11299872663433849
like:0.006891355405376764
id:0.027750347976468956
nt:0.004225316874097269
consider:0.01905540874894197
re:0.002212665696912252
started:0.019403815834253876
server:0.02368318784111026
mean:0.015641550632129353
der:0.034319817365008776
on:0.009000156661052484
you:0.009866254249858968
a:0.008263338022759734
how:0.007783213001355765
want:0.02239760908535126
was:0.01047882998936551
running:0.035827933875108894
given:0.016495784373853732
question:0.012917077416255055
based:0.017875165750890782
portion:0.030064653655167316
no:0.006661217373861005
it:0.018258573181418627
not:0.017837574218223812
application:0.021836495312526204
have:0.0030251515570867034
real:0.015133691443776612
mouse:0.0771467250395473
environment:0.04967637283879048
be:0.01369139070147861
which:0.015288666657012045
writes:0.003912795213121671
if:0.015861548396767084
of:0.0011505360092647257
even:0.019871709441018053
what:0.010892805952622854
but:0.003936587113907753
present:0.021446747235676352
virtual:0.029217903101080495
one:0.011636815476634586
in:0.005256795914038179
system:0.013226167628653994
and:0.00225915629876207
still:0.012081118829760634
pop:0.062470440367493454
for:0.0019251412006631597
subject:0.0001579701591243686
outside:0.021330034186281214
i:0.001129578149381035
example:0.016635261205668075
top:0.04001931628600373
program:0.016429783623574407
exist:0.021517896306485828
the:0.004460076982183745
do:0.00425040188702069
thing:0.013396049911981992
can:0.010231550206363472
may:0.07708389758626519
an:0.005313006737051696
variables:0.03521467517402607
eg:0.02991484414046738
different:0.014953946142078388
is:0.003179557714682413
desktop:0.0592522898883971
window:0.18569783832204897
does:0.007209992984245711
x:0.036037396325989374
article:0.004794869114299414
workstation:0.03148705222172777
condition:0.02247393543482261
by:0.005860564939746545
giving:0.022445958267982694
s:0.0036712205967811733
