since:0.03280035448202757
say:0.031107294660123665
tel:0.06664668982456355
fax:0.05014169409644901
from:0.013878233679183206
might:0.0697404962583097
that:0.005686961072696341
guy:0.05551361880244048
terminal:0.07826551148034101
anyone:0.027424831961334283
this:0.025818808444496015
xterm:0.08586770846775314
more:0.020842934849520097
a:0.002289351025977697
buyer:0.0921900442187693
netherlands:0.09537292970140793
146:0.10616073069728785
dick:0.24822835361922746
it:0.005620580815409376
only:0.021861249807693224
stated:0.06364090267045508
nasty:0.08670858214623758
be:0.02844891428544941
of:0.003187550583044896
looking:0.04252271058043679
75:0.15301477606384276
who:0.021197588102194236
up:0.022023940497580077
message:0.05323475227147085
and:0.003129487004022868
for:0.005333587916591377
subject:0.0004376550310166934
i:0.003129487004022868
room:0.06537751607079682
caught:0.07402006940543364
source:0.05113554035573483
the:0.0024713213442264033
would:0.015289338460727477
can:0.014173212990782186
an:0.029439283231532352
about:0.01614780623478478
interested:0.04716518385926098
is:0.008808938586579145
31:0.15283006072881797
2:0.031941140198285395
x:0.04992065556632955
activities:0.13856817392965448
s:0.010171086571410137
