wilson:0.08050113126776476
generated:0.07826883573777899
out:0.01900285643678161
thanx:0.07826883573777899
missing:0.06963947521595562
to:0.0066687056133427295
that:0.011190471788208929
me:0.034954473561436925
anyone:0.026982495961957922
off:0.0352170556121992
ld:0.0980951659165721
hi:0.050822849355071045
on:0.03271024678963161
pointers:0.08548073581050047
libraries:0.0808836558906247
m:0.02207765664703342
a:0.004504852018859339
as:0.03871520130082347
following:0.04415023021031873
fine:0.05224446093420258
andrew.cmu.edu:0.06572224849560097
are:0.010369538412922992
it:0.01658977885838574
have:0.008245977631413756
of:0.0031361384768667524
piece:0.06951146635150827
gives:0.058653620577356534
what:0.014845840370913407
but:0.010730374552425972
well:0.027143030808924915
undefined:0.10141536033921966
errors:0.06925845673590021
imake:0.1081871965579336
code:0.05226633081180155
makefile:0.10750075116408205
subject:0.0004305960789035209
i:0.009237034221551367
linked:0.09472271756401468
the:0.0024314613225453322
can:0.01394461278125344
compiling:0.09632095792924422
an:0.014482228041318334
is:0.00433342946597845
x:0.04911548370235649
whenever:0.07650377378543281
give:0.03811671405412914
compile:0.08416334821349615
