help:0.025477294286211868
tel:0.04839819142021877
fax:0.03641242071289749
former:0.04751068955650665
o:0.04167832123571287
both:0.0267345724084314
my:0.011312074539646444
to:0.0049221398574672524
gcc:0.07212989010241394
add:0.0409073859101395
latter:0.0552928972768477
make:0.02095333908749647
problems:0.032655633760616344
re:0.004451672652121078
file:0.03617245098164772
error:0.08965376569457138
ld:0.07240357484318416
on:0.006035819348086785
xterm:0.31178156050791317
same:0.02312015893486443
failed:0.0504440278122028
target:0.057062433277041615
netherlands:0.06925891323554623
respectively:0.06712390218011983
146:0.07709291157779236
output:0.04865902605873953
are:0.015307413847648227
no:0.013401734954553688
dick:0.12017404421248314
command:0.04900300779683137
list:0.034662245201447374
writes:0.007872171321637646
undefined:0.0748541945360907
75:0.11111787309398102
errors:0.05111933711459301
code:0.038577529884901145
in:0.004230469092725964
symbol:0.140282301998562
or:0.008027517353608158
use:0.01979499437794462
and:0.004545207315366545
for:0.007746401497906523
subject:0.0003178209153811702
doug:0.05144808910308078
fatal:0.13320488477313508
i:0.0022726036576832726
room:0.047476529527602444
any:0.012181991265342943
the:0.0017946500237834594
got:0.02633516454322112
continuing:0.06259682052202929
problem:0.025185301095780765
here:0.021433344114564237
stuck:0.056613143658198195
either:0.02980431794182569
31:0.11098373457687971
2:0.023195351810659626
define:0.050889951175713516
build:0.13327260939351265
1:0.023315760618151292
first:0.022351843207036204
index:0.1224433342078242
written:0.04266093974352512
args:0.08576241753459254
