some:0.013982477546507235
read:0.013574868634119292
11:0.023139009806107252
static:0.03422734142201163
x11r5:0.028897129135964726
your:0.007544504324438699
ca:0.012314662252049828
to:0.007427420623243999
line:0.016909004483868197
add:0.020576170158393525
clients:0.06399150577473975
fails:0.02866379998307021
value:0.0223584001183034
t:0.01542678476048169
make:0.021078808183828786
nt:0.004275919471391848
updated:0.030794131956458783
need:0.011504203541899618
re:0.0022391646872944346
sunos:0.12129286010561686
had:0.009188074764563684
this:0.009430822246193155
ld:0.10925569377534378
on:0.009107942968370477
set:0.015864757988777973
distribution:0.026616393419181317
you:0.013312550644520285
fix:0.02604813748012266
used:0.011823134780460274
libraries:0.03002866266598043
link:0.029017294184173162
3:0.014020754159506705
a:0.0025086900464306497
same:0.011629301500171333
j:0.018288195566041096
was:0.010604324959298032
running:0.03625701092750541
standard:0.018227811619534354
section:0.02460933608157657
fixes:0.10419249942550568
are:0.007699537504206294
those:0.011113267390943475
it:0.0041060530507781075
only:0.007985246935744232
suspect:0.02324607822094467
mit:0.030686236713927773
sun:0.02172749882693917
which:0.0077358822306438195
found:0.016015092845850284
notes:0.02801385885387736
writes:0.007919310072066615
if:0.004012876765050355
of:0.0034929446508815327
what:0.005511629359261265
find:0.012673333758523295
highly:0.02501002224196767
up:0.008044672876361585
now:0.009891702981306852
in:0.007447652175218163
francisco:0.029886647536535423
yes:0.031938273898250165
or:0.008075586319797429
world:0.015097309513369324
use:0.009956763639205678
and:0.005715530157047752
gets:0.01998393019396889
for:0.0019481967839046347
known:0.019502567351295557
subject:0.00015986201731747483
we:0.03228129115482563
will:0.006786259550319068
program:0.01662654749930584
the:0.0045134910777787605
when:0.007830385885291832
compiling:0.07151975319297176
cc:0.033852968026913816
10:0.0173076153167435
problem:0.038004166922974564
just:0.007032266847101114
during:0.017535146765284254
btw:0.02246581149966069
n:0.02192224847787067
previously:0.028476072259213465
is:0.001608818125093796
edit:0.031735362995515146
right:0.01161600954365449
sean:0.061372473427855546
patch:0.06334399414276039
9:0.021322357219311538
2:0.011667123066439574
define:0.02559734071113734
unless:0.018431505543356236
trouble:0.022843244804133744
x:0.018234490955365883
tree:0.030959709988378006
change:0.017796461724014896
article:0.004852292696506593
initial:0.027584781075994515
occurs:0.028588001199406
built:0.02211076427589673
seem:0.016525224879615198
apply:0.04789887407772064
s:0.00371518731051508
