confused:0.044745047300229414
say:0.017569860872847624
there:0.008497953570158772
help:0.019815673333720342
raise:0.04364075636664777
x11r5:0.04468352375653804
from:0.007838631985464589
r4:0.05610102563521085
my:0.008798280197502789
to:0.0025522206668348716
r5:0.10740831730900893
then:0.01477666990533151
class:0.03674231177471298
been:0.013585559140939252
that:0.0032120798651340443
like:0.021567390064975427
really:0.018068479103619684
servers:0.04878138355571898
server:0.07411960639162285
michael:0.027821251867348972
this:0.004860948503439064
something:0.01843204923299558
these:0.015339221973138356
on:0.014083578478869164
distribution:0.04115683056484518
used:0.018282069521637644
machine:0.030118512540040245
am:0.015132744043531161
taxes:0.04408977812533861
support:0.02536070656975468
os:0.04397546483068769
m:0.012674210297371038
a:0.0012930593757836991
how:0.01217928701138078
as:0.007408464446453874
running:0.028032040855987976
also:0.013736084552588576
d:0.01686892798497255
it:0.0031745873124071474
not:0.011165000158814165
has:0.019718045812713907
tested:0.043862545635374554
be:0.010712245502545764
notes:0.08663545238143552
listed:0.04203514346724034
what:0.008522612064783622
but:0.01848008950695584
in:0.0032903648498979715
use:0.01539610673840137
and:0.0017675806226425455
for:0.006024978942816185
subject:0.0002471940452964657
i:0.007070322490570182
binaries:0.05996115344939406
silly:0.0432649667359526
will:0.010493568008363744
the:0.006979194536935675
can:0.016010481341439134
sony:0.09409123088376438
may:0.0172317178466651
compiling:0.055295364737158716
middle:0.03719537310315354
is:0.004975419016493776
hardware:0.0328674178118014
questions:0.028001632752273256
x:0.056391851658261154
nothing:0.023656074087971376
under:0.022475216917644807
supposed:0.03378421306867001
release:0.07358895350717144
supported:0.0809412912749918
mike:0.05917429683255006
seem:0.025552894026812385
compile:0.04831599619663668
news:0.02841552329780943
