another:0.01732426039366077
since:0.01563141893284126
manager:0.030678893280574982
out:0.009204508586566093
help:0.01671947437532654
all:0.02236096478077245
raise:0.03682188818435906
x11r5:0.037701723169578975
with:0.009137927762336677
companies:0.03106744019990419
from:0.006613845737735747
work:0.015820878624924248
r4:0.047335240379709154
my:0.007423548916642979
to:0.003230154281462885
changes:0.031858666404188975
r5:0.04531288386473815
us:0.01609278426707028
class:0.03100132555991408
make:0.01375062877616956
that:0.0054203847724137
think:0.011248031465066838
smaller:0.0350878302269138
like:0.01819748536732302
ow:0.05032736735045998
me:0.008465536565660505
need:0.015009390558572158
re:0.0029214101779544573
server:0.06253841789293178
michael:0.023474181263075697
file:0.04747634191341264
this:0.004101425299776711
on:0.0039610064471819525
etc:0.018143156152017465
libraries:0.03917802082202134
taxes:0.03720075029325445
support:0.021398096168230515
same:0.015172604301004785
old:0.04137364191159881
running:0.023652034472239857
question:0.017054578776149253
those:0.014499341049121563
likely:0.0258313187885135
it:0.005357116089687062
not:0.004710234441999726
have:0.007988290830432076
made:0.03633718049871877
only:0.010418251861478801
public:0.046308509344696776
without:0.017556331912519492
sun:0.028347596125772197
be:0.013557685714159485
dropping:0.04559193138506689
if:0.005235550154401635
of:0.0030381341494646664
interface:0.03298984013128033
what:0.007190953929661181
defines:0.04348776783988264
up:0.010495784143378005
code:0.025316503986966377
installed:0.03129195277621166
figured:0.04024806656478039
install:0.03451679988312211
and:0.0059655846014185915
still:0.015950852204918337
for:0.002541787991500578
subject:0.00020856997571889294
i:0.004474188451063944
allow:0.027392770870114002
will:0.04426974003528455
the:0.006477564929593424
do:0.005611858741457005
benefit:0.03538980018343161
would:0.014572650720380876
compiling:0.04665546399697767
here:0.014065632075182782
middle:0.0313835960557858
is:0.006297014692749936
desktop:0.03911576949663715
3.0:0.036115192011271155
new:0.01346874660065271
does:0.009519443862011916
run:0.020912768971776522
nice:0.024685464505896548
xview:0.045043460614182136
mike:0.04992831295246412
remain:0.0350878302269138
s:0.004847158444187643
