some:0.030325633120346862
static:0.07423332490228496
x11r5:0.0626729943598196
ca:0.026708423325874302
to:0.005369607117237003
clients:0.1387867722646953
t:0.03345809162338237
make:0.022858188095450697
nt:0.009273747424966734
updated:0.06678727320426775
re:0.004856370165950267
sunos:0.06576593388843512
had:0.01992738293093682
ld:0.15797143602149274
on:0.006584530197912856
fix:0.056494012456889404
used:0.0256423832251541
libraries:0.06512709954829522
link:0.06293361206177815
a:0.0018136417218784352
same:0.02522199156530666
j:0.039664008565309904
was:0.022998990496139887
standard:0.039533045980029054
it:0.00890533583740187
only:0.01731865244505567
suspect:0.0504168189986722
which:0.016777822500227507
found:0.03473403253580516
writes:0.008587823259968343
of:0.005050404819889316
find:0.02748632126848559
highly:0.054242515771540274
up:0.017447537277303696
now:0.021453433738678498
francisco:0.0648190927091093
or:0.008757291658481627
world:0.032743515438086714
use:0.021594539321394133
gets:0.04334177068042603
for:0.004225309907949013
subject:0.0003467137258703675
we:0.07001267042669974
program:0.03606017444654643
the:0.00783120010378237
when:0.01698278497199657
compiling:0.15511426991202967
cc:0.07342137221421569
problem:0.054949747845339854
during:0.03803077285457754
btw:0.04872455221354981
right:0.025193163555718177
trouble:0.04954314132844591
x:0.03954753233176757
initial:0.05982673298300109
occurs:0.06200254805585457
seem:0.03584042279085374
