stations:0.02949672890231958
all:0.0051293969389585555
means:0.015239759249670715
pressing:0.032574789078509525
modify:0.02872736952790736
enter:0.025468574885056196
your:0.01354765830302433
twm:0.033805120113073225
into:0.019255955946047166
work:0.010887486365539269
name:0.02970142479387367
to:0.002222901871114243
then:0.017160003761030142
puts:0.026547449591841958
make:0.009462798297579053
like:0.00626150034144448
re:0.0040208656212706514
vi:0.061636844498362604
managers:0.030155881171633193
this:0.002822486227803328
directory:0.022663867144249443
on:0.0027258538991359674
you:0.014940833048621555
machine:0.017488168571636275
sequences:0.03199612959360434
working:0.0170351559715409
support:0.014725571556631753
xterm:0.1408045757132511
a:0.0022524260094296694
how:0.007071844071124325
other:0.007415634343182317
same:0.010441362099616196
want:0.010175257890925708
as:0.004301689033424831
following:0.01471674340343958
alias:0.07122822126508423
also:0.007975791030535305
advance:0.017008071057401344
cd:0.07198714595129957
hey:0.02072117734210306
mwm:0.0323358011076986
49:0.026750354580997046
it:0.01290316133430002
have:0.002748659210471252
term:0.020955267709217518
only:0.007169549668114445
closed:0.04436637313026679
second:0.014783310627162724
open:0.017768605262114857
be:0.0031100067588036096
g:0.07602154754863447
writes:0.003555174145255712
if:0.010808877738119504
of:0.002090758984577835
host:0.12867888702077215
echo:0.031676648838384974
using:0.011851723541101726
login:0.029636382055025282
title:0.11293530461244407
in:0.007642137715892064
thomas:0.09903239285024462
or:0.0036253304177585235
endif:0.03630138682345547
and:0.008210697085823438
for:0.012244312045078054
subject:0.00014353202630117365
purpose:0.020219792968519286
i:0.0030790114071837893
the:0.003241948430060443
do:0.0038619242951962187
when:0.02109152327167316
would:0.005014245409163312
can:0.01394461278125344
sequence:0.027950051093439038
put:0.026746874188675048
an:0.004827409347106112
note:0.015923059671389773
btw:0.02017091677657707
bar:0.05418364900847072
many:0.00996344638482846
press:0.01928682989660036
current:0.03400264219065396
is:0.0014444764886594834
guys:0.020885353276834686
opened:0.027362958125885316
window:0.018747272805511514
sh:0.0323358011076986
olwm:0.03412146688739007
2:0.020950640345111925
their:0.00813808397086943
1:0.01052969834368123
icon:0.030155881171633193
string:0.028493578603500158
first:0.01009438080317764
almost:0.01624727381862671
words:0.01778418887907191
greetings:0.02942823951641942
escape:0.023365226759289415
stands:0.025701641771473476
by:0.005324921907619173
appear:0.021229556818581626
s:0.006671357858666864
