configuration:0.025778445514656707
block:0.04769325312134056
forgive:0.030643520560489492
default:0.026085191769574925
fields:0.02667731776842577
means:0.015405408806732352
grayscale:0.034172567070824014
fax:0.03324612325960206
text:0.019655237680617214
with:0.003178409656464931
motorola:0.07945576798279944
ca:0.02235378908796001
post:0.02807149787425196
mono:0.03280672778668866
to:0.004494127695948361
0:0.11951596592838366
line:0.015346759504380372
within:0.017589403349580528
256:0.10624507271564722
displays:0.027707436272596645
that:0.003770702450374748
sources:0.020919233560948172
european:0.04816798207245644
nt:0.007761723388287375
me:0.00588906891524209
cant:0.030563003789918077
lost:0.019046230023466577
phone:0.03192768615445184
this:0.0114126617037265
reply:0.019517372387799697
on:0.005510965491731412
set:0.01439899230503218
focus:0.02716800715251327
you:0.006041293363138281
xterm:0.1423350602318734
input:0.06957311901154428
a:0.0030358785344486846
how:0.007148711941462632
mobile:0.0668937059609467
steve:0.05229055185056065
character:0.024809705126578888
also:0.00806248441130199
solution:0.021140527544745914
video:0.01899843039600556
it:0.0037266894536953474
not:0.0032766848292172003
application:0.020056346238135483
have:0.008335607823059556
indicate:0.025811685878881906
list:0.015824068461530325
edge:0.02561522656303239
be:0.01257524472037981
if:0.007284243693080536
of:0.0010567423128572753
but:0.010847009058430602
court:0.0434419742115577
please:0.010409866070137254
find:0.02300485584427598
email:0.014912492711782287
in:0.0009656505537744048
x11r4:0.03115340509971588
force:0.019423935428341147
england:0.05359179909548892
rather:0.013986324200613387
gets:0.018137588817352196
subject:0.00014509215702183858
cursor:0.15281501894959038
i:0.00622495784495853
44:0.1481994468252064
becomes:0.023400902910339656
group:0.02931647755224614
monitors:0.02509431374352082
any:0.005561343838526126
than:0.007775006968584027
reverse:0.027254275354449627
the:0.004915780499928606
do:0.007807803466374963
when:0.014213852639605824
thank:0.019730947319399533
would:0.010137496153308435
can:0.004698728219770181
an:0.009759762375671052
problem:0.02299527491353896
is:0.0043805319601738675
either:0.013606319060398685
done:0.014394910605547274
field:0.021154662227898403
various:0.019372711838886895
cellular:0.05704326687376569
faq:0.021098342733139996
e-mail:0.029887997572307243
although:0.017172497047580206
checked:0.024460685600849033
by:0.005382801493571555
seem:0.029996875596692802
appear:0.021460312870957513
