library:0.0373848981401891
ian:0.09797127813984716
some:0.010424436385119232
say:0.016942365841674495
all:0.008518462773627599
rick:0.08594040144872496
continue:0.03489469827590576
with:0.01044334601409906
4:0.022180977715881064
work:0.018081004142770567
ship:0.045755370814517304
name:0.07398837069188172
to:0.0036916048931004393
besides:0.036161489233365075
puts:0.04408772878645181
that:0.006194725454187085
equivalent:0.04213514663498013
solaris:0.05430268113238813
re:0.006677508978181616
package:0.034707705652287514
so:0.0091233089052225
this:0.004687343199744812
la:0.038913423830628374
directory:0.03763820793598568
you:0.004962490976863587
libraries:0.044774880939452956
support:0.0244549670494063
a:0.0024937573675828484
how:0.011744312475260038
richardson:0.05243579008007956
other:0.03694574967406904
was:0.007905902983048085
shipped:0.049951831789925655
services:0.03568447881663669
those:0.01657067548471036
d:0.01626646627122353
it:0.009183627582320678
should:0.029335931111312136
only:0.011906573555975773
app:0.04864867185579101
binary:0.04790860346466809
uses:0.030491027944968184
be:0.005164832653013137
writes:0.005904128491228235
if:0.017950457672234178
of:0.003472153313673904
cheers:0.038876452467538805
what:0.008218233062469922
but:0.005940028770092949
who:0.011545114948516502
in:0.006345703639088945
or:0.0060206380152061185
and:0.003408905486524909
subject:0.00023836568653587764
create:0.033953979386103735
vendors:0.04898563906992358
i:0.005113358229787364
6:0.026235264576421377
possible:0.02300867520504091
will:0.010118797722350753
the:0.004037962553512783
thing:0.020213682456472825
svr4:0.052956048188329344
can:0.007719339218193869
specific:0.032724609718486
put:0.02220945803166767
an:0.008016947665729792
many:0.016546437746232975
is:0.0047977254801904266
scary:0.05178615298827217
type:0.028933147413675857
does:0.010879364413727903
2:0.01739651385799472
handle:0.036271043631506274
dedicated:0.04864867185579101
article:0.01447023000565359
by:0.008843173882296126
functions:0.0836436625590447
defined:0.03902526543615677
compile:0.046590424903899655
