some:0.009492169716531336
1.1:0.04548459480058272
manager:0.03192600276352519
folks:0.030107445937355922
there:0.0074616177689198985
situation:0.02865148202255771
thanks:0.016206395487123278
specifically:0.032902785786631396
widget:0.040968124860063224
own:0.0368535062690731
your:0.02048670279969533
with:0.004754694120240223
much:0.014204852598048224
from:0.0068827012555298835
work:0.016464003772278895
my:0.030901276791229313
to:0.004481948488100264
been:0.011928783635946662
motif:0.03822306378876726
like:0.009468610272428239
id:0.038128526894498
nt:0.011611033361340464
sitting:0.03690890645904031
re:0.0030401666892534195
scott:0.031073797180256154
so:0.008307403230771709
hi:0.025618021626133376
these:0.013468585147145877
on:0.008244045938850244
set:0.021539955968503426
you:0.02259345485401308
working:0.02576047976184234
m:0.011128574895252619
a:0.0034061076240155977
how:0.010694008107553858
as:0.006504993172496086
part:0.019912374897668922
given:0.022664939505538873
question:0.017747854336155323
it:0.0027874425182111543
application:0.030002989494446578
have:0.008313018099961836
ve:0.014838485357946622
be:0.004702937049898141
which:0.010503189695264373
sort:0.02550781550943927
applications:0.031709764450360424
if:0.010896754792900965
whatever:0.026869598201246857
of:0.00474245330648143
trying:0.021921367667222736
vms:0.04774641047942205
fairly:0.0319041182784381
using:0.017922118525568465
windows:0.022335017735150422
box:0.02576047976184234
in:0.0028891008438128537
or:0.005482206973195816
and:0.0015520220101251621
subject:0.00021704843001640894
i:0.004656066030375486
example:0.022856578404535813
appreciated:0.027518391212814988
any:0.008319408669014695
the:0.0012256146503887041
do:0.017519949241621872
would:0.007582517448003058
can:0.014057983616873389
simple:0.05364534238953238
just:0.009547874499722652
makes:0.022707137254081092
is:0.004368660599848194
done:0.021533850011550396
methods:0.036174576066411966
window:0.02834953448638327
does:0.009906413124695328
x:0.024757398288992705
icon:0.27360945843530604
change:0.048325351348138014
changing:0.03481641277646753
very:0.01417270318523128
random:0.036286203650248566
difference:0.026074421518978756
animation:0.08600363432391045
seem:0.02243668743817673
hints:0.04226593092178586
icons:0.04744526192917531
