delta:0.10569733436483436
simply:0.0270676401759592
generated:0.04294396297117077
supports:0.03824459720936979
your:0.011149842674170464
with:0.005175463511411923
option:0.037085055064180375
from:0.02247536958664183
work:0.01792099525655136
options:0.04004407441306917
ease:0.050873945489371075
to:0.0012196452744166644
then:0.01412283495376817
t:0.09119550637169706
like:0.010306540385032505
nt:0.006319279218782642
need:0.01700178753537377
re:0.00330920798918735
this:0.009291724572945468
routines:0.04626530872282985
gamma:0.09876850487574722
management:0.04008756126972784
on:0.004486803763179557
set:0.023446146762176292
you:0.009837150255021626
bill:0.027393928103466525
a:0.007415066154936611
as:0.007080656285106357
let:0.020399449050909953
also:0.013128293200704128
coding:0.05761854771987459
logic:0.036749919895548426
investment:0.04810956774563522
it:0.003034118847256389
application:0.032658121308114414
against:0.022860891965998643
exposure:0.048552137839216296
status:0.03894409461946229
sun:0.03211055136370656
be:0.005119126169358153
dialog:0.09953261411229958
which:0.011432675509004581
writes:0.0058518795665271
of:0.005162139439798371
style:0.04062678738472923
short:0.030645821819657235
flow:0.045672293587582416
but:0.00588746214380894
redesign:0.05491605524597033
using:0.019508146713671865
box:0.028040168236341655
in:0.006289546969716477
required:0.033121959738946626
and:0.0033787381813344237
for:0.005758386954196
subject:0.00023625625568157783
plain:0.0402636776796154
any:0.00905563952467971
actually:0.021631098469921103
event:0.036749919895548426
the:0.00400222837162329
waiting:0.03871717045474249
do:0.006356795742535368
risk:0.03796584794335766
can:0.022953079445249026
specific:0.03243501140239321
return:0.06531624261622883
an:0.007946001226210059
thought:0.023757401815855863
long:0.021064701284146767
is:0.002377633866289061
done:0.02343950045505043
assuming:0.03511654576698232
carry:0.034446529645427486
does:0.010783086852544472
goes:0.028522364566289173
callback:0.05827437048229691
position:0.0304676367894886
article:0.007171087436430097
very:0.015426924706048206
xview:0.05102268104969304
summary:0.03806935272002306
driven:0.04165753951744045
