pixel:0.057833490792515624
default:0.05646676806590337
displayed:0.06247648128667973
wonder:0.04341609068019916
with:0.006880322079877027
gc:0.07270045595754572
to:0.00810705388288724
implement:0.05987659072252551
then:0.01877506293853886
that:0.004081230887464433
depth:0.061860387339417185
could:0.017754225356777145
its:0.02432734771804906
re:0.004399300032684359
this:0.006176263980840224
set:0.031169583342657896
children:0.03943972785904148
paint:0.057414773791307355
a:0.006571784121630095
how:0.015474858790930874
objects:0.05517422127086181
across:0.04540193084510403
are:0.02269098993886678
it:0.01210077987317548
not:0.007093058924423116
systems:0.0352990249445013
area:0.03774667111363938
beware:0.06823587217278215
always:0.03125830703527891
be:0.006805426554558486
gerard:0.16111454421098922
writes:0.007779557541383086
if:0.02365236775635562
of:0.009150145203093584
undefined:0.07397355695331316
over:0.023599302970815972
one:0.011568363620889676
in:0.0020903494340528293
parent:0.12706939167131098
use:0.01956211209114527
for:0.0038276336813185177
subject:0.0003140818457884505
each:0.0299530517336543
however:0.028201163578787214
i:0.00224586714406347
possible:0.06063462642269605
any:0.012038673721044791
the:0.007094145976367558
different:0.029731963506014678
is:0.009482563302023432
select:0.05573123445435826
multiple:0.050517933148538974
window:0.08204688804294451
by:0.011652182056672542
protocol:0.061740947675134626
attribute:0.0705053270683644
