read:0.027646378803633194
at:0.010743475761639403
there:0.011192426653379847
graphics:0.04291148097731368
fax:0.07460105707032658
journal:0.12079881156827511
from:0.010324051883294825
rd:0.06316660132206056
us:0.02512044373396337
that:0.004230544212615571
re:0.004560250033880129
93:0.04464653043663904
multimedia:0.07388915571466795
on:0.018549103362413045
you:0.013556072912407851
santa:0.06424865151241037
a:0.0017030538120077988
other:0.01682082911990135
serving:0.06931972340440684
steve:0.03911163227846813
also:0.018091428435116665
california:0.04853011252345044
video:0.04263062430323199
product:0.09733897372552583
are:0.00784038270245397
which:0.01575478454289656
of:0.00474245330648143
york:0.04589228301738345
in:0.00866730253143856
our:0.05438476641415594
system:0.027258808893201526
office:0.08904238812307709
and:0.002328033015187743
for:0.003967669059903342
subject:0.0003255726450246134
steven:0.10942717384997612
editor:0.05630919181472965
back:0.02568727707399436
mention:0.04603261968630394
information:0.05948344596301866
review:0.05270292054461934
the:0.00459605493895764
can:0.010543487712655042
nj:0.059515314295867386
an:0.02189995459906675
including:0.03878009398207598
is:0.003276495449886145
number:0.030515424980460466
issue:0.03818731716420553
new:0.02102438493760423
window:0.0850486034591498
items:0.05650749084975137
issues:0.09281047518533891
x:0.18568048716744526
article:0.009882108296543915
useful:0.04675960020827364
obtaining:0.0720887167048379
