ask:0.01904942865592397
generated:0.03171678310942678
at:0.005757941257872099
know:0.008064543304956222
take:0.013893785165592833
graphics:0.045996620132545386
widget:0.0329351592012273
your:0.00823485112536773
with:0.0038224011554872377
way:0.011322698166970872
drawing:0.03100152924638454
item:0.06361263607974456
to:0.0027023512942957466
most:0.012134610875601555
that:0.01133675246517898
realized:0.03423483801655517
memory:0.022102171412858272
nt:0.0046671800766172455
suppose:0.02519045088647823
re:0.002444055573713533
wait:0.02399607715758247
so:0.006678500636502746
this:0.006862515534266915
best:0.0159161835291597
contains:0.02743564382273069
you:0.010898019400171016
why:0.011632173726496775
a:0.004563738973354233
let:0.015066259756554411
question:0.014267882897693493
also:0.009696059684180173
course:0.01598792026078444
popular:0.027646877752503025
button:0.03108172592999117
no:0.007357815269166731
xlib:0.035374402638416465
mapped:0.11669176675314522
care:0.020692921184796712
reason:0.017465437411820443
action:0.02406466065899318
it:0.004481770323398327
not:0.0039405882913461756
should:0.02147466852592784
expose:0.15506084698282058
ken:0.02696779543212295
have:0.0033415072754748552
app:0.03561209965914114
register:0.033853995479797165
call:0.017365726130710506
be:0.007561585060620541
structure:0.0301088786907914
writes:0.004321976411879492
if:0.004380068103028819
of:0.003812560501288993
rectangle:0.04188962874533259
visible:0.03100152924638454
must:0.015146800179604557
up:0.008780786734329311
in:0.003483915723421382
clearly:0.023754969780551662
or:0.00440726442943193
and:0.0037431119067724496
for:0.0021264631562880653
subject:0.00017448991432691697
cause:0.0206111185185756
i:0.0012477039689241499
directly:0.023741832192786798
actually:0.01597590932745807
will:0.01481444895298411
event:0.10856839080253522
the:0.005419139287502995
do:0.014084665076597974
when:0.008546891783292392
because:0.011534132672513164
instead:0.020050551056108767
an:0.011737230569434468
problem:0.01382722413101689
idle:0.035374402638416465
draw:0.027599343377803155
is:0.008780151205577251
guaranteed:0.03361189566489292
handler:0.08465104016385044
new:0.03380391303693229
time:0.010323594574534077
window:0.11395401117075626
drawn:0.03282888128703265
1:0.012800809751141886
existence:0.026591822594618463
rendering:0.0368523384518305
image:0.024189954228324685
show:0.019673651436175377
faq:0.02537317034573699
article:0.005296293335402621
before:0.013896694557010748
pressed:0.03725467762176144
s:0.0040551390905622115
