root:0.069987213302608
your:0.017499058641406422
owned:0.069987213302608
o:0.3403729567583218
to:0.0038283310002523076
that:0.004818119797701067
nt:0.009917757662811645
me:0.015049842783396453
re:0.005193618094141257
file:0.0844023856238447
this:0.007291422755158597
acsu.buffalo.edu:0.07533694159339492
empty:0.07068764182520372
contains:0.05830074312330271
unix:0.05503565855722684
directory:0.11709664691195544
brain:0.06124136665231657
inside:0.05213966009825259
was:0.012298071306963688
local:0.042449770165499334
it:0.019047523874442886
try:0.03383874544921379
domain:0.061988931235841295
christopher:0.06721047356354963
connection:0.059802307437534674
writes:0.009184199875243921
what:0.012783918097175433
in:0.007403320912270436
system:0.06208950914562569
and:0.0026513709339638183
for:0.004518734207112138
subject:0.00037079106794469857
andre:0.1513514235513498
rm:0.07142527828789745
i:0.0026513709339638183
socket:0.07656065364214863
the:0.003140637541621054
when:0.01816214503949633
start:0.03913280677614601
an:0.01247080748002412
is:0.011194692787110995
created:0.10550264134680613
x:0.042293888743695864
beck:0.24970636670045726
article:0.01125462333773057
by:0.04126814478404858
s:0.0086171705674447
