root:0.07303013562011271
out:0.01707503042145594
say:0.027500651800978892
know:0.035764496395892804
thanks:0.028889661520524103
with:0.008475759083906484
way:0.05021370491439256
o:0.10147765170434439
work:0.029348876289714547
to:0.011984340522528964
respect:0.05923707520194378
like:0.016878827007372074
nt:0.020697929035433
this:0.015216882271635333
a:0.006071757068897369
want:0.027428956053799733
steve:0.046480490533831686
are:0.009317556255090224
no:0.016315155596847968
it:0.01490675781478139
expecting:0.0810812342097344
absolute:0.06731309233703199
after:0.02795961866181089
anybody:0.04405210354945935
get:0.019048898192624963
if:0.00971232492410738
of:0.002817979500952734
but:0.009641785829716091
seems:0.03415198680262432
please:0.027759642853699345
find:0.030673141125701308
and:0.00276664793109268
subject:0.00038691241872490284
i:0.00829994379327804
info:0.04268689071583185
possible:0.037347414825573653
information:0.03534523600701109
the:0.004369582666603206
do:0.010410404621833284
problem:0.03066036655138528
just:0.017020124108201244
right:0.05622822010986376
window:0.10107225338623599
does:0.03531851635760943
position:0.04989627474220597
e-mail:0.03985066342974299
s:0.008991830157333599
