graphics:0.056753894195801964
supporting:0.07928785028006174
several:0.04545889309786123
my:0.015326036473069375
creation:0.07322250797519286
to:0.004445803742228486
add:0.05542290994276965
smaller:0.07243939143620913
servers:0.08497402296802661
re:0.006031298431905976
larger:0.06864277006646424
error:0.060733196115677394
size:0.17423599050318714
a:0.0022524260094296694
1964:0.09886336025510847
pixmap:0.19401480664619156
results:0.059081995949491296
displaying:0.09046764351489957
not:0.009724354977031691
ken:0.13309911939080035
try:0.039296607618441816
screen:0.12059055387438863
writes:0.010665522435767134
dec:0.08000481419249454
if:0.010808877738119504
of:0.009408415430600257
one:0.015859853351219717
in:0.002865801643459524
resources:0.0711895931220418
message:0.052376127234834216
and:0.0030790114071837893
subject:0.0004305960789035209
create:0.12267244165301996
i:0.0030790114071837893
allow:0.056552817280235354
will:0.018279118466182007
program:0.04478441019974314
than:0.023074214229346145
the:0.008510114628908662
do:0.011585772885588656
many:0.029890339154485378
is:0.00433342946597845
lee:0.13765004191531344
x:0.09823096740471297
article:0.01306988516639679
