with:0.02999114752766909
user:0.09696521752802605
both:0.057582155956621486
city:0.09435347688426646
tool:0.12054966271841981
positive:0.11351282052093879
me:0.027784325138578068
anyone:0.0428952499908049
tools:0.11408904759406849
inc:0.09387219220011285
test:0.18337947969126517
as:0.020515747697872268
seeking:0.135621115664628
freeman:0.2751673634893757
have:0.013108990080709046
johnson:0.11839368535404696
negative:0.12661091343801548
using:0.05652360458063899
please:0.04911321427962192
email:0.07035637587097283
or:0.017290037377002188
and:0.004894838647317819
for:0.008342278536207025
subject:0.0006845373562055973
automated:0.15844971170234326
directly:0.09314103398708666
any:0.02623813503304634
industrial:0.14035006538600028
an:0.023023029193890685
does:0.031243302931731415
experience:0.16985757819462297
x:0.07808102537297698
opinions:0.07322077321846261
ann:0.2899202902817747
