xt:0.01629207829238437
keys:0.04992158732619747
another:0.028248475546351324
some:0.011154810908917396
go:0.006195644113994036
ask:0.018564092893989602
at:0.0028056210587720735
andrew:0.023983809931031837
default:0.015285590081534352
small:0.009518299045433158
fields:0.015632568373854593
case:0.04722823771923737
switch:0.027083524980956536
widget:0.08024011716222573
text:0.02303543779129661
meaning:0.025133417419645174
into:0.005703197143256008
from:0.002696089982261706
my:0.009078480203792687
to:0.003950252369687095
0:0.023344944512550526
day:0.01619938239339409
t:0.02461407377388957
perhaps:0.009198922094395049
that:0.002209583601493483
like:0.0037090416035308067
nt:0.002274135515039613
so:0.0032541738770220387
this:0.006687674374158204
implied:0.017052433225442337
apr:0.011870090054261144
these:0.00527591074235332
on:0.0016146777873862737
set:0.01687525212819058
tell:0.007675239024275328
argv:0.04588562466818965
am:0.005204892855736833
posted:0.010870639886885018
m:0.00435928252266265
why:0.011335812612445902
a:0.0017789861475750255
false:0.05333896295160739
nor:0.02200343310175416
was:0.0028199399175203367
swear:0.037170491829863456
as:0.007644402804621195
idea:0.008829223870257186
mon:0.017198882630671073
following:0.026152684137322562
capture:0.017432014490617872
california:0.025346937751101504
far:0.007927955643698732
lose:0.013390909978303462
are:0.002047488476437024
sake:0.03174068788636536
causes:0.013589653819664703
tt:0.0574629841340631
reason:0.017020458114704
it:0.004367585092228943
not:0.0019200955687132641
should:0.005231885803291337
application:0.04701105360276343
area:0.010218047912927858
date:0.13673117922738814
null:0.15915212946609483
19:0.013047443350257579
doing:0.008537270398615654
love:0.02084214930051878
intent:0.01572555931236498
be:0.0018422333029855776
found:0.008517581226933113
get:0.004185904379908033
down:0.007529826678194771
if:0.002134237005615953
of:0.0055731378028396426
andy:0.02854654927905483
but:0.0021187363765936633
never:0.014037829495935418
gmt:0.013494580688614763
understanding:0.01278393243602174
using:0.007020447702690831
who:0.0041180027841842305
up:0.004278536211313327
author:0.012879005567071677
one:0.006263126801118615
code:0.05160051768044102
and:0.0030397883319330404
for:0.008289143004129274
subject:8.502215570706465e-05
create:0.03633292061697725
i:0.006079576663866081
example:0.00895337306929269
special:0.03339851458151295
any:0.0032588766442318705
allow:0.011166479845142014
will:0.007218505381549583
char:0.07872023893492212
the:0.005041023315213411
would:0.002970221802880179
can:0.005506789760749767
return:0.04701105360276343
rid:0.01470494818091666
an:0.0028595482119800533
dates:0.017817213886852465
language:0.025973944584306935
hit:0.011400325286399393
is:0.0017112906171379866
interpret:0.033299234940635504
today:0.009041803394262271
having:0.008334049020447012
field:0.012396362579405434
man:0.036917825971913364
life:0.01777311689992809
their:0.0048206484668207455
labs:0.033299234940635504
1993:0.009648585359904895
callback:0.020971349886941246
x:0.019395923500293646
whenever:0.030211681367495764
change:0.018929994317901197
article:0.002580677962791723
behaviour:0.016844660862804117
realize:0.01246341165328388
live:0.039448258266849154
by:0.01577126552256634
mine:0.020797700922292908
void:0.08756839141190047
john:0.017079480252113668
main:0.023684184787432026
include:0.053527440656761176
s:0.003951823444942792
