at:0.011441104057849755
tried:0.04023200068878794
ca:0.053416846651748603
name:0.0358731494263669
to:0.0017898690390790012
software:0.036568647902353986
mail:0.07959261051521704
engineer:0.057903965451064215
nt:0.01854749484993347
re:0.004856370165950267
oak:0.07676980220515205
you:0.0072181686936197646
am:0.021225147489628126
temp:0.07702697918302451
m/s:0.07247299383739894
prove:0.05099867973913764
senior:0.06882864441884454
drive:0.03667277595851934
care:0.04111710313342724
it:0.004452667918700935
not:0.007830000111376167
have:0.006639618352566921
only:0.01731865244505567
date:0.04646492454264056
tom:0.04929517173343838
his:0.023953623915652686
be:0.0075124838589282
found:0.03473403253580516
writes:0.008587823259968343
of:0.002525202409944658
looking:0.03368682266761876
what:0.011953793545410795
but:0.008640041847407926
david:0.12968546697893477
author:0.05251958114364295
in:0.002307528596032344
office:0.04741218068891118
pasadena:0.07284407659641265
or:0.008757291658481627
use:0.021594539321394133
and:0.0024792039901999343
for:0.004225309907949013
subject:0.0003467137258703675
i:0.007437611970599802
818:0.07992494738191035
back:0.02735528207879919
possible:0.033467163934604964
the:0.005873400077836776
do:0.009328804141642815
jet:0.06609753521317752
here:0.02338182994316099
e:0.08080232976763187
current:0.04106812628221842
lab:0.05597027160770796
propulsion:0.06924988176628809
is:0.003489254894683947
object:0.054934705144583935
done:0.034398227940528554
x:0.03954753233176757
tree:0.06714638400076788
him:0.03112357536835465
by:0.012862798374248911
s:0.008057614037091147
