another:0.04718096447635274
there:0.009763606229544121
send:0.062411640869706866
take:0.022614352450379824
actions:0.04206619621476757
thanks:0.021206240903363437
with:0.006221567838186674
someone:0.023441043773010848
availability:0.056962383327541416
store:0.04748088349979333
to:0.011729354553964517
young:0.03993676092632113
might:0.022628565275302617
that:0.003690474738664647
think:0.015316468377963353
could:0.016054352716234652
its:0.021998133574831595
responses:0.0471907301176693
me:0.023055078306479675
complete:0.03939591330100827
wait:0.03905744473521402
so:0.010870325504094894
something:0.021177248054931094
on:0.005393710906800957
them:0.015594246505662136
sequences:0.06331149047245113
input:0.04539522658909272
seconds:0.049235794094809014
a:0.001485642687070633
how:0.013993223374777918
hard:0.02876844045293095
other:0.01467348923225437
it:0.0072947963774462115
not:0.006413936261446435
application:0.07851846186844529
have:0.0054388363100814135
probably:0.025395996968395833
hopefully:0.049178133802582
towards:0.04435933122712277
command:0.04378992186099825
mouse:0.04623332103433862
be:0.006153843161036929
sending:0.04829569674959529
applications:0.0414925641212163
if:0.021387779354151357
of:0.002068516867720624
menu:0.054805877875445635
available:0.02873472157249181
macintosh:0.04995325452880404
david:0.026557928078132915
playback:0.07284434179752172
and:0.00812334924448489
few:0.02431518617985411
for:0.013844632464343573
subject:0.0002840101797023223
i:0.0020308373111212227
we:0.014337701124616702
similar:0.03366764136028405
information:0.025944907281742178
allow:0.03730079437632545
will:0.012056439839396643
the:0.0008018649042436733
do:0.007641679988366986
an:0.009552107857039752
is:0.005716438870014126
deal:0.03506718076340967
their:0.016103017218954404
x:0.09718595711317347
before:0.022619087949177066
going:0.023168251957975346
process:0.038474082268442206
