some:0.01768995265353567
characters:0.07672692286984097
help:0.01621282363668028
displayed:0.04023106749521043
case:0.018724326570505725
text:0.0273982101002543
with:0.008861020860447688
much:0.013236339920908571
setting:0.03258967316183793
someone:0.01669286450502288
work:0.015341458060532604
several:0.021351904333843912
my:0.007198592888865919
to:0.003132270818388252
0:0.0277663355187154
value:0.05657352757207072
enough:0.018425367628313608
that:0.005256130688401164
control:0.023103289923795633
bit:0.020644577257997725
appears:0.029547735056017668
nt:0.005409685997897261
me:0.008209005154579884
this:0.01988569842315981
hi:0.02387133833344246
contains:0.0318004053399833
set:0.020071322607014556
used:0.01495805688133989
m:0.010369808425121758
a:0.0010579576710957538
as:0.0060614709107349885
following:0.020737229341210316
no:0.008528376789261438
it:0.005194779238484424
not:0.004567500064969431
have:0.0038731107056640367
hint:0.041467064773136456
attributes:0.04524166205767532
usually:0.024982960168080406
his:0.013972947284130732
be:0.008764564502082899
which:0.01957412625026542
of:0.004419104217403151
even:0.012720904907318377
gives:0.08264828354082057
but:0.010080048821975914
fact:0.018168690368400298
using:0.016700155898825158
clear:0.024982960168080406
over:0.015196520852419378
in:0.009422408433798738
and:0.005784809310466513
for:0.0024647641129702576
subject:0.00020224967342438103
i:0.004338606982849885
appreciated:0.02564213726648669
controls:0.03775218180423759
any:0.007752176259763692
the:0.002855125037837322
can:0.019649227100857123
apps:0.080139750165462
return:0.027957331119825218
problem:0.016027009788224123
long:0.01803266094779231
warning:0.03250106679999557
is:0.002035398688565636
netters:0.03740776987941367
number:0.018956551881801197
length:0.03502079225335385
maximum:0.03707833721320352
managing:0.04493240452343096
field:0.05897663408989858
items:0.035103138255148575
keep:0.04014264521402911
does:0.009230975866193373
2:0.014760678424965219
experience:0.02509259677875112
1:0.014837302211550822
nothing:0.01935496970834022
very:0.013206382513510964
bad:0.02076212914201806
xview:0.13103552178671168
despite:0.03229826194344553
understand:0.02269816108284586
by:0.007503299051645198
seem:0.02090691329466468
attribute:0.1816046303276053
share:0.03091703802833982
