xt:0.10231425167617385
another:0.022175053303885788
at:0.008809650124544311
all:0.009540678306462913
differences:0.04580410213616148
ca:0.04113097192184642
to:0.004134597480272492
gui:0.05765562958615313
design:0.03763167207425443
important:0.031423692929732225
sophisticated:0.056687131326253956
software:0.028157858884812564
engineer:0.04458605339731944
that:0.0069380925086895365
think:0.014397480275285552
motif:0.04701436846018373
like:0.011646390635086733
nt:0.021422356551673155
re:0.0074788100555634104
oak:0.05911274769796707
this:0.00524982438371419
big:0.027757805538675573
management:0.045298944234792464
unix:0.03962567416120333
you:0.0055579898940872185
used:0.019744635083368656
am:0.016343363567013654
vs:0.03416611945063342
temp:0.05931077397092887
m/s:0.05580420525479718
sure:0.021820440201592035
prove:0.039268983399135975
a:0.0013965041258463952
ms:0.08360279844770174
anymore:0.04431454350665993
was:0.017709222682027712
senior:0.052998056202510295
drive:0.028238037488059888
it:0.0068571085947994395
not:0.012058200171519299
have:0.005112506131476529
date:0.03577799189783323
tom:0.03795728223474755
be:0.005784612571374713
writes:0.006612623910175624
of:0.0019444058556573865
future:0.0350450632431785
what:0.009204421029966312
but:0.006652832222504103
advantage:0.08526741153069621
windows:0.054944143628470034
david:0.07489335718033482
office:0.036507379130461606
pasadena:0.05608993897923774
or:0.006743114577030853
use:0.016627795277473482
and:0.0019089870724539493
for:0.00325348862912074
subject:0.000266969568920183
i:0.0038179741449078986
818:0.061542209484070964
su:0.06129528335816725
possible:0.02576971622964582
any:0.010232872662888073
the:0.000753753009989053
do:0.007183179189064966
an:0.008978981385617367
jet:0.05089510211414669
e:0.031108896960538267
lab:0.04309710913793513
propulsion:0.053322408960041826
is:0.005373452537813278
object:0.042299722961329625
done:0.026486635514206984
window:0.034869927418251415
does:0.012184888143375252
x:0.030451599895461024
handle:0.04062356886728703
geometry:0.05653445660494607
difference:0.03207153846834387
by:0.00990435474817166
s:0.006204362808560183
