choice:0.06858841226397351
know:0.022434093193787304
your:0.04581571717022773
with:0.010633225032537224
user:0.06875715424714574
operate:0.09597731292823994
to:0.0025058166547106014
aspect:0.09505417973963225
that:0.006307356826081396
articles:0.0765797931036303
voice:0.06593626002611215
reply:0.06529448217009352
on:0.009218342277077999
you:0.02021087234213534
pointers:0.09636010218638234
state:0.04832206158073847
e.g:0.0738050040034781
why:0.03235859236643648
a:0.002539098410629809
ms:0.07600254404336522
steve:0.11662377624852314
across:0.07016662039697895
301:0.10070973289667023
systems:0.05455303855059292
briefly:0.10482841742936932
open:0.06009019234097023
personal:0.06097991765810392
if:0.01218455308660744
short:0.06296323392038668
interface:0.15355271042923208
opinion:0.06016930117432162
macintosh:0.08537465319468326
windows:0.0499492214804273
please:0.034825733761913724
system:0.04064040598622773
or:0.012260208321874277
and:0.003470885586279908
subject:0.00048539921621851447
flight:0.17096133985521356
space:0.055591141045692787
toolkits:0.23305866174675952
any:0.01860522302343286
many:0.03369456413778352
dynamics:0.10334940580293382
discussion:0.06250676262709438
division:0.07204668029309695
wanted:0.055366545264474584
x:0.055366545264474584
opinions:0.05192018464581895
