ian:0.15902584277772294
perform:0.06747412458956925
believe:0.03148799826565711
there:0.026602289437018766
wonder:0.053483589968361285
from:0.012269163107683704
to:0.001997390087088161
been:0.02126435343799187
that:0.010055206534332662
re:0.005419427576495225
package:0.056337145406611625
server:0.0580066484804005
a:0.006071757068897369
how:0.019063231843900352
same:0.028146280442443657
j:0.04426273419607047
processes:0.08027587404807048
it:0.009937838543187593
ve:0.026451213029383105
has:0.01543151411429784
call:0.038506610115923295
environment:0.060835558041707184
sun:0.05258684498693973
anybody:0.04405210354945935
writes:0.009583512913298006
if:0.00971232492410738
year:0.03586609733637176
using:0.031948124328187257
now:0.02394078837504702
in:0.012875340716992064
for:0.004715200911769188
subject:0.00038691241872490284
i:0.01106659172437072
similar:0.04586606214299567
the:0.004369582666603206
when:0.018951803519474435
got:0.03206020031348658
put:0.03605013477604028
an:0.026026033001789472
about:0.014275596816259008
is:0.007787612373642432
export:0.07520492829512332
request:0.05652610184629467
automatically:0.06830727083475303
article:0.011743954787197116
function:0.11921740926224517
xview:0.08355888345819294
hp:0.18807163069810107
