since:0.01075710550217033
simply:0.016444319031631127
generated:0.026089611912592996
pixel:0.02642928342668725
posting:0.01773757288686151
existing:0.02327780460406479
truly:0.02343173908080849
graphics:0.01891796473193399
your:0.02709531660604866
with:0.0031442332085459537
way:0.00931383236315346
much:0.009393531556773825
arguments:0.022363014167647053
generate:0.025214025849587388
monthly:0.02949672890231958
work:0.010887486365539269
drawing:0.025501257928477607
item:0.07848978484032997
to:0.004445803742228486
within:0.017400269980230202
then:0.008580001880515071
that:0.01492062905094524
produce:0.022663867144249443
like:0.00626150034144448
nt:0.0038391319985077344
need:0.010329042965038905
re:0.0020104328106353257
behavior:0.02284080119849029
so:0.005493605362284517
resist:0.030644976753384415
this:0.008467458683409984
yang:0.07040068318835166
best:0.01309234451592169
contains:0.02256802959611718
something:0.010702480199803887
on:0.0027258538991359674
you:0.005976333219448623
great:0.013555111229745575
none:0.019475861464630612
inc:0.019682879009701084
contained:0.027599839791444616
intelligent:0.027409506850310662
more:0.006835586160326483
a:0.0015016173396197798
how:0.007071844071124325
other:0.007415634343182317
exposed:0.029927066040349344
render:0.029566102046598652
part:0.013167860819426223
question:0.02347296863814091
enable:0.029927066040349344
answered:0.02612631064953063
silicon:0.02922785567342355
course:0.01315135376290333
no:0.0060523964310887635
mapped:0.03199612959360434
it:0.0018433087620428601
not:0.0064829033180211285
expose:0.191325077325577
doing:0.014412381210566212
be:0.006220013517607219
writes:0.003555174145255712
get:0.007066526748877002
if:0.010808877738119504
of:0.005226897461444588
what:0.009897226913942271
2nd:0.02347654220747055
rectangle:0.10337279351670785
visible:0.025501257928477607
in:0.000955267214486508
use:0.008939674880362087
and:0.0020526742714558595
still:0.021953861099242446
for:0.0017491874350111507
subject:0.00014353202630117365
we:0.014491869953913657
top:0.018180818420254385
any:0.005501544442412943
information:0.013111942389697661
will:0.012186078977454672
background:0.023801075270519428
event:0.08930625695047252
than:0.007691404743115383
the:0.0048629226450906645
do:0.0038619242951962187
can:0.009296408520835629
scene:0.029636382055025282
an:0.004827409347106112
sgi.com:0.03336297979997123
problem:0.011374006946481637
just:0.01894175102364332
about:0.010591571831417974
hit:0.019245710429728006
is:0.01300028839793535
handler:0.10444846084733159
assuming:0.021334245546607542
new:0.027806444594895917
window:0.07498909122204606
items:0.024911904568169958
questions:0.016259012565836086
events:0.021873918585895834
does:0.00655101513084691
somehow:0.022860824849517077
article:0.00435662838879893
already:0.015622507103749203
mike:0.03435926912857746
says:0.013768960991546066
seem:0.014837164273633
everything:0.016611088623243297
