hmmm:0.0382146390716914
appearance:0.041725075344034114
generated:0.03732821396724844
at:0.006776653941957162
andrew:0.028965062762861527
all:0.007338983312663779
programming:0.03375214836279486
take:0.01635191638719772
widget:0.03876214890605982
your:0.009691786324471251
though:0.019119570781620614
such:0.014792440026675374
from:0.0065120942648475046
monthly:0.08440602424356064
drawing:0.036486415189975654
item:0.0748671793861609
to:0.00318045960020961
visual:0.039420011778661064
that:0.0053369942374534894
memory:0.026012555585902427
nt:0.00549291193632645
happens:0.028739057805990606
re:0.0028764654059859275
this:0.00807665289802183
internal:0.030481287816310255
on:0.0039000678864560766
regular:0.031131097321197395
e.g:0.031225194001471508
a:0.0032227018288762963
same:0.014939179619450866
immediately:0.03248230412926064
let:0.017731828790406346
question:0.03358440128226315
button:0.03658080051760499
andrew.cmu.edu:0.03134445697482508
model:0.028145780858335
care:0.02435397647133767
action:0.028322254467891977
it:0.005274698919076492
not:0.009275538593476384
should:0.037911049436157224
expose:0.2281183614266495
properly:0.033121277965403824
after:0.014840105289730395
register:0.03984354852622282
robert:0.024580092530443874
call:0.02043812383075929
be:0.017798807911922194
structure:0.03543583415146988
certainly:0.02365967136350493
depends:0.033121277965403824
of:0.0044870904361324305
ryan:0.034191828469256
maintained:0.08203447532314127
in:0.0027335338752998537
context:0.03194416113997671
clearly:0.05591554425268314
or:0.005187011213100657
and:0.0029369031883906913
subject:0.00020536120686167922
cause:0.024257701025708206
outside:0.02772904444216558
structures:0.04448197993826626
directly:0.027942310196126002
any:0.007871440509913903
will:0.008717733422332957
event:0.09583248341993013
the:0.004638480061471095
when:0.010059034175721047
would:0.007174228046956739
handles:0.04271262277978956
instead:0.02359795624295878
an:0.013813817516334412
about:0.015154095081874947
draw:0.03248230412926064
is:0.0020667125145435684
handler:0.04981388132718891
new:0.03978460534346647
window:0.05364604218192526
events:0.06259305933810191
drawn:0.0386370679762769
does:0.009372990879519425
excerpts:0.04475191316758372
existence:0.03129652966905096
rendering:0.043372367562538976
whenever:0.036486415189975654
image:0.028469715361028283
data:0.02257188940927548
pressed:0.043845889816380774
