selected:0.017724948396308678
mode:0.013725395148667495
some:0.00836943996511365
at:0.003157580689800828
correct:0.011728377921797307
form:0.012234340231117906
know:0.004422491489814702
help:0.007670583225956261
all:0.006839195918611407
happen:0.012120545613502922
displayed:0.019034053438594184
send:0.01051378896371406
take:0.007619172510163812
existing:0.01551853640270986
where:0.0066217089542428735
versions:0.015915494697665785
your:0.004515886101008109
with:0.014673088306547783
option:0.015020111907714632
ca:0.0073711419214778535
from:0.0030343091556637117
my:0.003405785882904306
colormap:0.10778600369232863
to:0.0034578473550666007
colors:0.06537486270656695
changes:0.014616162364645838
add:0.012316202209504367
look:0.008498811198121544
clients:0.01915157968527157
slightly:0.01551853640270986
then:0.005720001253676714
demands:0.020263246094962748
client:0.017945586005625645
make:0.0063085321983860345
that:0.00373015726273631
motif:0.01685102812192965
like:0.008348667121925973
nt:0.0025594213323384893
servers:0.018883116215117027
re:0.0013402885404235503
happened:0.024174199990956494
server:0.028691460538692717
avoid:0.013859317180011108
so:0.0036624035748563442
this:0.005644972455606656
getting:0.009721152588618947
on:0.005451707798271935
you:0.0019921110731495406
products:0.014516440122354441
size:0.012906369666902751
graphic:0.018883116215117027
xterm:0.01877394342843348
more:0.0045570574402176555
a:0.0015016173396197798
other:0.00494375622878821
same:0.006960908066410797
uunet:0.013537606854542241
following:0.009811162268959719
therefore:0.012304392546791634
solution:0.013942140029509852
starts:0.016030331091015662
exact:0.015308051506606697
others:0.00966425886404443
display:0.013211904720198845
files:0.011861331772715731
are:0.006913025608615329
d:0.0065299076070861484
it:0.013517597588314306
not:0.002160967772673709
choose:0.01424302325945254
should:0.005888215563560859
application:0.026454248801555044
have:0.005497318420942504
moved:0.015980664300114494
color:0.09269686288969069
priority:0.02118736476629644
app:0.019529215942109657
expect:0.012387889186947627
types:0.01468421939778093
has:0.007632791927502157
demo:0.020052348245418187
usually:0.011819895133285352
writes:0.002370116096837141
applications:0.04193872072467024
if:0.009607891322772892
of:0.003484598307629725
seen:0.018583977710554502
what:0.003299075637980757
but:0.004769055356633765
parts:0.01307775989754968
macintosh:0.016830128765976986
version:0.022368964929502397
least:0.008629614274933629
windows:0.03938648288779214
up:0.004815270144632203
now:0.005920840135764317
pick:0.014408797516265283
email:0.01966952443704617
in:0.0031842240482883597
st:0.013751782232685663
or:0.004833773890344698
rather:0.009223955745207395
forcing:0.0189202588209792
and:0.004105348542911719
gets:0.011961707320404316
for:0.0034983748700223014
monochrome:0.021798925759238245
subject:9.568801753411576e-05
doug:0.030979494513683054
until:0.01025507428446109
i:0.0027368990286078124
group:0.009667082203608048
ugly:0.019664485934879718
stan:0.019805061967687176
information:0.017482589852930216
than:0.005127603162076922
the:0.006213734490949183
wrong:0.009474631028064017
do:0.002574616196797479
when:0.014061015514448775
would:0.0033428302727755415
can:0.0030988028402785424
apps:0.018957790361722196
needs:0.012004826389495868
an:0.006436545796141482
apple:0.013596297302111381
problem:0.030330685190617695
just:0.004209278005254072
makes:0.010010673413089513
here:0.006453049840944072
1.2:0.03838325471533257
current:0.01133421406355132
is:0.009629843257729889
having:0.009379539040933195
new:0.0061792099099768705
ux1.cso.uiuc.edu:0.04507349348409763
window:0.02499636374068202
does:0.004367343420564607
2:0.006983546781703974
1:0.007019798895787486
wanted:0.010914551933856998
x:0.021829103867713997
index:0.01843232988074773
article:0.0029044189258659535
full:0.011074059082162198
going:0.007805790982256927
s:0.011118929764444773
