xt:0.05328867274800721
library:0.021807857248443644
some:0.006080921224652886
1.1:0.0291385685441233
believe:0.011315999376720523
true:0.01345458745915545
take:0.011071610053831789
thanks:0.010382222108938348
graphics:0.0366535566681221
among:0.017940132645759506
with:0.015229879603894462
from:0.004409230491823831
drawing:0.02470434361821268
gc:0.03218509768953847
corp:0.024105024192250246
to:0.002153436187641923
gl:0.3421400693111696
require:0.020205838848450973
most:0.019339536082989977
calls:0.04175301734852528
that:0.0054203847724137
motif:0.04897330047935805
v:0.02003462663490631
appears:0.020314067851012144
like:0.006065828455774339
could:0.007859943517323215
me:0.00564369104377367
server:0.020846139297643927
this:0.005468567066368947
xm:0.03516696848522248
on:0.005281341929575936
used:0.010283664105921174
am:0.008512168524486278
a:0.002909383595513323
other:0.007183895769957868
same:0.01011506953400319
developing:0.025679403733255106
jay:0.0531059195224769
also:0.0077265475608310746
international:0.02065294073302809
advance:0.01647656883685755
doc:0.028920005007149176
ontario:0.024736198967261827
display:0.019198549046538945
xlib:0.05637795420497624
mwm:0.03132530732308301
it:0.005357116089687062
not:0.0062803125893329675
application:0.05766199543463951
have:0.00532552722028805
sgi:0.028991845226588424
aix:0.03011800724986778
connection:0.022425865289075503
mixed:0.0291385685441233
environment:0.021862778671238516
be:0.00903845714277299
which:0.006728605898528738
sort:0.01634094431073453
14:0.01944715010289931
things:0.011639197542397133
of:0.005063556915774444
implemented:0.026036006854491884
available:0.028136081539731562
but:0.00693003356510844
advantage:0.0222050550861188
never:0.011478850160738855
pex:0.034296895127601826
called:0.01397007549925382
one:0.010242821955996066
in:0.003701660456135218
our:0.011613413661356216
x11r4:0.029855346553894383
moving:0.02208844573771527
or:0.007024077684407139
use:0.00866031004035077
and:0.001988528200472864
for:0.001694525327667052
subject:0.00013904665047926196
i:0.00497132050118216
possible:0.01342172720294053
graham:0.10152681464468817
information:0.012702194190019608
will:0.005902632004704606
program:0.014461632460333725
the:0.0023554781562157906
do:0.0037412391609713365
canada:0.019378164546909618
ibm:0.041046531969996525
would:0.009715100480253917
can:0.009005895754559514
road:0.01880548117692974
an:0.01870621122003618
pure:0.026288072171480686
mix:0.05376009557705014
is:0.005597346393555498
unlike:0.024020790550346074
suite:0.027548039119377563
opened:0.026507865684451397
time:0.008226614426581841
window:0.036322841060678554
does:0.006346295908007943
x:0.11102145795220165
first:0.00977893140307834
easily:0.01926518108539264
150:0.02454792545623937
initial:0.023993012706724395
functionality:0.029855346553894383
before:0.011073928475117938
widgets:0.028642161357642443
by:0.005158518098006073
says:0.01333868096056025
include:0.017507933714815634
s:0.003231438962791762
