408:0.023519595642935938
above:0.01215471442021672
ask:0.013011440108733782
generated:0.021663695605992395
at:0.0039328795198858525
there:0.004097227614183694
know:0.005508371096688847
take:0.009489951474712962
graphics:0.0314173342869618
specifically:0.018067154695337772
widget:0.022495889990124
your:0.011249394840904129
with:0.00522167300704953
way:0.007733807230118497
ca:0.00918102051826929
response:0.015676779252800633
from:0.003779340421563284
drawing:0.021175151672753724
item:0.06517455348348827
to:0.0024610699287336262
add:0.015340269716302314
then:0.007124465847213407
most:0.008288372606995704
perhaps:0.012894917578750201
client:0.022351868283792656
that:0.009292088181280628
realized:0.023383617038093486
memory:0.015096572438246943
nt:0.0031878506773323147
suppose:0.017205977614424862
re:0.001669377244545404
wait:0.016390177701384453
so:0.00456165445261125
this:0.004687343199744812
best:0.010871321785542115
contains:0.0187395245753473
on:0.002263432255532544
you:0.0074437364652953815
kenneth:0.02194574427394566
came:0.01347645862713369
santa:0.023519595642935938
why:0.015890380179946484
a:0.0037406360513742723
how:0.005872156237630019
as:0.003571938215254546
let:0.010290793494432253
question:0.019490947172742003
avenue:0.023755856363714252
also:0.006622755052140921
course:0.010920320535267942
popular:0.018883804893450724
button:0.06368978661547296
overall:0.020685777900355407
computer:0.011967423683773728
no:0.010051301215915265
xlib:0.024161980373561244
mapped:0.0797046442554965
care:0.014134004202115611
reason:0.011929517517895213
action:0.016437022682258735
it:0.0030612091941068925
not:0.005383125076571115
should:0.014667965555656068
expose:0.10591209637665869
ken:0.03683993483138224
application:0.01647485583846843
have:0.0045647376173897575
made:0.010382051571062506
per:0.01578939783737954
app:0.024324335927895506
register:0.0231234879839686
call:0.023722822303559887
be:0.007747248979519705
structure:0.020565439462906624
writes:0.0029520642456141175
if:0.002991742945372363
whatever:0.014754288298006084
of:0.0026041149852554283
pacific:0.023954301732334045
rectangle:0.028612112491231637
visible:0.021175151672753724
must:0.010345805479819184
up:0.005997590939073145
depending:0.02009270602926885
comment:0.017542845521798047
code:0.014466573706837928
email:0.012249547584678307
in:0.0031728518195444726
clearly:0.016225492751894662
or:0.0060206380152061185
and:0.003408905486524909
for:0.001452450280857473
subject:0.00011918284326793882
cause:0.014078130059562797
i:0.0017044527432624546
directly:0.04864955793075509
actually:0.010912116638844128
will:0.010118797722350753
event:0.07415608836066022
the:0.006393440709728575
do:0.009620329271069152
when:0.005837832334123821
because:0.007878224548636223
instead:0.013695242462431433
may:0.008308149676070672
simple:0.014728520343554645
an:0.008016947665729792
problem:0.018888975821835574
press:0.016014956967712796
idle:0.024161980373561244
draw:0.018851337217874475
is:0.00719658822028564
guaranteed:0.022958125163967037
object:0.03776760978690145
handler:0.08672952552501641
assuming:0.01771504317709376
new:0.023089279886833215
time:0.007051383794213007
window:0.07783465941573978
drawn:0.022423298379089268
1:0.008743410231806734
existence:0.018163164540074217
rendering:0.05034292663508988
image:0.016522602664882483
show:0.013437806561316216
faq:0.01733078153079357
although:0.014105979717655169
article:0.0036175575014133973
walsh:0.028470377230898687
before:0.009491938692958233
pressed:0.02544627533986384
s:0.0027698048252500817
