manager:0.011155961192936357
generated:0.013785988112904253
at:0.012513707563273168
region:0.06817720576138901
know:0.0035053270615292664
posting:0.009372694764080229
send:0.025000117507467806
take:0.006039060029362794
graphics:0.019992849091702965
where:0.020993827252656385
widget:0.028631132714703276
your:0.017896764519620207
with:0.0033228828226678827
way:0.014764541075680766
dealy:0.17137534794379516
arguments:0.011816819986313499
monthly:0.015586339704066596
item:0.0414747158531289
gc:0.01755550783065735
to:0.007439143193672098
add:0.009761989819465109
look:0.0067362736485111095
then:0.004533750993681259
important:0.0178543709828024
might:0.006042855499654676
that:0.009855245040752181
realized:0.014880483569695856
produce:0.011975793434177262
memory:0.009606909733429873
helps:0.012016966750377734
like:0.0033086337031496397
nt:0.002028632249211473
suppose:0.010949258481906731
generally:0.010985083787565623
need:0.016373880609351445
re:0.001062330973801621
behavior:0.012069286996929529
so:0.0029028710152980684
this:0.004474282145210957
best:0.006918113863526801
contains:0.023850304004987475
on:0.0014403659807934372
you:0.011052820812105265
regular:0.011497280260669493
knowing:0.04879573088211151
e.g:0.011532031875543454
a:0.0035706071399481693
how:0.003736826696673649
other:0.003918488601795201
same:0.0055173106549108305
uunet:0.02146018359328003
render:0.015622997104168606
want:0.010753397543819213
test:0.010158806403351338
objects:0.039969961432016365
part:0.006958017364810447
let:0.006548686769184161
question:0.012403330019017639
enable:0.015813733759957323
answered:0.01380538005912698
course:0.006949294886079599
button:0.01350995473661548
mind:0.008606976713096981
no:0.0031981412959730393
brian:0.03184156972822822
polygons:0.018030093298450435
xlib:0.04612741707679874
proper:0.01166627302568705
mapped:0.05072113725349778
care:0.008994366310437207
action:0.010459923525073741
it:0.011688253286589952
not:0.008564062621817683
should:0.009334159899053862
clip:0.01668411502547986
expose:0.10109791017771966
have:0.004357249543872041
app:0.015479122863206234
hope:0.008205856641022856
register:0.014714946898889109
exposure:0.031172679408133192
call:0.0075481707329508735
be:0.00493006753242163
which:0.0036701486719247665
structure:0.01308709784003149
get:0.0037340169752588703
if:0.005711509259347238
of:0.004419104217403151
keeping:0.011875397506775815
what:0.005229784676117223
2nd:0.012405218325538415
order:0.007966809264580944
using:0.012525116924118868
rectangle:0.018207707948965587
visible:0.013475096519025098
they:0.0026503398423515447
called:0.007620041181411176
sounds:0.01012131978284329
code:0.009206001449805956
in:0.0015143156411462255
clearly:0.010325313569387512
or:0.003831315100585712
use:0.014171416429664897
and:0.0032539552371374132
for:0.0009242865423638466
subject:7.58436275341429e-05
cause:0.008958810037903598
create:0.010803538895578464
i:0.0005423258728562356
we:0.003828817913960142
directly:0.010319603197432898
will:0.006439234914223207
event:0.03539267853576965
the:0.005781628201620577
do:0.004081351811968731
when:0.0074299684252485
can:0.0024561533876071404
because:0.005013415621859415
correctly:0.01238154394610903
handles:0.015774548185717732
instead:0.00871515429427455
an:0.007652540953651164
problem:0.012020257341168093
just:0.0066726622924198065
about:0.0027983414213689534
idle:0.015375805692266247
hit:0.010169608352072186
is:0.006869470573909021
either:0.0071123940542993135
guaranteed:0.01460971601343357
object:0.012016966750377734
handler:0.07358868832425634
new:0.024488630183004928
time:0.004487244232681005
window:0.08915606442166556
events:0.02311675486918537
drawn:0.01426937169578408
does:0.003461615949822515
existence:0.011558377434592685
rendering:0.016018203929346782
somehow:0.012079867676165272
image:0.010514383514016127
already:0.00825507477641293
understand:0.008511810406067197
seem:0.007840092485499255
pressed:0.016193084307186082
s:0.014100824564909508
