some:0.004340285781164885
since:0.007437998600013685
believe:0.008076847138774499
reserve:0.019662540932789935
all:0.007093441120046774
happen:0.012571123517350614
widget:0.03746527403559685
with:0.002174079467619135
from:0.0031471087525285334
work:0.007528150423755775
drawing:0.05289852016390521
my:0.0035323950235327185
gc:0.1148613151745611
colormap:0.022358583665546237
to:0.005123416952010524
colors:0.01695128875012284
mydisplay:0.19622158798025618
crime:0.014911590800139464
then:0.0059326407054862565
that:0.0025792165459812403
like:0.0043295132472441385
nt:0.002654567106774864
happens:0.013888763995460143
me:0.004028210707823586
re:0.0013901133932273998
this:0.001951607577588918
8-bit:0.020745057715537984
on:0.003769582343786542
set:0.009849124848051751
you:0.0020661672468725717
am:0.006075599839038533
m:0.03053118316987521
a:0.005710611667029868
want:0.007035680177368705
running:0.011254499674523055
red:0.026859620482844244
underlying:0.02176251433441174
lets:0.01722533178319558
patrick:0.03409371769883458
ie:0.015552483965655804
l:0.024572197611549166
display:0.027406107189111358
are:0.00478001027212807
begin:0.015513827061488896
d:0.006772655101773366
displaying:0.020851278430943396
it:0.002549111001784178
not:0.004482602294245092
should:0.0061071083354404445
ve:0.0067848836395071905
area:0.023854773566240498
stay:0.014679173116193985
color:0.027469383692218484
doing:0.00996543830916474
shows:0.028730220354051383
be:0.006451240785919754
which:0.009605147453661842
considered:0.012798672703391122
get:0.004886148607030194
things:0.008307531331376392
if:0.012456327504896083
whatever:0.012286098805774583
of:0.003614137278173581
trying:0.010023524992819315
what:0.010265153565018191
but:0.0024731718299271757
lines:0.10507604830615662
seems:0.008760175053461257
lazarus:0.0476513992419025
using:0.01638974407914439
must:0.008615094525946086
up:0.009988552939422933
over:0.022371086459323692
box:0.011778955430136085
boxes:0.018328793742695096
code:0.012046514908296268
in:0.0019815580136932024
bitmap:0.019781828347479526
and:0.0028386424869203705
green:0.031288556129009534
for:0.0072568519608641035
subject:9.924519290713122e-05
i:0.012773891191141667
xputimage:0.024777124803617424
person:0.010428232115516174
any:0.003804041882114525
offense:0.018496527702845537
currently:0.013378934951142367
background:0.03291449814361794
normal:0.014023653065124694
suggestions:0.014710023684278354
the:0.0044832892787452965
wrong:0.009826847794906545
do:0.010681307344334522
when:0.009722486563893946
around:0.00879997930540385
correctly:0.01620187163208319
return:0.013718839062516463
instead:0.011404216771690116
an:0.006675822591537076
mahan:0.09629449178490049
long:0.008848740688136002
draw:0.09418660676885983
is:0.005992697997561277
capital:0.018984765628723185
done:0.009846332904909659
white:0.025271146065580608
itself:0.012502066321912192
write:0.012097300836384807
right:0.007211425999220444
window:0.025925596593495477
does:0.00452969819456329
blue:0.029714956338017164
matter:0.011230122720819859
created:0.01411931259659859
1:0.007280757962545384
first:0.00697975773007822
nothing:0.018995211907069952
index:0.03823509320987819
image:0.027517197003224362
almost:0.011234174461950066
very:0.006480455359789766
function:0.015289965128429213
black:0.013121012476743263
strange:0.016343356992024993
s:0.0023064545756729306
