xt:0.0746819355300539
some:0.017044333943552613
fast:0.05082916678756259
ideas:0.026255428007587376
help:0.015621114744830635
programming:0.03202758603768855
with:0.008537625938533537
much:0.025506523643210675
creating:0.03572511322732018
4:0.01813335404509985
response:0.07689631867067172
from:0.012358719042776285
to:0.0020119695767749353
intrinsics:0.04998078926253315
that:0.005064301101233238
problems:0.020022432378772066
me:0.023728219278931637
sample:0.06880586405252495
so:0.01491694302751708
anyone:0.024422113133450964
this:0.007663977202502467
programs:0.02578965054229574
these:0.012092233380284253
slower:0.035673528065107825
on:0.0074015886896246705
am:0.0119294624576742
3:0.01709099229662496
why:0.012990675767547491
a:0.004077384309040569
how:0.009601189760796528
running:0.022098251185742348
3.5:0.03503412617227581
button:0.0694234170407102
manual:0.02868319267797637
reasonable:0.027286913650409108
it:0.0075077831329920875
application:0.026936990568006778
try:0.017783866221484618
always:0.019393840131377425
has:0.007772076451726649
quit:0.03672201494269062
dialog:0.16419248751372045
get:0.009593970622562936
if:0.00489160890338255
of:0.0014192743471951727
chapter:0.03604252280352265
but:0.004856081914236571
2nd:0.06374652336627039
they:0.006809632295676961
up:0.029418840226694557
box:0.0693840659278819
boxes:0.03598865340718964
in:0.0025938642612334376
feature:0.03448982912484874
or:0.0049219814430882134
and:0.002786842441538612
pop:0.03853103803688465
4th:0.03714970957236984
for:0.0023748092183363064
subject:0.00019486829848188537
each:0.01858401019971252
76:0.03892146639419111
i:0.004180263662307919
example:0.020520869662466457
faster:0.02846935056492213
any:0.007469250118896403
creates:0.03995366824856943
program:0.04053479463334416
oreilly:0.04474108274318778
the:0.0033011080729447575
can:0.006310700674727834
page:0.03069157469479771
press:0.05237007825938199
is:0.003922228129790714
time:0.10376342867980601
window:0.025452501765147018
experience:0.024176808575147063
slow:0.05994931540207067
first:0.027409559553153884
volume:0.03231386861544973
behaviour:0.03860747088263133
give:0.017249899790919756
strange:0.03209024110112937
3rd:0.0322171881282233
