xt:0.04872107222674946
there:0.00874075224359188
from:0.016125185798670012
my:0.009049659631717156
to:0.005250282514631737
crime:0.07640415095690507
value:0.035560503045301596
that:0.006607707151132892
me:0.020639784388657996
re:0.0035613381216968625
this:0.004999832746394467
am:0.03113021631812125
a:0.007980023576265115
how:0.012527266640277375
patrick:0.13101728658552148
l:0.09442744510723894
not:0.011484000163351714
should:0.03129165985206628
application:0.07029271824413198
whose:0.03564553762381875
call:0.050608687580927764
be:0.011018309659761359
considered:0.06557796108975643
of:0.003703630201252165
trying:0.025679316410175203
what:0.008766115266634584
lazarus:0.24415669325851
find:0.020156635596889433
up:0.012794860670022713
context:0.07909982758470424
use:0.047507986507067085
and:0.0018180829261466185
for:0.006197121198325219
subject:0.00025425673230493616
i:0.005454248778439855
person:0.05343227502997812
offense:0.09477268480124668
program:0.026444127927467385
the:0.0028714400380535354
do:0.006841123037204731
can:0.008233961832740128
an:0.017102821686890226
mahan:0.37004597557340335
long:0.06800889271738814
is:0.01023514769107291
capital:0.09727432293574358
argument:0.03351182323942593
window:0.06641890936809794
first:0.053644423696886885
give:0.04501402421630489
by:0.009432718807782535
