xt:0.07007825457272181
all:0.013069422337620427
existing:0.05931057063501439
user:0.05180333539168514
someone:0.03018435773510986
times:0.038499673171137345
alexander:0.0697193179645845
several:0.07721784581006565
to:0.0037758881098378925
client:0.06858655473382952
that:0.0047521181566366685
like:0.031907919548182825
through:0.03245840128801132
could:0.04134545631030294
me:0.014843680553486912
need:0.02631783549996214
so:0.01399740544362904
this:0.007191540251663273
something:0.054538666223658154
on:0.013890652746281915
you:0.007613684786420847
tell:0.033014041830444554
them:0.020080262623729327
how:0.03603734238983902
other:0.018894629970300145
idea:0.03797775746932543
it:0.0046966497224653694
application:0.050552982298862036
being:0.026654848355139014
ve:0.025001831493526496
be:0.007924126810102346
which:0.017697155239965998
notes:0.06408649902188382
of:0.005327139330568182
seen:0.035513217679758256
please:0.026238566532948693
in:0.0024339685191026093
subject:0.000365711738246826
each:0.03487684105973445
i:0.005230101568366984
top:0.04632372912557966
the:0.004130153479392071
do:0.009839971491869817
see:0.02423816111522159
thank:0.04973279872287006
can:0.01184336975942073
an:0.012299974500845709
documents:0.06647490158551092
oclock:0.08824524686108051
people:0.020620180001001607
different:0.03461940956179791
is:0.0036804469437077244
done:0.07256612469645748
having:0.035847827293429606
write:0.04457772499982895
does:0.01669162759366473
very:0.023880034134019824
widgets:0.07533280795434724
by:0.027135218488141537
