another:0.01606887920571434
at:0.006383804438075587
fast:0.050460839492000545
ideas:0.026065171282894713
know:0.008941124098973201
knows:0.025318560950298805
anyway:0.022090679866989378
take:0.015403979205331184
where:0.0133873681031432
widget:0.10954520343016905
with:0.004237879541953242
way:0.02510685245719628
ya:0.07401307179893532
someone:0.015967087787413188
via:0.024769792598664096
to:0.002996085130632241
value:0.10822761796396138
that:0.005027603267166331
think:0.010432956721221414
r:0.04493072125694391
nt:0.0103489645177165
me:0.007852091886989454
so:0.007404424618731305
anyone:0.012122570649575299
this:0.007608441135817667
am:0.03552905123263838
sure:0.015811913189559445
a:0.0040478380459315795
how:0.009531615921950176
dealing:0.03415363541737652
other:0.009994985419071817
want:0.027428956053799733
athena:0.043125218147901496
let:0.016703896686614674
colorado:0.03415363541737652
ride:0.030599272005825236
third:0.026469456497593375
internet:0.020699521326917436
it:0.0024844596357968983
not:0.013106739316868801
have:0.00740942917605294
calling:0.02980435231556129
christopher:0.07013266806631267
university:0.017031450011584445
call:0.038506610115923295
get:0.028573347288937442
if:0.00485616246205369
of:0.002817979500952734
ucsu.colorado.edu:0.039664148913434866
but:0.0048208929148580455
happening:0.032897068800448966
using:0.015974062164093628
parameter:0.04496749451300469
in:0.0012875340716992064
or:0.014658944732675767
force:0.025898580571121533
for:0.004715200911769188
subject:0.00019345620936245142
cause:0.04570291497597198
sockets:0.04269461365173627
i:0.01244991568991706
any:0.01483025023606967
pretty:0.02085521780376541
will:0.00821235757176293
the:0.0027309891666270035
do:0.015615606932749927
around:0.017153582848939388
can:0.006264970959693575
because:0.02557568549122484
an:0.006506508250447368
myself:0.02415102943476727
problem:0.01533018327569264
is:0.003893806186821216
itself:0.024369969859379566
events:0.02948223809403351
their:0.010968721873780536
matter:0.021890601535511176
callback:0.09543483861593552
bailey:0.0948878773408218
strip:0.11664703452267014
update:0.03146262457953845
words:0.02396999370657518
function:0.02980435231556129
s:0.008991830157333599
