know:0.023280662748269846
43:0.1937196302342905
thanks:0.03761106877200308
fax:0.057710251695913005
your:0.023772306078891744
via:0.1289898633439866
stop:0.06271609650152146
mail:0.05781727367614822
me:0.020445069441595184
re:0.007055481184493784
managers:0.10583007354573157
so:0.019279445233677736
phone:0.05542164389074658
hi:0.05945314452857367
you:0.010486773385070224
m:0.02582669268143532
answers:0.07906813626891288
let:0.043493164957600465
also:0.027990511918482383
wa:0.09461861632488172
telephone:0.08447404504715436
not:0.011375660539169148
p.o:0.0869180837677563
get:0.024799508967757025
if:0.012644347542705835
pacific:0.10124082241590238
please:0.03613991239443877
box:0.059783754918992585
email:0.10354334562143172
in:0.003352447205556424
and:0.007203724801713016
subject:0.0005037161677739301
76:0.10060831879253174
i:0.003601862400856508
any:0.01930730691110957
rainer:0.6212267796697689
apps:0.09979667001736778
repost:0.10476681059193664
interested:0.05428445689462113
window:0.06579231588349324
questions:0.05705993089142475
labs:0.09864112991848628
1:0.07390656195942297
e-mail:0.0518810523896654
