basically:0.03535321214637735
since:0.018025420030663795
typical:0.040167615673260756
case:0.022266766732493296
tower:0.04954319802403017
your:0.011350740740371734
with:0.005268715106212138
tcp/ip:0.2159622630922874
work:0.01824389607198472
both:0.020231568309083223
my:0.008560488840813524
to:0.0012416208649466945
calls:0.036110717706832676
client:0.09021294586611811
brent:0.04823841470980985
that:0.0031252668958060975
nt:0.006433140105607554
this:0.009459143033719261
off:0.01967078781942658
on:0.009135294148455674
you:0.005007198102781278
machine:0.029304498687606727
am:0.014723750961273563
a:0.0012581118250868423
xdm:0.38502716657354635
as:0.007208235677630796
running:0.05454883626030093
also:0.013364839024140238
no:0.01014185347912171
taylor:0.048867205357877794
it:0.0030887876553150626
not:0.0162948650966477
should:0.014800109389490806
have:0.009211722759417168
able:0.023760947982979
be:0.010422725353828311
presently:0.05307978994540185
making:0.027699163881733366
of:0.0017517169870787266
host:0.04312481619074526
using:0.03971928970531389
well:0.015160972163543647
login:0.049660964524636954
over:0.018071538310985204
in:0.0016007180350854997
or:0.0060748779973250925
and:0.0034396163467638723
for:0.0029310708370457114
subject:0.000240513125153318
feedback:0.04990121900285462
i:0.006879232693527745
appreciated:0.030493352425011198
socket:0.049660964524636954
any:0.009218804200800066
decnet:0.35594615483781356
the:0.003395283828779518
would:0.008402249064003388
can:0.007788882814754174
specific:0.033019426022256146
an:0.016178344838950212
just:0.010580077148341315
is:0.014522844696792644
number:0.022542926562141966
right:0.01747633868279549
does:0.01097737670574347
run:0.04823125096193504
x:0.027433873779694615
first:0.01691490837289226
procedure:0.045546023961612496
answer:0.027353793172332042
x-windows:0.05225269490708543
hanging:0.05194200863617399
protocol:0.047279104075553545
