library:0.037054058333638756
wilson:0.0441687622885081
generated:0.04294396297117077
out:0.010426346009561592
know:0.010919248899630989
tel:0.03597741663095909
fax:0.0270676401759592
floor:0.04350306829525512
missing:0.03820926958751548
to:0.0036589358232499932
mail:0.027117836325981026
nasa:0.03796584794335766
that:0.009209857312419738
nt:0.006319279218782642
me:0.019178560715124686
need:0.01700178753537377
re:0.00330920798918735
anyone:0.014804555306560984
math:0.043188104179301995
off:0.01932263228279956
ld:0.053822126432101505
on:0.017947215052718228
you:0.004918575127510813
pointers:0.04690093469248698
inc:0.03239836721950798
libraries:0.04437864305503302
m:0.012113404532000637
sin:0.03810412509294245
a:0.0037075330774683055
j:0.02702768725246781
as:0.021241968855319072
following:0.02422402011539612
adding:0.04181510256729449
houston:0.04452138094821783
fine:0.028665102459473984
whole:0.026477128097586636
andrew.cmu.edu:0.07211998949959753
are:0.01137896250621638
daniel:0.07572707956103256
it:0.012136475389025556
texas:0.03511654576698232
have:0.004524341709271264
try:0.02156097055171144
after:0.017072687501459745
writes:0.0058518795665271
if:0.005930534688171764
of:0.001720713146599457
future:0.031013330303697788
piece:0.038139034635340824
gives:0.03218163252916907
what:0.008145505336253373
but:0.01177492428761788
well:0.0297852727460769
easy:0.0293246156129098
undefined:0.055643826026828484
errors:0.038000215200228435
imake:0.05935934678399897
code:0.05735420372268489
makefile:0.05898271302808041
in:0.0015723867424291193
our:0.01973252586708313
subject:0.00023625625568157783
space:0.054115270044479705
i:0.005068107272001635
linked:0.05197175653954788
the:0.003335190309686075
do:0.006356795742535368
start:0.02493417776887179
can:0.007651026481749676
compiling:0.05284866718241718
an:0.007946001226210059
problem:0.01872181674376623
gothamcity.jsc.nasa.gov:0.055643826026828484
is:0.004755267732578122
center:0.02890823746436114
2:0.017242562407923972
x:0.026948318491558428
first:0.01661552946363753
whenever:0.04197552189997199
article:0.007171087436430097
give:0.020913595321734573
compile:0.0461781202587324
s:0.0109811731124959
