take:0.05745267919826226
your:0.0170261111105576
with:0.015806145318636416
work:0.02736584410797708
item:0.06576171162297917
design:0.05085361091115463
add:0.046435411033131334
then:0.02156595067264599
that:0.004687900343709146
think:0.019456054426061558
nt:0.019299420316822663
re:0.005053250037542845
this:0.0070943572752894465
m:0.018497496109676652
why:0.024050305137216305
as:0.010812353516446195
question:0.058999623874246065
whole:0.04043129020307149
button:0.06426356847687363
it:0.004633181482972594
not:0.0162948650966477
expose:0.08014969455530928
ken:0.05575773920425421
have:0.006908792069562877
area:0.043357662765666855
per:0.04779493399422997
call:0.03590481213511767
be:0.007817044015371234
writes:0.008935978256994086
whatever:0.04466162944261302
of:0.00262757548061809
but:0.008990313814194734
advantage:0.05761311589911906
depending:0.06082116419670571
in:0.00240107705262825
or:0.00911231699598764
p.s:0.06128152304215984
and:0.0025797122600729047
subject:0.000360769687729977
i:0.005159424520145809
directly:0.04908784223643757
will:0.030629874186575257
event:0.05611812092158071
the:0.007130096040436988
do:0.009706998904141848
can:0.011683324222131263
because:0.02384759863370965
agree:0.040764259175195126
did:0.022215014100580615
return:0.04986983388941796
just:0.015870115722511974
here:0.024329741967883733
address:0.043146234512616365
is:0.003630711174198161
object:0.05716178778558058
handler:0.08751087260181836
new:0.02329729141734523
window:0.04712152353817759
easily:0.049985334708045774
although:0.042699181848037275
article:0.010950444328602716
