xt:0.04781039797952048
all:0.008916521781741038
with:0.0054656764185939
much:0.032657885412335164
into:0.01673648507460174
to:0.005152146392862918
intrinsics:0.06399409466324338
that:0.0032420993031259514
its:0.01932546314050626
me:0.030380991039379756
re:0.0034947710540015934
exactly:0.030059650965158953
greatly:0.03647597336262244
this:0.0098127558574097
two:0.017427938622928144
slower:0.04567545182168011
why:0.016632921309850526
bryan:0.09906178729441176
a:0.003915432128541295
button:0.0888879264913766
shell:0.04503943814649305
place:0.025415211376789024
it:0.012817025410840073
not:0.005634672977345466
application:0.034489417830064754
received:0.03616159617431562
components:0.04548006224392951
try:0.022769996937788715
always:0.024831365401857076
quit:0.04701790698269733
dialog:0.1051138821933631
writes:0.006180022345958526
get:0.012283868927954413
if:0.006263088035172048
of:0.0018172017342592396
2nd:0.04080969019242544
up:0.03766711318745004
box:0.05922502823750667
in:0.003321115923261504
feature:0.04415987467387175
responding:0.04973188621936441
and:0.0017841000677139712
pop:0.049334132813581275
4th:0.04756551599452961
for:0.0030406435786175137
subject:0.0002495042700188626
i:0.0017841000677139712
faster:0.03645141147097506
information:0.022792722284894998
creates:0.05115563130891599
program:0.02594984516246799
the:0.007748862719513629
waiting:0.04088822674192431
thinks:0.04233546190167519
because:0.01649273176536929
press:0.06705327777135824
is:0.015065754778915733
right:0.018129659755049526
time:0.04428532625898263
window:0.06517743442663816
request:0.03645141147097506
slow:0.038378767336839634
first:0.017547241396177953
article:0.007573204488940196
already:0.02715688150745188
respond:0.03779446493514492
unclear:0.05543062987937277
strange:0.04108750496125909
3rd:0.04125004461277189
