22:0.03687032389604205
computing:0.03860585379804462
there:0.008121937925461481
x11r5:0.04270637668766468
actions:0.03499311897511639
graphics:0.03113930477999754
with:0.01552639053423577
to:0.0036589358232499932
scientific:0.03736902244959188
w:0.0547670947792806
perhaps:0.025561606527788012
that:0.012279809749892984
jeff:0.11191537934947954
nt:0.006319279218782642
atmospheric:0.05102268104969304
me:0.009589280357562343
re:0.00330920798918735
boulder:0.048782009400307094
server:0.14167995558044721
lost:0.031013330303697788
sunos:0.04481395495052658
so:0.01808514331654726
file:0.026889255596977073
fixed:0.04013126287716662
national:0.028797999336172685
had:0.027157672312958143
this:0.009291724572945468
you:0.004918575127510813
used:0.01747312839236164
card:0.02708768448242692
came:0.026714395862636697
crashes:0.10296900374842272
was:0.015671878479670543
as:0.007080656285106357
bring:0.03356961900255819
following:0.02422402011539612
part:0.021674531968259088
also:0.013128293200704128
mwm:0.05322530093833573
it:0.006068237694512778
environment:0.03714737614936102
thinking:0.03082766844113854
writes:0.0058518795665271
of:0.003441426293198914
what:0.008145505336253373
but:0.00588746214380894
using:0.019508146713671865
well:0.01489263637303845
up:0.011889029826127297
good:0.014336370366013266
one:0.008701866440492234
in:0.0015723867424291193
or:0.005967358032770666
and:0.0016893690906672118
for:0.005758386954196
subject:0.00023625625568157783
i:0.0033787381813344237
research:0.027321517526874135
the:0.004669266433560505
do:0.006356795742535368
sequence:0.04600627879097045
did:0.014547885340203234
reports:0.03499311897511639
7:0.056487230600554085
problem:0.03744363348753246
makes:0.024716618427008622
is:0.002377633866289061
division:0.03506696828425073
patch:0.14042186312178298
center:0.02890823746436114
1:0.017332069840041667
x:0.10779327396623371
nothing:0.02260934514602574
article:0.007171087436430097
bad:0.02425310660837508
comes:0.026762622453500102
apply:0.07078860151309156
