thanks:0.04861918646136983
fax:0.07460105707032658
keyboard:0.44339346692419473
r:0.1512302325233722
anyone:0.04080279877174125
uk:0.21081168217847737
map:0.24196577950900788
hi:0.07685406487840012
a:0.006812215248031195
intelligence:0.1102461078873811
science:0.08247883478456867
computer:0.06538299768695892
have:0.012469527149942754
university:0.05732536833167448
sun:0.0884998122950937
of:0.00474245330648143
5:0.12677428716671624
england:0.1202547687020727
use:0.0405555982377402
for:0.023806014359420046
subject:0.0006511452900492268
group:0.06578331548308891
artificial:0.12565250049492413
type:0.15807378099179006
does:0.029719239374085982
nigel:0.44333493428800763
under:0.11840602083442142
