manager:0.05166971499886312
all:0.012553524087451199
media:0.05199284461441134
fax:0.08049061420745761
your:0.01657805555501661
drawing:0.062410973351274136
post:0.03398128690041027
to:0.0018134199474879353
most:0.024428887683776813
software:0.037049814322121795
mail:0.08063988170620673
motif:0.12372202226364139
location:0.060405618085189516
me:0.01425774579479664
phone:0.07729860858446233
searching:0.06987501196536548
this:0.006907663662781828
programs:0.09297847695511885
on:0.006671168753148551
you:0.007313144597483182
used:0.02597978300443244
products:0.05329061571232748
am:0.0215044257460706
etc:0.03055689457181889
a:0.0018375054287452564
private:0.04670633057466515
netherlands:0.15309865031015482
equipment:0.05309155148079722
advance:0.04162501600890328
business:0.09517272982193598
product:0.05251181477298103
results:0.04819847037984816
internet:0.0375859729357185
digital:0.054333784171206094
uucp:0.05570563957021149
references:0.054333784171206094
applications:0.10263950072090347
of:0.005116857514887859
please:0.025202833643490193
box:0.041691302772455356
in:0.00233789081440119
office:0.04803602517166001
or:0.008872519180303753
and:0.0025118250953341434
for:0.004280906090948342
subject:0.00035127574857918807
create:0.050037443305837086
i:0.005023650190668287
everybody:0.05365670131231827
information:0.06417950748641486
55:0.1293643872990481
will:0.014911912432937952
the:0.002975340828904156
hello:0.05091172092962857
thank:0.04776966193117782
31:0.18399934943009005
de:0.15951244843989357
corporation:0.06249145002255619
