activity:0.042506695704576894
both:0.04277531585349025
to:0.005250282514631737
100:0.06435261140630613
been:0.013973717973537518
that:0.003303853575566446
guy:0.032250769018560665
motif:0.22387794504849393
nt:0.006800748111642272
re:0.0035613381216968625
so:0.009731529498904002
this:0.004999832746394467
something:0.018958679211081172
etc:0.022117371309126055
vs:0.032539161381555645
a:0.0013300039293775191
same:0.018496127147891547
j:0.0290869396145606
athena:0.056678858137241966
closely:0.04738634240062334
are:0.006122965539059291
d:0.017350897355971766
missed:0.04138983025931268
have:0.00973810691709815
follow:0.0359713553563551
ve:0.017382225705023187
hughes:0.04872107222674946
rights:0.03307808971136006
doing:0.02553050385871729
has:0.01014070927511001
love:0.0311639756207757
heard:0.05147899732228333
anybody:0.028948525189644716
writes:0.006297737057310118
get:0.012517847383724976
of:0.00740726040250433
available:0.025724417407754573
but:0.006336030688099146
groups:0.03504557712844183
who:0.012314789278417605
david:0.02377566894613804
recovery:0.05459263369854973
in:0.003384375274180771
and:0.005454248778439855
for:0.018591363594975655
subject:0.00025425673230493616
i:0.00909041463073309
group:0.025686818426729957
person:0.02671613751498906
binaries:0.061674329262233894
pretty:0.02740971482780597
cost:0.03162864385096077
the:0.004307160057080302
do:0.006841123037204731
thing:0.02156126128690435
linux:0.2539162331430563
regards:0.039327310447730135
joe:0.07579941384615117
bought:0.03488651189398534
about:0.01876221295851184
hold:0.03304552964708591
is:0.0025587869227682277
fee:0.04791348616332015
article:0.007717456003015248
ports:0.04688685215898008
high:0.026641179291824014
news:0.058454790784065125
