some:0.00589665088451189
reference:0.018846631631405833
go:0.009825415413101652
say:0.009583560476098705
there:0.004635247401904786
help:0.010808549091120188
pass:0.02050139000096614
thanks:0.0100676093177584
graphics:0.017771421414847083
widget:0.12724947873201456
with:0.008861020860447688
terror:0.03037605558601989
into:0.0090444641564767
arguments:0.042015359951336886
turn:0.01728019259956826
suggests:0.024901239983762532
several:0.014234602889229276
to:0.004176361091184336
gcc:0.12240223774955096
building:0.019194280650700262
w:0.01562798411630987
software:0.014221140850915439
that:0.005256130688401164
problems:0.013853905231776632
so:0.005160659582752122
anyone:0.016898128784256478
error:0.01901746545036363
this:0.01325713228210654
off:0.011027562868466418
on:0.007681951897564999
set:0.06690440869004852
am:0.02476267207123281
support:0.013833112674411648
bill:0.015633908463089482
successfully:0.026403938816564516
more:0.006421308211215788
a:0.0021159153421915077
how:0.013286494921506306
as:0.008081961214313317
running:0.015290204103266172
copy:0.017255615884158297
let:0.011642109811882954
question:0.011025182239126791
advance:0.015977278872104293
are:0.006494054359608339
it:0.005194779238484424
have:0.0051641476075520495
try:0.012304998345168652
composite:0.03060055943738774
aix:0.029205340363508154
has:0.005377648858012884
call:0.013418970191912665
without:0.022699095806085808
get:0.006638252400460214
of:0.0039280926376916905
but:0.0033600162739919714
instance:0.021589676256363315
seems:0.011901449946369082
using:0.011133437265883438
they:0.004711715275291635
up:0.01357030677123621
now:0.008343002009486082
one:0.004966216705937488
code:0.032732449599310064
in:0.005384233390742136
compiled:0.026660364702288875
or:0.006811226845485711
message:0.01640060549777637
and:0.003856539540311009
for:0.004929528225940515
subject:0.00013483311561625404
austin.ibm.com:0.02635417974362001
i:0.003856539540311009
example:0.014198783554332853
group:0.013621797650538612
any:0.015504352519527384
actually:0.012345020843944872
source:0.01575387859444356
currently:0.018176431827562105
suggestions:0.03996966031384725
the:0.004568200060539715
kernel:0.03016110803845021
got:0.011172494048639264
can:0.004366494911301583
because:0.008912738883305626
linux:0.0538610191515574
instead:0.015493607634265867
an:0.009069678167290271
cc:0.028552755861083877
places:0.019266777183284522
just:0.005931255371039828
many:0.00935960114938431
about:0.004974829193544806
is:0.0027138649180875143
number:0.012637701254534133
multiple:0.021686991503160676
checking:0.02454289788289241
type:0.016366224799655032
does:0.006153983910795582
attempting:0.025247036949810314
trouble:0.019266777183284522
first:0.009482600148439602
too:0.009861201352850993
procedure:0.051066754138777655
under:0.01225920922780626
changing:0.043256755267732386
function:0.02077273040175484
passed:0.021826462043731246
release:0.020069714592864944
hp:0.08738681830416818
args:0.03638405592376654
built:0.018648977949872494
functions:0.023656793451042952
giving:0.019158418925702404
void:0.027774217074077522
compile:0.02635417974362001
s:0.006267033139959782
