okay:0.03950244161011465
know:0.011319955281268824
all:0.00875291587748891
true:0.02369982378126465
where:0.01694914493792442
with:0.005365388777885755
from:0.00776671793055207
throw:0.0391134915278423
colormap:0.0551785229911187
to:0.007586417394995399
colors:0.04183391443837656
within:0.02969220381947539
fails:0.08783219444353624
through:0.021738195358025934
nt:0.006551179373600354
its:0.01897086748655202
re:0.003430646814478629
this:0.009632705291218699
best:0.022341064953774626
set:0.024306555817669002
you:0.005099073297327724
specs:0.04445768925465062
posted:0.03131542132552198
a:0.0038435893371919134
j:0.02801952898650333
looked:0.0341743413255017
following:0.025112974982016163
exact:0.03918299422333274
are:0.005898269555974546
book:0.0570586882694252
it:0.006290925316329761
ken:0.07570775598375801
try:0.044704397657676934
only:0.012234277415314557
color:0.03389570740003107
mit:0.04701469294702696
writes:0.0060666274405280956
if:0.006148168988655132
but:0.00610351580046248
order:0.025727677625068734
find:0.019416942547462297
up:0.012325324498645731
in:0.006520356032825339
according:0.031555286280607504
nearest:0.0551785229911187
and:0.003502728573309999
for:0.0029848519533217798
subject:0.0002449262100185165
i:0.003502728573309999
away:0.025403519140584134
cell:0.05094166019607929
limits:0.04536936332633139
the:0.00622364870633163
do:0.006590072650518319
see:0.016232896893680515
when:0.011997013237098494
did:0.030163505384274595
return:0.06771316895076934
come:0.02202929976577439
friend:0.03186421485956703
an:0.008237597601483824
is:0.004929772970470898
printed:0.04464556568899503
match:0.17566438888707248
else:0.023179378214110615
hardware:0.03256588186857387
lee:0.07829635411696728
2:0.017875316991700998
hear:0.030400748295952365
first:0.017225273664137994
faqs:0.055797250337866706
supposed:0.03347426615978313
article:0.0074342466084091835
already:0.02665859010364543
before:0.01950636942406096
somewhere:0.03559193632020722
