nowhere:0.06144010923091444
thanks:0.023730793391859083
where:0.021993533312306687
access:0.03990924842879197
widget:0.11997807994732801
creating:0.05826595847789124
concerning:0.054467169564972676
from:0.020156482248337514
to:0.0016407132858224176
day:0.030277417092415142
family:0.1876412890056984
bunch:0.09657626240843631
that:0.004129816969458057
need:0.022871452279729
font:0.23767000660006737
used:0.023505517956391254
assume:0.041327244705823524
great:0.030014889151579485
size:0.04286758496506985
a:0.009975029470331393
how:0.015659083300346717
other:0.016420333188475127
stuff:0.03480257800801931
not:0.007177500102094819
have:0.01825895046955903
found:0.03183952982448806
get:0.03129461845931243
were:0.01846789639847975
of:0.009259075503130411
but:0.007920038360123931
instance:0.10177990235142703
using:0.026243102126725246
and:0.01590822560378291
subject:0.0003178209153811702
i:0.00909041463073309
source:0.03713414240118838
the:0.004486625059458648
do:0.008551403796505912
when:0.015567552890996855
can:0.020584904581850316
carl:0.23140446575298554
an:0.010689263554306388
weight:0.2116637000477752
