library:0.15507809598893257
some:0.043242106486420524
thanks:0.07382913499689492
software:0.10428836624004653
could:0.05589293167874286
me:0.04013291408905721
this:0.038887588027512514
soul:0.15612886254927394
kind:0.10205654433196518
personal:0.12421835078502651
list:0.10783809618228073
direction:0.16363519944591223
in:0.006580729699795943
point:0.0815383689355578
for:0.036149873656897105
subject:0.0009887761811858628
group:0.19978636554123297
the:0.00558335562954854
right:0.07184717014038146
faq:0.28756259725168587
e-mail:0.10184058432045431
