xt:0.040925700670469536
some:0.018680590002133665
go:0.015563458014353018
out:0.009425416792643679
there:0.007342231884617179
anyway:0.024388110573156273
widget:0.04031263486230221
your:0.0100794577774501
with:0.004678619014316379
though:0.019884353612885437
ca:0.032904777537477135
into:0.014326431223859092
from:0.006772578035441405
my:0.00760171409064241
weekend:0.040378478855394334
to:0.004410237312290659
gl:0.19110078053162052
job:0.02777190844231341
then:0.012767042798206426
quite:0.021249595056875212
like:0.01863422501613877
id:0.03751847046418603
nt:0.017137885241338524
location:0.036726615795795226
rob:0.03520546153599391
re:0.0029915240222253645
so:0.016348969558158722
this:0.004199859506971352
on:0.00405607060191432
you:0.004446391915269775
a:0.001117203300677116
how:0.010522903977832995
hard:0.021633867220604074
worked:0.030753310724594796
fine:0.025913252623364483
exact:0.03416757096274615
turning:0.03794587179757468
xlib:0.043298268829421754
mwm:0.04811567204825551
it:0.02468559094127798
calling:0.032904004956379664
aix:0.046261259135796914
doing:0.02144562324132252
has:0.008518195791092408
bogus:0.0474486191767431
down:0.018914924615625266
things:0.017877807425121996
trying:0.02157062578454717
cmu.edu:0.049036226686533804
3.1:0.031372175863017736
fact:0.019186137029030714
port:0.03335821708279632
find:0.016931573901387123
now:0.013215315183025954
good:0.012960078810875993
code:0.05184820016530714
in:0.0028428752303118476
yes:0.02133476696403111
and:0.007635948289815797
subject:0.00021357565513614637
i:0.003054379315926319
info:0.02356316367513918
possible:0.020615772983716658
pretty:0.023024160455357014
the:0.0006030024079912424
do:0.0057465433512519735
when:0.010461395542749887
ibm:0.031523736552957336
can:0.006916527939501707
named:0.03729053481783159
last:0.017441300416475982
an:0.007183185108493894
just:0.009395108507727087
warning:0.034321126540795326
about:0.007880129442574973
mix:0.041287753403174504
right:0.015518988750322397
spent:0.034734737535810446
window:0.027895941934601133
does:0.019495821029400402
pages:0.03596794297442852
x:0.07308383974910646
under:0.03883717483369023
feels:0.040925700670469536
before:0.017009554137781154
documentation:0.03581699509999345
somewhere:0.031036168471220694
seem:0.022077700439165904
check:0.026474492516701514
s:0.024817451234240732
