root:0.09690537226514954
characters:0.048692085667399077
at:0.004235408713723227
correct:0.03146362923251393
final:0.018541578832868246
know:0.005932091950280298
help:0.010288907307893256
with:0.008435010242156933
wrote:0.01238257199371568
to:0.0026503830001746746
0:0.035241887389138776
line:0.027151959123134506
then:0.0076725016816144385
value:0.017951215479599363
keyboard:0.021849918442177867
make:0.01692385080143946
that:0.0066712427968168625
motif:0.022603061759703717
bit:0.039304099010418744
through:0.011391650452042438
responses:0.02132657995702363
vi:0.02755878143436405
greatly:0.01876408245096443
anyone:0.00804285937327592
this:0.0025239540306318223
two:0.00896533381083323
am:0.007857386330295027
state:0.02555493641289054
xterm:0.05036471362050905
input:0.04103030095552612
why:0.008556358558432724
transmit:0.02725342852223748
sure:0.010490596250765403
a:0.003356981071746142
following:0.026320329548459247
character:0.06584114052822859
no:0.010824478232524134
it:0.0016483434122114037
application:0.03548430488285509
have:0.0024579356401329467
being:0.03741930634471439
shift:0.023297539080562105
only:0.012822463829512371
has:0.005119108047531495
be:0.005562127472475686
which:0.01863306248823343
14:0.017951215479599363
showing:0.02064434768089333
get:0.012638211300876176
of:0.002804431522582769
key:0.09247622224720892
gives:0.034966581498039474
what:0.004425202418253035
but:0.0031984770300500496
order:0.04044687780479556
using:0.010598175858869812
please:0.00920872767742911
up:0.006458944088232619
email:0.013191820475807409
in:0.005125376016187225
yes:0.025642748754845086
or:0.00648376401637582
use:0.007994132344939174
and:0.0027533467391162732
subject:0.0001283507542885495
each:0.012240429795002958
create:0.018282911977132783
values:0.020533396011265713
i:0.00826004021734882
sees:0.025479834712745335
appreciated:0.016272894803731938
back:0.0101267150003247
any:0.009839300637392379
program:0.013349199194154207
event:0.03993020142497089
the:0.006522862586443728
do:0.003453451533204311
when:0.01886068907947696
can:0.004156567271335161
sequence:0.04998759137865059
an:0.004316817973854504
jim:0.03256087256681606
problem:0.020341973961976772
press:0.017246876734459935
entire:0.01792989530138847
is:0.007750171929538382
ignored:0.024680625967349514
having:0.012581208617405585
new:0.008288459446555515
time:0.022781393796688178
window:0.05029316454555493
events:0.01956033104315685
does:0.005858119299699641
run:0.012869396290324015
entered:0.02410955127509006
notice:0.019413295353868
serial:0.03980113392177723
16:0.05029316454555493
string:0.05095966942549067
transmitted:0.026020594248450574
under:0.011669824168777113
by:0.004761709013544068
high:0.040346016715983486
while:0.01043433897056982
