some:0.0072517818331264226
there:0.005700490593646878
search:0.026504045337731156
thanks:0.012381283508796043
with:0.003632468178817064
response:0.021811171134331314
from:0.005258212760435873
post:0.016040855928143978
r4:0.03763298614038988
both:0.013948472560920732
several:0.035011818286551505
my:0.023607807734914315
to:0.0008560243230377831
w:0.03843901683266278
r5:0.036025149904884986
export.lcs.mit.edu:0.03613508516637194
might:0.026423417836999325
that:0.012928122686999137
provide:0.02097487998933797
indeed:0.02290833731990444
like:0.00723378300315946
really:0.012120470454602024
talking:0.020246529070573095
along:0.021701623671684687
me:0.006730364474562389
re:0.0023226118184979535
had:0.009530487488708914
this:0.0032607604867789996
two:0.011582543059958456
contrib:0.03854356672543259
directory:0.026183101172859602
on:0.006298246276264471
brown:0.028848468144442276
x11:0.03311950867083343
sequences:0.07392894539640256
support:0.01701215099089134
xterm:0.13013491221199852
bugs:0.0315056880624557
m:0.008501954733640198
fun:0.02556678667660767
other:0.008567130359204414
same:0.012062691618190138
uunet:0.023459579580231583
was:0.010999517193806032
as:0.004969653169049804
old:0.016446665107716297
also:0.018428535797261694
stuff:0.01815786678679268
gathered:0.035114569319842276
are:0.007986476790077334
those:0.011527426424146335
it:0.006388610492049167
only:0.016565667556140206
ve:0.022672468310899804
color:0.022948025506853327
larry:0.056456932123888144
mit:0.03182982317531639
mouse:0.053986735120842615
shows:0.0240013331529187
regarding:0.024577617211620353
be:0.00718585412593132
which:0.008024175978369675
noticed:0.025193807584809474
gerard:0.042530236825882244
found:0.033223857208161456
writes:0.012321659459954578
making:0.019096939073741635
of:0.003623116501224944
what:0.00571703169563125
but:0.004132193927021181
years:0.013849536788698096
version:0.019381805016556425
ansi:0.11716308709996806
latest:0.025877929194116467
who:0.00803138431201148
accept:0.02218703087368157
now:0.01026033787502015
called:0.016659965812774742
over:0.012459259332418371
in:0.003310801898655102
or:0.008376539847243295
and:0.002371412512365154
for:0.008083201563032893
subject:0.00016581960802495836
i:0.007114237537095463
we:0.008371080159714099
any:0.006355821529744145
information:0.015147958288719036
program:0.017246170387478728
source:0.019374335165837416
the:0.001872678285687088
wrong:0.016418770539315904
do:0.004461601980785693
thing:0.014061692143633269
colour:0.03285231994360554
would:0.005792854944747677
can:0.0053699751083087785
meant:0.02528980918876408
an:0.005577007071812029
thought:0.016674449721687655
about:0.00611811292125386
requests:0.03259615249929468
is:0.005006322240198706
x:0.0189140372021497
escape:0.053986735120842615
article:0.005033123480227335
testing:0.030578381842813092
lots:0.022662701934263108
going:0.013526805490991816
by:0.006151773135510348
