mode:0.061764278169003727
at:0.007104556552051863
out:0.009501428218390805
help:0.017258812258401587
means:0.02285963887450607
graphics:0.028376947097900982
with:0.00943269962563786
missing:0.03481973760797781
batch:0.04736135878200734
my:0.02298905470960406
via:0.02756638208561004
to:0.0011114509355571215
clock:0.034597909819350126
really:0.031474124890176224
affect:0.039527886934772
re:0.003015649215952988
scott:0.06164640408341139
this:0.004233729341704992
programs:0.028493404228181585
consistent:0.03759126493733023
slower:0.03941349471709494
on:0.004088780848703951
you:0.017928999658345865
henry:0.07379422973318879
disclaimer:0.030274641347372473
am:0.01318013190888198
working:0.025552733957311346
m:0.01103882832351671
a:0.0011262130047148347
other:0.011123451514773473
as:0.0064525335501372455
running:0.07324500997854923
services:0.03223114215696217
silicon:0.04384178351013532
chip:0.02606777707905866
processes:0.04466963959126502
display:0.0297267856204474
are:0.005184769206461496
no:0.009078594646633143
not:0.0048621774885158455
sgi:0.04489059906052401
generating:0.04816047896462211
25:0.029658730228142038
found:0.02156871375207256
writes:0.005332761217883567
if:0.010808877738119504
of:0.0015680692384333762
what:0.007422920185456703
networking:0.04963081410005723
using:0.017777585311652584
login:0.04445457308253792
code:0.05226633081180155
in:0.005731603286919048
cpu:0.07213648990957047
our:0.01798205986274511
competing:0.04571542848891448
or:0.005437995626637784
and:0.0015395057035918946
for:0.0026237811525167258
subject:0.00021529803945176046
i:0.0030790114071837893
top:0.027271227630381575
yet:0.02121023179585616
than:0.011537107114673073
the:0.003039326653181665
see:0.014269240011380451
when:0.01054576163583658
can:0.00697230639062672
gospel:0.04154639129267653
an:0.007241114020659167
sgi.com:0.05004446969995683
garbage:0.043001942709711145
is:0.015167003130924575
itself:0.027121418069309514
time:0.012737983628255754
dale:0.3113432623036199
run:0.04317474884495798
unless:0.02482307601403622
blank:0.04445457308253792
nice:0.02548176981253837
article:0.006534942583198395
very:0.014058407191801993
remotely:0.04904758295828605
remote:0.03633518002273964
going:0.017563029710078084
by:0.00798738286142876
seem:0.022255746410449497
