ideas:0.03952740260482935
versions:0.04879585736976653
with:0.006426674470214807
from:0.009302991806925008
to:0.0045435137145851566
add:0.03776066391705186
think:0.01582140689591819
motif:0.1549924234951112
could:0.016583617091495136
french:0.054933113363323544
re:0.004109236294265611
server:0.08796612626698097
so:0.01122868788335077
something:0.021875399089709043
these:0.018204790913175194
on:0.00557152555208011
you:0.036646087213761884
onto:0.04784794149850931
a:0.004603859755537567
want:0.02079777986496903
running:0.0665375914823451
are:0.01412992047475221
it:0.0075352841701092745
not:0.013250769419251976
should:0.018052880683884394
expect:0.03798045146327899
incompatible:0.06373680367787345
yourself:0.03853049089422629
be:0.006356717111400784
get:0.014443670058144202
dec:0.10901754900955302
if:0.007364290327070432
of:0.002136709731491634
key:0.03522903704655578
what:0.010114748384578365
errors:0.04718708041347048
in:0.0019525241966427526
x11r4:0.12598300084280709
or:0.014820032037430448
apollo:0.18688065272391413
install:0.04855110313230363
and:0.004195575983415274
subject:0.00029337315265954173
victor:0.27897111389250784
i:0.004195575983415274
any:0.011244915014162719
the:0.0016566000219539628
do:0.007893603504466997
can:0.019001450383246448
specific:0.04027644273044432
problem:0.02324797024225917
people:0.016541463077726568
toolkit:0.06029001731682903
warning:0.047144404589004575
is:0.002952446449347955
type:0.0356100275860626
run:0.029415762949312033
x:0.03346329658841871
string:0.05823962220056077
convert:0.04701736258459714
fault:0.048648351651830915
s:0.013635962216615788
