some:0.024323684898611544
help:0.04458526500087077
all:0.0198764131384644
thanks:0.04152888843575339
setting:0.0896216011950543
someone:0.04590537738881291
via:0.07121315372115927
to:0.0028712482501892307
through:0.049363818625517225
me:0.02257476417509468
phone:0.061194731796032686
hi:0.06564618041696677
pointers:0.1104126170885631
openwindows:0.11484098046322296
a:0.002909383595513323
defence:0.12441457065860712
not:0.012560625178665935
ve:0.03802361872973821
sun:0.07559358966872586
but:0.01386006713021688
please:0.07980897320438561
find:0.04409264036819563
up:0.02798875771567468
imake:0.27948359110799514
email:0.057164555395165434
in:0.003701660456135218
5:0.054143185144118394
subject:0.0005561866019170479
i:0.003977056400945728
any:0.02131848471435015
the:0.001570318770810527
can:0.036023583018238055
450:0.12315155770409805
ltd:0.11226568971390677
paul:0.27291854092575474
division:0.08255348783584027
aerospace:0.12874039075815388
e-mail:0.05728532868025555
give:0.04923408898658347
documentation:0.09327342473956626
needed:0.06949630604450044
checked:0.09376596146992129
