root:0.04753848450743185
keys:0.05545534818546936
another:0.010459930803719712
some:0.005507249411006387
okay:0.020310217620294793
characters:0.04777336706990098
sleep:0.023222261682513717
filename:0.03008190801755333
correct:0.01543498792538419
all:0.009000639911757464
x11r5:0.04552660911043499
send:0.01383654302300105
existing:0.020422979511113444
with:0.0027586197018374873
though:0.023448530203874336
ca:0.009700700924963779
from:0.003993265351085734
work:0.009552228603727847
except:0.015209251976433082
my:0.008964285484248125
to:0.003250469717195356
besides:0.01910418299121174
ii:0.017317923609009987
keyboard:0.0857506233202452
sparc:0.07692992200835067
make:0.008302266430894828
that:0.0016363425728041358
nt:0.006736590110589042
population:0.01861295535322779
could:0.0071184394119153645
re:0.003527740592246892
started:0.015468136207494836
exactly:0.015171616289018907
sunos:0.02388668353495049
anyone:0.007891107309629204
this:0.0024763322564689575
off:0.010299327584699767
path:0.020924191655947708
hi:0.014863286132143418
two:0.008796176569119393
contrib:0.029271293598087958
directory:0.019884336268067907
on:0.014349306374696886
you:0.013108466731337781
fix:0.020519051694247566
etc:0.01095435843140677
state:0.012536383900663283
xterm:0.04941443600502775
m:0.00645667317035883
sure:0.010292660472449073
a:0.0019761850837448987
same:0.0091608176911727
want:0.017854697808605487
xdm:0.02879920181244181
following:0.01291185977848944
layout:0.0270388044261685
also:0.006997627979620596
starts:0.042193041267861976
display:0.0347747303484479
setup:0.04163919597704332
are:0.009097802569828664
works:0.014033613177126132
recognized:0.023579779792747366
it:0.0032344851862261504
not:0.005687830269584574
have:0.0024115594959794946
typing:0.02673921288974243
properly:0.020310217620294793
color:0.017427509936808423
after:0.009100064564457317
open:0.015589436692232844
environment:0.019800252381499035
sun:0.017115529736315287
sending:0.021414129690858288
which:0.006093831757158103
composed:0.02879920181244181
writes:0.0031191622217809543
get:0.012399754483878513
if:0.003161086885676459
end:0.01275581793667693
of:0.001834345146846591
even:0.007920563432858612
institute:0.018360650235534463
key:0.015121897977531017
using:0.010398210276626983
administrator:0.026001731425635385
up:0.012674154437286648
david:0.011775685091247613
good:0.007641555902639147
in:0.002514335404167318
system:0.010543501553030778
or:0.003180714423127761
use:0.015686599318371207
install:0.04168066400980783
and:0.001800931200428254
for:0.001534664447698462
subject:0.00012592904194348253
grey:0.051758411092749444
i:0.005402793601284762
research:0.01456288434215461
the:0.006755333580090569
when:0.012336551347582414
level:0.016606297936762965
boring:0.026886630547780663
colour:0.024949167504341944
can:0.0040781414737627985
did:0.015508594749461938
page:0.019833706288619277
last:0.010283785622922158
an:0.012706105734364198
10:0.054535316186720084
just:0.011079137391187602
is:0.0025346474234968293
export:0.024477075718695798
patch:0.04989833500868389
window:0.03289615794174662
events:0.019191268193285965
23:0.020422979511113444
x:0.014363962214840105
dave:0.016539031468748078
dog:0.023469650717289858
article:0.003822324907153778
very:0.008222841942374751
passed:0.020385091908767857
comes:0.014264982722856187
process:0.017059262892611168
by:0.004671865447250783
seem:0.01301751205139499
s:0.005853172460905833
