with:0.01026012941736048
from:0.022278217221846724
loose:0.045773049028392646
both:0.01969915861673893
mono:0.1588536292829135
to:0.0012089466316586234
matthew:0.07519776036528938
front:0.03085044674882398
been:0.012870529712468765
make:0.015439302485523715
that:0.003043023030126989
like:0.010216132136040992
through:0.020784765737059882
this:0.013815327325563656
two:0.01635780204081852
on:0.013342337506297102
am:0.014336283830713732
sure:0.019140737018940382
a:0.01102503257247154
same:0.03407181316716864
also:0.013013132734031284
care:0.027772078432227166
not:0.010577368571508155
have:0.0089693090025904
picked:0.041878914037726325
tube:0.09354808589481022
color:0.0972271607000891
after:0.016922927084780274
has:0.02802038089175134
screen:0.09837650447647493
sun:0.09548663958154845
anybody:0.02666311530625171
if:0.011757024908129987
monitor:0.06574168140506681
looking:0.022753380222865296
using:0.019337022619692286
up:0.01178474009081039
system:0.05882164024322434
and:0.006698200254224383
subject:0.0002341838323861254
i:0.01172185044489267
back:0.036953626667851534
possible:0.04521002847306284
the:0.0072730553595434936
do:0.006301034376372777
would:0.008181137246529614
page:0.03688373450164287
is:0.004713554857730945
done:0.02323389080193595
having:0.022955187652810186
headed:0.10028010556975335
motherboard:0.03960723012045133
man:0.025421485428028058
2:0.01709131186048604
x:0.026711929732860545
before:0.01865082690546179
built:0.03239033012346275
