believe:0.017808785904347053
out:0.009657189336725082
there:0.015045557140608975
help:0.017541743606899977
all:0.007820228120051568
access:0.027478498918184636
way:0.014199777209397897
from:0.006939116839591603
name:0.022641250047788945
my:0.0077886414863139455
to:0.00451868577078961
0:0.030042264659593712
then:0.013080986473572158
connected:0.03725231996699177
client:0.08207899173064845
that:0.00853044160904451
memory:0.02771829693579767
me:0.0177637488590909
this:0.004303134740749336
on:0.012467430128834998
detect:0.08400986116763834
you:0.009111458842765933
tell:0.019754303718216827
am:0.01339619964509316
inc:0.030008323736101652
vs:0.028005015943142152
a:0.009157404103910787
how:0.010781663911714135
other:0.011305803178950089
same:0.015918797955152563
running:0.024815249282350016
local:0.10020929350544105
also:0.012159812554750545
display:0.15107054987440482
are:0.01053953084592173
not:0.004941885316196434
should:0.013465673296995734
application:0.030248915637843682
have:0.0041905787962922365
being:0.01594921254037007
settings:0.04123701677990668
real:0.020963884049165965
connection:0.03529316504510243
technologies:0.040473980525267246
get:0.010773557174517397
if:0.010986072455137857
trying:0.022101051008757346
host:0.03923651309157971
but:0.00545314116598697
find:0.017347924079290086
system:0.01832149450198791
or:0.005527143095926929
better:0.018329638289355764
and:0.001564743502011434
for:0.005333587916591377
subject:0.0002188275155083467
i:0.009388461012068602
valid:0.035196920636277156
any:0.00838760054335088
the:0.0030891516802830036
thank:0.029758150055487823
can:0.021259819486173278
maybe:0.021704205592969872
jim:0.05551361880244048
company:0.02759121343960123
shared:0.04097469931198723
is:0.013213407879868716
strings:0.05065195701960153
life:0.022871961912202542
string:0.08688205934837753
under:0.019896093664800323
remote:0.07386167742327403
give:0.019370789109475466
check:0.027125504627767947
