some:0.004111045334976599
reference:0.013139553038797023
read:0.007982405147527894
at:0.003101989480473349
know:0.00434463072414895
all:0.003359393769881307
send:0.010328687045338812
situation:0.012408916509769713
means:0.009980969086051946
thanks:0.0070189670595639546
graphics:0.03716980394513791
your:0.004436381064018531
with:0.002059251326723758
way:0.00609990429417797
option:0.01475567331779008
active:0.03146353517490752
from:0.002980888219824562
subsequent:0.019503645455341067
wisdom:0.017110893594410904
options:0.015933029608016958
item:0.017135093873593164
to:0.004852813943981799
displays:0.03590259347998439
connected:0.016002757168919
been:0.005166339391624786
that:0.010993456439824969
think:0.005069535308199138
motif:0.01655435509161399
terminal:0.01681055000105916
higher:0.013069978567034832
nt:0.00251436109761422
updated:0.018107817030734566
me:0.0038154531000160028
need:0.013529591489417157
brought:0.013642228318787562
behavior:0.014959116277884486
this:0.003697059425150838
two:0.006566159974131378
these:0.0058332252573906436
on:0.010711454054351196
focus:0.052805422352772274
you:0.0019570386951011333
contained:0.018075951412706685
xterm:0.25820782757556754
input:0.04507554189480334
m:0.009639540226169523
a:0.006884175268256877
other:0.009713436534027542
running:0.02132014374962466
border:0.0341737170122697
let:0.008116682192791637
button:0.016744732631298057
starts:0.015748106952089332
taking:0.01199630293715354
d:0.006414944444989561
place:0.009575449356747978
displaying:0.019749978513816106
desired:0.019229132985377293
it:0.006036187143309365
not:0.004245845130816654
should:0.011569099593193518
statement:0.012229575421453542
vax:0.020884075341876362
typing:0.01996025750924435
shift:0.017062986368862387
ve:0.006426527109251529
color:0.013009267980997838
always:0.009355479218305308
command:0.01449384737652759
mouse:0.015302578088830392
has:0.003749205893966729
screen:0.013163053415866365
highest:0.016616677546189347
be:0.00814734164982354
dec:0.017465839718079794
if:0.007079053729895169
of:0.005477199593401089
future:0.02467962200223838
menu:0.03627994732599922
vms:0.020678903130172222
what:0.006481986640821347
but:0.007027639671659263
fact:0.008444602565594504
windows:0.00967326472332219
please:0.006744420270793151
commands:0.017039274987942162
up:0.014191482785412513
one:0.006924724702645229
email:0.009661614996365989
in:0.0025025310125984575
become:0.01166275624927869
or:0.0047486722373456716
and:0.004033071279832287
for:0.002291189175437141
subject:9.40033693380926e-05
space:0.010765889991243323
i:0.003360892733193573
top:0.047628622903765
cox:0.02256729999308411
any:0.003603124177073265
information:0.008587398889027341
will:0.007981023555656932
than:0.010074656917038459
the:0.007962179682982955
when:0.004604487474801887
level:0.024792501145026402
got:0.007789274019825965
would:0.0032839776271280847
can:0.00304424645224547
an:0.009484839491849332
problem:0.00744917356354079
makes:0.009834429162859063
is:0.006622212634629039
move:0.012453609561876822
stays:0.06330583944518635
time:0.0055616548236046255
window:0.012278143457130781
does:0.00858090714322201
2:0.006860597014420454
runs:0.013210530001561038
1:0.006896210887058833
icon:0.03949995702763221
guess:0.010549849517379062
whenever:0.01670152807991843
words:0.011647391308124559
fortran:0.06527681784920479
describing:0.018550666985977644
dumb:0.018107817030734566
give:0.008321254476605658
by:0.0034874488549900217
x-windows:0.020422708220727052
while:0.007642051077037051
james:0.012181668195905026
