some:0.01347157932846178
pc:0.06409311657688237
at:0.016941634854892907
there:0.003529919175296721
help:0.008231125846314604
all:0.007338983312663779
mb:0.017557637474194292
tried:0.011914861742448735
thanks:0.015333743422432024
with:0.0044986721291503644
into:0.006887707319163025
1.0:0.02110150606089016
times:0.010809523621127026
from:0.009768141397271257
copying:0.021922944908190387
work:0.007788740246116553
my:0.029237361887086196
to:0.004770689400314414
line:0.04344313459701521
besides:0.015577256900526497
clients:0.04110223640146745
usable:0.04461576257451141
connected:0.05243980426122688
basic:0.01469097234446154
software:0.01082994572492791
sparc:0.08363663315779661
that:0.0026684971187267447
terminal:0.018362293078080006
talking:0.01253727377062411
me:0.004167648770786711
performed:0.019078071076671775
server:0.03078814419344334
recommendations:0.02072597348564433
comments:0.014169250053958077
had:0.011803142197554886
this:0.00807665289802183
off:0.00839791326137058
editing:0.022445258528032933
unix:0.015240643908155127
directory:0.03242676376023382
on:0.009750169716140192
performance:0.014580812436910062
brain:0.01695914768833382
consists:0.020909158289449153
came:0.011610487432607489
a:0.005371169714793828
same:0.007469589809725433
hostname:0.05541571594542904
was:0.013622478986175164
responded:0.020145885448203622
as:0.0030773621546808403
running:0.011644078509410391
worked:0.014785245540670577
said:0.008428864725628586
removing:0.019575039274671805
local:0.01175532096890751
given:0.010722259843004928
question:0.008396100320565788
definitely:0.016368660554310705
stuff:0.02248781963595094
ultra:0.02059409243380344
display:0.014177390065136453
files:0.012728121402260343
product:0.015349607395179073
it:0.002637349459538246
not:0.002318884648369096
should:0.006318508239359537
received:0.014881887656352968
only:0.010257971063609898
baud:0.020862537672017057
has:0.004095286438025196
ati:0.01974450077387961
installation:0.019078071076671775
environment:0.016144821172606908
anybody:0.01169075055735652
be:0.0022248509889902742
asked:0.012970388072070889
which:0.004968816663528915
recommended:0.018879332574578238
gerard:0.052672062530515706
down:0.009093713757512147
of:0.002991393624088287
host:0.018410979219895096
version:0.024003620058966037
windows:0.05283090733506734
they:0.0035881524019528606
who:0.004973280285514801
called:0.010316363445602822
over:0.023145470221377206
one:0.0037819650299062407
damaged:0.021802742817789985
in:0.0013667669376499268
become:0.012739318364596724
installed:0.01540526905905805
office:0.014041299665562158
bitmap:0.02046658394412305
install:0.01699288609630627
and:0.0029369031883906913
for:0.005005367121724215
subject:0.00010268060343083961
i:0.005873806376781383
person:0.010789209381053273
back:0.00810137200025976
allow:0.013485671812979202
will:0.0043588667111664784
the:0.0052182900691549825
home:0.03380034290609248
slick:0.022110599385765123
put:0.009567151152102998
an:0.003453454379083603
problem:0.008136789584790709
people:0.005789512077204298
replies:0.017237723987736955
many:0.014255392519831489
about:0.003788523770468737
head:0.013280229751752628
is:0.0010333562572717842
planned:0.018991637015702324
export:0.019958230970628883
yesterday:0.016909088580210476
time:0.012150076691567029
window:0.013411510545481314
2:0.0149877657853493
run:0.010295517032259211
thru:0.019849881443833896
serial:0.015920453568710895
ordered:0.0180155580896404
16:0.013411510545481314
x:0.023424307611893097
first:0.007221364728427082
non:0.019078071076671775
very:0.013409557629103442
u:0.014544782629203907
remote:0.017329085856998907
bin:0.02504190727825319
delay:0.02120141177782578
kicked:0.02204702514749124
side:0.012386015686812283
majority:0.015856879330437005
by:0.0038093672108352543
sales:0.018612131140675284
9600:0.022587724957572736
while:0.008347471176455856
everything:0.011883317245858666
