another:0.013199436490408206
some:0.006949624256746155
since:0.011909652520260007
at:0.005243839359847804
know:0.007344494795585129
all:0.0113579503648368
where:0.010996766656153343
user:0.022509782640434618
hans:0.07709291157779236
work:0.012054002761847045
several:0.01677649626230593
my:0.011312074539646444
to:0.004101783214556044
0:0.02181640647899067
visual:0.030503580543011534
been:0.008733573733460948
that:0.0020649084847290285
me:0.0064499326214556224
complete:0.022042951489849867
so:0.018246617810445
anyone:0.009957825890722567
phone:0.017484209084580767
this:0.0031248954664965414
th:0.03462945661777311
certain:0.01962092257000303
on:0.0030179096740433923
set:0.015770324905511435
none:0.021562560907269605
e.g:0.024162352501138663
input:0.02539971011532569
more:0.007567970391790035
a:0.007481272102748545
low:0.02021306273797512
surface:0.027172534186253067
let:0.013721057992576337
solution:0.023153911120436
helpful:0.02764644863842385
are:0.0038268534619120566
it:0.0020408061294045947
not:0.007177500102094819
should:0.03911457481508285
application:0.04393294890258248
have:0.006086316823186343
only:0.007937715703983848
area:0.019098018122972304
has:0.012675886593887511
be:0.013772887074701697
applications:0.02321607754401388
get:0.007823654614828108
things:0.02660388009690773
if:0.003988990593829817
of:0.003472153313673904
style:0.027326351038538112
even:0.00999499671289301
what:0.010957644083293227
but:0.007920038360123931
happening:0.027022592228940222
windows:0.03270484739789883
please:0.011401281886340802
they:0.005553093003022283
topics:0.031805301977326
over:0.011940123526900938
one:0.005853041117712038
in:0.0031728518195444726
according:0.020473370265394152
or:0.008027517353608158
rather:0.030636710153724562
use:0.00989749718897231
and:0.0011363018288416363
for:0.011619602246859784
subject:0.0001589104576905851
guide:0.02798474313106174
cursor:0.20084259633374735
research:0.018376973098433197
the:0.002691975035675189
when:0.023351329336495284
level:0.02095556644401041
complicated:0.059141703325236675
an:0.010689263554306388
problem:0.012592650547890383
busy:0.060796451834839726
is:0.009595450960380853
solid:0.02681882335011735
done:0.01576585447274225
31:0.027745933644219928
window:0.020755909177530604
easier:0.024861153061955955
expected:0.04939724123474206
matter:0.017981565547027036
1:0.011657880309075646
him:0.014264972043829212
faq:0.02310770870772476
e-mail:0.0163672367657873
shown:0.049159138059662655
give:0.014066882567595277
widgets:0.065467797388897
says:0.015244206812068856
clue:0.03019295105985338
defined:0.026016843624104512
defining:0.0699143867734394
attribute:0.03567233810006532
s:0.0036930731003334424
