school:0.04434785946092811
simply:0.03730052853516329
at:0.010743475761639403
out:0.014368013403420242
help:0.026098691707826794
tel:0.04957863511339484
fax:0.03730052853516329
with:0.021396123541081
from:0.010324051883294825
0:0.17878811163270403
mydisplay:0.2758725113241581
segment:0.07308479025379237
fails:0.05837627557527713
engineer:0.05437323585038956
sparc:0.06629733116166805
bytes:0.06260451464888657
me:0.013214496102494448
anyone:0.020401399385870624
error:0.045920221453317055
2.0:0.057192790341747
on:0.012366068908275364
am:0.019930931179284947
8:0.03600599124846179
openwindows:0.13444797712767567
a:0.006812215248031195
crashes:0.07094815502177906
below:0.04526675503704747
running:0.0738404978645537
given:0.033997409258308305
fine:0.0395019094868361
xlib:0.0660034585814356
works:0.03628202431159439
displaying:0.13680472921765302
vax:0.07233021215966935
systems:0.0365904526863733
call:0.03240190363413058
which:0.01575478454289656
of:0.002371226653240715
code:0.039518445247947516
and:0.006984099045563228
subject:0.0003255726450246134
i:0.002328033015187743
xputimage:0.08128105575820838
program:0.10158414996527103
images:0.05190063102586322
than:0.01744635710023733
the:0.0036768439511661124
greater:0.05145223044309384
can:0.010543487712655042
an:0.010949977299533375
problem:0.05159915346452645
i/o:0.06293864848044894
paul:0.07987859734412335
is:0.003276495449886145
3.0:0.11274986774250507
having:0.031913309663662945
image:0.04513491459675216
e-mail:0.03353287532502764
