since:0.009053491508613943
at:0.007972534049361367
know:0.005583145364969692
pass:0.01836776117733618
situation:0.01594629994920633
situations:0.021631246015810256
access:0.01516912609963134
your:0.005701050779100736
with:0.005292555446059252
c:0.035105398580483616
continues:0.022410639250222984
into:0.008103185081368265
response:0.01588958621098345
such:0.008701435309809043
work:0.009163223818960651
several:0.01275317362926424
my:0.008599224084437116
to:0.004988956235622917
line:0.012777392528533887
most:0.008400884452339538
fails:0.021659975552817762
value:0.016895261627858225
appreciate:0.01737200604259952
perhaps:0.013069961708778487
behave:0.02593767664410734
that:0.0062788167499452825
problems:0.03723628827002407
like:0.0105397200317527
need:0.00869322168098297
comments:0.016669705945833033
this:0.009501944585908037
these:0.014992180752026631
on:0.006882472740804841
you:0.005029855107771239
fix:0.019683434204436582
used:0.008934224019623826
am:0.01479037426879064
a:0.007582827832650109
other:0.006241212614624031
as:0.014481704257321601
running:0.01369891589342399
following:0.012386037434569057
solved:0.02459900975229312
also:0.006712656704432428
are:0.0029091012742136903
it:0.0015513820350224977
not:0.0163685975178995
have:0.013880107144280169
similarly:0.022410639250222984
aix:0.078497611655764
familiar:0.020844608324394047
be:0.002617471751753264
if:0.0030323548405584134
of:0.007918394887292525
trying:0.012200580194879622
gives:0.016454861881430343
but:0.006020662644800093
treat:0.043672584305032666
particular:0.015344124199474242
ok:0.014768548373352635
version:0.014119776505274139
hash:0.058604566267281076
lines:0.01598724943119691
easy:0.01499403422741542
parameter:0.056158499934793195
up:0.006079006200689524
david:0.011296132304726219
comment:0.017780983696302096
imake:0.12140463686139157
makefile:0.09047574532361656
in:0.0008039805515587806
symbol:0.05331996999040367
x11r4:0.05187535328821468
use:0.022571667797475315
better:0.01011862385204255
and:0.0034551802216361074
for:0.0014721668005071222
known:0.014737234152336463
subject:0.00012080070991863483
however:0.010846601376456622
i:0.006046565387863187
information:0.011035390427528349
will:0.005128078483725269
later:0.014458877959084633
the:0.006139164787241156
do:0.006500614650737527
when:0.011834157853789466
ibm:0.03566033546714631
start:0.05099659887570159
would:0.01266040243580601
come:0.010865129748730357
an:0.004062887504804239
solutions:0.042600017787065805
many:0.008385525011665581
about:0.008914173577573499
is:0.003647139731547474
having:0.011841137522264079
does:0.011027048093552266
2:0.017632665629822707
build:0.016885217479721062
thru:0.023352801698628117
1:0.008862099058482845
handle:0.018381705369813137
dave:0.015865496250563767
thus:0.015074004854643917
s:0.005614807971547678
news:0.013886319077662529
