out:0.007751165125529341
i.e:0.02272723024325923
widget:0.033151837880182736
with:0.0076950970630203595
approach:0.027080609571933128
name:0.07269032910079608
my:0.006251409614015139
to:0.007253679789951741
displays:0.033540580751038045
value:0.12282410591304826
that:0.002282267272595242
motif:0.030930505565910347
like:0.0076620991020307444
so:0.006722438140690263
file:0.11994023220230561
this:0.003453831831390914
map:0.032633542631149086
directory:0.05546683274776837
corresponding:0.07218936283988739
m:0.009005359948132053
a:0.004593763571863142
false:0.027546767050665655
as:0.010527817897592348
developing:0.03243714155779592
button:0.0938586329070128
scale:0.15918270054524913
display:0.04850159759125628
are:0.004229680142113326
co:0.030032800942700756
not:0.007933026428631116
application:0.024278734919848215
only:0.008773264725455832
pointer:0.0374997741850625
between:0.01528201214504214
null:0.07306106528121897
mapping:0.036441021771821465
open:0.021743161702324754
uses:0.022467073222608137
g:0.023256591848759882
get:0.008647197205862647
of:0.007675286272331788
what:0.006055540151293626
using:0.014502766964769214
highly:0.027478116542161847
now:0.010867857880777923
in:0.0035068362216017857
or:0.004436259590151877
and:0.005023650190668287
subject:0.00017563787428959404
however:0.01577038752761127
i:0.006279562738335359
appreciated:0.022268171836685807
any:0.006732153067689521
event:0.027320664132874817
the:0.007934242210411084
wrong:0.034781869168813956
do:0.009451551564559166
when:0.008603121334498262
would:0.006135852934897211
effect:0.02280508851725267
return:0.024278734919848215
an:0.0177216737874027
thought:0.01766175266573495
problem:0.013918192710826211
actual:0.02672603214953094
finally:0.023924503130237532
dear:0.031619393421759234
current:0.020804248182439592
is:0.005302749214947313
move:0.04653717257332917
select:0.03116549295145034
entry:0.03283598775395668
window:0.022940741722533825
obtain:0.030134277721158863
image:0.04869819732807469
while:0.014278569117621856
hints:0.03420203620644514
pressed:0.074999548370125
