basically:0.01791875136186249
since:0.009136171796363841
typical:0.020358928491926685
at:0.00402267128974626
there:0.008381543247279884
x11r5:0.04407142069137999
case:0.011285895467154135
tower:0.025110935984782413
thanks:0.009102222122904853
own:0.010349272308438334
your:0.005753115169777454
with:0.00534088928574929
tcp/ip:0.10946032512896757
from:0.011596880197673638
work:0.009246906228266226
both:0.010254356540220264
my:0.008677755811235628
to:0.001258629369945964
crime:0.018316063585559435
look:0.010827252622264432
calls:0.01830269253633985
client:0.09144873964510603
bare:0.02717479499730779
that:0.007920196927727781
provide:0.015419888941933394
through:0.010819467096003775
nt:0.0032606326562668424
its:0.00944212126043
re:0.0017074908802656187
this:0.004794360167775516
off:0.00997012533313402
on:0.006945326373140957
you:0.005075789857613898
machine:0.014852965088239025
am:0.007462723089960573
a:0.0031883655841241894
xdm:0.27878679380080656
as:0.010960467948178334
running:0.02764804029631691
shipped:0.025546142285258783
also:0.006773959505386147
patrick:0.041877671511353895
l:0.03018228839044167
no:0.005140391489417853
it:0.007827749537442282
not:0.019271096164528555
should:0.015002850614004378
have:0.007003433056817162
completely:0.016424628479632285
able:0.012043220210550999
has:0.004861983899025347
be:0.007924126810102346
which:0.005899051746655332
considered:0.015720744096859415
presently:0.026903455177806415
making:0.014039302241426499
of:0.002663569665284091
host:0.0218577835487339
looking:0.011844225321491524
but:0.003037822932650275
seems:0.021520430040009843
port:0.019040078243605207
lazarus:0.05853071413731403
using:0.03019754217321809
well:0.007684328356864588
login:0.05034125170990595
over:0.018319093630313768
code:0.014796860777770302
in:0.0008113228397008697
or:0.0030790477520688826
and:0.0017433671894556612
for:0.004456833738521561
subject:0.000121903912748942
feedback:0.02529239867267974
i:0.0043584179736391535
person:0.012809107027734478
appreciated:0.015455534790759099
bones:0.026903455177806415
socket:0.025170625854952975
any:0.0046725445949260605
offense:0.02271947923317557
source:0.028486465403651365
decnet:0.2405480863744128
the:0.0030976151095440533
would:0.004258674183125004
can:0.007895579839613821
specific:0.016735873463335306
an:0.01639996600112761
mahan:0.11827953557140745
just:0.010725009712017222
long:0.010869001119217282
here:0.008221008701476695
is:0.012268156479025748
capital:0.023319187005144005
number:0.011425866887660995
right:0.008857870291279907
window:0.06368936514749117
does:0.01112775172910982
run:0.03666896477243006
x:0.04171452040474113
first:0.017146619446493525
procedure:0.023084971049036472
answer:0.01386425133392172
x-windows:0.02648424262413919
hanging:0.026326771500526543
protocol:0.07189014455323894
