at:0.0037171519512845187
mark:0.025347037673351815
computing:0.036814020921342124
there:0.0038724851712115924
help:0.009029927088783953
all:0.004025602660954815
send:0.02475398414241538
indian:0.025470202163505117
take:0.008969405613230815
your:0.005316169713844989
text:0.015259762587483405
continue:0.016490321548107364
with:0.002467626062403153
missing:0.018217921786452526
item:0.02053319265865172
to:0.00755974222834633
most:0.007833736134882016
archive:0.020475391627604627
software:0.023761906231909335
relevant:0.018970434058242888
been:0.012381775419590204
that:0.0014637325967699441
directories:0.0479680786427119
control:0.012867655147430478
like:0.004914088875564021
french:0.021092461249208615
so:0.004311437119767595
comments:0.015544324953709282
tools:0.018774147072441648
nm:0.027324069926306153
telling:0.0181182460659317
unix:0.016719693738904355
you:0.011725717076133372
slowly:0.022273216080393236
them:0.012370119590989373
state:0.022427961071228828
a:0.0023569689887702867
richard:0.0157640401467459
related:0.01626218981278974
also:0.006259481568268212
contribution:0.024399398278373896
consortium:0.053817421938576415
are:0.005425412502963928
ip:0.02432726986757516
it:0.0028932947657381598
not:0.007631772260455251
encourage:0.021698818720373908
ftp:0.08002883855040244
have:0.008628702331605955
being:0.00821014316424113
japanese:0.02112581643700234
moved:0.03762536151672526
university:0.019834093684376823
between:0.009801121713275972
optional:0.023605928947137863
site:0.032958347657709754
discover:0.023042505349566037
quality:0.016220100593140715
sites:0.019218706210238388
familiar:0.0194373773826628
be:0.01220382399024201
soon:0.015177188341938692
if:0.011310555607821253
of:0.003281697646679133
but:0.002807102203588229
years:0.009408335118060732
languages:0.024472781159014693
please:0.03232768534861189
over:0.008463885031727247
box:0.01336936291437387
in:0.0007497033835210568
our:0.018816670236121463
moving:0.017894437053338954
or:0.0056903920481273015
use:0.007015947374461384
and:0.004027398887033648
few:0.009643997894119351
for:0.0054911200491489275
subject:0.000112645387730035
locations:0.02432726986757516
we:0.01706004943941734
possible:0.010873297987192328
improve:0.02001364546285584
any:0.0043176677902481315
research:0.052106860431000455
will:0.028691274554513528
currently:0.015185373425558212
the:0.00508862791553791
when:0.0055176136828849615
mexico:0.04865453973515032
would:0.003935230574280068
chinese:0.02331481978474566
announce:0.023487064487362774
once:0.011320806729640953
put:0.020991217717694338
may:0.00785242838582207
archives:0.13527318309343717
an:0.0037885997407668213
note:0.02499315695256116
people:0.006351363460224123
address:0.04041546017637482
about:0.0041561864148602174
different:0.010663362438866023
current:0.013342808960889525
lab:0.018184434235415665
contribute:0.04518535048766999
is:0.004534559103639897
move:0.01492331272393678
either:0.0105635557262167
patient:0.02122749386982538
new:0.03637129883720563
days:0.01256646677025389
items:0.03910222995510221
questions:0.012760237709896673
oriented:0.02331481978474566
attributed:0.022688575037411177
2:0.008221137350613538
labs:0.022058986859408325
fonts:0.02089768470168472
whenever:0.02001364546285584
various:0.015040417630190667
under:0.010241871000445733
change:0.02508024563637542
difference:0.013532294712381376
past:0.013938879522799002
quantity:0.024472781159014693
announcement:0.019283125923870405
everything:0.013036550565077016
