mark:0.10601025756325377
know:0.014516177948921198
fax:0.03598403929274576
with:0.006880322079877027
from:0.009959673581531478
then:0.01877506293853886
software:0.03312689280566184
like:0.013701636041278508
could:0.03550845071355429
anyone:0.019681349995781073
voice:0.042664638840425505
this:0.006176263980840224
unix:0.04661844018965097
procedures:0.06424792668055472
am:0.03845497309885566
a:0.004928838091222571
test:0.042069410046819654
senior:0.06235065435589446
product:0.046951740267606575
d:0.04286692287945966
systems:0.0705980498890026
be:0.006805426554558486
which:0.04559619997120651
thinking:0.040982665104101826
applications:0.045885894439933315
of:0.006862608902320187
institute:0.04579362176392125
department:0.04080088920815219
available:0.03177722150369682
what:0.010828730623489779
separate:0.04967881808004568
using:0.025934359748763774
in:0.004180698868105659
our:0.0524653040701269
system:0.026296733285206177
or:0.007933075972977474
and:0.0067376014321904095
for:0.007655267362637035
each:0.0299530517336543
i:0.0067376014321904095
automated:0.14540091191509144
we:0.01585581065545847
research:0.07264309365968888
will:0.013333004057685699
program:0.032666275675106764
projects:0.0613897363439619
do:0.008450799045958784
record:0.04537233408513641
interested:0.03384795547546964
is:0.0031608544340078104
division:0.04661844018965097
time:0.018582470234161336
does:0.014335162521617944
512:0.12495296257335946
x:0.03582541164171885
engineering:0.045491170508507046
terms:0.045283987943699575
testing:0.17375715800092617
project:0.04531336300485942
data:0.06904342642837205
