xt:0.05948503004428712
another:0.025784945702192776
1.1:0.0650535483775776
send:0.0341086874520491
means:0.0329604095399855
with:0.006800318334762178
someone:0.02562160598445372
to:0.004807671488688945
city:0.0427882046335627
client:0.05821881971592506
motif:0.10933574060507843
nt:0.02490971692055018
could:0.017547780875884388
me:0.012599868376797031
on:0.005895451456270813
you:0.006462778946613045
ms:0.04860627816726845
also:0.017249966647436818
hands:0.04657406924831503
xlib:0.06293353027532231
not:0.007010581495069359
have:0.0059447745714843354
neutral:0.061502598964191774
between:0.027010067977283784
snail:0.13219110044561305
has:0.012381098533564547
provides:0.05137384168650733
environment:0.0488099244753232
be:0.006726293687645015
which:0.015022003866482765
writes:0.007689097569971655
applications:0.04535233752784107
of:0.006782811124386232
powerful:0.1070082183130556
york:0.04375775822587724
windows:0.06388853910287212
please:0.022272271591921567
they:0.01084790261055516
over:0.023324892471155323
one:0.011433847764832819
email:0.03190579836009234
in:0.004132086090569546
and:0.008879009639320694
for:0.003783126312931093
subject:0.0003104297313025383
steven:0.05216876892847699
any:0.011898689142893108
the:0.0043822849417968195
quote:0.04691811526209987
thank:0.04221505007871528
conflict:0.05494309988493346
may:0.02163983171441664
development:0.04520073294251398
an:0.010440676029787635
address:0.03712582969690245
company:0.0391410237166436
new:0.020046506568413336
x:0.07081767417549076
article:0.009422475352518616
full:0.035926307952595965
side:0.037446093936874335
corporation:0.11045000469102956
by:0.02303338313528293
poster:0.05296317874216858
s:0.0072143753587909105
