keys:0.051563744804032904
mode:0.05038664797997672
since:0.026326600307943173
default:0.06315362217897087
happen:0.044495160870622566
widget:0.06630367576036547
text:0.14275909473290396
work:0.02664569031566189
my:0.012502819228030279
to:0.0036268398949758705
nt:0.009395770417400506
file:0.07996015480153708
something:0.02619291206794109
bill:0.04073044573278575
a:0.00551251628623577
other:0.018148789313577773
want:0.024902604838318177
no:0.014812443897138287
have:0.013453963503885601
which:0.016998583322598917
get:0.017294394411725294
if:0.00881776868109749
key:0.1687285458545566
but:0.008753726608558028
sense:0.04324107955740777
in:0.007013672443203571
replace:0.057846881984930563
or:0.008872519180303753
and:0.0025118250953341434
subject:0.00035127574857918807
i:0.010047300381336574
translation:0.1872329200538224
the:0.003967121105205542
when:0.03441248533799305
hello:0.15273516278888571
put:0.06545945525123104
an:0.011814449191601798
problem:0.027836385421652423
makes:0.03674970897699966
here:0.02368948560030784
press:0.0472019784311535
is:0.007070332286596418
does:0.0160327475570727
string:0.20920285343096168
resource:0.06526708526229817
function:0.10823685840914363
appear:0.05195654695073924
pressed:0.074999548370125
