library:0.08130307945050834
some:0.007556872978209412
go:0.006295897254997175
sleep:0.03186485098183112
at:0.005702038915562661
out:0.00381287087081055
rex:0.040337750743539215
static:0.07399308760486656
50:0.022337755916688875
means:0.00917344731533577
thanks:0.006451089465748101
widget:0.11415390130910821
much:0.005654358801164826
missing:0.013972969137182035
times:0.018190784087333507
from:0.005479432067509228
wood:0.03261540037403092
my:0.00922538117796409
via:0.011062237471248043
to:0.001338057436981389
0:0.07116808327127053
t:0.025012359757285843
class:0.0128419730474725
that:0.00561334345363231
problems:0.008877259663080173
anyone:0.0054139635910724635
this:0.005096916877392417
something:0.006442269634833408
these:0.01072256293267924
on:0.003281610519348155
set:0.008574157230180976
am:0.010578228845963532
posted:0.011046540208679274
m:0.004429821074809295
more:0.00822924935806295
a:0.003163601579587303
member:0.01291552725807948
other:0.004463779895896152
below:0.02402507387079542
test:0.023144982873654827
was:0.0028655700132730927
old:0.008569298001107846
pointed:0.013998859242900728
question:0.007064679881382215
closely:0.016102155184677832
colorado:0.015253079895139028
stuff:0.00946089499247127
button:0.01538998080028689
printf:0.022881914822916672
display:0.011929195524063034
setup:0.04285198809287953
are:0.0020806193579327686
it:0.0044382579901614495
not:0.0019511650762976211
should:0.015949632448868732
calling:0.026621363233316882
only:0.004315651256534908
university:0.007606278645950336
app:0.1410654044750445
null:0.17969711849102402
real:0.02483100829124512
after:0.0062434099924432085
exit:0.0172210738688414
demo:0.018105518318678557
links:0.018604387832682628
25:0.011901885269545673
call:0.017197126847888076
screen:0.024196162913307753
writing:0.012952940922807878
returns:0.0170833404888453
be:0.003744085806715025
which:0.012542644005024443
things:0.007232122744790452
if:0.002168771584994852
of:0.0018877726753955208
trying:0.008725981304428466
helped:0.015233986943271105
interface:0.013665694293863698
never:0.007132489420264921
please:0.006198755200340631
must:0.007499871933590606
up:0.004347768188842669
david:0.01615822161388022
called:0.03472174104668911
box:0.020508343111369627
one:0.003182235947493924
email:0.00887993093517133
in:0.0023000608659480967
point:0.0071247118487380605
5:0.008410591867047517
use:0.01076232704043591
and:0.001235590338157896
few:0.007396852753742028
still:0.0264298910320977
for:0.0021058178829260455
subject:8.639791874439578e-05
however:0.0077576016317052205
until:0.009259436004416324
outside:0.011665941027448301
i:0.004942361352631584
away:0.008961111929850068
top:0.07660655528534371
ago:0.009259436004416324
20:0.01017745096571398
any:0.0033116092760155577
creates:0.017714085922504893
program:0.053915212279302425
event:0.04031787328346575
than:0.004629777612360716
the:0.0039029282070630576
see:0.005726167512657528
when:0.004231956125707884
represents:0.03396751166593168
around:0.007660823408264193
because:0.00571107540095312
int:0.08757740459025434
once:0.017365897701779327
junk:0.0680664456161872
an:0.0029058192186463975
variables:0.019259806163140474
problem:0.0068464896182705
just:0.0038006102377536764
during:0.00947692397994327
actual:0.013146786041193214
about:0.003187754628873371
is:0.004347453509557668
having:0.008468904182590166
new:0.011158573235492214
multiple:0.02779303765453601
days:0.009638358008252985
time:0.01022336550099491
does:0.0039433294962379455
created:0.012291569865647318
1:0.00633826502241006
x:0.009854886697560203
first:0.006076229221330231
every:0.00787103083151261
very:0.005641561462082354
little:0.007590092886402797
function:0.053242726466633764
models:0.014444022812234865
widgets:0.017797071134845792
despite:0.013797315781666052
respond:0.013087403715406171
void:0.05339121340453736
main:0.06016856005868653
include:0.05439358047321361
