resident:0.05338916808153555
fast:0.01582635420430926
help:0.009727694182008167
tel:0.018479309451356257
all:0.004336671957483142
x11r5:0.021935548025936856
case:0.011234595942303435
take:0.00966249604698047
thanks:0.009060848385982558
fax:0.013902924272197224
with:0.010633225032537224
way:0.007874421907029742
cambridge:0.02123916548855855
c:0.02350997904935418
into:0.008140017740829028
from:0.01154416710586603
copying:0.025908934891497728
wrote:0.01170715897587664
both:0.010207745828673809
my:0.004319155733319551
to:0.003758724982065902
most:0.008439070290759262
martin:0.021111833505705484
might:0.009668568799447481
sparc:0.024710823432985363
bear:0.020479828740089613
client:0.045516531777905045
that:0.0047305176195610475
memory:0.015371055573487795
communication:0.021875738550584535
me:0.00492540309274793
performed:0.02254681127243028
re:0.0016997295580825932
server:0.036385988592251214
so:0.004644593624476909
derek:0.07516864175774593
this:0.009545135243116709
hi:0.014322803000065476
two:0.008476315602969598
slower:0.02221487884054442
on:0.0069137567078084985
machine:0.014785451610565211
am:0.007428801621369843
8:0.01342041491988121
m:0.0062218850550730545
a:0.0031738730132872617
factor:0.0205680927667128
richardson:0.05338916808153555
same:0.008827697047857328
quick:0.018451251000869525
test:0.01625409024536214
was:0.00402482333682448
as:0.007273765092881986
running:0.013761183692939553
question:0.00992266401521411
considerably:0.02493814352650655
pixmap:0.027338450027417898
moves:0.02345895079725824
files:0.015042325293580405
plane:0.023501234400268755
it:0.001558433771545327
becoming:0.0216440728978935
application:0.01677439867189513
deleted:0.015969906804537894
ve:0.01659212453661304
raster:0.027338450027417898
hope:0.013129370625636568
command:0.01871023934060834
decided:0.016961968468265247
be:0.005258738701249739
fastest:0.02556178498793148
loop:0.02333441000549408
which:0.011744475750159251
found:0.012156911387531806
scratch:0.025629126286954847
writes:0.0030057381409889197
down:0.01074711625887799
things:0.010157845127910224
of:0.0035352833739225207
institute:0.017692990226969574
what:0.004183827740893778
years:0.010135342831729061
advantage:0.01937895716606732
seems:0.010711304951732172
fact:0.010901214221040179
using:0.020040187078590187
well:0.0076493995916061125
together:0.01617711927931923
windows:0.012487305370106824
please:0.008706433440478431
up:0.006106638047056294
now:0.0075087018085374735
in:0.0032305400344452813
or:0.009195156241405709
astronomy:0.022411115985386275
and:0.001735442793139954
for:0.0014788584677821544
subject:0.00012134980405462862
i:0.006941771172559816
dump:0.025430023456689425
xputimage:0.151478331185752
group:0.01225961788548475
appreciated:0.015385282359892012
sunview:0.08928086640704595
ago:0.013005298751657473
than:0.006502733100997551
the:0.004453995059026222
original:0.014028036423970361
can:0.011789536260514273
once:0.012195596340567754
put:0.011306633179758087
finally:0.016529656708164114
frequently:0.02121341213612365
is:0.010991152918254433
stuck:0.021615927578584767
done:0.024078759558369984
new:0.007836361658561577
average:0.017634186631375393
window:0.015849967008296096
2:0.01771281410995826
1:0.008902381326930492
x:0.027683272632237292
image:0.033646027244851606
e-mail:0.01249861716660121
article:0.003683331274166368
animation:0.0961677001985544
give:0.010741983051618212
xview:0.02620710435734233
by:0.004501979430987118
data:0.02667586930187102
protocol:0.023854457056302014
john:0.012188538179917479
everything:0.014043920381469331
rapidly:0.025766877875569978
s:0.0028201649129819015
