some:0.008399545864268736
pc:0.023977281021567504
out:0.00847609423798892
help:0.01539635050389782
dos:0.025392462994560706
access:0.07235345758313365
into:0.012883481316420047
from:0.012180895747196772
my:0.013672147645040307
via:0.024591592651911118
to:0.010906612058272761
platforms:0.039110655793214245
look:0.017058764922848278
then:0.02296230719101875
compressed:0.039023451760607446
that:0.004991433459488875
directories:0.040893649778139286
through:0.017046498518164224
server:0.028794667231277944
file:0.04371922133033682
error:0.02708962704440287
this:0.0037768520746145253
tar:0.04311476835115809
unix:0.028507679252664266
used:0.014204773441272415
them:0.031637248306451246
modem:0.06134346153287497
m:0.01969517571390032
transmit:0.0407821088678086
a:0.006028075363365734
wondering:0.025891607927030914
invalid:0.041601851740824564
as:0.00575621697997855
ascii:0.03790208218717734
copy:0.024579942050815415
computer:0.01928563241126126
files:0.09523198747014934
internet:0.020550603907299327
it:0.0024665858254674243
not:0.0043374820760860786
ftp:0.027290409692727162
have:0.0036780619650910278
being:0.01399858942392193
try:0.017527983254269013
sgi:0.08009257961877667
university:0.01690892159423492
binary:0.0386026157413153
public:0.021321903583169738
found:0.01924115471407912
get:0.009455927879792247
things:0.01607716495064928
of:0.0013988531335664652
host:0.03443780285735773
what:0.00662188563306929
they:0.006711651974875854
up:0.009665182520520753
in:0.0012782712366510107
pull:0.06503727227888668
system:0.0321614723632018
or:0.004851161566209247
and:0.0027467439891423733
subject:0.0001920644380720741
p:0.024216748486556475
i:0.012360347951140679
appreciated:0.024350806612778726
any:0.0073617788941640816
yet:0.01892135786105154
the:0.0037958784675707702
when:0.009407729804631193
come:0.017274774636470567
an:0.012919397677147292
about:0.021259342021335358
garbage:0.03836144529499412
is:0.01159737957801427
either:0.018011242497218406
having:0.018826556780002602
new:0.012402874567507532
multiple:0.03089226127788355
disk:0.07556069749208377
guess:0.02155508822255866
transfer:0.0326962808343381
process:0.0260184441239825
