school:0.033362609869689044
at:0.016164495641365708
know:0.022639910562537648
thanks:0.01828795087079049
where:0.05084743481377326
your:0.02311802242534427
dealy:0.3458951976847242
from:0.01553343586110414
work:0.01857864645862664
name:0.025341582622295883
to:0.0025288057983318
important:0.028829076082323143
value:0.10276659136944957
that:0.003182611242518136
font:0.13736890289728668
re:0.003430646814478629
anyone:0.030695683479658557
uk:0.03964806866659437
this:0.009632705291218699
dpy:0.12973415927121562
you:0.005099073297327724
knowing:0.07878943702065712
how:0.02413510086658944
richardson:0.10775795392603507
uunet:0.034651305618507204
old:0.02429278057194793
wise:0.04490220653342078
given:0.025576032653039277
advance:0.029022946941987614
display:0.033817627678307136
brian:0.1028278215076728
it:0.012581850632659522
not:0.011062568964696604
application:0.06771316895076934
have:0.0046903725976848885
try:0.022352198828838467
pointer:0.05229326308375689
connection:0.03950244161011465
retrieve:0.05850793119010373
judas:0.06077270254727369
details:0.03499836589257188
univ:0.04261104010325878
be:0.010613968020871034
writes:0.0060666274405280956
get:0.012058476837533232
if:0.012296337977310263
of:0.007135434332687657
in:0.0032601780164126697
england:0.045233445108119094
priest:0.052740879268797544
and:0.0017513642866549995
subject:0.0002449262100185165
i:0.0017513642866549995
sciences:0.0466927542331621
alan:0.08074647141283008
physical:0.03914817705848364
char:0.05669301611368245
the:0.0013830330458514735
would:0.00855641877159978
can:0.007931798095758839
an:0.02471279280445147
long:0.02183771784503289
is:0.002464886485235449
2:0.017875316991700998
article:0.0074342466084091835
passed:0.03964806866659437
elsewhere:0.043460136959820664
s:0.022768303884624527
