say:0.05270958261854287
know:0.03427430904606394
thanks:0.05537185124767119
with:0.01624520491082076
way:0.0481214672096262
from:0.023515895956393765
prevent:0.11175048533801865
to:0.0038283310002523076
everyone:0.08493090993091953
re:0.010387236188282514
anyone:0.046469854156705306
hi:0.08752824055595568
on:0.014083578478869164
set:0.07359484955905336
a:0.003879178127351097
robert:0.3550457809953004
of:0.005401127376826073
adjust:0.1538620919254684
good:0.045000273648874975
and:0.005302741867927637
subject:0.0007415821358893971
xputimage:0.18514018256036352
the:0.004187516722161405
colours:0.1709505819001971
an:0.02494161496004824
during:0.08134359749451306
current:0.08784015899252272
grant:0.12569390024102267
does:0.0338469115093757
fly:0.1375764242860911
animation:0.293845750606694
