xt:0.09775246975430622
library:0.026669481475803693
some:0.0074365406059449315
believe:0.013838674397008538
ask:0.018564092893989602
take:0.013539803377934418
graphics:0.044824731721525124
among:0.021939525273795064
widget:0.032096046864890294
with:0.022350090832721554
drawing:0.030211681367495764
to:0.002633501579791396
gl:0.22822545445655318
line:0.017986011138891648
city:0.023438124831123515
software:0.01793494196484877
that:0.0066287508044804485
motif:0.05989091523590284
like:0.007418083207061613
could:0.009612160225006735
me:0.006901838728691368
re:0.0023817866418991756
this:0.003343837187079102
xm:0.043006738529698836
apr:0.023740180108522288
on:0.009688066724317641
distribution:0.02831170510193172
you:0.00354012095164791
possibly:0.024693972378327014
am:0.010409785711473666
support:0.01744558158938539
a:0.002668479221362538
other:0.008785401196381598
as:0.01019253707282826
said:0.01395862948193269
developing:0.03140411157187886
jay:0.03247240938954002
based:0.01924142045796524
others:0.017174065115085325
l:0.042101408646539655
xlib:0.0689462879449391
mwm:0.038308656089375406
it:0.0021837925461144713
application:0.07051658040414513
whether:0.018200373152113532
sgi:0.07090999087267488
19:0.026094886700515157
robert:0.040705885719206414
be:0.00736893321194231
which:0.008228613582914126
sort:0.019983829985102102
things:0.014233923109173565
of:0.004953900269190794
implemented:0.03184021220421938
available:0.017204228202638408
but:0.004237472753187327
advantage:0.02715522660213255
well:0.021437807772654076
they:0.011884326426850238
one:0.018789380403355843
code:0.02064020707217641
in:0.004526871385846892
our:0.014202391229174481
moving:0.027012621539116766
or:0.0042949774375992695
use:0.010590952406034065
and:0.0024318306655464325
for:0.004144571502064637
subject:0.0001700443114141293
fits:0.03258415658476874
i:0.004863661331092865
top:0.021539058765396912
possible:0.016413831993404984
graham:0.06208009048337621
will:0.007218505381549583
program:0.017685563263592836
source:0.019867948800635825
the:0.0004800974585917535
ibm:0.05019703272763907
would:0.011880887211520716
can:0.005506789760749767
may:0.011853665779871535
an:0.022876385695840426
pure:0.03214847042626938
mix:0.06574483025983202
is:0.0017112906171379866
opened:0.032417262493087066
window:0.044420289704778876
their:0.009641296933641491
1993:0.01929717071980979
x:0.09697961750146823
widgets:0.035027356564760186
by:0.006308506209026536
wish:0.023796672068654642
include:0.0642329287881134
s:0.011855470334828375
