xt:0.07870327052013373
believe:0.03342572123585139
there:0.014119676701186884
my:0.029237361887086196
to:0.00636091920041922
city:0.05661208613055988
value:0.05744388953471797
software:0.04331978289971164
that:0.0053369942374534894
like:0.01791752405397959
me:0.03334119016629369
re:0.005752930811971855
this:0.00807665289802183
apr:0.0573416658005846
something:0.03062555872559266
on:0.007800135772912153
am:0.050287272513888176
how:0.02023635380352499
said:0.033715458902514345
l:0.1016910947308727
it:0.005274698919076492
application:0.05677488781256814
whose:0.057581253084630295
19:0.06302918787662892
robert:0.0983203701217755
call:0.08175249532303716
trying:0.04148197266259071
what:0.014160647738409712
gmt:0.06518920517269286
find:0.03256071904112908
up:0.02066862108234438
context:0.06388832227995342
or:0.010374022426201314
use:0.05116244700761071
and:0.0029369031883906913
subject:0.00041072241372335844
i:0.011747612753562765
program:0.04271743742129346
the:0.0011596200153677738
do:0.011051044906253795
can:0.013301015268272515
an:0.027627635032668824
is:0.008266850058174274
argument:0.05413448369445726
1993:0.046610089277079034
first:0.028885458913708327
give:0.07271496219556944
todd:0.07830015709868722
include:0.051715742665301566
s:0.009545173551631052
