manager:0.11549700999745875
x11r5:0.14193589899135614
t:0.3788636845588885
engineer:0.1311354511685866
that:0.010203077218661082
lost:0.10307371542111324
anyone:0.04920337498945268
file:0.08936723183701203
inc:0.10767692634718827
support:0.08055753851569135
a:0.008214730152037619
brian:0.21976926557522228
have:0.015036782739636849
atlas:0.18251512478807785
of:0.00571884075193349
looking:0.07629074545313659
what:0.027071826558724445
truck:0.3025070609840363
for:0.009569084203296293
subject:0.0007852046144711264
the:0.002216920617614862
sheets:0.17887942020080794
does:0.03583790630404486
runs:0.11034678001303926
under:0.14278373100621408
telecom:0.1721798928222576
