stored:0.05484498848480829
there:0.005127256902665628
all:0.026649939403527684
send:0.01638741408310739
case:0.01380788328104333
thanks:0.011136238239755101
where:0.04128395079851982
user:0.0633794997250226
from:0.014188361806092328
reach:0.02434806407279541
store:0.09973638098280611
to:0.006929492983696915
clients:0.029850786213356247
tool:0.026265010312951805
keyboard:0.10155939745191053
client:0.02797105304787461
that:0.0019380146672317142
produce:0.02355016362475082
terminal:0.026671487152518446
like:0.0065063634832886776
server:0.1118005236074758
file:0.033949562932496194
this:0.005865725568395743
reply:0.040125100774917814
these:0.009254949570385154
certain:0.01841516755173469
on:0.005664903075299329
machine:0.01817206343197959
them:0.01637831476572336
working:0.017701335255344175
3:0.01308081533317106
a:0.009362038832489799
how:0.014696793265129881
as:0.004469911509592282
coming:0.01942251371390835
capable:0.02451273344783984
given:0.062296928696788406
advance:0.017673191154618156
it:0.0038307869244689607
not:0.0033682123384132117
should:0.018355442929983014
catch:0.08121600215793716
ronald:0.03260205149323219
exists:0.02084711208390142
mouse:0.09711580284308002
demo:0.031254777432802645
be:0.006463254269692418
if:0.007487714187300662
of:0.0032587807636715975
produced:0.025647078069689404
central:0.025588883874950546
who:0.007223759073932114
one:0.010986714053358911
in:0.003970496131720458
our:0.012456845938437952
or:0.0037671031156596944
and:0.008531785798676868
subject:0.00014914501056993463
we:0.03011718225059151
possible:0.02879297902753723
filter:0.029206591540110467
the:0.002105455335164952
automatic:0.025735522009447398
would:0.0052103332184602015
can:0.024149888056919366
sequence:0.05808613970256604
an:0.005016190718221993
is:0.007504821980186142
tests:0.02629777634341213
save:0.020237487331962536
events:0.2500225554566641
2:0.01088496956477882
1:0.010941474256562618
x:0.017012066980704482
by:0.005533159077190872
hp:0.02416562852545433
s:0.013864497896223873
