say:0.05421557069335838
my:0.027148978895151464
to:0.003937711885973802
that:0.009911560726699338
re:0.010684014365090587
michael:0.17169686866706796
this:0.014999498239183399
presume:0.1602569685121078
you:0.015879971125963482
xterm:0.1496551490437983
a:0.003990011788132557
alias:0.1892635593615095
ab:0.14937085387656496
have:0.014607160375647224
writes:0.018893211171930352
host:0.13676727420493498
echo:0.16833876239827442
title:0.1200340951880834
in:0.010153125822542313
for:0.018591363594975655
subject:0.0007627701969148084
i:0.01090849755687971
special:0.09987746265328636
meant:0.11633312226831478
an:0.025654232530335334
here:0.05144002587495417
n:0.10460044273726861
is:0.007676360768304683
2:0.055668844345583106
article:0.023152368009045743
telecom:0.16726046731305025
