at:0.013347954734158047
there:0.013905742205714356
help:0.06485129454672112
tel:0.06159769817118753
x11r5:0.07311849341978953
tried:0.04693733413691926
thanks:0.030202827953275196
fax:0.046343080907324086
longer:0.05142743952082084
r4:0.09180167831216321
to:0.002088180545592168
mail:0.04642902280054327
nasa:0.06500213359999114
he:0.02409292738667023
contact:0.05272836816637224
inc:0.055469931754612144
j:0.046274676659528224
houston:0.07622600071437297
no:0.05117026073556863
daniel:0.12965393924843452
texas:0.060123782904075794
have:0.015492442822656147
has:0.016132946574038652
be:0.008764564502082899
of:0.005892138956537535
future:0.05309858067148258
but:0.010080048821975914
version:0.0472798576919028
archie:0.09017091067288495
one:0.029797300235624925
code:0.0490986743989651
email:0.04157422210557486
our:0.03378447610576354
x11r4:0.08685191724769276
use:0.025193629208293152
and:0.005784809310466513
for:0.00985905645188103
subject:0.00040449934684876206
space:0.09265190174282131
i:0.005784809310466513
appreciated:0.05128427453297338
any:0.015504352519527384
exist:0.055098855693880386
the:0.0011420500151349288
would:0.014131055244005698
eric:0.0604246739442213
developers:0.08814770775433158
address:0.04837608112020623
gothamcity.jsc.nasa.gov:0.09526897486411544
is:0.012212392131393813
either:0.03793276828959634
center:0.04949440656776983
does:0.018461951732386746
