library:0.03672902273422087
wilson:0.04378131700527557
generated:0.042567261541599094
at:0.007727763267144132
out:0.01033488683403912
know:0.010823466014546507
floor:0.04312146243301603
missing:0.037874100556046036
to:0.004835786526634494
that:0.012172092120507957
think:0.012629368662531186
nt:0.00626384694493367
me:0.01901032772639552
need:0.01685264904822137
re:0.0032801798489313205
anyone:0.014674690786327993
math:0.042809261160185304
off:0.019153135508389037
ld:0.05335000251603044
on:0.01778978334172947
you:0.00975085946331091
pointers:0.04648952298465815
libraries:0.04398935671244501
m:0.012007146597509403
sin:0.03776987838160085
a:0.003675010857490513
as:0.021055635795184695
following:0.0240115287108751
adding:0.04144830342196735
solved:0.04768755399348052
fine:0.028413654192285615
whole:0.026244872587958684
andrew.cmu.edu:0.07148735801275895
are:0.011279147045635535
it:0.012030015078595507
should:0.01441063282660947
have:0.0044846545012952
try:0.04274367846216478
after:0.016922927084780274
writes:0.01160109457925548
if:0.005878512454064994
of:0.0034112383432585726
piece:0.03780448169994309
gives:0.03189933750698338
what:0.008074053535058167
but:0.011671635478077372
least:0.021119845462337562
well:0.02952399842374289
easy:0.029067382142621116
undefined:0.05515572228975104
errors:0.0376668799791738
imake:0.05883865075957792
code:0.02842554833624295
makefile:0.058465320808535844
in:0.0031171877525349207
for:0.002853937393965561
subject:0.0002341838323861254
i:0.006698200254224383
linked:0.051515863938323775
the:0.003967121105205542
do:0.006301034376372777
start:0.024715456911250107
can:0.007583912214365906
instead:0.02690995010161966
compiling:0.05238508238257141
an:0.007876299461067866
problem:0.03711518056220323
gothamcity.jsc.nasa.gov:0.05515572228975104
is:0.0023567774288654727
2:0.01709131186048604
x:0.026711929732860545
first:0.01646977920518457
whenever:0.04160731556751609
article:0.014216366321343876
give:0.02073014273119304
compile:0.045773049028392646
s:0.010884847032561724
