some:0.0075324959686022845
since:0.012908526602604395
at:0.005683645241641491
there:0.005921154745659016
static:0.03687720011274801
option:0.05407240286777268
much:0.011272237868128589
such:0.012406562603018055
arguments:0.026835617001176464
from:0.010923512960389362
options:0.08758026597438999
to:0.003556642993782789
0:0.023646169603035047
crime:0.02587882532411301
then:0.010296002256618085
intrinsics:0.04417656857398092
value:0.02408937303068818
t:0.033242232967747636
that:0.004476188715283572
bit:0.0175811883745529
me:0.006990894712287385
re:0.0024125193727623905
prefer:0.026493729709947362
this:0.01016095042009198
routines:0.0337289024882566
management:0.02922512531276933
you:0.017928999658345865
argv:0.09295539448910677
working:0.020442187165849078
m:0.008831062658813369
a:0.004504852018859339
wondering:0.023218925818434172
as:0.005162026840109796
following:0.017660092084127492
standard:0.019638997035240236
question:0.014083781182884544
patrick:0.05916909716765486
processing:0.030601509514173127
l:0.04264465262907565
are:0.008295630730338394
xlib:0.034917958733404635
it:0.013271823086708592
not:0.0038897419908126766
should:0.010598788014409546
have:0.006596782105131004
probably:0.015401443322769087
whether:0.018435216676656933
null:0.035823490073371884
retrieve:0.04114428709497617
regarding:0.025529008845618564
yourself:0.04524225382418829
be:0.003732008110564331
considered:0.0222118900465304
if:0.008647102190495604
of:0.003763366172240103
lazarus:0.08269823481336629
using:0.04266620474796621
code:0.02090653232472062
or:0.008700793002620456
use:0.021455219712869008
and:0.0012316045628735157
for:0.006297074766040142
subject:0.00017223843156140837
however:0.015465154220625246
i:0.004926418251494063
person:0.018098028639186133
offense:0.03210042549719645
will:0.007311647386472803
program:0.035827528159794515
the:0.0038903381160725315
do:0.009268618308470925
level:0.022713130081249994
db:0.03765011107928105
can:0.011155690225002754
mahan:0.16711753735573054
long:0.015356846742636031
is:0.0086668589319569
capital:0.03294775454275185
number:0.03228728836642269
argument:0.022701557678320786
window:0.022496727366613817
define:0.02757907031458023
x:0.09823096740471297
first:0.01211325696381317
geometry:0.1458953718837318
resource:0.03200192567699782
function:0.026535487868048116
