29:0.08008746918053536
know:0.021646932029093013
x11r5:0.1693270373931968
thanks:0.03497169552484496
with:0.01026012941736048
ca:0.03607979993144423
such:0.03373714392048769
2.1:0.09206983425239373
to:0.002417893263317247
solaris:0.10670000503206088
nt:0.01252769388986734
this:0.009210218217042439
map:0.0870227803497309
on:0.03557956668345894
fix:0.07631647296807867
pool:0.09260968791321397
how:0.023076543811037267
christian:0.11248569723637107
running:0.05311334056924038
following:0.0480230574217502
fine:0.05682730838457123
advance:0.055500021345204376
no:0.019749925196184383
not:0.010577368571508155
ve:0.03201988945662165
messages:0.07675509230501582
after:0.03384585416956055
command:0.07221495885848833
device:0.07042376815633027
anybody:0.05332623061250342
but:0.011671635478077372
in:0.0031171877525349207
our:0.03911886706983146
installed:0.07026964833956302
or:0.011830025573738339
and:0.0033491001271121917
for:0.005707874787931122
subject:0.0004683676647722508
space:0.05364057469321234
i:0.0033491001271121917
patches:0.09918325720165977
the:0.005289494806940722
lx:0.2310527671754228
problem:0.03711518056220323
address:0.05601440971813352
does:0.0213769967427636
runs:0.06582088632356728
giving:0.06655029732086097
