mode:0.021882201408447034
fast:0.019895988142560214
your:0.014399225396357287
with:0.010025612173535097
much:0.009983982111771036
c:0.014777701116736913
into:0.010233165159899351
from:0.009675111479202006
copying:0.032571232435025715
wrote:0.014717571283959206
both:0.012832594756047073
to:0.003150169508779042
sparc:0.031065035172895883
bear:0.025746070416112658
client:0.028610391403254602
make:0.010057602761998307
that:0.0039646242906797345
memory:0.019323612720956087
through:0.01353979025157044
communication:0.02750092846359199
me:0.0061919353165973984
re:0.002136802873018117
server:0.045742385658830105
so:0.011677835398684801
derek:0.031499240355626866
this:0.00599979929567336
hi:0.0180058094857966
two:0.010655939615161779
these:0.0094664912748511
slower:0.027927276256684414
on:0.005794386574163314
you:0.012703976900770785
them:0.008376338123041376
communications:0.024109045121906827
m:0.007821798354948983
sure:0.012468822972338306
a:0.003990011788132557
factor:0.025857030906724664
richardson:0.03355890565125092
quick:0.02319585840109312
test:0.020433713451312403
was:0.005059777909150775
running:0.017299773785409724
also:0.008477126466740379
considerably:0.031350809004751096
moves:0.029491252430838933
files:0.01891035179764394
are:0.011021337970306723
it:0.0039183477684568225
not:0.0034452000490055134
becoming:0.027209691643066115
dsd.es.com:0.07441023876966661
application:0.021087815473239593
ve:0.02085867084602782
raster:0.03436833717732536
command:0.02352144374247906
decided:0.021323617502962026
sending:0.025941688539782615
which:0.0073822419001001015
found:0.015282974315754271
scratch:0.032219473046457524
writes:0.0037786422343860705
down:0.013510660439732331
things:0.012769862446515711
whatever:0.018885489021447786
of:0.0033332671811269485
years:0.012741573845602249
maintained:0.09140984393150027
seems:0.013465640510749017
using:0.025193378041656236
together:0.020336949951144177
please:0.010945230610887171
cheaper:0.025196447994095962
in:0.0040612503290169254
or:0.011559624989195749
and:0.002181699511375942
for:0.003718272718995131
subject:0.00015255403938296168
mechanism:0.02746370171489945
i:0.005454248778439855
xputimage:0.15234392164967056
group:0.015412091056037972
sunview:0.11223880348314351
possible:0.014725552131226184
overhead:0.03355890565125092
ago:0.01634951843065511
unnecessary:0.03345209346261005
any:0.005847355807364613
images:0.024319152823547335
source:0.03564877670514085
than:0.008174864469825491
the:0.003015012039956212
put:0.01421405314026731
finally:0.02078013986169203
maintain:0.026114861965470207
paul:0.0187144142349089
is:0.010746905075626556
new:0.00985142608504884
average:0.02216869176515764
window:0.019925672810429382
2:0.022267537738233242
1:0.011191565096712621
x:0.017400914225977726
image:0.021148931411049583
article:0.004630473601809149
animation:0.0604482686962342
thus:0.019036314702150316
xview:0.03294607404923036
by:0.016978893854008564
data:0.016767689275461784
protocol:0.029988460299351104
everything:0.01765521419384716
rapidly:0.03239264647214512
