correct:0.02704311934034255
know:0.02039463017617028
help:0.03537343338912061
with:0.004833284105698738
from:0.027985859650584317
my:0.007853010424217367
via:0.028249846104261532
colormap:0.04970627277712346
to:0.0011390075703230007
job:0.028689988060241128
crime:0.03315056136559931
displays:0.042133622100477545
might:0.01757921599899542
appreciate:0.031729035829871854
that:0.005733960750983088
nt:0.00590147563406974
its:0.017089459140778265
need:0.031755404818136136
re:0.003090417378331988
started:0.027101197322222357
anyone:0.013825741732573482
this:0.004338697837780322
on:0.008380311160979998
them:0.012114538607704471
a:0.006924813847172207
how:0.010870768572141523
vision:0.039404351961051284
was:0.007317860612408146
also:0.012260306873384847
patrick:0.07579512447096284
output:0.033779819743257194
based:0.02496614059421936
l:0.05462744758270022
display:0.030463813363103123
xlib:0.04472961655931999
it:0.002833515948264231
not:0.004982727343603016
should:0.013576959853169254
domain:0.0368859756114097
ve:0.015083749578739127
buck:0.04647597270532997
site:0.032277390061476084
public:0.024493757008765236
be:0.004780671546590672
considered:0.028453247580266215
if:0.005538433221185201
of:0.004820840964439801
but:0.005498208448350498
fairly:0.03243145907642881
lazarus:0.10593575533943615
windows:0.02270419158201241
david:0.0206317788375578
good:0.013388511168260325
called:0.0221673925277416
in:0.004405281865152657
for:0.005377667155571471
subject:0.00022063600737205204
i:0.007888376332454336
example:0.04646874617781661
person:0.046366850232625635
any:0.008456919556105846
offense:0.041120379769135955
program:0.09178953495484546
source:0.025779074063634912
the:0.004360554603242455
do:0.011873023452999945
got:0.01828226298868243
an:0.007420645773237494
mahan:0.21407618421601848
just:0.009705690607156082
long:0.019671993761227975
about:0.01628125917887391
is:0.0022204349329806934
capital:0.04220580127377304
window:0.028818121833265636
does:0.01007015549039277
x:0.05033322296770417
first:0.015516982061082985
playing:0.0331022310359925
