xt:0.08120178704458242
pixel:0.07802931297402901
at:0.013983571626260809
there:0.014567920405986466
allows:0.0655979902404153
where:0.02932471108307558
widget:0.159970773263104
with:0.009282974234754719
into:0.028425458777498195
except:0.051180339984187515
to:0.0065628531432896705
gl:0.2843761615053877
look:0.037637592448823975
calls:0.06362364548346709
that:0.005506422625944076
motif:0.07462598168283131
re:0.005935563536161437
these:0.026295809096808613
you:0.008822206181090822
a:0.0044333464312583965
render:0.08729039651852935
athena:0.09446476356206994
xlib:0.08590926355043997
mwm:0.09546760327034821
it:0.016326449035236758
systems:0.04762566857591445
gerard:0.2173767659989537
writes:0.010496228428850195
get:0.020863078972874958
of:0.0030863585010434706
in:0.0028203127284839756
or:0.010703356471477543
use:0.026393325837259493
and:0.003030138210244364
for:0.0051642676652710155
subject:0.0004237612205082269
i:0.003030138210244364
similar:0.05023425853756668
the:0.003589300047566919
do:0.011401871728674549
mix:0.08192014564121926
hold:0.055075882745143176
is:0.012793934613841138
window:0.05534909114008161
man:0.04600078315547935
pages:0.0713649662191042
x:0.04833587284993813
already:0.04612359240154526
widgets:0.08729039651852935
defined:0.06937824966427869
