there:0.022384853306759694
bnr.ca:0.1138280651206635
where:0.04505992190814053
to:0.003361461366075197
next:0.06532634204266281
like:0.028405830817284712
inc:0.08929306087327808
no:0.02745721307762219
settle:0.13576668984158483
get:0.06411580367273767
if:0.016345132189351446
but:0.016226420054888054
who:0.03153787498131337
up:0.03276732610615572
for:0.023806014359420046
subject:0.0006511452900492268
i:0.013968198091126456
binaries:0.15794645298864776
source:0.22823911914876763
the:0.0036768439511661124
would:0.045495104688018345
can:0.021086975425310083
an:0.02189995459906675
long:0.11611274366383341
is:0.00655299089977229
art:0.11248760452844991
hp:0.10550359770869086
john:0.13080382436984614
god:0.06471166418963963
include:0.08198837251816102
