some:0.006991238773253618
at:0.005275239595535515
say:0.011362544756093076
all:0.0057129810218340795
true:0.015468747258430221
ever:0.015828874591795574
hand:0.018905625481752536
twm:0.22590726973766295
times:0.016829198452054054
my:0.0056899057564688705
to:0.004951613748829332
cs.cmu.edu:0.06203187195699361
then:0.009556169759136547
most:0.011117338107587055
a.k.a:0.03575987659648588
boot:0.029392972870600848
been:0.008785870582164308
client:0.0299809490752668
that:0.0020772732061944722
could:0.009036581768419505
servers:0.03154724205998593
me:0.006488554972482304
anything:0.013899647606703017
re:0.0022391646872944346
server:0.023966818833219366
behavior:0.025439455227061043
managers:0.06717357961585357
phone:0.01758890494736269
this:0.006287214830795438
mean:0.015828874591795574
der:0.03473083314183523
on:0.006071961978913652
fix:0.02604813748012266
am:0.009786445249708776
knowing:0.02571272046482523
why:0.010657021438047943
openwindows:0.033008186001405405
a:0.0050173800928612995
other:0.008259329268454556
want:0.011332921962348393
crash:0.12232100488925839
following:0.016391103431375818
internet:0.017104993671344947
causes:0.05110360837574511
caused:0.023846192688953098
it:0.0061590795761671605
should:0.009837198456487903
reported:0.024726752077914155
only:0.023955740807232694
ve:0.010928944305553499
uucp:0.02535106950500643
whether:0.01711053044839416
mit:0.030686236713927773
mouse:0.052047091942848275
has:0.006375895053212881
greg:0.05244633050892722
be:0.003463839863098631
which:0.0077358822306438195
writes:0.007919310072066615
were:0.009289241302229337
if:0.01605150706020142
of:0.0011643148836271776
piece:0.02580665217840427
explain:0.021527290586901823
never:0.013197240903364434
particular:0.02030569729391501
oh:0.01933961786911062
please:0.011469553035360808
now:0.019783405962613704
david:0.014948773888290384
one:0.0058880892681175
code:0.019404266528932314
in:0.007447652175218163
or:0.012113379479696143
unable:0.0273966601404653
and:0.003429318094228651
for:0.0019481967839046347
subject:0.00015986201731747483
i:0.004572424125638202
dump:0.0670012594068464
818:0.07370324489110296
will:0.006786259550319068
the:0.001354047323333628
do:0.004301304903631717
desirable:0.03551543351552627
would:0.01675418525936005
can:0.0051770418708845115
reasoning:0.02870206224713471
once:0.016066055059430578
an:0.010753271120499841
just:0.007032266847101114
interested:0.0172280012899097
is:0.003217636250187592
either:0.014991393455768613
3.0:0.027681105254147954
core:0.059047251698023724
window:0.04176039211766637
does:0.007296340205613924
simon:0.0324088838543576
almost:0.018095766049488433
article:0.009704585393013186
by:0.011861502692421151
bug:0.14851193053696593
s:0.00371518731051508
