xt:0.030633009483884387
library:0.025072506537132815
all:0.0057129810218340795
x11r5:0.08669138740789417
with:0.01750980170028585
missing:0.025854176427480533
to:0.0008252689581382221
713:0.03341569176933963
bunch:0.024288640845235483
client:0.0299809490752668
format:0.02407218267687434
that:0.0041545464123889445
like:0.006973886607836367
really:0.011685004450245066
could:0.01807316353683901
its:0.024764365940528985
re:0.0022391646872944346
so:0.006118626331646228
voice:0.02171553473913873
error:0.06764296094320955
this:0.003143607415397719
routines:0.03130526877652559
apr:0.022318612437353287
something:0.011920127647685765
big:0.016621440442320702
on:0.009107942968370477
western:0.04898835645144192
products:0.024252016731358617
am:0.01957289049941755
inc:0.02192224847787067
libraries:0.03002866266598043
working:0.018973287489261123
link:0.029017294184173162
a:0.0033449200619075333
load:0.05384422600962353
was:0.005302162479649016
doesnt:0.037824789688053126
following:0.016391103431375818
said:0.013122783405170254
international:0.02374469832779278
21:0.024288640845235483
no:0.006740992432230598
internet:0.017104993671344947
not:0.0108307187169335
have:0.0030613809170518137
properly:0.025783030751511955
ve:0.010928944305553499
atlas:0.03715876792092603
aix:0.06925338193981574
mit:0.030686236713927773
exploration:0.0335006297034232
get:0.007870502846054625
of:0.0034929446508815327
trying:0.016145677982445487
what:0.005511629359261265
but:0.003983731869762936
gmt:0.025373043929491232
undefined:0.41416332785238213
up:0.008044672876361585
now:0.009891702981306852
one:0.0058880892681175
in:0.012767403728945423
symbol:0.38808636840320754
or:0.0040377931598987145
douglas:0.02700827310931535
and:0.0011431060314095506
for:0.0019481967839046347
subject:0.00015986201731747483
doug:0.051756161492919596
i:0.004572424125638202
example:0.0168344858907659
program:0.01662654749930584
the:0.0022567455388893803
specific:0.021947043643535526
problem:0.025336111281983046
company:0.020156455327133834
shared:0.02993361267103259
is:0.024132271876406937
division:0.02372794859952295
having:0.015670008337846476
does:0.007296340205613924
build:0.06703532448535966
1993:0.018141651515030763
almost:0.018095766049488433
before:0.01273170219893799
going:0.013040812479339418
built:0.02211076427589673
