above:0.016910907019431955
some:0.0072517818331264226
manager:0.12195336459358999
say:0.011785993628990953
know:0.007663820656262744
user:0.04697693768438529
height:0.033327724149334326
harm:0.029892313547382594
my:0.005901951933728579
to:0.0008560243230377831
besides:0.02515581859712353
t:0.016001695993791563
100:0.04196909439541704
width:0.035114569319842276
that:0.008618748457999424
like:0.01446756600631892
nt:0.013305811522778358
re:0.0023226118184979535
tells:0.027496894411904428
managers:0.03483847141567561
prefer:0.025506385745601493
this:0.009782281460337
blow:0.030268863993447404
these:0.020579328858371958
set:0.01645599120575106
you:0.01726083818039509
tell:0.014969099711940699
brain:0.027387443471843433
specified:0.06506745610599926
size:0.06709708951054412
a:0.003469575467941354
y:0.026480562587172733
display:0.06868549224103375
are:0.011979715185116004
place:0.01689085476594053
it:0.0021295368306830553
not:0.0037447826619625146
should:0.02040760425134757
try:0.015132855107722935
only:0.008282833778070103
42:0.06045175975280072
hurt:0.02801479260407244
tom:0.07072785509580289
after:0.011982693712204666
be:0.00359292706296566
writes:0.004107219819984859
things:0.01388028526795186
if:0.012487274902423776
of:0.002415411000816629
what:0.00571703169563125
but:0.004132193927021181
please:0.011896989794442576
they:0.0057945318292406435
accept:0.04437406174736314
in:0.001103600632885034
or:0.004188269923621648
rather:0.015984370514986728
forcing:0.03278728081399501
use:0.010327823153710235
and:0.005928531280912886
for:0.002020800390758223
subject:0.00016581960802495836
values:0.07958285162130314
i:0.001185706256182577
tobias:0.03941983131089784
program:0.017246170387478728
than:0.008885722249810317
the:0.00702254357132658
users:0.024526071852522868
do:0.017846407923142772
see:0.01098997367336134
when:0.008122201508346185
specific:0.022764945891120696
makes:0.01734768870963959
different:0.015696999366529487
right:0.012048904309256519
window:0.2815584201473717
does:0.00756825350520202
x:0.0189140372021497
position:0.0641523532399791
article:0.005033123480227335
very:0.010827593116667374
by:0.006151773135510348
hints:0.0322901211390041
include:0.020879026541891936
s:0.0038536414960001135
specify:0.03253372805299963
