22:0.0222799283435976
xt:0.02735675178507322
library:0.022390955035835186
search:0.022818990905747145
all:0.005101967008803696
x11r5:0.07741958126801245
with:0.015637095636084154
missing:0.023089023868391702
to:0.001474009796888589
713:0.029841820991870147
bunch:0.021690925246814572
client:0.026774430457591203
format:0.021497617684695262
that:0.005565314846542409
like:0.006228016382399322
really:0.01043527135396217
could:0.016140204869797403
its:0.02211577065277187
re:0.001999681833038345
so:0.005464227793502246
voice:0.019393017654738866
error:0.06040841966586094
this:0.008422178155691214
routines:0.027957111688127128
apr:0.03986319012874865
something:0.010645247685366432
big:0.014843746277366615
on:0.013556385701585292
western:0.04374896003952299
products:0.021658218150464644
am:0.017479533226752574
inc:0.01957762297221605
libraries:0.026817040990474498
working:0.016944058880783996
link:0.02591384026073218
a:0.00373396825092619
load:0.04808548525993117
was:0.00947017255723407
doesnt:0.03377935763585493
following:0.01463804424085434
said:0.023438554317255958
international:0.021205158399686598
21:0.021690925246814572
no:0.006020030674772779
internet:0.015275582583500567
not:0.009672353078758796
have:0.0027339604981157905
properly:0.023025487355628323
ve:0.009760073256831198
closed:0.022064559899009684
atlas:0.03318456814328688
aix:0.061846603122723144
mit:0.027404286263240308
exploration:0.029917674654928735
get:0.007028737835781403
of:0.003119367682872813
trying:0.01441886750303955
what:0.004922150283404445
but:0.0035576642901091454
gmt:0.045318698783155455
undefined:0.36986778476656584
up:0.007184280055360345
now:0.008833766833573498
one:0.0052583471004043975
in:0.011401906003924524
symbol:0.3465798049376238
or:0.00360594362408067
douglas:0.024119687750030285
use:0.00889186913233876
and:0.0010208487018470316
for:0.001739833491508417
subject:0.0001427644753583866
doug:0.06933111472714631
i:0.004083394807388127
example:0.01503400611635243
similar:0.016923841111586634
revealed:0.027216632146602505
program:0.014848307125048529
the:0.002015382379649874
specific:0.019599766248504985
problem:0.02262636675984582
company:0.01800068470391096
shared:0.02673215677038739
is:0.02298803224732953
division:0.021190200086204987
having:0.013994071617221182
does:0.0065159829643717925
build:0.059865771064465584
1993:0.03240273586107098
almost:0.016160390001414802
before:0.01137002281937243
going:0.01164607317673627
built:0.01974597665280617
