above:0.017016600188303407
obvious:0.024041551961887578
manager:0.12271557312229993
configuration:0.029645212341855215
at:0.011012062655680388
know:0.007711719535364387
all:0.005962923941539321
with:0.003655171104934671
user:0.023635271772456348
my:0.005938839133314383
to:0.0025841234251703076
t:0.016101706593752763
that:0.0108407695448274
like:0.014557988293858416
nt:0.013388972844795722
its:0.012923903475213563
me:0.006772429252528404
re:0.0023371281423635658
tells:0.027668750001978833
prefer:0.025665800656511507
this:0.013124560959285476
something:0.012441633232272018
these:0.020707949663736784
you:0.013894974735218047
tell:0.015062656585140331
specified:0.03273706385333088
size:0.045010964213323346
m:0.00855509195072545
a:0.005236890471923981
richard:0.023350484467367368
sorry:0.019858854279616405
wondering:0.022493334386608107
want:0.011828737298201136
below:0.023199211956486828
solution:0.024311606676457806
display:0.023038258855846736
are:0.008036392270015319
works:0.018594537459692126
place:0.03399284521645532
it:0.006428539307624474
not:0.0037681875535997807
should:0.010267575888959247
try:0.015227435452146205
able:0.01648415766319168
after:0.012057585547905945
restore:0.035334035378091294
be:0.003615382857109196
writes:0.0041328899438597645
if:0.012565320370563923
of:0.0024305073195717334
but:0.008316040278130129
they:0.005830747653173398
accept:0.04465139963328417
title:0.02625745832239325
or:0.004214446610644284
forcing:0.03299220131908248
use:0.010392372048420926
and:0.00715870152170231
for:0.0020334303932004623
subject:0.00016685598057511437
values:0.08008024444393629
i:0.0023862338405674366
becomes:0.026911038346890605
tobias:0.03966620525659095
program:0.03470791790480094
currently:0.022493334386608107
later:0.019971325180985648
than:0.008941258013871632
the:0.006124243206161056
users:0.02467935980160114
do:0.013468460979496812
when:0.00817296526777335
less:0.017180409728726736
specific:0.022907226802940203
problem:0.013222283075284903
current:0.019764035773317614
is:0.005037611754199948
save:0.02264068895263309
window:0.21793704636407135
does:0.007615555089609533
olwm:0.0793324105131819
leaves:0.03114554998849601
position:0.0860710739303053
by:0.006190221717607289
hints:0.03249193439612288
specify:0.03273706385333088
