all:0.026501884184619198
43:0.2851983445115943
thanks:0.05537185124767119
with:0.01624520491082076
several:0.078290315890761
to:0.007656662000504615
keyboard:0.1262439732214721
a:0.003879178127351097
question:0.12127700463039469
telephone:0.1243645663194217
it:0.009523761937221443
only:0.03704267328525796
mouse:0.12072033825632864
one:0.05462838376531236
use:0.04618832021520411
and:0.005302741867927637
subject:0.0007415821358893971
76:0.14811780266678284
possible:0.0715825450823495
any:0.0284246462858002
rainer:0.914583870069382
suggestions:0.10991656586307992
the:0.0020937583610807025
simple:0.09164412658211779
is:0.0074631285247406635
1:0.10880688288470602
e-mail:0.07638043824034073
