another:0.013859408314928618
above:0.017016600188303407
some:0.007297105469583464
simply:0.019116520874271185
pixel:0.030724041983523926
at:0.005506031327840194
say:0.011859656089172147
there:0.005736118659857172
all:0.005962923941539321
delete:0.033465400204930586
graphics:0.043984268001746527
wonder:0.023064798173855806
with:0.003655171104934671
way:0.021654660244331794
generate:0.02931130505014534
apparent:0.03024471310359734
drawing:0.029645212341855215
avoided:0.03603476849134571
approach:0.025726579093336473
gc:0.03862211722744617
to:0.006029621325397384
tool:0.029383980287614832
t:0.016101706593752763
appreciate:0.02399508334634059
badly:0.03267487428549858
that:0.00433630781793096
like:0.014557988293858416
avoid:0.02416718433264437
this:0.009843420719464107
something:0.012441633232272018
two:0.011654933954083197
on:0.003168805157745562
you:0.0069474873676090235
performance:0.02369382020997885
am:0.020429204458767072
suggest:0.02294624878193824
a:0.0026184452359619905
other:0.025862024771848326
as:0.005000713501356366
following:0.01710821420649851
let:0.014407110892205156
question:0.027287326041838807
also:0.01854371414599458
it:0.00428569287174965
not:0.0037681875535997807
should:0.010267575888959247
expose:0.03706923373183054
have:0.006390632664345661
area:0.02005291902912092
intersection:0.03947962423690545
points:0.022907226802940203
regarding:0.024731227319192986
without:0.014045065530015595
be:0.003615382857109196
which:0.008074327078234486
if:0.0041884401235213085
of:0.0036457609793575994
trying:0.016852051394177475
using:0.013777628616530755
rectangle:0.12017087246317287
now:0.010324464986739028
one:0.01843707952079292
context:0.025954630926231077
become:0.020701392342469677
total:0.02288134684877751
use:0.010392372048420926
and:0.0023862338405674366
for:0.004066860786400925
subject:0.00016685598057511437
create:0.04753557114054524
locations:0.03603476849134571
i:0.010738052282553465
any:0.012791090828610092
event:0.025954630926231077
suggestions:0.024731227319192986
the:0.006124243206161056
do:0.0044894869931656044
see:0.011058661008819852
hello:0.024183067441573572
thank:0.022690589417309465
would:0.01748718086445705
can:0.010807074905471418
may:0.011631409546498944
simple:0.020619928480976504
an:0.01122372673202171
problem:0.026444566150569806
affected:0.03159755412336867
is:0.0067168156722665975
logical:0.029420637284192322
having:0.016355571202627258
white:0.021243557161378702
created:0.023738094303031382
x:0.01903224993466314
too:0.012203236674153104
very:0.010895265573646546
purposes:0.027668750001978833
function:0.025706253872171615
thus:0.020820969205476908
answer:0.018976694013305356
s:0.0038777267553501147
