some:0.014778947786498154
out:0.01491363416557544
there:0.011617455513634778
default:0.12151076672409586
way:0.021928769867677764
ca:0.02603226071002938
to:0.003489111797698306
then:0.02020101708576966
direct:0.050554121804736375
next:0.03390354460441994
nt:0.009038969009144792
font:0.2527124120810843
this:0.006645347321157203
reply:0.04545818378930562
programs:0.044723824358158436
something:0.02519824452105725
set:0.03353689346994837
possibly:0.04907536282781444
used:0.024993208966289437
specified:0.06630291413332837
3:0.029638809425792653
m:0.01732676850779838
openwindows:0.06977679825613547
a:0.0035354534831554306
how:0.01665016452188765
same:0.024583460133273574
running:0.03832228370185698
science:0.04280547121730779
computer:0.03393294816664956
kurt:0.22678098955492942
it:0.00433994214860724
not:0.007631772260455251
always:0.03363235567086972
chooses:0.07433934796163177
summarize:0.07255982959933825
dept:0.05194060114356708
of:0.00246127323500935
what:0.01165116586071685
windows:0.03477477444839875
please:0.02424576401145892
up:0.017005827472814997
email:0.0347328944173157
in:0.006747330451689512
and:0.002416439332220189
subject:0.00033793616319010504
until:0.07243457532568719
i:0.009665757328880756
normal:0.04775142625972839
the:0.003816470936653433
is:0.006801838655459845
having:0.033125207498991914
new:0.02182277930232338
figure:0.046740476380693084
x:0.1156389869447887
under:0.030725613001337203
change:0.07524073690912626
show:0.03810213505993459
seem:0.03493307031513592
