click:0.050613510112726745
default:0.04285424362144452
tried:0.027659500473541702
thanks:0.01779809504389431
with:0.00522167300704953
user:0.03376467396065192
option:0.037416171627253414
setting:0.03840925765502327
my:0.008484055904734833
to:0.0036916048931004393
then:0.014248931694426814
die:0.03364066403064597
that:0.0030973627270935427
appears:0.034824116316020816
den:0.061137215437205725
ps:0.04022823502517603
der:0.10357230597654433
on:0.013580593533195264
working:0.02829052688130899
specified:0.04676723407618697
size:0.03215068872380239
m:0.012221559929607786
a:0.0012468786837914242
how:0.011744312475260038
question:0.019490947172742003
button:0.042459857743648646
step:0.037138577099842425
display:0.032911798365495334
place:0.02428060372603951
application:0.03294971167693686
have:0.0045647376173897575
ve:0.016295836598459235
robert:0.08559139363279562
mouse:0.03880296586810563
usually:0.029444203055237615
screen:0.033377742590232566
get:0.011735481922242164
of:0.001736076656836952
but:0.005940028770092949
properties:0.04821829594670282
up:0.01199518187814629
now:0.014749235695341466
in:0.0031728518195444726
and:0.0017044527432624546
for:0.002904900561714946
subject:0.00023836568653587764
i:0.011931169202837183
plain:0.04062317480175483
explicitly:0.04599779035974901
away:0.024723067735032772
any:0.009136493449007207
actually:0.021824233277688256
yet:0.02348275663112646
program:0.024791369932000668
normal:0.03368180959391556
the:0.008075925107025567
when:0.023351329336495284
start:0.02515680435609386
can:0.007719339218193869
did:0.014677777173597905
an:0.016033895331459585
is:0.0023988627400952133
argument:0.0314173342869618
having:0.02336510171803894
right:0.017320299944556247
window:0.15566931883147955
x:0.027188928478090197
first:0.016763882405277153
geometry:0.10095438679454655
engineering:0.034524549046634816
position:0.06147933852164664
de:0.0360801966709283
behaviour:0.09445041983786592
by:0.008843173882296126
alter:0.05313642950366434
hints:0.046417049137318395
specify:0.09353446815237394
