large:0.03838505281907148
text:0.04636620170812266
cut:0.046936096100056425
with:0.007497786881917273
into:0.02295902439721008
wisconsin:0.23391924180105655
to:0.0035338440002328996
normally:0.05456220184770235
format:0.05153916034664121
that:0.013342485593633725
smaller:0.05758002909032008
like:0.02986254008996598
complete:0.047477126285830486
file:0.07790989442201049
hi:0.040397649487364164
these:0.021238922732037726
am:0.02095303021412007
state:0.03407324855052072
a:0.0035807798098625512
ascii:0.06754345415407244
layout:0.07349008382497078
also:0.019019193995891876
patrick:0.11757961616649362
computer:0.034367985963657886
l:0.08474257894239391
display:0.09451593376757635
files:0.12728121402260342
are:0.016484907220544243
meg:0.05968864867538818
have:0.006554495040354523
systems:0.03846688615746936
university:0.03013256540511094
app:0.06985450317754607
be:0.007416169963300914
of:0.007478484060220718
looking:0.03325494032572621
associated:0.058330712535853084
ph:0.07033835353630052
find:0.027133932534274232
or:0.008645018688501094
and:0.0024474193236589093
for:0.008342278536207025
subject:0.00034226867810279864
i:0.009789677294635637
appreciated:0.04339438614328516
any:0.01311906751652317
information:0.03126693954466365
will:0.014529555703888261
the:0.0009663500128064781
views:0.051924189668421654
would:0.035871140234783695
mr:0.04329430356773607
an:0.011511514596945343
9:0.04565171353365418
x:0.03904051268648849
superior:0.06460358151009969
