manager:0.01671020570175999
believe:0.009245412256724853
configuration:0.02018397436041206
ideas:0.015306355902295619
there:0.0039054424918176485
all:0.012179589327399461
default:0.040848300302993926
x11r5:0.02053540666257919
with:0.009954508541098679
option:0.017832388179797373
further:0.015097167664176113
twm:0.02675639294056008
from:0.0036024351252347897
work:0.008617329634001292
longer:0.014443451099464577
name:0.011754180875873408
via:0.014545665440917638
single:0.013835858172393085
to:0.0023458709107929037
changes:0.017352805530792294
line:0.012016186165131866
bizarre:0.024833051988461967
most:0.01580081245929394
that:0.004428569686397576
problems:0.023345304135249132
nt:0.0030386321349891
its:0.00879925342993264
me:0.004611015661295935
font:0.14867017434131877
server:0.017031739341053762
so:0.004348130201637958
anyone:0.007118786168686771
file:0.02585945431879497
error:0.01602322620924255
this:0.006701903468571306
he:0.02029957286196045
best:0.01036245140409121
opening:0.020918496669633312
two:0.007935274181503454
on:0.004314968725440765
particularly:0.01709404380910886
xterm:0.15602345325842804
more:0.010820587453793412
a:0.005942570748282532
other:0.011738791385803497
same:0.00826422702352601
load:0.03826376912173247
xdm:0.02598055652867091
as:0.003404741107306461
running:0.02576562053146129
fine:0.013783645012427915
lose:0.017892535034839518
are:0.0027357931131967044
no:0.00958081477602136
causes:0.03631618127127418
mwm:0.051186885157718624
it:0.002917918550978485
not:0.005131149009157148
application:0.01570369237368906
have:0.0021755345240325654
only:0.011349244581015204
suddenly:0.020737391927425672
between:0.009884535515091088
hope:0.0122913256920853
second:0.011700833092137304
references:0.01757177700856027
command:0.0175159687443993
has:0.009061910416055753
shows:0.032886933086126904
loading:0.02425517308991277
his:0.007848634219171305
be:0.0024615372644147715
which:0.005497414180925608
applications:0.03319405129697304
if:0.008555111741660543
of:0.0016548134941764992
available:0.011493888628996723
using:0.009380513100616683
slight:0.02288166929304872
windows:0.023380486650412778
investigation:0.021172621072618938
they:0.003969870742586143
operator:0.023346347131197622
up:0.0057168526397973814
one:0.004184301735215415
in:0.0045365030270933734
system:0.009511584379755427
use:0.007075657564882332
unable:0.019469115929607254
and:0.0032493396977939563
for:0.0013844632464343574
subject:0.00011360407188092892
however:0.010200420868923034
i:0.0016246698488969781
info:0.012533597699542117
any:0.008708827798202616
than:0.006087665030721111
the:0.005773427310554449
when:0.0055645720972073865
start:0.023979251811766064
would:0.003968721898316494
can:0.007358008446278412
operating:0.01955777161855552
colours:0.026188174248540835
problem:0.027007216494198946
note:0.012602932335653181
different:0.03226234337886699
current:0.013456364781833268
is:0.004573151096011301
either:0.031960374984425846
occur:0.019360832245942726
recent:0.016162106759510728
new:0.0073361683612065826
window:0.07419133493244982
does:0.010370117568830002
x:0.025916255230179593
first:0.007989595018685281
somehow:0.01809409966812841
fonts:0.06322661201233122
under:0.010329035860023997
significant:0.017714586355336022
workstation:0.045287760216782914
behaviour:0.022507334089023372
initial:0.01960280187102589
difference:0.013647463178018666
fault:0.018838297873687716
seem:0.011743457680407394
giving:0.016141987009740746
appear:0.03360593675111644
s:0.0026401543866213547
