looks:0.01923092963131399
characters:0.11379723391931468
at:0.004949241643002421
ideas:0.020207829421570057
there:0.010312123433451094
x11r5:0.02711135149273095
thanks:0.0111988013759335
where:0.010378970776594167
own:0.012733093458134804
text:0.06095332134663316
with:0.009856641181846303
much:0.009815712750336693
previous:0.01951235629040902
my:0.010676564734048329
corp:0.026000924971415994
invisible:0.0335499965820963
to:0.003097076764249058
line:0.015864066004528027
w:0.01738393738780536
look:0.01332117036110062
clients:0.030018487259498697
then:0.008965619942560692
might:0.011949916493699133
that:0.0019489023900813303
terminal:0.02682132696798203
like:0.013085832174254755
server:0.022485723287346257
complete:0.020804583428622347
so:0.005740508974072585
anyone:0.009398397469895455
phone:0.01650195014724477
jon:0.06993317298401686
unix:0.02226161469730524
on:0.0028483641867375837
am:0.01836332985057714
seeing:0.02251848126662038
os:0.026681742706259948
a:0.007845528796889859
series:0.0201536537121779
character:0.15387592393114097
closely:0.027952617708232864
output:0.022962686454686073
portion:0.0285445307175465
shell:0.05414853799634558
display:0.02070854728615437
are:0.003611861694388907
no:0.006324414248216347
internet:0.016047943500643855
it:0.007704616398651055
not:0.003387134879640252
should:0.009229281697940897
az:0.035827890447872504
being:0.010931482752388472
only:0.007491776619490373
machines:0.022168238960024112
between:0.013049808123856211
second:0.015447729082316104
has:0.005981879066778376
edge:0.05295732233256134
returns:0.029655911298051667
be:0.00974934703040682
which:0.007257822092795044
if:0.0037648899986708387
5000:0.03310031844909891
of:0.006554177041541752
what:0.005171023050542871
intel:0.05680459168246053
result:0.019859561578716305
2nd:0.024531667699941136
port:0.023425714243536743
find:0.01189015021164826
one:0.005524218583009115
in:0.0009982005724409578
or:0.003788266616309468
and:0.0021449292948920776
for:0.003655605201259258
subject:0.00014998290388774325
i:0.0032173939423381166
employer:0.02539376642349789
appreciated:0.019015517523462037
back:0.011833464719480548
any:0.011497609733582104
program:0.015599064226876826
the:0.006775307954957779
clone:0.03008125861117356
when:0.022039456901860717
hello:0.021737588711526805
around:0.013298845130076604
would:0.005239604753395371
regards:0.023198694365234064
simple:0.018534767173911466
individual:0.02169486624307052
an:0.005044371564953577
problem:0.059425991349595066
expressed:0.023088534413613974
is:0.0045281903408538856
architecture:0.031676448219831836
self:0.02388827765174256
time:0.008873651516312997
first:0.010548060839275512
too:0.010969201504856722
testing:0.027657974588162403
opinions:0.016042753682696864
appear:0.022183694203686415
strange:0.04939733742533397
3rd:0.024796375132396582
