above:0.011536678093765022
manager:0.1331151979631728
configuration:0.02009844904532557
at:0.011198707785437684
out:0.00499227584356127
there:0.0038888940066828283
know:0.010456568861511032
corner:0.02076888974538868
your:0.01067739171340053
way:0.007340562794688743
user:0.0160239130660721
much:0.007403376565931912
work:0.008580815525382642
my:0.004026331615806362
to:0.0035038961697224516
then:0.006762204871931369
t:0.010916411250001872
that:0.01028954397475143
reliable:0.019657176760356936
like:0.0098698225721074
nt:0.015128782875475392
location:0.019452656671501707
its:0.008761968457771907
re:0.0015844936558397056
tells:0.018758474577612767
so:0.0043297059211225425
prefer:0.017400542817973902
requested:0.02219461956158026
this:0.011122509287530063
these:0.014039287907618157
you:0.014130482781577676
tell:0.010211970566196833
specified:0.02219461956158026
size:0.030515907941236167
guarantee:0.020922989932553406
a:0.004142173254629138
how:0.011147144044314612
richard:0.015830836927028722
sorry:0.013463630020078917
want:0.008019482914034667
below:0.01572827929253344
solution:0.016482445204378172
far:0.01054821217000594
display:0.01561915854633677
are:0.005448401538993437
reason:0.011322931881392067
place:0.03456899513537829
it:0.004358331733982695
not:0.005109406852338685
should:0.01392213679858881
calling:0.01742796872689601
try:0.01032368505230251
tom:0.032167188334531825
able:0.011175700110638427
after:0.008174634269766742
placed:0.019300141406044483
restore:0.023955278222434775
be:0.002451107021768946
writes:0.0056039185679454435
certainly:0.013032869818879834
if:0.011358481690905241
of:0.0016478015725910056
even:0.007115082405788244
what:0.007800356805056197
but:0.002818996704450891
visible:0.02009844904532557
they:0.011859147769166235
find:0.008967994651158433
accept:0.030272135344599434
refuses:0.024576479384264757
title:0.01780166665924966
code:0.0137309852132699
in:0.0007528800927732647
or:0.002857251939419853
forcing:0.02236759411463219
use:0.007045675965031136
and:0.007280035445798959
for:0.0013785968767460763
subject:0.00011312269869499278
values:0.05429169114843138
outside:0.015274473633396292
i:0.0008088928273109955
becomes:0.0182447717606038
tobias:0.026892342546841325
will:0.004802141291963069
program:0.023530791799865045
currently:0.015249718228208885
later:0.013539881478634337
the:0.006387737372788584
managed:0.020047087348154618
users:0.01673176935701772
do:0.015218599976832555
when:0.005540993401880237
around:0.01003048488624422
specific:0.015530323256230646
because:0.0074776368597225164
did:0.006965724760351548
problem:0.008964259712057561
current:0.013399346286994991
is:0.005692216671412371
move:0.029973094199771334
save:0.015349619628903787
window:0.23640628758136553
does:0.010326176392690891
break:0.01662799384850799
olwm:0.026892342546841325
their:0.00641391363805811
almost:0.012805054789256644
position:0.05835327046122393
article:0.0034336138996466144
by:0.00839352097302683
says:0.010851808239099864
hints:0.022028430099066357
s:0.0026289672917627896
specify:0.02219461956158026
