408:0.01929812975830641
above:0.009973099011459872
some:0.004276691850305326
looks:0.012538847891479452
read:0.008304040519772607
cleaning:0.01982521466548615
resident:0.021512119007212126
large:0.010967157948306137
at:0.0032269780675986486
there:0.006723655571993754
nick:0.018225516307932052
graphics:0.02577832556878917
where:0.013534482038342576
your:0.013845409034958931
with:0.010711124117024677
method:0.014618673709694354
ca:0.007533145040631213
into:0.006559721256345737
someone:0.008071275145285788
followed:0.016281823080598095
mentioned:0.02575211442338343
from:0.006201994537950005
violent:0.017676998409179887
to:0.008582192571994185
then:0.005845715566944334
death:0.01229090250562792
growing:0.019532017934081256
client:0.01833999448926577
that:0.003812138741038207
memory:0.1362562435452032
like:0.0042660771557094255
through:0.008679352725365666
nt:0.002615672350631643
its:0.007574448923202089
me:0.0039691893055111525
need:0.007037369932224309
re:0.0013697454314218701
sample:0.017264475046146373
server:0.07330510522248415
so:0.0037428959611169235
this:0.003846025189534205
something:0.00729179969656968
these:0.0060682636377250646
slower:0.01790210016454129
on:0.003714350368053406
you:0.006107681202293647
kenneth:0.018006764532468234
them:0.005369447514770113
e.g:0.014869140000700717
size:0.013190026143098416
os:0.017396887185766558
santa:0.01929812975830641
a:0.0030692398370250444
how:0.004818179477029759
render:0.020143937658122158
worked:0.014081186229210072
copy:0.03754518620948728
question:0.007996286019586463
avenue:0.01949198470868862
also:0.01630216628219304
pixmap:0.022030985370080358
computer:0.009819424561045112
display:0.06751138126255454
are:0.00470997349158407
results:0.013417889189994361
no:0.008247221510494578
those:0.006798225839881172
likely:0.024222775127690315
d:0.006673422059989141
tad:0.021581892615163387
requires:0.014703863680992035
it:0.0025117613900364245
ken:0.015113819418002971
have:0.0037454257373454422
only:0.004884748125528522
interesting:0.011970785941104076
whether:0.010466881263303387
device:0.02940772736198407
uses:0.012509139669730537
sudden:0.019958429479298878
be:0.006356717111400784
which:0.0047322063462180135
rates:0.016797088023784806
get:0.0048145566860480675
kill:0.013533450939939143
depends:0.01577203712638277
if:0.009819053769427242
end:0.009905616859250949
of:0.005697892617311023
looking:0.009501411521636059
but:0.0024369348800381326
equal:0.016331887691325802
pacific:0.01965481167781255
easy:0.01213802770790772
up:0.014763300773103128
depending:0.016486322895810337
one:0.007203742914107124
code:0.023740018390708398
email:0.010050910838710406
in:0.00260336559552367
cpu:0.03276529212009795
resources:0.016167599903174328
point:0.008064234290329892
system:0.00818762757964295
or:0.002470005339571741
rather:0.009426680047299865
dies:0.022111494185900048
better:0.008191266927843967
and:0.001398525327805091
for:0.0011917540766010037
subject:9.77910508865139e-05
i:0.002097787991707637
xputimage:0.024414090007960024
faster:0.014286816950162389
limited:0.014220128435522929
rate:0.028459162706895615
images:0.015589200527914958
than:0.01572089321120287
the:0.004969800065861888
do:0.0026312011681556653
devices:0.015548272686896184
can:0.006333816794415483
maybe:0.009699315319935254
just:0.00430178960976515
interested:0.010538740715805567
hold:0.025419638190066082
shared:0.07324415115109804
is:0.007873190531594547
deal:0.012074413889232635
implementation:0.03612047997644675
having:0.00958568275611854
write:0.02384010201456054
window:0.01277286718617268
existence:0.014903109366214742
animation:0.01937444509494686
walsh:0.023360309522788666
give:0.00865654311852017
documentation:0.016399723031132532
xview:0.02111927823668613
answer:0.01112187194918995
process:0.01324748620232076
by:0.007255937544448103
main:0.06810287567082103
s:0.004545320738871929
