xt:0.07256329906111621
some:0.0082804033697401
widget:0.10721445442101651
with:0.004147711892124449
from:0.006004058542057982
nicholas:0.16555367992307976
sell:0.024681363822557218
to:0.001954892425660753
young:0.05324901456842818
might:0.015085710183535076
class:0.028143047316801433
make:0.012482840307444707
that:0.0024603164924430977
motif:0.1667176186531338
like:0.008259851514245908
could:0.010702901810823102
me:0.023055078306479675
need:0.02725109207797498
anyone:0.023729287228955905
this:0.01116983911428551
something:0.014118165369954062
principle:0.03539766055745685
on:0.003595807271200638
spec:0.03721972022969108
am:0.011591037990789827
includes:0.026721662208740064
answers:0.02972064696632895
more:0.01803431242298902
sure:0.015475489504675201
a:0.003961713832188355
private:0.025175043430315968
therefore:0.024346989507481317
files:0.023470294784309852
are:0.004559655188661174
it:0.0024315987924820705
not:0.008551915015261913
have:0.007251781746775218
probably:0.033861329291194446
has:0.007551592013379794
public:0.021019465234472293
writing:0.0283862322350896
list:0.06194954461535276
be:0.008205124214715904
which:0.009162356968209346
if:0.0047528398564780795
of:0.004137033735441248
lines:0.02505802925031572
please:0.013584506077342231
they:0.006616451237643572
chance:0.02549686190079861
one:0.020921508676077075
difficult:0.026434101255588642
code:0.02298235822930281
in:0.0037804191892444783
context:0.029452063462389873
71:0.03603493948739912
or:0.009564701527703338
rather:0.018251657112857186
and:0.0027077830814949636
subject:0.0001893401198015482
i:0.006769457703737409
44:0.03223250380122692
appreciated:0.02400540510054073
any:0.007257356498502179
information:0.017296604854494788
platform:0.037077871529643786
yet:0.01865296980628485
source:0.02212246781347393
exist:0.02579095372905039
than:0.010146108384535186
the:0.002138306411316462
do:0.015283359976733971
would:0.006614536497194156
can:0.01226334741046402
simple:0.02339850040394497
an:0.006368071904693168
people:0.010675696028887358
1.2:0.03797492221836095
is:0.0038109592466760837
save:0.025691561932065912
having:0.018559513421421002
write:0.046158495389893806
new:0.012226947268677638
provided:0.0286380527205996
does:0.008641764640691668
header:0.037291722864187665
already:0.0412168272524447
written:0.025415027932312834
give:0.016760540931602882
lots:0.025877269584513196
widgets:0.03900209206147056
by:0.007024365069625291
