there:0.009868591242765026
help:0.011505874838934393
all:0.0051293969389585555
default:0.025804705836568746
sub:0.032106985976414745
thanks:0.010717132499549264
with:0.0031442332085459537
from:0.004551463733495568
upgraded:0.029927066040349344
my:0.020434715297425837
to:0.005927738322971316
then:0.008580001880515071
boot:0.026390464889195386
misc:0.030907289463972754
enough:0.026152134698251575
that:0.001865078631368155
realized:0.028160915142650223
directories:0.0611206163350684
mainly:0.025874529468433324
effort:0.0218406284232726
error:0.020244398705225798
this:0.005644972455606656
path:0.023849078661617822
programs:0.018995602818787725
hi:0.016940949785023682
these:0.008906645016660983
on:0.005451707798271935
am:0.00878675460592132
etc:0.012485612835796966
none:0.019475861464630612
libraries:0.02696121863020824
temporary:0.02832467432267554
openwindows:0.08890914616507584
a:0.0030032346792395596
hard:0.014538889261158653
load:0.1208600234355797
was:0.00952108746345576
as:0.008603378066849661
running:0.048830006652366156
1.5:0.0286679618064741
files:0.08895998829536798
are:0.010369538412922992
no:0.0060523964310887635
those:0.009978041152083658
xlib:0.05819659788900773
not:0.01620725829505282
have:0.008245977631413756
only:0.007169549668114445
able:0.014179920570487468
loading:0.030644976753384415
sun:0.01950802314031635
which:0.006945657701707086
applications:0.02096936036233512
get:0.014133053497754004
of:0.0031361384768667524
trying:0.014496388296066646
but:0.007153583034950648
result:0.019005386887158617
in:0.002865801643459524
required:0.02012248091667188
system:0.02403464870153253
message:0.017458709078278074
and:0.010263371357279297
for:0.0052475623050334515
subject:0.00014353202630117365
space:0.049314721895372636
i:0.009237034221551367
tape:0.022308431525367385
limited:0.020871478832783653
any:0.011003088884825886
alternative:0.023409476754647024
suggestions:0.021274174038015473
the:0.003647191983817998
when:0.0070305077572243874
got:0.01189330011629341
can:0.0046482042604178144
did:0.01767646283272006
compiling:0.032106985976414745
problem:0.011374006946481637
just:0.012627834015762215
immediate:0.025804705836568746
gb:0.03282489668944981
previously:0.02556722616821854
is:0.00433342946597845
disk:0.0752898706193523
partition:0.03269838863885737
run:0.028783165896638655
loaded:0.02509113263412475
very:0.00937227146120133
written:0.019266230851914572
before:0.011431151974315294
resulted:0.029707592951530765
says:0.013768960991546066
x-windows:0.1559152993195291
include:0.03614541154026454
