library:0.021040746691965727
out:0.011840975870155375
there:0.009223909402785401
help:0.010754234774079382
tel:0.020429387333157672
all:0.004794310706765282
50:0.017342629593610204
thanks:0.020034036632323247
supports:0.02171678132994365
fax:0.015370067034589896
with:0.00881649311743036
frames:0.08825301039130791
method:0.02005476343088723
cambridge:0.02348048445971297
c:0.03898639741852703
from:0.004254131931809927
work:0.010176243537639717
my:0.004774946036835685
colormap:0.06044682418122551
to:0.003462811960027213
look:0.011915418714954324
100:0.016977447732819454
make:0.008844625544470873
that:0.0034864786475826814
think:0.00723491471119877
memory:0.05097938029397962
updates:0.029804409030617523
bit:0.013693890442490954
docs:0.027569806913725837
smooth:0.02763464814405703
me:0.005445169248264044
need:0.00965428136430772
re:0.0018790980039104048
server:0.040225716031634516
derek:0.08310101098846284
this:0.010552410821536061
routines:0.026271255706933536
best:0.012237065728449417
on:0.010191132165613868
set:0.01331364112626091
you:0.002792959745772472
etc:0.01166996978622229
a:0.00140352173451899
richard:0.01877425886823507
richardson:0.05902320089415991
same:0.009759263067982978
test:0.017969345999897843
as:0.004020674171944816
running:0.015213368906767345
also:0.007454759455676213
stuff:0.014690535440570964
turns:0.02217967222897785
solution:0.01954702044338316
pixmap:0.030223412090612755
it:0.005168674820200582
have:0.005138197117061837
interesting:0.03284446795900917
ve:0.009171526125766001
keith:0.019801342055877722
per:0.017772990530517674
between:0.011672692693700531
second:0.01381756671684556
mit:0.025751766488572553
determine:0.021921916980799205
be:0.0029068404881279967
which:0.00649192126893225
found:0.02687960306790952
considered:0.017300718377950813
writes:0.0033229265880279513
making:0.015450287391318611
if:0.013470360196249432
of:0.0029312651090312356
host:0.024054545714435802
institute:0.01956008969815732
but:0.0033431317701025642
using:0.011077490344949351
well:0.00845662266408716
up:0.006751057137449169
code:0.032567964927956744
email:0.013788435472200707
in:0.004464314117952022
extension:0.0508942402955729
astronomy:0.02477610812454764
use:0.008355676018830895
and:0.0028778699584732902
still:0.010259844634319332
for:0.003269837818211799
subject:0.00013415556227144873
however:0.012045723136667906
i:0.006715029903104344
xputimage:0.03349269634257833
group:0.013553346406063543
info:0.014800982208001997
unfortunately:0.018501975280532445
later:0.01605734687918444
the:0.004545244281341023
kernel:0.030009544681473075
would:0.004686681638715458
can:0.004344552725817655
may:0.009351887072561965
come:0.01206629987170557
an:0.018048203790185662
people:0.007564186633533253
interested:0.014457669424195577
shared:0.07536050225219762
is:0.006750568514840802
tests:0.023654783746084276
object:0.021256142191622928
query:0.02897267818399655
done:0.013309867092566324
questions:0.015196866016309105
tapes:0.026221746679581718
x:0.03060462301051359
e-mail:0.01381756671684556
leave:0.01775468404168099
article:0.004072024524204025
very:0.00876001252152486
animation:0.02657901261769092
written:0.036015265713126736
give:0.011875559152542747
documentation:0.022498112499995886
xview:0.02897267818399655
by:0.004977062687523448
doubt:0.017487800497389787
