some:0.01556715833511139
resolve:0.07558284176833861
know:0.016451668342110693
c:0.034481302605719466
someone:0.029379441528840266
work:0.027000966186537384
to:0.0055127966403633235
nt:0.00952104735629918
so:0.013624141298465602
file:0.04051314509944546
error:0.10041221757791996
this:0.013999531689904508
2.0:0.18759235232093016
hi:0.04201355546685873
a:0.0018620055011285268
how:0.017538173296388324
related:0.0513885198084156
not:0.0080388001143462
have:0.01363334968393741
follow:0.05035989749889714
47:0.07095082433962657
if:0.008935338930178791
what:0.012272561373288417
undefined:0.0838366978804216
code:0.043206833471089286
in:0.011845313459632698
compiled:0.07038336281404263
x11r4:0.15285937435593927
or:0.008990819436041138
use:0.04434078740659595
and:0.002545316096605266
subject:0.00035595942522691063
i:0.010181264386421064
platform:0.06970639847573032
exist:0.04848699301061474
the:0.0010050040133187373
when:0.01743565923791648
did:0.021918813912572874
cc:0.07537927547326143
problem:0.056415074454548915
ted:0.05982018837132028
questions:0.04032235116327349
does:0.06498607009800135
2:0.025978794027938786
matter:0.04027870682534057
build:0.049755107506911395
1:0.052227303784658896
instructions:0.06443286811233036
although:0.042129859423396775
release:0.05298404652516345
sco:0.34356816111247346
