out:0.04207775353858785
there:0.03277782091346955
help:0.0764318828586356
with:0.02088669202819812
line:0.10085013388592816
anyone:0.0597469553443354
xterm:0.37413787260949577
m:0.048886239718431146
a:0.004987514735165697
color:0.26390229332881326
status:0.3143344779999456
which:0.046139011875625635
of:0.006944306627347808
style:0.16395810623122867
looking:0.09263876233595156
version:0.11144537884519945
lines:0.12618507586766128
and:0.013635621946099637
for:0.011619602246859784
subject:0.0009534627461435106
i:0.006817810973049818
can:0.030877356872775475
handles:0.19830860576330864
mike:0.11412185817706083
