another:0.01962394097689008
mode:0.13555346005232677
manager:0.03475131274259821
know:0.010919248899630989
actions:0.03499311897511639
thanks:0.01764058977801914
graphics:0.03113930477999754
widget:0.3121553584470304
way:0.015330732916341091
user:0.03346587153622138
creating:0.0433127478950696
custom:0.047187972531010466
operate:0.046714621336753956
work:0.05376298576965408
my:0.008408975763984966
to:0.004878581097666658
gl:0.15854600154725154
bruce:0.0815337776936475
anyone:0.014804555306560984
this:0.004645862286472734
child:0.07018344461489193
set:0.023446146762176292
am:0.01446315359912713
support:0.024238551411800938
why:0.01574975734649563
a:0.006179221795780509
fine:0.028665102459473984
advance:0.027995585988288933
button:0.042084106790165034
shell:0.04264796355464386
display:0.03262054351270334
it:0.006068237694512778
not:0.005335486801557212
have:0.004524341709271264
only:0.011801205648400766
whether:0.025287244113998446
able:0.023340400231067867
configured:0.05231216610439564
mouse:0.038459576789626825
writing:0.035419988895111804
be:0.005119126169358153
of:0.006882852586397828
happening:0.04017518136691998
they:0.016511851761199004
up:0.011889029826127297
in:0.007861933712145596
or:0.005967358032770666
and:0.005068107272001635
subject:0.00023625625568157783
i:0.0033787381813344237
translation:0.04197552189997199
will:0.010029250839852073
the:0.004669266433560505
do:0.006356795742535368
when:0.04628936080862782
put:0.02201291415528123
problem:0.01872181674376623
is:0.014265803197734366
translations:0.10533239122850277
does:0.010783086852544472
x:0.053896636983116857
handle:0.035950060944501795
specify:0.04635336474807913
