xt:0.03720518242769958
some:0.004245588636848561
manager:0.028559260653917073
large:0.010887396799591184
at:0.006407018272395862
there:0.003337378129371445
11:0.014051689591345132
know:0.004486818638757461
true:0.009393748335119443
widget:0.07329569974964038
with:0.006379935019522335
much:0.006353443162036114
cambridge:0.03398266478169368
from:0.0030784445615642747
nicholas:0.042441943398462266
sell:0.012654808359929336
several:0.010248914080245078
to:0.0010023266618842406
within:0.023537819755075035
young:0.013651111007542497
depend:0.01863491465900341
might:0.023204565118673956
class:0.01442970789697819
make:0.006400292666726195
that:0.0025229427304325584
motif:0.10257680391312814
like:0.012705153420094617
nt:0.005193298557981371
could:0.016463008967193354
consider:0.011710414831167975
asking:0.013037937507775979
me:0.011820967422595034
need:0.0139723781199799
re:0.0027195672929321494
anyone:0.006083326362332332
this:0.011454162291740053
agrees:0.021424933396144017
something:0.014477536852098348
these:0.006024130811268882
principle:0.0181493459585506
on:0.0055310053662468
you:0.01616869787370827
spec:0.01908356564504161
disclaimer:0.013651111007542497
am:0.005943041297095874
concerned:0.01463996088202847
m:0.004977508044058444
includes:0.013700924987026724
more:0.009246683824150734
sure:0.0158694110557033
amateur:0.017270364369870075
a:0.004062557457007694
how:0.00956627634348454
vote:0.016563030443005448
lists:0.034452035844512376
looked:0.013545466198107944
commercial:0.015150351273646369
as:0.0029095060371527944
private:0.01290793135881655
let:0.008382319064555726
therefore:0.012483365529290422
also:0.0053945350242893325
files:0.012033860234864325
are:0.009351438277836008
it:0.006233735086181308
not:0.008769600124741308
pd:0.019813277264903978
have:0.009295465693593687
probably:0.017361627018394242
rand:0.044942100046482816
snail:0.020669881160586767
has:0.0038719071777692762
sets:0.03458548412573562
public:0.010777253083856703
writing:0.014554395436900487
list:0.06352644211465265
without:0.008171674490190892
be:0.006310486441499687
which:0.009395580600127401
writes:0.002404590512791136
if:0.0048738212346429765
of:0.0028282266991380167
interface:0.01535527104292321
what:0.0033470621927150224
but:0.0024192117172742193
lines:0.012847934997434605
port:0.0151628259467256
they:0.003392434998209977
find:0.0076961699551759645
good:0.005890944914034542
chance:0.013072936465500378
one:0.014302704113099963
difficult:0.013553484643774542
code:0.011783681855751623
in:0.0032305400344452813
context:0.015100876175261718
point:0.008005585313672948
yes:0.00969762134728687
or:0.0049040833287497115
rather:0.009358122374228594
douglas:0.03280277534004119
and:0.003470885586279908
for:0.0011830867742257235
subject:9.70798432437029e-05
create:0.013828529786340433
i:0.004859239820791871
any:0.003721044604686572
platform:0.01901083594792645
impossible:0.014968191472486674
yet:0.009563886337040596
source:0.022685585175998724
exist:0.013223725366531292
alternative:0.015833318823143077
than:0.00520218648079804
the:0.0016445520217942976
do:0.01044826063863995
automatic:0.016751485235240306
putting:0.01461838002559278
would:0.006782906517122735
can:0.0031438763361371397
radio:0.013044910402791514
simple:0.011997049298022694
an:0.009795252420673492
people:0.005473720509356791
1.2:0.038941556602101045
about:0.00358187701935226
ma:0.014586247000863695
general:0.010721564956682004
is:0.0029309741115345154
save:0.013172764481531977
having:0.009515968699710406
write:0.023666719454454643
new:0.0062690893268492615
window:0.012679973606636879
items:0.016849506362471317
provided:0.014683510667652888
center:0.011878657576264759
does:0.013292605247318458
geometry:0.02055798421998039
header:0.019120483359456222
almost:0.010989065200962066
article:0.0029466650193330944
very:0.012678127212970526
already:0.0211329914276171
written:0.013030977958022218
lots:0.013267981859695858
widgets:0.019997436293335814
by:0.00720316708957939
s:0.006768395791156564
