xt:0.030270488661589896
another:0.01312133331590875
read:0.013414219301171135
large:0.01771617822418684
out:0.006971462124736449
there:0.005430644885071878
technology:0.01992702772672747
where:0.010931697030969004
fax:0.018098481301085143
with:0.013842068089693427
way:0.010250726742878954
ca:0.012168926604096575
name:0.04903371312124706
my:0.005622569593670422
melbourne:0.034424548590449015
to:0.0032620098463688302
look:0.014030581800449174
day:0.01504913038912942
centre:0.02962614494419855
that:0.006158070273984796
problems:0.03246240515848252
motif:0.027819152935019957
nt:0.004225316874097269
location:0.027164656653694694
database:0.02996436041070712
australia:0.027450258671267675
need:0.01136805912128542
so:0.012092433105146983
file:0.035958412810158685
phone:0.017380752226092124
error:0.06684245252968045
this:0.0031064049607776273
fork:0.03737715904085723
these:0.00980257972247895
on:0.015000261101754139
brain:0.026090996443590492
fix:0.025739875498109372
used:0.011683216025661925
machine:0.03849466691508103
am:0.009670629329593878
etc:0.02748312411193178
3:0.02770965614955763
a:0.004131669011379867
was:0.01047882998936551
as:0.0047344033148936
output:0.024185551413811367
internet:0.016902567710737313
causes:0.025249415972631455
place:0.016091287676428555
it:0.004057460706981916
application:0.06550948593757862
have:0.0030251515570867034
systems:0.017753947457293553
only:0.007890746972007612
app:0.03224053992809819
call:0.015721633715968682
be:0.006845695350739305
found:0.04747669535959167
of:0.0011505360092647257
key:0.05690844445982087
what:0.005446402976311427
but:0.007873174227815506
telecommunications:0.036876819466726676
seems:0.013943710588053717
find:0.025046706954714677
programmer:0.03016667617844842
tim:0.12064820413420677
in:0.004205436731230544
distributed:0.028634047908731208
compiled:0.031235220183746727
for:0.0038502824013263194
subject:0.0001579701591243686
table:0.08041232704401029
i:0.003388734448143105
translation:0.08419941966917457
any:0.006054954238395309
the:0.004014069283965371
when:0.007737718596708496
can:0.010231550206363472
trace:0.03246385547829255
an:0.005313006737051696
warning:0.1776981403739403
different:0.029907892284156776
unknown:0.08377165248138062
is:0.004769336572023619
translations:0.03521467517402607
having:0.015484564452191487
run:0.015839256972706477
61:0.05973147759673718
1:0.011588898768785258
x:0.018018698162994687
advanced:0.027353518209720165
bad:0.016216574241102864
going:0.012886483337572086
while:0.03852679004518087
