xt:0.03528077644005995
pixel:0.0339023911542333
at:0.0060756207755478
there:0.006329510245359637
know:0.008509483625229668
graphics:0.024267182345791186
allows:0.028501195759628714
where:0.01274108136712939
widget:0.0695045428660383
your:0.00868918773918112
with:0.016133169014884065
into:0.012350371744706113
except:0.022236975303474574
my:0.00655320180227794
to:0.003801928717491947
gl:0.20592756522803937
look:0.01635288499500628
ships:0.041944139909154965
713:0.038485658796411845
calls:0.02764337700316157
that:0.009569782770606257
motif:0.0324237023863336
re:0.002578900019159797
so:0.0070469696371373795
anyone:0.011537343100975112
voice:0.025010305527145987
these:0.011425075676544431
you:0.011499289436042521
assume:0.023941300381304664
a:0.002889318881061507
render:0.03792617228046447
athena:0.041043311064899356
also:0.010231014701238389
silicon:0.0374922838293571
are:0.004433871597249831
those:0.01279941830543145
internet:0.01970023409044556
xlib:0.03732609381846703
d:0.025128885825890145
mwm:0.04147902762780647
it:0.011822601025516275
not:0.004158000059144585
couple:0.02176546065278978
systems:0.020692531864018003
larry:0.06268666256514477
gerard:0.09444645695126955
writes:0.00912086056575948
get:0.009064648105456015
of:0.009386786889380487
version:0.021520486949417824
latest:0.02873342482932932
they:0.006433928444880991
now:0.011392513088815477
in:0.0036761317633342856
or:0.009300847692456348
use:0.011467445018947227
weeks:0.025107344036780072
and:0.0013165428085889306
for:0.0022437852614625793
subject:0.0001841169440828848
i:0.005266171234355722
offering:0.038389201955206745
license:0.03226423743860358
employer:0.03117303740263879
similar:0.021825919226666903
possible:0.017772218089410912
ago:0.01973217741630789
source:0.021512192839309136
portable:0.03528077644005995
the:0.003638807634429911
do:0.00495391668211377
views:0.027931633063013026
got:0.015256233252624648
would:0.012864133049715532
can:0.0059625240857773334
come:0.016559956375651094
just:0.008099231472178524
here:0.012416557969816524
ltd:0.03716381452598293
expressed:0.028343166383608877
company:0.02321467613538862
mix:0.03559289086480561
hold:0.02392952146857945
is:0.005558744004634426
window:0.02404822580569063
man:0.01998654716410482
their:0.010439197369529061
exception:0.034314247945278965
pages:0.03100684739174872
x:0.021001103376180014
update:0.029943739255009004
every:0.01677343811680963
article:0.00558850262287311
already:0.020039905664119666
widgets:0.03792617228046447
defined:0.030143653302410745
include:0.02318291912582484
s:0.004278870902455299
