another:0.01449349889142862
above:0.017795137451820556
simply:0.01999113294041431
effective:0.026391930938591792
pixel:0.03212971710695313
at:0.005757941257872099
say:0.012402254733774794
all:0.006235737455204518
delete:0.03499649694633264
ever:0.017277268345293206
graphics:0.045996620132545386
with:0.022934406932923423
way:0.022645396333941744
apparent:0.031628458147552774
avoided:0.03768341803016545
approach:0.02690361212375056
gc:0.04038914219863652
to:0.005404702588591493
then:0.010430590521410479
software:0.018403829336478803
engineer:0.029141211370797022
that:0.01133675246517898
like:0.007612020022932505
could:0.009863458531542859
need:0.012556875761419846
re:0.002444055573713533
this:0.006862515534266915
something:0.013010858282114528
two:0.012188166226492231
on:0.003313783171498627
set:0.0173164351903655
you:0.007265346266780678
a:0.004563738973354233
other:0.018030169775580532
standard:0.019895715950733573
let:0.015066259756554411
question:0.014267882897693493
also:0.009696059684180173
pixmap:0.039310189581908093
concepts:0.03304319385450319
it:0.006722655485097489
should:0.01073733426296392
deleted:0.02296326468626364
have:0.0033415072754748552
systems:0.019610569413611834
stay:0.0258084808382757
intersection:0.041285881554933804
points:0.023955269859283874
regarding:0.025862721379548217
screen:0.024433380196771555
be:0.007561585060620541
which:0.008443740735408612
if:0.004380068103028819
of:0.005083414001718658
using:0.014407977638202096
rectangle:0.12566888623599778
up:0.008780786734329311
now:0.010796826129923165
clear:0.02155392641952035
one:0.019280606034816128
in:0.0011613052411404607
context:0.027142097700633805
become:0.021648514867942142
703:0.03790881787376786
replace:0.028734398894475315
bitmap:0.06955963170551624
use:0.010867840050636263
and:0.0012477039689241499
for:0.0021264631562880653
subject:0.00017448991432691697
create:0.024855200596363522
locations:0.03768341803016545
i:0.0049908158756965994
pretty:0.01881058860731782
the:0.007882384418186176
do:0.009389776717731982
see:0.01156461281968089
would:0.006095749320943635
joe:0.05201920558069197
mask:0.03507035024864592
problem:0.01382722413101689
note:0.019357445090709136
entire:0.024375282501233997
disclaimers:0.03569329260030818
draw:0.05519868675560631
is:0.008780151205577251
logical:0.030766679512880857
white:0.022215484613206486
created:0.02482415090513086
purposes:0.028934640524945186
function:0.026882356990506263
animation:0.03457008830666988
thus:0.02177356256781899
s:0.0040551390905622115
