xt:0.050650619641670225
some:0.011559771040924299
manager:0.019440090791651474
fast:0.03447324678166374
ideas:0.017806899193264704
know:0.006108292701278722
help:0.0105945184160485
programming:0.021721679639422432
thanks:0.019736501434813494
suggested:0.021742880935422437
with:0.00868555510083486
twm:0.031127486836790196
much:0.017298978906533972
creating:0.024229408475954776
4:0.01229836388207267
response:0.05215245375189121
from:0.012572855263814488
wrote:0.012750371161845847
post:0.012785038635797923
prevent:0.01991592808004293
to:0.0034113840596307695
intrinsics:0.03389786202458932
us:0.010197407852400971
been:0.007263566273373462
that:0.00515204889259124
problems:0.013579570474711748
me:0.016092901194126902
re:0.0018511906078127255
sample:0.04666536324354416
so:0.010116936607771486
anyone:0.016563512372687043
this:0.01039569184893899
programs:0.01749100061531939
something:0.009854758995859024
two:0.009231630854719364
these:0.008201168183658132
slower:0.024194422499602835
on:0.007529834038207276
am:0.008090774043076067
3:0.011591415567512968
why:0.008810507822544587
a:0.0027653547046463268
how:0.006511698006084774
was:0.0043834709608979484
responded:0.02593034760659872
running:0.029974855568779227
3.5:0.023760768740602903
let:0.011411572983924876
button:0.04708419868602622
those:0.009187701258849308
manual:0.019453452459815657
reasonable:0.01850647113913885
it:0.006789216430494494
application:0.01826914706840064
try:0.012061335011600954
able:0.013056758545102323
always:0.013153248009894591
has:0.010542321523629218
quit:0.024905524985884234
dialog:0.111358271234553
get:0.006506801857876843
were:0.007679719294417323
if:0.003317576335462422
of:0.0009625771562660329
keeping:0.020693761992005382
chapter:0.024444681307339622
what:0.004556644074240748
but:0.006586962596538715
2nd:0.043234028223658634
please:0.009482254242105222
they:0.004618413982711602
who:0.012802503705285627
up:0.019952381737906703
box:0.047057510059999114
boxes:0.024408146122697923
in:0.0026388074538785714
feature:0.023391616782694444
resources:0.021850271156270258
or:0.0033381755331835907
rather:0.012740018083727047
and:0.0028351293155256673
pop:0.026132436688382162
4th:0.02519559510601321
for:0.0016106379352082872
subject:0.00013216315293078365
each:0.012604006917626809
76:0.026397232158436548
i:0.0028351293155256673
example:0.013917619523553984
faster:0.019308420927694712
we:0.0066719995332374755
any:0.010131557091968389
information:0.012073372695464183
creates:0.027097289851752533
program:0.027491420122614605
than:0.0070821845654428775
oreilly:0.030344199682261017
the:0.0037314505445002625
do:0.0035560293015173103
putting:0.019901259935831753
can:0.00856005933106647
page:0.020815572936570728
10:0.014308771078693884
press:0.03551832040364026
is:0.003990187528079166
methods:0.02202709334736966
time:0.07037420657986843
window:0.05178702091819517
olwm:0.06283755288172824
2:0.009645591842056479
experience:0.01639714244948093
1:0.009695662831310438
slow:0.040658694109325155
first:0.01858965177614892
volume:0.021915841585725807
behaviour:0.05236854961307418
give:0.011699189462158449
going:0.010781265762622191
by:0.004903145914936466
strange:0.021764173420072887
3rd:0.021850271156270258
