sent:0.1149275796340504
dan:0.12418135904335183
posting:0.10309964240488252
widget:0.157471229930868
correction:0.16913386261492871
my:0.05938839133314383
line:0.08824386715018714
remains:0.14429230402524473
on:0.04753207736618343
same:0.06069041720401914
question:0.06821831510459701
button:0.14860950210277027
dialog:0.17573727179202894
of:0.006076268298929333
please:0.05985672990328921
rest:0.10208221354602527
code:0.10126601594786551
replace:0.1373863447142101
and:0.0059655846014185915
subject:0.0008342799028755718
i:0.0059655846014185915
the:0.009421912624863162
last:0.06813007975185931
lack:0.12123503309070584
by:0.03095110858803644
s:0.019388633776750572
