school:0.0686136693546435
laser:0.09248033924361751
feeling:0.08238937453942494
out:0.02222975658642377
script:0.21569683084814872
help:0.08075821585063385
guilty:0.08870635558525232
printing:0.09168856190212635
where:0.034857675438372863
your:0.023772306078891744
post:0.09745576620495021
to:0.005200751547512569
been:0.02768378089097055
me:0.04089013888319037
student:0.07590599004091833
mlee:0.11348035860437619
recently:0.06243984084127715
on:0.009566204249797922
you:0.010486773385070224
a:0.007904740334979595
files:0.06243984084127715
it:0.006468970372452301
have:0.009646237983917979
his:0.03480054795292937
showing:0.08101932674765684
get:0.024799508967757025
of:0.003668690293693182
trying:0.050874117416384826
please:0.03613991239443877
and:0.003601862400856508
for:0.012277315581587697
subject:0.0005037161677739301
i:0.003601862400856508
hello:0.07300548661607116
thank:0.06849989258055687
about:0.018585210949469275
viewer:0.20248164483180475
printer:0.08199872032505341
lee:0.08051228866744747
lot:0.046765158269158315
by:0.018687461789003133
mike:0.06029079299920195
x-windows:0.10943488933370722
s:0.011706344921811666
