since:0.055578378427880035
dos:0.2941293630203281
access:0.09312157966718126
microsoft:0.11832233593720372
response:0.09754440423964839
to:0.011484993000756923
anyone:0.046469854156705306
had:0.042622457935614866
on:0.014083578478869164
a:0.007758356254702194
other:0.03831411077310863
compiler:0.15540569890199094
not:0.016747500238221247
have:0.014201405920768134
has:0.02957706871907086
be:0.016068368253818646
using:0.06123390496235891
easy:0.0920467101183002
windows:0.07631131059509726
david:0.06934570109290261
imake:0.3726447881439935
or:0.018730873825085703
and:0.005302741867927637
subject:0.0007415821358893971
i:0.005302741867927637
any:0.0284246462858002
do:0.01995327552518046
would:0.025906934614010446
experience:0.0920061881887541
news:0.08524656989342828
