land:0.021379743793482453
configuration:0.025501257928477607
at:0.004736371034701242
out:0.012668570957854407
dan:0.04272906977835762
ideas:0.019338675467954144
there:0.004934295621382513
help:0.011505874838934393
all:0.010258793877917111
x11r5:0.05189054371726999
thanks:0.010717132499549264
with:0.00943269962563786
missing:0.023213158405318544
into:0.009627977973023583
someone:0.011846549003564624
both:0.012073677861872249
my:0.015326036473069375
to:0.005186771032599901
gcc:0.032574789078509525
might:0.011435941590744333
that:0.00373015726273631
like:0.00626150034144448
through:0.025478099935750828
along:0.037569477539153066
need:0.010329042965038905
server:0.02151859540401954
uunet.uu.net:0.0324539672728533
so:0.010987210724569034
error:0.020244398705225798
installing:0.056760776462937604
getting:0.029163457765856843
something:0.021404960399607775
directory:0.022663867144249443
on:0.01090341559654387
set:0.028488328861569046
fix:0.02338730623215314
machine:0.017488168571636275
am:0.01757350921184264
dying:0.027362958125885316
a:0.0030032346792395596
how:0.007071844071124325
screens:0.030818422249181302
uunet:0.020306410281813365
want:0.020350515781851417
below:0.019956311360418776
worked:0.020667547529969625
operation:0.02314928029840052
houston:0.02704793573735815
driver:0.01978379354024942
advance:0.017008071057401344
computer:0.014412381210566212
no:0.0060523964310887635
those:0.019956082304167316
internet:0.015357709371583905
works:0.015995301040595378
it:0.014746470096342881
not:0.009724354977031691
have:0.005497318420942504
university:0.012636237105369106
able:0.014179920570487468
allen:0.02394639071346523
has:0.011449187891253237
screen:0.02009842564573144
device:0.021581477338230248
installation:0.026668271397498184
without:0.012081776800013416
sun:0.01950802314031635
be:0.009330020276410828
found:0.014379142501381708
get:0.007066526748877002
dept:0.022060792958826878
of:0.0031361384768667524
electrical:0.025468574885056196
interface:0.022702685681741306
but:0.003576791517475324
lines:0.03799120563757545
please:0.010297932026372338
up:0.007222905216948305
rice:0.028971790893911428
in:0.003821068857946032
compiled:0.028380388231468802
installed:0.06460274121540473
figured:0.02769759419511769
or:0.0036253304177585235
message:0.017458709078278074
and:0.0020526742714558595
for:0.0034983748700223014
subject:0.00014353202630117365
however:0.012887628517187706
fatal:0.030078522368127282
i:0.012316045628735157
socket:0.029636382055025282
any:0.011003088884825886
the:0.0016209742150302216
do:0.007723848590392437
when:0.0070305077572243874
would:0.005014245409163312
can:0.0046482042604178144
imagine:0.02117063738960464
problem:0.022748013892963274
address:0.017165706203944146
2:0.010475320172555962
appropriate:0.021741977140110252
run:0.028783165896638655
engineering:0.020788975770016663
e-mail:0.014783310627162724
already:0.015622507103749203
thus:0.017910511144496266
supported:0.023499084563707303
respond:0.021741977140110252
process:0.01944389103889015
by:0.005324921907619173
compile:0.02805444940449872
s:0.003335678929333432
