since:0.009619334727902315
at:0.004235408713723227
know:0.005932091950280298
pass:0.019515746250919692
situation:0.016942943696031724
situations:0.022983198891798395
access:0.016117196480858298
your:0.006057366452794532
with:0.005623340161437955
c:0.037299485991763845
continues:0.023811304203361923
into:0.008609634148953781
response:0.016882685349169913
such:0.009245275016672109
work:0.009735925307645691
several:0.013550246981093254
my:0.009136675589714436
to:0.005300766000349349
most:0.00892593973061076
fails:0.02301372402486887
value:0.017951215479599363
appreciate:0.01845775642026199
perhaps:0.013886834315577141
behave:0.02755878143436405
that:0.005003432097612647
problems:0.03956355628690057
like:0.011198452533737243
need:0.009236548036044406
comments:0.017711562567447596
this:0.01009581612252729
these:0.015929192049028294
on:0.007312627287105144
you:0.005344221052006941
used:0.009492613020850315
am:0.015714772660590053
a:0.00805675457219074
other:0.006631288403038033
as:0.01154010808005315
running:0.01455509813676299
following:0.013160164774229623
solved:0.026136447861811442
also:0.007132197748459454
are:0.003090920103852046
it:0.0016483434122114037
not:0.017391634862768218
have:0.01474761384079768
similarly:0.023811304203361923
aix:0.08340371238424925
familiar:0.022147396344668675
be:0.002781063736237843
if:0.003221877018093314
of:0.008413294567748307
trying:0.012963116457059597
but:0.006396954060100099
treat:0.046402120824097205
particular:0.01630313196194138
ok:0.015691582646687175
version:0.015002262536853772
hash:0.06226735165898614
lines:0.016986452520646716
easy:0.015931161366628883
parameter:0.05966840618071777
up:0.006458944088232619
david:0.012002140573771606
comment:0.018892295177320977
imake:0.0967443199989214
makefile:0.0961304794063426
in:0.0008542293360312042
symbol:0.0566524681148039
x11r4:0.02755878143436405
use:0.015988264689878347
better:0.010751037842795208
and:0.003671128985488364
for:0.0015641772255388174
known:0.01565831128685749
subject:0.0001283507542885495
i:0.0055066934782325465
information:0.01172510232924887
will:0.005448583388958098
later:0.015362557831527422
the:0.006522862586443728
do:0.006906903066408622
when:0.012573792719651308
ibm:0.03788910643384295
start:0.0406379147290747
would:0.013451677588043887
come:0.011544200358026002
an:0.004316817973854504
solutions:0.04526251889875742
many:0.00890962032489468
about:0.009471309426171842
is:0.003875085964769191
having:0.012581208617405585
does:0.011716238599399282
2:0.018734707231686624
build:0.017940543572203628
thru:0.02481235180479237
1:0.009415980249638023
handle:0.01953056195542646
thus:0.01601613015805916
s:0.005965733469769407
news:0.014754214020016436
