library:0.024923265426792737
at:0.005243839359847804
rex:0.07419264868900961
static:0.06804721449376121
thanks:0.011865396695929542
widget:0.11997807994732801
85:0.029525586190087272
much:0.010399981366428163
someone:0.013115822111089403
wood:0.059989039973664005
stream:0.031805301977326
via:0.02034661534890265
to:0.0024610699287336262
0:0.10908203239495334
bizarre:0.03473670962671763
id:0.027915528619186034
could:0.008982792591226531
its:0.012308479500203393
error:0.08965376569457138
this:0.006249790932993083
on:0.0030179096740433923
why:0.01059358678663099
a:0.0024937573675828484
invalid:0.06884115942826921
as:0.0047625842870060615
failed:0.126110069530507
colorado:0.028054771949987855
output:0.024329513029369764
pixmap:0.07160070245276116
display:0.021941198910330223
causes:0.02539971011532569
try:0.01450231947823448
routine:0.031178156050791314
university:0.013990119652372937
app:0.09729734371158202
null:0.33051434293884774
real:0.015223772940465757
25:0.043781935098685866
call:0.015815214869039924
get:0.007823654614828108
of:0.005786922189456507
version:0.01857422980753324
parameter:0.07387516955707914
please:0.022802563772681604
david:0.029719586182672546
box:0.05658105376261798
code:0.019288764942450572
email:0.016332730112904408
in:0.002115234546362982
71:0.030243609926924264
yes:0.015874082562523147
4th:0.030294703639373026
subject:0.0001589104576905851
fourth:0.028725122414917315
i:0.003408905486524909
top:0.12077257950597554
55:0.02926099236526088
program:0.03305515990933423
event:0.07415608836066022
the:0.002243312529729324
major:0.019502547456653523
int:0.06443194766282999
junk:0.06259682052202929
simple:0.019638027124739527
an:0.005344631777153194
note:0.017629101779038675
here:0.010716672057282118
current:0.018822891212683438
is:0.0031984836534602844
number:0.02978886724283045
time:0.009401845058950677
does:0.007252909609151936
request:0.1160803877200694
1:0.023315760618151292
callback:0.11758935472320625
serial:0.04927759437934324
x:0.054377856956180394
guess:0.01783426942223603
nothing:0.01520747619941017
resource:0.029525586190087272
show:0.017917075415088288
very:0.0207528868069458
useful:0.022823138196895465
little:0.013960349416062286
give:0.014066882567595277
realize:0.023294709875780584
respond:0.02407147469083635
needed:0.01985608744128584
while:0.02583741078426812
void:0.065467797388897
main:0.022133434593016834
