at:0.013148731529170612
help:0.031941682388683536
tried:0.04623677691099509
fax:0.045651393132587904
name:0.08245470166657466
to:0.0020570136717773593
mail:0.09147210462196585
00:0.0947252662843963
finding:0.06654634835420813
re:0.005581201534002545
greatly:0.05825267387762092
phone:0.04384100188372491
christian:0.09569678720109182
bull:0.08350156955927872
care:0.04725398419811786
have:0.007630606166382879
try:0.03636402496034914
only:0.01990352594431771
92:0.13085119069781714
his:0.027528791664257563
be:0.008633750106529423
found:0.039918216496373095
writes:0.009869587925635259
of:0.00290209829202595
looking:0.03871470664786036
but:0.009929600332095676
david:0.037260376706634235
author:0.060358324597918005
email:0.04095371132787971
in:0.007955807547514498
or:0.010064350114971423
for:0.004855953177792149
subject:0.0003984620431644522
76:0.2387570550449634
i:0.005698468872996863
appreciated:0.050518837599645414
back:0.03143816000100802
any:0.015272944272967272
will:0.016915005147810216
the:0.005625022462604872
39:0.15852241520500826
address:0.04765405005871061
78:0.16191820282759506
e:0.0464311894933407
current:0.047197697369116685
is:0.004010039207323342
tree:0.07716823235909144
him:0.07153777024965098
article:0.012094520601740313
33:0.1376713965870581
