large:0.0374254264985947
at:0.011012062655680388
there:0.011472237319714343
thanks:0.024917333061452038
ca:0.025706857451154017
into:0.02238504878727983
to:0.0034454979002270774
software:0.035197323606015705
motif:0.058767960575229664
nt:0.008925981896530481
need:0.04803004978743091
package:0.19436315165281012
3-d:0.07602375358534338
distribution:0.111123442525082
am:0.020429204458767072
a:0.006982520629231975
commercial:0.10415866500631879
based:0.03776128764875678
co:0.057062321791131444
it:0.00428569287174965
3000:0.06559975690483054
have:0.006390632664345661
domain:0.05579003811225717
only:0.016669202978366084
binary:0.06707204485053533
mitchell:0.06735941382834407
public:0.03704680747575742
be:0.021692297142655175
minimum:0.06126822474889661
summarize:0.07165283172934653
po:0.06522659486545952
if:0.008376880247042617
of:0.0024305073195717334
but:0.008316040278130129
universities:0.07250061418358104
box:0.039606737633832594
in:0.002220996273681131
required:0.04678476813126212
or:0.008428893221288567
and:0.0023862338405674366
for:0.00813372157280185
subject:0.00033371196115022873
i:0.004772467681134873
appreciated:0.04230952648970304
we:0.016846798821424626
info:0.03681744324240497
any:0.012791090828610092
will:0.014166316811291055
program:0.03470791790480094
capabilities:0.06405751914032423
interest:0.045659812458348575
would:0.023316241152609402
can:0.010807074905471418
development:0.04859078791320253
is:0.0033584078361332988
either:0.03129453383891698
center:0.04083288541841011
mitch:0.3158369938952436
nice:0.03949674320943448
under:0.03034154283882049
although:0.03949674320943448
s:0.007755453510700229
