there:0.011472237319714343
terminals:0.035826415864673264
gnu:0.03745595500506859
tried:0.019361650331479196
take:0.013285932064598147
fax:0.019116520874271185
your:0.007874576388632891
way:0.010827330122165897
from:0.010582153180377196
work:0.0253134057998788
to:0.006029621325397384
software:0.017598661803007853
might:0.013294282099240287
make:0.011000503020935649
that:0.00433630781793096
view:0.042566859409807895
terminal:0.059677452503760026
helps:0.026437326850831017
nt:0.008925981896530481
could:0.009431932220787859
re:0.0023371281423635658
so:0.012772632467311501
anyone:0.010455717185258695
phone:0.018358419538809807
error:0.023534113494824992
this:0.003281140239821369
hi:0.019693854125090032
on:0.01901283094647337
you:0.0069474873676090235
am:0.010214602229383536
working:0.019803368816916297
support:0.017118476934584414
m:0.00855509195072545
why:0.01112326612596254
more:0.007946368911379537
a:0.0034912603146159877
local:0.0191023965744747
ontario:0.029683438760714193
files:0.041366394557346114
product:0.024943112017165994
works:0.018594537459692126
d:0.011386526389856473
it:0.0085713857434993
not:0.0037681875535997807
ftp:0.023708543420556723
have:0.0031953163321728306
moved:0.027866283373324655
university:0.014689625634991585
hope:0.018052884610250283
messages:0.027344001633661887
sun:0.04535615380123552
be:0.003615382857109196
get:0.008214837345569515
5000:0.036824104274622536
but:0.012474060417195192
using:0.013777628616530755
who:0.008081580463961553
now:0.010324464986739028
good:0.01012506157099687
postscript:0.2829890276521096
in:0.0033314944105216964
our:0.013936096393627459
compiled:0.03299220131908248
use:0.02078474409684185
and:0.0011931169202837183
gets:0.020858227139955027
subject:0.00033371196115022873
i:0.011931169202837183
we:0.008423399410712313
any:0.012791090828610092
program:0.01735395895240047
connect:0.05745095412950684
the:0.0032976694187021064
henrik:0.1173671524512173
when:0.0326918610710934
can:0.010807074905471418
an:0.01122372673202171
problem:0.013222283075284903
just:0.0073399285216617875
is:0.0016792039180666494
grant:0.0848433826626903
edit:0.03312378512656893
write:0.02033858703117196
does:0.007615555089609533
extensions:0.036141608699841336
x:0.07612899973865256
e-mail:0.017185598604076667
article:0.005064580501978756
everything:0.019310390524520334
