another:0.012528278702760333
obvious:0.021732476349728882
manager:0.0665575989815864
positions:0.054679707305938685
configuration:0.026797932060434092
at:0.00995440692038905
out:0.013312735582830054
know:0.006971045907674021
all:0.005390213732464922
your:0.00711826114226702
with:0.003304109473387273
way:0.019574834119169982
user:0.04273043484285893
height:0.03031504852001597
options:0.025564861065970713
my:0.005368442154408482
to:0.006229148746173247
remember:0.015721039754357242
been:0.008289493713115477
width:0.03194037096324637
that:0.005879739414143674
nt:0.004034342100126771
its:0.011682624610362543
me:0.006121969945788388
re:0.002112658207786274
managers:0.031689231061716235
this:0.00889800743002405
something:0.01124667410826849
you:0.009420321854385115
used:0.011155161064050088
m:0.007733416452633176
a:0.004733912291004729
richard:0.04221556513874326
other:0.007792700496225485
sorry:0.017951506693438556
wondering:0.020332957637611847
want:0.010692643885379556
below:0.020971039056711254
border:0.027416202348826538
solution:0.021976593605837563
are:0.003632267692662291
works:0.016808621432490057
mapped:0.03362305143734693
place:0.015363997837945908
mwm:0.03397999438436123
it:0.005811108978643593
have:0.0057768430864141565
only:0.0075341030410694156
between:0.013123535853369523
able:0.014900933480851237
after:0.01089951235968899
has:0.012031349987418656
restore:0.03194037096324637
be:0.006536285391383857
writes:0.003735945711963629
if:0.007572321127270161
of:0.002197068763454674
but:0.007517324545202376
they:0.005270732341851659
accept:0.02018142356306629
title:0.023735555545666212
in:0.0010038401236976864
parent:0.030511012124467326
or:0.003809669252559804
forcing:0.02982345881950959
use:0.009394234620041514
and:0.006471142618487964
for:0.005514387506984305
subject:0.00015083026492665705
i:0.002157047539495988
becomes:0.024326362347471733
similar:0.017879990326930516
tobias:0.07171291345824353
unfortunately:0.02080165582387546
program:0.01568719453324336
currently:0.020332957637611847
later:0.01805317530484578
than:0.008082493119883962
the:0.0051101898982308675
do:0.008116586654310696
when:0.0073879912025069825
less:0.015530313879075013
can:0.004884553629591601
specific:0.020707097674974195
maybe:0.014959960917188271
an:0.0050728708393318455
problem:0.011952346282743415
just:0.0066349636354004855
current:0.017865795049326654
is:0.007589622228549827
save:0.02046615950520505
window:0.25610681154647935
figure:0.041723137108189305
olwm:0.07171291345824353
their:0.008551884850744146
resource:0.02802428519737097
leaves:0.028154169481126333
position:0.07780436061496523
article:0.004578151866195486
difference:0.018119513258951336
specify:0.029592826082107015
