manager:0.05691157014367533
technology:0.04880677805531801
with:0.008475759083906484
way:0.05021370491439256
remove:0.06403116500057435
segment:0.08685438841755036
most:0.02690718063720345
ii:0.05320869282768287
software:0.04080849113740952
been:0.02126435343799187
that:0.015082809801498991
memory:0.049009162698077036
re:0.005419427576495225
exactly:0.04661424135176824
multimedia:0.17562060198848614
two:0.02702593380656973
unix:0.057428513277106276
temporary:0.07635346991329928
why:0.025793080871797196
richard:0.05414605093882288
equipment:0.058477650906385355
files:0.04796103716793752
are:0.009317556255090224
base:0.05582080949873987
works:0.043117768022474495
digital:0.05984590720306759
it:0.009937838543187593
systems:0.043484306091052326
terrible:0.14678193940317402
doing:0.03885076674152631
has:0.01543151411429784
open:0.04789797940222265
writes:0.009583512913298006
of:0.002817979500952734
but:0.009641785829716091
years:0.032315585840295556
now:0.02394078837504702
code:0.046963949425097046
in:0.0051501362867968255
distributed:0.07013266806631267
our:0.032315585840295556
pictures:0.06739338480624381
and:0.00276664793109268
for:0.004715200911769188
subject:0.00038691241872490284
xputimage:0.09659487785758097
group:0.03908863673632819
the:0.004369582666603206
managed:0.06856684948064477
shared:0.07244801907336873
is:0.007787612373642432
time:0.022891448839184255
article:0.011743954787197116
animation:0.07665541320174626
corporation:0.06883116234368508
project:0.05582080949873987
motion:0.07414076208418395
s:0.008991830157333599
