plotting:0.1822104142777516
help:0.061145506286908485
with:0.016709353622558494
to:0.003937711885973802
sample:0.1346629053599417
ti:0.1082474587500475
hi:0.09002904742898299
on:0.014485966435408284
m:0.03910899177474492
a:0.007980023576265115
how:0.037581799920832125
nyx.cs.du.edu:0.13432676702909635
it:0.009795869421142056
matrix:0.17583488424020274
be:0.016527464489642037
of:0.005555445301878247
looking:0.07411100986876125
code:0.09258607172376275
in:0.005076562911271156
for:0.009295681797487828
subject:0.0007627701969148084
create:0.10865273403553197
appreciated:0.09670748911932123
any:0.029236779036823063
actually:0.06983754648860242
will:0.03238015271152241
source:0.17824388352570425
char:0.17655825018261104
an:0.025654232530335334
window:0.0996283640521469
image:0.21148931411049582
needed:0.09530921971817202
