there:0.02781148441142871
know:0.037390155322978846
programming:0.13296300870191913
thanks:0.06040565590655039
ron:0.12840297988560714
like:0.03529209283359616
re:0.011331530387217289
hi:0.09548535333376984
something:0.06032307021707645
unix:0.24015560097698987
on:0.015363903795129998
a:0.004231830684383015
advance:0.09586367323262575
try:0.0738299900710119
ronald:0.17684143082692613
environment:0.1272016213599332
anybody:0.09210894378523318
writes:0.020038254273259466
if:0.020307588477679068
macintosh:0.14229108865780543
in:0.010768466781484272
thomas:0.1116365155766394
for:0.01971811290376206
subject:0.0008089986936975241
any:0.031008705039054767
platform:0.15842363289938707
is:0.008141594754262543
does:0.03692390346477349
x:0.09227757544079099
article:0.02455554182777579
