phoenix:0.07881699693062276
studies:0.0562544386177826
at:0.011746200166059081
traffic:0.058333870151812024
discussing:0.06488488880133944
thanks:0.026578488598882174
with:0.007797698357193965
user:0.050421913114573544
much:0.023295958260799086
someone:0.029379441528840266
generate:0.06253078410697673
buffer:0.0706640749366804
line:0.03765071665074652
keyboard:0.06059710714630662
client:0.0667575799409274
control:0.040661790265880314
asking:0.04780577086184526
me:0.014447849072060598
server:0.05336611660196846
voice:0.04835325735248224
this:0.006999765844952254
on:0.0067601176698572
x11:0.07109654528005577
inc:0.04881353994405869
particularly:0.0535613372685411
input:0.056895350658329555
a:0.0037240110022570536
how:0.017538173296388324
load:0.05994657162404753
immediately:0.05630266049071844
also:0.019779961755727552
advance:0.04218001622235533
not:0.0080388001143462
systems:0.04000556160376814
network:0.09795972453412205
comparison:0.06222600893262938
of:0.0025925411408765156
necessarily:0.0518301737740827
up:0.017912804938031796
direction:0.0589086718005284
over:0.026745876700258107
bob:0.09824013370744268
in:0.007107188075779619
703:0.07733398846248644
point:0.02935381281680081
for:0.01301395451648296
subject:0.00035595942522691063
feedback:0.07385380412422485
any:0.027287660434368196
the:0.004020016053274949
can:0.02305509313167236
apps:0.14104596029121313
typically:0.06918853403151345
an:0.011971975180823158
time:0.021060132932049516
does:0.016246517524500338
x:0.1218063995818441
papers:0.061636594365902776
conducted:0.07154351450723768
telnet:0.07578956425548482
