thanks:0.11725803793624488
where:0.10867392930786833
that:0.020406154437322164
athena:0.7001506005188713
are:0.03781831656477797
chuck:0.29313458812702126
find:0.12449686692196413
in:0.010451747170264146
for:0.019138168406592587
subject:0.0015704092289422528
i:0.01122933572031735
the:0.004433841235229724
do:0.04225399522979392
widgets:0.6469758800785116
needed:0.1962248641256483
