read:0.06667656064405653
help:0.06294390353064108
thanks:0.05862901896812244
florida:0.15020299865078052
that:0.010203077218661082
technical:0.1128455071446853
could:0.04438556339194286
me:0.03187025530601602
anyone:0.04920337498945268
recently:0.0973326930761085
on:0.014912024271743821
a:0.004107365076018809
wondering:0.10585098534874401
xdm:0.3591429873080979
was:0.026042974532393695
advance:0.09304415343166617
university:0.06912765004701922
has:0.03131689629078091
sun:0.10672036188526003
if:0.019710306463629684
of:0.00571884075193349
central:0.13471794745929846
in:0.005225873585132073
for:0.009569084203296293
subject:0.0007852046144711264
i:0.01122933572031735
the:0.002216920617614862
here:0.052952967812452824
number:0.07359602495287523
patch:0.311130794760029
give:0.06950694915752961
