some:0.02202899764402555
out:0.02222975658642377
folks:0.06987199717537317
x11r5:0.09105321822086998
thanks:0.07522213754400615
replied:0.1050270619529241
my:0.071714283873985
to:0.005200751547512569
that:0.013090740582433086
fixed:0.085562881228676
had:0.02895110350343651
this:0.00990532902587583
shaw:0.1147528356005183
hi:0.05945314452857367
a:0.002634913444993198
same:0.0366432707646908
was:0.01670681385096954
removing:0.09602849455499374
also:0.027990511918482383
proper:0.07748166235928002
not:0.011375660539169148
ones:0.06401188642220483
have:0.009646237983917979
after:0.03640025825782927
be:0.010914363342216439
of:0.003668690293693182
again:0.04607300260581166
bob:0.06950952856658679
in:0.003352447205556424
and:0.007203724801713016
capitals:0.10784841542407436
for:0.006138657790793848
subject:0.0005037161677739301
however:0.04522828121126251
space:0.05768891995307742
i:0.003601862400856508
turned:0.07409242150780372
the:0.0028443509810907657
users:0.07450372770294683
did:0.031017189498923875
simple:0.06224884069728756
problem:0.07983265253002204
very:0.032891367769499004
summary:0.08116673315778503
