there:0.037460366758250915
know:0.025181125013434728
to:0.0028126513471241443
that:0.007079686233356669
anyone:0.034141117339620226
olit:0.6155522701654683
on:0.010347118882434487
apparently:0.07731961339289108
support:0.05589706754150012
a:0.005700016840189367
steve:0.06545211932315075
copy:0.0697267743890478
are:0.026241280881682674
not:0.012304285889305405
have:0.01043368598260516
only:0.027215025270801763
between:0.04740542542951848
netcom.com:0.06569459540247222
sun:0.07405086334895594
of:0.007936350431254638
available:0.16537125476413653
but:0.01357720861735531
and:0.0077917839691997925
subject:0.0005448358549391489
i:0.0038958919845998963
program:0.056665988416001525
the:0.0015382714489572508
eric:0.08138833633303276
many:0.037820429134246804
is:0.01096622966900669
does:0.04973423731989898
downloaded:0.12024197314162459
under:0.049537212798074264
difference:0.06545211932315075
written:0.07313303956032877
widgets:0.11223050980953772
by:0.020212968873819716
