some:0.013419964081992575
effective:0.02320669789427899
frequency:0.05745877374784416
at:0.0050630173129565005
mark:0.05178662007400328
final:0.022164645961129856
help:0.024598766897032148
all:0.005483148451990179
thanks:0.011456245085725075
operations:0.053578354623321243
into:0.01029197645392176
such:0.011051823008435624
fred:0.026629966952181675
from:0.004865357784081469
to:0.003168273931243289
hill:0.028639586196318168
designing:0.06888451495185029
design:0.021627397743824384
most:0.01067008887337378
been:0.008432416018514018
make:0.010115405076722435
that:0.013955933207134124
bit:0.015661403437101724
like:0.013386655902398542
really:0.011214918064315666
anything:0.013340466381145999
server:0.06900790939909714
so:0.0058724746976144835
anyone:0.009614452584145927
this:0.003017140450410454
on:0.00582768764642862
vs:0.01963570083369737
m:0.007866751219057885
a:0.006420708624581126
how:0.007559557455339795
as:0.009196714485253086
budget:0.027121473696079163
course:0.028116687355172632
chip:0.03715407307819855
computer:0.015406338535432846
are:0.0036948929977081925
d:0.010470369094120894
have:0.002938221914641683
ve:0.031467822397024725
feel:0.01750733726578263
manuals:0.02808777784436651
be:0.0033244899835486856
which:0.007424668577686883
common:0.019345563446157184
sort:0.036062773651276206
get:0.007553873421213346
things:0.012843252460576148
of:0.007822322407817071
brooks:0.03420275922074946
seen:0.014899223509323867
looking:0.01490738704256692
dr:0.022522095431646558
find:0.012163486998122933
up:0.007721036611220602
in:0.0010211477120373015
our:0.012814801281496514
system:0.012846105340474282
speed:0.019301523947619432
or:0.007750706410380291
use:0.009556204182456023
unable:0.026294495652055775
and:0.0032913570214723265
for:0.003739642102437632
subject:0.00015343078673573735
i:0.00548559503578721
taught:0.027811230440089506
appreciated:0.01945265585733473
we:0.030982618522160228
any:0.005880961300510386
pretty:0.016540345154710496
unfortunately:0.02116030506221814
program:0.01595766340450618
currently:0.04136705174548617
the:0.0025991483103070794
hello:0.02223730339455041
intended:0.023382464695267956
got:0.01271352771052054
would:0.005360055437381471
can:0.009937540142962222
friend:0.019960916205131067
an:0.010320668259330307
myself:0.019154264724125764
many:0.02130116123652981
requests:0.03016080777233588
carolina:0.03313541930238686
is:0.001544095556842896
architecture:0.06480928486356398
solid:0.02589403633804434
window:0.02004018817140886
type:0.01862363511684883
does:0.007002809277801869
records:0.028335893774626326
x:0.07000367792060005
various:0.020486086082501083
advanced:0.026567497571509814
faqs:0.034953449924295804
very:0.010018635010249697
u:0.02173358323904032
project:0.022135838249500293
by:0.005692157901248081
data:0.05059216591734159
x-windows:0.03333361571658898
while:0.0124732327924053
north:0.0230698550856944
