min:2.8343565663126977
subscribe:1.7426599618932577
subject:0.004449492815336383
