xt:0.037070381042091975
some:0.008460412138647493
manager:0.014227892535918833
out:0.004268757605363985
fast:0.025230419746000272
ideas:0.013032585641447356
uiuc.edu:0.02076893673314392
know:0.0044705620494866006
help:0.007753959130586221
programming:0.015897751040446852
thanks:0.014444830760262052
ever:0.009577616147934278
suggested:0.01591326793099758
widget:0.018257533905028177
with:0.006356819312929862
twm:0.022781711380549345
much:0.012660846880869069
creating:0.017733117797619075
4:0.009000976464415503
though:0.009005594933372028
response:0.0381695494850798
from:0.012269163107683704
wrote:0.009331793386568338
post:0.009357165958083988
prevent:0.014576150261480694
to:0.004494127695948361
remember:0.010081971146816058
then:0.005782175180347113
intrinsics:0.02480930481509798
calculate:0.021562609073950748
us:0.00746332023980071
enough:0.008812132343976074
been:0.005316088359497968
that:0.003770702450374748
ran:0.016448534400224483
problems:0.00993867114453541
like:0.0042197067518430185
location:0.016633431066936245
me:0.01177813783048418
re:0.0013548568941238062
sample:0.03415363541737652
exactly:0.01165356033794206
so:0.007404424618731305
anyone:0.012122570649575299
this:0.009510551419772084
programs:0.012801384508313465
something:0.021637623012646986
two:0.006756483451642432
these:0.006002304250358487
slower:0.017707512119274536
on:0.007347953988975216
you:0.0040275289087588545
am:0.005921508538773063
etc:0.008414217345863173
them:0.00531108395482696
e.g:0.014707518913736579
3:0.008483572263179782
why:0.012896540435898598
a:0.0020239190229657898
how:0.004765807960975088
was:0.003208192514860093
responded:0.018978008030916454
running:0.0219381189307732
3.5:0.017390127846383285
let:0.008351948343307337
button:0.034460174400642384
college:0.014925780074524104
those:0.00672433208075203
manual:0.014237671727836097
reasonable:0.013544591196036406
deep:0.016484766586219352
it:0.0049689192715937965
should:0.005952217906643042
application:0.013370897492090321
calling:0.014902176157780646
try:0.00882749881283838
able:0.009556033427937207
always:0.009626652528980824
after:0.006989904665452722
has:0.00771575705714892
quit:0.018227956692567448
be:0.002095874120063302
dialog:0.08150134343978153
writes:0.0023958782283245014
get:0.004762224548156241
down:0.008566541945482457
were:0.005620664121276446
if:0.002428081231026845
of:0.0021134846257145506
keeping:0.015145434501395242
chapter:0.017890672551023924
what:0.010004805467354686
but:0.0048208929148580455
2nd:0.03164229601876466
never:0.007985287068340074
jeremy:0.06716889952599334
seems:0.00853799670065608
using:0.007987031082046814
please:0.006939910713424836
they:0.0033801435670570423
who:0.009369948364013394
up:0.01947044015003456
box:0.03444064142072399
boxes:0.01786393303182964
in:0.003218835179248016
feature:0.017119951413421295
resources:0.015991865121618088
or:0.0024431574554459614
rather:0.009324216133742258
use:0.012049127012661942
and:0.00276664793109268
pop:0.019125913808163756
4th:0.01844025438918358
for:0.001178800227942297
subject:9.672810468122571e-05
each:0.009224671729567447
76:0.019319713391319503
i:0.00484163387941219
example:0.010186083854195307
faster:0.014131525461573667
we:0.004883130093166558
medicine:0.016055994024152146
ago:0.010366542483205232
any:0.007415125118034835
information:0.008836309001752772
creates:0.019832074456717433
program:0.030180798178087772
than:0.005183337979056019
oreilly:0.02220843599933596
uiuc:0.021791518137796877
the:0.0038233848332778052
do:0.002602601155458321
putting:0.014565414880572516
can:0.006264970959693575
page:0.015234585989809011
10:0.01047236144165277
problem:0.00766509163784632
press:0.025995292469330914
is:0.002920354640115912
methods:0.016121278464379243
time:0.05722862209796064
window:0.037902095019838496
figure:0.013378614616212875
olwm:0.04598980319604748
2:0.007059454898896408
experience:0.012000807155054884
1:0.007096101057698219
slow:0.02975745003653508
first:0.01360546977819595
volume:0.016039855073610918
every:0.008812132343976074
article:0.002935988696799279
repeatedly:0.01901442229125523
behaviour:0.03832770660087313
give:0.008562450258536256
before:0.00770360241747335
going:0.007890636536411894
widgets:0.019924981814012133
by:0.003588534329047703
while:0.00786355980390769
strange:0.01592885156106784
3rd:0.015991865121618088
main:0.013472525404445029
