xt:0.020545030457063018
some:0.0046889031129853575
all:0.0038315977134389203
tried:0.024882442193065627
chris:0.015408623465539357
thanks:0.024016706565254977
with:0.004697408648912027
twm:0.025252017433861924
much:0.014033709795662099
previous:0.01394859204695906
into:0.007191983546114001
response:0.01410280543223832
from:0.003399888572008737
wrote:0.010343674597160084
avoided:0.04630974263948043
to:0.0033209618315441706
obviously:0.014786719200104242
intrinsics:0.027499470397457995
that:0.0027863825336102554
really:0.007836930695545887
location:0.0921852806119358
its:0.01660903257858771
me:0.013055285306078853
re:0.001501769087462532
exactly:0.012917199410730955
greatly:0.015674414256227315
so:0.00410365701761012
derek:0.04427604066051969
this:0.010541816031554598
reset:0.02235515776508023
two:0.0074891141873626955
slower:0.01962760379485852
on:0.0040723600420826496
working:0.01272505626789802
3:0.009403477689307708
why:0.007147480241582354
successfully:0.020995903155340452
bryan:0.042568719841373726
a:0.003365070182762398
same:0.007799571688869929
as:0.003213309880389632
also:0.011915639611884066
solution:0.015621915936679711
button:0.038196819817579504
shell:0.019354296713553237
are:0.0025819734200852426
place:0.01092139605347962
mwm:0.024154453839485692
it:0.006884647183533574
not:0.002421325335646445
application:0.01482075384665433
tiny:0.020995903155340452
have:0.0020532153138459954
received:0.015539320444384623
due:0.013313825240556153
calling:0.016518074777299028
components:0.01954364120522272
try:0.009784697479290732
only:0.010711134443930011
pointer:0.02289142841819076
always:0.01067050641766549
follows:0.017245077580826558
quit:0.02020448211706271
be:0.006969412736596041
dialog:0.045169419255782536
which:0.00518832262055228
writes:0.0026556722530825796
get:0.005278610342534627
making:0.01234782004366427
if:0.008074101442932642
of:0.0039044294290308964
2nd:0.017536694179074386
using:0.008853094693353094
double:0.01774357584353265
up:0.02158169269642385
direction:0.01774357584353265
now:0.006634194368988932
box:0.02545011253579604
one:0.0039490397902635435
in:0.0028542923999114933
feature:0.01897633168716577
responding:0.021370730222779084
required:0.015031250805224773
ho:0.0470210149072832
or:0.0027080781433858844
rather:0.01033527571450949
use:0.013355658857408416
repeat:0.018881272473969368
and:0.0022999844246433124
pop:0.02119980807651886
4th:0.02043980004584204
for:0.005226487757623678
subject:0.00010721669434545499
i:0.000766661474881104
faster:0.0156638595477684
we:0.016237878382096026
information:0.009794462989894637
creates:0.021982540361662695
will:0.0045514270879649975
program:0.011151138282666968
source:0.0125271805690756
than:0.005745386675580165
the:0.008173225409519851
waiting:0.017570442816810847
when:0.005251704589733878
around:0.009506804952424239
can:0.006944305160142276
thinks:0.018192347082245965
because:0.007087238148170738
solutions:0.018904827170565346
10:0.011607918706410298
problem:0.016992492305587022
just:0.004716419933597935
different:0.010149465453860432
press:0.028814059122631856
changed:0.015177972665997689
is:0.010790065336974453
right:0.007790657003173893
time:0.019030240601249564
window:0.04201196074488123
does:0.004893529374849498
olwm:0.05097664932573937
2:0.007824937960222525
request:0.0156638595477684
1:0.007865557798894411
slow:0.03298416148627984
first:0.01508076168185575
resource:0.01992087742945647
change:0.011935779549841314
article:0.0032543489169341404
already:0.0116698245835235
somewhere:0.015580405859046532
respond:0.016240994972130548
by:0.007955305018611775
bug:0.01992087742945647
clue:0.020371147703033606
unclear:0.023819587940132073
check:0.013290407889910398
strange:0.017656076429135432
3rd:0.017725922785407997
