preferably:0.15052541211479
form:0.1950503385418226
thanks:0.0569539041404618
where:0.05278447994953605
to:0.003937711885973802
need:0.0548914854713496
this:0.014999498239183399
ti:0.1082474587500475
suggest:0.1048971372888605
8:0.08435689378211046
os:0.13569572004897917
advance:0.09038574904790428
version:0.08915630307615956
please:0.05472615305443585
find:0.06046990679066829
in:0.01522968873381347
or:0.01926604164865958
and:0.005454248778439855
for:0.018591363594975655
subject:0.0007627701969148084
i:0.005454248778439855
source:0.08912194176285212
the:0.004307160057080302
can:0.02470188549822038
either:0.07153036306038166
e-mail:0.07856273647577904
hp:0.24717985748893284
s:0.03545350176320104
