manager:0.05166971499886312
dallas:0.07270542485506212
tel:0.05349273788550495
menus:0.07702784678890472
fax:0.040245307103728804
with:0.015390194126040719
into:0.02356320924976824
wrote:0.03388914440385343
both:0.02954873792510839
my:0.025005638456060558
to:0.0018134199474879353
motif:0.12372202226364139
need:0.025278973572332053
re:0.004920269773396981
this:0.006907663662781828
yang:0.17229640885570272
great:0.03317435116753522
a:0.003675010857490513
ms:0.0550018410840143
labels:0.07885464211593388
fine:0.04262048128842842
pixmap:0.2374128555012607
works:0.03914639465198342
it:0.004511255654473315
not:0.007933026428631116
application:0.04855746983969643
have:0.0067269817519428005
kind:0.036256930223198154
has:0.02802038089175134
anybody:0.039994672959377565
be:0.007611332330756201
which:0.016998583322598917
ave:0.06878920902210228
of:0.0025584287574439294
but:0.008753726608558028
up:0.017677110136215587
in:0.00467578162880238
and:0.012559125476670718
subject:0.00035127574857918807
i:0.005023650190668287
example:0.03699156768102506
will:0.014911912432937952
program:0.03653465042610625
the:0.0009917802763013855
got:0.02910728712671808
an:0.011814449191601798
problem:0.055672770843304846
window:0.04588148344506765
does:0.0160327475570727
run:0.03522150563667625
runs:0.04936566474267545
icon:0.22140765386541209
under:0.0958153984383805
show:0.03960616670703727
clue:0.06674231286914957
tx:0.06233098590290068
icons:0.07678641075379686
