keys:0.015189320174831399
another:0.008594981900730925
since:0.007755122571332098
looks:0.013267850675867792
click:0.04394351265601082
go:0.007540435084473361
help:0.016589866046835634
x11r5:0.037409461749659756
displayed:0.02058333685801464
tried:0.012007225011770043
pressing:0.023484150265902216
actions:0.015326443582124621
thanks:0.0077263048252564455
continue:0.015148086073261416
method:0.030937193199585725
times:0.010893318377879949
from:0.0032812878078688976
several:0.010924230124292235
item:0.018861886279459138
to:0.003739300046758068
obviously:0.014270903414054096
w:0.01199356920554013
then:0.012371165502138008
most:0.007196106449484643
software:0.02182779758512602
hang:0.04116667371602928
client:0.019406273238641688
problems:0.010632066805782067
motif:0.054667870302539216
terminal:0.03700927287054885
like:0.004514104897320439
110:0.022413400744087653
nt:0.0027677463245055754
updated:0.019932635801273708
servers:0.020420114046580038
need:0.007446519346888512
server:0.07756702994472159
so:0.007921012382828838
anyone:0.006484165696284462
had:0.00594731971194626
this:0.006104446957807198
installing:0.02046027988780309
on:0.007860601941694417
focus:0.01937563300799396
you:0.002154259648871015
fix:0.01686061612085459
customers:0.02097784342510744
specified:0.020302055102840857
3:0.009075449397820231
openwindows:0.10682881903555624
a:0.0032476840135962676
other:0.010692309983193107
same:0.007527493606700048
tektronix:0.023853569567469365
was:0.0034320198996177736
as:0.003101217675259761
letting:0.018942919941549504
following:0.021219490488680322
question:0.00846118636956242
advance:0.012261632622777711
button:0.018432186307320342
skip:0.0913466152548776
display:0.014287292313703402
are:0.0024919045798497113
no:0.008726711133197751
log:0.02136576380711125
mwm:0.023311856612526893
it:0.0026577940289920308
not:0.002336860498356453
application:0.10012625563844381
have:0.0059447745714843354
applying:0.02228199938100361
try:0.009443370823036406
against:0.02002543249734765
able:0.010222733434537477
mit:0.019862796632658674
has:0.00825406568904303
open:0.012809924723850244
usually:0.012781979620878346
be:0.0022420978958816716
found:0.010366358547507741
get:0.01018894554489242
kill:0.01432027948295886
things:0.008661728403644379
if:0.002597482247144997
of:0.0037682284024367955
menu:0.11980819814632301
but:0.010314468562021865
never:0.008542400119619613
version:0.02418969463306655
latest:0.016148630233537797
using:0.008544265808701244
windows:0.021296179700957377
up:0.01041442147559988
in:0.002066043045284773
our:0.008642540399148812
heading:0.021854293733062274
opposed:0.017353195300384424
repeat:0.03644524686835948
and:0.0036995873497169558
gets:0.012935334660437225
still:0.007913601093912974
pop:0.02046027988780309
for:0.0012610421043103644
subject:0.00010347657710084611
until:0.011089789633196295
i:0.0029596698797735646
hangs:0.045823835424780676
appreciated:0.013119233020062957
back:0.008164173333595107
any:0.007932459428595405
will:0.013177969126782376
normal:0.01462156075394784
the:0.005843046589062426
users:0.015305029334326287
when:0.010137011184835162
would:0.00361492110893169
effect:0.02687111205133648
did:0.00637174823039909
return:0.014303750805491972
instead:0.011890443068157525
an:0.0034802253432625455
problem:0.0245995964191347
including:0.012325456226861356
is:0.005206833854470231
3.0:0.053752843923752416
hardware:0.01375845396773082
patch:0.061502598964191774
periodically:0.04552564720130939
olwm:0.024599197058350977
2:0.007551975008121739
run:0.020750654483623215
1:0.007591177875677165
x:0.02360589139183025
faq:0.015046880088751005
release:0.03080467821230433
by:0.003838897189213822
seem:0.010696560290293557
hanging:0.02234714325044695
sometimes:0.013583357846193217
everything:0.011975435984198656
