looks:0.03457682297347364
large:0.015121384443876645
andrew:0.01901746545036363
mess:0.025792434111750192
know:0.024926770215319232
help:0.021617098182240377
happen:0.017078950637208663
thanks:0.0100676093177584
widget:0.025449895746402912
with:0.0029536736201492293
much:0.008824226613939048
programmers:0.029034120405550163
from:0.004275617446617049
reasonably:0.024901239983762532
my:0.009598123851821226
to:0.002784240727456224
look:0.03592679279205925
intrinsics:0.03458266731801537
most:0.009376744767510293
lived:0.02270703470607861
that:0.005256130688401164
considering:0.020229141188662085
like:0.029410077361330132
nt:0.014425829327726031
and/or:0.02040900013709076
me:0.005472670103053257
so:0.005160659582752122
this:0.005302852912842617
tools:0.022472085132165007
getting:0.013697987738508517
best:0.012298869090714315
big:0.014019093706401805
on:0.0025606506325216664
standards:0.02140049664760119
characteristic:0.03037605558601989
set:0.013380881738009704
distribution:0.022449180308097373
you:0.005614131206148706
am:0.02476267207123281
m:0.00691320561674784
more:0.006421308211215788
a:0.004231830684383015
how:0.006643247460753153
other:0.0069662019587470245
athena:0.030056970224294984
also:0.007492409755957407
are:0.012988108719216677
crap:0.02454289788289241
mwm:0.06075211117203978
it:0.0034631861589896162
not:0.0030450000433129543
application:0.01863822074655015
have:0.0025820738037760247
probably:0.012056685429440448
systems:0.015153621819609145
ve:0.009217846964785023
app:0.02751844064569997
has:0.005377648858012884
open:0.016691720094713956
poor:0.01995684944795587
free:0.04375011809279902
environment:0.021200270226655535
sun:0.018325718707569907
be:0.005843043001388599
which:0.03914825250053084
get:0.006638252400460214
were:0.007834865138748986
making:0.015528319145820221
interviews:0.02966064893418642
if:0.010153794238839534
of:0.0029460694782687674
produced:0.023185994820577795
opinion:0.016713694770644896
available:0.013641736504112274
what:0.004648697489881976
explain:0.01815685620208386
but:0.006720032547983943
impression:0.02389450815234591
huge:0.021706681606270057
fairly:0.019819224991150942
they:0.004711715275291635
now:0.008343002009486082
in:0.003589488927161424
or:0.010216840268228566
use:0.008397876402764385
for:0.001643176075313505
subject:0.00013483311561625404
however:0.024213120244413265
i:0.01253375350601078
toolkits:0.03236925857593882
will:0.011447528736396814
portable:0.025836932241458044
the:0.0034261500454047865
do:0.010883604831916617
would:0.014131055244005698
can:0.004366494911301583
linux:0.0538610191515574
just:0.005931255371039828
here:0.009092933866784829
toolkit:0.02770904836278506
paul:0.016540517631863927
is:0.005427729836175029
number:0.012637701254534133
either:0.012644256096532113
created:0.019182298426692026
x:0.046138787720395494
too:0.009861201352850993
resource:0.025052012524922534
nice:0.015958280084619993
taste:0.026018952122686314
little:0.011845144959083153
going:0.010999069111362034
understand:0.015132107388563907
by:0.005002199367763465
