some:0.00617744378377436
since:0.021172715591573348
correct:0.017313319789319832
all:0.005047977939927466
default:0.05079021466245276
own:0.011992013944698387
your:0.006666308053869113
with:0.00618864948983648
way:0.009165993754214515
user:0.020008695680386327
though:0.013151027521749627
meaning:0.020878023994096783
my:0.035193120790011155
colormap:0.12729013769379763
to:0.002916823619239853
colors:0.024126437427423514
remember:0.014722878500112339
q:0.022458616103294485
then:0.008443811374475148
young:0.01986272765647718
keyboard:0.09618588435921684
software:0.014898338034292361
that:0.005506422625944076
think:0.007617714431368017
like:0.006162111447135837
nt:0.011334580186070451
its:0.010940870666847461
need:0.010165089902101779
re:0.001978521178720479
behavior:0.022478248798514254
so:0.010812810554337778
this:0.0027776848591080368
path:0.023470521857465152
8-bit:0.02952603452634771
on:0.0026825863769274596
set:0.04205419974803049
focus:0.18514493763194229
you:0.014703676968484704
suggest:0.019425395794233427
input:0.022577520102511725
beat:0.022994350144062595
onto:0.023037897758541512
a:0.0022166732156291983
other:0.007297925861544501
want:0.010013745860911014
as:0.004233408255116499
also:0.015698382345815515
shell:0.02549851789245903
display:0.01950328792029353
d:0.009639387419984314
mwm:0.03182253442344941
it:0.005442149678412253
application:0.019525755067814437
have:0.00811508909758179
probably:0.012630813307032848
follow:0.019984086309086165
pointer:0.060317097101899475
binding:0.03182253442344941
open:0.017486563908747952
follows:0.022719705384263558
uses:0.03613751460144377
be:0.0030606415721559327
dialog:0.05950891743222144
which:0.006835409166759353
writes:0.0034987428096167317
get:0.020863078972874958
if:0.01418307766695046
of:0.0020575723340289804
brooks:0.03148825452068998
available:0.014291343004308095
but:0.014080068195775878
result:0.018703714079425938
david:0.03962611491023006
sounds:0.01885028869608909
over:0.031840329405069166
or:0.0035677854904925146
and:0.0020200921401629093
for:0.003442845110180677
subject:0.00014125374016940898
cursor:0.08926337614833216
i:0.00909041463073309
any:0.010828436680304839
allow:0.03710343567592161
will:0.005996324576207854
than:0.007569318953542122
the:0.00558335562954854
when:0.006918912395998602
prompt:0.030781739215798323
can:0.004574423240411182
an:0.004750783801913951
is:0.009950838032987552
either:0.013246363529700307
window:0.03689939409338774
explicit:0.06101124823931548
created:0.020095741208915455
main:0.01967416408268163
