sent:0.030144938920406664
stephen:0.033374256388450964
help:0.017541743606899977
all:0.015640456240103136
thanks:0.01633923479439478
widget:0.08260785832438979
text:0.05928793005300931
with:0.004793667022865143
way:0.014199777209397897
ca:0.016856955705674765
work:0.016598954622871344
approach:0.033739775860113404
via:0.02801828998865283
to:0.00903737154157922
colors:0.037376202244123316
changes:0.06685097212682277
might:0.017435124064577427
that:0.0028434805363481705
nt:0.005853102882970807
me:0.00888187442954545
anyone:0.013712415980667142
ps:0.036930838711637014
this:0.012909404222248008
getting:0.0222311604280712
best:0.019960459671815034
on:0.004155810042944999
am:0.01339619964509316
m:0.011219792722262886
a:0.0057233775649442415
how:0.010781663911714135
as:0.006558312788664086
steve:0.02628814628552776
advance:0.025930337841611882
are:0.005269765422960865
it:0.005620580815409376
not:0.009883770632392867
have:0.016762315185168946
routine:0.04293385423387657
ve:0.014960112287110118
color:0.030283869726257264
decent:0.036930838711637014
which:0.010589281414078016
get:0.021547114349034793
if:0.005493036227568929
of:0.003187550583044896
but:0.00545314116598697
again:0.020015320804164082
well:0.013793999263552008
find:0.017347924079290086
up:0.011011970248790038
good:0.013278769273438518
in:0.002912781998270336
lying:0.04017588508124368
yes:0.02185939238117942
force:0.02929511572798993
and:0.004694230506034301
subject:0.0002188275155083467
values:0.03500775713396122
i:0.010953204514080037
example:0.04608785481570336
background:0.07257377049699366
the:0.004942642688452807
do:0.005887851794315547
around:0.01940323305863636
did:0.013474680683958733
label:0.13555000972708284
an:0.014719641615766176
is:0.004404469293289573
itself:0.027566031480281805
right:0.015900603227789342
keep:0.021716512984638697
evening:0.0435286959784244
does:0.009987613232274798
expected:0.034011215276379785
show:0.02467269401421994
changing:0.035101793209061524
