school:0.07655841001676011
say:0.019974157623868876
way:0.03647100672729565
from:0.00891128688873869
work:0.021316552252529514
added:0.04403808617643591
to:0.0014507359579903482
building:0.040004921777248965
r5:0.0610531487861735
clients:0.05624516560200808
that:0.0036516276361523874
helps:0.04452602416982066
its:0.04353314854808779
re:0.003936215818717585
this:0.005526130930225463
a:0.0029400086859924105
xdm:0.12853538493131925
running:0.03186800434154423
following:0.02881383445305012
are:0.013534976454762641
no:0.02369991023542126
those:0.039071908511317054
hoping:0.05038794312813394
not:0.006346421142904893
be:0.006089065864604961
of:0.008186972023820575
defines:0.05859404508952608
must:0.024394320289257865
george:0.08383819324326668
over:0.04223033163198648
author:0.08513700522232645
in:0.0037406253030419045
or:0.014196030688486006
and:0.00401892015253463
subject:0.0002810205988633505
i:0.00401892015253463
any:0.010771444908303235
will:0.011929529946350362
decnet:0.20794749045788055
the:0.007934242210411084
can:0.018201389314478175
expressed:0.08652124474996394
about:0.010368591371809174
questions:0.03183343512890012
graduate:0.11577463117194418
define:0.08999486102652496
x:0.032054315679432656
cunyvm.bitnet:0.06402000301923653
agencies:0.0975497736774655
personnel:0.11999927739220001
opinions:0.12023621707452808
before:0.0447619845731083
answer:0.0319607478118827
represent:0.10118205894962955
while:0.022845710588194974
