widget:0.157471229930868
with:0.018275855524673354
to:0.008613744750567693
look:0.0740990101336222
nt:0.022314954741326203
its:0.06461951737606782
re:0.01168564071181783
greatly:0.1219665359312688
merely:0.12753278186690176
set:0.08279420575393504
you:0.034737436838045116
3d:0.14619732589367246
athena:0.1859775032628252
have:0.0319531633217283
even:0.0524737327426883
in:0.005552490684202827
thomas:0.11512515668840938
or:0.021072233053221416
subject:0.0008342799028755718
sf:0.1781239273790469
toolkits:0.20028478743862146
improve:0.14822606170927607
will:0.03541579202822764
the:0.004710956312431581
do:0.02244743496582802
linux:0.1666325280001307
shared:0.1562160411269513
x:0.0951612496733157
