some:0.05741984631803381
reference:0.06117431250849762
apologies:0.08932215160407532
ask:0.04777971449764537
folks:0.060708456562209474
formats:0.16521571664877957
know:0.020227461076365603
help:0.03508348721379995
thanks:0.03267846958878956
your:0.020654626593135453
such:0.0315248721879967
my:0.015577282972627891
to:0.002259342885394805
quite:0.043544252165727895
location:0.07525945859794105
pcx:0.10088886800667372
me:0.0355274977181818
anyone:0.027424831961334283
file:0.09962248794945604
this:0.008606269481498672
hi:0.051656010819908275
material:0.06922458257055546
inc:0.060016647472203304
more:0.020842934849520097
a:0.002289351025977697
following:0.044874004476061664
let:0.037789143323816804
rich:0.1488457539167855
advance:0.051860675683223764
place:0.04458078061174468
not:0.009883770632392867
systems:0.049187165906272305
mo:0.09148230369638882
if:0.010986072455137857
of:0.003187550583044896
please:0.03140025175254516
accept:0.058559212633815305
one:0.016119850947141353
in:0.002912781998270336
or:0.011054286191853857
and:0.003129487004022868
for:0.010667175833182755
subject:0.0004376550310166934
information:0.07996135358963163
the:0.0037069820163396047
can:0.014173212990782186
is:0.004404469293289573
questions:0.04957666126631987
appropriate:0.13259041796919693
give:0.03874157821895093
