mode:0.033591098653317816
read:0.0198859917710344
king:0.03682152197261224
pixel:0.08624292486603206
at:0.007727763267144132
there:0.01610138571187978
know:0.021646932029093013
tel:0.0356618252570033
thanks:0.01748584776242248
where:0.016205761388015452
i.e:0.03030297365767897
own:0.019881496803052588
such:0.016868571960243845
buffer:0.04648952298465815
beast:0.04747617196208525
work:0.017763793543774595
wrote:0.02259276293590229
0:0.03215049375851257
rd:0.04543562551235935
w:0.027143340833590823
janet:0.044569530418625235
amiga:0.04420245050691032
that:0.003043023030126989
memory:0.029663440580415045
bit:0.04780849470273157
nt:0.01252769388986734
server:0.07021857447627428
so:0.008963250854253684
this:0.004605109108521219
moment:0.036915007011857744
etc:0.020371263047879257
a:0.002450007238327009
other:0.012099192875718515
commercial:0.036546900002217116
as:0.007018545265061565
stuff:0.025644004848014226
science:0.029663440580415045
computer:0.023514937764608026
internet:0.025057315290479
ip:0.05057511367206415
works:0.026097596434655614
it:0.0030075037696488767
pd:0.09559037276927357
frame:0.042390044810743654
only:0.011697686300607777
650:0.04427464786775694
university:0.020617018435075907
suspect:0.034053465464015435
has:0.009340126963917113
screen:0.03279216815882498
talk:0.03034731375120199
which:0.022664777763465222
if:0.011757024908129987
of:0.006822476686517145
department:0.030421715637657335
but:0.005835817739038686
version:0.027372549190048986
please:0.01680188909566013
they:0.016367010956276205
david:0.043797284900780595
email:0.024069286482174917
in:0.0015585938762674603
or:0.0059150127868691695
and:0.0016745500635560958
for:0.002853937393965561
subject:0.0002341838323861254
rm:0.04511070207656681
i:0.006698200254224383
group:0.023658911708830218
the:0.0033059342543379517
do:0.012602068752745554
colour:0.04639669746421484
home:0.025696167121590775
did:0.014420272310903204
here:0.015792990400205226
39:0.04658334131024366
many:0.016256149364720116
is:0.014140664573192836
implementation:0.04324952207706123
their:0.013277926478786964
1:0.017180034139690426
dave:0.03075679536293502
every:0.021334636201205227
respond:0.035473752175969354
by:0.008688030480852333
s:0.005442423516280862
