your:0.02799849382625028
option:0.09312469382783073
added:0.09296929303914249
to:0.0030626648002018463
atmospheric:0.12812362130256252
boulder:0.12249704582743783
server:0.08894352766994743
national:0.07231497611083364
requested:0.11639844925628759
on:0.011266862783095332
size:0.08001949193479706
a:0.006206685003761756
richard:0.1660478895457235
as:0.0177803146714893
course:0.054358928886667095
lie:0.10133103719517877
co:0.10144412762867812
3000:0.11662179005303208
ve:0.0405585266450541
determine:0.09694358842620093
if:0.014892231550297985
of:0.004320901901460859
ok:0.07252998201135405
version:0.06934379128145744
now:0.03670920884173876
box:0.07041197801570238
thor:0.2794556596014053
for:0.007229974731379422
subject:0.0005932657087115177
cursor:0.12496872660766503
i:0.00424219349434211
research:0.0686073662341506
may:0.041356122831996245
e:0.06913088213452949
is:0.011941005639585063
export:0.11531422338585576
new:0.0383111014418566
center:0.07259179629939576
under:0.05394052060234754
med:0.2735209310403154
