out:0.03516946564419283
there:0.02739638762916858
know:0.018416046651616443
technology:0.05026369680323795
x11r5:0.14405434524495847
watch:0.05737557971006492
thanks:0.029752039476360643
fax:0.045651393132587904
with:0.008728766817754438
my:0.014182302407914944
melbourne:0.08683207032516244
gcc:0.09043150400899659
building:0.05672339654983062
experiences:0.07052397895678027
day:0.03795974680243092
centre:0.07472863426223217
me:0.01617296537917231
australia:0.06924020470812293
anything:0.03464539030327468
phone:0.04384100188372491
installing:0.0787873464336298
fork:0.09427969967022196
on:0.015134591798187758
brain:0.06581161789502676
3:0.0698945058100782
a:0.0020843345161886493
let:0.03440504093660932
advance:0.04721643606980074
internet:0.04263483497185979
should:0.024519584212439993
systems:0.04478234507884493
mit:0.15297318003659516
without:0.03354045499705216
of:0.0058041965840519
telecommunications:0.09301764910263893
particular:0.05061270818035533
programmer:0.07609206379339975
tim:0.3043215895325514
in:0.007955807547514498
or:0.010064350114971423
apollo:0.16921531739180284
for:0.009711906355584297
subject:0.0003984620431644522
i:0.0028492344364984316
any:0.015272944272967272
can:0.012903970036383782
is:0.004010039207323342
their:0.022592292814652446
61:0.15066596587833705
advanced:0.06899618772302549
bad:0.040904493235020656
