some:0.015064991937204569
manager:0.025334827999442564
believe:0.0140172379376151
out:0.007601142574712645
ideas:0.02320641056154497
activity:0.028794858380519827
mb:0.029451520924454938
tried:0.039972439394021564
swap:0.034331044035303175
thanks:0.012860558999459116
with:0.022638479101530867
user:0.02439769989414849
from:0.005461756480194681
blew:0.03609422684175274
r4:0.03908974689421143
to:0.006224125239119881
physics:0.02958454858382743
then:0.010296002256618085
sparc:0.03507342680810826
that:0.002238094357641786
memory:0.02181698210430526
like:0.01502760081946675
pipe:0.07577817405121175
happened:0.021756779991860844
larger:0.0274571080265857
file:0.0784125389021525
had:0.019798819170092068
error:0.02429327844627096
this:0.006773966946727987
on:0.003271024678963161
distribution:0.028677017425827612
used:0.012738474247334616
x11:0.03440155416776892
input:0.027530008383062684
3:0.015106231900887869
more:0.00820270339239178
openwindows:0.07112731693206067
a:0.005405822422631207
same:0.012529634519539435
hopkins:0.03600271306761108
was:0.017137957434220367
as:0.005162026840109796
running:0.019532002660946464
worked:0.024801057035963546
following:0.017660092084127492
part:0.015801432983311464
fine:0.020897784373681033
advance:0.020409685268881612
output:0.026370052831833038
display:0.04756285699271584
complex:0.029006405624539128
meg:0.030036868365679214
supplied:0.03556365846603034
it:0.013271823086708592
only:0.008603459601737333
university:0.015163484526442927
color:0.023836336171634748
minimal:0.03335659076167179
has:0.006869512734751942
tested:0.03056228986206743
without:0.014498132160016096
sun:0.023409627768379623
which:0.008334789242048501
if:0.004323551095247802
of:0.0025089107814934017
johns:0.04224040991301099
but:0.008584299641940777
megs:0.035232733986110654
seems:0.015203142512135987
windows:0.01772391729950646
up:0.008667486260337965
one:0.006343941340487887
in:0.0011463206573838094
system:0.014420789220919517
use:0.010727609856434504
and:0.004926418251494063
subject:0.00017223843156140837
space:0.019725888758149054
i:0.0073896273772410944
any:0.006601853330895531
the:0.0038903381160725315
when:0.008436609308669263
got:0.01427196013955209
64:0.03267081877038389
simple:0.021285087464233812
laboratory:0.03088293288498532
10:0.01864755972836235
about:0.006354943098850784
unit:0.027678327855480103
move:0.022818226552083983
3.0:0.029824158564146504
128:0.03719718037816331
applied:0.02856129032462331
guess:0.01933004685764938
dave:0.04524225382418829
image:0.02387782578666888
planning:0.029894285481803947
fault:0.05712258064924662
by:0.006389906289143007
data:0.01893126208519879
s:0.008005629430400237
