manager:0.06333706999860642
at:0.014209113104103726
there:0.01480288686414754
raise:0.0760193820580316
x11r5:0.07783581557590498
own:0.03655630057335476
though:0.04008942260662386
my:0.015326036473069375
class:0.06400273663982262
that:0.011190471788208929
considering:0.06460274121540473
really:0.031474124890176224
nt:0.011517395995523202
anything:0.03743937339224845
re:0.006031298431905976
michael:0.0484628258334466
anyone:0.026982495961957922
file:0.04900783681384531
on:0.016355123394815804
taxes:0.07680154899252532
working:0.05110546791462269
m:0.02207765664703342
a:0.004504852018859339
as:0.012905067100274491
brian:0.060259314754496425
not:0.009724354977031691
have:0.008245977631413756
ve:0.0294376403068941
quality:0.06200264258990886
writing:0.06455578621205861
writes:0.010665522435767134
of:0.0031361384768667524
seen:0.041813949848747624
looking:0.08367372081956916
one:0.015859853351219717
in:0.002865801643459524
and:0.0030790114071837893
for:0.0052475623050334515
seriously:0.0625315106999571
subject:0.0004305960789035209
i:0.009237034221551367
any:0.016504633327238828
will:0.018279118466182007
the:0.0012157306612726661
middle:0.06479194024420294
is:0.01300028839793535
sheets:0.0980951659165721
does:0.01965304539254073
runs:0.060512750329731205
under:0.07830075571308513
article:0.01306988516639679
mike:0.10307780738573237
