read:0.04534006123795844
know:0.024677502513166038
thanks:0.03986773289832326
with:0.011696547535790946
much:0.03494393739119863
such:0.03846034406935597
signals:0.10161852935446554
often:0.062146407765574126
plot:0.11368434638322722
real-time:0.11902560208820813
tool:0.18805747384073493
that:0.0069380925086895365
me:0.021671773608090895
michael:0.06009390403347378
this:0.01049964876742838
hi:0.06302033320028809
m:0.027376294242321443
a:0.011172033006771161
as:0.01600228320434037
display:0.1474448566774191
not:0.012058200171519299
couple:0.06311983589309036
real:0.05115187707996495
anybody:0.060791902898253904
of:0.003888811711314773
looking:0.05187770690813288
please:0.0383083071381051
email:0.054877973179358816
in:0.007107188075779619
for:0.00650697725824148
subject:0.000533939137840366
i:0.007635948289815797
group:0.053942318696132904
do:0.014366358378129933
can:0.017291319848754268
eric:0.15952113921274422
2d:0.12028918012063876
different:0.05054433796022496
time:0.031590199398074274
data:0.11737382492823249
x-windows:0.11600098269372966
