root:0.045809812343525234
another:0.010079569683584448
manager:0.08924768954349085
positions:0.043992309968868853
out:0.026776752251828635
there:0.01251516798514292
know:0.005608523298446826
all:0.004336671957483142
corner:0.02227935445414422
where:0.016795061802125106
your:0.017180893938835397
way:0.03149768762811897
user:0.03437857712357287
height:0.024389834491103754
ca:0.009347948164056005
work:0.009204874836319562
options:0.0205680927667128
several:0.012811142600306347
to:0.008770358291487104
remember:0.012648291075096508
most:0.008439070290759262
cases:0.016726298174938144
been:0.013338548974740357
width:0.025697480274975485
that:0.007884196032601746
reliable:0.021086789615655622
really:0.008869980650867845
nt:0.0032458115987383566
re:0.0033994591161651865
managers:0.025495426808744424
this:0.002386283810779177
you:0.015158154256601504
relative:0.02237781580314958
used:0.008974834128803934
assume:0.01577949343313262
size:0.0163676233502994
guarantee:0.022444661927648196
a:0.0019043238079723569
other:0.0062695817628723215
as:0.003636882546440993
border:0.022057580980646804
said:0.009961385584833782
display:0.016755097349706715
are:0.005844648923647504
no:0.010234052147113726
mapped:0.02705127320186548
mwm:0.027338450027417898
have:0.0046477328467968435
frame:0.021965750492839893
only:0.006061528355769484
ve:0.00829606226830652
tom:0.03450662021340686
between:0.010558481118392752
after:0.008769153125749779
doing:0.012185013205296887
holds:0.022311938497228824
has:0.014519651916634785
be:0.007888108051874608
writes:0.0060114762819778395
get:0.005974427160414192
if:0.00609227654330372
of:0.0053029250608837815
but:0.003024014646592774
windows:0.012487305370106824
find:0.028860637331909866
accept:0.016236872593921516
in:0.0024229050258339608
parent:0.024547496118321438
or:0.0030650520804685693
forcing:0.023994328232059985
use:0.01511617752497589
and:0.003470885586279908
for:0.004436575403346463
subject:0.00012134980405462862
until:0.013005298751657473
outside:0.01638534444309784
i:0.001735442793139954
similar:0.01438526494484864
tobias:0.02884814927752069
will:0.005151387931378565
unfortunately:0.016735877640117983
the:0.006852300090809573
would:0.004239316573201709
can:0.003929845420171424
specific:0.01665980131122924
maybe:0.012035968556101471
may:0.008459206942908321
an:0.004081355175280622
just:0.005338129833935845
is:0.006106196065696907
multiple:0.019518292352844604
window:0.31699934016592196
figure:0.03356816030977049
their:0.006880380084462336
resource:0.02254681127243028
position:0.031298572338292835
article:0.007366662548332736
difference:0.014577972031065393
before:0.009664519396466564
s:0.011280659651927606
specify:0.023808773711513367
