selected:0.10634969037785208
know:0.013267474469444106
help:0.046023499355737574
all:0.010258793877917111
displayed:0.05710216031578255
vertical:0.05806934565624427
widget:0.16255094702541215
user:0.04066283315691415
name:0.02970142479387367
to:0.001481934580742829
need:0.04131617186015562
so:0.010987210724569034
file:0.09801567362769062
this:0.005644972455606656
path:0.047698157323235645
on:0.01090341559654387
am:0.01757350921184264
a:0.006006469358479119
advance:0.03401614211480269
files:0.035583995318147196
are:0.006913025608615329
displaying:0.060311762343266385
it:0.0036866175240857202
left:0.03144521702688776
list:0.09392350312650256
dialog:0.060468738681128245
of:0.00836303593831134
they:0.010031393811911224
who:0.01390379434660052
box:0.0340703119430818
rodney:0.1293432044307944
in:0.005731603286919048
and:0.0020526742714558595
subject:0.0002870640526023473
however:0.02577525703437541
i:0.008210697085823438
horizontal:0.11639319577801546
possible:0.027709372289941744
any:0.011003088884825886
the:0.008915358182666219
see:0.01902565334850727
when:0.014061015514448775
can:0.018592817041671258
because:0.018975508590263594
f:0.0799189509334806
is:0.005777905954637934
right:0.04171771169441505
selection:0.056987157207000316
position:0.03701981674421734
full:0.033222177246486594
side:0.10388271221197397
s:0.02001407357600059
