preferably:0.15495263011816618
form:0.20078711320481737
thanks:0.05862901896812244
where:0.054336964653934165
to:0.00405352694144362
need:0.0565059409263893
this:0.015440659952100559
ti:0.11143120753681361
suggest:0.10798234720912112
8:0.086837978893349
os:0.13968677063865503
advance:0.09304415343166617
version:0.09177854728428189
please:0.05633574579133102
find:0.062248433460982064
in:0.01567762075539622
or:0.019832689932443685
and:0.005614667860158675
for:0.019138168406592587
subject:0.0007852046144711264
i:0.005614667860158675
source:0.09174317534411248
the:0.004433841235229724
can:0.025428411542285687
either:0.07363419726803995
e-mail:0.08087340519565489
hp:0.25444985329743086
s:0.01824812590752995
