library:0.07612924712183963
read:0.04121823748905312
folks:0.06733119727808687
there:0.016686890646857227
into:0.03256007096331611
to:0.005011633309421203
encountered:0.1014621913723585
job:0.06311797373253047
could:0.027438348278655586
this:0.009545135243116709
reply:0.06529448217009352
routines:0.09505417973963225
on:0.009218342277077999
you:0.01010543617106767
a:0.010156393642519235
how:0.02391569085871135
advance:0.05751820393957544
course:0.044475487270909435
files:0.06016930117432162
hey:0.07007525428420308
application:0.06709759468758052
call:0.04830829269088559
please:0.034825733761913724
postscript:0.18294240171449508
code:0.05891840927875811
email:0.04988906652668983
in:0.0032305400344452813
or:0.012260208321874277
bitmap:0.19350224819898154
p.s:0.08245150372945141
subject:0.00048539921621851447
i:0.010412656758839723
we:0.024504434649344906
any:0.01860522302343286
source:0.0567139629399968
the:0.002740920036323829
do:0.01306032579829994
thank:0.06600898739580935
can:0.015719381680685696
problem:0.038464823491737896
is:0.004884956852557526
window:0.12679973606636877
x:0.16609963579342377
