know:0.012988159217455808
x11r5:0.15239433365387714
with:0.006156077650416288
ca:0.021647879958866537
such:0.020242286352292617
2.1:0.05524190055143625
to:0.0029014719159806963
that:0.0036516276361523874
solaris:0.06402000301923653
nt:0.0075166163339204055
re:0.003936215818717585
this:0.005526130930225463
map:0.05221366820983854
1024x768:0.058164339884049704
on:0.021347740010075365
fix:0.045789883780847196
disclaimer:0.03951637396920196
pool:0.05556581274792839
etc:0.04889103131491022
inc:0.0770740104379874
m:0.014408575917011284
how:0.013845926286622361
christian:0.033745709170911325
running:0.03186800434154423
following:0.02881383445305012
fine:0.03409638503074274
product:0.04200945181838483
no:0.01184995511771063
brian:0.07865426346902692
d:0.019177307603968793
not:0.012692842285809787
have:0.005381585401554241
ve:0.019211933673972992
microsystems:0.0630837136927471
messages:0.04605305538300949
after:0.02030751250173633
command:0.043328975315093006
device:0.04225426089379816
sun:0.07638931166523877
anybody:0.03199573836750205
writes:0.0069606567475532875
of:0.0020467430059551437
but:0.014005962573692847
version:0.03284705902805878
in:0.0037406253030419045
our:0.023471320241898876
installed:0.04216178900373782
or:0.007098015344243003
and:0.00401892015253463
for:0.0034247248727586736
subject:0.0002810205988633505
space:0.032184344815927406
i:0.00803784030506926
patches:0.059509954320995866
the:0.006347393768328867
do:0.007561241251647333
lx:0.1386316603052537
problem:0.02226910833732194
just:0.012361984878588273
here:0.018951588480246275
address:0.033608645830880114
is:0.0028281329146385673
does:0.01282619804565816
runs:0.03949253179414037
guess:0.03153849750458582
engineering:0.04070262624445368
resolution:0.047029705208809135
article:0.008529819792806327
represent:0.050591029474814773
giving:0.039930178392516585
