since:0.015043771604538956
at:0.006623797086123541
form:0.025664518229187184
help:0.01609092270708118
tried:0.0465844218501755
your:0.018946349205733272
with:0.008794396643451838
o:0.026323150254134446
wrote:0.019365225373630533
r4:0.04555572006468249
to:0.005181199849965529
software:0.02117132246978388
appreciate:0.057732531359616444
been:0.011031882610687513
responses:0.03335284685008206
me:0.016294566622624733
sunos:0.07615002871292487
error:0.08493514644748869
this:0.007894472757464946
getting:0.04078498604849152
programs:0.05313055826006791
hi:0.02369185458657447
these:0.0124559095721725
on:0.011436289291111802
you:0.00417893976999039
tell:0.01812048912498085
argv:0.10833147478053795
machine:0.024457138002438695
x11:0.04009203681206152
am:0.049152973133875656
why:0.013381372783112829
a:0.00315000930642044
other:0.01037073675061587
same:0.014602205643072273
below:0.027908826413818737
running:0.04552572048792032
following:0.02058131032360723
given:0.02096080871564873
not:0.009066315918435562
have:0.003843989572538743
messages:0.03289503955929249
has:0.008005823111928954
ex:0.12375319343980694
regarding:0.029751852414066745
sun:0.027281897023299556
anybody:0.022854098833930036
get:0.009882511092414453
if:0.005038724960627137
trying:0.040546289068697686
4.0:0.04250711022928276
but:0.005002129490604588
using:0.033149181633758205
undefined:0.04727633339121518
email:0.02063081698472136
symbol:0.04429967431533537
compiled:0.03968986624852028
message:0.024415939011727228
and:0.001435328625905225
subject:0.00020072899918810748
i:0.010047300381336574
program:0.06263082930189642
the:0.002266926345831738
when:0.009832138667998013
got:0.01663273550098176
would:0.01402480670833648
can:0.006500496183742205
int:0.04069386168178736
did:0.012360233409345604
simple:0.049611857999341966
compiling:0.044901499185061214
an:0.006751113823772456
myself:0.025058962872164532
problem:0.015906505955229956
long:0.017897077030891613
is:0.002020094939027548
guys:0.029208088041287602
time:0.011876014811306117
build:0.02805739145126582
x:0.11447969885511662
before:0.015986423061824392
compile:0.0784680840486731
main:0.027958022643810736
include:0.10109844430810831
