out:0.01386090704800541
there:0.010797399830319382
tel:0.04782880093292208
default:0.05646676806590337
thanks:0.023451607587248978
fax:0.03598403929274576
way:0.020380856700547567
much:0.02055525728894037
cambridge:0.05497195773509272
c:0.060849357539504934
colormap:0.14151668249486912
to:0.003242821553154896
colors:0.05364584322097699
mydisplay:0.17742388963592912
like:0.013701636041278508
me:0.012748102122406409
anyone:0.019681349995781073
derek:0.1945541316082836
this:0.012352527961680447
on:0.005964809708697528
tell:0.028353235924970032
e.g:0.047756179061074065
a:0.0016429460304075237
how:0.015474858790930874
richardson:0.13818372915220967
given:0.03279750069625036
advance:0.037217661372666466
d:0.02143346143972983
place:0.0319932660860756
color:0.08693252015537378
determine:0.05132307622563579
be:0.006805426554558486
get:0.015463223238719086
of:0.01143768150386698
institute:0.04579362176392125
but:0.00782686143824012
requirements:0.0572513724717701
windows:0.03232008448733531
depending:0.05295019000654379
in:0.008361397736211317
astronomy:0.05800524137394095
total:0.043070770538875314
subject:0.0003140818457884505
i:0.00224586714406347
cells:0.19274378004166415
actually:0.028756636789424524
will:0.013333004057685699
currently:0.04234039413949761
than:0.016830603320228954
the:0.005320609482275668
less:0.032339594783485616
can:0.010171364616914275
general:0.03468741603632413
is:0.0031608544340078104
number:0.11775363992460038
maximum:0.057580476613445467
x:0.03582541164171885
e-mail:0.03234936207826196
by:0.011652182056672542
