supports:0.07717213365462118
from:0.015117361686253135
remember:0.04968971493787914
crime:0.0716288915220985
that:0.006194725454187085
terminal:0.08525350357680002
re:0.006677508978181616
server:0.07147247759192203
this:0.009374686399489624
something:0.03554752352077719
distribution:0.0793738875179157
support:0.0489099340988126
seeing:0.07157660116890048
xterm:0.09353446815237394
a:0.009975029470331393
tektronix:0.21979360530025344
patrick:0.16377160823190184
l:0.11803430638404867
not:0.01076625015314223
should:0.029335931111312136
be:0.010329665306026274
considered:0.06147933852164664
of:0.003472153313673904
lazarus:0.2288968999298531
in:0.006345703639088945
accurate:0.07986539954273875
for:0.011619602246859784
subject:0.0004767313730717553
i:0.003408905486524909
person:0.05009275784060448
offense:0.08884939200116874
the:0.002691975035675189
an:0.016033895331459585
mahan:0.46255746946675413
long:0.042505557948367585
mentioning:0.10487158016015911
is:0.009595450960380853
capital:0.09119467775225959
window:0.06226772753259181
x:0.10875571391236079
first:0.033527764810554306
