choice:0.022060600435780953
at:0.005151842178096088
out:0.006889924556026081
there:0.010734257141253185
know:0.007215644009697671
thanks:0.011657231841614988
with:0.0034200431391201596
ron:0.024779522434064533
way:0.010130835202026569
gain:0.026816403687095036
several:0.016482171766476
investigate:0.03306108573388659
to:0.002417893263317247
remember:0.01627265518433469
obviously:0.021531538484362317
look:0.02773296285702819
most:0.010857283415011918
might:0.03731728308558677
direct:0.023355412997509786
sparc:0.03179170266232035
like:0.006810754757360662
nt:0.01252769388986734
seat:0.0290075934499103
need:0.011235099365480913
re:0.008747146263816855
scott:0.0670539833889738
so:0.011951001139004913
contact:0.020351299994038407
hi:0.018426998011780143
something:0.011641294252418262
recently:0.01935269920811514
unix:0.06951872659860232
on:0.00592992778057649
you:0.02275200541439212
products:0.02368471809436777
purchased:0.027993301737852187
more:0.02230559694422326
a:0.002450007238327009
closest:0.03297314493058518
hard:0.015814230424418183
test:0.020911695052512693
was:0.005178135287142605
as:0.00467903017670771
running:0.01770444685641346
compatible:0.026348317677308275
also:0.008675421822687523
advance:0.018500007115068124
display:0.021556265596113903
product:0.023338584343547124
are:0.0037597156818785114
it:0.006015007539297753
not:0.003525789523836052
should:0.00960708855107298
ftp:0.02218343244028699
have:0.0029897696675301334
made:0.013599880420573106
ve:0.021346592971081102
ronald:0.03412729366835416
per:0.02068318781036852
has:0.006226751309278075
details:0.022308899896434704
uses:0.019970731753429456
heard:0.01580495531824488
anybody:0.017775410204167806
be:0.006765628738449957
which:0.007554925921155075
writes:0.003867031526418493
were:0.00907194910802514
if:0.015676033210839983
of:0.0022741588955057152
even:0.00981964589336857
available:0.01579569489949842
but:0.011671635478077372
macintosh:0.027459683776067716
they:0.005455670318758735
find:0.01237688150686193
who:0.0075617127148178255
good:0.028421225462447353
postscript:0.029420561679231665
email:0.01604619098811661
in:0.0020781251683566135
our:0.013039622356610487
better:0.013077285797084228
and:0.0033491001271121917
for:0.00951312464655187
subject:0.0001561225549240836
costs:0.024071652952829446
i:0.002232733418074794
we:0.02364462992480649
info:0.017224534850247938
similar:0.018507358408577198
any:0.005984136060168463
information:0.014262112774758858
platform:0.03057298178760101
the:0.0017631649356469074
do:0.008401379168497036
see:0.010347285154451321
got:0.012936572056319146
anonymous:0.026577678572941497
last:0.012749488608535075
language:0.023847422805474788
is:0.004713554857730945
architecture:0.03297314493058518
hardware:0.020758369144295623
oriented:0.03231352215780539
does:0.0071256655809212
runs:0.02194029544118909
workstations:0.03172081751300839
too:0.011418233145406412
functionality:0.067043585243833
release:0.02323861689700151
lots:0.021337397727581055
by:0.005792020320568222
check:0.01935269920811514
news:0.017946646293353324
