some:0.005076247283188496
okay:0.018720722328271724
24:0.07963225541018391
reserve:0.02299662396052388
know:0.005364674459383921
help:0.01860950191340693
tried:0.0134689741436377
case:0.010746135249159808
thanks:0.017333796912314462
with:0.007628183175515835
frames:0.025452679808507645
response:0.015267819794031922
from:0.0036807489323051113
bits:0.019171210430290405
post:0.011228599149700785
approach:0.01789675067362537
my:0.012394099060830017
via:0.014861875559198457
colormap:0.1568989305921375
to:0.005392953235138034
0:0.01593546212378449
w:0.013453655891431974
then:0.006938610216416535
appreciate:0.016692231893106497
sparc:0.02363643980546426
that:0.0030165619602997985
problems:0.011926405373442492
bit:0.03554457649637869
like:0.005063648102211622
depth:0.11430723747501001
along:0.015191136570179283
me:0.004711255132193673
greatly:0.016969257173046093
so:0.008885309542477566
prefer:0.01785447002192105
error:0.0163715572137913
this:0.0022825323407453
off:0.009493293251984133
cleveland:0.04685872266319587
hi:0.013700072434845239
on:0.00440877239338513
western:0.017784903320414783
set:0.023038387688051488
am:0.028423240986110706
inside:0.016321980552496465
8:0.01283691861901681
input:0.01855283173641181
board:0.015613897910239758
openwindows:0.02396681331406392
a:0.006071757068897369
how:0.011437939106340212
as:0.0034787572183348626
following:0.011901366404520702
also:0.006449987529041593
advance:0.013754353115985433
science:0.01470274880942311
video:0.03039748863360889
far:0.010823382922266964
computer:0.011655230022457892
display:0.08013307428120603
xlib:0.02353166784207704
it:0.002981351562956278
have:0.002222828752815882
frame:0.14707502503901496
color:0.06425447141918933
completely:0.01563910276973683
null:0.048283834446718625
doing:0.011655230022457892
screen:0.016253509435243688
univ:0.020193927701109598
be:0.002515048944075962
24bit:0.026650123199203152
which:0.016850769554576317
get:0.011429338915574978
of:0.0016907877005716404
what:0.004001922186941875
again:0.010616822339600079
oh:0.028084488557751943
seems:0.010245596040787296
using:0.02875331189536853
good:0.007043521092867388
code:0.014089184827529114
email:0.02385998833885166
in:0.0015450408860390476
dies:0.02624538222935093
use:0.021688428622791495
and:0.002489983137983412
for:0.002829120547061513
subject:0.00011607372561747085
create:0.03306822340211842
i:0.009129938172605845
top:0.01470274880942311
possible:0.011204224447672096
any:0.008898150141641803
the:0.002294030899966683
wrong:0.022986278755042267
level:0.01530667461997282
would:0.012164995383970123
can:0.007517965151632291
int:0.02353166784207704
road:0.01569848863465439
problem:0.009198109965415584
newsgroup:0.01671375582858413
long:0.010349179326559065
here:0.015655660048899095
is:0.005840709280231824
win:0.058947398323971154
3.0:0.02009888946714221
having:0.011377788662697223
window:0.030321676015870797
2:0.008471345878675691
matter:0.013134360921306706
created:0.03302691381291323
under:0.010553580117850606
although:0.013737997638064166
live:0.013463862060641995
xview:0.10027066014983153
by:0.004306241194857244
