marc:0.5325827105857217
user:0.21009130464405643
to:0.007656662000504615
this:0.058331382041268774
participation:0.3366061538112651
has:0.05915413743814172
his:0.10246828008362537
list:0.16175714427342108
mailing:0.24520859853147733
please:0.10641196427251415
in:0.009871094549693914
become:0.1840123763775082
and:0.010605483735855273
subject:0.0014831642717787943
i:0.010605483735855273
wish:0.20755986193215437
