studies:0.03980266883333674
at:0.008310990683532369
out:0.011114878293211885
help:0.020189553962658462
traffic:0.04127396473005567
discussing:0.04590911943490998
document:0.042970126149306585
thanks:0.01880553438600154
with:0.005517239403674975
user:0.03567588192068882
much:0.01648298933547105
someone:0.02078734070436811
generate:0.04424347932097409
buffer:0.049998166228783295
considerations:0.05505440771026945
my:0.008964285484248125
line:0.026639658007603664
social:0.04096077539600288
keyboard:0.0428753116601226
client:0.04723413675065618
control:0.028770134622085126
asking:0.03382483787394711
me:0.010222534720797592
re:0.003527740592246892
server:0.03775904476554372
this:0.00990532902587583
on:0.004783102124898961
x11:0.05030415939626587
support:0.025839210467297223
particularly:0.03789717259566587
input:0.04025614433372374
a:0.002634913444993198
how:0.012409084879520041
load:0.04241502709248646
immediately:0.0398367880830555
copy:0.03223218816097493
also:0.013995255959241192
advance:0.02984435110072311
not:0.005687830269584574
received:0.03650274330803558
university:0.022173019826402393
has:0.010045042206476895
loading:0.053773261095561325
network:0.06931112584961466
environment:0.03960050476299807
comparison:0.04402783650893588
writes:0.0062383244435619085
of:0.003668690293693182
host:0.045159005633704945
excellent:0.03674590012585271
necessarily:0.036672292764681154
up:0.012674154437286648
direction:0.04168066400980783
over:0.018923969363390167
tim:0.1538833698013656
bob:0.034754764283293396
in:0.006704894411112848
point:0.020769207181698685
and:0.001800931200428254
for:0.009207986686190774
subject:0.00025185808388696507
feedback:0.05225505008789493
i:0.001800931200428254
sciences:0.04801424727749687
any:0.01930730691110957
the:0.003555438726363458
can:0.016312565895051194
apps:0.09979667001736778
typically:0.048954151437391596
may:0.01755684459848897
an:0.016941474312485598
laboratory:0.045159005633704945
columbia:0.05140237026272258
south:0.040770183817535714
carolina:0.05439210338316333
white:0.03206574665868483
time:0.014901037451921825
does:0.011495177493750237
x:0.11491169771872084
papers:0.043610797900402905
conducted:0.05062041120795119
telnet:0.053624691690201516
by:0.009343730894501566
