there:0.010549183742266063
raise:0.05417473204135586
supports:0.04967401706504352
your:0.014481979565301869
to:0.0015841369656216446
remember:0.031984184327830255
class:0.04561114565136784
that:0.003987409487752607
terminal:0.10975163678852418
talking:0.03746771471680768
asking:0.04121187143262522
re:0.004298166698599662
server:0.09201054586546285
michael:0.03453672645601941
this:0.012068561801641816
something:0.022881164565097964
on:0.00582768764642862
distribution:0.05109123794256643
tell:0.027701437397959227
taxes:0.05473213836248931
support:0.03148225643141961
seeing:0.04607229500526928
xterm:0.06020609444290737
m:0.01573350243811577
a:0.0016051771561452815
tektronix:0.14147634364154243
was:0.020355428370146797
as:0.027590143455759254
patrick:0.052708103798773005
far:0.028613541058866685
l:0.037988052629349
display:0.042369211688913534
not:0.006930000098574309
should:0.01888289818659172
be:0.006648979967097371
writes:0.007600717138132901
if:0.007702878388085164
what:0.0211595885746352
but:0.0076469335890851755
using:0.025338167570631273
one:0.011302424227306006
in:0.006126886272223809
accurate:0.05140761349877437
for:0.003739642102437632
subject:0.0003068615734714747
i:0.013165428085889306
possible:0.029620363482351517
will:0.013026498217279131
the:0.0017327655402047195
can:0.009937540142962222
an:0.03096200477799092
mahan:0.14886907063297836
about:0.011322025061170938
middle:0.04617356661081129
mentioning:0.06750354585021737
is:0.009264573341057375
write:0.03740429798836222
does:0.014005618555603738
x:0.1400073558412001
article:0.00931417103812185
already:0.03339984277353277
mike:0.07345774779213111
