manager:0.0377586378837846
at:0.008470817427446454
out:0.01132862595269673
know:0.011864183900560595
x11r5:0.046402120824097205
tried:0.029787154356121837
thanks:0.01916717927804003
widget:0.09690537226514954
with:0.005623340161437955
twm:0.1813774713759121
times:0.027023809052817566
r4:0.05825875739041127
r5:0.11153940643627852
look:0.02279969542572991
that:0.0033356213984084312
nt:0.0068661399204080625
grab:0.051485231084508594
so:0.009825101897931924
fixed:0.043604160626152196
hi:0.030298237115523124
on:0.014625254574210288
m:0.026323359848386
a:0.00805675457219074
same:0.01867397452431358
xdm:0.058706065233054466
running:0.08733058882057794
it:0.006593373648845615
not:0.011594423241845479
should:0.015796270598398842
real:0.024592248596136995
always:0.05109530957689822
b:0.029431811024175403
mit:0.04927501472332633
network:0.035322016057976705
sun:0.03488934907787348
anybody:0.0292268763933913
be:0.005562127472475686
which:0.012422041658822287
get:0.012638211300876176
of:0.003739242030110359
wm:0.05204118849690115
looking:0.024941205244294655
but:0.012793908120200198
particular:0.03260626392388276
ok:0.03138316529337435
in:0.0017084586720624085
our:0.0214401482978884
installed:0.03851317264764512
or:0.01296752803275164
for:0.012513417804310539
subject:0.000256701508577099
i:0.009177822463720911
any:0.019678601274784758
will:0.010897166777916197
suggestions:0.03804804202952767
patches:0.05436005442783276
the:0.0014495250192097173
when:0.025147585439302615
start:0.027091943152716468
10:0.027792036133616967
problem:0.020341973961976772
about:0.009471309426171842
is:0.0025833906431794607
having:0.02516241723481117
9:0.03423878515024064
told:0.02980980544931856
advice:0.037402471809935084
icon:0.05393263363388244
tree:0.09942829938575244
under:0.04667929667510845
s:0.011931466939538815
