some:0.0075324959686022845
since:0.012908526602604395
at:0.005683645241641491
preferably:0.03398960918721065
help:0.013807049806721271
send:0.018924820134685306
fields:0.031668557867034465
thanks:0.012860558999459116
graphics:0.04540311535664157
text:0.04666533849333635
with:0.011319239550765433
operations:0.03007301194986418
into:0.0115535735676283
such:0.037219687809054165
nicholas:0.1506004443171242
drawing:0.030601509514173127
creation:0.029289003190077146
to:0.0008891607484456973
london:0.03278017075950501
young:0.07265913923369394
animal:0.03267081877038389
mail:0.01976977745055391
that:0.004476188715283572
technical:0.024753208018834193
motif:0.030331850619473372
could:0.00973618809887779
me:0.01398178942457477
effort:0.026208754107927116
anyone:0.010792998384783169
this:0.0033869834733639935
on:0.003271024678963161
you:0.0035857999316691734
am:0.010544105527105585
e.g:0.026188872388330942
more:0.00820270339239178
a:0.0018019408075437356
want:0.012210309469110848
price:0.020194478721573955
labels:0.03866421161813532
as:0.010324053680219592
objects:0.06051366203900973
also:0.009570949236642364
stuff:0.018860751952733044
product:0.025747728533848765
are:0.008295630730338394
complex:0.029006405624539128
it:0.006635911543354296
not:0.0038897419908126766
should:0.010598788014409546
pd:0.035152588695797383
have:0.006596782105131004
opportunity:0.02968615088684768
sufficient:0.029517691893275515
licensing:0.0382650154651154
ideally:0.0382650154651154
details:0.024611754079292482
uses:0.022032226644106045
without:0.014498132160016096
be:0.007464016221128662
sort:0.020241685855877614
entities:0.0382650154651154
things:0.0144175866331629
if:0.004323551095247802
of:0.003763366172240103
looking:0.016734744163913833
but:0.004292149820970388
version:0.02013206843655216
fairly:0.025317461601599266
street:0.02572921600205552
pex:0.0424838958999971
lines:0.02279472338254527
rectangle:0.04134911740668314
please:0.02471503686329361
must:0.029902715193283833
in:0.0011463206573838094
extension:0.03267081877038389
required:0.02414697710000625
71:0.03278017075950501
moving:0.027361171494460206
or:0.008700793002620456
and:0.004926418251494063
for:0.010495124610066903
subject:0.00034447686312281674
editor:0.05957875779106879
i:0.0036948136886205472
44:0.029321180877245136
info:0.019002551350918693
limited:0.025045774599340383
any:0.006601853330895531
allow:0.022621126912094145
persons:0.03130753429511159
the:0.0014588767935271995
do:0.004634309154235463
see:0.011415392009104361
put:0.016048124513205028
simple:0.021285087464233812
an:0.011585782433054668
68:0.03507342680810826
including:0.041031841374583614
is:0.00173337178639138
either:0.016152017465247474
object:0.027290143846019115
entry:0.0322004525071059
9:0.022973120358871137
selection:0.034192294324200186
does:0.007861218157016292
run:0.01726989953798319
runs:0.024205100131892483
x:0.019646193480942594
under:0.015660151142617026
widgets:0.07095864491183676
included:0.02414697710000625
especially:0.020163198112886076
