creating:0.14395119153361366
into:0.05267070302889371
france:0.1507235744478217
client:0.14725936751675162
file:0.26810169551103613
on:0.014912024271743821
28:0.13007545303672785
a:0.024644190456112856
88:0.14725936751675162
are:0.018909158282388986
which:0.03799683330933876
looking:0.07629074545313659
macintosh:0.1381060566384582
62:0.17058968043195538
or:0.019832689932443685
bitmap:0.15650917133741155
use:0.048905280227863175
for:0.019138168406592587
subject:0.0007852046144711264
20:0.09249506907075353
can:0.025428411542285687
gif:0.27553206490038257
x:0.08956352910429713
convert:0.1258405880940688
33:0.13564681722548372
