ask:0.019826956356165763
out:0.008014810197826258
correct:0.044519965172536716
800:0.03265085228300535
thanks:0.013560453366776618
with:0.003978417529180594
height:0.03650179311593759
o:0.0714485506897935
from:0.005758994928096432
ext:0.07430032337207008
my:0.012928085188167364
to:0.0018751008980827629
line:0.038419098623210725
then:0.010856328910039476
calculate:0.04048489866945854
h:0.0480705050924424
t:0.14020533632655466
100:0.04596615100450437
that:0.0023598954111188897
nt:0.014573031667804865
me:0.022114054702133564
re:0.0025438129440691873
finger:0.03384738742901667
ti:0.025773204464297025
md:0.06811997953155857
wan:0.037235731633020484
you:0.0037809455061817814
used:0.013431724546509288
size:0.024495762837182772
why:0.012106956327578274
prove:0.02671359414907209
a:0.0038000112267929115
how:0.008948047600198124
dose:0.04106420348810009
sorry:0.021615079488017854
below:0.025250842945836
as:0.00544295347086407
question:0.029700490929892576
advance:0.021520416439977208
pixmap:0.12274406134759057
no:0.007658134259744965
301:0.15072204923311192
silver:0.07086219611280813
not:0.008202857259536936
only:0.009071675090267255
45:0.06136573618034916
u.s.a:0.06984449253345168
500:0.02836583085271796
integer:0.04121708005852225
found:0.018194017042564608
writes:0.004498383612364369
ave:0.0711289780364595
if:0.004558846392948362
but:0.004525736205785103
please:0.02606007288306469
degrees:0.0343918956444829
email:0.037331954543781506
in:0.003626116365193683
comp.windows.x:0.04382246952965223
or:0.013761458320471128
and:0.0025972613230665974
p2:0.09068090574385151
for:0.002213257570830435
subject:0.00018161195164638296
300:0.11318423497094834
i:0.0077917839691997925
the:0.002051028598609668
do:0.024432582275731182
see:0.012036637832729088
can:0.005881401309100091
draw:0.02872584718914206
is:0.0018277049448344482
new:0.023455776392973426
right:0.013196419005376187
window:0.04744207812006995
created:0.07751214466295961
art:0.031374093780043855
faq:0.026408809951685437
article:0.005512468573582319
p1:0.04658073557120437
spring:0.06478498010253836
function:0.0559591921026865
give:0.01607643722010889
