help:0.2140092720041797
user:0.37816434835930157
from:0.08465722544301757
mail:0.3064315504835856
internet:0.28565339431146064
vax:0.5931077397092887
received:0.38692907906517715
in:0.017767970189449048
and:0.019089870724539493
subject:0.00266969568920183
