ask:0.02449212255761653
out:0.009900647891432435
correct:0.027497625547743265
800:0.04033340576135955
thanks:0.016751148276606412
with:0.004914515771340734
height:0.045090450319687614
o:0.029419991460503205
from:0.007114052558236769
ext:0.045891376200396225
my:0.007984993792691608
to:0.002316301109396354
line:0.04745888653455443
then:0.013410759241813472
calculate:0.05001075717991938
h:0.02969060608650854
t:0.12989612042019036
100:0.08517257392011104
that:0.002915164919617452
nt:0.018001980295523662
me:0.027317361690870876
finger:0.04181147858878529
md:0.04207410500478618
wan:0.045997080252554716
you:0.004670579742930435
used:0.016592130322158533
size:0.030259471740049306
why:0.01495565193406728
prove:0.03299914571355964
a:0.004694131515450067
how:0.011053470564950624
dose:0.05072636901471188
below:0.03119221775662094
as:0.006723648405185028
question:0.036688841736926124
advance:0.026584043837618903
pixmap:0.15162501695878836
no:0.009460048203214368
301:0.09309303040868677
silver:0.04376782701085208
not:0.010132941320604452
only:0.011206186876212491
45:0.03790236646433331
u.s.a:0.043139245388308385
500:0.03504014399453395
integer:0.050915216542880434
found:0.022474962229050398
ave:0.043932604081342634
if:0.005631516132465624
but:0.005590615313028657
please:0.01609592736895172
degrees:0.04248410638436124
email:0.02305797192410034
in:0.002986213477218327
or:0.01699944851352316
and:0.0032083816343763854
p2:0.11201758944828717
for:0.0027340240580846554
subject:0.00022434417556317895
300:0.10486186475249626
i:0.009625144903129157
the:0.00190021767224131
do:0.030181425164138517
can:0.007265260440653053
draw:0.03548487005717548
is:0.002257753167148436
new:0.01448739130154241
right:0.016301458771347054
window:0.05860492003067465
created:0.09575029634836188
art:0.03875623349299535
faq:0.03262264758737613
p1:0.05754090864678186
spring:0.040014252416273696
function:0.06912606083273039
give:0.019859128330722745
