xt:0.028902330981970013
all:0.005390213732464922
fax:0.01728047084679881
with:0.003304109473387273
much:0.019742337509151768
setting:0.02430416303594693
into:0.010117536175041731
wrote:0.014551271043462492
to:0.0031145743730866234
intrinsics:0.03868569564388159
that:0.003919826276095783
arrived:0.02982345881950959
its:0.011682624610362543
me:0.018365909837365163
re:0.002112658207786274
exactly:0.018171653408316432
greatly:0.0220504471740147
file:0.017166586906544684
phone:0.016595181504008863
this:0.005932004953349368
child:0.04480637989538298
two:0.010535533517815318
slower:0.027611713813106058
on:0.005728913279539999
why:0.010054929831378567
bryan:0.05988480926837321
a:0.003944926909170607
was:0.005002605277408958
gary:0.09592493657678323
timing:0.03106946316761214
button:0.05373450923489998
shell:0.08168169290974164
display:0.020825544728449025
place:0.015363997837945908
it:0.009685181631072654
not:0.003406271234892457
application:0.04169907014482405
received:0.02186039994718515
components:0.027493596949720103
try:0.013764913403070015
only:0.0075341030410694156
picked:0.026972859888705094
ve:0.010311489825013754
always:0.015011051401122641
connection:0.024326362347471733
quit:0.028423254503664494
without:0.0126961044339124
dialog:0.06354342030898222
writes:0.007471891423927258
get:0.007425841668311425
if:0.007572321127270161
of:0.001098534381727337
seen:0.014646694297301428
2nd:0.02467026469259617
never:0.012451634072665878
up:0.03036068633564711
box:0.035802700685950366
email:0.015502252310553338
in:0.003011520371093059
feature:0.02669551745821626
responding:0.030063908618485836
and:0.001078523769747994
pop:0.02982345881950959
4th:0.02875429497974389
for:0.0036762583379895365
subject:0.00015083026492665705
i:0.002157047539495988
phillips:0.03491264834119428
44:0.05135348063246323
faster:0.022035599024826734
similar:0.017879990326930516
information:0.013778651324767034
creates:0.030924590678271253
program:0.01568719453324336
event:0.02346181326664956
phones:0.027981645617510053
the:0.007665284847346302
waiting:0.024717741589750857
when:0.0073879912025069825
got:0.024996088380006488
thinks:0.025592623861464665
because:0.019940364959260045
correctly:0.024623183440849596
an:0.0050728708393318455
press:0.040535032325058375
is:0.010625471119969759
right:0.021919475636048583
time:0.03569514056279579
window:0.03940104793022759
request:0.022035599024826734
x:0.034408587452498335
slow:0.023200723757298536
first:0.010607654403339216
waited:0.031527799578981455
article:0.009156303732390972
behaviour:0.029882618705765494
already:0.01641687187173645
81:0.05831603588018998
close:0.01963227805746068
respond:0.02284750140147179
by:0.0055956806486845544
unclear:0.03350891184798241
sometimes:0.01979947075885791
strange:0.024838209213868492
3rd:0.02493646764726888
