there:0.010312123433451094
posting:0.11120860304346879
thanks:0.022397602751867
someone:0.024757956344528313
my:0.010676564734048329
to:0.003097076764249058
appreciate:0.043137228487803304
that:0.0038978047801626605
technical:0.04310951958336292
really:0.021925794867313775
nt:0.008023354513735264
and/or:0.04540429243981989
me:0.012175153712410614
had:0.017240544782945337
this:0.005898679082824932
you:0.006244932465266538
a:0.004707317278133916
was:0.019898003013514284
d:0.02047015980198916
it:0.011556924597976583
have:0.00574438891177138
systems:0.06742510382657552
has:0.011963758133556752
if:0.015059559994683355
of:0.004369451361027835
jeremy:0.27773207893893875
chance:0.04039390480913038
one:0.01104843716601823
email:0.030830322010875738
in:0.0019964011448819156
system:0.02511485763193848
message:0.036486740320895744
and:0.004289858589784155
few:0.025681207875351532
subject:0.0002999658077754865
i:0.00857971717956831
group:0.030304673424793763
ago:0.032147929498479146
research:0.06937823551768038
unfortunately:0.04136958517781974
the:0.0025407404831091674
do:0.008070987852881985
see:0.019880738892260406
would:0.010479209506790743
conference:0.04896970189921773
forward:0.048602780966925
trusted:0.1319732244712115
address:0.07174879447041822
division:0.08904645878922096
days:0.033463512635395196
virginia:0.05483433451978792
1:0.044011772852240644
wanted:0.034215280781416876
x:0.1710764039070844
before:0.023889823227220722
by:0.011128488481091754
security:0.08341289692219982
s:0.013942388333843108
