traffic:0.03871717045474249
tel:0.03597741663095909
50:0.030541445036534786
fax:0.0270676401759592
with:0.005175463511411923
much:0.01546191919964541
from:0.02247536958664183
added:0.037023169794348776
my:0.016817951527969933
to:0.0036589358232499932
near:0.031900670597181637
death:0.029693950301207275
view:0.030135829670660457
r:0.027435573156894957
through:0.020968701717033866
me:0.019178560715124686
re:0.00330920798918735
articles:0.03727335062566077
this:0.013937586859418203
getting:0.024001783824997222
amount:0.032906345235635646
posts:0.03560192453246612
recently:0.029285943049448575
on:0.004486803763179557
subjects:0.047688080586438274
am:0.01446315359912713
them:0.012972205057807442
m:0.012113404532000637
lucky:0.04213890298704929
patrick:0.040580575491090724
far:0.022029894443552227
l:0.02924743875002976
49:0.08806311419584867
it:0.009102356541769167
feed:0.04409989378902089
couple:0.02792913092614618
ve:0.01615162565511004
after:0.017072687501459745
b:0.02708768448242692
june:0.04067324186159776
list:0.05153324950303681
univ:0.08220536940274703
writes:0.0058518795665271
get:0.011631628099921435
if:0.005930534688171764
of:0.003441426293198914
gotten:0.038139034635340824
mailing:0.03905977675722648
seen:0.04588433434729828
up:0.011889029826127297
in:0.0031447734848582386
point:0.019482619126195228
or:0.011934716065541333
and:0.0016893690906672118
few:0.020226792043418464
subject:0.00023625625568157783
scan:0.04635336474807913
i:0.011825583634670482
group:0.047736565217816725
rainer:0.11654874096459382
the:0.00266815224774886
can:0.007651026481749676
last:0.019293473912030953
mahan:0.11461601013335501
just:0.02078563829143161
newsgroup:0.03401914903163141
address:0.02825505622950098
about:0.008716957347981164
is:0.009510535465156244
new:0.015256633317553512
right:0.017167022953896455
days:0.026356217916373208
time:0.027955928670862187
keep:0.023446146762176292
too:0.017278919184641563
dead:0.03036532862664722
article:0.007171087436430097
very:0.015426924706048206
side:0.028498797155497285
