there:0.0367111594230859
all:0.03816271322585165
mail:0.12257262019343423
m:0.054752588484642886
a:0.011172033006771161
looking:0.10375541381626575
in:0.007107188075779619
yellow:0.22674852530501582
for:0.01301395451648296
subject:0.001067878275680732
i:0.007635948289815797
we:0.0539097562285588
the:0.003015012039956212
hello:0.15477163162607085
andreas:1.5381871675286127
an:0.035915925542469467
is:0.010746905075626556
x:0.1218063995818441
live:0.12386753095790635
