library:0.026840439690392178
read:0.014532070909602061
ability:0.025694164522169407
pixel:0.06302367586363881
stopped:0.02888180976166484
gnu:0.038416364107762654
where:0.011842671783549754
versions:0.028464250132363804
with:0.0037488934409586365
much:0.011199979933076483
missing:0.02767722732941826
france:0.03285000981555088
work:0.012981233743527587
options:0.02900628467100523
added:0.053636130599505276
mono:0.03869511482532508
to:0.006184227000407575
colors:0.08769032064967394
visual:0.06570001963110177
value:0.023934953972799152
export.lcs.mit.edu:0.03729326097298643
depend:0.03285000981555088
compressed:0.03477089612002843
t:0.0660582834615498
format:0.025769580173320605
that:0.002223747598938954
nt:0.004577426613605375
location:0.029428378041502584
updated:0.03296551305595267
so:0.006550067931954616
file:0.019477473605502622
fixed:0.11627776166973917
generation:0.029737780227206648
contrib:0.03977893745381184
directory:0.05404460626705636
on:0.00325005657204673
set:0.016983426821320008
none:0.023221219438598038
specified:0.033576475747006035
bugs:0.03251548575676518
a:0.002685584857396914
j:0.01957774781749271
was:0.0056760329109063175
as:0.010257873848936134
target:0.030725925610714716
related:0.024706019138661342
standard:0.01951310602860408
bull:0.07172570718553428
jason:0.05846021376644929
ie:0.026818065299752638
pixmap:0.03855422439764063
files:0.021213535670433905
annoying:0.03338699624545767
manual:0.025189726903094633
daniel:0.027426794841014995
z:0.03199403935000907
it:0.0021977912162818715
color:0.094734156579574
attributes:0.0382814063564945
minor:0.0557170791952286
copyright:0.0658150025795987
which:0.008281361105881523
of:0.0024928280200735725
vms:0.07529241652524245
available:0.017314511716757883
but:0.0042646360400667325
conditions:0.029069440417434794
defines:0.07136454209621766
corrected:0.03653824151365064
now:0.03176758457458162
in:0.004555889792166422
required:0.02399218878526262
x11r4:0.03674504191248539
use:0.02131768625317113
and:0.0024474193236589093
for:0.0062567089021552695
monochrome:0.03898654030017609
subject:0.00017113433905139932
grey:0.03516917676815026
faster:0.025001929662784177
cells:0.03500688312722532
license:0.029989195055112296
top:0.02167712965491869
possible:0.016519048865157576
research:0.01979058641369729
the:0.0028990500384194345
see:0.011342216419302411
svr4:0.03801972690444158
did:0.010537891304121572
handles:0.035593852316491294
mask:0.03439592043617196
is:0.003444520857572614
recent:0.024346763387724492
new:0.011051279262074018
demonstrate:0.03469412566460076
le:0.03439592043617196
smith:0.02524191381068245
before:0.013629450430914387
close:0.022275084719041924
by:0.00634894535139209
bug:0.09539035538335888
attribute:0.07683272821552531
include:0.02154822611054232
s:0.011931466939538815
specify:0.033576475747006035
