at:0.01797887780519247
know:0.025181125013434728
allows:0.08434027316624823
switch:0.08677782493898317
to:0.0028126513471241443
look:0.14517357087403535
that:0.007079686233356669
motif:0.09594769073506883
re:0.0076314388322075615
anyone:0.034141117339620226
olit:0.46166420262410124
on:0.010347118882434487
you:0.011342836518545342
support:0.05589706754150012
steve:0.06545211932315075
internet:0.05829661108397155
only:0.027215025270801763
between:0.09481085085903695
open:0.13489635015319848
netcom.com:0.13138919080494443
sun:0.07405086334895594
writes:0.013495150837093108
applications:0.07959798015090473
gives:0.07421478522032868
available:0.05512375158804551
in:0.003626116365193683
thomas:0.07518377579651224
and:0.011687675953799688
subject:0.0005448358549391489
the:0.0015382714489572508
can:0.017644203927300272
developers:0.11872956554665068
toolkit:0.11196717501696818
is:0.005483114834503345
does:0.04973423731989898
build:0.07615577679629294
article:0.016537405720746957
difference:0.06545211932315075
while:0.044292704201602494
