since:0.013250474327176697
go:0.012883657296649849
at:0.0058342053804929205
there:0.006078006527000976
know:0.008171358448068223
x11r5:0.09587722978224057
startup:0.035842937772700124
way:0.01147266767911618
remove:0.029259274073110134
my:0.0062928096776841145
to:0.004563573377784208
fails:0.03170102382233592
boot:0.032507460062187694
relevant:0.029774787230487182
that:0.006892144876181659
anything:0.015372457949135124
re:0.002476427170716361
started:0.04343370696674047
sunos:0.03353627092324175
anyone:0.01107890562676418
ps:0.02983816107827626
uk:0.028620129037475406
this:0.006953409779753894
reply:0.02378275840632546
getting:0.017961599816057525
two:0.012349598891743785
these:0.010971099159595647
on:0.0067153486786660915
them:0.019415353265327694
xterm:0.034688279579688355
m:0.009064998093483921
more:0.008419993548481629
a:0.0018496743388693973
lists:0.0313718869445063
below:0.02458194644395955
as:0.005298769272960387
old:0.01753584822743261
running:0.020049406704945046
question:0.014456861479119896
occasional:0.038892771450125235
starts:0.029618956121810397
output:0.02706859727770941
are:0.012773073806646865
mwm:0.03983085434458237
pain:0.02931788079679876
it:0.002270565759867364
not:0.003992781513748112
deleted:0.023267413887406205
have:0.003385765649984456
color:0.024467762295386664
thereby:0.038071230730456505
suspect:0.02570923882713748
messages:0.1738426593928173
real:0.0169377076423725
after:0.012776249587185108
has:0.007051486582030139
screen:0.024757001126530117
which:0.008555578361043164
get:0.008704463412523988
of:0.003863057991372291
sit:0.030832546997882637
seen:0.01716864165975068
looking:0.01717804864507711
easy:0.02194491102158151
please:0.012684869913279833
they:0.00617827565899168
commands:0.03204737812301705
in:0.002353373535026364
fully:0.027799029833627784
use:0.011011784951969193
and:0.005056919397229005
gets:0.022101432731078174
for:0.002154628231205788
subject:0.00017680103901998871
i:0.005056919397229005
plain:0.030131096541698946
we:0.026776368987694768
any:0.013553473725679567
the:0.004991741788006974
when:0.008660095647971761
can:0.005725602598925254
maybe:0.01753584822743261
rid:0.030578501515283654
an:0.01783903586546497
problem:0.014010366172487312
during:0.019393175561605764
btw:0.02484629483737308
here:0.011923184805452954
ltd:0.035687106664023346
middle:0.02660331321285154
arrive:0.03927865825889329
general:0.019526028894619546
is:0.008896444599028606
refresh:0.03968842914444354
else:0.03346426788527228
time:0.01046033092651466
window:0.02309266716440491
run:0.017727380320446323
x:0.040333244894650365
e-mail:0.01820990580564415
before:0.014080756736573804
by:0.006559175329915007
