all:0.014030409274210164
chris:0.05642275357234265
thanks:0.02931450948406122
ever:0.03887385377690971
specifically:0.05951533311405384
with:0.008600402599846284
from:0.012449591976914347
upgraded:0.08185932769860262
mono:0.08877114577574578
to:0.00405352694144362
r5:0.17058968043195538
been:0.021577064517962343
servers:0.15495263011816618
ps:0.0662582694532311
this:0.015440659952100559
on:0.007456012135871911
concerns:0.07386498289582347
concerned:0.05920572415526219
8:0.086837978893349
vs:0.050244293309755036
m:0.020129628119354002
want:0.05566464610918181
old:0.03893989826974006
related:0.05667851449457602
have:0.015036782739636849
only:0.01961082703337186
ve:0.0536804029125716
real:0.03761167432350364
heard:0.0397448141091158
of:0.002859420375966745
one:0.014460454526112094
or:0.009916344966221843
and:0.0028073339300793373
risc:0.08782204987666385
subject:0.0003926023072355632
i:0.016844003580476025
any:0.01504834215130599
will:0.016666255072107124
the:0.002216920617614862
do:0.02112699761489696
colour:0.07778269869000724
apps:0.07778269869000724
planes:0.08087198500981395
an:0.013204384390613775
people:0.02213636970695761
about:0.014485532063556935
unit:0.06309030614116788
architecture:0.08291776151661863
run:0.03936521218216757
1:0.057603643880138486
already:0.04273215178378458
aside:0.0664003563784037
