some:0.01490472606553218
24:0.015587590420716854
ask:0.012402393975984543
pixel:0.020918496669633312
at:0.003748787287040132
all:0.004059863109133154
default:0.020424150151496963
static:0.09729303859533518
your:0.005361413711409628
though:0.01057678383664119
o:0.10428448036850711
bits:0.018763312336028907
colormap:0.051186885157718624
to:0.004105274093887582
clients:0.09094962948409818
visual:0.10903407513246677
most:0.023701218688940907
cases:0.015658662121218688
client:0.021305610619444915
make:0.0074897041844668244
guy:0.028819836144245697
problems:0.011672652067624566
motif:0.020006114238376053
bit:0.034788308911349354
like:0.00991182181709509
really:0.008303811673152877
conversion:0.02137369717836594
suppose:0.01640059142821774
could:0.0064217410864938615
bytes:0.021844979579611484
re:0.0031824723640695367
server:0.06812695736421505
avoid:0.016454253162651488
error:0.01602322620924255
this:0.008935871291428409
these:0.007049514779144437
big:0.011811832144117265
on:0.0021574843627203827
you:0.007095306247770917
brain:0.018763312336028907
e.g:0.01727351157528211
inside:0.015974704370528454
8:0.03769137807285786
3:0.019927369741596763
m:0.011649486911626145
more:0.010820587453793412
sure:0.009285293702805121
a:0.0035655424489695192
running:0.012882810265730646
standard:0.012953381023243562
given:0.011862925783750132
equipment:0.017170033670385488
also:0.006312753751827943
stuff:0.02488014087381806
introduce:0.0249906744211443
are:0.005471586226393409
furthermore:0.020918496669633312
no:0.00479040738801068
d:0.007752528605859726
it:0.002917918550978485
not:0.007696723513735721
should:0.02097206990085293
have:0.004351069048065131
being:0.008280016723085737
only:0.011349244581015204
machines:0.016791261850571455
color:0.03144367750300754
strongly:0.019859364552966823
has:0.004530955208027877
screen:0.01590769008555765
writing:0.017031739341053762
be:0.007384611793244314
24bit:0.026083099301347768
floating:0.024323259648833796
writes:0.0028138825149683503
get:0.005593080745919669
if:0.005703407827773696
of:0.0033096269883529984
even:0.007145359352195854
what:0.003916774906368644
but:0.005661984870216258
least:0.01024537184130418
huge:0.01828903386400626
present:0.030846810917696203
they:0.003969870742586143
limitations:0.02446279080978269
accept:0.015200476470905248
in:0.0037804191892444783
24-bit:0.050143461139911534
or:0.0028694104583110013
rather:0.010950994267714313
and:0.0008123349244484891
for:0.0013844632464343574
subject:0.00011360407188092892
space:0.026021385170324283
andre:0.04637149998169016
i:0.0064986793955879125
acceptable:0.019694317637923606
translation:0.04036794872082412
lives:0.01656365042524811
actually:0.010401336711068446
necessary:0.015339471393538405
will:0.024112879678793286
than:0.006087665030721111
the:0.002565967693579755
see:0.007529301112387984
around:0.010073167800653768
would:0.007937443796632988
apps:0.022507334089023372
because:0.007509456591040485
rgb:0.02293086428198947
an:0.007641686285631802
problem:0.018004810996132634
just:0.004997398142408026
many:0.007885961819481249
is:0.0022865755480056503
write:0.013847548616968143
hardware:0.030210052116379164
2:0.008291104477001739
run:0.022781569603296976
1:0.008334144220956206
x:0.07774876569053878
beck:0.07650578043588478
terms:0.016379314788146655
article:0.0034482250226238343
wide:0.018305688754734494
three:0.012419097899882863
pixels:0.02439245335467116
