know:0.07258088974460598
thanks:0.11725803793624488
where:0.10867392930786833
client:0.29451873503350323
advance:0.18608830686333233
it:0.02016796645529247
anybody:0.17879971440662912
get:0.07731611619359544
archie:0.3500753002594357
in:0.010451747170264146
subject:0.0015704092289422528
i:0.01122933572031735
program:0.16333137837553383
can:0.05085682308457137
needs:0.19702038603937333
an:0.0528175375624551
does:0.07167581260808972
