some:0.01577752533963992
help:0.028920171892456718
tel:0.054938487558086176
all:0.012892808522247178
x11r5:0.06521379142846094
50:0.04663761201524907
fax:0.04133301810653229
setting:0.05813293050490009
someone:0.02977646100895973
from:0.01144016560040778
to:0.0018624312974200418
r:0.04189486171255581
through:0.03201977424357874
me:0.014643090275737092
re:0.005053250037542845
file:0.041060620033221744
installing:0.07133448933855673
you:0.007510797154171917
pointers:0.07161899486825715
suggest:0.04961351087986646
openwindows:0.14898289357391087
a:0.0018871677376302637
49:0.1344747554612284
it:0.004633181482972594
not:0.00814743254832385
ve:0.02466396890577614
after:0.02607045523871556
b:0.04136362630424651
mit:0.06925137204359376
june:0.06210913959946685
univ:0.12552982084473532
sun:0.09806735957023896
writes:0.008935978256994086
get:0.01776181047690706
but:0.008990313814194734
please:0.025883991309530473
find:0.02860063159018095
up:0.01815486986962682
imake:0.3625733073833451
in:0.00720323115788475
subject:0.000360769687729977
i:0.007739136780218714
any:0.013828206301200099
rainer:0.17797307741890678
the:0.0010185851486338555
can:0.035049972666393786
address:0.043146234512616365
paul:0.08851412138132587
is:0.003630711174198161
broken:0.06069246309520225
new:0.02329729141734523
byte:0.0729790425139286
article:0.010950444328602716
give:0.031935625288594685
documentation:0.0605016809121511
needed:0.04507868500183813
checked:0.06082116419670571
s:0.01676854813124374
