root:0.040968124860063224
some:0.009492169716531336
at:0.0035811585872131345
all:0.007756649029644644
default:0.03902175028944542
static:0.11617817108690938
tried:0.012592943305027119
case:0.010047199623198194
ever:0.010745618117194556
with:0.009509388240480445
much:0.007102426299024112
though:0.020207676435859186
work:0.008232001886139447
ship:0.020831713541568857
both:0.009128878383366823
colormap:0.04889804069944666
to:0.0050421920491127955
encountered:0.02268463628243788
clients:0.17376555226636647
visual:0.14582199479098198
most:0.0075471360323863335
writers:0.02214898881239266
t:0.0209453093902475
calls:0.016293860428692797
class:0.016130771023044728
client:0.040705841427394765
that:0.004230544212615571
problems:0.022301408421884338
like:0.014202915408642356
really:0.007932503021101326
depth:0.021374524080692934
nt:0.008708275021005348
dynamic:0.04481599237589189
bytes:0.020868171549628858
need:0.007809764193078197
re:0.0015200833446267097
server:0.048810472501800414
so:0.004153701615385854
had:0.006237432868626567
error:0.03061348096887804
this:0.006402224858188037
these:0.013468585147145877
on:0.002061011484712561
you:0.004518690970802617
assume:0.01411174209467145
3:0.01903630849298878
m:0.011128574895252619
sure:0.008870097642923593
a:0.002838423020012998
other:0.005606943039967118
as:0.003252496586248043
following:0.01112729379284456
equipment:0.016402267937156868
introduce:0.023873205239711023
logic:0.016881060765028343
are:0.0052269218016359805
deep:0.018495103974782687
it:0.005574885036422309
not:0.0024508536933982314
dsd.es.com:0.05293411294590105
expose:0.024110070719889787
have:0.002078254524990459
only:0.005420879017354824
color:0.030037659403279564
classes:0.0210940652535102
has:0.004328351519864029
throwing:0.02068906590005963
bother:0.03728134171132725
writing:0.01627015750060014
be:0.007054405574847211
24bit:0.02491678185291352
outright:0.023506737365750464
writes:0.002688058500071392
were:0.00630611096533455
if:0.005448377396450483
even:0.006825851413683032
but:0.005408806684962686
associated:0.018495103974782687
huge:0.017471231536753947
present:0.014733740987110992
they:0.007584712394371901
in:0.0036113760547660666
24-bit:0.047901273853167524
clearly:0.01477443242448945
or:0.002741103486597908
and:0.0007760110050625811
for:0.003967669059903342
subject:0.00010852421500820447
space:0.024857827296854502
i:0.0031040440202503242
acceptable:0.018813677418341657
we:0.010957267526129839
translation:0.01928143892153185
lives:0.01582299938997279
actually:0.0099362362890288
will:0.013820796889064443
assumed:0.019866964816747042
than:0.0058154523667457774
the:0.0033704402885689363
do:0.008759974620810936
thing:0.009202977378556736
see:0.007192625046386895
start:0.011453504422286638
would:0.011373776172004586
because:0.0071736678816850166
did:0.006682565217247827
correctly:0.017716680768416173
once:0.01090663087367848
rgb:0.02190550043198181
an:0.010949977299533375
just:0.014321811749583975
many:0.01506667502096011
paul:0.013313099557353892
is:0.004368660599848194
right:0.007885665015407722
hardware:0.028859196127435382
window:0.02834953448638327
easier:0.01697834843255529
does:0.004953206562347664
2:0.007920364032908167
their:0.006153185441389082
run:0.010881440765802419
1:0.015922958470932592
x:0.04951479657798541
change:0.012081337837034503
terms:0.01564690640331083
article:0.003294036098847972
written:0.014567150156325651
wide:0.017487141696595963
three:0.011863772384034443
pixels:0.02330173389572245
supported:0.017767600523778692
check:0.013452486034909308
main:0.015115516307426132
s:0.0025220987026667416
