perform:0.18622858386721114
at:0.035238600498177244
to:0.011025593280726647
terminal:0.19096784801203207
package:0.15549052132224808
anyone:0.06691658998565565
xterm:0.20951720866131765
a:0.011172033006771161
has:0.04259097895546204
seen:0.10369859562489411
and:0.007635948289815797
subject:0.001067878275680732
graham:0.1949314841178013
source:0.12477071846799298
connect:0.18384305321442188
got:0.17697230573044592
return:0.14761470831267715
an:0.035915925542469467
ready:0.16861917155321585
cactus.org:0.7415446507669664
