ability:0.06103994414403697
cs.rochester.edu:0.06273643407503945
help:0.010863414822547192
returned:0.024108376658448075
allows:0.04195607497610318
fax:0.015526108324281163
widget:0.05115816606891143
with:0.00593733377451317
way:0.008793770657596666
further:0.018009311680616175
operations:0.023661506864106334
from:0.0042973210884780485
r4:0.030755892226410005
located:0.02480849413664859
mono:0.030641816815993466
to:0.004897154375957267
r5:0.02944187378013443
displays:0.051758053544749064
been:0.00744792074731695
expand:0.027354076681561038
that:0.0017609371849465828
directories:0.05770779004224731
nt:0.003624764221941312
so:0.005186855824288934
file:0.015423786205372634
this:0.005329770947933188
2.0:0.02380613608133631
on:0.010294595436330758
you:0.005642629334098699
x11:0.05413442534014398
them:0.007440909500163659
a:0.002835541372276944
other:0.014003126780019397
as:0.016245972796284636
following:0.013894996309846504
part:0.012432599555397345
local:0.0155146368117561
science:0.0171656458181082
features:0.04391520310717081
anywhere:0.02145344824799219
computer:0.013607628960230026
files:0.033597071721702426
results:0.055783001251803965
those:0.009420891646129746
internet:0.029000344600148283
improvements:0.030209543677210182
supplied:0.02798155869154671
not:0.0030604568963246946
ftp:0.05776700934957983
uucp:0.021490500544853162
machines:0.02003018545626544
university:0.011930660414206363
color:0.018754477698494344
completely:0.018258850949438934
real:0.012982709918772829
allowed:0.019450930091963813
retrieve:0.032372408628026934
has:0.005404946567952035
provides:0.02242715931492198
follows:0.02179707775444575
sites:0.02312098158287562
tested:0.02404647171888554
sort:0.015926199531274263
dept:0.020828972032191872
of:0.007896064388456392
interface:0.064305069088384
available:0.04113295169260249
rutgers:0.02706721267007199
version:0.015839952323175557
print:0.02231656360839961
variety:0.023718865012603455
using:0.022379904351725082
well:0.008542476701286014
please:0.009722920593427688
virtual:0.025065104690774637
archie:0.12083817470884073
they:0.004735632611714434
accept:0.018132548074430117
now:0.008385352273493626
george:0.060644378361246205
in:0.0018038548415684312
resources:0.022404846566327876
system:0.011346306239809771
or:0.0034229008005232753
use:0.008440505216991613
and:0.0048451448539440336
for:0.009909102423717989
subject:0.00013551754767521977
i:0.0009690289707888067
rochester:0.08519703290058386
information:0.03713941042361064
the:0.0034435416700007494
do:0.0036462838523172417
major:0.016631614074709603
ny:0.021325854475040196
an:0.009115717142758748
about:0.005000082133613561
is:0.0027276408821387196
implementation:0.025027642217182643
save:0.01838837681432129
query:0.05853363409761739
export:0.02634081244854573
done:0.013444992646805575
new:0.01750253365364007
multiple:0.02179707775444575
break:0.019919830194151705
x:0.015457664921553817
readme:0.02935359082220616
wide:0.021836735316561454
resort:0.028933835919439085
by:0.010055182485453461
online:0.025705466545225906
protocol:0.026639495189778897
announcement:0.023198481441407542
summary:0.021836735316561454
range:0.020302314647155702
include:0.03412713982989443
s:0.003149422745462022
