at:0.012235625172978208
help:0.029723510000580513
tel:0.0564645566569219
where:0.025659122197691134
fax:0.042481157498380405
with:0.00812260245541038
wrote:0.035771874648511955
via:0.04747543581410618
clients:0.07421237128042733
appreciate:0.05332240743631241
mail:0.08511987513432932
could:0.020959849379528574
re:0.005193618094141257
phone:0.04079648786402179
tools:0.12359646822690752
617:0.1446769837303166
these:0.023008832959707536
starting:0.054465583095516905
on:0.014083578478869164
great:0.035017370676842734
inc:0.050847437441727796
particularly:0.055793059654730304
bill:0.17197299309398428
a:0.0019395890636755486
how:0.01826893051707117
commercial:0.057865925003510434
d:0.025303391977458824
ones:0.04711986083856745
ftp:0.0526856520456816
cr:0.1738772628906923
be:0.016068368253818646
of:0.0027005636884130367
least:0.03343975531536781
find:0.029395093578797084
email:0.038109703596776956
offers:0.06277903365809201
use:0.023094160107602055
and:0.007954112801891455
molecular:0.08693863144534615
for:0.009037468414224276
subject:0.0007415821358893971
feedback:0.0769310459627342
i:0.005302741867927637
appreciated:0.04701058498855893
any:0.0426369694287003
the:0.0010468791805403512
would:0.025906934614010446
about:0.013680780282248214
ma:0.05571136007274328
number:0.03475367844996886
x:0.08458777748739173
testing:0.1367533187970252
s:0.0086171705674447
