know:0.02372836780112119
tried:0.05957430871224367
with:0.02249336064575182
way:0.033314861914356605
to:0.007951149000524025
motif:0.09041224703881487
so:0.01965020379586385
this:0.01009581612252729
communicate:0.10931187152233386
set:0.050950280463960024
used:0.03797045208340126
passing:0.18797205172768355
a:0.002685584857396914
richard:0.07184764451497652
handling:0.09280424164819441
far:0.04787265523310388
processes:0.10651990979455506
no:0.021648956465048268
it:0.006593373648845615
pipes:0.1148442190694835
have:0.009831742560531787
between:0.044670497039353954
anybody:0.0584537527867826
of:0.003739242030110359
using:0.0847854068709585
up:0.025835776352930474
in:0.006833834688249634
message:0.12489691879075852
and:0.003671128985488364
subject:0.000513403017154198
i:0.007342257970976728
event:0.07986040284994178
the:0.004348575057629152
do:0.013813806132817245
moore:0.21744021771133104
named:0.08964070869671055
here:0.03462309433891146
does:0.023432477198798565
luck:0.07928439665218504
function:0.07909616576052805
past:0.06352912397891083
