root:0.03846625463960134
configuration:0.03620789293661705
x11r5:0.1105149747871628
with:0.013392993361592687
from:0.012924767243208787
work:0.015458568427406899
2.1:0.040060920247224754
both:0.01714277925426136
except:0.024613445946593995
geneva.rutgers.edu:0.03815964363406444
to:0.002104120855100505
gcc:0.04625122724124253
r5:0.08855036846849591
export.lcs.mit.edu:0.0444102955098159
that:0.00794438073514069
solaris:0.04642671974677458
re:0.0028545076547951947
charles:0.031421775991861335
fixed:0.034617043550533036
had:0.011713041875436146
this:0.004007499529552817
1024x768:0.08436049296159881
contrib:0.04737033773125685
on:0.019351481879362212
set:0.020224538810121536
distribution:0.033930822145063204
you:0.01697096150866326
used:0.015072240521655463
m:0.010448967268061618
how:0.010040938910145987
want:0.02889462546125468
was:0.01351849059696772
running:0.023110384827837418
standard:0.02323698122490257
copy:0.026081007214223986
product:0.030464869639286705
brian:0.028519675685334187
d:0.01390720780440485
not:0.004602366477679121
choose:0.030334377781582125
have:0.0039026764362416247
ve:0.013932318313186521
whether:0.02181266095329637
per:0.026998665004374176
which:0.009861773530668074
writes:0.005047804511584445
if:0.005115652059262666
of:0.0014842792791277758
monitor:0.028605159084647388
rutgers:0.04070412897713116
but:0.005078497879774124
version:0.0952815452722316
using:0.016827638004923057
one:0.007506190135691774
in:0.002712667204496038
our:0.017021186434964836
installed:0.12230137268259825
and:0.004371726120123548
for:0.002483579106199038
subject:0.00020379356406120838
i:0.004371726120123548
person:0.021413698008197334
will:0.008651185838956368
patches:0.12946822123270094
the:0.004027687839636161
see:0.013506761537489894
can:0.013199480800575775
just:0.02689439458318823
here:0.027487036727074747
is:0.008203744332539356
export:0.11883526837473685
2:0.014873355359506936
trouble:0.029120777727407135
1:0.014950564060493958
23:0.033050928674473665
guess:0.022871429488058422
engineering:0.029517171703993123
resolution:0.06821102282193692
release:0.030334377781582125
before:0.016230490589485835
by:0.007560576143642489
built:0.028187004840265293
s:0.004736154815694796
