thanks:0.049834666122904075
nl:0.13276252273419442
to:0.006890995800454155
track:0.11374488944491352
centre:0.12517046238923887
like:0.058231953175433664
on:0.012675220630982248
cap:0.1450012283671621
openwindows:0.13780917655586755
based:0.07552257529751356
70:0.21509184286813032
not:0.015072750214399123
p.o:0.1151664609922771
of:0.004861014639143467
ga:0.13780917655586755
box:0.07921347526766519
email:0.06859746647419852
comp.windows.x:0.3220951510429439
use:0.0831389763873674
and:0.004772467681134873
subject:0.0006674239223004575
i:0.009544935362269746
info:0.07363488648480994
research:0.07718328701341944
currently:0.08997333754643243
the:0.0037687650499452652
would:0.046632482305218804
can:0.021614149810942836
development:0.09718157582640506
newsgroup:0.09610409601435875
keep:0.06623536460314804
x:0.07612899973865256
