since:0.010475505881694666
at:0.004612382264159325
there:0.004805125578937945
know:0.006460079191928282
all:0.004995119532179535
knows:0.018292991681367724
x11r5:0.02526607626024141
take:0.011129576598616249
modify:0.027975344147595647
own:0.023732886236104665
with:0.0030619234386887297
from:0.004432315468220815
work:0.010602473633457088
post:0.013521349761419794
to:0.005050991686196762
matt:0.10279846009194434
add:0.017990682808647743
r5:0.03036674939626431
enough:0.0127337619211382
speak:0.018771899553080597
sources:0.08061024031862751
control:0.015966671570371852
like:0.012195173439881395
really:0.010216731639743069
nt:0.0037386311608504637
updated:0.02692471223418124
server:0.02095528138820751
so:0.005349793703585969
anyone:0.008758715966708856
this:0.002748599153777063
reply:0.018802076017566203
drag:0.05464007946844777
contrib:0.064979206730834
on:0.002654496467221413
distribution:0.02327192513614283
them:0.0076746553483363405
support:0.043020256170683335
3:0.024517968006676646
m:0.007166569173382577
includes:0.01972646267765628
openwindows:0.028860560535260222
a:0.003655769962948678
shipped:0.029291126494616095
blood:0.02186740164611833
section:0.02151706348493868
are:0.0033660281759226468
d:0.019076902852115555
it:0.0035901092119368793
area:0.03359651355664238
binary:0.05618600615751651
doing:0.014035093744321023
centerline.com:0.033228234769919124
sun:0.07598936762510662
be:0.003028592969306133
if:0.010525922823509046
of:0.003054040610980188
available:0.014141695433582357
looking:0.013580551546631644
what:0.004819068602076603
version:0.06535016979404366
latest:0.0218133329856165
please:0.010028352653954214
email:0.014365961565277178
in:0.005581561316057292
1990:0.08944390304383809
message:0.0170016748092132
and:0.006996287700093007
for:0.010220383128127978
subject:0.00013977464341370836
however:0.012550256042915776
i:0.003997878685767433
example:0.014719157820722015
possible:0.013491998025992578
flash:0.0287921203176301
program:0.01453734781352919
source:0.08165622936386975
micro:0.11871650539529624
than:0.007490059069211839
the:0.006708796423986335
interest:0.019124528778365894
older:0.023131677408584454
maybe:0.013863419279279185
drop:0.04533687598278587
an:0.0047010373746687786
about:0.005157152776554302
3.0:0.04840570238159904
does:0.012759045176309165
nothing:0.013376209431941932
xview:0.0905585805018112
by:0.005185526046163173
says:0.02681703397306354
seem:0.028897513663829717
included:0.058787143201585894
while:0.0340891493069925
summary:0.022522706059490086
main:0.01946815189333418
s:0.006496714982785532
