library:0.020325769862627085
reference:0.018114723606885215
configuration:0.023025407644159387
folks:0.017976775972304744
tel:0.01973518485096299
media:0.019181826168423597
allows:0.020061521287117298
fax:0.014847783203317423
specifically:0.019645838115318743
your:0.006116175835831371
with:0.0028389678484929477
c:0.087877106155353
though:0.012065748551508153
such:0.009335034968290284
o:0.11896530527475326
1992:0.0191550802664286
from:0.00821914810126384
several:0.013681802777026195
via:0.03318671241374412
to:0.006690287184906945
add:0.01668068163326077
graphical:0.028889709244710706
class:0.03852591914241749
been:0.007122526151560384
that:0.0016840030360896932
need:0.00932622325969532
so:0.004960245618373398
file:0.014749931468244703
contact:0.01689355484942023
multimedia:0.05882437639420166
on:0.004922415779022232
you:0.0026980533466442807
machine:0.03158057625557618
support:0.013295904415211193
os:0.046110196133148255
a:0.0033895731209863957
as:0.003884049321441837
following:0.013287933364270687
objects:0.06829818652461049
international:0.01924934281913298
obtained:0.02326817667607522
video:0.06787788724009752
third:0.017731966003242162
files:0.016064619245571305
are:0.009362787110697459
digital:0.020045473771901277
freeware:0.030958080095734492
it:0.008321733731552717
ftp:0.018414402656743083
systems:0.014565131651857332
only:0.006473476884802361
composite:0.02941218819710083
able:0.012803229252964411
classes:0.07557000076257538
has:0.0051688081256628686
regarding:0.01920872024791688
network:0.017832474126357165
tested:0.022995897711749765
list:0.014134119402531939
without:0.010908788761177159
sun:0.05284212093347827
be:0.011232257420145074
interviews:0.1710526744359877
if:0.003253157377492278
of:0.0009438863376977604
interface:0.04099708288159109
available:0.01311196032919529
nec:0.05266271645363529
san:0.01960177394953662
please:0.009298132800510945
code:0.01573064325403736
in:0.002587568474191609
extension:0.09832964872639811
our:0.010824152538739773
system:0.010850593831274392
or:0.003273356590791676
and:0.0064868492753289535
for:0.00789681706097267
subject:0.00012959687811659365
i:0.0009266927536184219
we:0.006542446144242572
toolkits:0.031112199990465467
information:0.011838938274193033
research:0.01498704602202319
will:0.00550148225681206
program:0.013478803069825606
source:0.01514207748397973
currently:0.01747055097988979
later:0.015511708878435452
the:0.002927196155297293
original:0.014981398122686793
workshop:0.03012385554754683
can:0.004196922293386958
operating:0.022311050147381294
announce:0.027021525648082415
anonymous:0.022062053572684443
an:0.008717457655939191
address:0.015499132786085487
environments:0.029303096663838412
audio:0.14447471300780568
dear:0.02333081456362817
changed:0.018346190261327302
interested:0.013966389395218057
is:0.0013042360528673004
new:0.008368929926619159
patch:0.025675842286021804
does:0.005914994244356918
workstations:0.026331358226817644
e-mail:0.026696075501478313
changing:0.02078844063837624
capability:0.023828283831991946
release:0.01929030820090902
laboratories:0.02744391097327479
adds:0.05254644275415261
corporation:0.023055098066574128
supported:0.021217620042959018
built:0.017924745796479385
s:0.003011826606097176
diego:0.02519000025419179
