perform:0.05677700727658876
out:0.014368013403420242
correct:0.0399050907339201
with:0.007132041180360334
from:0.010324051883294825
drawing:0.057844316764595546
oliver:0.07094815502177906
my:0.011587978796710991
to:0.003361461366075197
line:0.06887326216599972
then:0.01946195548507077
calculate:0.0725765866391513
that:0.004230544212615571
asking:0.04372479042241944
me:0.013214496102494448
re:0.009120500067760258
server:0.048810472501800414
finger:0.06067763356177378
you:0.013556072912407851
used:0.0240788232724008
size:0.04391313581787644
a:0.005109161436023396
dose:0.07361509649695992
question:0.053243563008465965
oj:0.08234217011174046
pixmap:0.14669412209833996
not:0.007352561080194694
only:0.01626263705206447
found:0.03261610372264631
writes:0.008064175500214175
if:0.016345132189351446
but:0.008113210027444027
lines:0.043087586881640445
in:0.00433365126571928
or:0.016446620919587446
and:0.004656066030375486
p2:0.08128105575820838
for:0.003967669059903342
subject:0.0003255726450246134
300:0.05072586140466283
i:0.009312132060750973
world.std.com:0.05604971134586033
the:0.0036768439511661124
do:0.008759974620810936
when:0.01594724930297239
can:0.010543487712655042
correctly:0.053150042305248515
jones:0.06049144487725197
draw:0.102992671629363
is:0.00655299089977229
window:0.0850486034591498
does:0.014859619687042991
created:0.0926364655728054
x:0.03713609743348906
faq:0.047342622718265365
article:0.009882108296543915
p1:0.08350448937764686
function:0.10031708828164533
answer:0.03702769563571776
