since:0.013250474327176697
manager:0.026005949270950977
out:0.007802497344903707
there:0.006078006527000976
know:0.008171358448068223
06:0.041272731721038465
case:0.016368285478852686
take:0.014077808810170222
from:0.005606438771060766
2.1:0.06950967619054892
often:0.020578280717077523
my:0.0062928096776841145
corp:0.0306500969861725
to:0.0009127146755568416
line:0.018700687078185355
hang:0.07033776038897718
that:0.006892144876181659
think:0.00953475514919573
motif:0.031135343351115053
solaris:0.12083245602968484
like:0.0077128414801898885
ow:0.12798482822898433
nt:0.004728997031274427
happens:0.024742235197210454
grab:0.03546002670721121
re:0.002476427170716361
server:0.02650634930561347
sunos:0.03353627092324175
barry:0.06964414468676107
file:0.02012242306263847
fixed:0.030032004669667735
supposedly:0.0307224749367168
this:0.006953409779753894
on:0.0033576743393330458
corresponding:0.03633371904524133
came:0.019991567764754616
3:0.015506396984355096
more:0.008419993548481629
openwindows:0.0730114842680093
a:0.0036993486777387946
richard:0.024742235197210454
same:0.012861545367739155
uunet:0.025013194121968778
following:0.018127909092978553
far:0.016485947497492725
it:0.004541131519734728
application:0.04887904248764144
have:0.003385765649984456
machines:0.02613209625751187
pointer:0.037748117060460266
against:0.017107819815614878
suspect:0.02570923882713748
earlier:0.02613209625751187
be:0.003830869252566035
which:0.008555578361043164
thinking:0.023069712144693083
writes:0.004379221132566638
if:0.004438082250088803
of:0.002575371994248194
menu:0.03411756635954894
3.1:0.07791103277239504
seen:0.01716864165975068
but:0.008811698307952453
forgot:0.03178592904372044
version:0.061996104788057976
using:0.014598811779105434
they:0.00617827565899168
sounds:0.023594069957356543
in:0.00588343383756591
system:0.029605593764801656
and:0.0012642298493072512
for:0.002154628231205788
subject:0.00017680103901998871
i:0.0037926895479217537
hangs:0.03914751503176627
actually:0.01618751077550387
will:0.007505333409955526
than:0.009474180676950075
the:0.004492567609206276
do:0.00475707231063905
harvard:0.037242335744006136
when:0.008660095647971761
can:0.005725602598925254
maybe:0.01753584822743261
may:0.012324672367151198
an:0.011892690576976646
10:0.019141534820504402
problem:0.028020732344974625
just:0.007777407705072092
different:0.01673653574841886
is:0.0035585778396114423
3.0:0.03061420249962058
think.com:0.0802504737563281
patch:0.14011188108398656
window:0.02309266716440491
lee:0.028259280128309378
periodically:0.11667831435037572
olwm:0.08406083233184837
run:0.017727380320446323
article:0.00536644291600398
readme:0.038295744317712675
bug:0.032849658807514316
says:0.016960442016076608
s:0.004108849542092836
