manager:0.027557181332727002
pixel:0.017248584973206416
11:0.013558647851297933
all:0.00669521284664064
default:0.01684096591439223
x11r5:0.06773081495727873
grayscale:0.044124577831800835
wonder:0.012948658623919048
with:0.004104051766944192
twm:0.022062288915900417
c:0.009074027001505123
wonderful:0.016863676491604924
members:0.02588240216494467
my:0.0033340851274747414
colormap:0.042206729866890794
to:0.009671573053268987
property:0.03207088311548973
value:0.026202475928116965
perhaps:0.010134952763649282
nt:0.0025055387779734685
sum:0.019482950741658393
avoid:0.027135084162969118
so:0.003585300341701474
expression:0.019250496757303302
had:0.005383889423446088
30:0.012010896401311897
map:0.017404556069946182
these:0.005812757800347167
on:0.0035579566683458944
set:0.009296191523248846
used:0.013855884269030635
concerns:0.0176239257435649
working:0.011117680739321428
specified:0.03675740502830134
m:0.0048028586390037615
a:0.0014700043429962052
hard:0.00948853825465091
other:0.004839677150287406
jeffrey:0.019295771861990697
as:0.002807418106024626
following:0.00960461148435004
standard:0.09612772233038643
operation:0.015107951352640338
course:0.008582988771579014
scale:0.03395897611631982
mind:0.01063037123863206
section:0.07210103729163661
display:0.012933759357668342
are:0.006767488227381321
causes:0.014972460699560408
xlib:0.0379809375696682
ot:0.01754004672302611
mwm:0.021103364933445397
it:0.0012030015078595508
not:0.0021154737143016314
application:0.025897317247838097
have:0.0017938618005180803
conflicts:0.02035104959539117
try:0.008548735692432956
only:0.004679074520243111
expect:0.03638127455956198
referring:0.049993160018044956
sets:0.06674391673387577
call:0.00932265297543406
regarding:0.013884197793231148
usually:0.011571055235742502
be:0.004059377243069974
applications:0.01368526676278713
things:0.007841143607509649
if:0.004702809963251995
of:0.008186972023820575
gives:0.012759735002793352
what:0.0032296214140232673
but:0.0023343270956154745
equal:0.031288458524434695
seems:0.00826837575221431
one:0.010350641134480237
rest:0.011461862573588803
in:0.004364062853548889
according:0.012068512998548133
or:0.002366005114747668
total:0.051382673625324934
use:0.029171570662234175
and:0.006028380228801945
for:0.002283149915172449
subject:9.367353295445017e-05
however:0.008410873348059345
p:0.01181097557765386
create:0.02668663642977978
values:0.014985776738046555
i:0.002009460076267315
cells:0.038323324686646676
creates:0.019205798421242145
the:0.00687634324902294
when:0.018353325513596294
writer:0.01788830973388696
intended:0.014275610024479385
would:0.013089819594447383
can:0.003033564885746363
gray:0.1210264387431354
an:0.0031505197844271466
problem:0.007423036112440647
finally:0.012759735002793352
compute:0.020540759143707926
many:0.006502459745888047
is:0.0028281329146385673
number:0.03511950664417906
maximum:0.0343462492080201
select:0.016621596240773515
ignored:0.036025054043569815
window:0.024470124504036083
does:0.00427539934855272
goes:0.011308867354353252
created:0.013326649433280775
1:0.013744027311752342
every:0.008533854480482092
very:0.012233280644094367
neither:0.013132566492985855
give:0.008292057092477217
documentation:0.04712762513157032
59:0.018521937582642797
by:0.006950424384681867
says:0.008986058752377433
black:0.01238439423243487
seem:0.03873280778801035
functions:0.016435245976514048
defined:0.07668122331315014
