another:0.019116425261970507
pc:0.02873139708618865
resolve:0.09773643332112751
there:0.007911887806699547
formats:0.08688067858254787
know:0.010636854531537085
help:0.03689815034554822
all:0.008224722677985269
tried:0.026705724595143716
graphics:0.030333977932238982
your:0.021722969347952804
from:0.029192146704488813
except:0.02779621912934322
to:0.005940513621081168
design:0.032441096615736575
software:0.024274016280010833
format:0.10396692690615554
terminal:0.041156863795696566
could:0.013009561683845322
me:0.009341281727625385
font:0.17210586684832466
greatly:0.03364594094655691
so:0.008808712046421724
hi:0.027163936724262108
on:0.0043707657348214645
you:0.014374111795053152
went:0.028124666079621413
a:0.006019414335544807
how:0.022678672366019385
other:0.01189058610199923
following:0.02359753683654967
let:0.019871877092696767
fine:0.02792376360276345
silicon:0.04686535478669638
advance:0.02727156221272974
solution:0.033533250588217656
not:0.005197500073930732
have:0.013221998615887574
machines:0.03401678047314045
tom:0.06544359005990957
sgi:0.04798650244400843
uses:0.029439613188245145
be:0.009973469950646057
found:0.023056211252215495
if:0.005777158791063873
of:0.0033524238890644594
converted:0.04372772222461524
please:0.016512201352631508
one:0.01695363634095901
in:0.0015317215680559523
installed:0.03452905133926804
system:0.019269158010711423
and:0.004937035532208489
for:0.002804731576828224
subject:0.000230146180103606
i:0.0032913570214723265
appreciated:0.029178983786002095
similar:0.02728239903333363
information:0.02102432141796349
will:0.009769873662959347
program:0.04787299021351853
the:0.0019493612327303093
do:0.006192395852642213
thank:0.0312973647135303
human:0.02763657216583255
different:0.08714541027624992
is:0.0023161433352643437
questions:0.026070485665909582
type:0.055870905350546486
2:0.016796634069788006
run:0.023076158865408574
1:0.01688382665452335
x:0.02625137922022502
fonts:0.04269613167499379
workstation:0.045873377805793036
convert:0.03688431030343396
everything:0.026635021413131493
