marc:0.06477357290907428
tel:0.054938487558086176
50:0.04663761201524907
fax:0.04133301810653229
to:0.005587293892260125
r:0.04189486171255581
finds:0.07105585032230353
need:0.02596218907428698
so:0.013808251316012434
file:0.041060620033221744
you:0.015021594308343834
great:0.03407095525314428
size:0.04866050185224146
support:0.11103876930541241
fun:0.05562503587748426
a:0.0018871677376302637
official:0.05481355433992332
49:0.1344747554612284
it:0.018532725931890377
ftp:0.05126171550390643
have:0.006908792069562877
after:0.02607045523871556
b:0.04136362630424651
yourself:0.047382090153710706
june:0.06210913959946685
univ:0.12552982084473532
without:0.03036770925408777
get:0.01776181047690706
one:0.013287985240211115
imake:0.18128665369167254
in:0.0048021541052565
use:0.022469993618207406
for:0.008793212511137136
subject:0.000360769687729977
until:0.038664401694116814
i:0.005159424520145809
rainer:0.17797307741890678
will:0.015314937093287628
unfortunately:0.04975531190305347
program:0.03752207341059561
the:0.002037170297267711
do:0.009706998904141848
can:0.011683324222131263
anonymous:0.061415986972608055
an:0.012133758629212659
address:0.043146234512616365
general:0.03984365355523718
is:0.007261422348396322
new:0.02329729141734523
time:0.021344729323023157
created:0.05132560930385164
byte:0.0729790425139286
easily:0.049985334708045774
although:0.042699181848037275
release:0.05370004715388187
comes:0.04086724780061503
s:0.00838427406562187
