408:0.11973612327312842
know:0.02804261649223413
help:0.024319235455020422
thanks:0.022652120964956397
with:0.006645765645335765
miller:0.054110182244733754
c:0.029387473811692728
ca:0.023369870410140013
someone:0.02503929675753432
to:0.004698406227582378
gui:0.06551776089335584
add:0.039047959277860436
software:0.09599270074367919
t:0.02927583017045957
format:0.045682437579977433
that:0.003942098016300873
motif:0.053425418704754236
nt:0.008114528996845892
me:0.012313507731869826
so:0.011611484061192274
reply:0.04080905135630846
contact:0.03954627612477918
on:0.011522927846347498
tell:0.02738664833661878
etc:0.026390045312025403
inc:0.041602448815959106
them:0.033314981171187294
support:0.031124503517426204
how:0.02989461357338919
ms-windows:0.06249198841667442
advance:0.03594887746223466
systems:0.06819129818824116
campbell:0.06357505864172357
editors:0.07212037319380174
netcom.com:0.036579945167285674
25:0.04179184713965469
ave:0.059408862337270156
what:0.010459569352234447
but:0.007560036616481935
windows:0.031218263425267064
please:0.021766083601196078
in:0.006057262564584902
210:0.06717357692950804
or:0.007662630201171424
use:0.018895221906219863
message:0.07380272473999368
and:0.004338606982849885
for:0.007394292338910773
subject:0.0003033745101365716
leaders:0.05025642503691758
i:0.004338606982849885
info:0.03347040294764088
information:0.027713878232770058
the:0.0017130750227023932
do:0.008162703623937463
less:0.03123710859768497
can:0.019649227100857123
solutions:0.05349206778944058
is:0.0030530980328484533
white:0.07724929876864982
suite:0.060104812624096504
x:0.03460409079029662
words:0.0375893083125838
widgets:0.06249198841667442
black:0.08021709900554404
compile:0.11859380884629003
s:0.007050412282454754
