pixel:0.15125682207273317
x11r5:0.07424339331855552
c:0.03978611839121477
from:0.03907256558908503
my:0.014618680943543098
to:0.010601532000698698
janet:0.07816809950343503
value:0.11488777906943594
client:0.15405595370983247
server:0.06157628838688668
on:0.007800135772912153
pointers:0.08153547108078507
a:0.008593871543670124
how:0.04047270760704998
want:0.02911689181095664
as:0.012309448618723361
copy:0.10512652138656438
whole:0.0460294688465737
internet:0.04394667604791702
it:0.005274698919076492
gordon:0.20706988282380098
university:0.03615907848613313
without:0.06914493799392292
get:0.04044227616280376
department:0.05335500896450671
use:0.025581223503805355
and:0.0029369031883906913
subject:0.00041072241372335844
i:0.0029369031883906913
appreciated:0.0520732633719422
back:0.03240548800103904
any:0.015742881019827806
the:0.0034788600461033215
can:0.02660203053654503
an:0.027627635032668824
watson:0.18311631090493558
select:0.07287930659416081
having:0.08051973515139574
window:0.05364604218192526
lot:0.03813159058869832
pixels:0.08818810058996496
