o:1.2898343624525879
re:0.019681079093587923
2.0:0.24683204252753965
brain:0.23207254731404173
inside:0.1975818698460098
get:0.06917757764690118
subject:0.0014051029943167523
andre:0.5735422366156414
instead:0.16145970060971795
beck:0.9462557053912065
