wilson:0.15597094183129423
computing:0.06816346061217253
know:0.019279298838410966
help:0.03343894875065308
thanks:0.031146666326815047
with:0.009137927762336677
to:0.004306872375283846
centre:0.0782315389932743
that:0.0054203847724137
like:0.01819748536732302
am:0.025536505573458837
a:0.0021820376966349923
how:0.041105093663410135
same:0.03034520860200957
xlib:0.33826772522985743
d:0.02846631597464118
it:0.010714232179374124
not:0.009420468883999451
application:0.05766199543463951
university:0.03672406408747896
uses:0.05335929890369433
network:0.057398276094212136
be:0.00903845714277299
of:0.0030381341494646664
but:0.01039505034766266
using:0.10333221462398065
please:0.029928364951644606
email:0.042873416546374075
in:0.0027762453421014137
and:0.0029827923007092957
for:0.010167151966002312
subject:0.0004171399514377859
i:0.011931169202837183
any:0.015988863535762614
the:0.0023554781562157906
do:0.03367115244874203
see:0.027646652522049626
can:0.027017687263678543
an:0.014029658415027136
south:0.06752561694779353
done:0.04138536799094841
x:0.04758062483665785
dave:0.10957108348045601
process:0.05650880833177449
facility:0.07979534303322715
include:0.0525238011444469
