sent:0.02388105550837411
obvious:0.024978235804558522
there:0.00595960380244901
x11r5:0.09400949153972939
with:0.007595160737526589
hans:0.21025339521216097
my:0.018510667428512362
then:0.010362859414128593
t:0.016729045811691184
normally:0.027635400935849246
that:0.006757882313658639
updated:0.033393636602133875
servers:0.03421032093517955
phone:0.019073682637724475
this:0.006817953745083364
child:0.025749120913905157
something:0.038779116568120574
on:0.003292265098956428
set:0.03440798161202495
you:0.0036090843468098823
used:0.01282119161257705
x11:0.034624940883144044
a:0.0027204625828176525
88:0.03251180841278932
following:0.0177747680067517
fine:0.021033484272211432
also:0.009633098257659524
are:0.012524247693530367
no:0.007310037247938376
those:0.012051400352516626
bos:0.07783055585468798
works:0.01931899995812169
it:0.0022263339593504676
not:0.0039150000556880836
should:0.010667611313204414
expose:0.11554046877453675
application:0.023963426674135903
have:0.0033198091762834604
domain:0.028981837980393336
uucp:0.027491094852831646
between:0.01508354445484679
has:0.006914119960302279
which:0.016777822500227507
of:0.002525202409944658
but:0.004320020923703963
windows:0.03567801534316236
up:0.017447537277303696
in:0.001153764298016172
parent:0.035067851597602055
x11r4:0.07444450049802237
5:0.01687579796699794
and:0.0024792039901999343
gets:0.04334177068042603
pop:0.06855522352017139
for:0.004225309907949013
subject:0.00017335686293518376
however:0.015565577299979956
i:0.0024792039901999343
event:0.053931700625934706
the:0.005383950071350378
wrong:0.017165078291102993
do:0.009328804141642815
see:0.011489517931241405
when:0.03396556994399314
because:0.011459235707107234
correctly:0.02830067187682064
extra:0.025225166944748387
an:0.005830507393258031
problem:0.013737436961334963
many:0.012033772906351258
changed:0.024541007752165098
15:0.021700069688186
is:0.01744627447341973
save:0.07056838115106416
31:0.030268291248239924
window:0.18114248009481257
events:0.026419148421926136
too:0.012678687453665563
under:0.04728552130725271
greetings:0.0355431983769741
release:0.025803918762254928
by:0.006431399187124456
mine:0.02120285094025965
bug:0.03220973038918612
everything:0.02006274340209905
attribute:0.07783055585468798
