22:0.1481367680089867
thu:0.18330220794478772
some:0.005189052778370463
click:0.025194280589446203
apologies:0.024216227768215973
default:0.04266378031646032
tried:0.013768284680162982
saw:0.0150994692583798
thanks:0.00885949619962739
with:0.007797698357193965
user:0.016807304371524515
option:0.018624938765566142
setting:0.019119274921611584
from:0.03010034682418402
my:0.004223174494801339
nl:0.023602226263856788
via:0.015192139460513978
to:0.002450131840161477
then:0.01418560310911825
mail:0.013619180021492693
die:0.016745574984143773
make:0.007822579925998684
that:0.0015417983352643413
problems:0.012191436603963436
appears:0.03466934246572739
den:0.03043274723985352
id:0.08337437880930229
ps:0.02002472143475429
had:0.006819593269698379
this:0.004666510563301502
93:0.11389825986947026
der:0.05155599230832429
contact:0.01546698799546919
apr:0.13252296096135108
on:0.0067601176698572
you:0.0024702177307054304
edt:0.05155599230832429
working:0.014082395603140476
specified:0.02327968985125752
size:0.01600389838695941
europe:0.01828000275354426
posted:0.015170581886586203
m:0.006083620942738098
a:0.0006206685003761756
how:0.005846057765462775
question:0.009702160370431576
button:0.021135573632393993
organization:0.01703036990274165
step:0.01848675837858823
display:0.016382761853046567
place:0.01208634496585078
it:0.0030476038199108617
application:0.01640163425696413
have:0.0045444498946458035
received:0.12037793570916622
ve:0.016223410658021638
date:0.015901329732370323
second:0.012220870118454517
robert:0.05680732495924806
mouse:0.019315254121012582
usually:0.014656669965273837
screen:0.016614698533804657
get:0.005841662112404988
if:0.005956892620119194
of:0.0008641803802921718
wm:0.024054593794123193
but:0.005913628642225869
never:0.009795285470497158
gmt:0.018832437049889045
again:0.010852751724924524
properties:0.02400199620458096
using:0.009797424793977424
up:0.005970934979343932
now:0.007341841768347752
in:0.0015793751279510266
message-id:0.02512642515775381
system:0.009934321463300111
weeks:0.016180288379258268
and:0.0008484386988684219
usenet:0.03630398781016669
for:0.004337984838827654
subject:0.00023730628348460708
i:0.007635948289815797
plain:0.020221313679095736
explicitly:0.022896677867963955
away:0.01230659371699409
ago:0.012716292112731752
any:0.004547943405728032
actually:0.010863618342671487
yet:0.011689194411938506
program:0.012340593032818111
normal:0.016766056331193525
the:0.004690018728820774
when:0.011623772825277653
start:0.012522498168366722
can:0.0038425155219453926
did:0.007306271304190957
an:0.007981316787215437
about:0.004377849690319429
is:0.0011941005639585062
argument:0.01563885084506543
having:0.011630628410757161
right:0.008621660416845776
time:0.0070200443106831715
window:0.07748872759611426
questions:0.013440783721091164
1993:0.013465136902267276
x:0.013534044397982677
first:0.008344688130626849
geometry:0.05025285031550762
engineering:0.017185553303213773
position:0.030603048508552996
de:0.017959920120639867
remote:0.02002472143475429
behaviour:0.047015320097071045
by:0.035215483549054793
alter:0.026450133797379583
hints:0.02310537557057627
specify:0.04655937970251504
