k:0.1353093234375594
thanks:0.07119238017557725
with:0.02088669202819812
work:0.07232401657108227
real-time:0.21254571801465735
that:0.01238945090837417
provide:0.12060555993869333
could:0.05389675554735919
hi:0.11253630928622874
on:0.018107458044260352
you:0.01984996390745435
pointers:0.18927877215182246
support:0.0978198681976252
deals:0.19245546808098302
be:0.020659330612052548
if:0.023933943562978902
looking:0.09263876233595156
in:0.006345703639088945
or:0.024082552060824474
for:0.011619602246859784
subject:0.0009534627461435106
ms.uky.edu:0.22257794606702885
any:0.07309194759205766
information:0.17420152032026892
x-windows:0.20714461195308867
happy:0.1356462531601793
