24:0.03213231358656544
there:0.00805069285593989
default:0.04210241478598058
x11r5:0.0423317593482992
tried:0.027174246079269042
access:0.0588136292634829
someone:0.03865715990636877
buffer:0.04648952298465815
clark:0.04398935671244501
both:0.01969915861673893
to:0.008462626421610364
visual:0.269715870064523
us:0.03613818221377186
depth:0.04612397301623211
could:0.02647559921624662
server:0.07021857447627428
had:0.01345972355861522
jon:0.07279593445119882
two:0.01635780204081852
on:0.004447445835432368
them:0.012858413785370533
support:0.024025932539767595
card:0.026850073215037205
openwindows:0.04835409703714651
a:0.007350021714981026
how:0.023076543811037267
college:0.036136099127795196
success:0.039314107340452695
are:0.011279147045635535
no:0.019749925196184383
deep:0.03991048752453106
it:0.0030075037696488767
have:0.013453963503885601
frame:0.042390044810743654
only:0.011697686300607777
color:0.0972271607000891
has:0.009340126963917113
sun:0.03182887986051615
get:0.01152959627448353
of:0.0017056191716292863
gives:0.03189933750698338
but:0.005835817739038686
using:0.019337022619692286
they:0.008183505478138103
in:0.0015585938762674603
24-bit:0.25841476683945636
or:0.0059150127868691695
unable:0.04013370388997987
and:0.005023650190668287
for:0.005707874787931122
monochrome:0.16005000754809132
subject:0.0002341838323861254
we:0.04728925984961298
possible:0.02260501423653142
information:0.02139316916213829
patches:0.049591628600829885
the:0.003967121105205542
forward:0.03794427636891513
solutions:0.041292122504129565
just:0.010301654065490226
about:0.008640492809840979
is:0.004713554857730945
acquired:0.05135189785926981
portland:0.05275841233361349
change:0.026070255332548135
supposed:0.03200609659137158
lewis:0.04364531536899517
