some:0.015162816560173431
1.1:0.036328604938127756
okay:0.027959520360405825
looks:0.022227957625804484
out:0.00765050064337961
there:0.00595960380244901
all:0.006195245653547346
x11r5:0.0626729943598196
thanks:0.012944069122832228
i.e:0.02243207140893119
widget:0.03272129453108946
with:0.007595160737526589
4:0.016131620157004412
into:0.011628596772612899
upgraded:0.036145677165616744
to:0.0026848035586185016
w:0.04018624487051109
r5:0.0376626567187434
then:0.010362859414128593
client:0.06502361682557864
she:0.0861075970103502
that:0.006757882313658639
problems:0.0178121638694271
motif:0.09158643206529297
appears:0.025326630048015143
like:0.007562591321484891
saint:0.14888900099604474
sunos:0.03288296694421756
greatly:0.025343695777925987
something:0.012926372189373526
recently:0.021489036133686294
on:0.003292265098956428
set:0.017203990806012474
you:0.0036090843468098823
tell:0.015649513335210734
pointers:0.03441432220942227
used:0.01282119161257705
x11:0.034624940883144044
m:0.008888407221532937
answers:0.027211761183457032
a:0.005440925165635305
how:0.008541318163825484
other:0.008956545375531888
running:0.03931766769411301
instances:0.07423332490228496
step:0.027009874254430858
skip:0.03825880963597147
are:0.012524247693530367
flag:0.0719355234976216
it:0.0022263339593504676
not:0.0039150000556880836
should:0.02133522262640883
application:0.023963426674135903
have:0.006639618352566921
being:0.012635090454059405
ve:0.011851517526152171
pointer:0.03701276413071104
left:0.018989644048704946
after:0.02505472321642794
bogus:0.038513489591512254
call:0.034505923350632565
sun:0.023561638338304165
be:0.0037562419294641
applications:0.025326630048015143
of:0.002525202409944658
but:0.004320020923703963
parameter:0.040295547031134075
alone:0.02492995672347074
now:0.010726716869339249
one:0.00638513576477677
in:0.002307528596032344
our:0.028958122376368748
or:0.008757291658481627
use:0.010797269660697066
and:0.004958407980399869
subject:0.00017335686293518376
i:0.0012396019950999672
appreciated:0.021978974799845733
we:0.06126108662336227
any:0.006644722508368879
yet:0.017078368459001063
suggestions:0.025694781630330375
patches:0.03671068610710784
the:0.0034261500454047865
upgrade:0.028717957163952906
would:0.0060561665331453
can:0.005614064885959178
did:0.010674747035343931
compiling:0.03877856747800742
problem:0.013737436961334963
just:0.007625899762765493
is:0.003489254894683947
callback:0.08551953070778638
23:0.028114751015299033
dead:0.022281052823448937
leave:0.022942741066847513
function:0.02670779623082765
passed:0.028062594056225885
holy:0.029414898853761338
s:0.012086421055636721
