another:0.020919861607439423
cleaning:0.05105927927997848
week:0.03252678117363758
at:0.008310990683532369
hide:0.047012150926031705
bradley:0.10425683564122117
name:0.026058797224813687
to:0.0026003757737562846
lock:0.04769442131829233
export.lcs.mit.edu:0.05488442180930079
next:0.025267736073105427
its:0.01950777883051104
me:0.010222534720797592
this:0.014857993538813745
off:0.020598655169399533
cage:0.050099065182714876
m:0.01291334634071766
answers:0.03953406813445644
a:0.003952370167489797
false:0.03950102445001113
was:0.01670681385096954
xv:0.09979667001736778
3.00:0.11116710724414348
fled:0.053624691690201516
no:0.02124048558834924
it:0.012937940744904602
not:0.017063490808753724
texas:0.03743556294027361
have:0.004823118991958989
per:0.03336627467521714
real:0.024128243905643842
second:0.0259405261948327
has:0.02009008441295379
escaped:0.09940357403806888
be:0.0054571816711082195
found:0.025231325521292428
certainly:0.029016578087317366
down:0.04461067126326713
if:0.006322173771352918
of:0.005503035440539773
seen:0.024457215949267478
women:0.03565391692295684
nearly:0.040473026581126566
up:0.012674154437286648
direction:0.04168066400980783
waco:0.036647884051804254
in:0.001676223602778212
door:0.03990539902012229
u.s:0.033280588688666964
heading:0.05319252625594402
office:0.03444092370798265
repeat:0.04435317779262616
message:0.030635093288299258
and:0.003601862400856508
subject:0.00025185808388696507
i:0.005402793601284762
the:0.007110877452726916
thing:0.02135785316155619
when:0.012336551347582414
last:0.020567571245844317
finally:0.03430683467732175
lab:0.040657650130127475
alarm:0.05653729057368844
general:0.027815380783844823
is:0.005069294846993659
capital:0.048178320321948465
done:0.02498739199453489
morning:0.040473026581126566
broke:0.04730930816244086
blast:0.05439210338316333
by:0.009343730894501566
john:0.025296966033790995
vacation:0.055766743111289686
