configuration:0.03764471408489551
at:0.013983571626260809
out:0.009350611897463966
there:0.007283960202993233
help:0.016984862857474577
posting:0.02618403616631937
x11r5:0.03830016321988975
send:0.023280532705366844
graphics:0.027926519366188268
access:0.026606165619194645
your:0.00999946208080367
with:0.009282974234754719
buffer:0.12618584810121497
to:0.005469044286074725
significance:0.04189485881788251
changes:0.032364359521715784
appreciate:0.030469947106464237
that:0.002753211312972038
and/or:0.03207128592971405
need:0.015247634853152668
server:0.031765545596409796
sunos:0.040190292931821456
this:0.01666610915464822
bus:0.032119386125044926
reply:0.028501559677421778
on:0.01609551826156476
you:0.004411103090545411
am:0.012970923465883853
a:0.0033250098234437974
how:0.010439388866897811
other:0.010946888792316752
pulling:0.042767881795774
as:0.019050337148024246
driver:0.029204647607034853
question:0.01732528637577067
are:0.005102471282549408
it:0.005442149678412253
not:0.004785000068063213
have:0.004057544548790895
made:0.018456980570777787
frame:0.11505869305773277
installation:0.03936744825344969
sun:0.02879755796903842
be:0.009181924716467798
of:0.0030863585010434706
what:0.007305096055528819
dr:0.031101941310369054
alone:0.030469947106464237
please:0.015201709181787735
who:0.010262324398681334
net:0.026310654642051446
called:0.02128773409410106
in:0.0014101563642419878
or:0.005351678235738772
install:0.03506468559555262
and:0.00757534552561091
for:0.0051642676652710155
subject:0.00021188061025411345
i:0.004545207315366545
we:0.010696380204079125
directly:0.02882936766266968
any:0.01624265502045726
information:0.019355724480029878
will:0.00899448686431178
than:0.011353978430313183
the:0.0047857333967558915
behalf:0.04631561283562351
do:0.005700935864337274
thank:0.028813446879123128
devices:0.03368792415494173
would:0.0074019813182886985
forward:0.03433053576235178
just:0.009320544154491158
address:0.025339852015346116
is:0.004264644871280379
hardware:0.028172072410115486
window:0.027674545570040805
questions:0.024001399501948503
does:0.009670546145535914
2:0.015463567873773084
1:0.01554384041210086
x:0.0725038092749072
him:0.019019962725105616
accelerator:0.04206194936707166
john:0.021281574599855916
