help:0.022527291789913653
default:0.1515686932295301
x11r5:0.05079811121795904
startup:0.056971406354502305
where:0.019446913665618543
option:0.04411169707634086
ca:0.021647879958866537
from:0.00891128688873869
2.1:0.05524190055143625
except:0.03394064651582961
my:0.010002255382424224
to:0.0014507359579903482
software:0.029639851457697437
that:0.0036516276361523874
solaris:0.06402000301923653
could:0.015885359529747973
finding:0.04693268778665204
me:0.022812393271674624
font:0.26268790203165343
joel:0.22993994811988003
error:0.03963640167549472
path:0.09338797118022978
hi:0.03316859642120426
set:0.055777149139493075
distribution:0.04678881790529768
used:0.020783826403545952
great:0.02653948093402818
as:0.016844508636147757
stuff:0.03077280581761707
21:0.04269687390688764
place:0.028625553866488688
it:0.007218009047157304
not:0.019039263428714683
deleted:0.0369829420736667
have:0.005381585401554241
ve:0.038423867347945985
suit:0.05590000957229239
if:0.007054214944877992
gives:0.03827920500838006
but:0.0070029812868464235
supply:0.04250489930110046
san:0.04250489930110046
well:0.017714399054245735
message:0.034182314616418116
and:0.00401892015253463
complain:0.05357379169910177
still:0.021491674549784706
for:0.0034247248727586736
subject:0.0002810205988633505
i:0.00803784030506926
lives:0.04097324052561375
the:0.004760545326246651
can:0.018201389314478175
just:0.012361984878588273
about:0.020737182743618347
netters:0.05197711183244846
patch:0.11135207391411563
somebody:0.03995503393131321
under:0.025550772916901464
pl:0.06649199871478811
e-mail:0.02894416607002386
corporation:0.049993160018044956
upon:0.0365060587651888
says:0.026958176257132295
built:0.0388683961481553
everything:0.03252276298866582
