fax:0.11764012845705345
ron:0.48891903879519644
remove:0.1699288609630627
from:0.032560471324237526
r:0.11923922179727424
me:0.0416764877078671
this:0.02019163224505458
inc:0.14080828830016928
l:0.12711386841359087
feed:0.19166492300612928
list:0.1119857152662146
mailing:0.16975979898333046
street:0.15338571078148483
please:0.07366982141943287
our:0.0857605931915536
subject:0.001026806034308396
we:0.05183630406592193
research:0.11874351848218374
got:0.08508283929348362
finally:0.1398663259921579
ma:0.15427761250913524
request:0.15001157797670508
main:0.14301603890872416
news:0.11803371216013149
