help:0.048638470910040844
all:0.02168335978741571
widget:0.2290490617176262
both:0.051038729143369044
to:0.003132270818388252
that:0.007884196032601746
scott:0.08686538757207969
this:0.011931419053895886
m:0.031109425275365275
a:0.009521619039861784
question:0.049613320076070555
button:0.10807963789292384
no:0.025585130367784314
has:0.024199419861057978
be:0.013146846753124348
get:0.029872135802070963
of:0.004419104217403151
trying:0.061280186887918094
using:0.05010046769647547
now:0.03754350904268737
bitmap:0.24187781024872695
and:0.004338606982849885
subject:0.0006067490202731432
create:0.08642831116462771
i:0.00867721396569977
appreciated:0.07692641179946007
possible:0.058567536885558685
any:0.023256528779291075
the:0.005139225068107179
would:0.021196582866008548
label:0.2505621391924865
is:0.012212392131393813
right:0.04408803622250681
evans:0.1291867572536673
sign:0.098493456043024
