sent:0.02228898514114917
there:0.005562296882285742
technology:0.02041010718676935
happen:0.020494740764650396
where:0.011196707868083404
fax:0.01853723236292963
with:0.0035444083441790748
from:0.010261481871880916
ext:0.03309741677483122
to:0.0033410888729474685
implement:0.030845516432816175
then:0.009672002119853352
martin:0.08444733402282194
software:0.017065369021098526
engineer:0.027021850543829964
been:0.008892365983160238
that:0.004204904550720931
control:0.018482631939036508
nt:0.008655497596635617
australia:0.02811571948754083
complete:0.04488746485205791
anyone:0.010138877270553886
phone:0.01780210379520951
this:0.009545135243116709
internal:0.04803112019539797
on:0.006145561518051999
you:0.0033684787236892234
used:0.011966445505071912
products:0.0245459805705266
state:0.01610735386024616
stable:0.03044132628433937
a:0.005924562958136222
was:0.03756501781036182
running:0.018348244923919406
standard:0.018448754790680224
official:0.02458304861305652
are:0.0077928652315300065
xlib:0.06560343762033599
it:0.004155823390787539
not:0.0036540000519755447
should:0.029869311676972356
analysis:0.026095552336378766
have:0.0030984885645312294
calling:0.02492727648210581
ve:0.011061416357742026
p.o:0.02791914205873384
sgi:0.033735965354575626
indicate:0.028783940616450125
doing:0.016246684273729183
has:0.006453178629615461
decided:0.022615957957686998
call:0.016102764230295198
regarding:0.023981796188308348
screen:0.022656407091551804
be:0.0035058258008331595
structure:0.05583828411746768
found:0.03241843036675148
of:0.002356855582615014
electrical:0.028710029870426982
department:0.021018639895108705
plate:0.03133497920035834
using:0.013360124719060125
operator:0.03325085803534207
called:0.032512175707354346
box:0.019203266731555195
in:0.0021536933562968544
x11r4:0.034740766899077104
system:0.013546801995409244
or:0.004086736107291426
use:0.010077451683317262
and:0.00462784744837321
for:0.001971811290376206
known:0.019738962107068835
cursor:0.10224713995172592
i:0.00462784744837321
6:0.017808179591267844
experienced:0.030950920934100228
we:0.016336289766229938
signal:0.027306438320119485
any:0.0062017410078109535
the:0.0031977400423778006
waiting:0.02651539552355092
when:0.023775898960795197
ensure:0.02916765140077938
regards:0.025026470284919174
an:0.010883613800748324
problem:0.025643215661158597
during:0.01774769399880285
is:0.003256637901705017
division:0.024015560097698986
handler:0.07849460087920677
steel:0.03225037469983026
core:0.029881487980515035
else:0.015312437729321556
production:0.02908894112485931
presumably:0.05976297596103007
does:0.0073847806929546985
request:0.023638188044814133
created:0.02301875811203043
engineering:0.023434845413473328
e-mail:0.016664822888801615
atomic:0.035259083101732626
documentation:0.027134087196964734
by:0.006002639241316158
upon:0.021018639895108705
says:0.015521374208651928
functions:0.056776304282503076
