408:0.07317207533357847
out:0.016363570820561942
there:0.012746930355238158
technology:0.046773162303013094
x11r5:0.06702528563480706
thanks:0.027685925623835594
with:0.00812260245541038
generate:0.0651362334447674
buffer:0.07360841139237541
to:0.00957082750063077
like:0.01617554254873157
its:0.028719785500474583
me:0.015049842783396453
sunos:0.07033301263068754
anyone:0.023234927078352653
samuel:0.07731158727090247
tell:0.03347257018920073
machine:0.045177768810060366
x11:0.07405890133339142
inc:0.050847437441727796
santa:0.07317207533357847
a:0.0019395890636755486
how:0.01826893051707117
render:0.07637909695371317
usa:0.05061974563928784
compiler:0.07770284945099547
advance:0.043937516898286795
california:0.05527040592948522
files:0.04596266061927346
begin:0.05796138166028491
d:0.025303391977458824
have:0.007100702960384067
frame:0.06711757095034412
ve:0.02534907915315881
switches:0.07452449427837259
which:0.0358858981254866
writes:0.009184199875243921
of:0.0027005636884130367
dr:0.054428397293145844
using:0.030616952481179453
spencer:0.12932540546334106
code:0.04500711819905134
in:0.0024677736374234785
use:0.023094160107602055
and:0.0026513709339638183
for:0.004518734207112138
subject:0.00037079106794469857
i:0.010605483735855273
will:0.015740352012545616
the:0.0020937583610807025
hello:0.05374014987016349
can:0.024015722012158704
last:0.030280035445270803
an:0.01247080748002412
just:0.016310952270359527
is:0.0037315642623703318
1:0.027201720721176506
change:0.04127790427653455
capability:0.06817536763042141
release:0.055191715130378585
built:0.051284689362149354
