root:0.040968124860063224
read:0.03686183840484426
week:0.028031209791915316
confusing:0.04242380153851026
region:0.03902175028944542
behind:0.028680832528444705
confuse:0.0466034677914449
racing:0.04872319350252825
with:0.004754694120240223
work:0.016464003772278895
trick:0.040389455929429934
to:0.006722922732150394
most:0.030188544129545334
been:0.011928783635946662
that:0.005640725616820762
quite:0.043190233855437424
r:0.02520503875389537
nt:0.005805516680670232
could:0.012269180124602094
so:0.016614806461543417
on:0.004122022969425122
you:0.018074763883210467
them:0.01191755424009952
more:0.010336740047322976
a:0.002270738416010399
hearing:0.03686855857820999
part:0.019912374897668922
also:0.012060952290077778
stuff:0.023767614249379045
xv:0.043001817161955225
internet:0.02322385319605371
thread:0.03384494141060135
it:0.005574885036422309
catch:0.03939746446143836
application:0.030002989494446578
have:0.004156509049980918
has:0.008656703039728058
quit:0.04090175648088305
sun:0.0294999374316979
anybody:0.02471215564969671
be:0.004702937049898141
applications:0.031709764450360424
get:0.010685967278789614
if:0.005448377396450483
of:0.0031616355376542873
but:0.010817613369925372
never:0.017918205128958215
version:0.050739359474237154
again:0.019852594618764374
virtual:0.0802898475460586
up:0.021844884070770485
code:0.026345630165298346
in:0.00433365126571928
or:0.005482206973195816
and:0.0015520220101251621
for:0.007935338119806684
subject:0.00021704843001640894
each:0.020699263393175737
i:0.004656066030375486
any:0.008319408669014695
suggestions:0.032170702203828276
the:0.005515265926749168
see:0.01438525009277379
around:0.019245483196371024
can:0.007028991808436694
put:0.020223246337778694
come:0.019521899792434218
last:0.017724898797231693
here:0.014637405736775579
fish:0.08941943057995691
about:0.016016523257266206
interested:0.0233908635399587
is:0.002184330299924097
either:0.02035416835051511
desktop:0.040705841427394765
window:0.02834953448638327
applied:0.03599186992127328
does:0.019812826249390656
run:0.043525763063209676
wanted:0.024757398288992705
icon:0.045601576405884345
under:0.019734336805736906
john:0.04360127478994871
s:0.005044197405333483
