out:0.04909071246168582
there:0.03824079106571447
knows:0.1455817254642181
to:0.0057424965003784615
package:0.16196929304400842
searching:0.22127087122365735
hi:0.13129236083393353
m:0.05703394633816967
a:0.005818767191026646
49:0.41463049600545415
it:0.014285642905832164
sun:0.1511871793374517
get:0.05476558230379676
looking:0.10807855605861016
who:0.05387720309307701
or:0.028096310737628555
and:0.007954112801891455
for:0.013556202621336416
subject:0.0011123732038340957
i:0.007954112801891455
any:0.0426369694287003
the:0.003140637541621054
either:0.10431511279638991
