kills:0.08433991338643906
click:0.0858895929185666
there:0.013905742205714356
behind:0.05345064243937422
all:0.014455573191610473
racing:0.09080231516380265
take:0.03220832015660157
with:0.008861020860447688
way:0.026248073023432475
my:0.028794371555463678
to:0.006264541636776504
clients:0.0809589504877389
that:0.005256130688401164
r:0.04697302676862318
so:0.03096395749651273
you:0.025263590427669177
a:0.006347746026574523
button:0.07205309192861589
internet:0.04328081731991828
action:0.055786258800393285
it:0.015584337715453271
catch:0.07342254740540784
made:0.035236053816939415
mouse:0.06584745723072472
has:0.016132946574038652
sun:0.05497715612270972
of:0.005892138956537535
what:0.013946092469645928
but:0.010080048821975914
again:0.03699801724406088
oh:0.04893509369911324
up:0.040710920313708626
one:0.014898650117812462
and:0.0028924046552332564
subject:0.00040449934684876206
actually:0.03703506253183462
will:0.01717129310459522
the:0.0011420500151349288
users:0.05982875103418458
around:0.035866582320509634
come:0.03638172234044559
simple:0.04998770540842789
fish:0.16664530244446513
is:0.004070797377131272
right:0.029392024148337872
run:0.08111619479961803
automatically:0.07141214678178727
somehow:0.06442596093954812
check:0.05014108431193469
john:0.08125692119944987
s:0.009400549709939672
