there:0.026993499575798455
technology:0.04952452479142563
help:0.03147195176532054
thanks:0.02931450948406122
allows:0.06077460860509064
access:0.04929965982380184
fax:0.044980049115932196
way:0.02547607087568446
to:0.006080290412165431
most:0.0273028744701035
like:0.017127045051598136
phone:0.04319628126778778
this:0.007720329976050279
federal:0.058109649863165615
programs:0.05195856065138995
swiss:0.08910162895004076
on:0.007456012135871911
a:0.0020536825380094046
video:0.051407517542132686
official:0.05965004442874008
xv:0.07778269869000724
computer:0.0788442030930975
networks:0.07447024866778681
erik:0.16331296945213652
which:0.01899841665466938
of:0.014297101879833725
institute:0.05724202720490156
they:0.013719406242760936
extension:0.22341074600336047
use:0.048905280227863175
and:0.0028073339300793373
for:0.004784542101648147
subject:0.0003926023072355632
any:0.01504834215130599
capabilities:0.07536178722391085
ways:0.05247556443057492
the:0.005542301544037154
do:0.01056349880744848
an:0.013204384390613775
laboratory:0.07039492054665772
audio:0.29178226352556835
is:0.007902136085019527
run:0.03936521218216757
x:0.1343452936564457
ch:0.08978574682702448
engineering:0.05686396313563381
