root:0.031105428134492446
default:0.11851050087905644
x11r5:0.02978901583769203
startup:0.03340915804739333
where:0.022808108620169895
way:0.010693659379916934
option:0.025867970507730754
from:0.0052257546569763925
2.1:0.032394941681397796
except:0.019903465549406255
my:0.005865520131668526
to:0.0025522206668348716
casper:0.08335874011311996
t:0.01590292009259532
make:0.010864694341664836
that:0.0021413865767560296
solaris:0.03754259436313253
finding:0.02752225518353052
me:0.006688819014842868
font:0.15404537464819182
re:0.0023082747085072255
joel:0.0674206638005821
fixed:0.02799279447604832
error:0.023243568883777765
this:0.0064812646712520865
path:0.054764551000752025
best:0.01503195111087305
hi:0.019450720123545706
set:0.03270882202624594
distribution:0.027437887043230122
you:0.006861715918626195
used:0.012188046347758429
great:0.015563275856374547
8:0.16402729346521477
a:0.0017240791677115988
as:0.009877952595271832
idea:0.017113433921362692
stuff:0.018045781189343343
21:0.025038290254039045
place:0.016786590230348303
it:0.00423278308320953
not:0.011165000158814165
should:0.020281631385598513
deleted:0.02168752775924899
have:0.009467603947178755
typing:0.034992056374230834
try:0.015039442421872794
ve:0.02253251480280783
open:0.2244109034955987
links:0.03548614716233908
network:0.022675862160676397
without:0.013871669659274659
be:0.003570748500848588
writes:0.00408186661121952
things:0.013794604494692898
if:0.008273461972387769
of:0.001200250528183572
even:0.010365181776333492
gives:0.022447681949358672
but:0.004106686557101297
supply:0.024925712553114467
well:0.01038807351946509
over:0.012382350324193566
in:0.001096788283299324
install:0.02727253324098537
message:0.02004518449728223
and:0.004713548327046788
complain:0.031416729700090545
still:0.01260314248289844
for:0.0020083263142720614
subject:0.0001647960301976438
i:0.004713548327046788
lives:0.0240275175921809
will:0.006995712005575829
the:0.0037222370863656934
do:0.0044340612278178804
can:0.010673654227626091
just:0.007249312120159789
about:0.012160693584220636
is:0.0016584730054979252
netters:0.03048040508692965
done:0.016349775008769742
right:0.011974528356730244
patch:0.06529905569037645
2:0.012027219457379066
gone:0.02425677405483187
run:0.0165236693110333
1:0.012089653653856225
fonts:0.030572538730242464
under:0.029966955890193075
pl:0.03899222146854859
give:0.014587878218246954
project:0.0237755299716855
by:0.012227598454532914
upon:0.021407873967240348
says:0.015808807064367703
built:0.02279319527206638
defined:0.02698043042499727
everything:0.03814398128300312
