sent:0.030394070647021595
43:0.08485240001997849
x11r5:0.07976562918522494
football:0.04588959472208795
fax:0.02527804413126768
with:0.004833284105698738
hans:0.10703809210800924
1992:0.03261112838747349
wrote:0.021285743592502984
my:0.0235590312726521
store:0.0368859756114097
most:0.015343764165016843
normally:0.03517232846380813
that:0.002866980375491544
servers:0.04354040846295579
re:0.003090417378331988
phone:0.024275596084376603
had:0.012681061865141613
on:0.008380311160979998
set:0.021895988298561334
used:0.016317880234188974
a:0.0023082712823907356
same:0.01605035826883151
following:0.022622432008593072
international:0.03277160843587929
21:0.033522339017804346
are:0.010626634406631827
no:0.009303683770103387
internet:0.023607718538137243
bos:0.04952853554389235
works:0.024587818128518513
it:0.002833515948264231
not:0.004982727343603016
expose:0.09803433714203119
austria:0.04970627277712346
analysis:0.035584844095061956
have:0.0042252116789062225
systems:0.024796835704814963
marcus:0.24114740567308107
machines:0.03261112838747349
has:0.008799789040384719
which:0.010676796136508411
if:0.005538433221185201
of:0.008034734940733002
backing:0.04647597270532997
institute:0.03216907313994468
but:0.005498208448350498
up:0.02220595653475016
parent:0.0446318111242208
our:0.018427896057689203
use:0.013741979568159902
and:0.0015776752664908673
gets:0.027581126796634745
pop:0.08725210266203631
for:0.005377667155571471
subject:0.00022063600737205204
i:0.0015776752664908673
we:0.022276758772131734
league:0.03214757907630784
48:0.04242620000998924
event:0.06864034625118963
the:0.0056064273470260145
when:0.021614453600722908
because:0.01458448180904557
instead:0.02535317612879869
an:0.007420645773237494
problem:0.03496802135612536
rules:0.03404558099643515
is:0.006661304798942081
save:0.11975240437756343
window:0.1729087309995938
applied:0.03658677686212077
under:0.08024209676382278
by:0.008185417147249307
attribute:0.0990570710877847
