another:0.01774004264310863
cleaning:0.043298268829421754
week:0.027582710435244667
at:0.007047720099635449
hide:0.03986630398527489
bradley:0.17681959324751112
from:0.006772578035441405
name:0.02209786004664201
to:0.0022051186561453293
lock:0.040444869277911896
export.lcs.mit.edu:0.04654198969428707
next:0.021427040189993404
its:0.016542596448273363
me:0.008668709443236357
re:0.0029915240222253645
this:0.012599578520914057
93:0.029288123966435212
off:0.017467659583650805
apr:0.02981766621630399
cage:0.04248400727494222
28:0.035380523225989974
m:0.010950517696928577
answers:0.03352488977801906
a:0.0033516099020313482
false:0.03349686873360944
was:0.01416737814562217
xv:0.12694136426209182
3.00:0.14140456041455052
fled:0.045473738553290885
no:0.01801193177892016
it:0.010971373751679102
not:0.014469840205823158
texas:0.03174535737335202
have:0.004090004905181223
date:0.028622393518266585
per:0.028294600924584138
real:0.02046075083198598
second:0.021997566213218134
has:0.025554587373277225
escaped:0.1264413461764236
be:0.0046276900570997705
found:0.02139616404205598
writes:0.005290099128140499
certainly:0.024606058218045127
down:0.03782984923125053
if:0.005361203358107274
of:0.004666574053577728
seen:0.020739719124978823
gmt:0.03389838668980028
women:0.0302345215506674
nearly:0.034321126540795326
up:0.010747682962819078
direction:0.03534520308031704
waco:0.03107740567593001
in:0.0028428752303118476
door:0.033839778369063704
u.s:0.028221939207989585
heading:0.04510726226504053
office:0.02920590330436929
repeat:0.037611494768146986
message:0.02597855910847777
and:0.003054379315926319
subject:0.00042715131027229274
i:0.004581568973889478
joseph:0.03267358902915002
the:0.006030024079912424
thing:0.018111459480999653
when:0.010461395542749887
last:0.017441300416475982
finally:0.029092195806368844
lab:0.0344776873103481
alarm:0.0479436224064878
general:0.023587442904700412
is:0.0042987620302506226
capital:0.0408552156330123
done:0.021189308411365588
morning:0.034321126540795326
broke:0.040118293321749855
blast:0.046124503668922505
article:0.0064826630425328085
by:0.007923483798537329
john:0.04290365439330953
vacation:0.04729019815837366
