thu:0.1419724502154122
some:0.014066709338956075
folks:0.04461705843728648
29:0.1099996564648317
help:0.025784249639057795
uni:0.07414724034225417
with:0.00704611297336804
4:0.029930957881670835
from:0.020399331432052425
considerations:0.07031044840106701
to:0.0033209618315441706
software:0.033925131186521164
considering:0.048257469341627626
motif:0.05664381742190811
r:0.037352045382278674
could:0.018182038015976596
anything:0.027966760847221734
greatly:0.04702324276868195
this:0.006325089618932759
apr:0.08981224763946985
on:0.006108540063123976
you:0.006696373366370143
x11:0.06424386621691787
am:0.019690799478329708
3:0.02821043306792313
a:0.001682535091381199
wondering:0.04336064460069033
was:0.010668206434956454
deals:0.06492473622009066
model:0.044083753151609034
analysis:0.051876700427740924
term:0.04695999751704166
date:0.04310601433473883
doing:0.032297625363437533
references:0.049751416831465826
status:0.0530202733975812
regarding:0.047674655073143106
installation:0.05976263228836942
be:0.006969412736596041
which:0.015564967861656842
if:0.008074101442932642
of:0.004685315314837076
supply:0.0486501859470427
please:0.023077293456689817
email:0.03305901998756555
in:0.00428143859986724
or:0.008124234430157655
and:0.0022999844246433124
for:0.011759597454653277
subject:0.00032165008303636504
i:0.0022999844246433124
appreciated:0.04078026649609932
info:0.10646007684550833
any:0.024657524488886924
the:0.0009081361566133169
hello:0.04661796133315388
would:0.01123674272414911
specific:0.04415850949964377
1000:0.05629658322268531
linux:0.06424386621691787
about:0.011867664823155079
unknown:0.056857065338768366
2:0.023474813880667578
1993:0.0730037542894009
x:0.07337734914568922
image:0.04459112044498406
project:0.09281050254007352
hp:0.05211623501272681
