thu:0.14370382155950256
some:0.014238254574797002
folks:0.045161168906033874
29:0.11134111569001258
help:0.026098691707826794
uni:0.07505147498057435
with:0.007132041180360334
4:0.030295969563154623
from:0.02064810376658965
considerations:0.07116789289376295
to:0.003361461366075197
software:0.03433885229855191
considering:0.04884597506530601
motif:0.05733459568315089
r:0.03780755813084305
could:0.01840377018690314
anything:0.028307818906334194
greatly:0.04759669694878783
this:0.006402224858188037
apr:0.09090751895214631
on:0.006183034454137682
you:0.006778036456203926
x11:0.06502732800005101
am:0.019930931179284947
3:0.02855446273948317
a:0.0017030538120077988
wondering:0.04388943294947923
was:0.010798306513431532
deals:0.06571650129594543
model:0.044621359897360366
analysis:0.05250934311588411
term:0.047532680413590954
date:0.04363169743638199
doing:0.03269149884347946
references:0.05035814142697151
status:0.0536668620975517
regarding:0.04825605330574241
installation:0.06049144487725197
be:0.007054405574847211
which:0.01575478454289656
if:0.008172566094675723
of:0.00474245330648143
supply:0.04924348089761639
please:0.02335872386469823
email:0.03346217876790172
in:0.00433365126571928
or:0.008223310459793723
and:0.002328033015187743
for:0.011903007179710023
subject:0.0003255726450246134
i:0.002328033015187743
appreciated:0.04127758681922247
info:0.10775837046557551
any:0.02495822600704408
the:0.0009192109877915281
hello:0.04718647305672892
would:0.011373776172004586
specific:0.04469702790817601
1000:0.05698312692052294
about:0.012012392442949653
unknown:0.05755044418436311
2:0.0237610920987245
1993:0.073894043975857
x:0.07427219486697811
image:0.04513491459675216
project:0.09394233793690368
hp:0.05275179885434543
