at:0.007104556552051863
out:0.009501428218390805
there:0.00740144343207377
help:0.03451762451680317
all:0.007694095408437832
thanks:0.016075698749323894
sector:0.043001942709711145
i.e:0.027859185459479057
enter:0.03820286232758429
way:0.027941497089460376
motorola:0.0393007024431051
to:0.0033343528066713648
besides:0.03266199027529749
then:0.012870002820772606
value:0.03011171628836022
that:0.0027976179470522323
like:0.018784501024333437
could:0.012170235123597236
happens:0.030129657377248212
me:0.008738618390359231
anyone:0.013491247980978961
this:0.008467458683409984
off:0.0176085278060996
hi:0.025411424677535523
fork:0.05094145062826509
something:0.01605372029970583
on:0.004088780848703951
products:0.06532398055059498
am:0.01318013190888198
a:0.0033786390141445043
other:0.011123451514773473
as:0.0064525335501372455
austin:0.040377568512657704
following:0.022075115105159367
developing:0.03976165739342726
output:0.09888769811937388
based:0.024362121063714052
printf:0.22808102194455648
are:0.005184769206461496
d:0.029384584231887667
pipes:0.09632095792924422
statement:0.028009672739458112
try:0.019648303809220908
without:0.01812266520002012
of:0.0031361384768667524
trying:0.021744582444099967
interface:0.06810805704522391
but:0.005365187276212986
understanding:0.03237221600734537
using:0.017777585311652584
one:0.007929926675609858
in:0.004298702465189285
5:0.020958652313852282
or:0.005437995626637784
use:0.013409512320543129
and:0.0030790114071837893
for:0.0026237811525167258
subject:0.00021529803945176046
i:0.0061580228143675786
hangs:0.047671570724166994
we:0.010868902465435242
top:0.027271227630381575
any:0.008252316663619414
research:0.024897834520457882
program:0.06717661529961472
currently:0.029023657273042715
the:0.003039326653181665
do:0.005792886442794328
when:0.02109152327167316
returning:0.04649647547270414
int:0.043647448416755795
development:0.0313488954278726
an:0.007241114020659167
laboratory:0.03860366610623165
is:0.002166714732989225
write:0.02624333810473801
else:0.020375421172081104
time:0.012737983628255754
type:0.026133165405900775
512:0.04282662023683691
runs:0.030256375164865602
x:0.12278870925589122
advanced:0.03728019820518313
supposed:0.02942495976948678
comes:0.024388518848754127
tx:0.03820286232758429
x-windows:0.09354917959171746
s:0.005003518394000148
