22:0.017075190984642424
since:0.02460026586152067
77:0.045401928764892324
looks:0.014029120796614307
24:0.03002527663006935
pixel:0.020146912776081265
at:0.0036105123461247176
out:0.004828594668362541
there:0.003761389285152244
help:0.008770871803449988
case:0.07090687602929217
thanks:0.00816961739719739
fax:0.012535423524112252
your:0.010327313296567726
with:0.0023968335114325713
4:0.02036286478834983
though:0.010186656563978196
from:0.010408675259387405
r4:0.024831601510667097
several:0.02310206042678194
my:0.0038943207431569728
colormap:0.0739482664676058
to:0.0033890143280922067
0:0.060084529319187424
crary:0.0246494221558686
visual:0.14701725704336707
most:0.007608997803143599
class:0.04878897137297954
bit:0.011168377860884015
depth:0.08619890039099116
need:0.007873778653677199
re:0.0015325430441728303
server:0.01640351944732637
complete:0.015177114140552369
so:0.004187748349938197
phone:0.012038307894301513
error:0.030864411140754087
this:0.004303134740749336
on:0.0020779050214724997
you:0.013667188264148897
tell:0.009877151859108414
am:0.00669809982254658
none:0.014846353411562681
3:0.01919234380850508
answers:0.01717463615677206
a:0.003434026538966545
looked:0.015266406575736413
was:0.007257878148372013
as:0.006558312788664086
border:0.019887982851402856
03:0.026833047280806165
far:0.010202369148038532
plane:0.021189637574012814
are:0.01053953084592173
no:0.004613712033534877
internet:0.01170710632424019
manual:0.01610490736427362
book:0.012744666027392104
01:0.024474997506611237
it:0.002810290407704688
not:0.014825655948589301
should:0.006732836648497867
have:0.0041905787962922365
only:0.010930624903846612
45:0.03697034105947265
p.o:0.018879747703651983
attributes:0.024474997506611237
able:0.010809283713568317
suspect:0.01591022566761377
36:0.04293385423387657
screen:0.030641862050049574
be:0.007112228571362352
which:0.01588392212111702
writes:0.0027100917664654198
get:0.005386778587258698
if:0.01373259056892232
even:0.006881801015434532
but:0.002726570582993485
supply:0.03309807732462741
seems:0.009657733972873271
find:0.008673962039645043
box:0.01298581561765003
in:0.002912781998270336
parent:0.02213298830340458
use:0.006814670195685853
and:0.0023471152530171505
for:0.006666984895739221
subject:0.00010941375775417335
create:0.03117086632166901
i:0.004694230506034301
acceptable:0.018967887888983802
ways:0.014624337628193011
oreilly:0.02512101776974068
the:0.005869388192537708
wrong:0.010833696954220741
do:0.0029439258971577734
got:0.0181324083740211
would:0.003822334615181869
can:0.010629909743086639
correctly:0.017861899463239257
planes:0.022538094183062907
may:0.007627153800982914
mask:0.0219908343772247
problem:0.017340699115127742
just:0.00481306788305691
belongs:0.022485211376358366
is:0.005505586616611964
new:0.007065571987227652
gave:0.015212598004253657
window:0.04287286157981732
does:0.004993806616137399
2:0.015970570099142697
request:0.01598484027620628
1:0.016053474523973023
23:0.01774455596867234
article:0.0033210363947401684
give:0.009685394554737733
going:0.008925474114957716
data:0.012026006652482837
says:0.010496011247653968
seem:0.011310297356130074
giving:0.015546585849545392
summary:0.01763047892361724
attribute:0.04912256394107357
