sent:0.0350255480789487
correct:0.0623279512415514
send:0.027936639246440218
i.e:0.032900371399765746
text:0.06888692825206795
post:0.02459597908982077
subsequent:0.052752717231589176
my:0.009049659631717156
single:0.03096596829059405
to:0.003937711885973802
visual:0.04880572886881846
remains:0.043974797417217444
mail:0.029183957188912917
motif:0.08955117801939759
me:0.010319892194328998
anyone:0.015932521425156106
children:0.03192739874303358
state:0.02531155606610111
consists:0.05177505862149315
openwindows:0.10499746785208958
a:0.003990011788132557
as:0.0076201348592097
button:0.22645257463279278
shell:0.22948666103213125
are:0.006122965539059291
causes:0.04063953618452111
d:0.017350897355971766
mwm:0.05728056196220894
not:0.005742000081675857
application:0.10543907736619797
app:0.05189191664617709
messages:0.04166705010843716
has:0.01014070927511001
which:0.012303736500166838
if:0.006382384950127708
of:0.009259075503130411
seen:0.024690141815450983
but:0.006336030688099146
present:0.03451905031266004
tracing:0.057489884883340135
please:0.018242051018145286
in:0.0016921876370903856
or:0.012844027765773055
sensitivity:0.15234973988583378
subject:0.00025425673230493616
any:0.009745593012274355
event:0.03954991379235212
suggestions:0.03768567972448455
the:0.008614320114160605
when:0.024908084625594972
solutions:0.04483144729019782
problem:0.020148240876624614
many:0.017649533595981846
is:0.01023514769107291
multiple:0.040895469691674416
window:0.03320945468404897
events:0.03874808435215833
selection:0.050474339240486
hidden:0.04863716146787179
under:0.06935209791730397
by:0.009432718807782535
while:0.0206699286274145
john:0.025537889519827103
