22:0.022766921312856566
77:0.06053590501985642
24:0.10008425543356449
all:0.005213485413367711
tried:0.03385643773810569
fax:0.01671389803214967
with:0.025566224121947423
from:0.004626077893061069
both:0.012271607007148841
colormap:0.0985976886234744
to:0.001506228590263203
stderr:0.041780742214124665
obviously:0.020119634321453316
visual:0.08400986116763834
client:0.02735966391021615
that:0.0018956536908987804
bit:0.014891170481178688
server:0.04374271852620365
phone:0.016051077192402015
error:0.061728822281508174
this:0.002868756493832891
on:0.011082160114519998
tell:0.0263390716242891
am:0.01786159952679088
a:0.003052468034636929
same:0.010612531970101707
was:0.0048385854322480085
as:0.013116625577328171
running:0.016543499521566675
following:0.014958001492020555
03:0.035777396374408216
far:0.013603158864051374
display:0.20142739983253977
plane:0.08475855029605125
internet:0.015609475098986919
manual:0.021473209819031492
xlib:0.05915064047735212
01:0.03263333000881498
it:0.001873526938469792
not:0.01317836084319049
have:0.005587438395056315
only:0.007287083269231074
45:0.049293788079296866
p.o:0.025172996938202644
sgi:0.03041767368035507
attributes:0.06526666001762996
null:0.03034230033536963
able:0.014412378284757754
exit:0.029078206696568267
doing:0.014648649755001722
36:0.05724513897850209
status:0.07214233921310229
which:0.007059520942718676
found:0.014614866148945341
get:0.007182371449678264
if:0.007324048303425238
what:0.0050297382677411545
but:0.003635427443991313
box:0.017314420823533374
code:0.01770771863569233
x11r4:0.06264728457210625
message:0.017744917423823614
and:0.003129487004022868
for:0.0035557252777275845
subject:0.0001458850103388978
create:0.041561155095558674
i:0.008345298677394314
information:0.013326892264938606
event:0.045385146974830294
the:0.004942642688452807
wrong:0.02888985854458864
hello:0.021143665522687274
can:0.014173212990782186
did:0.008983120455972488
correctly:0.023815865950985674
planes:0.030050792244083874
may:0.010169538401310551
an:0.009813094410510785
problem:0.023120932153503655
belongs:0.02998028183514449
is:0.0014681564310965241
win:0.037043447034189526
gave:0.02028346400567154
window:0.057163815439756425
request:0.021313120368275037
1:0.010702316349315347
23:0.023659407958229784
change:0.01624048692847261
give:0.012913859406316976
side:0.01759761791568958
hp:0.047274836131763115
data:0.016034675536643783
attribute:0.03274837596071571
main:0.020319218642769553
include:0.05510693890564921
