some:0.011675368751333542
choice:0.03772362674518543
computing:0.04362461479179042
fax:0.030586433398833896
with:0.005848273767895473
into:0.017908039029823863
work:0.020250724639903038
post:0.025825778044311805
ext:0.054610737678471515
name:0.027622325058302512
my:0.009502142613303012
to:0.004134597480272492
receive:0.042824187715055057
obviously:0.03681893080825957
building:0.038004675688386516
then:0.015958803497758033
make:0.017600804833497036
nt:0.007140785517224385
re:0.0037394050277817052
effort:0.04062356886728703
exactly:0.03216382653272008
so:0.0102181059738492
phone:0.02937347126209569
he:0.015901332075202352
personally:0.03918844605106501
united:0.03921521982877217
why:0.017797225801540063
a:0.0013965041258463952
same:0.019420933505286123
was:0.008854611341013856
part:0.02449222112413277
worth:0.03515163618791838
xv:0.10578447021840985
3.00:0.05891856683939605
it:0.01028566289219916
not:0.006029100085759649
should:0.016428121422334796
whether:0.028574585848818248
money:0.0620043953345826
university:0.023503401015986535
shareware:0.04960298479934662
has:0.02129548947773102
escaped:0.052683894240176506
his:0.018444290415052567
g:0.07070003922023005
if:0.006701504197634093
of:0.005833217566972159
department:0.034680755826929366
up:0.026869207407047693
good:0.016200098513594993
email:0.027438986589679408
in:0.0035535940378898095
or:0.006743114577030853
and:0.005726961217361847
for:0.00325348862912074
subject:0.000266969568920183
i:0.0038179741449078986
44:0.09089566071945993
suggestion:0.04628164644912047
the:0.0037687650499452652
do:0.007183179189064966
thing:0.022639324351249566
would:0.00932649646104376
put:0.024874592995467792
individual:0.03861686191266553
just:0.01174388563465886
is:0.002686726268906639
fee:0.050309160471486154
self:0.08504226844020352
time:0.015795099699037137
keep:0.026494145841259212
lot:0.024785533882653907
engineering:0.03866749493223099
position:0.03442842957212212
by:0.00990435474817166
john:0.08044435198745536
s:0.006204362808560183
