library:0.01993861234143419
sent:0.01751277403947435
above:0.012965028714897835
replacement:0.023513455352774305
manager:0.018699515904350466
read:0.01079525267570439
configuration:0.022586828450937308
terminals:0.0818889505478246
programming:0.041788374163460304
means:0.013498072478279777
existing:0.020617484077885957
access:0.01596369937151679
widget:0.023995615989465605
with:0.008354676811279247
missing:0.020560226016139282
c:0.012314750930614096
from:0.004031296449667503
except:0.015354101995256256
my:0.004524829815858578
via:0.01627729227912212
single:0.03096596829059405
to:0.005906567828960704
clients:0.050888483163721604
boot:0.02337441175900163
berkeley:0.025887529310746574
client:0.023841992836045503
slip:0.027703565294218496
terminal:0.02273426762048001
nt:0.04080448866985363
servers:0.05017513737159667
me:0.005159946097164499
font:0.023767000660006744
effort:0.03868911320694003
server:0.01905932735784588
behavior:0.04046084783732566
file:0.014468980392659092
editing:0.027789367701374107
unix:0.03773873729638413
on:0.01207163869617357
set:0.01261625992440915
market:0.018623120071776297
libraries:0.09551974600416632
support:0.05217059637206679
xterm:0.024942524840633057
fun:0.019601203118732553
more:0.006054376313432029
a:0.0006650019646887596
want:0.009012371274819913
target:0.02282497331081665
standard:0.014495450192677319
layout:0.027296316849274867
local:0.014554206913885486
hands:0.01907319026359568
minutes:0.01897698689541702
based:0.05754100975048653
shell:0.02294866610321313
product:0.01900427582260266
mwm:0.02864028098110447
it:0.0032652898070473523
not:0.0028710000408379284
have:0.004869053458549075
received:0.018425194241198914
neutral:0.025186778623430918
minimal:0.024620340800281557
between:0.011061265933554313
snail:0.05413540303963201
command:0.019601203118732553
follows:0.020447734845837208
loading:0.02714269369585477
be:0.008263732244821019
common:0.03205836228220334
applications:0.09286431017605552
of:0.0027777226509391236
powerful:0.043822413213918006
windows:0.07849163375495719
who:0.006157394639208802
one:0.004682432894169631
email:0.01306618409032353
in:0.0008460938185451928
5:0.012375585175798492
system:0.02128783170707167
message:0.01546342804076058
and:0.0018180829261466185
still:0.009722424201093082
for:0.006197121198325219
subject:0.00012712836615246808
sockets:0.028056460399712407
i:0.0009090414630733093
special:0.01664624377554773
info:0.028051385327546644
ago:0.013624598692212593
socket:0.026249366963022394
information:0.01161343468801793
capabilities:0.02440286443440923
the:0.0017946500237834594
users:0.03760664350720174
quote:0.019214085297812333
can:0.008233961832740128
home:0.013949347866006422
conflict:0.022500507571925135
facilities:0.025186778623430918
here:0.008573337645825697
about:0.00469055323962796
today:0.013519648884754062
simultaneously:0.026312439471355822
multiple:0.040895469691674416
window:0.03320945468404897
serial:0.019711037751737298
x:0.18850990411475874
fonts:0.02358452987761562
header:0.02503872820881172
full:0.02942535698974527
side:0.015335067040815206
corporation:0.04523190668299306
by:0.0141490782116738
functions:0.022304976682411926
poster:0.021689682722983324
include:0.016007253682117153
s:0.002954458480266754
