sent:0.0287318949085126
folks:0.028931373830427952
know:0.009639649419205483
send:0.02291677438184549
means:0.022145275159677756
allows:0.0322865108214544
with:0.0045689638811683385
212:0.045451161810827215
name:0.021579941451798836
to:0.004306872375283846
city:0.028748324988174936
mail:0.023939964881530124
arrived:0.0412402516488531
nt:0.011157477370663102
asking:0.028011193864362453
me:0.01693107313132101
unix:0.0309575579384401
on:0.01584402578872781
sam:0.03851910559988266
more:0.00993296113922442
a:0.0032730565449524884
other:0.010775843654936803
was:0.006917665110167075
as:0.012501783753390913
said:0.017121131473933064
hands:0.03129195277621166
product:0.06235778004291498
d:0.02846631597464118
telephone:0.03497753427733735
it:0.005357116089687062
not:0.014130703325999177
application:0.028830997717319756
kind:0.021527552320023905
neutral:0.04132205867906635
between:0.018147389422237543
snail:0.08881589561189626
has:0.00831855057723868
details:0.02980329595539324
call:0.020757469515614902
be:0.004519228571386495
which:0.010092908847793108
applications:0.030471101776518218
get:0.010268546681961893
of:0.0030381341494646664
cheers:0.034016895909096456
vms:0.045881316320069615
but:0.01039505034766266
powerful:0.07189614667908423
ok:0.025498821800866656
york:0.02939974380801127
windows:0.04292511220974221
they:0.014576869132933495
one:0.0076821164669970505
email:0.042873416546374075
in:0.0027762453421014137
better:0.01747043649454221
and:0.0014913961503546479
for:0.002541787991500578
subject:0.00020856997571889294
i:0.0059655846014185915
person:0.02191558155526446
info:0.04602180405300621
information:0.019053291285029413
yet:0.020547412052235654
the:0.005299825851485529
do:0.005611858741457005
quote:0.03152310869172335
conflict:0.03691489523518967
people:0.01175994640682123
address:0.024943916827606334
many:0.014478133027953855
different:0.019743882015712873
is:0.008396019590333247
number:0.03909788825621497
today:0.022180673951549632
new:0.01346874660065271
function:0.03213281734021452
give:0.018462783369968802
side:0.025159094363837446
corporation:0.07420859690178548
by:0.03095110858803644
poster:0.035584635717394515
s:0.009694316888375286
