report:0.04313327526675858
tel:0.04619827362839064
50:0.03921799192191399
send:0.03333349000995708
fax:0.034757310680493064
your:0.014317411615696166
with:0.006645765645335765
c:0.029387473811692728
to:0.006264541636776504
attractive:0.06673646010191944
then:0.018135003974725037
enough:0.02763805144247041
r:0.03522977007646739
nt:0.008114528996845892
me:0.012313507731869826
re:0.004249323895206484
this:0.005965709526947943
you:0.03157948803458647
am:0.018572004053424608
a:0.006347746026574523
anymore:0.05035743580302265
test:0.0812704512268107
as:0.009092206366102482
are:0.02191743346367814
49:0.11308104436512387
invited:0.06424370068743872
have:0.005809666058496055
after:0.021922882814374448
b:0.06956609878441458
willing:0.0812704512268107
june:0.05222814011773349
univ:0.10555916752852744
writes:0.0075143453524723
if:0.007615345679129651
short:0.03935202120024168
looking:0.05895193966833282
version:0.0354598932689271
english:0.05020625437545034
seems:0.026778262379330432
please:0.021766083601196078
now:0.018771754521343685
in:0.0020190875215283007
and:0.004338606982849885
completed:0.06110445777120965
for:0.0036971461694553865
subject:0.0003033745101365716
however:0.02723976027496492
i:0.0065079104742748264
rainer:0.22448876810793922
the:0.0008565375113511966
do:0.008162703623937463
thank:0.04125561712238084
beta:0.1861729693584256
forward:0.0491550852960946
german:0.053359158246677044
address:0.036282060840154666
is:0.0030530980328484533
new:0.019590904146403944
e-mail:0.03124654291650303
article:0.00920832818541592
documentation:0.050876413494308874
respond:0.045954633500687576
included:0.04253160739205646
