where:0.025307627373065227
from:0.023193760395347277
work:0.02774071868479868
my:0.01301663371685344
to:0.0018879440549189463
w:0.08477646178162612
mail:0.04197692472377885
v:0.10538762503841129
nt:0.009781897968800527
re:0.010244945281593712
3:0.03207487595393999
openwindows:0.07551187756485893
false:0.05735765194111205
j:0.04183737889765565
worked:0.052659778638004785
gary:0.05814628004825559
following:0.03749745579506522
fine:0.044372007916720003
andrew.cmu.edu:0.1116377919651304
place:0.037252433113923636
it:0.009393299444930739
have:0.007003433056817162
larry:0.12451460372528755
mouse:0.05953331749627165
personal:0.045943773578023504
which:0.017697155239965998
writes:0.009058388918048799
wm:0.14828174256651283
oh:0.044242687453992784
seems:0.03228064506001477
virtual:0.13528289381048228
find:0.02899242106401904
up:0.018403566717155952
in:0.0073019055573078275
and:0.002615050784183492
subject:0.000365711738246826
i:0.007845152352550476
ol:0.15530720911302454
the:0.0010325383698480178
got:0.030303477008638
can:0.01184336975942073
about:0.013493372333176322
today:0.03889214062737469
3.0:0.06332526818414667
does:0.01669162759366473
man:0.07939861202178626
excerpts:0.07969518783268333
pages:0.12317788689872779
resource:0.06794929424568029
show:0.04123381739362784
falls:0.06774329592561809
article:0.011100450415295903
full:0.04232414361538703
summary:0.05892927201866584
s:0.025497381405041847
