positions:0.2546923208723986
default:0.2526144887158835
your:0.13262444444013288
re:0.019681079093587923
this:0.027630654651127313
on:0.026684675012594205
wm:0.2848570317725115
windows:0.1445898516538685
in:0.01870312651520952
thomas:0.19389500073837368
or:0.035490076721215014
subject:0.0014051029943167523
the:0.003967121105205542
places:0.20078009906791236
random:0.23490542363055647
behaviour:0.27838018478528903
specify:0.27568053771226003
