school:0.017826100371549535
at:0.004318455943404073
there:0.008997833191932817
know:0.01209681495743433
help:0.010490650588440181
default:0.023527820027459737
rick:0.07077444825189115
thanks:0.00977150316135374
with:0.017200805199692568
way:0.016984047250456307
setting:0.021087435575306894
ca:0.010081120569080006
into:0.00877845050481562
turn:0.0670878065630297
my:0.004657913045736771
to:0.00810705388288724
line:0.013842175239245042
scientific:0.020699507533352365
clients:0.026192601628386117
software:0.0138028720023591
client:0.04908645583891721
that:0.001700512869776847
problems:0.013446437430842026
like:0.005709015017199379
really:0.009565665407798657
nt:0.01750192528731467
servers:0.025825438353027697
me:0.005311709217669337
need:0.009417656821064883
so:0.005008875477377059
anyone:0.016401124996484228
file:0.02978907727900401
this:0.005146886650700186
off:0.021406445568199515
something:0.009758143711585896
on:0.014912024271743821
you:0.002724504850042754
machine:0.015945094874138956
disclaimer:0.018402232975853857
them:0.0071855841741776515
support:0.026852512838563783
m:0.03354938019892333
a:0.0034228042300156743
how:0.012895715659109061
want:0.018554882036393938
running:0.029680984435751977
copy:0.016748097769918344
deliver:0.02948264218643107
advance:0.015507358905277694
display:0.018069222632036655
internet:0.014002617368208854
magic:0.025253688824960242
it:0.0033613277425487446
couple:0.015470548013012345
have:0.0025061304566061414
ve:0.008946733818761933
machines:0.01934287517100143
university:0.011521275007836536
able:0.012928751108385633
second:0.013478900865942483
doing:0.013140700515516251
be:0.0028355943977327026
dropping:0.028606702045532166
applications:0.01911912268330555
if:0.0032850510772716142
of:0.003812560501288993
trying:0.013217295211119588
electrical:0.02322134768931594
department:0.017000370503396745
what:0.009023942186241482
but:0.006522384531866767
least:0.011802266581894521
heads:0.047575174664140164
using:0.010805983228651572
authorization:0.06164463079442764
one:0.004820151508704032
in:0.0008709789308553455
cpu:0.02192383516859495
our:0.010930271681276438
confirm:0.027566630869337874
yes:0.013072773875019063
speed:0.01646306454355775
or:0.0033054483220739477
and:0.004678889883465562
for:0.003189694734432098
seriously:0.0190046748205752
subject:0.00013086743574518774
i:0.009357779766931125
we:0.006606587773107696
back:0.010325278039546752
turned:0.019249501666243125
the:0.0029558941568198155
users:0.03871272125741355
do:0.014084665076597974
would:0.004571811990707725
can:0.0042380685903809475
btw:0.018391130002173208
people:0.007378789902319203
is:0.0013170226808365878
3.0:0.022660512634523077
having:0.012827898982452752
maple:0.027639253838872873
assuming:0.019451812116024522
does:0.011945968768014953
their:0.007420017738145657
run:0.013121737394055857
accomplish:0.027286442566200872
first:0.00920370014407373
engineering:0.018954654378544603
changing:0.020992248879928947
remote:0.044172179635487405
takes:0.017528920852841523
understand:0.014687045406547321
checked:0.022062579169393245
by:0.009710151713893785
hp:0.021204154441452572
seem:0.013528002720077146
appear:0.019356360628706774
