library:0.015115915493506065
another:0.008005434405734941
ability:0.043411079409297046
block:0.01584035843741275
there:0.003313281536379594
formats:0.01819162223028078
know:0.008908845672623119
all:0.0034442881972790297
small:0.010789696390852027
essential:0.018311970317889417
with:0.014779031182407332
into:0.012929992079295209
such:0.006942300373529959
work:0.007310730916932504
drawing:0.10274153013783756
turn:0.012351906623518106
both:0.008107234954181365
several:0.01017491470060432
my:0.006860752789388457
to:0.005472993054512325
line:0.01019423736031043
aid:0.01793466815638946
most:0.006702510700242015
tool:0.016972696195012175
respect:0.014755805736224264
connected:0.016407158974631755
software:0.010165292016177822
that:0.007514179612299136
produce:0.030436673565562428
memory:0.012208058578221355
kinds:0.016461720843982112
like:0.004204473153460914
me:0.00391187249243518
larger:0.015364085718847594
so:0.003688846921967221
ps:0.016265567952417744
programs:0.07653102074284152
these:0.005980635281945641
texts:0.019625924748219423
unix:0.014305297531120335
on:0.0073214270792677245
tell:0.008700451457120768
am:0.005900131251629479
etc:0.008383841109957529
them:0.005291910366542386
e.g:0.014654423177585906
size:0.03899866935450398
support:0.01977585783056683
a:0.0025207655701198466
how:0.004748602878083481
other:0.004979451219609786
want:0.013664967275900228
objects:0.0169307177184955
part:0.035367828338097866
standard:0.010989330470982805
logic:0.01499184457832842
converts:0.021133994064825846
features:0.03123211195708538
straight:0.014428381326582343
electronic:0.015572820631803645
files:0.011946973157356279
are:0.011604898584859667
no:0.008128128059079493
works:0.010740527052529748
it:0.008664216636028172
have:0.0018456700835655338
stay:0.014255225878181163
ideally:0.021411831758458077
connection:0.015544282077626342
screen:0.026991387509790958
free:0.020848431726532387
800x600:0.021411831758458077
component:0.019171483427320495
be:0.0020883077874998966
which:0.00932774247305067
composed:0.02204126636908904
if:0.002419315594813752
of:0.010529273586592346
flow:0.03726331534582537
looking:0.009364207023128679
but:0.0024017444846585207
parts:0.013172184156737765
ok:0.01178284906321636
comfortable:0.019132872275274476
lines:0.03826551037142076
fact:0.008658004074472344
must:0.04183141565847468
postscript:0.018162151794760346
one:0.007099717745672364
rest:0.011792891095569706
boxes:0.017799442298862746
in:0.0019243289013843733
cpu:0.01614607355376668
symbol:0.02127024073624406
system:0.008069394690406228
or:0.002434337392429911
and:0.004824155056742832
for:0.0046981785258061225
monochrome:0.04391263745001784
known:0.011757865515041004
subject:9.637890574735848e-05
space:0.0110379521931881
offer:0.01269012136747956
i:0.005513320064848951
any:0.025859244996468054
circles:0.02014592247465602
program:0.03007184222798637
connect:0.016592333322601252
than:0.005164625567579282
the:0.00408169499994072
less:0.009923702370383673
would:0.0033669662314237403
can:0.0031211768680061854
linux:0.057749901400767314
flexible:0.021133994064825846
generic:0.019900242101930334
an:0.0032415095254936343
documents:0.01751865637452093
just:0.00847933980841795
draw:0.04573320797982544
general:0.01064415293533412
is:0.0009699372811937325
move:0.012768321716870099
usage:0.018631657672912683
solid:0.016265567952417744
handy:0.018945778167460084
disk:0.01263891329891654
window:0.01258842145063228
run:0.009663662196344385
experience:0.01195748294149873
wanted:0.01099335736298232
x:0.02198671472596464
circle:0.019670221111366765
various:0.01286851616734725
under:0.008762900458865124
very:0.00629329419416407
demanding:0.021559203579830835
three:0.01053605778509918
supported:0.015779168696207792
data:0.01059330549893795
compile:0.01883800573731683
include:0.012135463080305421
