above:0.05338541235546167
read:0.044451040429371015
there:0.017995666383865634
thanks:0.03908601264541496
with:0.011467203466461712
my:0.018631652182947083
to:0.0027023512942957466
amiga:0.19761095520736377
day:0.049868686975742586
r:0.060788622877041766
really:0.03826266163119463
could:0.08877112678388573
me:0.021246836870677348
articles:0.08258605138626797
this:0.010293773301400373
hi:0.061784640392439305
on:0.01988269902899176
them:0.028742336696710606
roger:0.08654421124640377
posted:0.06692903773493913
a:0.0027382433840125392
other:0.0270452546633708
couple:0.06188219205204938
larry:0.1782267857244312
were:0.03041771171514312
of:0.003812560501288993
they:0.01829254165701458
heading:0.11055701535549149
use:0.03260352015190879
subject:0.001046939485961502
i:0.007486223813544899
group:0.05288462617267931
any:0.02006445620174132
information:0.047820025185956176
unfortunately:0.07219398197697954
the:0.0029558941568198155
thing:0.04439083206127366
an:0.0176058458541517
x:0.05970901940286475
4000:0.22814700830532877
give:0.04633796610501974
before:0.04169008367103224
