another:0.02174024833714293
some:0.011446439952287786
click:0.055575618947307795
thanks:0.01954300632270748
with:0.005733601733230856
response:0.03442743679046414
from:0.008299727984609564
my:0.027947478274420626
to:0.006755878235739366
within:0.0634598081631925
then:0.015645885782115718
tool:0.04609251809821934
that:0.006802051479107388
generally:0.037909308757089206
so:0.010017750954754118
this:0.005146886650700186
on:0.014912024271743821
set:0.025974652785548245
focus:0.14702686223713066
am:0.016022905457856524
guarantee:0.04841005513806474
vs:0.03349619553983669
m:0.013419752079569334
openwindows:0.054042814335634334
a:0.004107365076018809
was:0.008680991510797898
question:0.02140182434654024
shell:0.04724725374190938
works:0.029167901897556275
it:0.0033613277425487446
not:0.011821764874038528
application:0.07236015113366527
always:0.026048589196065758
mouse:0.04260717820811599
be:0.005671188795465405
interviews:0.057576553813420694
of:0.0019062802506444965
what:0.018047884372482965
but:0.013044769063733534
seems:0.04620562920355055
using:0.021611966457303143
depending:0.04412515833878649
one:0.009640303017408064
in:0.005225873585132073
point:0.021583685894706477
or:0.006610896644147895
use:0.016301760075954394
and:0.0018715559533862248
for:0.006379389468864196
subject:0.0002617348714903755
cursor:0.1102665234773515
i:0.009357779766931125
example:0.027562344546646123
any:0.01003222810087066
the:0.002216920617614862
do:0.007042332538298987
when:0.025640675349877174
can:0.008476137180761895
generic:0.054042814335634334
may:0.018245348308233635
problem:0.04148167239305067
is:0.0026340453616731756
move:0.03467475603502958
having:0.025655797964905504
window:0.10255861005368064
matter:0.02961669619510336
x:0.05970901940286475
going:0.02135113415734983
