since:0.011839181203572078
tables:0.03571856753106931
stephen:0.024092658457935012
x11r5:0.028555151276367506
thanks:0.011795187248024632
way:0.010250726742878954
user:0.022376588660313702
method:0.07084434182390341
4:0.014699819551353131
r4:0.07170308601896772
my:0.011245139187340844
to:0.004077512307961038
w:0.05492912760407137
r5:0.10295945209502633
calls:0.07115307098446913
that:0.002052690091328265
configure:0.13900138435429374
and/or:0.023911136255289765
getting:0.016048530013163823
two:0.011034256997948588
am:0.009670629329593878
assume:0.020541352398160805
size:0.021306965308082057
vs:0.02021663872818546
m:0.008099495337964923
more:0.007523189501897786
a:0.0033053352091038934
how:0.01556642600271153
as:0.0142032099446808
running:0.017913966937554447
fake:0.03521467517402607
steve:0.01897724169724489
handling:0.028555151276367506
act:0.022080669011942926
advance:0.01871894211051272
are:0.0038042093585871333
no:0.006661217373861005
not:0.0035675148436447625
expose:0.21057079516306107
have:0.006050303114173407
made:0.01376082575099409
probably:0.014125584112598866
uses:0.0202070717741801
be:0.0034228476753696527
which:0.007644333328506022
get:0.01555472160107837
of:0.0011505360092647257
well:0.019915596569862068
in:0.005256795914038179
x11r4:0.03391850022690959
or:0.007980017250924086
better:0.013232046575747947
quest:0.07042935034805214
and:0.001129578149381035
gets:0.019747433978655648
for:0.0019251412006631597
subject:0.0001579701591243686
table:0.026804109014670095
i:0.010166203344429315
translation:0.05613294644611638
any:0.006054954238395309
actually:0.014463397201781565
event:0.09828972658454371
suggestions:0.023414179710478565
the:0.005798100076838869
do:0.00425040188702069
allowing:0.027819152935019957
when:0.02321315579012549
an:0.010626013474103392
repost:0.032855863676761195
just:0.006949044754236011
about:0.005828498108413441
handled:0.031173901917264202
changed:0.022362811797830916
draw:0.0499727755834779
is:0.006359115429364826
either:0.014813980515463657
protest:0.0342169076448202
right:0.01147854197509053
multiple:0.025408427914945637
window:0.06189927944068299
questions:0.01789453453991427
events:0.14444552154946597
man:0.01714822093961656
2:0.011529050604114844
appropriate:0.02392903992935211
1:0.023177797537570516
whatsoever:0.030761594694554206
capability:0.02904512703781267
give:0.013983646576071046
data:0.01736299185328883
differently:0.030818765765037854
while:0.012842263348393623
