me:0.18059811340075743
subscribe:1.7426599618932577
please:0.31923589281754244
subject:0.004449492815336383
e-mail:0.4582826294420444
