there:0.015169900588052024
thanx:0.0401046926920851
help:0.017686716694560307
send:0.024242538189059692
printing:0.040161105626551216
i.e:0.028549909065912423
your:0.010412662993233575
user:0.031253251930520795
from:0.027985859650584317
post:0.021343618218439508
my:0.0235590312726521
to:0.003417022710969002
within:0.10699008979579562
then:0.013189093799800027
appreciate:0.031729035829871854
mail:0.025324921527569058
id:0.03875875047953103
me:0.008955278350450784
need:0.015877702409068068
file:0.02511145357403644
ps:0.03723605225470839
this:0.01735479135112129
hi:0.02604146000011905
these:0.01369120638924746
on:0.004190155580489999
regard:0.03794071879730912
regular:0.03344663348558398
am:0.027013824077708522
etc:0.019192760226927567
reader:0.04257646710985033
support:0.02263600255812815
m:0.01131251828195101
sure:0.018033421654208293
a:0.004616542564781471
other:0.011399239568858768
as:0.006612513720801805
drive:0.023337221064512303
button:0.03930168650651776
computer:0.02215456946417616
are:0.005313317203315913
not:0.009965454687206032
application:0.12199562670469187
have:0.0042252116789062225
sufficient:0.03781191936741905
doing:0.02215456946417616
which:0.010676796136508411
get:0.010862594837116714
if:0.016615299663555603
of:0.006427787952586402
institute:0.03216907313994468
print:0.14533431506957764
please:0.015829878982688058
in:0.0014684272883842189
or:0.005572821964488308
and:0.0031553505329817346
for:0.005377667155571471
subject:0.00022063600737205204
i:0.01104372686543607
dump:0.04623640628488987
group:0.022290214337245002
any:0.008456919556105846
will:0.009366159875233756
ways:0.029490399845281772
the:0.001868809115675338
interest:0.030188305757585833
would:0.007707848314912199
can:0.014290346982441544
ny:0.03472060604613983
an:0.014841291546474988
bar:0.04164528394865931
replies:0.03703973749431081
is:0.0022204349329806934
window:0.05763624366653127
by:0.008185417147249307
summary:0.03555237072200501
include:0.027781184076401667
news:0.025362615836061312
specify:0.043288679475478854
