since:0.007437998600013685
characters:0.01882519297178254
at:0.0032749628715778105
know:0.013760689133735708
default:0.017842659054281732
x11r5:0.017939853404111927
happen:0.012571123517350614
displayed:0.019741639068281698
small:0.011110579554892235
situation:0.013100863527043115
matters:0.01767845378174219
thanks:0.007410359274781275
specifically:0.015044768222140004
text:0.0537778993789378
with:0.00869631787047654
way:0.006440047656306853
much:0.0064951556489216775
setting:0.03198391715511231
my:0.03179155521179446
via:0.025414359692309627
to:0.005123416952010524
remembered:0.022358583665546237
look:0.008814752134854685
make:0.006543050123976594
that:0.0038688248189718603
think:0.005352223150663774
motif:0.052432381182361036
memory:0.012571123517350614
bit:0.010130424528088102
really:0.007254259268367754
nt:0.005309134213549728
its:0.007687080133956022
me:0.004028210707823586
anything:0.00862914925769295
font:0.01855416408402013
sample:0.035042391729352855
anyone:0.012438027878374655
this:0.005854822732766754
getting:0.010082533725742327
best:0.009052699182012765
on:0.003769582343786542
set:0.039396499392207004
you:0.004132334493745143
am:0.0182267995171156
m:0.005088530528312535
more:0.004726464780002698
a:0.003634025606291734
want:0.007035680177368705
test:0.02658661601471874
running:0.011254499674523055
ascii:0.019585090795604648
part:0.009104914916034487
let:0.008569285289043958
modified:0.018356229085808935
fine:0.012041474267362677
are:0.007170015408192106
taking:0.012665241762645373
works:0.01105994793141539
hoping:0.017794998502500835
it:0.002549111001784178
not:0.008965204588490185
application:0.027437678125032925
have:0.009502799500885742
mistake:0.016609003698278318
japanese:0.05583812448590582
properly:0.016006565559488834
familiar:0.01712512431111927
environment:0.015604659869434183
be:0.0021504135953065847
dialog:0.020905549060761808
which:0.009605147453661842
found:0.009942455409877314
prior:0.017085785614723223
things:0.008307531331376392
if:0.012456327504896083
of:0.0014456549112694323
susan:0.04594452606982444
but:0.007419515489781527
initially:0.020120013396571445
english:0.016424350873753272
using:0.008194872039572195
please:0.014241006371042786
they:0.006936205386674674
up:0.0049942764697114665
depending:0.016731472678647667
sounds:0.013244254883125792
box:0.011778955430136085
code:0.036139544724888804
in:0.0033025966894886707
resources:0.016408010310656477
or:0.01504040426103536
and:0.0021289818651902778
gets:0.012406380454991837
for:0.002418950653621368
subject:9.924519290713122e-05
i:0.006386945595570834
suggestion:0.017205073029412814
acceptable:0.017205073029412814
walker:0.01811630893288116
unfortunately:0.013687334872958945
program:0.030966172108372582
source:0.011595791679181504
alternative:0.016186478350796826
the:0.003362466959058972
do:0.008010980508250892
when:0.01458372984584092
beta:0.020301389471550746
wants:0.01308749131075743
an:0.006675822591537076
variables:0.02212371786026173
problem:0.031458219956068165
just:0.013097270224526609
note:0.011009996650105939
actual:0.015101698463675477
1.2:0.019905070753862057
about:0.0036617701870701545
is:0.011985395995122553
either:0.01861384912351939
done:0.009846332904909659
easier:0.015526668083303347
does:0.00905939638912658
created:0.01411931259659859
16:0.012962798296747739
x:0.022640594717814887
string:0.019701879629185983
handle:0.015101698463675477
guess:0.02227626217796025
fonts:0.018411714774346763
too:0.007258430735555749
bug:0.0368795426017447
while:0.00806818775419525
lang:0.04633592929276437
everything:0.011485734140978636
