isbn:0.11709606650221846
phoenix:0.057953674213693206
there:0.008997833191932817
11:0.037884457231567754
know:0.01209681495743433
all:0.009353606182806777
43:0.10065823923938624
programming:0.08603488798359474
thanks:0.01954300632270748
where:0.01811232155131139
1992:0.03868575034200286
bruce:0.09032663607237419
me:0.010623418435338674
re:0.0036660833605702994
server:0.03923979161909445
master:0.04662258889498675
meaningless:0.05378815270422982
phone:0.02879752084519185
disclaimer:0.036804465951707714
names:0.04016565894098901
m:0.013419752079569334
more:0.012464892410007117
also:0.01454408952627026
are:0.012606105521592657
book:0.030487240300820326
geoffrey:0.06058371329795477
telephone:0.043893376348031185
az:0.06252318136981673
only:0.013073884688914574
after:0.01891385968298972
erik:0.05443765648404551
copyright:0.05032911961969312
without:0.02203147534120093
get:0.012886019365599239
if:0.0065701021545432284
of:0.003812560501288993
but:0.006522384531866767
version:0.03059284909476063
please:0.018778581930443673
programmer:0.049982041903507676
email:0.026900967244783733
in:0.001741957861710691
5:0.025479145950173362
israel:0.037259485969006384
system:0.02191394440433848
or:0.006610896644147895
and:0.0018715559533862248
subject:0.0002617348714903755
76:0.05227687152945277
welcome:0.04101586457609227
i:0.005614667860158675
becomes:0.04221339348531859
any:0.03009668430261198
rainer:0.19367658424998677
the:0.004433841235229724
can:0.008476137180761895
william:0.0399182282293237
btw:0.036782260004346416
about:0.019314042751409247
press:0.03517010157615359
interested:0.02820662956289137
n:0.03589230878239609
is:0.0026340453616731756
number:0.02453200831762508
days:0.029198555142648748
window:0.03418620335122688
life:0.027356660326359902
1:0.03840242925342566
x:0.05970901940286475
e-mail:0.026957801731884966
elias:0.056038882524273935
opinions:0.02799617799529453
release:0.03895885773909077
three:0.028612627514436006
thus:0.03266034385172848
documentation:0.13168012904409357
mine:0.03201214749803908
black:0.03460345447297978
hints:0.05096774022921236
james:0.03391758595722576
