all:0.03669491656331889
thanks:0.07666871711216013
motif:0.3616489881552595
need:0.07389238428835525
getting:0.10431544508556485
bugs:0.19509291454059108
a:0.005371169714793828
it:0.01318674729769123
list:0.1119857152662146
neal:0.459376876277934
of:0.007478484060220718
title:0.16158435890703537
for:0.025026835608621078
subject:0.001026806034308396
i:0.007342257970976728
the:0.005798100076838869
hello:0.14881887656352968
just:0.045168790902534076
1.2:0.41188184867606875
about:0.037885237704687366
says:0.09850102863182955
