xt:0.04028120144731254
manager:0.015460229684699203
at:0.0034683661907654764
out:0.009276985032129604
there:0.003613303092823415
all:0.0037561725615995714
x11r5:0.018999293565772082
way:0.013640730862571207
ca:0.0080966480161115
into:0.007050409066859789
such:0.0075709338719204666
times:0.011064866698791443
generate:0.01846381420481596
to:0.003798186661667644
w:0.012182444311139188
intrinsics:0.18870699568019406
been:0.005776536957564722
client:0.01971188384082502
that:0.006828831209340094
view:0.013406884853482801
location:0.018074121946749618
its:0.008141041559189646
me:0.0042660971669470265
re:0.001472206703851065
exactly:0.01266292383177956
greatly:0.015365862794490558
so:0.004022876367657166
this:0.010334299967941319
two:0.0073416906797374466
you:0.0021881849976721334
fix:0.017126137634568835
why:0.0070067818116299465
more:0.005005586715829629
m/s:0.021970159549132746
bryan:0.041730752915362435
a:0.005498047739552737
same:0.015292073626209546
y:0.05035477058899382
given:0.010975541571579846
solution:0.015314397906430112
shell:0.05691991986230027
are:0.005062294343316736
complex:0.017700759337809308
no:0.008864139654980393
those:0.007306754544439213
caused:0.015678402279744753
place:0.010706407942190651
it:0.006749122632676613
not:0.002373661451086476
received:0.015233428309652644
systems:0.011812665827884294
components:0.01915892385866322
date:0.014085823581824105
between:0.009145141126166951
after:0.007595329478995871
somewhat:0.016936365580167742
has:0.01257607646322698
details:0.015018983788544625
public:0.011668285819136195
writes:0.0026033952402266234
get:0.0051747006901225285
ave:0.020582597975117217
down:0.00930852589351637
things:0.008798133575355313
if:0.002638387479383501
of:0.003827570582002729
implemented:0.019680761086860007
available:0.01063410955832374
but:0.002619225284450434
result:0.013917330555163395
never:0.008676926105755356
using:0.008678821175767404
windows:0.010815776304816935
who:0.0050907593473773554
net:0.013051742066529459
notion:0.01946952993137843
in:0.005596211083291038
feature:0.018602781850804242
responding:0.02095004655697635
point:0.008667464414409687
and:0.002254709140693641
for:0.005123604140347622
subject:0.00010510612949613503
however:0.009437397260617767
marks:0.022378808343154963
20:0.012381229718132361
information:0.019203317200659566
actually:0.0096232839649649
will:0.008923664133096728
event:0.06539749524719642
the:0.008012335145552926
waiting:0.01722456795821221
when:0.005148324578124945
thinks:0.03566846002739564
effect:0.013647139585127583
because:0.013895451172397747
stuart:0.048862316872398795
needs:0.0131864037900368
last:0.008583317134092511
an:0.0035350320415816405
problem:0.00832899721277789
note:0.01166019330267125
arrive:0.023350698413751522
interested:0.011327071714231968
is:0.017982026209217666
move:0.027849016658055253
done:0.010427809257561805
right:0.007637297613347636
window:0.05491327152480538
events:0.03203581777146949
olwm:0.0499731719768075
issues:0.014981218435428722
request:0.061422063423532784
x:0.05994409428240359
slow:0.016167433484416696
position:0.027108999663088284
article:0.003190286930380319
already:0.011440103627154927
bad:0.010789767900576315
thus:0.01311557115305632
respond:0.015921290346694907
by:0.003899352263059709
bug:0.03905746834594222
unclear:0.023350698413751522
protocol:0.04132268151485388
s:0.0024426625230551903
