some:0.006596253531826859
folks:0.020922123447993095
default:0.027116809523173933
bradley:0.06243629705067483
with:0.006608218946774546
mentioned:0.01985968146210078
from:0.0047828940928258505
work:0.022882174734353715
added:0.023636260942154867
my:0.005368442154408482
to:0.006229148746173247
gcc:0.03423113428589136
0:0.04141419534994839
line:0.01595369349607903
otherwise:0.020075620517582125
most:0.010489239909418293
problems:0.015497588903343351
v:0.021732476349728882
terminal:0.026972859888705094
solaris:0.034361018569646726
like:0.006579881714738267
really:0.011024834707293367
nt:0.012103026300380314
need:0.010854248539532409
re:0.002112658207786274
fixed:0.02562052375773914
this:0.002966002476674684
on:0.008593369919309998
you:0.0031401072847950387
ascii:0.02976491200009972
following:0.01546505239005515
oops:0.03129398479840036
modified:0.027897319910071206
fine:0.0183003196492687
also:0.0083813397270032
stuff:0.016516477698721027
processing:0.026797932060434092
xv:0.05976523741153099
3.00:0.03328732589796387
files:0.018696675506145136
fixes:0.032768639179019676
results:0.02069538841168622
complex:0.02540108967120658
it:0.001937036326214531
have:0.0028884215432070782
rand:0.06982529668238856
doing:0.015145214153476357
has:0.006015674993709328
escaped:0.02976491200009972
without:0.0126961044339124
sun:0.020499956520332437
writes:0.011207837135890887
get:0.0297033666732457
things:0.012625570215481637
if:0.007572321127270161
even:0.009486776541050993
what:0.005200237870037465
order:0.015843598085494306
well:0.009507728305951101
george:0.04499790032830697
box:0.017901350342975183
makefile:0.03765563035126038
in:0.005019200618488431
system:0.012628374741483192
rather:0.014539455666174369
use:0.03757693848016606
better:0.012633987973454254
endif:0.07629444010353352
and:0.006471142618487964
for:0.0036762583379895365
subject:0.00015083026492665705
i:0.003235571309243982
possible:0.014559161711664305
signal:0.05091030873242616
than:0.008082493119883962
patches:0.03194037096324637
the:0.005536039056416774
do:0.008116586654310696
svr4:0.10052673554394723
did:0.009287633013802064
joe:0.022482876988265173
an:0.0050728708393318455
just:0.019904890906201456
makes:0.01577953605792076
here:0.02034351305789148
definition:0.023021352580380003
is:0.003035848891419931
having:0.014784697132318426
else:0.014274306357842128
right:0.010959737818024291
patch:0.05976523741153099
define:0.24151163269830145
first:0.010607654403339216
under:0.013713691678562933
article:0.009156303732390972
very:0.009848827637194617
random:0.05043167286983699
john:0.03029919095572707
defined:0.049387906540672974
compile:0.05896189366369222
thats:0.029317175437081972
include:0.01899165691098645
