some:0.011226316107051482
at:0.008470817427446454
folks:0.035607844714372866
know:0.011864183900560595
all:0.009173729140829723
send:0.05641052155531198
rick:0.23137800390041338
own:0.021793179187961493
your:0.012114732905589063
with:0.005623340161437955
miller:0.13735661646740108
ca:0.019774505731656934
my:0.01827335117942887
to:0.003975574500262012
displays:0.049020848789978685
format:0.038654370259980905
make:0.01692385080143946
that:0.0033356213984084312
nt:0.0068661399204080625
could:0.014510664955058246
me:0.010419121926966776
vi:0.0551175628687281
these:0.015929192049028294
on:0.004875084858070096
you:0.010688442104013882
them:0.042284399178814644
seeing:0.038541246783254116
m:0.026323359848386
a:0.002685584857396914
it:0.0032966868244228074
not:0.0057972116209227395
probably:0.02295407418297316
ve:0.05264808747194522
hope:0.027773668631154283
after:0.018550131612162995
familiar:0.04429479268933735
which:0.012422041658822287
get:0.025276422601752353
of:0.003739242030110359
looking:0.024941205244294655
but:0.0191908621803003
please:0.01841745535485822
find:0.020350449400705677
now:0.01588379228729081
box:0.0304667212567943
one:0.0189098251495312
in:0.003416917344124817
un:0.050269037362305515
and:0.003671128985488364
anyones:0.0746505659696269
for:0.0031283544510776347
subject:0.000256701508577099
i:0.014684515941953457
back:0.0202534300006494
any:0.009839300637392379
the:0.0007247625096048586
managed:0.04549146744388932
see:0.017013324628953618
got:0.04254141964674181
would:0.008967785058695924
can:0.008313134542670322
linux:0.0512715470769633
maybe:0.02546070271483004
handle:0.03906112391085292
too:0.018774210267927853
header:0.05055897042163905
woods:0.059418641888378726
little:0.022551333672100618
seem:0.02653569764322825
compile:0.05017430374266117
s:0.005965733469769407
news:0.029508428040032873
