sent:0.02626916105921152
out:0.00841555070771757
ideas:0.025692811693139073
help:0.015286376571727121
send:0.02095247943483016
case:0.03530873010438222
switch:0.03037223872864411
your:0.017999031745446606
with:0.008354676811279247
way:0.02474818313637919
mentioned:0.025108311562798843
contents:0.03559491427256686
to:0.0049221398574672524
then:0.011399145355541452
value:0.0800111318519286
that:0.007433670545024503
like:0.00831885045363338
me:0.007739919145746748
re:0.0026710035912726466
so:0.0072986471241780005
anyone:0.011949391068867079
this:0.0037498745597958497
these:0.011833114093563876
on:0.003621491608852071
you:0.007939985562981741
them:0.01047042265380172
a:0.0019950058940662787
how:0.018790899960416062
was:0.012649444772876937
distinguish:0.08033703853349894
as:0.011430202288814549
button:0.2038073171695135
it:0.004897934710571028
not:0.012919500183770676
contain:0.03349863434302324
between:0.03318379780066293
left:0.04177721690715088
be:0.004131866122410509
which:0.009227802375125127
if:0.00957357742519156
of:0.004166583976408685
order:0.020030834722374942
clear:0.023555362444190094
one:0.007023649341254446
in:0.006345703639088945
essence:0.040714040543782144
and:0.0013635621946099638
for:0.002323920449371957
subject:0.0001906925492287021
each:0.01818578140971868
i:0.004090686583829891
seperate:0.04038175471781862
any:0.007309194759205766
unfortunately:0.026299236291613976
the:0.008075925107025567
do:0.010261684555807095
would:0.013323566372919657
can:0.01235094274911019
int:0.03865916859769799
an:0.012827116265167667
mask:0.07665376554346895
just:0.008388489739042042
arrive:0.042364838550663475
is:0.009595450960380853
figure:0.026374983100533954
does:0.008703491530982323
function:0.08813572756173124
grateful:0.038491093616196605
by:0.021223617317510702
seem:0.019712232534969554
check:0.02363793974705492
pressed:0.12214212163134644
motion:0.07308160834012417
