floor:0.06923727770934969
into:0.025222590182850512
availability:0.07541498637730835
matthew:0.12074006593863366
format:0.05662048601461992
conversion:0.07074392728050699
and/or:0.05691523981892916
me:0.015261812400064011
seattle:0.06854037549437265
anything:0.03269353732844231
font:0.0702967625155129
this:0.007394118850301676
tools:0.06266863177702355
getting:0.038200022144009665
these:0.023332901029562574
on:0.007140969369567464
tell:0.03394401483975286
assume:0.048894205004072905
m:0.019279080452339045
a:0.0019669072195019647
how:0.018526239397593302
also:0.02089432579830375
washington:0.05407342725935907
helpful:0.06541694889091841
wa:0.07063079810167228
are:0.009055089881707402
it:0.004828949714647492
not:0.016983380523266617
systems:0.04225939606031846
suitable:0.07243126812293826
anybody:0.042811199224122465
ave:0.07363351951661654
of:0.005477199593401089
ne:0.08073558504715102
difficult:0.05249589122588731
bitmap:0.07494805387988722
and:0.0026887141865548584
for:0.02291189175437141
subject:0.0003760134773523704
i:0.0026887141865548584
group:0.03798754837755838
information:0.034349595556109364
the:0.002123247915462121
would:0.013135910508512339
can:0.01217698580898188
about:0.027746934656954127
is:0.0037841215055023085
questions:0.04259403291895087
206:0.08169083288290821
x:0.04288957731755074
fonts:0.2790282408055932
too:0.027500251660063334
faq:0.054677395252081124
very:0.024552711151879538
u:0.053262584275957967
x-windows:0.08169083288290821
especially:0.04401824940137101
3rd:0.062165560191078766
s:0.008738539166986173
