script:0.04844038997860967
ideas:0.030482996924063307
help:0.01813637898340506
x11r5:0.04089678445513652
tried:0.026253085195226025
with:0.004956164210080909
way:0.02936225117875497
user:0.0640956522642884
from:0.014348682278477552
work:0.017161631050765284
prevent:0.06818673681641817
to:0.014015584678889807
add:0.029120512003828123
t:0.06549846750001125
been:0.012434240569673214
that:0.005879739414143674
motif:0.03984268513574892
really:0.01653725206094005
nt:0.006051513150190157
tells:0.037516949155225535
anyone:0.01417724364102874
file:0.025749880359817026
this:0.00889800743002405
ti:0.0321072970868785
am:0.013850308107638692
a:0.0023669561455023644
other:0.011689050744338228
uunet:0.03200840942726513
want:0.03207793165613867
running:0.025656444173277133
preventing:0.046940977197600535
far:0.02109642434001188
hitting:0.08135042856952181
no:0.00954021810324161
brian:0.06332334770811489
it:0.00871666346796539
not:0.01021881370467737
have:0.004332632314810617
only:0.011301154561604123
ve:0.03093446947504126
networks:0.04291505855431783
aix:0.04900557111842893
able:0.022351400221276855
binary:0.04547257278002395
exit:0.0901917258554575
open:0.028008140497909857
call:0.045033154203367926
park:0.03806137516139802
but:0.005637993408901782
dr:0.03321054750090255
fact:0.020324297700244402
in:0.003011520371093059
rather:0.02180918349926155
and:0.003235571309243982
for:0.0027571937534921526
subject:0.00022624539738998556
i:0.003235571309243982
any:0.008671925985498367
the:0.004471416160952009
do:0.006087439990733023
when:0.011081986803760473
hello:0.03279059992077772
would:0.007903810560206576
page:0.03563343841684141
commerce:0.04993098884694581
an:0.007609306258997769
is:0.009107546674259793
does:0.020652352785381783
man:0.024559740159281345
accomplish:0.04717317189410998
x:0.12903220294686873
va:0.042297204564418774
