some:0.020129946122988865
characters:0.17461989342791392
correct:0.05641754207209394
where:0.03185270341782348
with:0.02016646126860508
from:0.014596073352244407
my:0.01638300450569485
to:0.002376205448432467
martin:0.16015873693983473
keyboard:0.23507498461929288
me:0.01868256345525077
on:0.008741531469642929
a:0.004815531468435845
not:0.020790000295722928
exit:0.09174675561158607
installation:0.08552238758508038
graph:0.10568152303132285
anybody:0.052406812843322326
get:0.04532324052728008
of:0.006704847778128919
but:0.011470400383627764
now:0.028481282722038693
and:0.0032913570214723265
for:0.005609463153656448
subject:0.000460292360207212
i:0.013165428085889306
any:0.01764288390153116
the:0.005198296620614159
when:0.022546111083512687
can:0.044718930643330004
problem:0.03647526365595835
german:0.16191744571405448
changed:0.06516060679023146
yesterday:0.0757993626009435
x:0.10500551688090008
under:0.04185040391561447
give:0.04074545295441391
hints:0.08963292247206311
check:0.057057095941167056
