mode:0.04669982007900282
some:0.014238254574797002
since:0.024400263700044895
looks:0.04174518871187671
resulting:0.05977387780380157
displayed:0.06476220621180216
your:0.015365027099771495
with:0.014264082360720668
option:0.05110501490551686
into:0.021839071987590077
array:0.06659846058350184
from:0.010324051883294825
to:0.0016807306830375986
colors:0.05560849602174445
add:0.04190512702989901
256:0.05960089445024113
that:0.008461088425231142
nt:0.008708275021005348
could:0.01840377018690314
re:0.004560250033880129
scott:0.09322139154076846
this:0.012804449716376074
8-bit:0.06805390884731363
on:0.012366068908275364
tell:0.029390549434420158
brain:0.05377290730447309
8:0.03600599124846179
m:0.01669286234287893
a:0.0017030538120077988
j:0.03724547145766906
xv:0.06450272574293284
3.00:0.07185191077975128
display:0.044952700206530215
reason:0.032587950292786924
displaying:0.06840236460882651
it:0.008362327554633463
have:0.012469527149942754
ve:0.02225772803691993
color:0.04505648910491934
has:0.012985054559592086
escaped:0.06424865151241037
found:0.03261610372264631
if:0.008172566094675723
of:0.002371226653240715
version:0.038054519605677864
24-bit:0.07185191077975128
and:0.004656066030375486
for:0.007935338119806684
subject:0.0003255726450246134
i:0.009312132060750973
any:0.01247911300352204
the:0.0036768439511661124
do:0.008759974620810936
would:0.011373776172004586
peter:0.08980227026404773
instead:0.03741139404371514
thought:0.03273885859989893
is:0.009829486349658434
new:0.02102438493760423
questions:0.036880199234701365
goes:0.03930520970720337
image:0.04513491459675216
news:0.07485064673569314
