manager:0.03044107240243099
positions:0.03751282245407422
pixel:0.03810733889429324
at:0.006829186143057605
out:0.00913315580682527
correct:0.025366026668073246
there:0.007114565779667809
help:0.016589866046835634
tel:0.0315151013899099
corner:0.03799579829388937
fax:0.023710413487468135
with:0.004533545556508119
frames:0.04538074694540123
way:0.013429246663151498
cambridge:0.036221832616146366
c:0.040094537913627284
my:0.014732004051632578
to:0.005341857209654383
most:0.014392212898969286
puts:0.03827771801614421
that:0.0026891831429029208
problems:0.021264133611564134
through:0.018367932511820364
nt:0.005535492649011151
derek:0.1281945828426675
on:0.011790902912541626
set:0.02053809755136373
relative:0.03816371687358843
etc:0.018002511530683996
size:0.027913776256324557
a:0.002165122675730845
richardson:0.09105129440261878
y:0.033049384314223336
as:0.012404870701039045
related:0.029877046400241622
turns:0.03421515328346195
it:0.0053155880579840616
frame:0.11238290949825062
left:0.02266980762403536
able:0.020445466869074953
screen:0.028979125349659286
without:0.01742023631629841
returns:0.08184111955121236
be:0.004484195791763343
get:0.01018894554489242
if:0.005194964494289994
of:0.006029165443898873
institute:0.03017409185994811
gives:0.028190112215473684
what:0.007135210100749079
but:0.0051572342810109325
well:0.013045487675607323
up:0.01041442147559988
in:0.0027547240603796974
astronomy:0.03822050788205411
p.s:0.035153741900153704
and:0.0014798349398867823
for:0.0025220842086207287
subject:0.00041390630840338445
i:0.0029596698797735646
example:0.0217934817345574
appreciated:0.026238466040125915
top:0.026214203303622598
any:0.023797378285786215
later:0.02477063588339305
the:0.006427351247968669
do:0.005568355960515478
around:0.03670068888610288
int:0.08391137370042975
is:0.006248200625364277
3.0:0.03583522928250161
window:0.0810928544610498
x:0.0472117827836605
first:0.014554688599930551
handle:0.031491138656811656
position:0.053377410189336616
e-mail:0.021315471136839275
function:0.031883725732926034
borders:0.0426301936485841
origin:0.037565024253929595
comes:0.02344322742050784
xview:0.0893885730017878
by:0.007677794378427644
seem:0.021393120580587115
s:0.004809583572527274
