above:0.016910907019431955
some:0.0072517818331264226
go:0.012083430135367248
sleep:0.030578381842813092
out:0.007317870180623974
there:0.011400981187293756
know:0.007663820656262744
all:0.011851774293742746
knowledge:0.022961311458708916
text:0.022463128777848243
with:0.010897404536451192
much:0.010852154469316344
both:0.013948472560920732
my:0.005901951933728579
to:0.0051361459382266985
gui:0.03581095005351126
look:0.02945550713386224
that:0.008618748457999424
motif:0.14600735546640908
like:0.00723378300315946
exactly:0.019977532007900672
this:0.019564562920674
mean:0.06567508215726361
followup:0.03659538313005966
off:0.013561847502834474
these:0.010289664429185979
more:0.015794025165474856
a:0.003469575467941354
how:0.016339913009057443
as:0.004969653169049804
part:0.015212559704430292
standard:0.018907108946970414
also:0.009214267898630847
l:0.04105541091619084
it:0.004259073661366111
have:0.003175469646879831
feel:0.056762919582226914
attempt:0.02395433787103475
free:0.017934831019408293
be:0.01077878118889698
common:0.02090762757535
considered:0.0213841177466597
of:0.0012077055004083145
what:0.00571703169563125
but:0.008264387854042363
order:0.017418117149891253
using:0.013692053283508823
they:0.017383595487721934
find:0.013145631911014845
net:0.020590947111170696
one:0.006107521166308214
in:0.003310801898655102
become:0.02057281226580837
pull:0.028075095797407607
or:0.008376539847243295
use:0.010327823153710235
message:0.020169688748818144
and:0.001185706256182577
subject:0.00016581960802495836
i:0.002371412512365154
vela.acs.oakland.edu:0.03591712665822741
possible:0.01600603492524585
pay:0.02070088237265766
will:0.042234981797637926
than:0.008885722249810317
the:0.0032771869999524044
do:0.013384805942357081
start:0.017500385639021815
apps:0.06570463988721108
an:0.011154014143624057
repost:0.06897690635245518
just:0.007294338903514819
toolkit:0.13630786523804822
about:0.018354338763761583
f:0.04616436296157574
is:0.005006322240198706
discussion:0.02135324189124342
morning:0.026646837376393884
days:0.01849846350652281
questions:0.018783703958046655
devil:0.06557456162799002
does:0.02270476051560606
2:0.012101922683822415
api:0.11663816392667559
e-mail:0.01707885575560414
already:0.018048362244082926
supported:0.02714801073819601
fit:0.025251230306201095
announcement:0.028385719527685007
