another:0.016425965410285768
some:0.008648421297284105
pixel:0.07282735877576042
there:0.013596725712254036
help:0.015852538666976276
displayed:0.039337043773094646
tried:0.04589428226720994
with:0.004332054642885536
way:0.025664782511800644
into:0.013265214096165824
simpler:0.04439224296897019
work:0.030001073540597094
both:0.016634845054135098
except:0.02388415865928751
colormap:0.22275774096414583
to:0.004083553066935795
colors:0.06755402479678585
that:0.005139327784214471
nt:0.015868412260498635
could:0.011178586335748574
performed:0.036742951703219714
server:0.05929568511329829
this:0.007777517605502504
on:0.015022483710793776
set:0.019625293215747564
machine:0.0722844300960966
am:0.01210619523482493
a:0.004137790002507837
other:0.010217096206162303
load:0.03330365090224863
surface:0.033814709209559375
are:0.009524613060758897
model:0.027103344530248517
d:0.01349514238797804
against:0.019135413275243308
be:0.004284898201018306
get:0.00973610352067498
but:0.004928023868521558
saving:0.07820373646004737
using:0.04898712396988713
one:0.0072837845020416484
in:0.0013161459399591887
703:0.04296332692360358
or:0.004994899686689521
force:0.02647410458381312
and:0.007070322490570182
subject:0.00019775523623717257
table:0.03355477350725367
values:0.06327327956064102
i:0.00424219349434211
xputimage:0.04937071534943028
appreciated:0.025072311993898096
don:0.033026706220236624
any:0.007579905676213388
exist:0.02693721833923041
the:0.0061416911925033955
wrong:0.019580904124665635
do:0.005320873473381457
solve:0.036799282069036154
would:0.006908515897069452
because:0.026144034057696504
did:0.012177118840318262
correctly:0.032283729400225024
rgb:0.07983337935211149
an:0.0066510973226795314
problem:0.031341708030304956
different:0.018720125170453687
naval:0.04636727010418462
is:0.009950838032987552
either:0.01854490894158043
division:0.029352351230520986
new:0.025540734294571064
center:0.02419726543313192
created:0.02813403769248164
image:0.10966112583507191
hp:0.032041833378195
va:0.03697088991556604
