since:0.006875675681799592
characters:0.01740198250656187
at:0.0030273711768193504
know:0.008480241413459119
default:0.016493729503786206
x11r5:0.01658357582716876
happen:0.011620729299544039
displayed:0.01824914401844597
small:0.01027060446826808
situation:0.012110420236338825
matters:0.016341938375562366
specifically:0.013907363064452444
text:0.04971221626437893
with:0.008038864285766974
way:0.0059531712011908705
much:0.006004112953814197
setting:0.029565889054038532
from:0.002909183004914693
my:0.029388069938050557
via:0.023492999165743263
to:0.0047360795879409995
remembered:0.020668244006982604
look:0.00814834475696189
t:0.008853172010310797
been:0.00504206318632797
make:0.006048386540720631
that:0.004768448459580437
think:0.004947587723465825
motif:0.04846842109297291
memory:0.011620729299544039
bit:0.009364550508782474
really:0.006705827296188749
nt:0.004907756369226381
its:0.007105926309395773
anything:0.007976773712437813
font:0.017151443775262596
re:0.0012850189098906203
sample:0.016196569373188866
anyone:0.011497695873823995
fixed:0.015583617543367106
this:0.0036081267242021923
getting:0.00932028031692332
best:0.008368302680279842
on:0.0034845967370397933
set:0.036418069884892386
used:0.006785097966793352
am:0.016848828419601707
support:0.009412220994960502
m:0.004703830625828426
more:0.00436913754577569
a:0.0033592882752318783
test:0.02457663129882935
was:0.006085643533342856
running:0.010403644029026465
ascii:0.01810443101036993
part:0.008416570833035316
character:0.015687236231238886
services:0.01373423239678113
oops:0.01903448559902702
modified:0.016968472934991763
fine:0.011131122260895396
are:0.0066279523876415
taking:0.011707732076122355
works:0.010223800665122818
hoping:0.01644967215523273
it:0.0035345920591749688
not:0.008287422798295049
application:0.02536335194375896
have:0.007027499837081138
mistake:0.015353340188442845
japanese:0.051616685521335616
properly:0.014796447201039507
tom:0.02608747919913921
has:0.0036590188106067046
environment:0.014424926133600672
be:0.0019878393716064304
dialog:0.019325060815618304
which:0.00887898510321318
walking:0.018323851876303032
found:0.009190792114285215
writes:0.0022723793505758155
prior:0.01579407673663418
things:0.007679470543437284
if:0.00460584480937051
of:0.002004542119234419
susan:0.021235528372478992
but:0.006858589920107322
initially:0.018598912727414842
english:0.015182647371270206
latest:0.014317342268909797
using:0.007575328448951617
please:0.006582183357062731
they:0.006411818725139132
up:0.004616702303616442
depending:0.015466550345554027
box:0.01088845020861377
code:0.03340734546733708
in:0.004274082176156129
resources:0.015167542177204783
or:0.009268886016537255
and:0.0026240372129951194
gets:0.01146844103915053
for:0.002236074659189512
subject:9.174211990384295e-05
i:0.005904083729239018
acceptable:0.015904345858804285
walker:0.016746691075412483
unfortunately:0.01265255354235724
program:0.019083391287863058
source:0.010719133889002834
alternative:0.014962758338021808
the:0.004662389752509606
do:0.007405339370170069
when:0.013481179823131299
beta:0.018766576521811514
instead:0.010542042307851001
wants:0.01209805897798539
an:0.006171121227228431
variables:0.020451134379417202
problem:0.043619902928774934
just:0.012107098592431814
note:0.010177625769341916
actual:0.013959989301473207
1.2:0.018400220043948087
about:0.003384935327566569
is:0.012002557215046842
either:0.01720661654373442
done:0.009101936602820269
patch:0.03635205162144668
easier:0.014352830633706532
does:0.00837449356933007
created:0.013051873156305915
byte:0.018558244488078062
16:0.011982792927234164
x:0.020928934636055687
string:0.036424780895196074
handle:0.013959989301473207
guess:0.0205921461370148
fonts:0.017019763829207144
too:0.006709683394723356
count:0.029301515989929968
article:0.0027846490732529243
hp:0.014864768062049226
bug:0.03409139848752345
included:0.012861791926120168
while:0.007458221669685644
lang:0.04283286934623236
everything:0.010617396851969942
