me:0.3095967658298699
subscribe:1.4937085387656495
please:0.2736307652721792
subject:0.0038138509845740422
e-mail:0.3928136823788952
