school:0.029092195806368844
manager:0.031415186719308784
out:0.009425416792643679
terminals:0.13757343692034532
help:0.017120741760334377
mb:0.036519885946324125
thanks:0.015947093159329306
where:0.014779654385870094
with:0.004678619014316379
much:0.01397757495647945
4:0.019874156033429433
from:0.020317734106324214
to:0.006615355968435988
connected:0.03635826428778397
that:0.005550474006951629
technical:0.030693977943354402
terminal:0.03819356960240641
asking:0.028683462517107152
me:0.008668709443236357
need:0.01536961593197789
so:0.008174484779079361
this:0.004199859506971352
best:0.019481408639691472
on:0.00811214120382864
x11:0.04265792716803346
am:0.013074690853610925
etc:0.03715718379933177
xterm:0.041903441732263534
a:0.001117203300677116
other:0.011034463902655287
j:0.0488660585524618
as:0.012801826563472295
running:0.024219683299573615
ram:0.062237713091731976
science:0.02705305780933852
far:0.019915024576971214
computer:0.02144562324132252
prices:0.034899691833432334
are:0.005143291052809805
it:0.0027428434379197755
should:0.026284994275735673
have:0.008180009810362446
buy:0.024054729001951727
university:0.01880272081278923
regarding:0.03165597096856702
talk:0.027676750141096218
be:0.018510760228399082
which:0.010335138660140143
found:0.02139616404205598
sort:0.02509969046128824
dec:0.03968238783947729
of:0.004666574053577728
looking:0.041502165526506304
what:0.02209061047191915
order:0.022434534889059936
who:0.010344422993870787
depending:0.03600612920444978
in:0.0042643128454677715
and:0.003054379315926319
for:0.005205581806593184
subject:0.00021357565513614637
i:0.007635948289815797
we:0.02156390249142352
possible:0.020615772983716658
any:0.008186298130310458
information:0.01951057027587012
decide:0.032749659332902234
will:0.01813288551845255
the:0.003015012039956212
do:0.0057465433512519735
would:0.007461197168835009
jim:0.027090645975590955
10:0.023122974063169318
n:0.058576247932870425
itself:0.02690444672475504
window:0.027895941934601133
questions:0.024193410697964095
run:0.02141467542709916
x:0.04872255983273764
article:0.0064826630425328085
planning:0.03706891399743689
buying:0.06417948680380026
ranges:0.04964411394235718
