know:0.010729348918767843
help:0.03721900382681386
x11r5:0.0419636570930966
pass:0.03529804539296779
tried:0.0538758965745508
ec:0.05373511962079467
thanks:0.017333796912314462
fax:0.02659689860768165
with:0.01017091090068778
work:0.01760932577382873
my:0.016525465414440024
to:0.003595302156758689
software:0.02448509468244571
appreciate:0.033384463786212994
that:0.0030165619602997985
problems:0.023852810746884983
like:0.010127296204423245
nt:0.0186281361318897
anything:0.020184705654951337
sunos:0.044034581820952205
file:0.05284323273840712
phone:0.02554214892356147
this:0.0045650646814906
path:0.0771465848880159
hi:0.027400144869690477
these:0.014405530200860371
on:0.013226317180155388
set:0.023038387688051488
used:0.03433849579716288
am:0.028423240986110706
etc:0.020194121630071615
passing:0.04249802908625889
other:0.011993982502886181
nor:0.03003946953891655
xdm:0.21236280988652745
running:0.026325742716927843
fort:0.05351496476875736
worth:0.061133280326814574
therefore:0.029851526265694487
also:0.012899975058083187
variable:0.046178268777111106
advance:0.027508706231970867
ft:0.04916039704777919
p.o:0.04005789947557464
environment:0.03650133482502431
which:0.011233846369717545
applications:0.0339156611077768
get:0.011429338915574978
prior:0.039965881133569976
but:0.011570142995659309
using:0.05750662379073706
login:0.09586725325625568
box:0.027552513136579193
email:0.02385998833885166
in:0.00618016354415619
executed:0.04890080606386892
and:0.00829994379327804
subject:0.0002321474512349417
i:0.011619921310589258
any:0.008898150141641803
the:0.0026217495999619235
would:0.008109996922646748
did:0.02858975727726896
variables:0.10350052355496359
about:0.008565358089755405
company:0.02927067860549
either:0.021770110496637896
having:0.022755577325394447
else:0.021970019350765712
does:0.010595554907282829
olwm:0.055187763835256975
matter:0.02626872184261341
resource:0.04313303026030141
neither:0.03254592565653017
tx:0.04119265155322132
