another:0.009558212630985254
basically:0.016914683397620197
expensive:0.017457270664383143
at:0.0151890519388695
out:0.005078349565001982
there:0.01186783171004932
know:0.005318427265768542
all:0.008224722677985269
differences:0.019743147472483395
thanks:0.008592183814293806
differ:0.02348556572348532
your:0.005430742336988201
with:0.002520807658575635
much:0.015062041978964925
4:0.01070805820766672
though:0.010713552593149482
someone:0.009497664287340602
corporate:0.023079586348227987
from:0.0036490183380611016
work:0.008728760620647862
several:0.012148497293393951
to:0.004158359534756817
gui:0.04970312895358029
band:0.021479689647238627
tool:0.04052962798291701
bruce:0.01985628637797881
make:0.007586553807541826
that:0.0029905571158144553
docs:0.023648239550997593
nt:0.0030779247919070626
could:0.006504780841922661
need:0.008281043066798431
so:0.008808712046421724
this:0.004525710675615681
tools:0.05753628693321557
617:0.02244987678573878
best:0.010496448620523423
amount:0.016027659532874258
these:0.00714067229784027
on:0.0043707657348214645
products:0.017457270664383143
am:0.007044553261643817
great:0.010867459865227056
them:0.012636716995967594
8:0.012726255527473562
3:0.010092525623438015
m:0.011800126828586829
a:0.0036116486013268835
other:0.005945293050999615
same:0.01674218405628114
looked:0.03211209659034211
following:0.011798768418274834
far:0.021460155794150015
mind:0.01305886121987128
product:0.017202146218735167
are:0.011084678993124578
spending:0.021126974051343658
proprietary:0.02492524737920092
hoping:0.02063299395333071
it:0.0014778251281895344
not:0.005197500073930732
have:0.015425665051868837
due:0.01428940726249346
ve:0.007866955599256181
money:0.013363016235901422
discover:0.023539111068306685
suit:0.04578018025317049
has:0.00458954514606272
uses:0.014719806594122573
talk:0.014912042101883738
making:0.013252617202036222
interviews:0.050627659387663025
if:0.0028885793955319367
of:0.0033524238890644594
trying:0.011622104409777569
even:0.0072377562403708
opinion:0.014264273985291764
what:0.0039674228577441
but:0.008602800287720822
forgot:0.02068825554138701
least:0.010377855097872769
seems:0.02031454387397481
well:0.00725374099204028
they:0.008042410556101238
find:0.0091226152485922
net:0.01428940726249346
one:0.008476818170479504
door:0.018232639207469665
our:0.009611100961122386
5:0.011202038305679668
and:0.0024685177661042446
for:0.007011828942070561
subject:0.000115073090051803
each:0.010974178436899204
i:0.009874071064416979
6:0.012665300140341356
group:0.01162549971899416
we:0.011618481945810086
info:0.01269567008358792
any:0.00882144195076558
will:0.009769873662959347
than:0.00616638483715285
cost:0.014314687949788279
the:0.0038987224654606187
do:0.0030961979263211064
agreement:0.021283731138287083
strong:0.015563156836079785
needs:0.01443683863219546
bought:0.01578915408995026
development:0.01675544410800087
7:0.01375658848677287
an:0.003870250597248865
10:0.012458498956448984
just:0.005062019670111577
toolkit:0.023648239550997593
about:0.012737278193817304
different:0.01089317628453124
is:0.00579035833816086
time:0.020424697886685952
9:0.015348420929418218
type:0.013967726337636622
conclusions:0.02182748667848924
drawn:0.02165008119360343
does:0.005252106958351402
2:0.008398317034894003
1:0.008441913327261675
too:0.00841602529251938
very:0.02254192877306182
little:0.020218437085331588
bad:0.01181293554632062
realize:0.016868583013496287
live:0.013347794284257149
by:0.00426911842593606
x-windows:0.025000211787441735
seem:0.023790625473239117
sales:0.020858422830067128
check:0.014264273985291764
news:0.01322791601794577
