xt:0.08056240289462507
keys:0.030857044134696858
read:0.017850417810219857
say:0.014941299009980657
there:0.01445321237129366
all:0.03004938049279657
where:0.014546903923100487
with:0.0046049399747208454
adrian:0.15380069037037392
from:0.006665923263229729
work:0.015945452472364598
to:0.005425980945239491
nye:0.09541591761579168
keyboard:0.07157138639327552
that:0.005463064967472076
problems:0.021599001857415537
anything:0.01827748937259373
re:0.00294441340770213
this:0.008267439974353055
on:0.003992195474325117
you:0.004376369995344267
ala:0.04753100718701349
8:0.02324796285333753
a:0.0010996095479105473
how:0.0310715668636801
athena:0.04686047326307406
route:0.04028120144731254
capture:0.043099626378378046
plus:0.028156691763619453
xlib:0.08523281265634203
works:0.023426188925596378
it:0.0026996490530706452
not:0.004747322902172952
should:0.012935528679003777
mapping:0.04361445125446349
has:0.008384050975484654
uses:0.026889725431782967
sun:0.028570805544085365
get:0.010349401380245057
if:0.010553549917534004
of:0.00918616939680655
trying:0.02123093089030233
chapter:0.07776103345011974
requirements:0.03831784771732644
one:0.0077426055730363975
in:0.004197158312468279
or:0.010619078074064335
use:0.026185504373973986
and:0.006012557708516376
subject:0.00021021225899227005
i:0.004509418281387282
buttons:0.045265794018101824
coverage:0.07288448259704011
oreilly:0.09652800528845236
the:0.002967531535389972
users:0.03109210683666285
do:0.005656046605562966
older:0.03478858570897347
complicated:0.039117347081258906
7:0.025130145897096896
10:0.022758832739339877
about:0.007756032915920248
handled:0.041483381291477564
is:0.010577662476010389
translations:0.04686047326307406
window:0.02745663576240269
9:0.02803806028051202
questions:0.02381241210429537
lot:0.01951616841153851
pages:0.035401518675618616
automatically:0.03711182431179496
nothing:0.020116976389770936
various:0.05613510202134155
volume:0.06971653543805689
before:0.01674168714348539
understand:0.02359178947193428
by:0.007798704526119418
says:0.020165564916752504
four:0.027622410637976172
s:0.0048853250461103805
specify:0.04124354501207041
