root:0.02946830033794021
keys:0.022917219912903512
another:0.012967867429172974
some:0.0068277010241716615
pc:0.019490304456127972
ask:0.01704422563951092
at:0.005151842178096088
out:0.006889924556026081
there:0.01610138571187978
know:0.021646932029093013
all:0.005579344038867199
means:0.03315316047296787
modify:0.031247314223337822
your:0.007368024691118494
way:0.010130835202026569
user:0.02211487417305857
active:0.026127614004893964
from:0.009901429876376322
except:0.018855914731016454
my:0.005556808545791235
to:0.003223857684422996
implement:0.029763217610612097
look:0.013866481428514096
then:0.018665267248839802
keyboard:0.053155357145882993
been:0.008580353141645843
that:0.0020286820200846596
sources:0.02250958465037698
think:0.008419579108354124
bit:0.015936164900910522
like:0.020432264272081984
nt:0.008351795926578228
and/or:0.023631473842947195
finding:0.026073715437028914
need:0.011235099365480913
re:0.0021867865659542136
this:0.006140145478028292
th:0.034021922291145514
on:0.002964963890288245
focus:0.029233411205043518
you:0.02275200541439212
state:0.06216873419744131
why:0.010407734386865534
more:0.007435198981407753
a:0.005716683556096354
how:0.0076921812703457555
as:0.00467903017670771
pointed:0.025296184245943418
question:0.0382980014622299
act:0.02182241557320675
course:0.014304981285965024
ie:0.024465603431353282
are:0.0037597156818785114
xlib:0.03165078130805683
d:0.010654059779982662
reason:0.015626970315839345
it:0.002005002513099251
have:0.005979539335060267
always:0.06215101983622707
determining:0.03468466314089407
writes:0.003867031526418493
get:0.015372795032644705
making:0.017980159010949726
if:0.007838016605419992
of:0.010233715029775717
even:0.01963929178673714
what:0.016148107070116335
easy:0.019378254761747413
windows:0.016065539072652055
in:0.0020781251683566135
and:0.005581833545186986
for:0.001902624929310374
subject:0.0001561225549240836
i:0.0033491001271121917
any:0.005984136060168463
event:0.024285034784777615
the:0.003967121105205542
do:0.008401379168497036
see:0.010347285154451321
can:0.015167824428731812
ralph:0.03239201935273019
instead:0.017939966734413105
an:0.015752598922135732
just:0.006867769376993484
long:0.01391994880180459
eg:0.029564962922450217
is:0.010998294668038873
implementation:0.028833014718040822
write:0.01903025687127201
window:0.020391770420030066
events:0.023792683374132307
x:0.017807953155240364
little:0.013715431005254176
function:0.02405263520203192
live:0.018109288151740694
pressed:0.033333132608944445
