some:0.01824276367395866
choice:0.029471583394676117
with:0.0045689638811683385
much:0.013649975543436964
into:0.027981310984099787
work:0.031641757249848496
wrote:0.020121679489787977
my:0.007423548916642979
to:0.004306872375283846
receive:0.03345639665238676
obviously:0.028764789693952787
then:0.012467815232623462
make:0.01375062877616956
that:0.00813057715862055
nt:0.005578738685331551
re:0.0029214101779544573
effort:0.06347432635513599
exactly:0.025127989478687565
so:0.007982895292069688
he:0.012422915683751838
personally:0.06123194695478908
am:0.012768252786729418
seeing:0.031314763011393965
why:0.013904082657453175
more:0.00993296113922442
a:0.0010910188483174961
same:0.015172604301004785
was:0.006917665110167075
part:0.019134547753228728
worth:0.05492443154362247
xv:0.0826441173581327
3.00:0.046030130343278165
are:0.005022745168759574
yeah:0.03089236284521994
it:0.008035674134530593
not:0.004710234441999726
should:0.01283446986119906
whether:0.022323895194389255
kind:0.04305510464004781
money:0.04844093385514266
shareware:0.038752331874489544
after:0.015071981934882432
has:0.024955651731716037
feel:0.023799036595673263
25:0.0287318949085126
escaped:0.04115929237513789
his:0.014409601886759818
g:0.02761720282040236
get:0.010268546681961893
things:0.0174587963135957
if:0.005235550154401635
of:0.004557201224197
looking:0.020264729260989406
up:0.02099156828675601
good:0.012656326963746087
in:0.0027762453421014137
or:0.005268058263305354
and:0.004474188451063944
for:0.007625363974501734
subject:0.00020856997571889294
i:0.0059655846014185915
suggestion:0.03615753628837537
paid:0.032312422951344975
impressed:0.04046610397194505
the:0.005299825851485529
do:0.005611858741457005
thing:0.017686972149413723
would:0.007286325360190438
put:0.019433275777709213
individual:0.030169423369269942
just:0.018349821304154468
people:0.02351989281364246
is:0.0041980097951666235
fee:0.039304031618348556
self:0.0332196361094545
time:0.012339921639872763
keep:0.02069855143848376
lot:0.019363698345823365
gone:0.030699979663146585
position:0.026897210603220405
very:0.013619081967058182
release:0.031045339760837957
by:0.01547555429401822
john:0.06284714999019951
s:0.004847158444187643
