perform:0.051161698864618445
help:0.023517502418041725
x11r5:0.053030995227539665
thanks:0.021905347746331464
codes:0.06043181297436648
with:0.006426674470214807
much:0.019199965599559686
work:0.02225354356033301
added:0.045973826228147385
my:0.020883829919347282
to:0.0030290091430567713
calls:0.044047139180861845
memory:0.03716079369414633
nt:0.007847017051894929
on:0.00557152555208011
you:0.006107681202293647
working:0.034819110007764914
lung:0.06585662418473599
how:0.02890907686217856
athena:0.06539868246604842
as:0.01758492659817623
running:0.03326879574117255
idea:0.030465673574294028
houston:0.11056958345381572
also:0.01630216628219304
science:0.03716079369414633
computer:0.029458273683135337
l:0.036318248118168826
xlib:0.05947564399645845
not:0.006625384709625988
application:0.040553491294691525
have:0.01685441581805449
shows:0.04246389711670232
call:0.05839463951645511
univ:0.05103959748632096
be:0.006356717111400784
soon:0.03952740260482935
dept:0.04509129110265714
of:0.004273419462983268
using:0.048448803926261996
code:0.0356100275860626
in:0.0019525241966427526
message:0.03568483394021672
and:0.002097787991707637
for:0.0035752622298030113
subject:0.00029337315265954173
i:0.008391151966830547
appreciated:0.03719518812281586
any:0.022489830028325438
refused:0.05537449843722832
will:0.012453904889047082
program:0.06102491060184781
the:0.004141500054884907
do:0.02368081051340099
when:0.014370048822458638
solve:0.05459234153098771
can:0.009500725191623224
problem:0.04649594048451834
just:0.01290536882929545
about:0.010824353629910678
is:0.00590489289869591
man:0.06369339206143294
procedure:0.055556139118010855
remote:0.049511673877139735
written:0.03937932899402319
widgets:0.06043181297436648
tx:0.05205664756725772
