some:0.005430404070387694
pc:0.062006363944146665
at:0.01229253505750369
out:0.005479893484095162
fast:0.016194408953246687
there:0.008537478935601372
all:0.00443752479370368
thanks:0.009271565790307735
graphics:0.016366239256463824
with:0.005440254667809743
much:0.01625299413544122
tips:0.026438220089122607
tcp/ip:0.027874199073539416
efficiency:0.0839226838050968
to:0.001923068595475578
w:0.014392283046648158
clients:0.09941006013378173
appreciate:0.017856806211230203
that:0.009681059314450515
rob:0.0614048747720824
sitting:0.021115327881218407
re:0.005217774457369821
greatly:0.01815315883628187
comments:0.017134907041995814
installing:0.024552335865363706
slower:0.04546300785971881
on:0.007074541747524975
performance:0.017632610388821468
relative:0.04579646024830612
products:0.03767522599197106
x11:0.024801120446531082
assume:0.016146458396693843
great:0.011726747389454312
largely:0.024316185514789642
inc:0.01702797905025303
them:0.006817949635033679
m:0.01909974016906147
a:0.001299073605438507
how:0.006117967428972671
running:0.028162422441364666
standard:0.014158346699824357
also:0.0068999866589747275
promises:0.025955444304556825
product:0.03712463183950287
are:0.014951427479098268
taking:0.015846279228612117
it:0.0031893528347904368
not:0.005608465196055487
should:0.007640986708062696
comparable:0.02355338097399769
application:0.017164500966590366
discussions:0.02232407109582226
ve:0.00848899394896481
be:0.016143104850348037
get:0.006113367326935452
if:0.0031169786965739967
of:0.0036174992663393236
even:0.0078100439430977935
ryan:0.04134825768375144
key:0.014910894749937561
seen:0.012057976235452805
looking:0.060322915009456836
what:0.012843378181348342
but:0.009283021705819678
impression:0.022005174949602278
significantly:0.022731503929859405
windows:0.02555541564114885
now:0.007683322780829043
called:0.012475602306310389
in:0.0033056688724556367
compare:0.02004516704090006
system:0.010396382926709418
yes:0.012403934281413436
speed:0.0156207682180734
and:0.002663702891796208
still:0.009496321312695568
for:0.009079503151034623
subject:0.00012417189252101533
i:0.006215306747524486
faster:0.01814093501113643
appreciated:0.0314861592481511
we:0.025074305222585486
any:0.023797378285786215
information:0.034030064434657184
pretty:0.01338613979962617
platform:0.024316185514789642
addition:0.01844355637554137
will:0.005271187650712951
ways:0.016596922703623694
improving:0.027874199073539416
than:0.00665395945218354
the:0.00315524515809371
would:0.013013715992154085
specific:0.017047238551025266
compression:0.04526852707070193
solutions:0.021894427746375678
makes:0.012990594801171972
about:0.01832588242459296
different:0.011754497200052314
efficient:0.07214332420547619
right:0.009022667878094416
presumably:0.02293230472923247
does:0.005667389834128024
various:0.033158874217257564
distinct:0.027776276240061123
header:0.02445643220395563
accelerator:0.024650258698841996
faq:0.018056256106501207
process:0.01682122666620264
by:0.004606676627056586
panix.com:0.024091447946088213
s:0.008657250430549093
