choice:0.04775142625972839
graphics:0.04454103088784458
split:0.060353501104901335
with:0.02220863456162838
into:0.02266840383522008
drawing:0.12008187277713504
to:0.003489111797698306
design:0.04763502794209421
w:0.03916887158265005
most:0.02350120840464605
that:0.004391197790309833
like:0.02948453325338413
cs.utexas.edu:0.06850991903389518
this:0.006645347321157203
routines:0.06617696057822497
something:0.02519824452105725
two:0.023604929527257106
on:0.006417833230877088
why:0.04505626785200016
a:0.0017677267415777153
y:0.10793343231733697
handling:0.06108633627476087
question:0.02763273523224183
also:0.018778444704804637
display:0.04665976477133516
d:0.023061319270595387
it:0.00867988429721448
not:0.007631772260455251
have:0.0194145802461134
being:0.04926085898544679
systems:0.03797996354788115
color:0.28060497012177615
seen:0.032816011273700665
associate:0.12538610821010834
or:0.017071176144381906
and:0.002416439332220189
for:0.008236680073723392
subject:0.00033793616319010504
i:0.004832878664440378
decide:0.051819081222946574
joseph:0.10339743363655068
the:0.002862353202490075
do:0.009092631884892363
did:0.020809000549910955
instead:0.03883207989347647
is:0.0034009193277299227
object:0.05354395311560712
drawn:0.12715997055483533
x:0.19273164490798117
functions:0.05929171016843676
specify:0.06630291413332837
