obvious:0.033742529069315894
manager:0.017223238332954374
at:0.011591644900716198
ideas:0.03155257576350413
all:0.0041845080291504
weakness:0.025675948929634904
with:0.00513006470868024
user:0.033172311259587854
c:0.011342533751881403
4:0.010895918877976663
into:0.00785440308325608
weekend:0.02213732393387847
to:0.0036268398949758705
clients:0.023435485667503368
displays:0.022360387167358695
keyboard:0.01993325892970612
sparc:0.04768755399348052
that:0.006086046060253978
control:0.013375588903250102
happens:0.016386304889380608
me:0.00475258193159888
sitting:0.019911383747640163
server:0.01755464361906857
behavior:0.018633285188242078
sunos:0.02221042504126975
greatly:0.01711811030614299
anyone:0.014674690786327993
had:0.01345972355861522
this:0.006907663662781828
getting:0.011895620930810027
these:0.014531894500867917
on:0.006671168753148551
machine:0.02853332766951181
them:0.006429206892685267
ta:0.02025155144213961
holes:0.02102300173364691
3:0.03080876242944236
more:0.005576399236055815
openwindows:0.024177048518573253
a:0.0018375054287452564
how:0.005769135952759317
xdm:0.08033461558207453
was:0.011650804396070863
seth:0.02733413372752986
running:0.03983500542693028
worked:0.016860367721817322
modified:0.021657129930186855
fine:0.014206827096142807
course:0.010728735964473768
science:0.014831720290207523
owen:0.05515572228975104
turning:0.020803657783758044
explanation:0.020228034147659852
processing:0.020803657783758044
theory:0.03568902506119846
computer:0.011757468882304013
are:0.008459360284226652
d:0.007990544834986997
it:0.004511255654473315
not:0.005288684285754078
precise:0.024795814300414942
have:0.0067269817519428005
systems:0.013159724211765835
try:0.010685919615541195
copies:0.019803615060225665
machines:0.01730678304773812
kind:0.012085643407732717
university:0.010308509217537953
has:0.004670063481958557
manage:0.02210122525345516
screen:0.01639608407941249
greg:0.01920731841006764
network:0.016111796798375336
his:0.008089601059233582
personal:0.01471006785612156
sun:0.04774331979077422
be:0.0025371107769187337
which:0.0056661944408663055
found:0.011730353093232443
sort:0.013760795209039604
g:0.031008789131679843
prior:0.020158229519125204
dept:0.017996962676937716
things:0.009801429509387059
if:0.002939256227032497
of:0.005116857514887859
effectively:0.021466405755012564
department:0.015210857818828668
what:0.004037026767529084
but:0.002917908869519343
version:0.013686274595024493
programmer:0.022360387167358695
one:0.004312767139366765
email:0.012034643241087458
in:0.0015585938762674603
our:0.009779716767457865
x11r4:0.025141344466437374
installed:0.017567412084890755
use:0.007292892665558544
and:0.005023650190668287
few:0.0100246820215188
for:0.005707874787931122
subject:0.0001170919161930627
p:0.014763719472067324
appreciated:0.014845447891123872
away:0.0121446648522968
we:0.035466944887209736
info:0.012918401137685952
20:0.013793124335112367
any:0.008976204090252696
shoot:0.020444372158898893
the:0.002975340828904156
when:0.011470828445997682
solve:0.021789048593508248
meant:0.017858154734171128
last:0.009562116456401306
7:0.027995864288871103
actual:0.01781735476635396
satisfied:0.02379061313475629
about:0.004320246404920489
current:0.01386949878829306
is:0.005891943572163682
having:0.011477593826405093
multiple:0.0188334399895869
days:0.013062511511184966
window:0.01529382781502255
lee:0.01871557587445051
does:0.0053442491856909
olwm:0.11134373405358863
2:0.01709131186048604
run:0.011740501878892083
runs:0.01645522158089182
experience:0.014527292871908543
1:0.008590017069845213
workstations:0.02379061313475629
x:0.013355964866430273
eventually:0.0185846418255484
every:0.010667318100602613
image:0.016232732442691564
fault:0.01941666666805532
chair:0.025213841404819876
appear:0.017318848983579747
s:0.008163635274421294
