configuration:0.0771257556861274
at:0.014324634348852538
out:0.009578675602280163
correct:0.026603393822613407
know:0.010031505086652862
help:0.017399127805217865
all:0.007756649029644644
x11r5:0.07846862708465219
displayed:0.043174804141201444
fax:0.024867019023442193
own:0.01842675313453655
with:0.02377347060120111
my:0.007725319197807328
to:0.002240974244050132
then:0.01297463699004718
boot:0.0798150645429324
t:0.0209453093902475
configure:0.04774641047942205
appears:0.06341952890072085
servers:0.04283243434160692
happens:0.030374613941290887
phone:0.023880870944793246
this:0.004268149905458691
starting:0.06376458508743443
unix:0.03221599525301084
on:0.008244045938850244
machine:0.052891046411778005
them:0.01191755424009952
specified:0.0425847985083979
a:0.002270738416010399
other:0.011213886079934236
load:0.03655278757563874
want:0.01538697534725351
xdm:0.1489129459570162
running:0.04922699857636914
starts:0.03636148271864529
no:0.009152404359207398
works:0.07256404862318878
49:0.08090351141569839
it:0.0027874425182111543
only:0.010841758034709648
machines:0.1283234645490827
after:0.01568466412735733
connection:0.03500622874392274
of:0.0015808177688271436
germany:0.03418492466005925
host:0.03891751705018476
menu:0.12565250049492413
but:0.010817613369925372
again:0.019852594618764374
well:0.013681852928075975
please:0.015572482576465487
up:0.010922442035385243
in:0.00433365126571928
our:0.018128255471385316
x11r4:0.0466034677914449
and:0.0031040440202503242
subject:0.00021704843001640894
i:0.0015520220101251621
we:0.010957267526129839
connect:0.03736647423057356
than:0.011630904733491555
the:0.0067408805771378725
users:0.03210323226224539
33mhz:0.04889804069944666
hello:0.03145764870448595
named:0.037896884977471124
bye:0.04963764865233874
an:0.02189995459906675
different:0.020546478845619904
is:0.004368660599848194
number:0.02034361665364031
time:0.0385246334122857
x:0.04951479657798541
nothing:0.02077118700407243
e-mail:0.022355250216685097
very:0.01417270318523128
bug:0.04032762991816798
