where:0.02052729775815291
fax:0.03398492599870433
from:0.018812716765115013
work:0.02250080515544782
my:0.010557936237003348
to:0.0030626648002018463
w:0.03438156505588171
mail:0.034047950053731735
v:0.08548107364226694
ow:0.07157670023176531
nt:0.007934206130249317
re:0.008309788950626012
phone:0.032637190291217436
8:0.06561091738608592
3:0.02601628827375133
openwindows:0.06124852291371891
false:0.046523428796679776
j:0.03393476288365403
worked:0.04271293156193722
gary:0.047163093816918425
following:0.03041460303377513
sweden:0.05912568694968881
fine:0.035990628643561784
andrew.cmu.edu:0.09055065348282801
it:0.011428514324665733
not:0.0066990000952884985
46:0.11531422338585576
have:0.005680562368307254
systems:0.03333796800314012
larry:0.05049758928858884
mouse:0.048288135302531454
25:0.04086313942544014
which:0.014354359250194643
writes:0.014694719800390275
wm:0.12027296897061598
seems:0.02618318988201198
virtual:0.10972945831294675
find:0.02351607486303767
up:0.014927337448359829
email:0.030487762877421568
in:0.007896875639755132
and:0.002121096747171055
subject:0.00029663285435575884
i:0.006363290241513164
mats:0.14171921110491792
ol:0.12597140294723103
the:0.0008375033444322812
got:0.02457948690700638
can:0.009606288804863482
an:0.009976645984019298
belongs:0.06095990639812713
about:0.010944624225798573
is:0.0029852514098962658
today:0.03154584739775948
3.0:0.05136382863825231
does:0.01353876460375028
man:0.06440109641767108
excerpts:0.06464165235317648
labs:0.05808866539644193
pages:0.09991095270674588
1:0.021761376576941206
resource:0.11022885510965916
show:0.03344520744149814
article:0.01800739734036891
full:0.03432958315470282
telecom:0.06504573728840843
summary:0.04779818730402896
