there:0.021343697339003428
my:0.022098006077448867
to:0.0032051143257926296
that:0.008067549428708763
view:0.1583883140830061
cs.utexas.edu:0.12586706055064462
me:0.025199736753594063
need:0.04467911608133107
on:0.023581805825083253
how:0.030589837144863356
let:0.05360785448262383
files:0.07696073406017882
are:0.014951427479098268
it:0.007973382086976092
have:0.011889549142968671
color:0.08592167689775317
between:0.05402013595456757
screen:0.08693737604897785
utilities:0.12023887367579364
postscript:0.4679921904324293
in:0.004132086090569546
and:0.01331851445898104
subject:0.0006208594626050766
i:0.008879009639320694
plain:0.10580919948364048
any:0.023797378285786215
will:0.02635593825356475
joseph:0.18996272691366287
do:0.016705067881546434
an:0.02088135205957527
x:0.14163534835098152
image:0.08607123248682969
convert:0.09950186035344975
