at:0.014806134663099681
there:0.015424856900456259
gnu:0.050360947905974576
anyway:0.025617763207096925
wonderful:0.040387796639558014
from:0.007114052558236769
to:0.001158150554698177
changes:0.03426814537593436
job:0.02917217273352249
implement:0.042768993373232506
look:0.019925784237612692
us:0.017309885598193242
that:0.008745494758852357
think:0.012098722920408027
indeed:0.0309936328445766
its:0.017376676941463613
re:0.006284714332406227
package:0.03266607590803531
practice:0.06901727907633345
had:0.01289418895531206
this:0.008823234258343176
protecting:0.04418599095672656
you:0.004670579742930435
a:0.0011735328788625168
netherlands:0.04888864463685616
theory:0.06837897238616175
xv:0.13334176918286955
3.00:0.04951140070537483
mind:0.025459292462270057
van:0.07706899210913028
display:0.0619516204526971
are:0.005402616652111138
no:0.018920096406428735
d:0.015309615314092735
police:0.030887259761619257
it:0.008643414195125343
not:0.005066470660302226
should:0.01380514405238218
slide:0.04789887122797899
have:0.004296223639896242
interesting:0.027462391276650525
ronald:0.09808012129896743
kind:0.02315568652910134
between:0.01951988105921349
against:0.021708241950906274
has:0.017895369309017663
shows:0.03247239191277236
escaped:0.044272180033761765
loop:0.043139245388308385
writes:0.005556826815273633
were:0.013036162163632766
of:0.004901863501657277
cheers:0.03658960232238946
even:0.014110583594672484
but:0.005590615313028657
using:0.018524542677688407
in:0.0044793202158274915
feature:0.039706778068103174
or:0.005666482837841053
use:0.013972937207960907
and:0.0032083816343763854
for:0.0027340240580846554
subject:0.00022434417556317895
however:0.020143688270562295
i:0.0032083816343763854
group:0.022664839788291133
we:0.03397673711883958
xloadimage:0.055665752753385145
will:0.01904714865383671
the:0.00380043534448262
do:0.006036285032827703
because:0.014829599150374066
instead:0.025779279929282698
forget:0.03226229693625625
myself:0.028007076151242715
just:0.00986881145769652
interested:0.024177111053906887
is:0.009031012668593744
mostly:0.034294529577654255
does:0.010239401801155673
change:0.024974866453029307
very:0.0146490965696088
difference:0.026950872662473837
john:0.022533431929259207
s:0.0052137502592942715
