go:0.014850627876291047
at:0.01344984751838826
gnu:0.04574773130390057
anyway:0.023271097875149114
versions:0.03389635893625003
wonderful:0.03668815114585804
from:0.006462383621604393
work:0.015458568427406899
to:0.00420824171020101
stop:0.025373687897562117
changes:0.031129078623940373
job:0.026499912635795236
implement:0.03885122298789823
look:0.018100521559358096
us:0.015724247222786227
that:0.00794438073514069
think:0.010990442958233246
indeed:0.028154521438966528
really:0.014896150711381112
its:0.01578492027507
re:0.0028545076547951947
package:0.029673763611116045
had:0.011713041875436146
this:0.008014999059105634
he:0.012138421431452178
protecting:0.04013841926603405
a:0.00106603368385221
was:0.00675924529848386
owner:0.0342122766168825
xv:0.16150300796703793
3.00:0.044976005220913017
mind:0.023127143534428525
van:0.0350046185533836
display:0.056276662853976755
no:0.008593478902156563
d:0.01390720780440485
it:0.013086085104579082
not:0.004602366477679121
should:0.012540550704072362
slide:0.04351118836740077
have:0.011708029308724874
interesting:0.024946752381079483
ronald:0.0445478413533478
kind:0.02103455493864931
money:0.023665799746023893
against:0.019719700703495012
shame:0.04013841926603405
has:0.01625609883796261
shows:0.029497821661220693
escaped:0.04021671316044008
loop:0.039187558787852655
writes:0.01009560902316889
were:0.011842009904368695
of:0.005937117116511103
even:0.01281801105164905
but:0.005078497879774124
using:0.033655276009846115
in:0.004069000806744057
feature:0.03606951595499448
rather:0.019644913381014224
and:0.0014572420400411827
still:0.01558556551320265
for:0.004967158212398076
subject:0.00020379356406120838
i:0.004371726120123548
objection:0.044976005220913017
we:0.04115248567065557
back:0.016079058931813262
will:0.02595355751686911
the:0.0034523038625452807
do:0.005483342892416004
older:0.03372633881709641
because:0.013471162586981021
forget:0.02930697202606484
put:0.01898823892783801
myself:0.02544154245799911
just:0.008964798194396075
interested:0.021962413858129158
is:0.006152808249404517
mostly:0.031153045952220276
does:0.009301441330820802
too:0.014904716548583942
nice:0.02412014852484548
change:0.022687092426797614
simon:0.04131514201280701
article:0.0061857471779893205
very:0.013307194593766773
claiming:0.03520604416539272
john:0.02046930076016676
s:0.009472309631389592
