there:0.019120395532857236
existing:0.09020149284075105
into:0.03730841464546638
someone:0.04590537738881291
such:0.04006285840557913
o:0.5105594351374827
from:0.017636921967295324
beast:0.11275590840995248
could:0.03143977406929286
hi:0.06564618041696677
brain:0.09186204997847486
inside:0.07820949014737888
input:0.08889898540363991
a:0.005818767191026646
output:0.17030659120558836
has:0.022182801539303146
graph:0.12769850699618177
which:0.02691442359411495
of:0.004050845532619555
huge:0.08954006162586398
visualization:0.13286176041086054
postscript:0.10481075098226281
or:0.014048155368814277
subject:0.0005561866019170479
table:0.09437280048915095
andre:0.22702713532702473
any:0.02131848471435015
the:0.001570318770810527
maybe:0.05516485588213175
is:0.005597346393555498
nice:0.06582790534905746
beck:0.3745595500506859
already:0.1210744300540563
written:0.07465664455116895
by:0.02063407239202429
producing:0.11511692268718171
