choice:0.03143635562098786
traffic:0.03645866884488251
pass:0.03382729350159413
with:0.014620684419738683
into:0.014923365858186552
drawing:0.19763474894570143
oliver:0.04848123926488236
acm:0.053409276650299056
several:0.023487094767228305
gc:0.10299231260652311
to:0.0034454979002270774
colors:0.03799913894819204
design:0.031359726728545353
then:0.01329900291479836
most:0.015471628866391982
that:0.00289087187862064
problems:0.022858943632431444
id:0.03908174006686045
cs.utexas.edu:0.04510236336398099
re:0.0031161708564847544
server:0.03335382287623028
so:0.008515088311541
this:0.004374853653095158
on:0.008450147087321499
performance:0.0315917602799718
x11:0.044435340800034855
state:0.022147611557838467
graphic:0.04390324520014709
why:0.014831021501283386
more:0.010595158548506048
a:0.0011637534382053292
want:0.015771649730934846
was:0.007378842784178213
handling:0.04021517138088424
question:0.018191550694559203
oj:0.05626714957635597
display:0.030717678474462315
model:0.03049126259652958
caused:0.03318595149212639
it:0.005714257162332866
not:0.005024250071466374
application:0.03075306423180774
being:0.03243006549875247
color:0.09236580266508465
attributes:0.04976582826344285
network:0.030612413916913137
1986:0.04248473561798152
writes:0.005510519925146353
were:0.012927527478935826
things:0.018622716067835412
redesign:0.05171261868995539
associate:0.08254585457165466
who:0.010775440618615403
in:0.007403320912270436
context:0.0346061745683081
and:0.004772467681134873
for:0.00813372157280185
subject:0.00022247464076681915
each:0.042433489956010255
create:0.03169038076036349
world.std.com:0.038300636086337894
information:0.020323510704031374
decide:0.03411422847177316
joseph:0.034034988572031265
the:0.006281275083242108
see:0.014744881345093134
did:0.013699258695358044
transactions:0.05171261868995539
instead:0.025564452596538677
during:0.024403079248353922
jones:0.04133582066612218
requests:0.04373317126988703
different:0.021060140816760397
draw:0.03518916280669902
is:0.004477877114844399
object:0.035249769134441354
drawn:0.08371364728193327
request:0.03250250856161943
x:0.05075266649243504
article:0.013505548005276683
included:0.031189845420841408
s:0.010340604680933639
