another:0.010218918573219257
manager:0.018096305713887546
at:0.004059746601172493
confusing:0.02404667091814176
know:0.011372120973809234
x11r5:0.022238804450258567
startup:0.04988279819057805
menus:0.02697749472791133
fax:0.014095130598540966
your:0.017418417818174138
with:0.008085171107689595
way:0.007983284882702965
user:0.034853856991640696
though:0.011454120744749677
into:0.008252552548305928
from:0.007802509257420973
kings:0.02404667091814176
several:0.012988255170817494
my:0.008757735127468214
to:0.002540459281273421
then:0.01470857465231155
enough:0.011208057727822102
mail:0.014121269607538506
client:0.02307289629294726
that:0.00639455530754796
like:0.005367000292666697
nt:0.003290684570149486
its:0.009529145419512304
re:0.003446456246803415
started:0.01511172753911938
sunos:0.02333629912170278
file:0.028004478179340177
voice:0.016711955306157458
path:0.020442067424243846
best:0.011222009585075734
these:0.007634267157137984
fair:0.019459444870063975
on:0.004672892398518801
set:0.02441856759563061
you:0.007683856996433943
books:0.016823677018645903
tell:0.011106106237891487
used:0.009098910176667583
am:0.00753150394793256
etc:0.010701953859254541
them:0.006755111389549497
m:0.006307901899152406
a:0.001287100576816954
other:0.006356258008441985
nor:0.015919534548273745
xdm:0.14067812866907062
as:0.007374324057299709
running:0.013951430472104617
copy:0.015744755507204344
therefore:0.015819933274446387
science:0.01558355864593233
computer:0.012353469609056752
shell:0.06662515965448973
d:0.008395595494825048
it:0.00473993681668164
hundred:0.021204393490605485
have:0.007067980826926077
only:0.006145328286955238
university:0.010831060376030661
doing:0.012353469609056752
has:0.004906794810537102
environment:0.05803207610430132
which:0.005953420887177502
writes:0.0030472921245048956
applications:0.017973737453430103
get:0.012114045855217716
prior:0.02118007525511773
things:0.02059655233308986
if:0.006176501564639717
of:0.005376237388914433
department:0.015981915127617218
available:0.012447298745687696
what:0.008483337354807661
but:0.0030658213006931347
using:0.020317240356174385
they:0.004299168776533381
find:0.009753210772688434
who:0.011917538011371874
up:0.006191061614527118
login:0.10161045276008668
george:0.03670335648898772
one:0.009062773343554124
rest:0.015053598310934602
in:0.002456401408679592
our:0.02055092555742298
executed:0.02591517372048353
and:0.007917457904186886
gets:0.015379337983376979
few:0.010532845626296252
still:0.009408797613961047
subject:0.0001230274511152917
i:0.0017594350898193082
suggestion:0.02132794767240575
buildings:0.025282910487702495
alternative:0.02006526578969745
normal:0.017384159790408034
the:0.004168219410077713
wrong:0.012181668464653735
users:0.036393525974711356
do:0.0033102208244539014
ross:0.04999317783156161
can:0.003984175080358126
road:0.016638951087421704
instead:0.028274048954697154
put:0.011462946080860735
an:0.004137779440376667
variables:0.054850507874750286
places:0.017579824342351773
about:0.004539245070607703
is:0.004952490818261086
having:0.01205940733834268
window:0.016069090976152726
does:0.005615155826440208
olwm:0.029246971617762914
run:0.037006927581392554
runs:0.01728935723706606
leaves:0.02296446082101088
article:0.003734252904684797
neither:0.01724784078571875
usual:0.059310702547457364
by:0.004564218777959291
everything:0.028476151925559936
s:0.008577460104000253
