some:0.00997894765071243
form:0.0291741959357427
allows:0.035321994744839005
i.e:0.029525974333123105
specifically:0.034590108134663775
own:0.01937171483374355
with:0.0099970491758897
user:0.06464347835201736
drawing:0.08108092264439035
my:0.008121489413079499
to:0.008245636000543432
visual:0.08760002617480236
that:0.0059299935971705445
provide:0.028862869045157384
higher:0.03172541806015293
packages:0.04226718463735147
so:0.008733423909272823
anyone:0.014298416663601635
this:0.008974058775579812
tools:0.03802968253135617
routines:0.044683588766493795
roll:0.046057718856987395
used:0.016875756481511673
am:0.04190606042824014
etc:0.01984892296972851
support:0.04681976597493173
prove:0.033563233674475196
a:0.0035807798098625512
other:0.02357791432191301
wondering:0.03076011540048972
want:0.016176051006087024
was:0.007568043881208425
objects:0.04008383596601072
developing:0.04214055997252121
product:0.034110238655953494
model:0.03127308984259444
application:0.03154160434031563
have:0.0087393267204727
develop:0.03850907968221979
links:0.04913466530170028
greg:0.07485929226487903
network:0.031397347607090405
familiar:0.03937314905718876
knew:0.033180299682886834
edge:0.04028377510767487
certainly:0.026288523737227704
if:0.01145556273099845
of:0.004985656040147145
looking:0.04433992043430161
aspects:0.04118991351858767
difficult:0.03185648100032478
in:0.003037259861444282
and:0.006526451529757092
for:0.005561519024138017
subject:0.00022817911873519915
i:0.011421290177074911
gregory:0.04566915155718606
any:0.008746045011015448
will:0.009686370469258842
exist:0.03108140577603509
capabilities:0.04380001308740118
suggestions:0.033820481804024596
than:0.012227361386491123
the:0.0032211667093549274
once:0.02293189055491373
may:0.015906201089229324
an:0.007674343064630229
general:0.025200259513568815
is:0.002296347238381743
time:0.013500085212852255
their:0.012937466825484736
accomplish:0.04757636139747845
created:0.032462351183632665
x:0.026027008457659
greetings:0.04678335512866677
past:0.028235166212849265
task:0.04293007552919655
s:0.005302874195350585
