another:0.038232850523941014
school:0.031349348929276766
since:0.01724846227072139
large:0.025810638964548063
at:0.0151890519388695
vertical:0.046555596086471696
existing:0.037324755658241816
where:0.01592635170891174
versions:0.038279508798696155
text:0.03117727356235834
with:0.00504161531715127
sizes:0.04985049475840184
previous:0.029941374307696604
o:0.18108511985171802
several:0.024296994586787902
gc:0.05327188583096023
to:0.005940513621081168
5.0:0.08745544444923048
export.lcs.mit.edu:0.0501530061360852
day:0.021925026170369587
like:0.010039991926798907
font:0.08605293342416233
uk:0.03725551279878264
you:0.009582741196702101
names:0.03531807941362827
a:0.0012038828671089613
richardson:0.10125531877532605
old:0.022826836916744173
wise:0.042192590621921246
obtained:0.041321072373030135
are:0.011084678993124578
reasonable:0.03222678594919007
it:0.002955650256379069
have:0.004407332871962525
judas:0.05710538429011062
provides:0.03808750331930716
univ:0.04003968423495868
be:0.024933674876615144
get:0.01133081013182002
soon:0.03100856583654716
were:0.013373304288554303
of:0.0033524238890644594
4.0:0.04873660052150523
available:0.023285032998398535
what:0.0079348457154882
released:0.03729006470738211
version:0.02690060868677228
present:0.031245692093356068
now:0.028481282722038693
one:0.008476818170479504
boxes:0.04250384066193949
in:0.0015317215680559523
bitmap:0.09174675561158607
england:0.04250384066193949
priest:0.049558240002577
better:0.01927772302846037
subject:0.000230146180103606
i:0.0016456785107361632
sciences:0.0438750880294368
limited:0.033466336749118614
any:0.00882144195076558
alan:0.07587383951722826
physical:0.03678578706357514
the:0.0019493612327303093
when:0.011273055541756343
can:0.029812620428886667
an:0.01548100238899546
note:0.02553180257653877
including:0.0274135147114675
draw:0.03640258221382658
is:0.0046322866705286875
strings:0.05327188583096023
angle:0.04606285113957559
new:0.014862065214513335
window:0.03006028225711329
x:0.02625137922022502
fonts:0.08539226334998758
release:0.03425692663264878
give:0.020372726477206955
elsewhere:0.040837542488107344
functions:0.04037969916643538
summary:0.03708480049450523
s:0.010697177256138246
