some:0.017425923509453045
help:0.031941682388683536
tried:0.09247355382199018
specification:0.08460765869590142
with:0.017457533635508875
option:0.06254643615302063
hans:0.19330759918013607
work:0.03022496214910901
to:0.004114027343554719
that:0.0051776809766339825
nt:0.010657888831678187
location:0.0685198055891702
could:0.0225240172436725
me:0.01617296537917231
need:0.02867465658951099
this:0.00783555878166297
on:0.007567295899093879
state:0.0396673639841883
a:0.004168669032377299
hard:0.040361692575753866
y:0.06363239666469866
also:0.02214174823402338
science:0.050472122778616645
processing:0.07079453693577364
computer:0.04001049112187038
no:0.016802175166903133
xlib:0.08078035229369729
it:0.005117245219999581
have:0.007630606166382879
recognition:0.08483906446509494
uses:0.05097007656472294
of:0.0058041965840519
department:0.05176232212974532
but:0.009929600332095676
pattern:0.07773688678046861
michigan:0.07689182866107298
code:0.048365858363159646
in:0.0026519358491714994
subject:0.0007969240863289044
create:0.056758890914083863
i:0.011396937745993726
program:0.04144229003558321
the:0.002250008985041949
did:0.024535985723029334
simple:0.04924162025307822
laboratory:0.07144559100257798
detail:0.07183078330042683
window:0.05204466778843495
somebody:0.056652660051862015
x:0.04545014909770302
geometry:0.1687595719550629
image:0.0552397462228907
greetings:0.08169630671722405
luck:0.06153415859572569
s:0.009260242997851019
