there:0.012402418724015507
andrew:0.10176913943708105
technology:0.04550902278131004
document:0.0615518023219797
decision:0.05682088828631469
such:0.02598671896578106
to:0.0037248625948400837
that:0.009375800687418293
motif:0.06353293035159964
really:0.026370212745823324
effort:0.05489671468552302
dsp:0.08127647305448565
consultant:0.07768588973376936
something:0.026900828610317878
on:0.006851470611341756
them:0.01980890772340866
a:0.0037743354752605273
want:0.02557564821232678
mac:0.04636867749744779
are:0.01737598328651961
ftp:0.05126171550390643
between:0.031390079000627104
site:0.05277789455998117
listing:0.0756027724388064
of:0.00788272644185427
gives:0.04914222264589332
available:0.036500862538030136
what:0.03731522039175532
macintosh:0.0634541341311835
they:0.012607021952807348
in:0.0048021541052565
resources:0.059645334777926926
or:0.00911231699598764
and:0.015478273560437428
subject:0.000360769687729977
we:0.036425510965242436
possible:0.03482394085087273
world.std.com:0.06210913959946685
the:0.005092925743169277
page:0.11364177657262937
fancy:0.07220663151609147
an:0.012133758629212659
just:0.015870115722511974
e:0.08407809989334668
is:0.003630711174198161
either:0.03383192847450484
occur:0.06148372402427758
nothing:0.03452508110136363
difference:0.043339916849113334
widgets:0.14862959407209053
somewhere:0.052425960255440364
