keys:0.052251261401420016
involving:0.07185004141690034
mark:0.04004831952389587
default:0.06399567047469049
ever:0.03524562742439814
with:0.007797698357193965
active:0.11914191986231648
to:0.003675197760242216
then:0.021278404663677378
value:0.04978470426342224
that:0.004625395005793024
v:0.10257728837072033
ow:0.08589204027811836
re:0.009971746740751216
this:0.013999531689904508
set:0.03532552778834562
none:0.048300136432283924
false:0.05582811455601574
below:0.09898330434767713
as:0.01066818880289358
it:0.009142811459732586
not:0.024116400343038597
only:0.017780483176923823
whether:0.03809944779842433
mouse:0.1158915247260755
regarding:0.05275995161427837
be:0.015425633523665903
if:0.008935338930178791
of:0.0025925411408765156
wm:0.14432756276473918
virtual:0.1316753499755361
called:0.035763393278089785
in:0.00473812538385308
or:0.008990819436041138
subject:0.00035595942522691063
mats:0.08503152666295076
ol:0.15116568353667723
controls:0.06644383997545815
will:0.030221475864087584
the:0.003015012039956212
an:0.023943950361646316
belongs:0.07315188767775256
is:0.007164603383751038
marked:0.1469964549929254
1:0.052227303784658896
resource:0.19841193919738648
adds:0.07216378138236959
says:0.034147023259034244
summary:0.11471564952966952
s:0.00827248374474691
