know:0.015423439070728774
technology:0.04209584607271179
someone:0.02754322643328775
to:0.005168246850340615
london:0.06351158084654096
stop:0.04154941393225797
covers:0.06721490354833062
physics:0.057320062881165645
us:0.02574845482731245
mail:0.0383039438104482
that:0.00867261563586192
atmospheric:0.07206953698269142
me:0.013544858505056809
re:0.0046742562847271315
prince:0.06842065687567515
national:0.04067717406234392
distribute:0.07048009728912584
etc:0.029029049843227947
sure:0.027275550251990046
a:0.0017456301573079939
copy:0.04270764931329178
let:0.028814221784410312
science:0.04227040282709144
cover:0.049052581853098576
xv:0.06611529388650615
3.00:0.07364820854924507
college:0.051493941257108156
brian:0.1401029068042042
it:0.012857078615248948
not:0.007536375107199561
have:0.019171897993036983
buy:0.03758551406554958
rights:0.04341499274616008
hope:0.036105769220500565
has:0.013309680923581889
escaped:0.06585486780022064
writes:0.008265779887719529
if:0.008376880247042617
of:0.0024305073195717334
dr:0.048985557563831265
using:0.02755525723306151
please:0.023942691961315685
in:0.004441992547362262
or:0.016857786442577134
astronomy:0.06163056895981226
england:0.06163056895981226
use:0.02078474409684185
and:0.004772467681134873
subject:0.00033371196115022873
space:0.03821890946891379
i:0.004772467681134873
group:0.03371394918508307
we:0.016846798821424626
medicine:0.055393179383324914
will:0.014166316811291055
observatory:0.07439100130513009
the:0.0018843825249726326
radio:0.04484187950959583
regards:0.0516170949626458
road:0.04513315482463138
laboratory:0.05983568246465906
does:0.015231110179219066
too:0.024406473348306208
article:0.010129161003957513
says:0.0320128343053446
va:0.062388376732517695
