some:0.02779849702698462
large:0.023762175554663298
know:0.00979265972744684
tel:0.03226546094681251
all:0.015143933819782398
small:0.023720205557666754
with:0.004641487117377359
way:0.013748990631321772
height:0.08517085060385438
mathematics:0.042232633535492003
into:0.014212729388749097
wrote:0.020441071227721118
my:0.007541383026430962
to:0.001093808857214945
0:0.17453125183192536
within:0.02568611282795887
width:0.0897372327062636
that:0.002753211312972038
quite:0.02108094747705874
really:0.015487267803102585
happens:0.02965140884745062
font:0.0396116677666779
error:0.02988458856485713
this:0.00833305457732411
hi:0.02500806873027305
something:0.01579889934256764
these:0.013147904548404307
big:0.022030004395774263
on:0.00402387956539119
am:0.012970923465883853
a:0.0044333464312583965
sorry:0.025217592736020828
objects:0.037220704825581374
question:0.01732528637577067
are:0.005102471282549408
bos:0.04756311746675376
works:0.023612111059926506
49:0.03948861866718611
it:0.0027210748392061264
not:0.009570000136126426
application:0.029288632601721657
kind:0.043738518999413646
partially:0.045237822826424606
university:0.018653492869830583
aix:0.045894106285512805
expect:0.0274303260568126
screen:0.02966910452465117
uses:0.02710313595108283
be:0.004590962358233899
which:0.01025311375013903
perfectly:0.03545890472092752
things:0.017735920064605153
of:0.007715896252608676
germany:0.03337099788243878
what:0.014610192111057638
but:0.005280025573415954
using:0.01749540141781683
code:0.05143670651320153
in:0.0014101563642419878
or:0.005351678235738772
for:0.007746401497906523
subject:0.00021188061025411345
half:0.03001304352057949
create:0.03018131500986999
i:0.00757534552561091
research:0.02450263079791093
the:0.004187516722161405
wrong:0.02097954013357032
do:0.011401871728674549
copied:0.046609591182292937
did:0.013046913043198136
may:0.014770043868570086
simple:0.02618403616631937
is:0.012793934613841138
win:0.026900598441494773
right:0.015395822172938884
window:0.027674545570040805
2:0.015463567873773084
1:0.01554384041210086
fonts:0.07861509959205205
show:0.023889433886784384
e-mail:0.021822982354383066
shown:0.06554551741288354
bug:0.03936744825344969
