xt:0.031193369413467637
some:0.028476509149594004
help:0.013049345853913397
programming:0.026754751750995925
send:0.01788626293217209
situation:0.021488611516918284
thanks:0.012154796615342458
widget:0.061452187290094835
with:0.0106980617705405
height:0.03271807065879772
much:0.010653639448536168
creating:0.0298435397081882
name:0.016842881133111286
to:0.0050421920491127955
then:0.009730977742535386
intrinsics:0.04175224468882343
basic:0.04658113182390244
perhaps:0.017612570351463692
width:0.03447222963716224
me:0.013214496102494448
severe:0.030726093645047418
something:0.024276357526384424
on:0.003091517227068841
set:0.01615496697637757
books:0.022260597030769273
am:0.009965465589642473
moment:0.02566043170336453
them:0.00893816568007464
specified:0.03193859888129842
size:0.02195656790893822
a:0.005960688342027297
how:0.024061518241996174
as:0.004878744879372064
running:0.018460124466138424
idea:0.01690473350768754
advance:0.019289641565101524
are:0.003920191351226985
no:0.006864303269405548
it:0.006271745665975097
not:0.007352561080194694
application:0.04500448424166986
have:0.009352145362457064
university:0.01433134208291862
call:0.01620095181706529
topic:0.02662583445481416
anybody:0.01853411673727253
which:0.023632176814344836
get:0.016028950918184418
of:0.00474245330648143
available:0.01646990138911116
what:0.005612451847540435
but:0.0040566050137220136
using:0.026883177788352693
now:0.01007264876755027
in:0.006500476898578919
x11r4:0.03495260084358367
use:0.0202777991188701
and:0.006984099045563228
for:0.0059515035898550115
subject:0.0001627863225123067
until:0.017446132471735636
values:0.026042355916727246
i:0.013968198091126456
top:0.02061970869614217
information:0.014870861490754665
unfortunately:0.022450567566011933
program:0.016930691660878506
the:0.004136449445061876
when:0.007973624651486195
level:0.021466677820693593
can:0.021086975425310083
did:0.01002384782587174
draw:0.07724450372202224
is:0.0016382477249430726
argument:0.02145574048865684
economics:0.03628829331957565
time:0.009631158353071425
window:0.0850486034591498
difficulties:0.03680754824847996
x:0.05570414615023358
first:0.011448505057262446
very:0.01062952738892346
useful:0.02337980010413682
passed:0.05270292054461934
widgets:0.03353228646748384
task:0.03062694412753656
