some:0.011446439952287786
where:0.01811232155131139
with:0.005733601733230856
surprise:0.04770947705980841
to:0.006755878235739366
stop:0.0325877756331435
been:0.01438470967864156
make:0.051767073039697166
that:0.003401025739553694
think:0.014115176740476031
nt:0.007000770114925867
re:0.0036660833605702994
on:0.00994134951449588
3:0.022955548476839407
a:0.004107365076018809
other:0.0135226273316854
was:0.008680991510797898
following:0.02683641444156629
xv:0.2074205298400193
3.00:0.057763300822937305
brian:0.07325642185840742
freeware:0.2500927254792669
it:0.010083983227646235
have:0.010024521826424566
stay:0.03871272125741355
shareware:0.048630377254261385
discover:0.05353993890046226
has:0.010438965430260305
escaped:0.05165087670605539
be:0.005671188795465405
found:0.026220789267225465
writes:0.006482964617819238
if:0.0065701021545432284
of:0.003812560501288993
what:0.018047884372482965
but:0.006522384531866767
version:0.06118569818952126
using:0.021611966457303143
in:0.001741957861710691
use:0.03260352015190879
and:0.005614667860158675
subject:0.0002617348714903755
i:0.01122933572031735
plain:0.044605838998005305
we:0.03963952663864617
paid:0.08109784583866975
will:0.03333251014421425
the:0.0029558941568198155
do:0.007042332538298987
drop:0.04244776133682403
myself:0.032674922176449836
long:0.023336384755966517
here:0.017650989270817607
is:0.0026340453616731756
new:0.016901956518466144
spent:0.08513416062698638
time:0.03097078372360223
2:0.01910205443230793
too:0.01914233203788722
article:0.00794444000310393
very:0.0170906126645436
by:0.009710151713893785
