xt:0.09301295606924895
menus:0.10643847919921379
own:0.04120892064632718
c:0.04701995809870836
my:0.017276622933278203
to:0.0025058166547106014
intrinsics:0.1244976023448553
direct:0.07261410222862134
that:0.006307356826081396
me:0.03940322474198344
need:0.03493094529994975
package:0.21203252907579284
anyone:0.030416631811661658
something:0.03619384213024587
on:0.009218342277077999
a:0.002539098410629809
other:0.025078327051489286
let:0.04191159532277863
xlib:0.09840515643050397
not:0.010962000155926634
should:0.029869311676972356
rely:0.09147120085724754
be:0.010517477402499477
of:0.0035352833739225207
menu:0.09366822764167072
reasons:0.06611862683265646
windows:0.0499492214804273
in:0.006461080068890563
rather:0.046790611871142966
and:0.003470885586279908
for:0.0059154338711286175
subject:0.00048539921621851447
create:0.06914264893170216
any:0.01860522302343286
will:0.02060555172551426
than:0.052021864807980406
the:0.002740920036323829
would:0.016957266292806836
can:0.015719381680685696
rgb:0.09797732920486409
toolkit:0.0997525741060262
win:0.061626825520515294
write:0.05916679863613661
x:0.16609963579342377
too:0.03550032487026357
nice:0.057449808304631964
written:0.06515488979011108
