at:0.023492400332118163
where:0.049265514619566984
widget:0.06718772477050369
dealy:0.5027010206351324
from:0.011287630059069008
to:0.003675197760242216
important:0.041898257239642966
that:0.004625395005793024
re:0.004985873370375608
foundation:0.06634087936087267
this:0.013999531689904508
these:0.022088479641319235
on:0.0067601176698572
set:0.03532552778834562
you:0.007410653192116292
knowing:0.11450731513668835
a:0.0037240110022570536
uunet:0.05035989749889714
freely:0.06944495219055197
brian:0.14944310059115115
it:0.018285622919465172
not:0.0160776002286924
free:0.03850010392166314
list:0.07764342925124212
be:0.007712816761832952
which:0.034450462200467144
of:0.007777623422629546
gotten:0.057462812183913504
mailing:0.05885006364755457
discusses:0.07990603734414634
available:0.036014184370856406
maintained:0.07109654528005577
subscribe:0.06970639847573032
aspects:0.06425626508899676
using:0.029392274381932277
and:0.005090632193210532
subject:0.00035595942522691063
i:0.002545316096605266
group:0.03596154579742194
info:0.0392719394585653
mention:0.050328997523692305
the:0.0010050040133187373
can:0.01152754656583618
may:0.024813673699197746
is:0.003582301691875519
various:0.047527719711402516
widgets:0.21997179922669396
by:0.01320580633089555
s:0.03308993497898764
