above:0.03280308470034392
some:0.014066709338956075
simply:0.03685112457690831
way:0.020871961681283656
o:0.29526328779035144
to:0.0033209618315441706
re:0.004505307262387597
file:0.10982479093223164
comments:0.044385602578663856
this:0.006325089618932759
programs:0.042568459328849596
on:0.006108540063123976
you:0.006696373366370143
brain:0.05312504095140715
size:0.043384061892359854
inside:0.04522958466354442
more:0.015318301515912361
scale:0.05830306140452499
it:0.01652315324048058
only:0.01606670166589502
restore:0.06811380313848925
rotate:0.07327590707021049
end:0.032581125332235054
of:0.004685315314837076
commands:0.05830306140452499
translate:0.07220425061218042
postscript:0.12122689270237627
comment:0.047344546950394736
in:0.00428143859986724
use:0.02003348828611263
and:0.011499922123216561
for:0.003919865818217759
subject:0.00032165008303636504
andre:0.13129280115297817
plain:0.05481681419031977
any:0.012328762244443462
ways:0.042992028690109575
than:0.017236160026740496
the:0.0018162723132266337
compatibility:0.0686742852545723
do:0.017308865515819196
arbitrary:0.06492473622009066
can:0.010416457740213415
complicated:0.059854253967709416
page:0.050659587146834786
may:0.022421994306503986
here:0.021691577176185497
is:0.006474039202184673
save:0.04364470159543728
x:0.03668867457284461
show:0.03626588758716666
natural:0.05044709146627928
position:0.04148003562906279
beck:0.21661275183654125
by:0.011932957527917664
include:0.08100056080107475
s:0.0074751359139279315
