408:0.08043342632088016
manager:0.02997632320544731
out:0.008993718313591297
there:0.007005946454787385
case:0.018867260361120273
thanks:0.015216691945924909
fax:0.023348422441857933
with:0.00892866224106179
lan:0.04778306461118262
ca:0.01569884424497955
someone:0.03364058190325221
post:0.019714334384970843
to:0.002104120855100505
r5:0.08855036846849591
then:0.012182292746380177
worse:0.02973332376595715
like:0.008890374530600558
finds:0.04013841926603405
brought:0.029575517881951657
server:0.09165936057590002
voice:0.027683162606382962
this:0.004007499529552817
on:0.003870296375872442
set:0.020224538810121536
you:0.004242740377165815
card:0.14019427541286603
a:0.006396202103113259
how:0.010040938910145987
same:0.014825140080371087
was:0.00675924529848386
advance:0.024148864249440072
display:0.028138331426988378
setup:0.033692784531042685
d:0.01390720780440485
it:0.002617217020915816
have:0.0078053528724832495
systems:0.022903947483073363
hughes:0.039051241097776274
second:0.12594026457949312
has:0.008128049418981305
device:0.061284805876501154
network:0.028041905878088372
550:0.04625122724124253
recognize:0.03417652204197848
if:0.010231304118525332
seen:0.019789808325361473
but:0.010156995759548247
san:0.030824163615301863
heads:0.03704326576902517
must:0.017690537614347305
up:0.010255422674445683
box:0.024187320692416848
email:0.06283737386949483
in:0.004069000806744057
and:0.004371726120123548
subject:0.00020379356406120838
i:0.011657936320329462
preferred:0.038983984382645324
the:0.005753839770908801
do:0.005483342892416004
jose:0.03480837155559576
when:0.009982247655295694
start:0.02150810754108788
maybe:0.02021307696444522
put:0.01898823892783801
jim:0.07754955909043212
problem:0.01614935337439377
note:0.022608313731896926
south:0.03298961438670829
trade:0.032206739666669426
is:0.004101872166269678
cards:0.06007660250919239
ignored:0.039187558787852655
suite:0.04037575199175948
multiple:0.032778811584929866
window:0.026618265204772073
2:0.014873355359506936
created:0.02899309227851161
already:0.022181574971735507
