some:0.005723219976143893
24:0.0179562928866101
form:0.016732259433734784
allows:0.020258202868363547
i.e:0.016934014691055897
specifically:0.01983844437135128
widget:0.04940273880184094
own:0.011110248213470566
your:0.012352276688051594
with:0.005733601733230856
user:0.03707493611365702
custom:0.026138435764726384
from:0.004149863992304782
drawing:0.06975344080436521
my:0.004657913045736771
to:0.006080290412165431
platforms:0.026648927231650882
visual:0.050241191482607236
that:0.003401025739553694
provide:0.016553704305310852
higher:0.018195460358028884
packages:0.048482947084020796
nt:0.0035003850574629337
cs.utexas.edu:0.026530801978812347
re:0.0018330416802851497
exactly:0.015766581633686313
so:0.015026626432131178
anyone:0.008200562498242114
this:0.005146886650700186
tools:0.021811141451807212
93:0.017946154391198045
path:0.02174474819147507
routines:0.025627352380783203
apr:0.018270628809009797
roll:0.02641545640327218
on:0.00248533737862397
you:0.005449009700085508
gatech:0.028788276906710347
used:0.00967874268792581
am:0.024034358186784788
etc:0.022767882229982703
support:0.026852512838563783
prove:0.019249501666243125
a:0.0034228042300156743
other:0.0135226273316854
wondering:0.017641830891457336
want:0.018554882036393938
was:0.004340495755398949
objects:0.022989258862859088
developing:0.024168850572475396
worth:0.017231194209763913
local:0.014982271823117411
equipment:0.01977920545363034
organization:0.018783496216259174
ontario:0.023281128439775835
product:0.019563225111502738
27:0.021657599926664852
model:0.017936036821487988
digital:0.040483996049133955
it:0.0016806638712743723
application:0.018090037783416318
have:0.005012260913212283
date:0.01753823132246727
develop:0.022086089817743702
has:0.005219482715130152
links:0.02818017568773986
call:0.013024294598032879
greg:0.15026902050229393
network:0.018007302304066553
familiar:0.022581659018093548
knew:0.019029877759302743
heard:0.013248271369705267
edge:0.02310392984116647
sun:0.017786726980876674
be:0.0028355943977327026
which:0.00633280555155646
writes:0.003241482308909619
certainly:0.01507724155517471
if:0.0065701021545432284
of:0.0047657006266112415
looking:0.038145372726568295
what:0.004511971093120741
but:0.0032611922659333834
gmt:0.020771070275612917
lines:0.017319520217129982
variety:0.022904982389621964
aspects:0.02362362687095469
difficult:0.018270628809009797
in:0.0026129367925660364
comp.windows.x:0.03157795598460234
message-id:0.02771296892399317
office:0.01789577408355961
or:0.0033054483220739477
and:0.004678889883465562
for:0.004784542101648147
subject:0.0002617348714903755
300:0.020389807035207607
i:0.007486223813544899
gregory:0.052385203256772234
mention:0.01850330791312217
any:0.00501611405043533
platform:0.025627352380783203
will:0.005555418357369041
exist:0.017826100371549535
capabilities:0.025120595741303618
suggestions:0.019397041034661163
than:0.007012751383428731
cost:0.01627944904093569
the:0.0025864073872173387
do:0.007042332538298987
canada:0.018238272514738463
once:0.013152113700612285
may:0.018245348308233635
an:0.004401461463537925
general:0.014453090015135055
is:0.003951068042509763
time:0.007742695930900557
does:0.005972984384007477
their:0.007420017738145657
accomplish:0.027286442566200872
created:0.018618113178848143
x:0.014927254850716188
greetings:0.026831630147323586
article:0.003972220001551965
charlie:0.02689407635211491
past:0.016193698269134135
supported:0.021425635925733127
task:0.02462166096527449
check:0.01622211551268475
s:0.003041354317921658
newsgroups:0.021011138925595564
