obvious:0.029363727587038257
at:0.00672492375919413
out:0.008993718313591297
there:0.007005946454787385
andrew:0.08623186624058012
il:0.03925664150174516
know:0.01883778817798934
all:0.01456592107856933
programming:0.03349449837529261
actions:0.03018490415410803
grayscale:0.04799810947352381
with:0.013392993361592687
custom:0.04070412897713116
312:0.09285343949354916
into:0.013670258801392261
work:0.030917136854813797
suggests:0.037636988677747944
except:0.024613445946593995
to:0.0031561812826507575
intrinsics:0.052269985717305664
might:0.016237291113575924
that:0.0026481269117135634
problems:0.020939490350318876
think:0.010990442958233246
terminal:0.03644424580382291
nt:0.021803925243433237
so:0.007800080896068092
anyone:0.012770341600315963
file:0.023194548721056557
programs:0.026970855910645162
hi:0.024053562290186296
on:0.007740592751744884
set:0.020224538810121536
fix:0.06641280853710663
e.g:0.03098683374191829
xterm:0.039984200126205655
a:0.00106603368385221
other:0.010529068609403898
fine:0.07417915827298993
works:0.04542177089390443
action:0.02810605405210654
it:0.013086085104579082
zero:0.035371101142592454
ve:0.013932318313186521
willing:0.027296945450226495
be:0.004415734787308941
ave:0.039908243402135675
dept:0.03132295794154045
of:0.0014842792791277758
but:0.020313991519096495
find:0.016156081966972442
george:0.03039934487828372
author:0.030870288153133637
our:0.017021186434964836
compiled:0.040295818404986236
installed:0.030575343170649562
astronomy:0.037636988677747944
and:0.0029144840800823654
for:0.002483579106199038
subject:0.00020379356406120838
i:0.007286210200205913
similar:0.02415846021272291
program:0.021195675056366985
the:0.005178455793817921
do:0.010966685784832009
when:0.009982247655295694
around:0.01807018651262317
can:0.013199480800575775
an:0.013708368527660102
problem:0.03229870674878754
just:0.008964798194396075
about:0.007519207483373065
busy:0.038983984382645324
is:0.002050936083134839
new:0.013160302022011808
does:0.018602882661641604
himself:0.028570850767182968
x:0.04649099220681072
icon:0.08563349462479043
chicago:0.06446869521837989
change:0.022687092426797614
u:0.02886750750834363
give:0.018039971537068752
s:0.004736154815694796
icons:0.0445478413533478
