xt:0.02471358736139465
some:0.005640274759098329
read:0.010951705613033437
block:0.04239400277452494
true:0.024959234706839098
existing:0.020916288194956764
access:0.016195057333422826
continue:0.018880223221746113
with:0.0028252530279688276
user:0.018268809099483165
setting:0.020781820566969113
into:0.008651226584455973
longer:0.016397154629826934
often:0.030022419210422282
several:0.027231414222873396
except:0.015576625212578809
to:0.003994780174176322
everyone:0.014770593031464267
add:0.016600098630201537
otherwise:0.03433222059528537
aka:0.025022518398110948
most:0.00896906021240115
family:0.01903607279767955
that:0.005027603267166331
motif:0.022712255294774747
quite:0.012831881072992277
server:0.01933554949346683
file:0.014678675760668643
xm:0.03261863743556868
programs:0.03413702535550257
these:0.02400921700143395
unix:0.019142837759035424
you:0.0026850192725059027
none:0.017500049431986926
them:0.007081445273102613
sure:0.010541275459706297
a:0.00539711739457544
how:0.0063544106146334505
want:0.009142985351266578
as:0.007730571596299695
running:0.014625412620515466
letting:0.023610016159032715
serving:0.027459987049088697
adding:0.045653203769123456
also:0.014333305620092428
lets:0.02238460990183387
plus:0.017274878521640922
others:0.013025740208059883
display:0.035614699680536016
are:0.01863511251018045
no:0.005438385198949323
model:0.017676094258857727
flag:0.02675862468269016
it:0.0016563064238645988
not:0.005825217474163912
examples:0.02119700138726247
have:0.004939619450701959
systems:0.014494768697017442
hurt:0.02178928313650079
sgi:0.02689098687683564
messages:0.06340638059979567
call:0.02567107341061553
device:0.03878410420203696
personal:0.01620239358065563
loop:0.09919942417794586
if:0.006474883282738254
of:0.002817979500952734
discusses:0.028951462805850117
latest:0.020127278262090584
windows:0.013271532277408219
must:0.011195461002316411
commands:0.023377556022104222
in:0.0008583560477994709
according:0.01661606862118946
our:0.021543723893530372
morris:0.09499220709881794
or:0.006515086547855897
use:0.016065502683549254
and:0.00829994379327804
gets:0.01612230117097973
for:0.003143467274512792
subject:0.00012897080624163428
each:0.012299562306089928
welcome:0.02021071587807445
steps:0.025022518398110948
until:0.027644113288547285
we:0.039065040745332465
any:0.009886833490713114
program:0.01341368807915012
suggestions:0.019115924497926942
oreilly:0.029611247999114614
the:0.002548923222185203
vol:0.026204153597702583
can:0.004176647306462384
because:0.008525228497074946
typically:0.025068309431707774
ready:0.02036463424555747
problem:0.010220122183795094
makes:0.013492646774164126
during:0.014146712607741403
i/o:0.04986443647726389
idle:0.02614629760230782
is:0.003893806186821216
select:0.022884806418456288
new:0.02498550094034126
time:0.007630482946394752
9:0.01720209495471027
appropriate:0.01953626931430196
run:0.038794701860686884
x:0.014710917823894214
ch:0.029494834706462143
update:0.02097508305302563
neither:0.018081069809183423
written:0.017311685693024683
comes:0.014609547522925176
iv:0.02550121841088501
data:0.08505349632480616
fit:0.019639845793711964
check:0.031974024778625015
main:0.07185346882370681
