hmmm:0.08012746902128841
mark:0.048445547811164356
there:0.01480288686414754
stephen:0.06567192386114544
wonder:0.05952205980349885
c:0.04171125315208
line:0.0910904435098706
r5:0.09354917959171746
that:0.0055952358941044646
00:0.1023644006621702
nt:0.023034791991046404
me:0.017477236780718462
file:0.09801567362769062
had:0.024748523962615083
off:0.0352170556121992
on:0.008177561697407902
you:0.008964499829172932
am:0.02636026381776396
ray:0.1399280279544732
a:0.004504852018859339
as:0.012905067100274491
missed:0.07009568027786824
it:0.00552992628612858
made:0.037509347611580666
has:0.017173781836879853
call:0.042854130612882374
if:0.010808877738119504
lines:0.05698680845636317
lazarus:0.10337279351670785
they:0.015047090717866833
in:0.002865801643459524
703:0.09354917959171746
few:0.036864959692036875
subject:0.0008611921578070418
i:0.012316045628735157
the:0.007294383967635996
do:0.011585772885588656
reads:0.08369580729618563
see:0.028538480022760902
when:0.02109152327167316
putting:0.06483958882319378
thank:0.05855635978660507
got:0.035679900348880224
here:0.02903872428424832
is:0.00433342946597845
deal:0.05316637083484692
first:0.03028314240953292
s:0.010007036788000296
