another:0.012744283507980337
basically:0.02255291119682693
some:0.013419964081992575
since:0.011498974847147594
manager:0.1354102875832275
go:0.011180645125253604
large:0.017207092643032044
there:0.0052745918711330315
know:0.007091236354358057
traffic:0.025143909548194836
posting:0.01896085377561058
thanks:0.011456245085725075
own:0.013025808250275835
from:0.014596073352244407
work:0.011638347494197147
my:0.010922003003796567
to:0.002376205448432467
then:0.0183434522962736
apart:0.026475048503971747
sparc:0.031243569857797585
been:0.008432416018514018
client:0.028774818940054913
that:0.003987409487752607
motif:0.05403950397722267
like:0.013386655902398542
really:0.022429836128631333
need:0.011041390755731243
scott:0.08786384030279325
server:0.06900790939909714
anyone:0.009614452584145927
this:0.003017140450410454
tools:0.025571683081429146
on:0.00582768764642862
answers:0.02408397254168036
a:0.004815531468435845
how:0.007559557455339795
other:0.00792705740133282
uunet:0.02170685237021428
want:0.010876999814437825
as:0.009196714485253086
running:0.03479839554536439
question:0.012545897030730484
are:0.0036948929977081925
no:0.012939606163017354
place:0.01562889435239325
it:0.005911300512758138
not:0.0034650000492871544
limiting:0.03175639246542944
have:0.002938221914641683
only:0.015328002738727432
exit:0.030582251870528692
references:0.023731997683975076
network:0.02111200959787113
without:0.02583000557244247
sun:0.020853404046545065
of:0.0022349492593763064
vms:0.06750354585021737
what:0.0052898971436588
but:0.0038234667945425877
powerful:0.052889119396107936
killing:0.023258865814687706
using:0.012669083785315637
well:0.019343309312107412
windows:0.015788547019675296
please:0.01100813423508767
up:0.007721036611220602
called:0.015415255723314562
one:0.01695363634095901
in:0.002042295424074603
or:0.015501412820760582
cross:0.02632419662997786
and:0.004388476028629768
subject:0.00015343078673573735
i:0.0032913570214723265
special:0.04018058842373589
program:0.03191532680901236
the:0.003465531080409439
start:0.016192885562543176
can:0.014906310214443334
home:0.03367083967656723
because:0.010142082177554678
just:0.006749359560148769
is:0.006176382227371584
either:0.014388291420191714
having:0.015039605703565296
else:0.014520415088149751
window:0.08016075268563544
does:0.007002809277801869
break:0.02255291119682693
olwm:0.03647467150031352
2:0.011197756046525337
run:0.0923046354616343
206:0.03333361571658898
1:0.011255884436348899
x:0.05250275844045004
e-mail:0.01580284929110498
somewhere:0.02229609803967004
respond:0.023241423839428198
especially:0.017961469583318054
s:0.003565725752046082
