know:0.01019731508808514
all:0.007884858104514803
x11r5:0.03988281459261247
fax:0.02527804413126768
with:0.009666568211397476
my:0.03141204169686947
via:0.028249846104261532
to:0.003417022710969002
0:0.030290547838598615
then:0.013189093799800027
t:0.021291512851243324
think:0.011898744029161613
helps:0.034958448728371595
like:0.009625116227344407
nt:0.01180295126813948
need:0.031755404818136136
re:0.003090417378331988
sunos:0.041851048838095074
so:0.016889431361734215
file:0.05022290714807288
voice:0.02997102728459643
this:0.004338697837780322
path:0.03666056719885053
hi:0.02604146000011905
these:0.01369120638924746
on:0.012570466741469999
set:0.065687964895684
used:0.016317880234188974
am:0.013506912038854261
etc:0.019192760226927567
a:0.0011541356411953678
other:0.011399239568858768
nor:0.028549909065912423
xdm:0.25229052827428367
running:0.025020333987162826
following:0.022622432008593072
therefore:0.028371285293841867
49:0.08224075953827191
42:0.040217906281821966
hope:0.023871582955702856
always:0.02195831485949345
b:0.025296763194332578
environment:0.06938270255996357
writes:0.005464978438161672
applications:0.03223389278838291
get:0.02172518967423343
prior:0.037984101903806175
if:0.005538433221185201
but:0.005498208448350498
using:0.03643670377925489
they:0.0077100795413863115
login:0.2733405154827125
in:0.007342136441921094
executed:0.04647597270532997
or:0.005572821964488308
use:0.013741979568159902
endif:0.055802131811262125
and:0.01104372686543607
subject:0.00022063600737205204
i:0.01104372686543607
source:0.025779074063634912
the:0.001868809115675338
do:0.005936511726499972
variables:0.14755239928290265
about:0.008140629589436956
f:0.030712654697577255
does:0.01007015549039277
olwm:0.05245118050458308
1:0.032372295734292705
e-mail:0.022724758484729476
article:0.00669696595302976
neither:0.030932078103313793
rx:0.05793295089640345
