perform:0.010928907503944315
manager:0.009218071220454455
at:0.00827197194792893
computing:0.010240519904176156
help:0.015071075493252092
x11r5:0.011328217290389927
tried:0.007271981345156505
storage:0.11790654546751164
with:0.0027456684356316776
c:0.024282607468816525
ca:0.0048275788640664815
o:0.008218260525351835
from:0.02980888219824562
2.1:0.012319203174616064
several:0.006616083033022057
to:0.0006470418591975732
encountered:0.013099578698309198
obviously:0.008642941504286284
gcc:0.07111397615730952
building:0.008921285372860684
most:0.004358205314476615
centre:0.01175309506002243
sparc:0.025522916221862816
class:0.07451961824730521
make:0.00826328865422396
solaris:0.014276761236684202
appears:0.01831127242908137
nt:0.00502872219522844
greatly:0.009161805515963854
anyone:0.00392702992873566
file:0.042795575809273366
error:0.23865579882076046
this:0.02095000340918808
hi:0.007396752723038509
on:0.0011901615615945774
henry:0.02148001053266528
libraries:0.011771799683612047
size:0.01690552646509797
a:0.0006556357398339884
classic:0.024017429970932827
failed:0.01989341941889688
target:0.0225034948134812
following:0.0064256203592482665
acts:0.010279973233557331
variable:0.024931929151961393
l:0.015516246848607338
no:0.026425956248415722
place:0.0063836329044986515
it:0.0016096499048824976
reported:0.01938670233338809
due:0.007782024612437753
systems:0.007043232676719744
try:0.005719224582965711
beauty:0.014331997146097803
only:0.0062607335130013455
ve:0.004284351406167686
pointer:0.02676040223534977
command:0.01932512983537012
has:0.02499470595977819
integer:0.02844559046292381
without:0.010550283966208896
be:0.00135789027497059
union:0.023854114871940266
get:0.006170769837047523
end:0.012695931467490654
of:0.004564332994500907
kit:0.012114951115954961
but:0.004685093114439509
approaches:0.012878853464393056
code:0.015213673757425805
in:0.0058392390293964015
point:0.005167924791690284
system:0.005247000772869778
or:0.015828907457818904
astronomy:0.011573815767100894
use:0.05464533659263585
and:0.0004481190310924764
for:0.0030549189005828546
known:0.015290745294208253
subject:6.266891289206173e-05
each:0.02390619152451282
rm:0.02414375604097942
fatal:0.02626575192709706
outside:0.03384765988245563
i:0.0013443570932774292
appreciated:0.007945450983981792
top:0.015876207634588337
any:0.0024020827847155103
the:0.0008846866314425504
when:0.0030696583165345914
level:0.016528334096684267
would:0.0021893184180853897
can:0.002029497634830313
once:0.012596390586501907
joint:0.012761458110931408
problem:0.004966115709027193
makes:0.013112572217145419
cast:0.026133494288755766
warning:0.12084903711547651
including:0.0074647129261273
e:0.014605115943914681
f:0.017447094922097877
n:0.008593933088742726
definition:0.07652167899957296
is:0.00315343458791859
patch:0.012416017631268761
type:0.07606836878712901
build:0.008759702025864681
1:0.009194947849411777
first:0.061703679839142204
function:0.212408482699634
random:0.010477002462395713
before:0.10980345980962014
past:0.007754728748599445
xview:0.027068370697724477
data:0.055105082125930745
included:0.052715231697196746
functions:0.04398164416250239
while:0.0050947007180247
