out:0.015502330251058682
there:0.012076039283909833
x11r5:0.1269952780448976
thanks:0.026228771643633724
widget:0.13260735152073094
with:0.0076950970630203595
my:0.012502819228030279
to:0.009067099737439676
w:0.08143002250077247
r5:0.15263287196543376
perhaps:0.038006072863684806
that:0.004564534545190484
problems:0.036093068893312805
motif:0.061861011131820694
re:0.004920269773396981
this:0.006907663662781828
set:0.06972143642436635
m:0.03602143979252821
a:0.003675010857490513
was:0.011650804396070863
altogether:0.07361322579567992
stuff:0.03846600727202134
advance:0.04162501600890328
are:0.008459360284226652
internet:0.0375859729357185
jesse:0.16952376370681255
r3:0.08716084970595832
it:0.004511255654473315
only:0.017546529450911664
uucp:0.05570563957021149
400:0.060405618085189516
uses:0.044934146445216275
which:0.016998583322598917
ave:0.06878920902210228
of:0.005116857514887859
trying:0.03547800293511047
version:0.04105882378507348
seems:0.031006409070803657
port:0.1645964658690608
using:0.02900553392953843
newer:0.1293643872990481
in:0.00233789081440119
or:0.017745038360607507
use:0.02187867799667563
and:0.007535475286002431
for:0.004280906090948342
subject:0.00035127574857918807
i:0.005023650190668287
we:0.017733472443604868
buildings:0.07218936283988739
patches:0.07438744290124483
the:0.001983560552602771
having:0.03443278147921528
suite:0.06959504619632226
compile:0.06865957354258896
