some:0.05306985796060701
there:0.020858613308571534
know:0.02804261649223413
thanks:0.045304241929912795
to:0.006264541636776504
software:0.12799026765823893
produce:0.0958063474734181
am:0.037144008106849216
a:0.006347746026574523
demonstration:0.13065354182497574
advance:0.07189775492446931
not:0.013702500194908294
have:0.01161933211699211
domain:0.10143643293137668
public:0.0673578317741044
demo:0.12715011728344713
anybody:0.0690817078389249
if:0.015230691358259302
captain:0.12780892493965743
of:0.004419104217403151
must:0.05266955516998857
in:0.0040381750430566014
or:0.015325260402342849
subject:0.0006067490202731432
i:0.013015820948549653
similar:0.0719263247242432
creator:0.13103552178671168
paul:0.07443232934338767
is:0.006106196065696907
protest:0.1314240316357867
window:0.07924983504148049
events:0.09246701947674148
does:0.02769292759858012
man:0.06586475769989089
wanted:0.13841636316118647
x:0.13841636316118647
