pc:0.05847091336838391
thanks:0.03497169552484496
with:0.01026012941736048
much:0.030652576658946162
to:0.002417893263317247
software:0.09879950485899146
considering:0.07026964833956302
me:0.01901032772639552
package:0.06819759707116144
anyone:0.029349381572655986
this:0.009210218217042439
tell:0.04228114129162198
am:0.028672567661427464
os:0.08332193336340825
board:0.06300344770798498
a:0.004900014476654018
ms-windows:0.09647885930995348
running:0.05311334056924038
are:0.02255829409127107
it:0.006015007539297753
university:0.04123403687015181
environment:0.07364304394522447
sun:0.1273155194420646
be:0.010148443107674935
if:0.023514049816259975
of:0.0034112383432585726
3.1:0.06879863127854767
central:0.0803580739230903
using:0.03867404523938457
they:0.03273402191255241
in:0.0031171877525349207
and:0.0033491001271121917
for:0.005707874787931122
subject:0.0004683676647722508
i:0.006698200254224383
similar:0.0555220752257316
will:0.019882549910583934
the:0.0013223737017351805
hello:0.06788229457283809
would:0.01636227449305923
jim:0.1782279340499405
10:0.05070827645431867
ethernet:0.09154609805678529
query:0.1011502273441283
very:0.030583201610235915
x-windows:0.10175524797695583
happy:0.06663324716640387
buying:0.07037224430241257
