perform:0.06291506211730107
manager:0.15919858134784856
at:0.011904932600735555
computing:0.058952182151068136
posting:0.04458362914805731
startup:0.07313896761726647
thanks:0.026937657363731934
i.e:0.04668295941858653
user:0.05110329031882454
method:0.10786210602017726
someone:0.02977646100895973
several:0.03808718070361347
via:0.04619231592723845
to:0.0037248625948400837
centre:0.06765970939958858
months:0.045889115405132706
could:0.020393366963865643
me:0.014643090275737092
lost:0.04735819357186284
anyone:0.022606956076235016
hi:0.042581306216410875
something:0.026900828610317878
henry:0.12365519576912716
posted:0.046126769249755346
a:0.011323006425781582
as:0.010812353516446195
acts:0.05917930537155977
copy:0.04617043169004517
place:0.036749021855627374
choose:0.05370004715388187
have:0.006908792069562877
systems:0.040546177301116364
beauty:0.08250582140861709
of:0.00525515096123618
please:0.025883991309530473
email:0.03707971160767488
system:0.030205707151926015
or:0.00911231699598764
astronomy:0.06662764211871595
and:0.005159424520145809
for:0.004396606255568568
subject:0.000360769687729977
i:0.0025797122600729047
back:0.02846428000091267
the:0.0030557554459015664
allowing:0.06353293035159964
original:0.08340994630468863
joint:0.0734646102061727
n:0.049473182375735156
choosing:0.07681374755623462
else:0.06828519527940695
time:0.021344729323023157
window:0.09424304707635518
x:0.041150810669541925
random:0.0603135547159537
while:0.029328952782142197
poster:0.0615518023219797
