at:0.014561405164536051
out:0.009737000818846776
minnesota:0.04164528394865931
there:0.007584950294026012
all:0.007884858104514803
river:0.045132841056588026
thanks:0.01647426979269556
fax:0.02527804413126768
with:0.004833284105698738
way:0.014317130740054078
from:0.006996464912646079
to:0.0022780151406460013
look:0.01959643243203232
software:0.02327095775604344
sparc:0.08985753975631042
considering:0.0331022310359925
like:0.009625116227344407
greatly:0.032255612808269434
voice:0.02997102728459643
this:0.008677395675560645
programs:0.058399704533793666
on:0.008380311160979998
mn:0.04737377304419605
you:0.013780140233274096
am:0.013506912038854261
a:0.006924813847172207
as:0.006612513720801805
mac:0.05671540718696093
it:0.008500547844792693
have:0.008450423357812445
university:0.01942429836031945
be:0.004780671546590672
if:0.005538433221185201
of:0.008034734940733002
piece:0.03561744556854143
institute:0.03216907313994468
what:0.007606959528897779
hammer:0.05128524167598882
tend:0.03520333961768045
street:0.032958913060484346
box:0.026186272815757083
one:0.008126536427897707
email:0.022676848421222653
in:0.0014684272883842189
or:0.005572821964488308
recommend:0.03626263873688704
use:0.013741979568159902
and:0.0015776752664908673
subject:0.00022063600737205204
i:0.01577675266490867
appreciated:0.027973240654349116
any:0.01691383911221169
information:0.02015554780565095
the:0.0024917454875671174
harvard:0.04647597270532997
would:0.015415696629824399
can:0.007145173491220772
planet:0.07820020849858661
road:0.029840102363392646
individual:0.031914761911293825
human:0.02649456505154195
problem:0.01748401067806268
just:0.009705690607156082
is:0.004440869865961387
east:0.03365007668918196
window:0.05763624366653127
does:0.030210466471178313
run:0.022122598581714007
206:0.047934290369309775
experience:0.02737374194045577
x:0.05033322296770417
every:0.02010040104906939
give:0.03906175655133896
buying:0.06630112273119862
dean:0.1647367933275822
