out:0.015709027987739467
to:0.0055127966403633235
might:0.028361135145045947
make:0.0469354795559921
that:0.013876185017379073
r:0.041336263556388406
these:0.04417695928263847
on:0.0067601176698572
them:0.09772394476881606
a:0.0018620055011285268
wondering:0.04798578002476396
was:0.011806148454685143
also:0.019779961755727552
files:0.044124154194502524
causes:0.056895350658329555
have:0.020450024525906114
ve:0.02433511598703246
always:0.03542608130664943
doing:0.03574270540220421
command:0.10976673746490229
has:0.014196992985154014
be:0.007712816761832952
were:0.020684043966297323
of:0.0025925411408765156
what:0.024545122746576834
lines:0.18843637996237422
comment:0.05239463195843684
makefile:0.177734575257949
in:0.007107188075779619
thomas:0.04912006685372134
installed:0.05340493273806791
and:0.005090632193210532
for:0.004337984838827654
subject:0.00035595942522691063
create:0.05070460921658159
i:0.012726580483026328
the:0.005025020066593686
wrong:0.03524562742439814
do:0.009577572252086622
when:0.01743565923791648
apps:0.07052298014560657
because:0.023529630651926856
many:0.049418694068749165
edit:0.0706640749366804
x:0.04060213319394804
