go:0.02992972695067888
all:0.029355933250655115
bradley:0.08500941983053419
till:0.15381271741730593
where:0.028422412280519414
fax:0.04705605138282138
to:0.004240612800279479
remember:0.04280960056186511
nt:0.0109858238726529
wait:0.056483073924771046
so:0.01572016303669108
voice:0.0557922200220949
he:0.02446358780800362
on:0.015600271545824307
etc:0.03572806134551132
j:0.09397318952396501
xv:0.16274533879755362
flaming:0.08480564711130312
no:0.017319165172038613
those:0.028552548527500925
should:0.025274032957438148
technologies:0.0759665480628093
has:0.016381145752100784
his:0.02837583140777318
down:0.036374855030048586
of:0.002991393624088287
author:0.12443100763263097
one:0.015127860119624963
system:0.03438803583450039
or:0.03112206727860394
and:0.0029369031883906913
for:0.005005367121724215
subject:0.00041072241372335844
i:0.0029369031883906913
we:0.020734521626368768
fees:0.09035089983029095
the:0.0011596200153677738
do:0.011051044906253795
see:0.027221319406325786
maybe:0.040737124343728066
may:0.057262323921225565
10:0.0889345156275743
ltd:0.08290389394257731
people:0.02315804830881719
15:0.051412472799702215
is:0.004133425029087137
3.0:0.07111914734527243
hear:0.05097971637321243
slow:0.06317735546218217
side:0.04954406274724913
john:0.0412535138397207
vacation:0.18188537753220638
s:0.009545173551631052
