fast:0.016194408953246687
help:0.00995391962810138
all:0.00443752479370368
x11r5:0.022445677049795856
case:0.011495865615380258
take:0.009887205257375365
thanks:0.009271565790307735
with:0.013600636669524355
way:0.016115095995781797
c:0.012028361374088185
from:0.007875090738885353
wrote:0.01197941848694354
both:0.010445135266549943
my:0.004419601215489773
hence:0.02140164366261112
to:0.005128182921268208
might:0.009893419236643934
sparc:0.02528549374538037
bear:0.020956103827068442
client:0.023287527886370025
that:0.004840529657225257
memory:0.04718556594652068
communication:0.02238447665641208
nt:0.0033212955894066907
me:0.005039947350718813
re:0.001739258152456607
server:0.05584826156019954
so:0.004752607429697303
derek:0.051277833137067
this:0.004883557566245758
routines:0.024316185514789642
hi:0.014655891441927464
two:0.00867343922164331
slower:0.022731503929859405
on:0.007074541747524975
regular:0.01882345419421238
machine:0.015129299322438823
am:0.007601564449773794
8:0.013732517592436587
m:0.006366580056353824
a:0.003897220816315521
factor:0.021046420505473562
richardson:0.02731538832078563
same:0.009032992328040057
quick:0.018880349861354864
test:0.016632092344091493
was:0.004118423879541328
as:0.007442922420623427
running:0.014081211220682333
local:0.014215736985655592
question:0.010153423643474904
considerably:0.025518100352704378
moves:0.024004507792543317
files:0.015392146812035764
plane:0.024047774735158726
it:0.0063787056695808735
not:0.005608465196055487
becoming:0.02214742343040265
application:0.017164500966590366
have:0.002377909828593734
ve:0.01697798789792962
raster:0.02797422793503227
command:0.019145361185738768
decided:0.01735643285124816
uses:0.01588369827830901
be:0.0026905174750580063
fastest:0.052312490207859774
which:0.012017603093186212
found:0.01243963025700929
scratch:0.02622515247967473
writes:0.003075639027988662
down:0.010997049195130967
things:0.010394074084373255
if:0.00935093608972199
of:0.0027131244497544927
available:0.012563087571228976
what:0.004281126060449447
years:0.010371048478978575
advantage:0.019829630588534
seems:0.010960405066888735
fact:0.011154730830831811
well:0.007827292605364394
together:0.016553331355582467
please:0.008908908636768628
up:0.006248652885359928
now:0.007683322780829043
in:0.0033056688724556367
extension:0.04710676194799538
or:0.012545329445638796
use:0.0077338582685923165
and:0.0017758019278641388
for:0.001513250525172437
subject:0.00012417189252101533
i:0.007103207711456555
dump:0.02602141935103104
xputimage:0.12400086645903417
group:0.012544725278170443
appreciated:0.01574307962407555
sunview:0.09135716562581447
ago:0.013307747559835553
images:0.01979465927498039
than:0.00665395945218354
the:0.0038564107487812013
do:0.0033410135763092866
can:0.004021237174128899
put:0.01156957813742688
an:0.004176270411915054
finally:0.01691406732928421
shared:0.06975227882877826
is:0.011246761125655699
stuck:0.022118623568784412
either:0.011644477707503991
new:0.008018602627365335
average:0.018044283994895754
window:0.01621857089220996
2:0.018124740019492176
1:0.009109413450812598
x:0.04249060450529445
image:0.051642739492097814
article:0.0037689901410074464
animation:0.04920207917135341
give:0.010991796610958171
xview:0.02681657190053634
data:0.027296238355402905
protocol:0.02440921187156485
everything:0.014370523181038387
rapidly:0.02636610759360649
s:0.002885750143516364
