another:0.038232850523941014
manager:0.06770514379161376
go:0.03354193537576081
there:0.015823775613399094
know:0.02127370906307417
tel:0.07009393240169615
fax:0.05273522999798947
way:0.05973699377746701
user:0.06520074971712096
cambridge:0.08056235185315312
c:0.08917578260099861
me:0.01868256345525077
so:0.017617424092843448
derek:0.2851224342535191
e.g:0.06998750379640165
a:0.004815531468435845
richardson:0.2025106375506521
letting:0.08426333353309952
let:0.03974375418539353
question:0.07527538218438291
corners:0.09773643332112751
frame:0.16663672787671643
has:0.01835818058425088
if:0.011554317582127747
of:0.013409695556257838
institute:0.06711134224022941
easy:0.05713244076308289
please:0.033024402705263016
astronomy:0.08500768132387898
and:0.0032913570214723265
subject:0.000460292360207212
detecting:0.10526604800409765
yet:0.045346012804933854
the:0.0025991483103070794
when:0.022546111083512687
an:0.01548100238899546
is:0.0046322866705286875
3.0:0.07970249271452945
window:0.06012056451422658
olwm:0.10942401450094055
x:0.05250275844045004
under:0.04185040391561447
e-mail:0.047408547873314937
xview:0.19881251581432116
by:0.01707647370374424
