at:0.014209113104103726
anyway:0.049169577768460225
wonderful:0.07751851290495812
from:0.013654391200486702
job:0.05599175089176091
implement:0.08208887437765594
that:0.0055952358941044646
think:0.023221742379492826
graeme:0.22253746526950297
its:0.033352008968293066
re:0.006031298431905976
package:0.0626977908557452
a:0.004504852018859339
xv:0.2559301698832496
3.00:0.09502994651515492
display:0.1189071424817896
flag:0.08933927918253004
d:0.029384584231887667
it:0.01105985257225716
not:0.009724354977031691
should:0.026496970036023863
slide:0.09193493026015323
have:0.016491955262827512
has:0.017173781836879853
shows:0.06232604254225663
escaped:0.08497402296802661
loop:0.08279951937433384
writes:0.010665522435767134
were:0.025021020926972566
of:0.0031361384768667524
even:0.027083216899452027
but:0.010730374552425972
using:0.03555517062330517
in:0.002865801643459524
feature:0.07621139661458512
and:0.0061580228143675786
for:0.0052475623050334515
subject:0.0004305960789035209
i:0.0061580228143675786
we:0.04347560986174097
xloadimage:0.10684233189762632
will:0.03655823693236401
the:0.0024314613225453322
do:0.011585772885588656
because:0.028463262885395385
forget:0.061922795732491834
myself:0.05375551712899811
mostly:0.06582337128614284
does:0.01965304539254073
article:0.01306988516639679
