ask:0.06778052521758994
at:0.020487558429172815
programming:0.10204137877124027
much:0.04063248533860305
to:0.0032051143257926296
mail:0.07126315127525246
could:0.035095561751768777
me:0.050399473507188125
need:0.04467911608133107
acsu.buffalo.edu:0.12614557662149847
sincerely:0.12671281971740916
you:0.03877667367967827
y:0.09914815294267
book:0.07231857001589938
application:0.08582250483295183
johnson:0.10738031927460073
if:0.015584893482869983
of:0.00904374816584831
code:0.2260822681626765
and:0.004439504819660347
subject:0.0006208594626050766
any:0.023797378285786215
source:0.21762334616510404
the:0.0035058279534374557
thank:0.08443010015743056
just:0.027311361941067116
dear:0.1117708790722652
netters:0.11483315404843264
window:0.0810928544610498
x:0.14163534835098152
advanced:0.10750568784750483
very:0.04054052306473133
by:0.02303338313528293
