tel:0.20327240396491886
thanks:0.09966933224580815
fax:0.15293216699416948
your:0.06299661110906313
anyone:0.08364573748206956
installing:0.26393761055265985
on:0.05070088252392899
a:0.006982520629231975
sgi:0.5566434283504978
install:0.22090751925198152
for:0.0162674431456037
subject:0.001334847844600915
canada:0.18603037965033234
did:0.08219555217214827
e-mail:0.13748478883261334
de:0.40409820271439706
workstation:0.26606559127359963
