at:0.006160594492688329
out:0.00823900069287035
increased:0.033934739970225856
all:0.006671803011512526
x11r5:0.06749399392595956
own:0.015849584863971995
with:0.012269105806773721
from:0.01776025708594774
post:0.01805998464637189
2.1:0.0366991647020031
except:0.02254798195107562
my:0.0066448549743377714
to:0.0038551025457086176
sound:0.024134148875023992
berkeley:0.0380166514353621
enough:0.017008031656904867
speak:0.025072956745723036
problems:0.01918233032092149
memory:0.023647777805365842
v:0.05379927711751066
like:0.008144329115445267
nt:0.009987112611502636
urban:0.08213718166390085
happens:0.026126416187264186
me:0.007577543219612201
re:0.0026149685508962974
michael:0.021011854557158666
file:0.02124815302418468
this:0.011013617588211589
programs:0.024707567302758856
on:0.010636548781243845
distribution:0.031083480426596363
am:0.011428925571338221
identical:0.034176736677760645
libraries:0.07013687643662561
size:0.025180959000460613
link:0.033887329571726695
posted:0.02386979667469857
a:0.000976576311780696
other:0.009645510404418956
same:0.013581072381318967
athena:0.04161734338748536
mu:0.04721718845568334
was:0.006192035902806892
fine:0.02265144460084308
fixes:0.040559784158646736
no:0.007872347805472097
brian:0.05225283237452837
it:0.0023975904177620418
have:0.007150358225841299
made:0.016262794069356653
binary:0.037522822294005775
has:0.007445975341863993
familiar:0.032214394683154436
be:0.004045183616345953
which:0.009034212115507118
writes:0.004624212524598338
of:0.0013597243745855849
lawrence:0.033169468354523314
but:0.004652330225527345
requirements:0.03403053608461859
please:0.013394512985351431
they:0.00652391345809611
one:0.013752600108749964
in:0.0024850307957271396
compiled:0.07382870225249226
x11r4:0.04008550026816589
executed:0.03932582305835613
or:0.004715464739182415
and:0.002669911989446083
for:0.009100667494044028
subject:0.0001866920062378902
table:0.03167758338097375
p:0.023539356920498952
i:0.005339823978892166
dump:0.03912311301029142
pay:0.023306587846139044
program:0.019417017009678846
the:0.0036897000488974622
do:0.010046404460230722
see:0.012373327002875358
when:0.00914457652338277
may:0.013014164527551265
7:0.02231838132119794
an:0.006279007961970187
laboratory:0.033474507672536534
10:0.020212389915357794
problem:0.014794162881437652
just:0.008212507436824378
nicely:0.03776537864357144
definition:0.028494960886204616
core:0.03447863997751735
yesterday:0.0307437974185645
figure:0.025821661776746527
does:0.008520900799563113
run:0.01871912187683493
smith:0.05507326649603444
eventually:0.02963145689667857
nothing:0.01786612588462174
although:0.022096080117166142
article:0.00566666349871749
going:0.015229480308039738
needed:0.023327431399552595
by:0.006926122201518644
hp:0.03024928325913514
compile:0.0364904027219354
s:0.004338715250741387
