some:0.01047118273662201
at:0.003950515750916731
out:0.010566610754084842
say:0.008509170288195263
region:0.021523207558752405
help:0.009596828340994606
all:0.004278331079131351
programming:0.01967614030118086
take:0.009532507310922436
thanks:0.008938953564646471
with:0.0026225442905360866
height:0.024061720125752584
further:0.031819142610595395
into:0.016061021551411536
someone:0.019761956185318563
from:0.0037962881364581864
im:0.07952387582686153
my:0.004261050499239019
creation:0.02035782732942582
to:0.00556223876269842
rookie:0.02616935971878279
width:0.025351774262307655
that:0.009333756738147358
smaller:0.020140099861188192
could:0.013534611258529663
me:0.009718284129188742
larger:0.019084536969151494
so:0.00458211030217453
this:0.0023541813379884258
on:0.0022735821759609413
tell:0.010807287235975124
am:0.007328862586104779
size:0.04844229332375607
a:0.0031311751700591815
how:0.0058984887768122165
want:0.016973972804593555
was:0.007941355462792695
red:0.016200084999742383
part:0.032949176400178616
question:0.009789175261646209
are:0.0028830106798261234
xlib:0.02427033006133506
it:0.013837214653182724
have:0.0022926036464020307
only:0.023919932525009624
area:0.014387744594884963
whether:0.012813715627272756
color:0.03313571396056848
able:0.011827198323366228
hope:0.012952742321255808
second:0.012330474334763527
doing:0.01202108926083101
has:0.004774773425500228
shows:0.03465663352125481
access.digex.net:0.022243490941411037
be:0.005187993337555797
get:0.005894053700857051
if:0.006010317666039545
of:0.004359654384882033
what:0.008255086125530324
but:0.0059666656704072665
using:0.0098852940746409
up:0.018073457897117284
rest:0.014648568759967753
in:0.003983849818262118
or:0.003023818195977961
and:0.004280240072766702
gets:0.029931088272581202
for:0.0014589635108164752
subject:0.00011971729547990268
create:0.01705311969167542
car:0.01371588941651744
grey:0.02460265280641902
i:0.010272576174640086
example:0.012606991676044415
any:0.0045887321358242476
background:0.01985201793863952
the:0.005746099179288745
wrong:0.01185391056874377
see:0.015868930595615928
when:0.017592032863368644
original:0.027678636890345106
start:0.012634807568979877
would:0.004182285408539803
can:0.011630932633691212
tries:0.023143359530927412
mr:0.015143299005755218
an:0.008052898103692707
problem:0.01897367974928775
here:0.008073546661988323
draw:0.01893587236234925
is:0.00843366990239752
having:0.011734938979463504
itself:0.015080967895042062
new:0.015461879505682034
else:0.011329830606897115
right:0.008698984725517039
window:0.1563673875257911
questions:0.013561328866571801
drawn:0.04504770257323763
blue:0.01792224945050811
created:0.017031816540291574
image:0.03319339010702849
full:0.013854988717144632
origin:0.02173044003926869
everything:0.013854988717144632
