some:0.01913994877267794
x11r5:0.15822362510511834
displayed:0.0870573919568488
thanks:0.03267846958878956
fax:0.05014169409644901
c:0.04239504418736
florida:0.08371970416600881
my:0.015577282972627891
to:0.002259342885394805
martin:0.07614103887303618
mail:0.05023468040714518
could:0.0247394943496075
server:0.06561407778930547
file:0.04981124397472802
phone:0.04815323157720605
error:0.061728822281508174
on:0.016623240171779997
seconds:0.07587155155593521
a:0.002289351025977697
starts:0.0733190553179241
are:0.02107906169184346
no:0.018454848134139508
it:0.005620580815409376
not:0.009883770632392867
couple:0.051737570404172435
have:0.008381157592584473
systems:0.049187165906272305
malcolm:0.09148230369638882
aix:0.18959532432703655
chuck:0.08169324587146494
gotten:0.0706509985867789
but:0.01090628233197394
defines:0.09125302104106521
using:0.07227608454573511
170:0.09756196892476077
point:0.03609075346327969
or:0.011054286191853857
and:0.003129487004022868
for:0.005333587916591377
subject:0.0004376550310166934
i:0.003129487004022868
will:0.018578776145955482
later:0.05238380375340498
the:0.0024713213442264033
maybe:0.043408411185939744
cc:0.1853588741145773
run:0.043882531612908116
light:0.0572494210787917
23:0.07097822387468936
pl:0.10355311275253888
somewhere:0.06359870588364896
compile:0.17108615046677908
share:0.06690244294657141
