go:0.011719471396350165
know:0.014865965369377131
send:0.01767076578841098
where:0.011129257820685313
with:0.00352305648668402
tcp/ip:0.03610212530609021
from:0.010199665716026212
my:0.00572418229717049
via:0.041183510585730665
to:0.00913264503674647
crime:0.02416396340504528
then:0.019227474093684378
connected:0.08213463318023487
that:0.006269360700623074
nt:0.004301678022424329
re:0.0022526536311937985
so:0.006155485526415182
anyone:0.020155599393269774
off:0.01315335812021898
on:0.003054270031561988
you:0.0033481866831850714
machine:0.019595176833279198
x11:0.06424386621691787
a:0.005888872819834195
how:0.007923873477283882
want:0.011401192576579408
running:0.03647542665598436
following:0.016489845018311817
local:0.018411948505517785
patrick:0.05524825337943677
across:0.023247976637553267
l:0.03981880215365498
display:0.04441110140886118
internet:0.10324821481137131
it:0.012392364930360432
not:0.003631988003469668
should:0.009896458688153493
have:0.0030798229707689933
able:0.01588834473560644
connection:0.025938350213870462
doing:0.016148812681718767
be:0.006969412736596041
considered:0.020740017814531397
applications:0.023495789321652603
get:0.007917915513801941
down:0.028486332252447687
if:0.020185253607331605
of:0.002342657657418538
vms:0.03537836439137898
what:0.005544831945762839
but:0.004007730254520544
lazarus:0.0772182313016372
up:0.008093134761158943
use:0.010016744143056314
and:0.0022999844246433124
for:0.007839731636435518
subject:0.00016082504151818252
i:0.0022999844246433124
person:0.016898761681167777
possible:0.03104785087909135
directly:0.021882532081303495
offense:0.02997328886786416
decnet:0.15867479191565184
2000:0.05211623501272681
the:0.004994748861373243
do:0.004327216378954799
gateway:0.029071208227145234
an:0.0054090249310947995
problem:0.012744369229190268
mahan:0.15604348367553153
long:0.014339224368124006
here:0.010845788588092748
about:0.005933832411577539
is:0.014566588204915513
capital:0.030764469603171914
window:0.021005980372440614
obtain:0.027592832612145467
does:0.022020882186822743
x:0.018344337286422305
first:0.011310571261391815
remote:0.08142582511119967
comes:0.03643585948488569
