mirror:0.1222089155424193
at:0.010010966050618535
know:0.014021308246117066
printing:0.05522152023650792
inevitable:0.06407281571738713
own:0.02575557540395449
way:0.019686054767574356
post:0.029347475050354323
my:0.021595778666597756
to:0.001566135409194126
software:0.03199756691455973
direct:0.04538381389288834
nasa:0.04875160019999336
that:0.003942098016300873
nt:0.008114528996845892
kirk:0.06834612506854475
anyone:0.019010394882288537
file:0.034528248664300105
reply:0.04080905135630846
hi:0.03580700750016369
you:0.006315897606917294
roger:0.05015630424507491
a:0.004760809519930892
part:0.027832069459241788
logic:0.047190238047692866
demand:0.05383130600705059
files:0.03760581323395101
it:0.003896084428863318
not:0.013702500194908294
ames:0.05843886405373428
be:0.006573423376562174
if:0.007615345679129651
of:0.008838208434806302
future:0.039823935503611935
presented:0.05187483799193768
opinion:0.03760581323395101
but:0.007560036616481935
print:0.04995867080516731
present:0.04118750321396936
please:0.021766083601196078
policy:0.04359940048771932
one:0.022347975176718694
or:0.007662630201171424
and:0.0065079104742748264
subject:0.0003033745101365716
i:0.0021693034914249424
employer:0.05136466390207528
directly:0.04127841278973159
any:0.011628264389645537
research:0.07016662455765403
the:0.004282687556755983
alternate:0.06717357692950804
can:0.019649227100857123
an:0.02040677587640311
here:0.020459101200265863
is:0.006106196065696907
center:0.07424160985165475
does:0.041539391397870176
man:0.06586475769989089
smith:0.04474702902802798
reflect:0.05376264334277829
change:0.06754566154342018
image:0.04205753405606451
summary:0.04888450974275689
