help:0.07133642400139323
uni:0.10257034914011827
access:0.055872947800308756
switch:0.07086855703350292
your:0.02099887036968771
with:0.038988491785969824
from:0.01410953757383626
to:0.004593997200302769
sparc:0.090606352587613
phigs:0.1149776903892432
that:0.00578174375724128
hi:0.05251694433357341
them:0.024430986192204015
a:0.004655013752821317
how:0.021922716620485404
want:0.03154329946186969
display:0.12287071389784926
xlib:0.09020472672796198
it:0.005714257162332866
between:0.03871443076744009
has:0.017746241231442517
be:0.009641020952291189
which:0.021531538875291963
stereo:0.17203230584656043
of:0.003240676426095644
double:0.0736358397506605
highly:0.06961122857347668
now:0.02753190663130407
our:0.03716292371633989
or:0.011238524295051422
use:0.02771299212912247
and:0.003181645120756582
subject:0.0004449492815336383
appreciated:0.056412701986270714
we:0.0673871952856985
will:0.01888842241505474
images:0.14186172480402612
the:0.002512510033296843
do:0.011971965315108277
can:0.028818866414590444
friends:0.06627720575979561
is:0.004477877114844399
wanted:0.05075266649243504
accelerator:0.08833009367085048
workstation:0.08868853042453322
functions:0.15613483677688347
