taken:0.05883716606711893
thanks:0.03559619008778862
graphics:0.0628346685739236
performing:0.0989113448092297
text:0.0645814952363137
user:0.06752934792130384
operations:0.08323780093265978
response:0.06270711701120253
to:0.0024610699287336262
that:0.006194725454187085
really:0.03484635255698082
its:0.036925438500610176
this:0.009374686399489624
on:0.018107458044260352
you:0.009924981953727175
books:0.06519174844725287
more:0.022703911175370104
a:0.0024937573675828484
handling:0.08617536724475194
advance:0.05649109315494017
figures:0.08427029326996026
computer:0.04786969473509491
no:0.04020520486366106
those:0.03314135096942072
should:0.029335931111312136
courses:0.10555847803208404
have:0.01825895046955903
absolute:0.08293934591527155
netcom.com:0.0574827709771632
topic:0.07797565804624146
summarize:0.10236118818478074
of:0.006944306627347808
but:0.011880057540185897
now:0.029498471390682932
in:0.006345703639088945
and:0.003408905486524909
subject:0.0004767313730717553
any:0.018272986898014414
will:0.020237595444701505
do:0.012827105694758869
is:0.0047977254801904266
discussion:0.06139057043732484
select:0.08459205229679378
x:0.10875571391236079
fonts:0.17688397408211712
too:0.06973278099516059
late:0.06882391045769945
while:0.038756116176402185
