another:0.025784945702192776
taken:0.03831257325300768
characters:0.058883452434994224
out:0.02739946742047581
region:0.055810177739555655
know:0.028694770364146555
technology:0.03915892657926678
fax:0.0355656202312022
text:0.042053066665506594
with:0.006800318334762178
o:0.08141811590232283
to:0.004807671488688945
implement:0.0591803512955194
calculate:0.06920093144663263
width:0.06573774023830939
that:0.008067549428708763
nt:0.008303238973516727
voice:0.04216853838879265
you:0.02585111578645218
a:0.0016238420067981338
how:0.030589837144863356
character:0.10616245914629105
advance:0.03678489786833313
solution:0.045230896142247075
are:0.0224271412186474
internet:0.03321551096644891
not:0.007010581495069359
have:0.0059447745714843354
being:0.06787688127645866
anybody:0.03534412959200808
be:0.006726293687645015
if:0.015584893482869983
of:0.004521874082924155
germany:0.0488923922463638
find:0.024609845786899887
in:0.004132086090569546
moving:0.04931373932141084
use:0.019334645671480792
complain:0.0591803512955194
ooo:0.14904914414036946
for:0.007566252625862186
subject:0.0003104297313025383
i:0.004439504819660347
everybody:0.04741754999693243
information:0.028358387028880987
research:0.03589920326205555
the:0.002629370965078092
do:0.008352533940773217
hello:0.04499175337967176
thank:0.04221505007871528
can:0.010053092935322248
problem:0.0245995964191347
german:0.05460006890357651
bar:0.11718789204157619
many:0.021548849157884808
is:0.0031241003126821383
center:0.037984079458986145
drawn:0.11680974039339526
does:0.01416847458532006
carried:0.05233449012274677
fault:0.05147674418972806
