xt:0.02750383109574566
go:0.010459313181688856
at:0.004736371034701242
out:0.006334285478927204
there:0.004934295621382513
thanx:0.026089611912592996
help:0.011505874838934393
tel:0.02185724773816332
search:0.04588334730510448
tried:0.01665518308084232
with:0.006288466417091907
cambridge:0.025121593588617642
to:0.002963869161485658
receive:0.023023756836051106
that:0.00373015726273631
guy:0.09103039642335671
motif:0.07582962654868343
quite:0.014280641839297859
nt:0.0038391319985077344
location:0.02468186545416346
12:0.019104219524795893
me:0.005825745593572821
re:0.0020104328106353257
happened:0.01813064999321737
started:0.017630348795639277
sunos:0.027225682308653246
file:0.016335945604615106
uk:0.023234620885262295
error:0.020244398705225798
this:0.002822486227803328
93:0.019682879009701084
path:0.023849078661617822
on:0.008177561697407902
you:0.005976333219448623
fix:0.02338730623215314
m:0.014718437764688948
a:0.0022524260094296694
uunet:0.020306410281813365
vision:0.025634013910146268
markus:0.6202367611002471
was:0.00952108746345576
running:0.016276668884122054
said:0.011782284025072217
standard:0.016365830862700197
fine:0.017414820311400864
advance:0.017008071057401344
based:0.016241414042476036
files:0.017791997659073598
are:0.0034565128043076644
internet:0.015357709371583905
works:0.015995301040595378
bang:0.031676648838384974
it:0.0073732350481714405
not:0.0064829033180211285
reported:0.022200901059202492
have:0.005497318420942504
probably:0.012834536102307573
only:0.01433909933622889
uucp:0.02276144412546276
be:0.0031100067588036096
which:0.006945657701707086
applications:0.02096936036233512
if:0.003602959246039835
whatever:0.017768605262114857
of:0.002090758984577835
trying:0.014496388296066646
park:0.024146463812069714
what:0.0049486134569711356
but:0.010730374552425972
seems:0.01266928542677999
well:0.009047676936308306
please:0.010297932026372338
they:0.005015696905955612
find:0.01137874590146984
one:0.005286617783739906
in:0.002865801643459524
confirm:0.030234369340564123
compiled:0.056760776462937604
installed:0.021534247071801575
install:0.023753496693761453
and:0.0061580228143675786
for:0.006996749740044603
subject:0.00014353202630117365
i:0.007184359950095508
44:0.02443431739770428
everybody:0.021924243546968758
will:0.006093039488727336
the:0.004052435537575554
wrong:0.014211946542096026
do:0.0038619242951962187
hello:0.02080263865941813
can:0.0046482042604178144
because:0.018975508590263594
may:0.010005513588386188
cc:0.030394869142444127
during:0.01574392209571221
is:0.002888952977318967
strings:0.03322332664726552
right:0.010429427923603763
does:0.00655101513084691
lot:0.013325555850889199
run:0.014391582948319328
x:0.06548731160314199
under:0.013050125952180858
faq:0.020871478832783653
very:0.00937227146120133
by:0.005324921907619173
hp:0.0232561693873996
defined:0.023499084563707303
compile:0.02805444940449872
