1.1:0.10758856077830142
case:0.09506196566564445
thanks:0.03833435855608006
to:0.0026503830001746746
solaris:0.11695962090052828
and/or:0.23313357848907523
so:0.01965020379586385
prefer:0.07897169432772772
this:0.01009581612252729
di:0.25477786837126276
these:0.03185838409805659
on:0.009750169716140192
regular:0.0778277433029935
m:0.026323359848386
a:0.005371169714793828
low:0.13060748230691616
price:0.12039016160938319
running:0.05822039254705196
advance:0.06083656185916634
are:0.012363680415408184
not:0.011594423241845479
domain:0.17166165573002207
public:0.11399017684848438
of:0.003739242030110359
3.1:0.07541388428610034
looking:0.04988241048858931
groups:0.07076510766319985
in:0.003416917344124817
or:0.02593505606550328
for:0.018770126706465808
subject:0.000513403017154198
i:0.007342257970976728
we:0.025918152032960964
would:0.017935570117391848
regards:0.07941091532714738
an:0.017267271895418015
2:0.03746941446337325
e-mail:0.05287876493562051
answer:0.058389827733247246
