pc:0.04385318502628793
bbs:0.05325056120731133
all:0.012553524087451199
tried:0.040761369118903566
thanks:0.026228771643633724
such:0.02530285794036577
to:0.0018134199474879353
line:0.03715531248428932
aid:0.06536714578052474
ms-dos:0.06815343826853902
really:0.02567625977882797
nt:0.009395770417400506
voice:0.04771703028205484
phone:0.038649304292231165
on:0.006671168753148551
pointers:0.06973428447698722
support:0.036038898809651394
m:0.018010719896264106
a:0.003675010857490513
3d:0.12311353759467154
advance:0.04162501600890328
fidonet:0.07235914448246511
section:0.05407577796872746
files:0.043543573218259066
displaying:0.1476051025769414
it:0.004511255654473315
application:0.04855746983969643
pd:0.14338555915391035
area:0.04221667164025456
keith:0.1036965018189386
sets:0.12514484387601707
which:0.033997166645197835
pg:0.08236291400085424
of:0.005116857514887859
looking:0.03413007033429794
but:0.008753726608558028
central:0.060268555442317726
code:0.042638322504364425
in:0.007013672443203571
system:0.02941082012161217
or:0.008872519180303753
cross:0.060268555442317726
for:0.008561812181896684
subject:0.0007025514971583761
i:0.0025118250953341434
info:0.03875520341305786
any:0.013464306135379042
will:0.029823824865875904
images:0.05599804926474715
the:0.002975340828904156
apps:0.06959504619632226
radio:0.0472019784311535
did:0.021630408466354806
once:0.0353030420384856
development:0.05114819780337108
just:0.01545248109823534
handle:0.05345206429906188
arc:0.07542403339931213
data:0.07721962166331084
says:0.03369772032141537
