some:0.0496824202184406
thanks:0.042412481806726875
twm:0.4013458941084012
execute:0.12378188748480602
to:0.008797015915473388
make:0.03744852092233412
like:0.04955910908547546
two:0.039676370907517265
these:0.03524757389572218
a:0.002971285374141266
other:0.02934697846450874
advance:0.0673085365250351
section:0.08744168352389972
hey:0.08200295714108871
it:0.0072947963774462115
contain:0.09978316612815434
which:0.027487070904628038
menu:0.10961175575089127
parts:0.07763180875353959
in:0.007560838378488957
leaving:0.09847158818961803
and:0.004061674622242445
subject:0.0005680203594046446
i:0.012185023866727335
possible:0.05482918346733153
program:0.11815461414400319
do:0.015283359976733971
would:0.0595308284747474
is:0.005716438870014126
guys:0.08265267467002661
run:0.11390784801648489
words:0.0703799815214335
before:0.09047635179670827
