know:0.024677502513166038
help:0.04280185440083594
all:0.019081356612925825
tried:0.06195728106073342
text:0.07233127466467135
option:0.08381222444504764
my:0.019004285226606025
to:0.0055127966403633235
that:0.0069380925086895365
nt:0.01428157103444877
anything:0.046424823006388075
greatly:0.07805858299601204
anyone:0.033458294992827826
this:0.01049964876742838
on:0.010140176504785799
no:0.022514914723650196
it:0.0068571085947994395
not:0.024116400343038597
only:0.026670724765385734
color:0.07389264213206773
able:0.05274930452221338
be:0.011569225142749426
get:0.05257495901164489
what:0.018408842059932623
and:0.0038179741449078986
still:0.04083418164459095
subject:0.000533939137840366
i:0.011453922434723695
dump:0.11189210320943348
any:0.020465745325776146
the:0.001507506019978106
would:0.01865299292208752
effect:0.06932746909244812
because:0.035294445977890276
did:0.06575644173771862
is:0.016120357613439832
white:0.06797938291641184
window:0.06973985483650283
matter:0.06041806023801085
borders:0.10998589961334698
black:0.1411820942497575
