pc:0.04443789415997178
go:0.025939096690588363
out:0.015709027987739467
watch:0.05125551787432467
where:0.024632757309783492
from:0.011287630059069008
single:0.04335235560683167
to:0.001837598880121108
important:0.041898257239642966
vice:0.07185004141690034
schwartz:0.08832299436870443
re:0.009971746740751216
exactly:0.042885102043626784
he:0.021201776100269805
certain:0.043950866556806786
on:0.0067601176698572
you:0.014821306384232584
tell:0.03213366738163271
used:0.02632618011115821
m:0.018250862828214295
a:0.007448022004514107
part:0.03265629483217703
copy:0.0455548259341779
160:0.07733398846248644
course:0.03261535733200026
it:0.013714217189598879
should:0.021904161896446395
ve:0.02433511598703246
able:0.035166203014808925
be:0.007712816761832952
wasting:0.07537927547326143
of:0.005185082281753031
looking:0.06917027587751051
what:0.024545122746576834
windows:0.03662942908564669
find:0.028219289835645204
called:0.035763393278089785
bob:0.04912006685372134
and:0.002545316096605266
for:0.01301395451648296
subject:0.00035595942522691063
i:0.012726580483026328
program:0.03702177909845434
when:0.01743565923791648
can:0.01152754656583618
eric:0.053173713070914744
last:0.029068834027459974
an:0.011971975180823158
about:0.013133549070958287
is:0.003582301691875519
white:0.04531958861094123
cs.colostate.edu:0.0790810319612385
time:0.021060132932049516
does:0.016246517524500338
x:0.04060213319394804
before:0.02834925689630193
checked:0.060010215340749636
check:0.044124154194502524
s:0.00827248374474691
