some:0.009492169716531336
week:0.028031209791915316
at:0.007162317174426269
out:0.009578675602280163
know:0.010031505086652862
case:0.02009439924639639
take:0.01728251325476182
thanks:0.016206395487123278
widget:0.12290437458018967
user:0.030745068972300945
c:0.021025184515682603
work:0.016464003772278895
hair:0.04439897372233457
my:0.007725319197807328
to:0.006722922732150394
die:0.061264298722477226
make:0.014309597425607348
like:0.009468610272428239
nt:0.005805516680670232
pipe:0.04774641047942205
anything:0.01887187927088946
file:0.024703137255759428
this:0.008536299810917383
tail:0.3234920425538986
on:0.004122022969425122
lord:0.0346309275913767
input:0.034692286986786315
a:0.005676846040025996
how:0.021388016215107716
forever:0.0383669627895754
output:0.03323055438157822
d:0.014811741645341754
it:0.005574885036422309
have:0.004156509049980918
follow:0.030707254572498257
ve:0.04451545607383986
closed:0.03354530651312855
after:0.01568466412735733
b:0.024885433711497904
has:0.008656703039728058
greg:0.1424152389429406
anybody:0.02471215564969671
be:0.004702937049898141
get:0.010685967278789614
end:0.021985637419313087
of:0.0031616355376542873
trying:0.021921367667222736
expansion:0.03758328924750169
but:0.010817613369925372
oh:0.026257855155621738
up:0.010922442035385243
code:0.026345630165298346
in:0.0028891008438128537
point:0.017898666351707813
or:0.005482206973195816
and:0.004656066030375486
for:0.002645112706602228
subject:0.00021704843001640894
i:0.0062080880405006485
ugly:0.04460480955960522
allow:0.02850629814125685
exist:0.029565239640618746
ways:0.029010881148610525
the:0.005515265926749168
managed:0.03846433019645927
waiting:0.03556943301939758
would:0.007582517448003058
just:0.009547874499722652
f:0.12085304775306824
general:0.023970978561687412
either:0.02035416835051511
blocks:0.08743402087587723
spent:0.03529953001606753
x:0.024757398288992705
dammit:0.04744526192917531
past:0.026857841031734664
functions:0.03808166750655695
