pc:0.09194047067580367
at:0.0060756207755478
out:0.008125359304003172
mark:0.041429296059202626
computing:0.03008594123571753
andrew:0.05193735391961377
proven:0.03271195844618507
help:0.01475926013821929
all:0.006579778142388215
allows:0.028501195759628714
camera:0.03578717277492075
from:0.005838429340897762
work:0.027932033986073156
ext:0.0376625777092907
to:0.003801928717491947
software:0.058257639072025996
engineer:0.030749002342978924
that:0.004784891385303128
motif:0.0324237023863336
nuclear:0.0673138727208431
terminal:0.03292549103655725
packages:0.034105245534966355
could:0.010407649347076258
me:0.022419076146300926
re:0.002578900019159797
so:0.0070469696371373795
anyone:0.011537343100975112
this:0.007241137080985089
parallel:0.03173347163766476
age:0.028433025006300836
student:0.02774494808392187
hi:0.021731149379409686
on:0.010489837763571515
you:0.0038330964786808404
posted:0.023540558099875143
3:0.016148040997500824
m:0.009440101462869463
more:0.008768407074625695
jobs:0.034053969821259335
stable:0.03464012990976549
a:0.001926212587374338
ms:0.02882855118886267
senior:0.036550383587938134
as:0.005518028691151851
idea:0.019119836519039698
advance:0.02181724977018379
cheap:0.02562918081659895
display:0.02542152701334812
probably:0.016463611827787644
ve:0.012587128958809892
university:0.016209242079990714
ring:0.0343675034355818
hope:0.019920424397517553
has:0.007343272233700351
be:0.003989387980258423
recommended:0.03385259634062304
writes:0.00456043028287974
dept:0.028298672347184823
if:0.0046217270328510985
of:0.0026819391112515674
andy:0.030909022322838674
looking:0.035777728902160605
windows:0.07578502569444141
net:0.022863051619989534
good:0.011172481733513788
michigan:0.035529327726150965
code:0.022348362140218594
in:0.0024507545088895237
england:0.03400307252955159
use:0.022934890037894454
and:0.002633085617177861
for:0.0067313557843877376
subject:0.0001841169440828848
i:0.005266171234355722
any:0.007057153560612464
the:0.003118977972368495
clone:0.036927338157164785
ibm:0.027175634959445978
would:0.006432066524857766
can:0.0059625240857773334
an:0.006192400955598185
engineers:0.0376625777092907
people:0.010381194069469775
relatively:0.030749002342978924
is:0.0074116586728459
right:0.013378438577864134
time:0.010893172206232508
2:0.013437307255830405
run:0.01846092709232686
runs:0.025874417382367825
1:0.01350706132361868
x:0.04200220675236003
first:0.012948653995800283
engineering:0.05333447576859447
under:0.016740161566245786
e-mail:0.03792683829865195
article:0.00558850262287311
going:0.015019418510687466
process:0.024941818849886672
project:0.02656300589940035
by:0.013661178962995395
