root:0.05418364900847072
another:0.0238441433375116
out:0.012668570957854407
tried:0.03331036616168464
thanks:0.021434264999098528
access:0.0360470630969734
with:0.006288466417091907
ca:0.02211342576443356
from:0.009102927466991135
password:0.060311762343266385
work:0.021774972731078538
via:0.03675517611414673
to:0.005927738322971316
terminal:0.05133544301398712
nt:0.030713055988061875
asking:0.03855304101761714
grab:0.05757488207299886
need:0.02065808593007781
server:0.08607438161607817
wait:0.03947741725924858
93:0.03936575801940217
on:0.005451707798271935
m:0.014718437764688948
a:0.006006469358479119
running:0.03255333776824411
advance:0.03401614211480269
display:0.03963571416059654
manual:0.04225373545035229
it:0.0036866175240857202
ftp:0.04078889190633415
have:0.010994636841885008
screen:0.08039370258292576
of:0.00418151796915567
but:0.014307166069901296
seems:0.02533857085355998
must:0.024918929327736532
login:0.23709105644020226
one:0.010573235567479812
in:0.003821068857946032
use:0.017879349760724174
and:0.0061580228143675786
for:0.006996749740044603
subject:0.0002870640526023473
italy:0.0611206163350684
i:0.012316045628735157
dump:0.060157044736254564
any:0.011003088884825886
program:0.029856273466495435
suggestions:0.042548348076030945
the:0.004052435537575554
do:0.007723848590392437
because:0.018975508590263594
window:0.11248363683306908
obtain:0.04925172272705535
does:0.02620406052338764
e-mail:0.029566621254325447
remote:0.04844690669698619
answer:0.03264807572181566
hp:0.0465123387747992
include:0.03614541154026454
