mode:0.0715772943266959
k:0.035408047254688435
all:0.008916521781741038
with:0.0109313528371878
to:0.0038641097946471893
colors:0.04261585676432752
rd:0.04840804961129875
then:0.029829539248145853
need:0.01795515879903959
scott:0.07144069258264497
requested:0.048952618846102254
this:0.00490637792870485
bitnet:0.045609867030477806
upper:0.04885962509981096
specified:0.09790523769220451
a:0.002610288085694196
how:0.02458622424727335
same:0.018150405145127217
objects:0.08765997772006082
underlying:0.05471136781267998
solution:0.03635380437601166
it:0.03204256352710018
properly:0.04024080500469623
uucp:0.03956662249846797
color:0.17264636012165355
personal:0.03134481748781043
without:0.021001967147686866
if:0.018789264105516148
whatever:0.03088748204442395
of:0.0072688069370369585
what:0.025806787934484987
happening:0.042427995275345395
oh:0.030184263403191337
using:0.06180618444798843
over:0.01874710983662951
frost:0.1170015226928023
in:0.006642231846523008
and:0.0035682001354279424
subject:0.0002495042700188626
i:0.010704600406283828
background:0.041373831778659935
the:0.0028177682616413193
can:0.008080056004090778
an:0.008391571388427445
draw:0.15785792660949094
is:0.0075328773894578665
object:0.03953245136572862
having:0.024456928901124872
else:0.02361263761998184
items:0.04330480607177207
drawn:0.09388446424142048
nothing:0.023877158892531856
random:0.041712178027855824
everything:0.028875350317039746
s:0.011596939829084454
