some:0.03155505067927984
manager:0.05306619378261619
your:0.0170261111105576
twm:0.3398785049206281
corp:0.06254276547178443
execute:0.23585467750483313
to:0.005587293892260125
then:0.02156595067264599
make:0.02378487139661762
think:0.019456054426061558
like:0.03147673144618036
re:0.005053250037542845
barry:0.14211170064460707
two:0.025199857198017723
these:0.022386972609445173
a:0.0018871677376302637
other:0.01863929713286366
uunet:0.05104043665428764
section:0.055537285481395776
it:0.004633181482972594
contain:0.06337579470301695
machines:0.053323601822760705
quit:0.2039560559654844
which:0.01745800449347997
thinking:0.047074682889846696
writes:0.008935978256994086
menu:0.13923655460248352
parts:0.049306689343464334
in:0.00720323115788475
leaving:0.06254276547178443
system:0.030205707151926015
and:0.007739136780218714
subject:0.000360769687729977
i:0.007739136780218714
possible:0.03482394085087273
program:0.07504414682119122
do:0.009706998904141848
harvard:0.07599449591006657
would:0.037810120788015246
put:0.03361431485874026
definition:0.055064586577395415
is:0.003630711174198161
think.com:0.16375434509737222
run:0.07234687644290257
define:0.057766971604864
words:0.04470079907442398
article:0.010950444328602716
function:0.055581089453344036
before:0.05746470992493634
