school:0.016758177307816154
some:0.005380354263287346
pc:0.015358719179713747
at:0.008119493202344986
mark:0.08304951053342462
computing:0.020103509120640746
terminals:0.026415790499298257
anyway:0.014048450790988636
swap:0.02452217431093084
graphics:0.016215398341657705
your:0.011612278545449424
900:0.05068474636559769
with:0.013475285179482658
much:0.016103196954469413
times:0.012951502956189062
tcp/ip:0.027617294012953802
from:0.0039012546287104867
spot.colorado.edu:0.024886862424104685
ext:0.02516623856150761
to:0.0006351148203183552
depend:0.023615675259105705
keyboard:0.020943700626603667
software:0.025951943672638308
that:0.00159863882688699
think:0.0066347835369979504
could:0.006954420070626992
its:0.009529145419512304
re:0.0017232281234017075
boulder:0.02540261319002167
scott:0.05283977492863834
server:0.03688902069260492
phone:0.013536161871933497
this:0.0024192739095457096
off:0.020124031778399543
student:0.018539251023818763
on:0.009345784797037602
you:0.007683856996433943
performance:0.08735048925337825
etc:0.03210586157776363
card:0.028211136834232643
imho:0.01995240394634125
m:0.006307901899152406
a:0.007079053172493247
same:0.008949738942528167
303:0.02724089755666685
tektronix:0.028360465200032704
j:0.028148651239897352
price:0.01442462765826711
old:0.012202364434757253
running:0.027902860944209233
ram:0.035851217218739614
services:0.03683559103652819
usa:0.01679549164068537
colorado:0.043439646890303774
fine:0.014926988838343595
whole:0.013787628917176453
computer:0.012353469609056752
setup:0.020339883749154804
internet:0.013163750889929061
taylor:0.04999317783156161
it:0.00473993681668164
probably:0.011001030944835061
university:0.010831060376030661
minimal:0.02382613625833699
mouse:0.02002733722224807
network:0.01692852382502109
be:0.010662880315898089
writes:0.006094584249009791
get:0.006057022927608858
spend:0.018894457210652308
if:0.0030882507823198585
of:0.0044801978240953605
ucsu.colorado.edu:0.025224205299788072
monitor:0.01726855225847377
looking:0.01195338868850988
but:0.0030658213006931347
least:0.011095218353486093
windows:0.0126599409282189
they:0.004299168776533381
good:0.007465483185988476
over:0.009243966601471695
in:0.0016376009391197279
use:0.007662578468881788
better:0.04122056905624706
install:0.040720280046448204
and:0.00439858772454827
for:0.007496517578619216
suck:0.02540261319002167
subject:0.0001230274511152917
i:0.002639152634728962
top:0.01558355864593233
4mb:0.05345667405240998
addition:0.018273569680835915
will:0.020890421104208006
than:0.013185265273912084
cost:0.015304182508529404
the:0.0020841097050388565
clone:0.07402484837956996
users:0.018196762987355678
do:0.0033102208244539014
33mhz:0.027716400949455936
would:0.008595849272851392
can:0.003984175080358126
linux:0.049145077382527026
an:0.012413338321130002
just:0.005411928863898092
about:0.004539245070607703
15:0.015400049456132
is:0.002476245409130543
ethernet:0.02404667091814176
new:0.007944698455684547
hospital:0.022893562577510972
easier:0.01924734430603042
lot:0.02284381003009577
labs:0.024092073205897572
runs:0.01728935723706606
experience:0.015263699423019115
x:0.02806599068706085
under:0.011185822244726447
very:0.008033375538172568
davis:0.04564747718248184
lake:0.02452217431093084
upon:0.015981915127617218
high:0.012890893205721296
four:0.016166111295036745
va:0.023000323219361362
