some:0.013735727942745343
pixel:0.11566698158503125
all:0.011224327419368131
tried:0.036445459447490246
thanks:0.023451607587248978
interpreted:0.06410177938645405
into:0.021068281211557485
from:0.019919347163062956
my:0.01117899130976825
to:0.004864232329732344
offset:0.07270045595754572
that:0.004081230887464433
motif:0.05531102171786321
font:0.17615541665652054
file:0.07149378546960962
this:0.012352527961680447
set:0.031169583342657896
am:0.01922748654942783
hard:0.0318145106185354
are:0.007563663312955595
those:0.021834301815147766
reason:0.0314377873412768
place:0.0319932660860756
app:0.1282035587729081
placed:0.05358627496266468
be:0.006805426554558486
which:0.015198733323735503
of:0.004575072601546792
who:0.015212386755692333
code:0.038123676592137605
in:0.012542096604316974
confirm:0.06615991408641089
forcing:0.062102967188861144
word:0.036104429601922575
still:0.024020106849759377
for:0.0038276336813185177
subject:0.0003140818457884505
however:0.028201163578787214
i:0.00224586714406347
program:0.06533255135021353
the:0.004433841235229724
units:0.22868206027353866
would:0.010972348777698543
can:0.010171364616914275
joe:0.09363457004524554
instead:0.03609099190099578
here:0.02118118712498113
people:0.035418191531132175
1.2:0.06299369450339874
unknown:0.0555192520366797
is:0.0031608544340078104
somebody:0.04465562615852653
geometry:0.06651112541758361
resource:0.11671290541022733
convert:0.05033623523762752
planning:0.05451310881976014
already:0.034185721427027665
pixels:0.06743795927467908
s:0.00729925036301198
