some:0.007835817953915128
since:0.013428333042977726
generated:0.032568240374109374
folks:0.024853797652985087
there:0.0061595905072291774
know:0.016562082223601365
help:0.014363038389542261
thanks:0.013378433858497739
where:0.0247980778286411
specifically:0.027161360078897055
with:0.0078500319032154
way:0.011626663218433177
from:0.005681692982752856
post:0.017332736942491142
both:0.015071839478578777
suns:0.04147341447242541
to:0.005549795275533546
line:0.01895170301212073
look:0.015913881370979266
make:0.011812620693622173
that:0.004656437925294991
ow:0.08646849692428023
nt:0.009584947002985752
sunos:0.03398642221080204
file:0.040785045402126296
this:0.003523372069606839
2.0:0.06295045379896985
hi:0.02114776281888862
on:0.006805487587104563
set:0.017781305933731013
distribution:0.02983179665102872
tell:0.032349329578824866
x11:0.07157370330206957
m:0.01837335184048419
a:0.0018745021823441544
how:0.008827939578718955
as:0.005369893692731667
running:0.020318526258031554
said:0.014708086098412296
standard:0.020429829130619036
question:0.014650913311054392
fine:0.021739305892084296
advance:0.021231551789776173
files:0.0666304341863293
are:0.01725936594902619
it:0.009204172610469045
not:0.0040463758964829856
have:0.0034312121687761934
real:0.01716505942280703
of:0.0013049703729244204
trying:0.01809616257092883
looking:0.01740862647923922
but:0.0044649880687947
surprising:0.03656812918019191
defines:0.037358619352382404
david:0.016754666035869087
box:0.021265362487963804
imake:0.13505247355554126
email:0.018415427241395575
makefile:0.13419556856724335
in:0.005962406103841963
baker:0.0400798616886788
use:0.011159594145955356
and:0.005124797509943488
subject:0.00017917420732898185
i:0.008968395642401105
any:0.006867699773750385
actually:0.016404792799336137
the:0.004552870530135219
wrong:0.017741087629730607
do:0.009641851260489888
reads:0.03482644330445308
see:0.011875072224236081
when:0.008776338542575408
can:0.011604912650170648
needs:0.02247883599106944
problem:0.014198424778829424
places:0.05120566284953469
about:0.006610846847797796
is:0.005409515977664373
edit:0.07113833047316817
having:0.017563029479331284
ignorant:0.03354975379907679
trouble:0.025602831424767346
first:0.012601039123429806
various:0.0239233488480214
under:0.016290761255742546
little:0.015740528200660832
readme:0.03880978115419204
by:0.006647217951793061
compile:0.03502099053179034
s:0.00416400188493972
