some:0.01389924851349231
go:0.023159907759453893
out:0.01402591784619595
there:0.0218518806089797
thanks:0.023730793391859083
way:0.020623485946982656
my:0.03393622361893933
to:0.009844279714934505
lock:0.060185817377845084
been:0.03493429493384379
nt:0.00850093513955284
server:0.04764831839461469
parallel:0.054778016517397506
amount:0.04426686918603367
hi:0.03751210309540958
certain:0.03924184514000606
locks:0.06824079212318716
a:0.004987514735165697
how:0.015659083300346717
want:0.02253092818704978
related:0.04588260697179963
question:0.025987929563656004
it:0.0040816122588091894
not:0.007177500102094819
have:0.006086316823186343
after:0.022966829615058942
has:0.025351773187775022
call:0.09489128921423955
screen:0.26702194072186053
which:0.03075934125041709
get:0.015647309229656216
if:0.007977981187659635
of:0.0023147688757826027
what:0.010957644083293227
but:0.007920038360123931
find:0.025195794496111788
or:0.024082552060824474
for:0.0038732007489532616
subject:0.0003178209153811702
i:0.0022726036576832726
directly:0.04324405149400452
program:0.06611031981866845
locked:0.0673029245296977
the:0.0017946500237834594
do:0.008551403796505912
long:0.028337038632245057
idle:0.19329584298848995
is:0.009595450960380853
time:0.037607380235802707
does:0.014505819218303871
blank:0.13124683481511196
x:0.10875571391236079
