since:0.022481141835996418
pc:0.03744766361795374
dos:0.03965789164319031
supports:0.04855774701863805
literature:0.05315856869847741
though:0.027927462939445837
ca:0.023107287596542934
from:0.009512047802586241
name:0.03103632029022754
remember:0.03126543861259811
direct:0.04487388339970982
that:0.0038978047801626605
think:0.016176944129534326
nt:0.008023354513735264
anything:0.02608136123954386
re:0.004201578682900792
exactly:0.03613913093564054
so:0.01148101794814517
this:0.005898679082824932
announced:0.0542227029854619
generation:0.05212464848813749
on:0.005696728373475167
used:0.022184983239740063
disclaimer:0.04218039918060884
why:0.01999688292307872
a:0.006276423037511887
j:0.03431605235425688
price:0.03517015957128048
implies:0.05830494440857875
also:0.016668507097523218
it:0.01926154099662764
not:0.006774269759280504
have:0.00574438891177138
buy:0.03378473174431423
500:0.046851428487073486
writes:0.007429914505815307
of:0.0021847256805139176
looking:0.029144779161872404
but:0.00747509238483607
never:0.024763362144515286
windows:0.06173499284097756
they:0.01048224297199712
up:0.01509506034103803
now:0.018560835931216227
in:0.0019964011448819156
5:0.029200818954131267
and:0.006434787884676233
still:0.022940551485725248
for:0.014622420805037032
subject:0.0002999658077754865
i:0.006434787884676233
the:0.0033876539774788895
quote:0.04533660575888302
peter:0.04136958517781974
eric:0.04480930876762478
rtsg.mot.com:0.06352186135387199
just:0.013195377117594224
priced:0.06478160627657656
press:0.0403073074243558
changed:0.042464215661049715
is:0.0030187935605692573
new:0.01937078162790502
else:0.0283882272509894
their:0.017007681107659708
1:0.022005886426120322
x:0.034215280781416876
little:0.02635212024605016
release:0.044649477408845596
range:0.04493883129763678
s:0.013942388333843108
