since:0.07020426748784846
know:0.021646932029093013
x11r5:0.1693270373931968
where:0.032411522776030904
4:0.04358367551190665
o:0.06142068392631371
from:0.014852144814564483
beast:0.0949523439241705
work:0.03552758708754919
r4:0.10629668015092582
to:0.004835786526634494
nt:0.02505538777973468
this:0.009210218217042439
hi:0.05528099403534043
on:0.008894891670864736
distribution:0.07798136317549613
regular:0.0710007482764151
pointers:0.0929790459693163
inc:0.06422834203165616
a:0.002450007238327009
wondering:0.06313918424311046
was:0.015534405861427817
joined:0.1011502273441283
compatible:0.07904495303192483
computer:0.04702987552921605
consortium:0.11188358771440887
mit:0.08990529002150768
has:0.018680253927834227
sun:0.0636577597210323
be:0.010148443107674935
get:0.02305919254896706
if:0.011757024908129987
never:0.03866560054143615
they:0.016367010956276205
highly:0.07327497744576492
up:0.02356948018162078
subject:0.0004683676647722508
i:0.010047300381336574
appreciated:0.05938179156449549
any:0.01795240818050539
will:0.019882549910583934
the:0.003967121105205542
do:0.012602068752745554
kernel:0.10477016476514282
can:0.015167824428731812
netters:0.08662851972074742
move:0.06204956343110556
somebody:0.06659172321885536
does:0.0213769967427636
