pc:0.07935338242852102
lead:0.030668370139840563
202:0.04773380163517411
all:0.007571966909891199
dos:0.028012320287650296
allows:0.03279899512020765
versions:0.03524145254483138
with:0.009282974234754719
twm:0.0499027963573938
both:0.017823048272287603
to:0.0032814265716448352
software:0.022347507051438543
that:0.005506422625944076
slip:0.04617260882369748
motif:0.03731299084141566
really:0.015487267803102585
packages:0.03924810002039778
supreme:0.04133628106580474
me:0.017199820323881662
re:0.0029677817680807184
so:0.008109607915753334
this:0.00833305457732411
hi:0.02500806873027305
on:0.01207163869617357
lord:0.033806381696343916
used:0.015670345304260837
market:0.031038533452960492
support:0.043475496976722317
pennsylvania:0.04790823740278344
posted:0.02709032479747536
m:0.010863608826318032
successfully:0.04149190385460137
a:0.0011083366078145991
j:0.04847823269093433
display:0.0292549318804403
are:0.005102471282549408
pa:0.04110842308261084
kevin:0.1072752934004694
mwm:0.04773380163517411
it:0.0027210748392061264
analysis:0.03417274710716267
have:0.00811508909758179
ve:0.01448518808751932
hope:0.022924297917778134
evil:0.03314820408260794
univ:0.03686193151789847
writes:0.005248114214425097
tech:0.03599073575491927
of:0.0015431792505217353
looking:0.04117278326042292
windows:0.06540969479579765
they:0.014808248008059422
highly:0.03314820408260794
net:0.026310654642051446
over:0.015920164702534583
in:0.0014101563642419878
st:0.030450374943803968
or:0.005351678235738772
recommend:0.03482364513621691
and:0.00757534552561091
for:0.010328535330542031
subject:0.00021188061025411345
i:0.00757534552561091
top:0.026838351001327896
impressed:0.04110842308261084
the:0.003589300047566919
clone:0.04249574629197534
ibm:0.0312735481676164
drivers:0.03120875998794052
an:0.007126175702870926
people:0.011946612222802518
language:0.032364359521715784
is:0.008529289742560758
ethernet:0.04141371102568858
suite:0.04197796437238486
right:0.015395822172938884
time:0.012535793411934235
center:0.02592564153549848
olwm:0.050369784452813905
their:0.012013362052235825
run:0.021244717685614242
x:0.024167936424969064
first:0.014901228804690803
non:0.03936744825344969
article:0.006431213335846039
going:0.017284251460711764
packet:0.04440162825771169
s:0.0049240974671112565
