x11r5:0.20981828546548298
with:0.012713638625859724
line:0.06138703801752149
w:0.06726827945715987
that:0.015082809801498991
server:0.2610299181618022
on:0.02204386196692565
them:0.031866503728961756
onto:0.09465571035574666
a:0.0030358785344486846
requires:0.08726423445458316
not:0.013106739316868801
catch:0.10534539410341125
being:0.042300085433155395
only:0.02898991822324536
machines:0.08578144641052808
has:0.02314727117144676
personal:0.14582154222590069
anybody:0.06607815532418902
which:0.028084615924293864
5000:0.1280838409552088
install:0.09604674750086152
and:0.00414997189663902
subject:0.0005803686280873543
welcome:0.09094822145133503
we:0.029298780558999347
any:0.022245375354104504
joseph:0.08878692670964677
decnet:0.28630451584780653
the:0.0032771869999524044
can:0.018794912879080725
did:0.0357371965965862
joe:0.08651020058528121
an:0.019519524751342103
replies:0.0974306138437306
is:0.005840709280231824
run:0.05819205279103032
built:0.08027168769727724
