mode:0.06490483468607171
tel:0.06890589964912502
where:0.03131282708870783
fax:0.05184141254039643
option:0.07102730885173529
fred:0.23560750422099722
france:0.08685765307162607
my:0.032210652926450895
to:0.0023359307798149673
q:0.07194370243258742
80:0.06774002758412388
grab:0.09075362767438802
file:0.05149976071963405
slave:0.09277377203481375
on:0.017186739838619996
xterm:0.26633543473896315
m:0.023200249357899525
sure:0.03698379695185091
a:0.0023669561455023644
88:0.16972266086676457
84:0.08860982857084362
explanation:0.0781693522994313
not:0.01021881370467737
of:0.006591206290364022
looking:0.043964158396722776
what:0.015600713610112393
but:0.011275986817803564
good:0.02745779409083897
35:0.15305844860106615
and:0.003235571309243982
for:0.01102877501396861
subject:0.0004524907947799711
76:0.09037696433905394
i:0.003235571309243982
example:0.047650154978947534
the:0.0025550949491154338
7:0.05409370388019162
is:0.004553773337129897
31:0.07900537037676184
window:0.05910157189534138
does:0.020652352785381783
e-mail:0.04660501316359774
de:0.06849122079905035
33:0.1563387045988626
seem:0.04677478906602945
s:0.021031738334102316
