go:0.021615913908823635
know:0.013709723618425576
technology:0.037418529842410474
help:0.02377880800046441
all:0.01060075367384768
x11r5:0.1072404570156913
small:0.03320828778073346
thanks:0.022148740499068478
to:0.0015313324001009231
building:0.04222741743154058
young:0.08342345615720415
bruce:0.05118509377434538
r:0.03444688629699034
description:0.04861155845984335
greatly:0.04336587944222891
anyone:0.018587941662682125
file:0.03376095424953788
phone:0.06527438058243487
etc:0.025803599860647064
names:0.04552108013312088
a:0.003103342501880878
price:0.03477938002048848
vital:0.06635443768459047
standard:0.03382271711624708
also:0.016483301463106295
owen:0.06986391490035132
helpful:0.051606704125057856
college:0.09154478445708117
book:0.03455220567426304
not:0.013398000190576997
robin:0.18745308991149753
university:0.026114890017762817
listing:0.062162279560796375
be:0.012854694603054918
which:0.014354359250194643
of:0.010802254753652147
what:0.010227134477740348
but:0.014784071605564672
ut:0.13270887536918094
direction:0.049090559833773674
email:0.060975525754843135
in:0.003948437819877566
office:0.040563754589401785
for:0.003614987365689711
subject:0.00029663285435575884
appreciated:0.03760846799084715
we:0.029949864571421556
pay:0.03703157846664315
any:0.011369858514320081
will:0.025184563220072988
source:0.034658532907775826
cost:0.03690008449278757
the:0.0033500133777291247
would:0.02072554769120836
home:0.03254847835401498
e:0.034565441067264745
n:0.04067794995338224
is:0.0029852514098962658
lee:0.04741279221527463
does:0.01353876460375028
resource:0.16534328266448872
engineering:0.08592776651606887
count:0.047370784183720115
700:0.05974658093184944
