school:0.017739143784371244
some:0.005695301829918801
since:0.009760105480017957
read:0.011058551521453276
pc:0.016257766156087233
at:0.008594780609311523
mark:0.07325912108029732
there:0.004476970661351939
terminals:0.027962080674866937
all:0.004653989417786786
x11r5:0.023540588125395653
anyway:0.014870799129973336
swap:0.02595761866083899
your:0.012292021679817196
900:0.026825829173987067
with:0.0085584494164324
work:0.009878402263367335
ext:0.02663938423340074
name:0.013474304906489029
my:0.009270383037368794
415:0.025649428896831517
to:0.001344584546430079
256k:0.02923391610151695
that:0.0016922176850462283
servers:0.0513989212099283
its:0.01008694905382522
me:0.005285798440997779
brought:0.01889947728066179
re:0.0018241000135520513
scott:0.01864427830815369
so:0.004984441938463025
this:0.0025608899432752147
1024x768:0.02695420628773035
unix:0.019329597151806502
on:0.009892855126620291
you:0.013556072912407851
performance:0.07397095089944616
card:0.01493126022689874
letters:0.022877116136698798
3:0.011421785095793266
m:0.006677144937151571
a:0.006130993723228075
tektronix:0.03002058999222974
j:0.014898188583067622
series:0.0349985401050504
old:0.012916649182157678
running:0.05907239829164296
ram:0.018974912527967066
fine:0.01580076379473444
plus:0.01744341392185205
files:0.016142983241891166
setup:0.021530511090568742
no:0.005491442615524438
it:0.0016724655109266926
not:0.0029410244320778774
have:0.004987810859977101
generating:0.029131216544454348
minimal:0.025220836917361593
netcom.com:0.0157026106083958
which:0.012603827634317246
writes:0.01290268080034268
get:0.019234741101821305
if:0.003269026437870289
of:0.0037939626451851446
ucsu.colorado.edu:0.026700744146604935
even:0.008191021696419637
looking:0.012653099245886068
but:0.006490568021955222
windows:0.013401010641090252
over:0.009785076841557843
in:0.002600190759431568
system:0.02180704711456122
use:0.00811111964754804
better:0.010908370103909283
message:0.015840584822242543
and:0.006518492442525681
gets:0.01627959191411124
for:0.007935338119806684
suck:0.026889595425535134
subject:0.00013022905800984534
i:0.004656066030375486
s3:0.06054160236872827
4mb:0.028292922608226745
will:0.011056637511251554
than:0.006978542840094933
the:0.0033091595560495006
clone:0.052238673490623354
users:0.01926193935734723
33mhz:0.02933882441966799
jr:0.022793250768209174
can:0.021086975425310083
home:0.02857915172547657
isa:0.023540588125395653
linux:0.026010931200020404
come:0.01171313987546053
an:0.0087599818396267
just:0.00572872469983359
cache:0.02367155032069413
excuse:0.021595121952763967
maintenance:0.02757778370972979
15:0.01630151576575924
is:0.005242392719817832
number:0.012206169992184187
cards:0.019195207143180983
done:0.012920310006930237
multiple:0.020946460085979574
lot:0.012090504333001906
labs:0.025502340905754994
runs:0.018301417172894317
x:0.05941775589358248
under:0.011840602083442143
almost:0.014741428928119844
e-mail:0.013413150130011056
article:0.003952843318617566
davis:0.04831952462731004
readme:0.028208084838900558
close:0.01695079617644166
by:0.004831392560083737
doubt:0.01697596243405155
s:0.0030265184432000892
