since:0.023265367713996295
know:0.028694770364146555
posting:0.038362657639026056
dos:0.08208261293590553
case:0.028739664038450647
c:0.030070903435220463
to:0.0032051143257926296
experiences:0.05494309988493346
software:0.03274169637768903
problems:0.0318962004173462
like:0.027084629383922632
me:0.012599868376797031
server:0.046540217966832956
managers:0.06522085927818341
had:0.017841959135838782
this:0.012208893915614395
on:0.011790902912541626
you:0.006462778946613045
etc:0.027003767296025993
libraries:0.0583114728513806
m:0.03183290028176912
other:0.01603846497478966
mario:0.06379525088176094
commercial:0.048445890700613385
let:0.026803927241311917
also:0.017249966647436818
no:0.013090066699796626
d:0.021184235143919018
namely:0.06213128758361358
have:0.0059447745714843354
domain:0.051897709871867134
ve:0.021222484872412028
area:0.03730775633324822
shareware:0.05767788930156583
public:0.03446214648907667
be:0.006726293687645015
if:0.007792446741434991
of:0.0022609370414620775
seen:0.03014494058863201
available:0.03140771892807244
looking:0.030161457504728418
but:0.007735851421516398
implementations:0.07071977077706361
again:0.028393827187302535
windows:0.06388853910287212
please:0.022272271591921567
title:0.048851085250964175
one:0.011433847764832819
in:0.004132086090569546
or:0.023522492710572742
and:0.004439504819660347
for:0.003783126312931093
subject:0.0003104297313025383
i:0.008879009639320694
possible:0.02996478631354165
any:0.011898689142893108
the:0.0017529139767187279
would:0.01084476332679507
last:0.025350727349529045
solutions:0.0547360693659392
about:0.0114536765153706
e:0.03617313600062589
window:0.0405464272305249
request:0.04535233752784107
x:0.07081767417549076
u:0.04397259864643042
already:0.03378821303834129
aware:0.04763833967419627
by:0.011516691567641466
