know:0.06494079608727904
graphics:0.1851969179020906
such:0.10121143176146308
terminal:0.502546968452716
anyone:0.08804814471796796
a:0.007350021714981026
as:0.04211127159036939
term:0.20514104178497145
color:0.3889086428003564
which:0.06799433329039567
of:0.010233715029775717
or:0.035490076721215014
subject:0.0014051029943167523
can:0.04550347328619544
an:0.04725779676640719
does:0.0641309902282908
john:0.14113044208325504
