at:0.019151413314226762
x11r5:0.20981828546548298
where:0.040162104309429604
someone:0.047901263362239564
2.1:0.11408653374753137
casper:0.2935677369201181
export.lcs.mit.edu:0.1264727980823018
that:0.007541404900749496
solaris:0.13221522362668414
could:0.03280672076795777
me:0.02355627566096836
re:0.016258282729485676
so:0.022213273856193913
this:0.0114126617037265
hi:0.06850036217422618
you:0.012082586726276563
tell:0.05239184899179245
a:0.0030358785344486846
it:0.01490675781478139
writes:0.014375269369947007
get:0.057146694577874885
if:0.014568487386161072
but:0.014462678744574136
please:0.041639464280549016
es:0.13607785791445484
for:0.014145602735307565
subject:0.0005803686280873543
i:0.00829994379327804
the:0.0016385934999762022
can:0.03758982575816145
is:0.005840709280231824
patch:0.2299662396052388
under:0.10553580117850606
faq:0.08439337093255998
while:0.04718135882344614
compile:0.11343755628775569
