another:0.012892472851096388
seemed:0.024529551722870316
some:0.006788005087984617
correct:0.019024520001054934
there:0.005335924334750857
help:0.02488479907025345
all:0.0055469059921296
x11r5:0.056114192624489634
send:0.01705434372602455
53:0.03189762544088047
blindly:0.035226225398853325
pressing:0.035226225398853325
thanks:0.011589457237884668
with:0.017000795836905447
someone:0.01281080299222686
from:0.009843863423606693
my:0.005524501519362217
to:0.0024038357443444723
building:0.022095741679294484
clients:0.03106564379180679
keyboard:0.02642315718588951
hang:0.03087500528702196
that:0.006050662071531572
sources:0.022378714972177114
think:0.008370628067026483
me:0.018899802565195547
happened:0.019606400574060646
started:0.019065377185982006
sunos:0.029441726217497112
ps:0.026195129783835553
installing:0.030690419831704632
on:0.00884317718440622
rev:0.030812823373552494
machine:0.037823248306097054
xterm:0.060906165308522574
m:0.00795822507044228
a:0.005683447023793468
other:0.00801923248739483
was:0.00514802984942666
running:0.03520302805170583
advance:0.018392448934166566
output:0.02376371040077977
works:0.017297244148550814
d:0.010592117571959509
it:0.005980036565232069
not:0.010515872242604038
have:0.0059447745714843354
applying:0.033422999071505415
stefan:0.03707770057977504
ve:0.021222484872412028
machines:0.022941549621420303
session:0.028018720242295098
able:0.015334100151806215
hope:0.01679338103279096
after:0.022432717298429664
mit:0.029794194948988013
mouse:0.02526704754202227
screen:0.04346868802448892
device:0.04667621842919565
sun:0.021095885488946753
found:0.015549537821261613
what:0.005351407575561809
but:0.019339628553790997
well:0.009784115756705493
easy:0.019265590489876788
please:0.011136135795960784
find:0.012304922893449944
in:0.002066043045284773
and:0.008879009639320694
for:0.0018915631564655464
subject:0.00015521486565126915
i:0.014428390663896127
back:0.01224626000039266
yet:0.015291097341198627
patches:0.032868870119154694
the:0.005258741930156184
hello:0.02249587668983588
prompt:0.033824120417359785
got:0.0385840782842542
can:0.005026546467661124
did:0.01911524469119727
an:0.010440676029787635
problem:0.0245995964191347
weiss:0.03392887917028234
hit:0.020812221743775634
run:0.015562990862717412
told:0.018024533527494942
23:0.02517250962997704
x:0.03540883708774538
guess:0.017419518970556123
nothing:0.014853813962214586
rom:0.029296973010394047
repeatedly:0.030511514839456067
built:0.021468009500434614
everything:0.017963153976297982
s:0.010821563038186367
