perform:0.04726613803736323
pc:0.06767192004056614
at:0.004471903616519954
terminals:0.05819519328271798
know:0.006263325510955846
x11r5:0.024496551094954865
your:0.006395595036453109
900:0.05583040589509999
with:0.00593733377451317
user:0.019196159815192973
further:0.018009311680616175
much:0.017738039284872397
name:0.014021484801168787
added:0.021236640541936098
to:0.002798373929118438
hardly:0.022165669292332598
add:0.01744274323071938
then:0.008100915481095447
256k:0.030421080207162304
worse:0.019771905651474044
make:0.017868837394413233
that:0.0035218743698931655
provide:0.017141906996362505
nt:0.003624764221941312
graeme:0.07003717181070651
me:0.0055004501543377896
re:0.0037963502820118834
server:0.020317049467754485
this:0.002664885473966594
getting:0.013767520671191299
1024x768:0.02804879334510011
on:0.00772094657724807
you:0.025391832003444144
performance:0.057731135537004305
machine:0.016511671849362166
great:0.012798226846358765
card:0.015537605819869247
more:0.012907807368738332
a:0.007797738773761597
tektronix:0.0312397002457213
series:0.01820990030846531
running:0.04610345805756399
worth:0.01784347014615146
plus:0.018151775908526246
are:0.0032635095512752563
no:0.005714445361332537
it:0.0017403828920810758
not:0.006120913792649389
have:0.002595180777399253
probably:0.012117886878320853
try:0.0123674602657025
ve:0.009264638066129108
color:0.018754477698494344
generating:0.030314210109711377
kelly:0.05906343869833384
netcom.com:0.03268056014945319
network:0.018647155685429323
which:0.006557829099073694
apples:0.06383504914752912
writes:0.0067133237666757595
get:0.013343898226305809
if:0.00340177878052492
of:0.001974016097114098
even:0.008523652019116881
looking:0.01316693068734337
but:0.0067541443883290374
windows:0.013945214118901022
cheaper:0.02238263146683651
good:0.008223400260708117
over:0.020364880736237132
in:0.0018038548415684312
additional:0.021699268521624036
system:0.011346306239809771
pcs:0.028185994727779908
better:0.011351349600514735
and:0.006783202795521648
still:0.010364005493551
for:0.006606068282478659
suck:0.02798155869154671
subject:0.00013551754767521977
i:0.0038761158831552268
s3:0.031500072298449984
pay:0.016917980010141536
will:0.011505638019322683
than:0.014523870885476763
cost:0.05057371986321138
the:0.0022956944466671664
clone:0.08154006141302884
got:0.011229207216398852
jr:0.023718865012603455
would:0.004734262162966376
can:0.017554639440359662
home:0.014869863207418012
isa:0.024496551094954865
extra:0.03943833207605331
come:0.012188800378017301
an:0.009115717142758748
just:0.005961363266324293
makes:0.01417755270178667
cache:0.024632831551991353
excuse:0.02247208121988128
15:0.016963506253708852
is:0.005455281764277439
x:0.030915329843107634
too:0.009911258212510134
under:0.01232143871627228
almost:0.015340065635860751
article:0.008226729749407117
functionality:0.02909759664135899
close:0.017639153381576345
going:0.011054901949490773
doubt:0.017665341619190696
murray:0.02723737861950673
s:0.003149422745462022
