library:0.09102409981959086
viewing:0.11871899495319893
into:0.038930519630051875
to:0.005992170261264482
t:0.05600593597827048
vice:0.11714680665798967
atmospheric:0.1253383251872894
re:0.008129141364742838
on:0.011021930983462824
also:0.03224993764520796
washington:0.08346115946553248
files:0.07194155575190628
it:0.007453378907390695
university:0.051094350034753336
earlier:0.08578144641052808
dept:0.08920233674656085
of:0.016907877005716405
windows:0.05972189524833699
david:0.10854109736280408
postscript:0.21873548031080936
subject:0.0011607372561747086
sciences:0.11064152633510149
will:0.02463707271528879
filter:0.11365173664521247
the:0.0032771869999524044
solve:0.10799789302869306
representative:0.11521316565763107
converting:0.1192693820832922
request:0.084789152769442
206:0.12608802466709745
x:0.06619913020752397
under:0.05276790058925303
committee:0.10462309741583908
warren:0.608109256573008
