mark:0.2574534826536163
computing:0.06232087827398631
minnesota:0.0719868479683968
thanks:0.0284769520702309
your:0.017999031745446606
much:0.02495995527942759
ca:0.029379265658461728
such:0.027471674335254263
to:0.001968855942986901
look:0.03387383320394158
software:0.04022551269258938
nt:0.020402244334926815
anything:0.03316058786170577
so:0.029194588496712002
file:0.04340694117797727
bitnet:0.06971793960373036
goal:0.05991608806228324
mn:0.0818889505478246
books:0.0521533987578023
a:0.003990011788132557
how:0.018790899960416062
xdm:0.08722043977482377
services:0.057095166106618696
van:0.13101728658552148
success:0.06402583195445154
internet:0.040807627758780086
it:0.009795869421142056
have:0.014607160375647224
systems:0.042863101718323006
worthwhile:0.08098161618036279
university:0.03357628716569505
if:0.00957357742519156
of:0.005555445301878247
vms:0.1677945282562546
up:0.038384582010068134
programmer:0.07283097534511118
in:0.002538281455635578
morris:0.1404527633532522
or:0.00963302082432979
for:0.004647840898743914
subject:0.0003813850984574042
i:0.008181373167659782
possible:0.03681388032806546
the:0.002153580028540151
do:0.02052336911161419
thing:0.03234189193035652
put:0.035535132850668276
is:0.007676360768304683
x:0.043502285564944315
specify:0.07482757452189916
