access.digex.net:2.480149239967331
subject:0.013348478446009148
