pc:0.03332842061997883
at:0.008809650124544311
mark:0.1501811982146095
terminals:0.05732226538347722
x11r5:0.04825820565706109
your:0.012599322221812625
900:0.10998589961334698
with:0.011696547535790946
way:0.017323728195465432
name:0.027622325058302512
my:0.009502142613303012
256k:0.059929528008109745
me:0.021671773608090895
re:0.0037394050277817052
1024x768:0.05525612288984722
on:0.015210264757178698
you:0.0055579898940872185
performance:0.11373033700789847
card:0.030609083465142416
a:0.009775528880924766
tektronix:0.061542209484070964
price:0.03130144201843963
running:0.06054920824893403
services:0.03996661627463309
computer:0.026807029051653154
no:0.011257457361825098
taylor:0.1084851958944887
not:0.006029100085759649
have:0.005112506131476529
generating:0.05971899391613142
netcom.com:0.032190351747211396
which:0.012918923325175177
writes:0.006612623910175624
get:0.026287479505822445
looking:0.02593885345406644
but:0.01995849666751231
windows:0.027472071814235017
over:0.040118815050387155
point:0.022015359612600607
system:0.02235222329242525
and:0.0019089870724539493
for:0.00650697725824148
suck:0.05512367062234702
subject:0.000266969568920183
i:0.005726961217361847
s3:0.06205514242794648
will:0.011333053449032845
the:0.001507506019978106
clone:0.10708928065577787
jr:0.04672616407482881
can:0.017291319848754268
isa:0.04825820565706109
an:0.008978981385617367
just:0.01174388563465886
cache:0.048526678157422974
excuse:0.04427000000316613
15:0.03341810731980644
is:0.005373452537813278
hospital:0.04967903079319881
x:0.030451599895461024
nice:0.03159739456754758
under:0.024273234271056394
almost:0.030219929302645682
show:0.030100686697348326
davis:0.09905502548598559
lake:0.05321311825471993
doubt:0.03480072298980568
va:0.04991070138601415
realistic:0.056384077831300665
