library:0.05233885739626475
help:0.05350231800104493
von:0.07491191001013718
with:0.007310342209869342
missing:0.053970593292365615
such:0.024037715043347483
arguments:0.0519940079397794
to:0.0034454979002270774
sparc:0.06795476444070975
that:0.00433630781793096
jeff:0.15808047333113986
need:0.024015024893715455
sunos:0.06329971136761879
greatly:0.048786614372507524
file:0.03798107353073012
phone:0.03671683907761961
getting:0.03390251965280858
best:0.030439700999517927
on:0.006337610315491124
am:0.08171681783506829
etc:0.029029049843227947
3:0.029268324307970245
openwindows:0.06890458827793378
a:0.005236890471923981
as:0.010001427002712731
running:0.037843255155583774
computer:0.03350878631456644
only:0.016669202978366084
references:0.0516170949626458
labor:0.06940801201715803
salt:0.06940801201715803
be:0.014461531428436784
of:0.0024305073195717334
produced:0.05738533718093004
spacecraft:0.06372710342697228
version:0.03900588259581981
using:0.05511051446612302
undefined:0.07859690426289524
one:0.01229138634719528
email:0.03429873323709926
and:0.004772467681134873
subject:0.00033371196115022873
i:0.009544935362269746
appreciated:0.04230952648970304
we:0.016846798821424626
any:0.012791090828610092
the:0.0028265737874589485
wrong:0.03304277571037326
would:0.011658120576304701
can:0.021614149810942836
road:0.04513315482463138
put:0.03109324124433474
ny:0.0525149166447865
compiling:0.14929748479032853
an:0.01122372673202171
is:0.0033584078361332988
having:0.032711142405254516
man:0.036225616734939986
trouble:0.04768527352862919
mass:0.05264860775874584
include:0.042019040915557526
