keys:0.02009663900054616
barbara:0.03168994234046865
some:0.017962105771282374
at:0.004517769294638108
out:0.006041933841438256
music:0.02362388943431325
help:0.010974834461752805
static:0.029312646243466366
true:0.013247593805937674
means:0.014536385745839759
existing:0.02220344439156949
thanks:0.010222495614954683
where:0.018948274853679607
versions:0.022771400105891047
with:0.008997344258300729
way:0.008883963177161761
user:0.01939304350560521
missing:0.022141781863534608
setting:0.022060701832628753
from:0.008682792353130006
turn:0.017546041716484693
my:0.019491574591390795
to:0.004947381600326059
design:0.019298293371412527
add:0.017621643161290865
basic:0.019587963125948717
been:0.007524309678058663
that:0.0053369942374534894
through:0.012151093815511932
and/or:0.020722984754584464
scott:0.039200790288938525
server:0.08210171784918224
aimed:0.02833647327684473
this:0.010768870530695774
on:0.01300022628818692
am:0.01676242417129606
working:0.016248918003623627
santa:0.027017381661628977
a:0.002148467885917531
was:0.0045408263287250545
question:0.022389600854842096
california:0.0204075344970407
computer:0.013747194385463155
those:0.009517516175833641
internet:0.01464889201597234
likely:0.01695594258938322
reason:0.013703650892351425
it:0.0035164659460509944
not:0.003091846197825461
have:0.007865394048425428
being:0.019956963383847674
properly:0.022080851976935878
moved:0.022864642767856123
university:0.012053026162044378
able:0.013525462698003431
after:0.009893403526486929
mouse:0.02228683167809144
screen:0.09585403000271916
be:0.005932935970640731
which:0.006625088884705219
get:0.006740379360467294
if:0.00687333763859907
of:0.001994262416058858
even:0.008611074091107824
what:0.004720215912803237
but:0.003411708832053386
never:0.011302252465958259
ok:0.016737688156466316
again:0.012522405836451374
find:0.010853573013709693
who:0.006631040380686401
up:0.00688954036078146
called:0.04126545378241129
code:0.04985403862048764
in:0.0009111779584332844
douglas:0.046260324197493985
and:0.0029369031883906913
for:0.00333691141448281
subject:0.00013690747124111947
cause:0.01617180068380547
doug:0.04432450753496191
i:0.007831741835708509
appreciated:0.017357754457314065
any:0.005247627006609268
research:0.015832469130957833
the:0.005411560071716277
see:0.018147546270883858
copied:0.06023393322019396
composition:0.03130990145762905
would:0.009565637395942319
can:0.013301015268272515
return:0.01892496260418938
problem:0.02169810555944189
current:0.016216644737081117
is:0.00964465840120332
save:0.01857697555087843
done:0.013582890007285632
new:0.008841023409659214
else:0.012956678078656702
right:0.009948069711745127
center:0.01675195299216825
attempting:0.02563545290288432
blank:0.08480564711130312
function:0.10546155434737071
s:0.0031817245172103504
