some:0.013419964081992575
know:0.028364945417432227
help:0.14759260138219288
graphics:0.040445303909651974
widget:0.05792045238836525
with:0.006722153756201693
into:0.02058395290784352
to:0.003168273931243289
gui:0.13254167720954743
otherwise:0.0408435038116326
tool:0.05403950397722267
sparc:0.06248713971559517
that:0.007974818975505215
motif:0.10807900795444535
like:0.026773311804797084
need:0.022082781511462486
re:0.004298166698599662
this:0.006034280900820908
on:0.00582768764642862
am:0.018785475364383512
etc:0.026693379166186616
seeing:0.04607229500526928
a:0.003210354312290563
how:0.01511911491067959
as:0.018393428970506172
d:0.020940738188241787
not:0.006930000098574309
have:0.005876443829283366
domain:0.051301184471041074
picked:0.05487581839426209
je:0.06382345932612232
public:0.03406602986276545
sun:0.04170680809309013
anybody:0.03493787522888155
be:0.006648979967097371
writes:0.007600717138132901
of:0.004469898518752613
looking:0.02981477408513384
but:0.0076469335890851755
well:0.019343309312107412
in:0.002042295424074603
or:0.007750706410380291
for:0.003739642102437632
subject:0.0003068615734714747
i:0.008776952057259537
6:0.033774133707576946
we:0.015491309261080114
any:0.011761922601020772
yet:0.030230675203289238
the:0.0008663827701023598
can:0.009937540142962222
come:0.027599927292751823
interested:0.03306984155649333
ma:0.09221190632729923
issue:0.03599264376396383
run:0.030768211820544768
x:0.03500183896030003
resource:0.05701492505672025
widgets:0.3160514356705373
online:0.17461989342791392
especially:0.03592293916663611
check:0.03803806396077804
galaxy:0.06707778410676508
