dallas:0.08633769201538628
know:0.019279298838410966
fax:0.09558260437135592
widget:0.157471229930868
cambridge:0.07300963136692001
service:0.05691548794497411
to:0.004306872375283846
mail:0.04787992976306025
nt:0.011157477370663102
re:0.005842820355908915
anyone:0.026139292963146737
617:0.16276160669660616
on:0.007922012894363905
inc:0.05720336712194377
reader:0.08049613312956078
card:0.04782669291428503
how:0.020552546831705067
214:0.18352526528027846
incorporated:0.09090232362165443
computer:0.04188598289320805
book:0.0971780784588648
texas:0.06200265111982816
have:0.007988290830432076
only:0.020836503722957603
be:0.00903845714277299
writes:0.010332224859649412
reading:0.05134878197442173
they:0.014576869132933495
email:0.08574683309274815
in:0.0027762453421014137
or:0.010536116526610708
and:0.0029827923007092957
subject:0.0004171399514377859
i:0.0059655846014185915
info:0.04602180405300621
information:0.038106582570058826
the:0.0011777390781078953
do:0.01122371748291401
can:0.013508843631839271
solutions:0.0735515932104808
address:0.04988783365521267
about:0.015390877817529243
ma:0.06267528008183619
9:0.05563802586914104
obtain:0.0715689095877523
does:0.01903888772402383
their:0.04730261308067856
circle:0.08513517574763428
article:0.01266145125494689
data:0.09169830072518163
mike:0.09985662590492823
seem:0.0431205086702459
integrated:0.08613073534741722
