some:0.015993655823744575
since:0.027408515389091524
manager:0.053793127944021885
form:0.04675864280112185
with:0.008011333928623935
twm:0.1722671874255238
r4:0.08299877765209276
to:0.0018879440549189463
export.lcs.mit.edu:0.07969518783268333
positive:0.060643835620775514
been:0.020099183386595058
that:0.0047521181566366685
sources:0.05272793116732142
nt:0.019563795937601054
re:0.005122472640796856
happened:0.046195902722444254
anyone:0.022916640406046452
on:0.006945326373140957
you:0.007613684786420847
used:0.02704744531968309
m:0.03750177293468691
a:0.005739058051423541
want:0.05185199911540223
doc:0.07606357481332386
seeking:0.1449102331759039
are:0.008807005227414047
it:0.023483248612326844
dsd.es.com:0.08919035468966888
minimal:0.07082563791861816
talk:0.04739169544708256
heard:0.03702256656739554
writes:0.018116777836097598
if:0.009180142736485057
whatever:0.0452734325856625
wm:0.07414087128325642
available:0.07400174870723918
years:0.030544868807950595
in:0.0073019055573078275
or:0.009237143256206648
still:0.05593723512957663
subject:0.000365711738246826
i:0.010460203136733967
the:0.0010325383698480178
do:0.009839971491869817
simple:0.09038872758784221
about:0.013493372333176322
paul:0.04486332179601448
is:0.007360893887415449
window:0.047767023860618374
article:0.011100450415295903
s:0.008499127135013948
99:0.07289468254071223
