408:0.03063017106987006
ability:0.023304009682897833
there:0.005335924334750857
own:0.026354542273813897
your:0.021975562014789462
with:0.003400159167381089
way:0.020143869994727247
setting:0.025010679403270966
ca:0.01195667788425768
from:0.004921931711803346
name:0.016059491312966575
my:0.005524501519362217
via:0.019873438247765378
to:0.004807671488688945
stop:0.05797592641710414
changes:0.023708774998466214
then:0.009278374126603506
software:0.016370848188844513
global:0.02974251502214356
that:0.008067549428708763
think:0.008370628067026483
quite:0.015443019663426752
control:0.017730431801982693
id:0.027266330279204963
nt:0.004151619486758363
its:0.012022235790896337
me:0.006299934188398516
re:0.002174072690570759
boulder:0.03204864571066687
so:0.011881518574243256
this:0.003052223478903599
ti:0.02202709916425385
set:0.030807146327045593
you:0.006462778946613045
disclaimer:0.021825904227175504
etc:0.013501883648012997
inc:0.02128497381281629
support:0.01592416459031108
m:0.00795822507044228
a:0.0032476840135962676
how:0.007647459286215839
sorry:0.018473352818247815
want:0.011003476556466172
question:0.01269177955434363
co:0.026540614786572762
it:0.009966727608720116
not:0.0035052907475346794
3000:0.030511514839456067
should:0.00955123338507837
application:0.06436687862471388
only:0.007753117664356317
ve:0.010611242436206014
app:0.12671281971740916
switches:0.031196299930481546
familiar:0.02678289790518072
which:0.007511001933241382
writes:0.0038445487849858274
po:0.030337951100213728
if:0.011688670112152487
of:0.0011304685207310387
wm:0.06293353027532231
never:0.01281360017942942
again:0.014196913593651267
variety:0.02716637446210977
properties:0.03139796015134137
court:0.02323640481083319
windows:0.01597213477571803
who:0.0075177492688014436
cares:0.029441726217497112
title:0.09770217050192835
box:0.01842173843434074
in:0.0010330215226423865
feature:0.02747154994246673
resources:0.025661364962596467
clearly:0.021130874281537232
or:0.003920415451762124
and:0.004439504819660347
complain:0.0295901756477597
for:0.003783126312931093
subject:0.00015521486565126915
i:0.00332962861474526
group:0.015680906597713054
back:0.01224626000039266
any:0.011898689142893108
program:0.048429652890419915
the:0.0043822849417968195
do:0.004176266970386608
writer:0.029640513221847575
got:0.012861359428084732
can:0.005026546467661124
carl:0.056505741637356936
an:0.010440676029787635
myself:0.01937698873254583
dynamics:0.03304777511140326
is:0.006248200625364277
methods:0.025869028233538784
write:0.037839231685901316
window:0.0405464272305249
does:0.00708423729266003
nice:0.03674115647389253
article:0.004711237676259308
give:0.013739745763697714
going:0.012661719093312108
mike:0.055733930737634364
represent:0.0279427197680663
s:0.014428750717581821
