x11r5:0.07202717262247924
thanks:0.029752039476360643
with:0.008728766817754438
from:0.012635406782539934
liu:0.18523923112819843
to:0.004114027343554719
anything:0.03464539030327468
cs:0.07635391916132377
national:0.0485697600744405
this:0.00783555878166297
two:0.05566535619860631
on:0.007567295899093879
set:0.03954350125561076
am:0.02439307995076665
a:0.004168669032377299
local:0.04561766346143212
course:0.0365097283567167
display:0.05501673756620116
are:0.009595692262704859
requires:0.05991275798374367
verify:0.08060371859747338
university:0.03507970300893513
edward:0.06746403616988991
writing:0.05973819022608409
sun:0.054156601553714045
anybody:0.04536709171511485
which:0.019281975112201758
found:0.039918216496373095
if:0.01000224507109566
of:0.008706294876077849
host:0.14289118200515596
department:0.05176232212974532
and:0.0028492344364984316
for:0.004855953177792149
subject:0.0003984620431644522
i:0.011396937745993726
program:0.04144229003558321
the:0.007875031447646822
wrong:0.11836218164909823
do:0.01072116296875368
can:0.012903970036383782
did:0.024535985723029334
linux:0.15917137002997558
o.k:0.09112583260056215
different:0.037719655194197725
is:0.008020078414646683
run:0.03995275266249843
