some:0.011446439952287786
there:0.008997833191932817
activity:0.04375689263706444
happen:0.06630651423857481
thanks:0.01954300632270748
with:0.005733601733230856
from:0.016599455969219128
my:0.04657913045736771
via:0.03351207233936907
to:0.0027023512942957466
then:0.015645885782115718
that:0.003401025739553694
problems:0.02689287486168405
like:0.011418030034398757
responses:0.04348949638295014
server:0.0784795832381889
charles:0.04035541818562584
prefer:0.04026007946119452
this:0.015440659952100559
these:0.01624152914802885
am:0.016022905457856524
a:0.004107365076018809
xdm:0.1197143291026993
as:0.007844256472715867
hypothesis:0.05513326173867575
are:0.006303052760796329
corners:0.055575618947307795
no:0.011036722903750096
those:0.018195251512623137
individuals:0.041834816660536435
d:0.017861217866441525
reason:0.026198156117730666
not:0.01773264731105779
have:0.005012260913212283
session:0.14174176122572812
after:0.01891385968298972
command:0.04035541818562584
which:0.01266561110311292
of:0.003812560501288993
using:0.021611966457303143
who:0.012676988963076945
up:0.013171180101493967
clear:0.03233088962928052
recommend:0.04301744399179737
use:0.03260352015190879
and:0.0018715559533862248
for:0.012758778937728392
subject:0.0002617348714903755
however:0.04700193929797869
i:0.009357779766931125
period:0.03716677679996682
fired:0.046502293869576806
the:0.002216920617614862
when:0.012820337674938587
start:0.02762315772433836
ends:0.046383457001612644
simple:0.032344985852512165
an:0.00880292292707585
solutions:0.04615001926932128
is:0.010536181446692702
economics:0.05834588337657261
time:0.015485391861801114
does:0.023891937536029906
1:0.03840242925342566
x:0.08956352910429713
e-mail:0.026957801731884966
