terminals:0.26055575174307827
send:0.06666698001991415
thanks:0.045304241929912795
alot:0.11509038430476144
to:0.003132270818388252
terminal:0.10850445909774549
me:0.024627015463739653
this:0.011931419053895886
pricing:0.1326310731201946
posts:0.09143221527656072
state:0.0604025769759231
includes:0.08563078116891702
a:0.006347746026574523
copy:0.07765027147871233
da:0.13525636600932742
manufacturers:0.11471158765737027
it:0.007792168857726636
list:0.06617337720276317
of:0.013257312652209452
what:0.020919138704468893
in:0.0040381750430566014
comp.windows.x:0.14640688683770176
world:0.05730115201665175
and:0.004338606982849885
subject:0.0012134980405462863
information:0.055427756465540115
the:0.0034261500454047865
can:0.019649227100857123
jim:0.15392412486131227
68:0.12355411716492681
current:0.07186922099388222
is:0.006106196065696907
somebody:0.08626655053351716
x:0.13841636316118647
faq:0.17645886649535272
