mathematics:0.11825137389937762
florida:0.11348671009170083
post:0.057390617876248454
direct:0.0887505693905372
bunch:0.09013784491454056
me:0.024079748453434326
anyone:0.03717588332536425
on:0.022533725566190665
great:0.05602779308294838
state:0.059060297487569254
3:0.05203257654750266
a:0.006206685003761756
as:0.0177803146714893
works:0.06611391096779423
it:0.007619009549777155
systems:0.06667593600628025
university:0.052229780035525634
has:0.02366165497525669
sun:0.16126632462661517
soon:0.07993319193421046
of:0.004320901901460859
department:0.07706834628206526
administrator:0.12249704582743783
email:0.12195105150968627
our:0.04955056495511986
office:0.08112750917880357
and:0.00848438698868422
for:0.007229974731379422
subject:0.0005932657087115177
space:0.06794472794473563
i:0.00848438698868422
the:0.0016750066888645623
would:0.02072554769120836
just:0.026097523632575243
entire:0.08287596050419559
disk:0.0777995329733307
built:0.08205550297943898
summary:0.09559637460805792
s:0.013787472907911519
