help:0.03508348721379995
much:0.028642571632130024
mathematics:0.0872346200897048
from:0.013878233679183206
florida:0.08371970416600881
wrote:0.04222254056873543
to:0.00451868577078961
tool:0.07707273518062907
h:0.05792101843105765
grab:0.08777809889817859
me:0.0177637488590909
re:0.006130172176691321
programs:0.05792101843105765
hi:0.051656010819908275
these:0.027157966772113816
you:0.009111458842765933
etc:0.038070885040298943
state:0.043569071917059284
m:0.022439585444525772
more:0.020842934849520097
a:0.00686805307793309
j:0.05006768294309611
as:0.013116625577328171
it:0.005620580815409376
systems:0.049187165906272305
university:0.03853016559997793
has:0.017455319244041822
screen:0.1225674482001983
of:0.003187550583044896
even:0.027527204061738128
interface:0.06922458257055546
department:0.056853698076933384
looking:0.04252271058043679
but:0.01090628233197394
well:0.027587998527104016
administrator:0.09036667315138856
postscript:0.08247403355981336
one:0.016119850947141353
email:0.04498194522898264
office:0.05984816250895346
use:0.027258680782743412
better:0.03665927657871153
and:0.003129487004022868
for:0.005333587916591377
subject:0.0004376550310166934
i:0.003129487004022868
dump:0.27514451608877083
any:0.01677520108670176
do:0.011775703588631094
see:0.029006323957560264
can:0.042519638972346556
makes:0.045786522659868434
image:0.06067316388415864
