another:0.03519849730775522
at:0.013983571626260809
there:0.014567920405986466
all:0.015143933819782398
thanks:0.03164105785581211
where:0.02932471108307558
c:0.041049169768713645
ca:0.03264362850940192
to:0.00218761771442989
that:0.011012845251888151
conversion:0.07972728312565072
nt:0.022669160372140902
could:0.023954113576604083
package:0.18510776347886676
so:0.016219215831506668
hi:0.0500161374605461
a:0.0022166732156291983
ms-windows:0.08729039651852935
same:0.030826878579819243
commercial:0.06613248571829763
advance:0.05021430502661348
anywhere:0.067084592140547
it:0.010884299356824506
only:0.02116724187729026
ve:0.02897037617503864
buy:0.04772763690863438
shareware:0.07873489650689938
free:0.04583345704959897
heard:0.0428991644352361
if:0.010637308250212845
of:0.0030863585010434706
available:0.04287402901292428
least:0.03821686321756321
find:0.06718878532296477
in:0.005640625456967951
or:0.021406712942955087
and:0.003030138210244364
subject:0.0004237612205082269
i:0.00909041463073309
the:0.003589300047566919
do:0.011401871728674549
thing:0.03593543547817391
can:0.02744653944246709
named:0.07398915638458647
problem:0.03358040146104102
is:0.012793934613841138
holland:0.08668371060074842
convert:0.06791396817775142
