library:0.04105008423236451
another:0.02174024833714293
at:0.017273823773616293
know:0.01209681495743433
all:0.009353606182806777
tried:0.030371216206241874
with:0.011467203466461712
way:0.016984047250456307
suns:0.12116742659590954
single:0.031876732063846815
to:0.005404702588591493
that:0.006802051479107388
nt:0.007000770114925867
module:0.055278507677745746
hi:0.030892320196219653
on:0.00994134951449588
machine:0.03189018974827791
am:0.016022905457856524
libraries:0.14749372544760975
them:0.014371168348355303
m:0.013419752079569334
openwindows:0.054042814335634334
a:0.004107365076018809
how:0.012895715659109061
speaking:0.04132822832186663
same:0.019040130887535416
j:0.02994243783851826
as:0.015688512945431735
running:0.029680984435751977
ar:0.060093415057026714
also:0.01454408952627026
it:0.010083983227646235
not:0.005910882437019264
ab:0.051254704761566405
delivered:0.054710005151761935
networks:0.04964683244519121
occasionally:0.05294557986304624
per:0.06934951207005915
real:0.025074449549002426
free:0.02830889994239937
get:0.012886019365599239
things:0.021909077726865192
if:0.013140204309086457
trying:0.026434590422239175
but:0.013044769063733534
rf:0.05378815270422982
in:0.006967831446842764
replacing:0.054990136254154644
replace:0.08620319668342595
and:0.0037431119067724496
few:0.0224081127539832
for:0.003189694734432098
subject:0.0002617348714903755
i:0.01122933572031735
special:0.03427167836142179
possible:0.05052885535224671
any:0.01003222810087066
the:0.0014779470784099078
do:0.014084665076597974
can:0.008476137180761895
modules:0.05834588337657261
did:0.016116774935715346
an:0.00880292292707585
shared:0.0980179081580871
is:0.005268090723346351
managing:0.05814781761855771
time:0.015485391861801114
does:0.011945968768014953
x:0.029854509701432375
