since:0.020627027045398778
know:0.02544072424037736
posting:0.034012253164497325
dos:0.07277427538647294
case:0.025480526879451088
c:0.05332160196760742
from:0.008727549014744079
to:0.0028416477527645994
experiences:0.04871243907323997
software:0.029028720499806766
problems:0.028279105524657455
like:0.024013176567189137
me:0.011171017323758192
re:0.003855056729671861
server:0.041262461290181796
managers:0.0578246793600389
had:0.015818644182290054
this:0.010824380172606576
on:0.01568068531667907
you:0.00572988648874971
etc:0.023941484406785934
libraries:0.05169883160019311
m:0.02822298375497056
other:0.014219669977648565
mario:0.0565607378951695
commercial:0.042952026806729396
let:0.02376430662631778
also:0.015293784862675942
no:0.011605626146211441
d:0.018781899199763252
namely:0.0550854714658842
have:0.005270624877810854
try:0.025117419302509204
domain:0.04601240256681004
ve:0.018815811330179736
area:0.03307697984184894
shareware:0.05113709773128517
public:0.030554068021243233
be:0.005963518114819292
writes:0.0068171380517274465
if:0.006908767214055766
of:0.002004542119234419
seen:0.02672644217136446
available:0.05569203768689134
looking:0.02674108603512004
but:0.006858589920107322
implementations:0.06270000295698423
again:0.025173908640288845
windows:0.056643447039659824
please:0.019746550071188192
title:0.043311271459617724
one:0.010137225853356932
in:0.005495248512200737
or:0.020854993537208825
and:0.0039360558194926785
for:0.003354111988784268
i:0.007872111638985357
possible:0.026566717762521463
any:0.010549353260709353
the:0.002331194876254803
would:0.009614944805199753
linux:0.0549715556289091
last:0.022475902598551523
solutions:0.04852888624196671
about:0.010154805982699706
e:0.03207102779436935
window:0.03594837878170249
lee:0.04399125050901769
request:0.040209288942209605
x:0.06278680390816706
article:0.008353947219758772
u:0.03898601529477336
already:0.029956560013374756
aware:0.04223605373176164
by:0.010210674998115114
