dos:0.04010854950277202
though:0.028244820472848632
into:0.020350044352072574
from:0.009620139254888358
drawing:0.05390038607610039
via:0.038843538393359606
to:0.003132270818388252
add:0.039047959277860436
wake:0.062057656452808536
sources:0.04374021562743709
really:0.022174951627169613
nt:0.008114528996845892
could:0.017148967674159743
its:0.023498006318570117
re:0.004249323895206484
server:0.09096497148062806
this:0.011931419053895886
you:0.018947692820751882
xterm:0.17856580283635026
a:0.004760809519930892
want:0.021506795087638426
was:0.010062058342061201
as:0.009092206366102482
ridiculous:0.05671670612047063
character:0.05187483799193768
also:0.016857921950904166
quoted:0.05077070448678259
have:0.005809666058496055
second:0.03124654291650303
doing:0.03046253301324222
be:0.006573423376562174
which:0.014680594687699066
if:0.007615345679129651
of:0.0022095521087015756
implemented:0.05680583313707321
but:0.007560036616481935
rectangle:0.07283083179586235
windows:0.031218263425267064
up:0.015266595117640735
now:0.018771754521343685
code:0.036824005799223826
in:0.006057262564584902
or:0.007662630201171424
and:0.0021693034914249424
for:0.0036971461694553865
subject:0.0003033745101365716
half:0.04297322140446609
cursor:0.1917133874094861
i:0.004338606982849885
back:0.02393587181894929
blinking:0.1471773766485127
similar:0.0359631623621216
overhead:0.06673646010191944
the:0.005995762579458376
do:0.008162703623937463
see:0.020106656379672457
around:0.026899936740382224
did:0.01868080731185188
changed:0.04294676356628892
is:0.0030530980328484533
days:0.033843779824433776
does:0.02769292759858012
every:0.02763805144247041
by:0.022509897154935593
seem:0.03136036994199702
