there:0.014340296649642929
o:0.5470279662187315
drawing:0.14822606170927607
to:0.002153436187641923
line:0.04412193357509357
could:0.023579830551969647
this:0.008202850599553422
generation:0.0724858393038162
used:0.030850992317763525
etc:0.07257262460806986
as:0.012501783753390913
layout:0.08956603966168315
advance:0.04942970651057265
it:0.005357116089687062
not:0.009420468883999451
networks:0.15824927841904698
between:0.03629477884447509
shareware:0.07750466374897909
be:0.02711537142831897
if:0.01047110030880327
even:0.02623686637134415
instance:0.066793060918124
using:0.034444071541326886
in:0.0027762453421014137
for:0.015250727949003468
subject:0.0004171399514377859
appreciated:0.052886908112128796
any:0.03197772707152523
information:0.038106582570058826
the:0.0023554781562157906
views:0.06328260615838889
automatic:0.07197903812017319
would:0.029145301440761752
maybe:0.04137364191159881
just:0.018349821304154468
different:0.039487764031425746
insert:0.08108031331817983
nice:0.049370929011793095
tree:0.08078549325092385
describing:0.08231858475027579
function:0.06426563468042903
widgets:0.17185296814585466
by:0.01547555429401822
giving:0.0592713585513918
