some:0.016679098216190773
out:0.01683110141543514
correct:0.0934919268623271
x11r5:0.06894029379580155
thanks:0.0284769520702309
with:0.008354676811279247
ca:0.058758531316923455
such:0.027471674335254263
from:0.012093889349002507
work:0.05785921325686582
longer:0.04848872869105965
both:0.03208148689011768
options:0.06464257726681166
my:0.027148978895151464
discovered:0.06478332435885469
to:0.003937711885973802
that:0.004955780363349669
nt:0.030603366502390223
need:0.0274457427356748
error:0.05379225941674284
this:0.007499749119591699
bomb:0.07586429870525395
on:0.007242983217704142
used:0.028206621547669508
etc:0.033176056963689075
libraries:0.07163980950312474
as:0.011430202288814549
jack:0.061067941410856225
display:0.05265887738479254
no:0.016082081945464427
not:0.008613000122513783
have:0.007303580187823612
systems:0.042863101718323006
open:0.04721372255361947
be:0.008263732244821019
of:0.0027777226509391236
intel:0.0722229808534141
they:0.03998226962176044
find:0.030234953395334146
box:0.04526484301009439
or:0.00963302082432979
use:0.023753993253533542
message:0.04639028412228173
subject:0.0003813850984574042
i:0.008181373167659782
the:0.003230370042810227
when:0.018681063469196228
svr4:0.25418903130398085
would:0.013323566372919657
because:0.02521031855563591
repost:0.07932344230532345
changed:0.05399021705476321
shared:0.0714130473723206
is:0.0038381803841523415
under:0.034676048958651985
