thanks:0.1423847603511545
someone:0.15738986533307284
could:0.10779351109471838
this:0.037498745597958495
a:0.009975029470331393
please:0.1368153826360896
for:0.023239204493719568
subject:0.0019069254922870211
group:0.19265113820047464
the:0.005383950071350378
repost:0.3966172115266173
faqs:0.434421449059105
faq:0.2772925044926971
s:0.044316877204001306
