none:1.2075034108070979
subscribe:1.7426599618932577
subject:0.008898985630672766
