some:0.017425923509453045
at:0.013148731529170612
there:0.01369819381458429
help:0.06388336477736707
way:0.025856310739500645
someone:0.03288743454720925
to:0.004114027343554719
tracking:0.08683207032516244
make:0.026269857960443337
need:0.02867465658951099
avoid:0.05771267900332984
michael:0.044846197039905805
so:0.015250904438580896
this:0.00783555878166297
installing:0.0787873464336298
libraries:0.07484756216744376
includes:0.05623513987212461
a:0.010421672580943247
as:0.011942002391298782
stuff:0.043633082875725704
are:0.009595692262704859
not:0.008998656844417386
have:0.022891818499148633
be:0.008633750106529423
down:0.03528903846198743
dept:0.06124339537823581
of:0.00290209829202595
trying:0.04024370482191636
available:0.040314385489764626
but:0.009929600332095676
in:0.0026519358491714994
installed:0.059781641124702876
and:0.005698468872996863
for:0.009711906355584297
subject:0.0003984620431644522
space:0.045634518768852286
i:0.005698468872996863
we:0.06034674204689417
binaries:0.09665379959006803
any:0.015272944272967272
the:0.0033750134775629237
around:0.03533126019632292
got:0.033017221218366775
would:0.013920143971707105
prepared:0.07107009011248612
is:0.008020078414646683
viewer:0.08008602370213173
viewers:0.09301764910263893
x:0.09090029819540604
engineering:0.05771267900332984
