some:0.030724654608772474
there:0.024152078567819667
hung:0.14404348815931609
x11r5:0.1269952780448976
small:0.07865120790173713
thanks:0.05245754328726745
c:0.06805520251128841
such:0.05060571588073154
to:0.0036268398949758705
michael:0.15814185271966785
programs:0.09297847695511885
hi:0.08292149105301065
texts:0.14306266198044157
a:0.003675010857490513
as:0.021055635795184695
advance:0.08325003201780656
features:0.11383282910674539
has:0.02802038089175134
anybody:0.07998934591875513
menu:0.1355724347445234
using:0.05801106785907686
in:0.014027344886407143
or:0.017745038360607507
subject:0.0007025514971583761
example:0.07398313536205012
program:0.0730693008522125
the:0.001983560552602771
chinese:0.14541084971012425
just:0.03090496219647068
bar:0.13260735152073094
about:0.025921478429522932
is:0.007070332286596418
x:0.08013578919858164
show:0.07921233341407453
icons:0.15357282150759372
