where:0.032411522776030904
much:0.030652576658946162
ca:0.03607979993144423
1992:0.06922713219095249
to:0.004835786526634494
nt:0.01252769388986734
me:0.01901032772639552
server:0.07021857447627428
anyone:0.029349381572655986
tell:0.04228114129162198
am:0.028672567661427464
following:0.0480230574217502
africa:0.09865952100605133
science:0.05932688116083009
anywhere:0.07414612815534143
computer:0.04702987552921605
it:0.01804502261789326
university:0.04123403687015181
allen:0.07814085390709705
be:0.010148443107674935
if:0.011757024908129987
of:0.006822476686517145
looking:0.09101352089146118
but:0.011671635478077372
find:0.07426128904117159
winter:0.0943367067344991
pp:0.0870227803497309
for:0.011415749575862244
subject:0.0004683676647722508
i:0.006698200254224383
appreciated:0.05938179156449549
will:0.019882549910583934
the:0.003967121105205542
can:0.015167824428731812
here:0.03158598080041045
south:0.07581823657296116
issue:0.05493614048183953
1:0.03436006827938085
x:0.10684771893144218
smith:0.06908313253449934
resource:0.0870227803497309
e-mail:0.048240276783373094
article:0.028432732642687752
seem:0.04841600973501294
john:0.04704348069441834
