above:0.014797043642002962
generated:0.026373194650773354
pixel:0.026716558246542545
palette:0.175972950340613
all:0.010370302507024904
scenario:0.030725248154861995
access:0.01821943950010068
widget:0.10954520343016905
into:0.009732629907512969
bold:0.03483213694584721
mentioned:0.019104150102129555
from:0.009201872330762778
via:0.01857734444899807
to:0.005243148978606422
colors:0.14869228284075145
most:0.010090192738951292
that:0.011312107351124244
view:0.018507330178177343
like:0.006329560127764528
its:0.02247635386993663
need:0.020882630342361264
re:0.004064570682371419
server:0.021752493180150184
described:0.02255091447673007
this:0.002853165425931625
focus:0.02716800715251327
them:0.007966625932240439
input:0.023191039670514762
a:0.005312787435285199
closest:0.030643520560489492
hard:0.014696920666171245
other:0.007496239064303863
gary:0.02306890458436227
part:0.013310989741376506
andrew.cmu.edu:0.0221455402539525
are:0.013976334382635337
d:0.009901327295527366
it:0.0037266894536953474
not:0.0032766848292172003
imaging:0.029350267097993023
contain:0.025488091347952466
have:0.0027785359410198523
only:0.00724747955581134
color:0.060238566955489986
left:0.01589350643206827
providing:0.025065172748187207
has:0.01157363558572338
love:0.01778379043576874
uses:0.01855975614041542
free:0.01569297714198226
be:0.009431433540284858
union:0.027613730802843895
applications:0.0211972881923605
get:0.007143336822234361
things:0.012145249609457879
whatever:0.017961742275833494
of:0.005283711564286376
describes:0.02716800715251327
what:0.005002402733677343
associated:0.04945429975865805
particular:0.018429627435238082
windows:0.029860947624168493
they:0.010140430701171127
up:0.00730141505626296
now:0.008977795640642631
over:0.010901851915866075
in:0.003862602215097619
and:0.00622495784495853
for:0.0035364006838268913
subject:0.00014509215702183858
each:0.013837007594351169
i:0.00207498594831951
cells:0.029679748738299733
we:0.007324695139749837
held:0.02209482651792596
directly:0.019741849595089022
any:0.005561343838526126
information:0.013254463502629156
the:0.004915780499928606
see:0.009616226964191173
when:0.007106926319802912
would:0.010137496153308435
can:0.014096184659310543
an:0.004879881187835526
solutions:0.025583162855819408
problem:0.01149763745676948
here:0.009784787530561934
current:0.017186118063754446
shared:0.02716800715251327
is:0.005840709280231824
number:0.013599265480422599
object:0.02298897987028784
done:0.014394910605547274
write:0.017685727853193008
hardware:0.019291745237361692
somebody:0.020628957736275842
excerpts:0.03161819952057545
tied:0.027851095278401836
x:0.03309956510376198
index:0.02794902193874248
although:0.017172497047580206
widgets:0.029887472721018202
by:0.01076560298714311
john:0.014573252171640466
s:0.0033719363090000997
