some:0.004947190148870144
since:0.008478057726286785
at:0.003732902595145894
there:0.0038888940066828283
help:0.00906818949170253
small:0.012664177543500047
true:0.0109461050515163
actions:0.03351035969650976
split:0.02020307875969155
widget:0.021352031177066848
your:0.016016087570100795
with:0.0024780821050404546
user:0.0160239130660721
method:0.016910584418417623
into:0.022764456393843897
drawing:0.08039379618130228
to:0.006423809644491161
look:0.010047323407948774
then:0.013524409743862738
inputs:0.024085666606615937
software:0.011931296137632443
engineer:0.018892395507338747
that:0.013229413681823269
quite:0.01125508212758221
nt:0.0030257565750950784
could:0.006394530319178209
me:0.004591477459341291
re:0.0015844936558397056
so:0.0043297059211225425
this:0.011122509287530063
two:0.007901650138361489
you:0.016485563245173952
am:0.006925154053819346
more:0.005387368753477652
a:0.005917390363755911
how:0.005573572022157306
hard:0.01145861611260809
same:0.008229209112409375
false:0.03548397111611169
want:0.03207793165613867
was:0.0037519539580567187
finished:0.020954494078686953
part:0.010378059798361344
standard:0.012898493815517952
immediately:0.017892794647474078
starts:0.01895111175590411
processing:0.060295347135976715
far:0.01054821217000594
are:0.013621003847483592
no:0.004770109051620805
concepts:0.021422070592114352
action:0.015601241867906596
it:0.0029055544893217965
should:0.020883205197883215
application:0.06254860521723608
have:0.0021663161574053086
systems:0.012713631865604282
able:0.011175700110638427
call:0.022516577101683963
his:0.007815377294513799
returns:0.02236759411463219
be:0.007353321065306839
loop:0.021752416106816518
get:0.0055693812512335695
understood:0.02031035760708261
if:0.005679240845452621
of:0.0016478015725910056
piece:0.018261486922853867
but:0.005637993408901782
impression:0.020047087348154618
seems:0.009985114785513043
using:0.018681530327499328
up:0.005692628687933833
now:0.006999637279145102
code:0.0549239408530796
in:0.0015057601855465294
703:0.024576479384264757
point:0.009328542208729071
or:0.002857251939419853
use:0.014091351930062272
better:0.00947549098009069
and:0.004044464136554977
subject:0.00011312269869499278
however:0.010157198746597089
i:0.007280035445798959
possible:0.010919371283748229
face:0.015208777927735423
any:0.004335962992749184
connect:0.038949799409835145
the:0.004471416160952009
do:0.0030437199953665113
see:0.007497397294115153
when:0.011081986803760473
can:0.0036634152221937007
sequence:0.022028430099066357
because:0.0074776368597225164
return:0.01563715130430902
joe:0.033724315482397765
an:0.0038046531294988846
afterwards:0.023766923296287174
problem:0.017928519424115122
note:0.012549530079993635
long:0.010086064597917731
disclaimers:0.0231401430840981
is:0.005692216671412371
methods:0.01885369854308759
time:0.00669283885552421
window:0.014775392973835346
keep:0.011226332983584412
events:0.08619806900374204
lot:0.010502344865531317
callback:0.0558051174957589
automatically:0.019971193591516778
first:0.007955740802504411
handle:0.017213376638680947
function:0.03485593745379202
takes:0.015152118025337587
give:0.010013713014220367
widgets:0.023302097375709107
needed:0.01413484190735602
by:0.004196760486513415
manner:0.019321596075351884
while:0.009196366550332721
