some:0.011014498822012775
since:0.00943783784624378
simply:0.014427562923978251
know:0.0058201656870674615
all:0.009000639911757464
true:0.036555860266384625
thanks:0.00940276719300077
fax:0.014427562923978251
own:0.010690993563905637
with:0.008275859105512462
way:0.00817156990352143
c:0.024397148070084525
such:0.009070835865414144
clause:0.028473763739390156
post:0.012181970775618776
often:0.014657171642824086
both:0.01059294378447282
my:0.0044821427421240624
to:0.00585084549095164
then:0.007527737498942468
value:0.017612513300738996
berkeley:0.025643307336116885
us:0.009716398048042434
that:0.0032726851456082715
nt:0.010104885165883565
its:0.00975388941525552
michael:0.028346181147864993
file:0.014332480577634005
voice:0.017106105195453622
this:0.004952664512937915
off:0.010299327584699767
reply:0.016939606223373323
617:0.04913557938010752
hi:0.014863286132143418
on:0.0023915510624494805
distribution:0.020966687268883396
you:0.002621693346267556
fix:0.020519051694247566
x11:0.025152079698132934
inc:0.01726894101794529
corresponding:0.025879205546374722
bugs:0.023926489519129093
a:0.002634913444993198
how:0.0062045424397600205
other:0.006506169753924107
noted:0.02105284457066308
as:0.003774123397250087
usa:0.01719161172655059
avenue:0.025100527478641475
also:0.006997627979620596
advance:0.014922175550361554
files:0.015609960210319287
are:0.003032600856609554
no:0.00531012139708731
it:0.008086212965565377
not:0.002843915134792287
should:0.015498227756919619
fifth:0.02361706837532809
namely:0.025204201566937586
have:0.009646237983917979
has:0.005022521103238448
open:0.015589436692232844
willing:0.01686745214141354
regardless:0.021344247210739697
sun:0.034231059472630575
anybody:0.01433771294770139
be:0.008185772506662331
which:0.006093831757158103
if:0.02212760819973521
of:0.003668690293693182
what:0.004341708033002978
evaluate:0.027276685811201008
please:0.009034978098609692
up:0.006337077218643324
net:0.015637464551407937
one:0.004638258998941615
code:0.015285436369489133
in:0.005028670808334636
resources:0.02081959798852166
distributed:0.022826198568752707
our:0.02103561719792824
compiled:0.02489977458043961
endif:0.03184932994888074
and:0.003601862400856508
for:0.004603993343095387
subject:0.00012592904194348253
cause:0.014875005345953143
i:0.000900465600214127
example:0.01326112803659389
we:0.025429130296489997
directly:0.01713443549762443
information:0.011503873983413985
will:0.010691559857578154
source:0.014713528121225587
exist:0.017153417338660874
than:0.006748119255752175
the:0.0024888071084544204
wrong:0.012468971966178587
do:0.0033882920703136635
got:0.010434687837880065
tries:0.024344194223569874
did:0.007754297374730969
correctly:0.02055803523127537
may:0.008778422299244484
come:0.011326385256931172
mentions:0.027196051691581666
problem:0.03991632626501102
here:0.00849245710199715
actual:0.019162060786456145
statements:0.059653008804203725
address:0.015060478084592504
ma:0.018920839269988284
netters:0.02329163030227643
else:0.023835398352245817
does:0.011495177493750237
lot:0.011691289567289579
their:0.007140017068781669
define:0.040327885837357885
matter:0.014249542508964822
experience:0.015623692333939376
under:0.01144963880710207
index:0.024257641682682154
e-mail:0.0259405261948327
written:0.016903391219132594
process:0.017059262892611168
by:0.004671865447250783
200:0.01960436342538308
built:0.01741744167016393
defined:0.04123424272499583
summary:0.020291683289446256
everything:0.01457387964114742
include:0.06342496741970946
s:0.0029265862304529164
share:0.019250231225192718
