manager:0.030920459369398405
go:0.030636728374710664
say:0.014941299009980657
there:0.00722660618564683
x11r5:0.037998587131544165
take:0.016738182128627585
where:0.014546903923100487
with:0.0046049399747208454
way:0.013640730862571207
into:0.014100818133719578
from:0.006665923263229729
work:0.015945452472364598
feet:0.03458316495240419
my:0.022446006173156723
to:0.004340784756191593
connected:0.03578569319663776
that:0.002731532483736038
motif:0.11105756329177259
terminal:0.03759209606536064
ow:0.10144729166706894
nt:0.005622665761594004
sunos:0.03987383393235829
this:0.008267439974353055
child:0.031223343470404678
empty:0.04007488355444621
on:0.003992195474325117
you:0.004376369995344267
disclaimer:0.029559492339166823
locks:0.04513564203423403
input:0.03359961653050958
openwindows:0.04340446505696616
a:0.006597657287463284
as:0.006300111497771798
fine:0.0255051699048863
needless:0.045809044974691994
are:0.005062294343316736
no:0.026592418964941175
requires:0.03160751799142383
pain:0.034858267719028446
it:0.008098947159211936
have:0.004025595379115377
only:0.010500285340703044
ve:0.014371131488404994
area:0.025263520036687772
closed:0.032488761426100875
campbell:0.08810401827514447
amazing:0.03859415732213959
mouse:0.06843987680673749
kill:0.02909159139057784
but:0.005238450568900868
windows:0.02163155260963387
find:0.01666493494231016
login:0.04340446505696616
accept:0.028126865910730183
bob:0.05801582699258425
in:0.002798105541645519
system:0.035200351641614565
or:0.0053095390370321675
and:0.006012557708516376
subject:0.00021021225899227005
editor:0.036357115974864816
i:0.004509418281387282
employer:0.03559126317624114
don:0.035107128659306645
any:0.016114760099036333
the:0.002374025228311978
when:0.01029664915624989
views:0.03189044719792826
can:0.013615212479334069
compiling:0.04702282985522158
an:0.007070064083163281
thought:0.021138475631430807
problem:0.01665799442555578
1.2:0.08432226823289596
unknown:0.03715855451273838
is:0.006346597485606234
3.0:0.07279912720382217
managing:0.046701396827503044
patch:0.0416474292198464
window:0.02745663576240269
does:0.009594400112893899
2:0.015341807496814241
run:0.021077436443995234
1:0.015421447967911091
mouth:0.03805090636554942
ass:0.03837233939326797
little:0.036934467746432505
built:0.02907478452027365
