some:0.005189052778370463
large:0.026613636621222892
at:0.011746200166059081
mark:0.06674719920649312
computing:0.019388717685240187
with:0.007797698357193965
custom:0.023698848426685255
microsoft:0.07572629499981039
from:0.011287630059069008
to:0.003675197760242216
receive:0.01903297231780225
sound:0.030677184792252718
player:0.017276724591360898
w:0.02750525204470537
look:0.021077051771341428
front:0.01563089301940415
software:0.012514603948805585
corporations:0.027135247929945174
mail:0.013619180021492693
perhaps:0.012837606833955757
been:0.006521068387650841
that:0.0015417983352643413
like:0.010352347231188205
nt:0.02856314206889754
its:0.009190331360151868
generally:0.017185553303213773
need:0.008538675517765494
re:0.0016619577901252024
so:0.01816552173128747
had:0.006819593269698379
this:0.004666510563301502
getting:0.012054229209887494
two:0.008287953034014717
unix:0.01761141073831259
on:0.004506745113238133
you:0.004940435461410861
a:0.003103342501880878
ms:0.01857839965504483
wondering:0.0319905200165093
price:0.01391175200819539
was:0.01574153127291352
commercial:0.037034192002246676
as:0.014224251737191438
coming:0.015451688687953755
services:0.017762940566503595
audience:0.04998749064306601
developing:0.021913091185711026
stuff:0.012992962456327209
logic:0.01845662643643099
computer:0.011914235134068068
are:0.002857383918227669
begin:0.018547642131291172
jesse:0.08589204027811836
taylor:0.04821564261977276
bang:0.026186029706398245
it:0.004571405729866293
not:0.0026796000381153996
should:0.007301387298815465
ve:0.008111705329010819
buy:0.013363738334417627
hope:0.012837606833955757
32-bit:0.0246784042727673
yourself:0.015583442983887077
june:0.02042700591271354
be:0.0051418778412219675
dropping:0.025936743187949165
writes:0.005877887920156109
applications:0.017334671232863696
conclusion:0.019616687882518188
if:0.002978446310059597
of:0.003456721521168687
what:0.008181707582192277
but:0.0029568143211129343
evaluate:0.025700699519887172
windows:0.04883923878086225
must:0.0102998241221311
good:0.0072000437838199965
in:0.0015793751279510266
system:0.009934321463300111
or:0.0029969398120137125
use:0.007390131234432658
and:0.0059390708920789535
for:0.004337984838827654
subject:0.00011865314174230354
i:0.0059390708920789535
power:0.012008245689646853
similar:0.014065592390518671
will:0.010073825288029194
unfortunately:0.016363969248115364
community:0.018082439364340553
the:0.004020016053274949
do:0.003192524084028874
see:0.007863936717383006
when:0.005811886412638826
conference:0.07748095056054007
agree:0.013406911906508619
operating:0.02042700591271354
did:0.007306271304190957
needs:0.029771969445949748
come:0.010671971886530704
bought:0.016280372217193157
development:0.017276724591360898
developers:0.051713321882541186
an:0.011971975180823158
thought:0.011931495134185389
myself:0.014812631386657258
many:0.008236449011458194
about:0.004377849690319429
is:0.0011941005639585062
deal:0.014650288852268928
new:0.00766222028837132
hospital:0.022079569241421692
does:0.010831011683000224
their:0.006727482749252062
marketing:0.022012227885774574
x:0.027068088795965353
article:0.0036014794680737823
davis:0.04402445577154915
adds:0.024054593794123193
lake:0.023650274779875524
says:0.011382341086344746
x-windows:0.025777996154162146
s:0.0027574945815823037
va:0.022182533949339625
