believe:0.015743999132828555
music:0.033381582896312205
there:0.0066505723592546915
dos:0.051152932699187505
with:0.004237879541953242
though:0.018011189866744055
into:0.012976839876683958
drawing:0.034371260686208945
my:0.006885610589350009
via:0.024769792598664096
to:0.002996085130632241
add:0.02490014794530231
janet:0.036818307737125196
most:0.013453590318601725
wake:0.03957299831773298
us:0.01492664047960142
that:0.0025138016335831655
sources:0.027892311414597564
really:0.014140548863702362
nt:0.00517448225885825
could:0.010935573589319257
servers:0.03817673495664964
its:0.014984235913291089
re:0.0027097137882476125
server:0.08700997272060074
this:0.007608441135817667
age:0.02987527989792479
on:0.003673976994487608
you:0.012082586726276563
performance:0.027471095895627653
xterm:0.11386804818549873
a:0.005059797557414475
want:0.013714478026899866
was:0.006416385029720186
ridiculous:0.03616717491740156
character:0.03307960683543852
also:0.010749979215069322
terribly:0.04165765101665893
are:0.004658778127545112
no:0.016315155596847968
brian:0.02707302546941144
it:0.0024844596357968983
have:0.00370471458802647
decent:0.0326490023392733
second:0.019925331714871496
doing:0.019425383370763154
evil:0.030265751553685515
be:0.008383496480253208
which:0.00936153864143129
if:0.00485616246205369
of:0.001408989750476367
implemented:0.036224009536684365
but:0.0048208929148580455
rectangle:0.04644284926112961
windows:0.01990729841611233
up:0.00973522007501728
now:0.01197039418752351
code:0.023481974712548523
in:0.006437670358496032
or:0.004886314910891923
use:0.012049127012661942
and:0.00276664793109268
for:0.004715200911769188
subject:0.00019345620936245142
half:0.027403213649224753
cursor:0.12225201515967231
i:0.00553329586218536
back:0.015263454493243026
blinking:0.09385224018166027
valid:0.031116118243665312
similar:0.022933031071497835
overhead:0.0425565832533979
pretty:0.02085521780376541
the:0.005461978333254007
do:0.005205202310916642
see:0.0128216359522549
around:0.017153582848939388
would:0.00675833076887229
did:0.011912398865528735
an:0.006506508250447368
changed:0.02738634198430018
is:0.005840709280231824
discussion:0.024912115539783994
new:0.01249275047017063
days:0.021581540757609943
does:0.017659258178804715
trouble:0.02764363682819083
experience:0.02400161431010977
x:0.04413275347168264
slow:0.02975745003653508
guess:0.021711284514026475
every:0.017624264687952147
workstation:0.038560230619362264
bad:0.019859427874973797
by:0.007177068658095406
seem:0.019997917064461867
s:0.004495915078666799
