some:0.006112758508551593
wagner:0.06745448189381023
out:0.018505399461996752
know:0.012920158383856564
all:0.004995119532179535
viewing:0.028592009255744247
document:0.04769459028090574
gs:0.097468810096251
where:0.009672548681852156
text:0.037869777311346255
with:0.012247693754754919
c:0.013539778510099267
though:0.013013320427281046
into:0.009375936664829249
to:0.002164710722655755
0:0.057567899818907316
line:0.10349018974681633
that:0.0090812729171329
conversion:0.05259496164309944
nt:0.0037386311608504637
re:0.0019578036794668614
so:0.010699587407171939
file:0.015908303049520466
this:0.005497198307554126
contains:0.02197724348103558
counts:0.05919838387952468
on:0.002654496467221413
you:0.005819884705850491
used:0.010337505279250606
a:0.003655769962948678
how:0.006886717262979709
want:0.009908889883309851
ascii:0.055166381403326185
guarantees:0.031052761241324014
following:0.014331488340522312
also:0.007767000689421814
converts:0.030649823853176748
output:0.021399781093895922
success:0.02346496459063669
files:0.017326238558050728
no:0.005893956733939843
it:0.010770327635810636
try:0.012755966870907815
ve:0.019111347633795125
null:0.08721425593779018
after:0.010100595223376708
somewhat:0.022522706059490086
utility:0.02483368573139704
sort:0.016426498992989688
writes:0.003462106759254253
get:0.013763078275299712
if:0.0035086409411696825
of:0.004072054147973584
what:0.004819068602076603
print:0.023017607491385986
anyways:0.02959919193976234
windows:0.014383283672374354
up:0.007033823928546517
david:0.026140787846539205
degrees:0.026469155286591557
postscript:0.07901962377720338
one:0.005148224648039909
in:0.0018605204386857642
use:0.008705651977734806
and:0.0029984090143255746
for:0.0017033971880213298
subject:0.00013977464341370836
each:0.026659784265556184
p:0.1938607771515437
i:0.005996818028651149
plain:0.023820919255479273
information:0.01276869782452233
program:0.01453734781352919
source:0.01633124587277395
filter:0.027371622438113998
the:0.0027624455863473145
do:0.007521653601115149
original:0.016157947713473717
can:0.0090530470412326
1000:0.024463960248601473
page:0.08805750226570234
put:0.013023347118045965
may:0.009743589148899638
many:0.009702623181037139
about:0.005157152776554302
f:0.019456707949774072
strings:0.03235360605440517
usage:0.027020781023019965
new:0.009026175732374592
does:0.006379522588154583
break:0.020545584022240243
goes:0.016874487937123962
pages:0.023539229695306623
1:0.03076215537054516
x:0.015943246018565983
string:0.027747673404455653
first:0.009830129996811734
under:0.012708499618354133
article:0.004242580525217807
little:0.012279260219363687
written:0.018761879258932513
comes:0.015833383964636186
live:0.016213027612291406
check:0.017326238558050728
compile:0.027320039734223884
main:0.01946815189333418
include:0.035199196578477504
s:0.003248357491392766
