some:0.008399545864268736
read:0.016309374546028214
at:0.006337877787441951
out:0.00847609423798892
fast:0.02504890593487797
technology:0.024227825077819735
help:0.01539635050389782
all:0.013727594685558148
tried:0.04457358349693052
thanks:0.01434091111450477
fax:0.022004628344484817
buffer:0.03812809798741748
my:0.006836073822520153
mono:0.17371044353239465
to:0.0009915101871157057
gcc:0.04358928610505591
w:0.08904578000084472
then:0.011481153595509375
that:0.004991433459488875
nt:0.005137255767787328
ps:0.032414117430357665
this:0.007553704149229051
these:0.011918244410783761
on:0.01823772752659316
henry:0.06583082364687345
am:0.011757815515837163
inc:0.026338240977010083
board:0.025835946182411113
a:0.003014037681682867
other:0.009923079049150439
was:0.006370223986340904
running:0.04356058147405326
austin:0.03602027694654356
removing:0.03661518137708395
copy:0.024579942050815415
fine:0.02330328473324144
also:0.02134528247020959
advance:0.022759001558824817
works:0.021403784126264317
d:0.026213585933482525
it:0.0024665858254674243
not:0.0043374820760860786
have:0.0073561239301820555
made:0.016730788143294973
frame:0.03476593603183293
ve:0.026260916532768838
color:0.07974026129359826
west:0.029337476976519346
500:0.02999839665719094
sun:0.026104261180567204
get:0.009455927879792247
of:0.006994265667832325
trying:0.01939804477027623
highway:0.0379766346118935
what:0.00662188563306929
but:0.00957242046403468
up:0.048325912602603764
in:0.003834813709953032
compiled:0.0379766346118935
system:0.0160807361816009
or:0.004851161566209247
use:0.011962442645664375
and:0.006866859972855932
subject:0.0001920644380720741
i:0.006866859972855932
linked:0.084500841567898
will:0.008153275862613557
the:0.00271134176255055
ross:0.039023451760607446
come:0.034549549272941134
just:0.00844883858608551
here:0.012952524500887743
n:0.026338240977010083
is:0.009664482981678556
suite:0.03805196770446398
type:0.04662607928534815
512:0.07641008502687449
honda:0.03467064663075365
comes:0.0652699928901909
built:0.026564731180393913
tx:0.03408025128503923
s:0.004463570365870636
