at:0.013765078319600485
there:0.014340296649642929
help:0.03343894875065308
all:0.0149073098538483
programming:0.06855905136192705
thanks:0.031146666326815047
with:0.018275855524673354
to:0.00646030856292577
gui:0.27026076368509283
tool:0.07345995071903708
make:0.02750125755233912
that:0.0162611543172411
motif:0.14691990143807415
like:0.01819748536732302
interactive:0.08697553567976528
package:0.06073848489150316
tools:0.06952301337763549
hi:0.049234635312725074
on:0.007922012894363905
working:0.04950842204229074
m:0.04277545975362725
a:0.006546113089904977
enable:0.08697553567976528
coding:0.10173274831790358
no:0.017589777127851716
have:0.007988290830432076
sgi:0.08697553567976528
be:0.00903845714277299
looking:0.04052945852197881
but:0.01039505034766266
easy:0.05177627444154387
for:0.010167151966002312
subject:0.0004171399514377859
create:0.11883892785136309
i:0.008948376902127887
appreciated:0.052886908112128796
any:0.015988863535762614
will:0.03541579202822764
currently:0.05623333596652026
the:0.0011777390781078953
would:0.014572650720380876
can:0.013508843631839271
forms:0.07479460308082382
an:0.014029658415027136
wanted:0.04758062483665785
x:0.14274187450997355
