some:0.006018231315120382
since:0.010313513522699389
pc:0.017179598257721047
out:0.006073077830311649
dos:0.018193568846618234
anyway:0.015713988771363575
your:0.006494495990625065
text:0.0372841621982842
active:0.023030010282664267
though:0.012812083513457112
hell:0.017594747033411833
into:0.009230947953517456
from:0.004363774507372039
drawing:0.024449659663385744
via:0.01761974937430745
to:0.0028416477527645994
designing:0.0308915092825308
add:0.017712476373462467
mhz:0.024356219536619986
wake:0.028149864782717273
software:0.014514360249903383
make:0.009072579811080946
sources:0.019840922552651876
think:0.007421381585198738
bit:0.014046825763173709
really:0.010058740944283122
nt:0.003680817276919786
could:0.007778913171783801
its:0.01065888946409366
me:0.011171017323758192
re:0.0019275283648359305
server:0.041262461290181796
michael:0.04646435878876839
so:0.005267064934973815
this:0.008118285129454934
on:0.002613447552779845
set:0.013656776206834644
focus:0.025767594412693
you:0.014324716221874274
performance:0.039082590037078514
cycle:0.02605983845226282
xterm:0.13499820145703456
input:0.021995625254508846
m:0.00705574593874264
a:0.006478627387947194
ms:0.021547113001984985
want:0.009755659627382379
was:0.004564232650007142
as:0.004124299794933084
running:0.0156054660435397
ridiculous:0.025727165662893892
character:0.023530854346858327
enable:0.028692960224252464
also:0.007646892431337971
course:0.01260902989639185
quoted:0.023030010282664267
it:0.005301888088762453
not:0.006215567098721287
application:0.01902251395781922
have:0.002635312438905427
only:0.006873898135408694
whether:0.014729167963308374
400:0.023664056569455687
second:0.014173689570372508
doing:0.013818056212192346
has:0.005488528215910057
25:0.018957126537575322
be:0.002981759057409646
which:0.006659238827409885
writes:0.0034085690258637232
if:0.006908767214055766
of:0.004009084238468838
germany:0.02167394707828498
even:0.008655461070958895
implemented:0.025767594412693
what:0.004744546922663047
but:0.003429294960053661
rectangle:0.03303666596925715
windows:0.014160861759914956
up:0.006925053455424663
now:0.008515022669475486
box:0.016332675312920656
code:0.01670367273366854
in:0.005495248512200737
or:0.006951664512402941
repeat:0.024234210546486456
and:0.0009840139548731696
for:0.003354111988784268
subject:0.00013761317985576442
half:0.01949300764738668
costs:0.021217797190380593
cursor:0.17392554734056473
i:0.0039360558194926785
back:0.010857508866327513
blinking:0.16690217970449892
similar:0.016313187050859285
overhead:0.030272208706025313
any:0.005274676630354676
the:0.004662389752509606
do:0.0037026696850850343
see:0.009120545161913279
when:0.013481179823131299
around:0.01220203316058575
would:0.004807472402599876
can:0.004456525734215017
did:0.008473768265169924
needs:0.01726467300345024
thought:0.013838074253565529
just:0.006053549296215907
about:0.005077402991349853
changed:0.01948100615378054
is:0.0069245522394501
days:0.015351817652320476
time:0.008141803968575844
does:0.012561740353995104
lot:0.01277604839312057
nothing:0.01316936083247891
every:0.012536848076996888
almost:0.015577283145693649
difference:0.016531720859971063
fault:0.022819587630498003
by:0.010210674998115114
seem:0.014225322447916173
