sent:0.014310048826029622
above:0.010593992335130526
entries:0.02263715452056764
at:0.0034278794258927278
correct:0.012732363580472562
computing:0.016974558284743355
there:0.007142248914997256
uiuc.edu:0.022304383417695417
technology:0.013103765314462813
all:0.0037123261892851797
true:0.010051676234077225
send:0.01141380202675573
tried:0.0120539457316602
with:0.009102371623183616
further:0.013804803117048197
into:0.013936217143831801
from:0.009882166394126564
suggests:0.019184612905778137
suns:0.02404489788479139
my:0.007394663512298064
to:0.005898906910894607
appreciate:0.01493857328955056
mail:0.023846813267205103
die:0.014660522846040268
that:0.004049470335811013
bit:0.0106034404593607
appears:0.03035253717816601
nt:0.002778515765456959
database:0.03940838061797279
re:0.0014550214115882122
so:0.003975916721342102
file:0.011822902266375133
uk:0.016815717839139245
phone:0.011429366249842681
this:0.004085466446470187
something:0.007745763880013708
on:0.003945593970733774
machine:0.025313613652329547
communications:0.016416664966278968
3:0.009110762430496574
successfully:0.020342334185524412
more:0.0049471557424930965
openwindows:0.021448899074843198
a:0.002173547277581938
same:0.015113566930183755
classic:0.019905496435053276
looked:0.014494175892917061
was:0.0034453740626513058
as:0.0062265693402102605
running:0.02356000320970196
private:0.013811988808072185
rejected:0.02042015779138694
services:0.015551212558222992
mac:0.0534051694134029
local:0.011892542614458958
avail:0.022851394898711717
stuff:0.011375161683554949
output:0.01590411746666973
are:0.005003201413239109
no:0.00876066720764599
it:0.004002203459999673
not:0.004691906681525019
deleted:0.013670737342405979
have:0.003978603993366948
received:0.015055606189306504
due:0.012899387100772305
ve:0.00710168754485383
machines:0.03070775513528632
university:0.009145292224119275
suspect:0.015105428260302567
holds:0.01909971388867837
has:0.00828618267615993
macs:0.020580636229262615
network:0.04288120237388611
sun:0.0705932354883043
be:0.004501644024416119
which:0.015080455243395149
writes:0.005146010825039396
get:0.005114295623700865
of:0.003782890769761452
trying:0.010491549506102708
even:0.006533694349284146
quietly:0.022707265436920476
what:0.0035814867820880593
but:0.010354602680940237
macintosh:0.018270840177850505
extract:0.022851394898711717
well:0.006548124164020797
must:0.00901735574894746
find:0.008235201313904242
commands:0.05648818011566818
up:0.005227472258180485
net:0.012899387100772305
one:0.003826112481617208
email:0.010676648478474477
in:0.00207408212328199
feature:0.018385628755269563
monitoring:0.022241112908466698
office:0.014205205887339147
or:0.002623779991062589
use:0.006469959251935206
and:0.004456779157480037
still:0.007944393316068277
for:0.002531897765852716
known:0.012672874504538358
subject:0.00010387920969656924
i:0.004456779157480037
stan:0.04300087384423908
similar:0.012314234583138914
information:0.009489576982427101
yet:0.010233730516288574
than:0.005566541954161328
the:0.004692625743122509
users:0.015364581977650515
do:0.0027950113576128274
would:0.003628986949822475
put:0.00967882995932599
may:0.007241344464746424
7:0.012418398945258
an:0.006987534152231414
problem:0.01646354312875941
here:0.028021803978574258
address:0.02484685878547557
jones:0.01930077229546561
about:0.007665495566707172
is:0.007317931471730145
number:0.009736439098823962
ux1.cso.uiuc.edu:0.04893192483293089
entry:0.019420506375880994
man:0.022552913142375088
explicit:0.022434097115234683
their:0.005889819527555308
run:0.010415698164931498
x:0.02369774310930819
sends:0.0231567319237759
nothing:0.019882147871602404
article:0.0031530462269128445
u:0.014714566084019517
remote:0.052594112717739866
initial:0.017924741010471142
readme:0.04500122484026937
comes:0.011767223102122614
packet:0.021768891674987058
while:0.008444912474235495
appear:0.015364581977650515
s:0.002414148952747153
