pc:0.11297769701687739
go:0.03297342799651063
know:0.04182627544604413
programming:0.07436914046039544
where:0.06262565417741565
name:0.04681750009881781
to:0.007007792339444903
ms-dos:0.17558173926810056
me:0.018365909837365163
need:0.06512549123719445
anyone:0.02835448728205748
file:0.05149976071963405
on:0.02578010975793
a:0.009467824582009458
how:0.022294288088629224
anywhere:0.07163270008227901
not:0.01021881370467737
machines:0.06688044974380156
doing:0.045435642460429075
which:0.02189648021216132
get:0.022277525004934278
msdos:0.09891130876760275
of:0.003295603145182011
find:0.03587197860463373
called:0.04546194060774125
for:0.005514387506984305
subject:0.0004524907947799711
i:0.012942285236975928
the:0.0025550949491154338
do:0.012174879981466045
can:0.029307321777549605
just:0.019904890906201456
about:0.016695189496980872
gave:0.06291311717013376
does:0.020652352785381783
faq:0.19739466421514032
usual:0.0727142511457528
x-windows:0.19661183507411806
s:0.010515869167051158
