configuration:0.07186718143480052
43:0.07778136668498029
x11r5:0.07311849341978953
with:0.008861020860447688
option:0.0634941094280664
from:0.012826852339851145
work:0.030682916121065208
ext:0.08274354193707804
to:0.002088180545592168
0:0.0555326710374308
fails:0.0725280999571625
that:0.005256130688401164
problems:0.0415617156953299
on:0.015363903795129998
set:0.04014264521402911
you:0.016842393618446118
machine:0.04928483870188404
xterm:0.1587251580767558
a:0.0021159153421915077
same:0.0294256568261911
assistance:0.07891471839835451
following:0.04147445868242063
fine:0.04907812996849334
international:0.06008128213244537
21:0.061457621532641296
display:0.11170064899804479
works:0.04507766656895061
it:0.005194779238484424
not:0.009135000129938863
austria:0.09112816675805967
have:0.007746221411328073
systems:0.04546086545882744
try:0.03691499503550595
if:0.010153794238839534
institute:0.05897663408989858
but:0.010080048821975914
seems:0.035704349839107245
fact:0.036337380736800595
our:0.03378447610576354
yes:0.040406755613695285
for:0.00985905645188103
subject:0.00040449934684876206
offer:0.053260054830179364
we:0.06126108662336227
any:0.015504352519527384
will:0.01717129310459522
the:0.005710250075674644
ibm:0.059704046501813136
thank:0.05500748949650779
can:0.01309948473390475
did:0.024907743082469173
named:0.07062601291255982
come:0.03638172234044559
problem:0.032054019576448246
applied:0.06707575758055474
