some:0.004746084858265668
since:0.008133421233348299
believe:0.008831999513537971
go:0.015816522372309978
at:0.010743475761639403
out:0.009578675602280163
say:0.015427194912744257
there:0.0037308088844599492
all:0.003878324514822322
true:0.021002282863071927
viewing:0.022199486861167284
hand:0.025668613458964828
i.e:0.014042841451119526
method:0.016223162287587637
possibility:0.01723976252699729
to:0.003361461366075197
require:0.015770410808547103
stop:0.027024009061631202
tool:0.01911153189438363
next:0.010887723673777137
puts:0.02007246188651465
that:0.02256290246728305
problems:0.011150704210942169
produce:0.017136094670042262
solaris:0.024723171897672647
through:0.00963196460985702
ow:0.10474639058307118
nt:0.014513791701675579
could:0.006134590062301047
consider:0.013090910888500786
need:0.007809764193078197
re:0.0015200833446267097
so:0.004153701615385854
file:0.037054705883639134
ps:0.018315293995202098
this:0.004268149905458691
2.0:0.019064263447249
extremely:0.017959960914795247
brown:0.11328300905500506
you:0.006778036456203926
relative:0.02001268079956467
knowing:0.017455383404982983
a:0.0017030538120077988
same:0.007894688416782978
practical:0.01951087514472271
was:0.01439774201790871
display:0.01498423340217674
files:0.05380994413963723
internet:0.011611926598026855
requires:0.016317702377686285
it:0.006968606295527886
not:0.009803414773592926
have:0.002078254524990459
being:0.007909772072866457
try:0.009904023058306476
only:0.005420879017354824
employee:0.023873205239711023
gordon:0.018237862308329356
left:0.011887825949189275
able:0.010721403358173452
doing:0.01089716628115982
sun:0.0294999374316979
be:0.007054405574847211
breaks:0.022461838573108628
writes:0.005376117000142784
if:0.005448377396450483
of:0.0031616355376542873
3.1:0.01594114627185861
what:0.0037416345650269564
but:0.005408806684962686
version:0.012684839868559289
order:0.011399662037123953
using:0.008961059262784232
well:0.0068409264640379875
windows:0.011167508867575211
find:0.017206884046125127
postscript:0.10225439120220763
in:0.005055926476672493
point:0.008949333175853906
or:0.005482206973195816
and:0.0007760110050625811
for:0.003967669059903342
subject:0.00010852421500820447
each:0.010349631696587869
however:0.009744304488605339
i:0.005432077035438067
mention:0.015344206562101314
any:0.01663881733802939
informed:0.02075976404116479
will:0.004606932296354815
program:0.022574255547838012
event:0.033762121530056685
the:0.0049024586015548165
do:0.005839983080540624
would:0.007582517448003058
page:0.051277386990088866
maybe:0.010763874318464733
forward:0.017583932951448476
may:0.007565144420487118
here:0.0073187028683877895
about:0.0040041308143165515
changed:0.01536306989363181
definition:0.016564143929785613
is:0.012013816649582532
broken:0.0547712471834752
3.0:0.018791644623750846
right:0.007885665015407722
does:0.014859619687042991
man:0.02356137673817235
x:0.012378699144496352
under:0.009867168402868453
article:0.003294036098847972
useful:0.01558653340275788
going:0.008852909284754807
fault:0.01799593496063664
604:0.02481882432616937
by:0.004026160466736448
s:0.0025220987026667416
