keys:0.10591471905693246
43:0.27749028114641616
thanks:0.05387531472746387
i.e:0.09336591883717306
with:0.03161229063727283
keyboard:0.24566394789043222
hi:0.08516261243282175
how:0.03555035127646282
no:0.03042556043736513
telephone:0.1210033618243022
mouse:0.117457626411563
if:0.018112173507119172
available:0.07300172507606027
moving:0.11462112382814411
subject:0.000721539375459954
76:0.14411461881092386
welcome:0.11307076180436249
cursor:0.3039779836402663
i:0.005159424520145809
any:0.027656412602400197
rainer:0.7118923096756271
the:0.004074340594535422
can:0.023366648444262526
is:0.007261422348396322
move:0.09558986798845993
1:0.10586615632025452
e-mail:0.07431610207168288
hints:0.14050566225350436
