ever:0.08811406856099535
100:0.11261706996103571
that:0.01156348751448256
so:0.034060353246164
anyone:0.11152764997609274
a:0.004655013752821317
member:0.13302993075821862
worth:0.1171721206263946
organization:0.25545554854112473
charge:0.13720842183112786
has:0.035492482462885035
heard:0.09008824531399581
of:0.006481352852191288
they:0.03109732081692479
professional:0.31870035796627105
tim:0.27186061998241257
or:0.022477048590102845
subject:0.0008898985630672766
membership:0.1792397427955483
the:0.0075375300998905305
is:0.017911508459377595
x:0.20301066596974016
