408:0.05114941188366651
feeling:0.04239453252999536
dan:0.07716123280363608
ever:0.025664291813882138
your:0.012232351671662742
c:0.050215489231630286
microsoft:0.12406613865260196
ca:0.019966491224197292
from:0.024657444303791524
wrote:0.025005582278571466
to:0.006690287184906945
rd:0.05028797386804821
w:0.03004214422358596
front:0.03414515465403819
software:0.027337727072633558
100:0.03280108833816574
mail:0.02975063596928015
been:0.014245052303120767
r:0.030099221036205142
like:0.011307175373870612
nt:0.006932801473033383
its:0.020075966563438543
re:0.0036304903182346653
happened:0.03274078542464496
exactly:0.031227016051184546
had:0.029794339527808446
getting:0.026332054099268795
you:0.016188320079865686
x11:0.05176932908741924
how:0.02554102907241018
same:0.018855275247850606
wondering:0.03494110195977958
was:0.025790130119457834
jesse:0.0625427477753289
d:0.017687807984243062
ve:0.01771974465075179
buy:0.029192632283921997
classes:0.05038000050838358
june:0.04462210029476259
be:0.005616128710072537
sort:0.03046078939476728
if:0.01951894426495367
of:0.0018877726753955208
what:0.01787266219410934
windows:0.08001574314825732
and:0.0037067710144736876
for:0.0031587268243890676
subject:0.0002591937562331873
programmed:0.0579796057438169
i:0.00926692753618422
improved:0.04992834987115161
the:0.0036589951941216163
conference:0.12694087773874888
did:0.015960301392650148
bought:0.035563919891926796
developers:0.05648299720180469
an:0.008717457655939191
thought:0.026063945681472935
about:0.009563263886620111
deal:0.032003058172432125
new:0.016737859853238318
x:0.08869398027804182
api:0.06077263557344585
show:0.029223967667328467
convert:0.08307922320773474
says:0.024864337324539493
x-windows:0.056311156647441574
s:0.006023653212194352
