some:0.019458947918889236
large:0.04990056866479292
at:0.01468275020757385
thanx:0.08087779692903828
suggests:0.08217409194641634
to:0.0022969986001513845
look:0.039519472071265174
guy:0.05643884578248116
cant:0.09372654495574877
he:0.026502220125337254
hi:0.05251694433357341
on:0.016900294174642998
you:0.009263316490145364
m:0.04562715707053574
onto:0.07256937793940577
a:0.004655013752821317
how:0.021922716620485404
assistance:0.17361238047637992
part:0.04082036854022129
therefore:0.057215425342581096
advance:0.05272502027794416
computer:0.04467838175275526
setup:0.0735625795594432
helping:0.08632768847348277
manual:0.06549328994804604
neil:0.0930070087579953
his:0.03074048402508761
be:0.009641020952291189
get:0.021906232921518706
of:0.003240676426095644
monitor:0.06245459733481346
3.1:0.13071739942924057
looking:0.04323142242344406
but:0.011088053704173505
windows:0.09157357271411672
must:0.03862434045799162
in:0.008883985094724524
system:0.037253705487375416
office:0.06084563188410268
and:0.003181645120756582
for:0.010844962097069134
subject:0.0004449492815336383
i:0.006363290241513164
information:0.04064702140806275
the:0.0037687650499452652
is:0.004477877114844399
win:0.056491256727139026
run:0.04461390713978991
