configuration:0.03620789293661705
there:0.007005946454787385
11:0.029497821661220693
setting:0.032838449292844324
4:0.01896388934487541
into:0.013670258801392261
such:0.014679520637158766
from:0.006462383621604393
config.sys:0.04468791111417373
to:0.0031561812826507575
0:0.027978292278400246
256:0.18653715056945697
memory:0.025813986459292483
like:0.008890374530600558
could:0.011519917216229445
font:0.03809977205039248
server:0.09165936057590002
file:0.023194548721056557
error:0.05748791082705341
getting:0.02070382879560829
path:0.033862050618785604
these:0.012646076130526278
starting:0.029935282312039825
set:0.020224538810121536
am:0.024951700102310924
3:0.017873785836928394
why:0.013585668550793942
a:0.00213206736770442
how:0.010040938910145987
screens:0.04375745449120398
as:0.012215483362091883
modes:0.03792292426961741
vga:0.13772157585513475
shell:0.036787938028051574
display:0.028138331426988378
no:0.025780436706469692
not:0.009204732955358242
3000:0.040060920247224754
systems:0.022903947483073363
session:0.036787938028051574
messages:0.03339725390370917
configured:0.09024846976788865
mouse:0.06635010957599742
call:0.020282107618310743
ati:0.039187558787852655
device:0.061284805876501154
be:0.004415734787308941
svga:0.03961175612491228
found:0.04083237412606103
soon:0.02745796669495779
msdos:0.0445478413533478
5000:0.044976005220913017
available:0.020618807845910154
but:0.005078497879774124
ok:0.02491487931687734
version:0.0476407726361158
resolved:0.04625122724124253
using:0.016827638004923057
windows:0.02097104718643894
virtual:0.03769332537467636
up:0.010255422674445683
in:0.001356333602248019
1024:0.04799810947352381
vendor:0.041979350997460675
system:0.034125531744160685
unable:0.03492551330883744
for:0.007450737318597115
subject:0.00020379356406120838
fatal:0.042706909621921176
i:0.007286210200205913
revision:0.045911900809404105
connect:0.03508455214015684
the:0.0005753839770908802
do:0.005483342892416004
when:0.009982247655295694
start:0.02150810754108788
drivers:0.03001758594259928
linux:0.04070412897713116
7:0.024362813197948897
is:0.002050936083134839
number:0.01910125838471571
et:0.03473126395264535
window:0.026618265204772073
type:0.07421021016026785
dpi:0.04660634186440965
16:0.026618265204772073
x:0.06973648831021609
too:0.014904716548583942
vt:0.048219388380953215
resolution:0.03410551141096846
little:0.017903348869453925
release:0.030334377781582125
process:0.02760735674224097
x-windows:0.044275184234247957
protocol:0.08012184049444951
giving:0.02895699959762653
