some:0.010152494566376992
since:0.017398448899162446
there:0.00798068683110563
know:0.010729348918767843
true:0.02246331123615519
with:0.01525636635103167
c:0.022487806047208347
clause:0.05249076445870186
often:0.027020177289380054
to:0.007190604313517378
gcc:0.10537236119309168
berkeley:0.04727287961092852
us:0.017911968575521704
mail:0.026646221781181357
that:0.009049685880899395
guy:0.029446354321294516
think:0.012519548065465697
nt:0.0124187574212598
need:0.01670610427388901
re:0.003251656545897135
michael:0.026127784362379905
prefer:0.0357089400438421
this:0.0045650646814906
you:0.004833034690510625
m:0.02380547325419256
a:0.002428702827558948
how:0.011437939106340212
other:0.011993982502886181
accepted:0.03662511844086667
science:0.02940549761884622
nc:0.04554721927419949
computer:0.023310460044915784
are:0.005590533753054135
no:0.009789093358108781
internet:0.024839425592300922
it:0.008944054688868833
have:0.004445657505631764
generating:0.051929559927070795
has:0.009258908468578705
willing:0.03109478133895366
anybody:0.026431262129675608
which:0.011233846369717545
writes:0.005750107747978803
if:0.005827394954464429
of:0.0016907877005716404
department:0.030157178979938578
what:0.00800384437388375
parts:0.031727782707968354
up:0.011682264090020737
called:0.023323952137884643
box:0.027552513136579193
one:0.0085505296328315
makefile:0.057956926714548586
in:0.004635122658117143
system:0.01943671590645674
or:0.011727155786140614
use:0.014458952415194331
and:0.001659988758655608
still:0.017753992019387366
for:0.002829120547061513
subject:0.0002321474512349417
i:0.003319977517311216
we:0.011719512223599739
will:0.009854829086115516
program:0.024144638542470218
than:0.012440011149734444
the:0.003932624399942885
do:0.012492485546199942
essentially:0.039137096961358454
mm:0.049845448159545405
correctly:0.03789829103504677
come:0.02087994499538616
cc:0.04916039704777919
problem:0.036792439861662335
actual:0.07064968498658615
statements:0.036656341642003445
is:0.0023362837120927296
edit:0.04608526626305243
write:0.028297164565108814
does:0.010595554907282829
matter:0.02626872184261341
change:0.025843557460091197
article:0.007046372872318269
919:0.048773859981945854
process:0.03144838028898754
everything:0.02686663029498481
s:0.00539509809440016
share:0.03548738278035527
