above:0.0480468711199155
selected:0.029089768250412477
some:0.006867863971372672
read:0.013335312128811304
believe:0.025560845650945182
characters:0.08936429840134417
at:0.005182147132084889
out:0.006930453524002705
correct:0.019248337883420286
k:0.022286241507362723
help:0.012588780706128217
all:0.005612163709684066
anyway:0.017932434244967845
where:0.010867392930786833
with:0.010320483119815541
c:0.015212339384876233
4:0.014613350024580465
my:0.016768486964652374
brendan:0.07540133174159867
to:0.003242821553154896
lies:0.026531656525033313
stop:0.019552665379886102
0:0.04311948574671097
line:0.01661061028709405
q:0.02496869672660387
h:0.020783424260555978
that:0.008162461774928865
problems:0.03227144983402086
produce:0.024796936993119977
nt:0.00420046206895552
could:0.008877112678388572
me:0.019122153183609613
font:0.02935923610942009
tells:0.026041176472450665
greatly:0.02295840676353295
so:0.006010650572852471
anyone:0.009840674997890536
this:0.006176263980840224
off:0.012843867340919708
getting:0.01595412689543933
hi:0.01853539211773179
on:0.002982404854348764
set:0.015584791671328948
am:0.009613743274713916
them:0.00862270100901318
apparently:0.022286241507362723
xterm:0.030811354214899653
a:0.0016429460304075237
as:0.00470655388362952
old:0.015575959307896023
following:0.016101848664939772
let:0.013559633780898969
variable:0.031238240643339864
are:0.007563663312955595
no:0.006622033742250058
d:0.02143346143972983
it:0.0040335932910584935
not:0.014186117848846233
couple:0.018564657615614814
have:0.01202942619170948
ve:0.03220824174754296
baud:0.03190741055720256
expect:0.02033071225387287
settings:0.02959362380675656
follows:0.025258966574269487
poor:0.023243859945266246
quit:0.02959362380675656
environment:0.02469207944045762
be:0.003402713277279243
which:0.007599366661867751
get:0.007731611619359543
kill:0.021733130038843446
whatever:0.019440944580902134
of:0.002287536300773396
but:0.00782686143824012
min:0.033345371368384676
least:0.014162719898273425
print:0.025860959005027783
echo:0.03465798049376238
they:0.005487762497104374
in:0.0020903494340528293
additional:0.025145622933881975
speed:0.0197556774522693
or:0.003966537986488737
use:0.009781056045572636
weeks:0.021415087560783003
and:0.00224586714406347
still:0.012010053424879688
for:0.0038276336813185177
subject:0.00015704092289422526
offer:0.020677433051716695
i:0.012352269292349085
example:0.016537406727987675
appreciated:0.019910365406919074
we:0.007927905327729235
leads:0.026704679379187985
any:0.006019336860522396
exist:0.02139132044585944
the:0.002660304741137834
start:0.016573894634603015
around:0.013924673136197857
would:0.005486174388849271
can:0.005085682308457138
because:0.010380719405261847
put:0.01463211352674576
is:0.0015804272170039052
having:0.015393478778943303
time:0.009291235117080668
does:0.014335162521617944
faq:0.02283585331116329
u:0.02224496166819421
supported:0.025710763110879754
fault:0.026041176472450665
9600:0.03454593228805242
defined:0.025710763110879754
s:0.00364962518150599
