go:0.012551175818026627
returned:0.030640969043317878
all:0.006155276326750266
where:0.011919076117637173
your:0.008128594981814598
with:0.003773079850255144
way:0.01117659883578415
custom:0.03440155416776892
array:0.035232733986110654
from:0.005461756480194681
oliver:0.03753386265668312
my:0.006130414589227751
to:0.004445803742228486
property:0.029484521573917975
then:0.010296002256618085
been:0.009466067014331865
make:0.011355357957094862
that:0.006714283072925358
think:0.00928869695179713
happens:0.024103725901798573
me:0.006990894712287385
re:0.0024125193727623905
server:0.025822314484823444
so:0.00659232643474142
error:0.12146639223135479
this:0.006773966946727987
child:0.025582997553170284
on:0.006542049357926322
set:0.017092997316941427
you:0.0035857999316691734
children:0.021628237858184036
3:0.015106231900887869
josh:0.06758619634236053
a:0.004504852018859339
how:0.00848621288534919
following:0.017660092084127492
let:0.014871856404856934
oj:0.04356166418814656
mind:0.019546166471033143
it:0.002211970514451432
not:0.0038897419908126766
application:0.04761764784279908
have:0.006596782105131004
made:0.015003739044632267
ve:0.01177505612275764
register:0.03341716973167075
exit:0.034331044035303175
walk:0.02961823854499615
has:0.006869512734751942
call:0.01714165224515295
which:0.008334789242048501
writes:0.004266208974306854
get:0.016959664197304804
if:0.004323551095247802
of:0.0025089107814934017
safe:0.026791877085141757
gives:0.023461448230942615
looking:0.016734744163913833
what:0.005938336148365362
but:0.008584299641940777
never:0.014218962779753938
using:0.014222068249322069
windows:0.01772391729950646
up:0.008667486260337965
in:0.0011463206573838094
or:0.004350396501310228
destroyed:0.03195323402773729
and:0.0036948136886205472
for:0.004198049844026761
subject:0.00017223843156140837
i:0.011084441065861641
back:0.013589398193984113
world.std.com:0.02965210535716482
will:0.007311647386472803
program:0.017913764079897258
the:0.004376630380581598
do:0.009268618308470925
can:0.011155690225002754
specific:0.023646169603035047
return:0.04761764784279908
wants:0.022713130081249994
an:0.023171564866109336
thought:0.017319912291559436
just:0.007576700409457329
jones:0.03200192567699782
n:0.0236194548116413
is:0.00693348714556552
handler:0.1253381530167979
write:0.02099467048379041
time:0.010190386902604605
window:0.06749018209984145
carry:0.025112631289892298
does:0.007861218157016292
2:0.012570384207067154
1:0.012635638012417474
x:0.03929238696188519
too:0.012596889470093527
article:0.005227954066558716
by:0.006389906289143007
protocol:0.033857939047654474
