there:0.026993499575798455
k:0.11143120753681361
case:0.07269444433255164
thanks:0.05862901896812244
work:0.05956095482324423
my:0.027947478274420626
motif:0.27655510858931603
file:0.17873446367402407
this:0.015440659952100559
working:0.09319232384431198
posted:0.10039355660240869
was:0.026042974532393695
question:0.06420547303962072
fine:0.19053862223062118
it:0.02016796645529247
should:0.048318004183337634
using:0.06483589937190944
one:0.02892090905222419
in:0.010451747170264146
subject:0.0007852046144711264
i:0.01122933572031735
normal:0.11095184336819244
got:0.06506334769501688
about:0.02897106412711387
resource:0.14589113176278418
widgets:0.3234879400392558
bug:0.14589113176278418
