at:0.011746200166059081
there:0.012237053141028633
help:0.028534569600557294
all:0.012720904408617216
programming:0.058503723828844424
thanks:0.026578488598882174
with:0.01559539671438793
c:0.034481302605719466
o:0.09335943956799685
to:0.0055127966403633235
gui:0.23062251834461253
tool:0.06268582461357831
make:0.02346773977799605
that:0.013876185017379073
motif:0.12537164922715663
like:0.01552852084678231
interactive:0.07421912378006637
package:0.0518301737740827
tools:0.05932630474891562
hi:0.04201355546685873
on:0.0067601176698572
working:0.04224718680942143
m:0.03650172565642859
a:0.005586016503385581
enable:0.07421912378006637
coding:0.08681194523127772
ee:0.07935040139213875
no:0.015009943149100133
have:0.006816674841968705
sgi:0.07421912378006637
mapping:0.07385380412422485
be:0.007712816761832952
looking:0.034585137938755256
but:0.008870442963338804
ph:0.07315188767775256
easy:0.0441824208567841
israel:0.05067290091784869
for:0.008675969677655307
subject:0.00035595942522691063
create:0.10140921843316318
i:0.007635948289815797
appreciated:0.045130161589016574
room:0.053173713070914744
any:0.013643830217184098
will:0.030221475864087584
currently:0.04798578002476396
the:0.0010050040133187373
interest:0.04870379995557181
would:0.012435328614725015
can:0.01152754656583618
forms:0.063824727962303
an:0.011971975180823158
problem:0.028207537227274457
wanted:0.04060213319394804
x:0.1218063995818441
e-mail:0.036662610355363556
