okay:0.050656072182382314
read:0.053341248515245215
ideas:0.04231757220046436
search:0.05020177999264372
actions:0.046520264049272377
your:0.029645464051323824
someone:0.025923036643094352
to:0.001621410776577448
w:0.07280802011833774
day:0.029921212185445554
provide:0.03972889033274604
could:0.017754225356777145
re:0.004399300032684359
on:0.023859238834790113
x11:0.06273224583534333
am:0.01922748654942783
reader:0.06060885317990458
xterm:0.18486812528939792
more:0.02991574178401708
a:0.0032858920608150473
manual:0.04623055761038544
book:0.07316937672196878
place:0.0319932660860756
not:0.007093058924423116
have:0.00601471309585474
expect:0.04066142450774574
larry:0.10693607143465873
personal:0.03945759377877313
paste:0.07466579813005356
which:0.015198733323735503
writes:0.007779557541383086
applications:0.045885894439933315
get:0.015463223238719086
of:0.004575072601546792
even:0.019754817032541477
available:0.03177722150369682
oh:0.037996660989899685
good:0.03811787885551763
one:0.011568363620889676
code:0.038123676592137605
in:0.004180698868105659
or:0.007933075972977474
and:0.00224586714406347
for:0.0038276336813185177
subject:0.0003140818457884505
i:0.00449173428812694
info:0.03465171128696938
will:0.013333004057685699
source:0.03669727013764499
the:0.005320609482275668
about:0.011588425650845547
does:0.014335162521617944
pages:0.05289403378592429
byte:0.06353469583565549
x:0.0716508232834377
faq:0.04567170662232658
falls:0.058179536500824955
article:0.009533328003724717
online:0.059576198934229455
s:0.02919700145204792
