some:0.008460412138647493
locate:0.08355888345819294
there:0.0066505723592546915
formats:0.036515067810056354
where:0.0133873681031432
located:0.03541502423854907
to:0.005992170261264482
displays:0.036943248363462196
archive:0.03516425953436447
sophisticated:0.0410776313958362
been:0.010632176718995936
format:0.029130829761145033
that:0.005027603267166331
like:0.008439413503686037
nt:0.0103489645177165
suppose:0.027928543374138907
could:0.010935573589319257
re:0.0027097137882476125
file:0.022018013641002965
this:0.0038042205679088333
tools:0.032242556928758485
brown:0.16828273084257997
specs:0.035115131367803754
spec:0.03802884458251046
jc:0.04477926635066223
a:0.0030358785344486846
hard:0.01959589422156166
looked:0.026992776844055686
idea:0.04017936659798198
also:0.010749979215069322
avail:0.0425565832533979
xv:0.03832770660087313
display:0.026711024760402012
files:0.07194155575190628
no:0.016315155596847968
internet:0.020699521326917436
it:0.012422298178984492
have:0.011114143764079409
ve:0.026451213029383105
able:0.019112066855874413
be:0.004191748240126604
writes:0.004791756456649003
get:0.009524449096312481
things:0.01619366614594384
if:0.00485616246205369
even:0.012167822085261055
looking:0.018796270618888725
but:0.009641785829716091
version:0.022612105852649163
seems:0.01707599340131216
well:0.012194695001111195
one:0.007125441360692916
in:0.003862602215097619
or:0.009772629821783846
and:0.00276664793109268
for:0.004715200911769188
subject:0.00019345620936245142
i:0.00968326775882438
silly:0.03385953918465856
actually:0.017712421210877426
pretty:0.02085521780376541
program:0.040241064237450365
the:0.0016385934999762022
do:0.010410404621833284
start:0.020417116578858786
would:0.00675833076887229
can:0.006264970959693575
an:0.006506508250447368
myself:0.02415102943476727
just:0.017020124108201244
newsgroup:0.027856259714306882
many:0.013428992953464445
about:0.007137798408129504
gif:0.16971177910530813
different:0.01831316592761774
is:0.001946903093410608
picture:0.02964150553402464
3.0:0.03349814911190368
edit:0.03840438855254369
write:0.02358097047092401
window:0.025268063346558997
thru:0.03739832735794792
too:0.014148680201916642
nothing:0.018513449286238468
various:0.051660564903698386
show:0.0218120918096727
faq:0.028131123644186663
article:0.005871977393598558
convert:0.031004202863756082
while:0.01572711960781538
john:0.019431002895520622
