since:0.008267857947949096
say:0.00784109493498985
there:0.003792475147013006
help:0.008843358347280153
x11r5:0.019941407296306234
specification:0.023424434432336345
thanks:0.00823713489634778
i.e:0.028549909065912423
stand:0.016271646919282904
c:0.02137270822668562
mathematics:0.02198889184079336
from:0.006996464912646079
work:0.008368068033017784
both:0.018559537870316018
my:0.01177951563632605
to:0.003986526496130503
w:0.012786532458798983
displays:0.021066811050238773
value:0.015429143883292015
t:0.04258302570248665
class:0.016397395337475217
that:0.002866980375491544
think:0.005949372014580807
need:0.007938851204534034
sunos:0.020925524419047537
so:0.008444715680867108
this:0.002169348918890161
hi:0.013020730000059525
on:0.014665544531714998
set:0.021895988298561334
used:0.016317880234188974
am:0.006753456019427131
e.g:0.016773864546245024
xterm:0.08657735895095771
a:0.0028853391029884197
same:0.008025179134415755
want:0.015641305518282494
running:0.012510166993581413
netherlands:0.02404028393299952
question:0.009020603650194647
advance:0.013072319077176238
solution:0.03214757907630784
science:0.013973686884988906
demand:0.019575020366200215
far:0.010286686248435544
computer:0.01107728473208808
shell:0.019914131742457673
files:0.027349682351964374
are:0.005313317203315913
furthermore:0.020313416187453835
proper:0.03393824880199869
it:0.0014167579741321155
not:0.0074740910154045236
application:0.015249453338086484
have:0.0021126058394531112
only:0.011020960646853609
ve:0.015083749578739127
machines:0.016305564193736743
university:0.009712149180159725
color:0.01526707482067515
aix:0.023895278479233943
always:0.010979157429746726
b:0.012648381597166289
command:0.01700930849146213
without:0.009285993738853285
sun:0.014993769851648105
found:0.02210347525005783
things:0.009234404661736568
of:0.004017367470366501
what:0.007606959528897779
but:0.005498208448350498
reading:0.013579843166789217
ph:0.02267103956955141
using:0.009109175944813723
visualization:0.02635274586661697
one:0.016253072855795414
in:0.004405281865152657
resources:0.05471596826735445
x11r4:0.023686886522098025
or:0.002786410982244154
fortunately:0.023553577174088847
use:0.013741979568159902
and:0.0070995386992089024
for:0.009410917522250074
subject:0.00011031800368602602
however:0.019810734745429034
create:0.015714238393568673
values:0.01764853872042673
i:0.00867721396569977
fx:0.027717380936330097
20:0.025990349986823306
the:0.003737618231350676
do:0.005936511726499972
when:0.005403613400180727
ibm:0.016282921773221763
got:0.009141131494341216
colour:0.02185629549967146
can:0.007145173491220772
home:0.02420961199885412
come:0.009922287911030614
last:0.01801787233107023
an:0.007420645773237494
thought:0.011093332252858317
about:0.004070314794718478
different:0.03132913509931299
n:0.045384489617409936
is:0.005551087332451733
either:0.010345300442617182
white:0.014045327048845422
31:0.038523279770487175
does:0.01007015549039277
life:0.011530493195407892
2:0.008051279140890119
run:0.011061299290857004
x:0.037749917225778126
first:0.007758491030541492
loaded:0.019284920123748776
resource:0.0614913034702644
remote:0.018618026127354196
stands:0.019754154419396968
by:0.0040927085736246534
black:0.014584927091917098
seem:0.011403770887998916
while:0.008968357462307943
include:0.013890592038200833
s:0.0051275725690580025
