where:0.04198765450531277
much:0.039709019762725714
someone:0.05007859351506864
to:0.006264541636776504
london:0.11547560153916539
could:0.034297935348319486
me:0.024627015463739653
exactly:0.073099605756182
ps:0.10239914370044807
uk:0.0982190791967906
programs:0.08029959373396629
hi:0.07161401500032738
these:0.03765081757043052
you:0.012631795213834588
suggest:0.08344090466159358
a:0.0031738730132872617
how:0.02989461357338919
college:0.09362534774019665
xlib:0.12300644553812998
works:0.06761649985342591
not:0.013702500194908294
ftp:0.08621288516566081
site:0.08876282266905924
of:0.004419104217403151
leo:0.13065354182497574
what:0.020919138704468893
explain:0.16341170581875472
using:0.05010046769647547
find:0.04810106221984978
or:0.015325260402342849
subject:0.0006067490202731432
i:0.004338606982849885
the:0.0034261500454047865
do:0.016325407247874926
thank:0.08251123424476169
can:0.019649227100857123
does:0.02769292759858012
man:0.06586475769989089
pages:0.10218165617735374
functions:0.21291114105938655
