explains:0.07265720987625551
out:0.01530100128675922
there:0.01191920760489802
formats:0.06544258906217892
allows:0.053671082923976154
into:0.023257193545225797
from:0.021988889725459107
to:0.008949345195395005
plot:0.07382100414495274
most:0.024111629402169325
that:0.004505254875772426
like:0.015125182642969782
need:0.04990135042849965
anything:0.09043796689556118
re:0.004856370165950267
so:0.013270267498505456
this:0.013635907490166728
something:0.02585274437874705
on:0.006584530197912856
you:0.014436337387239529
support:0.035570861162772804
m:0.017776814443065874
a:0.0036272834437568705
303:0.07676980220515205
popular:0.054934705144583935
not:0.007830000111376167
have:0.013279236705133842
probably:0.031002905389989722
ve:0.023703035052304342
hughes:0.1328756515274985
raster:0.07810985722119401
greg:0.11374723629858241
anybody:0.0394752616222428
found:0.03473403253580516
converter:0.13996761314980585
writes:0.008587823259968343
of:0.005050404819889316
what:0.011953793545410795
postscript:0.0653365720408911
in:0.004615057192064688
comp.windows.x:0.08366107819297244
and:0.0024792039901999343
for:0.004225309907949013
subject:0.0003467137258703675
doug:0.11225037622490354
i:0.004958407980399869
the:0.0009789000129727962
do:0.009328804141642815
would:0.0121123330662906
an:0.011661014786516061
viewer:0.06968524140315359
lack:0.05038339037535827
does:0.031649060112663
wanted:0.03954753233176757
x:0.03954753233176757
image:0.04806575320693087
convert:0.055565973963614804
