out:0.032727141641123884
there:0.03824079106571447
know:0.01713715452303197
your:0.017499058641406422
with:0.00812260245541038
user:0.052522826161014106
twm:0.1746597872508783
like:0.01617554254873157
me:0.015049842783396453
reply:0.04987772943548811
hi:0.04376412027797784
roll:0.0748437931426045
you:0.00771943040845447
etc:0.03225449982580882
m:0.019011315446056557
openwindows:0.07656065364214863
a:0.007758356254702194
ms-windows:0.07637909695371317
as:0.01111269666968081
ears:0.07584824677565487
idea:0.03850522632306606
d:0.025303391977458824
anybody:0.04221659923489854
be:0.008034184126909323
which:0.0179429490627433
certainly:0.04271885107299501
looking:0.07205237070574011
but:0.00924004475347792
please:0.026602991068128537
one:0.02731419188265618
in:0.0024677736374234785
better:0.03105855376807504
and:0.005302741867927637
for:0.009037468414224276
known:0.04523512149536608
subject:0.00037079106794469857
i:0.005302741867927637
eyes:0.060022770620260915
got:0.03072435863375797
can:0.012007861006079352
last:0.030280035445270803
an:0.02494161496004824
is:0.0074631285247406635
night:0.046497706202555895
somebody:0.05271844754826049
told:0.043058607871237914
x:0.042293888743695864
icon:0.07790269302671907
every:0.033779840651908276
under:0.13485130150586883
e-mail:0.038190219120170364
shown:0.0573523277362731
close:0.04826268355792417
s:0.0086171705674447
driven:0.06537919396487182
