some:0.014066709338956075
send:0.03534153157682196
rick:0.28991942657401193
where:0.04451703128274125
with:0.00704611297336804
miller:0.1721094953326471
into:0.021575950638342004
options:0.1635535087473548
to:0.0016604809157720853
clients:0.06437699677338275
me:0.013055285306078853
started:0.039508974409504884
vi:0.06906297034153883
so:0.012310971052830364
this:0.012650179237865518
these:0.01995946955540895
set:0.03192065764007134
a:0.006730140365524796
how:0.015847746954567764
soul:0.050788907094342126
it:0.004130788310120145
only:0.01606670166589502
ve:0.0439791252777695
kind:0.03319911683088024
device:0.04836331066157622
list:0.07015972522702602
get:0.031671662055207765
if:0.008074101442932642
of:0.009370630629674153
windows:0.03309888170389761
find:0.02549935828522157
up:0.016186269522317887
one:0.011847119370790632
in:0.00214071929993362
and:0.0022999844246433124
subject:0.00032165008303636504
i:0.00919993769857325
back:0.025377791808042623
the:0.0009081361566133169
thing:0.05455258879819173
would:0.01123674272414911
can:0.02083291548042683
linux:0.19273159865075357
an:0.010818049862189599
just:0.014149259800793807
toolkit:0.13220220664654075
is:0.0032370196010923363
number:0.030147769257804317
run:0.032251017209486685
x:0.07337734914568922
under:0.05848972113507565
woods:0.0744522741733902
show:0.03626588758716666
xview:0.06946461395922064
