keys:0.0753623962520481
some:0.022452632214102965
configuration:0.27364811392481736
at:0.016941634854892907
there:0.017649595876483605
thanks:0.03833435855608006
allows:0.07947448817588776
into:0.034438536595815125
such:0.036981100066688435
to:0.005300766000349349
keyboard:0.17479934753742293
file:0.058432420816507874
2.0:0.09018863092352412
integration:0.1133049362296078
am:0.031429545321180107
e.g:0.07806298500367877
a:0.002685584857396914
as:0.0153868107734042
question:0.041980501602828936
compiler:0.10758856077830142
anywhere:0.08127556355489349
files:0.06364060701130171
ronald:0.11222629264016466
provides:0.08496443048153135
of:0.003739242030110359
menu:0.09907216385176712
available:0.05194353515027366
using:0.0847854068709585
in:0.006833834688249634
for:0.012513417804310539
subject:0.000513403017154198
i:0.003671128985488364
any:0.019678601274784758
the:0.005798100076838869
specific:0.07048377477827755
interested:0.055328388757979234
is:0.0051667812863589214
hp:0.08318552896262163
especially:0.06010184052879503
sco:0.3716482512033968
