at:0.0236500674484411
mark:0.04031710019184148
k:0.025427255411084985
take:0.014266772686816802
thanks:0.013378433858497739
such:0.012906155727971802
o:0.02349650324697907
1992:0.026482862650230147
1.0:0.036821419972023095
from:0.017045078948258567
availability:0.03593600022005969
reach:0.029250358852552873
both:0.015071839478578777
my:0.012754553843359748
gui:0.07739010682705119
w:0.02076738828878761
look:0.015913881370979266
tool:0.0315532674229421
formerly:0.036908020004478855
us:0.013824673732785208
direct:0.026803863238752845
been:0.009847250920949256
client:0.033602808695097686
that:0.004656437925294991
motif:0.0946598022688263
13:0.026427775533331962
higher:0.02491190545663015
months:0.0227905673824149
re:0.002509667803880339
complete:0.024853797652985087
phone:0.019713739102077642
tools:0.08958670180205378
unix:0.026594412188727067
on:0.006805487587104563
you:0.0037301945597900794
am:0.021937400761092154
them:0.009837981016994905
a:0.0028117532735162315
was:0.011885384350354168
as:0.005369893692731667
also:0.009956356588453466
based:0.0202745168583929
l:0.022180943481566195
d:0.02445428486412128
requires:0.02694063614034111
not:0.0040463758964829856
46:0.03482644330445308
dial:0.04036549668477811
have:0.006862424337552387
made:0.015607916455825512
has:0.00714613740863457
list:0.01954113152296362
environment:0.05634434234735296
which:0.008670418339043744
g:0.023724845375916122
writes:0.004438002624278942
of:0.002609940745848841
vms:0.23648893244170108
looking:0.01740862647923922
but:0.0044649880687947
released:0.02903119131581426
version:0.041885511512289725
least:0.016158807937627397
port:0.027985081445298928
using:0.014794768984194098
email:0.018415427241395575
in:0.008347368545378748
thomas:0.049449731731934225
x11r4:0.03847131904931357
or:0.004525580253040841
and:0.0038435981324576158
for:0.0087341976620691
subject:0.00017917420732898185
p:0.022591463353230538
i:0.00640599688742936
6:0.019720467332612044
info:0.019767754761022802
the:0.0040469960267868615
can:0.005802456325085324
an:0.006026162003770045
note:0.019877108046164414
btw:0.02517980215062641
e:0.04175690867186345
company:0.022591463353230538
interested:0.019309236345066576
n:0.07371172139203493
production:0.03221258580940796
run:0.01796533173414359
faq:0.026054329281193018
article:0.005438475706822825
november:0.03601183616136125
built:0.024781863315937944
619:0.042594582825869476
s:0.00832800376987944
