at:0.016941634854892907
to:0.0026503830001746746
relevant:0.08646140138083779
nt:0.013732279840816125
anything:0.044639252890757763
anyone:0.03217143749310368
file:0.058432420816507874
contrib:0.11933681236143553
assume:0.06675939529402262
a:0.002685584857396914
wondering:0.06921025965110186
looked:0.07163467700922471
was:0.017028098732718953
it:0.01318674729769123
mit:0.09855002944665266
knew:0.07465567428649537
be:0.011124254944951372
if:0.012887508072373256
of:0.007478484060220718
interface:0.08120576032315159
but:0.012793908120200198
find:0.04070089880141135
called:0.05158181722801412
in:0.003416917344124817
winter:0.10340754392050865
for:0.0062567089021552695
subject:0.000513403017154198
i:0.011013386956465093
dump:0.10758856077830142
any:0.019678601274784758
actually:0.047006040905790095
will:0.021794333555832393
exist:0.06993316299607895
the:0.0014495250192097173
do:0.013813806132817245
hello:0.07440943828176484
would:0.017935570117391848
hate:0.07742287004918902
did:0.03161367391236472
an:0.017267271895418015
export:0.09979115485314441
viewer:0.1031877613085159
core:0.0948162599381727
does:0.023432477198798565
index:0.09889653916785801
john:0.051566892299650884
main:0.14301603890872416
