another:0.020344085599895218
above:0.02497849568925271
read:0.020798193228421302
out:0.02161792842349468
there:0.008419990693368325
know:0.011319955281268824
take:0.019502285599410123
tips:0.052148782744599644
from:0.00776671793055207
name:0.07602474786688765
my:0.02615268609165967
corp:0.04246022610011053
to:0.0012644028991659
nt:0.006551179373600354
file:0.027876017270260636
error:0.1381819507953027
getting:0.02488258323141914
pulled:0.0459341146382528
m:0.025115866277359122
a:0.0012811964457306378
same:0.017817370188335895
as:0.00734049688272494
following:0.025112974982016163
said:0.02010554888682048
copy:0.03134506371617746
whole:0.027448765825938443
computer:0.02459360463454418
those:0.017026749121904224
kevin:0.08267086830861864
it:0.0031454626581648806
have:0.0046903725976848885
made:0.021335592219431206
try:0.022352198828838467
complaints:0.04805440565626552
messages:0.04013798404941194
b:0.028081727949671943
types:0.03758621295395302
sun:0.03328892022109029
found:0.07361065610799075
down:0.021691427311496862
listed:0.04164949994919227
if:0.006148168988655132
of:0.007135434332687657
key:0.08823419370375897
gives:0.033362609869689044
but:0.01220703160092496
lines:0.032414514901784555
up:0.012325324498645731
in:0.0016300890082063348
and:0.0017513642866549995
for:0.0059697039066435595
subject:0.0002449262100185165
table:0.12467599330676825
i:0.012259550006584996
sciences:0.0466927542331621
translation:0.1305477240742248
any:0.018775913142913898
program:0.0254737012145328
the:0.002766066091702947
users:0.03622658319501085
when:0.011997013237098494
start:0.025849193466812043
warning:0.2361545404183165
unknown:0.12988448870966351
type:0.029729472571850428
does:0.01117879646181216
while:0.05973419740950062
