some:0.009492169716531336
obvious:0.031273563527658636
out:0.019157351204560327
ideas:0.029243850707637974
there:0.0074616177689198985
all:0.007756649029644644
actions:0.03214814995274921
ever:0.021491236234389113
inevitable:0.045840713683984284
way:0.01408433186623206
someone:0.017914293615146504
times:0.02284939952433355
my:0.007725319197807328
to:0.001120487122025066
everyone:0.024857827296854502
keyboard:0.03694945557701623
enough:0.01977356525965363
been:0.023857567271893323
make:0.014309597425607348
that:0.008461088425231142
r:0.02520503875389537
me:0.008809664068329632
re:0.0030401666892534195
michael:0.024428416273769835
so:0.008307403230771709
this:0.008536299810917383
on:0.004122022969425122
you:0.004518690970802617
xterm:0.1703391940335916
a:0.0011353692080051994
button:0.03866263469340365
others:0.021921367667222736
it:0.005574885036422309
not:0.009803414773592926
should:0.013356196278320973
have:0.01662603619992367
mouse:0.14133112771472622
feel:0.024766477107692503
be:0.004702937049898141
paste:0.2063932631237253
common:0.02736689463114919
writes:0.005376117000142784
down:0.01922248436547283
making:0.02499680642985694
of:0.00474245330648143
but:0.005408806684962686
fact:0.019498106736819832
who:0.010512624993771126
up:0.010922442035385243
now:0.013430198356733694
in:0.0028891008438128537
moving:0.06895905010798915
and:0.0031040440202503242
for:0.002645112706602228
subject:0.00021704843001640894
i:0.0031040440202503242
will:0.00921386459270963
the:0.0049024586015548165
do:0.005839983080540624
around:0.019245483196371024
would:0.03791258724001528
once:0.02181326174735696
maybe:0.021527748636929467
an:0.007299984866355584
thought:0.021825905733265958
problem:0.017199717821508816
just:0.019095748999445303
many:0.01506667502096011
middle:0.03265935199301287
changed:0.03072613978726362
is:0.008737321199696387
alternatives:0.043087850571146585
window:0.05669906897276654
questions:0.02458679948980091
release:0.032307345442172834
before:0.03457226450768528
grateful:0.04381100086396362
by:0.016104641866945792
pressed:0.04634118435877643
s:0.005044197405333483
