thanks:0.1049150865745349
to:0.007253679789951741
format:0.21158181615989546
michael:0.15814185271966785
am:0.0860177029842824
etc:0.12222757828727555
looking:0.27304056267438354
utilities:0.2721195562136382
for:0.06849449745517347
subject:0.0014051029943167523
i:0.010047300381336574
appreciated:0.17814537469348646
any:0.05385722454151617
information:0.12835901497282973
converting:0.28875745135954956
