to:0.007449725189680167
that:0.009375800687418293
anyone:0.04521391215247003
this:0.028377429101157786
bus:0.2187590622570628
card:0.08272725260849302
m:0.036994992219353304
a:0.0037743354752605273
series:0.09695541515588288
want:0.05115129642465356
old:0.14313043688336888
ve:0.04932793781155228
mouse:0.469830505646252
bob:0.09956770308186758
email:0.07415942321534975
and:0.005159424520145809
for:0.017586425022274272
subject:0.000721539375459954
i:0.010318849040291619
7:0.08625752780895421
an:0.048535034516850636
replies:0.12112995234625967
is:0.007261422348396322
acquired:0.1582193609718043
does:0.03293213011723041
told:0.08378972342511162
wanted:0.08230162133908385
