keys:0.05319698558968101
some:0.0052829722856712865
report:0.017175240830202512
simply:0.013840015112594523
mirror:0.024331186804825565
pc:0.04524219993662285
resident:0.02657379406773263
locate:0.02608852017472993
know:0.005583145364969692
fluid:0.027214746633628682
swap:0.04815666810381894
thanks:0.009019849072018839
codes:0.04976737539065475
with:0.002646277723029626
from:0.003830643685204415
mechanics:0.026747849637089174
work:0.009163223818960651
to:0.0037417171767171876
caps:0.02331109737688638
within:0.014644571114582885
then:0.007221178053284178
lock:0.06862817185166047
keywords:0.026012469865606028
archive:0.02195777292191085
keyboard:0.16451703297639805
software:0.012741112617562248
civil:0.018883346061269294
that:0.009418225124917922
memory:0.015301503285824957
00:0.028717614665405216
location:0.020772972735178297
re:0.001692038474109369
anyone:0.007569749998377336
this:0.007126458439431028
map:0.044889579003933595
best:0.011018896289418255
programs:0.04796174829359072
apr:0.016865195823701353
directory:0.0381491338355692
on:0.009176630321073121
cap:0.05248913244060166
you:0.010059710215542477
used:0.008934224019623826
am:0.00739518713439532
state:0.01202585242959555
m:0.006193731729032001
a:0.0063190231938750905
other:0.006241212614624031
j:0.027639173389401472
mon:0.024436421475252112
rpi.edu:0.026747849637089174
03:0.02962562686206654
driver:0.01665061356781173
colorado:0.02132670446876905
compiler:0.05062991095449479
also:0.013425313408864856
bios:0.021836292152516333
01:0.027022169192819648
it:0.0046541461050674925
not:0.0027280995863165833
have:0.006940053572140084
date:0.016189136605354405
shareware:0.022444789501966798
binary:0.024279473249062565
provides:0.01999163070153679
sites:0.020610105754871034
exchange:0.021927095605234922
writes:0.002992137515916572
if:0.006064709681116827
of:0.004399108270718069
key:0.029012148155987114
department:0.015692649695443154
available:0.012222008270652627
looking:0.011737037762021015
gmt:0.01917329563902731
pete:0.02352357241348263
good:0.0073303613183687754
in:0.004019902757793902
feature:0.04276114561180342
compiled:0.023885756611100442
5:0.011759605823156938
rather:0.011644722411370424
use:0.007523889265825105
and:0.006046565387863187
for:0.007360834002535611
subject:0.00024160141983726967
each:0.011520404512943961
however:0.010846601376456622
create:0.01720744656671321
forth:0.022343102371414496
editor:0.020893003297772994
i:0.0025913851662270806
info:0.013327581264218994
back:0.009531025882658542
possible:0.011660505081287702
will:0.005128078483725269
program:0.07538371309640023
normal:0.0170695143643373
than:0.006473308969318829
the:0.00375171181442515
do:0.006500614650737527
see:0.008006270413625232
wind:0.02291392266701133
can:0.007824126628395597
specific:0.016584417594888837
peter:0.03332029937399056
laboratory:0.021659975552817762
is:0.002431426487698316
edit:0.023981020906113256
new:0.0078009030085228375
provided:0.018271336803640473
does:0.005513524046776133
02:0.026165870551921332
1993:0.013708849787376187
engineering:0.03499320808346697
article:0.0036666646168171993
luck:0.018655152153455302
written:0.01621501782106837
aware:0.018537996434302623
wish:0.016905328121170946
john:0.024266772846894533
summary:0.019465325146437135
