know:0.013559067314926395
help:0.023517502418041725
search:0.04689177252060128
take:0.0233598805531396
with:0.006426674470214807
interior:0.06147917758760082
from:0.009302991806925008
signals:0.05583435678816788
post:0.028379975872870118
my:0.010441914959673641
to:0.0030290091430567713
need:0.04222421959334585
this:0.005769037784301308
two:0.04098438313523762
used:0.021697401190515008
etc:0.02552004381822237
them:0.01610834254431034
board:0.0394636980148917
a:0.006138479674050089
want:0.02079777986496903
as:0.01758492659817623
also:0.01630216628219304
video:0.07682881742560489
it:0.0037676420850546372
not:0.006625384709625988
being:0.021382460768408225
gordon:0.09860470610657189
exists:0.041006956736465434
device:0.04411159104297611
be:0.006356717111400784
which:0.028393238077308085
sort:0.03447759678748385
of:0.002136709731491634
but:0.014621609280228797
please:0.042097040811104505
one:0.010805614371160687
email:0.03015273251613122
according:0.037796991259189214
or:0.02223004805614567
and:0.00629336397512291
for:0.014301048919212045
subject:0.00029337315265954173
i:0.010488939958538182
leads:0.04988786257650503
signal:0.09902334775427947
any:0.011244915014162719
will:0.012453904889047082
exist:0.039961807426330834
the:0.002484900032930944
do:0.007893603504466997
can:0.009500725191623224
isa:0.053030995227539665
rgb:0.11843413420368187
may:0.020450829971866275
simple:0.03625481930721144
an:0.009867012511667437
either:0.027511678100146795
hardware:0.07801496975108906
window:0.038318601558518045
beleive:0.06163729558157993
lang:0.13697104373355623
identify:0.0547614065731798
