pc:0.1449061766086036
where:0.16064841723771842
my:0.041313663536100054
via:0.14861875559198456
to:0.005992170261264482
best:0.10587722086788844
on:0.02204386196692565
roger:0.19190238145941704
it:0.01490675781478139
ftp:0.16492899770822067
be:0.02515048944075962
get:0.11429338915574977
net:0.14413662977819489
subject:0.0011607372561747086
i:0.01659988758655608
the:0.0032771869999524044
would:0.04054998461323374
can:0.0751796515163229
run:0.11638410558206064
