sent:0.051798345750557924
believe:0.03060101239901888
know:0.0173785228965958
returned:0.06689225636217283
thanks:0.028075868238255818
my:0.013383299455356356
to:0.011646753465556317
that:0.009771961279844418
really:0.02748444708719614
nt:0.01005744439045688
this:0.007394118850301676
reply:0.05058023266697386
contact:0.04901510280254321
on:0.007140969369567464
you:0.0234844643412136
posted:0.04807578766875909
a:0.005900721658505894
was:0.037413850736678265
andrew.cmu.edu:0.05739125924967972
helpful:0.06541694889091841
model:0.051534528332162675
d:0.025659777779958245
it:0.004828949714647492
ken:0.05811370001570157
have:0.007200712861234548
second:0.038728109530313616
be:0.00814734164982354
14:0.052589476334600954
get:0.037024619022285134
if:0.018877476613053782
never:0.031041397617772682
beginning:0.057043475973759
message:0.09147379967773864
and:0.0026887141865548584
for:0.004582378350874282
subject:0.0003760134773523704
i:0.013443570932774292
the:0.0031848718731931815
would:0.026271821017024678
because:0.024855243646401605
did:0.02315367666821078
btw:0.05284212000624415
company:0.04741025407931479
is:0.0037841215055023085
number:0.07048633375768333
smith:0.05546110640093609
first:0.02644443421677523
going:0.030673460338727924
