bottom:0.015260252135540886
sent:0.012509124313910247
at:0.008989438902596235
out:0.004007405098913129
there:0.006243394459708486
know:0.016787416675623154
help:0.007279226938917677
all:0.006490257351335314
happen:0.011502150429140528
story:0.012228086829974843
vertical:0.01836887464636298
anyway:0.010369094631443993
tried:0.021073905122698442
thanks:0.006780226683388309
graphics:0.011968508299794973
cut:0.02490486731839729
with:0.005967626293770891
hell:0.011610139198918012
into:0.012182339476070655
times:0.028678327974418636
work:0.013776003156396623
both:0.007638449259551829
my:0.012928085188167364
to:0.002343876122603454
aspect:0.017782244509114874
been:0.0049906135619776845
that:0.0011799477055594448
mach:0.02119789962543132
smaller:0.015276334248452266
nt:0.014573031667804865
me:0.022114054702133564
wait:0.01248775443915006
so:0.006951092499217143
anyone:0.011380372446540075
phone:0.009990976619760438
had:0.01043815296382405
this:0.005356963656851214
off:0.014853452026913948
two:0.006342821199501059
on:0.0017245198137390812
set:0.009011614231720819
you:0.0037809455061817814
am:0.005558967199664509
shorter:0.019849548358124358
size:0.012247881418591386
support:0.009316177923583352
card:0.05205626439650071
bill:0.010528958760856182
m:0.013967497062408898
more:0.0043245545095943055
a:0.0028500084200946837
other:0.004691523768135751
same:0.013211519391351104
wondering:0.012241270414480601
was:0.0030117725649706994
let:0.01568120913437296
fine:0.011017539380682177
advance:0.010760208219988604
ultra:0.018212462696560863
solution:0.013230806354534858
ratio:0.018136873795932592
starts:0.01521245705575976
computer:0.018236074184798064
pain:0.015057823130328616
it:0.005830874655441701
not:0.002050714314884234
should:0.005587796402154692
couple:0.010734665968212648
have:0.00521684299130258
try:0.008287039701848273
only:0.0045358375451336275
ve:0.0062079377517939936
32:0.014566050243216005
able:0.00897097015683901
customer:0.01840912790366571
has:0.007243363767935721
screen:0.05086132204225915
ati:0.03492224626672584
800x600:0.060521197929519245
get:0.004470659779901776
if:0.009117692785896725
of:0.002645450143751546
even:0.00571142669308172
what:0.0031307554523694937
but:0.004525736205785103
windows:0.00934424211368538
please:0.006515018220766173
they:0.019039176010362115
up:0.009139186192873365
pro:0.015308728403252456
called:0.009123314611757598
over:0.006822927729657679
one:0.003344594924406879
in:0.003626116365193683
system:0.0076027970382398806
lb:0.041865448628619704
use:0.0056557126794127485
weeks:0.01238287375963643
p.s:0.015424601037822543
install:0.01502772239809398
and:0.005194522646133195
gets:0.01135141613058777
for:0.0011066287854152176
subject:9.080597582319148e-05
space:0.01039970325684729
inches:0.01893344994389448
i:0.0064931533076664945
top:0.023004300858281056
back:0.014328957279371004
any:0.0034805689329551266
program:0.009444331402666923
than:0.009731981511697014
2000:0.029426173510587243
the:0.004871192921697962
do:0.004886516455146235
when:0.00889574450914106
would:0.0031722777078380137
can:0.0029407006545500453
because:0.006002456798960932
did:0.01118306832274126
gateway:0.04924306699700111
increase:0.014301856235330907
problem:0.028783201252320874
just:0.015978075693413415
bar:0.017139725706761144
about:0.006700790342325656
different:0.017191951687151343
is:0.0036554098896688964
1/2:0.016133448893526647
gifs:0.02084873583611131
having:0.0089009911306815
new:0.011727888196486713
days:0.01013011096785773
does:0.004144519776658249
2:0.00662724337447418
their:0.005148583736672496
told:0.010544965192956224
1:0.006661645890900369
first:0.006386240916296058
whenever:0.03226689778705329
change:0.010108874516702337
resolution:0.01519667345182608
very:0.011858792461111886
ass:0.01657580647260215
numerous:0.016391904359437947
already:0.00988362694318827
before:0.00723195328987294
going:0.007407536340305042
black:0.0120052801232787
while:0.0073821173669337495
everything:0.021018112135532334
