read:0.012123011026192095
ability:0.021434704093360575
out:0.006300412294547913
there:0.009815818027563074
all:0.005101967008803696
send:0.0313726964799596
thanks:0.010659821630567716
your:0.00673760546620996
wonder:0.0197345866728178
companies:0.021265413612768642
from:0.0045271243552415805
wrote:0.013773128206913695
post:0.013810576494284387
both:0.012009112739616246
my:0.015244079058774888
to:0.007370048984442945
remember:0.01488034244129001
within:0.01730722040814341
then:0.008534119517517664
most:0.009928317989128544
make:0.009412195098126757
arrived:0.028228621449482336
could:0.008070102434898701
re:0.001999681833038345
anyone:0.008946068179900487
fixed:0.02425044227336806
policies:0.027957111688127128
30:0.018305376868309575
yang:0.0700242089467027
big:0.014843746277366615
on:0.005422554280634116
you:0.02080530976396285
american:0.017256872820257837
used:0.010558628386828157
am:0.008739766613376287
them:0.02351645729730868
card:0.049105481494880886
computers:0.04639324991003924
sure:0.011668684599781836
board:0.019204259461792213
a:0.0029871746007409518
was:0.004735086278617035
copy:0.018270652112638192
fine:0.017321692930056472
advance:0.016917118805757483
computer:0.02867061930658091
express:0.024896869500964054
results:0.019588683149029198
no:0.012040061349545559
requires:0.021466068368507087
it:0.0036669029918713577
not:0.0032241176929195983
purchase:0.11664335505826315
catch:0.02591384026073218
namely:0.028573747230966673
ken:0.022064559899009684
between:0.012421742492226768
mother:0.02277863151732264
points:0.019599766248504985
has:0.017081943431335043
call:0.014208321379672232
claims:0.02008730307812153
credit:0.07752617821002317
get:0.014057475671562805
if:0.014334768337185224
of:0.008318313820994166
trying:0.01441886750303955
monitor:0.020038908235769027
key:0.0171435420921742
but:0.0035576642901091454
year:0.026468029050370608
warranty:0.16471348239172295
print:0.02350996273184344
double:0.07087941794181225
must:0.02478567302117109
up:0.01436856011072069
one:0.015775041301213197
in:0.0019003176673207537
extension:0.02708009042464975
additional:0.022859657212619976
or:0.00721188724816134
use:0.01778373826467752
and:0.0020416974036940633
for:0.001739833491508417
subject:0.0001427644753583866
offer:0.018797666410651538
i:0.0030625461055410956
info:0.015750777857713356
any:0.005472124418656723
allow:0.01875013193248445
will:0.006060456389857136
the:0.0036276882833697734
claim:0.01746117136256677
imagine:0.021057425424954344
just:0.006280152745806876
about:0.005267466204929794
company:0.01800068470391096
is:0.0014367520154580956
limit:0.023745577650528094
either:0.013388035866916352
maximum:0.026172943915202484
today:0.015182493399991191
applies:0.02546361517399235
days:0.031852969246525906
90:0.02156128026494295
does:0.0065159829643717925
by:0.01059289277879322
apply:0.021387999922404668
