eisa:0.0900067826690277
thanks:0.03215139749864779
work:0.0326624590966178
my:0.015326036473069375
to:0.002222901871114243
line:0.0455452217549353
pin:0.1572028097724204
like:0.018784501024333437
perfect:0.06532398055059498
me:0.017477236780718462
simm:0.2707067013131455
you:0.008964499829172932
3:0.03776557975221967
a:0.004504852018859339
ps/2:0.10008893939991366
requires:0.06474443201469074
it:0.02211970514451432
not:0.009724354977031691
have:0.016491955262827512
simms:0.0808836558906247
get:0.021199580246631003
if:0.010808877738119504
what:0.014845840370913407
shipping:0.06618237887648062
in:0.00859740493037857
system:0.03605197305229879
or:0.010875991253275569
for:0.026237811525167257
subject:0.0004305960789035209
i:0.009237034221551367
paid:0.06670951835116382
4mb:0.09354917959171746
addition:0.06395749388292571
will:0.018279118466182007
would:0.015042736227489936
because:0.028463262885395385
drop:0.06983341381219436
is:0.00433342946597845
type:0.05226633081180155
72:0.1683266964269923
sale:0.15362284616630464
1:0.031589095031043686
condition:0.06125959820137131
