andrew:0.14482531381430763
your:0.09691786324471251
into:0.06887707319163025
wrote:0.09906057594972544
day:0.09781934752934124
memory:0.13006277792951212
re:0.014382327029929637
you:0.021376884208027764
shadow:0.4127510452340636
a:0.005371169714793828
gordon:0.1725582356865008
ucsu.colorado.edu:0.21052509807900047
what:0.03540161934602428
subject:0.001026806034308396
face:0.13804890734406
when:0.05029517087860523
put:0.09567151152102997
mask:0.4127510452340636
is:0.020667125145435686
keep:0.10190056092792005
lang:0.23969932653372342
main:0.14301603890872416
