xt:0.049667112464162055
keys:0.038047035001033985
above:0.026433553690568396
some:0.03400592840194235
reference:0.03622944721377043
pc:0.06471537984461909
characters:0.04916482436319906
ideas:0.034922268320771555
there:0.01782095117625529
all:0.009262794472294089
thanks:0.0193532683972443
way:0.016819153587830517
mentioned:0.0341278021241926
from:0.01643829620252768
except:0.03130447979615353
to:0.005352229747925556
besides:0.03932123101103775
look:0.02302105169199913
displays:0.04949677936075517
keyboard:0.044124107145368886
software:0.027337727072633558
that:0.01010401821653816
nt:0.006932801473033383
anyone:0.016241890773217388
mean:0.025664291813882138
hi:0.030592394757421402
on:0.004922415779022232
specs:0.09409491512149354
great:0.02447816202653084
sequences:0.05777941848942141
corresponding:0.053265937629431465
inside:0.03644714103955521
a:0.0013558292483945582
how:0.01277051453620509
as:0.007768098642883674
standard:0.05910766097984925
advance:0.030713604045404363
it:0.003328693492621087
not:0.005853495228892862
have:0.014890794557698627
neat:0.050853691422649915
heard:0.026239294751649263
which:0.012542644005024443
found:0.025966218497640747
of:0.0037755453507910416
interface:0.04099708288159109
what:0.00893633109705467
kb:0.0616174062238306
they:0.009057472082599452
commands:0.04698207860752984
one:0.01909341568496354
in:0.003450091298922145
opposed:0.04346722706309884
for:0.0031587268243890676
subject:0.0002591937562331873
i:0.0037067710144736876
any:0.019869655656093343
program:0.053915212279302425
exist:0.03530606287180684
the:0.0051225932717702625
do:0.006973960377732976
would:0.01810970186610439
can:0.008393844586773915
specific:0.03558404163563526
may:0.0180682090042702
an:0.008717457655939191
eg:0.049083579220766865
is:0.002608472105734601
itself:0.03265102757858621
does:0.011829988488713836
too:0.018956484154024237
show:0.029223967667328467
somewhere:0.03766525299905424
by:0.009615878396283166
data:0.05697758491661771
