mode:0.0346550701038754
some:0.0052829722856712865
obvious:0.017405648479194628
simply:0.013840015112594523
configuration:0.021462597170573913
there:0.004152846088584378
thanx:0.02195777292191085
know:0.005583145364969692
help:0.01936735493250495
dos:0.047912475424125855
take:0.009618774345410424
fax:0.013840015112594523
with:0.013231388615148129
c:0.07021079716096723
from:0.003830643685204415
post:0.011685872418240636
dealer:0.020011608159496593
often:0.014060273250129894
config.sys:0.026489214280347326
my:0.004299612042218558
to:0.005612575765075782
ega:0.028451368058966604
sound:0.015616213977956702
remains:0.020893003297772994
software:0.012741112617562248
that:0.0015697041874863206
problems:0.02482419218001605
v:0.017405648479194628
like:0.015809580047629047
nt:0.006462249336854647
happened:0.015259280084789282
master:0.02151811795153235
phone:0.013291163467011625
error:0.034076544426895915
this:0.0023754861464770093
something:0.009007517272233135
set:0.011988301285637654
you:0.0025149275538856194
tell:0.01090509074037309
2mb:0.028079249967396597
reader:0.02331109737688638
card:0.013850264011376661
more:0.005753027266157131
a:0.0012638046387750182
hard:0.012236350237898232
other:0.006241212614624031
same:0.008787752717324038
was:0.004006611466522107
following:0.012386037434569057
sg:0.031718945965904154
drive:0.03833217758560166
scsi:0.01914014613634825
equipment:0.01825772811104339
also:0.006712656704432428
vga:0.020408966557717935
advance:0.014314485143333257
computer:0.01212987739893808
l:0.014954572754540105
no:0.015281616328269364
d:0.03297455606112282
reason:0.024182913339443692
it:0.0046541461050674925
not:0.0054561991726331666
have:0.0023133511907133617
only:0.012068201251305762
completely:0.016275989307870907
spin:0.02657379406773263
maxtor:0.10562474601427263
has:0.00963596808947105
list:0.013174790031319366
anybody:0.013753824185125317
be:0.010469887007013056
47:0.02407833405190947
down:0.021396973547087403
if:0.006064709681116827
of:0.0008798216541436139
describes:0.02261951726725087
nec:0.024544161967078894
windows:0.012430801725898197
please:0.008667037814050928
who:0.00585091798295859
removed:0.020893003297772994
one:0.013348111870257319
in:0.0024119416546763413
or:0.003051183066529798
41:0.04531057462053897
and:0.0025913851662270806
for:0.0029443336010142444
subject:0.00012080070991863483
however:0.010846601376456622
con:0.07873369866090249
i:0.006046565387863187
group:0.012204144501387536
experienced:0.02310815363858162
386:0.021353558475646038
cd-rom:0.04662219475377276
similar:0.014320173248265617
any:0.0046302591234787666
unfortunately:0.01666014968699528
the:0.00375171181442515
clone:0.02422834403976875
wrong:0.011961185777510682
do:0.006500614650737527
thing:0.01024403816798623
when:0.005917078926894733
less:0.012438305685956007
would:0.008440268290537341
can:0.015648253256791193
peter:0.03332029937399056
last:0.009864988923346144
an:0.004062887504804239
problem:0.038290774516662164
just:0.0053139754002981265
adaptec:0.027626383639084456
about:0.004457086788786749
different:0.011435370579236416
time:0.021441311808647695
schneider:0.022990617501010304
demonstrate:0.024489971057365247
told:0.014028143740855793
1:0.026586297175448532
wanted:0.013779004477584175
nothing:0.011560434395931714
e-mail:0.012442062337793063
occurs:0.021602697738917657
checked:0.020365457694824538
by:0.0044816084833355935
seem:0.012487387126225059
refuse:0.02272768704486876
sometimes:0.03171498936034254
strange:0.019893045388482914
s:0.002807403985773839
