above:0.011067707439546933
some:0.004746084858265668
cable:0.03510282490560365
out:0.004789337801140082
il:0.020904959498896817
all:0.003878324514822322
raise:0.019159356453650245
with:0.009509388240480445
c:0.021025184515682603
maynard:0.021374524080692934
4:0.040394626084206166
high-speed:0.022516403696410014
someone:0.017914293615146504
such:0.007817143103527638
mentioned:0.014289283003218856
work:0.008232001886139447
wrote:0.010469816970296185
wire:0.02072426127706416
paranoid:0.02163134888403249
hamilton:0.06722398856383784
to:0.002240974244050132
obviously:0.014967045044007955
rd:0.08422213509608076
add:0.013968375676633003
pin:0.03962022034914661
software:0.022892568199034607
might:0.008646687544221326
bruce:0.018726253819882455
that:0.0014101814042051905
control:0.03719066182854907
really:0.007932503021101326
nt:0.002902758340335116
me:0.004404832034164816
anything:0.00943593963544473
re:0.004560250033880129
wait:0.014924389451667146
voice:0.014741846753805563
this:0.006402224858188037
pins:0.06387719776259684
on:0.002061011484712561
rarely:0.020831713541568857
td:0.10906676726165665
you:0.013556072912407851
specs:0.01969873223071918
numbers:0.014340416264222352
used:0.008026274424133601
8:0.048007988331282385
modem:0.13864619761088814
3:0.08566338821844949
a:0.002838423020012998
other:0.011213886079934236
anymore:0.01801404207587802
want:0.007693487673626755
as:0.003252496586248043
sg:0.11398190338967183
drive:0.011478877027666621
enable:0.02262778164026414
straight:0.01624659198155817
files:0.013452486034909308
are:0.0026134609008179903
plan:0.06350510890144076
d:0.007405870822670877
it:0.0013937212591055772
should:0.0066780981391604865
have:0.006234763574971377
minimal:0.02101736409780133
null:0.13543026735055225
b:0.024885433711497904
25:0.029899858116175716
call:0.010800634544710194
be:0.0023514685249490705
which:0.010503189695264373
comm:0.05111993773196439
writes:0.002688058500071392
get:0.005342983639394807
spend:0.016667061848420938
if:0.005448377396450483
of:0.0007904088844135718
wayne:0.018994375640174314
flow:0.04195909898696597
easy:0.013470250261214666
transfers:0.024361596751264127
accept:0.014520780368547698
one:0.007994397624192054
in:0.0007222752109532134
5:0.04225809572223875
ought:0.02028890300244478
or:0.002741103486597908
pcs:0.022571711225092043
and:0.0015520220101251621
for:0.003967669059903342
subject:0.00010852421500820447
each:0.010349631696587869
i:0.0015520220101251621
20:0.05113548533992879
will:0.013820796889064443
program:0.011287127773919006
the:0.002144825638180232
do:0.002919991540270312
can:0.003514495904218347
7:0.10378954565630263
an:0.007299984866355584
just:0.004773937249861326
is:0.0010921651499620484
connectors:0.02330173389572245
handy:0.021333254277993676
else:0.010270537501374216
hardware:0.014429598063717691
carry:0.03164599877994558
mitch:0.025677804381727124
ideal:0.021953045309067956
2:0.07920364032908166
unless:0.0125124448200833
exception:0.020225877853924597
thru:0.04195909898696597
1:0.015922958470932592
serial:0.016826495641726964
23:0.017600291286000207
leaves:0.020257268285200657
psuvm.psu.edu:0.06096235751295661
article:0.003294036098847972
already:0.011812139517468909
give:0.009606651509577263
side:0.013090910888500786
before:0.00864306612692132
s:0.0075662961080002235
