basically:0.01791875136186249
expensive:0.018493547005191274
read:0.01035161215478503
at:0.00804534257949252
dan:0.018145221412727206
formats:0.04601898956883814
technology:0.015377478017428961
tel:0.01856368985980994
mb:0.02084468375931742
storage:0.022935245830666647
with:0.002670444642874645
much:0.007978067897533933
someone:0.010061452578369953
mentioned:0.01605097542827323
from:0.003865626732557879
nicholas:0.026647338891728593
wrote:0.011760616322798453
store:0.02037992259808481
to:0.0018879440549189463
player:0.017750059511672155
then:0.007287124884821018
next:0.012230045770544179
been:0.006699727795531686
format:0.018356413274146183
that:0.006336157542182225
think:0.006574191906523083
bit:0.024886613680873967
higher:0.016949195949944713
like:0.021271946365455218
talking:0.01488443461352634
nt:0.0032606326562668424
could:0.00689090938505049
mainly:0.02197562776771049
wanting:0.02523110634239599
re:0.0034149817605312375
had:0.007006431441470937
error:0.0171938728729315
this:0.002397180083887758
reply:0.01639815762262623
md:0.13717310946765904
these:0.015129095644739202
on:0.002315108791046986
you:0.002537894928806949
des:0.04288224589687287
tell:0.011004680610148185
assume:0.015851545914562448
computers:0.019807163774377485
more:0.00580556632794852
a:0.0031883655841241894
how:0.012012447463279674
was:0.012129604576731309
as:0.018267446580297223
drive:0.012894081044776204
occasional:0.0268164771185795
talked:0.022513449848333245
far:0.011367023160371695
computer:0.012240652535001438
prices:0.019919915430041287
are:0.002935668409138016
no:0.005140391489417853
d:0.008318923389849476
ear:0.02673112491304456
it:0.006262199629953826
have:0.002334477685605721
drives:0.03695929362333937
disks:0.03935809053692706
west:0.018620590409754285
exists:0.017039420379079243
mo:0.12740686131232232
personal:0.0153145911926745
be:0.002641375603367449
rates:0.020938835755676947
get:0.006001707649731152
end:0.012348097728655293
of:0.001775713110189394
what:0.004202931977153567
but:0.00607564586530055
well:0.007684328356864588
slight:0.024553389424047712
brief:0.023319187005144005
they:0.017039627844890295
up:0.006134522239051985
david:0.022798586660680308
pick:0.018356413274146183
author:0.018465788803929253
in:0.0008113228397008697
purely:0.022754739717622652
st:0.017519393803284475
system:0.020412989308150914
world:0.011512560222523638
use:0.015185201166642447
and:0.0043584179736391535
for:0.005942444984695415
subject:0.000121903912748942
i:0.0034867343789113225
we:0.006154081761251004
info:0.013449294335125102
council:0.023084971049036472
program:0.012678691472073402
exist:0.01660513459267628
than:0.01306485189241517
the:0.004818512392624083
when:0.0059711161773686565
original:0.014092091384810407
would:0.004258674183125004
can:0.007895579839613821
1000:0.021336147979373884
sony:0.04640115495637696
an:0.020499957501409514
tax:0.04046990274580815
problem:0.009660115488792621
here:0.008221008701476695
ltd:0.02460617856743162
about:0.01799116311090176
audio:0.0452995294971202
is:0.0049072625916103
recent:0.017342899947420186
new:0.007872144131888342
128:0.026326771500526543
does:0.00556387586455491
man:0.013233102003631045
x:0.013904840134913709
slow:0.0187512698860358
poll:0.02648424262413919
nice:0.014428034049108484
admitted:0.025110935984782413
article:0.003700150138431968
already:0.02653686138171097
data:0.040196515386380985
poster:0.020798325898751132
pressed:0.02602724053027169
