since:0.014498707415968705
out:0.00853751521072797
bbs:0.029326396027214936
there:0.0066505723592546915
story:0.02605114150733771
own:0.0164238451851304
with:0.008475759083906484
ca:0.014902526058640009
from:0.018403744661525556
myth:0.0410776313958362
313:0.08883374399734384
0:0.026559103539640815
competition:0.03781251876258523
clock:0.0310879769391262
trust:0.030067885968973432
mail:0.02220518481765113
been:0.010632176718995936
that:0.005027603267166331
nt:0.01552344677657475
anything:0.01682058804579278
this:0.0038042205679088333
them:0.01062216790965392
more:0.009213181346526999
sure:0.015811913189559445
a:0.0040478380459315795
member:0.028919550164830134
was:0.012832770059440371
as:0.005797928697224771
serving:0.04118998057363305
coming:0.025192970686881123
copy:0.02475805757292277
let:0.016703896686614674
equipment:0.029238825453192677
rumor:0.08027587404807048
eff:0.04033648031525346
486:0.03455019266150149
turning:0.034371260686208945
computer:0.03885076674152631
it:0.0024844596357968983
not:0.004368913105622934
have:0.00370471458802647
machines:0.02859381547017603
hal:0.0425565832533979
evaluation:0.04118998057363305
robert:0.023155159630128288
has:0.00771575705714892
call:0.019253305057961648
free:0.020923969522643013
heard:0.03916880231043297
pentium:0.04644284926112961
of:0.002817979500952734
designs:0.03948298005687387
intel:0.07326969072085489
but:0.009641785829716091
never:0.015970574136680148
km:0.16175131957912225
well:0.012194695001111195
now:0.02394078837504702
good:0.011739201821445645
in:0.0012875340716992064
or:0.009772629821783846
and:0.00414997189663902
usenet:0.029595642236548928
for:0.004715200911769188
subject:0.00019345620936245142
i:0.00968326775882438
any:0.01483025023606967
pretty:0.04171043560753082
source:0.045206782053620644
than:0.010366675958112038
the:0.0027309891666270035
clone:0.03880046400571662
wrong:0.019155232295868557
do:0.005205202310916642
see:0.0128216359522549
ibm:0.028554109196519326
got:0.01603010015674329
can:0.006264970959693575
gateway:0.03496971424424716
just:0.008510062054100622
busy:0.03700653589946766
is:0.005840709280231824
right:0.01405705502746594
disk:0.025369412926086098
time:0.011445724419592128
their:0.010968721873780536
hear:0.02401218524825223
v.32bis:0.0429788217180644
1:0.028384404230792876
first:0.01360546977819595
ann:0.040966997539815996
ads:0.04004066876075885
200:0.030116848160733428
seem:0.019997917064461867
everything:0.022388858579154007
four:0.025420624282775174
newsgroups:0.031059944498706485
