out:0.02066977366807824
there:0.01610138571187978
help:0.03754548631652275
ordinary:0.08944154866943478
thanks:0.03497169552484496
to:0.002417893263317247
require:0.06806177296320327
believed:0.07668122331315014
me:0.03802065545279104
anyone:0.029349381572655986
simm:0.19630193545514643
tell:0.04228114129162198
ns:0.10629668015092582
a:0.004900014476654018
ram:0.20472931938069727
standard:0.10680858036709602
also:0.026026265468062568
advance:0.055500021345204376
70:0.0754708220589931
it:0.006015007539297753
university:0.04123403687015181
be:0.010148443107674935
if:0.023514049816259975
of:0.0034112383432585726
please:0.03360377819132026
email:0.048138572964349834
in:0.00935156325760476
or:0.011830025573738339
and:0.0033491001271121917
subject:0.0004683676647722508
animals:0.08611625384895336
special:0.06132826654149162
possible:0.04521002847306284
the:0.0013223737017351805
do:0.012602068752745554
hello:0.06788229457283809
would:0.01636227449305923
can:0.015167824428731812
put:0.04363963683415402
is:0.004713554857730945
chips:0.1457102087086657
devil:0.09260968791321397
spring:0.33415410789730315
god:0.046546986522372366
