thanks:0.04861918646136983
where:0.04505992190814053
hell:0.08325319328004624
someone:0.05374288084543951
from:0.02064810376658965
located:0.11920178890048226
could:0.03680754037380628
me:0.026428992204988896
so:0.024922209692315126
tell:0.058781098868840316
graphic:0.12849730302482074
a:0.0034061076240155977
ultra:0.1305966837265584
ludicrous:0.14565608272227176
it:0.008362327554633463
robert:0.3896843937753297
ati:0.2504180585955463
be:0.014108811149694422
if:0.03269026437870289
of:0.00474245330648143
version:0.07610903921135573
pro:0.10977478415990786
now:0.04029059507020108
email:0.06692435753580343
in:0.00433365126571928
and:0.004656066030375486
subject:0.0006511452900492268
appreciated:0.08255517363844495
the:0.0018384219755830562
would:0.022747552344009173
engage:0.14146461304113372
replies:0.10931239601979531
is:0.01310598179954458
supported:0.10660560314267216
