ideas:0.03100856583654716
all:0.016449445355970538
your:0.010861484673976402
wonder:0.03181351472255973
with:0.01008323063430254
work:0.017457521241295723
wrote:0.022203232540455697
discovered:0.07818677077792807
to:0.002376205448432467
most:0.016005133310060673
been:0.025297248055542055
that:0.0029905571158144553
problems:0.023647183068032526
quite:0.022898270535425876
memory:0.029152001949718235
along:0.030120356992596853
its:0.01782607375891526
re:0.0032236250239497458
happened:0.029071559471883026
lost:0.03021126141653319
had:0.03968297807798626
this:0.004525710675615681
slave:0.04718665991425872
appeared:0.04099572471800559
recently:0.028528547970583528
on:0.0043707657348214645
dry:0.04457130662119937
card:0.02638714091822622
why:0.0153424360358104
stable:0.04330016238720686
a:0.00963106293687169
how:0.011339336183009693
hard:0.04662471383750878
other:0.01189058610199923
was:0.015266571277610096
as:0.013795071727879627
failed:0.03652843393297444
idea:0.023899795648799623
ram:0.033533250588217656
operation:0.037118673581918074
drive:0.048686271531137734
computer:0.04621901560629854
no:0.009704704622263015
it:0.002955650256379069
robin:0.048479247390904534
cmos:0.20123335232029524
second:0.023704273936657468
after:0.016631152479870268
batteries:0.0910129691560896
ati:0.04425491552766119
be:0.0049867349753230285
recognize:0.03859589989223432
were:0.013373304288554303
of:0.005028635833596689
year:0.02133414410525562
installed:0.03452905133926804
or:0.005813029807785218
and:0.0032913570214723265
for:0.002804731576828224
subject:0.000230146180103606
half:0.03260037485856048
period:0.032681131324108756
examination:0.050466520309972056
cell:0.09573518898918348
any:0.00882144195076558
addition:0.034184177765012015
the:0.0038987224654606187
when:0.011273055541756343
may:0.016043323512412333
friend:0.029941374307696604
an:0.00774050119449773
long:0.020519924526798145
about:0.008491518795878204
is:0.006948430005793032
recent:0.032742199038663974
dead:0.029580018403544274
change:0.025620768171642133
before:0.01832926092433314
data:0.025296082958670797
while:0.018709849188607953
everything:0.026635021413131493
s:0.005348588628069123
