mode:0.03947819841730135
since:0.020627027045398778
simply:0.031532405565808136
cleaning:0.055796738182244524
at:0.009082113530458052
music:0.04749132412052664
say:0.019562319322345808
there:0.00946163902656853
stephen:0.12592760657910362
know:0.01272036212018868
all:0.009835750831405064
my:0.009796023312683519
via:0.0352394987486149
to:0.0042624716291469
job:0.03578854180710491
problems:0.028279105524657455
r:0.06392205704596145
need:0.019806206097909652
anything:0.02393032113731344
comments:0.03797943313432062
this:0.005412190086303288
off:0.022509870597488147
reply:0.037022644529434476
two:0.019224633326322797
you:0.01718965946624913
tell:0.02484561910950982
fix:0.044845762465778184
am:0.033697656839203415
m:0.01411149187748528
a:0.0014396949750993763
related:0.03973339160444504
drive:0.05822275770733997
colorado:0.048589708119566595
it:0.0070691841183499375
not:0.006215567098721287
have:0.005270624877810854
has:0.010977056431820113
employment:0.05738592044850493
be:0.005963518114819292
of:0.006013626357703258
trying:0.08339159452788854
what:0.01897818769065219
easy:0.03416166561091554
please:0.019746550071188192
up:0.013850106910849326
one:0.010137225853356932
system:0.02304352916744871
or:0.006951664512402941
and:0.0039360558194926785
for:0.003354111988784268
subject:0.00027522635971152884
i:0.007872111638985357
tape:0.12833097722840206
appreciated:0.03489445483686848
any:0.010549353260709353
will:0.011683560256734891
masses:0.05669376268729226
the:0.003108259835006404
do:0.007405339370170069
when:0.013481179823131299
an:0.009256681840842646
places:0.0393280606421684
is:0.00830946268734012
today:0.02926934294637477
ux1.cso.uiuc.edu:0.1296443781656004
tapes:0.05379512978594599
does:0.012561740353995104
nothing:0.02633872166495782
e-mail:0.028347379140745015
by:0.010210674998115114
