perform:0.02238324325327057
mode:0.018410505992683804
some:0.011226316107051482
eisa:0.13414472417018553
read:0.010899053182201548
configuration:0.022804009493734782
bbs:0.019456935825748374
there:0.004412398969120901
know:0.005932091950280298
technology:0.01619071002796607
tel:0.019545423458165272
mb:0.021947046842742863
fax:0.014705016057131681
with:0.014058350403594889
4:0.011943603385474419
from:0.004070058915529691
loose:0.025087151871330586
often:0.029878080656526022
my:0.013705013384571654
to:0.003975574500262012
0:0.017620943694569388
mhz:0.022716858606270568
amiga:0.024226343066287386
format:0.019327185129990453
make:0.00846192540071973
that:0.010006864195225293
guy:0.01628043628340803
could:0.007255332477529123
52:0.02590746685705541
need:0.018473096072088812
anything:0.011159813222689441
re:0.0017977908787412046
nope:0.026255162345418998
he:0.007644871190001131
programs:0.016986452520646716
hi:0.015149118557761562
recently:0.015910151752825428
on:0.002437542429035048
you:0.0026721105260034705
dont:0.02339599355817528
performance:0.018226015546137578
incorrect:0.024427531094823447
card:0.029431811024175403
3:0.011257047810757786
sure:0.010490596250765403
a:0.006042565929143056
how:0.006323860563601559
other:0.006631288403038033
same:0.00933698726215679
controller:0.020249464522594553
old:0.01273035135741502
ram:0.018701235904967542
sweden:0.05116645986030762
driver:0.017691276915799962
scsi:0.061009215809610044
act:0.017940543572203628
computer:0.025775989472743416
manual:0.018892295177320977
not:0.0028986058104613697
46:0.024947788713286102
have:0.0024579356401329467
due:0.0159381850235504
rely:0.02418709638052219
maxtor:0.028056573160041166
mouse:0.020893904698210727
has:0.005119108047531495
500:0.020047005458411253
be:0.002781063736237843
which:0.006211020829411143
writes:0.0031791461106613576
get:0.044233739553066614
host:0.02301372402486887
but:0.0031984770300500496
hd:0.042871205189730234
kb:0.030512465581993043
they:0.004485190502441076
good:0.0077885089007668235
in:0.003416917344124817
system:0.02149252239656274
speed:0.016146467148489333
or:0.00324188200818791
lb:0.059175201426991314
use:0.007994132344939174
and:0.0055066934782325465
gets:0.016044790107657712
for:0.0031283544510776347
subject:0.0001283507542885495
i:0.010095604710093001
faster:0.03750289449417627
the:0.0025366687836170052
do:0.006906903066408622
when:0.012573792719651308
disable:0.028056573160041166
can:0.012469701814005483
int:0.026020594248450574
operating:0.022096520819041093
isa:0.046402120824097205
needs:0.016102627705141093
an:0.004316817973854504
thought:0.012906665409575541
just:0.0056460988628167594
cache:0.023330133729530276
about:0.014206964139257764
different:0.012150081240438692
is:0.007750171929538382
switched:0.02619543869157978
harddisk:0.17900521854215332
motherboard:0.021707808816016597
2:0.009367353615843312
1:0.009415980249638023
slow:0.01974292358193193
advanced:0.022224733545397637
transfer:0.06554975532653359
show:0.014471483989109772
somewhere:0.018651543552416282
data:0.014107430880797175
sometimes:0.01684858809768197
s:0.0029828667348847037
