root:0.015747122993086803
since:0.006252567573136504
24:0.057235683576069694
at:0.005506031327840194
bbs:0.012647008286736441
know:0.0038558597676821935
all:0.005962923941539321
43:0.01604240687877718
own:0.01416556647217497
with:0.007310342209869342
user:0.011817635886228174
4:0.007763342200558372
from:0.013227691475471494
added:0.013073806833629412
to:0.0017227489501135387
colors:0.07124838552786007
changes:0.01274346656167559
256:0.030545458405748578
near:0.011264924304629767
most:0.005801860824896993
connector:0.01646371695005516
vram:0.017185296814585468
pin:0.015229022196703227
ran:0.014186860920193618
packages:0.015453939383031629
nt:0.006694486422397861
12:0.022208655197575228
package:0.012147696978300633
2.0:0.01465565252507267
stealth:0.09957189205064582
26:0.013738634471421011
1024x768:0.06907015361230903
these:0.005176987415934196
recently:0.010341598639336529
on:0.0047532077366183425
you:0.0017368718419022559
specs:0.015143400402365368
products:0.012656521231677778
support:0.017118476934584414
card:0.028696015748571016
3:0.007317081076992561
m:0.004277545975362725
viper:0.09737785140432513
lists:0.014803609151938913
below:0.011599605978243414
was:0.0027670660440668304
as:0.002500356750678183
coming:0.010864468608717485
ram:0.06077901669114451
standard:0.01902527837788898
speedstar:0.0190794712007427
compatible:0.014079882258811611
also:0.00927185707299729
vga:0.014094942528923949
21:0.012675634441107267
obtained:0.014978888735223427
1280x1024:0.019833102628295476
video:0.05462048738851598
official:0.012675634441107267
product:0.012471556008582997
are:0.012054588405022978
os/2:0.029569453838528062
results:0.02289427343042788
no:0.0492513759579848
manual:0.012279991865258634
not:0.005652281330399671
have:0.006390632664345661
only:0.004167300744591521
color:0.011545725333135581
hz:0.21884127064832107
disks:0.013467846605604728
has:0.003327420230895472
list:0.009098839365379937
be:0.001807691428554598
svga:0.016216062663635965
tech:0.028342704406998927
of:0.0018228804896787997
future:0.010951582263493282
3.1:0.02450951239298261
department:0.010837736195915427
gives:0.01136413898686283
available:0.025322473385758406
released:0.013517648456426015
dram:0.03862211722744617
port:0.02606110709593463
windows:0.008585022441948443
they:0.005830747653173398
now:0.005162232493369514
in:0.002220996273681131
feature:0.014765958094075868
our:0.027872192787254918
yes:0.11667450683454512
or:0.002107223305322142
and:0.0029827923007092957
still:0.006380340881967335
for:0.005083575983001156
subject:8.342799028755718e-05
offer:0.010984886308724495
sockets:0.036824104274622536
we:0.012635099116068468
s3:0.03878446401746655
power:0.008443297750532944
any:0.003197772707152523
will:0.01062473760846829
yet:0.008218964820894263
exist:0.01136413898686283
currently:0.022493334386608107
the:0.003533217234323686
upgrade:0.02764103377030467
vlb:0.10311178088751279
can:0.0027017687263678545
drivers:0.049153796981006324
64k:0.018795184393849806
24x:0.0190794712007427
conflict:0.05906383237630347
comparisons:0.017913207932336632
different:0.00789755280628515
current:0.009882017886658807
changed:0.011810359980729454
is:0.002518805877099974
cards:0.036890788728300955
refresh:0.07491191001013718
tests:0.014710318642096161
win:0.0317763319090157
max:0.014880300117301782
new:0.005387498640261085
addresses:0.015060062130233615
type:0.010126601594786552
vesa:0.06598440263816496
2:0.006088779850298153
their:0.004730261308067856
thru:0.016128028673115042
1:0.006120387162264714
16:0.0326905569546107
diamond:0.10952415459058401
testing:0.015384748364665338
hopes:0.017913207932336632
release:0.012418135904335183
supported:0.02731768580530974
by:0.0030951108588036444
processor:0.030545458405748578
