at:0.008082247820682854
out:0.01080896421174734
bbs:0.03712883166748313
andrew:0.03454548769882568
help:0.019633878165521073
wang:0.05498121835606399
send:0.026911441475928652
thanks:0.01828795087079049
where:0.01694914493792442
access:0.03075575108273877
with:0.005365388777885755
user:0.0346939769136974
from:0.00776671793055207
to:0.0088508202941613
most:0.017032985907954476
mail:0.05622597256579553
provide:0.030981244754893705
could:0.013845038122257408
me:0.039764722216680544
file:0.027876017270260636
directory:0.038674121915875194
you:0.010198146594655448
them:0.013448249280112302
card:0.028081727949671943
modem:0.0391134915278423
3:0.021481338941629537
a:0.0038435893371919134
uuencode:0.06378650132683367
following:0.025112974982016163
copy:0.06269012743235491
advance:0.029022946941987614
video:0.032070744888669935
electronic:0.07914993238549743
files:0.09108196966755108
not:0.005531284482348302
dial:0.0551785229911187
ftp:0.03480153162650528
have:0.0046903725976848885
binary:0.0984543777622537
allowed:0.035154433285475885
site:0.035830864196684464
technologies:0.0453011525145193
anybody:0.027886193990024725
if:0.006148168988655132
of:0.005351575749515743
3.1:0.03597726589795612
windows:0.025203735609389922
please:0.052717853859777654
in:0.0032601780164126697
system:0.020506626873784635
use:0.015254858052727964
and:0.003502728573309999
for:0.0029848519533217798
subject:0.0002449262100185165
i:0.0017513642866549995
cell:0.05094166019607929
any:0.028163869714370845
currently:0.033017738549149515
the:0.00414909913755442
do:0.013180145301036637
can:0.007931798095758839
drivers:0.07215236254092672
isa:0.04427358317161568
anonymous:0.041695257210761436
convenient:0.05021699587205516
an:0.008237597601483824
is:0.002464886485235449
2:0.017875316991700998
their:0.013887005675061596
1:0.017968109100226684
orchid:0.11946597967607026
needed:0.030603877891156157
by:0.02725969196744494
