above:0.022501289505194588
mode:0.06329562390873109
content:0.03915004073240043
help:0.017686716694560307
all:0.007884858104514803
send:0.048485076378119385
specification:0.04684886886467269
thanks:0.01647426979269556
where:0.015268238001931916
your:0.010412662993233575
with:0.009666568211397476
4:0.02053115292709652
times:0.023227075549529148
wisdom:0.040161105626551216
to:0.003417022710969002
mhz:0.03905046768681222
equivalent:0.03900112746378326
higher:0.03067664390940407
me:0.008955278350450784
16-bit:0.04935454042655489
this:0.008677395675560645
sincerely:0.045030175602054495
8-bit:0.04611917789652659
on:0.008380311160979998
you:0.004593380077758032
am:0.013506912038854261
8:0.02440075439978402
answers:0.03463315059712713
board:0.02967931007731524
a:0.008078949488367576
below:0.03067664390940407
250:0.037769428462456914
advance:0.026144638154352477
49:0.041120379769135955
university:0.01942429836031945
uses:0.028223100246582124
be:0.004780671546590672
analog:0.044535149638574585
if:0.011076866442370402
of:0.004820840964439801
germany:0.03474996473708502
available:0.02232284155218372
looking:0.04287413794060568
print:0.03633357876739441
please:0.031659757965376116
must:0.019152565516359483
email:0.022676848421222653
in:0.0029368545767684377
or:0.027864109822441543
better:0.018481122903317382
and:0.0015776752664908673
for:0.010755334311142941
subject:0.00022063600737205204
i:0.0015776752664908673
faster:0.03223389278838291
similar:0.026155027172452074
sampling:0.2010545549364453
rate:0.09631427378903928
directly:0.030020663847077522
than:0.01182315109272282
the:0.0024917454875671174
see:0.014623022821579968
hello:0.03197760984009729
devices:0.035079987136550896
can:0.007145173491220772
isa:0.03988281459261247
andreas:0.10593575533943615
friend:0.028704127435477737
an:0.029682583092949976
is:0.004440869865961387
ad:0.10734723114932357
time:0.013053801404162922
2:0.016102558281780237
non:0.0409942023135096
him:0.019805911598043867
resolution:0.03692414871766007
slot:0.042133622100477545
e-mail:0.022724758484729476
by:0.008185417147249307
mine:0.026985446651239555
