know:0.035253575018808624
own:0.0647568753013713
your:0.03599806349089321
to:0.003937711885973802
that:0.009911560726699338
atmospheric:0.1647303702461518
me:0.03095967658298699
national:0.0929763978567861
ti:0.1082474587500475
hi:0.09002904742898299
you:0.015879971125963482
books:0.3129203925468138
fix:0.12428682740515669
m:0.03910899177474492
how:0.037581799920832125
let:0.06586107836436642
mind:0.0865615943717182
have:0.014607160375647224
showing:0.12268640907502322
if:0.01914715485038312
looking:0.1482220197375225
in:0.005076562911271156
for:0.027887045392463485
subject:0.0007627701969148084
any:0.029236779036823063
research:0.08820947087247935
problem:0.06044472262987383
netters:0.14108073211664582
hardware:0.10141946067641576
center:0.09333230952779453
