pc:0.1449061766086036
at:0.012767608876151174
help:0.031015836522344884
thanks:0.028889661520524103
own:0.0328476903702608
your:0.05477966183396794
with:0.016951518167812967
often:0.04503362881563342
my:0.013771221178700018
to:0.003994780174176322
that:0.005027603267166331
like:0.016878827007372074
atmospheric:0.08355888345819294
so:0.01480884923746261
national:0.04716194094184802
hi:0.045666908116150796
you:0.016110115635035418
books:0.05290924511661103
tell:0.03492789932786163
fix:0.12608808577334737
a:0.0020239190229657898
how:0.019063231843900352
idea:0.04017936659798198
course:0.035451475360869844
exact:0.061897773483235774
no:0.016315155596847968
book:0.0901361887154688
it:0.009937838543187593
have:0.00740942917605294
be:0.008383496480253208
of:0.002817979500952734
monitor:0.05430834550853345
looking:0.03759254123777745
what:0.013339740623139583
but:0.009641785829716091
least:0.0348936577203838
please:0.027759642853699345
and:0.00276664793109268
for:0.014145602735307565
subject:0.00038691241872490284
any:0.01483025023606967
research:0.044743934500533
will:0.01642471514352586
the:0.0010923956666508015
wrong:0.03831046459173711
would:0.02703332307548916
myself:0.04830205886953454
general:0.04273087482735582
is:0.003893806186821216
netters:0.0715626902040957
hardware:0.05144465396629785
center:0.04734247584743201
lot:0.03592106359804914
show:0.0436241836193454
give:0.034249801034145023
by:0.014354137316190813
