help:0.19455388364016338
all:0.04336671957483142
r:0.14091908030586955
through:0.10770287700112849
this:0.023862838107791773
on:0.023045855692694996
manufacturers:0.22942317531474055
have:0.02323866423398422
malcolm:0.25365547843089625
anybody:0.1381634156778498
monitor:0.34066144000807347
please:0.08706433440478431
or:0.030650520804685697
subject:0.0012134980405462863
info:0.13388161179056352
20:0.1429469249275282
any:0.04651305755858215
the:0.0034261500454047865
does:0.05538585519716024
e-mail:0.12498617166601211
