some:0.0051660923678467
read:0.010030986999548326
24:0.016208335171984337
go:0.008608107308823571
large:0.013247938583573343
means:0.0125424567276051
take:0.009405969603255324
graphics:0.01556965238999877
i.e:0.015285570783077004
with:0.0025877317557059616
much:0.01546191919964541
wrote:0.011396349445543633
upgraded:0.024630240192499903
dealer:0.019568873465702418
my:0.008408975763984966
to:0.0030491131860416612
dx:0.02651749026907511
most:0.0082150241768453
value:0.06608589061516226
h:0.01563354922254211
that:0.001534976218736623
provide:0.01494228176231599
bit:0.012057894681662388
really:0.008634494438897902
earn:0.02651749026907511
re:0.001654603994593675
avoid:0.017109511031960616
anyone:0.007402277653280492
ps:0.039872232945307215
this:0.002322931143236367
off:0.00966131614139978
bus:0.03581453674120054
ti:0.01676398697456488
hi:0.013942551592984092
something:0.008808235916652755
these:0.014660495337158784
on:0.0022434018815897785
you:0.022133588073798657
them:0.006486102528903721
taxes:0.04213890298704929
philosophy:0.0216563739475348
card:0.02708768448242692
board:0.01589025008564223
a:0.0024716887183122037
how:0.005820190253226214
viper:0.027576028716269064
controller:0.018636675312830385
coming:0.015383318384024756
immediately:0.01868451122479594
local:0.027047641167397805
question:0.009659230457288073
scsi:0.01871669157580957
also:0.006564146600352064
amusing:0.024692126218936804
answered:0.02150218487085264
advance:0.013997792994144467
486:0.042194040595461994
video:0.03093549728199135
far:0.022029894443552227
straight:0.017684343484350926
are:0.008534221879662286
officially:0.024219701548911555
it:0.0015170594236281944
not:0.005335486801557212
have:0.004524341709271264
term:0.034492741539066
systems:0.03982854584445943
gordon:0.01985183242411071
buy:0.02660921349773421
kind:0.012192596004261327
money:0.027435573156894957
25mhz:0.02582197883756001
points:0.016217505701196604
ati:0.022714912394728753
personal:0.014840245447768654
be:0.005119126169358153
which:0.005716337754502291
get:0.011631628099921435
prior:0.02033662093079888
soon:0.015915901048847214
spend:0.018142023073944913
if:0.002965267344085882
of:0.0043017828664986425
short:0.015322910909828617
future:0.015506665151848894
286:0.02444961189816249
available:0.011951609857585088
but:0.00588746214380894
they:0.004127962940299751
policy:0.0169767577120323
one:0.008701866440492234
in:0.0015723867424291193
point:0.02922392868929284
u.s:0.015609479650436717
or:0.005967358032770666
better:0.019789520984968167
and:0.006757476362668847
still:0.00903411098331658
for:0.001439596738549
subject:0.00011812812784078892
steps:0.022918855346942327
i:0.0016893690906672118
we:0.005963468609353849
monitors:0.020430768711539076
pay:0.029494177539804274
any:0.004527819762339855
will:0.015043876259778112
than:0.00633009416911266
cost:0.014694723913056994
the:0.004335747402591897
do:0.003178397871267684
upgrade:0.039137746931404836
when:0.011572340202156955
ibm:0.06974277998441888
can:0.007651026481749676
announce:0.024630240192499903
last:0.009646736956015476
upgrades:0.02582197883756001
long:0.010532350642073383
about:0.004358478673990582
17:0.017399574152568608
is:0.004755267732578122
either:0.011077711093421939
today:0.012562505600877667
disk:0.030982114900883907
questions:0.013381311226750051
vesa:0.046714621336753956
introduction:0.022877307823270472
advice:0.03442351387817034
change:0.013150482778364989
supposed:0.016144668192107792
translated:0.025291885033079387
models:0.03949737211487233
three:0.025827327490906837
going:0.01927270516858126
by:0.004382457853173301
lang:0.027576028716269064
