dallas:0.02762806144492361
pc:0.03332842061997883
go:0.009727161258970636
help:0.02140092720041797
dos:0.052943285343659066
tried:0.015489320265183355
thanks:0.009966933224580815
access:0.01676188434009263
with:0.005848273767895473
remove:0.022090751925198153
though:0.0124277210080534
work:0.020250724639903038
6.0:0.053322408960041826
except:0.016121807095019067
throw:0.021316852882674053
my:0.004751071306651506
discovered:0.02267416352559914
to:0.006201896220408738
then:0.015958803497758033
boot:0.02454313234695171
been:0.007336201936107197
that:0.0017345231271723841
ran:0.022698977472309787
think:0.007198740137642776
like:0.005823195317543366
nt:0.007140785517224385
could:0.02263663732989086
me:0.010835886804045448
anything:0.011606205751597019
covered:0.02308676864403916
greatly:0.01951464574900301
this:0.002624912191857095
off:0.021834574479563506
8-bit:0.02790210262739859
on:0.0050700882523928995
you:0.0027789949470436092
went:0.016312306326180418
am:0.016343363567013654
a:0.0034912603146159877
hard:0.027042334025755094
sorry:0.015887083423693122
controller:0.021059443103498336
was:0.008854611341013856
old:0.01323956541171162
said:0.010957524143317162
drive:0.08471411246417966
scsi:0.10574930740332407
advance:0.015817506083383247
course:0.012230758999500095
no:0.011257457361825098
it:0.0085713857434993
not:0.0030145500428798246
buy:0.01503420562621983
able:0.013187326130553345
second:0.013748478883261334
after:0.009646068438324757
has:0.01064774473886551
his:0.009222145207526284
installation:0.02480149239967331
be:0.00867691885706207
asked:0.016861504493692156
which:0.006459461662587589
recognize:0.022385621937495905
kinda:0.025534509770632687
if:0.006701504197634093
of:0.004861014639143467
even:0.00839579723883013
3.1:0.019607609914386086
nec:0.027121298973622174
using:0.02204420578644921
up:0.006717301851761923
refuses:0.029000245673432415
seagate:0.02874377920149466
over:0.010029703762596789
one:0.004916554538878112
in:0.002665195528417357
floppy:0.02202510546798919
install:0.022090751925198153
and:0.0038179741449078986
still:0.010208545411147737
lo:0.03173296420527276
for:0.00325348862912074
subject:0.0001334847844600915
i:0.009544935362269746
special:0.017478555964325113
appreciated:0.016923810595881213
any:0.0051164363314440365
allow:0.01753137335687296
unfortunately:0.018409465404129785
suggestions:0.019784981855354388
the:0.0037687650499452652
wrong:0.013217110284149304
do:0.003591589594532483
see:0.008846928807055881
less:0.013744327782981387
older:0.022090751925198153
would:0.00932649646104376
friends:0.01988316172793868
did:0.008219555217214828
mr:0.01688477839141707
an:0.008978981385617367
problem:0.010577826460227922
just:0.00587194281732943
during:0.014641847549012352
paul:0.03275022491109057
garbage:0.026661204480020913
done:0.013243317757103492
new:0.008619997824417735
time:0.007897549849518569
partition:0.09122850430241206
expected:0.020746841318591665
primary:0.046013533874613904
created:0.018990475442425107
16:0.017434963709125707
him:0.01198257651681654
lewis:0.02487782976032725
before:0.010630971336113222
by:0.00495217737408583
