bottom:0.06502194388186987
some:0.016920824277294987
reference:0.054081638594468906
at:0.012767608876151174
there:0.013301144718509383
help:0.031015836522344884
means:0.041081090151286276
with:0.008475759083906484
from:0.012269163107683704
to:0.001997390087088161
its:0.029968471826582178
lost:0.0507899467292442
so:0.01480884923746261
on:0.007347953988975216
am:0.023686034155092253
roger:0.06396746048647235
modem:0.18536393811020913
a:0.0040478380459315795
other:0.019989970838143634
quick:0.058830075654946315
was:0.012832770059440371
as:0.011595857394449542
setup:0.06396746048647235
no:0.016315155596847968
manual:0.05695068691134439
it:0.019875677086375186
not:0.008737826211245869
baud:0.07861246079310776
selling:0.06043155268622522
has:0.01543151411429784
of:0.005635959001905468
but:0.009641785829716091
one:0.014250882721385832
difficult:0.05401751126142027
in:0.0025750681433984127
point:0.03190631827913131
u.s:0.05112670146374925
use:0.024098254025323885
and:0.00276664793109268
for:0.009430401823538376
subject:0.00038691241872490284
guide:0.06813676588432424
i:0.00276664793109268
any:0.02966050047213934
alan:0.06377801002897449
the:0.004369582666603206
compression:0.07052705304493417
upgrades:0.08457633648244293
is:0.007787612373642432
max:0.06901008750053
sale:0.04601263991454536
hst:0.07760092801143324
side:0.04667194316769845
going:0.031562546145647574
by:0.014354137316190813
built:0.0535144584648515
