mode:0.045587919600931316
dan:0.04730718439746736
ideas:0.04282135282189845
much:0.020799962732856326
4:0.02957463695450808
my:0.011312074539646444
to:0.0032814265716448352
might:0.02532244209379102
enough:0.05790829826041419
that:0.008259633938916114
memory:0.12077257950597554
could:0.017965585182453062
permanent:0.060796451834839726
re:0.008903345304242156
anyone:0.019915651781445134
error:0.04482688284728569
this:0.006249790932993083
on:0.006035819348086785
you:0.01984996390745435
possibly:0.04615421027853977
m:0.016295413239477047
why:0.02118717357326198
sure:0.0259767145257048
a:0.0033250098234437974
how:0.015659083300346717
as:0.009525168574012123
running:0.03604119538627026
ram:0.046307822240872
laptop:0.07134467620013064
requires:0.04778755696322411
it:0.008163224517618379
not:0.02153250030628446
have:0.012172633646372687
try:0.02900463895646896
ve:0.02172778213127898
real:0.030447545880931515
be:0.006886443537350849
writes:0.007872171321637646
get:0.015647309229656216
of:0.0023147688757826027
3.1:0.04668478551044306
but:0.015840076720247863
happening:0.054045184457880445
windows:0.1308193895915953
in:0.004230469092725964
install:0.05259702839332893
message:0.03865857010190144
still:0.024306060502732704
for:0.011619602246859784
subject:0.0003178209153811702
i:0.00909041463073309
any:0.012181991265342943
the:0.0008973250118917297
do:0.008551403796505912
when:0.015567552890996855
wordperfect:0.07451882695315384
is:0.0031984836534602844
article:0.009646820003769058
documentation:0.053299099851180726
says:0.030488413624137713
everything:0.03678169623718158
