root:0.06630367576036547
some:0.015362327304386237
24:0.09639694075969632
go:0.025597792786764828
stephen:0.05357446420251338
with:0.0076950970630203595
though:0.032704528968561575
fm:0.07678641075379686
my:0.012502819228030279
to:0.0018134199474879353
colors:0.059998640444513744
changes:0.05365670131231827
design:0.049515357992440036
death:0.044150215579426604
account:0.10723103701913843
re:0.004920269773396981
stealth:0.13975002393073097
specs:0.06376168590469627
a:0.00551251628623577
viper:0.08200240118258958
ram:0.10236465969034864
stuff:0.03846600727202134
video:0.09199239981223743
meg:0.061259402587898394
deleted:0.04622867759208338
only:0.017546529450911664
has:0.01401019044587567
univ:0.061113202253357986
writes:0.008700820934441609
of:0.005116857514887859
even:0.022094203260079284
dram:0.08130972047883403
megs:0.0718562337874625
using:0.02900553392953843
newer:0.06468219364952404
in:0.00233789081440119
or:0.008872519180303753
for:0.004280906090948342
subject:0.00035127574857918807
special:0.045996199906118716
the:0.001983560552602771
waiting:0.05756631922876186
vlb:0.21707743344739536
can:0.02275173664309772
friend:0.04569999236437902
just:0.01545248109823534
note:0.03896959340629602
address:0.04201080728860014
deal:0.04337256568105933
max:0.06265389523074434
new:0.0226842048010993
grad:0.07777993118153562
vesa:0.06945726593491049
2:0.025636967790729062
unless:0.04050080823342751
1:0.025770051209535638
handle:0.05345206429906188
engineering:0.05087828280556709
diamond:0.06587919073117836
article:0.010662274741007907
by:0.013032045721278501
while:0.028557138235243713
processor:0.06430622822262858
s:0.008163635274421294
