week:0.024110760869969116
there:0.006418034864175856
keeps:0.03338598741469092
anyway:0.021318278473038698
philip:0.040559784158646736
with:0.00817940387118248
though:0.017381427983291467
someone:0.015408798004636503
buffer:0.07412315552798643
from:0.011840171390631826
wrote:0.018011013809040986
my:0.0066448549743377714
to:0.0028913269092814635
that:0.007277719414709304
its:0.014460311580658532
need:0.013434978961519135
re:0.005229937101792595
math:0.03412766274308479
this:0.007342411725474392
cal:0.037522822294005775
on:0.0035455162604146146
you:0.015546824878565646
machine:0.02274684863163879
card:0.021404953472127564
why:0.012445612448629415
board:0.025113262373112896
bryan:0.037061577763993214
a:0.003906305247122784
same:0.013581072381318967
was:0.006192035902806892
as:0.005595203917601528
said:0.015325208592051973
inspection:0.0443817681192626
worth:0.02458156376777509
chip:0.0904169051133783
sci:0.03997179033199959
are:0.004495883787421158
no:0.007872347805472097
it:0.007192771253286125
not:0.004216153906125629
should:0.011488196798835521
ve:0.012763172720471568
settle:0.03892611387066418
able:0.01844381277000468
has:0.014891950683727987
netcom.com:0.11255367743780208
minor:0.03039113410648833
yourself:0.02451940329632582
heard:0.018899631884055065
be:0.004045183616345953
which:0.009034212115507118
writes:0.009248425049196676
comp:0.04106859083195043
whatever:0.023111612438834705
of:0.0013597243745855849
what:0.006436658062913505
phil:0.0619783825267971
seems:0.016478930694972575
using:0.015415528521992452
find:0.014800326836876855
george:0.027848350902483686
in:0.0037275461935907094
according:0.024052630801302224
use:0.01162782886536607
and:0.002669911989446083
for:0.004550333747022014
subject:0.0001866920062378902
spoke:0.03583637434423733
i:0.002669911989446083
will:0.00792521220212087
the:0.005271000069853518
do:0.005023202230115361
upgrade:0.030927030791949278
when:0.00914457652338277
would:0.013044050994466799
gateway:0.06749399392595956
last:0.015245891972444041
about:0.006888225037215885
15:0.02336930581804646
n:0.025601506963667142
is:0.003757659117351943
chips:0.029040146490887916
recent:0.026560105513881268
right:0.027131099213850342
uart:0.1344569202385151
does:0.008520900799563113
their:0.010585200129942055
article:0.01133332699743498
u:0.026445059325825283
by:0.006926122201518644
data:0.02051989946297771
mine:0.02283383947412578
sales:0.03384023843759142
s:0.008677430501482774
