another:0.041839723214878846
cable:0.08146504647904243
know:0.023280662748269846
dos:0.1331906549526014
tried:0.0584502651516353
6.0:0.20121663758506347
to:0.005200751547512569
happily:0.11190712069986579
talking:0.06150360717664657
re:0.007055481184493784
anyone:0.031564429238516815
had:0.02895110350343651
hi:0.05945314452857367
two:0.03518470627647757
used:0.03725402845918614
modem:0.0804409542742417
a:0.002634913444993198
j:0.05762506904771439
no:0.02124048558834924
made:0.043878859470150966
palmer:0.10695685155896972
copies:0.08519291007040475
keith:0.0743484352664088
null:0.10476681059193664
connection:0.08124087048117917
writes:0.012476648887123817
of:0.007337380587386364
kept:0.07535425702970139
what:0.01736683213201191
but:0.012552513627366231
saying:0.056916135452159226
up:0.025348308874573296
one:0.01855303599576646
in:0.003352447205556424
required:0.07061851793398054
use:0.031373198636742414
and:0.007203724801713016
subject:0.0005037161677739301
i:0.007203724801713016
the:0.0014221754905453829
is:0.005069294846993659
gave:0.07003535684977155
provided:0.07618802704914233
type:0.06114174547795653
does:0.022990354987500475
capability:0.09261559376208191
mike:0.06029079299920195
