fax:0.06951462136098613
config.sys:0.13304809899901723
mail:0.06964353420081491
that:0.007884196032601746
could:0.034297935348319486
me:0.024627015463739653
anyone:0.038020789764577075
phone:0.06675788923203566
3:0.05321513510540045
a:0.009521619039861784
driver:0.25089447262407216
button:0.10807963789292384
no:0.025585130367784314
internet:0.06492122597987741
model:0.08315798889962614
it:0.015584337715453271
have:0.01161933211699211
mouse:0.29631355753826116
be:0.013146846753124348
if:0.015230691358259302
of:0.004419104217403151
but:0.01512007323296387
one:0.022347975176718694
fellow:0.10937869275292268
or:0.015325260402342849
for:0.007394292338910773
subject:0.0006067490202731432
i:0.00867721396569977
hello:0.08793842706026754
got:0.05027622321887668
would:0.021196582866008548
10:0.06569026722491283
very:0.0396191475405329
happy:0.08632034292011412
s:0.028201649129819015
