some:0.0051433342516887855
expensive:0.0178417920446559
at:0.007761806277131552
fast:0.015338316849991356
help:0.009427721233664305
all:0.004202941985225953
case:0.010888154657739013
take:0.009364533613813673
your:0.011100724424504518
with:0.005152664112683237
into:0.007889003977895976
wrote:0.011346145262964147
my:0.004185965908944059
to:0.004249953357108289
clock:0.018899298755944566
that:0.003056428417924906
problems:0.012084023065602526
memory:0.029794116530108508
like:0.005130568561712217
nt:0.009437161476507997
re:0.0016473149902122052
wait:0.04852070227017777
this:0.0023126979663939166
bus:0.03565676345159173
reply:0.01582024898394337
simm:0.02464583771132896
slower:0.0861193540955026
set:0.023342859772034548
you:0.02693299067619357
tell:0.010616850456486577
machine:0.057318050296464265
speeds:0.021918792740376433
them:0.0064575293900098725
why:0.007840187577770955
more:0.005600964871456943
a:0.0018456001663168216
how:0.005794550648586451
want:0.008337435981110933
crash:0.022497365436680784
as:0.0035247319833348833
fort:0.027111105499590737
ram:0.17135934221291846
act:0.016438912171887025
course:0.010775999118502287
l:0.01455929770375931
furthermore:0.0216557124112944
no:0.004959232317984626
co:0.020110069353702714
it:0.004531129027400511
not:0.002655991227206894
should:0.014474115790603346
collins:0.02525209928787543
have:0.009008821377051153
plug:0.020895303853290022
machines:0.017383024382750186
buy:0.01324599614644919
states:0.04563250751703546
robert:0.014076704973381956
b:0.013484177737948203
has:0.004690636448839432
mixed:0.02464583771132896
call:0.011704652414091224
usually:0.01452753630919213
heard:0.011905935504052311
regardless:0.019933834399457343
without:0.009899605659922886
which:0.005691155649856907
recommended:0.021623905151499305
sort:0.013821415452251235
simms:0.06627471363725196
writes:0.0029130501806941076
down:0.010415707387458846
things:0.009844607612952642
if:0.002952204492349821
whatever:0.01455929770375931
of:0.005139398737420405
what:0.0040548110264168775
but:0.005861526187228285
never:0.009708983395867227
saying:0.013288789334645107
sense:0.014477189631555025
up:0.00591832762269773
chance:0.015837257832654644
in:0.003913649821464548
installed:0.03528960313088188
speed:0.07397500367589827
or:0.005941070111921457
use:0.00732501994602356
and:0.004204817340206937
subject:0.00011760773961241542
i:0.0008409634680413875
faster:0.06872777140782964
failing:0.02416912588472001
possible:0.01135229789852239
rate:0.017113108852384366
any:0.004507873419774482
will:0.02496267279522653
than:0.012604416583431376
the:0.0036525476254976137
do:0.0031643961185308226
putting:0.01770949122043178
can:0.007617321519275008
wants:0.015508965473981274
jim:0.014917756594488412
thought:0.011826371829038382
just:0.005173517900730775
address:0.014065292308077583
is:0.008285058979007257
number:0.011023193164747834
either:0.011028910604023605
having:0.011528155913746086
motherboard:0.03978171131040927
keep:0.011671429886017274
run:0.047168888605945286
unless:0.027119483927229
trouble:0.016805382741367114
slow:0.05427129654240319
article:0.0035697483714387714
sometimes:0.015438353851620486
reduce:0.02008765054529976
james:0.015240501179017742
