go:0.024625724706254775
ideas:0.04553156502581608
there:0.011617455513634778
technology:0.04262870488375877
to:0.001744555898849153
hunt:0.14916092870733177
connector:0.06668847372174241
that:0.004391197790309833
through:0.02999320625347882
16-bit:0.07559366318497647
hi:0.039886286835625374
big:0.03513646270718427
on:0.01925349969263126
you:0.014070860491360047
am:0.02068780198356159
card:0.11623702581699652
came:0.038211730790860085
board:0.09091636757861124
a:0.012374087191044008
old:0.03351788711825727
chip:0.04091651085826929
across:0.04885017875739041
are:0.008138118754445893
no:0.014249946027626706
internet:0.03615865750777982
it:0.021699710743036203
uucp:0.053590235535899665
has:0.026956315794596227
crystal:0.07298180960272549
tech:0.0574029456344282
of:0.00246127323500935
what:0.0233023317214337
but:0.008421306610764687
phil:0.28047179434594893
called:0.03395258855514853
box:0.040108088743121606
one:0.01244697351614712
1990:0.05406261228282618
and:0.007249317996660567
wherever:0.07387047110491851
subject:0.00033793616319010504
outside:0.04563007313267753
i:0.002416439332220189
any:0.012953003370744396
the:0.0019082354683267165
ibm:0.04987932998885654
is:0.01360367731091969
connectors:0.07255982959933825
going:0.0275672871398694
mv:0.08112801516501122
