some:0.012972631945926157
pc:0.0740631569332863
at:0.009788500138382568
coprocessor:0.06757666985363855
saw:0.0377486731459495
with:0.006498081964328304
contract:0.05645473853025863
wrote:0.02861749971880957
sell:0.03866746998867297
to:0.004593997200302769
make:0.01955644981499671
that:0.0038544958381608535
think:0.015997200305872837
nt:0.007934206130249317
months:0.037731050444220225
its:0.02297582840037967
re:0.004154894475313006
so:0.022706902164109335
this:0.0058331382041268785
parties:0.05438156124603183
these:0.01840706636776603
you:0.006175544326763576
great:0.02801389654147419
computers:0.04819743185098522
a:0.001551671250940439
anymore:0.049238381674066585
486:0.10595392416193791
chip:0.03591560397559193
third:0.04058649996297651
are:0.014286919591138345
it:0.0038095047748885774
not:0.013398000190576997
have:0.005680562368307254
made:0.025839772799088907
machines:0.043843850387603245
restricted:0.06281606289438453
allowed:0.04257592475685413
selling:0.04633085705943934
without:0.02496900538669439
be:0.006427347301527459
of:0.004320901901460859
even:0.018657327197400285
available:0.030011820309047
least:0.02675180425229425
using:0.024493561984943565
in:0.007896875639755132
become:0.036802475275501643
or:0.007492349530034282
world:0.02801389654147419
and:0.002121096747171055
for:0.003614987365689711
subject:0.00029663285435575884
i:0.00424219349434211
386:0.05243484914575305
any:0.011369858514320081
mail.sas.upenn.edu:0.06504573728840843
the:0.0008375033444322812
do:0.007981310210072185
upgrade:0.049139615591652745
ibm:0.13134890230398888
would:0.01036277384560418
because:0.019608025543272376
an:0.009976645984019298
cache:0.05391853128602553
is:0.0059705028197925315
chips:0.1384246982732324
ad:0.04810746284840056
their:0.016818706873130154
dreams:0.06040423505840867
article:0.009003698670184456
especially:0.03472550786108158
unlikely:0.052976962080968956
s:0.006893736453955759
