xt:0.08526187639681154
send:0.048889118681270376
thanks:0.033223110748602715
your:0.02099887036968771
my:0.04751071306651507
via:0.05697052297692742
to:0.0022969986001513845
need:0.032020033191620605
this:0.008749707306190317
hi:0.05251694433357341
these:0.027610599551649042
on:0.008450147087321499
a:0.004655013752821317
hard:0.13521167012877547
as:0.013335236003616973
old:0.0441318847057054
drive:0.14119018744029943
question:0.036383101389118405
are:0.010715189693353758
d:0.03036407037295059
drives:0.2698028434503774
has:0.017746241231442517
get:0.021906232921518706
if:0.011169173662723488
what:0.01534070171661052
please:0.03192358928175425
pro:0.07501276917593704
floppy:0.14683403645326126
or:0.011238524295051422
use:0.02771299212912247
and:0.006363290241513164
subject:0.0004449492815336383
i:0.012726580483026328
currently:0.05998222503095495
do:0.011971965315108277
can:0.028818866414590444
just:0.019573142724431433
e:0.051848161600897114
disk:0.11669929945999605
questions:0.05040293895409186
lot:0.041309223137756514
2:0.06494698506984696
