another:0.025198924208961124
configuration:0.05390038607610039
bbs:0.04598912104267797
know:0.014021308246117066
posting:0.037490779056320915
dos:0.08021709900554404
thanks:0.022652120964956397
with:0.01329153129067153
much:0.019854509881362857
someone:0.05007859351506864
mentioned:0.03994504112263452
post:0.029347475050354323
that:0.011826294048902617
nt:0.008114528996845892
could:0.017148967674159743
its:0.023498006318570117
rob:0.05000775786362772
me:0.012313507731869826
this:0.005965709526947943
he:0.018069695540002675
on:0.017284391769521245
m:0.031109425275365275
sure:0.024795954774536406
board:0.08161810271261692
a:0.006347746026574523
manufacturers:0.05735579382868514
science:0.03842763893371949
computer:0.03046253301324222
prices:0.04957342589976184
it:0.007792168857726636
not:0.006851250097454147
have:0.005809666058496055
boards:0.05316266396133544
university:0.026708410245439247
robert:0.07262300065812963
has:0.012099709930528989
dept:0.04662849420842954
if:0.007615345679129651
of:0.004419104217403151
but:0.007560036616481935
windows:0.031218263425267064
they:0.010601359369406179
in:0.0040381750430566014
or:0.007662630201171424
for:0.0036971461694553865
subject:0.0003033745101365716
i:0.004338606982849885
info:0.03347040294764088
walker:0.2215130501338651
any:0.011628264389645537
information:0.027713878232770058
the:0.0008565375113511966
did:0.01868080731185188
friend:0.03946817522378189
interested:0.03269404790244227
paul:0.037216164671693835
is:0.0030530980328484533
specifications:0.06673646010191944
runs:0.04263398318685608
16:0.07924983504148049
too:0.022187703043914733
under:0.027583220762564083
models:0.05071821646568834
give:0.02685495762904553
before:0.024161298491166414
ports:0.11188907901574792
