since:0.013077265512442362
24:0.02394172384881347
pc:0.043566562901933115
mark:0.01963152917838033
there:0.005998555461288546
access:0.02191095992168971
with:0.01528960462194895
c:0.0338051986330583
arguments:0.027186409380276808
bits:0.02881946665991368
to:0.0018015675295304978
then:0.020861181042820958
that:0.006802051479107388
problems:0.0179285832411227
memory:0.022102171412858272
talking:0.02130517111347888
nt:0.0046671800766172455
anything:0.015171510786401332
re:0.002444055573713533
so:0.013357001273005492
supposedly:0.030320873957151877
this:0.0034312577671334575
bus:0.05290251832360342
on:0.013255132685994509
roger:0.05769614083093585
more:0.008309928273338077
magazine:0.027599343377803155
a:0.0009127477946708465
nor:0.022578686254741197
want:0.012369921357595959
advantages:0.035858768469486546
part:0.016007987662831877
ram:0.10169560962701303
far:0.016270444915826156
no:0.007357815269166731
not:0.0039405882913461756
should:0.01073733426296392
have:0.0066830145509497105
systems:0.019610569413611834
only:0.026147769377829148
has:0.006959310286840202
anybody:0.019866634934069902
which:0.008443740735408612
claims:0.024551148206592984
pentium:0.04188962874533259
writes:0.004321976411879492
if:0.004380068103028819
of:0.005083414001718658
even:0.010974898351411933
explain:0.02349710802622617
but:0.0043482563545778445
latest:0.027231023531063735
using:0.014407977638202096
over:0.01311072387267554
in:0.0023226104822809215
cpu:0.05846356044958653
system:0.04382788880867696
rather:0.016820154594201723
use:0.010867840050636263
subject:0.00017448991432691697
however:0.01566731309932623
i:0.0037431119067724496
plain:0.0297372259986702
dma:0.038765211745705144
directly:0.023741832192786798
will:0.007407224476492055
than:0.01870067035580995
the:0.00837503344432281
users:0.0258084808382757
do:0.014084665076597974
writer:0.03332136126900512
can:0.022603032482031722
because:0.023068265345026328
agree:0.019716046921336203
isa:0.09462393266090409
an:0.005868615284717234
problem:0.01382722413101689
just:0.007675742244875072
actual:0.026551352200841198
address:0.020868113424402684
is:0.005268090723346351
limit:0.05804474536795757
occur:0.0297372259986702
right:0.012678912377714376
motherboard:0.059022539003025516
their:0.00989335698419421
first:0.012271600192098308
eventually:0.027694760367483893
transfer:0.05940892857481041
understand:0.01958272720872976
data:0.03835745912687336
editorial:0.03790881787376786
