24:0.014088783649494079
large:0.02303103169144289
cat:0.01947683426695963
dir:0.022445258528032933
out:0.004531450381078692
bbs:0.015565548660598698
say:0.007298249901029013
29:0.017557637474194292
help:0.024693377538943812
all:0.0036694916563318894
tried:0.03574458522734621
essential:0.019509291454059108
take:0.00817595819359886
actions:0.015208547862262124
thanks:0.007666871711216012
where:0.007105603070129854
access:0.025787514369373276
sector:0.02050861883078532
your:0.009691786324471251
with:0.0022493360645751822
way:0.006662972382871321
damage:0.017113357139110275
ca:0.007909802292662775
work:0.007788740246116553
wrote:0.009906057594972543
trick:0.0191073195358457
my:0.02558269165120042
via:0.013147043763906328
to:0.008481225600558959
boot:0.018879332574578238
h:0.013589162016517373
day:0.009781934752934124
ms-dos:0.01992177426311141
might:0.008181096676455562
t:0.00990874251923247
been:0.005643232258543998
format:0.03092349620798473
that:0.0013342485593633724
think:0.005537492413571367
through:0.00911332036163395
id:0.018037726184704825
nt:0.002746455968163225
location:0.017657026824901553
could:0.011608531964046596
me:0.008335297541573422
re:0.0014382327029929638
norton:0.020383867770196268
anyone:0.006434287498620735
error:0.04344759414429229
this:0.006057489673516374
on:0.0019500339432280383
you:0.0021376884208027763
disclaimer:0.014438675104131488
am:0.006285909064236022
more:0.004890073176233562
a:0.003759818800355679
hard:0.09360807931992148
other:0.005305030722430427
uunet:0.014526893509297253
controller:0.016199571618075642
low:0.013060748230691616
was:0.003405619746543791
idea:0.010662985751002909
drive:0.05430391824626901
attempted:0.019885659877150488
anthony:0.02068150878410173
advance:0.012167312371833269
responsible:0.015041750827203933
bios:0.055682544988916644
no:0.004329791293009653
301:0.021303981958911013
it:0.005274698919076492
not:0.006956653945107288
have:0.003932697024212714
applying:0.022110599385765123
try:0.0187414590180261
properly:0.016560638982701912
completely:0.013834590911690271
disks:0.016575811206898126
exit:0.02046658394412305
command:0.015831740980514753
has:0.008190572876050392
decided:0.014352434857762903
be:0.0044497019779805485
writes:0.002543316888529086
get:0.00505528452035047
if:0.005155003228949302
of:0.0022435452180662153
even:0.006458305568330869
what:0.003540161934602428
but:0.007676344872120119
hd:0.017148482075892094
saying:0.023204270607418764
using:0.008478540687095849
find:0.00814017976028227
up:0.01033431054117219
now:0.006353516914916324
seagate:0.022110599385765123
david:0.028805137377051857
in:0.0006833834688249634
or:0.005187011213100657
message:0.024979383758151705
and:0.003671128985488364
gets:0.01283583208612617
for:0.0037540253412931615
subject:0.00010268060343083961
cause:0.024257701025708206
scan:0.020145885448203622
i:0.009544935362269746
gregory:0.020551118200733725
directly:0.013971155098063001
any:0.003935720254956952
information:0.009380081863399095
will:0.013076600133499436
than:0.005502312623921005
the:0.0026091450345774913
do:0.005525522453126898
when:0.010059034175721047
level:0.027081039712259607
got:0.008508283929348362
would:0.0035871140234783696
can:0.009975761451204386
tries:0.019849881443833896
int:0.02081647539876046
correctly:0.01676270565011684
last:0.008385240584844222
an:0.003453454379083603
problem:0.008136789584790709
address:0.012280082130513889
head:0.013280229751752628
press:0.013797501387567948
china:0.0229688438138967
is:0.0010333562572717842
done:0.030561502516392676
write:0.012516053557644282
formatting:0.02376745675535149
disk:0.0403959113515371
gave:0.014276438127068816
dave:0.013485671812979202
already:0.011176101235759045
resort:0.021922944908190387
backed:0.02072597348564433
by:0.0038093672108352543
data:0.01128594470463774
everything:0.023766634491717332
s:0.002386293387907763
