looks:0.04579405316888148
pc:0.04458651587957034
cat:0.06774551049377261
at:0.0029463712791118093
there:0.003069494935040627
11:0.025847589549297063
small:0.009995805686508399
dos:0.05902261465290865
tried:0.02072149868251954
where:0.006178785278373785
access:0.011211962769292727
own:0.007580236239290954
text:0.012095530880379823
wonder:0.012342366915775681
with:0.005867833211935258
way:0.005793889028583757
4:0.008308593659460465
lan:0.04187011012752457
times:0.009399585757501761
from:0.0028313453325423932
work:0.006772817605318742
drawing:0.015863658778250283
wrote:0.01722792625212616
my:0.00953392235448463
to:0.002304680869717108
receive:0.01432247080771072
rd:0.017323281967922963
day:0.008506030219942716
been:0.004907158485690432
that:0.0011602161385768455
like:0.011685341774334513
through:0.007924626401420826
could:0.0050471878104550415
font:0.0333850845391399
re:0.0012506371330373595
so:0.006834853494213512
file:0.05081080071000684
had:0.005131800955458646
30:0.02289702658444074
internal:0.013252733833178371
unix:0.039758201499535115
on:0.0067827267590540455
took:0.011288968817447087
am:0.005466007881944367
identical:0.016345395802407264
inc:0.012244198982623416
link:0.03241396741643423
card:0.010237151660582748
modem:0.05703505788006435
m:0.004577975625806261
seconds:0.046436434564334925
a:0.005604698832828342
same:0.019485886460153302
was:0.011845633901021882
as:0.0026759670910268176
ascii:0.01762003151845368
following:0.009154897234246694
standard:0.010180750971445607
fine:0.010833299591707559
vga:0.015084888325269778
experiments:0.018711054048400247
video:0.011691341782157267
hitting:0.0160524257043538
are:0.0043004105792724115
os/2:0.09493871466550816
no:0.003765035906964916
works:0.009950254159032576
d:0.006093124489555303
com:0.019398157641091915
18:0.012932272552585616
it:0.004586694712240428
not:0.002016421433364431
have:0.0017098682713968323
400:0.015353936369479609
after:0.012904439382374256
connection:0.014400555637132096
technologies:0.01651446697017593
screen:0.012502699565572066
ati:0.0171691311077214
which:0.004320710142199056
comparison:0.015608530668719743
pg:0.020935055063762285
get:0.004395899582913453
end:0.009044258871489998
3.1:0.026230916273426202
intel:0.016908390166351126
but:0.0044500549983305035
min:0.037917813596156494
lines:0.011816662623058584
disappointed:0.019705206300801355
using:0.036863220378677605
windows:0.018375967768719075
75:0.015608530668719743
up:0.013479535488485465
good:0.010836186296719058
over:0.013417663896450554
in:0.005942464946304029
speed:0.011232324972862143
or:0.0022552222665655026
sec:0.10131957807028046
use:0.005561135544305512
and:0.0038307432892052493
few:0.007644239133465841
for:0.0032643698619940534
subject:8.928748124420834e-05
al:0.02548504468710523
space:0.010225795175629108
i:0.005746114933807874
faster:0.02608897008290523
limited:0.012983595528086152
20:0.01051783394115592
pretty:0.02887645542059826
currently:0.012036566895843802
normal:0.012616597573640613
the:0.004537643538395637
canada:0.012443503655540623
did:0.005498030245628647
an:0.01201201523159514
just:0.007855441896092882
note:0.009905314711968219
btw:0.012547794382753628
bar:0.016853108220026006
ted:0.1050354478091744
is:0.0017971413169944074
col.hp.com:0.019517616111332983
desktop:0.016745212359764398
hardware:0.01187184322299181
gave:0.024828588047076203
window:0.0816352815811906
keep:0.008860918341558265
2:0.013032839813347215
light:0.011679647778616365
x:0.010184481570388301
various:0.011921668823930396
every:0.008134276009824068
under:0.016236277104385546
although:0.010567690490818588
very:0.005830242447436278
little:0.007843942146817606
difference:0.010726267046268851
takes:0.011959531284212946
xview:0.019282819259582987
by:0.009937479680439794
hp:0.014467048515238544
everything:0.010333319344224927
