another:0.009476518505934098
some:0.004989473825356215
at:0.0037648077455317568
there:0.003922132416996357
know:0.010545941244942751
help:0.009145695384794005
all:0.004077212951479878
means:0.012113654788199799
truly:0.018625228500129824
with:0.01749483605780697
4:0.021233072685287856
ca:0.008788669214069749
into:0.007653008132403361
from:0.003617830147137503
work:0.017308311658036785
bits:0.018843497431482024
sell:0.0148721038417973
both:0.009597025992770248
my:0.012182234119619247
via:0.014607826404340366
to:0.0005889740000388166
apart:0.01968657452859438
might:0.009090107418283958
that:0.0074124919964631795
memory:0.014451419769945793
nt:0.0030516177424035834
avoid:0.0165245704838594
so:0.008733423909272823
this:0.002243514693894953
simm:0.023908569061844763
these:0.007079640910679243
on:0.008666817525457948
possibly:0.016568178048706587
used:0.025313634722267508
machine:0.05560340776622816
am:0.006984343404706691
8:0.025234968225417664
more:0.010866829280519026
board:0.015346993672457883
a:0.0035807798098625512
how:0.005621209389868053
price:0.0133766846232648
as:0.0034192912829787117
running:0.012937865010455992
180:0.02456733265085014
ram:0.09973992482649355
driver:0.01572557948071108
question:0.009329000356184208
486:0.061127263939579554
solution:0.016623320804415594
ie:0.017878710199835095
helpful:0.019848732355791484
bios:0.04124632962141974
are:0.005494969073514749
no:0.00481087921445517
it:0.004395582432563743
have:0.006554495040354523
being:0.008315401409936531
boards:0.05997839011022459
plug:0.020270230661097587
probably:0.020403621495976142
only:0.00569887281311661
400:0.019618918694335057
32:0.0183009349209637
mother:0.018203436298031343
selling:0.01781956040747667
device:0.017154507627824042
free:0.012339776897968956
be:0.004944113308867276
which:0.005520907403921017
thinking:0.029773731058535518
simms:0.10715356122262247
down:0.010104126397235718
if:0.0028638906827496125
of:0.004154713366789287
seen:0.011078909788984416
banks:0.020167249671443482
megs:0.023337922084816887
fact:0.010249004823200169
well:0.007191743205783525
windows:0.011740201630014964
they:0.003986836002169846
now:0.007059463238795916
us.oracle.com:0.026994614862841333
installed:0.017116965621175612
or:0.0028816728961670317
rather:0.010997793388516511
and:0.004894838647317819
for:0.008342278536207025
subject:0.00011408955936759957
however:0.02048802482219584
space:0.026132587671052167
i:0.006526451529757092
appreciated:0.014464795381095057
any:0.004373022505507724
will:0.004843185234629421
currently:0.01538005770024486
the:0.0038654000512259126
do:0.01227893878472644
see:0.007561477612868275
hello:0.016535430729281077
would:0.0079713644966186
can:0.003694726463409032
isa:0.0618694944321296
linux:0.02278735425642813
extra:0.01660117824568911
eric:0.017042856753498318
slots:0.02367109106545668
just:0.0050187545447260085
about:0.012628412568229122
entire:0.01593768471234531
pickup:0.025610909405175106
is:0.0080372153343361
number:0.010693439523067344
mg:0.04927831588560098
right:0.00829005809312094
motherboard:0.01929583005868142
days:0.012727575318590482
90:0.017230595767283474
does:0.005207217155288569
1:0.008369760221900465
x:0.0130135042288295
sold:0.017549265406161717
slot:0.021787043906657193
afford:0.020192763205573838
eight:0.020946401623554396
full:0.013203685828731852
needed:0.01425565252194881
process:0.01545540056937422
by:0.004232630234261394
buying:0.01714195694545947
s:0.0026514370976752923
