some:0.004824532541873364
since:0.008267857947949096
read:0.009367781247512074
large:0.012372041817717255
at:0.0072807025822680255
fast:0.028775189462380477
there:0.003792475147013006
tel:0.03359874445701138
your:0.010412662993233575
with:0.004833284105698738
much:0.007219821775041039
though:0.010270843808308594
ca:0.01699626938919274
into:0.00740001612802639
someone:0.00910519882092157
times:0.011613537774764574
from:0.006996464912646079
name:0.011414183908389467
to:0.003986526496130503
remember:0.011498446431905918
intention:0.023001794559937925
then:0.006594546899900014
mhz:0.01952523384340611
been:0.006062976806700163
bear:0.018618026127354196
that:0.005733960750983088
guy:0.04197930678035789
memory:0.05589474753995562
v:0.03179048193307448
nt:0.014753689085174349
need:0.007938851204534034
re:0.001545208689165994
dawson:0.05026363873411133
server:0.016539085723750555
wait:0.015171073574835197
so:0.008444715680867108
uk:0.017858014399416474
this:0.002169348918890161
mean:0.010923231639792813
bus:0.06689326697116796
he:0.006570798378182791
hi:0.013020730000059525
something:0.008225873211419515
two:0.0077057414572450885
on:0.0020950777902449995
you:0.011483450194395079
am:0.006753456019427131
great:0.010418391275754864
card:0.050593526388665155
graphic:0.021770204231477894
3:0.00967547911007281
why:0.007354225537826473
onto:0.01799240775357168
a:0.0034624069235861033
how:0.005435384286070761
other:0.011399239568858768
sorry:0.01312982101131663
controller:0.034808996865286504
was:0.003658930306204073
austin:0.020689332626320476
said:0.009055805077121622
wise:0.020224547570838285
usa:0.015060420190201342
odd:0.020080552813275608
local:0.012629683685603108
question:0.009020603650194647
also:0.006130153436692424
video:0.028890175147644817
mind:0.01251923885541379
are:0.0026566586016579566
it:0.005667031896528462
have:0.006337817518359333
buy:0.012424963327454405
usually:0.013627069182589312
free:0.01193185038894519
be:0.007171007319886008
writes:0.002732489219080836
spend:0.016942550474014672
making:0.012704988392034726
if:0.0027692166105926005
of:0.0024104204822199007
even:0.006938675403991842
what:0.007606959528897779
hd:0.018423989007156794
up:0.00555148913368754
transfers:0.024764267771946177
net:0.013698935888010258
over:0.008289011374046933
in:0.003671068220960547
gon:0.019754154419396968
71:0.02099556391621189
system:0.009236455905960847
fellow:0.01988703504598594
speed:0.027755910470130422
use:0.020612969352239854
and:0.0031553505329817346
for:0.009410917522250074
subject:0.00011031800368602602
however:0.009905367372714517
austin.ibm.com:0.043125021398650924
i:0.004733025799472602
faster:0.016116946394191454
group:0.011145107168622501
normal:0.015588275514539434
the:0.004049086417296566
do:0.008904767589749958
benefit:0.018718571997848123
vlb:0.06817307827273573
ibm:0.016282921773221763
greater:0.01743422684435411
thank:0.01500204258995667
would:0.007707848314912199
because:0.007292240904522785
na:0.01800951846706768
130:0.022267574819287293
an:0.007420645773237494
slots:0.022888575658334145
just:0.004852845303578041
about:0.004070314794718478
is:0.004440869865961387
netters:0.020404238116043815
move:0.014614979816417427
ethernet:0.021562510699325462
cards:0.03252080549051324
having:0.01081360079512546
disk:0.014466855304958188
vesa:0.043626051331018156
512:0.021944218633751143
guyd:0.08315214280899029
article:0.00669696595302976
useful:0.015844162054043133
stands:0.019754154419396968
data:0.0242507902744282
fit:0.01679937222850569
sometimes:0.01448143109222252
main:0.015365359552176976
s:0.0025637862845290012
