eisa:0.034026954423656816
believe:0.013247999270306954
at:0.016115213642459103
out:0.014368013403420242
computing:0.02660037487304294
there:0.005596213326689923
all:0.011634973544466966
tried:0.01888941495754068
with:0.007132041180360334
into:0.010919535993795039
from:0.005162025941647413
both:0.013693317575050231
my:0.0057939893983554955
to:0.003361461366075197
boot:0.029930649203599644
connector:0.032124325756205184
might:0.012970031316331988
engineer:0.02718661792519478
that:0.004230544212615571
ran:0.02768167984428023
memory:0.061859126088426496
months:0.04141212853633927
me:0.006607248051247224
re:0.0022801250169400644
this:0.0032011124290940184
appeared:0.028996976020052738
pins:0.03193859888129842
two:0.04548266908910516
on:0.009274551681206522
you:0.003389018228101963
performance:0.023115922156076926
them:0.00893816568007464
8:0.018002995624230893
a:0.0034061076240155977
same:0.011842032625174467
test:0.04360853480463013
was:0.010798306513431532
as:0.004878744879372064
failed:0.025837184976981925
are:0.00784038270245397
no:0.006864303269405548
meg:0.08516551091488313
place:0.016581875715344058
it:0.002090581888658366
have:0.0031173817874856884
bank:0.0580694638723972
after:0.011763498095517995
b:0.018664075283623426
allen:0.027158711418930077
decided:0.02275386014035582
be:0.0035272027874236056
writes:0.004032087750107088
get:0.008014475459092209
if:0.0040862830473378615
of:0.005928066633101788
failure:0.02895945244947726
institute:0.023734499084959185
parts:0.022248140313514395
warranty:0.031302257324443285
banks:0.028775222092181554
seems:0.014368823715738282
pattern:0.12703344912905848
good:0.009878108849753044
one:0.017987394654432116
in:0.00433365126571928
jumpers:0.034853451326072815
system:0.013629404446600763
or:0.008223310459793723
and:0.002328033015187743
wpi.wpi.edu:0.07161961571913306
for:0.001983834529951671
subject:0.0001627863225123067
however:0.014616456732908007
i:0.003492049522781614
6:0.01791676605219021
top:0.02061970869614217
leads:0.02768167984428023
the:0.006434476914540696
upgrade:0.026966862214931383
ralph:0.10132381663384504
did:0.01002384782587174
ny:0.025617032509651947
slots:0.03377460554461502
problem:0.025799576732263223
finally:0.022173929730464056
address:0.03893684577967818
many:0.011300006265720083
ma:0.024458645885594613
tests:0.02870306076506568
hardware:0.021644397095576536
motherboard:0.027531855083728365
center:0.01991848069190737
lot:0.015113130416252382
16:0.02126215086478745
too:0.01190559675527132
late:0.02350084747336079
slot:0.03108639191559624
article:0.0049410541482719575
luck:0.025138955036058667
fault:0.026993902440954957
high:0.017056852595375132
check:0.02017872905236396
s:0.0075662961080002235
