some:0.0061449309217544955
eisa:0.20559444041241062
at:0.004636657960286479
out:0.006200932100423473
there:0.004830415713563934
know:0.006494079608727904
all:0.00502140963498048
happen:0.01779806434824903
ever:0.013912747667525581
switch:0.022379544326369346
your:0.006631222222006645
continue:0.020569506352112868
with:0.018468232951248862
into:0.009425283699907297
tcp/ip:0.03154185684637355
work:0.010658276126264757
my:0.005001127691212112
via:0.01799069146639813
to:0.0029014719159806963
within:0.017033948506962198
us:0.010841454664131557
that:0.010954882908457163
problems:0.02887445511465024
memory:0.03559612869649806
re:0.003936215818717585
so:0.005377950512552211
anyone:0.008804814471796795
had:0.008075834135169132
ti:0.01994032134869296
slower:0.025722491289051432
you:0.011701031355973092
assume:0.01827099239625882
board:0.11340620587437299
a:0.0007350021714981026
same:0.010221543950150591
as:0.012633381477110817
running:0.03186800434154423
question:0.011489400438668971
also:0.01561575928083754
far:0.013101989853270534
computer:0.014108962658764816
are:0.013534976454762641
no:0.005924977558855315
base:0.02027176766006869
it:0.001804502261789326
should:0.008646379695965682
have:0.005381585401554241
boards:0.04924541503786862
able:0.013881395926898257
mother:0.022418968914417546
after:0.010153756250868165
b:0.03222008785804465
nonsense:0.027674383809739266
network:0.019334156158050404
familiar:0.02424557073521623
without:0.011827423604223657
be:0.009133598796907443
writes:0.0069606567475532875
if:0.003527107472438996
of:0.0030701145089327155
what:0.004844432121034901
but:0.0035014906434232117
understanding:0.02112713044689908
seems:0.012402563628321463
using:0.023204427143630742
windows:0.057835940661547396
in:0.0037406253030419045
our:0.011735660120949438
system:0.047057312194579475
speed:0.017676132457293582
or:0.0035490076721215015
use:0.017502942397340505
and:0.002009460076267315
for:0.0017123624363793368
subject:0.00014051029943167525
i:0.0030141901144009726
we:0.007093388977441947
any:0.005385722454151617
will:0.011929529946350362
than:0.007529480432734006
the:0.004363833215726096
when:0.02752998827039444
hello:0.020364688371851427
can:0.004550347328619544
isa:0.2285915004808157
may:0.009794871197051741
an:0.009451559353281439
problem:0.02226910833732194
address:0.016804322915440057
is:0.0028281329146385673
switched:0.028677111830782073
cards:0.08284247293372846
else:0.01329764329125293
shawn:0.03266060127786657
irq:0.060339226719449704
1:0.010308020483814255
handle:0.021380825719624755
article:0.008529819792806327
telnet:0.029916933258744
s:0.006530908219537035
