at:0.005506031327840194
there:0.017208355979571512
11:0.024151341485124447
know:0.007711719535364387
damn:0.02688648035851629
corner:0.030634112374448304
where:0.011546604988961012
with:0.007310342209869342
missing:0.026985296646182808
concerning:0.028595264021610656
though:0.01553465126006675
such:0.024037715043347483
from:0.010582153180377196
work:0.0126567028999394
my:0.011877678266628767
located:0.061090916811497156
via:0.021363946116347784
to:0.0025841234251703076
boot:0.061357830867379275
front:0.021980943308537088
ms-dos:0.03237288317755604
might:0.026588564198480574
been:0.009170252420133996
that:0.00433630781793096
problems:0.017144207724323582
memory:0.02113520141354572
like:0.007278994146929208
nt:0.004462990948265241
could:0.009431932220787859
affect:0.06126822474889661
this:0.003281140239821369
finger:0.031097287200409066
getting:0.01695125982640429
two:0.023309867908166394
recently:0.020683197278673057
on:0.006337610315491124
possibly:0.024230960396233382
them:0.01832323964415301
causing:0.030678915433689637
apparently:0.023679131601572895
sure:0.013637775125995023
a:0.0017456301573079939
hard:0.016901458766096934
other:0.008620674923949443
same:0.012138083440803828
controller:0.07897291163811875
as:0.010001427002712731
drive:0.03529754686007486
scsi:0.026437326850831017
21:0.025351268882214534
advance:0.01977188260422906
course:0.01528844874937512
far:0.015558612950758761
are:0.012054588405022978
have:0.012781265328691322
due:0.020719640530615518
only:0.008334601489183042
disks:0.05387138642241891
b:0.01913067716571401
formatted:0.036824104274622536
25:0.02298551592681008
suffered:0.03299220131908248
be:0.003615382857109196
get:0.01642967469113903
if:0.008376880247042617
of:0.0024305073195717334
even:0.01049474654853766
available:0.01688164892383894
hd:0.05573256674664931
version:0.019502941297909904
least:0.015047889891915515
they:0.011661495306346796
errors:0.02683765198516133
one:0.00614569317359764
in:0.002220996273681131
floppy:0.055062763669972974
jumpers:0.1071743628276739
system:0.027940279115531565
message:0.02029574930349826
and:0.0023862338405674366
subject:0.00016685598057511437
finland:0.03390162371702772
i:0.00715870152170231
any:0.012791090828610092
information:0.015242633028023532
unfortunately:0.02301183175516223
quantum:0.03237288317755604
the:0.0032976694187021064
hello:0.024183067441573572
would:0.0058290602881523506
drivers:0.024576898490503162
operating:0.05745095412950684
an:0.01122372673202171
lower:0.024818641331535107
problem:0.03966684922585471
adaptec:0.0763178848029708
disk:0.04376223729749852
does:0.007615555089609533
2:0.012177559700596306
1:0.012240774324529429
various:0.022278618614719928
refuse:0.03139261773072498
s:0.007755453510700229
