preferably:0.07119445167591419
there:0.012402418724015507
way:0.023410443507385723
much:0.023610768507566642
to:0.0037248625948400837
covers:0.07266476059278987
direct:0.05396994084559695
me:0.029286180551474184
anyone:0.022606956076235016
this:0.0070943572752894465
hi:0.042581306216410875
sincerely:0.07363042226822425
two:0.025199857198017723
these:0.022386972609445173
tell:0.032567906130033145
magazine:0.05706350725410653
a:0.0037743354752605273
also:0.02004725853621036
ee:0.08042270411365414
it:0.004633181482972594
between:0.06278015800125421
types:0.05536347583757945
univ:0.06276491042236766
be:0.007817044015371234
which:0.01745800449347997
simms:0.2710695494712828
get:0.01776181047690706
dept:0.05545010122083513
if:0.009056086753559586
of:0.01051030192247236
what:0.012438406797251774
please:0.025883991309530473
and:0.005159424520145809
for:0.004396606255568568
subject:0.000360769687729977
i:0.0025797122600729047
group:0.03644751263252223
appreciated:0.0457400286375168
eng.umd.edu:0.07910968048590215
any:0.013828206301200099
information:0.06591408876983149
review:0.058400533576470084
detailed:0.06682784598067731
the:0.005092925743169277
would:0.012603373596005083
can:0.011683324222131263
about:0.013311029463809076
different:0.0341515797028547
is:0.003630711174198161
faq:0.05246074409321297
very:0.023557330970046586
difference:0.08667983369822667
origin:0.06548497471293133
maryland:0.07837904236062815
by:0.013384263173204947
wish:0.050487533983497014
s:0.00838427406562187
