at:0.017273823773616293
nanao:0.2500927254792669
vertical:0.10589115972609248
philip:0.11372645362130358
clark:0.0983291502984065
wrote:0.05050147009201689
to:0.005404702588591493
misc:0.11272070275095944
me:0.021246836870677348
re:0.007332166721140599
this:0.010293773301400373
a:0.0054764867680250785
same:0.03808026177507083
1280x1024:0.2488859937668452
terry:0.10612320791524939
not:0.011821764874038528
netcom.com:0.12623667351847603
of:0.003812560501288993
monitor:0.07347599686448643
phil:0.17378252355552912
now:0.032390478389769495
according:0.06744169028600427
better:0.04384737002551771
and:0.0037431119067724496
for:0.006379389468864196
subject:0.000523469742980751
info:0.05775285214494897
cd-rom:0.10101475529984097
will:0.04444334685895233
than:0.028051005533714923
the:0.004433841235229724
do:0.014084665076597974
thing:0.04439083206127366
upgrade:0.0867169686911519
gateway:0.09462393266090409
btw:0.07356452000869283
n:0.07178461756479218
is:0.005268090723346351
refresh:0.117508878447274
new:0.03380391303693229
told:0.060788622877041766
handle:0.07965405660252359
