k:0.1722118661932574
vertical:0.24547496118321438
someone:0.10015718703013728
me:0.049254030927479306
tell:0.10954659334647512
not:0.027405000389816588
rates:0.4168731845902956
of:0.017676416869612604
nec:0.49311452679313045
and:0.00867721396569977
subject:0.0012134980405462863
horizontal:0.24601289107625995
the:0.010278450136214357
can:0.039298454201714246
refresh:0.5448138909828159
maximum:0.22247002327922114
