xt:0.056216621800095526
seemed:0.02318177415567964
some:0.012830075550915981
out:0.006473500544398132
computing:0.023969568566917815
there:0.010085483357990631
scheme:0.025224324035573648
administrative:0.03381440081542361
dos:0.01939314481452713
switch:0.023363260560495473
with:0.012853348940429613
way:0.009518531975530459
setting:0.02363646624924509
nicholas:0.032064655040047046
themselves:0.017782693496279218
my:0.010441914959673641
to:0.005300766000349349
interrupt:0.06453635702163639
depend:0.028157151270472188
software:0.015471351035611302
been:0.008061760369348569
that:0.0019060693705191035
problems:0.015071830966438314
nt:0.003923508525947464
me:0.00595378395826673
anything:0.01275407225450222
re:0.0020546181471328053
had:0.008430815855396347
this:0.008653556676451962
parallel:0.025282161469568083
on:0.002785762776040055
you:0.0030538406011468237
went:0.01792561134745101
assume:0.019074112941149322
card:0.01681817772810023
santa:0.05789438927491924
computers:0.02383389487136632
more:0.0069858188231908015
board:0.01973184900744585
stable:0.02759790569734064
a:0.0023019298777687833
sb:0.0958969567876794
was:0.00486517106649113
as:0.008792463299088116
contemporary:0.03395350965050213
also:0.00815108314109652
whole:0.016439096016633462
california:0.021865215532543607
solution:0.02137284103424862
college:0.022634699453673916
computer:0.014729136841567668
are:0.007064960237376105
no:0.012370832265741868
play:0.01759295732296946
works:0.01634684611841066
it:0.0018838210425273186
have:0.0056181386060181636
drives:0.022236498086569568
conflicts:0.03186840183893672
machines:0.02168102491694666
completely:0.019763701302414675
settings:0.02764239586345393
has:0.005850409197178852
free:0.0158654274402458
which:0.007098309519327021
writes:0.0036333098407558373
get:0.007221835029072101
if:0.003682145163535216
of:0.002136709731491634
interface:0.02320164580661474
but:0.0036554023200571994
adjust:0.030434259941301448
port:0.02291086338104143
using:0.024224401963130998
well:0.018493053957729065
one:0.0054028071855803435
in:0.0039050483932855052
5:0.05711808542676226
or:0.003705008009357612
use:0.01827230250271811
better:0.012286900391765951
and:0.005244469979269091
for:0.005362893344704516
subject:0.00014668657632977087
however:0.01317087309998304
i:0.003146681987561455
386:0.02592932100614162
games:0.07318396245293904
than:0.007860446605601435
the:0.0033132000439079256
do:0.003946801752233498
peter:0.04046036352555997
linux:0.029298026901121883
instead:0.016855683030684843
put:0.013667358788718569
7:0.0350717420761682
an:0.004933506255833719
about:0.005412176814955339
general:0.01620016683015138
is:0.00590489289869591
having:0.014378524134177811
new:0.009472525081777731
else:0.013882155084275039
printer:0.023878748226526546
irq:0.25196600168561417
soundblaster:0.034096232103267295
trouble:0.020960559792804038
1:0.010761120285300596
under:0.026673883814347685
supposed:0.020047774788001984
article:0.004452378463278028
origin:0.026625758949213835
especially:0.01717195443679858
sometimes:0.019255529254493683
dean:0.0273807032865899
share:0.022423346262312398
