prism.gatech.edu:0.045874821263148326
school:0.03530606287180684
some:0.022670618934628232
report:0.03685173032499762
know:0.023958740304044695
technology:0.03269580277492177
help:0.020777599223706766
thanks:0.0193532683972443
much:0.016963076403494478
extensive:0.05145442349758281
covering:0.052899526678141684
to:0.004014172310944168
engineer:0.043287430482834406
class:0.03852591914241749
memory:0.09849414250972763
nt:0.006932801473033383
could:0.029303090394680723
me:0.010520278450529559
need:0.01865244651939064
so:0.009920491236746796
anyone:0.016241890773217388
this:0.005096916877392417
extremely:0.04289466393242359
management:0.13193867252852173
on:0.014767247337066696
you:0.0053961066932885614
am:0.03173468653789059
chemistry:0.05198508769697954
a:0.004067487745183675
as:0.007768098642883674
also:0.014402884773588023
advance:0.030713604045404363
cover:0.038099092701435786
it:0.006657386985242174
not:0.005853495228892862
analysis:0.041803554713616464
have:0.004963598185899542
atlanta:0.04647431647740509
doing:0.026026241797721505
references:0.0801818950876051
topic:0.1271835975899861
be:0.011232257420145074
thorough:0.0579796057438169
if:0.006506314754984556
of:0.009438863376977604
georgia:0.04666162912725634
institute:0.03779085291197384
but:0.0064590604101981575
ga:0.053518126817812636
direction:0.04289466393242359
good:0.03145650196814561
in:0.003450091298922145
point:0.02137413554621418
or:0.006546713181583352
and:0.0037067710144736876
subject:0.0002591937562331873
i:0.005560156521710532
the:0.0014635980776486464
would:0.009054850933052194
joe:0.0772712471247172
an:0.017434915311878383
about:0.009563263886620111
is:0.002608472105734601
does:0.011829988488713836
chemical:0.09646413746252196
guess:0.02908890546539469
too:0.018956484154024237
engineering:0.03754125721575824
advanced:0.04488101531497774
very:0.01692468438624706
needed:0.032386628059573014
