believe:0.017243427621669367
there:0.007283960202993233
know:0.00979265972744684
extreme:0.03845942959330887
send:0.04656106541073369
with:0.009282974234754719
4:0.03943284927267744
1992:0.03131703599114517
from:0.013437654832225008
turn:0.02715458837075012
to:0.0032814265716448352
receive:0.03398745056750401
then:0.025331434123425447
r:0.024604918783564522
nt:0.01700187027910568
anyone:0.013277101187630088
this:0.00833305457732411
off:0.01732902736473294
internal:0.03144894774698677
on:0.01207163869617357
you:0.004411103090545411
fix:0.034524118723654636
purchased:0.03799090950137083
more:0.010090627189053378
a:0.0044333464312583965
how:0.010439388866897811
y:0.03383627441694294
series:0.02847103460926719
was:0.0070274693182649645
immediately:0.0335134883873324
plus:0.028380157571267228
486:0.03784068720069211
computer:0.021275419882264404
l:0.05245969172624385
it:0.005442149678412253
not:0.004785000068063213
ftp:0.06021217376649326
have:0.004057544548790895
june:0.036476796272702755
get:0.010431539486437479
if:0.01595596237531927
of:0.0015431792505217353
but:0.005280025573415954
hash:0.1541858231555847
please:0.015201709181787735
in:0.0014101563642419878
system:0.017739859755893057
speed:0.0533089709029489
or:0.005351678235738772
use:0.013196662918629747
better:0.017747745010328594
and:0.001515069105122182
subject:0.00021188061025411345
we:0.06417828122447476
marks:0.09022567173272
directly:0.02882936766266968
any:0.00812132751022863
turned:0.031165859840584106
the:0.006580383420539351
see:0.014042744138183936
when:0.020756737187995807
disabled:0.04617260882369748
would:0.0074019813182886985
gateway:0.22980097931933852
problem:0.01679020073052051
cache:0.07702647326575074
about:0.007817588732713265
e:0.024689600762331957
is:0.008529289742560758
match:0.03799090950137083
does:0.029011638436607742
matter:0.02397542072936938
slow:0.032591492897157466
respond:0.032095299587781796
news:0.024356162826693797
