manager:0.05691157014367533
behind:0.05112670146374925
know:0.017882248197946402
programming:0.06359100416178741
where:0.0267747362062864
own:0.0328476903702608
with:0.008475759083906484
except:0.04672987563773643
my:0.013771221178700018
to:0.005992170261264482
then:0.02312870072138845
memory:0.09801832539615407
like:0.016878827007372074
anyone:0.024245141299150598
this:0.007608441135817667
on:0.007347953988975216
used:0.0286154131643024
a:0.0040478380459315795
ram:0.05637474011932244
driver:0.05333022606502017
chip:0.04684643996816339
it:0.0049689192715937965
have:0.00740942917605294
trial:0.06796824359453991
chipset:0.27096445608160036
able:0.03822413371174883
be:0.008383496480253208
which:0.03744615456572516
get:0.019048898192624963
phill:0.08307574693257568
286:0.0800813375215177
phil:0.06422397609660858
and:0.00276664793109268
for:0.014145602735307565
subject:0.00038691241872490284
i:0.01106659172437072
info:0.04268689071583185
information:0.03534523600701109
the:0.004369582666603206
would:0.01351666153774458
can:0.0250598838387743
reports:0.05730757165490075
last:0.03159655872549997
an:0.026026033001789472
is:0.007787612373642432
write:0.04716194094184802
motherboard:0.06543803237291959
does:0.017659258178804715
downloaded:0.08538922730347254
byte:0.0782673789279814
wanted:0.04413275347168264
