another:0.015293140209576405
mode:0.0264095534239878
rough:0.03708408471632034
folks:0.025539419657205364
music:0.0317700582047661
say:0.013086517063914092
stephen:0.08424122647015898
know:0.008509483625229668
all:0.006579778142388215
with:0.004033292253721016
from:0.005838429340897762
often:0.021429795781232455
my:0.01965960540683382
to:0.003801928717491947
remember:0.01919051059669815
cases:0.025377831713699252
value:0.02575070910177012
owners:0.02977687905785689
that:0.002392445692651564
r:0.06414247793232683
nt:0.0049246796670513
anything:0.016008559657375198
re:0.002578900019159797
had:0.010582127487463
jon:0.028616332853229884
on:0.006993225175714344
you:0.015332385914723362
tell:0.016620862438775537
am:0.033813855655890325
m:0.018880202925738925
owner:0.030909022322838674
dollar:0.038885570918138386
are:0.004433871597249831
no:0.007763763697810413
those:0.01279941830543145
it:0.00945808082041302
not:0.004158000059144585
ones:0.04679489628106009
have:0.0035258662975700197
components:0.03356114938000316
only:0.00919680164323646
money:0.021380825977442276
per:0.024391897348779428
love:0.022567016828837577
which:0.00890960229322426
writes:0.00456043028287974
of:0.006704847778128919
trying:0.055786101166932334
what:0.01904362971717168
but:0.004588160153451105
they:0.01930178533464297
who:0.035670424116795815
up:0.009265243933464722
good:0.011172481733513788
one:0.0067814545363836035
in:0.0024507545088895237
system:0.015415326408569139
edges:0.041630606294832506
use:0.011467445018947227
and:0.002633085617177861
for:0.004487570522925159
subject:0.0001841169440828848
motivated:0.03953259681619119
i:0.009215799660122514
masses:0.03792617228046447
the:0.0046784669585527424
do:0.01486175004634131
when:0.009018444433405074
got:0.015256233252624648
hate:0.02776544305212296
gateway:0.03328152114280075
curve:0.03953259681619119
people:0.010381194069469775
satisfied:0.07481737647895773
about:0.006793215036702562
middle:0.027704139966486775
is:0.001852914668211475
today:0.019580181143436917
write:0.022442578793017334
ux1.cso.uiuc.edu:0.08672761849698785
hear:0.022852976305233155
vast:0.03546634508088701
nothing:0.01761969656207523
almost:0.020841330553548743
very:0.012022362012299635
give:0.016298181181765563
majority:0.028433025006300836
happy:0.02619375923093118
doubt:0.024000498613659087
s:0.004278870902455299
share:0.028145165653385214
