positions:0.03666025830739071
frequency:0.03787055542471547
go:0.01473812311965248
at:0.013347954734158047
blowing:0.0430622524178891
my:0.014397185777731839
to:0.002088180545592168
colors:0.034544671771083675
cash:0.03849186717972179
speak:0.027162369807866623
make:0.013333943055679573
that:0.002628065344200582
higher:0.028120256916953728
like:0.052938139250394235
me:0.008209005154579884
need:0.01455456054164573
re:0.002832882596804322
fixed:0.03435479322060476
prefer:0.031110061401832128
1024x768:0.04186069915897517
something:0.030161535108538223
on:0.0038409759487824996
curious:0.032471760157738595
you:0.008421196809223059
tell:0.018257765557745855
etc:0.01759336354135027
them:0.022209987447458196
more:0.009631962316823681
a:0.004231830684383015
fl:0.04524166205767532
old:0.020059947593502454
idea:0.021002850721672395
compatible:0.03413304790014936
modes:0.07527125877757396
official:0.030728810766320648
dick:0.03823719588579009
d:0.02760370033904599
it:0.002597389619242212
not:0.004567500064969431
should:0.012445546532071815
only:0.010102547259615808
suit:0.04023106749521043
svga:0.039311667063359916
recommended:0.03718656416204805
writes:0.005009563568314866
get:0.019914757201380643
were:0.011752297708123478
if:0.005076897119419767
of:0.0014730347391343837
even:0.012720904907318377
monitor:0.11355381333602449
what:0.013946092469645928
wear:0.0371322574235737
easy:0.025103648214081876
they:0.014135145825874905
in:0.002692116695371068
system:0.016933502494261555
or:0.02043368053645713
use:0.012596814604146576
and:0.0014462023276166282
for:0.012323820564851288
subject:0.00020224967342438103
i:0.007231011638083142
6:0.022260224489084806
vnet.ibm.com:0.041467064773136456
any:0.007752176259763692
the:0.004568200060539715
do:0.0054418024159583085
original:0.02338006070661727
ibm:0.11940809300362627
can:0.01309948473390475
home:0.022192144332282945
because:0.01336910832495844
development:0.029448962371637896
just:0.026690649169679226
is:0.006106196065696907
new:0.013060602764269295
mostly:0.03091703802833982
run:0.020279048699904507
opinions:0.02163341026909123
before:0.016107532327444277
needed:0.025271384016181977
s:0.004700274854969836
