mode:0.03647033568074506
some:0.01111939881079385
since:0.019055444032416016
there:0.00874075224359188
help:0.020381835428969496
anyway:0.029033464968043182
graphics:0.03351182323942593
text:0.034443464126033975
with:0.02227913816341133
way:0.01649878875758613
much:0.01663997018628506
my:0.009049659631717156
to:0.0026251412573158684
that:0.006607707151132892
think:0.013711885976462432
like:0.011091800604844508
suppose:0.036706085577439714
52:0.05132145815492881
so:0.009731529498904002
this:0.004999832746394467
1024x768:0.052624878942711645
something:0.018958679211081172
recently:0.03151725299607323
set:0.0252325198488183
card:0.0874545241861212
a:0.006650019646887595
khz:0.057703912081931166
as:0.0076201348592097
modes:0.047313362660189345
vga:0.17182406130497768
display:0.03510591825652836
works:0.028334533271911815
it:0.009795869421142056
not:0.011484000163351714
application:0.03514635912206599
only:0.02540069025274832
which:0.012303736500166838
sort:0.029880583882486003
if:0.012764769900255416
of:0.0018518151006260825
monitor:0.10706502400253737
62:0.05523856318749032
seems:0.0224427341845817
good:0.01542866525104285
in:0.0016921876370903856
use:0.031671991004711395
and:0.003636165852293237
for:0.0030985605991626095
subject:0.00025425673230493616
however:0.022829513373303936
i:0.00909041463073309
horizontal:0.05154555813026399
rate:0.0369969115189643
any:0.01949118602454871
will:0.021586768474348275
the:0.0007178600095133839
do:0.02052336911161419
can:0.016467923665480257
peter:0.035065648388818635
handles:0.052882294870215646
wants:0.03352890631041666
bought:0.03488651189398534
just:0.011184652985389391
about:0.00938110647925592
different:0.024068732362011885
is:0.005117573845536455
deal:0.03139347611200485
else:0.024062402146076734
especially:0.029764721023784208
trident:0.11820027129132663
99:0.050679160242590414
