pc:0.06288381249052609
know:0.023280662748269846
to:0.007801127321268854
software:0.05312803563172182
nyc:0.11190712069986579
se:0.09523226145140173
anyone:0.031564429238516815
this:0.02971598707762749
hi:0.05945314452857367
on:0.019132408499595844
am:0.030836535032101237
a:0.002634913444993198
how:0.024818169759040082
drive:0.05327931601520733
question:0.0411884166669265
not:0.011375660539169148
has:0.02009008441295379
what:0.01736683213201191
port:0.07867504028961396
please:0.03613991239443877
floppy:0.16622721107916366
external:0.16203865349531368
p.s:0.085562881228676
known:0.06145148580502562
subject:0.0005037161677739301
i:0.007203724801713016
back:0.0397425796239158
directly:0.06853774199049772
connect:0.08671842132755749
the:0.0028443509810907657
thing:0.08543141264622477
an:0.016941474312485598
just:0.022158274782375205
is:0.010138589693987317
hardware:0.06697511554102928
does:0.022990354987500475
man:0.054680176203683
every:0.045889594847875394
respond:0.07630203298227371
needed:0.06294005075728341
alex:0.21166014709146314
