since:0.009573309202888427
24:0.01752671650176297
believe:0.010395559236030336
go:0.009308288286096303
ask:0.013945275523236208
choice:0.01804958217472987
know:0.005903708735207186
technology:0.01611324251587054
anyway:0.014586190534184373
thanks:0.009537735143139535
ever:0.012647952425023255
hand:0.015106408877763988
with:0.0055964342276511704
much:0.01671958726851609
sell:0.01665106363148597
my:0.0045464797192837384
to:0.0013188508709003166
building:0.01818405535329498
manufacturer:0.02399419457042455
positive:0.021181818183333076
formerly:0.02631241617544186
trust:0.01985343666850877
might:0.02035488168304733
appreciate:0.018369441796241597
that:0.009958984462233785
really:0.009336821737755626
anything:0.01110641698717418
anyone:0.01600875358508508
this:0.007535633086671086
bus:0.0193638404390223
two:0.008922437476810102
recently:0.01583402662482148
on:0.004851759093198947
set:0.012676624804430244
machine:0.031127266548558342
am:0.015639582360778618
etc:0.011111598026115959
brand:0.021557714463252227
support:0.013105054112600507
input:0.02041699186303692
m:0.006549352689550584
sure:0.010440402010331118
a:0.003340918961355012
how:0.006293602857555618
other:0.013199119500783835
same:0.009292312681955083
want:0.009055492668479338
price:0.014976766515999822
said:0.01048566903666714
question:0.020889818979398126
advance:0.015136369457783011
486:0.022813045872187587
chip:0.015466049558867339
computer:0.012826329689786198
are:0.0030761310124460548
it:0.00328091320325332
not:0.002884736883138588
should:0.01572069035630124
have:0.012230875912623274
machines:0.03776025392233772
towards:0.019951086772007368
technologies:0.023625959923840208
has:0.010189229415182306
mohammad:0.060732945847411984
heard:0.025862654157127987
edge:0.045102408493760376
be:0.005535514422368147
found:0.012796748828980848
tech:0.02169776413932932
of:0.003721350919918443
what:0.004404029200940819
but:0.00318317331220292
impression:0.022636902460117174
years:0.010668781928135853
never:0.01054516378402804
negative:0.023625959923840208
seems:0.011275057843928602
well:0.008051999570111698
they:0.017854921043210403
good:0.015502486615880374
clear:0.015778711685103412
in:0.0017002842286554113
or:0.006452741222039093
use:0.015911765815764096
better:0.01069959747034164
and:0.0063937366063050935
for:0.00311338624796243
known:0.031166782274319214
subject:0.00012773663584697749
however:0.011469372747353651
i:0.010960691325094446
hr:0.02631241617544186
silly:0.04471403260749168
any:0.009792222643912031
information:0.011669001361166338
leaning:0.028882478051438818
the:0.00468841585160655
would:0.0044624384981070625
because:0.01688729472626329
7:0.015270471430293328
an:0.004296163342400654
places:0.018252736278901123
just:0.005619084035721942
cache:0.09287402518167076
about:0.004712996078095079
company:0.03221175157541962
is:0.006427574805996744
either:0.011978768933556738
purchasing:0.026700576676936448
solid:0.021557714463252227
motherboard:0.1296236622123862
does:0.005830090020753709
2:0.009322533742083295
first:0.008983515930100675
very:0.016681746332855955
process:0.017304132694897452
while:0.010384413903724988
s:0.0029685946452441066
