simply:0.023171540453662043
manager:0.029749229847830287
at:0.013347954734158047
say:0.014375340714148057
there:0.006952871102857178
thanks:0.015101413976637598
with:0.008861020860447688
4:0.018820223516505145
active:0.03384713632452173
to:0.002088180545592168
vram:0.04166132561111628
mail:0.023214511400271635
that:0.007884196032601746
happens:0.02830361753620287
me:0.008209005154579884
this:0.007954279369263925
something:0.015080767554269112
on:0.0038409759487824996
you:0.008421196809223059
slowly:0.039990547053433315
am:0.04952534414246562
card:0.09275479837921945
a:0.004231830684383015
as:0.0060614709107349885
running:0.04587061230979851
part:0.018554712972827857
standard:0.023060943488350277
speedstar:0.09250652703390401
also:0.01123861463393611
chip:0.04897582360307991
video:0.05296532110401549
meg:0.0705411302527315
it:0.005194779238484424
not:0.009135000129938863
application:0.08387199335947566
have:0.01161933211699211
gene:0.04073630518080643
without:0.017024321854564355
be:0.004382282251041449
svga:0.039311667063359916
if:0.005076897119419767
of:0.0029460694782687674
monitor:0.028388453334006122
but:0.005040024410987957
using:0.016700155898825158
windows:0.04162435123368942
system:0.03386700498852311
speed:0.025442917930952887
or:0.005108420134114283
and:0.004338606982849885
subject:0.00020224967342438103
i:0.011569618620933026
directly:0.02751894185982106
program:0.021035101760485418
the:0.0034261500454047865
when:0.019813249133996
can:0.006549742366952375
isa:0.036559246709894765
an:0.027209034501870812
is:0.014247790819959449
else:0.019140547161651946
window:0.07924983504148049
does:0.009230975866193373
expected:0.03143460805847222
1:0.014837302211550822
slow:0.062220122803664256
first:0.014223900222659402
accelerator:0.08030008515531863
diamond:0.07586088629650842
very:0.026412765027021928
close:0.026325100122504094
wish:0.02830361753620287
