simply:0.01689858198830602
at:0.029203260081362353
fast:0.019236452624022307
there:0.0050706021302604825
all:0.010542185973992167
50:0.019067310989659837
your:0.0348047575188194
with:0.006462180959000523
damage:0.02458272296225785
much:0.009653021378784151
though:0.013732288406688838
spot.colorado.edu:0.029836735613429373
work:0.022376491314809985
post:0.014268385659840776
my:0.01049960509757239
to:0.0038071800002509137
then:0.008817018507048635
mhz:0.0522111225425887
clock:0.02370243545635036
that:0.0057498004215659135
problems:0.03031020150156655
really:0.010781191951331082
nt:0.003945185368632257
could:0.008337619642685399
anything:0.012824536742096153
re:0.002065969628608677
error:0.020803636238519326
bus:0.11179675833579174
routines:0.028883866771711453
on:0.005602307461207623
set:0.05855059854421925
you:0.015353563243334858
specs:0.026772862589817224
etc:0.025661038535450115
suggest:0.020283976823812805
e.g:0.022426934918183955
locks:0.031669759880374154
modem:0.023554533572015524
3:0.012936275937224417
controller:0.02327010287679374
as:0.008841040444386944
acts:0.024194854129808964
drive:0.015601125684010985
fine:0.0178958926956937
video:0.019313321507541562
weird:0.02719955511985032
setup:0.024385385489318186
bios:0.026661992075724356
no:0.0062195897026658
it:0.01136537336154603
not:0.003330994522519143
should:0.009076310178085523
have:0.008473767068745627
robert:0.017654210104738693
allen:0.024607893219362055
25:0.02031868811209731
be:0.006391837095441672
which:0.0071375266989918106
writes:0.003653383375787637
get:0.02178520401035009
if:0.018512442534900808
of:0.0010742573788162357
backing:0.031069572913507877
safe:0.022943320155784375
what:0.005085315486169233
but:0.003675597912985692
hd:0.024633178672552176
ok:0.018032315969673657
fact:0.013250094633308503
beyond:0.021577702748279592
up:0.01484486597074458
pro:0.0248661113290399
errors:0.023723891257601177
one:0.005432656949036588
in:0.0029449674347153116
floppy:0.024337133113800206
system:0.012349294636699032
speed:0.018555056170639673
and:0.0010546889903060492
still:0.011280160675301364
subject:0.000147496999403416
i:0.008437511922448394
back:0.011637329945124515
actually:0.013504497939784997
pretty:0.01590066329789849
the:0.0020821906353288757
do:0.003968607286776224
thing:0.01250791400621523
would:0.0051527604757147846
can:0.004776607693026041
zoom:0.03360165904324569
isa:0.05332398415144871
did:0.009082381455485997
may:0.010281908991380281
an:0.004960763196473684
long:0.013150890856953507
is:0.007421895770460329
cards:0.043480855959691735
2:0.010764693657985684
run:0.014789140488328148
soundblaster:0.03428460907621352
first:0.010373231101607962
article:0.004476977239318237
before:0.011746929653163781
past:0.018251461032615268
playing:0.044258231550885
by:0.005472019197884895
says:0.014149319029986564
check:0.018283489307114303
doubt:0.019226918778898164
s:0.0034278247561105985
