xt:0.031384739777967435
since:0.012274979284685161
pc:0.020446883815937934
choice:0.023143329291524805
at:0.01080938665588259
out:0.014456160724913618
true:0.0158483484181463
switch:0.026086585411105374
hand:0.019369567211366095
with:0.010763694051341362
into:0.01098652701216188
such:0.011797651555017169
work:0.02484751489558655
several:0.017291112712069918
my:0.0058295353455846705
to:0.005073125742665635
interrupt:0.14411799972929842
reserved:0.0349691145774816
normally:0.026109519902581493
class:0.024344599212693267
that:0.0063847477073830095
ran:0.027851506100993604
problems:0.016828670158845233
nt:0.0043808500105671075
need:0.011786515285259118
re:0.0022941135139765063
had:0.01882709798382988
parallel:0.028229161886266202
on:0.012441934361700366
set:0.03250815440645302
you:0.003409809750973754
used:0.012113273057281384
went:0.04003019957344888
modem:0.026155647708802517
computers:0.02661207893612681
why:0.010918543436527647
board:0.022031880486841376
a:0.007710758977065985
other:0.016924024390575592
same:0.011914683132077377
was:0.016296830688982557
as:0.014726027488656783
contemporary:0.03791128071405759
solution:0.023864153792842017
computer:0.016446030093038744
it:0.008413630177668024
not:0.0036988344084415026
have:0.0031365068291267046
drives:0.02482848252610835
machines:0.02420826095021038
settings:0.03086451562667862
real:0.015690759840480045
second:0.01686929924326544
after:0.011835666795490498
mouse:0.02666216059648976
has:0.006532358735500313
usually:0.020231599645316647
uses:0.020950890367094705
which:0.01585143966279163
soon:0.02206744562600902
if:0.004111352268487174
of:0.0011928870280106666
trying:0.03308378187813983
safe:0.025476938332496764
com1:0.07863942574277162
port:0.07674436445428602
using:0.01352405262972344
up:0.008242088161671072
good:0.009938710744536805
in:0.00218011904165019
our:0.013679603821965603
5:0.03188801088242556
use:0.010201101397222995
and:0.004684630852647728
for:0.005988015881817313
subject:0.0001637850116074742
away:0.0169876293639489
we:0.024805102559152824
rare:0.03111911520279367
later:0.019603754778881616
the:0.003699401276019892
when:0.008022542594133349
disabled:0.035691709888256956
did:0.010085343824803469
gateway:0.05921252227860256
fight:0.026132540452388553
an:0.005508577537188569
problem:0.0259578563441176
just:0.007204837812674147
here:0.01104540432897789
is:0.003296596648965201
days:0.018271488494172837
figure:0.022653359718250023
irq:0.10550110193278016
soundblaster:0.03807063952634753
serial:0.025394588514508175
mike:0.03920750955776323
s:0.0076127151025278325
