some:0.01716965992843168
report:0.02790976634907908
at:0.01295536783021222
out:0.008663066905003382
there:0.006748374893949614
help:0.01573597588266027
wang:0.044065829417727756
anyway:0.022415542806209807
way:0.01273803543784223
damage:0.03271671217771082
from:0.006224795988457174
turn:0.05031585492227228
my:0.013973739137210313
to:0.006080290412165431
that:0.0025507693046652705
problems:0.020169656146263037
through:0.017422524220770785
norton:0.03896915897243404
tools:0.03271671217771082
hi:0.02316924014716474
recently:0.024333173269027127
certain:0.024237610233533154
am:0.012017179093392394
none:0.02663610465015657
3:0.017216661357629556
a:0.004107365076018809
other:0.01014197049876405
wondering:0.026462746337186004
test:0.10517352511704914
as:0.0058831923545369005
operation:0.03166004511398895
surface:0.10069821492552608
minutes:0.029302700353217453
andrew.cmu.edu:0.029961613284759266
section:0.06043763420034246
it:0.005041991613823117
try:0.017914629943701417
only:0.00980541351668593
whether:0.021010724888836946
conner:0.03896915897243404
always:0.01953644189704932
after:0.014185394762242289
usually:0.024248167221960392
be:0.012760174789797163
down:0.05215512302102555
if:0.004927576615907421
jump:0.036472782940696044
of:0.004289130563950118
tremendous:0.0442239632796466
over:0.014749564356759984
comment:0.028894098506490905
in:0.0013064683962830182
speed:0.04938919363067325
or:0.009916344966221843
use:0.012226320056965794
and:0.0028073339300793373
gets:0.024539090752888265
for:0.004784542101648147
subject:0.0001963011536177816
half:0.027806202085242763
i:0.005614667860158675
6:0.021605512004111725
back:0.015487917059320129
any:0.007524171075652995
physical:0.03137611249540233
will:0.024999382608160686
the:0.00609653169844087
when:0.00961525325620394
original:0.022692411862304994
problem:0.031111254294788004
is:0.005926602063764645
harddisk:0.27377268718211684
disk:0.05148498505588061
time:0.011614043896350835
expected:0.030510060762634805
run:0.019682606091083785
slow:0.09058517878768767
occured:0.04277756405724914
realize:0.028775818081846607
checked:0.033093868754089865
check:0.024333173269027127
