some:0.0074365406059449315
read:0.014439509948394408
at:0.005611242117544147
out:0.00750431273299656
there:0.005845726022784378
thanx:0.03090871220218024
help:0.02726232764384455
your:0.00802504600115454
with:0.011175045416360777
way:0.011034221780551232
much:0.01112864248127345
work:0.025797101452105783
trick:0.031642694772738095
to:0.004389169299652327
might:0.013548312967378637
been:0.009345480173384964
that:0.002209583601493483
vice:0.034323268192786784
think:0.009170369602092708
me:0.0207055161860741
re:0.0023817866418991756
master:0.03028983482349458
this:0.010031511561237305
slave:0.034864028981235744
ide:0.14426415361398873
hi:0.02007016980900895
recently:0.021078417608838787
on:0.009688066724317641
moment:0.026804527384406262
them:0.009336682621224465
a:0.003557972295150051
same:0.024740042681893153
controller:0.08048194816623568
as:0.02038507414565652
drive:0.08993005569445824
question:0.01390436995762487
stuff:0.018620487596647275
advance:0.020149689278195222
computer:0.017074540797231308
esdi:0.20310078024590147
it:0.008735170184457885
not:0.0038401911374265282
have:0.006512746664301311
ve:0.011625055407818054
anybody:0.038720957260034335
be:0.00736893321194231
g:0.022515936057398104
writes:0.004211862363169187
making:0.019583485292180916
of:0.0012384750672976984
but:0.004237472753187327
shop:0.030952189686705076
2nd:0.0278129735706339
using:0.028081790810763323
together:0.04533714957261441
please:0.012200097814683153
one:0.006263126801118615
in:0.004526871385846892
or:0.0042949774375992695
use:0.03177285721810219
and:0.004863661331092865
subject:0.0001700443114141293
secondary:0.03519498273238677
i:0.006079576663866081
person:0.017867480503655102
appreciated:0.0215589943896576
possible:0.06565532797361993
will:0.007218505381549583
the:0.0048009745859175345
controllers:0.037527749579233154
can:0.011013579521499534
bought:0.023331743623365993
an:0.011438192847920213
about:0.00627398840969345
is:0.0068451624685519465
cards:0.025063805505427403
disk:0.022299229196177592
motherboard:0.02875939002376721
does:0.0077610752505574854
2:0.01241025192417458
run:0.034099801635508215
told:0.019746622718019937
article:0.005161355925583446
very:0.011103455361678009
