read:0.012123011026192095
positions:0.025877829393452265
cable:0.023089023868391702
there:0.019631636055126148
help:0.022888692192960393
access:0.017927149026837032
your:0.00673760546620996
with:0.0031274191272168306
from:0.009054248710483161
both:0.012009112739616246
my:0.015244079058774888
to:0.004422029390665768
then:0.008534119517517664
lights:0.052498678817008995
normally:0.022758565476581727
make:0.009412195098126757
that:0.003710209897694939
nt:0.003818601880868655
me:0.0057945918738210945
need:0.01027380744116169
norton:0.056682413050813146
effort:0.021723833618870068
tells:0.023673796793136966
anyone:0.008946068179900487
this:0.0028073927185637377
hi:0.016850356470665264
on:0.013556385701585292
detect:0.027404286263240308
you:0.00297218710913755
came:0.016142923703090624
m:0.007319864770674182
a:0.0052275555512966655
controller:0.022523468559891267
j:0.01633223882100996
was:0.004735086278617035
as:0.017114741395016436
3.5:0.051333425514457603
connections:0.029994619774993438
cables:0.028173205476030215
drive:0.12080443845159308
computer:0.014335309653290456
no:0.012040061349545559
those:0.009924682643248984
have:0.0027339604981157905
drives:0.0649258179426042
try:0.013028821777237394
stay:0.021116029776771027
cmos:0.06241462264479745
settings:0.053806588739557376
b:0.049105481494880886
floppies:0.03007268822109586
be:0.0030933757066174935
get:0.007028737835781403
of:0.0020795784552485415
trying:0.01441886750303955
failure:0.02539759466157364
5.25:0.030396884059686418
but:0.0035576642901091454
seems:0.012601535237331967
order:0.014996346850975893
they:0.004988874997367613
up:0.007184280055360345
si:0.05788538613559057
in:0.0038006353346415073
floppy:0.047112525065217514
or:0.00360594362408067
and:0.006125092211082191
for:0.005219500474525252
subject:0.0001427644753583866
offer:0.018797666410651538
i:0.007145940912929222
back:0.011263939679505548
any:0.005472124418656723
information:0.013041825050715319
yet:0.014064538730942051
detailed:0.026445243864011342
suggestions:0.02116040840144854
the:0.006449223614879597
see:0.009461955943375273
when:0.013985822918114822
original:0.033007144526989086
thank:0.019414408057590985
can:0.004623347553142852
did:0.008790968146753824
eric:0.042652711019450326
come:0.012840607884863147
an:0.004801594323859555
problem:0.02262636675984582
during:0.015659729998943692
long:0.0127289371396181
about:0.005267466204929794
changed:0.020210241678253606
is:0.005747008061832383
switched:0.0582743448967764
disk:0.05616543824277885
time:0.008446577379164244
their:0.008094564805249806
serial:0.02213538998858199
reflect:0.025300067455425075
process:0.01933991301194421
