some:0.007207017747736753
help:0.013210448889146895
dos:0.02178736022372801
existing:0.053452736498222846
thanks:0.01230485583281582
with:0.007220091071475893
ron:0.10462465027716136
ca:0.012694744420322968
from:0.015677263970929178
work:0.03750134192574636
both:0.013862370878445912
my:0.011731040263337052
to:0.005104441333669743
remember:0.017176691583464396
rd:0.06394643590628353
that:0.004282773153512059
nt:0.004407892294582954
australia:0.028636380959532325
phone:0.036263544768019365
had:0.01894331463805105
off:0.013478132394792286
installing:0.0325848901916864
ide:0.13981155628022363
extremely:0.02727253324098537
hi:0.019450720123545706
on:0.0031296841064153698
went:0.020138649785407924
am:0.010088496029020774
3:0.014453493485417404
a:0.0008620395838557994
same:0.011988230558818595
controller:0.07799793742036419
was:0.00546580946976164
running:0.05606408171197595
drive:0.10458532402985142
enable:0.03436070545373443
scsi:0.10444376039834476
250:0.056420998073546745
no:0.013898095508426047
it:0.00423278308320953
have:0.003155867982392919
ve:0.011266257401403915
settings:0.03105503732807787
manuals:0.030168353980986246
restore:0.034897812719102514
be:0.007141497001697176
found:0.016509385834919735
of:0.001200250528183572
but:0.004106686557101297
reading:0.020285938557796236
min:0.034992056374230834
together:0.02196892741635945
find:0.013064486035020927
now:0.010197002456038544
in:0.001096788283299324
floppy:0.027191488232085417
system:0.013797668699027932
41:0.061812574019377224
and:0.005891935408808485
subject:0.0001647960301976438
however:0.014796906816030327
i:0.00824870957233188
tape:0.10245353737576131
appreciated:0.020893593328248413
mention:0.023300461816524214
any:0.012633176127022312
4mb:0.03580277243633631
the:0.004187516722161405
when:0.008072064461998369
would:0.00575709658089121
home:0.018082487974452766
an:0.011085162204465884
problem:0.013059045012627063
just:0.007249312120159789
actual:0.02507627707857224
adaptec:0.18843922173573036
changed:0.023329106134774225
15:0.020628461308522493
is:0.0016584730054979252
having:0.01615365057049606
time:0.01950012308523103
estimated:0.03444704028073899
2:0.0360816583721372
trouble:0.07064484967204324
61:0.09346870105415354
slow:0.025348938920011364
replaced:0.0267015278151625
seem:0.01703526268454159
