above:0.02127075023537926
since:0.01563141893284126
believe:0.016973999065080785
k:0.029598914501966115
proven:0.03705651542731902
know:0.009639649419205483
all:0.0149073098538483
dos:0.05514925556631153
where:0.014433256236201264
with:0.018275855524673354
much:0.013649975543436964
work:0.031641757249848496
2.1:0.04099984806551909
my:0.014847097833285958
to:0.002153436187641923
software:0.021998327253759817
been:0.011462815525167494
that:0.00271019238620685
considering:0.03129195277621166
reliable:0.0362429196519081
me:0.008465536565660505
re:0.0029214101779544573
package:0.03036924244575158
so:0.015965790584139376
anyone:0.013069646481573369
this:0.008202850599553422
2.0:0.03663913131268167
extremely:0.03451679988312211
unix:0.0309575579384401
you:0.0043421796047556395
tell:0.018828320731425412
support:0.021398096168230515
card:0.07174003937142753
m:0.010693864938406813
includes:0.029435581026815226
want:0.014785921622751419
scsi:0.03304665856353877
definitely:0.03324884175094362
march:0.0338571255147895
setup:0.034482459168489
os/2:0.22177090378896044
works:0.023243171824615157
not:0.004710234441999726
cdrom:0.09824613032861905
have:0.007988290830432076
novell:0.044912155002335405
netcom.com:0.0251487123025089
be:0.004519228571386495
which:0.010092908847793108
writes:0.005166112429824706
get:0.020537093363923786
if:0.01047110030880327
hd:0.034832854216655815
anyways:0.04416754422261412
toshiba:0.09577388024713633
in:0.004164368013152121
or:0.005268058263305354
better:0.03494087298908442
and:0.004474188451063944
for:0.005083575983001156
subject:0.00020856997571889294
forth:0.03857676268814534
i:0.007456980751773239
any:0.007994431767881307
tiger:0.09869906059226362
will:0.01770789601411382
than:0.02235314503467908
the:0.005299825851485529
do:0.005611858741457005
thank:0.02836323677163683
can:0.006754421815919636
drivers:0.0614422462262579
because:0.01378689296011339
beta:0.04266463881130587
just:0.009174910652077234
here:0.014065632075182782
is:0.0041980097951666235
cards:0.030742323940250796
questions:0.02362637763473056
does:0.009519443862011916
told:0.02422046692757133
very:0.013619081967058182
s:0.004847158444187643
