believe:0.01530050619950944
choice:0.026565934327595374
at:0.006203978960946698
there:0.006463232292796813
hours:0.027578692792610014
till:0.03520361490184818
access:0.023608287802947363
your:0.008872762128037061
with:0.016474010613790065
to:0.004852813943981799
hardly:0.03075096373654593
256:0.03441741792197023
then:0.011238594012505656
100:0.023792338724162476
mail:0.021579686653773633
quite:0.018705629451474658
really:0.01374222354359807
generally:0.027230630233965488
re:0.0026333838223814828
wait:0.05170985641000166
this:0.011091178275452513
30:0.02410637658009782
recently:0.023305011018223163
you:0.019570386951011334
great:0.017755286540370965
purchased:0.03371024364206144
support:0.01928842471502469
card:0.021555692581086208
3:0.016489196793222673
computers:0.0305476680745681
more:0.017907310222827124
a:0.0039338144390039295
bigger:0.03282617501569682
viper:0.04388860908363949
was:0.006235641789446377
part:0.017248043045163922
speedstar:0.04299599143829341
also:0.010447162899151876
video:0.024617684456795935
business:0.025468758684743433
are:0.004527544940853701
bang:0.04149194847844793
it:0.009657899429294984
delivered:0.03929873609492759
whether:0.02012294778085792
buy:0.02117493750171807
buck:0.039602765474260046
after:0.013586011884964446
call:0.018710958436610615
stayed:0.039007290910682134
fastest:0.039602765474260046
recommended:0.034567792037960156
get:0.027768464266713852
tech:0.0319354415853509
of:0.0013692998983502722
monitor:0.052778532958997294
but:0.004685093114439509
nec:0.03819901263890447
hd:0.09419588745912558
least:0.01695536889229917
order:0.03949742057933087
pro:0.03169553627152269
now:0.023266399970116116
good:0.022817040159992946
few:0.016095968316241455
for:0.009164756701748563
subject:0.0001880067386761852
i:0.005377428373109717
ago:0.020149054403976366
normal:0.026565934327595374
the:0.003715683852058712
upgrade:0.09343448035032564
when:0.009208974949603774
around:0.016670383332067856
can:0.00608849290449094
once:0.01889458587975286
bought:0.02579636442865113
cache:0.0683474340245394
about:0.006936733664238532
current:0.022269336082611394
changed:0.026614895731221302
15:0.023533878394229886
is:0.011352364516506926
deal:0.023213485857468373
houses:0.035964098268496746
days:0.02097361003204347
although:0.02225168631517435
diamond:0.07051857036013458
lots:0.025695035291664513
buying:0.028248013558010678
99:0.03747402693994361
cup.portal.com:0.037948965537095244
