another:0.027376609017142946
circuit:0.1142756702447419
ks:0.07629060193075786
with:0.007220091071475893
ca:0.05077897768129187
my:0.023462080526674103
hamilton:0.06805391434857656
remember:0.03435338316692879
nt:0.017631569178331814
re:0.004616549417014451
pins:0.06466580514238199
these:0.020452295964184474
on:0.018778104638492218
western:0.10100068552334321
you:0.01372343183725239
tell:0.029753395723733984
machine:0.04015801672005366
am:0.02017699205804155
board:0.08867151899642331
hard:0.03338559756266061
was:0.01093161893952328
as:0.009877952595271832
drive:0.06972354935323428
also:0.018314779403451435
ontario:0.058633953107583583
are:0.007937177550632413
kevin:0.055624226207650805
digital:0.1019596937533744
it:0.00423278308320953
university:0.029016544464180907
settings:0.06211007465615574
has:0.013145363875142604
open:0.040801982453745216
sets:0.05870992675664998
were:0.019151892561386406
if:0.008273461972387769
of:0.004801002112734288
what:0.022726965506089658
hd:0.05504451036706104
using:0.027215068872159513
well:0.02077614703893018
find:0.026128972070041855
one:0.01213964083673608
jumpers:0.07056748169723384
and:0.004713548327046788
for:0.004016652628544123
subject:0.0003295920603952876
i:0.007070322490570182
info:0.036362906906078976
back:0.02600440395145108
the:0.006513914901139964
sl:0.07798444293709718
last:0.026915587062462935
ma:0.04952120895354958
right:0.02394905671346049
written:0.044240974548840864
three:0.036030716129289785
needed:0.041182996174518774
mine:0.04031159314567884
