some:0.013118391855430945
pc:0.03744766361795374
there:0.010312123433451094
where:0.020757941553188334
such:0.021606934870424702
from:0.028536143407758726
to:0.001548538382124529
writers:0.06122080053762465
been:0.0164858470474319
make:0.019776185206176446
that:0.007795609560325321
problems:0.030821047594289584
like:0.013085832174254755
its:0.023233983775664834
re:0.008403157365801585
anyone:0.01879679493979091
ide:0.1526930704543566
numbers:0.0396375550674011
performance:0.08519126367632844
support:0.03077478999475849
vs:0.038388898259138673
magazine:0.09489212442255916
a:0.0015691057593779719
as:0.017980093488022885
scsi:0.09505555721647106
acceptance:0.058630647070075974
are:0.007223723388777814
27:0.04964213915774865
those:0.020852984879635505
esdi:0.14331156179149002
it:0.0038523081993255275
should:0.018458563395881793
absurd:0.05830494440857875
statement:0.03902471258081804
always:0.029853439303356263
has:0.011963758133556752
love:0.03676648809192639
installation:0.05573369078578271
list:0.032714928055298645
which:0.014515644185590088
get:0.014768246913383397
they:0.01048224297199712
up:0.01509506034103803
in:0.003992802289763831
and:0.004289858589784155
subject:0.0002999658077754865
twice:0.05067844504781644
i:0.004289858589784155
faster:0.04382360704937451
stupid:0.04338973248614104
20:0.03533519492590584
than:0.016074171710331025
the:0.0008469134943697224
do:0.008070987852881985
when:0.014692971267907145
devices:0.047693016219355705
convince:0.05309108528207054
7:0.035859871111587706
long:0.02674507016975938
actual:0.045644459401446104
statements:0.04736493582955501
is:0.009056380681707771
psuvm.psu.edu:0.0561675653490162
although:0.07100538105066873
article:0.009104863823782033
april:0.03822644788638328
by:0.011128488481091754
says:0.02877558139806256
ranges:0.2788995165300965
