mode:0.10211693990608617
help:0.028534569600557294
tried:0.04130485404048895
thanks:0.026578488598882174
graphics:0.0469165525351963
with:0.01559539671438793
user:0.050421913114573544
someone:0.029379441528840266
name:0.03682976674440335
my:0.012669523484404019
to:0.003675197760242216
software:0.03754381184641676
t:0.06870061480001179
view:0.04540465003712842
me:0.014447849072060598
this:0.006999765844952254
on:0.0067601176698572
tell:0.03213366738163271
card:0.04081211128685656
8:0.039366550431651555
below:0.049491652173838566
was:0.011806148454685143
driver:0.04906380797981856
fine:0.04318875437227414
ultra:0.07139285377051859
plus:0.047678664719728946
internet:0.038087119241528085
telephone:0.05969499183332242
508:0.07710209855966152
it:0.009142811459732586
ati:0.1368952053655653
24bit:0.16345408895511268
get:0.017524986337214967
what:0.012272561373288417
lines:0.047109094990593556
wong:0.245181133432669
or:0.017981638872082276
use:0.022170393703297975
for:0.008675969677655307
subject:0.00035595942522691063
however:0.03196131872262551
i:0.007635948289815797
the:0.005025020066593686
wrong:0.03524562742439814
when:0.01743565923791648
got:0.029495384288407655
can:0.01152754656583618
finally:0.04848699301061474
e:0.04147852928071769
is:0.010746905075626556
picture:0.10908074036521068
vesa:0.07038336281404263
tedward:0.07805488474609013
under:0.03236431236140853
s:0.00827248374474691
