since:0.0425706728383762
choice:0.0802630356280541
k:0.08060980970748219
technology:0.07165250395355197
to:0.0029323386384911294
formerly:0.11700627618441167
me:0.023055078306479675
on:0.010787421813601913
inc:0.15578789343848518
computer:0.11407246404958789
answering:0.11756621891456855
not:0.01282787252289287
have:0.010877672620162827
try:0.0518380781349658
editors:0.13503389023520324
has:0.022654776040139383
jan:0.11298938105037823
greg:0.27952778281885676
edge:0.10028088697016935
anybody:0.06467223712580202
were:0.03300645313770849
if:0.01425851956943424
of:0.004137033735441248
they:0.019849353712930715
net:0.07053494648720175
email:0.05838082253123278
in:0.0037804191892444783
and:0.004061674622242445
still:0.043440618770841426
subject:0.0005680203594046446
i:0.004061674622242445
gregory:0.11368703685512273
any:0.021772069495506537
convinced:0.1009198718020603
phones:0.10537768668721871
the:0.0032074596169746933
got:0.04706710258788455
an:0.019104215714079505
does:0.025925293922075005
their:0.06441206887581762
opinions:0.06075766288340515
