fast:0.06447773935088957
there:0.016995907140317543
technology:0.06236421640401746
specification:0.1049761691226925
enhanced:0.10257472795031228
c:0.04789069806349926
several:0.052193543927174006
to:0.0025522206668348716
t:0.047708760277785964
parallel:0.17042049583190336
two:0.03453313764172799
these:0.030678443946276713
support:0.05072141313950936
magazine:0.07819813957044226
a:0.0025861187515673983
christian:0.059367451319195845
controller:0.07799793742036419
it:0.006349174624814295
university:0.04352481669627136
rates:0.08491861167580095
found:0.04952815750475921
of:0.0036007515845507157
available:0.050019700515078334
port:0.15443619019813112
up:0.024878895747266382
in:0.0032903648498979715
protocols:0.2235717745463227
subject:0.0004943880905929314
i:0.007070322490570182
info:0.05454436035911847
any:0.01894976419053347
55:0.09103419846970051
capabilities:0.09490002835603588
the:0.004187516722161405
hello:0.07165353316021798
regards:0.0764697703150308
last:0.0403733805936944
note:0.05484609442367588
i/o:0.09557350324808912
about:0.05472312112899286
including:0.05888829086167092
is:0.004975419016493776
new:0.03192591786821383
handle:0.07522883123571672
data:0.054339733763070594
protocol:0.09718482504419339
