king:0.1134500947264269
all:0.012892808522247178
supports:0.058400533576470084
graphics:0.047550560001888134
with:0.007903072659318208
post:0.03489970005988082
my:0.012840733261220288
matt:0.06633279012689651
matthew:0.11584519840058095
heaven:0.05884003616708577
that:0.004687900343709146
anyone:0.022606956076235016
bus:0.1093795311285314
he:0.021488286588111288
stealth:0.07176352580226726
on:0.006851470611341756
you:0.007510797154171917
market:0.052849394798284086
card:0.12409087891273954
a:0.0018871677376302637
other:0.01863929713286366
ram:0.052565636057206065
local:0.0826049581598906
ultra:0.07235762206471479
video:0.09447868088824386
are:0.008687991643259806
have:0.006908792069562877
b:0.08272725260849302
ati:0.06937257028660404
his:0.024924716777098066
which:0.01745800449347997
of:0.00525515096123618
praise:0.07768588973376936
please:0.025883991309530473
pro:0.12164232839341142
now:0.022323167538895194
email:0.03707971160767488
in:0.00240107705262825
brother:0.06261640877945422
or:0.00911231699598764
and:0.007739136780218714
for:0.004396606255568568
subject:0.000360769687729977
i:0.0025797122600729047
any:0.013828206301200099
ways:0.04822078893620398
the:0.002037170297267711
vlb:0.14862959407209053
thank:0.04906073387526371
because:0.02384759863370965
just:0.015870115722511974
is:0.007261422348396322
right:0.02621450802419324
vesa:0.07133448933855673
does:0.03293213011723041
orchid:0.087985079626295
diamond:0.06765970939958858
everything:0.04175219572869261
