abs:0.0387772728894285
school:0.021775595663449734
obvious:0.023033822238934205
77:0.06633575220738759
king:0.02513564972980716
out:0.014109905378209102
music:0.027584781075994515
bbs:0.024233788333866236
behind:0.02112420599400418
circuit:0.027713560747976332
stephen:0.02438119328976657
all:0.017138943065502236
small:0.017896682037521025
thanks:0.011936446975545887
with:0.0035019603400571696
ca:0.012314662252049828
from:0.005069294936707639
work:0.012126182419103616
name:0.016540314406169168
via:0.020468451368955958
to:0.0033010758325528883
day:0.015229359495586061
worse:0.0233237449900622
nt:0.004275919471391848
australia:0.02777900428409723
sitting:0.027184404158454835
phone:0.01758890494736269
this:0.006287214830795438
parallel:0.027553014296175994
reply:0.021504170774581704
amount:0.022265970129501964
on:0.003035980989456826
set:0.015864757988777973
pump:0.03528057894574614
machine:0.01947784044505597
etc:0.013906131661426561
inside:0.04495874882723577
came:0.03615241595781973
a:0.0050173800928612995
other:0.008259329268454556
was:0.005302162479649016
ascii:0.03154724205998593
jason:0.08191431150508463
science:0.020249294767468954
across:0.023108767196609835
fidonet:0.03292991006387634
computer:0.016052113204582726
no:0.006740992432230598
digital:0.024726752077914155
it:0.010265132626945268
have:0.009184142751155441
made:0.027851252118778463
45:0.02700827310931535
demo:0.0335006297034232
anybody:0.018201168532411348
which:0.015471764461287639
converter:0.03226798267226063
get:0.01574100569210925
of:0.005821574418135887
even:0.010054846992610932
piece:0.02580665217840427
department:0.02076691965684393
looking:0.015532247577285293
street:0.02388041006178806
port:0.024968725361374493
together:0.021311175098504376
please:0.011469553035360808
box:0.037946574978522246
email:0.0164305308920236
in:0.001063950310745452
threw:0.03142503324782302
speaker:0.03154724205998593
or:0.0040377931598987145
better:0.013390514199409601
and:0.003429318094228651
p2:0.03991045851600651
for:0.0019481967839046347
subject:0.00015986201731747483
grey:0.03285264416665534
i:0.006858636188457302
signal:0.026979415106704884
any:0.00612746866041202
limits:0.029612338937545637
unfortunately:0.02204726395704166
than:0.008566474743829109
char:0.03700322608617597
the:0.004062141970000884
can:0.0051770418708845115
conference:0.02609762556305616
int:0.0648177677087152
regards:0.024726752077914155
simple:0.019755620101534376
lower:0.02377833900027316
here:0.021561687492495762
excuse:0.026508982037824032
many:0.01109701214118619
is:0.001608818125093796
type:0.019404266528932314
does:0.007296340205613924
72:0.12498509195776675
build:0.022345108161786555
61:0.06044682463382386
nice:0.01892059554942969
him:0.02870078207620728
little:0.02808788864549059
bin:0.03898740055296904
by:0.0059307513462105756
data:0.03514186375096781
god:0.0317745896020985
s:0.00743037462103016
