another:0.011143242866274265
manager:0.019733157487003005
at:0.008853919723160112
mark:0.030187175520524526
say:0.009535401880741425
there:0.009223909402785401
stephen:0.040921198787849423
emm386:0.06580164358308245
startup:0.02719740504360663
dos:0.07094577600490327
tried:0.015567156045410407
take:0.010682156433847756
own:0.011389400178633142
your:0.00633131769940333
with:0.002938831039143454
from:0.004254131931809927
6.0:0.026795180381930565
config.sys:0.1176706805217439
execute:0.029234918149677807
to:0.0041553743520326555
line:0.014189968586964767
boot:0.07399939401090967
that:0.006972957295165363
think:0.00723491471119877
memory:0.016993126764659874
nt:0.007176668861532045
cs.utexas.edu:0.05439481008721326
finding:0.022405051958451983
asking:0.01801725032481605
need:0.00965428136430772
re:0.0018790980039104048
tells:0.022246231157369914
error:0.018921900297346726
this:0.0026381027053840153
upper:0.026271255706933536
apr:0.018729689834361803
you:0.03072255720349719
moment:0.021147290449003934
8:0.014836639609918927
a:0.002105282601778485
load:0.04518585800807603
sorry:0.015966918013761933
want:0.03804217020526998
altogether:0.028113593771214442
as:0.004020674171944816
dos6:0.06044682418122551
starts:0.022474685298459144
step:0.04180422748926987
no:0.02828506874830427
play:0.016090041370755988
it:0.008614458033667638
not:0.006059397071115225
choose:0.019968861755714867
have:0.005138197117061837
try:0.012243164182630113
ve:0.009171526125766001
date:0.01797889040092122
kind:0.013846867823934975
session:0.02421718533504903
disks:0.02165683876278147
has:0.005350625496917342
which:0.00649192126893225
writes:0.0033229265880279513
get:0.006604894348196595
if:0.016837950245311793
of:0.0019541767393541575
key:0.04832928197844084
forgotten:0.026685934217928527
but:0.0033431317701025642
particular:0.017040459538109582
using:0.011077490344949351
find:0.010635410742077338
up:0.006751057137449169
good:0.00814075302190703
in:0.0026785884707712132
required:0.05642384096232616
system:0.011232273011268971
and:0.001918579972315527
subject:0.00026831112454289745
each:0.012794017072163896
steps:0.026028448785974705
i:0.003837159944631054
6:0.029531152086022056
everybody:0.020492006531337634
plain:0.02286329436078664
games:0.016733016540747367
any:0.005142147066777926
actually:0.012282985563322033
the:0.003030162854227349
users:0.019842701348021016
do:0.007219275566899464
when:0.006571228355998673
can:0.00868910545163531
trace:0.027569806913725837
generic:0.027700336996154283
conflict:0.023744254221629537
problem:0.021261962734126477
note:0.014882859793359285
hit:0.017988452964469392
is:0.008100682217808962
disk:0.035185718430149567
their:0.007606450344631728
sanderson:0.06508346304054832
thru:0.02593451846933072
1993:0.015224401020151443
nothing:0.0128384723693513
loaded:0.023452013416820117
article:0.004072024524204025
very:0.00876001252152486
function:0.041336689643693046
by:0.004977062687523448
s:0.006235540511115762
