some:0.010378105556740926
expensive:0.018000385751719507
fast:0.0154746574442135
versus:0.024054593794123193
mb:0.020288825525735625
vertical:0.02400199620458096
dos:0.03137379872216833
thanks:0.00885949619962739
graphics:0.01563885084506543
fax:0.013593970399481731
with:0.007797698357193965
much:0.015530638840532723
companies:0.03534784307189099
from:0.0037625433530230025
work:0.027000966186537384
considerations:0.05187348637589833
post:0.011478123575249691
my:0.012669523484404019
via:0.015192139460513978
to:0.0030626648002018463
colors:0.020266207439035754
psychology:0.02486491182431855
dx:0.02663534578138211
256:0.0217212148663101
might:0.009453711715015316
appreciate:0.017063170379619973
that:0.0030835966705286826
like:0.01552852084678231
nt:0.0063473649041994535
database:0.04501312808364003
me:0.004815949690686865
need:0.008538675517765494
bus:0.03597371246005032
getting:0.012054229209887494
something:0.00884738363183788
unix:0.01761141073831259
on:0.0022533725566190664
intensive:0.026828612945558727
you:0.0024702177307054304
customers:0.024054593794123193
e.g:0.018041223200850203
communications:0.018751479539260867
card:0.013604037095618852
sharp:0.023898632372739776
m:0.018250862828214295
sure:0.009697973422929794
board:0.03192174683871239
a:0.003103342501880878
how:0.005846057765462775
other:0.006130257723697382
want:0.008411546523165251
ram:0.017288253636592216
capable:0.019501241276281472
usa:0.01619831860457211
local:0.027167852905919575
processing:0.021081039887541488
video:0.04660948257153364
os/2:0.021027167174064398
d:0.024291256298360476
it:0.0015238019099554309
not:0.005359200076230799
encourage:0.022856089052127184
have:0.0045444498946458035
reliability:0.024441311025188216
university:0.010445956007105127
decent:0.02002472143475429
expect:0.030721965183630115
hz:0.025936743187949165
novell:0.025550025956884142
love:0.01454318862302866
network:0.016326620755687006
800x600:0.026360343987079496
be:0.0025709389206109838
applications:0.017334671232863696
get:0.005841662112404988
things:0.009932115236178887
if:0.005956892620119194
of:0.004320901901460859
monitor:0.03330911857856718
what:0.0040908537910961384
but:0.005913628642225869
treat:0.02144809140313826
nec:0.02410782130988638
seems:0.010473275952804792
well:0.007479412934014866
windows:0.024419619390431125
now:0.007341841768347752
david:0.022190624349728835
email:0.012195105150968626
in:0.003158750255902053
system:0.019868642926600222
speed:0.029853023705651387
or:0.0029969398120137125
better:0.009938737205784014
and:0.006787509590947375
word:0.013639451182948526
for:0.005783979785103538
subject:0.00011865314174230354
76:0.023698848426685255
i:0.015271896579631595
rate:0.017265225375516672
any:0.009095886811456065
decide:0.018194255184945687
will:0.010073825288029194
later:0.014201831239812016
than:0.006358227920975383
the:0.0006700026755458248
clone:0.02379761792350619
do:0.009577572252086622
less:0.012217180251539011
rock:0.02165905379086681
would:0.004145109538241671
major:0.014561902100967965
drivers:0.017476905593246692
isa:0.02144809140313826
development:0.017276724591360898
an:0.003990658393607719
upgrading:0.02486491182431855
about:0.004377849690319429
15:0.014852492142136195
ma:0.01782763522327785
move:0.015719222735880077
refresh:0.02663534578138211
solid:0.02002472143475429
motherboard:0.020067663261028674
mostly:0.05441398692987809
their:0.006727482749252062
hear:0.014727473618928033
run:0.011897041903943978
advice:0.03457650727318443
16:0.015497745519222852
massachusetts:0.024928861768550106
image:0.016449168875260784
diamond:0.0222525266469758
understand:0.013316254501936237
todd:0.04524009076813039
sometimes:0.015575583663634889
buying:0.01782763522327785
plenty:0.020716963787684214
