xt:0.09775246975430622
above:0.017341758153685
thu:0.037527749579233154
existing:0.02757752647360542
your:0.03210018400461816
with:0.003725015138786926
into:0.011406394286512016
my:0.018156960407585375
to:0.003511335439721862
bet:0.02747561347139879
might:0.027096625934757274
that:0.0066287508044804485
think:0.009170369602092708
interactive:0.03545499543633744
its:0.013170857044803632
need:0.01223695535985501
re:0.0023817866418991756
anyone:0.010655507959499308
this:0.003343837187079102
ide:0.028852830722797748
hi:0.02007016980900895
two:0.011877639698428736
these:0.01055182148470664
on:0.006458711149545095
you:0.01416048380659164
used:0.01257620069004373
came:0.01922755880559202
a:0.0008894930737875128
hard:0.06889766630765629
same:0.012370021340946577
intelligence:0.028790384862309712
controller:0.10730926422164756
timothy:0.06483452498617413
was:0.005639879835040673
as:0.00509626853641413
old:0.016865688422562575
compatible:0.028697849189934493
drive:0.10791606683334988
question:0.01390436995762487
also:0.00944902631643036
international:0.025257099495168116
are:0.008189953905748096
d:0.011604103327242266
not:0.0076803822748530565
should:0.010463771606582673
have:0.0032563733321506554
drives:0.15466405038556666
plug:0.030211681367495764
systems:0.019110937071863763
able:0.05039742470275164
has:0.013564006036771352
usually:0.021004781797366964
be:0.011053399817913465
writes:0.004211862363169187
get:0.008371808759816066
if:0.004268474011231906
of:0.002476950134595397
what:0.005862688554118671
necessarily:0.02475963715322422
in:0.004526871385846892
floppy:0.08417237758467205
or:0.012884932312797808
use:0.04236380962413626
and:0.0024318306655464325
subject:0.0001700443114141293
however:0.015268145886604542
i:0.008511407329412512
currently:0.02292314332393183
the:0.003360682210142274
do:0.004575273368831189
would:0.011880887211520716
can:0.011013579521499534
solutions:0.02998281506669281
just:0.007480181932903732
expressed:0.02617680971734578
e:0.01981458405129826
else:0.01609268933336342
lack:0.024710325215940045
disk:0.044598458392355184
questions:0.01926226966398415
does:0.0077610752505574854
2:0.02482050384834916
resource:0.03159425783397874
mfm:0.03888809416711888
reflect:0.03013447524945535
article:0.005161355925583446
corporation:0.030250638227479434
doubt:0.022166065598602343
