at:0.010010966050618535
out:0.013388376125914318
bbs:0.1379673631280339
know:0.014021308246117066
thanks:0.022652120964956397
where:0.020993827252656385
with:0.006645765645335765
much:0.019854509881362857
dh:0.5238071255851915
software:0.03199756691455973
that:0.003942098016300873
could:0.034297935348319486
me:0.012313507731869826
anyone:0.038020789764577075
this:0.011931419053895886
contact:0.07909255224955836
you:0.006315897606917294
support:0.031124503517426204
backup:0.11343341224094126
a:0.006347746026574523
jumper:0.06407281571738713
drive:0.03208867896370442
it:0.003896084428863318
should:0.018668319798107725
have:0.005809666058496055
only:0.04546146266827113
settings:0.05716950053577972
allen:0.05061396218982423
network:0.041744200795790644
notes:0.05316266396133544
get:0.014936067901035481
tech:0.10306437966181428
of:0.0022095521087015756
lines:0.040149796866983146
david:0.02836869590164198
compare:0.04897398765674447
or:0.007662630201171424
and:0.0021693034914249424
for:0.007394292338910773
subject:0.0003033745101365716
i:0.004338606982849885
tape:0.09430382417541668
info:0.03347040294764088
the:0.0025696125340535893
can:0.009824613550428562
bye:0.06937989527542801
solutions:0.05349206778944058
mountain:0.1549357853172612
general:0.03350489048963126
number:0.0284348278227018
keep:0.030106983910521832
does:0.02769292759858012
their:0.034401900422311685
x:0.06920818158059323
very:0.01980957377026645
origin:0.05506691055405588
going:0.024747905500564573
especially:0.03551472394883343
s:0.007050412282454754
