at:0.018546631841145918
folks:0.038981219476787135
reserve:0.05567603695705781
all:0.03012845780988288
dos:0.03715318269730461
thanks:0.02098301731490698
with:0.012312155300832576
companies:0.04185928784829196
my:0.010002255382424224
via:0.07196276586559253
to:0.005802943831961393
that:0.007303255272304775
divide:0.06331009480033618
like:0.024518717126498384
could:0.015885359529747973
ide:0.09536619838903676
hi:0.03316859642120426
on:0.005336935002518841
them:0.01543009654244464
a:0.004410013028988616
how:0.027691852573244722
controller:0.08867133938315087
ram:0.16378345550455783
scsi:0.08905204833964132
no:0.01184995511771063
d:0.038354615207937585
it:0.007218009047157304
have:0.005381585401554241
domain:0.046981084726111295
buy:0.031650959213094375
second:0.02894416607002386
of:0.0020467430059551437
future:0.03688954025597737
hd:0.14079806335995615
least:0.025343814554805076
cdc:0.06972867976476665
using:0.023204427143630742
seagate:0.0605132193715677
one:0.020701282268960473
or:0.007098015344243003
and:0.00401892015253463
for:0.006849449745517347
subject:0.0002810205988633505
i:0.006028380228801945
example:0.029593254144820048
1mb:0.062432393653609336
possible:0.027126017083837706
any:0.010771444908303235
the:0.0015868484420822168
an:0.009451559353281439
just:0.012361984878588273
cache:0.10216142769983783
many:0.01950737923766414
about:0.010368591371809174
is:0.008484398743915702
select:0.049864788722320544
write:0.034254462368289613
new:0.018147363840879442
2:0.061528722697749755
first:0.019763735046221486
change:0.031284306399057764
