pc:0.04385318502628793
music:0.12122785367608115
ideas:0.04732886364525619
technology:0.04431141691864398
help:0.028159114737392063
all:0.025107048174902398
with:0.0076950970630203595
into:0.02356320924976824
my:0.012502819228030279
melbourne:0.07654932515507741
to:0.007253679789951741
visual:0.06742896751613076
like:0.015324198204061489
could:0.019856699412184965
me:0.01425774579479664
lost:0.04611192531997171
so:0.013444876281380526
this:0.006907663662781828
ti:0.0498508033717324
you:0.021939433792449545
machine:0.08559998300853544
etc:0.03055689457181889
them:0.0192876206780558
link:0.06376168590469627
a:0.003675010857490513
computer:0.035272406646912044
it:0.004511255654473315
have:0.013453963503885601
royal:0.08033461558207453
connection:0.11330963514480254
references:0.054333784171206094
has:0.02802038089175134
heard:0.035561149466050976
of:0.007675286272331788
institute:0.05121655065701718
but:0.008753726608558028
called:0.03529282231390439
sounds:0.0468776916258005
and:0.005023650190668287
subject:0.00035127574857918807
cause:0.04149343596502719
i:0.0025118250953341434
appreciated:0.044536343673371614
info:0.03875520341305786
any:0.013464306135379042
the:0.0009917802763013855
do:0.01890310312911833
places:0.05019502476697809
environments:0.07942681464145675
techniques:0.06257242193800854
is:0.007070332286596418
hardware:0.04670633057466515
does:0.0160327475570727
lot:0.03261254458243935
wanted:0.04006789459929082
dreams:0.07153133099022078
e-mail:0.03618020758752982
little:0.030859719761821894
s:0.008163635274421294
