some:0.0075324959686022845
reference:0.024075052019473256
pc:0.021502206851599245
there:0.005921154745659016
know:0.015920969363332926
help:0.027614099613442543
posting:0.021285087464233812
thanks:0.012860558999459116
where:0.011919076117637173
own:0.014622520229341905
your:0.008128594981814598
with:0.003773079850255144
operations:0.03007301194986418
simulation:0.0382650154651154
wood:0.03251018940508243
contents:0.03215024514941523
my:0.006130414589227751
to:0.0017783214968913946
that:0.008952377430567144
really:0.01258964995607049
me:0.01398178942457477
package:0.025079116342298077
so:0.01318465286948284
anyone:0.010792998384783169
this:0.0033869834733639935
roll:0.03476614907269371
these:0.010687974019993178
on:0.006542049357926322
rarely:0.03306194536274799
you:0.01075739979500752
pascal:0.03628124320867694
working:0.020442187165849078
m:0.026493187976440107
more:0.00820270339239178
a:0.0027029112113156036
basis:0.02404650501314838
as:0.010324053680219592
no:0.007262875717306515
supplied:0.03556365846603034
it:0.004423941028902864
not:0.007779483981625353
should:0.021197576028819092
being:0.01255357374145257
feel:0.019653397962878565
writing:0.025822314484823444
be:0.003732008110564331
if:0.008647102190495604
of:0.003763366172240103
totally:0.026577518068184855
available:0.017426218243962774
but:0.004292149820970388
using:0.014222068249322069
please:0.012357518431646805
groups:0.023740552248299303
code:0.06271959697416186
email:0.017702571993341555
in:0.002292641314767619
or:0.008700793002620456
world:0.01626613347569469
and:0.0036948136886205472
for:0.008396099688053523
subject:0.00017223843156140837
scan:0.033793098171180265
i:0.0073896273772410944
example:0.07255120370988141
any:0.006601853330895531
source:0.02012430943032145
the:0.002917753587054399
wrong:0.017054335850515228
see:0.022830784018208723
hello:0.024963166391301753
ibm:0.02542236818786882
would:0.0060170944909959745
can:0.01673353533750413
simple:0.021285087464233812
an:0.017378673649582004
instruction:0.03564911154183692
just:0.007576700409457329
is:0.00346674357278276
logical:0.060739380199622856
write:0.02099467048379041
does:0.007861218157016292
appropriate:0.0260903725681323
attempting:0.032251053652015756
1:0.03790691403725242
every:0.015691280818950944
show:0.03883959573851397
purposes:0.05712258064924662
teaching:0.06491504576965955
shown:0.02664108127104299
going:0.014050423768062467
somewhere:0.02502916812195217
process:0.023332669246668176
students:0.06168394025153634
alter:0.0383953555123252
s:0.012008444145600355
