some:0.005723219976143893
read:0.011112760107342754
ask:0.014287071491942978
at:0.004318455943404073
know:0.006048407478717165
all:0.009353606182806777
saw:0.016653826387918895
where:0.009056160775655695
fax:0.014993349705310733
your:0.006176138344025797
much:0.008564690537058488
4:0.012177791687150387
operate:0.025876236328692143
o:0.03432332337058707
times:0.02755368766169634
trick:0.024352466075097456
name:0.013540355420736524
my:0.004657913045736771
to:0.00405352694144362
q:0.02080724727216989
day:0.012467171743935647
software:0.0138028720023591
relevant:0.02203918074413512
perhaps:0.014159125184510025
been:0.00719235483932078
that:0.008502564348884235
really:0.009565665407798657
need:0.009417656821064883
re:0.0018330416802851497
so:0.010017750954754118
240:0.028606702045532166
extremely:0.021657599926664852
these:0.008120764574014425
on:0.00248533737862397
you:0.002724504850042754
used:0.00967874268792581
moment:0.020628974506626388
why:0.00872413029487258
more:0.006232446205003558
a:0.0020536825380094046
other:0.0067613136658427
want:0.018554882036393938
was:0.013021487266196848
as:0.015688512945431735
following:0.013418207220783145
compatible:0.022086089817743702
drive:0.027684350478490084
scsi:0.062205474943131805
ordering:0.029073908809278855
cheap:0.018216819698072782
cd:0.04375689263706444
prices:0.04276923018802982
product:0.019563225111502738
are:0.0031515263803981643
os/2:0.046383457001612644
it:0.006722655485097489
not:0.011821764874038528
ones:0.016630539119494393
choose:0.019479428869545384
cdrom:0.03082231539721382
have:0.0025061304566061414
drives:0.03967688874270256
ve:0.0268402014562858
650:0.024741714984923
350:0.027152133869200307
stated:0.019029877759302743
be:0.0028355943977327026
which:0.00633280555155646
listed:0.04450779896531331
if:0.0032850510772716142
of:0.0009531401253222482
offered:0.022687081592706115
available:0.013240508959873677
what:0.004511971093120741
but:0.006522384531866767
impression:0.023191728500806322
nec:0.0797685263930064
order:0.02749330256012247
using:0.010805983228651572
please:0.009389290965221836
they:0.00914627082850729
who:0.006338494481538472
toshiba:0.030046707528513357
cheaper:0.02161459999493526
in:0.003483915723421382
or:0.0033054483220739477
205:0.027639253838872873
use:0.008150880037977197
install:0.021657599926664852
and:0.005614667860158675
for:0.004784542101648147
subject:0.00013086743574518774
300:0.020389807035207607
i:0.007486223813544899
cd-rom:0.050507377649920485
actually:0.023963863991187103
will:0.005555418357369041
the:0.005911788313639631
got:0.010843891282502814
would:0.004571811990707725
can:0.0042380685903809475
listening:0.02420502756903237
claim:0.01600607374901954
regards:0.020241998024566978
bought:0.0179562928866101
thought:0.013159737280351531
address:0.015651085068302012
about:0.004828510687852312
is:0.0013170226808365878
netters:0.02420502756903237
having:0.012827898982452752
holland:0.05353993890046226
2:0.009551027216153965
under:0.011898644250517839
faq:0.019029877759302743
e-mail:0.013478900865942483
players:0.03639092071605777
opinions:0.013998088997647266
give:0.011584491526254934
200:0.02037316199108438
s:0.01824812590752995
