another:0.016548547241705812
pc:0.024871955686551366
at:0.013148731529170612
mark:0.0448302084222715
obsolete:0.04538731557333933
all:0.007119909183927546
mb:0.034067057785750116
dos:0.02633994295704431
with:0.008728766817754438
microsoft:0.031788090251786076
longer:0.02532993289831474
my:0.007091151203957472
to:0.0010285068358886797
harris:0.04341603516258122
then:0.011909554849073158
software:0.021013327525979526
100:0.025212776856948293
510:0.04328394876631703
that:0.0025888404883169912
produce:0.03145880066291341
packages:0.03690492986992627
nt:0.005328944415839094
me:0.008086482689586155
anything:0.01732269515163734
re:0.0027906007670012727
lost:0.02615303227102873
this:0.003917779390831485
off:0.03258891713367687
bus:0.03020181083399747
ide:0.10141554679431147
these:0.012362955023126437
on:0.007567295899093879
set:0.01977175062780538
disclaimer:0.028015339754284975
support:0.020439972459205268
vs:0.025497104067636882
m:0.010215035165045313
sure:0.01628391059820301
a:0.005210836290471623
controller:0.03143200463208706
local:0.02280883173071606
drive:0.021073162304522303
scsi:0.18940174460296846
rumor:0.04133608439788704
files:0.02469635495960962
no:0.008401087583451566
it:0.007675867829999372
not:0.008998656844417386
sufficient:0.03414359883177392
real:0.019086521298494384
second:0.020520117736210944
be:0.012950625159794133
get:0.009808761009635241
soon:0.02684323609730948
if:0.01000224507109566
of:0.0043531474380389245
huge:0.03207405192568262
must:0.017294480802085798
they:0.006962086750057789
who:0.009649648315177973
good:0.012089625756414172
one:0.0073381411028031526
or:0.005032175057485711
and:0.0028492344364984316
for:0.007283929766688223
subject:0.0001992310215822261
300:0.03104119877001755
i:0.004273851654747647
rate:0.028990117235009338
pay:0.024871955686551366
20:0.02346889812243
any:0.007636472136483636
will:0.016915005147810216
cost:0.02478363883843941
the:0.002812511231302436
importance:0.036960830405218505
got:0.016508610609183388
drivers:0.02934555043642168
extra:0.028990117235009338
may:0.013888250204774856
just:0.008764093757208104
makes:0.020843118524268463
is:0.004010039207323342
deal:0.02459936561015305
limit:0.03313748522872204
win:0.02529459256439061
bucks:0.04012830062586902
vesa:0.0393936732168149
hear:0.024728966897453786
first:0.014011603204410755
nice:0.023580145199662374
almost:0.022552186046750508
opinions:0.02131052354865703
killed:0.02725958952737228
by:0.014782619027121881
los:0.03402907965509735
200:0.031015858553591142
s:0.0046301214989255095
