eisa:0.06565200618211432
out:0.01386090704800541
help:0.025177561412256435
thanks:0.023451607587248978
access:0.03943972785904148
tony:0.05438523032285539
specifically:0.047612266491243074
setting:0.05060984538073655
ca:0.024194689365792013
to:0.00810705388288724
that:0.004081230887464433
like:0.013701636041278508
nt:0.00840092413791104
wait:0.043192938883648446
greatly:0.0459168135270659
phone:0.03455702501423022
this:0.012352527961680447
bus:0.047612266491243074
two:0.04387739841537203
on:0.017894429126092584
set:0.031169583342657896
am:0.03845497309885566
m:0.0161037024954832
board:0.04224937081594287
a:0.004928838091222571
how:0.015474858790930874
air:0.045342811595660816
jumper:0.0663342092132949
drive:0.0332212205741881
nyx.cs.du.edu:0.05531102171786321
advance:0.037217661372666466
chip:0.03802828656239146
drives:0.047612266491243074
area:0.03774667111363938
cmos:0.0686560849092772
states:0.04062187924065509
settings:0.05918724761351312
able:0.031029002660125517
has:0.012526758516312365
be:0.013610853109116972
trying:0.031721508506687014
looking:0.06103259636250927
in:0.004180698868105659
speed:0.0395113549045386
or:0.01586615194595495
for:0.011482901043955553
subject:0.0003140818457884505
i:0.01122933572031735
tape:0.04881609722021569
appreciated:0.03982073081383815
the:0.0008867682470459447
do:0.008450799045958784
would:0.021944697555397085
number:0.029438409981150094
motherboard:0.053120285102722965
questions:0.07115709028812969
figure:0.04344114863617357
2:0.022922465318769514
1:0.023041457552055396
advanced:0.05438523032285539
ami:0.07001506005188714
seem:0.03246720652818515
