seemed:0.024387762406553146
all:0.011029685903425332
take:0.012287567227374008
thanks:0.023044932311169514
where:0.010678941030252957
with:0.003380505068147672
response:0.020298257529637813
times:0.016245526829439458
from:0.004893481239480783
scheduled:0.02957059296999244
post:0.029856390802672605
my:0.016477703953704646
to:0.005576528393431108
line:0.016322565021999934
day:0.014701173617126428
make:0.010173875626298864
that:0.002005229048754201
problems:0.01585591465833395
think:0.008322242933691071
like:0.006732017708142619
talking:0.018842145551226985
this:0.003034580568620919
off:0.012621141317666765
he:0.009191521430752804
these:0.009575930480340708
on:0.014653434255470806
you:0.009638132764313094
rev:0.06126942913585005
products:0.04682181264898137
support:0.01583211739614743
answers:0.024223186255794116
more:0.007349242923819224
board:0.020758361383555746
a:0.0032289112736332832
other:0.007972878542380987
nor:0.01996843350852834
was:0.010236544902906191
responded:0.030277053274756886
idea:0.016025296504397435
answered:0.028089559426662986
official:0.023446260237886273
talked:0.028499685068121276
theirs:0.03352629557622244
are:0.0037162507607007254
no:0.0065072007871821375
d:0.010530891458826795
care:0.01830067596112079
terry:0.031284876321836526
not:0.003485028951306155
flame:0.048527786183558325
should:0.009496023943546124
have:0.008865617569034442
buy:0.01738058453898246
quality:0.022220600234533813
has:0.006154765745008965
poor:0.02284078722945238
willing:0.020669941352483644
be:0.0033437066886559032
tech:0.0786387174298236
of:0.007867538144278442
produced:0.026536572106788458
department:0.020046679668745297
what:0.005320474583795556
ok:0.018866180291970704
again:0.014114850509294901
must:0.013395725014332354
they:0.005392598985593894
who:0.022422882212147655
now:0.009548638138024533
good:0.01872843758797109
called:0.015504361247726785
in:0.001027050299968153
or:0.003897754090769279
recommend:0.025362886052967232
and:0.0022069214710450278
word:0.017739170613661377
subject:0.0001543176698960595
spoke:0.02962197416893606
until:0.016538530204419907
i:0.0044138429420900556
pretty:0.016635954086240617
will:0.006550897947417828
the:0.006099735340951874
start:0.0325729721142487
would:0.0161731152503649
because:0.010200706930026091
did:0.009502375973658758
named:0.02694402804756617
last:0.012602095676644496
myself:0.019264983017328804
problem:0.024457402220180165
just:0.006788373199224774
company:0.01945738751231994
15:0.01931682504035054
paul:0.018930765844561024
is:0.0015530209646859184
new:0.009965315403951137
right:0.01121314216063757
production:0.05548757555609001
time:0.009130115432969443
2:0.011262482960089068
first:0.010852918088965555
orchid:0.18817618185970603
very:0.01007654619528004
neither:0.0216345748583871
april:0.019665629259468857
past:0.019095459230655278
going:0.0125885299656051
aware:0.02368148677445595
s:0.0035863368835607995
