mode:0.026778917807540076
some:0.016329187064802155
at:0.006160594492688329
out:0.00823900069287035
say:0.013269545274598206
returned:0.03321223917282707
all:0.006671803011512526
send:0.020512916929204355
with:0.00408970193559124
much:0.012218159926992527
my:0.0066448549743377714
to:0.0019275512728543088
dod:0.02445779050134571
potential:0.029973932453297165
that:0.002425906471569768
memory:0.023647777805365842
control:0.021326113775811353
nt:0.009987112611502636
perfect:0.02832228527368454
me:0.007577543219612201
re:0.005229937101792595
started:0.022931782349572764
avoid:0.02704020624631538
had:0.010730129270504441
on:0.0035455162604146146
focus:0.03495743577666043
you:0.007773412439282823
etc:0.032480055768646654
m:0.009572130853958546
a:0.003906305247122784
other:0.009645510404418956
low:0.023746814964893847
price:0.021889120292615125
was:0.006192035902806892
as:0.011190407835203055
budget:0.0330009540078166
cheap:0.025987630897949983
others:0.01885544211935941
are:0.004495883787421158
no:0.007872347805472097
digital:0.028876696482599044
month:0.02778883559012069
thread:0.029111383171356402
it:0.016783132924334292
not:0.008432307812251258
reported:0.028876696482599044
probably:0.016693872133071386
nasty:0.036987576999444
quality:0.053764529238802095
has:0.014891950683727987
poor:0.05526512154818548
be:0.012135550849037861
14:0.026110858879417255
get:0.018382852801274437
conclusion:0.030865417996969177
certainly:0.021508792148640845
if:0.009372733143544186
of:0.0013597243745855849
even:0.011742373760601579
distortion:0.04269532016949416
but:0.00930466045105469
seems:0.016478930694972575
shipping:0.028694457974418178
well:0.011768307064009404
now:0.011551848936211499
good:0.022657480438594394
clear:0.023061194001304988
one:0.006876300054374982
in:0.0012425153978635698
or:0.004715464739182415
and:0.009344691963061291
subject:0.0001866920062378902
however:0.016762929399978414
i:0.006674779973615208
back:0.014729767273199563
similar:0.02213117683822868
controls:0.034848167819296234
pay:0.023306587846139044
ago:0.020008151925626882
the:0.0015813000209560554
when:0.00914457652338277
got:0.015469607144269749
would:0.006522025497233399
problem:0.029588325762875303
makes:0.019531313861901916
replies:0.031341316341339916
many:0.012959447745301353
about:0.01377645007443177
prepared:0.033298573689066926
15:0.02336930581804646
days:0.020826941430420787
2:0.013625241623044817
nice:0.022096080117166142
barrel:0.042059153888335234
very:0.012190506935548582
mine:0.02283383947412578
happy:0.026560105513881268
summary:0.030082775226311934
range:0.02796892297545226
main:0.026002916165222573
s:0.013016145752224161
