pc:0.03662463804393278
go:0.021378376393342058
large:0.032901473844918414
watts:0.12425155297790347
know:0.013559067314926395
help:0.04703500483608345
suggested:0.04826441702148717
previous:0.038167026590030836
someone:0.024213825435857362
my:0.010441914959673641
to:0.0030290091430567713
been:0.016123520738697137
that:0.007624277482076414
sum:0.06101803254255651
re:0.004109236294265611
expert:0.05602382718854707
had:0.016861631710792694
this:0.005769037784301308
two:0.02049219156761881
recently:0.03636606114931527
am:0.01795974018353149
a:0.004603859755537567
how:0.01445453843108928
hard:0.029716850577752852
output:0.04491602405422111
it:0.0037676420850546372
not:0.006625384709625988
have:0.0056181386060181636
kind:0.03028051315344022
sufficient:0.05027738729074401
hope:0.03174133557846204
of:0.008546838925966535
what:0.010114748384578365
hd:0.048995663073977416
supply:0.17749298609250744
understanding:0.04411159104297611
please:0.021048520405552253
must:0.0254665981041703
one:0.010805614371160687
in:0.0019525241966427526
requirement:0.05859605380224377
and:0.004195575983415274
subject:0.00029337315265954173
i:0.004195575983415274
power:0.14845358682255724
necessary:0.03961292063166511
the:0.004141500054884907
because:0.01939255273510455
typically:0.05702351705893967
may:0.020450829971866275
an:0.03946805004666975
problem:0.02324797024225917
1.2:0.05884026409658125
is:0.01180978579739182
choosing:0.06246392658419078
disk:0.038472296525273425
does:0.013389986970742037
appropriate:0.04443964558308249
run:0.029415762949312033
article:0.008904756926556056
bad:0.030116495019191034
freenet.carleton.ca:0.06101803254255651
says:0.028143151037665584
