mode:0.07977885930162981
help:0.022292632500435384
tried:0.032269417219131985
thanks:0.020764444217876696
graphics:0.0366535566681221
with:0.012183903683115569
user:0.03939211962076058
someone:0.022952688694406455
name:0.028773255269065115
my:0.009898065222190638
to:0.0028712482501892307
software:0.029331103005013088
t:0.053672355312509204
been:0.015283754033556658
view:0.035472382841506576
months:0.035372859791456455
me:0.01128738208754734
re:0.003895213570605943
this:0.016405701199106844
ti:0.039465219335954815
mksol.dseg.ti.com:0.06060154908110295
on:0.005281341929575936
you:0.005789572806340852
tell:0.02510442764190055
card:0.031884461942856684
8:0.030755117524727774
below:0.03866535326081137
was:0.009223553480222767
driver:0.07666219996846649
fine:0.03374121435333917
ultra:0.055775667008217636
plus:0.037248956812288236
internet:0.029755561907443814
telephone:0.04663671236978313
508:0.06023601449973556
it:0.007142821452916082
christopher:0.050407855172662226
ve:0.019011809364869105
ati:0.10694937919184788
24bit:0.12769850699618177
writes:0.0068881499064329405
get:0.02738279115189838
what:0.009587938572881574
lines:0.03680398046140121
please:0.05985672990328921
wong:0.19154776049427266
in:0.001850830228067609
or:0.014048155368814277
use:0.01732062008070154
for:0.010167151966002312
subject:0.0002780933009585239
however:0.024969780252051176
i:0.0059655846014185915
the:0.003925796927026318
wrong:0.027535646425311047
waiting:0.04557333605610314
when:0.013621608779622249
got:0.023043268975318477
can:0.009005895754559514
did:0.017124073369197555
finally:0.03788046328954276
e:0.032405101000560696
is:0.008396019590333247
picture:0.08521932841032083
vesa:0.0549870021984708
tedward:0.0609803787078829
under:0.02528461903235041
article:0.008440967503297927
s:0.006462877925583524
