out:0.006368524859894378
there:0.009921934979212406
bnr.ca:0.050453520756185984
help:0.011568068756982687
send:0.015855930383114718
matters:0.025705427390749453
with:0.012644916254909133
ship:0.027700548817437505
my:0.005136293304488115
to:0.0029798900758720667
within:0.01749432549363685
most:0.010035651156578583
enough:0.013146748794256195
worse:0.04210881527935554
mail:0.01656386759370733
been:0.007931029120115889
that:0.005625480412450976
problems:0.014827422896712288
arrived:0.02853379573542269
nt:0.011579652190093598
perfect:0.06567708314816577
consider:0.017407373397682127
comments:0.019913540616373515
this:0.0028377429101157786
these:0.01790957808755614
on:0.0027405882445367025
spec:0.02836746244533213
contained:0.027749028114641614
rotation:0.02958731108137304
m:0.00739899844387066
sure:0.011794832541401101
a:0.0022646012851563163
other:0.007455718853145464
same:0.010497801894749257
want:0.010230259284930711
was:0.00957255280109606
owner:0.024225990469251935
factory:0.060177667929783546
following:0.014796293367782496
are:0.013900786629215688
thread:0.022502312397318733
it:0.011119635559134226
not:0.00651794603865908
ve:0.009865587562310455
kind:0.029789477805006053
complaints:0.028313136305583467
has:0.00575553769668406
screen:0.04041413156871403
minor:0.0469830505646252
his:0.009969886710839225
be:0.003126817606148494
1/4:0.03016443527286334
get:0.007104724190762824
fill:0.02612143301851231
if:0.0036224347014238343
of:0.004204120768988944
trying:0.01457474715172106
even:0.009076537555492032
monitor:0.020255545081561126
park:0.0242769852380809
what:0.0049753627189007095
distortion:0.033002328563446835
but:0.0035961255256778935
mag:0.059451837628836206
seems:0.012737768050708531
fact:0.01296360610069643
well:0.009096583298126189
find:0.01144025263607238
called:0.01449867295057694
one:0.010630388192168893
comment:0.021241067010177098
in:0.0009604308210512999
or:0.007289853596790112
and:0.006191309424174971
for:0.0017586425022274271
subject:0.0001443078750919908
doug:0.04672042686117607
i:0.0030956547120874855
back:0.011385712000365068
monitors:0.07487600641309998
research:0.03337655654634354
normal:0.020391149591992126
than:0.007732979903888979
the:0.004889208713442506
waiting:0.02364886627776163
do:0.003882799561656739
thing:0.012237472622297064
when:0.007068510501858033
less:0.014858732738358258
last:0.011784662443564855
an:0.004853503451685064
problem:0.011435488065111268
just:0.006348046289004789
about:0.00532441178552363
triangle:0.03262939412297683
arrive:0.03205987782212372
entire:0.02015901741993947
is:0.005809137878717057
netters:0.026690949319365425
living:0.019913540616373515
night:0.018096404576129863
right:0.010485803209677295
does:0.019759278070338247
lot:0.013397585882515627
their:0.016364147227910422
told:0.016757944685022324
image:0.020005745929371228
norm:0.03228053725196293
barrel:0.03251058922179426
article:0.004380177731441086
very:0.009422932388018635
opinions:0.015435730570378607
side:0.017407373397682127
mine:0.035299881565405256
while:0.011731581112856878
especially:0.01689349031079644
s:0.006707419252497496
