pc:0.2019904279998717
tried:0.09387466827383852
thanks:0.06040565590655039
to:0.012529083273553008
ii:0.2225090790975829
software:0.08532684510549263
laserwriter:0.37770802968950357
that:0.010512261376802327
need:0.05821824216658292
anyone:0.05069438635276943
comments:0.1116365155766394
card:0.09275479837921945
a:0.004231830684383015
controller:0.1276329885060505
has:0.032265893148077304
or:0.02043368053645713
for:0.00985905645188103
subject:0.0008089986936975241
i:0.005784809310466513
special:0.10593064220803099
any:0.062017410078109535
do:0.04353441932766647
ibm:0.11940809300362627
an:0.027209034501870812
apple:0.22990102710842883
