some:0.018148241582383744
pc:0.017268611720196288
corrupted:0.03105156891611904
there:0.009510663062975622
know:0.006393135366105191
help:0.03326568994883622
forgive:0.029214548099119518
all:0.004943356635473011
dos:0.018287836042714705
thanks:0.010328428212000845
with:0.006060387324244014
much:0.009052833521035914
someone:0.011416881423124456
work:0.010492603440364269
6.0:0.02762819117100613
item:0.025214335026427243
my:0.009846779910158563
to:0.00428455697437564
most:0.009619665616409524
might:0.011021166507142207
appreciate:0.019892297074686496
enough:0.012601805839053867
been:0.007602281799074815
that:0.005392299877219847
problems:0.014212814693739757
considering:0.020753212203912397
like:0.006034399292791053
nt:0.007399777738056358
consider:0.01668582424130152
me:0.016843347363801213
greatly:0.020222430827982394
so:0.005294355426864871
this:0.0027201162609918083
routines:0.05417595736455724
programs:0.01830664313105967
hi:0.016326511191784483
these:0.008583606078232863
recently:0.0171466920444958
on:0.0052539774636195845
you:0.0028797875098897506
fix:0.02253906196466572
etc:0.012032766774395003
them:0.007595125241099694
vs:0.01770265256509504
m:0.014184608415710592
a:0.0014471545345558499
hard:0.05604628813627999
other:0.00714667351208244
as:0.008291338447844751
40:0.019816099419817608
separately:0.029214548099119518
drive:0.04389332252030034
fine:0.01678319470425161
also:0.0076865136356454224
advance:0.016391198013868652
computer:0.01388965235836951
files:0.0171466920444958
are:0.016655735274643146
those:0.009616143286464042
meg:0.024122873557928904
hoping:0.024802355425765414
not:0.006247772109595491
have:0.005297933815001584
properly:0.02230966909586786
ve:0.009456651290297588
whether:0.0296109697915215
occasionally:0.027981601792905268
determine:0.04520685470651857
be:0.0029972085862045145
asked:0.01747306165149446
if:0.006944563935372117
of:0.0030223925217472327
opinion:0.0171466920444958
available:0.01399514936691311
what:0.004769130067340058
but:0.010341189983166998
result:0.018316072336847164
utilities:0.05357794371045727
please:0.009924431901063497
groups:0.019066246624281823
find:0.01096604527291912
seagate:0.029786299690668042
good:0.008393833426733157
in:0.0009206202170698989
or:0.010481525249270755
opposed:0.023197535686524256
and:0.003956449891096268
for:0.0016857454036895026
subject:0.00013832620151304817
cause:0.016339384110580658
i:0.007912899782192536
386:0.024451484057605048
any:0.01590601968324571
will:0.005872048419188002
program:0.014386701722197281
the:0.003905456010305974
do:0.007443709004212401
upgrade:0.022914846648957238
would:0.009664763172066073
can:0.008959233082256098
compression:0.025214335026427243
an:0.009304643922919551
problem:0.03288443459138214
just:0.006084914836610808
frequently:0.024181091554130587
is:0.004176258449077677
having:0.013559022758654723
new:0.008932640232557238
hardware:0.01839213017447954
disk:0.036279574961656805
time:0.008183989481366392
questions:0.015669307446867935
expected:0.0214993174285924
matter:0.01565234721191991
easily:0.01916536149427662
already:0.015055887675115811
give:0.01224474751997931
answer:0.01573197431154848
buying:0.020783512565997492
everything:0.0160086139063381
