simply:0.029695566406634847
pc:0.03235768992230954
pressing:0.05882437639420166
thanks:0.0193532683972443
switch:0.08256530916524613
option:0.0406855458471105
into:0.01738644566002317
from:0.024657444303791524
trick:0.04823206873126098
my:0.00922538117796409
to:0.005352229747925556
most:0.01802519867929163
boot:0.19062627065593557
make:0.017088160032521393
that:0.01010401821653816
me:0.010520278450529559
re:0.0036304903182346653
so:0.009920491236746796
on:0.004922415779022232
set:0.02572247169054292
you:0.0053961066932885614
them:0.01423164244206059
3:0.022732679074151645
a:0.005423316993578233
how:0.01277051453620509
as:0.007768098642883674
cables:0.05114941188366651
drive:0.10966228150702867
also:0.014402884773588023
computer:0.026026241797721505
setup:0.04285198809287953
it:0.003328693492621087
should:0.015949632448868732
have:0.009927196371799084
drives:0.07858335246127497
try:0.023654268663528082
able:0.025606458505928822
disks:0.04184185353197585
b:0.08915267028682258
regarding:0.03841744049583376
be:0.005616128710072537
1/4:0.10835768010640227
writes:0.0064200232137627405
get:0.012760912381467206
if:0.006506314754984556
but:0.0064590604101981575
ok:0.03168785621855273
order:0.027226377292548464
david:0.024237332420820327
in:0.0017250456494610725
5:0.0504635512022851
system:0.021701187662548783
or:0.013093426363166703
and:0.0018533855072368438
for:0.006317453648778135
subject:0.0002591937562331873
i:0.005560156521710532
the:0.00439079423294594
do:0.006973960377732976
around:0.02298247022479258
would:0.009054850933052194
can:0.01678768917354783
an:0.008717457655939191
either:0.024306434049644252
1/2:0.046050815288318774
disk:0.03399008722135807
checking:0.047179551270026175
give:0.02294404146947579
s:0.012047306424388704
