help:0.030142150986504183
became:0.06092461276135669
swap:0.07494805387988722
thanks:0.028075868238255818
access:0.04721657560589473
with:0.008237005306895032
option:0.11804538654232063
further:0.04996949860678009
apparent:0.06815709995176865
my:0.013383299455356356
that:0.004885980639922209
memory:0.047628622903765
appears:0.05493381728724411
nt:0.01005744439045688
permanent:0.07192819653699349
scott:0.21532828468571868
file:0.042795575809273366
this:0.007394118850301676
bus:0.05700060072895298
on:0.014281938739134928
machine:0.04581407541301897
am:0.023018821925371347
why:0.02506651521343671
a:0.0019669072195019647
local:0.04304765425233736
drive:0.03977188378599984
no:0.03171114749809887
it:0.004828949714647492
should:0.023138199186387036
32-bit:0.23461863217067502
be:0.00814734164982354
interface:0.05947464136343497
3.1:0.05523270398418616
using:0.03104817716401297
windows:0.03869305889328876
virtual:0.06954683977581132
box:0.044627310009952216
or:0.009497344474691343
and:0.0026887141865548584
for:0.013747135052622844
subject:0.0003760134773523704
i:0.005377428373109717
any:0.01441249670829306
2000:0.06092461276135669
the:0.0031848718731931815
around:0.03334076666413571
did:0.02315367666821078
gateway:0.13593860748467912
last:0.030706514817739408
is:0.007568243011004617
night:0.04715260347301443
disk:0.049309563152111005
expected:0.05844180653124413
give:0.03328501790642263
playing:0.05641366134302948
while:0.030568204308148203
