some:0.006788005087984617
looks:0.01990177601380169
there:0.010671848669501714
tel:0.02363632604243242
all:0.0055469059921296
thanks:0.011589457237884668
fax:0.0177828101156011
with:0.003400159167381089
funny:0.026167245061373384
ca:0.01195667788425768
service:0.021177855979525248
from:0.009843863423606693
work:0.011773677116222696
my:0.011049003038724433
to:0.0016025571628963148
then:0.009278374126603506
most:0.010794159674226964
connected:0.02642315718588951
hall:0.026630291939628764
that:0.004033774714354382
like:0.006771157345980658
nt:0.004151619486758363
finding:0.025922124068208978
anything:0.013495588083252347
lost:0.020375036769289825
bus:0.02352931774276547
on:0.0029477257281354066
medical:0.023389636466096927
am:0.019003911124434482
pennsylvania:0.035095569260178566
card:0.035591957517607464
a:0.0008119210033990669
hard:0.015722287224276217
other:0.00801923248739483
controller:0.07346317361685466
drive:0.01641746365584877
scsi:0.07377858656045864
advance:0.018392448934166566
course:0.02844362558023278
processing:0.02757694171335369
bios:0.028057096312244817
are:0.0112135706093237
no:0.019635100049694938
internet:0.016607755483224455
pa:0.03011430993261027
missed:0.02526704754202227
it:0.001993345521744023
have:0.008917161857226503
domain:0.12974427467966784
only:0.007753117664356317
philadelphia:0.028838944650782915
university:0.013664768032550312
between:0.013505033988641892
disks:0.025056458801125073
u.s.a:0.02984633837912034
be:0.0033631468438225075
found:0.031099075642523226
get:0.0076417091586693155
if:0.015584893482869983
of:0.003391405562193116
trying:0.015676326878304628
future:0.10187518384644913
boots:0.06744243179868004
but:0.003867925710758199
port:0.024242890321799652
up:0.015621632213399822
removed:0.026845079818650183
seagate:0.16711499535752708
in:0.0030990645679271596
system:0.10396382926709419
and:0.0022197524098301735
subject:0.00015521486565126915
i:0.005549381024575434
hangs:0.06873575313717101
group:0.015680906597713054
any:0.005949344571446554
suggestions:0.02300579285506324
the:0.006573427412695229
thing:0.013162397878633467
devices:0.04935672608747277
because:0.010260013365665779
conflict:0.05494309988493346
reports:0.022989665373186932
problem:0.01229979820956735
i/o:0.030005634740679146
here:0.010467447125717419
stops:0.03153639415537462
is:0.007810250781705346
addresses:0.028018720242295098
lee:0.04961803836482228
irq:0.033326898478765826
mfm:0.14198676242413172
image:0.02151780812170742
three:0.01696795352600275
checked:0.026167245061373384
