school:0.017739143784371244
some:0.005695301829918801
configuration:0.023137726705838215
at:0.008594780609311523
fast:0.016984380121697742
there:0.004476970661351939
hours:0.01910328964171035
800:0.023413050173667252
delete:0.026119336745311677
tower:0.026825829173987067
thanks:0.009723837292273966
with:0.019969715305008934
4:0.0242367756505237
someone:0.010748576169087903
service:0.03553747539978871
from:0.004129620753317929
my:0.004635191518684397
single:0.015860617904938413
to:0.002016876819645118
matthew:0.0209086455649829
appreciate:0.01872786992885119
enough:0.011864139155792177
that:0.0033844353700924566
think:0.007023161109895391
son:0.020815372192071788
like:0.005681166163456942
along:0.01704371420068895
could:0.0073615080747612555
quiet:0.024580874916037932
me:0.005285798440997779
re:0.0018241000135520513
wait:0.035818534684001146
this:0.0025608899432752147
off:0.01065101194125049
on:0.002473213781655073
you:0.00542242916496314
products:0.019756520947009214
went:0.01591444519627358
am:0.007972372471713979
great:0.012298783847476473
support:0.026721524971058595
imho:0.02112034954320025
computers:0.04231969625940166
a:0.006812215248031195
viper:0.030400890194521017
was:0.004319322605372613
ram:0.018974912527967066
ccwf.cc.utexas.edu:0.027804710615265855
worth:0.017147139603862625
question:0.010648712601693193
advance:0.015431713252081218
minutes:0.01943984023432963
486:0.023258178474571733
computer:0.013076599537391782
prices:0.02128029989843435
it:0.005017396532780077
not:0.0029410244320778774
purchase:0.02128029989843435
have:0.0024939054299885507
calling:0.020063417656329064
systems:0.01463618107454932
employee:0.028647846287653222
ve:0.008903091214767973
customer:0.052802766865148475
quality:0.018752018734509022
usually:0.016086588986276164
talk:0.016876067159205012
which:0.006301913817158623
writes:0.00322567020008567
get:0.006411580367273767
tech:0.04424227029385198
if:0.003269026437870289
of:0.0009484906612962861
monitor:0.036558788683793246
gotten:0.021022980067285427
looking:0.012653099245886068
but:0.006490568021955222
years:0.021753906565662375
never:0.010750923077374928
least:0.011744694549787719
lines:0.017235034752656177
seems:0.011495058972590625
slight:0.026230206262763168
they:0.00910165487324628
up:0.006553465221231144
now:0.016116238028080432
called:0.026168336544943743
over:0.019570153683115685
in:0.0017334605062877119
5:0.012677428716671624
system:0.032710570671841833
speed:0.016382756911637954
bringing:0.02585271034268795
or:0.006578648367834979
and:0.005587279236450584
subject:0.00013022905800984534
al:0.0743417401116533
p:0.01642013677868951
feedback:0.027019684435692016
i:0.007449705648600777
back:0.010274910829597745
signal:0.021978352794242515
ago:0.027913811954777015
any:0.004991645201408816
later:0.015587375751013188
than:0.006978542840094933
the:0.0014707375804664448
level:0.017173342256554872
got:0.01079099425185646
would:0.004549510468801835
gateway:0.023540588125395653
bought:0.01786870121399249
10:0.014099374428761777
upgrades:0.02846715715750518
btw:0.018301417172894317
cache:0.02367155032069413
people:0.014685591610469438
satisfied:0.02645980387670456
about:0.014414870931539585
17:0.01918196955356344
busy:0.024911716849397744
is:0.002621196359908916
col.hp.com:0.02846715715750518
purchasing:0.027221563538925454
right:0.009462798018489265
grad:0.028835486681935155
2:0.0285133105184694
their:0.014767645059333794
advice:0.018974912527967066
diamond:0.024423504856436854
little:0.011440676594626654
replaced:0.02110071954173817
give:0.011527981811492715
answer:0.014811078254287105
hp:0.02110071954173817
built:0.018012183580852457
sales:0.023605629739393043
everything:0.015071524311820747
s:0.0030265184432000892
