some:0.014066709338956075
fast:0.04194937258973539
thanks:0.024016706565254977
with:0.00704611297336804
such:0.023168881969491552
to:0.0033209618315441706
colors:0.0549385141419644
t:0.03103943439759569
that:0.004179573800415383
advise:0.07220425061218042
me:0.013055285306078853
need:0.0694410358372495
so:0.012310971052830364
glenn:0.1344679644693908
hi:0.037964056144751866
on:0.012217080126247951
am:0.039381598956659415
card:0.14751365525369842
a:0.003365070182762398
wondering:0.04336064460069033
deliver:0.07246336151845709
rich:0.054696331258577806
advance:0.03811447249008012
video:0.12635100697102492
display:0.04441110140886118
it:0.004130788310120145
application:0.044462261539963
buy:0.03622700150896345
quality:0.09263045398974337
be:0.013938825473192081
if:0.008074101442932642
of:0.002342657657418538
looking:0.03125163066754993
what:0.011089663891525678
well:0.020275516989799337
must:0.055842419939264996
in:0.00214071929993362
vendor:0.06625656603213674
speed:0.04046343574561182
and:0.004599968849286625
for:0.007839731636435518
subject:0.00032165008303636504
i:0.00919993769857325
info:0.07097338456367223
possible:0.03104785087909135
images:0.0512753222183227
the:0.0036325446264532674
can:0.02083291548042683
just:0.014149259800793807
btw:0.04520229542702813
address:0.038467727155826636
company:0.040555759513630725
picture:0.0492834670324747
somebody:0.04573166534306934
too:0.02352431166101803
advertising:0.06492473622009066
high:0.06740539338895232
