know:0.05608523298446826
technology:0.15307580390077014
where:0.04198765450531277
w:0.07032592852339441
really:0.044349903254339226
need:0.04366368162493719
anything:0.05275548068907736
leading:0.4104749303392229
mksol.dseg.ti.com:0.13222156163149734
computers:0.0985856560588334
board:0.08161810271261692
a:0.006347746026574523
question:0.049613320076070555
patrick:0.1042182961475739
model:0.08315798889962614
hey:0.08759406785525385
it:0.007792168857726636
have:0.01161933211699211
made:0.052854080725409126
mother:0.09680918394862123
anybody:0.1381634156778498
get:0.029872135802070963
tech:0.10306437966181428
one:0.022347975176718694
and:0.004338606982849885
for:0.007394292338910773
subject:0.0006067490202731432
i:0.00867721396569977
can:0.019649227100857123
about:0.022386731370951627
is:0.012212392131393813
new:0.03918180829280789
does:0.05538585519716024
by:0.022509897154935593
