thanks:0.18121696771965118
w:0.28130371409357763
comments:0.3349095467299182
mksol.dseg.ti.com:0.5288862465259894
patrick:0.4168731845902956
of:0.017676416869612604
good:0.14727362285086357
cpu:0.40658748858121546
subject:0.0024269960810925726
any:0.0930261151171643
bad:0.24914554970421673
