50:0.05001714911780335
dos:0.051152932699187505
my:0.027542442357400037
to:0.001997390087088161
5.0:0.07351327214572997
dx:0.08685438841755036
kent:0.06668628097770131
make:0.02550841280216962
that:0.005027603267166331
considering:0.058048839932682506
anyone:0.024245141299150598
comments:0.0533913770149145
bus:0.11730558410885975
stealth:0.07696378129518518
hi:0.045666908116150796
on:0.007347953988975216
am:0.023686034155092253
etc:0.03365686938345269
card:0.13308297158757573
m:0.039675788756987594
a:0.006071757068897369
how:0.019063231843900352
running:0.0438762378615464
speedstar:0.08848450411938644
486:0.06910038532300299
video:0.15198744316804447
os/2:0.06856684948064477
have:0.00740942917605294
buy:0.04357740761223139
suit:0.07696378129518518
svga:0.07520492829512332
14:0.05411380898198069
future:0.0507899467292442
monitor:0.05430834550853345
3.1:0.05683365192575677
looking:0.03759254123777745
windows:0.03981459683222466
in:0.0025750681433984127
and:0.00276664793109268
for:0.014145602735307565
subject:0.00038691241872490284
p:0.04878446434248333
i:0.01106659172437072
suggestion:0.06707484992626156
currently:0.05215845654865647
would:0.01351666153774458
can:0.01252994191938715
isa:0.13987885697698865
needs:0.04854125453143981
an:0.026026033001789472
is:0.003893806186821216
although:0.045793325460213884
diamond:0.07256258689231239
