24:0.03213231358656544
pc:0.08770637005257587
there:0.00805069285593989
know:0.010823466014546507
all:0.0083690160583008
saw:0.029801584062591705
graphics:0.03086615298368177
with:0.015390194126040719
reach:0.038230732184477
to:0.0036268398949758705
colors:0.039999093629675825
building:0.03333743481437414
256:0.04287081881508572
amiga:0.17680980202764127
that:0.006086046060253978
like:0.020432264272081984
me:0.01901032772639552
so:0.01792650170850737
this:0.009210218217042439
best:0.021361193683872227
communicate:0.049861555431240004
on:0.008894891670864736
am:0.028672567661427464
market:0.03430574750064055
card:0.026850073215037205
graphic:0.0462139423159443
a:0.0012250036191635044
same:0.01703590658358432
was:0.007767202930713909
owner:0.039314107340452695
resolutions:0.05042768280963975
modes:0.043578097187016496
advance:0.027750010672602188
1280x1024:0.05567186702679432
computer:0.023514937764608026
d:0.015981089669973993
not:0.005288684285754078
assure:0.05135189785926981
have:0.0044846545012952
made:0.02039982063085966
boards:0.04103784586489051
mother:0.03736494819069591
800x600:0.05202699471134111
svga:0.09103754477830717
things:0.019602859018774118
of:0.0017056191716292863
what:0.016148107070116335
using:0.019337022619692286
one:0.00862553427873353
in:0.00467578162880238
or:0.0059150127868691695
use:0.014585785331117087
and:0.0033491001271121917
subject:0.0002341838323861254
i:0.010047300381336574
suggestion:0.040597935481684624
house:0.030156771442896413
any:0.008976204090252696
tired:0.04331425986037371
the:0.005289494806940722
do:0.006301034376372777
thing:0.01985905644846453
can:0.007583912214365906
isa:0.0423317593482992
an:0.007876299461067866
slots:0.04858802902909529
excuse:0.03883333333611064
many:0.016256149364720116
about:0.008640492809840979
interested:0.025237510661534384
general:0.025863424237610098
is:0.0023567774288654727
cards:0.03451769705572019
every:0.021334636201205227
slot:0.08944154866943478
little:0.041146293015762524
included:0.03283141623246464
s:0.010884847032561724
