mb:0.06916645065591691
send:0.044444653346609436
dos:0.10695613200739205
super:0.07622600071437297
c:0.039183298415590304
microsoft:0.19361836789724246
6.0:0.0807915287273361
5.0:0.07685478451599043
mhz:0.07159252409248906
software:0.04266342255274631
52:0.08164777433738675
asking:0.054324739615733246
me:0.016418010309159767
2.0:0.07105770921247355
borland:0.18292236099244588
used:0.02991611376267978
pascal:0.08520594995977161
m:0.020739616850243517
hard:0.0409732333723562
drive:0.04278490528493922
vga:0.06833911529175248
works:0.04507766656895061
it:0.010389558476968848
color:0.05597927434247555
mouse:0.06584745723072472
has:0.016132946574038652
25:0.05572246285287292
if:0.010153794238839534
monitor:0.056776906668012245
3.1:0.0594169997405639
intel:0.07660013120816647
year:0.03749637448802503
windows:0.08324870246737884
good:0.02454560380847726
one:0.014898650117812462
in:0.002692116695371068
floppy:0.06674274384239148
system:0.03386700498852311
for:0.029577169355643092
subject:0.00040449934684876206
i:0.0028924046552332564
386:0.07150206701693598
the:0.0011420500151349288
3.0:0.0700415845067077
mg:0.08735701452447445
disk:0.10609027223636004
turbo:0.15054251755514791
sale:0.09620824709404938
e-mail:0.041662057222004036
very:0.026412765027021928
condition:0.05754689528007608
s:0.009400549709939672
