some:0.00788876266981996
configuration:0.03204887820741104
cable:0.02917329367154898
there:0.006201209362007754
know:0.008336994092285823
help:0.014460085946228359
thanks:0.013468828681865967
switch:0.0574609921893267
c:0.017473633077222703
though:0.016794217578450538
operate:0.03566724466927836
from:0.00572008280020389
both:0.015173676231812419
my:0.019261099891830433
to:0.0037248625948400837
that:0.009375800687418293
problems:0.01853427862089036
think:0.009728027213030779
like:0.00786918286154509
greatly:0.02637114290405812
so:0.006904125658006217
this:0.0070943572752894465
off:0.13277781778112943
hi:0.021290653108205437
on:0.04453455897372141
m:0.009248748054838326
a:0.0047179193440756596
j:0.0206360044562761
as:0.010812353516446195
3.5:0.12972095366491315
drive:0.057239265178499775
advance:0.021375008220788173
are:0.004343995821629903
d:0.012309758259304294
it:0.002316590741486297
not:0.004073716274161925
drives:0.08203464834639854
ve:0.01233198445288807
cmos:0.03943085957627407
settings:0.0339926759942474
b:0.06204543945636977
be:0.007817044015371234
if:0.009056086753559586
5.25:0.15362749511246923
well:0.011370729122657736
must:0.015658516401888496
in:0.00240107705262825
floppy:0.02976365603782323
jumpers:0.03862139200997258
or:0.00455615849799382
and:0.0025797122600729047
few:0.015443429060177613
for:0.002198303127784284
subject:0.0001803848438649885
each:0.017202766198382537
however:0.01619661421754671
i:0.009028992910255166
becomes:0.05818602885814185
appreciated:0.0228700143187584
any:0.006914103150600049
suggestions:0.02673646196669512
the:0.003565048020218494
do:0.004853499452070924
original:0.02085248657617216
prompt:0.03930911291747219
would:0.006301686798002542
correctly:0.058895992824734844
eric:0.053892276761062244
label:0.03724572339347772
come:0.01622428158425276
changed:0.025535913471847468
switched:0.036815211134112125
done:0.01789637534743715
having:0.017681698597434875
type:0.04379070959907698
light:0.047192090348733694
reflect:0.03196697712273304
change:0.02008114262101681
comes:0.020433623900307514
while:0.014664476391071098
