another:0.0178831075031337
there:0.01480288686414754
mb:0.07362880231113735
with:0.01886539925127572
from:0.013654391200486702
wire:0.08222852055093198
my:0.015326036473069375
to:0.0033343528066713648
connector:0.04248701148401331
mail:0.024712221813192384
me:0.008738618390359231
need:0.015493564447558356
this:0.008467458683409984
bus:0.06527488147993002
pins:0.04224137271397533
hi:0.025411424677535523
two:0.030077248913763087
you:0.004482249914586466
more:0.010253379240489724
a:0.009009704037718677
how:0.010607766106686485
same:0.015662043149424293
controller:0.20380106229191935
question:0.01760472647860568
wondered:0.04535155401084618
are:0.005184769206461496
it:0.00276496314306429
not:0.0048621774885158455
ve:0.01471882015344705
whether:0.023044020845821165
second:0.022174965940744085
has:0.008586890918439926
if:0.005404438869059752
of:0.0015680692384333762
but:0.005365187276212986
34:0.11964340167508357
please:0.015446898039558506
toshiba:0.04943168012755424
now:0.013321890305469711
one:0.023789780026829577
in:0.001432900821729762
additional:0.034473837893225286
and:0.004618517110775684
for:0.010495124610066903
subject:0.00021529803945176046
victor:0.0511822003310851
i:0.009237034221551367
info:0.023753189188648365
room:0.0321615200025694
20:0.05072310239363903
any:0.008252316663619414
connect:0.07413026339291205
suggestions:0.0319112610570232
the:0.0024314613225453322
solve:0.040063734510644204
got:0.035679900348880224
can:0.020916919171880162
friend:0.028009672739458112
an:0.007241114020659167
problem:0.017061010419722453
wires:0.09046764351489957
is:0.00433342946597845
connectors:0.04622763337377195
harddisk:0.25022234849978414
9:0.11486560179435569
2:0.015712980258833942
mfm:0.049237345034174713
mine:0.026332572941935372
