another:0.010870124168571464
since:0.009807949134331771
pc:0.032674922176449836
there:0.0044989165959664085
tel:0.039857334110768396
microsoft:0.02088041222421242
from:0.004149863992304782
to:0.00202676347072181
then:0.007822942891057859
ten:0.019735241385087397
been:0.00719235483932078
that:0.005101538609330541
guy:0.04979898157277749
problems:0.013446437430842026
bit:0.013358255872822057
its:0.010136394882520442
re:0.0018330416802851497
dawson:0.05962647340026932
uk:0.02118450727773915
this:0.002573443325350093
mean:0.012957951258969905
ide:0.08882145928390678
unix:0.019424350079021237
you:0.008173514550128262
machine:0.015945094874138956
support:0.013426256419281891
vs:0.016748097769918344
magazine:0.020699507533352365
a:0.0027382433840125392
factor:0.02218127651312165
hard:0.013256046091056418
same:0.009520065443767708
load:0.02203918074413512
controller:0.020646512846566992
want:0.009277441018196969
price:0.015343844126686093
as:0.015688512945431735
austin:0.024543227919458604
part:0.012005990747123907
ram:0.019067926805064944
standard:0.04476536088915054
usa:0.01786579257857218
scsi:0.10367579157188633
acceptance:0.025579056809984124
486:0.023372189153368656
scsi-2:0.030549914166062786
video:0.017135839180710894
are:0.0031515263803981643
27:0.021657599926664852
play:0.047087032835006495
esdi:0.031261590684908365
it:0.0033613277425487446
not:0.005910882437019264
have:0.0025061304566061414
being:0.009538254558456609
drives:0.01983844437135128
plug:0.06975344080436521
only:0.006536942344457287
scsi-1:0.06763393552308423
able:0.012928751108385633
disks:0.02112603389114467
site:0.019144922536463757
channel:0.023754353572337832
has:0.010438965430260305
uses:0.03348034441016114
installation:0.024315188627130693
writes:0.003241482308909619
get:0.012886019365599239
if:0.0032850510772716142
of:0.002859420375966745
what:0.009023942186241482
sense:0.03221884359179403
seems:0.011551407300887637
eh:0.024427882343918437
windows:0.013466701869723046
up:0.013171180101493967
box:0.04659616192215599
one:0.014460454526112094
in:0.0026129367925660364
71:0.02490650229276116
and:0.008422001790238012
for:0.003189694734432098
subject:0.00013086743574518774
twice:0.022109713770861093
austin.ibm.com:0.05115811361996825
i:0.0028073339300793373
tape:0.020340040508423203
faster:0.01911912268330555
group:0.013221156543169828
plain:0.022302919499002653
s3:0.030419187464679646
dma:0.029073908809278855
20:0.015415844845125587
will:0.005555418357369041
program:0.013610948197961152
than:0.007012751383428731
the:0.0014779470784099078
wrong:0.012957951258969905
ibm:0.01931601504470425
devices:0.04161449454433978
would:0.004571811990707725
int:0.026530801978812347
last:0.01068707133362499
7:0.031289495381679466
just:0.011513613367312606
note:0.014518083818031852
makes:0.02738213610050955
long:0.011668192377983258
is:0.009219158765856115
disk:0.017161661685293535
does:0.005972984384007477
512:0.02603186720278322
beleive:0.027495068127077322
run:0.026243474788111714
approx:0.02834635976458144
runs:0.018391130002173208
guyd:0.09864126744988064
loaded:0.02287720916640786
nice:0.015488918905660579
although:0.015488918905660579
article:0.011916660004655896
full:0.015145404332957123
april:0.01667722481317702
going:0.010675567078674914
by:0.009710151713893785
200:0.02037316199108438
