with:0.034401610399385135
problems:0.3227144983402086
re:0.021996500163421796
no:0.06622033742250058
have:0.060147130958547394
toshiba:0.7211209806843206
and:0.01122933572031735
subject:0.0015704092289422528
i:0.01122933572031735
cd-rom:0.30304426589952294
don:0.2622709023371732
any:0.06019336860522396
the:0.004433841235229724
cup.portal.com:0.31698547683926614
