some:0.006080921224652886
since:0.010420945955227506
read:0.03542192284215503
joystick:0.207007018051651
there:0.004780098883214309
uiuc.edu:0.029855346553894383
behind:0.018373658338534885
send:0.015277849587896993
own:0.011804638726812474
your:0.006562146990527409
hell:0.017778025648343205
wrote:0.013414452993191984
reasonably:0.025679403733255106
my:0.014847097833285958
via:0.017803288430289818
to:0.004306872375283846
obviously:0.01917652646263519
then:0.008311876821748974
that:0.0054203847724137
trap:0.03049018935394145
uxa.cso.uiuc.edu:0.023221902811103874
bit:0.014193146864873435
like:0.012131656911548678
through:0.012340954656379306
nt:0.003719159123554367
me:0.00564369104377367
re:0.0019476067853029715
so:0.005321930194713125
this:0.010937134132737895
he:0.00828194378916789
programs:0.018401990230700604
something:0.010368027693560013
certain:0.01716830724875265
set:0.013799034292322505
you:0.014473932015852132
tell:0.012552213820950274
used:0.02056732821184235
m:0.0071292432922712085
a:0.007273458988783308
how:0.013701697887803378
as:0.008334522502260609
old:0.013791213970532937
waste:0.022284270808324683
printf:0.03682558166813152
bios:0.02513448211305265
digital:0.02150712290110241
it:0.010714232179374124
not:0.0031401562946664838
being:0.010134395468360147
routine:0.0272808865444424
left:0.030462553994797515
always:0.013838313010409935
command:0.021438815911113726
be:0.003012819047590996
writes:0.0034440749532164703
get:0.01369139557594919
if:0.00349036676960109
of:0.005063556915774444
safe:0.021628859105192563
interface:0.021993226754186888
but:0.00693003356510844
reading:0.017116260658140574
never:0.011478850160738855
port:0.08687035698644875
women:0.019683933301215754
using:0.011481357180442294
up:0.00699718942891867
in:0.0027762453421014137
cpu:0.023294074866632132
speed:0.017492006077530108
or:0.007024077684407139
world:0.013131514003816024
and:0.00497132050118216
still:0.010633901469945558
for:0.003389050655334104
subject:0.00013904665047926196
values:0.022244512345537856
i:0.001988528200472864
platform:0.02722906190458215
program:0.014461632460333725
the:0.003925796927026318
reads:0.027026771106059944
would:0.009715100480253917
can:0.009005895754559514
specific:0.019089355669116834
instead:0.015977782872836674
rid:0.024048717337540788
problem:0.011018569229404085
long:0.012397454401607211
chase:0.0309962505438042
is:0.012594029385499871
spent:0.022613761416543258
time:0.04935968655949105
90:0.02099978859137673
does:0.006346295908007943
lot:0.01290913223054891
man:0.01509400697289166
slow:0.06416450164127876
nothing:0.0133065416744839
position:0.03586294747096054
takes:0.018624478406144118
before:0.011073928475117938
fashion:0.02857495612412209
john:0.027932066662310892
