seemed:0.024109045121906827
since:0.011433266419449608
at:0.005034085785453892
out:0.0067324405661740565
know:0.007050715003761724
fax:0.034955923884381596
with:0.016709353622558494
way:0.009899273254551677
from:0.004837555739601003
work:0.011571842651373164
post:0.01475758745389246
upgraded:0.03180819590574273
my:0.005429795779030293
to:0.003150169508779042
then:0.009119316284433162
next:0.015305028707138145
that:0.009911560726699338
think:0.008227131585877458
nt:0.004080448866985363
months:0.019404540228456113
australia:0.02650910694539564
so:0.011677835398684801
anyone:0.009559512855093663
phone:0.016784840721197538
had:0.0087680484896122
this:0.01199959859134672
something:0.011375207526648702
two:0.010655939615161779
used:0.011282648619067803
assume:0.019837077458795295
purchased:0.027353454840986998
3:0.02675961079585851
a:0.0031920094305060457
controller:0.02406793497542667
was:0.005059777909150775
as:0.004572080915525819
assistance:0.029762122367379414
said:0.012522884735219612
driver:0.10513673138532548
drive:0.032272042843497016
scsi:0.02417127026361693
fine:0.01850946615954606
learn:0.021771509604127038
works:0.017000719963147087
it:0.0039183477684568225
not:0.006890400098011027
should:0.009387497955619883
have:0.008764296225388334
being:0.011118879599572275
drives:0.02312595801003235
date:0.020444566798761846
be:0.0033054928979284076
certainly:0.017575755870032236
po:0.02981787193849578
if:0.0038294309700766245
of:0.0011110890603756494
seems:0.013465640510749017
find:0.012093981358133658
up:0.007676916402013626
now:0.009439510845018538
called:0.015327168547752765
box:0.018105937204037754
rest:0.018666461905558908
in:0.0010153125822542314
or:0.003853208329731916
use:0.009501597301413417
and:0.002181699511375942
for:0.005577409078492697
subject:0.00015255403938296168
until:0.01634951843065511
i:0.009817647801191738
appreciated:0.019341497823864247
cd-rom:0.08831575749071811
ago:0.01634951843065511
any:0.005847355807364613
caught:0.025801281335608297
will:0.006476030542304482
the:0.004307160057080302
do:0.004104673822322838
thing:0.01293675677214261
upgrade:0.050543604608557106
major:0.018722445558387382
sony:0.11613546211938919
correctly:0.024904591251602163
regards:0.023596386268638078
an:0.010261693012134135
btw:0.021438802973961914
chase:0.03400731488234518
adaptec:0.17444087954964754
about:0.011257327775107103
handled:0.030105082422958
is:0.00460581646098281
number:0.014298656276558618
deal:0.01883608566720291
else:0.01443744128764604
time:0.00902577125659265
does:0.0069627932247858584
their:0.008649620677609795
nigel:0.1384893889966348
61:0.05768354122199191
too:0.011157244959225694
e-mail:0.01571254729515581
going:0.012444661051712472
documentation:0.02558356792856675
by:0.011319262569339041
everything:0.01765521419384716
s:0.003545350176320105
