some:0.01824276367395866
king:0.06558833601371555
thanx:0.07582293462097339
k:0.05919782900393223
know:0.019279298838410966
help:0.03343894875065308
all:0.0149073098538483
with:0.009137927762336677
4:0.03881671100279186
my:0.014847097833285958
to:0.00646030856292577
track:0.07109055590307095
could:0.023579830551969647
me:0.01693107313132101
nope:0.08532927762261173
western:0.06391449630774063
specs:0.15143400402365367
a:0.0043640753932699845
other:0.021551687309873606
running:0.047304068944479714
drive:0.08824386715018714
sig:0.07373650661121522
bios:0.07540344633915795
no:0.017589777127851716
model:0.057171117368492966
digital:0.06452136870330724
it:0.010714232179374124
not:0.009420468883999451
feed:0.07786387497124002
have:0.007988290830432076
kind:0.04305510464004781
per:0.055262892430828395
robert:0.04992831295246412
get:0.020537093363923786
of:0.0030381341494646664
but:0.01039505034766266
up:0.02099156828675601
bob:0.05756257834420469
email:0.042873416546374075
or:0.010536116526610708
and:0.0059655846014185915
for:0.015250727949003468
subject:0.0004171399514377859
i:0.0059655846014185915
any:0.03197772707152523
information:0.038106582570058826
the:0.003533217234323686
do:0.01122371748291401
is:0.0041980097951666235
sole:0.08654742670807598
greetings:0.08552582109459393
