help:0.05284179555658758
thanks:0.02460971166563164
with:0.007220091071475893
someone:0.027203186600778022
turn:0.04224047079894463
my:0.011731040263337052
to:0.0017014804445565812
that:0.004282773153512059
nt:0.017631569178331814
me:0.013377638029685735
off:0.026956264789584572
big:0.1028066871802799
on:0.0062593682128307395
tell:0.029753395723733984
a:0.0034481583354231977
hard:0.03338559756266061
controller:0.05199862494690947
40:0.04721613812376294
removing:0.06283345940018109
cables:0.06504184474095864
drive:0.10458532402985142
no:0.013898095508426047
meg:0.05747795798370713
it:0.00846556616641906
not:0.02233000031762833
have:0.006311735964785838
spin:0.14500761701157802
has:0.013145363875142604
rotate:0.15017037745253012
of:0.002400501056367144
even:0.020730363552666983
what:0.011363482753044829
sticking:0.07273897140666179
please:0.04729420634333962
up:0.033171860996355176
now:0.020394004912077088
in:0.002193576566598648
or:0.0083248328111492
for:0.004016652628544123
subject:0.0003295920603952876
i:0.004713548327046788
power:0.03335623802679681
pretty:0.03553111181382255
research:0.038115203463417
turned:0.048480226418686385
the:0.004652796357957117
do:0.008868122455635761
when:0.016144128923996737
just:0.014498624240319578
here:0.022227171674362913
e:0.03840604563029416
paul:0.04043237643344515
is:0.0033169460109958504
done:0.032699550017539485
field:0.0480550351843618
center:0.04032877572188653
sticker:0.07322317774188748
engineering:0.047737648064482704
side:0.07951516243385662
data:0.0362264891753804
says:0.031617614128735406
