408:0.08274957210498927
at:0.00922476452831865
out:0.006168466487332251
say:0.009934790441191327
behind:0.036939711005221976
know:0.006460079191928282
all:0.014985358596538604
dos:0.05543799512425033
where:0.009672548681852156
fax:0.016013839475829263
hand:0.01653004950498782
with:0.0030619234386887297
ca:0.021534540273218022
times:0.0147145347722148
from:0.004432315468220815
longer:0.01777073826373914
several:0.014756289906112025
reasonably:0.025813850873219798
my:0.009949887553196873
to:0.005050991686196762
5.0:0.026557150670446953
clock:0.022461470249211603
ms-dos:0.027118645593764222
control:0.015966671570371852
like:0.006097586719940698
me:0.0056732391644217
re:0.0019578036794668614
started:0.01716882134025605
so:0.005349793703585969
barry:0.055058983495816345
anyone:0.008758715966708856
voice:0.018986881159351668
this:0.005497198307554126
he:0.008325304751414844
you:0.0029099423529252454
fix:0.02277507308471458
machine:0.017030363111645797
m:0.014333138346765154
why:0.009317919267822024
a:0.0014623079851794714
same:0.010168028013238808
as:0.004189079372863971
running:0.0792528903781859
idea:0.014515059137490871
vital:0.03126648896132535
also:0.015534001378843629
minutes:0.02086474998972552
panel:0.025813850873219798
others:0.014116901691457571
computer:0.014035093744321023
no:0.005893956733939843
kevin:0.11794665766543758
d:0.009538451426057777
it:0.005385163817905318
should:0.017202221384643765
have:0.0053534095617555275
involves:0.027423718411167235
systems:0.015708990158547702
ve:0.009555673816897562
whether:0.014960516151213743
date:0.0936596646540137
cmos:0.030553755064338023
suddenly:0.02551459216201588
left:0.015311021903144302
netcom.com:0.033707174604409834
alive:0.023062937662815905
anybody:0.01591411070634919
be:0.009085778907918398
writes:0.003462106759254253
get:0.013763078275299712
battery:0.02467644862616733
if:0.0035086409411696825
even:0.008791410721288093
menu:0.05394505256850147
3.1:0.02053152870616344
seen:0.013573114610588235
but:0.003483158231677541
san:0.021141180280652063
oh:0.016909508817494628
seems:0.01233762874021507
windows:0.014383283672374354
find:0.011080872972111992
over:0.010502307604813393
email:0.014365961565277178
accurate:0.023416033373787278
5:0.013606664329411954
system:0.03510820412422814
office:0.019113811063068906
or:0.007060852960241732
and:0.0029984090143255746
subject:0.00013977464341370836
i:0.006996287700093007
we:0.007056250815256388
boss:0.030098198116748336
the:0.005919526256458531
thing:0.011853049398559983
jose:0.02387380457478034
can:0.0045265235206163
home:0.015336979329117009
myself:0.01744943487957007
is:0.008439977808083683
stuck:0.049795854107734544
broken:0.0235143574295548
win:0.017745944521614355
morning:0.022461470249211603
hardware:0.018584717924997652
time:0.03307874282520867
notice:0.021141180280652063
every:0.0127337619211382
change:0.015560257109478993
leave:0.018498335729290664
stands:0.025028823924052705
by:0.005185526046163173
clue:0.026557150670446953
everything:0.016176243371325935
