some:0.012554159947670476
pc:0.10751103425799623
there:0.009868591242765026
access:0.0360470630969734
with:0.006288466417091907
way:0.01862766472630692
response:0.037759124221799376
someone:0.023693098007129248
my:0.020434715297425837
to:0.007409672903714144
look:0.025496433594364633
that:0.011190471788208929
memory:0.18180818420254383
nt:0.007678263997015469
me:0.011651491187145643
so:0.010987210724569034
this:0.011289944911213313
bus:0.08703317530657337
map:0.10667308558999274
on:0.01090341559654387
you:0.005976333219448623
card:0.03291299297327142
more:0.013671172320652967
magazine:0.04540537136348261
a:0.006006469358479119
was:0.00952108746345576
also:0.01595158206107061
video:0.0751765847927962
anywhere:0.04544440112746733
bo:0.06792193417102013
it:0.0036866175240857202
have:0.005497318420942504
only:0.01433909933622889
summarize:0.061636844498362604
if:0.01441183698415934
of:0.00418151796915567
explain:0.038656532559275314
reading:0.03533679619745152
email:0.02950428665556926
in:0.005731603286919048
for:0.0034983748700223014
subject:0.0002870640526023473
i:0.0061580228143675786
will:0.012186078977454672
the:0.0016209742150302216
around:0.02545370358229716
would:0.010028490818326624
can:0.018592817041671258
isa:0.15567163115180996
put:0.026746874188675048
an:0.009654818694212223
just:0.012627834015762215
is:0.002888952977318967
cards:0.04231201574572153
limit:0.09549296818599472
detail:0.05174905893686665
their:0.01627616794173886
wanted:0.032743655801570994
s:0.006671357858666864
james:0.07439986597068876
