pc:0.01937698873254583
acting:0.030005634740679146
at:0.005121889607293204
bright:0.030570540254944538
know:0.007173692591036639
help:0.02488479907025345
hours:0.022768455677619894
all:0.0055469059921296
happen:0.01966065247771695
thanks:0.011589457237884668
with:0.003400159167381089
from:0.004921931711803346
work:0.011773677116222696
my:0.01657350455808665
to:0.0024038357443444723
then:0.009278374126603506
been:0.017060934735133013
that:0.004033774714354382
like:0.006771157345980658
really:0.011345324088319337
its:0.012022235790896337
happens:0.02172138089987662
anything:0.013495588083252347
wait:0.021345347704128593
anyone:0.009726248544426693
this:0.009156670436710796
off:0.0253890400925157
hi:0.01831986430240933
recently:0.019240183515044706
on:0.0029477257281354066
you:0.0032313894733065223
used:0.011479439001958521
etc:0.013501883648012997
causing:0.02853852598482757
dying:0.0295901756477597
3:0.027226348193460693
a:0.005683447023793468
test:0.020790115430114366
was:0.00514802984942666
as:0.004651826512889642
old:0.015394843501990255
private:0.02063768095159623
ram:0.022615448071123537
minutes:0.023169577023474264
starts:0.026002688223217267
display:0.042861876941110204
taking:0.019807849035765147
works:0.017297244148550814
d:0.010592117571959509
it:0.007973382086976092
signs:0.029202435098348814
couple:0.01834878950380534
systems:0.017444285583038434
only:0.015506235328712634
ve:0.021222484872412028
bag:0.030812823373552494
cmos:0.03392887917028234
university:0.013664768032550312
messages:0.025436280589452916
has:0.012381098533564547
shows:0.022466364172208785
svga:0.030169418909090168
soon:0.02091275370371785
if:0.0038962233707174956
of:0.003391405562193116
monitor:0.06535946232713037
seen:0.015072470294316005
what:0.005351407575561809
but:0.003867925710758199
years:0.012963810598723218
never:0.01281360017942942
again:0.014196913593651267
up:0.039054080533499555
now:0.009604153476036303
system:0.025990957316773547
fellow:0.027980595820515104
or:0.003920415451762124
and:0.004439504819660347
for:0.007566252625862186
offer:0.020436997783673475
i:0.005549381024575434
appreciated:0.019678849530094435
ng:0.07185510181850449
any:0.005949344571446554
flash:0.03197264523643808
will:0.006588984563391188
yet:0.015291097341198627
turned:0.022830804301823243
normal:0.02193234113092176
warm:0.030751299482095887
the:0.0021911424708984098
see:0.010287126519832419
when:0.015205516777252744
start:0.01638117492954949
got:0.012861359428084732
can:0.010053092935322248
just:0.006827840485266779
long:0.013839018866910377
eg:0.029393073603133646
warning:0.024942679172089626
about:0.017180514773055898
e:0.03617313600062589
previously:0.027648279460980515
is:0.006248200625364277
netters:0.02870828851210816
white:0.019761448522212746
new:0.010023253284206668
time:0.009183197499440195
does:0.00708423729266003
lot:0.01441019411782204
first:0.010916016449947913
engineering:0.02248110170478546
give:0.013739745763697714
before:0.024723189153751678
by:0.005758345783820733
