that:0.010512261376802327
think:0.04362872810692592
cleveland.freenet.edu:0.12977026580319714
nt:0.021638743991589045
need:0.05821824216658292
re:0.011331530387217289
phone:0.08901051897604755
western:0.247910773557297
sam:0.29881487980515037
a:0.004231830684383015
ms:0.12667090673894205
was:0.026832155578829866
dos6:0.18225633351611933
copy:0.10353369530494977
digital:0.2502647028491917
esdi:0.19325346968852444
it:0.010389558476968848
love:0.0991581042479227
windows:0.08324870246737884
called:0.08128043926838588
installed:0.12137484713197251
for:0.00985905645188103
subject:0.0008089986936975241
i:0.011569618620933026
do:0.021767209663833234
problem:0.06410803915289649
just:0.07117506445247794
number:0.07582620752720479
