another:0.02359048223817637
mode:0.04073814091998118
at:0.00937196821760033
viewing:0.058096529445182454
ever:0.028121511242870857
switch:0.04523524917032102
ya:0.0543287441928355
to:0.0014661693192455647
that:0.007380949477329294
think:0.015316468377963353
cleveland.freenet.edu:0.04555764650537772
bit:0.028990257426124464
nt:0.00759658033747275
me:0.011527539153239837
anything:0.024694054790631952
re:0.0039780904550869205
this:0.005584919557142755
am:0.03477311397236948
sam:0.1049030961018081
a:0.004456928061211899
ms:0.04446957364239454
price:0.03329940640259535
was:0.00941979929895091
dos6:0.06398360644714828
copy:0.036346935585780234
modes:0.05285003275872214
across:0.04105493746631747
it:0.0072947963774462115
not:0.006413936261446435
have:0.0054388363100814135
only:0.014186555726269005
area:0.0341326281346739
buy:0.031987671545148574
love:0.03481082383171754
screen:0.03976922521389412
of:0.004137033735441248
monitor:0.03986463659668944
what:0.009791937265921608
but:0.0070774810877703214
lines:0.07517408775094715
oh:0.034358682810015674
using:0.023451282751541708
windows:0.029225608313015974
called:0.02853462229634823
one:0.010460754338038537
installed:0.04261031867399035
and:0.012185023866727335
subject:0.0002840101797023223
i:0.01624669848896978
back:0.02240805021348444
monitors:0.04912078434901948
any:0.010886034747753268
the:0.00240559471273102
do:0.015283359976733971
see:0.037646505561939915
when:0.013911430243018467
less:0.02924325060208806
would:0.009921804745791234
because:0.018773641477601213
sony:0.10810481846219738
just:0.024986990712040125
17:0.08366603741447884
15:0.035551177999794084
is:0.002858219435007063
hear:0.035251931534668164
guess:0.031874013435485675
non:0.05276913276526236
