some:0.0061449309217544955
go:0.010239117114705933
choice:0.019854540392202857
large:0.015758074315197764
out:0.006200932100423473
there:0.009660831427127868
andrew:0.01981820083774736
all:0.00502140963498048
50:0.01816412257436016
small:0.01573024158034743
dos:0.018576591348652305
take:0.011188153317556333
where:0.009723456832809271
consideration:0.026393614027467007
your:0.006631222222006645
much:0.018391545995367697
4:0.013075102653571995
into:0.009425283699907297
work:0.010658276126264757
single:0.01711277195006513
to:0.0029014719159806963
remember:0.014645389665901221
cylinder:0.029835332276975764
calculate:0.031322526865317925
make:0.01852716298262846
that:0.0018258138180761937
guy:0.0356455868099881
think:0.007577621197518712
its:0.010883287137021948
need:0.010111589428932822
re:0.0019681079093587924
dawson:0.06402000301923653
lost:0.018444770127988685
fixed:0.02386754055326225
this:0.008289196395338195
carries:0.028423416558056403
something:0.010477164827176436
two:0.019629362448982224
directory:0.022186733099107347
you:0.02047680487295291
them:0.00771504827122232
3:0.012323504971776944
more:0.013383358166533956
a:0.0029400086859924105
how:0.0069229631433111805
hard:0.028465614763952728
other:0.0072595157254311095
was:0.0046603217584283456
also:0.00780787964041877
electronic:0.022703533236892684
meg:0.07351128310547808
it:0.007218009047157304
not:0.0031732105714524467
mitsubishi:0.03390475274136251
have:0.008072378102331362
drives:0.042600448965849066
whether:0.01503925570990434
between:0.012225609716033713
second:0.01447208303501193
extended:0.02516055457628456
has:0.005604076178350268
writes:0.0069606567475532875
if:0.01763553736219498
of:0.0010233715029775718
what:0.004844432121034901
sense:0.01729643182296311
heads:0.025540356924959456
find:0.011139193356175737
up:0.01414168810897247
one:0.005175320567240118
in:0.0018703126515209523
or:0.010647023016364505
recommend:0.02309357519559648
and:0.002009460076267315
for:0.0017123624363793368
subject:0.00014051029943167525
table:0.04768309919451838
space:0.048276517223891105
create:0.020014977322334836
austin.ibm.com:0.027463829417035585
i:0.0030141901144009726
faster:0.020527900144180693
power:0.01422029094826601
research:0.01624911305545672
will:0.005964764973175181
than:0.007529480432734006
cost:0.017478987391320425
the:0.0023802726631233255
original:0.01624298954354463
less:0.01446771345576988
greater:0.022205699454387866
would:0.0049086823479177685
can:0.009100694657239087
home:0.015417700272954466
an:0.014177339029922159
laboratory:0.02519397156406697
entire:0.039257033923040016
is:0.007070332286596418
logical:0.02477527350247774
length:0.024330234618119513
having:0.013773112591686112
right:0.010209861019948944
multiple:0.022600127987504277
disk:0.1289834362452588
partition:0.22407001056732784
does:0.01282619804565816
512:0.027950004786146194
unless:0.016200323293371007
guyd:0.03530319045574675
every:0.025601563441446276
article:0.004264909896403163
initial:0.02424557073521623
takes:0.018820525547261425
somewhere:0.02041853188896098
mike:0.03363591609429162
200:0.02187434234832217
remain:0.023638117205499822
