out:0.031004660502117365
help:0.056318229474784126
with:0.015390194126040719
way:0.04558875840911956
my:0.025005638456060558
that:0.009129069090380968
think:0.037888105987593554
cleveland.freenet.edu:0.11269523082909225
like:0.030648396408122978
nt:0.018791540834801012
its:0.05441643568510974
re:0.009840539546793961
on:0.013342337506297102
sam:0.1297485662311837
dying:0.13393447924775442
a:0.01102503257247154
ms:0.1100036821680286
was:0.023301608792141725
dos6:0.15827523700084048
copy:0.08991084065956163
it:0.01804502261789326
love:0.08611098526793286
monitor:0.0986125221076002
windows:0.07229492582693425
called:0.07058564462780878
sounds:0.093755383251601
installed:0.10540447250934454
subject:0.0007025514971583761
i:0.010047300381336574
sick:0.11819058602749911
do:0.01890310312911833
just:0.06180992439294136
is:0.007070332286596418
