simply:0.03324612325960206
correct:0.03556758087153748
dos:0.07672939904878125
your:0.013694915458491984
with:0.006356819312929862
ca:0.04470757817592002
that:0.011312107351124244
think:0.01564943508183212
like:0.012659120255529056
nt:0.023285170164862125
anything:0.02523088206868917
re:0.004064570682371419
so:0.022213273856193913
anyone:0.018183855974362947
this:0.00570633085186325
you:0.012082586726276563
why:0.019344810653847896
sb:0.0632363990411509
also:0.01612496882260398
explanation:0.050130345496374414
os/2:0.10285027422096715
it:0.007453378907390695
tom:0.041257915472551684
settings:0.05468387007770234
greg:0.047600745624950244
uses:0.03711951228083084
writes:0.007187634684973503
if:0.007284243693080536
of:0.0021134846257145506
explain:0.03907671226100656
port:0.04532366451466892
please:0.020819732140274508
pro:0.048921371201698066
in:0.005793903322646428
use:0.03614738103798583
and:0.00414997189663902
for:0.010609202051480674
subject:0.00029018431404367716
i:0.00414997189663902
the:0.0032771869999524044
do:0.015615606932749927
would:0.010137496153308435
can:0.028192369318621086
huot:0.15238884909706124
because:0.03836352823683726
7:0.06938105497676751
an:0.019519524751342103
is:0.002920354640115912
does:0.02648888726820707
irq:0.37384086119659055
soundblaster:0.06745124176950704
1:0.021288303173094658
under:0.026383950294626514
psuvm.psu.edu:0.05433601430502654
article:0.008807966090397837
says:0.027837247222038782
s:0.006743872618000199
share:0.08871845695088817
