since:0.01786447878039001
apologize:0.04790860346466809
there:0.008194455228367387
with:0.00522167300704953
much:0.015599972049642244
someone:0.019673733166634105
reach:0.038913423830628374
post:0.023058730396706965
to:0.0024610699287336262
mail:0.027359959864605855
that:0.0030973627270935427
think:0.025709786205867058
nt:0.01912710406399389
and/or:0.0360801966709283
consider:0.02875325070152851
me:0.009674898932183434
re:0.003338754489090808
this:0.004687343199744812
student:0.03591979885864885
certain:0.029431383855004545
you:0.009924981953727175
incorrect:0.045365414890386396
more:0.022703911175370104
a:0.0037406360513742723
controller:0.037606148399104165
are:0.017220840578604252
os/2:0.04224207691218294
phrase:0.04369946885841843
not:0.005383125076571115
ken:0.11051980449414672
have:0.0045647376173897575
between:0.020739873625414334
able:0.0235487966617024
second:0.02455085514868095
has:0.009506914945415633
which:0.011534752968906409
writes:0.005904128491228235
if:0.011966971781489451
of:0.00868038328418476
hd:0.039808976247606646
dram:0.05517445318206595
english:0.03944777129499669
understanding:0.03584066772241808
double:0.03944777129499669
please:0.0171019228295112
they:0.008329639504533425
in:0.0031728518195444726
floppy:0.039330545478552116
or:0.012041276030412237
use:0.014846245783458464
better:0.01996621313661967
unable:0.0408503771737295
and:0.003408905486524909
for:0.002904900561714946
subject:0.00023836568653587764
each:0.02273222676214835
i:0.006817810973049818
dma:0.052956048188329344
overhead:0.05243579008007956
than:0.038319677202306994
the:0.0020189812767563917
do:0.012827105694758869
vlb:0.09820169608334552
thank:0.03241512773901352
intended:0.036326329080148434
problem:0.03777795164367115
language:0.03640990446193026
is:0.011994313700476067
cis:0.10860536226477625
does:0.010879364413727903
matter:0.026972348320540556
experience:0.029573417632099534
handle:0.036271043631506274
words:0.029534456531315843
article:0.007235115002826795
difference:0.02863530220387845
full:0.027586272177886187
