there:0.013301144718509383
help:0.031015836522344884
your:0.01825988727798931
missing:0.06257460091868476
to:0.003994780174176322
hole:0.0676369662311189
basic:0.05535728709507246
that:0.010055206534332662
so:0.02961769847492522
tell:0.03492789932786163
am:0.047372068310184506
a:0.006071757068897369
how:0.05718969553170106
as:0.011595857394449542
ccwf.cc.utexas.edu:0.16521639640955074
chip:0.18738575987265357
internet:0.04139904265383487
it:0.01490675781478139
not:0.008737826211245869
which:0.01872307728286258
of:0.011271918003810937
using:0.031948124328187257
please:0.027759642853699345
find:0.030673141125701308
who:0.037479793456053574
one:0.028501765442771665
subject:0.00038691241872490284
guide:0.06813676588432424
i:0.01106659172437072
20:0.0911545608233513
the:0.0032771869999524044
can:0.03758982575816145
correctly:0.06316381839174462
crazy:0.0709324711904763
is:0.015575224747284865
number:0.07252941589558719
count:0.06178797937006971
realize:0.05671755448016143
