pc:0.03744766361795374
know:0.006931882728417426
your:0.0070782709111306885
with:0.016427735303077173
way:0.009732431570486198
user:0.021245188110073122
height:0.06028947851733513
into:0.01006069608417071
from:0.004756023901293121
work:0.011376811595451144
turn:0.01922178727367705
added:0.023503472959333773
to:0.003097076764249058
ten:0.022617917093021512
that:0.0038978047801626605
r:0.017416964981624327
like:0.0065429160871273775
and/or:0.022702146219909944
re:0.002100789341450396
this:0.002949339541412466
off:0.012266614876159272
getting:0.015237087484408348
something:0.011183490545862488
big:0.015594272774536838
on:0.005696728373475167
set:0.01488435159621304
you:0.009367398697899806
specs:0.027224090610993918
friendly:0.029099220833758235
a:0.004707317278133916
hard:0.07596161243189632
controller:0.02366229562190824
as:0.004495023372005721
old:0.014875916192934404
running:0.01700820456430731
finished:0.027782362935787196
drive:0.11104846203169617
ns1.cc.lehigh.edu:0.06054778771087106
are:0.003611861694388907
those:0.010426492439817752
meg:0.026155699981349877
it:0.0038523081993255275
not:0.010161404638920755
have:0.00861658336765707
drives:0.022736194672784614
plug:0.026647381880319294
real:0.014368504797742963
be:0.00324978234346894
1/4:0.03135067710943661
writes:0.0037149572529076537
get:0.007384123456691699
were:0.008715187064451119
63:0.03299330611780287
trying:0.015147911365552786
but:0.011212638577254104
ok:0.018336231407364786
supply:0.0680555971955822
up:0.022642590511557044
now:0.009280417965608113
over:0.011269330070333471
newer:0.027617116389684428
one:0.016572655749027346
difficult:0.020939372342910104
in:0.002994601717322873
floppy:0.07424192854378378
5:0.014600409477065633
system:0.01255742881596924
speed:0.018867781836436972
or:0.003788266616309468
recommend:0.024650445433501863
better:0.01256301051292923
and:0.0021449292948920776
subject:0.00014998290388774325
half:0.021245188110073122
300:0.023368093456080628
i:0.005362323237230194
power:0.060715848992596445
will:0.019100651880392432
than:0.008037085855165512
the:0.004658024219033473
when:0.007346485633953573
original:0.01733802254648022
watt:0.06782514508708666
less:0.015443064924698187
units:0.027300526858498295
ibm:0.02213745544449251
can:0.004857112317065805
maybe:0.014875916192934404
problem:0.011885198269919012
is:0.0045281903408538856
cards:0.022106839687371357
having:0.029403274072138892
disk:0.019668421257302705
heavy:0.025178697959615772
time:0.008873651516312997
run:0.015038395665097723
trouble:0.021431583608372665
notice:0.02268519906519407
first:0.010548060839275512
donald:0.031042765668453494
article:0.009104863823782033
very:0.009793497144850827
full:0.03471530880812644
going:0.012234919573312823
twenty:0.032683981526886986
buying:0.022534932164255707
