mode:0.014182908320289745
go:0.007205304636274545
at:0.009788500138382568
out:0.00872723777096637
dan:0.01471779070143429
proven:0.017567533239617905
all:0.003533584557949227
send:0.010864248595837862
case:0.009154115212247243
take:0.007873144927169272
valuable:0.019254479642146893
where:0.00684243258605097
4:0.009200998163624737
into:0.006632607048082912
someone:0.008160955980233408
considerations:0.021613952656624306
reach:0.016141864700112512
post:0.009565102979374743
longer:0.012571151882867317
themselves:0.023973705306094946
both:0.008317422527067549
my:0.003519312079001116
to:0.0025522206668348716
design:0.013937656323797936
beach:0.019668521886547323
direct:0.014791761565089533
that:0.0025696638921072355
technical:0.028420349947550372
like:0.004313478012995086
nt:0.0026447353767497725
could:0.005589293167874287
me:0.008026582817811443
re:0.0013849648251043354
package:0.014397270492800748
anyone:0.006195980554227375
national:0.012052496018472272
this:0.0058331382041268785
best:0.018038341333047662
these:0.024542755157021375
you:0.012351088653527152
specs:0.017947733810210805
suggest:0.013597777055963399
them:0.01628732412813601
names:0.015173693377706961
73:0.020226199140174633
why:0.006591565111681506
more:0.0047089593548915775
amateur:0.017590185932275078
a:0.0025861187515673983
how:0.009743429609104626
series:0.013286482817658023
want:0.00700962210263771
fl:0.022118145894863488
as:0.0355606293429786
following:0.010138201011258376
question:0.016170267284052627
no:0.004169428652527814
internet:0.010579755344868913
manual:0.014554064432899123
book:0.011517401891421013
ft:0.02093868763146151
d:0.00674757119398902
it:0.005079339699851437
should:0.006084489415679554
application:0.05467211418988043
have:0.003787041578871503
only:0.004939023104701062
quality:0.014237643853979073
sets:0.03522595605398999
free:0.010694473311573095
be:0.004284898201018306
comparison:0.01728500248128594
minimum:0.018153548073747142
notes:0.034654180952574214
writes:0.0024491199667317125
get:0.00973610352067498
listed:0.01681405738689614
of:0.006481352852191288
host:0.01772909110063972
seen:0.009601721817119825
what:0.003409044825913449
but:0.002464011934260779
advantage:0.01579026139457337
particular:0.012559449807717804
least:0.017834536168196167
well:0.01246568822335811
they:0.010365773605641598
find:0.015677383242025115
one:0.0036418922510208242
in:0.0032903648498979715
yes:0.009877206927792181
and:0.00424219349434211
for:0.007229974731379422
subject:9.887761811858629e-05
however:0.017756288179236395
i:0.004949225743399128
appreciated:0.012536155996949048
info:0.010908872071823695
possible:0.009544339344313268
preferred:0.01891445168195014
any:0.003789952838106694
graham:0.01804921149238901
information:0.009032671424013945
actually:0.009053015285559574
will:0.004197427203345498
source:0.011552844302591942
later:0.011834859366510013
the:0.0039083489406839785
do:0.005320873473381457
when:0.004843238677199022
original:0.011430251901012886
hello:0.014330706632043598
got:0.008193162302335459
would:0.01036277384560418
can:0.009606288804863482
radio:0.013286482817658023
did:0.006088559420159131
individual:0.01430254144913538
an:0.0033255486613397657
jim:0.050167862917761034
thought:0.009942912611821158
just:0.008699174544191748
note:0.010969218884735177
jordan:0.020367759187656848
long:0.00881596757447624
btw:0.013895520446086426
about:0.010944624225798573
interested:0.010655837834870074
is:0.0029852514098962658
number:0.009267647586658363
chips:0.015380522030359157
sheets:0.09010222647151808
detail:0.017824675856031844
else:0.009357600834585396
uart:0.04747491257804361
does:0.009025843069166853
2:0.01443266334885488
goes:0.011937137762928433
abuse:0.017972843762008507
faq:0.014378129862584296
e-mail:0.030552175296136297
article:0.0030012328900614854
de:0.014966600100533224
by:0.0036682795363598745
data:0.04347178701045648
mine:0.012093477943703653
include:0.01245008619720223
