drive:0.7059509372014972
maxtor:1.4589418043221405
thor:1.5719380852579048
subject:0.006674239223004574
