since:0.014090293122561137
marc:0.033755242220221804
know:0.0086892614482979
mb:0.0321477869245811
storm:0.03949995702763221
with:0.012355507960342548
way:0.01219980858835594
85:0.03493167943615959
operate:0.03717431134544505
from:0.005961776439649124
ship:0.03608874317764745
throw:0.030023736454470495
my:0.006691649727678178
single:0.022897370919101233
to:0.002911688366389079
mhz:0.033275398521861115
amiga:0.07097294870123629
ii:0.02585492820500083
been:0.010332678783249572
that:0.007328970959883312
schwartz:0.046649468856710084
nt:0.00502872219522844
re:0.0026333838223814828
michael:0.02115982536389922
had:0.010805693561141798
this:0.003697059425150838
bus:0.11400120145790596
ide:0.09570199486223759
two:0.013132319948262756
these:0.011666450514781287
on:0.007140969369567464
used:0.013904672593921589
os:0.06689225636217283
vs:0.04812129500089215
why:0.012533257606718355
a:0.002950360829252947
hard:0.01904389720123598
want:0.013328154702198463
following:0.0192768610777448
ram:0.027393359635445414
standard:0.021436933383536878
drive:0.01988594189299992
scsi:0.11915414918684403
exclusively:0.03949995702763221
d:0.012829888889979123
thread:0.029316392911999757
it:0.007243424571971239
comparable:0.035661809221193684
have:0.003600356430617274
systems:0.04225939606031846
only:0.009391100269502019
argue:0.02999721192774179
b:0.021555692581086208
has:0.007498411787933458
writes:0.009313554803064259
wayne:0.06581149869694199
highway:0.03717431134544505
but:0.004685093114439509
fact:0.01688920513118901
well:0.011851182465868625
now:0.011633199985058058
good:0.011408520079996473
in:0.005005062025196915
figured:0.03627994732599922
better:0.015747999093671854
and:0.0026887141865548584
still:0.014378232973447515
for:0.006873567526311422
subject:0.0001880067386761852
i:0.005377428373109717
than:0.010074656917038459
the:0.003715683852058712
when:0.018417949899207548
controllers:0.04149194847844793
can:0.00608849290449094
isa:0.10195395561350934
an:0.006323226327899554
just:0.008270341996238634
makes:0.019668858325718127
about:0.006936733664238532
is:0.0037841215055023085
managing:0.041768150683752725
new:0.01214084200622216
1:0.013792421774117667
superior:0.03548647435061814
smith:0.05546110640093609
every:0.01712780652772814
almost:0.021281640353975832
article:0.011413139159388746
comes:0.021297016459475435
by:0.006974897709980043
data:0.04132881159444806
mike:0.022502901612378196
s:0.008738539166986173
