some:0.01588485544399121
at:0.02397183707358996
true:0.017573338722162223
with:0.003978417529180594
much:0.011885692990203615
such:0.013081749683454411
from:0.011517989856192864
dealer:0.030085478933664943
to:0.0028126513471241443
line:0.019209549311605362
ii:0.07492652663490036
that:0.0023598954111188897
really:0.013274800974087932
me:0.02948540626951142
anyone:0.02276074489308015
this:0.017856545522837382
contact:0.02367396121755488
hi:0.021435487483091188
you:0.0037809455061817814
tell:0.01639472825593505
performance:0.0257891920652831
spirit:0.09358377613251533
am:0.011117934399329017
inc:0.02490486731839729
modem:0.08700756278642469
sure:0.014843836871831316
stable:0.034168835625278886
a:0.0038000112267929115
how:0.008948047600198124
want:0.012874816106885588
old:0.01801301416559404
said:0.014908196113356682
standard:0.020707785989539023
local:0.02079172416269355
telephone:0.030456628486388984
it:0.01399409917306008
not:0.012304285889305405
have:0.0034778953275350533
made:0.015820269060666674
whether:0.01943849377470629
buy:0.020454701532271878
able:0.01794194031367802
after:0.013123902637176539
u.s.a:0.06984449253345168
heard:0.03677071237305952
without:0.015287146155119013
be:0.007870221185543827
end:0.018396145595751763
of:0.001322725071875773
produced:0.031230115472614988
what:0.006261510904738987
year:0.016835106912990828
central:0.031159253153851343
using:0.014996058358128712
please:0.039090109324597035
in:0.003626116365193683
speed:0.02284670181554953
or:0.013761458320471128
world:0.01715136522947399
and:0.0012986306615332987
for:0.002213257570830435
subject:0.00018161195164638296
i:0.0038958919845998963
possible:0.017530419203840693
any:0.006961137865910253
addition:0.02697526952885302
will:0.015419120338820196
the:0.0030765428979145017
thank:0.024697240182105538
would:0.0063445554156760274
can:0.011762802618200181
last:0.014831037769112229
about:0.006700790342325656
is:0.005483114834503345
new:0.03518366458946014
hardware:0.024147490637241847
advice:0.05292322541813943
transfer:0.06183378280235369
rom:0.10283835424056685
e-mail:0.01870541344661406
leave:0.0240352525462212
very:0.011858792461111886
replaced:0.029426173510587243
give:0.03215287444021778
by:0.006737656291273239
data:0.01996153485174022
high:0.019029413779874296
s:0.004220654971809648
news:0.020876710994308968
