music:0.05982673298300109
know:0.016024352281276646
help:0.02779341194859477
all:0.012390491307094692
thanks:0.025888138245664456
with:0.007595160737526589
my:0.012340444952341576
to:0.0035797380781580025
ega:0.08165912131209896
usable:0.0753253134374868
could:0.019598820199039708
so:0.026540534997010912
anyone:0.02172616557975833
best:0.03162566337612252
on:0.006584530197912856
machine:0.04224414745875775
disclaimer:0.04875396788408035
etc:0.030160051785171893
came:0.039204243278934375
sure:0.028338234028041608
amateur:0.061679872749535986
bryan:0.13765728883768907
a:0.005440925165635305
controller:0.05469985221687879
drive:0.03667277595851934
also:0.019266196515319047
internet:0.03709784341707281
it:0.01781067167480374
not:0.007830000111376167
has:0.013828239920604559
love:0.04249633039196687
heard:0.03509931635610227
which:0.016777822500227507
if:0.008703252204719602
monitor:0.04866592000115336
opinion:0.04297807226737259
but:0.008640041847407926
floppy:0.05720806615062127
or:0.008757291658481627
use:0.06478361796418239
and:0.004958407980399869
for:0.004225309907949013
subject:0.0003467137258703675
i:0.0024792039901999343
vnet.ibm.com:0.0710863967539482
we:0.03500633521334987
386:0.06128748601451656
will:0.014718251232510188
the:0.002936700038918388
upgrade:0.05743591432790581
can:0.011228129771918356
radio:0.04658896572425541
wants:0.045721235877840896
cards:0.05110412291366367
save:0.04704558743404278
new:0.022389604738747362
does:0.031649060112663
full:0.0401254868041981
everything:0.0802509736083962
s:0.016115228074182295
