believe:0.007440657124418973
ask:0.009981378713549203
at:0.00603400693461939
know:0.004225599745405143
all:0.0032673555844051068
story:0.012311840849358232
dos:0.03626252420798566
thanks:0.00682666659217864
allows:0.014152991045021107
access:0.011480742698693579
increases:0.018007304533734454
your:0.008629672754666182
continue:0.013384267831854264
wonder:0.012638245574715509
with:0.01001416741077992
ca:0.014085949288303569
from:0.005798440098836819
both:0.007690767405165198
except:0.011042333626725388
my:0.00325415842921336
single:0.02227004568844092
to:0.005663832164756839
brains:0.019258879100496323
most:0.006358203643722732
software:0.009643102357812522
format:0.013767309955609637
that:0.0035640886174775014
memory:0.011580932281394915
schwartz:0.022685700608400108
nt:0.007336423476600395
could:0.005168182038787867
its:0.0070815909453225
happens:0.012794786009516364
re:0.001280618160199214
michael:0.010290052060526333
greatly:0.01336619571849521
had:0.0052548235811032025
this:0.005393655188747455
bus:0.04157920532625679
ide:0.09308002240025848
something:0.013634666555914539
big:0.00950609778721766
unix:0.013570436356576482
on:0.006945326373140957
you:0.009517105983026058
am:0.00559704231747043
etc:0.007953164340610394
working:0.010851160995570572
support:0.009379987361416115
os:0.03252979590215254
vs:0.011700725839258021
why:0.018284821028979516
more:0.00435417474596139
a:0.003347783863330399
hard:0.03704429318596588
other:0.004723657492575036
controller:0.05769710439314612
want:0.006481499889425279
drive:0.029011682350746457
scsi:0.11588965194884829
also:0.015241408887118833
486:0.01632851570988769
moves:0.01767455197053703
os/2:0.016202440459467428
no:0.0038552936170633896
plan:0.013375219854241801
it:0.007044974583698053
cdrom:0.021533398428190475
boards:0.016021624755470955
machines:0.027027031060851314
completely:0.012318471359724213
between:0.007955020020706869
doing:0.01836097880250216
b:0.010482562830528225
command:0.014096755667581628
has:0.00729297584853802
uses:0.02339037760161943
floppies:0.019258879100496323
be:0.0019810317025255866
which:0.008848577619982999
stick:0.014473730496076921
writes:0.0022645972295121997
get:0.004501280737298364
were:0.005312682525590065
things:0.007653170986781676
if:0.0068851070523637935
of:0.0006658924163210228
backing:0.019258879100496323
wayne:0.032004221969060824
what:0.0031521989828651753
but:0.006835101598463119
reading:0.011254527556037638
released:0.0148138613221107
least:0.016490838237715633
again:0.016725131082931628
up:0.004600891679288988
transfers:0.02052381096168142
in:0.0006084921297756523
cpu:0.01531665196710058
floppy:0.015085688676704923
or:0.006927857442154985
use:0.011388900874981836
better:0.01531654706370824
and:0.005230101568366984
gets:0.01142916555613974
few:0.007827491441459885
still:0.013984308782394157
for:0.003342625303891171
subject:9.14279345617065e-05
i:0.004576338872321111
example:0.009627942273143508
tape:0.01421016528670662
group:0.009236698406872072
dma:0.1015595444707686
directly:0.012440069607864314
allow:0.012007789970460932
will:0.0038811826880249464
than:0.004899319459655689
the:0.0030976151095440533
do:0.009839971491869817
when:0.01791334853210597
thank:0.012433199680717514
devices:0.014536570012063897
can:0.008882527319565547
isa:0.016526782759267496
rid:0.01581285523564326
an:0.006149987250422854
long:0.008151750839412962
techniques:0.016285972833180302
is:0.0036804469437077244
deal:0.011288749971782565
move:0.012112414779359648
managing:0.02031190889415372
formatting:0.021162803960244475
else:0.017305152228342852
hardware:0.012156442204364902
type:0.011097645583327726
issued:0.018077918531004097
request:0.013357195299295656
smith:0.026970812016893577
nothing:0.017499013708910334
article:0.0027751126038239758
comes:0.010356768278238053
supported:0.014968594961813554
by:0.006783804622035384
data:0.040196515386380985
mike:0.010943191879992134
while:0.029730719258609893
s:0.002124781783753487
