some:0.005507249411006387
pc:0.031441906245263045
at:0.004155495341766184
out:0.011114878293211885
there:0.008658292316765542
know:0.011640331374134923
help:0.010094776981329231
all:0.004500319955878732
sounding:0.028370089651094048
souls:0.026812345845100758
your:0.005943076519722936
with:0.0027586197018374873
my:0.0044821427421240624
via:0.016123732917998325
io:0.029148767718827295
to:0.003250469717195356
otherwise:0.01676124920571715
aka:0.04886472932461289
pin:0.045974406631556906
trust:0.019572491809992137
that:0.0032726851456082715
ran:0.021414129690858288
equivalent:0.022260077467536672
bit:0.012854170745545753
appears:0.03679529271126728
me:0.005111267360398796
re:0.001763870296123446
package:0.018336146382340577
lost:0.01653069020904646
description:0.020636982365027836
this:0.004952664512937915
bus:0.019089823829036137
programs:0.016665953416483567
two:0.008796176569119393
these:0.007814320627825201
on:0.004783102124898961
numbers:0.016640294344333482
rev:0.024999083114391647
used:0.009313507114796536
link:0.022857962871494893
card:0.05775298767008003
came:0.014239277039990315
m:0.01291334634071766
board:0.016939606223373323
a:0.005269826889986396
was:0.004176703462742385
as:0.007548246794500174
old:0.024980312097569093
also:0.013995255959241192
plus:0.01686745214141354
chip:0.045741571100989725
cheap:0.01752939253965494
bios:0.022763304555217495
are:0.006065201713219108
os/2:0.022316568934738157
it:0.009703455558678452
not:0.002843915134792287
dip:0.02826864528684422
have:0.004823118991958989
boards:0.022067520889610937
university:0.011086509913201197
assembly:0.0243007194353391
passes:0.0218309653061889
after:0.009100064564457317
connection:0.020310217620294793
doing:0.012644825024364694
has:0.010045042206476895
anybody:0.01433771294770139
be:0.0027285908355541098
writes:0.0062383244435619085
were:0.007317468384303297
dept:0.01935522401104622
of:0.003668690293693182
trying:0.012718529354096206
concluded:0.025879205546374722
what:0.004341708033002978
intel:0.04769442131829233
but:0.003138128406841558
1985:0.025100527478641475
port:0.01966876007240349
order:0.013227909722323076
well:0.007938056179968607
please:0.009034978098609692
they:0.004400564266545961
called:0.01265214384838082
in:0.002514335404167318
jumpers:0.02696210385601859
apollo:0.02673921288974243
use:0.007843299659185603
speedy:0.027883371555644843
and:0.003601862400856508
for:0.009207986686190774
subject:0.00012592904194348253
fits:0.02413071973494666
locations:0.027196051691581666
i:0.006303259201498889
dma:0.027976780174966447
similar:0.014928105131446703
any:0.004826826727777392
48:0.024214953779286313
program:0.013097327511245637
the:0.001777719363181729
flying:0.023433505091131512
got:0.010434687837880065
drivers:0.037097205268684014
colours:0.029029344096259888
an:0.016941474312485598
68:0.025643307336116885
just:0.005539568695593801
dirt:0.026256765488231026
address:0.015060478084592504
about:0.004646302737367319
is:0.005069294846993659
number:0.011803136077347915
ethernet:0.07384142814957681
cards:0.07424561253494531
lee:0.02012807216686187
presumably:0.023256818475400853
2:0.009190611094789664
irq:0.0270388044261685
their:0.014280034137563338
16:0.01644807897087331
too:0.009209989942757058
under:0.01144963880710207
simon:0.05105927927997848
article:0.003822324907153778
very:0.008222841942374751
workstation:0.025100527478641475
packet:0.02638964698335695
mike:0.015072698249800488
processor:0.023053176155281945
check:0.015609960210319287
identify:0.047012150926031705
s:0.0029265862304529164
