send:0.04190495886966032
where:0.05278447994953605
such:0.027471674335254263
companies:0.05680903350839623
to:0.007875423771947604
me:0.015479838291493495
re:0.005342007182545293
michael:0.04292421716676699
so:0.014597294248356001
bitnet:0.06971793960373036
you:0.015879971125963482
etc:0.033176056963689075
them:0.02094084530760344
state:0.03796733409915166
a:0.005985017682198836
as:0.022860404577629098
advance:0.04519287452395214
are:0.009184448308588935
internet:0.040807627758780086
it:0.009795869421142056
not:0.008613000122513783
buy:0.08590974643554188
university:0.03357628716569505
has:0.030422127825330027
public:0.042339208543722764
anybody:0.04342278778446707
be:0.008263732244821019
pentium:0.2746762799158237
if:0.00957357742519156
of:0.0027777226509391236
available:0.038586626111631855
intel:0.0722229808534141
released:0.06179496437223321
please:0.027363076527217926
in:0.002538281455635578
processors:0.08212508343284187
or:0.00963302082432979
and:0.005454248778439855
subject:0.0003813850984574042
i:0.0027271243892199276
research:0.044104735436239675
yet:0.03757241060980234
the:0.0010767900142700756
do:0.010261684555807095
thank:0.05186420438242163
can:0.01235094274911019
gateway:0.06894029379580155
bought:0.052329767840978
development:0.055532329043660025
general:0.04212043375839359
motherboard:0.12900640667804147
e-mail:0.03928136823788952
testing:0.07033027823847011
mike:0.045648743270824334
while:0.03100489294112175
