pc:0.02251920312160732
go:0.013144812512122482
large:0.020229960269510648
at:0.0059524663003677775
there:0.012402418724015507
emm386:0.04423826713862638
search:0.02883210337415349
media:0.026699028315508525
nichols:0.03665040401840835
your:0.0170261111105576
with:0.01185460898897731
4:0.01678560475796405
to:0.005587293892260125
everyone:0.020658869983196645
fails:0.032343612143058954
boot:0.06633279012689651
t:0.01740725037162461
memory:0.11424433196511201
like:0.00786918286154509
its:0.01397178754077142
re:0.0025266250187714226
so:0.006904125658006217
this:0.0035471786376447233
patterns:0.07886171915254814
programs:0.023872852191179166
bell:0.03015677735797685
on:0.003425735305670878
detect:0.03462568602179688
you:0.0037553985770859585
used:0.013340969650924768
machine:0.043956748031410094
came:0.020396802246472615
3:0.015820715842146078
a:0.005661503212890791
how:0.008887587819115705
quick:0.02742753527156281
test:0.02416148549986264
as:0.010812353516446195
idea:0.037464544530550765
ram:0.052565636057206065
driver:0.024863416205989135
drive:0.038159510118999845
chip:0.02184056998515726
are:0.008687991643259806
it:0.0069497722244588915
only:0.009010379988305992
interesting:0.022081247040009546
magnetic:0.04109392085694237
passes:0.06254276547178443
loading:0.0385132815954696
device:0.02712266746561369
utility:0.03204887820741104
common:0.0227441083758875
writes:0.004467989128497043
if:0.009056086753559586
totally:0.027834562841680087
but:0.004495156907097367
they:0.006303510976403674
david:0.01686787323881415
bob:0.024891925770466894
in:0.0048021541052565
5:0.017559951938632995
yes:0.018019228854756007
or:0.00455615849799382
use:0.022469993618207406
and:0.0012898561300364523
for:0.004396606255568568
subject:0.0001803848438649885
create:0.051389806638427286
i:0.003869568390109357
6:0.019853713733508072
developed:0.02863039416368267
possible:0.017411970425436366
will:0.007657468546643814
than:0.009666224879861225
the:0.0025464628715846384
would:0.006301686798002542
1000:0.03157173248299244
conflict:0.03192639587908296
an:0.0060668793146063296
different:0.01707578985142735
is:0.003630711174198161
chips:0.08417718138237106
repair:0.03456562556627495
disk:0.04731052680810651
2:0.01316492940605006
run:0.05426015733217693
1:0.013233269540031815
dave:0.023691045076855353
article:0.005475222164301358
very:0.011778665485023293
laboratories:0.0381989571655041
bad:0.05555272392053481
data:0.01982665961625549
upon:0.023432943126303625
check:0.022360213274241144
s:0.004192137032810935
share:0.027574655538789572
