at:0.00672492375919413
cable:0.03295914094190266
dan:0.030334377781582125
know:0.00941889408899467
with:0.004464331120530895
from:0.006462383621604393
my:0.00725354397962062
to:0.00420824171020101
ega:0.04799810947352381
cash:0.03878569822689524
matthew:0.03271963618947706
usable:0.044275184234247957
t:0.03933241305344186
really:0.014896150711381112
could:0.011519917216229445
need:0.01466566405723081
re:0.005709015309590389
so:0.007800080896068092
anyone:0.012770341600315963
bitnet:0.03725386085695515
on:0.003870296375872442
you:0.01697096150866326
machine:0.024830529422323257
etc:0.017727664026398745
came:0.02304371551509883
m:0.010448967268061618
sure:0.016656824581367965
bryan:0.04045653145229793
a:0.0031981010515566297
coleman:0.04799810947352381
controller:0.032151821532058526
austin:0.03821998851579813
standard:0.02323698122490257
ccwf.cc.utexas.edu:0.08702237673480154
drive:0.021555753807679302
also:0.0113244055853402
stuff:0.022316156890638334
are:0.009815440940476726
internet:0.021805602619195466
daniel:0.06532183198776091
it:0.010468868083663265
not:0.009204732955358242
should:0.012540550704072362
texas:0.03029137153945803
drives:0.030893455356913443
only:0.01017966594098692
buy:0.022952985688885236
university:0.017941527493119492
able:0.020133322336722662
has:0.008128049418981305
heard:0.020630895873434155
floppies:0.042928188529350576
be:0.004415734787308941
which:0.009861773530668074
writes:0.005047804511584445
things:0.01705897655068893
if:0.005115652059262666
of:0.0014842792791277758
monitor:0.08581547725394217
but:0.010156995759548247
in:0.001356333602248019
floppy:0.0672522304366082
or:0.005147415707657139
use:0.06346486747127283
and:0.005828968160164731
for:0.002483579106199038
subject:0.00020379356406120838
i:0.0014572420400411827
we:0.020576242835327784
386:0.036023942161204386
will:0.008651185838956368
decnet:0.05026720507251565
the:0.005753839770908801
thing:0.01728192698568669
upgrade:0.03376004124617364
can:0.006599740400287888
adaptor:0.04717205157550677
junk:0.04013841926603405
wants:0.026874314218272893
an:0.006854184263830051
just:0.008964798194396075
is:0.002050936083134839
cards:0.06007660250919239
new:0.026320604044023616
does:0.02790432399246241
unless:0.023496652104889246
article:0.0061857471779893205
full:0.02358520980094086
s:0.004736154815694796
