since:0.007275714994195204
believe:0.007900625019383056
at:0.003203509136197931
out:0.012852841080877746
dan:0.04335058352058828
k:0.013776949295460592
proven:0.017248123544352126
dos:0.02566947168177409
thanks:0.014497357417572094
with:0.01275987003904467
from:0.0030784445615642747
work:0.03681949934527825
longer:0.012342585484997002
2.1:0.03816713129008322
config.sys:0.02128769583984276
except:0.011724950614559321
to:0.0055127966403633235
add:0.01249534696891534
then:0.005803201271912011
boot:0.01784955079778306
that:0.0025229427304325584
reboot:0.02220156648813696
reliable:0.0168694316925245
helps:0.0153817174404835
through:0.008616230160090279
smooth:0.019997436293335814
nt:0.0025966492789906855
me:0.003940322474198344
need:0.00698618905998995
re:0.0013597836464660747
so:0.014862699598326111
anyone:0.006083326362332332
this:0.005727081145870026
off:0.00793984526529582
2.0:0.05116155063298095
on:0.0018436684554155997
you:0.01616869787370827
tell:0.00876372746771801
machine:0.01182836128845217
great:0.00916818432266428
them:0.005330396987389967
support:0.01991968225115277
card:0.033391727416519
8:0.021472663871809936
fun:0.014968191472486674
more:0.013870025736226102
a:0.0010156393642519236
same:0.007062157638285864
crash:0.018570552560460137
as:0.005819012074305589
driver:0.013381038539950516
scsi:0.0153817174404835
also:0.0053945350242893325
whole:0.010879692636462874
march:0.03151790593376768
are:0.004675719138918004
os/2:0.10322427521813432
works:0.010818639976548146
it:0.0037402410517087853
not:0.004384800062370654
have:0.007436372554874951
drives:0.01471651873365695
try:0.008859598808521428
copies:0.016418997213568917
able:0.009590782640402433
hope:0.010503496500509255
nasty:0.01923354003971088
configured:0.02149554461744257
tendency:0.021220971699231133
sets:0.01729274206286781
netcom.com:0.02341116490706283
device:0.01459692649058482
installation:0.018037449017944223
be:0.006310486441499687
writes:0.004809181025582272
get:0.0047795417283313536
attempts:0.01677087922060526
things:0.00812627610232818
if:0.009747642469285953
end:0.009833576009365488
of:0.0021211700243535126
host:0.017406743989719
again:0.017759048277149223
order:0.010197515858663608
they:0.003392434998209977
up:0.004885310437645035
one:0.0035756760282749907
rest:0.011878657576264759
in:0.0032305400344452813
use:0.012092942019980714
install:0.04819800420043233
and:0.00416506270353589
for:0.0011830867742257235
subject:9.70798432437029e-05
half:0.013751430849429149
costs:0.014968191472486674
i:0.0006941771172559815
cd-rom:0.018733645528334144
any:0.003721044604686572
tiger:0.0459399263847627
pretty:0.010465527479707732
will:0.01648444138041141
the:0.007126392094441956
do:0.0026120651596599877
when:0.00475517979215904
ibm:0.028657942320870305
can:0.00943162900841142
drivers:0.1286935775502711
once:0.029269431217362616
beta:0.07943380025959493
come:0.00873161336170694
an:0.003265084140224497
i/o:0.018767160637806594
nicely:0.019637996894657152
statements:0.015329015595746896
adaptec:0.15541096541695873
gb:0.02220156648813696
different:0.00918987962913181
is:0.0009769913705115051
cards:0.07154577207912913
new:0.0062690893268492615
right:0.007054085795601089
multiple:0.015614633882275684
disk:0.012730832668363206
questions:0.010997004862710952
does:0.004430868415772819
1st:0.01636642236565899
easily:0.013450599157801408
under:0.008826630644020506
article:0.0029466650193330944
very:0.006339063606485263
comes:0.010997004862710952
ports:0.017902252642519666
wish:0.013585736417377377
included:0.013610114365458068
everything:0.011235136305175466
