out:0.014194904808198312
k:0.045646518750020036
all:0.011494793140316761
thanks:0.024016706565254977
with:0.00704611297336804
from:0.010199665716026212
longer:0.040894108534628625
to:0.008302404578860426
look:0.02856829306356519
that:0.008359147600830766
need:0.023147011945749835
re:0.004505307262387597
this:0.006325089618932759
2.0:0.056503720578593424
something:0.023983871291126783
you:0.013392746732740286
them:0.01766095387388242
support:0.03299947360883742
why:0.021442440724747068
a:0.001682535091381199
crash:0.06152893920634383
as:0.009639929641168898
os/2:0.11400271359432505
not:0.014527952013878673
have:0.0061596459415379865
nasty:0.0637255844689216
tendency:0.07031044840106701
device:0.04836331066157622
attempts:0.05556616609236682
if:0.008074101442932642
future:0.04222296776286567
latest:0.050196946990997006
yep:0.06829774858584814
they:0.011239995475996913
in:0.00214071929993362
or:0.008124234430157655
rather:0.031005827143528474
use:0.02003348828611263
install:0.05323072753059796
and:0.0022999844246433124
for:0.007839731636435518
subject:0.00032165008303636504
cause:0.03799398955833815
any:0.012328762244443462
will:0.013654281263894993
the:0.007265089252906535
when:0.015755113769201638
drivers:0.0947543074332652
effect:0.041763535597860314
beta:0.13159213898426872
adaptec:0.29423762815603205
is:0.006474039202184673
cards:0.14222954690429282
questions:0.03643585948488569
presumably:0.05940295803355399
string:0.0638530797620606
wish:0.04501298210576842
included:0.04509375241567433
s:0.0074751359139279315
