another:0.027042747931568033
circuit:0.05644103225502497
ks:0.07536022873648034
with:0.007132041180360334
wrote:0.03140945091088855
my:0.011587978796710991
re:0.004560250033880129
michael:0.18321312205327372
master:0.057993952040105476
voice:0.04422554026141669
slave:0.06675186036651234
pins:0.06387719776259684
on:0.012366068908275364
western:0.09976896984622927
set:0.03230993395275514
used:0.0240788232724008
am:0.019930931179284947
board:0.04379507950433103
a:0.0017030538120077988
hard:0.03297845612896962
other:0.01682082911990135
as:0.009757489758744128
jumper:0.13752214105195285
drive:0.20661978649799914
also:0.018091428435116665
no:0.013728606538811096
digital:0.10071628285394302
49:0.06067763356177378
it:0.004181163777316732
conner:0.06463177585671988
settings:0.06135263472132458
has:0.012985054559592086
sets:0.057993952040105476
were:0.01891833289600365
if:0.008172566094675723
of:0.00474245330648143
germany:0.051277386990088866
hd:0.05437323585038956
using:0.026883177788352693
well:0.02052277939211396
alone:0.046819674822127975
jumpers:0.06970690265214563
and:0.002328033015187743
for:0.003967669059903342
subject:0.0003255726450246134
i:0.002328033015187743
info:0.03591945682185851
back:0.02568727707399436
the:0.006434476914540696
sl:0.15406682629036272
ma:0.09783458354237845
is:0.01310598179954458
right:0.023656995046223168
written:0.04370145046897695
three:0.03559131715210333
59:0.06437502696406339
needed:0.04068076451385392
