mode:0.020811876339555602
some:0.00634530910398562
pc:0.01811327207607545
at:0.0047878533285566904
know:0.006705843074229901
access:0.01821943950010068
your:0.020542373187737977
4:0.02700292939324651
ca:0.011176894543980005
into:0.019465259815025938
work:0.02201165721728591
wrote:0.013997690079852505
both:0.01220491349080564
my:0.005164207942012507
to:0.002996085130632241
hunt:0.0320209602388022
normally:0.02312962904413469
reboot:0.03318168904476991
really:0.02121082329555354
nt:0.007761723388287375
its:0.011238176934968315
re:0.0020322853411857095
michael:0.08164932613243721
voice:0.019709208159979175
mean:0.014366424221901415
on:0.002755482745865706
set:0.01439899230503218
you:0.018123880089414842
used:0.021461559873226798
machine:0.017678257360458405
etc:0.012621326018794758
8:0.016046148273771012
os:0.025811685878881906
modem:0.09268196905510456
m:0.007439210391935174
a:0.0015179392672243423
other:0.014992478128607725
same:0.010554855165916371
as:0.008696893045837156
drive:0.015346759504380372
stuff:0.015888133438443596
far:0.013529228652833705
are:0.003494083595658834
no:0.018354550046453963
com:0.09456601850032309
49:0.027041119304703532
it:0.0037266894536953474
should:0.008928326859964563
have:0.0027785359410198523
plug:0.025778445514656707
only:0.00724747955581134
kind:0.014975688570451411
expect:0.018783810234556456
able:0.01433405014190581
after:0.010484856998179084
mouse:0.07085758984610593
has:0.00578681779286169
uses:0.01855975614041542
free:0.01569297714198226
without:0.012213100460883124
be:0.006287622360189905
which:0.007021153981073466
depends:0.023400902910339656
if:0.010926365539620803
of:0.0021134846257145506
germany:0.022851878984713515
com1:0.06966427389169443
but:0.007231339372287068
2nd:0.02373172201407349
phil:0.04816798207245644
using:0.01198054662307022
one:0.010688162041039374
in:0.0019313011075488096
yes:0.014493727557086352
and:0.005187464870798775
for:0.005304601025740337
subject:0.00014509215702183858
until:0.031099627449615697
i:0.005187464870798775
example:0.01527912578129296
the:0.003686835374946455
can:0.018794912879080725
because:0.009590882059209315
conflict:0.025679927120131944
different:0.013734874445713302
is:0.0043805319601738675
new:0.009369562852627971
hardware:0.019291745237361692
printer:0.023619196615368647
does:0.006622221817051768
2:0.010589182348344613
irq:0.21807383569801117
matter:0.016417951151633383
1:0.010644151586547329
serial:0.022496293086221912
too:0.010611510151437482
change:0.048456670237670994
ports:0.13378042056230727
59:0.028688870712245636
answer:0.016501473055048132
by:0.005382801493571555
s:0.013487745236000399
share:0.022179614237722044
