join:0.05878980808324681
out:0.015104834603595638
bbs:0.051885162201995655
all:0.01223163885443963
small:0.038317255131615525
ever:0.03389002636961359
ca:0.026366007642209244
loose:0.06689907165688155
work:0.025962467487055173
to:0.0035338440002328996
owners:0.05535445465883652
ai:0.06221368994541406
that:0.004447495197877908
cleveland.freenet.edu:0.0549028047628911
v:0.04931600402438477
nt:0.02746455968163225
me:0.013892162569289034
on:0.00650011314409346
you:0.021376884208027764
fix:0.05576973024590364
great:0.03232372677862406
them:0.018793066301695395
a:0.0035807798098625512
load:0.05764093425389185
sorry:0.040736111342802875
driver:0.04717673844213323
let:0.029553047984010573
cd:0.17166165573002207
no:0.01443263764336551
it:0.004395582432563743
have:0.006554495040354523
call:0.03406353971793215
tested:0.060732755495133996
be:0.007416169963300914
gerard:0.1755735417683857
get:0.016850948401168235
kill:0.047367078289787
of:0.0024928280200735725
well:0.021575229617350575
up:0.01722385090195365
and:0.004894838647317819
for:0.004171139268103512
subject:0.00034226867810279864
i:0.004894838647317819
the:0.0028990500384194345
do:0.009209204088544828
can:0.022168358780454187
drivers:0.10082830149950014
just:0.015056263634178025
hold:0.04448436683261564
nose:0.06536113171997157
new:0.022102558524148035
girls:0.0706713725927526
their:0.0194062002382271
notice:0.051768787610314664
loaded:0.05983270089675902
rom:0.1938107445302991
high:0.07172625193952618
seem:0.035380930190970994
s:0.007954311293025875
