mode:0.03868065905533567
some:0.01179330176902378
pc:0.03366507133331195
at:0.008898636489438698
know:0.012463385107659616
help:0.021617098182240377
from:0.008551234893234097
wrote:0.026015908835281428
dealer:0.044672377810593404
my:0.009598123851821226
discovered:0.04580639096080635
to:0.001392120363728112
q:0.04287553983356221
clock:0.08666951146665487
us:0.02080683218368683
keyboard:0.04590689935326259
perhaps:0.02917637916808127
that:0.01752043562800388
control:0.030804386565060845
nt:0.007212914663863016
re:0.0037771767957390967
michael:0.1517522829128126
voice:0.036631255570062304
had:0.015499075612950861
recently:0.03342738954128979
you:0.005614131206148706
machine:0.06571311826917872
went:0.03295415419430388
a:0.001410610228127672
same:0.019617104550794066
series:0.03623586222997643
standard:0.030747924651133705
fine:0.032718753312328895
perry:0.09831043757778704
works:0.030051777712633742
49:0.05025824194005506
it:0.0034631861589896162
have:0.0051641476075520495
boards:0.047255701298964836
try:0.024609996690337303
cs.cornell.edu:0.05636788409575473
after:0.01948700694611062
writes:0.0066794180910864885
down:0.023882480575284425
of:0.0019640463188458452
germany:0.04247217912310391
what:0.009297394979763953
explain:0.03631371240416772
but:0.006720032547983943
least:0.024319822047540227
drops:0.05651116323708762
in:0.001794744463580712
our:0.04504596814101805
and:0.003856539540311009
subject:0.0002696662312325081
i:0.005784809310466513
we:0.027227149610383233
rate:0.03923914858071971
the:0.006090933414052954
33mhz:0.06075211117203978
drop:0.043734057134909604
thought:0.027117034395875886
problem:0.042738692768597666
just:0.011862510742079656
company:0.0340012933296096
changed:0.038174900947812375
hit:0.03615860747403444
turbo:0.05018083918504931
does:0.012307967821591164
told:0.03131535117908212
59:0.05332072940457775
everything:0.03120871195882074
s:0.018801099419879345
