reference:0.07615577679629294
large:0.06110273714056276
mono:0.12319261046430026
h:0.0721057576386636
that:0.007079686233356669
could:0.030798146027062392
asking:0.07317209825792641
me:0.022114054702133564
larger:0.08685411722695476
this:0.010713927313702428
am:0.03335380319798705
brand:0.09195025148611663
card:0.06246751727580085
a:0.0028500084200946837
price:0.12776098783036582
vga:0.09204860427052373
model:0.0746724798282357
19:0.08361014718328325
of:0.003968175215627319
monitor:0.1529500342893391
looking:0.1058728712410875
please:0.039090109324597035
email:0.05599793181567226
or:0.013761458320471128
message:0.06627183446040247
and:0.011687675953799688
for:0.019919318137473916
subject:0.0005448358549391489
i:0.0038958919845998963
later:0.0652124903868919
the:0.0015382714489572508
do:0.014659549365438706
would:0.01903366624702808
lower:0.08104046149072687
17:0.08025109711184705
guess:0.06114606659052353
919:0.2289385264458683
condition:0.07751214466295961
include:0.06860251578050207
s:0.025323929830857888
