at:0.004097511685834563
know:0.01147790814565862
help:0.00995391962810138
mb:0.12739495097554926
dos:0.016416522587181105
saw:0.015801770154118395
thanks:0.009271565790307735
supports:0.02010064876585482
switch:0.019777271730279888
with:0.005440254667809743
microsoft:0.01981211206390388
4:0.023109483759801666
someone:0.010248642393781487
store:0.041518167897493706
to:0.0032051143257926296
colors:0.02120882173852579
5.0:0.02359263152583892
256:0.022731503929859405
mhz:0.021977239953973386
connector:0.024504136855896048
pin:0.0226664516416048
keyboard:0.02113852574871161
software:0.013096678551075611
that:0.0016135098857417527
like:0.0054169258767845264
re:0.003478516304913214
16-bit:0.055552552480122246
greatly:0.01815315883628187
anyone:0.007780998835541354
this:0.014650672698737275
philly:0.027874199073539416
bus:0.01882345419421238
parallel:0.02140164366261112
bell:0.020759083948746853
internal:0.01843054612148992
leading:0.06300312884276445
something:0.0092588898472722
you:0.005170223157290436
8:0.013732517592436587
3:0.010890539277384276
includes:0.017524438936894645
a:0.0032476840135962676
hard:0.012577829779420973
ps/2:0.02886285694323092
price:0.014558810241134711
following:0.012731694293208192
part:0.022783461510821182
ram:0.03618471691379766
3.5:0.02232407109582226
local:0.014215736985655592
compatible:0.041912207654136883
drive:0.026267941849358035
also:0.0068999866589747275
vga:0.020978519112817038
solution:0.01809235845689883
video:0.048777365481837524
computer:0.062341928027100355
pa:0.024091447946088213
model:0.017018379123644418
works:0.013837795318840652
it:0.004784029252185656
not:0.0028042325980277435
drives:0.01882345419421238
university:0.01093181442604025
32:0.019918226844211653
101:0.02697697271947201
mouse:0.04042727606723564
25:0.01710550022460285
1200:0.026088343711273363
edge:0.06576560494322735
without:0.010452141789779046
be:0.005381034950116013
1/4:0.025955444304556825
analog:0.025063967936128022
if:0.00935093608972199
of:0.0018087496331696618
monitor:0.01742918995390143
key:0.014910894749937561
5.25:0.026438220089122607
3.1:0.018239637129661476
expansion:0.021501137569500967
available:0.012563087571228976
what:0.004281126060449447
intel:0.047028917765013833
supply:0.018781234574904857
port:0.038788624514879445
kb:0.029519036470021173
windows:0.02555541564114885
find:0.009843938314759954
good:0.015069859082413945
one:0.01829415642373251
difficult:0.01733585245133953
in:0.0016528344362278184
cpu:0.020802150578573812
processors:0.026738399257204334
1024:0.029245359725728462
5:0.012087780869384572
external:0.019972206128492154
or:0.006272664722819398
and:0.0017758019278641388
for:0.003026501050344874
subject:0.00012417189252101533
steven:0.020867507571390793
i:0.0017758019278641388
6:0.013666742477019508
becomes:0.020026819234895334
appreciated:0.01574307962407555
power:0.012566768744979265
possible:0.01198591452541666
socket:0.0256389165685335
any:0.0047594756571572435
will:0.01581356295213885
later:0.01486238153003583
the:0.0017529139767187279
wrong:0.01229498631083656
see:0.008229701215865935
when:0.006082206710901097
watt:0.028076455408142853
would:0.004337905330718028
isa:0.04489135409959171
wants:0.016374582151598833
slots:0.025762954927055177
cache:0.02257054798019673
1.2:0.024904483873436713
address:0.01485033187876098
is:0.004998560500291421
disk:0.016283623180464564
motherboard:0.042002085895176296
9:0.0165620170029071
type:0.015072151210845099
does:0.011334779668256047
2:0.009062370009746088
temple:0.025955444304556825
1:0.009109413450812598
serial:0.019252641524952707
wanted:0.01416353483509815
x:0.01416353483509815
slow:0.01910013072112484
too:0.009081478455183705
resolution:0.020780567417845897
e-mail:0.012789282682103565
ports:0.02289823012415306
fit:0.01890906083394594
200:0.01933081416828471
included:0.017408285816283574
