okay:0.04100729652859521
go:0.018527926207563116
configuration:0.045173656901874616
at:0.008390142975756488
there:0.00874075224359188
access:0.03192739874303358
with:0.0055697845408528325
way:0.01649878875758613
c:0.04925900372245638
remove:0.04207762271466315
ca:0.019586177105641155
into:0.01705527526649892
my:0.009049659631717156
to:0.0026251412573158684
boot:0.04674882351800326
problems:0.02612450700849308
like:0.011091800604844508
nt:0.006800748111642272
ide:0.1294255549565499
something:0.018958679211081172
two:0.017759899358602966
more:0.012108752626864058
a:0.0013300039293775191
same:0.018496127147891547
controller:0.04011322495904445
ram:0.03704625779269761
drive:0.18825358325373256
scsi:0.16114180175744622
boom:0.05540713058843699
setup:0.042035759748253264
bios:0.1378805875916031
d:0.052052692067915296
it:0.006530579614094705
not:0.005742000081675857
have:0.004869053458549075
drives:0.03854326335005392
get:0.03755354215117492
but:0.012672061376198291
hd:0.08492581599489418
up:0.012794860670022713
seagate:0.2190002224875784
installed:0.11443914158157407
system:0.02128783170707167
message:0.03092685608152116
and:0.005454248778439855
for:0.0030985605991626095
subject:0.00025425673230493616
i:0.01090849755687971
hangs:0.056297854950444835
the:0.005025020066593686
when:0.012454042312797486
can:0.008233961832740128
isa:0.04596019586386771
gateway:0.04596019586386771
just:0.011184652985389391
here:0.017146675291651394
adaptec:0.2325878393995301
is:0.005117573845536455
entry:0.04753400132001349
time:0.015042952094321084
says:0.024390730899310174
