mode:0.07225255182034397
at:0.016621981367064737
super:0.09492294428582293
that:0.006545370291216543
problems:0.051756098790410814
could:0.028473757647661458
me:0.020445069441595184
anything:0.04379700283621516
michael:0.056692362295729985
fixed:0.085562881228676
error:0.07104638036173581
this:0.01981065805175166
mean:0.04987588786471435
on:0.009566204249797922
card:0.1732589630102401
a:0.005269826889986396
how:0.024818169759040082
vga:0.08510153979727667
video:0.19787044487915223
it:0.006468970372452301
have:0.009646237983917979
frame:0.18235717390282175
be:0.010914363342216439
if:0.012644347542705835
gives:0.0686136693546435
what:0.01736683213201191
in:0.003352447205556424
and:0.003601862400856508
subject:0.0005037161677739301
i:0.010805587202569524
the:0.0014221754905453829
do:0.013553168281254654
when:0.024673102695164827
can:0.016312565895051194
page:0.15866965030895422
reports:0.07460797064505947
7:0.06021751941379822
problem:0.03991632626501102
address:0.060241912338370014
does:0.022990354987500475
labs:0.19728225983697256
says:0.04832125932882204
