out:0.015921312149735946
there:0.012402418724015507
thanks:0.026937657363731934
where:0.02496563240856435
with:0.007903072659318208
my:0.012840733261220288
to:0.0037248625948400837
that:0.004687900343709146
me:0.014643090275737092
sitting:0.06134858776299943
anyone:0.022606956076235016
this:0.0070943572752894465
ide:0.0612147895064763
on:0.006851470611341756
set:0.035802899785485426
spec:0.07091865611333031
posted:0.046126769249755346
more:0.017181338186766565
a:0.0018871677376302637
how:0.01777517563823141
hard:0.03654369462939878
as:0.010812353516446195
jumper:0.07619469977202793
adam:0.12552982084473532
advance:0.04275001644157635
are:0.008687991643259806
have:0.006908792069562877
drives:0.0546897655642657
try:0.0329241847613972
settings:0.0679853519884948
has:0.01438884424171015
applications:0.052706770640463946
if:0.009056086753559586
hd:0.06025142350989114
ok:0.04410607014203962
huge:0.05808003997353339
they:0.012607021952807348
accept:0.04827178338733424
one:0.02657597048042223
in:0.0048021541052565
jumpers:0.07724278401994517
yes:0.036038457709512015
install:0.059704734932967976
and:0.007739136780218714
for:0.013189818766705703
subject:0.000360769687729977
i:0.010318849040291619
info:0.03980264134314051
room:0.053892276761062244
any:0.027656412602400197
information:0.03295704438491574
will:0.015314937093287628
the:0.002037170297267711
waiting:0.05912216569440408
just:0.015870115722511974
here:0.024329741967883733
is:0.003630711174198161
harddisk:0.08385830057830605
dust:0.0729790425139286
time:0.021344729323023157
check:0.04472042654848229
