okay:0.0214217220671766
go:0.009678767421861328
configuration:0.023598178978591216
at:0.004382910509723537
there:0.01369819381458429
case:0.012296572673167938
situation:0.017532996461565167
access:0.01667849188068918
your:0.006268319513339614
with:0.0029095889392514794
way:0.008618770246500216
c:0.025732315377402584
remove:0.021980847686764327
ca:0.010231585055185677
into:0.008909472154141226
work:0.010074987383036338
wrote:0.01281380584424309
my:0.009454868271943296
to:0.0020570136717773593
then:0.015879406465430877
boot:0.02442102721089722
next:0.013325273749995897
problems:0.013647130526824742
memory:0.016824040926205548
like:0.011588448393121125
nt:0.0035526296105593954
me:0.005390988459724103
re:0.0018604005113341817
ide:0.09014715270605464
something:0.009903787647579715
two:0.01855511873286877
e.g:0.02019539910542933
more:0.0063254677901528646
a:0.0027791126882515324
same:0.009662155972779167
controller:0.020954669754724712
as:0.011942002391298782
ram:0.0193525227275286
driver:0.01830739103724573
drive:0.12643897382713382
scsi:0.14731246802453105
solution:0.0193525227275286
boom:0.028944023441720812
setup:0.02195897897296812
bios:0.14405434524495847
are:0.006397128175136572
no:0.005600725055634377
brian:0.01858745032228248
works:0.014801621858461393
d:0.027191704811597543
it:0.008528742033332636
not:0.002999552281472462
have:0.0050870707775885855
drives:0.06040362166799494
try:0.012121341653449715
only:0.006634508648105903
gordon:0.044641931620388264
second:0.013680078490807296
device:0.019970919327914557
get:0.019617522019270483
if:0.006668163380730441
seen:0.012897835276728123
but:0.009929600332095676
hd:0.04436423223613875
up:0.0066838824395641025
seagate:0.11440310129948122
good:0.008059750504276115
in:0.0008839786163904998
useless:0.023878981520406895
installed:0.07970885483293717
system:0.011120509100709079
or:0.003354783371657141
use:0.008272534963917154
install:0.021980847686764327
message:0.01615582034109314
and:0.00474872406083072
for:0.0016186510592640496
subject:0.0001328206810548174
i:0.006648213685163008
hangs:0.02940932721291894
similar:0.015745066108789556
any:0.005090981424322424
will:0.011276670098540142
the:0.005250020965097882
do:0.0035737209895845604
when:0.013011685998445132
disable:0.029033667747704286
can:0.00860264669092252
isa:0.024009057540826412
gateway:0.024009057540826412
serves:0.025676463559188126
simple:0.03282774683538548
just:0.005842729171472069
here:0.008957218435937294
adaptec:0.12150111013408287
is:0.006683398678872236
entry:0.024831194719410025
time:0.007858258556734894
runs:0.018665624479817587
first:0.018682137605881007
luck:0.02051138619857523
already:0.014456648364663439
built-in:0.028126595325843814
before:0.010578080931455942
answer:0.015105826080243067
says:0.012741426589191881
lang:0.031005883034212978
