read:0.016547467605094318
all:0.006963998763841541
small:0.02181566350559132
case:0.018040956987640553
i.e:0.02521561311660878
with:0.012806438907800307
way:0.012645057076982068
ca:0.015011303621111832
previous:0.025351820581699314
post:0.01885093287905971
to:0.006035908730324807
hole:0.17032666678639427
make:0.012847302798173019
that:0.002532150550616619
cleveland.freenet.edu:0.031258531178872305
nt:0.005212252202353566
need:0.014023372200709754
re:0.002729492721008544
you:0.01622770771996268
machine:0.023743060980469684
holes:0.03498718536694523
magazine:0.03082262435623272
dd:0.0465501058373818
a:0.0061160764635608544
drive:0.02061170619566415
course:0.017855122627007437
experts:0.03537144619530597
computer:0.019567174490257775
no:0.01643424432383226
square:0.03702493268653553
it:0.0075077831329920875
not:0.01320240894691894
should:0.011991329505353865
buy:0.021947745439736977
able:0.01925157099350853
device:0.02930039988986004
writing:0.029215027336844043
without:0.01640299623943427
be:0.00844468988521856
claims:0.027418435588384863
writes:0.00482673278115009
making:0.022442388254543092
if:0.00489160890338255
whatever:0.024123799844915056
of:0.0028385486943903453
andy:0.0654278574717023
but:0.004856081914236571
ok:0.023823716719057895
please:0.013981133992009159
brief:0.037276656599463776
in:0.0038907963918501567
floppy:0.06430687727880055
or:0.014765944329264643
unable:0.03339592878436281
for:0.004749618436672613
subject:0.00019486829848188537
usenet.ins.cwru.edu:0.03801730959336786
back:0.01537486656983604
similar:0.023100425458881028
any:0.014938500237792807
will:0.008272301787615214
normal:0.027535493974587905
the:0.00440147743059301
see:0.012915224535848
can:0.012621401349455668
protected:0.0343170572702071
extra:0.028355297149571176
an:0.006554001011399538
problem:0.015442082423690396
note:0.021618168604952536
about:0.0071898991264370184
is:0.007844456259581427
handy:0.03830642738968207
write:0.14251856605784732
disk:0.12777295561313434
pages:0.032817466217544264
protect:0.03014136932125302
article:0.011829677084913883
answer:0.022162562351305523
says:0.018693625871734072
opposite:0.035224967632891305
s:0.004528731977051228
