bbs:0.02850030036447649
help:0.015071075493252092
programming:0.03089985413495304
rick:0.033891989303722524
thanks:0.014037934119127909
with:0.004118502653447516
super:0.03542898624752546
custom:0.037550992225381566
work:0.028522147380145125
post:0.0181871676368393
my:0.006691649727678178
via:0.02407205196208201
to:0.0019411255775927195
0:0.05162191955592159
might:0.014979472787876381
been:0.010332678783249572
that:0.004885980639922209
bit:0.05757220136737393
me:0.015261812400064011
greatly:0.02748541654789156
so:0.0071958492773585925
this:0.003697059425150838
off:0.01537646090110106
parallel:0.09721169128439558
reply:0.02529011633348693
ide:0.0319006649540792
on:0.014281938739134928
used:0.013904672593921589
machine:0.022907037706509484
am:0.023018821925371347
backup:0.03514838125775645
input:0.03005036126320223
successfully:0.03681675975830827
sure:0.015366507184219743
a:0.004917268048754912
richard:0.05262081006730674
same:0.013676713736116989
running:0.02132014374962466
scsi:0.029788537296711007
also:0.010447162899151876
ie:0.029462099906770504
output:0.028784212598127613
those:0.013069828551320847
internet:0.020116436219116945
laptop:0.04220389296345757
it:0.002414474857323746
not:0.008491690261633308
have:0.014401425722469096
heard:0.019032727883238554
anybody:0.021405599612061232
be:0.00407367082491177
converter:0.037948965537095244
of:0.008215799390101633
flow:0.03634485334786488
controlling:0.041768150683752725
port:0.2055523939961041
using:0.015524088582006485
please:0.026977681083172604
toshiba:0.043165692505751585
direction:0.03111373510591289
one:0.013849449405290457
code:0.022820510636138706
email:0.019323229992731977
5:0.018301921738856922
or:0.0047486722373456716
use:0.02341942996827251
and:0.0026887141865548584
for:0.009164756701748563
subject:0.0001880067386761852
however:0.01688097819856981
i:0.006721785466387146
tape:0.029220903265622065
any:0.00720624835414653
information:0.034349595556109364
pretty:0.020267746879715682
the:0.0026540598943276513
would:0.006567955254256169
can:0.00608849290449094
7:0.022475553020643
i/o:0.03634485334786488
here:0.01267887961706617
unit:0.030212259278869127
is:0.0018920607527511543
cards:0.027711390594028888
desktop:0.03525928518006729
printer:0.06121031235532157
does:0.01716181428644402
1:0.013792421774117667
origin:0.034125972737724775
by:0.006974897709980043
data:0.02066440579722403
