at:0.007047720099635449
out:0.009425416792643679
11:0.03091371710095929
know:0.009871001005266415
all:0.0076325426451703295
ever:0.021147376454638885
with:0.018714476057265516
microsoft:0.03407683274991467
interrupt:0.18792987164700514
sound:0.027609466313027447
t:0.020610184440003537
technical:0.030693977943354402
like:0.009317112508069386
12:0.028427078652896287
anyone:0.01338331799713113
bus:0.03237634121404529
two:0.014918315461226492
these:0.013253087784791541
on:0.024336423611485917
support:0.021911650476268047
card:0.024487266772113936
modem:0.03410696461227848
board:0.028729572154841156
a:0.005586016503385581
ps/2:0.04964411394235718
low:0.02716635631983856
was:0.007083689072811085
said:0.017532038629307457
video:0.027965689542920183
computer:0.02144562324132252
ones:0.02714103984301485
have:0.004090004905181223
miracle:0.04475684128377339
only:0.010668289906154293
mouse:0.17383728708911325
ati:0.08213712321933918
uses:0.027319961038691495
which:0.020670277320280286
of:0.006222098738103637
even:0.013433275582128205
what:0.0147270736479461
port:0.23350751957957427
they:0.00746335699606195
called:0.02145803596685387
one:0.01573297452440996
in:0.0028428752303118476
5:0.020790983095341463
or:0.010788983323249365
use:0.013302236221978785
and:0.003054379315926319
for:0.0078083727098897755
subject:0.00021357565513614637
i:0.004581568973889478
possible:0.020615772983716658
any:0.008186298130310458
allow:0.02805019737099674
will:0.009066442759226275
than:0.01144481025775569
the:0.0024120096319649696
would:0.007461197168835009
can:0.006916527939501707
isa:0.11581969357694662
7:0.025532228231450446
an:0.014366370216987789
lower:0.03176786090436494
10:0.023122974063169318
n:0.029288123966435212
is:0.0021493810151253113
cards:0.06296027942963363
printer:0.034767457417822646
does:0.009747910514700201
run:0.02141467542709916
serial:0.06622908684583732
wanted:0.02436127991636882
ports:0.03938495581354327
checked:0.03600612920444978
high:0.04475718121026434
