mark:0.1820378160177085
media:0.11974109668773521
your:0.03817976430852311
with:0.017722041720895376
to:0.004176361091184336
toronto:0.12173031197395705
anyone:0.05069438635276943
you:0.016842393618446118
it:0.010389558476968848
2.10:0.20460781664129446
has:0.032265893148077304
be:0.017529129004165797
if:0.020307588477679068
of:0.01178427791307507
in:0.005384233390742136
system:0.06773400997704622
and:0.005784809310466513
usenet:0.12376359480738643
subject:0.0008089986936975241
i:0.005784809310466513
rose:0.14940743990257518
any:0.031008705039054767
the:0.0022841000302698576
canada:0.11274568463656505
thank:0.11001497899301559
would:0.028262110488011395
gateway:0.14623698683957906
interested:0.08718412773984606
general:0.0893463746390167
hear:0.1004145928563275
experience:0.10037038711500448
