pc:0.015080733312207618
at:0.007972534049361367
out:0.005331118095386697
fast:0.015754741741846327
there:0.008305692177168755
help:0.009683677466252476
all:0.0043170490074492815
finish:0.02214633715901749
take:0.009618774345410424
your:0.011402101558201472
continue:0.017684190981454503
with:0.010585110892118504
way:0.015677582077344286
much:0.007905868188053989
compared:0.018655152153455302
operations:0.04218386291609908
into:0.008103185081368265
several:0.01275317362926424
to:0.004365336706170052
then:0.007221178053284178
might:0.009624819619359485
make:0.007964165083030335
that:0.004709112562458961
think:0.006514696957142785
memory:0.015301503285824957
nt:0.0032311246684273236
bytes:0.023228824439858367
me:0.004903116200925542
need:0.00869322168098297
re:0.001692038474109369
so:0.00924715472746534
anyone:0.007569749998377336
had:0.00694302482209111
bus:0.03662482037787929
ide:0.06149177950424316
2.0:0.021220854334946852
amount:0.016825416342202842
these:0.0074960903760133155
you:0.012574637769428096
performance:0.03430779396920015
great:0.011408374157161436
vs:0.015459782556847703
why:0.008053043349113153
more:0.005753027266157131
a:0.0031595115969375452
richard:0.05071598436351283
want:0.008563791709104894
standard:0.013773957196661706
operation:0.01948310468553166
drive:0.025554785057067774
scsi:0.05742043840904475
computer:0.01212987739893808
are:0.0058182025484273805
os/2:0.042815498770719364
no:0.005093872109423122
requires:0.018163596311813694
it:0.0015513820350224977
have:0.0023133511907133617
ve:0.008258523525011016
without:0.020336746468800862
be:0.002617471751753264
which:0.011691333325950388
writes:0.002992137515916572
get:0.0059473935533534954
if:0.006064709681116827
of:0.0026394649624308414
interface:0.038214475446188986
suffer:0.022243650304813702
gives:0.016454861881430343
explain:0.016267228633541197
fairly:0.017756590716053785
one:0.0044493706234191065
in:0.0024119416546763413
cpu:0.14166170416630583
or:0.009153549199589394
rather:0.011644722411370424
and:0.0034551802216361074
for:0.010305167603549855
subject:0.00012080070991863483
each:0.011520404512943961
however:0.010846601376456622
until:0.012946451245993865
i:0.0025913851662270806
tape:0.018775422007775266
appreciated:0.01531566569763006
386:0.021353558475646038
cd-rom:0.02331109737688638
dma:0.08051236285646453
power:0.012225589503034128
possible:0.011660505081287702
any:0.0046302591234787666
allow:0.015865496250563767
actually:0.011060244919009433
will:0.010256156967450539
eternity:0.027519910800124302
alternative:0.019702093558209715
than:0.006473308969318829
the:0.00375171181442515
waiting:0.01979656226871449
do:0.00975092197610629
when:0.005917078926894733
ibm:0.017830167733573155
devices:0.019206689789695287
got:0.010009745799233367
would:0.004220134145268671
can:0.007824126628395597
whereas:0.022764326005197354
increasing:0.023068634724695853
increase:0.019025998792702656
simple:0.014928455008851768
an:0.012188662514412717
i/o:0.07005840509588435
is:0.00607856621924579
move:0.048011200663887116
cards:0.01780550888847105
either:0.011328338041236915
disk:0.04752460159004364
their:0.006849247142903684
created:0.017185950626629056
terms:0.017416918439884452
article:0.0036666646168171993
comes:0.013684055824640325
before:0.00962078853946898
by:0.008963216966671187
data:0.03983274601636849
while:0.009820554325242184
defined:0.01977751008529212
