send:0.11733388483504892
4:0.09937078016714716
q:0.16978713774090634
its:0.0827129822413668
specs:0.19383552515027672
am:0.06537345426805462
etc:0.09289295949832942
more:0.05085676103282904
internet:0.11426135772458425
it:0.013714217189598879
conner:0.42398444962008236
has:0.04259097895546204
anybody:0.12158380579650781
but:0.02661132889001641
hd:0.35668842717855553
in:0.007107188075779619
and:0.007635948289815797
subject:0.001067878275680732
values:0.17083785481373073
i:0.007635948289815797
can:0.034582639697508535
harddisk:0.2482205697117859
specifications:0.23491233955875643
