some:0.00440579952880511
report:0.014323502730093416
believe:0.008198761812567323
pc:0.01257676249810522
at:0.0033243962734129475
cable:0.016293009295808486
there:0.006926633853412433
know:0.004656132549653969
all:0.0036002559647029856
allows:0.015594993906211939
where:0.0069715350876745725
sector:0.02012166375850635
continue:0.01474794795057149
with:0.00662068728440997
way:0.006537255922817144
buffer:0.039998532983026636
from:0.009583836842605761
work:0.007641782882982278
signals:0.019173307425370857
single:0.012269534605707075
to:0.0036405260832587986
require:0.014639702109066366
then:0.018066569997461923
most:0.007006020618743539
that:0.0026181481164866175
memory:0.03828262897547904
kinds:0.01720715725955866
like:0.004394864390598767
schwartz:0.024997073877935216
nt:0.002694636044235617
me:0.004089013888319036
re:0.0014110962368987568
michael:0.011338472459145998
this:0.003962131610350332
bus:0.04581557718968673
ide:0.17093941220676398
2.0:0.017697391728389637
big:0.010474643599500216
on:0.003826481699919169
you:0.0020973546770140447
spec:0.019803700197684692
used:0.007450805691837229
working:0.023913501967597034
card:0.011550597534016006
os:0.01792207623288404
vs:0.012892875264389972
why:0.0067159342647321
more:0.0047978076446065126
a:0.0021079307559945587
richard:0.02819681143229267
hard:0.03061396304802463
controller:0.07946959661697485
want:0.007141879123442195
was:0.003341362770193908
ram:0.014678705917861315
compatible:0.017002121972904585
drive:0.021311726406082934
scsi:0.06384863843219567
also:0.01679430715108943
addressing:0.020334917382141604
moves:0.05842606613656769
are:0.004852161370575287
os/2:0.017853255147790525
no:0.004248097117669849
d:0.006874883858026549
it:0.009056558521433222
not:0.006825396323501489
boards:0.01765401671168875
drives:0.01527185906322891
systems:0.011322328755783437
te:0.024436998386922863
kind:0.010398213950804
complaints:0.019765774402011098
b:0.011550597534016006
heck:0.018689627450185962
has:0.004018016882590758
uses:0.025773548149708957
heard:0.010198669280829716
be:0.002182872668443288
16m:0.054370136399288865
writes:0.004990659554849527
if:0.0075866085256235
of:0.002201214176215909
interface:0.0159347152332222
implemented:0.018863823834197893
wayne:0.03526502949043684
but:0.005021005450946492
never:0.008316751814573057
they:0.0035204514132367686
transfers:0.022614916229475375
in:0.0020114683233338542
cpu:0.033754433014289584
floppy:0.016622721107916367
use:0.006274639727348483
better:0.008438550457741143
and:0.004322234881027809
gets:0.012593646575067187
still:0.007704562574451121
for:0.0024554631163175395
subject:0.00010074323355478603
until:0.010796851793828846
i:0.0021611174405139046
386:0.017808061974029336
dma:0.20143281725975842
directly:0.013707548398099546
will:0.004276623943031262
than:0.01079699080920348
the:0.003982091373527072
do:0.008131900968752792
when:0.009869241078065931
would:0.007038865253617932
drivers:0.014838882107473606
because:0.013318658859581237
isa:0.054631930932521985
did:0.006203437899784775
last:0.008227028498337728
an:0.0033882948624971198
btw:0.01415770007714466
about:0.003717042189893855
techniques:0.017945298367126977
different:0.01907333507933017
is:0.0030415769081961947
deal:0.012438924497209469
limit:0.016756313285466996
managing:0.02238142413997316
disk:0.01321124144830144
does:0.00919614199500019
their:0.005712013655025335
hear:0.012504458733052105
request:0.014718117084506913
trouble:0.014395554272793716
smith:0.029718781543143113
nothing:0.009640966043399656
adapter:0.018863823834197893
article:0.006115719851446045
comes:0.0228239723565699
needed:0.012588010151456684
by:0.007474984715601253
data:0.05536501175860023
mike:0.01205815859984039
while:0.008189971720296311
main:0.014031762308025766
s:0.009365075937449334
