since:0.012350750761751118
configuration:0.029279222066029842
at:0.005438055632434759
there:0.005665302380105848
checks:0.03471353516879584
know:0.0076165131213475415
all:0.011778615193164088
anyway:0.01881798655336132
thanks:0.01230485583281582
ever:0.016317420103888026
microsoft:0.026293852430489716
wisconsin:0.03754259436313253
my:0.005865520131668526
to:0.005104441333669743
stevens:0.03661158887094374
attached:0.060869697738086176
that:0.006424159730268089
cleveland.freenet.edu:0.02643468377472534
its:0.012764349111322038
getting:0.01674198501373263
cleveland:0.03326390806337978
blow:0.03008201915398168
on:0.0031296841064153698
detect:0.0632666855706906
machine:0.02007900836002683
am:0.02017699205804155
guarantee:0.03048040508692965
a:0.006896316670846395
how:0.016239049348507707
load:0.02775304241854052
j:0.01885264604647446
want:0.023365407008792364
running:0.01868802723732532
driver:0.09085890366633066
advance:0.019527785288127465
computer:0.03309509759463352
are:0.0039685887753162065
no:0.0069490477542130235
internet:0.017632925574781518
book:0.01919566981903502
it:0.01269834924962859
not:0.0037216667196047215
flame:0.02591144138813454
campus:0.031973217953141765
robert:0.01972476561085002
mouse:0.16096045100843817
network:0.022675862160676397
be:0.007141497001697176
of:0.001200250528183572
andy:0.08299644882984458
boots:0.03580277243633631
what:0.0056817413765224145
but:0.004106686557101297
using:0.013607534436079757
they:0.005758763114245331
up:0.008292965249088794
code:0.020003163644022815
in:0.0032903648498979715
our:0.013764045820866625
point:0.0135897281559263
or:0.0041624164055746
and:0.001178387081761697
few:0.014108811733989422
lo:0.03917649901885526
for:0.006024978942816185
subject:0.0001647960301976438
i:0.00824870957233188
info:0.018181453453039488
actually:0.015088358809265954
will:0.006995712005575829
yet:0.01623499223880348
program:0.03427942509116142
the:0.00279167781477427
do:0.008868122455635761
when:0.008072064461998369
start:0.017392358567176
level:0.021731698534529314
can:0.010673654227626091
because:0.010893347524040208
just:0.007249312120159789
interested:0.017759729724783454
is:0.009950838032987552
done:0.016349775008769742
hardware:0.04382322374906854
man:0.01788919344935308
run:0.0165236693110333
runs:0.023159200743477375
dead:0.04236150783717452
loaded:0.028808337468809897
u:0.023343478293784047
already:0.035873905201201865
going:0.013443306691664707
live:0.019115359715726286
check:0.040855698328243074
s:0.015319414342123909
