mark:0.029738851131605844
all:0.009446216145012783
mb:0.045197878646440745
dos:0.03494606293310829
supports:0.04278850974909689
with:0.005790370067223241
microsoft:0.04217429795781519
longer:0.033606049587863125
software:0.02787906820278472
510:0.05742622905630181
that:0.0034346992617274932
produce:0.04173741870129105
packages:0.04896297626307051
nt:0.014140169341038386
me:0.0214572015921692
re:0.003702381215625451
so:0.010116936607771486
off:0.021618390573825252
ide:0.13455131950928453
2.0:0.09286750114897532
these:0.016402336367316264
on:0.005019889358804851
support:0.02711837930231194
vs:0.033827841040231114
m:0.013552620912040318
sure:0.021604396239200036
a:0.00414803205696949
richard:0.07398173296591641
hard:0.026774588144311974
drive:0.027958452958475134
scsi:0.1256427414692959
rumor:0.054841933755612506
files:0.03276546103552168
os/2:0.09368539830028692
no:0.011145997387945642
it:0.006789216430494494
not:0.005969406025504603
ve:0.018070630683439944
sufficient:0.045299428153046585
second:0.02722471065992343
listing:0.05539213030169974
be:0.005727339179578924
writes:0.006547152386312498
soon:0.03561379838652941
if:0.006635152670924844
of:0.005775462937596197
seen:0.025667969214082702
huge:0.04255369265387595
variety:0.04626352878695922
windows:0.027200071103202987
they:0.009236827965423204
seagate:0.05691837465642507
in:0.001759204969252381
or:0.006676351066367181
and:0.0056702586310513345
for:0.012885103481666297
subject:0.0002643263058615673
until:0.028328373518461823
i:0.0037801724207008895
tape:0.04108285409622112
386:0.04672412300116608
cd-rom:0.05100745069595931
will:0.02244168999808484
the:0.0022388703267001574
do:0.007112058603034621
importance:0.04903714132969584
may:0.018425995321186443
just:0.011627609539266198
is:0.0026601250187194446
limit:0.04396458436285895
win:0.033559162412161794
disk:0.03466315825544437
does:0.01206424568651015
first:0.01858965177614892
article:0.008023097824916841
already:0.02877016159700348
comes:0.029942339972727838
s:0.006142933473821964
