pc:0.09131074142459954
choice:0.051676201020801955
help:0.029316338630709544
tel:0.05569106957942981
thanks:0.02730666636871456
fax:0.041899223834019034
companies:0.05447441569298268
to:0.0018879440549189463
building:0.05206119957313221
janet:0.06960173243456544
next:0.03669013731163254
r:0.0424687639277963
months:0.04651773342438109
recommendations:0.07381853570229485
comments:0.05046582210998767
these:0.022693643467108802
big:0.03802439114887064
on:0.013890652746281915
you:0.007613684786420847
am:0.02238816926988172
a:0.005739058051423541
486:0.06531406283955075
internet:0.039130601960474055
have:0.007003433056817162
boards:0.06408649902188382
selling:0.057120234730815615
be:0.007924126810102346
of:0.002663569665284091
pete:0.07121519867643371
good:0.022191915772047932
in:0.0024339685191026093
system:0.030619483962226367
monitoring:0.0783009043489855
or:0.018474286512413295
and:0.002615050784183492
few:0.03130996576583954
green:0.17294427942541574
for:0.008913667477043122
subject:0.000365711738246826
welcome:0.05730983817481385
i:0.005230101568366984
44:0.12451460372528755
386:0.06464570442627088
any:0.014017633784778182
the:0.0020650767396960357
would:0.025552045098750028
peter:0.10087378303632757
may:0.025493500375888094
i/o:0.07069820788214812
many:0.025386315446275252
motherboard:0.061852386763444546
build:0.05111826113723773
61:0.13828246183354223
advice:0.053285713263469155
wanted:0.04171452040474113
remote:0.06172003181944815
200:0.11386643962140308
include:0.04604826401704933
