another:0.009943970091428604
basically:0.03519467756276131
at:0.007901031501833461
know:0.0165992169371072
help:0.01919365668198921
all:0.004278331079131351
800:0.04304641511750481
graphics:0.031558219194078224
hand:0.05663209785565333
with:0.0026225442905360866
from:0.0037962881364581864
except:0.014459019816160597
my:0.004261050499239019
to:0.0018540795875661403
scanner:0.1747311210068827
within:0.014513229669609046
256:0.021916023968250098
most:0.008325540197161604
software:0.025253685098486606
that:0.003111252246049119
choices:0.023020494175823757
think:0.0064562691817424
like:0.0052225966973483105
really:0.008750653556909982
through:0.010625395937331061
nt:0.0032021459718495
me:0.009718284129188742
recommendations:0.02416481213572881
greatly:0.01750192443856772
anyone:0.0075018598638627405
this:0.0047083626759768515
best:0.021840144214900756
two:0.008362284451360141
on:0.006820746527882824
you:0.007477116449444689
am:0.014657725172209557
market:0.017537467332166018
m:0.006138182565542924
includes:0.016895759513149547
a:0.0025049401360473455
same:0.008708938791608127
price:0.02807304216900415
as:0.0035879558754126385
let:0.010336940550461098
also:0.01995736051586861
output:0.018328960488493817
features:0.01939752244868307
helpful:0.020827817808319313
prices:0.01956260752995086
no:0.0050481871577691025
kevin:0.02020431534896733
it:0.007687341473990402
not:0.0027036323254527573
should:0.007366870592975245
have:0.006877810939206093
whether:0.012813715627272756
buy:0.04045077746964977
400:0.04117333609394084
32:0.019203671621100923
225:0.026687354728297787
has:0.004774773425500228
cad:0.055894013362123844
provides:0.019812333565200135
heard:0.012119494885290917
be:0.010375986675111594
which:0.017379717477814142
if:0.006010317666039545
of:0.001743861753952813
available:0.03633718154010175
looking:0.011631772849357147
but:0.0029833328352036332
windows:0.012319314714903594
please:0.01717861306641484
toward:0.020055885086965784
who:0.005798443382214566
canon:0.025024307289146716
one:0.008818931908301547
in:0.0023903098909572713
according:0.015423884325498736
fellow:0.021581446103715686
or:0.006047636391955922
offers:0.04053892756396973
recommend:0.01967614030118086
better:0.020055747724676262
and:0.007704432130980064
for:0.008753781064898852
subject:0.00011971729547990268
however:0.010749322440344902
i:0.007704432130980064
appreciated:0.01517830546715804
any:0.0045887321358242476
leaning:0.027069228308299165
than:0.0064152523866343545
the:0.0037180641748338935
do:0.0032211565870246487
would:0.025093712451238818
because:0.00791355290984087
gray:0.02577917417174409
makes:0.012524564494403471
about:0.0044171129162415765
middle:0.01801390266879185
eye:0.02058666804697042
is:0.007228859916340733
netters:0.022142715803061003
deal:0.014781681577401385
picture:0.018343173828230492
90:0.03616107093761733
dpi:0.1095144535289267
le:0.024061720125752584
wanted:0.013655425962090144
under:0.010884858417514076
resolution:0.020035076210030797
e-mail:0.012330474334763527
terms:0.0172607128933384
iii:0.020729796311402277
comes:0.013561328866571801
hp:0.01939752244868307
range:0.01793522863448284
