thanks:0.07666871711216013
switch:0.1635428239234683
liu:0.23867362472287107
via:0.13147043763906327
this:0.02019163224505458
reply:0.13812294305212094
am:0.06285909064236021
nelson:0.40850006995136745
drive:0.10860783649253802
advance:0.12167312371833268
conner:0.40767735540392536
settings:0.1934967710441775
looking:0.09976482097717862
please:0.14733964283886575
in:0.006833834688249634
for:0.012513417804310539
subject:0.001026806034308396
i:0.007342257970976728
info:0.11328444074586144
information:0.09380081863399096
many:0.07127696259915745
about:0.037885237704687366
e-mail:0.10575752987124103
