confused:0.06619815217020242
go:0.02664975687389215
there:0.012572314870919827
option:0.05740563318153948
remove:0.06052260801424151
my:0.01301663371685344
to:0.0037758881098378925
most:0.025432814574890928
quite:0.036386292905608235
nt:0.009781897968800527
so:0.01399740544362904
jon:0.17052198344047945
on:0.013890652746281915
am:0.02238816926988172
why:0.02437976137197269
a:0.0038260387009490275
question:0.029903918949960334
dollar:0.07723846278260364
no:0.015421174468253558
dot:0.07898031450157963
d:0.02495677016954843
it:0.009393299444930739
not:0.008259041213369381
matrix:0.08430439655352187
have:0.007003433056817162
picked:0.06539994794932605
color:0.05061139872059433
installation:0.06794929424568029
be:0.007924126810102346
were:0.02125073010236026
totally:0.05643171644614592
but:0.009113468797950825
nec:0.14860985738971053
print:0.06022415110759895
seems:0.03228064506001477
please:0.026238566532948693
up:0.018403566717155952
in:0.0024339685191026093
for:0.008913667477043122
subject:0.000365711738246826
i:0.010460203136733967
appreciated:0.0463666043722773
info:0.040347883005375305
pay:0.04565537071229977
any:0.014017633784778182
the:0.0020650767396960357
do:0.009839971491869817
would:0.012776022549375014
just:0.016087514568025835
chopin.udel.edu:0.1557319813468866
head:0.04729944843089977
printer:0.1190666349925433
2:0.026690541809526146
x:0.12514356121422338
instructions:0.06619815217020242
almost:0.04139716342828175
fit:0.05569106957942981
