cable:0.06963947521595562
out:0.01900285643678161
switch:0.06858247454855122
with:0.00943269962563786
from:0.027308782400973404
lu:0.09632095792924422
wrote:0.04154153184988486
my:0.015326036473069375
boot:0.07917139466758616
make:0.028388394892737156
suggesting:0.08788147173949346
could:0.024340470247194473
anything:0.03743937339224845
re:0.006031298431905976
exactly:0.05187713956890336
reply:0.05792252450572813
you:0.008964499829172932
3:0.03776557975221967
a:0.004504852018859339
how:0.02121553221337297
as:0.012905067100274491
drive:0.1821808870197412
it:0.00552992628612858
deleted:0.056667411241908654
have:0.008245977631413756
gordon:0.07236313109433905
b:0.09873897891981424
mohammad:0.1023644006621702
heard:0.04359108644225604
without:0.03624533040004024
1/4:0.0900067826690277
writes:0.0319965673073014
what:0.014845840370913407
archie:0.095988388780813
david:0.04026524579587894
in:0.005731603286919048
5:0.041917304627704564
system:0.03605197305229879
subject:0.0004305960789035209
i:0.009237034221551367
khan:0.09502994651515492
the:0.0012157306612726661
do:0.011585772885588656
can:0.01394461278125344
paul:0.05282294340498479
1/2:0.07650377378543281
wanted:0.04911548370235649
article:0.02613977033279358
check:0.053375992977220794
lang:0.10051907241736788
