since:0.020733902833198772
eisa:0.028914095986941543
typical:0.02310158207114997
folks:0.019187646892719058
all:0.004943356635473011
small:0.015485730053191768
dos:0.018287836042714705
thanks:0.010328428212000845
ever:0.01369648734108736
medium:0.028426899356639595
switch:0.022031675761710758
your:0.013056292457836918
with:0.006060387324244014
ca:0.0319670766231967
both:0.011635772447192943
my:0.014770169865237843
to:0.002856371316250427
archive:0.05028671311650049
software:0.029179128378044112
demands:0.05858492912429645
that:0.0017974332924066156
problems:0.014212814693739757
nt:0.011099666607084537
re:0.001937515558436117
norton:0.02746013274741466
anyone:0.008667952070680784
supposedly:0.02403675500230175
bus:0.020969132910651094
programs:0.01830664313105967
internal:0.020531437389224524
two:0.009662121412711458
on:0.007880966195429377
machine:0.06741553065957195
backup:0.12930233519692785
card:0.01585962873841576
m:0.014184608415710592
a:0.004341463603667549
how:0.006815352317249349
as:0.004145669223922376
running:0.01568632338055286
drive:0.02926221501353356
question:0.011310808722005723
scsi:0.02191695490224333
colorado:0.024420734132631915
fine:0.01678319470425161
therefore:0.01778717886297858
250:0.023679278984234647
advance:0.016391198013868652
athena.mit.edu:0.025322659818237163
third:0.018926347132994226
works:0.03083032117669161
yeah:0.020488199192684728
it:0.0035529060076681033
not:0.0031238860547977455
comparable:0.02623822232854665
have:0.007946900722502375
made:0.012049634984031096
drives:0.020969132910651094
fail:0.023652775871971583
has:0.0055169661859406785
device:0.020798729455496507
floppies:0.029137785996605835
glad:0.02403675500230175
be:0.005994417172409029
which:0.013387485311062361
writes:0.003426230005272344
things:0.011578890819379533
of:0.0010074641739157442
even:0.008700308019513086
seen:0.013432460573172813
central:0.023732695407337554
using:0.02284373656626861
windows:0.042702702301919714
up:0.0069609345614113196
sounds:0.018459609137620923
in:0.004603101085349494
cpu:0.02317338017820399
floppy:0.045647886980288474
point:0.011406922079067672
system:0.011581462845816192
speed:0.03480274784337597
and:0.003956449891096268
for:0.0033714908073790052
subject:0.00013832620151304817
i:0.007912899782192536
tape:0.0644979522857772
similar:0.0163977113360969
any:0.005302006561081903
pretty:0.014912021020308946
program:0.014386701722197281
the:0.0035149104092753766
when:0.006775515247895005
hello:0.02004813881166721
can:0.004479616541128049
because:0.00914363885437572
extra:0.04025570683410623
imagine:0.020402790437650066
an:0.004652321961459776
solutions:0.024390165624200887
problem:0.02192295639425476
places:0.019765916488550958
just:0.006084914836610808
makes:0.014471387990942872
jerry:0.05057259867628109
is:0.0027841722993851184
sorts:0.025780134466660363
else:0.026181888345472092
hardware:0.03678426034895908
time:0.008183989481366392
keep:0.013727536705315653
run:0.013869608437240388
unless:0.015948504796582857
notice:0.020922100692251526
donald:0.028630115486967474
although:0.0163717070298174
article:0.004198615960189642
by:0.00513179002495941
data:0.015203863332672603
sometimes:0.018158063856569172
everything:0.0160086139063381
