sells:0.03348545891277331
obvious:0.025644322092680083
cable:0.028784316422594994
out:0.007854513993869734
nanao:0.08503152666295076
know:0.008225834171055347
vertical:0.03600299430687145
thanks:0.013289244299441087
with:0.007797698357193965
companies:0.026510882303918244
from:0.005643815029534504
batch:0.039152056593126074
my:0.0063347617422020094
store:0.029754686993203824
via:0.02278820919077097
to:0.006431596080423877
connector:0.03512259616011767
might:0.014180567572522973
that:0.0069380925086895365
quite:0.017707995880729344
nt:0.00476052367814959
need:0.025616026553296485
re:0.002492936685187804
michael:0.020031301344491263
this:0.003499882922476127
reply:0.023941310129034298
sync:0.04086352223877817
on:0.0067601176698572
you:0.003705326596058146
used:0.013163090055579104
etc:0.030964319832776477
access.digex.com:0.029816415829289133
a:0.005586016503385581
other:0.009195386585546073
wondering:0.02399289001238198
was:0.011806148454685143
altogether:0.03729736773647783
drive:0.01882535832537326
question:0.014553240555647363
also:0.009889980877863776
vga:0.09020763218511327
cheap:0.024774874789378988
computer:0.017871352701102104
it:0.004571405729866293
raster:0.04009639337354626
able:0.017583101507404462
technologies:0.03291883749388402
has:0.02129548947773102
be:0.007712816761832952
which:0.017225231100233572
writes:0.004408415940117083
get:0.008762493168607484
if:0.008935338930178791
end:0.01802822268383673
of:0.003888811711314773
monitor:0.12490919466962692
wayne:0.031150776049885875
but:0.004435221481669402
windows:0.018314714542823345
please:0.012769435712701699
good:0.010800065675729996
one:0.013110812103674967
5:0.017325819246117886
use:0.022170393703297975
and:0.005090632193210532
few:0.015237516672708578
subject:0.00017797971261345532
i:0.00890860633811843
back:0.014042378133783584
horizontal:0.036081890691184795
possible:0.017179810819763882
monitors:0.03078235819205221
any:0.006821915108592049
connect:0.030640508869070316
the:0.0020100080266374745
do:0.004788786126043311
when:0.00871782961895824
would:0.006217664307362507
can:0.00576377328291809
drivers:0.02621535838987004
rgb:0.07185004141690034
gateway:0.03217213710470739
bought:0.048841116651579475
an:0.011971975180823158
17:0.05243071677974008
different:0.01684811265340832
current:0.021081638158205455
five:0.05294643484060823
is:0.0017911508459377595
cards:0.026233449762347347
connectors:0.11464453076695444
adapter:0.03332608877374962
accelerator:0.0353320374683402
diamond:0.0333787899704637
mike:0.021302746859718023
check:0.022062077097251262
