replacement:0.09495818507851161
at:0.033883269709785814
know:0.02372836780112119
where:0.03552801535064927
into:0.034438536595815125
from:0.016280235662118763
to:0.0026503830001746746
proud:0.09722324345651899
its:0.039765856846810964
need:0.07389238428835525
so:0.01965020379586385
ti:0.07285886646637814
m:0.026323359848386
more:0.024450365881167807
a:0.002685584857396914
owner:0.08618861993868476
jumper:0.10843091890634744
it:0.01318674729769123
without:0.04321558624620183
get:0.025276422601752353
battery:0.18127698798453692
kinda:0.09820965296397188
of:0.003739242030110359
what:0.03540161934602428
but:0.012793908120200198
please:0.03683491070971644
george:0.07658296498183015
one:0.0189098251495312
replace:0.08454544290105237
for:0.0062567089021552695
i:0.014684515941953457
info:0.05664222037293072
voltage:0.09942829938575244
any:0.019678601274784758
suggestions:0.07609608405905534
the:0.0014495250192097173
hello:0.07440943828176484
ibm:0.0757782128676859
can:0.03325253817068129
an:0.017267271895418015
respond:0.07776937977039436
s:0.02386293387907763
