nanao:0.10809092372408993
take:0.03602964627687633
graphics:0.05963968542609698
to:0.004671861559629935
been:0.024868481139346428
re:0.006337974623358823
yang:0.22194113683107472
inc:0.062051110098379686
access.digex.com:0.07580444702361644
m:0.023200249357899525
a:0.004733912291004729
was:0.015007815832226875
also:0.0251440191810096
silicon:0.09214205347892847
should:0.02784427359717762
buy:0.050963408902440104
between:0.039370607560108566
has:0.018047024981127983
access.digex.net:0.08407285559211292
which:0.02189648021216132
writes:0.011207837135890887
get:0.022277525004934278
wayne:0.07919688826242172
what:0.015600713610112393
released:0.07331605942468347
in:0.003011520371093059
system:0.037885124224449576
and:0.006471142618487964
subject:0.0004524907947799711
i:0.009706713927731946
monitors:0.07826023269165816
the:0.007665284847346302
upgrade:0.07495873564828384
gateway:0.08179356891027303
instead:0.051995496806519347
sgi.com:0.21035641500998806
just:0.019904890906201456
about:0.016695189496980872
17:0.0666492162454323
new:0.05844066321639142
article:0.013734455598586458
difference:0.05435853977685401
going:0.03691213023813021
mike:0.1083190518290747
s:0.010515869167051158
