another:0.009014249310522679
pc:0.01354813846340603
go:0.007908261186154989
choice:0.01533480761999408
at:0.0035811585872131345
out:0.004789337801140082
fast:0.014153650101414788
know:0.01504725762997929
all:0.015513298059289289
dos:0.014347773805869667
graphics:0.028607653984875792
ca:0.008359953642651713
someone:0.008957146807573252
reviews:0.09710405514818117
both:0.009128878383366823
to:0.0016807306830375986
recall:0.01589778542712611
look:0.009638895627137848
t:0.0209453093902475
that:0.009871269829436332
13:0.016007067294579118
like:0.009468610272428239
arrived:0.021458342321354462
nt:0.005805516680670232
months:0.013804042845446424
me:0.004404832034164816
re:0.0015200833446267097
so:0.008307403230771709
had:0.006237432868626567
this:0.004268149905458691
getting:0.011025209643189782
two:0.015160889696368387
big:0.011283660788079502
slower:0.019866964816747042
you:0.0022593454854013084
performance:0.030821229541435905
card:0.1244271685574895
posted:0.01387553221334104
beat:0.017666390964340778
magazine:0.0171654452715605
a:0.0011353692080051994
same:0.007894688416782978
looked:0.015142289449104411
as:0.013009986344992171
question:0.008873927168077661
also:0.006030476145038889
vga:0.11000930754282107
ultra:0.0217661139544264
video:0.014210208101077329
far:0.010119423057404073
prices:0.017733583248695294
are:0.00784038270245397
it:0.006968606295527886
should:0.0066780981391604865
have:0.004156509049980918
only:0.005420879017354824
ve:0.007419242678973311
whether:0.011615685304397662
real:0.010396722983732714
doing:0.02179433256231964
editors:0.025799157890465663
has:0.008656703039728058
cad:0.02533407516210085
ati:0.08347268619851543
uses:0.013882094023725354
yourself:0.014253149070628425
tested:0.01925672735211566
be:0.004702937049898141
which:0.005251594847632187
writes:0.002688058500071392
were:0.00630611096533455
if:0.0027241886982252413
of:0.002371226653240715
what:0.007483269130053913
significantly:0.039733929633494085
seems:0.009579215810492188
windows:0.03350252660272563
they:0.01137706859155785
up:0.005461221017692621
pro:0.018295797359984645
pick:0.01634168498795941
one:0.003997198812096027
tim:0.01657686707209833
bob:0.014975630138329676
in:0.0028891008438128537
speed:0.02730459485272993
use:0.0067592663729567
and:0.0015520220101251621
for:0.010580450826408912
subject:0.00010852421500820447
each:0.010349631696587869
i:0.0031040440202503242
faster:0.031709764450360424
group:0.010963885913848151
back:0.008562425691331454
review:0.017567640181539782
than:0.011630904733491555
the:0.00612807325194352
do:0.011679966161081247
vlb:0.022354857644989228
around:0.019245483196371024
would:0.007582517448003058
can:0.003514495904218347
did:0.006682565217247827
last:0.008862449398615847
an:0.007299984866355584
just:0.009547874499722652
about:0.016016523257266206
is:0.004368660599848194
cards:0.0639840238106033
1/2:0.01928143892153185
done:0.010766925005775198
issue:0.012729105721401844
recent:0.0308788218576018
does:0.004953206562347664
ami:0.048384391092767536
orchid:0.1058682258918021
article:0.003294036098847972
little:0.00953389716218888
shown:0.03357209428464768
three:0.011863772384034443
april:0.013829893747512652
while:0.008822530511701312
check:0.013452486034909308
appear:0.016051616131122694
