another:0.010764588982468829
bottom:0.021779194795383594
since:0.009712726327202336
read:0.011004869232514182
week:0.016737081574784384
large:0.014534146213046481
k:0.018391558525493505
all:0.004631397236147044
where:0.01793647376925982
tony:0.02244050765748887
with:0.0028389678484929477
way:0.008409576793915258
from:0.01643829620252768
my:0.004612690588982045
to:0.002007086155472084
experiences:0.022937410631574163
most:0.009012599339645815
death:0.016288429048720493
day:0.012346131241567339
that:0.006736012144358773
quite:0.012894171757812628
me:0.0052601392252647795
account:0.019780482556928446
re:0.0036304903182346653
this:0.0025484584386962087
these:0.01608384439901886
on:0.002461207889511116
you:0.0026980533466442807
relative:0.023898638236373337
used:0.009584774312314881
etc:0.022546834829691605
shorter:0.028328967074216317
size:0.01747998610226149
sharp:0.026102875164400238
shadow:0.02604739605846032
more:0.006171937018547212
a:0.0027116584967891164
same:0.009427637623925303
want:0.009187368775301852
as:0.007768098642883674
lean:0.027747407851824956
also:0.021604327160382037
nyx.cs.du.edu:0.022822508961254234
science:0.016415690418287936
ie:0.02030882614932724
computer:0.013013120898860753
are:0.009362787110697459
annoying:0.05056671276011065
no:0.0054647851270995616
yeah:0.01919525458343763
it:0.003328693492621087
have:0.002481799092949771
due:0.016092924683973216
only:0.012946953769604723
tube:0.05176932908741924
university:0.011409417968925502
after:0.01873022997732962
quality:0.01866098951735121
uses:0.016577646261341925
sun:0.017614040311159422
be:0.0028080643550362685
which:0.0062713220025122215
writes:0.0032100116068813703
get:0.006380456190733603
making:0.01492527762559419
of:0.0028316590130932815
available:0.02622392065839058
but:0.0032295302050990788
nec:0.07899407468045294
lines:0.01715136953541027
oh:0.015678233903599383
using:0.010701070770120974
breath:0.027669736291890776
who:0.006276955700164312
tubes:0.05882437639420166
up:0.006521652283264003
now:0.016038003862895573
one:0.00954670784248177
in:0.005175136948383218
or:0.006546713181583352
and:0.005560156521710532
gets:0.016200564768897106
for:0.0015793634121945338
subject:0.00012959687811659365
however:0.02327280489511566
i:0.002780078260855266
example:0.013647374484261671
appreciated:0.01643088407367108
top:0.016415690418287936
monitors:0.06724301546807522
any:0.004967413914023336
than:0.006944666418541073
cost:0.016121396137625633
the:0.007317990388243233
thing:0.010989963277305613
closer:0.02262775170984926
older:0.021447331966211795
would:0.004527425466526097
holding:0.02236241961015089
agree:0.01464347174254582
sony:0.04932938318177938
extra:0.018857649075200246
mask:0.02604739605846032
just:0.005700915356630514
newsgroup:0.01866098951735121
wires:0.02722812571807657
people:0.007307151165403482
about:0.004781631943310056
17:0.03817770639301461
gif:0.022738083025759727
is:0.009129652370071102
mcgill:0.031966038177182285
done:0.012857590055440283
right:0.009416862105778152
bandwidth:0.0259383045251979
2:0.009458298796579653
created:0.018437354798470973
image:0.05389897568350015
article:0.003933654758818451
difference:0.015568707994341681
opinions:0.013862185220971077
comes:0.02936093531306322
high:0.027158483744092438
black:0.017133749302155037
while:0.010535643232420011
favor:0.02311502930842995
