often:0.06092785075056287
that:0.006802051479107388
reliable:0.09096262187145562
re:0.007332166721140599
flat:0.09682011027612948
this:0.010293773301400373
on:0.00994134951449588
set:0.05194930557109649
a:0.0054764867680250785
plus:0.07011568341136609
are:0.012606105521592657
those:0.07278100605049255
it:0.006722655485097489
not:0.011821764874038528
have:0.010024521826424566
only:0.026147769377829148
technologies:0.09682011027612948
has:0.02087793086052061
screen:0.07330014059031466
which:0.02533122220622584
of:0.007625121002577986
monitor:0.07347599686448643
advantage:0.08359550150068255
nec:0.21271607038135038
well:0.03299741000300676
who:0.02535397792615389
tubes:0.11880217193338768
one:0.019280606034816128
and:0.01122933572031735
for:0.012758778937728392
subject:0.000523469742980751
i:0.007486223813544899
the:0.0029558941568198155
can:0.01695227436152379
people:0.029515159609276812
15:0.06552570062707144
is:0.005268090723346351
having:0.05131159592981101
new:0.06760782607386458
insist:0.10371026492000965
break:0.07694522643623306
