at:0.011151455853853557
knows:0.044227359634699176
nichols:0.06866151638891689
with:0.00740287818720946
someone:0.02789187486915215
dealer:0.05598184054745249
several:0.03567659964642274
to:0.003489111797698306
reserved:0.0721514642548038
t:0.03261105132911952
make:0.04455899957847351
nt:0.009038969009144792
me:0.01371631241018411
need:0.024319012550597926
bell:0.056496241126336375
pins:0.06630291413332837
on:0.012835666461754176
none:0.04585455990406701
them:0.01855517938648406
m:0.01732676850779838
a:0.0035354534831554306
ps/2:0.1571016263998645
connections:0.07099992275852877
based:0.03823927863165243
works:0.037659822703173924
it:0.00433994214860724
have:0.025886106994817866
mouse:0.2200471988469788
of:0.00246127323500935
trying:0.034130737000865774
what:0.0233023317214337
but:0.008421306610764687
sense:0.041599013245101145
port:0.15834596716517244
please:0.02424576401145892
they:0.011809109170984097
who:0.016367757901694282
bob:0.04663297486112785
email:0.0347328944173157
in:0.0022491101505631703
and:0.002416439332220189
for:0.008236680073723392
subject:0.00033793616319010504
i:0.009665757328880756
info:0.037283486827751865
information:0.03087115549979449
the:0.003816470936653433
would:0.011805691722840203
bought:0.04636814871985393
an:0.011365799222300464
about:0.012468559244580651
different:0.031990087316598075
does:0.015423909042247155
serial:0.05239642946664345
stock:0.06288484910531494
adapter:0.12655476749525169
laboratories:0.0715626032974001
