nanao:0.11595208181311466
k:0.06888474647730296
know:0.022434093193787304
from:0.015392222807821373
to:0.0025058166547106014
been:0.026677097949480713
re:0.006798918232330373
this:0.009545135243116709
you:0.02021087234213534
specs:0.0881070568864894
a:0.007617295231889427
also:0.02697267512144666
mitsubishi:0.1171255094701614
have:0.018590931387187374
92:0.07970027069776134
has:0.019359535888846383
be:0.010517477402499477
which:0.023488951500318503
soon:0.06539988430980855
if:0.01218455308660744
of:0.0035352833739225207
monitor:0.0681322880016147
what:0.016735310963575112
year:0.044995649385630034
released:0.07864813647375135
windows:0.0499492214804273
they:0.016962174991049885
for:0.011830867742257235
subject:0.00048539921621851447
i:0.006941771172559816
monitors:0.0839518859783242
the:0.006852300090809573
do:0.02612065159659988
may:0.033836827771633285
last:0.03963931912835451
just:0.02135251933574338
17:0.07149643197237282
changed:0.06871482170606227
is:0.004884956852557526
issue:0.05693381831754278
new:0.06269089326849261
their:0.027521520337849343
going:0.039596648800903314
