ask:0.014148362059982364
at:0.00855305837334399
out:0.011438612612431648
there:0.004455237794063822
50:0.016753316937516652
case:0.011998112171392017
supports:0.020978832449799933
where:0.00896823688462991
your:0.012232351671662742
with:0.0056779356969858955
way:0.008409576793915258
4:0.024119121399792998
such:0.028005104904870855
from:0.00821914810126384
my:0.004612690588982045
hamilton:0.053518126817812636
to:0.006021258466416251
spell:0.02744391097327479
recall:0.018984734053752533
then:0.007746991989202927
most:0.009012599339645815
clock:0.020825926299026288
h:0.01715136953541027
software:0.0683443176815839
ms-dos:0.025143986934024105
that:0.006736012144358773
protection:0.020533846097732827
packages:0.024006119429952042
finding:0.021643715241417203
re:0.0018152451591173326
had:0.0074485848819521114
this:0.0025484584386962087
he:0.015438186480778982
programs:0.01715136953541027
recently:0.016064619245571305
on:0.002461207889511116
regard:0.022285567837254383
you:0.0053961066932885614
locks:0.027826342419163697
card:0.014858778381137094
convention:0.02790658174902394
3:0.011366339537075823
m:0.006644731612213942
sure:0.010592446699801958
a:0.0020337438725918375
other:0.006695669843844227
was:0.004298355019909638
commercial:0.040449966992745154
as:0.007768098642883674
standard:0.014776915244962312
also:0.0072014423867940115
poorly:0.02798816970201608
success:0.021756350664134016
are:0.012483716147596611
crap:0.023589775635013088
works:0.014442359191993883
d:0.008843903992121531
it:0.008321733731552717
ones:0.016469077574644934
have:0.002481799092949771
made:0.011289221125815539
verify:0.026215772553547165
money:0.015049610518102571
left:0.014196141667478453
command:0.01998180900453318
has:0.0051688081256628686
details:0.01851855282665211
netcom.com:0.031252768686612996
be:0.0028080643550362685
comm:0.09156920884997503
writes:0.0032100116068813703
of:0.006607204363884323
trying:0.013088971956642699
wayne:0.02268260391981981
but:0.0064590604101981575
ok:0.015843928109276366
phil:0.02151191432362132
print:0.021341568110945258
separate:0.04099708288159109
find:0.030822039869029955
up:0.006521652283264003
in:0.002587568474191609
system:0.010850593831274392
or:0.003273356590791676
and:0.0018533855072368438
for:0.0015793634121945338
subject:0.00012959687811659365
p:0.01634042737685121
i:0.00463346376809211
back:0.010225032621687074
paid:0.020077622028020176
howard:0.02547563374944875
wing:0.05445625143615314
allow:0.017020750831915496
addition:0.01924934281913298
unfortunately:0.017873267382650274
than:0.006944666418541073
the:0.004024894713533777
do:0.003486980188866488
when:0.0063479341885618245
got:0.010738610784614437
would:0.004527425466526097
because:0.008566613101429678
liberal:0.02379348533937732
instead:0.014891914133906024
last:0.010583313359512124
friend:0.016860191357732066
long:0.011554908956837789
many:0.00899612149309754
is:0.0039127081586019016
right:0.009416862105778152
time:0.007667524125746182
printer:0.021096758141882672
lot:0.0120318125643951
2:0.009458298796579653
irq:0.027826342419163697
trouble:0.01851855282665211
1:0.009507397533615089
serial:0.020093776348858408
too:0.009478242077012118
every:0.011806546247268913
him:0.02326713886760493
very:0.00846234219312353
full:0.014998361572442975
written:0.017395723002214123
bad:0.013303888576438756
majority:0.02001353701899816
ports:0.047797276472746675
by:0.004807939198141583
mine:0.015850674974757215
periods:0.026823360626139426
everything:0.014998361572442975
s:0.003011826606097176
conservative:0.025574705941833253
