whats:0.030291856648977385
some:0.005723219976143893
24:0.0179562928866101
go:0.009536432606833957
choice:0.01849197389469874
know:0.01209681495743433
technology:0.016508174930475208
thanks:0.00977150316135374
ever:0.012957951258969905
where:0.009056160775655695
your:0.006176138344025797
with:0.008600402599846284
much:0.008564690537058488
from:0.004149863992304782
clark:0.04916457514920325
to:0.00202676347072181
positive:0.021700980393708887
formerly:0.026957328336604653
might:0.010426887920972775
appreciate:0.018819673212816145
enough:0.011922296700673511
make:0.008627845506616194
that:0.003401025739553694
bit:0.013358255872822057
really:0.009565665407798657
nt:0.0035003850574629337
location:0.022504053796443154
me:0.005311709217669337
anything:0.011378633089800999
re:0.0018330416802851497
norton:0.025979439314956027
anyone:0.016401124996484228
this:0.002573443325350093
bus:0.01983844437135128
ide:0.022205364820976695
pins:0.02567612851241638
these:0.008120764574014425
on:0.00497067475724794
set:0.012987326392774123
you:0.008173514550128262
machine:0.015945094874138956
am:0.008011452728928262
etc:0.011383941114991351
brand:0.022086089817743702
input:0.020917408330268217
more:0.006232446205003558
board:0.035207809013285726
a:0.0020536825380094046
how:0.0064478578295545305
other:0.0067613136658427
want:0.009277441018196969
ram:0.019067926805064944
scsi:0.020735158314377267
advance:0.015507358905277694
486:0.023372189153368656
chip:0.015845119400996442
computer:0.013140700515516251
bios:0.023655983165226022
terry:0.053061603957624694
yeah:0.01938344335386349
it:0.0033613277425487446
should:0.008053000697222939
clip:0.08636483072013104
have:0.0025061304566061414
made:0.011399899764303927
32:0.020992248879928947
mother:0.02088041222421242
types:0.020082829470494504
has:0.010438965430260305
feel:0.014932728844344009
mohammad:0.0622214984417113
heard:0.013248271369705267
edge:0.02310392984116647
get:0.012886019365599239
tech:0.022229572083920724
of:0.00571884075193349
opinion:0.01622211551268475
but:0.006522384531866767
year:0.012131179981419863
negative:0.02420502756903237
warranty:0.02516455980984656
easy:0.016243537079700037
must:0.011360100134703418
they:0.00914627082850729
who:0.006338494481538472
clear:0.01616544481464026
in:0.001741957861710691
system:0.01095697220216924
or:0.01322179328829579
use:0.016301760075954394
better:0.021923685012758855
and:0.006550445836851787
for:0.003189694734432098
suck:0.027021407167817167
subject:0.00013086743574518774
vendors:0.02689407635211491
i:0.004678889883465562
hr:0.026957328336604653
info:0.014438213036237242
back:0.010325278039546752
pay:0.016337461088224918
any:0.01504834215130599
information:0.011955006296489044
yet:0.012892493836696882
the:0.0036948676960247696
do:0.007042332538298987
upgrade:0.021679242172787976
would:0.004571811990707725
because:0.008650599504384873
agree:0.014787035191002152
7:0.015644747690839733
an:0.013204384390613775
slots:0.027152133869200307
just:0.005756806683656303
cache:0.07136276199621025
about:0.009657021375704624
company:0.016500627645251717
is:0.005268090723346351
number:0.01226600415881254
either:0.02454473242267998
purchasing:0.027355002575880968
motherboard:0.11066726063067284
days:0.014599277571324374
uart:0.031417221558999446
does:0.011945968768014953
2:0.009551027216153965
first:0.00920370014407373
article:0.003972220001551965
very:0.0085453063322718
process:0.017728253594282192
by:0.004855075856946892
s:0.006082708635843316
