some:0.012289861843508991
since:0.02106128024635454
at:0.009273315920572959
out:0.012401864200846945
small:0.03146048316069486
with:0.006156077650416288
from:0.00891128688873869
my:0.040009021529696896
to:0.004352207873971045
front:0.037020536098588776
that:0.007303255272304775
smaller:0.047276234410999644
font:0.10507516081266137
anyone:0.01760962894359359
comments:0.038779000147674735
had:0.016151668270338263
this:0.011052261860450927
serious:0.03786309091620495
size:0.037903969863851236
vs:0.035964336263824656
m:0.014408575917011284
a:0.005880017371984821
was:0.009320643516856691
running:0.03186800434154423
ridiculous:0.052537580406330685
computer:0.028217925317529632
shell:0.05072863033341849
are:0.006767488227381321
spending:0.051594294525386615
mnemosyne.cs.du.edu:0.0628620988590857
it:0.003609004523578652
kind:0.029005544178558523
money:0.03263389228135926
real:0.026922040568402604
hz:0.061429128603037494
has:0.011208152356700536
decided:0.039280348031772154
800x600:0.062432393653609336
found:0.028152847423757867
14:0.03930371389217545
were:0.03265901678889051
of:0.006140229017865431
monitor:0.039445008843040086
but:0.0070029812868464235
seems:0.024805127256642925
using:0.023204427143630742
find:0.022278386712351474
in:0.0018703126515209523
winter:0.056602024040699465
subject:0.0002810205988633505
however:0.02523262004417803
scan:0.05513610754245201
i:0.010047300381336574
rate:0.04089132325780264
any:0.010771444908303235
eyes:0.09098188388755339
the:0.0007934242210411084
upgrade:0.046553320034197335
less:0.02893542691153976
thought:0.02825880426517592
myself:0.0701650960420607
problem:0.02226910833732194
17:0.04139267114190006
eye:0.04832449446815161
else:0.02659528658250586
time:0.016626420735828564
lee:0.08983476419736244
72:0.05492765883407117
experience:0.0348655028925805
fonts:0.05213422393999241
very:0.01834992096614155
past:0.0347738362831933
going:0.022924375621575604
grateful:0.05672371690807921
