some:0.016215789932407694
read:0.031486153637471134
at:0.012235625172978208
there:0.012746930355238158
know:0.01713715452303197
all:0.013250942092309599
among:0.047840353722025344
such:0.02670857227038609
to:0.0019141655001261538
recall:0.054317433542680864
us:0.02860939425256939
that:0.0144543593931032
anything:0.03223946042110283
recently:0.04596266061927346
support:0.03804105985463203
more:0.017658597580843413
a:0.003879178127351097
other:0.019157055386554316
was:0.012298071306963688
ram:0.05402579261435067
standard:0.042278396395308844
california:0.05527040592948522
it:0.004761880968610722
not:0.008373750119110623
being:0.027025054582293723
university:0.03264361252220352
soon:0.04995824495888153
of:0.013502818442065185
but:0.00924004475347792
in:0.004935547274846957
ho:0.16261434322102106
and:0.0026513709339638183
subject:0.00037079106794469857
however:0.03329304033606824
i:0.007954112801891455
developed:0.05885136578090327
ago:0.03973841285228672
will:0.03148070402509123
than:0.01986946225304807
the:0.0020937583610807025
interest:0.05073312495372063
can:0.012007861006079352
isa:0.06702528563480706
development:0.0539897643480028
address:0.044344741026855705
many:0.02573890316080685
about:0.02736156056449643
hit:0.049718085276797344
is:0.0037315642623703318
limit:0.06167254195345491
time:0.02193763847088491
vesa:0.0733160029312944
hear:0.0460233550591501
light:0.048502981747309624
too:0.05423660744068046
transfer:0.06312198661073605
intense:0.08265666811681119
