ask:0.06939434724658017
help:0.050954588572423735
800:0.11427798299051872
ever:0.06293862040071097
to:0.0065628531432896705
that:0.008259633938916114
think:0.03427971494115607
cleveland.freenet.edu:0.10196235170251203
nt:0.01700187027910568
re:0.008903345304242156
this:0.012499581865986166
you:0.013233309271636235
sam:0.11739155992345192
a:0.0033250098234437974
ms:0.09952714100916873
was:0.021082407954794893
dos6:0.14320140490552233
copy:0.08134790345388909
chip:0.07696200851912556
it:0.016326449035236758
25mhz:0.1389468385068705
determine:0.10386813045664385
love:0.07790993905193924
call:0.0632608594761597
intel:0.12037163475569017
windows:0.06540969479579765
called:0.06386320228230319
installed:0.0953659513179784
and:0.004545207315366545
subject:0.0006356418307623404
i:0.00909041463073309
do:0.017102807593011825
did:0.03914073912959441
just:0.08388489739042042
number:0.0595777344856609
tonight:0.11570223287649277
s:0.01477229240133377
