pc:0.03114805665418582
correct:0.015290735701782469
mark:0.014035626001365374
there:0.004288686848491343
know:0.005765771615225709
all:0.013374782672611558
keeps:0.02230932803878879
menus:0.02735568390633999
dos:0.06597294123820444
case:0.011549584613582969
means:0.013245772058125011
hand:0.014753455399311556
with:0.00273283820929695
from:0.003955945114159699
longer:0.01586079910455222
often:0.014520188730274327
reasonably:0.023039465031705515
via:0.015973043825306753
to:0.005152146392862918
bet:0.02015734259350285
5.0:0.02370287746754845
add:0.016057104749774384
otherwise:0.01660460201687867
clock:0.04009477399625622
keyboard:0.02123730390641587
software:0.013157877983557272
ms-dos:0.024204024805649375
might:0.00993965016765629
that:0.0016210496515629757
sources:0.017986630725301232
think:0.006727794521161473
like:0.00544223861452651
re:0.0017473855270007967
started:0.030647148373728086
anyone:0.00781735864318407
this:0.00490637792870485
something:0.018604311375360026
you:0.01038876615717237
machine:0.01519999698282405
them:0.00684980921276748
input:0.019939959342872505
m:0.006396330430448935
why:0.008316460654925263
a:0.003915432128541295
as:0.014955404863869502
running:0.04244103381934629
idea:0.012955029417106337
far:0.011632607813651408
bios:0.02255056339115004
no:0.005260494094310794
kevin:0.04210805909177304
it:0.0016021281763550091
should:0.007676692253427474
have:0.011945107783823664
involves:0.024476309423051127
ve:0.00852866214498801
whether:0.01335261020972815
date:0.10031212681635485
cmos:0.05453988053540712
suddenly:0.045544739279860115
university:0.010982897671021745
left:0.013665444782712904
able:0.012324603860330229
after:0.00901501723207921
doing:0.012526649089557548
details:0.017826270477992217
alive:0.020584210717746902
call:0.024831365401857076
anybody:0.014203715630433152
be:0.008109269959871093
writes:0.003090011172979263
get:0.012283868927954413
battery:0.022024306951392333
if:0.003131544017586024
of:0.0009086008671296198
even:0.007846539475542175
menu:0.0962944396316241
seen:0.01211432191879604
but:0.006217600207947759
never:0.010298781452625515
sticking:0.027532040579157032
fact:0.011206855741256258
called:0.012533899513349222
over:0.009373554918314755
code:0.015142581823979888
in:0.00415139490407688
accurate:0.020899356889688643
leaving:0.021626937593046947
system:0.03133489246601671
or:0.0126039524804315
rather:0.01202562454632179
use:0.007769997793211907
better:0.0104496068752402
gets:0.015594936179405626
for:0.0015203217893087569
i:0.004460250169284928
we:0.006297868718289579
program:0.012974922581233995
than:0.013370105441303374
the:0.0070444206541032985
waiting:0.020444113370962157
when:0.00611062823758755
7:0.014913684714632268
about:0.004602879347298465
is:0.006277397824548222
stuck:0.0444439632456883
broken:0.02098711340675218
night:0.015644088068149646
morning:0.02004738699812811
right:0.009064829877524763
hardware:0.01658729497044183
patch:0.024715997714581737
time:0.029523550839321747
somebody:0.017737047773246518
update:0.020288982205496756
every:0.011365180032417738
change:0.0277757860552382
article:0.003786602244470098
by:0.004628203153351243
clue:0.02370287746754845
s:0.005798469914542227
