manager:0.04908622924891998
go:0.02431790314742659
send:0.07333367802190557
tried:0.03872330066295839
continue:0.04885257758626807
with:0.007310342209869342
from:0.010582153180377196
work:0.0253134057998788
my:0.011877678266628767
to:0.008613744750567693
stop:0.04154941393225797
then:0.019948504372197542
appreciate:0.04799016669268118
memory:0.04227040282709144
like:0.014557988293858416
nt:0.008925981896530481
greatly:0.048786614372507524
comments:0.046050062675363754
off:0.027293218099454383
recently:0.041366394557346114
arthur:0.2003734024571538
went:0.04078076581545105
them:0.01832323964415301
working:0.039606737633832594
a:0.0017456301573079939
it:0.00428569287174965
try:0.03045487090429241
decided:0.046645413287729434
if:0.008376880247042617
print:0.054954537885684045
using:0.05511051446612302
please:0.023942691961315685
in:0.002220996273681131
or:0.008428893221288567
and:0.011931169202837183
for:0.00813372157280185
subject:0.00033371196115022873
i:0.01431740304340462
away:0.03461229482904588
top:0.04227040282709144
possible:0.03221214528705728
howard:0.06559975690483054
any:0.012791090828610092
suggestions:0.04946245463838597
the:0.0037687650499452652
when:0.0163459305355467
disabled:0.07272185889732355
would:0.058290602881523504
ready:0.05269349111037996
problem:0.05288913230113961
printer:0.16297245664604365
light:0.04365268357257867
