mode:0.05022144585545221
configuration:0.015551586802284703
fast:0.02283146180293795
11:0.0633477809445887
all:0.003128091248020627
default:0.06294656112264638
graphics:0.046147428723143896
switch:0.09758948837400402
versions:0.014558764002127062
option:0.013739708925417647
4:0.09774175098407918
someone:0.007224452834960721
from:0.005551293471673283
to:0.0004518685770789609
ega:0.02061558144600531
mhz:0.03098430550888051
clock:0.014066035467539068
connector:0.06909363179039542
archive:0.015910386281122287
basic:0.01252345183462295
bit:0.008934702288707212
16-bit:0.01957999800528899
this:0.0017212538962997344
off:0.050112138149817874
bus:0.013268992300838233
path:0.04363208489568113
8-bit:0.018296460739277765
two:0.01222812742723483
on:0.014960916154601997
size:0.011806154547756943
8:0.2420074821617923
3:0.13050793789783455
board:0.0235488296351157
jeffrey:0.018030475346450324
jumper:0.03697316579101683
standard:0.009980473903154874
40:0.012539367829589504
layout:0.0751767414865275
compatible:0.014772335484654803
vga:0.0739406821189453
chip:0.021196094149529665
video:0.03438404451998383
figures:0.01547257843645172
bios:0.015822362510511834
not:0.0019767541264785735
dip:0.03929805115285885
systems:0.00983743318125446
only:0.004372249961538645
settings:0.1154636469837387
switches:0.01759266750177976
edge:0.015453120287206424
applications:0.012787872220965023
analog:0.017668042971368935
interface:0.013844916514111091
present:0.011883607484686242
dram:0.20260782807840613
up:0.004404788099516015
box:0.010388652494120023
feature:0.03098430550888051
5:0.0937298418232607
system:0.007328597800795164
and:0.002503589603218294
for:0.01173389341650103
ttl:0.021120993511012712
scan:0.017173541693550627
6:0.08670539899355001
special:0.011461348173327944
1mb:0.019446155400304546
monitors:0.030277729369231683
rate:0.012736641670463119
48:0.01683137770888098
than:0.004690496007276922
the:0.0004942642688452807
less:0.009012673956053369
ibm:0.012919564161048088
xx:0.08405394358079851
7:0.0313920838911276
10:0.037906514857654616
note:0.019420912123793425
address:0.031404800202625684
e:0.010199638347717465
select:0.015531655503673613
blocks:0.017630138635627703
hardware:0.01163829876614607
9:0.04669945777868887
2:0.09582342059485617
1:0.10916362676301654
x:0.039936524453063636
slow:0.02692805314781535
adapter:0.04916963917438468
eight:0.01607035403249747
decode:0.0593747991418103
data:0.028862415965958812
trident:0.04069189667406326
four:0.011501790659091718
