ask:0.020240017946919216
there:0.006373465177619079
know:0.008568577261515985
posting:0.022911031645529448
take:0.014762146738442384
thanks:0.013842962811917797
your:0.008749529320703211
with:0.00406130122770519
method:0.02771456890796221
4:0.017251871556796382
from:0.005878973989098441
tm:0.03191719673861491
my:0.006598710148127092
to:0.0038283310002523076
been:0.010189169355704438
that:0.004818119797701067
could:0.010479924689764287
me:0.007524921391698226
need:0.013341680496508584
lost:0.024336849474429514
anyone:0.011617463539176327
this:0.007291422755158597
these:0.011504416479853768
on:0.003520894619717291
set:0.01839871238976334
you:0.003859715204227235
used:0.013711552141228232
missions:0.0373416130824059
suggest:0.025495831979931372
backup:0.03466020929584316
card:0.10628153980952229
8:0.020503411683151847
trek:0.041328334058405594
3:0.01626018017109458
m:0.009505657723028279
a:0.002909383595513323
how:0.009134465258535585
controller:0.05849845306527315
was:0.006149035653481844
evidence:0.022345194684118587
mind:0.021039276409792616
are:0.004464662372230733
it:0.002380940484305361
dip:0.041617727783409546
have:0.0035503514801920335
bank:0.033067333594003955
always:0.01845108401387991
has:0.01478853435953543
open:0.022951115130231684
shows:0.026834823872360494
switches:0.03726224713918629
determine:0.030294871383187788
ancient:0.031844479378425355
list:0.020219643034177635
restore:0.03926003930899032
which:0.00897147453137165
things:0.01551893005652951
of:0.00810169106523911
wayne:0.0648974501039289
available:0.018757387693154375
what:0.006391959048587716
in:0.0012338868187117393
star:0.03188074287829447
5:0.018047728381372797
system:0.06208950914562569
better:0.01552927688403752
and:0.003977056400945728
for:0.006778101310668208
keeper:0.042566168998727255
i:0.006628427334909546
tape:0.05763011477386574
6:0.020405205781661072
dma:0.04118803747981171
revision:0.08353415286155469
unfortunately:0.025568701950180253
than:0.009934731126524035
the:0.0036640771318912297
do:0.004988318881295115
when:0.009081072519748165
can:0.006003930503039676
friend:0.024119440414533375
7:0.022163392562022956
10:0.02007202609650114
address:0.044344741026855705
about:0.006840390141124107
e:0.043206801334080926
is:0.005597346393555498
new:0.011972219200580185
time:0.02193763847088491
9:0.024728011497396014
2:0.01353062188955145
irq:0.07961425747705168
attempting:0.03471467580598918
1993:0.021039276409792616
1:0.013600860360588253
wanted:0.021146944371847932
change:0.020638952138267275
april:0.02362606848533411
documentation:0.031091141579855423
s:0.00430858528372235
