root:0.07097294870123629
train:0.15641242144711667
know:0.0173785228965958
where:0.02602051828498256
someone:0.03103462133328197
my:0.013383299455356356
that:0.004885980639922209
could:0.021255058525719118
me:0.015261812400064011
australia:0.13067869620969683
national:0.04583343556320442
names:0.057702777633533514
a:0.005900721658505894
uunet:0.05319707482277867
question:0.06149256572808745
also:0.02089432579830375
act:0.10511642431037618
fidonet:0.07745485888263871
organization:0.05396948208615312
computer:0.037756378945990356
are:0.009055089881707402
compact:0.16490468608328898
have:0.007200712861234548
only:0.018782200539004038
ben:0.23699974216579325
uucp:0.05962857193431089
university:0.033103381712657094
if:0.009438738306526891
of:0.013692998983502722
cheers:0.06132623487837108
seen:0.036513590008765535
what:0.012963973281642694
one:0.013849449405290457
email:0.038646459985463955
and:0.0026887141865548584
subject:0.0003760134773523704
station:0.05825338222214305
i:0.005377428373109717
possible:0.036295374971332145
the:0.0031848718731931815
hello:0.05449705338946157
solutions:0.13260005536537384
about:0.013873467328477064
stops:0.07639802527780894
is:0.007568243011004617
uart:0.09026919997233644
engineering:0.10892252093586195
faq:0.054677395252081124
e-mail:0.038728109530313616
workstation:0.07494805387988722
origin:0.06825194547544955
s:0.008738539166986173
