your:0.01636275613222419
with:0.007595160737526589
way:0.04499669661159853
to:0.0035797380781580025
sound:0.13446168658941937
sharing:0.0714194153333422
channels:0.1428388306666844
equivalent:0.06128748601451656
suppose:0.05005375306014506
could:0.019598820199039708
creative:0.07382100414495274
this:0.006817953745083364
something:0.02585274437874705
set:0.03440798161202495
you:0.0072181686936197646
digitized:0.07627024011647937
machine:0.0844882949175155
more:0.016511935400269167
a:0.0036272834437568705
price:0.0813024468011419
sb:0.1511103561502827
it:0.00890533583740187
have:0.006639618352566921
channel:0.06293361206177815
stereo:0.06702557370645212
of:0.002525202409944658
what:0.02390758709082159
but:0.017280083694815852
equal:0.057903965451064215
pro:0.11690301689756422
in:0.006922585788097031
or:0.008757291658481627
and:0.004958407980399869
subject:0.0003467137258703675
dma:0.2310809375490735
possible:0.033467163934604964
walker:0.06328944289539004
the:0.005873400077836776
would:0.0121123330662906
mr:0.043856567250433943
i/o:0.06702557370645212
about:0.012792417926258072
is:0.006978509789367894
addresses:0.06258727119058126
does:0.0158245300563315
2:0.050608040314166464
labs:0.0678958426711659
1:0.050870750439602826
give:0.03069138014748061
s:0.008057614037091147
share:0.05300063662001112
