sent:0.02724209295029343
above:0.02016782244539663
some:0.008648421297284105
since:0.014820900914101343
replacement:0.03657648610431558
at:0.013051333517843423
with:0.004332054642885536
alot:0.03751094006970003
from:0.012541811176743342
manufacturing:0.0411306737879455
name:0.020460981524668527
my:0.007038624158002232
to:0.005104441333669743
bet:0.031953120851923034
look:0.01756420980945119
that:0.0025696638921072355
produce:0.03122577250985479
think:0.010664800203915224
cleveland.freenet.edu:0.03172162052967041
nt:0.005289470753499545
perfect:0.06000128583906503
re:0.0055398593004173415
so:0.007568967388036445
file:0.022507302833025253
had:0.01136598878283063
he:0.01177876450014989
best:0.018038341333047662
apr:0.027608950200281476
two:0.013813255056691197
big:0.020561337436055982
you:0.004117029551175717
sam:0.07304363728570343
names:0.030347386755413923
a:0.004137790002507837
ms:0.03096399942507472
was:0.013117942727427936
as:0.0059267715571630995
dos6:0.04455154819282917
copy:0.025308236630098832
also:0.010988867642070863
are:0.004762306530379449
model:0.05420668906049703
crap:0.035996250228242196
it:0.010158679399702874
ve:0.013519508881684699
date:0.026502216220617207
buy:0.022272897224029378
love:0.02423864770504777
quit:0.03726604479369345
heard:0.020019610069776848
list:0.021567619236456146
common:0.02493428177504704
end:0.020031358537596366
of:0.008641803802921719
even:0.01243821813160019
monitor:0.055515197630945305
mag:0.1222065551259411
sat:0.038508959284293785
windows:0.02034968282535927
visible:0.03513506647923581
called:0.01986855182116099
one:0.0072837845020416484
installed:0.02966940707670439
tends:0.038508959284293785
opposed:0.033163884351845786
and:0.0014140644981140366
still:0.015123770979478127
subject:0.00039551047247434514
i:0.005656257992456146
top:0.025049127601239375
back:0.015602642370870648
monitors:0.10260786064017403
actually:0.018106030571119147
will:0.008394854406690995
unfortunately:0.027273282080192272
the:0.00279167781477427
do:0.005320873473381457
when:0.009686477354398045
got:0.016386324604670918
would:0.006908515897069452
specific:0.027149305840521724
sony:0.03763649235350575
return:0.027336057094940216
last:0.016149352237477762
friend:0.0257274031088356
problem:0.015670854015152478
just:0.026097523632575243
17:0.02912817598874449
press:0.026572965635316047
is:0.003980335213195021
1993:0.022441894837112127
advice:0.028813756060987027
article:0.006002465780122971
mine:0.024186955887407307
buying:0.02971272537212975
s:0.004595824302637173
newsgroups:0.03175016548756663
