expensive:0.08804536508993237
thanks:0.043334492280786154
4:0.05400585878649302
to:0.008988255391896722
need:0.04176526068472253
so:0.022213273856193913
charles:0.1789675067362537
more:0.027639544039580997
want:0.0411434340806996
standard:0.06617488131439644
are:0.013976334382635337
no:0.02447273339527195
com:0.37826407400129236
ones:0.07375282566036645
should:0.035713307439858254
boards:0.20340497515641384
able:0.11467240113524647
be:0.02515048944075962
available:0.05871877886552674
what:0.020009610934709373
port:0.09064732902933784
they:0.020280861402342254
or:0.029317889465351535
pcs:0.12070958611679657
use:0.03614738103798583
for:0.014145602735307565
subject:0.0005803686280873543
we:0.029298780558999347
info:0.06403033607374777
mention:0.08205814813645484
any:0.022245375354104504
the:0.0016385934999762022
either:0.05442527624159474
ports:0.10702433644984582
needed:0.07251788456817437
share:0.08871845695088817
