at:0.025170428927269457
help:0.04076367085793899
thanks:0.01898463471348727
access:0.03192739874303358
with:0.0055697845408528325
ca:0.019586177105641155
response:0.03344379573930802
times:0.02676643944279073
service:0.034691345033127076
turn:0.032585506044900146
my:0.01809931926343431
to:0.003937711885973802
might:0.04051590735006564
that:0.003303853575566446
really:0.018584721363723106
nt:0.006800748111642272
happens:0.035581690616940755
anything:0.02210705857447051
happened:0.03211715141655649
anyone:0.015932521425156106
this:0.004999832746394467
off:0.02079483283767953
on:0.004828655478469428
3:0.022299675663215425
a:0.0013300039293775191
same:0.018496127147891547
as:0.0076201348592097
idea:0.026403583764388158
weird:0.04688685215898008
computer:0.07659151157615186
no:0.010721387963642953
reason:0.025449637371509792
it:0.01306115922818941
have:0.00973810691709815
try:0.02320371116517517
after:0.018373463692047155
doing:0.02553050385871729
has:0.01014070927511001
without:0.021402004617166622
be:0.016527464489642037
if:0.012764769900255416
what:0.008766115266634584
lately:0.05007745641762344
instance:0.04071196094057082
again:0.023255896553409698
using:0.0209944817013802
slight:0.05121135508444238
or:0.006422013882886528
use:0.015835995502355697
and:0.003636165852293237
gets:0.09535189549693726
subject:0.00025425673230493616
i:0.01090849755687971
appreciated:0.032235829706440414
back:0.020060540191119407
possible:0.024542586885376975
any:0.029236779036823063
will:0.010793384237174138
connect:0.04377215552724331
locked:0.1615270188712745
the:0.0028714400380535354
wrong:0.02517544816028439
thing:0.02156126128690435
prompt:0.05540713058843699
once:0.025552678046903872
stops:0.05165961709261367
edit:0.050474339240486
does:0.011604655374643098
every:0.02316331930416568
almost:0.028780885050138746
e-mail:0.026187578825259683
occurs:0.04546853524096002
sometimes:0.03337625070778905
s:0.005908916960533508
