above:0.06750386851558376
expensive:0.033471791687081726
believe:0.017955965953143308
there:0.007584950294026012
know:0.02039463017617028
all:0.03153943241805921
thanks:0.01647426979269556
your:0.010412662993233575
with:0.014499852317096214
someone:0.01821039764184314
my:0.007853010424217367
to:0.006834045421938004
that:0.005733960750983088
think:0.011898744029161613
bit:0.02252135700872479
like:0.02887534868203322
need:0.015877702409068068
greatly:0.032255612808269434
so:0.008444715680867108
hi:0.02604146000011905
these:0.01369120638924746
specs:0.04004866222113155
a:0.0023082712823907356
compatible:0.03723605225470839
drive:0.07001166319353691
scsi:0.034958448728371595
rumor:0.04577715131666829
advance:0.026144638154352477
are:0.01593995160994774
no:0.009303683770103387
it:0.002833515948264231
not:0.009965454687206032
purchase:0.03605340065437225
have:0.008450423357812445
drives:0.06689326697116796
priority:0.04885351049418766
incompatible:0.047934290369309775
has:0.008799789040384719
500:0.034460968060740005
heard:0.022335928590246898
if:0.005538433221185201
of:0.004820840964439801
interface:0.034898343279370934
opinion:0.027349682351964374
but:0.005498208448350498
conditions:0.07495591248131947
nec:0.13448578003449013
double:0.036513639545782066
cheaper:0.03644114379311399
in:0.0014684272883842189
succeeded:0.04869303044578186
subject:0.00022063600737205204
i:0.01104372686543607
applicable:0.047649280649713334
appreciated:0.027973240654349116
cd-rom:0.04257646710985033
possible:0.021297286140203157
any:0.01691383911221169
connect:0.037984101903806175
suggestions:0.0327024493476932
the:0.003737618231350676
compatibility:0.04710715434817769
do:0.005936511726499972
would:0.023123544944736597
satisfy:0.04737377304419605
problem:0.01748401067806268
is:0.008881739731922774
does:0.02014031098078554
2:0.016102558281780237
adapter:0.0413133331905987
almost:0.024975148184004696
little:0.019382964478499704
condition:0.031389215607314225
by:0.008185417147249307
