know:0.027419447236851153
graphics:0.07819425422532715
into:0.039795642288497475
mono:0.2682861294555873
me:0.024079748453434326
exactly:0.0714751700727113
so:0.022706902164109335
you:0.024702177307054304
used:0.04387696685193035
card:0.06802018547809427
a:0.006206685003761756
how:0.029230288827313874
let:0.051225283172284995
vga:0.20046140485580727
l:0.7344356841674139
have:0.011361124736614507
anybody:0.06754655877583766
if:0.014892231550297985
monitor:0.1665455928928359
what:0.020454268955480696
please:0.04256478570900566
in:0.003948437819877566
and:0.00848438698868422
subject:0.0005932657087115177
did:0.03653135652095479
max:0.21163093500162533
converting:0.12191981279625426
atari:0.27580063301309543
