read:0.013494065844630487
know:0.022033484386755387
thanks:0.011865396695929542
graphics:0.0418897790492824
text:0.04305433015754247
with:0.017405576690165098
compared:0.02454040848758108
my:0.005656037269823222
to:0.0032814265716448352
colors:0.027142242105851453
software:0.016760630288578906
that:0.0020649084847290285
like:0.013864750756055632
nt:0.00850093513955284
consider:0.019168833801019004
me:0.012899865242911245
exactly:0.019145134840904812
so:0.006082205936815
anyone:0.009957825890722567
had:0.009133383843346042
this:0.0031248954664965414
you:0.0033083273179090587
tell:0.01434538722394317
2mb:0.03693758477853957
support:0.03260662273254174
card:0.09109846269387624
m:0.008147706619738524
a:0.005818767191026646
how:0.015659083300346717
other:0.008210166594237563
was:0.005270601988698723
old:0.03152277478978957
resolutions:0.03421878476368412
ram:0.06946173336130801
also:0.008830340069521228
advance:0.018830364384980057
logic:0.049437392240440144
van:0.027295268038650306
are:0.0038268534619120566
no:0.006700867477276844
d:0.021688621694964706
it:0.01224483677642757
have:0.0030431584115931717
te:0.03854645578889618
buy:0.017897863840737892
has:0.012675886593887511
be:0.0034432217686754243
which:0.007689835312604272
things:0.013301940048453866
if:0.007977981187659635
of:0.003472153313673904
what:0.016436466124939843
but:0.003960019180061966
please:0.022802563772681604
good:0.00964291578190178
pleased:0.03365146226484885
in:0.007403320912270436
installed:0.0238414878294946
system:0.013304894816919792
or:0.004013758676804079
better:0.013310808757746446
and:0.0011363018288416363
few:0.027209851201265314
for:0.0038732007489532616
subject:0.0001589104576905851
i:0.007954112801891455
example:0.016734280617606574
s3:0.03693758477853957
any:0.006090995632671472
pretty:0.017131071767378728
alternative:0.025917634978359205
than:0.008515483822734888
the:0.0017946500237834594
compatibility:0.033928367119818455
do:0.008551403796505912
vlb:0.065467797388897
around:0.014090443054485926
can:0.010292452290925158
people:0.00895995916710189
many:0.011030958497488651
about:0.005863191549534949
including:0.018928379205537083
e:0.01851720057174897
is:0.0047977254801904266
cards:0.07026816900628753
new:0.010261902171925874
motherboard:0.026876334724591975
days:0.017727694193751024
type:0.038577529884901145
holland:0.03250639147528066
does:0.007252909609151936
experience:0.01971561175473302
4000:0.06925891323554623
de:0.04810692889457107
bad:0.016313101468728476
comes:0.018001049626461377
going:0.012963188595533824
buying:0.023876297174032834
