frequency:0.0357065236861603
at:0.006292607231817364
out:0.00841555070771757
correct:0.07011894514674533
there:0.01311112836538782
know:0.017626787509404312
coprocessor:0.0434421449059105
differences:0.03271721581154391
true:0.03690401131654066
with:0.008354676811279247
way:0.012374091568189595
much:0.012479977639713796
into:0.012791456449874188
from:0.006046944674501254
post:0.018446984317365574
except:0.02303115299288438
q:0.030319131739447558
add:0.0245444315460837
physics:0.03275432164638037
garage:0.039280678433338205
clock:0.03064386298285297
perhaps:0.020631868126000322
think:0.010283914482346822
bit:0.05839466138690785
like:0.01663770090726676
prefer:0.02933234360744172
bus:0.028907447512540436
student:0.028735839086919082
opening:0.03511319083831305
internal:0.05660810594457618
big:0.019827003956196836
set:0.018924389886613723
you:0.003969992781490871
m:0.00977724794368623
sure:0.015586028715422882
a:0.006982520629231975
how:0.009395449980208031
as:0.0057151011444072745
following:0.01955224480742687
486:0.0340566184806229
are:0.004592224154294468
it:0.002448967355285514
not:0.0043065000612568915
probably:0.03410319592898869
only:0.009525258844780619
university:0.016788143582847526
between:0.03318379780066293
32:0.06117741102150722
types:0.02926355151414914
extended:0.03414646692495762
his:0.013174493153608975
list:0.020797347120868424
without:0.016051503462874962
anybody:0.021711393892233536
get:0.00938838553779373
of:0.005555445301878247
what:0.03287293224987969
but:0.004752023016074359
well:0.01202048507252389
who:0.009236091958813203
david:0.01783175170960353
email:0.039198552270970584
in:0.001269140727817789
processors:0.04106254171642094
door:0.03021408782952116
or:0.00963302082432979
and:0.004090686583829891
subject:0.0001906925492287021
car:0.021847452427738494
i:0.005454248778439855
386:0.0337081173079841
any:0.007309194759205766
information:0.017420152032026893
quantum:0.07399516154869952
the:0.004307160057080302
can:0.018526414123665288
auto:0.033750761357887696
an:0.006413558132583833
instruction:0.03946865920703373
cache:0.06932382593917567
people:0.010751951000522267
is:0.0038381803841523415
lot:0.03540790554664844
16:0.024907091013036724
various:0.025461278416822775
extend:0.04006424212802695
difference:0.04581648352620552
processor:0.06981819064171103
mathematical:0.0402743413080719
s:0.013295063161200393
