pc:0.05847091336838391
technology:0.059081889224858644
thanks:0.03497169552484496
name:0.04846021940053072
ii:0.12882104579333745
nt:0.01252769388986734
could:0.02647559921624662
need:0.03370529809644274
font:0.1751252680211023
these:0.029063789001735833
on:0.008894891670864736
products:0.14210830856620663
am:0.028672567661427464
magazine:0.0740824480141032
series:0.062935971241538
advance:0.055500021345204376
are:0.011279147045635535
model:0.06419213178216754
iq:0.10670000503206088
found:0.04692141237292977
of:0.006822476686517145
looking:0.04550676044573059
but:0.011671635478077372
pacific:0.09413620329899695
please:0.03360377819132026
find:0.037130644520585794
good:0.028421225462447353
in:0.006234375505069841
and:0.0033491001271121917
for:0.02283149915172449
subject:0.0004683676647722508
i:0.010047300381336574
info:0.05167360455074381
any:0.01795240818050539
suggestions:0.06942098896615574
the:0.0013223737017351805
sony:0.08913906083725047
cartridge:0.30526574393086753
article:0.014216366321343876
corporation:0.08332193336340825
hp:0.22766565821349077
data:0.05147974777554056
well-known:0.10513952282124517
