taken:0.028161378630415904
porsche:0.0526001790462145
with:0.0099970491758897
into:0.015306016264806722
ext:0.04667584416963377
to:0.005889740000388166
mhz:0.12115657923344302
that:0.0059299935971705445
equivalent:0.040334499342886965
like:0.00995418002998866
its:0.01767371415413821
master:0.040645333908449995
anyone:0.014298416663601635
off:0.037324058939424795
30:0.02925731174678539
something:0.017014199291995925
on:0.004333408762728974
set:0.022644569095093346
focus:0.042725754838140534
performance:0.03240180541535569
relative:0.04207794424523854
machine:0.02780170388311408
vs:0.029201811496267886
a:0.008355152889679286
was:0.007568043881208425
as:0.0068385825659574235
40:0.03268809562414358
turns:0.03772439977407344
486:0.040751509293053045
button:0.040645333908449995
it:0.008791164865127486
not:0.005153076996375769
zero:0.03960354059555224
have:0.00436966336023635
of:0.011633197427010005
cheers:0.037215065609951685
piece:0.07367027203065835
key:0.027400362147321163
what:0.007867026521338728
dr:0.0334943983342436
230:0.04972434796398192
eh:0.04259220511247318
well:0.01438348641156705
one:0.008404366733124979
in:0.001518629930722141
speed:0.11481932194481304
or:0.011526691584668127
and:0.001631612882439273
subject:0.00022817911873519915
car:0.0261422507682341
i:0.001631612882439273
micro:0.048450539595088854
the:0.0038654000512259126
when:0.022353409279380104
would:0.0079713644966186
7:0.027278021614797487
problem:0.036163509265736485
just:0.010037509089452017
about:0.00841894171215275
is:0.013778083430290456
query:0.04927831588560098
having:0.022366593097609928
turbo:0.16984284031862842
time:0.013500085212852255
does:0.010414434310577139
too:0.016688186904824757
nice:0.05401264028640613
delivery:0.047817138123689526
terms:0.03289862371978174
very:0.014899508476781603
give:0.0201986006098804
clue:0.04335398100902024
thats:0.044351624379175295
