seemed:0.0159813746073246
some:0.004422488163383917
at:0.006673977367079024
know:0.014021308246117066
technology:0.012756316991730843
mb:0.017291612663979227
true:0.00978515451574942
tried:0.011734333534229814
with:0.008861020860447688
much:0.006618169960454286
though:0.009414940157616212
from:0.0032067130849627863
my:0.010797889333298878
to:0.002088180545592168
most:0.00703255857563272
mhz:0.05369439306936679
ultb.isc.rit.edu:0.043939766171867296
that:0.003942098016300873
memory:0.012809212977906497
like:0.013234534812598559
really:0.007391650542389871
nt:0.013524214994743154
along:0.01323470231492892
could:0.005716322558053248
need:0.007277280270822865
account:0.0154347704800275
re:0.001416441298402161
norton:0.06022506386648897
recommendations:0.020411943584346687
master:0.018013272982153973
teaches:0.02177559030416262
this:0.003977139684631962
bus:0.12263765611380792
ide:0.10295214598816468
getting:0.010273490803881387
he:0.006023231846667558
recently:0.012535271077983672
on:0.0019204879743912498
tell:0.009128882778872928
performance:0.028719782072701636
used:0.007479028440669945
machine:0.01232120967547101
speeds:0.018846840727520645
card:0.01159434979740243
8:0.01118367909990101
more:0.0048159811584118405
a:0.0026448941777393845
controller:0.047862370689768945
want:0.014337863391758951
was:0.0067080388947074665
as:0.0030307354553674943
said:0.008301154654028153
part:0.009277356486413929
ram:0.014734307076641093
local:0.034731630135408545
drive:0.02139245264246961
also:0.005619307316968055
learn:0.01443187189667512
frank:0.014833993850570538
computer:0.02030835534216148
70:0.016294836580918966
results:0.01387531723056235
no:0.004264188394630719
d:0.006900925084761498
it:0.002597389619242212
not:0.004567500064969431
have:0.0019365553528320183
drives:0.03065941402845198
ben:0.02124618900728702
buy:0.011389549716833204
cmos:0.022105178853365767
between:0.017597468530654588
settings:0.01905650017859324
maxtor:0.04421035770673153
has:0.004033236643509663
his:0.006986473642065366
tested:0.017943768669016865
regardless:0.017140077305594
rates:0.017369716024595652
noticed:0.015364405383160324
writes:0.005009563568314866
get:0.004978689300345161
recognize:0.01695880449810296
if:0.005076897119419767
of:0.005155621586970343
interface:0.01599507400304501
wayne:0.017699304573798792
institute:0.014744158522474645
what:0.003486523117411482
but:0.0025200122054939785
order:0.010622412352774592
they:0.0035337864564687262
in:0.0040381750430566014
accurate:0.016941145357550643
speed:0.06360729482738221
and:0.005061708146658199
still:0.02320123957079031
for:0.0024647641129702576
enjoy:0.017510396126676923
subject:0.00010112483671219052
i:0.010123416293316399
shea:0.07212037319380174
rate:0.014714680717769891
any:0.003876088129881846
than:0.0054189442508312926
the:0.003997175052972251
do:0.0027209012079791543
vlb:0.06249198841667442
around:0.017933291160254817
would:0.0035327638110014244
can:0.0032748711834761873
because:0.01336910832495844
isa:0.05483887006484215
did:0.006226935770617293
bought:0.01387531723056235
an:0.0034011293127338515
problem:0.008013504894112062
here:0.006819700400088622
people:0.005701792197246657
is:0.0030530980328484533
save:0.027443259336524955
does:0.009230975866193373
himself:0.014177202464018821
fool:0.018732047737008036
told:0.011743256692155795
advice:0.014734307076641093
smith:0.014915676342675994
slow:0.015555030700916064
handle:0.015387715480032968
transfer:0.05164526177242041
change:0.011257610257236695
significant:0.01576866588448472
although:0.011968710063464992
article:0.006138885456943947
difference:0.024296620051775655
give:0.008951652543015177
playing:0.015171855891496564
answer:0.011501026674730517
says:0.009700858880407455
seem:0.01045345664733234
s:0.002350137427484918
