ask:0.026739106278498785
at:0.008082247820682854
dos:0.03238121427746732
with:0.01073077755577151
c:0.023725666930540918
though:0.022803157812942017
ca:0.01886741831277359
to:0.0025288057983318
that:0.006365222485036272
nt:0.026204717494401415
could:0.027690076244514816
me:0.009941180554170136
re:0.006861293628957258
practice:0.07534913954205213
so:0.009374409150320367
best:0.022341064953774626
on:0.004651457112287064
you:0.005099073297327724
a:0.005124785782922551
same:0.017817370188335895
controller:0.07728236001283793
was:0.016246993286263958
drive:0.025906456411064118
scsi:0.07761417057124703
theory:0.07465227260507569
others:0.024736956174939415
are:0.005898269555974546
brian:0.06855188100511521
it:0.015727313290824402
have:0.014071117793054666
probably:0.02190113500026797
heard:0.02479492990293463
claims:0.03446170344595162
found:0.024536885369330252
writes:0.0060666274405280956
of:0.0035677171663438287
even:0.015405132548312163
wayne:0.04286804043562276
what:0.016888845926543692
they:0.008558895637685722
up:0.012325324498645731
seagate:0.10548175853759509
difficult:0.03419457134897247
in:0.004890267024619004
according:0.031555286280607504
system:0.020506626873784635
and:0.007005457146619998
subject:0.0002449262100185165
i:0.005254092859964999
the:0.005532132183405894
do:0.019770217951554956
around:0.021717380120675558
450:0.05423187862198814
about:0.009036845691026345
is:0.007394659455706346
either:0.022968465202874846
white:0.031183203172665985
keep:0.024306555817669002
run:0.024558114021902708
told:0.028442383181001195
smith:0.03612604178409599
transfer:0.041695257210761436
article:0.0074342466084091835
data:0.026920602047759746
built:0.03387612508325462
