okay:0.08280319491350956
at:0.016941634854892907
sell:0.06692446728808785
to:0.0026503830001746746
that:0.0066712427968168625
bit:0.10481093069445
like:0.022396905067474486
anything:0.044639252890757763
so:0.01965020379586385
anyone:0.03217143749310368
getting:0.05215772254278243
hi:0.06059647423104625
am:0.031429545321180107
a:0.002685584857396914
controller:0.08099785809037821
as:0.0307736215468084
old:0.05092140542966008
fine:0.06229147265231847
are:0.012363680415408184
works:0.05721396141443731
d:0.03503546581494299
it:0.006593373648845615
have:0.009831742560531787
but:0.012793908120200198
hd:0.08574241037946047
again:0.04695902188669265
well:0.03236284442602586
together:0.06844165848942751
they:0.017940762009764303
and:0.003671128985488364
for:0.0062567089021552695
subject:0.000513403017154198
preferred:0.09820965296397188
an:0.017267271895418015
long:0.04577521625208817
adaptec:0.11741213046610893
is:0.0051667812863589214
type:0.06231754827560955
lee:0.328242407644209
matter:0.05809428869039505
16:0.13411510545481314
wanted:0.05856076902973274
too:0.037548420535855706
mfm:0.23482426093221787
almost:0.058115248658934006
