some:0.017962105771282374
since:0.030781871129287406
read:0.034876970183044954
50:0.053095127525052785
mb:0.2106916496903315
dos:0.054300805480675965
matters:0.07316160103520998
thanks:0.030667486844864048
much:0.053759903678767124
4:0.038219530833518145
response:0.05402459311734373
6.0:0.08203447532314127
to:0.004240612800279479
player:0.05980404666240311
w:0.04760524392352852
nt:0.0109858238726529
could:0.023217063928093192
me:0.016670595083146843
this:0.00807665289802183
brown:0.07145543648084934
a:0.0064454036577525926
how:0.02023635380352499
hard:0.041603590808853994
ram:0.05984395489589613
drive:0.04344313459701521
question:0.0671688025645263
jason:0.1403045130394783
advance:0.048669249487333074
486:0.07335271672749548
soul:0.06485352752046764
it:0.005274698919076492
have:0.03146157619370171
kind:0.04239271841481631
left:0.044990848976931716
has:0.016381145752100784
which:0.01987526665411566
if:0.010310006457898604
please:0.029467928567773152
170:0.09155815545246779
email:0.04221382552258371
in:0.0027335338752998537
subject:0.00041072241372335844
space:0.0470386578078939
i:0.008810709565172074
group:0.04149409130471762
allow:0.05394268725191681
will:0.017435466844665914
currently:0.05536820772088149
do:0.011051044906253795
10:0.04446725781378715
ma:0.0617110450036541
time:0.024300153383134057
