library:0.05582811455601574
out:0.015709027987739467
there:0.012237053141028633
k:0.05051548075002217
existing:0.05772895541808068
fax:0.040781911198445195
c:0.034481302605719466
o:0.09335943956799685
often:0.04143093851038275
80:0.05328882169951079
format:0.05360072676050686
00:0.08462123788072737
voice:0.04835325735248224
md:0.0667575799409274
these:0.022088479641319235
big:0.037010407384900766
you:0.014821306384232584
medical:0.05364023296224896
8:0.07873310086330311
a:0.0018620055011285268
how:0.017538173296388324
richard:0.14944310059115115
low:0.045277260533064266
as:0.01066818880289358
21:0.05408270694872434
are:0.008572151754683007
01:0.23887597566452567
46:0.1383770680630269
have:0.006816674841968705
drives:0.10792113738015097
delivered:0.07440560700639624
systems:0.04000556160376814
only:0.017780483176923823
always:0.03542608130664943
snail:0.07578956425548482
04:0.08589204027811836
1/4:0.07440560700639624
get:0.017524986337214967
po:0.06957503452315683
if:0.008935338930178791
inch:0.07010843898467281
of:0.0025925411408765156
institute:0.05189943799911075
what:0.012272561373288417
box:0.04224718680942143
email:0.03658531545290588
5:0.03465163849223577
and:0.002545316096605266
ooo:0.17090968528095699
for:0.004337984838827654
subject:0.00035595942522691063
station:0.05514653517029543
capacity:0.0693161267117288
information:0.0325176171264502
will:0.015110737932043792
the:0.0020100080266374745
when:0.01743565923791648
is:0.003582301691875519
disk:0.04667971978399842
center:0.04355507777963745
their:0.020182448247756186
33:0.06149322380888596
81:0.06881292233862418
s:0.00827248374474691
