some:0.013576010175969233
out:0.013699733710237905
there:0.010671848669501714
help:0.0497695981405069
thanks:0.023178914475769336
switch:0.049443179325699714
with:0.013600636669524355
beast:0.06293353027532231
work:0.023547354232445392
256k:0.06968549768384855
memory:0.0786426099108678
bit:0.06337405111757441
docs:0.06379525088176094
re:0.004348145381141518
this:0.006104446957807198
hi:0.03663972860481866
on:0.005895451456270813
2mb:0.0721571423580773
card:0.10677587255282238
8:0.13732517592436588
m:0.01591645014088456
a:0.0016238420067981338
old:0.03078968700398051
following:0.03182923573302048
ram:0.045230896142247075
addressing:0.06265991984032006
soul:0.049017201032911586
cheap:0.043211990911707535
hey:0.04481556960036243
d:0.021184235143919018
it:0.003986691043488046
dip:0.06968549768384855
have:0.0059447745714843354
only:0.015506235328712634
machines:0.045883099242840605
kind:0.03204100810422163
has:0.024762197067129094
be:0.01345258737529003
of:0.004521874082924155
they:0.02169580522111032
or:0.007840830903524248
total:0.04256994762563258
and:0.004439504819660347
for:0.018915631564655463
subject:0.0003104297313025383
i:0.004439504819660347
room:0.04637242418975123
any:0.035696067428679326
the:0.0008764569883593639
would:0.01084476332679507
drivers:0.045724462307912855
an:0.010440676029787635
busy:0.059382580861936485
length:0.053752843923752416
lee:0.19847215345928912
presumably:0.057330761823081174
does:0.01416847458532006
position:0.04003305764200246
full:0.035926307952595965
grateful:0.12531983968064012
needed:0.0387886359318142
