go:0.02149648897010085
at:0.009734420027120785
out:0.013018531481552043
dan:0.021954715410979327
there:0.010141204260520965
help:0.011823716685313795
dos:0.01950028926101623
with:0.0032310904795002614
option:0.02315254818923968
missing:0.02385440587507872
custom:0.02945989445306178
ca:0.01136214693973658
into:0.0197878884307446
from:0.004677194775857324
work:0.011188245657404993
my:0.005249802548786195
to:0.004568616000301096
5.0:0.02802439656384181
matthew:0.023681062656472348
remains:0.025510241595623376
might:0.011751851579438928
t:0.02846710558011538
perhaps:0.01595835103668533
really:0.010781191951331082
nt:0.003945185368632257
me:0.005986677792290302
need:0.021228751287262277
re:0.002065969628608677
so:0.005645362416491271
file:0.016787214820212205
bitnet:0.026962739073265886
1024x768:0.06105648938104665
set:0.014637649636054812
you:0.006141425297333943
am:0.009029482633709202
m:0.015125024443271514
sure:0.012055491824083997
a:0.00231464772239734
hard:0.01494051603632878
other:0.0076204861206182915
coleman:0.03473896321011944
austin:0.027661980638505827
ccwf.cc.utexas.edu:0.06298304614507735
drive:0.015601125684010985
fine:0.0178958926956937
ultra:0.05916534842860655
1280x1024:0.21038429307363157
no:0.0124391794053316
internet:0.015781955486821028
daniel:0.04727712701876618
it:0.01136537336154603
not:0.003330994522519143
texas:0.02192358934623758
have:0.002824589022915209
keith:0.02177053629347882
university:0.012985304428721842
ati:0.0850867989150613
writes:0.003653383375787637
get:0.014523469340233396
were:0.0085707364501232
of:0.0021485147576324713
monitor:0.02070318143695474
3.1:0.021665867308713907
what:0.005085315486169233
but:0.007351195825971384
ok:0.018032315969673657
windows:0.030355880457718247
pro:0.0497322226580798
refuses:0.032044470357383885
in:0.0039266232462870825
installed:0.0221291157754425
use:0.00918662722512347
unable:0.025277581455567428
and:0.004218755961224197
for:0.0017975075299009613
subject:0.000147496999403416
i:0.008437511922448394
group:0.014901193009981464
back:0.011637329945124515
rate:0.021462296737520724
pretty:0.01590066329789849
program:0.03068103240203398
decnet:0.036381236820439505
the:0.003747943143591976
do:0.003968607286776224
when:0.007224720678694673
can:0.004776607693026041
drivers:0.0434508702594531
because:0.009749846955218308
did:0.009082381455485997
maybe:0.014629354046090188
gateway:0.05332398415144871
just:0.0064883346047839
hit:0.019777359889112757
is:0.0014843791540920658
refresh:0.03311023646856892
select:0.05234425335492212
desktop:0.055323961277011655
time:0.017453148838715068
window:0.03853030653950432
does:0.006731982399654835
run:0.014789140488328148
matter:0.016690071888953273
runs:0.020728124422338866
build:0.02061675725424505
ordered:0.02587870222821273
article:0.004476977239318237
59:0.029164376856647495
by:0.01094403839576979
sometimes:0.01936191339402127
main:0.02054374039572833
s:0.010283474268331795
