some:0.030724654608772474
read:0.0596579753131032
posting:0.08682075149884844
financial:0.142117082790282
true:0.06798107347783806
thanks:0.05245754328726745
ca:0.05411969989716634
someone:0.05798573985955315
to:0.0036268398949758705
that:0.009129069090380968
nt:0.018791540834801012
this:0.027630654651127313
m:0.03602143979252821
wondering:0.0947087763646657
was:0.04660321758428345
question:0.05744700219334485
it:0.00902251130894663
if:0.01763553736219498
find:0.05569596678087869
confirm:0.147989281509077
and:0.005023650190668287
subject:0.0007025514971583761
i:0.015070950572004862
the:0.001983560552602771
can:0.02275173664309772
eric:0.2098962358062424
thought:0.0706470106629398
about:0.051842956859045865
is:0.007070332286596418
having:0.06886556295843056
difficulties:0.1588536292829135
seem:0.07262401460251941
