go:0.012632676959702126
at:0.0057205520289248775
out:0.01530100128675922
there:0.01191920760489802
help:0.013896705974297385
dos:0.022919171144441156
your:0.01636275613222419
with:0.0037975803687632947
missing:0.028036671840189927
ca:0.013354211662937151
into:0.011628596772612899
from:0.005497222431364777
work:0.013149821194742234
my:0.006170222476170788
to:0.0035797380781580025
5.0:0.032937764792567326
remains:0.029982816420830078
perhaps:0.018756243750909386
really:0.012671400929811208
nt:0.004636873712483367
me:0.007036290132497044
so:0.006635133749252728
file:0.01973042780817149
1024x768:0.07176119855824314
fall:0.025326630048015143
am:0.010612573744814063
m:0.008888407221532937
sure:0.014169117014020804
a:0.0018136417218784352
hard:0.01755995715958123
other:0.008956545375531888
drive:0.01833638797925967
alcohol:0.034916833012119806
fine:0.021033484272211432
ultra:0.0695384939323233
1280x1024:0.2060582091251478
no:0.014620074495876751
it:0.013358003756102804
not:0.0039150000556880836
have:0.0033198091762834604
keith:0.051174897001554115
states:0.022421167113348593
against:0.016774550598427578
ati:0.10000461430926036
get:0.017069791886897695
were:0.010073398035534411
of:0.001262601204972329
3.1:0.025464428460241672
what:0.005976896772705398
but:0.008640041847407926
ok:0.02119382591240865
windows:0.03567801534316236
pro:0.05845150844878211
refuses:0.0376626567187434
in:0.0034612928940485157
installed:0.026008895813994112
unable:0.029709365217257828
and:0.0061980099754998345
subject:0.00017335686293518376
i:0.009916815960799737
group:0.017513739836406788
back:0.02735528207879919
pretty:0.018688441928049526
program:0.03606017444654643
the:0.004405050058377582
do:0.0046644020708214076
when:0.025474177457994854
can:0.005614064885959178
drivers:0.05106887998026631
because:0.011459235707107234
did:0.010674747035343931
gateway:0.0626729943598196
just:0.007625899762765493
hit:0.02324481909045071
is:0.0017446274473419735
select:0.06152149257948639
desktop:0.06502361682557864
time:0.020513116492256022
window:0.04528562002370314
does:0.00791226502816575
run:0.017382041742775294
matter:0.019616253324029498
runs:0.024362276106774904
build:0.024231383526093213
ordered:0.03041587729419808
cities:0.03151082997235258
wall:0.02913320862239624
59:0.034277611760085695
by:0.012862798374248911
black:0.022919171144441156
sometimes:0.022756534573492533
main:0.02414556501056382
s:0.016115228074182295
