know:0.030846878141457548
help:0.05350231800104493
thanks:0.049834666122904075
to:0.01378199160090831
connector:0.39512920680132374
make:0.044002012083742596
need:0.04803004978743091
so:0.025545264934623002
pins:0.13094825541332353
used:0.04936158770842164
a:0.010473780943847962
how:0.03288407493072811
test:0.08939749634949178
made:0.058139488797950035
port:0.20848885676747703
one:0.02458277269439056
for:0.0162674431456037
subject:0.0006674239223004575
i:0.009544935362269746
any:0.025582181657220184
connect:0.11490190825901368
the:0.005653147574917897
can:0.021614149810942836
is:0.013433631344533195
build:0.09329082657545887
serial:0.20696589639324162
