out:0.10710700900731454
800:0.21816705843644485
true:0.11742185418899304
nt:0.032458115987383566
this:0.023862838107791773
went:0.14829369387436744
business:0.32877852120305157
it:0.015584337715453271
heard:0.12284760724635793
of:0.017676416869612604
they:0.042405437477624715
subject:0.0012134980405462863
i:0.00867721396569977
do:0.03265081449574985
is:0.012212392131393813
number:0.1137393112908072
their:0.06880380084462337
answer:0.1380123200967662
s:0.028201649129819015
