tv:0.03183748786766103
some:0.019622468489636204
at:0.007403067331549841
all:0.024052130184360282
where:0.01552484704398119
your:0.010587665732615652
with:0.004914515771340734
ca:0.03456384195113144
someone:0.018516454745067395
both:0.018871462876539815
to:0.002316301109396354
lights:0.04124896192764993
day:0.021372294418175394
cleveland.freenet.edu:0.035986712365592484
like:0.009786882886627506
nt:0.018001980295523662
its:0.017376676941463613
me:0.009105787230290291
anything:0.01950622815394457
re:0.0031423571662031135
so:0.00858664367550353
off:0.018348381915599583
on:0.012781735090066132
sam:0.04143231526710068
shorter:0.04904006064948371
computers:0.07290367843006168
why:0.01495565193406728
same:0.01632011218931607
computer:0.04505383033891286
are:0.005402616652111138
it:0.002881138065041781
ones:0.057018991266837925
have:0.012888670919688728
date:0.03006553940994389
offices:0.09633994182097011
left:0.024574833474794635
which:0.010856238088382502
writes:0.005556826815273633
get:0.011045159456227919
end:0.022724650441811
of:0.009803727003314553
but:0.005590615313028657
fact:0.020153505282595286
wong:0.05150864147745147
in:0.008958640431654983
thomas:0.03095802532797563
leaving:0.03889213987321048
and:0.0016041908171881927
subject:0.00022434417556317895
i:0.0032083816343763854
usenet.ins.cwru.edu:0.04376782701085208
we:0.022651158079226383
house:0.028889680205799927
any:0.008599052657889137
turned:0.03299914571355964
ways:0.02998603681747138
than:0.012021859514449253
the:0.008234276579712343
do:0.006036285032827703
see:0.014868787911018286
nuts:0.04713440250356112
start:0.023676992335147164
would:0.007837391984070387
radio:0.03014580135098879
imagine:0.03309023995349968
is:0.002257753167148436
stuck:0.039962219052845784
time:0.03981957907320287
does:0.010239401801155673
their:0.012720030408249696
labs:0.08786520816268527
goes:0.027084262151182155
leave:0.02969060608650854
article:0.006809520002660512
conclude:0.044536181682781756
everything:0.025963550285069352
plenty:0.03917072985066343
