another:0.014685465764162773
frequency:0.03310538619908902
correct:0.06501094252016124
know:0.016342716896136446
coprocessor:0.08055497068645656
raise:0.031213256209258012
differences:0.030333842474279123
true:0.034215639631229755
with:0.011619086956083722
way:0.01147266767911618
from:0.005606438771060766
except:0.021353386880819957
name:0.018292930502187093
my:0.0062928096776841145
to:0.0018254293511136832
clock:0.028411528593373616
perhaps:0.01912888435523209
class:0.02627926934880134
think:0.00953475514919573
bit:0.07218766087564768
like:0.015425682960379777
re:0.002476427170716361
nope:0.03616605144269636
bus:0.02680160696526928
programs:0.023398557114533224
internal:0.0787265049560331
big:0.018382652674619585
on:0.0033576743393330458
set:0.017545791947853783
taxes:0.031534410844613045
computers:0.028726946136348807
answers:0.027752392200346903
a:0.0036993486777387946
how:0.008711013226682942
same:0.012861545367739155
as:0.005298769272960387
following:0.018127909092978553
also:0.009824484315758717
486:0.0947270182904743
frank:0.02593492964603061
are:0.008515382537764576
no:0.014910539552086223
it:0.002270565759867364
not:0.003992781513748112
probably:0.031618857152704745
only:0.026494097449058673
between:0.015383217523486129
32:0.056720778430536495
real:0.0169377076423725
types:0.027131769615767413
extended:0.031658975956914345
has:0.014102973164060279
32-bit:0.036772456697832065
list:0.019282308588884634
anybody:0.02012976917160725
of:0.001287685997124097
what:0.02438257226481142
but:0.004405849153976227
they:0.00617827565899168
called:0.017763274806998238
in:0.002353373535026364
useless:0.03178592904372044
processors:0.038071230730456505
yes:0.052983692791467994
or:0.0044656387927356645
world:0.016697024428693225
and:0.0025284596986145024
few:0.015136605966266798
for:0.004309256462411576
subject:0.00017680103901998871
outside:0.023872687268089568
i:0.005056919397229005
386:0.0625051181869904
pay:0.022071801735085318
any:0.006776736862839783
will:0.007505333409955526
the:0.004492567609206276
can:0.011451205197850508
instruction:0.03659345886744849
just:0.015554815410144184
cache:0.09641061885580723
middle:0.02660331321285154
is:0.0035585778396114423
16:0.04618533432880982
nothing:0.01691957616888019
various:0.023606483300365487
instructions:0.032003080188243556
extend:0.03714565495313757
psuvm.psu.edu:0.06621077239817803
article:0.00536644291600398
difference:0.02123942944923435
give:0.01565057133348349
says:0.016960442016076608
processor:0.09709814592555839
mathematical:0.0373404488949011
s:0.004108849542092836
