some:0.019458947918889236
fax:0.10195477799611298
ks:0.10299231260652311
with:0.009747122946492456
much:0.029119947825998856
someone:0.03672430191105033
to:0.0022969986001513845
us:0.03433127310308327
that:0.00578174375724128
could:0.02515181925543429
me:0.018059811340075744
these:0.027610599551649042
recently:0.055155192743128155
used:0.03290772513894776
brand:0.07509270538032858
a:0.0023275068764106585
below:0.12372913043459641
was:0.014757685568356426
are:0.010715189693353758
kevin:0.07509270538032858
have:0.008520843552460881
buy:0.0501140187540661
selling:0.069496285589159
regarding:0.06594993951784796
without:0.03745350808004158
modems:0.08850834848946294
what:0.01534070171661052
but:0.011088053704173505
warranty:0.08555950335347831
please:0.03192358928175425
they:0.015548660408462395
now:0.02753190663130407
good:0.027000164189324986
dropped:0.08279838465533135
external:0.07156707196043022
for:0.005422481048534567
subject:0.0004449492815336383
i:0.006363290241513164
appreciated:0.056412701986270714
info:0.14726977296961988
any:0.01705478777148012
the:0.002512510033296843
do:0.011971965315108277
see:0.02948976269018627
is:0.004477877114844399
new:0.02873332608139245
carry:0.06487429749888844
wanted:0.05075266649243504
very:0.02905404152972412
give:0.03938727118926678
going:0.03629692806749471
200:0.20780625230906066
