hmmm:0.02376987119291809
at:0.004215143600260435
say:0.009079162556304036
there:0.004391287012330849
know:0.005903708735207186
help:0.03071903425897316
all:0.004564917849982255
tried:0.01482231604323766
with:0.0027982171138255852
setting:0.02058295147063448
4:0.011886456957792722
from:0.004050584949426677
work:0.00968934193296796
c2:0.06418761901044864
both:0.010744995609130325
to:0.005275403483601266
w:0.014805458636504084
h:0.016905177628203427
ii:0.035133012489092036
t:0.012326665334930344
that:0.009958984462233785
greatly:0.018674302152155986
this:0.0025118776955570287
mean:0.012647952425023255
game:0.014220139272298983
on:0.004851759093198947
tell:0.03459366105678162
am:0.015639582360778618
assume:0.01660999308750802
working:0.015160473735438312
card:0.04393648344278816
3:0.011203186337979041
a:0.0026727351690840097
how:0.006293602857555618
want:0.009055492668479338
labels:0.028674415314885047
as:0.015313189669225232
following:0.013097197478659145
enable:0.02663365685887549
plus:0.034219137358657135
success:0.021444058549337834
are:0.0030761310124460548
no:0.010772686470646027
determined:0.02278323462936158
it:0.0082022830081333
not:0.005769473766277176
should:0.00786034517815062
have:0.0048923503650493095
bank:0.06834970388808474
s2:0.05798000735505045
real:0.012237291167455729
second:0.03946931736821435
b:0.014645494480929385
has:0.005094614707591153
follows:0.020545570897731163
his:0.008825019337345726
without:0.01075220327656696
be:0.005535514422368147
which:0.006181303026399606
g:0.03382776996183256
get:0.012577741390345667
of:0.0018606754599592215
trying:0.012901091976403808
com1:0.06133122677546303
what:0.004404029200940819
but:0.00954951993660876
banks:0.02257960011061136
port:0.11970652063204422
must:0.01108832740420812
one:0.004704836879309198
jumpers:0.13674559850420911
moving:0.020291777902590104
or:0.009679111833058642
use:0.015911765815764096
and:0.0027401728312736115
p2:0.0637803499729482
for:0.001556693123981215
subject:0.00012773663584697749
i:0.007307127550062963
example:0.013451479156736385
appreciated:0.016195034063044223
don:0.021333039903023657
any:0.0048961113219560155
suggestions:0.018932996990769748
the:0.005770357971208061
would:0.0044624384981070625
can:0.004136679389654131
friend:0.016618179041592372
an:0.004296163342400654
i/o:0.04938726483633314
address:0.015276657195854597
changed:0.018082847817384808
f:0.01778101061438683
is:0.007713089767196093
move:0.016922608208483337
printer:0.020793933862334118
does:0.011660180041507418
2:0.009322533742083295
irq:0.0822807637083405
serial:0.07922139574860923
first:0.01796703186020135
p1:0.06552505386571332
numerous:0.02305846833337204
documentation:0.02142164778707742
ports:0.023555595582262716
needed:0.015960874115483355
by:0.004738925716828546
mine:0.015623153324401846
says:0.01225371648051468
s:0.0029685946452441066
