24:0.03776374998833464
11:0.03983726430535991
thanks:0.020550377782640857
fax:0.031532405565808136
with:0.00602914821432523
much:0.01801233886144259
someone:0.022716063037763093
post:0.02662451344774413
0:0.07557023275196768
mail:0.03159088149315315
phone:0.06056385827236224
am:0.016848828419601707
market:0.040318095000752806
a:0.0028793899501987526
how:0.013560443270403344
as:0.008248599589866169
21:0.0418165259912817
are:0.0066279523876415
no:0.011605626146211441
49:0.15388348305357064
not:0.006215567098721287
drives:0.041722089193357334
has:0.010977056431820113
list:0.030016789658985354
if:0.013817534428111532
of:0.002004542119234419
reading:0.033879608725391655
present:0.03736598229720932
please:0.019746550071188192
they:0.009617728087708697
email:0.05657523008181321
in:0.001831749504066912
and:0.0019680279097463393
known:0.033576585027488226
subject:0.00027522635971152884
i:0.011808167458478036
group:0.027805318915532423
cd-rom:0.10622170144931731
the:0.001554129917503202
n:0.45290913350157547
02:0.059615024659532105
wanted:0.03139340195408353
x:0.3767208234490024
iii:0.1429714817765786
u:0.4678321835372803
59:0.05442012588714636
summary:0.044348833581057796
s:0.006396250318103282
