another:0.01962394097689008
some:0.0103321847356934
at:0.00779615055269408
out:0.010426346009561592
stephen:0.03603238300346033
dos:0.03123497660392865
tower:0.04866632726254291
from:0.007491789862213943
often:0.027498410515740764
my:0.008408975763984966
to:0.004878581097666658
most:0.0164300483536906
cases:0.03256447432288842
software:0.04983691838019923
problems:0.02427498438842277
memory:0.05985189780827107
communication:0.042589933461315024
had:0.013578836156479071
this:0.004645862286472734
am:0.01446315359912713
backup:0.2650125737310486
3:0.020720937563164774
a:0.0012358443591561018
steve:0.028381892449861827
drive:0.049978827412495375
colorado:0.08341949889553911
250:0.08088674060101392
stuff:0.025870942944014354
supplied:0.048782009400307094
it:0.003034118847256389
should:0.014538160550738758
have:0.013573025127813793
systems:0.05310472779261258
fail:0.040398103922924915
writing:0.035419988895111804
be:0.015357378508074459
seek:0.04300436974170528
common:0.02978874371355177
found:0.023668323055371657
get:0.011631628099921435
of:0.003441426293198914
fairly:0.03472749157741492
again:0.021609461399186
using:0.019508146713671865
errors:0.07600043040045687
over:0.035503376150785096
one:0.008701866440492234
in:0.004717160227287358
point:0.019482619126195228
system:0.019780728577367478
or:0.005967358032770666
use:0.01471486307741016
better:0.019789520984968167
and:0.0016893690906672118
subject:0.00023625625568157783
p:0.02978874371355177
until:0.025320050666943754
i:0.00844684545333606
tape:0.07344014626050148
appreciated:0.02995364707235613
any:0.00905563952467971
the:0.004669266433560505
do:0.006356795742535368
would:0.008253536691189169
return:0.032658121308114414
gateway:0.04270637668766468
10:0.025578511131824463
middle:0.035549560133987454
norman:0.09876850487574722
unit:0.03796584794335766
is:0.002377633866289061
tapes:0.0923562405174648
approx:0.05117395922101428
capability:0.04343917229548975
seem:0.024422234999077325
hanging:0.05102268104969304
hints:0.04600627879097045
