philip:0.2636385970312038
specification:0.1288343893778499
thanks:0.045304241929912795
with:0.01329153129067153
setting:0.09776901948551378
response:0.07980905801425778
someone:0.05007859351506864
carson.u.washington.edu:0.2499679536666977
to:0.003132270818388252
id:0.10658656381871032
me:0.024627015463739653
need:0.04366368162493719
ide:0.10295214598816468
on:0.011522927846347498
set:0.060213967821043664
tell:0.05477329667323756
spec:0.11927228528151008
a:0.0031738730132872617
how:0.02989461357338919
jumper:0.2562912628695485
shipped:0.12715011728344713
scsi:0.19227146800604375
not:0.013702500194908294
university:0.053416820490878494
maxtor:0.1326310731201946
of:0.008838208434806302
but:0.01512007323296387
please:0.043532167202392155
email:0.06236133315836229
subject:0.0006067490202731432
i:0.004338606982849885
info:0.06694080589528176
the:0.005139225068107179
got:0.05027622321887668
would:0.021196582866008548
an:0.02040677587640311
harddisk:0.14103441460896926
