expensive:0.09418806497992765
out:0.02739946742047581
among:0.08010477832525174
with:0.013600636669524355
anyone:0.03890499417770677
this:0.012208893915614395
best:0.05663200185956824
am:0.038007822248868964
market:0.09095012128076796
card:0.21355174510564476
a:0.0032476840135962676
as:0.018607306051558567
question:0.05076711821737452
logic:0.09657537088830168
video:0.16259121827279174
chipset:0.28986895301752597
ati:0.11938535351648136
familiar:0.10713159162072287
of:0.004521874082924155
what:0.04281126060449447
in:0.004132086090569546
use:0.038669291342961584
and:0.004439504819660347
for:0.007566252625862186
subject:0.0006208594626050766
i:0.004439504819660347
s3:0.2886285694323092
the:0.007011655906874911
lab:0.10022583520450029
is:0.012496401250728553
does:0.02833694917064012
too:0.04540739227591852
accelerator:0.12325129349420998
