go:0.02262130525342008
thanks:0.023178914475769336
own:0.026354542273813897
with:0.006800318334762178
work:0.023547354232445392
my:0.011049003038724433
to:0.004807671488688945
pin:0.056666129104012
software:0.03274169637768903
that:0.004033774714354382
considering:0.04657406924831503
need:0.022339558040665536
this:0.006104446957807198
pins:0.060906165308522574
hi:0.03663972860481866
on:0.023581805825083253
am:0.019003911124434482
them:0.017044874087584195
card:0.035591957517607464
input:0.04961803836482228
a:0.0032476840135962676
same:0.022582480820100143
sb:0.3382412041735979
drive:0.03283492731169754
output:0.04752742080155954
are:0.014951427479098268
taking:0.03961569807153029
digital:0.048015902290833294
not:0.014021162990138718
uses:0.03970924569577252
outs:0.06724020223226296
interface:0.04910115740469631
pro:0.26167245061373384
or:0.007840830903524248
and:0.011098762049150867
subject:0.0003104297313025383
i:0.008879009639320694
cd-rom:0.17971229721948453
will:0.013177969126782376
the:0.010517483860312368
do:0.016705067881546434
bought:0.04259399707986582
just:0.013655680970533558
expressed:0.047787896809573106
opinions:0.033204769250233045
represent:0.0558854395361326
john:0.09353994417145974
