expensive:0.057043475973759
out:0.016594043649020562
thanks:0.028075868238255818
among:0.048514161520927114
with:0.008237005306895032
ca:0.02896547318439889
from:0.011923552879298248
wrote:0.03627570386891354
510:0.08169083288290821
v:0.10835629053245105
re:0.0052667676447629656
oakland:0.07941419412859249
anyone:0.023562179572413963
this:0.007394118850301676
best:0.034298254647344144
mn:0.08073558504715102
am:0.023018821925371347
market:0.055082467817929893
card:0.17244554064868967
a:0.0039338144390039295
as:0.011269213524183358
usa:0.05133269980322148
question:0.030746282864043725
logic:0.058489309129534824
video:0.1477061067407756
recognized:0.07040722980369636
it:0.004828949714647492
not:0.008491690261633308
chipset:0.17555443633455797
ati:0.07230380565082674
familiar:0.06488251323508569
ave:0.07363351951661654
of:0.0027385997967005445
what:0.025927946563285387
manufactured:0.08096839211688636
email:0.038646459985463955
in:0.0025025310125984575
5:0.036603843477713845
use:0.02341942996827251
and:0.0026887141865548584
for:0.004582378350874282
subject:0.0003760134773523704
finland:0.07639802527780894
i:0.0026887141865548584
s3:0.17480321810689148
the:0.004246495830924242
lab:0.06070015371540159
is:0.011352364516506926
printer:0.06121031235532157
does:0.01716181428644402
automatically:0.06638312236053465
too:0.027500251660063334
accelerator:0.14929029916200082
96:0.0798410300369774
s:0.008738539166986173
