mode:0.027549534147325402
some:0.025198637592806206
manager:0.028251067193623008
out:0.00847609423798892
say:0.013651402692572255
there:0.006602726514943507
marc:0.06896754525570498
take:0.015293159211048226
where:0.013291056102401165
versions:0.03194548935718528
with:0.004207391199924801
eos.ncsu.edu:0.041854307279035136
work:0.014568866647412257
my:0.013672147645040307
require:0.02791022344534235
then:0.011481153595509375
family:0.0283486839505012
problems:0.01973433982655952
memory:0.04865657879377432
like:0.008378698298623548
nt:0.02054902307114931
months:0.024430176546617412
re:0.00269021944444727
so:0.014702310753739858
had:0.011038909968936224
this:0.007553704149229051
best:0.017519252373823267
these:0.011918244410783761
on:0.0036475455053186327
you:0.007997107761276575
machine:0.02340143420377228
them:0.010545749435483748
m:0.00984758785695016
more:0.018293798932672314
stable:0.03613538731594242
a:0.00401871690891049
was:0.012740447972681809
driver:0.02647327768695246
anywhere:0.030405246797514114
are:0.004625261738138313
no:0.008098890188363381
helping:0.037263750420208394
works:0.021403784126264317
it:0.01726610077827197
have:0.0036780619650910278
only:0.0095937858868294
shame:0.037828294416190365
has:0.00766024801357231
his:0.013269273679893933
heard:0.019443506182876796
be:0.00416159177796742
found:0.01924115471407912
writes:0.004757283388615557
were:0.011160455377498555
if:0.004821226041463377
of:0.0027977062671329304
even:0.012080283796877884
version:0.04489885766425302
they:0.006711651974875854
now:0.011884276243728377
author:0.02909358092129861
one:0.007074179192630378
in:0.0025565424733020215
and:0.00412011598371356
for:0.004681278603051424
subject:0.0001920644380720741
i:0.005493487978284747
faster:0.028059719621541957
ago:0.02058392608176003
any:0.014723557788328163
will:0.008153275862613557
later:0.045977151495794295
the:0.0037958784675707702
views:0.029137315065733017
thank:0.026118664077478523
because:0.01269584387693895
claim:0.023490928379856016
last:0.015684622676687035
development:0.027965921101123756
7:0.022960636898786375
here:0.012952524500887743
immediate:0.03453003802591213
is:0.0077315863853428465
chips:0.02987583415969045
having:0.018826556780002602
recent:0.02732442509701454
motherboard:0.03248362758080181
time:0.011363381078443983
does:0.026298319733903425
runs:0.026991298708225434
little:0.016872940301427802
supported:0.03144481819316229
include:0.04836724134164895
s:0.004463570365870636
