some:0.007342999214675183
at:0.005540660455688246
out:0.007409918862141257
help:0.040379107925316925
all:0.00600042660783831
thanks:0.012537022924001025
with:0.01103447880734995
except:0.02027900263524411
my:0.011952380645664168
to:0.0008667919245854282
most:0.011676701031239233
appreciate:0.024145995820216943
that:0.004363580194144363
bit:0.01713889432739434
docs:0.10351682218549889
really:0.02454585840491731
through:0.014902284868080673
nt:0.008982120147452057
could:0.009491252549220487
me:0.020445069441595184
anything:0.014599000945405055
vi:0.036051739234891335
lost:0.02204092027872862
so:0.012852963489118492
anyone:0.010521476412838938
math:0.030693432529944185
this:0.00660355268391722
mean:0.016625295954904785
he:0.010000837783146133
leading:0.02839763669013492
game:0.018691881181826967
on:0.015943673749663205
you:0.0034955911283567416
tell:0.01515739027435505
came:0.018985702719987087
3:0.02945240181934113
m:0.00860889756047844
board:0.04517228326232886
a:0.005269826889986396
hard:0.017007757248902574
was:0.00556893795032318
idea:0.017436328901011048
l:0.020785915589643794
bios:0.030351072740289996
no:0.007080161862783081
d:0.011458139763377582
it:0.012937940744904602
have:0.009646237983917979
drives:0.025453098438714853
try:0.015323205486436432
ve:0.011478828295770028
mother:0.026789962853706505
has:0.006696694804317931
switches:0.033746940805300794
edge:0.02964277790942113
without:0.028266798550974782
modems:0.033399376788476584
get:0.008266502989252342
if:0.008429565028470557
of:0.002445793529128788
what:0.0057889440440039705
but:0.012552513627366231
award:0.03555626201568936
again:0.015357667535270554
well:0.01058407490662481
please:0.012046637464812923
one:0.006184345331922155
in:0.0011174824018521413
replace:0.027650081955061155
jumpers:0.03594947180802479
installed:0.025191006008522598
message:0.02042339552553284
and:0.007203724801713016
for:0.0020462192635979496
subject:0.00016790538925797672
i:0.010805587202569524
league:0.024464509863102193
world.std.com:0.05781228088503833
any:0.006435768970369857
the:0.002370292484242305
do:0.004517722760418218
regularly:0.031244673454842022
can:0.01087504393003413
did:0.01033906316630796
last:0.013711714163896214
friend:0.021844021507501924
about:0.0061950703164897584
is:0.0016897649489978862
blocks:0.033818819395386474
motherboard:0.05679527338026984
sh:0.03782678620145873
blue:0.025136236650712636
sticker:0.03730237356662193
told:0.019498237526598305
1:0.012317760326570495
16:0.021930771961164414
e-mail:0.017293684129888468
replaced:0.02720533022676934
give:0.014863121203496898
says:0.01610708644294068
s:0.0039021149739372225
news:0.019301110164549804
