preferably:0.019512553422287596
there:0.003399181428063509
know:0.004569907872808526
all:0.003533584557949227
tried:0.011473570566802486
chris:0.028420349947550372
own:0.00839440976128887
with:0.004332054642885536
way:0.006416195627950161
much:0.006471099516888635
from:0.0031354527941858355
work:0.007500268385149274
wrote:0.009539166572936523
possibility:0.015707339191264193
options:0.016759186698803025
im:0.06568083077551896
212:0.04309443490211766
my:0.02815449663200893
to:0.004083553066935795
w:0.011460521685293903
hoped:0.022041778164482988
stacker:0.022701956799321205
that:0.0025696638921072355
memory:0.025049127601239375
like:0.004313478012995086
really:0.007227391641447874
me:0.004013291408905721
re:0.0027699296502086707
recommendations:0.019958344838027872
so:0.0037844836940182226
had:0.005682994391415315
this:0.0058331382041268785
bus:0.0749452342917715
ide:0.10066432052176102
apr:0.013804475100140738
big:0.010280668718027991
on:0.005633431391547666
you:0.0020585147755878587
specs:0.017947733810210805
dont:0.01802358022259429
performance:0.02808156469330827
machine:0.012047405016016099
disclaimer:0.013903909359534025
went:0.012083189871244755
am:0.01210619523482493
inc:0.013559316651127412
card:0.011336697579682376
a:0.0051722375031347965
how:0.004871714804552313
other:0.005108548103081151
controller:0.12479669987258273
as:0.0059267715571630995
running:0.011212816342395193
ram:0.014406878030493514
local:0.045279754843199294
compatible:0.01668726786229524
drive:0.010458532402985143
also:0.016483301463106295
solution:0.014406878030493514
70:0.01593272910134299
are:0.007143459795569173
os/2:0.017522639311720333
internet:0.010579755344868913
it:0.0038095047748885774
not:0.011165000158814165
have:0.005680562368307254
buy:0.011136448612014689
between:0.01720641367441782
maxtor:0.04322790531324861
has:0.003943609162542782
willing:0.01324407353325804
tested:0.017545018254149822
regardless:0.016759186698803025
be:0.002142449100509153
writes:0.0024491199667317125
get:0.01460415528101247
certainly:0.011391693619465338
of:0.0036007515845507157
interface:0.03127925582817691
looking:0.009606982760765348
what:0.003409044825913449
but:0.007392035802782336
gmt:0.015693697541574205
must:0.008583186768442582
good:0.006000036486516664
in:0.0013161459399591887
speed:0.02487751975470949
66:0.018947083643735898
and:0.006363290241513164
for:0.007229974731379422
enjoy:0.01712127621275077
subject:9.887761811858629e-05
welcome:0.015494882173190415
i:0.009191419237741237
rate:0.04316306343879168
improve:0.017567533239617905
any:0.003789952838106694
convinced:0.017567533239617905
the:0.0036291811592065516
vlb:0.040735518375313695
controllers:0.021821691421998538
got:0.008193162302335459
would:0.006908515897069452
isa:0.05362022850784565
compression:0.01802358022259429
generic:0.02041617430457297
an:0.0066510973226795314
problem:0.007835427007576239
cache:0.035945687524017014
here:0.006668151502308875
15:0.012377076785113496
interested:0.010655837834870074
is:0.003980335213195021
either:0.009272454470790215
save:0.026833409129046623
maximum:0.01812718708201061
disk:0.03889976648666535
motherboard:0.016723052717523897
hear:0.01227289468244003
1993:0.011220947418556063
advice:0.014406878030493514
transfer:0.05049758928858884
under:0.017980173534115847
show:0.01114840248049938
although:0.023405477457442654
article:0.0030012328900614854
little:0.008686439636660978
difference:0.0118783475808681
already:0.010762171560360561
opinions:0.01057633390933349
mine:0.012093477943703653
200:0.015393055726597086
main:0.01377191485787714
