eisa:0.06805390884731363
go:0.023724783558464965
all:0.011634973544466966
to:0.003361461366075197
recall:0.04769335628137832
then:0.01946195548507077
that:0.008461088425231142
nt:0.008708275021005348
could:0.01840377018690314
me:0.013214496102494448
re:0.004560250033880129
scott:0.04661069577038423
so:0.012461104846157563
this:0.025608899432752148
ide:0.05524261492047861
on:0.006183034454137682
you:0.013556072912407851
vs:0.04166599933004076
posted:0.04162659664002312
answers:0.05110501490551686
a:0.005109161436023396
want:0.023080463020880265
was:0.010798306513431532
said:0.02672566864223698
related:0.04700169494672158
scsi:0.0515850280016215
nyx.cs.du.edu:0.05733459568315089
straight:0.0487397759446745
mnemosyne.cs.du.edu:0.07282804136113588
probably:0.029112484329624492
edward:0.05512305394369055
tested:0.05777018205634698
which:0.01575478454289656
writes:0.008064175500214175
get:0.016028950918184418
if:0.008172566094675723
of:0.002371226653240715
what:0.01122490369508087
again:0.02977889192814656
ed:0.04839231306913418
they:0.01137706859155785
up:0.01638366305307786
pick:0.049025054963878226
in:0.006500476898578919
message:0.03960146205560636
and:0.004656066030375486
subject:0.0003255726450246134
i:0.009312132060750973
we:0.016435901289194758
back:0.05137455414798872
the:0.0018384219755830562
do:0.017519949241621872
would:0.011373776172004586
isa:0.05885147031348913
an:0.010949977299533375
here:0.021956108605163366
about:0.012012392442949653
cards:0.04798801785795247
argument:0.04291148097731368
issue:0.07637463432841106
article:0.01976421659308783
give:0.02881995452873179
while:0.026467591535103932
