since:0.037052252285253356
there:0.016995907140317543
dos:0.19608624201355207
6.0:0.2962356053335657
my:0.017596560395005578
to:0.005104441333669743
think:0.026662000509788057
nt:0.01322367688374886
hi:0.05835216037063712
a:0.0051722375031347965
ms:0.0774099985626868
was:0.016397428409284917
question:0.04042566821013156
perry:0.27035370333891434
are:0.01190576632594862
it:0.019047523874442886
able:0.04884194863167905
be:0.010712245502545764
of:0.010802254753652147
please:0.035470654757504716
net:0.061391527498120047
subject:0.0004943880905929314
create:0.1408461367127266
i:0.007070322490570182
actually:0.04526507642779786
will:0.020987136016727487
the:0.00279167781477427
because:0.03268004257212063
about:0.018241040376330953
is:0.004975419016493776
self:0.07874284114833659
write:0.060262480092361355
lack:0.07184298257227012
time:0.029250184627846548
somebody:0.07029126339768065
questions:0.05600326550454651
faq:0.14378129862584293
lots:0.06756842613734002
