mode:0.039889429650814906
pc:0.034717104812477945
there:0.009560197766428618
knows:0.036395431366054526
method:0.041571853361943314
4:0.025877807335194573
operate:0.0549870021984708
to:0.004306872375283846
q:0.04421540045336102
think:0.014997375286755783
quite:0.027668743563639596
nt:0.007438318247108734
me:0.02257476417509468
need:0.020012520744762875
anyone:0.01742619530876449
error:0.03922352249137498
this:0.010937134132737895
slave:0.05701721406306262
ide:0.047186400244575474
sync:0.06384925349809088
wan:0.05701721406306262
on:0.010562683859151873
set:0.02759806858464501
am:0.017024337048972556
3:0.02439027025664187
a:0.005818767191026646
other:0.014367791539915737
as:0.008334522502260609
jumper:0.05873341440760486
compatible:0.046932940862705365
drive:0.058829244766791425
scsi:0.044062211418051694
cd:0.04649169842688097
have:0.00532552722028805
try:0.02537905908691034
trial:0.04885217508357556
settings:0.052405375491131403
get:0.01369139557594919
end:0.028169097943494887
of:0.004050845532619555
short:0.03607268610022153
using:0.022962714360884588
please:0.019952243301096403
they:0.009717912755288997
who:0.013469300773269252
one:0.030728465867988202
in:0.001850830228067609
jumpers:0.11908262536408211
or:0.021072233053221416
and:0.00994264100236432
few:0.02380861980110715
subject:0.0002780933009585239
i:0.007954112801891455
the:0.001570318770810527
do:0.014964956643885346
na:0.04539899446906644
pair:0.05319689535548476
label:0.11484098046322296
quickly:0.04421540045336102
is:0.008396019590333247
jimmy:0.11063543561182868
too:0.02033872779025517
e-mail:0.028642664340127775
give:0.024617044493291735
side:0.03354545915178326
answer:0.06325564671101784
by:0.010317036196012146
