some:0.01883123992150571
there:0.04440866059244262
know:0.019901211704166158
us:0.03322381268040316
v:0.06204271474035503
re:0.006031298431905976
this:0.008467458683409984
mn:0.0924552667475439
you:0.008964499829172932
am:0.02636026381776396
card:0.14810846837972136
sure:0.03519425838966457
a:0.0067572780282890085
also:0.02392737309160591
video:0.11276487718919427
it:0.01105985257225716
not:0.019448709954063382
have:0.008245977631413756
being:0.03138393435363142
probably:0.03850360830692272
heard:0.04359108644225604
writes:0.010665522435767134
available:0.043565545609906935
but:0.010730374552425972
manufactured:0.09272186839191825
over:0.03235388310515093
in:0.00859740493037857
and:0.0030790114071837893
for:0.0052475623050334515
subject:0.0004305960789035209
i:0.009237034221551367
the:0.0024314613225453322
thing:0.03651503927620898
canada:0.06000979988720398
would:0.015042736227489936
thought:0.04329978072889859
about:0.01588735774712696
is:0.01300028839793535
guys:0.06265605983050405
printer:0.07009568027786824
accelerator:0.2564422074315014
s:0.030021110364000885
