24:0.03002527663006935
stored:0.040234643191724116
there:0.007522778570304488
posting:0.027042529155379025
all:0.007820228120051568
thanks:0.01633923479439478
i.e:0.028315893417831174
response:0.028783594693666738
such:0.01576243609399835
post:0.02116867052812443
both:0.01840741051072326
my:0.0077886414863139455
to:0.002259342885394805
q:0.034792446258382445
boot:0.040234643191724116
appreciate:0.031468961765692575
relevant:0.03685240058855381
bit:0.02233675572176803
through:0.019421830278892025
responses:0.036360070746400935
me:0.00888187442954545
anyone:0.013712415980667142
this:0.004303134740749336
ide:0.07426056431933191
on:0.016623240171779997
am:0.01339619964509316
particularly:0.03292705159951297
posted:0.02797853216788439
answers:0.03434927231354412
successfully:0.042852294144916175
more:0.020842934849520097
a:0.004578702051955394
hard:0.04433169512418868
other:0.011305803178950089
same:0.015918797955152563
controller:0.03452367721884973
as:0.013116625577328171
drive:0.023145932367262204
question:0.017893328552025446
scsi:0.13868761626665452
advance:0.025930337841611882
plus:0.029310654540816973
bios:0.039555906276279584
are:0.005269765422960865
those:0.015212423395799674
early:0.02871099261305968
missed:0.03562239489531009
have:0.008381157592584473
drives:0.09951744225628675
interesting:0.026787086573126333
sufficient:0.03750198560211234
robert:0.02619190187670249
has:0.008727659622020911
25:0.030144938920406664
be:0.004741485714241569
which:0.010589281414078016
if:0.010986072455137857
of:0.003187550583044896
what:0.015089214803223464
but:0.00545314116598697
please:0.01570012587627258
who:0.010598794051097118
email:0.02249097261449132
in:0.002912781998270336
system:0.01832149450198791
or:0.011054286191853857
and:0.003129487004022868
for:0.0026667939582956887
subject:0.0002188275155083467
i:0.00782371751005717
info:0.02414258573272457
possible:0.021122718221021165
directly:0.029774592831937542
any:0.01677520108670176
information:0.01999033839740791
will:0.018578776145955482
flames:0.03665952765896205
the:0.0024713213442264033
managed:0.03877961159151221
would:0.007644669230363738
put:0.020389010652022782
interested:0.02358259192963049
number:0.02051036760981769
having:0.021449929446068536
motherboard:0.03701003470271682
2:0.015970570099142697
mass:0.03452367721884973
april:0.02788650706465666
by:0.008118323564075132
summary:0.03526095784723448
