silent:0.035597225837957096
at:0.0059524663003677775
cable:0.11669317468619592
dan:0.026850023576940937
posting:0.022291814574028655
graphics:0.023775280000944067
with:0.003951536329659104
much:0.011805384253783321
4:0.01678560475796405
avoided:0.0389565064771305
to:0.0018624312974200418
remember:0.018801513760278596
changes:0.02755344121443371
most:0.01254456394572323
apart:0.03112607053845327
ii:0.02480675543993323
consent:0.03474743268059876
calls:0.02708303828012451
that:0.007031850515563719
indeed:0.0249205561385447
nt:0.004824855079205666
me:0.007321545137868546
re:0.0025266250187714226
recommendations:0.03641049396126706
this:0.0035471786376447233
bus:0.02734488278213285
internal:0.026774104162975224
on:0.006851470611341756
you:0.0037553985770859585
tell:0.016283953065016572
rev:0.035809497434128576
violate:0.04021135205682707
spec:0.10637798416999548
inc:0.024736591187867578
3:0.015820715842146078
a:0.0018871677376302637
how:0.008887587819115705
noted:0.03015677735797685
as:0.0054061767582230975
part:0.01654879805684647
let:0.015575255018600168
proposal:0.031845957348634865
cables:0.035597225837957096
scsi:0.11432357557116116
therefore:0.04639088541290359
also:0.02004725853621036
silicon:0.03673230510308635
others:0.018218433939651325
section:0.055537285481395776
are:0.013031987464889707
no:0.007606390109341283
not:0.004073716274161925
should:0.03330024612635432
have:0.0034543960347814383
sgi:0.03761104245611472
between:0.015695039500313552
has:0.007194422120855075
be:0.011725566023056851
which:0.008729002246739986
notes:0.03161023262565891
writes:0.004467989128497043
get:0.00888090523845353
of:0.001313787740309045
gives:0.02457111132294666
but:0.004495156907097367
saying:0.020382129587597563
least:0.0162679890723411
requirements:0.032880855811489584
they:0.006303510976403674
one:0.006643992620105558
olson:0.15872455375591651
in:0.00240107705262825
point:0.014875242981486897
or:0.00455615849799382
and:0.0025797122600729047
for:0.0065949093833528516
subject:0.0001803848438649885
however:0.01619661421754671
vendors:0.03707021335021245
foot:0.032562296497802415
i:0.0025797122600729047
draft:0.03336368664920678
pay:0.02251920312160732
noise:0.030948717659568567
the:0.004074340594535422
do:0.004853499452070924
devices:0.05736051950706295
because:0.011923799316854824
an:0.0060668793146063296
note:0.02001141283026012
many:0.012521628564716848
jones:0.0335155302698288
including:0.021486268287366418
is:0.005446066761297242
connectors:0.038731260394241365
silence:0.036255159378667745
1:0.013233269540031815
whoever:0.034047833498566056
meters:0.03955484024295108
dave:0.047382090153710706
meet:0.02898743795675281
aware:0.027681737918789726
seem:0.01864670645199823
reduce:0.03081011266069625
main:0.02512443926774884
s:0.00838427406562187
