pc:0.07091153323399751
at:0.00937196821760033
know:0.013126331124024487
all:0.010149657772832884
printing:0.05169674234907124
establish:0.05414372565334754
lan:0.13318258434180688
ca:0.02187817655417363
into:0.01905110535087645
from:0.009006087813086974
to:0.004398507957736694
then:0.01697745052952982
been:0.01560894028958978
that:0.007380949477329294
nt:0.00759658033747275
could:0.016054352716234652
this:0.005584919557142755
panasonic:0.06719936040324331
recently:0.03520544217646478
unix:0.08430994502383686
on:0.010787421813601913
am:0.01738655698618474
etc:0.04941114866932416
letters:0.04989158306407717
sure:0.023213234257012803
a:0.002971285374141266
how:0.013993223374777918
ms:0.04446957364239454
russell:0.05561680729446567
it:0.0036473981887231058
not:0.006413936261446435
have:0.01631650893024424
500:0.04435933122712277
network:0.03907967734074018
which:0.013743535452314019
printers:0.12028607788286398
if:0.00712925978471712
trying:0.02868434279859996
but:0.0070774810877703214
print:0.046769819477177905
street:0.042425834897006444
using:0.046902565503083415
they:0.009924676856465357
good:0.017234147354888287
in:0.0018902095946222392
world:0.05364363167516334
pcs:0.059070648525240875
use:0.01768914391220583
and:0.004061674622242445
for:0.01038347434825768
subject:0.0002840101797023223
i:0.01624669848896978
possible:0.027414591733665766
when:0.013911430243018467
would:0.009921804745791234
can:0.01839502111569603
here:0.01915320112365315
different:0.026885286149055825
is:0.002858219435007063
move:0.03762579910184061
suite:0.056268335222558426
printer:0.04623332103433862
2:0.04145552238500869
handle:0.043216562624773434
guess:0.031874013435485675
leave:0.037587043875473576
before:0.022619087949177066
specify:0.05572266187801001
