reference:0.07463266126036709
out:0.023563541981609197
all:0.019081356612925825
much:0.03494393739119863
fred:0.09267228499359224
to:0.0055127966403633235
software:0.05631571776962513
that:0.0069380925086895365
could:0.030182183106521147
re:0.0074788100555634104
this:0.01049964876742838
a:0.005586016503385581
was:0.017709222682027712
russell:0.41823839085438186
are:0.03857468289607353
proper:0.08213056210083682
not:0.03617460051455789
deleted:0.07026758993996673
amazing:0.09802915959823456
writes:0.013225247820351248
of:0.003888811711314773
sense:0.06572644092725981
windows:0.054944143628470034
they:0.018658392490154874
find:0.04232893475346781
programmer:0.10196336548315565
one:0.01966621815551245
in:0.007107188075779619
for:0.00650697725824148
subject:0.000533939137840366
i:0.0038179741449078986
stupid:0.07723372382533106
actually:0.048886282542021695
the:0.001507506019978106
solutions:0.09414603930941542
problem:0.04231130584091169
followups:0.11671534434577124
hardware:0.07099362247349103
function:0.08226001239094917
s:0.012408725617120366
