some:0.01389924851349231
mark:0.10727228443900678
there:0.01092594030448985
technology:0.08018256394802244
fax:0.07282484142579498
with:0.006962230676066039
microsoft:0.05070957254451588
someone:0.026231644222178805
post:0.030744973862275957
melbourne:0.2770356529421849
to:0.0016407132858224176
sound:0.041085515346767035
format:0.14357337525135763
communication:0.11458720193163327
australia:0.05522730613624092
file:0.07234490196329545
this:0.006249790932993083
hi:0.03751210309540958
you:0.006616654635818117
as:0.009525168574012123
03:0.311774454119843
video:0.08323121887773863
electronic:0.10270645988118118
are:0.007653706923824113
it:0.008163224517618379
interesting:0.03890505430858824
royal:0.1453673996247063
p.o:0.10968234380216865
disks:0.051306082307065626
of:0.009259075503130411
institute:0.09267756785555491
department:0.08257322815935562
available:0.03215552175969321
ph:0.13062837085312956
using:0.026243102126725246
please:0.022802563772681604
box:0.07544140501682398
email:0.032665460225808816
and:0.00909041463073309
subject:0.0003178209153811702
victoria:0.14425978020482788
i:0.0022726036576832726
gregory:0.19083181186395598
research:0.036753946196866394
the:0.0008973250118917297
do:0.008551403796505912
thank:0.04322017031868469
because:0.02100859879636326
is:0.0031984836534602844
engineering:0.0920654641243595
wish:0.044477113271175935
