all:0.009735386027002971
thanks:0.020340680050164928
graphics:0.035905524899384915
your:0.012856451246747577
with:0.005967626293770891
much:0.017828539485305422
from:0.008638492392144648
turn:0.03491304219096444
think:0.029382612806705205
swedish:0.06031913030404803
appears:0.039798990075452366
could:0.015399073013531196
re:0.0038157194161037807
off:0.02228017804037092
yang:0.13361762319421844
personally:0.03998821025618878
these:0.01690444870509125
standards:0.043237738124745254
you:0.005671418259272671
inc:0.03735730097759593
access.digex.com:0.09127474233455855
more:0.025947327057565833
how:0.013422071400297185
also:0.015137725833464963
silicon:0.05547327709445693
computer:0.027354111277197092
bang:0.060120986570812295
it:0.01399409917306008
400:0.04684517320892248
between:0.02370271271475924
against:0.02636000808324333
buck:0.05738359895249924
screen:0.03814599153169436
access.digex.net:0.05061529061157818
be:0.00590266588915787
writes:0.013495150837093108
down:0.04825235871332975
things:0.022803325797349484
of:0.0019840876078136595
wayne:0.09535951852005879
but:0.006788604308677655
windows:0.028032726341056136
powers:0.10815929837246997
now:0.016856269366104532
in:0.0018130581825968415
and:0.0038958919845998963
for:0.009959659068736958
subject:0.00027241792746957445
i:0.005843837976899844
info:0.030055055708085684
monitors:0.09423170875118023
cost:0.033887832697457966
the:0.006153085795829003
wrong:0.026973694457447555
when:0.01334361676371159
protected:0.047973845367534414
sgi.com:0.06332157390606782
about:0.010051185513488485
17:0.040125548555923526
press:0.03660561592620067
meets:0.06206020700844357
is:0.008224672251755017
right:0.01979462850806428
time:0.01611744867248687
does:0.012433559329974746
dollars:0.04679188806625766
change:0.030326623550107012
article:0.008268702860373478
difference:0.03272605966157537
mike:0.0652124903868919
s:0.006330982457714472
