24:0.0832519033833741
posting:0.07498155811264183
to:0.006264541636776504
that:0.01576839206520349
re:0.008498647790412968
stealth:0.1206932024856313
hi:0.07161401500032738
you:0.025263590427669177
used:0.044874170644019676
a:0.0031738730132872617
j:0.06941201498929234
as:0.03636882546440993
idea:0.06300855216501719
results:0.0832519033833741
it:0.007792168857726636
tested:0.10766261201410118
of:0.008838208434806302
version:0.1418395730757084
well:0.03824699795803056
good:0.03681840571271589
and:0.004338606982849885
subject:0.0006067490202731432
the:0.008565375113511966
when:0.029719873700994
scores:0.11793500119007976
drivers:0.08937053996546604
eric:0.1812740218326639
is:0.006106196065696907
obtain:0.10410023212763972
resolution:0.10154140897356519
diamond:0.11379132944476263
give:0.05370991525809106
giving:0.08621288516566081
