there:0.009270494803809572
tower:0.055548434148155044
with:0.011814694480596917
4:0.05018726271068039
ca:0.02077321814234668
such:0.019424416196644433
from:0.008551234893234097
work:0.04091055482808695
options:0.04570687281491734
to:0.005568481454912448
boot:0.049582085549397394
software:0.028442281701830878
been:0.014820609971933732
technical:0.03875502265575051
think:0.014542909368975307
nt:0.007212914663863016
and/or:0.04081800027418152
this:0.010605705825685234
programs:0.03568870832620724
internal:0.040025933496164984
on:0.010242602530086665
set:0.05352352695203882
support:0.027666225348823296
card:0.06183653225281297
modem:0.04306434925792738
3:0.023651171157955755
board:0.07254942463343726
a:0.004231830684383015
as:0.016163922428626635
video:0.03531021406934367
cd:0.04508285908061185
are:0.012988108719216677
com:0.2929317744791153
not:0.006090000086625909
have:0.010328295215104099
only:0.013470063012821078
b:0.030918266126406486
mouse:0.043898304820483146
follows:0.04337398300632135
call:0.02683794038382533
ati:0.05185424445665352
device:0.04054701802940228
get:0.013276504800920429
com1:0.06473851715187764
ok:0.032968173641524566
port:0.08423792192625335
installed:0.04045828237732417
system:0.022578003325682074
external:0.04337398300632135
unable:0.0462145681157344
for:0.00328635215062701
known:0.03289827017844806
subject:0.0002696662312325081
i:0.007713079080622018
any:0.010336235013018256
suggestions:0.03996966031384725
the:0.0007613666767566193
conflict:0.04772834939499271
is:0.005427729836175029
eliminate:0.05443184955825783
hardware:0.03585536488560154
disk:0.03536342407878668
9:0.03596801672348512
does:0.012307967821591164
2:0.01968090456662029
irq:0.05790127816512851
primary:0.046478317045064554
run:0.027038731599872676
nothing:0.02580662627778696
rom:0.050899791492805824
show:0.030404734037725582
before:0.021476709769925703
ports:0.049728479562554634
john:0.027085640399816625
