posting:0.03112442034864378
all:0.009000639911757464
take:0.020054237078638713
thanks:0.01880553438600154
fax:0.08656537754386952
with:0.005517239403674975
much:0.01648298933547105
ca:0.019401401849927558
work:0.019104457207455693
ext:0.1545586915428439
my:0.01792857096849625
to:0.0026003757737562846
aka:0.04886472932461289
connector:0.04970178701903444
t:0.024304462783023038
appreciate:0.036218993730325416
beach:0.050099065182714876
make:0.016604532861789655
jeff:0.11930601760840745
like:0.02197432195299383
nt:0.006736590110589042
need:0.018124547089596568
greatly:0.036820086318873596
so:0.019279445233677736
anyone:0.015782214619258408
310:0.0527792939667139
phone:0.02771082194537329
this:0.00990532902587583
hi:0.029726572264286835
these:0.015628641255650402
sharp:0.05072822909307971
a:0.003952370167489797
other:0.013012339507848214
also:0.013995255959241192
manufacturers:0.04761613072570087
d:0.01718720964506637
it:0.009703455558678452
have:0.014469356975876969
has:0.010045042206476895
be:0.0054571816711082195
which:0.02437532702863241
park:0.042370210085329874
but:0.006276256813683116
please:0.018069956197219385
toshiba:0.057825739017138916
one:0.00927651799788323
floppy:0.16622721107916366
external:0.04050966337382842
or:0.012722857692511044
use:0.031373198636742414
and:0.005402793601284762
for:0.012277315581587697
subject:0.00025185808388696507
space:0.02884445997653871
i:0.009004656002141271
info:0.02778674961690941
the:0.0014221754905453829
would:0.01759716313404483
can:0.008156282947525597
wright:0.10724938338040303
is:0.0025346474234968293
either:0.023618516104843
connectors:0.108155217704674
does:0.022990354987500475
their:0.014280034137563338
first:0.017712781409349444
e-mail:0.0259405261948327
very:0.016445683884749502
by:0.009343730894501566
