since:0.012825779637203084
at:0.011294423236595269
out:0.007552417301797819
know:0.015818911867414125
all:0.006115819427219815
dos:0.06787600685084497
with:0.014995573763834546
c:0.016577549329672817
microsoft:0.027305154447047012
work:0.012981233743527587
signals:0.032570041459764595
6.0:0.17090515692321095
both:0.014395538989155372
config.sys:0.03752638689715871
entity:0.03550663659818502
to:0.005300766000349349
then:0.02046000448430517
important:0.020143392903674503
hang:0.034041672495947285
100:0.021657128838660715
calls:0.025694164522169407
been:0.009405387097573327
format:0.05153916034664121
make:0.022565134401919276
that:0.004447495197877908
had:0.03934380732518295
he:0.02038632317333635
two:0.011953778414444304
on:0.00325005657204673
you:0.0035628140346712937
am:0.010476515107060035
m:0.008774453282795334
sure:0.027974923335374404
a:0.002685584857396914
other:0.01768343574143475
was:0.017028098732718953
failed:0.027162168821955355
jay:0.06536113171997157
drive:0.09050653041044834
fine:0.020763824217439487
success:0.028729539979561586
d:0.011678488604980997
not:0.007729615494563652
have:0.013108990080709046
only:0.01709661843934983
stay:0.025312163899078092
left:0.018746187073721547
disks:0.027626352011496876
after:0.012366754408108662
careful:0.029495855047829426
his:0.011823263086572158
be:0.003708084981650457
claims:0.024079010741081576
things:0.01432516620602724
if:0.0042958360241244185
of:0.0024928280200735725
who:0.008288800475858001
up:0.008611925450976825
thompson:0.03752638689715871
now:0.010589194858193873
over:0.01285859456743178
one:0.006303275049843734
in:0.0011389724480416056
floppy:0.02823731470255024
or:0.008645018688501094
stories:0.02966772208276953
and:0.007342257970976728
known:0.020877748382476653
subject:0.00017113433905139932
however:0.030732037233293756
i:0.007342257970976728
back:0.013502286667099598
similar:0.02028691210170962
any:0.006559533758261585
driving:0.026840439690392178
the:0.0038654000512259126
thing:0.014512387404647158
upgrade:0.028349778225953505
start:0.01806129543514431
may:0.011929650816921992
an:0.005755757298472671
people:0.02894756038602149
warning:0.02750090267691933
about:0.006314206284114561
interested:0.01844279625265974
busy:0.03273655098799062
either:0.016048478891752295
compress:0.07827475364407262
disk:0.02244217297307616
time:0.010125063909639189
their:0.00970310011911355
met:0.03025087450716522
s:0.003977155646512937
