report:0.030610711479635122
read:0.018282282757241305
out:0.028504284655172414
say:0.015302782050544705
there:0.00740144343207377
true:0.020832909614176182
send:0.023656025168356635
saw:0.027398230509156893
cnn:0.04192507664015855
though:0.02004471130331193
ca:0.01658506932332517
from:0.027308782400973404
ship:0.04132743170343498
to:0.002222901871114243
stop:0.02680607350468256
us:0.03322381268040316
legal:0.09143504501209898
been:0.011832583767914831
that:0.0027976179470522323
nt:0.005758697997761601
me:0.017477236780718462
re:0.003015649215952988
anyone:0.013491247980978961
phone:0.02368828327588362
this:0.004233729341704992
finger:0.04012553187149556
he:0.012823654899356735
big:0.02238532704731901
on:0.004088780848703951
jury:0.04736135878200734
a:0.0033786390141445043
was:0.007140815597591819
82:0.08400599055308705
cb:0.04904758295828605
486:0.0384510208652194
chip:0.02606777707905866
no:0.009078594646633143
it:0.01105985257225716
wiretap:0.0393007024431051
verify:0.04355200924218319
45:0.03637404523593277
ruling:0.04571542848891448
selling:0.03362723496249629
has:0.008586890918439926
public:0.023901166113391884
pgp:0.03665147609655642
thrown:0.03958569733379308
making:0.02479521928122906
of:0.0031361384768667524
prohibiting:0.09886336025510847
cmu.edu:0.09886336025510847
key:0.025853567509972385
san:0.03256423736777858
using:0.017777585311652584
court:0.03223114215696217
now:0.026643780610939423
david:0.04026524579587894
called:0.021631084644005916
email:0.022128214991676942
in:0.004298702465189285
threw:0.04232242380956809
francisco:0.04025056563388238
u.s:0.028449535491924985
brother:0.03736785685225493
or:0.005437995626637784
and:0.0030790114071837893
for:0.007871343457550178
subject:0.00021529803945176046
i:0.0015395057035918946
the:0.004255057314454331
judge:0.03518114096112131
db:0.04706263884910131
can:0.00697230639062672
clipper:0.028822613861409444
william:0.03283596193057272
friend:0.028009672739458112
an:0.007241114020659167
just:0.00947087551182166
here:0.01451936214212416
about:0.00794367887356348
district:0.04559230371366618
dc:0.03610584183467081
their:0.012207125956304144
excerpts:0.0469173283208539
told:0.025001772312331694
16:0.02812090920826727
verdict:0.04850370166154789
article:0.006534942583198395
by:0.00798738286142876
mine:0.026332572941935372
96:0.04571542848891448
s:0.005003518394000148
