re:0.06232341712969509
subject:0.004449492815336383
any:0.1705478777148012
later:0.5325686714929505
jones:0.8267164133224436
fraser.sfu.ca:0.963776231995769
