tv:0.020931829040064433
there:0.0050706021302604825
access:0.018521419160323346
your:0.006960951503763881
with:0.009693271438500784
way:0.009571120549980902
much:0.009653021378784151
such:0.01062440443904861
from:0.009354389551714647
adequate:0.02990211935733546
my:0.015749407646358585
pulse:0.03288000057685307
via:0.01888525623544555
to:0.002284308000150548
remember:0.01537361346144327
most:0.01025743350258032
positive:0.024458563537660846
direct:0.022065058688255104
homes:0.030382845197057175
that:0.0019166001405219713
problems:0.015155100750783275
considering:0.0221291157754425
talking:0.018009343537913083
hot:0.02311391263404095
generally:0.021363256868635907
re:0.002065969628608677
complete:0.02045975607897667
this:0.005800910921231149
tools:0.02458272296225785
getting:0.014984539073064565
on:0.0028011537306038116
you:0.009212137946000915
am:0.018058965267418403
card:0.01691109583709526
m:0.007562512221635757
a:0.006172393926392906
air:0.04258717111194662
other:0.0076204861206182915
quick:0.022426934918183955
as:0.004420520222193472
operation:0.023788763179571803
removing:0.028118840947042367
equipment:0.02229258515215795
cover:0.13008419496954318
are:0.003551996583432185
complex:0.024839739623224114
begin:0.023056461212931013
reason:0.014763601790102363
not:0.006661989045038286
have:0.008473767068745627
only:0.007367603526349649
offices:0.031669759880374154
completely:0.019872893022317515
b:0.13528876669676207
develop:0.024892609518340967
extended:0.052823263751315644
regarding:0.021861858403706504
johnson:0.025510241595623376
without:0.049662110161381105
spots:0.032446455740159724
if:0.0037024885069801617
of:0.007519801651713649
flow:0.028513641853021066
reasons:0.02009129544638732
supply:0.022309201290632838
biggest:0.02669870225649048
they:0.005154252069103556
rf:0.030311555667577022
removed:0.025510241595623376
over:0.0110825455940296
box:0.017505740390644238
in:0.0019633116231435412
leaving:0.025569970413878713
jumpers:0.03157992274848586
system:0.0370478839100971
moving:0.02343083746763167
or:0.011176433000603624
for:0.0017975075299009613
subject:0.000147496999403416
station:0.02285077424183512
however:0.013243640354679077
create:0.021010197189191265
i:0.0031640669709181476
group:0.014901193009981464
eyes:0.023876461241208763
the:0.0054136956518550765
can:0.004776607693026041
fan:0.022096994394970572
law:0.016612381907425224
operating:0.02539268690806932
radio:0.019819615252860034
neighbor:0.027977772980163
may:0.020563817982760562
an:0.004960763196473684
jim:0.01870900965165121
slots:0.03060240502385007
problem:0.011688206033401018
just:0.0064883346047839
during:0.01617883707073188
i/o:0.028513641853021066
about:0.005442078344319732
including:0.017568882356520606
interested:0.015895448703949832
cooling:0.032551694386406656
is:0.0029687583081841316
motherboard:0.02494599024161023
life:0.015416460515407238
run:0.029578280976656296
ham:0.03224180783032354
very:0.009631173987753852
full:0.017069958474714104
concern:0.025451151600503225
elsewhere:0.02617212667746106
periods:0.030528244690523326
s:0.0034278247561105985
