perform:0.043921835817738474
some:0.011014498822012775
believe:0.020496904531418305
where:0.017428837719186432
performing:0.05225505008789493
someone:0.02078734070436811
from:0.015973061404342934
bits:0.04159790942421503
my:0.008964285484248125
to:0.0026003757737562846
0:0.034576946117645585
clock:0.12141907974337969
width:0.05333439302353403
that:0.009818055436824815
provide:0.03185807243663598
bit:0.025708341491091507
really:0.01840939380368798
me:0.010222534720797592
re:0.003527740592246892
wait:0.034635847218019974
so:0.009639722616838868
math:0.046040148794916275
bus:0.07635929531614455
ide:0.17093941220676398
2.0:0.04424347932097409
two:0.017592353138238787
on:0.004783102124898961
vs:0.03223218816097493
3:0.022089301364505844
a:0.003952370167489797
richard:0.1057380428710975
quick:0.038295049247087695
cycles:0.11228830385680011
said:0.020674573855315397
part:0.023105868985030916
scsi:0.03990539902012229
stuff:0.02757940144031719
os/2:0.044633137869476314
it:0.0032344851862261504
states:0.03257414844769512
between:0.021913828736286844
connection:0.040620435240589586
shows:0.03645485507188595
which:0.012187663514316206
writes:0.012476648887123817
if:0.006322173771352918
well:0.015876112359937213
in:0.001676223602778212
speed:0.06336726729973172
and:0.001800931200428254
for:0.012277315581587697
subject:0.00025185808388696507
however:0.022614140605631255
until:0.02699212948457211
i:0.001800931200428254
386:0.044520154935073344
possible:0.02431105304683568
rate:0.036647884051804254
will:0.021383119715156308
the:0.003555438726363458
do:0.006776584140627327
isa:0.04552660911043499
come:0.04530554102772469
an:0.008470737156242799
about:0.009292605474734638
is:0.005069294846993659
figure:0.03483488334032786
does:0.011495177493750237
16:0.06579231588349324
every:0.022944797423937697
transfer:0.1715012466404904
article:0.007644649814307556
wide:0.04058336657889251
takes:0.03373490428282708
comes:0.028529965445712374
