there:0.014119676701186884
help:0.032924503385258416
nichols:0.08345015068806823
with:0.026992032774902187
continues:0.07619617345075815
wrote:0.03962423037989017
my:0.014618680943543098
to:0.0021203064001397397
ten:0.06193829603935122
keyboard:0.06991973901496917
re:0.005752930811971855
michael:0.23113040012874533
voice:0.0557922200220949
error:0.11586025105144611
these:0.02548670727844527
a:0.0064454036577525926
bios:0.14848678663711104
are:0.009890944332326547
manual:0.06045534456742713
49:0.07654716849331462
it:0.010549397838152985
have:0.007865394048425428
only:0.020515942127219796
cmos:0.08978103411213173
referring:0.07306692618021955
after:0.05936042115892158
register:0.07968709705244564
g:0.054384645554023114
if:0.02062001291579721
of:0.002991393624088287
germany:0.06468839589518903
wayne:0.0718864062689674
gives:0.05594653039686316
now:0.025414067659665297
system:0.06877607166900078
and:0.0029369031883906913
subject:0.00041072241372335844
i:0.0029369031883906913
the:0.0034788600461033215
10:0.0889345156275743
stops:0.08345015068806823
is:0.004133425029087137
multiple:0.06606191257885867
motherboard:0.1389299764225062
ami:0.18311631090493558
59:0.0812115724777415
