king:0.0636008106799666
sector:0.04039576436366805
with:0.01329153129067153
ca:0.01557991360676001
from:0.019240278509776717
my:0.007198592888865919
discovered:0.03435479322060476
boot:0.0743731283240961
that:0.007884196032601746
nt:0.005409685997897261
happens:0.02830361753620287
anyone:0.012673596588192358
this:0.007954279369263925
getting:0.020546981607762773
on:0.0038409759487824996
machine:0.02464241935094202
detected:0.04493240452343096
a:0.009521619039861784
other:0.010449302938120537
as:0.0060614709107349885
idea:0.021002850721672395
standard:0.023060943488350277
3.5:0.03636117640607414
drive:0.04278490528493922
no:0.008528376789261438
have:0.015492442822656147
systems:0.02273043272941372
only:0.010102547259615808
cmos:0.08842071541346307
settings:0.03811300035718648
disks:0.13059730041798523
be:0.004382282251041449
found:0.020261518979219677
if:0.010153794238839534
inch:0.039834340332200464
of:0.0073651736956719185
what:0.006973046234822964
reading:0.024896379139113564
particular:0.0256897836976046
print:0.033305780536778205
up:0.010177730078427157
box:0.04800816682888799
one:0.014898650117812462
tim:0.061786504541457406
in:0.002692116695371068
floppy:0.10011411576358722
system:0.016933502494261555
rather:0.019496088279642904
message:0.024600908246664558
and:0.0028924046552332564
gets:0.02528269956358185
subject:0.00020224967342438103
cause:0.023890160101076263
scan:0.0793625790383779
i:0.00867721396569977
hangs:0.044782384619672023
away:0.02097714838123993
any:0.007752176259763692
than:0.010837888501662585
2000:0.03277005686406307
the:0.005710250075674644
when:0.009906624566998
did:0.012453871541234587
gateway:0.1096777401296843
problem:0.04808102936467237
here:0.013639400800177243
garbage:0.04039576436366805
is:0.002035398688565636
hardware:0.02689152366420115
their:0.01146730014077056
goes:0.024416872696899065
sends:0.045085455336442475
nothing:0.01935496970834022
virus:0.08352071306416216
going:0.01649860366704305
