some:0.011617282339635365
tables:0.060064058833340435
locate:0.02868439282893191
bbs:0.020134540555998313
there:0.00456606460486143
all:0.004746606122618364
tower:0.027359676520733078
existing:0.02154065500674652
swap:0.026474188186427824
where:0.009191327354396825
your:0.012536639026679229
with:0.005819177878502959
4:0.024719099544066456
ca:0.010231585055185677
such:0.01913449953699302
from:0.008423604521693289
work:0.03022496214910901
config.sys:0.029124956994809745
options:0.0225123403416757
to:0.004114027343554719
most:0.00923679335306984
fails:0.023815197000859326
value:0.018576382187844118
boot:0.02442102721089722
software:0.014008885017319684
been:0.007299703419012135
make:0.00875661932014778
that:0.003451787317755988
technical:0.01908829474089204
think:0.007162925510092314
like:0.005794224196560563
nt:0.0035526296105593954
and/or:0.02010438819474612
updated:0.025585174312082667
anything:0.011548463434424894
re:0.0018604005113341817
had:0.007633873063095199
this:0.01044741170888396
programs:0.05273406155663457
internal:0.01971426575184245
on:0.0050448639327292525
set:0.026362334170407176
you:0.00829550730460779
great:0.012543535764839188
support:0.013626648306136845
card:0.0304567994678034
modem:0.04242159777646577
3:0.011649084301679699
sure:0.010855940398802007
board:0.03573329870005119
a:0.004168669032377299
as:0.007961334927532522
copy:0.016998069378424588
let:0.011468346978869774
fine:0.01611520685532617
also:0.014761165489348919
video:0.01739159797445285
cd:0.02220499029343569
bios:0.048018115081652823
are:0.009595692262704859
works:0.014801621858461393
com:0.14427982922105678
it:0.001705748406666527
not:0.005999104562944924
ftp:0.018872472374572513
have:0.0050870707775885855
only:0.006634508648105903
site:0.01943066764894829
b:0.0152283997339017
allen:0.022159346630370808
mouse:0.02162155312053647
follows:0.02136330506281499
call:0.026437374109439873
ati:0.025540150254769644
device:0.019970919327914557
uses:0.016990025521574314
which:0.0064273250374005855
writes:0.0032898626418784195
get:0.013078348012846987
if:0.0033340816903652203
of:0.0019347321946839666
com1:0.031886135313611376
but:0.003309866777365225
ok:0.01623805567418374
port:0.10372579938680448
find:0.010529585759569105
in:0.0026519358491714994
installed:0.019927213708234293
system:0.011120509100709079
external:0.02136330506281499
or:0.010064350114971423
unable:0.02276239922118261
install:0.021980847686764327
and:0.0018994896243322878
for:0.0016186510592640496
known:0.016203625610280388
subject:0.0001328206810548174
i:0.00474872406083072
directly:0.01807214092286756
ago:0.014234655350072857
any:0.010181962848644848
will:0.011276670098540142
program:0.013814096678527737
suggestions:0.01968654910980536
the:0.001500005990027966
do:0.0035737209895845604
can:0.00430132334546126
conflict:0.02350799298559342
put:0.012375419400730244
ny:0.02090145936110905
problem:0.010525200457938231
is:0.004010039207323342
write:0.0161899200248135
eliminate:0.0268097169466046
hardware:0.017660105092908218
disk:0.01741780588955165
time:0.007858258556734894
9:0.01771559032649267
does:0.006062133404664305
2:0.009693579861171187
irq:0.02851853999177971
primary:0.022892305410255675
run:0.026635168441665618
automatically:0.023448764614915223
nothing:0.012710726375626412
rom:0.02507004655615809
show:0.014975466018581256
article:0.004031506867246771
little:0.011668351750738628
before:0.010578080931455942
ports:0.07347939517452101
john:0.01334068855513356
