some:0.012554159947670476
out:0.012668570957854407
there:0.019737182485530053
help:0.023011749677868787
saw:0.03653097401220919
own:0.024370867048903178
your:0.01354765830302433
much:0.01878706311354765
such:0.020677604338363426
work:0.021774972731078538
store:0.047991430634199715
to:0.004445803742228486
lies:0.048498726981243696
day:0.02734734447056852
t:0.02770186080645637
finding:0.04794199290034349
anyone:0.017988330641305283
had:0.016499015975076723
he:0.034196413064951296
these:0.017813290033321966
certain:0.035444247223231286
2mb:0.06672595959994246
machine:0.10492901142981763
am:0.01757350921184264
a:0.006006469358479119
other:0.014831268686364633
wondering:0.03869820969739029
series:0.03857365979320072
was:0.01904217492691152
as:0.008603378066849661
part:0.026335721638852446
ram:0.041826420088529555
advance:0.03401614211480269
computer:0.028824762421132424
it:0.0036866175240857202
not:0.0064829033180211285
whether:0.030725361127761558
murders:0.05819659788900773
has:0.011449187891253237
be:0.006220013517607219
which:0.013891315403414171
if:0.00720591849207967
of:0.006272276953733505
seen:0.027875966565831755
they:0.010031393811911224
who:0.01390379434660052
up:0.02889162086779322
one:0.021146471134959623
in:0.003821068857946032
speed:0.0361125286761912
or:0.014501321671034094
world:0.02711022245949115
and:0.0061580228143675786
for:0.0034983748700223014
subject:0.0002870640526023473
i:0.0061580228143675786
appreciated:0.03639529160404562
gregory:0.05745473905581472
similar:0.03402965900931937
games:0.035805056899018556
actually:0.02628294760323747
the:0.0016209742150302216
do:0.007723848590392437
would:0.010028490818326624
claim:0.03511009725591383
bought:0.03938799729966087
an:0.009654818694212223
here:0.019359149522832218
does:0.01310203026169382
man:0.031161820847260206
slow:0.044156216183245604
too:0.02099481578348921
