at:0.012235625172978208
pub:0.08693863144534615
there:0.012746930355238158
posting:0.045822063291058895
saw:0.04718584143243687
someone:0.030603584925875275
from:0.011757947978196882
to:0.0038283310002523076
perhaps:0.04011752135611174
that:0.004818119797701067
me:0.015049842783396453
cant:0.07810545412979064
re:0.005193618094141257
big:0.03855250769260496
directory:0.17564497036793317
on:0.007041789239434582
you:0.00771943040845447
tell:0.03347257018920073
pool:0.0733160029312944
europe:0.057125008604825805
m:0.019011315446056557
a:0.0019395890636755486
other:0.019157055386554316
let:0.03201580198267812
also:0.020604126828882866
stuff:0.040603007676022526
perry:0.20276527750418574
log:0.07656065364214863
should:0.045633670617596656
ftp:0.0526856520456816
try:0.03383874544921379
earlier:0.054804812984504056
site:0.10848789437329462
doing:0.03723198479396271
be:0.008034184126909323
writes:0.009184199875243921
msdos:0.08105232246234113
of:0.005401127376826073
even:0.023321658996750354
available:0.0750295507726175
what:0.012783918097175433
but:0.00924004475347792
biggest:0.06711757095034412
alone:0.05332240743631241
find:0.029395093578797084
subject:0.00037079106794469857
however:0.03329304033606824
i:0.010605483735855273
vnet.ibm.com:0.0760229520840835
the:0.006281275083242108
wrong:0.03671419523374806
when:0.01816214503949633
can:0.012007861006079352
instead:0.04260742099423113
is:0.0037315642623703318
