seemed:0.01917764952878952
music:0.04187871308810076
say:0.008625204428488834
formats:0.022904906171762617
know:0.011217046596893652
help:0.029183082546024502
all:0.004336671957483142
anyway:0.013856881007475154
tried:0.014081200241075776
saw:0.015442639014252066
enter:0.021532522402820234
c:0.01175498952467709
fm:0.026526214624038917
my:0.008638311466639102
to:0.005011633309421203
ega:0.02858069245923463
sound:0.04706159030629678
mail:0.01392870684016298
next:0.012174454653405341
format:0.036545950063981945
that:0.001576839206520349
could:0.0068595870696638965
pcx:0.02797373158366862
me:0.00492540309274793
need:0.008732736324987438
anyone:0.015208315905830829
file:0.04143389839716012
voice:0.016484065006528038
this:0.009545135243116709
routines:0.02376354493490806
programs:0.016059918746793255
hi:0.014322803000065476
on:0.0023045855692694996
you:0.005052718085533835
am:0.007428801621369843
concerns:0.022830994713254525
m:0.0062218850550730545
a:0.0038086476159447137
how:0.005978922714677837
sb:0.026444312326299468
was:0.00402482333682448
as:0.007273765092881986
secret:0.01816664376119686
standard:0.027673132186020334
velocity:0.026959442714058576
vga:0.02050173458752574
locking:0.02858069245923463
files:0.045126975880741216
results:0.01665038067667482
no:0.005117026073556863
play:0.014554173785365642
book:0.028269986460760666
displaying:0.025495426808744424
instrument:0.0240419250496386
it:0.004675301314635981
ftp:0.01724257703313216
pd:0.024766596581129972
couple:0.014345417248429628
have:0.009295465693593687
bank:0.0216440728978935
second:0.01249861716660121
hopefully:0.021012475352012307
after:0.008769153125749779
site:0.017752564533811847
stage:0.02268668244818825
has:0.004839883972211596
poor:0.01796116450316028
writing:0.018192994296125607
be:0.007888108051874608
which:0.017616713625238877
get:0.005974427160414192
soon:0.03269994215490427
if:0.00609227654330372
of:0.004419104217403151
freedom:0.01812740218326639
available:0.012277562853701044
but:0.003024014646592774
least:0.0109439199213931
sense:0.014937827483468138
port:0.056860597300221
using:0.020040187078590187
please:0.017412866880956862
loss:0.01934478065509447
they:0.004240543747762471
in:0.0024229050258339608
or:0.012260208321874277
use:0.007558088762487945
and:0.003470885586279908
for:0.007394292338910773
subject:0.00012134980405462862
summer:0.020458027957073736
however:0.010895904109985968
editor:0.02098797149458105
i:0.006941771172559816
info:0.026776322358112704
monitors:0.02098797149458105
any:0.004651305755858215
information:0.011085551293108021
source:0.0283569814699984
currently:0.016358788644805895
the:0.004453995059026222
when:0.005943974740198799
would:0.004239316573201709
can:0.007859690840342848
may:0.008459206942908321
an:0.004081355175280622
problem:0.009616205872934474
just:0.005338129833935845
note:0.013462223176720443
makes:0.012695354010236245
german:0.021343663298670816
finally:0.016529656708164114
gif:0.021291114105938654
is:0.006106196065696907
number:0.011373931129080719
turbo:0.022581377633272184
keep:0.012042793564208731
does:0.005538585519716023
request:0.0177286410336106
byte:0.024547496118321438
first:0.008534340133595641
midi:0.08696406135983599
little:0.010660630463174836
remotely:0.027645001303761227
going:0.009899162200225829
grateful:0.02449433230121602
process:0.016438926060152577
project:0.017507435706422957
data:0.01333793465093551
