some:0.008339549108095387
incredible:0.03966172115266173
pc:0.023806014728556306
out:0.00841555070771757
fast:0.024869985178200268
all:0.00681477021890208
became:0.030897482186116605
swap:0.0380093701819428
access:0.07183664717182554
switch:0.06074447745728822
your:0.008999515872723303
with:0.0041773384056396235
option:0.059865874603605464
further:0.025341674293438476
such:0.013735837167627132
apparent:0.03456538640411124
throw:0.030452646975248642
my:0.006787244723787866
weekend:0.03605221326374494
to:0.0009844279714934505
that:0.0024778901816748344
memory:0.04830903180239022
appears:0.027859293052816654
nt:0.005100561083731704
permanent:0.036477871100903836
need:0.0137228713678374
re:0.0026710035912726466
scott:0.05460110075959295
file:0.021703470588988635
this:0.01124962367938755
bus:0.028907447512540436
on:0.014485966435408284
you:0.007939985562981741
machine:0.02323428110231676
am:0.011673831119295468
support:0.019563973639525042
os:0.03392393001224479
why:0.012712304143957189
sure:0.015586028715422882
a:0.0019950058940662787
hard:0.01931595287553935
as:0.0057151011444072745
local:0.02183131037082823
driver:0.02628418284633137
drive:0.020170026777185632
enable:0.039760244882178414
section:0.029355422325880624
os/2:0.06758732305949271
no:0.016082081945464427
it:0.007346902065856542
not:0.0043065000612568915
should:0.011734372444524854
drives:0.028907447512540436
real:0.018268527528558908
32-bit:0.1189851634579852
switches:0.038326882771734475
be:0.008263732244821019
writes:0.004723302792982588
interface:0.03016213954859916
3.1:0.028010871306265835
but:0.004752023016074359
associated:0.03249853984140386
using:0.015745861276035146
windows:0.019622908438739296
virtual:0.07054036605832291
box:0.022632421505047195
tim:0.029127923569544203
in:0.0038074221834533675
or:0.00963302082432979
use:0.011876996626766771
install:0.03155821703599736
and:0.004090686583829891
few:0.016325910720759187
for:0.009295681797487828
seriously:0.027692526167123862
subject:0.0001906925492287021
i:0.004090686583829891
will:0.008095038177880603
2000:0.030897482186116605
the:0.0037687650499452652
around:0.01690853166538311
controllers:0.042084690599568604
can:0.006175471374555095
did:0.023484443477756647
gateway:0.06894029379580155
rtsg.mot.com:0.04038175471781862
last:0.015572589657567842
finally:0.025975174827115036
is:0.005757270576228512
night:0.023913106047028745
disk:0.05001398548285545
expected:0.029638344740845236
2:0.013917211086395776
1:0.013989456370890775
article:0.005788092002261436
give:0.016880259081114332
playing:0.02860978539539352
while:0.015502446470560875
