edm:0.10718259663397153
mode:0.09653912386079574
reference:0.03135826103376768
ability:0.03368310643242376
frequency:0.08401534984978894
confused:0.04060895049096451
at:0.014806134663099681
nanao:0.053591298316985767
from:0.007114052558236769
my:0.007984993792691608
to:0.006948903328189063
recall:0.03286432953842876
w:0.026002864327977764
next:0.022507395157556093
that:0.002915164919617452
like:0.009786882886627506
its:0.017376676941463613
re:0.0031423571662031135
this:0.013234851387514766
these:0.013921310698310442
on:0.008521156726710754
detected:0.049840986530192324
card:0.02572191887827094
a:0.0011735328788625168
other:0.011590823427158914
was:0.007440849866398198
as:0.006723648405185028
factory:0.04677675868491578
running:0.02544084380207312
resolutions:0.048308872607554044
standard:0.025580206222371737
ultra:0.04499549607385624
1280x1024:0.053332712950038254
far:0.020919143463205055
causes:0.0358584142804598
digital:0.03470056804211482
reason:0.02245556238662628
have:0.004296223639896242
neat:0.044016220306999504
only:0.011206186876212491
keith:0.03311316864806443
settings:0.042276605438223654
edward:0.03798395313766911
has:0.008947684654508832
ati:0.12941773616492516
which:0.010856238088382502
noticed:0.034085739673565756
writes:0.005556826815273633
get:0.011045159456227919
if:0.005631516132465624
monitor:0.03148971294192276
adjust:0.046546515204343386
mag:0.09242512572550166
using:0.018524542677688407
necessarily:0.03266607590803531
ed:0.0333459636274706
feature:0.039706778068103174
use:0.027945874415921813
install:0.03712731415999689
and:0.0048125724515645785
gets:0.028044675146158018
for:0.005468048116169311
subject:0.00022434417556317895
each:0.042790073905220424
until:0.024043409456845747
i:0.0048125724515645785
monitors:0.07760258367744254
program:0.02333305405364769
images:0.03576346003462843
the:0.006334058907471034
when:0.010988860864233074
an:0.007545362508922157
thought:0.022559549623459768
many:0.015573117878807507
changed:0.031758951208684244
is:0.006773259501445308
time:0.02654638604880191
first:0.015777771675554966
too:0.016407713175331903
various:0.029954445196262086
image:0.031101369722131737
functions:0.03936172355719751
s:0.0052137502592942715
