bottom:0.018312302562649065
basically:0.01601716958468525
believe:0.008868048491144247
at:0.0035957755610384946
preferably:0.021503630302112862
insight:0.09332189416287252
know:0.005036225002686946
ah:0.019213477410084782
thanks:0.008136272020065971
access:0.013683170889871534
your:0.005142580498699032
with:0.011935252587541781
motorola:0.039781935534245166
from:0.0034553969568578598
kids:0.01794433890144785
my:0.011635276669350627
to:0.0028126513471241443
sound:0.014086462404605841
line:0.01152572958696322
might:0.026045940439327907
that:0.001415937246671334
considering:0.016348448797367725
think:0.005876522561341043
like:0.009507257661295293
nt:0.0029146063335609737
could:0.006159629205412479
its:0.0084401002287109
advise:0.024461031840044795
me:0.008845621880853426
policies:0.021338693410937852
this:0.002142785462740486
mean:0.010789477782979024
programs:0.014421151527732722
multimedia:0.07419074410534006
something:0.008125148233320502
two:0.0076113854394012715
these:0.006761779482036501
on:0.0020694237764868977
distribution:0.018142602861237877
you:0.011342836518545342
used:0.008059034727905574
market:0.015962674347236826
etc:0.02843662025459064
inc:0.029885840782076747
card:0.012493503455160171
m:0.00558699882496356
a:0.0028500084200946837
other:0.005629828521762902
want:0.0077248896641313545
below:0.015150505767501602
was:0.0036141270779648394
as:0.0032657720825184427
part:0.009996824948625622
worth:0.014347606607313625
drive:0.04610291834785288
stuff:0.011932312459892336
straight:0.016312904601891057
cd:0.036434310603923055
are:0.005248256176336535
those:0.015150331871735185
it:0.0013994099173060082
not:0.0049217143557221624
have:0.002086737196521032
herein:0.02374591310933014
money:0.01265395823154747
uses:0.013938755631985458
network:0.014993835387875824
familiar:0.037605375017886404
be:0.004722132711326297
which:0.01581908978592879
thinking:0.01421847564836186
considered:0.014052420233519233
get:0.005364791735882133
if:0.0027353078357690176
whatever:0.01348963501531985
of:0.004761810258752783
kit:0.08426072123096838
but:0.005430883446942125
nec:0.04427967179366886
least:0.009827193398801969
using:0.008997635014877228
who:0.01055553366721509
clear:0.01346020711096577
one:0.012040541727864765
email:0.011199586363134454
in:0.0007252232730387367
yes:0.01088508518573016
or:0.013761458320471128
better:0.009127411719597564
and:0.005454248778439855
for:0.006639772712491305
seriously:0.015824300666927922
subject:0.00010896717098782979
however:0.0097840771599874
i:0.0046750703815198755
tape:0.01693619699476871
cd-rom:0.042055122614627675
directly:0.014826531940801552
actually:0.019953584711029263
capabilities:0.020916740943779343
currently:0.014689524497376722
the:0.005845431506037554
do:0.008795729619263224
educational:0.021545927392053868
around:0.009662018094504636
would:0.003806733249405617
photo:0.04458019402324205
mm:0.02339684301366417
an:0.003664890361476477
just:0.004793422708024024
note:0.01208852693419795
ltd:0.021994910637826635
people:0.006143972000298439
expressed:0.016774527043360358
address:0.013031923893606575
excuse:0.01806938775639434
unit:0.017510778847344557
is:0.007676360768304683
ignorance:0.019697226798800448
either:0.010218623294340238
else:0.010312458062604314
time:0.00644697946899475
questions:0.012343576886716376
2:0.007952692049369017
their:0.012356600968013992
hear:0.013525230874525746
wanted:0.01242922444712695
reflect:0.019310663731283633
capability:0.020035210079144255
useful:0.015650151906442606
difference:0.01309042386463015
opinions:0.034966654965551534
full:0.012610867281319401
give:0.009645862332065333
answer:0.012392943029097376
by:0.004042593774763944
mine:0.013327506305306068
sales:0.019751649373777855
buying:0.016372318062193945
