chris:0.059026880660296925
blowing:0.08744949721786709
my:0.014618680943543098
dx:0.09219927385863039
that:0.0053369942374534894
considering:0.0616210762362322
nt:0.0109858238726529
hot:0.19309007015821902
so:0.01572016303669108
finger:0.07654716849331462
big:0.04270431621334704
on:0.015600271545824307
machine:0.05004306698960534
am:0.025143636256944088
more:0.019560292704934246
a:0.008593871543670124
how:0.04047270760704998
sink:0.09035089983029095
it:0.015824096757229476
not:0.009275538593476384
should:0.050548065914876296
christopher:0.07444852456270114
heat:0.07030924375318902
be:0.017798807911922194
found:0.04114646931164612
but:0.010235126496160159
using:0.033914162748383395
in:0.005467067750599707
cpu:0.13761422690441139
gets:0.05134332834450468
0.5:0.0918753752555868
for:0.005005367121724215
subject:0.00041072241372335844
i:0.011747612753562765
any:0.015742881019827806
currently:0.05536820772088149
than:0.02200925049568402
the:0.0023192400307355475
can:0.013301015268272515
fan:0.061531630545994975
did:0.025290939129891776
just:0.01806751636101363
hold:0.05338124019913877
keep:0.04076022437116802
life:0.04292891312751862
advice:0.05984395489589613
fit:0.06254535506612888
s:0.009545173551631052
