mode:0.05983414447622236
thanx:0.07582293462097339
help:0.06687789750130615
tried:0.048404125828697984
work:0.031641757249848496
post:0.040352778194237195
my:0.029694195666571915
to:0.01292061712585154
format:0.06281335167246897
me:0.03386214626264202
anyone:0.026139292963146737
this:0.008202850599553422
you:0.008684359209511279
am:0.025536505573458837
etc:0.03628631230403493
link:0.07571700201182684
parity:0.0953973560037135
m:0.021387729876813626
a:0.0043640753932699845
how:0.020552546831705067
it:0.005357116089687062
not:0.009420468883999451
have:0.007988290830432076
baud:0.0847540592925693
larry:0.07101223493707806
scientist:0.07703821119976532
if:0.01047110030880327
of:0.0030381341494646664
trying:0.04213012848544369
but:0.01039505034766266
adjust:0.08654742670807598
port:0.06515276773983657
accept:0.05581424954160521
system:0.034925348894414454
subject:0.0004171399514377859
i:0.011931169202837183
the:0.0023554781562157906
clone:0.08366350051232646
ibm:0.12313959590998959
can:0.027017687263678543
did:0.025686110053796334
an:0.014029658415027136
apple:0.0592713585513918
problem:0.033055707688212255
hook:0.08035343807388463
e-mail:0.042963996510191664
give:0.036925566739937604
fit:0.06352262623903714
seem:0.0431205086702459
