taken:0.061016320365901114
at:0.032628333794608555
tony:0.08560638106375384
with:0.010830136607213839
look:0.04391052452362797
re:0.006924824125521676
anyone:0.061959805542273746
these:0.030678443946276713
m:0.025348420594742075
a:0.0025861187515673983
how:0.02435857402276156
price:0.05796563336748079
as:0.014816928892907748
1280x1024:0.11752949705656578
display:0.06826150772102736
it:0.006349174624814295
quality:0.07118821926989537
has:0.03943609162542781
writes:0.012245599833658562
of:0.010802254753652147
seen:0.048008609085599126
well:0.031164220558395274
they:0.017276289342735993
one:0.018209461255104118
in:0.013161459399591886
compare:0.07980946136654653
and:0.003535161245285091
subject:0.0004943880905929314
i:0.003535161245285091
monitors:0.17101310106695672
flesh:0.10585122254585076
the:0.00558335562954854
claim:0.06046738971851826
17:0.21846131991558362
interested:0.053279189174350365
new:0.06385183573642766
does:0.022564607672917132
terms:0.07128035139286043
article:0.015006164450307426
