sent:0.024517883655264087
configuration:0.03162155983131223
out:0.007854513993869734
know:0.008225834171055347
all:0.006360452204308608
mb:0.030433238288603438
tower:0.03666196653778233
with:0.0038988491785969825
way:0.01154915213031029
ca:0.013710323973948809
from:0.005643815029534504
several:0.018789675813782644
my:0.012669523484404019
to:0.001837598880121108
slightly:0.02886447770904034
most:0.012377303093113587
track:0.030331970518643607
that:0.002312697502896512
problems:0.018287154905945156
nt:0.01428157103444877
perfect:0.02700057862757926
months:0.045277260533064266
re:0.002492936685187804
had:0.010229389904547569
this:0.006999765844952254
getting:0.018081343814831244
personally:0.026125630700710008
you:0.003705326596058146
etc:0.030964319832776477
card:0.02040605564342828
3:0.015609772964250798
computers:0.028918459110591134
a:0.0027930082516927903
viper:0.08309576653169079
was:0.023612296909370285
as:0.00533409440144679
austin:0.0333787899704637
fine:0.02159437718613707
also:0.009889980877863776
stuff:0.05846833105347244
course:0.01630767866600013
no:0.007504971574550066
works:0.019834173290338267
month:0.05298404652516345
it:0.009142811459732586
not:0.0040194000571731
choose:0.026492023262581724
couple:0.02103994529769679
have:0.010225012262953057
only:0.008890241588461911
complaints:0.03491953477688628
b:0.02040605564342828
has:0.014196992985154014
ati:0.03422380134139132
minor:0.028972881181518875
free:0.01925005196083157
noticed:0.02704135347436217
applications:0.026002006849295548
were:0.010342021983148661
of:0.006481352852191288
monitor:0.024981838933925388
what:0.0061362806866442085
but:0.008870442963338804
particular:0.02260700965389205
supply:0.02691976955736363
who:0.008620352494892323
cheaper:0.029395855993111956
one:0.013110812103674967
in:0.00118453134596327
or:0.013486229154061707
better:0.014908105808676022
few:0.015237516672708578
for:0.004337984838827654
subject:0.00017797971261345532
300:0.027730137567882347
i:0.006363290241513164
ago:0.019074438169097627
any:0.013643830217184098
than:0.01907468376292615
the:0.0035175140466155806
watt:0.040242919418338095
got:0.014747692144203827
can:0.01152754656583618
because:0.011764815325963428
gateway:0.09651641131412218
7:0.02127685685954204
people:0.010035154267154118
about:0.006566774535479144
either:0.016690418047422387
average:0.025863473726017248
keep:0.01766276389417281
experience:0.022081485165300986
1:0.013056825946164724
ordered:0.06245393471075339
first:0.012517032195940275
guess:0.019974381752904356
change:0.019813394052736584
replaced:0.0288376500403755
by:0.01320580633089555
mike:0.021302746859718023
seem:0.01839808369930492
while:0.01446895003919015
