at:0.010243779214586407
cable:0.15061560918799705
ideas:0.0418255074074357
concept:0.04948664818745097
know:0.014347385182073277
help:0.02488479907025345
solder:0.0753000531690065
via:0.039746876495530756
to:0.0032051143257926296
that:0.004033774714354382
nt:0.016606477947033453
asking:0.041691079239981325
me:0.012599868376797031
so:0.011881518574243256
pins:0.060906165308522574
used:0.022958878003917042
am:0.019003911124434482
modem:0.09914815294267
m:0.03183290028176912
a:0.0016238420067981338
how:0.015294918572431678
want:0.022006953112932343
idea:0.032236933665822746
computer:0.031170964013550177
are:0.007475713739549134
no:0.013090066699796626
kevin:0.10478051913534221
it:0.007973382086976092
statement:0.040386039763869834
have:0.0059447745714843354
null:0.129131185148201
of:0.004521874082924155
even:0.019525109857744485
what:0.04281126060449447
port:0.048485780643599305
please:0.022272271591921567
transfers:0.06968549768384855
one:0.022867695529665638
in:0.002066043045284773
or:0.015681661807048497
use:0.038669291342961584
p.s:0.052730612850230556
and:0.0022197524098301735
for:0.003783126312931093
subject:0.0003104297313025383
i:0.011098762049150867
info:0.0342487844115395
actually:0.028422257291873077
the:0.002629370965078092
do:0.016705067881546434
instead:0.03567132920447257
simple:0.038362657639026056
last:0.025350727349529045
myself:0.03875397746509166
just:0.013655680970533558
is:0.009372300938046415
specifications:0.06828847080196408
does:0.01416847458532006
count:0.049574076471335
buying:0.04664206889811065
s:0.0072143753587909105
