land:0.025991061082272785
some:0.007630959968191857
eisa:0.18236668383920648
sugar:0.03889725558438174
believe:0.014200469806080657
ask:0.01904942865592397
at:0.005757941257872099
technology:0.02201089990730028
mb:0.029836508126081802
pass:0.026531210589485595
true:0.016884188184038213
dos:0.02306896964865319
thanks:0.013028670881804988
supports:0.028246009703652198
where:0.012074881034207594
own:0.01481366428462742
with:0.01528960462194895
iastate.edu:0.03141273071965623
to:0.0018015675295304978
look:0.015497832184809874
manufacturer:0.03277638343280217
713:0.03647333676784129
that:0.0045347009860715925
quite:0.017360780275224846
me:0.007082278956892449
re:0.002444055573713533
exactly:0.021022108844915087
had:0.01002881363190938
this:0.017156288835667288
these:0.0108276860986859
management:0.029607153094635595
unix:0.025899133438694988
on:0.003313783171498627
am:0.03204581091571305
them:0.009580778898903535
brand:0.029448119756991603
board:0.02347187267552382
other:0.018030169775580532
j:0.03992325045135768
gary:0.05548599272578638
incorporated:0.03802450138422146
ram:0.025423902406753258
scsi:0.027646877752503025
also:0.009696059684180173
addressing:0.03522060853769624
486:0.03116291887115821
helpful:0.0303568847794458
brian:0.04883761457227162
works:0.019445267931704185
reason:0.034930874823640885
it:0.0022408851616991634
texas:0.025935749488032695
chipset:0.04073321888808372
hint:0.14310202745239248
real:0.01671629969933495
has:0.013918620573680405
32-bit:0.07258354197872735
call:0.017365726130710506
uses:0.022320229606774097
network:0.02400973640542207
anybody:0.019866634934069902
be:0.0037807925303102704
writes:0.004321976411879492
if:0.004380068103028819
of:0.002541707000859329
host:0.031286631354070095
3.1:0.025630862633184426
looking:0.016953498989585907
using:0.014407977638202096
well:0.01099913666766892
windows:0.017955602492964063
please:0.012519054620295783
good:0.01058829968208823
one:0.006426868678272042
in:0.0023226104822809215
24-bit:0.03850886721529154
replace:0.028734398894475315
5:0.016986097300115577
or:0.00440726442943193
and:0.0037431119067724496
for:0.0042529263125761305
subject:0.00017448991432691697
i:0.00623851984462075
dma:0.15506084698282058
limited:0.02537317034573699
any:0.02006445620174132
information:0.015940008395318724
than:0.009350335177904975
the:0.0029558941568198155
would:0.01219149864188727
isa:0.03154131088696803
adaptec:0.03990477636756643
is:0.0035120604822309006
motherboard:0.1475563475075638
experience:0.021648514867942142
16:0.022790802234151253
adapter:0.0326726360526957
words:0.021619994323577613
article:0.005296293335402621
bad:0.017912425142133228
mine:0.021341431665359387
buying:0.026217110622467427
hawk:0.03802450138422146
