believe:0.03682494712424306
at:0.014931610380583576
thanx:0.08224860704647961
with:0.009912328420161818
way:0.02936225117875497
to:0.004671861559629935
design:0.0637824950411092
experiences:0.08008655237464878
been:0.024868481139346428
think:0.024402508941161954
protection:0.07169444569716886
anyone:0.02835448728205748
national:0.05515549025402565
this:0.026694022290072155
on:0.008593369919309998
inc:0.062051110098379686
board:0.12173547523237777
a:0.0023669561455023644
hard:0.04583446445043236
video:0.059249342251949534
have:0.008665264629621234
ve:0.06186893895008252
robert:0.1083190518290747
down:0.04007399282971454
of:0.003295603145182011
find:0.03587197860463373
point:0.037314168834916284
system:0.037885124224449576
for:0.005514387506984305
subject:0.0004524907947799711
i:0.012942285236975928
any:0.017343851970996735
yet:0.04457743631671464
the:0.0051101898982308675
drivers:0.0666492162454323
10:0.04898935182874855
problem:0.035857038848230244
many:0.03141018690810328
general:0.04997339598453477
else:0.04282291907352639
does:0.020652352785381783
existence:0.06895845520299364
somehow:0.07206971901712163
too:0.03309352318414401
adapter:0.0847273443400414
by:0.01678704194605366
panix.com:0.08779086963405028
