out:0.028736026806840485
mark:0.07325912108029732
there:0.04476970661351939
small:0.07289624146990271
thanks:0.04861918646136983
with:0.014264082360720668
my:0.06952787278026594
sound:0.08417520217386416
that:0.008461088425231142
me:0.026428992204988896
game:0.07248802702220701
tell:0.058781098868840316
am:0.039861862358569894
a:0.010218322872046793
are:0.01568076540490794
utility:0.11568863352919109
what:0.04489961478032348
using:0.10753271115341077
pro:0.10977478415990786
system:0.1090352355728061
and:0.004656066030375486
subject:0.0006511452900492268
i:0.004656066030375486
dma:0.2893208486386774
hello:0.09437294611345784
would:0.022747552344009173
problem:0.05159915346452645
is:0.01310598179954458
having:0.06382661932732589
s:0.030265184432000894
