phoenix:0.03838490110257602
at:0.0057205520289248775
out:0.00765050064337961
there:0.00595960380244901
know:0.016024352281276646
help:0.013896705974297385
thanks:0.012944069122832228
where:0.03598941814741094
with:0.0037975803687632947
from:0.005497222431364777
my:0.024680889904683152
discovered:0.029446965617661223
to:0.006264541636776504
manufacturer:0.03256354977414761
t:0.03345809162338237
been:0.009527534981957398
that:0.004505254875772426
quite:0.017248047935775335
bay:0.031124963605659067
like:0.015125182642969782
nt:0.009273747424966734
me:0.014072580264994089
so:0.006635133749252728
this:0.010226930617625045
something:0.012926372189373526
these:0.021514752897388866
on:0.003292265098956428
curious:0.027832937278061656
market:0.025395163734240406
m:0.008888407221532937
a:0.0045341043046960875
hard:0.01755995715958123
alleged:0.035301176332836234
was:0.005749747624034972
hearing:0.029446965617661223
also:0.009633098257659524
advance:0.020542215692705517
bios:0.1253459887196392
are:0.00417474923117679
it:0.00890533583740187
not:0.0039150000556880836
purchase:0.028327671942721053
have:0.006639618352566921
try:0.015820712158073978
buy:0.019524942371714066
60:0.026439345970071543
netcom.com:0.04180565161975506
heard:0.017549658178051136
anybody:0.0394752616222428
be:0.0037562419294641
47:0.034553972892675276
things:0.014511207325586037
if:0.004351626102359801
of:0.001262601204972329
shop:0.12622061768344667
least:0.01563417131627586
they:0.0060579196396606735
find:0.02748632126848559
who:0.00839644723528473
one:0.00638513576477677
in:0.004615057192064688
or:0.004378645829240814
quest:0.038644676002664975
and:0.003718805985299901
for:0.004225309907949013
subject:0.00017335686293518376
i:0.00867721396569977
silly:0.03034166498365507
the:0.004405050058377582
do:0.0046644020708214076
upgrade:0.028717957163952906
around:0.030742784846151113
got:0.014364635205393338
would:0.0121123330662906
can:0.01684219465787753
did:0.021349494070687862
problem:0.013737436961334963
replies:0.029102650888387066
company:0.021857974283320456
south:0.028062594056225885
is:0.0017446274473419735
ad:0.028114751015299033
new:0.011194802369373681
disk:0.022733629764934298
motherboard:0.029319637881373067
type:0.021042289028127898
figure:0.023977257364121776
opinions:0.018542923087792484
checked:0.029225754224391054
s:0.012086421055636721
