some:0.019788760595480577
out:0.01996910337424508
know:0.020913137723022064
all:0.008085320598697383
dos:0.029911460646135066
thanks:0.016893107160306467
with:0.01486849263024273
much:0.014806753131863824
4:0.021053131391344737
ca:0.03485675586597154
work:0.017161631050765284
via:0.028968062530641058
most:0.01573385986412744
that:0.002939869707071837
nt:0.01815453945057047
me:0.009182954918682582
anyone:0.01417724364102874
this:0.00889800743002405
reply:0.03043386880809444
hi:0.026703531017071225
on:0.004296684959654999
you:0.004710160927192558
pointers:0.04491360695127991
them:0.012422535351968142
m:0.011600124678949763
a:0.0011834780727511822
as:0.01356125695283082
old:0.022439941375782407
coming:0.02946296571855589
standard:0.025796987631035904
also:0.0125720095905048
nyx.cs.du.edu:0.03984268513574892
are:0.010896803077986874
d:0.015439357816754538
com:0.049152958768529514
it:0.0029055544893217965
have:0.004332632314810617
beauty:0.05174093884947173
only:0.011301154561604123
gordon:0.07604261233642408
has:0.009023512490563991
regarding:0.03353386755144811
screen:0.031680569238186844
floppies:0.047657565231736664
be:0.004902214043537892
if:0.011358481690905241
inch:0.04456044850720729
com1:0.05431451862742277
looking:0.021982079198361388
lately:0.04456044850720729
finals:0.04729169936847218
please:0.01623233353309538
they:0.01581219702555498
up:0.022770514751735332
called:0.022730970303870626
one:0.016666286572468176
email:0.023253378465830008
5:0.022024346499302398
figured:0.04365891966349059
or:0.011429007757679412
and:0.004853356963865973
for:0.008271581260476458
monochrome:0.05154152785447009
subject:0.00022624539738998556
i:0.009706713927731946
info:0.04992195693885419
the:0.0012775474745577169
do:0.006087439990733023
can:0.007326830444387401
maybe:0.022439941375782407
an:0.015218612517995538
is:0.004553773337129897
connectors:0.048578191002946795
printer:0.0368299337053206
keep:0.022452665967168824
figure:0.03129235283114198
2:0.0330238907134815
serial:0.035078965490379935
little:0.019875751711003933
give:0.020027426028440733
ports:0.08344270299479505
needed:0.02826968381471204
by:0.00839352097302683
mike:0.05415952591453735
news:0.026007428103079818
