since:0.04349612224790612
at:0.019151413314226762
with:0.012713638625859724
sound:0.07502572367670501
make:0.038262619203254425
that:0.007541404900749496
jeff:0.0916408541050086
docs:0.1192693820832922
complete:0.08050469239771256
recently:0.07194155575190628
purchased:0.10406205646027662
28:0.09614272615758145
card:0.19962445738136358
a:0.006071757068897369
canadian:0.10549277860309342
it:0.007453378907390695
have:0.011114143764079409
mint:0.12982389981767697
disks:0.09368936769116332
manuals:0.10624507271564722
seems:0.05122798020393648
well:0.03658408500333358
box:0.06888128284144798
in:0.003862602215097619
and:0.00414997189663902
for:0.014145602735307565
subject:0.0005803686280873543
offer:0.07641660040851822
i:0.00829994379327804
the:0.0016385934999762022
original:0.06709060898420607
an:0.019519524751342103
sale:0.13803791974363605
soundblaster:0.13490248353901407
e-mail:0.059775995144614485
april:0.07395986656278504
condition:0.08256728453228307
comes:0.06574296385316329
before:0.046221614504840094
respond:0.08791321191435883
