know:0.026823372296919605
help:0.04652375478351732
thanks:0.043334492280786154
wrote:0.05599076031941002
to:0.011984340522528964
connector:0.34359061460984675
make:0.038262619203254425
me:0.02355627566096836
need:0.04176526068472253
re:0.008129141364742838
so:0.022213273856193913
pins:0.11386804818549873
shaw:0.13221522362668414
used:0.042923119746453596
a:0.009107635603346055
how:0.02859484776585053
test:0.07773695334738415
steve:0.06972073580074753
made:0.05055607721560872
port:0.18129465805867567
one:0.02137632408207875
for:0.014145602735307565
subject:0.0005803686280873543
i:0.00829994379327804
any:0.022245375354104504
connect:0.09991470283392494
the:0.004915780499928606
can:0.018794912879080725
is:0.011681418560463648
build:0.08112245789170336
serial:0.1799703446897753
too:0.04244604060574993
