taken:0.031083785846779812
porsche:0.058058688192519775
with:0.01103447880734995
into:0.01689437644323006
wrote:0.02429787711974397
to:0.003900563660634427
mhz:0.13372943179540409
that:0.006545370291216543
equivalent:0.044520154935073344
like:0.010987160976496916
its:0.01950777883051104
re:0.003527740592246892
anyone:0.015782214619258408
off:0.041197310338799066
30:0.032293447871451796
shaw:0.05737641780025915
something:0.018779823746825686
on:0.004783102124898961
set:0.024994477208735103
performance:0.03576425692072279
relative:0.04644452336502743
machine:0.03068678636155044
vs:0.03223218816097493
a:0.007904740334979595
as:0.007548246794500174
40:0.03608025649079998
turns:0.04163919597704332
486:0.04498043950270948
button:0.044863245917817436
ie:0.03946809610152275
it:0.012937940744904602
not:0.005687830269584574
should:0.015498227756919619
have:0.004823118991958989
be:0.0054571816711082195
of:0.007337380587386364
cheers:0.04107700638079572
what:0.008683416066005955
230:0.05488442180930079
one:0.00927651799788323
in:0.001676223602778212
speed:0.12673453459946343
or:0.012722857692511044
and:0.001800931200428254
subject:0.00025185808388696507
car:0.028855125847956502
i:0.001800931200428254
the:0.004266526471636149
when:0.024673102695164827
would:0.008798581567022415
7:0.03010875970689911
problem:0.03991632626501102
just:0.011079137391187602
about:0.009292605474734638
is:0.015207884540980977
query:0.05439210338316333
having:0.024687654645475107
turbo:0.23433505091131515
does:0.011495177493750237
too:0.018419979885514116
nice:0.059617725599146375
delivery:0.0527792939667139
terms:0.03631263184164588
very:0.016445683884749502
give:0.022294681805245346
clue:0.047852979038258185
thats:0.048954151437391596
