at:0.015059230982127027
all:0.008154425902959755
swap:0.04548129765360678
where:0.01579022904473301
hand:0.026984952610706613
with:0.00499852458794485
such:0.016436044474083752
via:0.02921565280868073
to:0.0023558960001552665
connector:0.0900579388720966
might:0.018180214836567916
that:0.0029649967985852723
nt:0.012206470969614334
could:0.012898368848940663
me:0.009261441712859357
had:0.013114602441727652
off:0.018662029469712398
reply:0.030693987344915765
student:0.03438476471939036
hi:0.026931766324909446
these:0.014159281821358486
tell:0.020598504731815837
card:0.026161609799267026
m:0.023398542087454226
a:0.009548746159633472
price:0.0267533692465296
was:0.007568043881208425
as:0.0068385825659574235
copy:0.029201811496267886
nyx.cs.du.edu:0.040183220906139946
college:0.03520953248349276
model:0.03127308984259444
d:0.015571318139974664
couple:0.026974288843201015
have:0.013108990080709046
only:0.01139774562623322
picked:0.04080509572906668
gordon:0.07669254919400037
able:0.02254243783000572
novell:0.04913466530170028
has:0.009100636528944881
poor:0.03377312983500224
love:0.027967670428901272
device:0.034309015255648084
anybody:0.02597944568301449
be:0.004944113308867276
of:0.00664754138686286
looking:0.022169960217150807
but:0.011372362773511287
using:0.018841201526879667
please:0.03274214285308128
they:0.007973672004339691
find:0.018089288356182825
up:0.0114825672679691
one:0.016808733466249958
email:0.023452125290324283
installed:0.034233931242351225
or:0.005763345792334063
and:0.004894838647317819
for:0.008342278536207025
subject:0.00022817911873519915
i:0.011421290177074911
the:0.001288466683741971
do:0.01227893878472644
older:0.037761969102902825
drivers:0.06721886766633343
because:0.015083096571747983
gateway:0.08249265924283948
number:0.021386879046134687
ethernet:0.08919876220917541
cards:0.03363262790044532
right:0.01658011618624188
time:0.013500085212852255
lot:0.02118421699372129
2:0.016653073094832556
header:0.044941307041456935
meet:0.03666787023589245
needed:0.02851130504389762
mike:0.05462242784543084
news:0.026229713813362556
