land:0.019118424738402577
some:0.005613158053525741
eisa:0.13414472417018553
sugar:0.028611923578896185
believe:0.01044553788620356
ask:0.014012320117097922
at:0.004235408713723227
correct:0.015731814616256966
there:0.004412398969120901
technology:0.01619071002796607
mb:0.021947046842742863
pass:0.019515746250919692
true:0.012419619193066571
dos:0.01696900171271124
thanks:0.009583589639020016
supports:0.020777112907013395
where:0.017764007675324635
own:0.010896589593980746
with:0.01124668032287591
from:0.004070058915529691
iastate.edu:0.046212959616417346
to:0.0013251915000873373
look:0.011399847712864956
manufacturer:0.04821910255018012
713:0.026828944834037107
sooner:0.026255162345418998
that:0.0066712427968168625
quite:0.012770189337064431
me:0.005209560963483388
re:0.0017977908787412046
exactly:0.01546337814073081
fixed:0.021802080313076098
had:0.007376963873471804
this:0.015143724183790933
two:0.00896533381083323
these:0.007964596024514147
management:0.021778338574419454
unix:0.01905080488519391
on:0.002437542429035048
you:0.0026721105260034705
am:0.02357215899088508
them:0.007047399863135774
brand:0.02166135732124863
board:0.017265367881515118
other:0.013262576806076065
j:0.05873324345247813
gary:0.04081421580310248
incorporated:0.027969945729739827
ram:0.018701235904967542
adam:0.02232982390026542
scsi:0.020336405269870014
also:0.007132197748459454
addressing:0.02590746685705541
486:0.022922723977342335
helpful:0.02232982390026542
college:0.019805362021964677
are:0.003090920103852046
no:0.005412239116262067
brian:0.08980955564372065
works:0.014303490353609328
reason:0.02569434542315892
it:0.0016483434122114037
texas:0.019077738806100975
have:0.0024579356401329467
ames:0.024724134791964503
boards:0.022491896291334225
ia:0.030229578562652015
chipset:0.029962415816715427
hint:0.10526254903950023
buy:0.0144559669482883
money:0.01490490272465928
real:0.012296124298068497
has:0.01023821609506299
32-bit:0.053390778474736944
call:0.012773827394224556
usually:0.01585457087589718
uses:0.01641824581652133
network:0.017661008028988352
anybody:0.01461343819669565
be:0.002781063736237843
which:0.006211020829411143
writes:0.006358292221322715
if:0.003221877018093314
of:0.003739242030110359
host:0.02301372402486887
3.1:0.018853471071525085
looking:0.012470602622147327
using:0.010598175858869812
well:0.008090711106506466
windows:0.013207726833766835
please:0.00920872767742911
they:0.004485190502441076
good:0.0077885089007668235
one:0.0094549125747656
in:0.003416917344124817
24-bit:0.02832623405740195
government:0.012940456435655277
replace:0.021136360725263093
5:0.012494581187104245
or:0.00324188200818791
weeks:0.017502715794870723
and:0.0027533467391162732
for:0.0031283544510776347
subject:0.0001283507542885495
i:0.0055066934782325465
dma:0.11405918071332476
limited:0.018663918571623844
any:0.014758950956088568
information:0.01172510232924887
will:0.005448583388958098
than:0.013755781559802512
the:0.003261431293221864
would:0.008967785058695924
isa:0.023201060412048603
problem:0.010170986980988386
people:0.007236890096505372
adaptec:0.029353032616527233
about:0.004735654713085921
is:0.003875085964769191
motherboard:0.13024685289609958
experience:0.015924147955745902
16:0.016764388181851643
adapter:0.02403323709645405
art:0.022173037431088685
words:0.015903168901477763
article:0.007791662310736549
bad:0.013175966570896078
mine:0.01569826463846147
says:0.012312628578978694
students:0.022983198891798395
especially:0.015025460132198758
buying:0.019284701563641905
hawk:0.027969945729739827
