looks:0.042260561412023334
all:0.011778615193164088
graphics:0.04344125234740397
with:0.021660273214427678
to:0.0017014804445565812
been:0.01811407885458567
problems:0.06773020335535242
like:0.014378260043316953
me:0.013377638029685735
anyone:0.020653268514091248
brad:0.23607433923427487
these:0.020452295964184474
am:0.02017699205804155
m:0.016898947063161383
board:0.044335759498211655
a:0.0017240791677115988
driver:0.04542945183316533
ultra:0.06610449423196164
plus:0.0882938235550536
no:0.013898095508426047
not:0.014886666878418886
have:0.006311735964785838
try:0.030078884843745587
university:0.029016544464180907
32:0.05286936754945068
has:0.013145363875142604
screen:0.0461519403716796
ati:0.06337740989146541
rates:0.0566124077838673
if:0.008273461972387769
of:0.009602004225468575
electrical:0.0584833941804994
monitor:0.046262664692454415
megs:0.0674206638005821
bach.udel.edu:0.07661128694808206
windows:0.0678322760845309
please:0.02364710317166981
one:0.01213964083673608
in:0.004387153133197296
for:0.004016652628544123
subject:0.0003295920603952876
i:0.009427096654093576
blah:0.2328797163345044
impressed:0.06394643590628353
the:0.00279167781477427
drivers:0.048546959981240805
bought:0.04522325615886988
an:0.011085162204465884
just:0.014498624240319578
cards:0.04858046252286545
sorts:0.06142674014895617
choosing:0.07017552245878222
having:0.03230730114099212
else:0.031192002781951316
lack:0.04789532171484675
engine:0.05038332123136859
2:0.02405443891475813
various:0.04400714788092825
engineering:0.047737648064482704
e-mail:0.03394686144015144
going:0.026886613383329414
