since:0.014090293122561137
pc:0.04694143749292793
fast:0.024519703696817167
computing:0.030721559712528466
know:0.0086892614482979
hand:0.022234080672201926
with:0.004118502653447516
way:0.01219980858835594
much:0.01230420330676008
single:0.022897370919101233
to:0.002911688366389079
make:0.012394932981335942
that:0.007328970959883312
quite:0.018705629451474658
memory:0.0238143114518825
really:0.01374222354359807
nt:0.01005744439045688
re:0.0026333838223814828
so:0.014391698554717185
fixed:0.0319354415853509
bus:0.08550090109342946
ide:0.0319006649540792
amount:0.026186035293146677
on:0.007140969369567464
performance:0.026697262208426872
relative:0.034669855469668366
used:0.013904672593921589
them:0.01032295191219888
card:0.021555692581086208
vs:0.024060647500446074
more:0.008953655111413562
interference:0.03939862789064559
a:0.002950360829252947
how:0.009263119698796651
other:0.009713436534027542
controller:0.05932237493943193
was:0.012471283578892755
as:0.028173033810458395
cycles:0.04191042327049582
scsi:0.029788537296711007
stuff:0.02058744051178607
are:0.004527544940853701
likely:0.023284569048800902
reasonable:0.02632610683173273
it:0.004828949714647492
not:0.004245845130816654
deleted:0.024742109133791105
real:0.018011224323931322
writes:0.0046567774015321296
whatever:0.023274370272911005
of:0.0027385997967005445
wayne:0.03290574934847099
286:0.03891276259848396
sense:0.04628622600511254
using:0.015524088582006485
loss:0.029970786930428053
called:0.01888911616800517
in:0.0012512655062992288
cpu:0.09448864171253599
floppy:0.06204255061405405
rep:0.07745485888263871
or:0.009497344474691343
use:0.011709714984136255
and:0.004033071279832287
for:0.004582378350874282
subject:0.0001880067386761852
cause:0.0222077544601554
dma:0.08353630136750545
possible:0.018147687485666072
actually:0.017213479768317497
the:0.007431367704117424
original:0.02173357755826394
jr:0.03290574934847099
would:0.006567955254256169
sequence:0.03661063030549057
instruction:0.07782552519696792
makes:0.019668858325718127
is:0.007568243011004617
critical:0.03441741792197023
efficient:0.03641036315534596
done:0.018652560221272523
disk:0.024654781576055503
does:0.03432362857288804
goes:0.02269737461965265
smith:0.027730553200468046
resource:0.03493167943615959
transfer:0.032005514337838
article:0.005706569579694373
by:0.013949795419960087
data:0.02066440579722403
s:0.004369269583493087
