report:0.02417661288837424
there:0.005845726022784378
all:0.006076865163352174
dos:0.022481225199005975
tried:0.019731618172208098
access:0.021352718904576597
with:0.003725015138786926
way:0.011034221780551232
into:0.011406394286512016
from:0.010784359929046824
work:0.012898550726052891
themselves:0.020614332588043426
both:0.014303847658014256
except:0.020537333879005183
to:0.005267003159582792
boot:0.09379541024312754
might:0.013548312967378637
that:0.002209583601493483
nt:0.009096542060158452
anything:0.014784975479741426
greatly:0.024859421336309567
master:0.03028983482349458
anyone:0.010655507959499308
error:0.023983809931031837
this:0.003343837187079102
slave:0.034864028981235744
reply:0.022873863180606014
ide:0.057705661445595496
hi:0.02007016980900895
on:0.0032293555747725474
set:0.050625756384571736
am:0.031229357134420998
great:0.016058921584284565
theodore:0.0346266315621451
a:0.004447465368937564
other:0.008785401196381598
controller:0.02682731605541189
was:0.005639879835040673
as:0.00509626853641413
running:0.019283187340424852
part:0.01560014084339667
drive:0.017986011138891648
jason:0.02904392785849073
files:0.021078417608838787
bios:0.03073771060959305
works:0.018949847092679873
not:0.0038401911374265282
have:0.016281866660753274
drives:0.10310936692371112
conner:0.10127017108759928
able:0.01679914156758388
types:0.026094886700515157
formatted:0.037527749579233154
has:0.006782003018385676
be:0.003684466605971155
thinking:0.022188067094577425
msdos:0.037170491829863456
if:0.008536948022463813
of:0.002476950134595397
trying:0.017174065115085325
even:0.010695283106789973
but:0.004237472753187327
please:0.012200097814683153
up:0.008557072422626655
one:0.006263126801118615
floppy:0.056114918389781374
system:0.028474169799267837
or:0.008589954875198539
message:0.020683566169170203
and:0.006079576663866081
subject:0.0001700443114141293
i:0.010943237994958945
6:0.018715602755154107
hangs:0.037651431654756096
appreciated:0.0215589943896576
similar:0.02015769610106179
possible:0.016413831993404984
any:0.013035506576927482
will:0.007218505381549583
quantum:0.06598294660393587
suggestions:0.025203798541852722
the:0.005281072044509288
around:0.015077671548749273
would:0.005940443605760358
an:0.0057190964239601065
problem:0.013474938165895442
just:0.007480181932903732
different:0.016096922917269094
changed:0.02407207129830207
is:0.0034225812342759732
cards:0.025063805505427403
else:0.01609268933336342
somebody:0.02417661288837424
does:0.023283225751672455
primary:0.029307983359626692
run:0.017049900817754107
update:0.02765504580876628
everything:0.019679378878492058
