ultimate:0.05789438927491924
dos:0.03878628962905426
means:0.031149398026799485
supports:0.04749054378745919
own:0.02490649050052742
with:0.012853348940429613
much:0.019199965599559686
loads:0.06229355090797138
work:0.02225354356033301
to:0.0045435137145851566
problems:0.03014366193287663
think:0.01582140689591819
grand:0.05510754577163442
re:0.004109236294265611
so:0.01122868788335077
fixed:0.049833326429888226
this:0.005769037784301308
reset:0.061169607511043715
bus:0.044472996173139136
ti:0.04163363798078751
hi:0.034626556703455
recently:0.03636606114931527
you:0.006107681202293647
purchased:0.05260279777112885
card:0.03363635545620046
m:0.03008383982672686
a:0.0030692398370250444
was:0.00973034213298226
failed:0.0465637179804949
worked:0.04224355868763022
scsi:0.09296642409083435
far:0.027355802990345075
it:0.015070568340218549
not:0.006625384709625988
cdrom:0.2072885387153281
have:0.0056181386060181636
his:0.020268451005552274
which:0.014196619038654042
writes:0.014533239363023349
get:0.014443670058144202
of:0.008546838925966535
toshiba:0.13471490847948847
one:0.010805614371160687
in:0.0039050483932855052
priest:0.06317314110218607
and:0.002097787991707637
subject:0.00029337315265954173
i:0.00629336397512291
the:0.007454700098792831
when:0.014370048822458638
thank:0.039895541832632025
regards:0.04537766590122708
friend:0.038167026590030836
an:0.009867012511667437
problem:0.02324797024225917
adaptec:0.06709264598063368
having:0.028757048268355623
under:0.026673883814347685
article:0.01780951385311211
very:0.0191565108987192
mine:0.035881747745054794
secrets:0.06354568562609467
s:0.006817981108307894
