out:0.017851168167885755
know:0.018695077661489423
all:0.014455573191610473
thanks:0.030202827953275196
with:0.008861020860447688
c:0.039183298415590304
service:0.0551907761890658
to:0.002088180545592168
experiences:0.07159252409248906
reliable:0.07028929871885208
responses:0.06721103986455931
anyone:0.025347193176384716
had:0.02324861341942629
balance:0.07598161613967776
on:0.007681951897564999
you:0.008421196809223059
m:0.020739616850243517
a:0.0021159153421915077
wondering:0.05452929548268631
price:0.0474264273006661
was:0.013416077789414933
adam:0.14074555670470326
question:0.03307554671738037
california:0.06029498828671115
computer:0.08123342136864592
are:0.009741081539412508
it:0.005194779238484424
have:0.007746221411328073
systems:0.09092173091765487
between:0.035194937061309176
has:0.016132946574038652
be:0.008764564502082899
if:0.010153794238839534
of:0.0029460694782687674
what:0.013946092469645928
they:0.02827029165174981
net:0.050229431589370946
good:0.02454560380847726
in:0.002692116695371068
and:0.005784809310466513
subject:0.0008089986936975241
i:0.005784809310466513
appreciated:0.05128427453297338
any:0.015504352519527384
the:0.0034261500454047865
do:0.010883604831916617
would:0.014131055244005698
about:0.014924487580634417
is:0.004070797377131272
ubvmsb.cc.buffalo.edu:0.08735701452447445
ad:0.0656010857023644
hardware:0.0537830473284023
checking:0.07362869364867723
their:0.02293460028154112
e-mail:0.041662057222004036
says:0.03880343552162982
seem:0.04181382658932936
