there:0.033373781293714454
activity:0.08114914634510133
my:0.017276622933278203
job:0.12623594746506095
that:0.012614713652162792
this:0.009545135243116709
intensive:0.21950683319093503
vs:0.06212021718296986
a:0.012695492053149047
basis:0.0677674232188727
running:0.11008946954351642
question:0.03969065606085644
be:0.021034954804998954
claims:0.0682968304656132
get:0.02389770864165677
of:0.0035352833739225207
but:0.012096058586371096
naive:0.10306751150227991
in:0.0032305400344452813
cpu:0.40658748858121546
and:0.003470885586279908
for:0.0059154338711286175
subject:0.00048539921621851447
any:0.01860522302343286
will:0.04121110345102852
the:0.002740920036323829
when:0.023775898960795197
claim:0.059367982632727016
may:0.033836827771633285
friend:0.06314908035805102
an:0.016325420701122487
idle:0.09840515643050397
is:0.009769913705115051
temperature:0.18835132030578058
very:0.03169531803242631
little:0.042642521852699344
difference:0.05831188812426157
