another:0.018028498621045358
correct:0.026603393822613407
preferably:0.04283243434160692
geoff:0.09518888383669527
anyway:0.02478466521662223
existing:0.03520058257200041
thanks:0.016206395487123278
where:0.015019973969380178
with:0.01901877648096089
such:0.015634286207055276
beast:0.04400230572095707
both:0.018257756766733645
my:0.015450638395614657
to:0.004481948488100264
that:0.002820362808410381
control:0.024793774552366046
like:0.009468610272428239
could:0.024538360249204187
australia:0.03771620906865234
so:0.008307403230771709
had:0.012474865737253133
ide:0.11048522984095722
two:0.030321779392736774
them:0.02383510848019904
card:0.1244271685574895
a:0.0034061076240155977
hard:0.04397127483862617
controller:0.03424299691625746
part:0.019912374897668922
separately:0.045840713683984284
also:0.024121904580155555
d:0.014811741645341754
it:0.011149770072844617
ones:0.027582357564039487
have:0.008313018099961836
drives:0.06580557157326279
buy:0.04889172561372303
ideally:0.048220141439779575
uses:0.02776418804745071
get:0.021371934557579228
hd:0.03624882390025971
now:0.013430198356733694
one:0.007994397624192054
in:0.00433365126571928
floppy:0.03581317962274665
rather:0.020922631324494827
and:0.0062080880405006485
green:0.06842781787563876
for:0.002645112706602228
subject:0.00021704843001640894
i:0.0031040440202503242
possible:0.0209509888045901
controls:0.04051453657040131
exist:0.029565239640618746
than:0.011630904733491555
the:0.00306403662597176
would:0.007582517448003058
can:0.007028991808436694
i/o:0.16783639594786387
current:0.025709314827079822
is:0.002184330299924097
number:0.02034361665364031
having:0.021275539775775298
new:0.014016256625069489
uart:0.10421322273229086
addresses:0.03918064944451022
does:0.009906413124695328
2:0.03168145613163267
serial:0.10095897385036176
ports:0.08005072319825868
built:0.03002030596808743
s:0.02522098702666741
