help:0.024319235455020422
dos:0.04010854950277202
thanks:0.022652120964956397
own:0.02575557540395449
extensive:0.06022506386648897
ca:0.023369870410140013
via:0.038843538393359606
to:0.014095218682747135
scanner:0.12650987007965858
software:0.03199756691455973
make:0.02000091458351936
bit:0.030966865886996587
like:0.013234534812598559
nt:0.008114528996845892
me:0.012313507731869826
description:0.04971636660665797
so:0.011611484061192274
anyone:0.019010394882288537
this:0.011931419053895886
unix:0.0450291751831856
on:0.005761463923173749
card:0.03478304939220729
more:0.014447943475235522
a:0.006347746026574523
how:0.02989461357338919
running:0.03440295923234889
driver:0.04181574543734536
computer:0.03046253301324222
brian:0.0849108526086086
model:0.04157899444981307
d:0.020702775254284496
it:0.023376506573179905
have:0.005809666058496055
systems:0.03409564909412058
device:0.09123079056615513
talk:0.11794069662398955
be:0.006573423376562174
of:0.006628656326104726
interface:0.047985222009135034
particular:0.038534675546406896
difficult:0.042354639511795446
in:0.0020190875215283007
system:0.02540025374139233
use:0.03779044381243973
and:0.0021693034914249424
for:0.0036971461694553865
subject:0.0003033745101365716
i:0.004338606982849885
info:0.03347040294764088
any:0.011628264389645537
the:0.0008565375113511966
would:0.010598291433004274
can:0.009824613550428562
handy:0.11927228528151008
write:0.03697924914758538
too:0.022187703043914733
under:0.027583220762564083
little:0.026651576157937094
give:0.02685495762904553
s:0.007050412282454754
