mode:0.3282330211267055
there:0.02622225673077564
from:0.024187778698005015
view:0.09729567865098947
me:0.03095967658298699
os:0.13569572004897917
a:0.003990011788132557
also:0.0423856323337019
advance:0.09038574904790428
viewed:0.15944058644227765
has:0.030422127825330027
anybody:0.08684557556893414
of:0.005555445301878247
who:0.03694436783525281
direction:0.12623286814398943
in:0.01522968873381347
point:0.1258020549291463
or:0.01926604164865958
subject:0.0007627701969148084
any:0.029236779036823063
information:0.06968060812810757
the:0.002153580028540151
can:0.02470188549822038
protected:0.4029803010872891
about:0.028143319437767756
interested:0.08220217758328342
is:0.007676360768304683
right:0.055424959822579986
