from:0.024899183953828695
name:0.08124213252441914
256:0.28748666734822187
appreciate:0.11291803927689688
used:0.05807245612755487
card:0.09002671607394828
a:0.008214730152037619
as:0.047065538836295204
driver:0.21645797638155245
chip:0.09507071640597864
video:0.10281503508426537
chipset:0.18329948499637672
color:0.21733130038843446
command:0.12106625455687751
cica:0.17111025622899656
which:0.03799683330933876
of:0.00571884075193349
well:0.04949611500451014
or:0.019832689932443685
for:0.009569084203296293
subject:0.0007852046144711264
i:0.005614667860158675
the:0.004433841235229724
would:0.05486174388849271
drivers:0.11565599289648545
type:0.095309191480344
functions:0.13776603245019128
