xt:0.06315694547911965
isbn:0.14745430596575657
eisa:0.27557632224591194
pc:0.04114619829627016
at:0.021752222529739036
c:0.031927132042332836
4:0.03066999387874912
1992:0.04871538931955916
to:0.0017014804445565812
design:0.04645885441265978
comments:0.09096308676615061
bus:0.09992697905569534
reply:0.044335759498211655
on:0.012518736425661479
you:0.006861715918626195
books:0.045070838432668646
specs:0.059825779367369346
them:0.01809702680904001
3:0.028906986970834807
following:0.033794003370861254
timing:0.06789253062552282
advance:0.03905557057625493
book:0.03839133963807004
have:0.012623471929571676
tom:0.09372168453024086
edward:0.11160717094771912
list:0.03594603206076024
copyright:0.19013222967439622
of:0.004801002112734288
anderson:0.11981895841339005
in:0.002193576566598648
1990:0.10545546593440168
5:0.03208485045577386
system:0.05519067479611173
and:0.004713548327046788
subject:0.0003295920603952876
any:0.03789952838106694
the:0.0018611185431828467
ibm:0.04864774159406996
isa:0.17873409502615217
i/o:0.06371566883205942
about:0.012160693584220636
press:0.08857655211772014
architecture:0.13921994526247078
2:0.02405443891475813
1993:0.07480631612370708
1:0.02417930730771245
e-mail:0.03394686144015144
lewis:0.06142674014895617
by:0.07336559072719749
