fax:0.2352802569141069
125:0.43724748608933545
hayes:0.428187252577306
like:0.04479381013494897
card:0.11772724409670161
a:0.005371169714793828
jt:0.49813881327188914
wow:0.3984354852622282
have:0.019663485121063574
or:0.05187011213100656
for:0.025026835608621078
subject:0.001026806034308396
offer:0.13519860072276302
i:0.007342257970976728
trade:0.16227241908975748
new:0.06630767557244412
sale:0.24422093493104843
cup.portal.com:0.20725973485644328
