50:0.15687196768765596
brand:0.20479828740089615
are:0.029223244618237526
wow:0.4708783007644515
have:0.02323866423398422
they:0.042405437477624715
for:0.029577169355643092
subject:0.0012134980405462863
each:0.11572769988002797
i:0.00867721396569977
cars:0.17373077514415938
cards:0.1788644301978228
new:0.15672723317123155
2:0.1771281410995826
sale:0.28862474128214816
cup.portal.com:0.48988664602432047
