sells:0.06697091782554662
thanks:0.026578488598882174
with:0.01559539671438793
much:0.023295958260799086
into:0.023877385373098487
o:0.04667971978399842
work:0.027000966186537384
single:0.04335235560683167
to:0.001837598880121108
australia:0.06185458287258983
two:0.024863859102044153
these:0.022088479641319235
on:0.0067601176698572
a:0.009310027505642634
how:0.03507634659277665
price:0.04173525602458617
old:0.03530550776456432
also:0.019779961755727552
486:0.19071706349148823
chip:0.08619744954142064
are:0.008572151754683007
os/2:0.0630815015221932
have:0.006816674841968705
states:0.04603812980607578
be:0.007712816761832952
of:0.0025925411408765156
released:0.057675300080751
well:0.0224382388020446
they:0.012438928326769917
in:0.00473812538385308
and:0.002545316096605266
for:0.008675969677655307
subject:0.00035595942522691063
steven:0.11964037674264057
info:0.0785438789171306
386:0.18876545692471097
any:0.027287660434368196
unfortunately:0.04909190774434609
cost:0.04428010139134508
the:0.004020016053274949
clone:0.07139285377051859
do:0.019155144504173244
thing:0.03018576580166609
upgrade:0.11793507741996659
vlb:0.07332393307556466
can:0.01152754656583618
slots:0.07385380412422485
about:0.013133549070958287
chips:0.05536987930929296
motherboard:0.06020298978308603
16:0.04649323655766856
designed:0.05239463195843684
thus:0.04441806763835074
s:0.00827248374474691
