at:0.004494719451298117
out:0.006011107648369693
ideas:0.018352008352242193
help:0.010918840408376514
all:0.02433846506750743
till:0.025504659775828782
damn:0.021948147231441867
tried:0.01580542884202383
take:0.010845658828243385
thanks:0.010170340025082464
super:0.025667939016064362
4:0.012674844409074893
dealer:0.04512821840049741
often:0.01585367545040156
my:0.004848031945562761
to:0.003515814183905181
displays:0.02601106262325399
that:0.005309764675017502
think:0.007345653201676301
memory:0.01725322564371079
nt:0.0036432579169512164
its:0.010550125285888622
so:0.005213319374412857
anyone:0.017070558669810113
error:0.07684608488106119
this:0.002678481828425607
ti:0.01932990334822277
ide:0.02311170624224105
getting:0.013837763123595337
recently:0.0168842426764678
on:0.005173559441217244
set:0.01351742134758123
machine:0.0165959150730834
took:0.01722143712457489
them:0.007478873324144085
state:0.013559762178268448
parity:0.09345047118731119
card:0.06246751727580085
m:0.006983748531204449
more:0.006486831764391458
sure:0.011132877653873486
board:0.05496729366359915
a:0.0028500084200946837
same:0.009908639543513328
worked:0.019613080819256886
connections:0.028617315805733536
also:0.015137725833464963
course:0.012480366326020504
figures:0.02407722664856007
computer:0.013677055638598546
setup:0.022519157007992816
bios:0.04924306699700111
are:0.003280160110210334
model:0.018668119957058926
it:0.00524778718989753
have:0.00521684299130258
ve:0.009311906627690991
whether:0.014578870331029717
peace:0.019651203343944136
messages:0.022321633986662762
uses:0.01742344453998182
be:0.002951332944578935
svga:0.026475204348793413
simms:0.07675693875334794
were:0.007914812742205606
making:0.015686771382002057
of:0.005952262823440979
even:0.008567140039622579
but:0.0033943021543388274
hd:0.022747986427203794
sense:0.016766949216137705
order:0.014307739087410672
using:0.011247043768596534
must:0.011823777691221924
they:0.004759794002590529
who:0.00659720854200943
up:0.006854389644655023
now:0.008428134683052266
david:0.025473931013719326
depending:0.022963092604878683
one:0.005016892386610319
in:0.0027195872738952622
clearly:0.01854342028787961
system:0.02280839111471964
or:0.013761458320471128
and:0.002921918988449922
subject:0.00013620896373478723
i:0.006817810973049818
info:0.015027527854042842
back:0.010746717959528251
any:0.00522085339943269
reverse:0.025585646251115975
the:0.0069222215203076295
start:0.014375316774910777
disabled:0.02968239138666267
got:0.011286499089951907
can:0.004411050981825068
home:0.01494572985643545
did:0.008387301242055945
bought:0.018689202800349285
an:0.00916222590369119
booklet:0.07214807837021685
problem:0.010793700469620327
just:0.00599177838503003
makes:0.014249887154346805
i/o:0.07899442615403285
frequently:0.02381097280585308
is:0.0027415574172516724
solid:0.022987562871529157
motherboard:0.06911057500609365
checking:0.02479333561639131
keep:0.01351742134758123
ami:0.06072734800418782
replaced:0.022069630132940433
says:0.013066462981773306
god:0.013536623631506248
trident:0.03166078695303391
s:0.003165491228857236
