another:0.00981197048844504
sells:0.02222486211024777
at:0.00389807527634704
mark:0.02658074304683354
fast:0.015406185508619635
there:0.0040609689627307405
know:0.0054596244498154945
all:0.012664617220968467
true:0.011430445982999322
supports:0.019122298604684895
graphics:0.01556965238999877
your:0.005574921337085232
text:0.016002494394838793
with:0.0025877317557059616
from:0.0037458949311069715
my:0.008408975763984966
corp:0.020478604623504634
to:0.0012196452744166644
add:0.015204515117043002
vram:0.024333163631271457
hall:0.04053460366031989
that:0.01074483353115636
lance:0.10533239122850277
appears:0.01725796914776253
like:0.005153270192516253
really:0.008634494438897902
nt:0.003159639609391321
me:0.0047946401787811715
need:0.008500893767686885
re:0.001654603994593675
anyone:0.014804555306560984
comments:0.016300907141721683
phone:0.012997111177918446
this:0.004645862286472734
jon:0.03672007313025074
personally:0.017340020376577437
two:0.008251280675457131
on:0.006730205644769335
you:0.0024592875637554066
market:0.01730466909324346
etc:0.010275769856009892
card:0.08126305344728076
more:0.005625747901861619
a:0.005561299616202458
other:0.006103132689521729
as:0.0035403281425531786
running:0.013395842532950007
capable:0.019414952598067838
worth:0.015553821322087779
science:0.014962974452067767
503:0.026333097807125692
video:0.04640324592298702
based:0.013366827486285586
dual:0.024569207793684256
cheap:0.016443500966401983
those:0.016424032338827964
d:0.008061257621137324
it:0.009102356541769167
not:0.008003230202335817
have:0.006786512563906897
boards:0.020700506321227958
probably:0.010562936792164638
herein:0.02574225093710568
color:0.03269585935047244
second:0.012166795471912684
shall:0.017521141655012187
screen:0.01654118216861083
network:0.01625437907092733
be:0.0025595630846790766
writes:0.0058518795665271
if:0.002965267344085882
of:0.005162139439798371
monitor:0.016580866549065522
3.1:0.017351867180872643
park:0.019872753402853834
seen:0.01147108358682457
what:0.004072752668126687
but:0.00294373107190447
dr:0.017340020376577437
version:0.013807392069316745
port:0.018450341306856372
windows:0.012155783988599563
they:0.004127962940299751
now:0.00730935574282409
author:0.01789383959318808
one:0.017403732880984468
in:0.003930966856072798
system:0.029671092866051216
yes:0.011800202966831366
or:0.005967358032770666
205:0.024948707005000292
use:0.01471486307741016
and:0.0033787381813344237
for:0.002879193477098
subject:0.00011812812784078892
al:0.016858469826204564
austin.ibm.com:0.0230890601293662
i:0.0033787381813344237
s3:0.08237408286895549
4mb:0.025663934224276472
unfortunately:0.016291562304539632
than:0.00633009416911266
the:0.00133407612387443
do:0.003178397871267684
ibm:0.01743569499610472
would:0.0041267683455945845
can:0.007651026481749676
isa:0.02135318834383234
may:0.00823462622760987
come:0.010624750771988533
an:0.007946001226210059
just:0.0051964095728579025
statements:0.01865256322491326
address:0.05651011245900196
company:0.02978874371355177
different:0.011182375654917025
is:0.008321718532011713
number:0.011071968355742293
cards:0.01741158170067302
else:0.011179434625389631
addresses:0.02132398177732193
does:0.010783086852544472
matter:0.013366827486285586
told:0.013717786578447478
reflect:0.0209341266113473
percent:0.0209341266113473
diamond:0.022154064139688297
article:0.007171087436430097
very:0.007713462353024103
confirmed:0.023593986265505233
opinions:0.012635443166017885
sign:0.019175717105721485
corporation:0.02101482390139058
aware:0.018127863769826898
by:0.004382457853173301
s:0.002745293278123975
intergraph:0.02598587826977394
