screw:0.029755436405133583
believe:0.012932570716252026
pc:0.019838345607130256
large:0.03564326333199495
out:0.007012958923097975
correct:0.01947748476298481
help:0.012738647143105934
all:0.0113579503648368
programming:0.026117733852162685
take:0.012653268632950614
thanks:0.011865396695929542
c:0.015393438663267617
ca:0.01224136069102572
blowing:0.03383462689977
my:0.022624149079292888
to:0.0016407132858224176
everyone:0.018199480699482757
appreciate:0.022852460329848178
been:0.008733573733460948
that:0.006194725454187085
memory:0.040257526501991846
really:0.01161545085232694
nt:0.00425046756977642
could:0.008982792591226531
me:0.0064499326214556224
anything:0.013816911609044068
sitting:0.027022592228940222
so:0.006082205936815
stack:0.10860536226477625
this:0.012499581865986166
getting:0.016144056977527892
on:0.006035819348086785
am:0.01945638519882578
working:0.018860351254205994
why:0.01059358678663099
a:0.0033250098234437974
crashes:0.03462945661777311
running:0.05406179307940538
ram:0.023153911120436
question:0.012993964781828002
advance:0.018830364384980057
college:0.024520924408146738
meg:0.027712586885001656
model:0.021779473283235415
mars:0.1346058490593954
it:0.010204030647022974
not:0.007177500102094819
have:0.009129475234779515
calling:0.024482146544925344
only:0.007937715703983848
after:0.022966829615058942
doing:0.015956564911698303
regarding:0.02355354982780284
loop:0.030556965483385108
if:0.003988990593829817
of:0.0046295377515652054
explain:0.021399151952455977
but:0.003960019180061966
find:0.012597897248055894
operator:0.03265709271328239
up:0.02399036375629258
errors:0.025559668557296505
email:0.016332730112904408
in:0.0031728518195444726
rather:0.015318355076862281
and:0.004545207315366545
for:0.0019366003744766308
subject:0.0001589104576905851
i:0.010226716459574728
leads:0.027022592228940222
any:0.006090995632671472
will:0.01349173029646767
program:0.06611031981866845
the:0.003589300047566919
do:0.004275701898252956
when:0.015567552890996855
would:0.005551485988716524
return:0.02196647445129124
variables:0.035424286335776226
problem:0.012592650547890383
newsgroup:0.022881927622466366
idle:0.032215973831414994
is:0.012793934613841138
3.0:0.027516336770492308
sean:0.06100716108602307
turbo:0.029570851662618337
days:0.017727694193751024
keep:0.015770324905511435
does:0.007252909609151936
too:0.011622130165860098
says:0.015244206812068856
seem:0.01642686044580796
functions:0.027881220853014903
while:0.038756116176402185
void:0.0327338986944485
compile:0.031060283269266437
