go:0.015439938506302596
out:0.018701223794927932
correct:0.0519399593679595
tried:0.024586222643148182
sounded:0.04617260882369748
own:0.01798802091704758
way:0.013748990631321772
method:0.0316737930376711
into:0.014212729388749097
from:0.006718827416112504
several:0.022368661683074574
my:0.015082766052861924
to:0.001093808857214945
experiences:0.03750084595320855
then:0.025331434123425447
connector:0.16725045790532223
probable:0.04646124092029173
responses:0.03520578278619773
re:0.0029677817680807184
so:0.008109607915753334
this:0.01666610915464822
pins:0.08314174946877684
on:0.01207163869617357
you:0.008822206181090822
am:0.012970923465883853
great:0.02000992610105299
them:0.023267605897337156
a:0.0011083366078145991
other:0.010946888792316752
sb:0.09234521764739496
as:0.012700224765349499
fine:0.025707591888258413
based:0.04795084145873876
are:0.005102471282549408
works:0.023612111059926506
digital:0.03277275870644177
it:0.005442149678412253
not:0.009570000136126426
have:0.004057544548790895
plug:0.03764471408489551
heat:0.03627064161870862
writes:0.010496228428850195
certainly:0.024410772041711434
attempts:0.03660310941005116
destroy:0.03918909225462384
but:0.005280025573415954
order:0.022256483024861048
well:0.02671218905005309
easy:0.05259812006760012
they:0.007404124004029711
up:0.010662383891685591
pro:0.03572036627425573
in:0.007050781821209939
thomas:0.029238135031976982
replace:0.0348917700861486
ended:0.03942780221682445
or:0.005351678235738772
and:0.004545207315366545
subject:0.00021188061025411345
i:0.006060276420488728
turned:0.031165859840584106
the:0.0047857333967558915
do:0.005700935864337274
can:0.006861634860616772
did:0.013046913043198136
put:0.019741740472593486
individual:0.030648303105290098
slots:0.043960597692990974
just:0.018641088308982316
people:0.023893224445605037
expressed:0.03261713591764513
changed:0.029994565030424004
is:0.0021323224356401896
either:0.01986954529455046
having:0.020768979304923503
too:0.01549617355448013
article:0.012862426671692078
little:0.018613799221416382
opinions:0.022663572662857477
represent:0.038144030159582565
john:0.06384472379956775
s:0.0049240974671112565
