some:0.007389473893249077
go:0.012312862353127388
at:0.011151455853853557
out:0.00745681708278772
mark:0.019010278255013863
ideas:0.02276578251290804
help:0.01354489063317593
all:0.006038403991432222
small:0.018916113292822855
anyway:0.019294391276231226
among:0.021800667518897626
your:0.023922763712302453
with:0.01110431728081419
someone:0.013945937434576075
companies:0.02516855914928947
name:0.017482484214115513
to:0.0026168338482737293
manufacturer:0.031739156108979316
perhaps:0.01828140213696231
make:0.011139749894618377
that:0.004391197790309833
memory:0.06420820682596168
could:0.009551323767886439
re:0.0023667120428998135
so:0.012934311359302786
anyone:0.010588068035705007
error:0.14299208199387337
this:0.0033226736605786013
mean:0.016730519347024433
ide:0.02867021787012181
simm:0.03540889342070679
on:0.003208916615438544
you:0.02110629073704007
assume:0.02197144655246314
them:0.00927758969324203
brand:0.028516217233036174
parity:0.11592590096653793
board:0.04545818378930562
a:0.0008838633707888577
how:0.008325082260943825
controller:0.026657522915820676
as:0.01012802734451922
failed:0.026818343900158453
also:0.009389222352402318
video:0.022124754385221664
others:0.017065368500432887
bios:0.030543168137380436
are:0.004069059377222946
those:0.011746301609414938
likely:0.020926638005884353
it:0.00650991322291086
not:0.011447658390682878
have:0.0064715267487044665
made:0.014718857923531654
boards:0.029609584991123535
buy:0.019030640033189657
determining:0.03753846453856258
be:0.003661147197072603
simms:0.031739156108979316
if:0.012724375058798911
of:0.00246127323500935
gives:0.02301597769491206
what:0.005825582930358425
tend:0.026959519580628696
fact:0.015178905877397716
well:0.010651062722489524
pattern:0.03296437603981897
together:0.022525102793988803
thousands:0.0270796202227743
in:0.0022491101505631703
system:0.028293953534715508
or:0.008535588072190953
better:0.014153265008236729
and:0.002416439332220189
subject:0.00016896808159505252
sockets:0.037290232176832944
i:0.002416439332220189
mention:0.02389034692580331
any:0.006476501685372198
will:0.007172818638628382
unfortunately:0.023303120764721245
the:0.00524764753789847
when:0.016552841048654884
disabled:0.07364238875678333
can:0.005471936660998186
put:0.015743413288270756
problem:0.013389653747123951
cache:0.030713087441406942
is:0.0034009193277299227
chips:0.026283170558208686
either:0.01584533358932505
checking:0.030756289751979093
questions:0.019140356564845012
does:0.0077119545211235775
ami:0.03766632977474941
count:0.026983358079334243
occurs:0.060432863294946855
before:0.01345692574191547
answer:0.019216905329929472
by:0.006268578954539025
high:0.01770458117494634
check:0.020945009902453727
doubt:0.022025774044180806
s:0.011780435712456044
