another:0.03890360228751892
thanks:0.03497169552484496
my:0.016670425637373705
to:0.002417893263317247
look:0.04159944428554229
appreciate:0.06735461991955252
mail:0.053759921137471155
that:0.006086046060253978
really:0.0342350130384373
me:0.05703098317918656
anyone:0.029349381572655986
this:0.009210218217042439
tell:0.04228114129162198
machine:0.05706665533902362
board:0.06300344770798498
a:0.007350021714981026
how:0.023076543811037267
hard:0.09488538254650909
controller:0.0738927828192924
jumper:0.1978388695835111
drive:0.09908083329143819
advance:0.055500021345204376
soul:0.07395577699702449
no:0.019749925196184383
have:0.0179386180051808
kind:0.04834257363093087
settings:0.17652337007538998
get:0.02305919254896706
please:0.03360377819132026
in:0.006234375505069841
or:0.011830025573738339
and:0.0033491001271121917
for:0.005707874787931122
subject:0.0004683676647722508
i:0.010047300381336574
the:0.0013223737017351805
got:0.03880971616895744
can:0.030335648857463624
william:0.07143261893668451
just:0.020603308130980453
jerry:0.08561852232037061
ma:0.07037224430241257
is:0.004713554857730945
give:0.04146028546238608
