at:0.01573151807954341
modify:0.09541590593197799
thanks:0.03559619008778862
with:0.01044334601409906
to:0.007383209786200879
everyone:0.054598442098448274
mhz:0.08437690339471925
clock:0.07660965745713243
been:0.026200721200382842
appears:0.06964823263204163
anyone:0.0298734776721677
hi:0.05626815464311437
slower:0.08727273830213879
a:0.007481272102748545
how:0.023488624950520075
as:0.02857550572203637
part:0.04373610915023709
local:0.05457827592707057
it:0.01224483677642757
have:0.009129475234779515
calling:0.07344643963477604
only:0.023813147111951545
ve:0.03259167319691847
25:0.06567290264802879
be:0.010329665306026274
difficult:0.06655729066139283
replacing:0.10016060532006738
stores:0.09686178204865062
system:0.03991468445075937
or:0.012041276030412237
and:0.003408905486524909
for:0.005809801123429892
subject:0.0004767313730717553
i:0.003408905486524909
386:0.08427029326996026
source:0.055701213601782575
the:0.004037962553512783
around:0.04227132916345778
peter:0.06574809072903494
simple:0.05891408137421858
is:0.009595450960380853
motherboard:0.16125800834755186
does:0.021758728827455807
run:0.04780061479263205
advice:0.06946173336130801
needed:0.059568262323857514
