seemed:0.03013630640238353
at:0.006292607231817364
11:0.027601533125856507
know:0.008813393754702156
programming:0.031341280622595225
suggested:0.031371871063966654
programmers:0.04106254171642094
array:0.03900766977033679
from:0.006046944674501254
my:0.006787244723787866
to:0.001968855942986901
gcc:0.08655586812289673
t:0.0368039007857206
problems:0.019593380256369808
memory:0.02415451590119511
hour:0.03325510426200198
protection:0.03021408782952116
like:0.01663770090726676
nt:0.005100561083731704
suppose:0.02752956418307978
me:0.015479838291493495
anything:0.016580293930852884
re:0.0026710035912726466
error:0.02689612970837142
this:0.007499749119591699
off:0.015596124628259645
programs:0.02523701517353226
something:0.028438018816621752
big:0.019827003956196836
you:0.003969992781490871
etc:0.016588028481844538
why:0.012712304143957189
more:0.009081564470148042
stable:0.035877277406542826
a:0.002992508841099418
how:0.018790899960416062
other:0.009852199913085077
crash:0.036477871100903836
as:0.022860404577629098
given:0.019912768279866294
evidence:0.022983628817950547
are:0.004592224154294468
no:0.008041040972732214
it:0.002448967355285514
have:0.003651790093911806
session:0.03442299915481969
suspect:0.02772925044926971
real:0.018268527528558908
doing:0.019147877894037966
has:0.007605531956332507
if:0.00478678871259578
of:0.004166583976408685
but:0.004752023016074359
least:0.017197588447903443
one:0.007023649341254446
external:0.030671602268755805
or:0.004816510412164895
and:0.004090686583829891
for:0.004647840898743914
cause:0.022525008095300475
fatal:0.03996146543194053
i:0.005454248778439855
dump:0.03996146543194053
paid:0.02954278669837255
possible:0.01840694016403273
signal:0.032182588020140825
any:0.007309194759205766
yet:0.01878620530490117
program:0.019833095945600537
suggestions:0.05652851958672682
the:0.00484555506421534
do:0.010261684555807095
when:0.009340531734598114
kernel:0.08531284845161631
rock:0.03480919359246452
disabled:0.04155534794132774
got:0.03160219745186534
would:0.006661783186459829
linux:0.038087434971458445
once:0.019164508535177902
complexity:0.04280680572007839
problem:0.030222361314936916
cache:0.17330956484793916
about:0.021107489578325818
15:0.023870076657004597
general:0.021060216879196795
is:0.0038381803841523415
core:0.03521746797703557
hardware:0.02535486516910394
motherboard:0.03225160166951037
gave:0.0265133850931278
time:0.011282214070740811
does:0.008703491530982323
hernandez:0.043958721060050686
x:0.021751142782472158
bad:0.03915144352494834
past:0.02359653176359545
by:0.0070745391058369
