some:0.0051433342516887855
there:0.01212923769485217
activity:0.019661687440443058
dos:0.015548688794026159
means:0.0374616108428029
cut:0.01612782156742027
way:0.015263196647987167
from:0.0037293931913223595
work:0.008921024070441867
dennis:0.047790835195810004
my:0.008371931817888117
to:0.0030356809693630636
job:0.030585802249243847
everyone:0.013469219196092968
design:0.03315565821520214
then:0.007030309910906623
most:0.0081788346430266
that:0.006112856835849812
guy:0.014917756594488412
think:0.0063425023239143405
like:0.005130568561712217
nt:0.015728602460846664
me:0.004773518415879052
anything:0.010225731939733057
re:0.0016473149902122052
dawson:0.026792512276772998
sections:0.02411300682843177
this:0.006938093899181749
off:0.009618755277340752
on:0.00670055716175273
intensive:0.053184475002208936
used:0.01739615425847459
went:0.01437207605830874
etc:0.010230502147393109
vs:0.01505115394301032
m:0.006030020758220582
jobs:0.02175253578891015
sure:0.009612528723168298
a:0.0036912003326336432
other:0.006076246642431326
basis:0.016419419722634356
running:0.026673660021556845
steve:0.02825686208664658
question:0.009616678781264779
486:0.021004081882322494
chip:0.014239666774463764
processing:0.020895303853290022
are:0.01132883491808327
those:0.00817583988672934
digital:0.018191046682870766
d:0.00802574547302659
it:0.006041505369867348
not:0.01327995613603447
have:0.002252205344262788
being:0.025715470439539402
ve:0.008040236559592222
heat:0.02013260283681624
cmos:0.02570822562682186
doing:0.023618527798813353
be:0.007644862429129577
loop:0.09045938680543962
which:0.01707346694957072
claims:0.0165476902009195
pentium:0.028233978845973073
writes:0.005826100361388215
get:0.005790193723749438
down:0.020831414774917692
depends:0.01896813275551761
if:0.002952204492349821
of:0.0025696993687102025
what:0.012164433079250633
but:0.014653815468070711
order:0.012353818771508776
naive:0.024972304549010556
in:0.003913649821464548
cpu:0.177322296782116
and:0.002522890404124162
still:0.0089943131375751
for:0.0014332549026963614
subject:0.00011760773961241542
austin.ibm.com:0.045974692416182926
i:0.00336385387216555
power:0.011902446168152168
fpu:0.024709224219928518
any:0.018031493679097926
will:0.009985069118090613
the:0.003320497841361467
do:0.006328792237061645
when:0.005760680364950379
less:0.024219079793799805
would:0.004108588749358485
claim:0.014384312972687165
may:0.00819835034114463
friend:0.015300437972215006
an:0.011866495223282864
thought:0.011826371829038382
shifting:0.02562884895059861
cache:0.02137739125877664
many:0.008163881178758122
about:0.004339278327409126
crazy:0.021560971419131564
idle:0.07152797714111522
is:0.010652218687295045
done:0.011668121371897352
temperature:0.04563578245294244
first:0.00827116664929974
guyd:0.029548925932122837
switching:0.02334716132269176
instructions:0.021288392548126773
barrel:0.026495414123488718
article:0.007139496742877543
very:0.007679482342658359
little:0.010331888554618786
difference:0.01412843104332329
understand:0.013198930673725347
high:0.012323012447760007
seem:0.012157324030377701
