some:0.0212279431842428
all:0.017346687829932567
thanks:0.03624339354393023
to:0.005011633309421203
ships:0.11058000521504491
that:0.012614713652162792
problems:0.04987405883439587
me:0.01970161237099172
anyone:0.030416631811661658
posts:0.07314577222124857
tell:0.043818637338590045
fix:0.07909161743964516
bugs:0.0922257414191885
a:0.002539098410629809
how:0.02391569085871135
as:0.029095060371527943
advance:0.05751820393957544
fixes:0.1054554388124815
bios:0.17548438420749485
ve:0.03318424907322608
heard:0.04913904289854317
get:0.02389770864165677
of:0.0070705667478450415
phil:0.08057189728483623
well:0.03059759836642445
now:0.030034807234149894
in:0.009691620103335843
world:0.04584092161332139
and:0.003470885586279908
for:0.0059154338711286175
subject:0.00048539921621851447
i:0.006941771172559816
the:0.004111380054485744
hello:0.07035074164821402
can:0.015719381680685696
drivers:0.14299286394474564
people:0.02736860254678395
about:0.0179093850967613
new:0.03134544663424631
lot:0.04506460705937074
hear:0.060248755713796495
diamond:0.18206612711162018
mine:0.059367982632727016
