out:0.007097452404099156
there:0.005528789069741852
know:0.007432982684688566
all:0.005747396570158381
case:0.014889223537992505
thanks:0.012008353282627489
ever:0.015924229258011208
such:0.023168881969491552
work:0.012199231710784963
wrote:0.015515511895740129
both:0.013528337845230349
my:0.028620911485852447
single:0.019586907653689006
to:0.002490721373658128
then:0.009613737046842189
indicates:0.02961353444195077
he/she:0.03610212530609021
been:0.008838797513382164
that:0.004179573800415383
problems:0.016524537565613093
control:0.01837129078277725
nt:0.004301678022424329
re:0.0022526536311937985
exactly:0.019375799116096437
master:0.057295229726369266
so:0.006155485526415182
slave:0.0659476210849881
ide:0.08186556187010685
two:0.02246734256208809
these:0.009979734777704474
on:0.003054270031561988
set:0.01596032882003567
spec:0.031614340677026766
them:0.01766095387388242
working:0.019087584401847033
support:0.01649973680441871
a:0.005047605274143596
how:0.007923873477283882
hard:0.04887168799835258
controller:0.10149129206505222
as:0.004819964820584449
jumper:0.06793262389313333
drive:0.017010865956662582
fine:0.01951299143325639
manufacturers:0.03040548106580899
advance:0.01905723624504006
setup:0.026588884178112
bios:0.029071208227145234
are:0.007745920260255729
those:0.01118021478486482
reason:0.016097662192822458
it:0.012392364930360432
not:0.007263976006939336
have:0.0061596459415379865
drives:0.04875955002115255
probably:0.014380865753188003
only:0.01606670166589502
gordon:0.05405438708251833
cmos:0.035155224200533505
indicate:0.02861054338382091
settings:0.030306723175594068
second:0.016564432389471487
disks:0.05192422787703028
has:0.006414304059557537
anybody:0.018310814125980093
be:0.0034847063682980203
if:0.016148202885865284
what:0.005544831945762839
but:0.004007730254520544
present:0.02183433905318858
using:0.013279642040029644
together:0.04287911134277387
must:0.013960604984816249
seagate:0.03463105927890923
one:0.005923559685395316
in:0.00214071929993362
according:0.02072003737702541
jumpers:0.06886706045151737
or:0.004062117215078828
use:0.010016744143056314
and:0.0034499766369649686
for:0.0019599329091088795
subject:0.00016082504151818252
each:0.015337406008196478
i:0.0022999844246433124
possible:0.015523925439545675
quantum:0.031202778966319074
the:0.002270340391533292
thing:0.013638147199547932
hello:0.02330898066657694
controllers:0.03549311255385305
can:0.005208228870106708
did:0.009903078574957622
correctly:0.026254840174881798
an:0.0054090249310947995
problem:0.012744369229190268
many:0.011163861611916227
about:0.005933832411577539
is:0.014566588204915513
maximum:0.02948397898881244
disk:0.021090234842167963
questions:0.018217929742442844
does:0.007340294062274249
2:0.011737406940333789
almost:0.018204776688340772
check:0.0199356118348656
lang:0.03754326801130608
s:0.0037375679569639658
