since:0.020733902833198772
know:0.012786270732210381
help:0.011088563316278742
thanks:0.010328428212000845
fax:0.015847892952763676
i.e:0.035798331574874644
operations:0.024151900788751027
such:0.00996381970708704
both:0.023271544894385886
my:0.009846779910158563
to:0.007140928290626066
remember:0.014417741121871669
q:0.02199315255711222
add:0.017804250862444138
boot:0.025433297768861874
speak:0.03715474419314398
that:0.0017974332924066156
docs:0.028426899356639595
like:0.012068798585582106
nt:0.007399777738056358
its:0.010714116870643369
me:0.0056144491212670716
need:0.009954414463716251
re:0.001937515558436117
anyone:0.008667952070680784
voice:0.018790125914177037
had:0.007950303034622462
this:0.005440232521983617
ide:0.09388382224827453
something:0.01031430734281618
on:0.0026269887318097923
disclaimer:0.01945106490712014
am:0.008468064024359408
them:0.007595125241099694
apparently:0.019630368167107063
particularly:0.020813991166531515
bill:0.01603893199840268
successfully:0.02708797868227862
more:0.006587663346221378
a:0.0028943090691116997
how:0.006815352317249349
hard:0.04203471610220999
same:0.02012531969459702
wondering:0.01864732384382019
controller:0.043646514204141625
want:0.009806207086591615
as:0.012437007671767126
drive:0.08778664504060069
scsi:0.13150172941345997
also:0.0076865136356454224
computer:0.01388965235836951
setup:0.02286919571796162
are:0.00333114705492863
works:0.015415160588345805
d:0.0094396073698292
301:0.057399329630226564
it:0.0035529060076681033
not:0.009371658164393237
drives:0.04193826582130219
cmos:0.03023713584087338
settings:0.02606692252408609
second:0.014247128376436614
has:0.011033932371881357
his:0.009556627158058325
be:0.0029972085862045145
which:0.0066937426555311805
writes:0.003426230005272344
listed:0.023522256447989418
if:0.0034722819676860587
helped:0.024390165624200887
what:0.009538260134680116
well:0.008719522850535465
they:0.004833780437863957
seagate:0.059572599381336085
in:0.0027618606512096965
installed:0.020753212203912397
system:0.011581462845816192
intend:0.026370519230127818
or:0.003493841749756919
install:0.04578394181388218
and:0.004945562363870335
for:0.005057236211068508
subject:0.00013832620151304817
i:0.010880237200514738
appreciated:0.01753762756049867
we:0.0069831290451501035
similar:0.0163977113360969
any:0.005302006561081903
currently:0.01864732384382019
the:0.0027338192072141818
do:0.022331127012637203
when:0.006775515247895005
start:0.014598767294728044
would:0.009664763172066073
gateway:0.02500425163578295
william:0.021096680204098536
put:0.01288839015309212
bought:0.0189797085433599
an:0.004652321961459776
relationship:0.023652775871971583
problem:0.01096147819712738
just:0.006084914836610808
here:0.018657004203351254
interested:0.014907130649818238
is:0.0027841722993851184
having:0.013559022758654723
2:0.010095386280287092
define:0.022148994294092932
told:0.01606331485351881
article:0.004198615960189642
before:0.011016550607371214
specify:0.027139534800688817
