go:0.01835313445088799
technology:0.03177044986619757
case:0.02331708591798826
thanks:0.01880553438600154
fax:0.028855125847956502
with:0.005517239403674975
ca:0.019401401849927558
such:0.01814167173082829
gain:0.04326042481597407
several:0.02658916388742827
my:0.008964285484248125
to:0.003900563660634427
look:0.022369512493168965
like:0.010987160976496916
need:0.018124547089596568
re:0.003527740592246892
310:0.1055585879334278
phone:0.02771082194537329
this:0.004952664512937915
bus:0.038179647658072274
la:0.04111607046255074
them:0.013828860108794725
3:0.022089301364505844
bill:0.029202961091431296
m:0.02582669268143532
answers:0.03953406813445644
a:0.003952370167489797
how:0.024818169759040082
coleman:0.05931841831161905
want:0.017854697808605487
old:0.024980312097569093
copy:0.03223218816097493
local:0.02883380615015049
section:0.03877131250588007
bios:0.22763304555217495
daniel:0.04036396221885226
d:0.01718720964506637
co:0.04306590323858977
analysis:0.040620435240589586
have:0.004823118991958989
systems:0.02830582188945859
p.o:0.04345904188387815
has:0.010045042206476895
writes:0.0062383244435619085
of:0.001834345146846591
what:0.008683416066005955
but:0.006276256813683116
released:0.04080799534015401
box:0.029891877459496292
in:0.005028670808334636
install:0.04168066400980783
for:0.006138657790793848
enjoy:0.08722159580080581
subject:0.00025185808388696507
i:0.014407449603426032
person:0.02646409848182878
back:0.0198712898119579
flash:0.10376028265410092
2000:0.04080799534015401
the:0.0014221754905453829
do:0.013553168281254654
upgrade:0.041722315124988175
can:0.008156282947525597
because:0.016648323574476546
gateway:0.09105321822086998
save:0.03417462483416315
division:0.03738271147283333
new:0.048792440515572084
questions:0.028529965445712374
2:0.018381222189579327
their:0.014280034137563338
1:0.018476640489855742
first:0.017712781409349444
nice:0.029808862799573187
update:0.04096077539600288
article:0.007644649814307556
earth:0.03321259587352593
wuarchive.wustl.edu:0.057825739017138916
