believe:0.012206021799608655
explains:0.03143036607006558
at:0.009898483286004843
out:0.006618972466744156
bbs:0.022736194672784614
there:0.005156061716725547
know:0.006931882728417426
help:0.036068978427670734
all:0.0053599316328443326
send:0.01647947820716979
case:0.013885455659026717
thanks:0.0111988013759335
fax:0.017183389549906683
switch:0.02388827765174256
with:0.013142188242461737
much:0.009815712750336693
c:0.014528638738364942
post:0.014508864069838092
to:0.001548538382124529
cs.cmu.edu:0.029099220833758235
important:0.017653760072883273
vram:0.03089491562172668
that:0.0019489023900813303
problems:0.015410523797144792
nt:0.004011677256867632
me:0.02435030742482123
lost:0.01968823777706657
so:0.005740508974072585
file:0.017070145407069713
this:0.002949339541412466
stealth:0.05966854954345817
8-bit:0.03135067710943661
two:0.010476345127265795
on:0.005696728373475167
you:0.003122466232633269
tell:0.013539466593384565
machine:0.018274153675979475
them:0.00823516388501259
working:0.01780078095902588
card:0.08598057153129893
m:0.007689970292786921
a:0.003922764398444929
how:0.007389679759714181
as:0.008990046744011443
following:0.015378170073257086
ram:0.021853129596816002
fine:0.018197508864722246
also:0.008334253548761609
advance:0.017772478745374437
no:0.006324414248216347
manual:0.04415277974025576
base:0.02163840368209579
works:0.016714190975004158
it:0.00963077049831382
dip:0.06733654832371881
have:0.00861658336765707
ve:0.010253560106895697
settings:0.028263573298587724
connection:0.024189697390463463
doing:0.015060128680704018
b:0.017196114306259783
switches:0.030144739258667563
network:0.06191274724768949
be:0.00324978234346894
sort:0.01762618712169118
get:0.007384123456691699
if:0.0037648899986708387
of:0.0010923628402569588
what:0.005171023050542871
but:0.003737546192418035
version:0.017530733750930252
english:0.024821069578874325
using:0.01238438527328607
windows:0.01543374821024439
please:0.010760760432051993
in:0.002994601717322873
412:0.03486243956626206
or:0.007576533232618936
dies:0.03391257254354333
and:0.0021449292948920776
for:0.001827802600629629
subject:0.00014998290388774325
until:0.016073964749239573
i:0.00965218182701435
appreciated:0.019015517523462037
back:0.011833464719480548
possible:0.014477368668340347
any:0.005748804866791052
the:0.005081480966218335
wrong:0.014850685712527305
do:0.004035493926440993
when:0.007346485633953573
hello:0.021737588711526805
older:0.024821069578874325
would:0.005239604753395371
can:0.00971422463413161
an:0.005044371564953577
i/o:0.028994208850543893
address:0.03587439723520911
many:0.010411241727966817
is:0.006037587121138515
number:0.028115335375255707
2:0.021892242158375378
irq:0.03220351987835798
run:0.015038395665097723
1:0.011002943213060161
e-mail:0.015447729082316104
diamond:0.11251277518133831
everything:0.03471530880812644
s:0.013942388333843108
