tv:0.03608248625001584
large:0.02851461066559596
round:0.04191126373332609
there:0.01748150448718376
know:0.01175119167293621
way:0.01649878875758613
work:0.019286404418955277
my:0.009049659631717156
via:0.03255458455824424
to:0.011813135657921407
design:0.03583968768976612
that:0.003303853575566446
like:0.011091800604844508
me:0.020639784388657996
account:0.038807422921212004
anyone:0.015932521425156106
reply:0.03420187161290614
teacher:0.053842339623758166
set:0.0252325198488183
am:0.03113021631812125
them:0.013960563538402295
size:0.034294067972055885
a:0.003990011788132557
how:0.02505453328055475
as:0.022860404577629098
question:0.020790343650924806
also:0.014128544111233968
vga:0.04295601532624442
video:0.09987746265328636
display:0.03510591825652836
setup:0.042035759748253264
are:0.012245931078118583
internet:0.02720508517252006
likely:0.03148960766599741
have:0.004869053458549075
composite:0.057703912081931166
between:0.022122531867108625
asked:0.03211715141655649
if:0.006382384950127708
of:0.0018518151006260825
monitor:0.03568834133417913
seen:0.024690141815450983
explain:0.03423864312392957
using:0.0209944817013802
well:0.016027313430031855
windows:0.05232775583663813
please:0.018242051018145286
tim:0.038837231426058945
in:0.0016921876370903856
system:0.02128783170707167
or:0.006422013882886528
and:0.003636165852293237
for:0.015492802995813047
subject:0.00025425673230493616
each:0.024247708546291578
i:0.007272331704586474
ways:0.0339841750598009
connect:0.04377215552724331
cost:0.03162864385096077
the:0.002153580028540151
would:0.00888237758194644
can:0.008233961832740128
rgb:0.05132145815492881
people:0.014335934667363024
different:0.024068732362011885
bulletin:0.052130024286228684
is:0.0025587869227682277
their:0.028832068925365984
told:0.02952590254027743
show:0.028667320664141262
three:0.05559024774233282
telnet:0.05413540303963201
students:0.04552862256661016
