some:0.009340295001066833
at:0.014095440199270897
help:0.017120741760334377
all:0.0076325426451703295
50:0.027609466313027447
graphics:0.056299863042235554
own:0.018131925084383962
with:0.004678619014316379
much:0.01397757495647945
except:0.02579489135203051
my:0.00760171409064241
to:0.0022051186561453293
most:0.014852763711736303
mhz:0.03780085272083422
make:0.01408064386679763
that:0.0027752370034758145
uxa.cso.uiuc.edu:0.03566884271785555
really:0.015611165945527408
re:0.0029915240222253645
scott:0.03057661642537205
greatly:0.031223433198404812
so:0.008174484779079361
this:0.004199859506971352
game:0.16643251004298731
on:0.00405607060191432
digitized:0.09396493582350257
support:0.021911650476268047
card:0.09794906708845574
a:0.004468813202708464
how:0.010522903977832995
want:0.030281567483394906
classic:0.040925700670469536
are:0.005143291052809805
requires:0.0321132382792866
it:0.008228530313759327
probably:0.01909778972023367
buy:0.024054729001951727
uses:0.027319961038691495
be:0.0046276900570997705
which:0.020670277320280286
g:0.02828001568809202
writes:0.005290099128140499
tech:0.03627866164095862
of:0.0031110493690518185
short:0.02770382292497014
286:0.04420489831187778
what:0.00736353682397305
but:0.005322265778003282
least:0.01926129906165186
up:0.010747682962819078
speed:0.026867721335086248
or:0.010788983323249365
subject:0.00021357565513614637
i:0.006108758631852638
appreciated:0.027078096953409944
386:0.0377530913849422
games:0.026638962332869807
photos:0.049036226686533804
any:0.008186298130310458
will:0.009066442759226275
cost:0.053136121669614095
the:0.0012060048159824848
clone:0.04283571226231115
do:0.0057465433512519735
upgrade:0.07076104645197995
would:0.03730598584417504
can:0.013833055879003414
an:0.014366370216987789
10:0.023122974063169318
about:0.015760258885149946
cards:0.031480139714816814
motherboard:0.036121793869851614
does:0.009747910514700201
run:0.10707337713549579
1:0.01566819113539767
advice:0.062237713091731976
slow:0.03285222484033473
psuvm.psu.edu:0.03999130652849953
accelerator:0.08479688992401647
150:0.03770561350078368
players:0.02969499130430314
says:0.04097642791084109
s:0.004963490246848147
