know:0.02804261649223413
thanks:0.045304241929912795
from:0.019240278509776717
to:0.003132270818388252
like:0.026469069625197118
me:0.024627015463739653
anything:0.05275548068907736
anyone:0.038020789764577075
prefer:0.0933301842054964
you:0.012631795213834588
tell:0.05477329667323756
computers:0.1971713121176668
m:0.031109425275365275
a:0.006347746026574523
let:0.05238949415347329
also:0.03371584390180833
computer:0.06092506602648444
buy:0.06833729830099923
has:0.024199419861057978
if:0.015230691358259302
please:0.043532167202392155
they:0.021202718738812357
and:0.00867721396569977
subject:0.0006067490202731432
i:0.00867721396569977
the:0.0017130750227023932
would:0.021196582866008548
can:0.019649227100857123
about:0.022386731370951627
company:0.1530058199832432
their:0.034401900422311685
tc:0.2871245399047669
experience:0.07527779033625336
planning:0.10530941476544572
ads:0.1255820974769255
miami:0.14356226995238344
buying:0.09116404375539809
s:0.014100824564909508
