effective:0.0373885688296717
pc:0.03085964872220262
ask:0.026986690595892288
programming:0.040627585992253065
thanks:0.01845728374922373
controlled:0.044932109405021264
vehicle:0.08149412392591183
from:0.015677263970929178
subsequent:0.05128736397515614
hence:0.04260512395797584
to:0.0012761103334174358
make:0.016297041512497255
and/or:0.03741650025133306
dynamic:0.051040435761432426
need:0.035577814657356224
dsp:0.05568943524103646
comments:0.03411115753730648
this:0.009721897006878128
tools:0.04119882274230251
best:0.022547926666309573
these:0.015339221973138356
products:0.03750080364941564
market:0.03621162236178724
a:0.003879178127351097
same:0.01798234583822789
vision:0.04414746840080746
part:0.022677982522345156
also:0.013736084552588576
advance:0.029291677932191198
processing:0.04391883309904476
are:0.01785864948892293
furthermore:0.045517099234850256
digital:0.0382348851575154
have:0.004733801973589378
kind:0.025514136082991294
real:0.023681424574057846
doing:0.02482132319597514
edge:0.04364075636664777
sun:0.03359715096387816
detection:0.054917383306415615
of:0.005401127376826073
available:0.025009850257539167
looking:0.02401745690191337
in:0.006580729699795943
or:0.0062436246083619005
and:0.003535161245285091
completed:0.049788817443207865
for:0.021087426299856646
subject:0.0002471940452964657
purpose:0.03482297677911654
passive:0.056754891998303005
we:0.0873537716666462
platform:0.0484072211637016
research:0.02858640259756275
necessary:0.0333775534951993
suggestions:0.036638855287693305
the:0.0034895972684678375
users:0.03656201452089058
devices:0.03930257818076535
receiving:0.04712509455013582
regards:0.0382348851575154
about:0.036482080752661905
interested:0.026639594587175183
cards:0.10930604067644727
hardware:0.0657348356236028
time:0.014625092313923274
their:0.014015589060941795
first:0.017384766938805935
image:0.06853820364691994
very:0.016141134183180066
especially:0.028937923217567975
