pc:0.04443789415997178
tel:0.10841194878129005
dos:0.04706069808325251
chris:0.10231325981118135
thanks:0.026578488598882174
dx:0.07990603734414634
bunch:0.05408270694872434
guy:0.13545322987795477
re:0.004985873370375608
dawson:0.16218400764873256
uk:0.05762185979545049
math:0.13014015392696335
this:0.006999765844952254
programs:0.047109094990593556
two:0.024863859102044153
on:0.0067601176698572
intensive:0.08048583883667619
you:0.007410653192116292
performance:0.05054681644795488
vs:0.0455548259341779
a:0.007448022004514107
was:0.023612296909370285
austin:0.0667575799409274
usa:0.04859495581371633
advance:0.04218001622235533
486:0.06357235449716274
are:0.008572151754683007
month:0.05298404652516345
which:0.017225231100233572
writes:0.008816831880234166
if:0.008935338930178791
of:0.005185082281753031
mag:0.07332393307556466
using:0.029392274381932277
in:0.007107188075779619
cpu:0.059632831658578266
71:0.06774568623631036
or:0.008990819436041138
better:0.029816211617352043
and:0.005090632193210532
for:0.004337984838827654
subject:0.00035595942522691063
austin.ibm.com:0.13915006904631366
faster:0.10400802739718219
group:0.03596154579742194
review:0.05762185979545049
will:0.015110737932043792
the:0.003015012039956212
ibm:0.05253956092159556
last:0.029068834027459974
is:0.003582301691875519
512:0.07080667879157036
guyd:0.26830424746367537
article:0.010804438404221347
give:0.03150981695141342
