some:0.005695301829918801
go:0.009489913423385987
feeling:0.02130066756385133
at:0.0042973903046557614
dan:0.0193844072653037
there:0.004476970661351939
know:0.006018903051991716
all:0.004653989417786786
case:0.024113279095675667
with:0.0085584494164324
such:0.009380571724233164
from:0.004129620753317929
gain:0.02236880502679635
work:0.009878402263367335
download:0.02804271141609235
config.sys:0.02855666515100858
several:0.013748543278377543
my:0.004635191518684397
to:0.004033753639290236
look:0.011566674752565417
matthew:0.0209086455649829
archive:0.02367155032069413
t:0.025134371268296995
been:0.007157270181567996
format:0.019610021985551288
problems:0.013380845053130601
like:0.005681166163456942
nt:0.010449930025206418
need:0.009371717031693835
re:0.0018241000135520513
so:0.00996888387692605
file:0.029643764706911307
fixed:0.02212113514692599
this:0.005121779886550429
bitnet:0.023806125718346952
bus:0.019741671471978837
them:0.007150532544059712
3:0.022843570191586532
m:0.020031434811454713
answers:0.020442005962206744
a:0.004768550673621837
how:0.012832809729064627
other:0.00672833164796054
coleman:0.06134392527835726
want:0.009232185208352105
was:0.004319322605372613
corrections:0.02804271141609235
old:0.012916649182157678
austin:0.024423504856436854
ccwf.cc.utexas.edu:0.027804710615265855
copy:0.016666399732016304
local:0.014909187570321718
drive:0.013774652433199945
section:0.020047605490845305
files:0.016142983241891166
fixes:0.028292922608226745
bios:0.11770294062697827
internet:0.013934311917632225
daniel:0.06261336578339034
d:0.00888704498720505
it:0.00668986204370677
should:0.008013717766992584
texas:0.01935692522765367
have:0.0024939054299885507
made:0.011344290497160982
systems:0.01463618107454932
try:0.01188482766996777
university:0.011465073666334896
after:0.009410798476414397
has:0.010388043647673668
be:0.0028217622299388846
writes:0.00645134040017134
were:0.007567333158401459
things:0.010901102088489023
of:0.0028454719838888584
what:0.008979922956064694
but:0.003245284010977611
released:0.02110071954173817
again:0.011911556771258625
find:0.010324130427675075
in:0.006067111772006992
floppy:0.04297581554729597
leaving:0.022576412902009988
or:0.0032893241839174895
p.s:0.02212113514692599
install:0.021551953097754293
and:0.0009312132060750972
for:0.003174135247922673
enjoy:0.045099947097002026
subject:0.00013022905800984534
i:0.010243345266826069
person:0.01368387531255537
back:0.010274910829597745
games:0.016243269715164516
flash:0.053651658347974134
decnet:0.03212197007072951
2000:0.02110071954173817
the:0.0033091595560495006
do:0.017519949241621872
upgrade:0.021573489771945106
original:0.015054478113529168
would:0.004549510468801835
can:0.004217395085062016
because:0.00860840145802202
once:0.013087957048414176
gateway:0.04708117625079131
put:0.012133947802667217
an:0.00437999091981335
save:0.017670781621567287
self:0.020742016692732564
new:0.025229261925125077
disk:0.03415589252487689
questions:0.014752079693880545
2:0.019008873678979597
their:0.007383822529666897
run:0.026115457837925803
1:0.019107550165119107
first:0.009158804045809956
too:0.009524477404217056
nice:0.015413363203681746
update:0.021179718009640514
image:0.018053965838700864
article:0.007905686637235131
iii:0.022549973548501013
comes:0.014752079693880545
wuarchive.wustl.edu:0.02990013822349622
