all:0.009735386027002971
thanks:0.020340680050164928
with:0.011935252587541781
upgraded:0.056800349831683444
my:0.07756851112900418
to:0.004218977020686217
stop:0.03391788892429221
boot:0.050088025197860625
memory:0.03450645128742158
nt:0.007286515833902433
bus:0.08259270717868696
stealth:0.054188784789467107
two:0.019028463598503177
on:0.005173559441217244
card:0.18740255182740254
more:0.025947327057565833
a:0.0028500084200946837
controller:0.1719138212530476
want:0.019312224160328382
old:0.02701952124839106
local:0.06237517248808065
step:0.042444088114105626
setup:0.04503831401598563
works:0.030358428505619796
month:0.040549015197829164
it:0.00699704958653004
have:0.00521684299130258
try:0.04972223821108964
after:0.019685853955764807
but:0.020365812926032966
together:0.0363159820556146
up:0.013708779289310045
one:0.020067569546441275
system:0.06842517334415893
and:0.0077917839691997925
for:0.0033198863562456525
subject:0.00027241792746957445
i:0.009739729961499742
386:0.04815445329712014
ago:0.029195568626169836
do:0.014659549365438706
thing:0.023101351378826084
when:0.02668723352742318
vlb:0.05611525490476886
disable:0.059548645074373074
conflict:0.048215373368410995
put:0.02538223775047734
bought:0.03737840560069857
just:0.01198355677006006
cache:0.04951701852798262
new:0.03518366458946014
motherboard:0.0460737166707291
checking:0.09917334246556524
nothing:0.05213991839797773
change:0.030326623550107012
diamond:0.05108998464866893
answer:0.03098235757274343
