cartridges:0.1398686579183431
cut:0.08320489763191821
several:0.06405571300153173
to:0.003132270818388252
been:0.033346372436850895
that:0.007884196032601746
problems:0.06234257354299484
quite:0.06036816777521367
like:0.026469069625197118
nt:0.016229057993691783
re:0.016997295580825935
something:0.045242302662807335
you:0.012631795213834588
backup:0.11343341224094126
drive:0.06417735792740883
250:0.20773185654351303
it:0.007792168857726636
have:0.01161933211699211
try:0.05537249255325893
if:0.015230691358259302
of:0.004419104217403151
using:0.05010046769647547
in:0.0040381750430566014
subject:0.0006067490202731432
i:0.004338606982849885
tape:0.18860764835083335
the:0.0017130750227023932
do:0.016325407247874926
sony:0.23095120307833078
maybe:0.060179842780507364
people:0.03421075318347994
blocks:0.1222089155424193
else:0.057421641484955835
told:0.07045954015293478
switching:0.12045012773297795
bad:0.062286387426054184
lots:0.08292488662309912
by:0.022509897154935593
data:0.06668967325467755
mike:0.07262300065812963
