xt:0.06315694547911965
mode:0.04727636106763248
since:0.024701501523502235
help:0.02642089777829379
small:0.036898097534148286
nowhere:0.06371566883205942
ever:0.03263484020777605
into:0.022108690160276372
my:0.011731040263337052
io:0.15258120386151572
to:0.0017014804445565812
spoken:0.07117978961253472
that:0.008565546307024118
could:0.01863097722624762
obscure:0.07250380850578901
need:0.02371854310490415
this:0.0064812646712520865
on:0.0062593682128307395
machine:0.04015801672005366
card:0.11336697579682375
a:0.0051722375031347965
was:0.01093161893952328
jumper:0.06960997263123539
40:0.04721613812376294
video:0.04315692830697559
it:0.01269834924962859
have:0.006311735964785838
only:0.016463410349003536
settings:0.06211007465615574
achieve:0.12860176331583698
usually:0.04071297212576065
be:0.007141497001697176
which:0.015949288055771824
found:0.06603754333967894
of:0.004801002112734288
key:0.039578300879463894
col:0.07873289505828772
in:0.008774306266394591
jumpers:0.07056748169723384
world:0.031126551712749095
forcing:0.0651697803833728
men:0.04335306855095484
and:0.002356774163523394
for:0.004016652628544123
subject:0.0003295920603952876
i:0.002356774163523394
any:0.012633176127022312
the:0.00558335562954854
protected:0.058042430197757684
middle:0.049593830804204715
is:0.009950838032987552
field:0.0480550351843618
six:0.05231232513858068
vast:0.06348913625590884
psuvm.psu.edu:0.061714979210647426
somewhere:0.04789532171484675
needed:0.041182996174518774
by:0.012227598454532914
galaxy:0.07204650885541435
s:0.0076597071710619545
