report:0.11679163764537709
apologize:0.08255020904681272
there:0.028239353402373768
all:0.014677966625327558
true:0.039742781417813025
concerning:0.07038834220704161
post:0.03973196622201816
my:0.014618680943543098
to:0.004240612800279479
that:0.010673988474906979
re:0.005752930811971855
this:0.01615330579604366
a:0.0064454036577525926
sorry:0.14665000083409038
said:0.033715458902514345
not:0.01855107718695277
stated:0.11944907885839261
detection:0.0912473445706598
of:0.002991393624088287
gives:0.05594653039686316
but:0.010235126496160159
must:0.03565323734583842
author:0.062215503816315486
in:0.008200601625899561
cpu:0.13761422690441139
and:0.005873806376781383
subject:0.00041072241372335844
i:0.005873806376781383
program:0.1281523122638804
the:0.006957720092206643
last:0.03354096233937689
actual:0.06249779825736467
about:0.015154095081874947
is:0.016533700116348547
netters:0.0759665480628093
removal:0.08769177963276155
virus:0.08480564711130312
bug:0.1526245686133742
