there:0.009975858538882037
know:0.013411686148459803
all:0.010370302507024904
case:0.02686533812289952
tower:0.059774945442036403
where:0.020081052154714802
my:0.020656831768050027
to:0.005992170261264482
experiences:0.05135985424026389
then:0.017346525541041338
cases:0.03999766954876513
death:0.0364719172177872
die:0.0409538518633951
make:0.019131309601627212
recommendations:0.058573403328994834
ps:0.048973503508909944
had:0.0166783531052406
this:0.00570633085186325
hi:0.03425018108711309
a:0.007589696336121712
horrible:0.055997310003172714
was:0.009624577544580277
awful:0.05468387007770234
computer:0.05827615011228946
are:0.006988167191317668
place:0.02955899584039593
couple:0.034304258637549115
selling:0.04532366451466892
has:0.01157363558572338
personal:0.03645538555647517
get:0.028573347288937442
listed:0.04934560320067345
if:0.007284243693080536
of:0.004226969251429101
looking:0.028194405928333086
what:0.03001441640206406
but:0.007231339372287068
supply:0.13167278587840905
good:0.035217605464336936
in:0.0019313011075488096
or:0.007329472366337884
and:0.00829994379327804
for:0.0035364006838268913
subject:0.00029018431404367716
i:0.00829994379327804
power:0.08810397652730027
noise:0.04978706753930595
the:0.0008192967499881011
do:0.015615606932749927
can:0.009397456439540363
fan:0.0869468692497755
an:0.009759762375671052
makes:0.030358455241869284
long:0.02587294831639766
dozen:0.055997310003172714
about:0.010706697612194256
is:0.002920354640115912
new:0.037478251410511886
lot:0.026940797698536856
wanted:0.03309956510376198
slow:0.04463617505480262
late:0.041892815061208365
live:0.03365965515160498
begun:0.061616447093754294
s:0.006743872618000199
