another:0.011795241119088185
since:0.01064266820959405
out:0.006266899463193936
music:0.02450350233878236
insight:0.03040407456104224
tried:0.016478000282109953
split:0.05072262326901283
with:0.006221567838186674
into:0.0381022107017529
times:0.014949341178154397
from:0.004503043906543487
my:0.025271655886444182
to:0.002199253978868347
line:0.07510116353207416
then:0.025466175794294728
software:0.014977584513198174
that:0.003690474738664647
ran:0.04829569674959529
nt:0.003798290168736375
could:0.008027176358117326
phone:0.14061768157386234
this:0.0027924597785713777
acsu.buffalo.edu:0.028852445716619334
internal:0.021077486255959215
on:0.0026968554534004784
pulled:0.026632013274306143
regular:0.021526822615721603
none:0.019268671449049434
state:0.014136773334790511
modem:0.15874252146672166
a:0.0037141067176765827
how:0.006996611687388959
other:0.007336744616127185
was:0.004709899649475455
worked:0.040895360006110104
fine:0.05168866879660468
buffalo:0.027258518783116692
jack:0.06821418987382875
parameters:0.02968308790148786
computer:0.04277717401859545
no:0.017964027705040048
play:0.017031479961598095
works:0.015825138263567767
it:0.0018236990943615529
have:0.0027194181550407068
try:0.01295951953374145
only:0.0070932778631345025
university:0.012501809051056668
love:0.01740541191585877
be:0.006153843161036929
were:0.008251613284427122
if:0.00356462989235856
of:0.00517129216930156
wm:0.028788742572753823
what:0.004895968632960804
but:0.0035387405438851607
york:0.020016846848007672
windows:0.014612804156507987
please:0.010188379558006675
up:0.007146065799746726
now:0.00878677871211832
david:0.013278964039066457
in:0.0037804191892444783
extension:0.026936047390476083
thomas:0.019595771351218618
or:0.0035867630728887516
use:0.008844571956102915
and:0.004061674622242445
still:0.010860154692710356
for:0.0017305790580429466
subject:0.00014200508985116116
i:0.009138767900045502
back:0.01120402510674222
room:0.06363875234550966
the:0.008820513946680408
do:0.007641679988366986
when:0.013911430243018467
got:0.011766775646971138
can:0.0045987552789240075
isa:0.025669258328223983
put:0.013231166486950953
an:0.004776053928519876
problem:0.02250601374516579
note:0.015753665419566475
many:0.009857452274351561
changed:0.020102740392730984
is:0.002858219435007063
itself:0.017888594896778617
new:0.018340420903016456
hardware:0.018881282572736975
food:0.022422762174629768
first:0.009986993773356602
too:0.010385733339704769
understand:0.015937006717742837
says:0.013622482683125362
