some:0.01556715833511139
at:0.011746200166059081
say:0.02530059965690058
help:0.028534569600557294
dos:0.04706069808325251
thanks:0.026578488598882174
ca:0.027420647947897617
6.0:0.07109654528005577
upgraded:0.07421912378006637
my:0.025339046968808038
to:0.003675197760242216
finds:0.07010843898467281
nt:0.00952104735629918
lost:0.04672675099090467
error:0.05020610878895998
programs:0.047109094990593556
internal:0.05283423221493777
these:0.022088479641319235
set:0.03532552778834562
modem:0.11368988204092828
a:0.0018620055011285268
same:0.02589457800704817
worked:0.05125551787432467
fine:0.08637750874454828
are:0.008572151754683007
no:0.015009943149100133
works:0.039668346580676535
it:0.004571405729866293
not:0.0080388001143462
have:0.006816674841968705
ve:0.02433511598703246
comm:0.0838366978804216
of:0.0025925411408765156
3.1:0.052286959771696236
present:0.048326670437724054
windows:0.03662942908564669
find:0.028219289835645204
now:0.02202552530504326
system:0.029802964389900335
or:0.008990819436041138
message:0.04329759851412962
and:0.012726580483026328
subject:0.00035595942522691063
however:0.03196131872262551
until:0.038148876338195255
i:0.007635948289815797
386:0.06292181897490366
similar:0.04219677717155602
any:0.013643830217184098
the:0.003015012039956212
clone:0.07139285377051859
an:0.011971975180823158
problem:0.028207537227274457
is:0.003582301691875519
white:0.04531958861094123
hardware:0.04732908164899403
time:0.021060132932049516
opinions:0.03807480207360057
three:0.03891317341963297
mike:0.0852109874388721
says:0.034147023259034244
four:0.04677394868030632
