fast:0.025414583393781293
there:0.013398233366089743
all:0.006963998763841541
send:0.021411292853111115
with:0.008537625938533537
someone:0.016083635873452698
my:0.006935870520659133
to:0.0010059847883874676
besides:0.029562677329466342
unique:0.03702493268653553
that:0.002532150550616619
could:0.011015395294350784
me:0.007909406426310545
need:0.028046744401419507
description:0.031934600448072274
this:0.015327954405004934
on:0.014803177379249341
set:0.019338792584860737
specs:0.03537144619530597
spec:0.07661285477936414
etc:0.016951269981446974
size:0.026283774723108524
a:0.0061160764635608544
how:0.009601189760796528
hard:0.019738929945806637
as:0.011680498689299539
following:0.0199803961535749
3.5:0.03503412617227581
drive:0.20611706195664148
scsi:0.1235028407630062
also:0.02165689243327834
chip:0.023594192392724627
model:0.08012302580109963
it:0.012512971888320144
have:0.003731756300347831
has:0.015544152903453299
regarding:0.028883185190298373
be:0.00422234494260928
of:0.0070963717359758625
interface:0.1541131217811636
what:0.020155666488977327
but:0.004856081914236571
biggest:0.0352734679447064
heads:0.0354209329616226
seems:0.017200635688912978
seagate:0.041961721462036
replace:0.03209024110112937
jumpers:0.04172237968960541
5:0.018969875086990384
use:0.03641123053461346
and:0.001393421220769306
for:0.004749618436672613
subject:0.00019486829848188537
i:0.005573684883077224
info:0.021499236929871515
the:0.007152400824713641
would:0.006807661650396905
can:0.012621401349455668
is:0.011766684389372142
connectors:0.04184106962297607
match:0.034940544504910395
sticker:0.0865850714904071
mfm:0.08913037641222868
e-mail:0.02007077209235231
by:0.0072294560205632555
