bbs:0.023258865814687706
say:0.010905430886595078
there:0.0052745918711330315
all:0.005483148451990179
small:0.034353401152482886
dos:0.16227826925259484
chris:0.02205027151103046
versions:0.0510393450649282
with:0.0033610768781008465
microsoft:0.024480483297352494
into:0.01029197645392176
service:0.041868864695153364
subsequent:0.03183353626044174
added:0.02404378268253685
via:0.01964500792307842
to:0.005544479379675756
add:0.01974839319799838
hole:0.026821555574409215
then:0.0091717261481368
clock:0.12327990855170735
value:0.021458924251475102
mail:0.01761100864848193
that:0.003987409487752607
think:0.008274413951313536
hour:0.026756980440691254
bit:0.03132280687420345
through:0.013617605138073717
nt:0.00410389972254275
michael:0.017268363228009707
had:0.008818439572885833
this:0.009051421351231362
two:0.010717180647432824
on:0.00582768764642862
set:0.015226520598424834
used:0.011347491427223366
3:0.013456700831250687
board:0.02063906045606405
a:0.005618120046508486
same:0.011161456037520761
ms:0.14414275594431333
was:0.005088857092536699
route:0.029400647033383288
private:0.020400466228014665
services:0.022969319698064993
files:0.01901903198038902
bios:0.05546920190466792
no:0.006469803081508677
it:0.0019704335042527122
not:0.006930000098574309
ve:0.010489274132341577
whether:0.0164221757751829
date:0.04112412861819911
between:0.013349803712910377
mouse:0.024976621708205925
has:0.006119393528083626
sets:0.02733048314533706
500:0.02396423641005483
network:0.02111200959787113
breaks:0.03175639246542944
if:0.003851439194042582
of:0.0022349492593763064
fact:0.013783144417407122
please:0.01100813423508767
up:0.007721036611220602
errors:0.024678300676010418
over:0.011528395129421597
one:0.005651212113653003
in:0.0010211477120373015
feature:0.027155785000599297
system:0.038538316021422846
or:0.0038753532051901455
and:0.002194238014314884
usenet:0.0234724059117457
subject:0.00015343078673573735
al:0.02189663322254156
i:0.001097119007157442
possible:0.014810181741175758
information:0.014016214278642327
will:0.006513249108639566
program:0.01595766340450618
turned:0.02256838126387125
later:0.03672887389606556
the:0.006931062160818878
do:0.004128263901761475
reads:0.029822643979100626
see:0.010168883686271127
when:0.007515370361170896
ozone:0.034565856356505394
ensure:0.027658979776601138
did:0.009447764617488306
bps:0.0334353374240568
10:0.01661133194193198
just:0.013498719120297539
people:0.00865099505789148
current:0.018173825998452978
bulletin:0.03145777327617248
is:0.003088191113685792
stuck:0.02733048314533706
100,000:0.03191172966306116
new:0.009908043476342223
applies:0.027366069181244655
time:0.018155287010387513
questions:0.017380323777273055
blue:0.022969319698064993
change:0.017080512114428088
gore:0.03536908591038561
function:0.023637934595100333
full:0.01775668094208766
checked:0.02586647212963346
sometimes:0.02014084094435546
s:0.003565725752046082
newsgroups:0.024633749085181005
