expensive:0.01919472414282886
bbs:0.01918029692775195
say:0.008993104143448075
there:0.008699326877508507
know:0.005847749410702853
help:0.020285239052528884
all:0.004521648486475314
chris:0.018183636222366354
with:0.0027716937288604143
much:0.016561107768340584
service:0.03452693107562411
from:0.004012190779289932
correction:0.025650633192785398
trick:0.023544564356966263
often:0.01472663691127349
both:0.010643147309517716
added:0.019827574344840816
my:0.018013540499152634
to:0.003919049744334116
line:0.02676591231095724
noisy:0.027572268776236416
hole:0.02211824962060286
then:0.007563413979980111
software:0.02668991363489343
mail:0.014522822297800267
that:0.0032881955017485956
id:0.02222658202854623
nt:0.010152775616906707
so:0.0048427042530091
had:0.007272078131194954
error:0.07138309306487202
this:0.0074642052849016914
these:0.007851355322743805
slower:0.02316243291431172
on:0.012014427138371798
you:0.0026341184332166916
market:0.018534858839208638
support:0.01298083559020619
modem:0.06061664326826744
3:0.011096994998282558
more:0.006025682586828085
board:0.01701988871732296
a:0.0033092514830483292
hard:0.012816272050120897
other:0.006537004681667824
price:0.014834806643810252
route:0.024245083335586223
private:0.016823133287557118
worth:0.01665954321702293
compatible:0.021353375937534197
question:0.010345905608280116
section:0.019477531401058235
files:0.015683941064396634
are:0.015234866862588282
reasonable:0.01771709559291966
it:0.006499628999809896
have:0.004845977375807137
try:0.011546870485039776
only:0.012640153917244424
carlos:0.029666262862866936
baud:0.025707392392058936
university:0.01113905261421163
500:0.019761976944784553
screen:0.01771709559291966
network:0.017409903649429275
which:0.006122712476386341
modems:0.17617775528708265
get:0.006229260546403424
if:0.003176068340110945
of:0.0036860774514831975
implemented:0.023691532303613472
available:0.012801250368787822
but:0.00945900315995844
version:0.014788960225903246
lines:0.01674493897769913
please:0.009077797900024906
they:0.004421420021363714
in:0.000842083895234552
or:0.0031957888990667553
use:0.007880471695485062
message:0.015390141651941809
and:0.0027141996290814445
usenet:0.019356391604946694
subject:0.00012652586204748008
i:0.006333132467856704
any:0.0048497026838332105
actually:0.01158442714265917
noise:0.043416210555603296
will:0.016113346136065652
connect:0.043564704553180546
than:0.006780100863599342
the:0.0042867469762410595
do:0.006808700653142149
thing:0.010729537607227283
got:0.010484141334742058
ozone:0.02850454505228407
can:0.008194938316945151
because:0.008363612790969262
ends:0.022422334664286683
maybe:0.012549351101148456
bps:0.027572268776236416
an:0.004255441414984534
10:0.01369844435021879
problem:0.010026375791685234
just:0.005565822575667706
about:0.004668323129487543
bulletin:0.025941481279876836
15:0.015837965554410634
garbage:0.050542567734636806
is:0.0050933199410552405
100,000:0.026315833940154704
new:0.008170614051580791
eliminate:0.05107822849542678
hardware:0.016823133287557118
disk:0.01659231745876721
questions:0.01433258927604508
does:0.011549657007938629
blue:0.018941524300773976
hear:0.015704651963311885
too:0.009253639184191928
very:0.008261812757267523
full:0.029285900321547424
9600:0.027833215587530383
protocol:0.049743891491814636
s:0.0029404563073744945
newsgroups:0.02031408692332462
