know:0.03163782373482825
all:0.01223163885443963
discussing:0.06238931615513407
into:0.02295902439721008
from:0.010853490441412508
several:0.03613399194958201
my:0.012182234119619247
to:0.0035338440002328996
cylinder:0.07267580939263327
been:0.018810774195146655
that:0.013342485593633725
need:0.02463079476278508
greatly:0.05003755320257181
installing:0.0676763103981179
hi:0.040397649487364164
these:0.04247784546407545
recently:0.04242707134086781
on:0.00650011314409346
performance:0.048602708123033536
m:0.017548906565590668
sure:0.027974923335374404
a:0.0035807798098625512
how:0.03372725633920831
hard:0.10400897702213498
related:0.049412038277322684
drive:0.14481044865671736
are:0.008242453610272121
esdi:0.08176108332976033
not:0.007729615494563652
have:0.006554495040354523
ve:0.023399149987531207
which:0.016562722211763047
if:0.008591672048248837
what:0.023601079564016185
david:0.03200570819672428
in:0.002277944896083211
use:0.02131768625317113
and:0.0024474193236589093
i:0.012237096618294545
appreciated:0.04339438614328516
the:0.0009663500128064781
do:0.018418408177089656
an:0.011511514596945343
makes:0.03580740874682018
about:0.012628412568229122
head:0.04426743250584209
is:0.006889041715145228
new:0.022102558524148035
2:0.02497960964224883
run:0.034318390107530704
1:0.02510928066570139
terms:0.14804380673901785
difference:0.08223471402139453
understand:0.03841227260173914
s:0.01590862258605175
