since:0.011839181203572078
pc:0.03944191789346607
acting:0.03053827914435984
thanx:0.02871401074403726
know:0.007301036246498827
tried:0.018330556526844205
philip:0.06863963473001755
access:0.03967309902980504
own:0.013411187192591687
with:0.01038155106727007
4:0.014699819551353131
into:0.010596472798712345
my:0.005622569593670422
to:0.004893014769553246
connected:0.02689220731344968
r:0.036688991322238226
me:0.006411767339671862
so:0.012092433105146983
anyone:0.0098989038440319
this:0.009319214882332881
mean:0.015641550632129353
you:0.013155005666478623
machine:0.019247333457540514
disclaimer:0.022213346314048442
them:0.008673722908474797
philosophy:0.028960594746407484
computers:0.025667271399932957
more:0.02256956850569336
a:0.0033053352091038934
how:0.01556642600271153
same:0.01149167663034682
controller:0.12461208936981262
low:0.02009345881644864
was:0.005239414994682755
as:0.0047344033148936
question:0.012917077416255055
also:0.008778089536565482
advance:0.01871894211051272
ie:0.024755137199771668
setup:0.026116892151281608
no:0.006661217373861005
existance:0.034424548590449015
it:0.006086191060472875
have:0.006050303114173407
drives:0.09578799175753044
only:0.007890746972007612
cmos:0.03453116696620451
types:0.04848399067432993
configured:0.034977957217731996
has:0.006300440673884917
writing:0.02368318784111026
be:0.0034228476753696527
asked:0.019954443187801367
writes:0.003912795213121671
if:0.007930774198383542
of:0.004602144037058903
reading:0.01944569258202953
never:0.013041060537644145
supply:0.023893286589376
again:0.014448929811290047
they:0.005520234464542862
up:0.00794946964705553
now:0.009774641407563575
pleased:0.03345234118635862
in:0.004205436731230544
or:0.003990008625462043
and:0.005647890746905175
for:0.0019251412006631597
subject:0.0001579701591243686
i:0.00677746889628621
example:0.016635261205668075
info:0.03485675099872659
possible:0.015248352798606995
any:0.006054954238395309
than:0.016930192688987704
the:0.0017840307928734982
do:0.025502411322124142
level:0.020831569009430465
controllers:0.06972611460283556
would:0.005518636959197492
can:0.020463100412726944
put:0.05887477632063383
an:0.005313006737051696
just:0.006949044754236011
different:0.029907892284156776
is:0.0015897788573412065
done:0.015672565393021885
type:0.03834926047729818
2:0.046116202416459376
1:0.034766696306355774
mfm:0.07225361874837473
show:0.017811057217365873
very:0.010315044330079568
by:0.005860564939746545
