some:0.00488509152775462
bbs:0.016933232852534147
say:0.0079395187207847
know:0.010325314859065286
all:0.003991915609398707
dos:0.04430400447168122
chris:0.016053335744432216
hand:0.013210206926580223
documented:0.023119716690312642
service:0.030481934966345964
longer:0.014201719700310356
reasonably:0.02062947914972795
my:0.003975791888411302
to:0.006343176050627255
interrupt:0.024572420455936862
brains:0.02352967655792856
hole:0.01952699025082512
then:0.026709294556917205
most:0.0077681818576026684
clock:0.03590075997991143
day:0.010641435296078961
might:0.008899937807022786
mail:0.012821403785924081
been:0.01227816223616267
make:0.007364353486818844
that:0.007257418942143866
cold:0.018485984874642803
helps:0.017698628854112813
like:0.004872966792923318
nt:0.005975552734078983
updated:0.02151723864740007
tells:0.018523012553625994
had:0.00642011918695454
this:0.01317947544028667
reset:0.023290520014665177
jb:0.136211211136942
something:0.00832912685005658
two:0.007802466245411344
on:0.0021213758378212967
set:0.011085416669982933
apparently:0.015852138310676413
3:0.009796928638651127
board:0.015025926859226544
a:0.005258802147538726
route:0.021404655162379466
private:0.014852222274788917
advance:0.02647281352867489
files:0.013846491902040538
bios:0.10095858924071358
no:0.00471023320578456
flag:0.09270351982120272
it:0.0043036246410875145
not:0.005045272038292593
have:0.004278247808766969
involves:0.02191602601059808
date:0.1496987108695951
suddenly:0.02039032260646457
hope:0.012085613128201025
has:0.017820493286804198
mixed:0.02340838979276851
call:0.044467884485334015
500:0.017446766256692635
uses:0.02857736510323378
network:0.015370249665395717
common:0.014084217739043304
get:0.03299683619977713
if:0.002803976651729746
of:0.0008135589354215006
menu:0.043110899751396564
but:0.005567223617158244
years:0.009329604280252691
order:0.011733543352018793
well:0.007041288327001442
please:0.008014290196256296
up:0.011242346195417443
universe:0.01854165000278658
over:0.008393057541921998
in:0.0014868594300794181
accurate:0.018713231692022467
system:0.03740957873209247
or:0.002821386852314164
and:0.003194957443437572
usenet:0.01708869719097804
for:0.00272258462687928
subject:0.0001117027485021686
i:0.002396218082578179
sees:0.02217491891318422
we:0.005639095839807405
elements:0.0205081923845679
will:0.009483726735592337
program:0.011617713106209519
the:0.0069383122258406555
do:0.00901654291514431
when:0.0054714411834465935
stupidity:0.021594013286179135
ozone:0.025165100443648274
did:0.006878288884698599
once:0.011226071945292494
bps:0.024342044819187794
10:0.012093605681573909
problem:0.008851737623621691
bulletin:0.02290231192491218
is:0.0022483065011771036
stuck:0.01989750655769309
100,000:0.02323280736976001
morning:0.017950379989955714
new:0.007213387300767978
hardware:0.014852222274788917
time:0.01321765665191392
questions:0.012653457478014692
does:0.005098279557897594
blue:0.01672243358771259
hear:0.013864776419492917
automatically:0.019720509153129537
every:0.010176353669194125
change:0.012435184551926725
passed:0.036164347151956364
full:0.012927458091729092
before:0.017792420646214595
by:0.004144081484590653
john:0.01121957489364789
s:0.005191935404652873
newsgroups:0.017934193894650605
