mode:0.11131933856041369
pc:0.01937698873254583
bbs:0.02352931774276547
say:0.011032238222485717
thanx:0.028213184975245914
help:0.012442399535126726
all:0.0055469059921296
tried:0.018010837517655063
chris:0.022306670016972674
c:0.030070903435220463
service:0.042355711959050496
work:0.023547354232445392
post:0.015014987235065003
my:0.011049003038724433
to:0.011217900140274205
hole:0.02713343412760002
then:0.009278374126603506
might:0.012366774045804918
mail:0.017815787818813114
like:0.020313472037941975
nt:0.004151619486758363
anyone:0.009726248544426693
had:0.008920979567919391
this:0.015261117394517994
lh:0.14143954155412722
parallel:0.0267520545782639
on:0.005895451456270813
set:0.030807146327045593
you:0.006462778946613045
am:0.009501955562217241
etc:0.027003767296025993
link:0.028173768190447195
parity:0.07099338121206586
3:0.013613174096730346
board:0.02087904953113456
a:0.004871526020394402
how:0.007647459286215839
route:0.02974251502214356
private:0.02063768095159623
parameters:0.03244430538069603
files:0.019240183515044706
com:0.03372121589934002
it:0.001993345521744023
not:0.0035052907475346794
should:0.00955123338507837
have:0.0029723872857421677
try:0.028330112469109218
baud:0.06307278831074924
fruit:0.036725231848284134
settings:0.05849902380405366
larry:0.02642315718588951
command:0.04786340296434692
500:0.024242890321799652
network:0.021357498081567308
be:0.0033631468438225075
recognize:0.026029792950576634
if:0.0038962233707174956
of:0.0022609370414620775
trying:0.015676326878304628
but:0.003867925710758199
adjust:0.03220369365881897
port:0.1697002322525976
please:0.011136135795960784
accept:0.02076809285269031
good:0.009418661926508715
system:0.012995478658386773
or:0.003920415451762124
use:0.019334645671480792
usenet:0.023745340864207858
subject:0.00015521486565126915
i:0.00332962861474526
connect:0.02672137401372411
the:0.004820513435976502
clone:0.031130604841795893
do:0.004176266970386608
hello:0.02249587668983588
ibm:0.04581938452464729
ozone:0.03496778491879034
can:0.010053092935322248
did:0.009557622345598635
bps:0.033824120417359785
an:0.010440676029787635
apple:0.022054458995866718
10:0.016804486964512585
problem:0.01229979820956735
bulletin:0.03182356133752332
100,000:0.03228279628705025
new:0.010023253284206668
time:0.009183197499440195
questions:0.017582420565380882
printer:0.07580114262606683
blue:0.02323640481083319
serial:0.07219740571857265
hook:0.02989895370191056
e-mail:0.015986603352629455
luck:0.023969701313451285
full:0.017963153976297982
ports:0.028622787655191325
fit:0.02363632604243242
seem:0.016044840435440334
newsgroups:0.024920188028031948
