eisa:0.25365547843089625
pc:0.07574641049995189
ahead:0.0982190791967906
thanks:0.045304241929912795
into:0.0814001774082903
8-bit:0.12682773921544813
you:0.037895385641503763
card:0.20869829635324375
a:0.0031738730132872617
also:0.03371584390180833
if:0.015230691358259302
of:0.004419104217403151
please:0.043532167202392155
david:0.11347478360656792
in:0.0040381750430566014
subject:0.0006067490202731432
possible:0.058567536885558685
bcstec.ca.boeing.com:0.14103441460896926
can:0.05894768130257136
isa:0.32903322038905286
put:0.1695994976963713
an:0.10203387938201554
time:0.03589795386144804
slot:0.3476023823289397
e-mail:0.06249308583300606
