go:0.014850627876291047
out:0.008993718313591297
there:0.007005946454787385
help:0.01633658564917402
thanks:0.015216691945924909
your:0.009617803222757728
with:0.004464331120530895
from:0.006462383621604393
wrote:0.0393217553388223
to:0.002104120855100505
remember:0.021241404858940702
matt:0.03747043106404841
might:0.016237291113575924
enough:0.018566019289598442
been:0.011200308299400299
that:0.013240634558567818
like:0.008890374530600558
responses:0.033862050618785604
re:0.0028545076547951947
had:0.011713041875436146
this:0.008014999059105634
bastard:0.04483059915243443
set:0.020224538810121536
you:0.00848548075433163
inside:0.028656912420413638
a:0.00746223578696547
how:0.010040938910145987
other:0.010529068609403898
same:0.014825140080371087
was:0.00675924529848386
as:0.006107741681045942
worth:0.026833310067113265
3.5:0.1465549705527263
drive:0.06466726142303791
also:0.0226488111706804
advance:0.024148864249440072
files:0.05052384068072808
are:0.014723161410715089
deep:0.03473126395264535
it:0.010468868083663265
contain:0.03580006723681873
have:0.011708029308724874
only:0.02035933188197384
machines:0.030121729273925892
formatted:0.044976005220913017
his:0.01407961100385692
floppies:0.08585637705870115
be:0.004415734787308941
1/4:0.042598629965494024
writes:0.005047804511584445
down:0.018048592190482122
were:0.02368401980873739
of:0.004452837837383328
what:0.007026275595394131
adjust:0.042282712284861544
up:0.010255422674445683
sounds:0.027196218042449146
one:0.007506190135691774
in:0.002712667204496038
floppy:0.16813057609152052
5:0.019838724327615898
and:0.0014572420400411827
for:0.002483579106199038
known:0.024862051508903495
subject:0.00020379356406120838
i:0.0029144840800823654
ago:0.02184095973560797
turned:0.02997632320544731
the:0.0017261519312726404
reads:0.07922351224982456
can:0.006599740400287888
peter:0.05621210810421308
gateway:0.03683832492905426
instead:0.023417819172401842
friend:0.02651297266941073
problem:0.03229870674878754
just:0.01792959638879215
long:0.018170314848157135
about:0.007519207483373065
head:0.026357707904241856
time:0.012057328014532165
does:0.009301441330820802
article:0.0061857471779893205
written:0.02735510640042832
by:0.007560576143642489
mine:0.024925488891602947
