another:0.020344085599895218
believe:0.0398655390886301
pc:0.030576532678879664
out:0.02161792842349468
there:0.008419990693368325
vertical:0.04954540500945612
thanks:0.01828795087079049
your:0.011559011212672134
ca:0.01886741831277359
such:0.01764235966484219
from:0.00776671793055207
my:0.017435124061106446
415:0.04823975159495836
to:0.007586417394995399
add:0.031524957949098334
t:0.023635532614682955
appreciate:0.03522214069187609
control:0.027978296054504803
happens:0.034275940502557604
ps:0.04133543415430932
reply:0.03294675705830408
on:0.004651457112287064
rev:0.0486220699105599
used:0.018114344113182253
am:0.014993911529370327
inc:0.06717459625329178
2.2:0.0457182385152235
card:0.056163455899343885
ray:0.039796044647602474
a:0.0025623928914612756
hard:0.02480948075757348
other:0.01265420172322854
controller:0.15456472002567587
below:0.03405388911043938
as:0.00734049688272494
old:0.02429278057194793
business:0.03317948379113365
model:0.1007050874747766
application:0.03385658447538467
have:0.014071117793054666
received:0.03549808064818139
drives:0.07425766333496626
probably:0.02190113500026797
anybody:0.027886193990024725
which:0.02370444646821134
applications:0.03578257823297552
of:0.0017838585831719143
trying:0.024736956174939415
but:0.00610351580046248
hd:0.08180927228865953
system:0.08202650749513854
or:0.006186343648652159
and:0.0017513642866549995
subject:0.0002449262100185165
i:0.007005457146619998
info:0.02702197669167337
similar:0.029034479705199095
directly:0.033325691059599816
any:0.009387956571456949
information:0.022374507197098763
will:0.010397296742231967
the:0.002766066091702947
do:0.006590072650518319
would:0.00855641877159978
friend:0.03186421485956703
an:0.016475195202967648
here:0.016517439501132075
address:0.029291939026913863
is:0.004929772970470898
having:0.024008177912113408
disk:0.032119073245870475
time:0.014490917155079943
does:0.01117879646181216
mfm:0.056013126460896005
supposed:0.03347426615978313
e-mail:0.025226566758277676
needed:0.030603877891156157
