expensive:0.01426086899343975
at:0.003101989480473349
cable:0.030405968052036964
watts:0.019906498804558477
there:0.012926464585593626
region:0.016900265090147134
know:0.00434463072414895
help:0.022606613239878136
all:0.01007818130964392
true:0.009096059127316362
your:0.004436381064018531
with:0.006177753980171274
ca:0.007241368296099723
into:0.006305647545712628
such:0.0067711873361542205
work:0.007130536845036281
via:0.012036025981041004
to:0.003882251155185439
5.0:0.017860618936814676
add:0.012099367663562389
100:0.011896169362081238
format:0.02831024300730996
that:0.003664485479941656
think:0.010139070616398276
really:0.006871111771799035
nt:0.00502872219522844
could:0.0053137646314297795
me:0.0038154531000160028
need:0.013529591489417157
lost:0.01233981100111919
exactly:0.011325291032647917
this:0.007394118850301676
reduced:0.01760180745092409
ide:0.0319006649540792
two:0.013132319948262756
unix:0.013952702169437791
on:0.003570484684783732
you:0.0019570386951011333
tell:0.008486003709938215
numbers:0.012421628172530627
m:0.019279080452339045
a:0.004917268048754912
how:0.009263119698796651
same:0.013676713736116989
want:0.01999223205329769
as:0.00845191014313752
adding:0.033275398521861115
compatible:0.015864656066266605
drive:0.13920159325099943
scsi:0.089365611890133
also:0.005223581449575938
computer:0.009439094736497589
setup:0.015541390047769691
bios:0.01699232593558489
are:0.009055089881707402
no:0.007927786874524717
manual:0.013836610552404096
d:0.006414944444989561
it:0.0036217122859856193
have:0.012601247507160457
boards:0.016472938128864502
drives:0.02850030036447649
buy:0.010587468750859036
kind:0.00970255879212345
ideally:0.020884075341876362
second:0.009682027382578404
formatted:0.04149194847844793
floppies:0.019801382737130023
be:0.00814734164982354
which:0.004548916663794077
msdos:0.020548476117213246
recognize:0.0157645224911943
if:0.0047193691532634455
of:0.0034232497458756804
seen:0.009128397502191384
what:0.006481986640821347
but:0.0023425465572197543
supply:0.014218188146494873
seems:0.008297489751341824
well:0.0059255912329343125
please:0.006744420270793151
they:0.0032849282553089566
net:0.01167303691865663
seagate:0.04048419605844318
good:0.011408520079996473
one:0.0034623623513226143
in:0.0012512655062992288
us.oracle.com:0.022242041823608703
or:0.0023743361186728358
use:0.005854857492068127
and:0.006721785466387146
for:0.0011455945877185704
subject:9.40033693380926e-05
create:0.013390301729731052
i:0.014115749479413004
appreciated:0.011918176475972687
power:0.01902714986035593
possible:0.009073843742833036
mention:0.01329110850097508
any:0.00720624835414653
quantum:0.036476488087387085
connect:0.01618336736042446
the:0.0053081197886553026
clone:0.01885374659432709
do:0.012646442234269308
would:0.0032839776271280847
eric:0.014042353803938753
here:0.006339439808533085
adaptec:0.021497995719146706
about:0.003468366832119266
e:0.01095383695793601
worry:0.015480151517094096
is:0.008514273387380193
mg:0.04060255604658672
105:0.021177672556450488
right:0.00683054082320528
motherboard:0.015898676879336097
type:0.022820510636138706
does:0.00858090714322201
adapter:0.03520361490184818
documentation:0.0157645224911943
understand:0.010549849517379062
process:0.012734379342371717
200:0.014634243120356384
built:0.013001752232657583
