at:0.009575706657113381
help:0.02326187739175866
true:0.028079139045193983
your:0.013694915458491984
with:0.006356819312929862
from:0.009201872330762778
post:0.02807149787425196
my:0.020656831768050027
to:0.007490212826580602
remember:0.030245913440448174
that:0.003770702450374748
considering:0.04353662994951188
like:0.012659120255529056
really:0.02121082329555354
nt:0.007761723388287375
toronto:0.04366413364283241
me:0.01177813783048418
so:0.011106636928096957
this:0.01711899255558975
you:0.006041293363138281
am:0.01776452561631919
assume:0.03773357125314322
why:0.019344810653847896
a:0.004553817801673027
idea:0.03013452494848648
adding:0.05135985424026389
drive:0.06138703801752149
ontario:0.10324674351552762
internet:0.031049281990376154
meg:0.05060559344217694
not:0.006553369658434401
systems:0.03261322956828924
equipped:0.06096732497743232
second:0.059775995144614485
maxtor:0.1268645047236644
be:0.006287622360189905
if:0.007284243693080536
of:0.0021134846257145506
reading:0.035720891808293374
hd:0.14538930455647645
please:0.020819732140274508
floppy:0.04788066406084606
system:0.024295894883070924
or:0.007329472366337884
install:0.04802337375043076
and:0.00207498594831951
subject:0.00029018431404367716
however:0.026055422871705577
i:0.00829994379327804
group:0.02931647755224614
386:0.051294961120845375
will:0.012318536357644395
the:0.0016385934999762022
do:0.015615606932749927
original:0.03354530449210304
canada:0.08088277376101406
problem:0.02299527491353896
is:0.005840709280231824
2:0.021178364696689225
entered:0.054508550708899255
1:0.021288303173094658
e-mail:0.029887997572307243
remote:0.048973503508909944
full:0.033583287868731014
somewhere:0.04216870716198464
needed:0.03625894228408719
mike:0.10419821833557728
everything:0.033583287868731014
