xt:0.08490809267732269
since:0.016604328824926816
manager:0.016294183983043973
go:0.008072332994996378
there:0.0038082115584114
know:0.005119813799412041
knows:0.014497765191457406
small:0.012401435270813325
saw:0.01409701486778197
enter:0.019656244517097313
with:0.004853339226469272
from:0.007025495887387349
my:0.007885595529712044
to:0.002287467485627935
software:0.01168375887336621
might:0.008826079401985253
ultb.isc.rit.edu:0.04813318783972185
format:0.03336144819118684
that:0.005757753119244429
like:0.009665054468951644
nt:0.0029629815424167573
need:0.007971792495839155
re:0.001551620343477886
michael:0.012467614944704105
this:0.002178350366686386
ide:0.05638872726322713
these:0.006874008187132542
compuserve.com:0.022983549001314784
on:0.014726397413589333
set:0.010993421510895938
you:0.009224879492260944
tell:0.010000103956939638
concerns:0.020841571937410774
them:0.006082403201378593
support:0.022729927879946106
card:0.038102593525073544
a:0.004635698343058573
how:0.02728968873919345
hard:0.03366265646359555
controller:0.0699068650738534
low:0.02818086755169975
part:0.010162747354411939
drive:0.05858514001672175
question:0.009058033540859354
also:0.0061555897580065
computer:0.02224649713830137
bios:0.06007245517476484
are:0.005335364162665772
no:0.0046711441335373855
it:0.011381093103401558
drives:0.01679270809857121
plug:0.01968146877467566
disks:0.017882617899558143
formatted:0.024447538107633216
has:0.004418151343927598
usually:0.013683613038118728
be:0.004800508357987314
which:0.0053605490975830615
common:0.013967336264030497
writes:0.0027438273486205906
jump:0.020582151369023492
of:0.002420422226959402
interface:0.017521574841509888
menu:0.021376566474240206
but:0.011042045182579424
hd:0.03700087418864684
using:0.009146973355373116
must:0.01923203674256844
up:0.00557452435830865
in:0.0036863008691803
extension:0.021012352321201258
jumpers:0.023717701317327557
or:0.0055959457070795466
use:0.0068995001151342245
and:0.002376332455336866
irrelevant:0.020367744686266977
for:0.002699990563585676
subject:0.00011077575473866513
table:0.01879624242107571
mechanism:0.019942521992146904
i:0.006336886547564977
386:0.01958147893409865
failing:0.022765110273159507
any:0.004246005254310404
program:0.02304260109862303
the:0.0043786481908077764
do:0.008941716832860954
see:0.007341849632411519
level:0.029216059440612025
can:0.00717482151400592
did:0.006821207649140935
once:0.011132909522509985
needs:0.013897703579540859
put:0.02064281576387369
may:0.007722097624231664
come:0.02989037769049056
an:0.014902873669074468
thought:0.011139362677144035
address:0.013248221385616642
about:0.008174408135451216
is:0.0033444725339086792
either:0.010388227000470365
done:0.010990305192617006
itself:0.013954588550184149
formatting:0.025641239653076294
assuming:0.016465434322278018
disk:0.029053767500413955
type:0.013446110001376334
geometry:0.04691656149788056
mfm:0.025333737693932216
hook:0.021338672351571022
rom:0.020909042978372518
article:0.0033623770967493817
already:0.012057204652686105
dumb:0.021338672351571022
mike:0.013258971074513293
father:0.017965442557493987
sometimes:0.02908304003583278
doubt:0.014440134020666255
panix.com:0.04298474114862213
s:0.012872122009460961
