school:0.022447681949358672
at:0.005438055632434759
bbs:0.04996348952784767
know:0.0076165131213475415
help:0.02642089777829379
all:0.011778615193164088
send:0.0181070809930631
means:0.01749750136073304
access:0.020693684370484723
with:0.010830136607213839
post:0.015941838298957903
my:0.011731040263337052
to:0.004253701111391453
stop:0.020518229102349614
otherwise:0.021934474269210098
boot:0.030300163391298405
appreciate:0.023698847749472184
mail:0.03783105561525748
that:0.0021413865767560296
problems:0.016932550838838104
cold:0.02727253324098537
quite:0.016396292482156797
terminal:0.029470346915437047
like:0.007189130021658476
nt:0.004407892294582954
could:0.00931548861312381
mainly:0.029707793093386406
its:0.012764349111322038
happens:0.023062206881350484
me:0.013377638029685735
so:0.006307472823363704
this:0.0064812646712520865
big:0.017134447863379983
recently:0.020427849164121537
set:0.01635441101312297
you:0.0034308579593130975
performance:0.023401303911090222
came:0.01863411563257992
m:0.016898947063161383
sure:0.013469407531846934
a:0.0051722375031347965
load:0.05550608483708104
was:0.00546580946976164
crash:0.06304817227316713
running:0.01868802723732532
velocity:0.03661158887094374
drive:0.03486177467661714
solved:0.03355790836578259
ie:0.02582480362198402
fidonet:0.03394626531276141
ontario:0.029316976553791792
hey:0.023790981392784995
it:0.010581957708023825
feed:0.030761037025675068
have:0.003155867982392919
only:0.008231705174501768
university:0.014508272232090454
free:0.03564824437191031
anybody:0.01876293299328824
be:0.007141497001697176
if:0.012410192958581652
cheers:0.0268775473849651
but:0.012320059671303892
ok:0.020147217225376123
seems:0.014546216601117766
they:0.005758763114245331
up:0.016585930498177588
pleased:0.034897812719102514
email:0.01693764604301198
in:0.001096788283299324
thoughts:0.026506322948307487
use:0.010264071158934247
and:0.003535161245285091
usenet:0.025211102645949085
subject:0.0001647960301976438
i:0.01178387081761697
group:0.016648863795102747
cd-rom:0.06360188296656653
unfortunately:0.02272773506682689
program:0.05141913763674213
background:0.02732716049578156
the:0.003256957450569982
when:0.016144128923996737
canada:0.022966713537078066
hello:0.023884511053405996
start:0.034784717134352
would:0.01727128974267363
can:0.010673654227626091
home:0.018082487974452766
because:0.010893347524040208
is:0.0033169460109958504
acquired:0.03613652071578246
else:0.015596001390975658
disk:0.021610981381480748
somebody:0.023430421132560216
does:0.007521535890972378
lot:0.015299712273243152
v.32bis:0.03661158887094374
too:0.012052579431262323
little:0.014477399394434962
grateful:0.03326390806337978
by:0.006113799227266457
s:0.0038298535855309773
