phoenix:0.06568083077551896
pc:0.03703157846664315
out:0.013090856656449554
there:0.010197544284190528
know:0.013709723618425576
help:0.02377880800046441
where:0.04105459551630582
my:0.021115872474006696
discovered:0.05038703005688698
to:0.0030626648002018463
look:0.026346314714176783
that:0.0038544958381608535
like:0.012940434038985258
me:0.012039874226717163
re:0.004154894475313006
michael:0.03338550224081877
so:0.011353451082054667
this:0.0058331382041268785
these:0.01840706636776603
compuserve.com:0.06154483677018737
on:0.005633431391547666
market:0.04345394683414469
m:0.015209052356845247
magazine:0.04691888374226536
a:0.009310027505642634
hard:0.030047037806394547
copy:0.03796235494514825
bios:0.2144809140313826
are:0.007143459795569173
purchase:0.048471794213100466
have:0.005680562368307254
buy:0.03340934583604407
netcom.com:0.07153411499380309
anybody:0.03377327938791883
47:0.05912568694968881
writes:0.0073473599001951375
things:0.024830288090447218
of:0.006481352852191288
up:0.014927337448359829
pick:0.04466727230042238
one:0.010925676753062472
in:0.009871094549693914
or:0.007492349530034282
quest:0.06612533449344896
and:0.006363290241513164
subject:0.00029663285435575884
i:0.00848438698868422
back:0.023403963556305973
the:0.002512510033296843
upgrade:0.049139615591652745
got:0.02457948690700638
would:0.01036277384560418
can:0.028818866414590444
upgrades:0.06484185796987291
new:0.0191555507209283
disk:0.03889976648666535
type:0.03600569455924107
byte:0.06000499051145241
article:0.009003698670184456
ads:0.06139569209983025
mike:0.03550457809953004
panix.com:0.11510358463131036
