some:0.010241551536257491
statistics:0.04144830342196735
pc:0.029235456684191957
out:0.01033488683403912
know:0.010823466014546507
send:0.02573111509540546
anyway:0.026741349312671348
fax:0.026830204735819204
own:0.019881496803052588
from:0.014852144814564483
my:0.008335212818686853
ground:0.03400836546839772
to:0.006044733158293117
remember:0.024408982776502035
make:0.015439302485523715
bit:0.023904247351365784
docs:0.14437872567977478
nt:0.00626384694493367
me:0.00950516386319776
need:0.03370529809644274
ps:0.03952247651596241
this:0.009210218217042439
bus:0.03550037413820755
on:0.008894891670864736
you:0.004875429731655455
disclaimer:0.03293031164100164
computers:0.038050604092883064
more:0.01115279847211163
a:0.0012250036191635044
how:0.023076543811037267
controller:0.0738927828192924
low:0.02978767140333175
want:0.016601736558878786
services:0.035058435328625515
scsi:0.11131506042455164
manufacturers:0.04427464786775694
ie:0.036698405147029926
computer:0.023514937764608026
bios:0.0423317593482992
are:0.016918720568453303
os/2:0.04150098784354815
it:0.006015007539297753
have:0.0089693090025904
only:0.011697686300607777
university:0.020617018435075907
facts:0.035527077141551656
attack:0.03463769796715949
heard:0.02370743297736732
get:0.01152959627448353
of:0.005116857514887859
but:0.005835817739038686
find:0.018565322260292897
who:0.022685138144453477
commands:0.04244872014539977
direction:0.038755705131926575
net:0.0290801972359516
in:0.0015585938762674603
point:0.019311718958421584
or:0.0059150127868691695
for:0.002853937393965561
subject:0.0002341838323861254
i:0.006698200254224383
info:0.025836802275371905
dma:0.05202699471134111
actually:0.021441351992114777
will:0.019882549910583934
program:0.024356433617404166
the:0.005289494806940722
do:0.006301034376372777
level:0.061763774782346466
can:0.007583912214365906
64:0.0444208500825395
isa:0.0423317593482992
did:0.014420272310903204
7:0.027995864288871103
human:0.028121424309092768
here:0.015792990400205226
hold:0.030436672043368595
somebody:0.03329586160942768
16:0.0305876556300451
first:0.01646977920518457
