believe:0.030175998337921395
at:0.012235625172978208
out:0.016363570820561942
help:0.029723510000580513
all:0.026501884184619198
programming:0.1218827579767592
thanks:0.027685925623835594
with:0.00812260245541038
c:0.03591802354762444
to:0.00957082750063077
interrupt:0.08156678456901265
might:0.02954284910942286
that:0.009636239595402133
me:0.015049842783396453
need:0.026683360993017168
anyone:0.023234927078352653
this:0.007291422755158597
ti:0.052620292447939754
routines:0.0726108317455524
something:0.02764807384949337
on:0.007041789239434582
brown:0.06450838015632232
m:0.038022630892113114
a:0.0019395890636755486
how:0.01826893051707117
as:0.01111269666968081
bios:0.06702528563480706
it:0.014285642905832164
not:0.008373750119110623
have:0.014201405920768134
able:0.03663146147375929
without:0.031211256733367984
be:0.008034184126909323
if:0.009307644718936239
of:0.0027005636884130367
but:0.01848008950695584
using:0.030616952481179453
in:0.0024677736374234785
use:0.023094160107602055
subject:0.00037079106794469857
cause:0.043798626851973145
i:0.010605483735855273
any:0.0284246462858002
information:0.03387251784005229
program:0.038564353227556594
the:0.004187516722161405
do:0.00997663776259023
can:0.024015722012158704
makes:0.03879135947572186
having:0.036345713783616125
turbo:0.06899865387944279
figure:0.051284689362149354
