expensive:0.061364951426316504
out:0.017851168167885755
know:0.018695077661489423
help:0.03242564727336056
with:0.017722041720895376
2.1:0.07951485685434005
my:0.014397185777731839
to:0.006264541636776504
100:0.05118957725501624
that:0.010512261376802327
need:0.02910912108329146
this:0.007954279369263925
on:0.007681951897564999
machine:0.04928483870188404
os:0.07195985154112532
a:0.006347746026574523
controller:0.06381649425302525
want:0.028675726783517902
drive:0.04278490528493922
scsi:0.12818097867069583
486:0.07224131192859402
are:0.009741081539412508
plan:0.05917521511270616
it:0.005194779238484424
buy:0.04555819886733282
kind:0.0417504044994403
of:0.0029460694782687674
but:0.010080048821975914
windows:0.04162435123368942
they:0.014135145825874905
good:0.02454560380847726
in:0.002692116695371068
us.oracle.com:0.09570817996825563
use:0.07558088762487945
and:0.0028924046552332564
for:0.004929528225940515
subject:0.00040449934684876206
i:0.014462023276166283
appreciated:0.05128427453297338
any:0.015504352519527384
quantum:0.07847971679407524
later:0.04841533377208642
the:0.0011420500151349288
when:0.019813249133996
essentially:0.06819342652357913
can:0.01309948473390475
eric:0.0604246739442213
adaptec:0.09250652703390401
is:0.004070797377131272
choosing:0.0861245048357782
150:0.07141214678178727
comes:0.045820853594628966
range:0.060599333113479904
