since:0.013163300153971587
week:0.0226831500289841
at:0.005795822450358099
dan:0.026143444009126698
nanao:0.04195634539290333
all:0.0062767620437255995
way:0.01139718960227989
missing:0.02840557541703453
ca:0.013529924974291585
from:0.011139108610923362
my:0.006251409614015139
to:0.0018134199474879353
experiences:0.03108622756647551
perhaps:0.019003036431842403
that:0.002282267272595242
think:0.018944052993796777
nt:0.009395770417400506
could:0.009928349706092483
re:0.0024601348866984903
so:0.006722438140690263
ti:0.0249254016858662
extremely:0.029066778848944933
these:0.010898920875650938
slower:0.03215311411131429
used:0.02597978300443244
great:0.01658717558376761
none:0.023832304160666406
e.g:0.026705758027574314
sharp:0.03537626502543716
a:0.003675010857490513
other:0.009074394656788887
want:0.012451302419159089
as:0.01579172684638852
running:0.01991750271346514
houston:0.03309813188913562
also:0.009759849550523463
1280x1024:0.04175390027009574
across:0.0253892376436437
ie:0.027523803860272443
college:0.027102074345846397
are:0.004229680142113326
no:0.0074062219485691435
it:0.004511255654473315
not:0.003966513214315558
have:0.010090472627914201
only:0.008773264725455832
ve:0.01200745854623312
color:0.04861358035004455
able:0.01735174490862282
19:0.02695327113145315
after:0.012692195313585205
has:0.007005095222937835
div:0.0355292706975705
sun:0.02387165989538711
be:0.011416998496134301
which:0.008499291661299459
writes:0.0043504104672208044
get:0.008647197205862647
of:0.0025584287574439294
seen:0.0170556900698839
available:0.01777015676193572
but:0.008753726608558028
nec:0.10705775910640332
least:0.015839884096753173
lines:0.023244619238779712
well:0.011071499408903583
who:0.008506926804170055
now:0.021735715761555845
good:0.021315919096835514
one:0.0064691507090501475
in:0.001168945407200595
compare:0.028353361274957318
or:0.008872519180303753
and:0.005023650190668287
subject:0.00017563787428959404
i:0.007535475286002431
appreciated:0.022268171836685807
medicine:0.029154304938592057
horizontal:0.035607128971563935
monitors:0.09113198148962824
silly:0.030740897417650532
any:0.006732153067689521
the:0.0049589013815069275
wrong:0.017390934584406978
would:0.006135852934897211
can:0.00568793416077443
contrast:0.03626557277785988
may:0.012243588996314676
thought:0.01766175266573495
people:0.00990311276363893
about:0.006480369607380733
17:0.025870419463687535
gif:0.03081608620596384
is:0.010605498429894627
done:0.017425418101451963
right:0.01276232627493618
1:0.012885025604767819
handle:0.02672603214953094
image:0.024349098664037346
article:0.005331137370503954
very:0.011468700603838469
difference:0.021099696360752544
opinions:0.01878690891789501
tx:0.03116549295145034
s:0.004081817637210647
