at:0.036706875518934624
my:0.039592260888762554
discovered:0.18895136271332616
that:0.0144543593931032
problems:0.11429471816215721
re:0.015580854282423772
had:0.0639336869034223
on:0.021125367718303745
modem:0.1776404406889504
works:0.12396358306461416
it:0.014285642905832164
ve:0.07604723745947642
baud:0.22601082478018478
if:0.02792293415680872
using:0.09185085744353835
subject:0.0011123732038340957
i:0.023862338405674366
similar:0.13186492866111255
disabled:0.2424061963244118
compression:0.20276527750418574
data:0.12226440096690884
9600:0.24470035370703794
