school:0.1154452214538446
help:0.033969725714949155
switch:0.06749386384143136
someone:0.03497552562957174
scientific:0.1340539535493296
docs:0.08708558056875304
hot:0.13281327577020355
could:0.023954113576604083
me:0.017199820323881662
shot:0.12624229668532494
recently:0.05252875499345538
on:0.01609551826156476
tell:0.03825436593051512
card:0.09717169354013465
m:0.06518165295790819
internet:0.09068361724173353
not:0.009570000136126426
dip:0.19025246986701505
university:0.07461397147932233
settings:0.07985581027220023
robert:0.15216247756941445
switches:0.08517085060385438
be:0.009181924716467798
get:0.020863078972874958
of:0.009259075503130411
286:0.17541626314237213
what:0.014610192111057638
please:0.03040341836357547
speed:0.1066179418058978
and:0.003030138210244364
subject:0.0004237612205082269
i:0.003030138210244364
appreciated:0.05372638284406735
back:0.03343423365186567
any:0.03248531004091452
information:0.038711448960059756
will:0.01798897372862356
the:0.0047857333967558915
do:0.011401871728674549
did:0.026093826086396273
an:0.014252351405741851
acquired:0.09292248184058347
