mode:0.03664483489452852
some:0.005586300837958632
read:0.0108469046023824
frequency:0.047836491062798484
out:0.0056372110003849755
there:0.004391287012330849
help:0.010239678086324387
all:0.004564917849982255
displayed:0.0254090952601329
dos:0.033775620633913275
anyway:0.014586190534184373
case:0.011825890465582562
take:0.010171048470505758
thanks:0.009537735143139535
where:0.017679012423289585
your:0.0060283838381878585
with:0.0055964342276511704
much:0.008359793634258044
ca:0.009839945435848426
from:0.008101169898853355
contents:0.02384348324478163
often:0.014867561666405292
my:0.009092959438567477
to:0.00395655261270095
most:0.00888323188500975
clock:0.02052698955789194
value:0.017865324496443385
trust:0.01985343666850877
width:0.0270499792368163
that:0.0016598307437056307
think:0.006888746543198828
bit:0.03911604112041674
really:0.009336821737755626
nt:0.006833287576291277
me:0.005184634834471505
cant:0.026907142092559455
so:0.019556183682008038
this:0.005023755391114057
unix:0.037919305417419454
on:0.0024258795465994733
registers:0.05889206649193394
set:0.03802987441329073
tell:0.011531220352260538
am:0.015639582360778618
great:0.012063400424558262
apparently:0.018127564862448146
card:0.04393648344278816
sure:0.010440402010331118
a:0.0040091027536260145
how:0.006293602857555618
as:0.003828297417306308
running:0.01448545651888374
modes:0.04753974238583618
also:0.0070980724003807
video:0.01672589087495226
bios:0.023090050553617746
works:0.014235052600721243
dot:0.02758642563930772
it:0.0049213698048799805
not:0.002884736883138588
ftp:0.018150081087507538
have:0.0048923503650493095
only:0.006380556163967878
register:0.02478306846128692
site:0.018686910035591416
extended:0.02287323143298596
call:0.01271270860286463
nonsense:0.025158530736126606
be:0.005535514422368147
which:0.006181303026399606
if:0.006412922677161811
of:0.002791013189938832
trying:0.012901091976403808
monitor:0.01792954947410913
what:0.004404029200940819
but:0.00636634662440584
seems:0.011275057843928602
well:0.008051999570111698
please:0.00916466677945098
up:0.0064280400495329406
clear:0.015778711685103412
one:0.004704836879309198
email:0.013128701717549955
in:0.0034005684573108225
distributed:0.02315384735203624
total:0.03503364110817609
use:0.007955882907882048
and:0.0027401728312736115
for:0.00311338624796243
subject:0.00012773663584697749
i:0.0063937366063050935
horizontal:0.05179218759500209
1mb:0.028378360751640606
body:0.016984120208969146
any:0.0048961113219560155
will:0.005422513611977437
program:0.013285327427675001
the:0.005770357971208061
would:0.008924876996214125
can:0.004136679389654131
int:0.025896093797501046
linux:0.02551311433494824
an:0.004296163342400654
problem:0.010122321971509972
just:0.011238168071443884
nicely:0.025839469598233092
about:0.004712996078095079
language:0.019511527749933918
is:0.01028411968959479
ver:0.028990003677525224
does:0.005830090020753709
appropriate:0.03869863873742111
labs:0.05002851565243802
1:0.009370927712558414
under:0.04645595075800266
index:0.02460583749630917
significant:0.019918314801454378
very:0.03336349266571191
documentation:0.02142164778707742
answer:0.014527612641764864
high:0.01338432452460058
x-windows:0.0277514312664425
news:0.014683619694561811
