pc:0.013278255227083199
at:0.021058924600504327
out:0.004693932665659203
there:0.0036564899823790732
all:0.011403201163103081
means:0.011293208049556783
with:0.0046599790979246795
way:0.00690188374321332
active:0.017800087628832142
though:0.009902566540281592
into:0.0071346769043122964
service:0.014512315651308139
from:0.003372797826415042
work:0.008068017784821926
wrote:0.010261254879254427
post:0.010289154599327412
several:0.011228889928555365
212:0.023178281720262484
single:0.03886167335273755
to:0.0032944999842808706
w:0.01232805121525639
then:0.006358089042931486
make:0.007012272842030692
that:0.0027641802823464286
sources:0.015335215040695075
memory:0.013472638351264204
through:0.018880185609759577
talking:0.012986817451642502
bytes:0.02045247092115019
re:0.00297960559982606
so:0.008141917110636812
this:0.002091563499487725
bus:0.11286573132386306
ide:0.036094776282703155
amount:0.01481441040488776
apr:0.014849435366685254
these:0.006600143319119293
on:0.006059866437122987
you:0.013286031619331996
performance:0.015103630412735521
disclaimer:0.014956396522207914
card:0.01219485397017626
vs:0.013611999781128854
imho:0.017249687873928488
a:0.0022255045830221433
how:0.010480980057602583
richard:0.014884770975214257
other:0.005495250947537493
same:0.007737423707285309
controller:0.016780432751791502
want:0.007540230947060484
noted:0.01778168545410587
as:0.003187705817597683
mon:0.021515733649524766
standard:0.012127667491881421
scsi:0.06740991706984802
are:0.005122799853396219
no:0.0044850427736354975
those:0.007394086272061992
internet:0.011380613319181698
requires:0.015992648545461455
it:0.0013659578874102467
have:0.006110565097382305
only:0.00531289337955891
ve:0.0072714490001093
priority:0.023550895497198035
earlier:0.01572090252941949
19:0.016322299649326213
after:0.007686110309422117
channel:0.01930632720620286
device:0.015992648545461455
without:0.008953029819930259
which:0.005146981404452262
writes:0.0026345115179982562
if:0.00800976597326784
of:0.0038733184375645147
even:0.006689878277952293
interface:0.033647008261385516
wayne:0.018616001623437774
explain:0.014322938358615952
least:0.009592280409189172
gmt:0.01688166667818739
together:0.014179148372311675
transfers:0.023876305979326592
one:0.015670293351005934
in:0.0014157745170875736
cpu:0.053455725590359
or:0.0026864998314863955
and:0.001521105237015099
for:0.0051848424368458
subject:0.00010636237805584979
however:0.0095501948374379
mechanism:0.019147999203615155
i:0.0007605526185075495
we:0.005369497632326573
dma:0.212668113839984
possible:0.010266819214998335
any:0.008153683396723564
allow:0.013969221798305148
will:0.004515160736666472
alternative:0.017347261658822097
than:0.005699606702069566
the:0.006306300083573749
do:0.008585473134340597
when:0.005209858338022852
ibm:0.01569907198852457
devices:0.050733208488318624
got:0.008813361839165633
would:0.003715735641850104
can:0.01033345807694478
isa:0.03845275351160246
increasing:0.0203114273870828
increase:0.016751975032618674
7:0.02543050620662395
an:0.0035772834205646882
lower:0.01582064786073951
ready:0.01679473820251154
note:0.01179955816286254
i/o:0.020561630180863797
here:0.014345823949190406
requests:0.020908289053332443
is:0.005352044360371791
move:0.04227281014629104
cards:0.015677360415745425
either:0.009974353414794256
time:0.01887860521797267
presumably:0.019643209230219047
bandwidth:0.04257602177044437
their:0.006030612026221968
created:0.015131852942171398
1993:0.0120703418446619
1:0.007802884031572544
byte:0.021515733649524766
smith:0.01568820141221698
article:0.0032284178498669363
by:0.007891916134001323
data:0.04676248005108864
defined:0.017413664258364773
four:0.027952558972294612
