above:0.023073356187530043
pc:0.056488848508438695
cat:0.04291505855431783
at:0.014931610380583576
bbs:0.034296971625047974
mess:0.04327883011971642
thanks:0.016893107160306467
with:0.004956164210080909
my:0.008052663231612724
been:0.012434240569673214
that:0.005879739414143674
talking:0.0552490030569876
could:0.012789060638356418
need:0.016281372809298613
re:0.0031689873116794113
had:0.013003461743068942
this:0.013347011145036078
ide:0.076777871584394
8-bit:0.04729169936847218
these:0.014039287907618157
on:0.008593369919309998
speeds:0.04216581315309703
clarification:0.05043457715602039
e.g:0.03440063745924827
vs:0.057908677034971906
board:0.03043386880809444
a:0.008284346509258276
same:0.01645841822481875
uunet:0.03200840942726513
controller:0.1784698568093079
as:0.00678062847641541
following:0.023197578585082725
mac:0.029078662159416405
scsi:0.07169444569716886
also:0.0125720095905048
scsi-2:0.3168906350784818
chip:0.10957302907807709
are:0.010896803077986874
burst:0.04803994180191013
thread:0.03527904909749123
301:0.046940977197600535
not:0.01021881370467737
have:0.008665264629621234
scsi-1:0.2338529296052404
device:0.034018260889074795
thinking:0.029521411303802165
writes:0.0056039185679454435
hd:0.03778479101467749
using:0.018681530327499328
david:0.06346894676299561
called:0.022730970303870626
in:0.0015057601855465294
or:0.005714503878839706
better:0.01895098196018138
and:0.003235571309243982
for:0.008271581260476458
seriously:0.032855539520316446
subject:0.00022624539738998556
i:0.001617785654621991
we:0.022843117045999492
the:0.003193868686394292
upgrade:0.03747936782414192
quote:0.03419455858085245
come:0.020349098936181427
excuse:0.037516949155225535
about:0.016695189496980872
china:0.05060931687807747
is:0.004553773337129897
time:0.01338567771104842
byte:0.04576651818670099
dave:0.029714192130293155
while:0.018392733100665443
