expensive:0.03715675957923752
there:0.01683998138673665
help:0.019633878165521073
all:0.00875291587748891
chris:0.03519951599008533
with:0.005365388777885755
much:0.016029329078531482
from:0.00776671793055207
wrote:0.023629128208191387
dealer:0.040573994525217864
often:0.028507526497969782
both:0.020602789745947137
212:0.05337384139253105
added:0.038381818227168914
to:0.0012644028991659
line:0.025906456411064118
noisy:0.05337384139253105
w:0.028388448211278478
then:0.014641104126383517
software:0.02583289805946107
that:0.006365222485036272
id:0.043025768880947286
nt:0.013102358747200707
re:0.003430646814478629
error:0.10363646309647703
93:0.03358729812664589
apr:0.03419457134897247
slower:0.04483737013687865
on:0.013954371336861192
you:0.005099073297327724
disclaimer:0.034440876395176026
market:0.035879405642871766
support:0.025128039537004643
modem:0.0391134915278423
more:0.011664394732300238
a:0.0038435893371919134
other:0.01265420172322854
price:0.02871691928297214
worth:0.03224920751185173
compatible:0.04133543415430932
21:0.03721287175370941
are:0.03538961733584728
internet:0.026206733423069783
reasonable:0.03429639605601879
it:0.006290925316329761
only:0.024468554830629114
baud:0.04976385132774711
details:0.03499836589257188
modems:0.34104134280343523
if:0.006148168988655132
of:0.005351575749515743
available:0.02478040209003881
what:0.008444422963271846
but:0.01220703160092496
version:0.0286281707125283
gmt:0.03887429666261501
lines:0.032414514901784555
they:0.008558895637685722
and:0.005254092859964999
subject:0.0002449262100185165
any:0.009387956571456949
noise:0.04202211205152429
will:0.020794593484463934
connect:0.04216583789321603
than:0.013124782405683131
the:0.00414909913755442
ends:0.043404702882243025
about:0.009036845691026345
15:0.030658814054868293
is:0.007394659455706346
eliminate:0.04943810189236262
does:0.01117879646181216
very:0.01599305038333438
9600:0.053878976963017536
