some:0.00480467849849117
cat:0.02083941114983335
at:0.003625370421623173
out:0.0096969308566293
bbs:0.01665449650928256
search:0.017560293413064677
all:0.00392620506438803
anyway:0.012545324368907549
media:0.0162611365872233
with:0.004813394047650596
creating:0.020141318980011792
4:0.010223331292916376
several:0.01159856531714978
my:0.011731040263337052
store:0.01836709073654557
to:0.004537281185484217
dod:0.014392856138652006
line:0.011620591558872382
pointing:0.021052315159706556
that:0.0014275910511706866
ran:0.03736457197088031
problems:0.022576734451784142
memory:0.1391618200068854
like:0.004792753347772318
nt:0.008815784589165907
could:0.006210325742082541
finding:0.018348170122353683
me:0.008918425353123826
re:0.0015388498056714839
had:0.006314438212683684
error:0.0774785629459259
this:0.004320843114168058
getting:0.011161323342488422
patterns:0.04803100590360957
simm:0.02302306650399866
these:0.0068174319880614925
on:0.00834582428377432
detect:0.0210888951902302
used:0.008125364231838954
parity:0.05025045912952811
8:0.024300339772624416
came:0.01242274375505328
a:0.0028734652795193313
how:0.005413016449502569
uunet:0.015543178240400352
test:0.029431274518351203
was:0.0036438729798410935
commercial:0.01714545926029939
as:0.006585301730181222
failed:0.01743744171286023
idea:0.02281791189515026
ram:0.016007642256103904
drive:0.011620591558872382
fine:0.013329862460578438
chip:0.03990622663954659
are:0.002645725850210805
no:0.004632698502808683
meg:0.03831863865580476
301:0.022794383988958285
place:0.011191060153565538
it:0.007054638472015884
not:0.004962222292806295
deleted:0.028916703678998658
have:0.004207823976523892
typing:0.02332803758282056
interesting:0.013448660748647789
buy:0.012373831791127433
magnetic:0.025028396242088358
shareware:0.061238252838699526
always:0.010933975711928839
has:0.004381787958380868
feel:0.012536118042165341
manage:0.020736952089661632
without:0.009247779772849775
which:0.005316429351923942
common:0.013852378763915022
found:0.02201251444655965
writes:0.0027212444074796805
applications:0.01605062151191083
of:0.003200668075156192
totally:0.016952737862422438
what:0.003787827584348277
but:0.002737791038067532
never:0.0181394175379577
using:0.009071689624053173
well:0.006925382346310061
windows:0.022610758694843636
find:0.026128972070041855
up:0.00552864349939253
now:0.006798001637359031
david:0.030820311596845604
errors:0.017670881965538326
in:0.0036559609443310797
sensitive:0.02198885074975625
system:0.01839689159870391
or:0.0083248328111492
total:0.015065907390141572
p.s:0.018661862984032215
message:0.013363456331521488
and:0.002356774163523394
few:0.009405874489326282
for:0.004016652628544123
subject:0.00010986402013176255
steps:0.042630957270855696
editor:0.019001455674106302
i:0.007855913878411313
back:0.008668134650483694
developed:0.01743744171286023
ago:0.011774344548825698
than:0.005887248074977207
filter:0.021514320517200716
the:0.0024814913909104626
do:0.0029560408185452538
around:0.009741540877175455
major:0.01348324268608145
did:0.01353013204479807
moral:0.01651915549346019
bought:0.015074418719623296
an:0.011085162204465884
address:0.013139182526475765
different:0.010400069539140938
china:0.024575717660959433
is:0.0011056486703319504
chips:0.1025368135357277
either:0.020605454379533813
critical:0.020112235987324166
today:0.011683647184355363
having:0.010769100380330706
man:0.011926128966235388
2:0.008018146304919378
dave:0.014429113873969517
although:0.013003043031912586
bad:0.056390968040049054
data:0.012075496391793467
manner:0.01876500688799607
check:0.01361856610941436
s:0.0025532357236873185
