mode:0.0371784975386236
stored:0.04765656766398389
there:0.008910475588127645
posting:0.03203095686365282
all:0.009262794472294089
case:0.023996224342784034
ncsu.edu:0.057391017182492295
your:0.024464703343325483
way:0.016819153587830517
eos.ncsu.edu:0.05648299720180469
4:0.024119121399792998
into:0.01738644566002317
response:0.034093189831333415
except:0.03130447979615353
my:0.00922538117796409
software:0.027337727072633558
beach:0.05155826125599783
next:0.026003689550962866
that:0.0033680060721793864
me:0.010520278450529559
re:0.0036304903182346653
so:0.009920491236746796
on:0.009844831558044463
you:0.0053961066932885614
73:0.053020133668418935
answers:0.0406855458471105
amateur:0.046110196133148255
a:0.0027116584967891164
other:0.013391339687688453
fl:0.0579796057438169
jeffrey:0.05339121340453736
copy:0.06634197951579304
are:0.0062418580737983054
internet:0.027733339253539862
ft:0.05488782194654958
couple:0.03064069703548076
have:0.004963598185899542
only:0.025893907539209445
copies:0.043837128482829626
disks:0.04184185353197585
network:0.03566494825271433
be:0.005616128710072537
modems:0.05155826125599783
writes:0.0064200232137627405
if:0.006506314754984556
of:0.009438863376977604
host:0.04647431647740509
ryan:0.043154734961196886
what:0.00893633109705467
groups:0.03572607377171254
must:0.04499923160154363
one:0.01909341568496354
in:0.005175136948383218
and:0.005560156521710532
for:0.006317453648778135
subject:0.0002591937562331873
i:0.0018533855072368438
graham:0.04731346701888381
information:0.023677876548386066
the:0.0014635980776486464
see:0.01717850253797258
radio:0.03482864427929773
instead:0.02978382826781205
jim:0.13150799017277162
btw:0.03642515068391587
people:0.014614302330806964
about:0.009563263886620111
is:0.005216944211469202
multiple:0.04168955648180401
time:0.015335048251492364
uart:0.06222439998093093
questions:0.02936093531306322
1:0.019014795067230177
transmitted:0.05254644275415261
e-mail:0.026696075501478313
article:0.015734619035273803
de:0.03923283521499
by:0.009615878396283166
include:0.03263614828392817
s:0.006023653212194352
news:0.029794917632654547
