eisa:0.1508221763643167
configuration:0.12819551282964417
help:0.057840343784913435
name:0.03732746629500339
my:0.012840733261220288
to:0.005587293892260125
problems:0.03706855724178072
me:0.029286180551474184
so:0.013808251316012434
file:0.041060620033221744
you:0.007510797154171917
board:0.04852968269398844
a:0.0037743354752605273
controller:0.056917413793238746
as:0.010812353516446195
old:0.03578260922084222
driver:0.04972683241197827
compatible:0.06088597733540156
manual:0.053102667525442744
not:0.00814743254832385
university:0.03176135272430613
utility:0.06409775641482209
get:0.01776181047690706
of:0.00525515096123618
but:0.008990313814194734
version:0.08433704345042121
please:0.025883991309530473
newer:0.06643036104545715
one:0.013287985240211115
in:0.00240107705262825
install:0.059704734932967976
and:0.005159424520145809
subject:0.000360769687729977
i:0.005159424520145809
the:0.006111510891803133
do:0.009706998904141848
can:0.011683324222131263
because:0.02384759863370965
did:0.022215014100580615
named:0.06299076827336417
bought:0.049501131741465684
an:0.012133758629212659
just:0.015870115722511974
adaptec:0.24751746422585127
is:0.007261422348396322
3.0:0.062469521316793356
new:0.02329729141734523
motherboard:0.12203308739814736
told:0.04189486171255581
wanted:0.041150810669541925
ch:0.08250582140861709
switzerland:0.0763979143310082
e-mail:0.03715805103584144
written:0.04842593160075825
