configuration:0.03487672040218261
at:0.01295536783021222
out:0.008663066905003382
there:0.006748374893949614
11:0.028413342923675818
help:0.03147195176532054
all:0.007015204637105082
50:0.02537634771417964
where:0.013584241163483541
with:0.004300201299923142
further:0.026087017655010196
4:0.018266687530725582
led:0.061992342482799945
work:0.029780477411622115
except:0.023708539845616276
to:0.00405352694144362
look:0.03487012241582221
pin:0.07166598680801518
appreciate:0.02822950981922422
appears:0.028678684024958323
like:0.008563522525799068
really:0.014348498111697984
nt:0.0052505775861944005
anything:0.0170679496347015
anyone:0.01230084374736317
prefer:0.030195059595895888
this:0.01158049496407542
reset:0.04092966384930131
getting:0.019942658619299163
pins:0.11554257830587371
blow:0.03583299340400759
something:0.014637215567378844
two:0.01371168700480376
these:0.012181146861021636
on:0.011184018203807867
you:0.004086757275064131
working:0.023298080961077994
came:0.02219652009174961
m:0.010064814059677001
board:0.07921757027989289
a:0.005134206345023511
other:0.01014197049876405
looked:0.027389729444703564
jumper:0.041458880758309315
advance:0.02326103835791654
across:0.08512862033457005
no:0.008277542177812573
not:0.004433161827764448
ve:0.0134201007281429
date:0.026307346983700904
19:0.03012424420574176
manuals:0.035935833418527734
familiar:0.033872488527140324
get:0.00966451452419943
of:0.0014297101879833724
what:0.006767956639681111
but:0.009783576797800151
find:0.015562108365245516
up:0.009878385076120474
in:0.0013064683962830182
speaker:0.038738157529541545
and:0.0028073339300793373
few:0.016806084565487402
for:0.00717681315247222
subject:0.0001963011536177816
i:0.008422001790238012
20:0.023123767267688382
any:0.01504834215130599
information:0.017932509444733565
the:0.0038796110808260076
magnus.acs.ohio-state.edu:0.033833480790157286
thank:0.026694811079187607
would:0.013715435972123177
can:0.012714205771142843
bought:0.02693443932991515
10:0.021252733513942385
n:0.026919231586797068
is:0.003951068042509763
chips:0.03053485991321303
connectors:0.08429744909334885
having:0.019241848473679126
itself:0.024728351769076323
motherboard:0.0664003563784037
9:0.026182600409007547
does:0.01791895315202243
trouble:0.028050160899193637
1:0.014400910970034621
documentation:0.03292003226102339
by:0.007282613785420338
hints:0.038225805171909266
everything:0.022718106499435686
