taken:0.016725285785576954
some:0.005926583122504335
bbs:0.020543363714495742
say:0.028896623973617412
there:0.004658776576533743
know:0.006263325510955846
all:0.004842983911910107
valuable:0.02638938834202873
where:0.009377953290526708
your:0.012791190072906218
with:0.002968666887256585
setting:0.021836735316561454
4:0.0126105050973537
ohio:0.02574830344190542
times:0.01426637635275648
my:0.009646845292693414
to:0.002798373929118438
been:0.02234376224195085
that:0.021131246219358996
problems:0.013924229623816106
think:0.014616731243944723
cleveland.freenet.edu:0.02173816635281982
nt:0.007249528443882624
12:0.03607497290976686
re:0.0018981751410059417
consumer:0.027785038325147265
so:0.005186855824288934
had:0.015577751123676499
on:0.00772094657724807
you:0.011285258668197398
tell:0.012233629713819557
went:0.016560717082416666
sam:0.050055284434365285
them:0.014881819000327317
modem:0.06492442502337274
3:0.011885613932170656
why:0.009034124772355361
more:0.006453903684369166
a:0.001417770686138472
same:0.0098583418808559
ms:0.021218984377589272
was:0.0134841797071277
said:0.02224877998643078
dos6:0.030530248761583438
copy:0.017343207842961127
are:0.0032635095512752563
no:0.005714445361332537
care:0.01607115198616191
it:0.005221148676243228
purchase:0.022144474513599195
have:0.018166265441794772
money:0.01573715617629
customer:0.02747352083085136
love:0.016610240813103798
modems:0.05391371481591651
spend:0.0208126762168099
were:0.015749272055556335
of:0.005922048291342294
trying:0.013686945294763431
even:0.017047304038233763
parts:0.018521294474194722
years:0.01131865696944362
fact:0.012173944815374817
well:0.008542476701286014
windows:0.013945214118901022
must:0.0235275170302487
they:0.018942530446857737
up:0.006819595788590784
now:0.008385352273493626
good:0.008223400260708117
called:0.013615505055110323
over:0.010182440368118566
rest:0.016581882403415273
in:0.0018038548415684312
point:0.011175309448020612
replace:0.02231656360839961
installed:0.020331827184543617
yes:0.013537288682760856
use:0.008440505216991613
and:0.0048451448539440336
for:0.0033030341412393295
subject:0.00013551754767521977
each:0.025847811140716905
i:0.012597376620254489
6:0.014915480368320784
back:0.010692166091713388
micro:0.057550387133252744
than:0.007261935442738381
the:0.0022956944466671664
wrong:0.013418386075278479
do:0.007292567704634483
friends:0.020185950992831145
because:0.008957981212662506
did:0.008344726108847539
forget:0.019488392565555804
junk:0.053382060140613814
bought:0.018594333750601322
just:0.023845453065297173
many:0.009407111815117225
warning:0.02177736455634221
is:0.0013638204410693598
repair:0.02596808418177001
time:0.008017817106110221
experience:0.01681331357764034
wanted:0.015457664921553817
strip:0.02723737861950673
past:0.01676910886752976
fault:0.02247208121988128
s:0.006298845490924044
