believe:0.010346056573001621
there:0.00437037612179594
help:0.020381835428969496
all:0.00454318014593472
case:0.011769576701460742
incidentally:0.02853787048005226
with:0.008354676811279247
from:0.008062592899335006
my:0.013574489447575732
to:0.0006562853143289671
ega:0.029941677814436286
cs.cmu.edu:0.024665053849566507
important:0.01496366329987249
vram:0.026187118955558808
omitted:0.028744942441670068
that:0.004955780363349669
problems:0.01306225350424654
lance:0.11335771627448393
cleveland.freenet.edu:0.02039247034050241
nt:0.003400374055821136
me:0.005159946097164499
re:0.0017806690608484312
lost:0.016688125353894526
anyone:0.007966260712578053
comments:0.017542881019186194
wed:0.02745506170769197
stealth:0.07586429870525395
apr:0.017748610843038092
8-bit:0.026573431073712944
two:0.008879949679301483
these:0.007888742729042584
on:0.002414327739234714
machine:0.015489520734877842
sam:0.023478311984690386
etc:0.011058685654563027
support:0.013042649093016697
card:0.07287877015510098
a:0.0033250098234437974
as:0.00381006742960485
following:0.013034829871617913
ram:0.018523128896348804
copy:0.016269580690777823
enable:0.026506829921452278
fine:0.01542455513295505
also:0.007064272055616984
21:0.019315252481687264
are:0.0030614827695296457
those:0.01767538718369105
manual:0.05613710566975375
base:0.01834112312101453
works:0.014167266635955907
it:0.008163224517618379
not:0.008613000122513783
dip:0.05707574096010452
deleted:0.01673037855713494
have:0.00973810691709815
ve:0.008691112852511593
whether:0.013606945642294404
date:0.017037138998968207
herein:0.027703565294218496
connection:0.020503648264297604
shall:0.018856085781108353
switches:0.025551255181156318
uses:0.0162618815706497
network:0.06997123181008719
be:0.0027545774149403397
which:0.006151868250083419
writes:0.003148868528655059
were:0.007387158559391901
of:0.003703630201252165
but:0.003168015344049573
version:0.02971876769205319
english:0.021038811357331575
port:0.019856081596902574
using:0.0104972408506901
windows:0.013081938959159533
now:0.00786625903751545
author:0.01925717975266908
in:0.004230469092725964
yes:0.01269926605001852
or:0.00963302082432979
dies:0.028744942441670068
and:0.003636165852293237
for:0.0030985605991626095
subject:0.00025425673230493616
offer:0.01673887437519923
until:0.013624598692212593
i:0.007272331704586474
usenet.ins.cwru.edu:0.024801768639482847
back:0.010030270095559703
controls:0.023729942848377913
the:0.004307160057080302
do:0.0034205615186023654
when:0.006227021156398743
hello:0.018425194241198914
ibm:0.018764128900569842
older:0.021038811357331575
can:0.004116980916370064
last:0.010381726438378562
an:0.0042757054217225565
i/o:0.024576043692365778
statements:0.020073710899192364
address:0.04561173362762301
is:0.007676360768304683
else:0.012031201073038367
right:0.009237493303763332
addresses:0.04589733220642626
2:0.03711256289705541
irq:0.05459263369854973
run:0.012746830611368548
1993:0.014426932395286368
1:0.018652608494521036
reflect:0.02252910768649757
percent:0.02252910768649757
diamond:0.0715259785081365
article:0.007717456003015248
opinions:0.013598143597714487
sign:0.020636724123300268
everything:0.014712678494872636
s:0.011817833921067016
newsgroups:0.020410820670578547
