some:0.01269061820797124
at:0.019151413314226762
out:0.012806272816091955
all:0.010370302507024904
thanks:0.021667246140393077
missing:0.046930950689013574
my:0.010328415884025013
to:0.004494127695948361
that:0.003770702450374748
could:0.016403360383978886
me:0.01177813783048418
so:0.011106636928096957
requested:0.056934024092749363
this:0.01711899255558975
on:0.016532896475194236
you:0.006041293363138281
a:0.0015179392672243423
how:0.014297423882925264
controller:0.09156279610216667
related:0.041892815061208365
shed:0.062486476524988385
netherlands:0.0632363990411509
across:0.04194743610688959
are:0.006988167191317668
works:0.03233832601685587
it:0.007453378907390695
have:0.011114143764079409
only:0.02898991822324536
disks:0.04684468384558166
attempts:0.050130345496374414
of:0.0021134846257145506
what:0.010004805467354686
heads:0.05274638930154671
port:0.22661832257334458
find:0.02300485584427598
now:0.017955591281285262
email:0.029824985423564574
in:0.003862602215097619
and:0.00414997189663902
subject:0.00029018431404367716
i:0.00414997189663902
info:0.06403033607374777
information:0.053017854010516625
normal:0.04100394211433199
the:0.00737367074989291
do:0.007807803466374963
during:0.03183010336741816
i/o:0.11219498207384376
about:0.010706697612194256
is:0.008761063920347735
number:0.027198530960845197
harddisk:0.06745124176950704
write:0.07074291141277203
somebody:0.041257915472551684
does:0.013244443634103535
light:0.03795885528050319
give:0.025687350775608766
ports:0.05351216822492291
cbnewsj.cb.att.com:0.06096732497743232
range:0.04347343462488775
