simply:0.027805848544394447
there:0.008343445323428613
help:0.019455388364016335
thanks:0.018121696771965116
with:0.010633225032537224
ca:0.01869589632811201
someone:0.020031437406027454
from:0.007696111403910686
via:0.031074830714687682
to:0.003758724982065902
connector:0.047894449309251366
connected:0.041316209417936324
keyboard:0.1652648376717453
that:0.009461035239122095
nt:0.01947486959243014
vague:0.05321923959960689
lost:0.031859148402889545
so:0.009289187248953818
anyone:0.015208315905830829
had:0.013949168051655773
getting:0.024656377929315326
he:0.014455756432002137
contact:0.03163702089982334
pins:0.047617547423026735
hi:0.02864560600013095
two:0.016952631205939196
you:0.005052718085533835
more:0.011558354780188415
a:0.006347746026574523
following:0.024884675209452378
said:0.019922771169667564
experts:0.0440535284432447
computer:0.024370026410593774
setup:0.08025008679211985
bios:0.08774219210374742
no:0.030702156441341177
existance:0.052888624652598935
ones:0.030842090730698695
have:0.013943198540390531
robert:0.029049200263251848
of:0.0035352833739225207
germany:0.038224961210793516
even:0.01526508588878205
monitor:0.0681322880016147
but:0.006048029293185548
fact:0.021802428442080357
using:0.020040187078590187
who:0.01175502612939862
in:0.0016152700172226407
thomas:0.10047286401897546
resistor:0.11144596974212227
use:0.01511617752497589
and:0.001735442793139954
for:0.008873150806692926
subject:0.00024269960810925723
spoke:0.046587286647508525
i:0.00867721396569977
special:0.03177919266240929
person:0.025501767627944098
any:0.00930261151171643
program:0.0252421221125825
the:0.002740920036323829
disable:0.053052429248077834
can:0.007859690840342848
problem:0.019232411745868948
is:0.004884956852557526
detail:0.04375147710116907
else:0.022968656593982333
does:0.022154342078864093
purposes:0.040245454548332844
before:0.01932903879293313
hints:0.04726099548526964
check:0.03008465058716081
s:0.005640329825963803
