basically:0.04967350061073274
music:0.0583121321479884
all:0.02415361596572889
thanks:0.025232742340710924
work:0.02563382865810511
to:0.003489111797698306
months:0.04298474101240278
need:0.024319012550597926
so:0.012934311359302786
this:0.013290694642314405
getting:0.10299499641359568
best:0.0308250136703979
disclaimer:0.047519690216128944
working:0.040108088743121606
card:0.03874567527233217
m:0.01732676850779838
amateur:0.060118356983724947
bryan:0.13417229418357035
a:0.010606360449466291
scsi:0.05354395311560712
486:0.060353501104901335
internet:0.03615865750777982
it:0.00433994214860724
should:0.02079509040801873
cdrom:0.07959180178521037
probably:0.030218021709230485
ve:0.023102958215537144
decent:0.05703243446607235
expect:0.04374963396403023
always:0.03363235567086972
love:0.04142047392634745
be:0.007322294394145206
presently:0.07458046435366589
opinion:0.041890019804907454
they:0.011809109170984097
toshiba:0.07758896627616108
newer:0.062225907814732
in:0.004498220301126341
or:0.008535588072190953
and:0.007249317996660567
few:0.02893199368235806
for:0.004118340036861696
subject:0.00033793616319010504
feasible:0.07235400022121445
i:0.009665757328880756
faster:0.04937089908094091
vnet.ibm.com:0.0692867411399242
special:0.04424950877044333
will:0.028691274554513528
exist:0.04603195538982412
do:0.009092631884892363
got:0.028001947109247773
drivers:0.04977599694279121
radio:0.0454094982375654
an:0.011365799222300464
is:0.0034009193277299227
save:0.04585455990406701
motherboard:0.05715473713584116
everything:0.0782193033904621
s:0.007853623808304028
