since:0.014604537397107162
there:0.013398233366089743
activity:0.032578124445113675
case:0.018040956987640553
where:0.02697017223698922
enter:0.03457777320160914
your:0.00919658556336688
with:0.004268812969266769
wrote:0.018799817333524534
my:0.006935870520659133
to:0.0020119695767749353
interrupt:0.04286721524794825
job:0.0506786650407179
keyboard:0.033173598802722595
that:0.005064301101233238
its:0.015093609898059636
re:0.002729492721008544
this:0.011495965803753701
intensive:0.08812318120803961
used:0.014412142396619457
state:0.01939936778788771
apparently:0.027654460264610676
communications:0.030796225520683902
vs:0.024938773321630234
input:0.031147089776457783
a:0.0061160764635608544
basis:0.027205899832394152
running:0.044196502371484696
question:0.015934204987935068
it:0.010010377510656115
university:0.017155767164953675
per:0.025816241719511072
second:0.02007077209235231
doing:0.019567174490257775
absolutely:0.029215027336844043
status:0.032121771474446996
be:0.00844468988521856
claims:0.027418435588384863
get:0.01918794124512587
of:0.004257823041585518
totally:0.030069454748676294
but:0.009712163828473142
instance:0.031202597801167412
again:0.017823862321956336
fact:0.01750559947904262
naive:0.04137746812135325
in:0.005187728522466875
cpu:0.2611656860959632
and:0.001393421220769306
still:0.014902986001675526
for:0.009499236873345225
subject:0.00019486829848188537
victor:0.13897648557053766
i:0.001393421220769306
group:0.019686977626325878
away:0.02021155902426037
any:0.007469250118896403
research:0.022535266281290343
will:0.016544603575230427
the:0.0027509233941206313
when:0.01909013785173337
can:0.006310700674727834
agree:0.02201865094134627
claim:0.023833861640875812
needs:0.024447785128973335
may:0.013584127937517013
friend:0.05070364116339863
an:0.013108002022799076
just:0.00857217929537143
current:0.023082085574677502
idle:0.11851715920462158
is:0.011766684389372142
hardware:0.025910081194704754
checking:0.03547075752418027
temperature:0.07561549355341557
exception:0.03631799965011277
nothing:0.018648583952561377
instructions:0.0352734679447064
very:0.01272439775024414
little:0.01711926059779901
difference:0.023409882093681653
going:0.015896464847077973
millions:0.034756905383478615
s:0.004528731977051228
