since:0.01887567569248756
looks:0.032293447871451796
pc:0.031441906245263045
at:0.008310990683532369
know:0.011640331374134923
help:0.020189553962658462
all:0.009000639911757464
became:0.04080799534015401
switch:0.040114277566133734
with:0.005517239403674975
beast:0.05105927927997848
work:0.019104457207455693
my:0.008964285484248125
to:0.0026003757737562846
changes:0.0384708424503414
most:0.017515051546858847
mhz:0.044576477265134695
mail:0.02890863683807411
been:0.02768378089097055
that:0.006545370291216543
like:0.010987160976496916
me:0.020445069441595184
so:0.009639722616838868
this:0.004952664512937915
hi:0.029726572264286835
recently:0.031219920420638574
used:0.01862701422959307
am:0.015418267516050618
8:0.027853691343149682
a:0.002634913444993198
was:0.00835340692548477
norway:0.05439210338316333
college:0.038863351892157096
no:0.01062024279417462
manual:0.03707167355549776
likely:0.03119253589556347
it:0.012937940744904602
not:0.005687830269584574
have:0.014469356975876969
made:0.043878859470150966
between:0.021913828736286844
settings:0.047461472142911465
switches:0.05062041120795119
1986:0.04809592711469606
anybody:0.02867542589540278
be:0.010914363342216439
making:0.02900572821577739
of:0.003668690293693182
trying:0.025437058708192413
286:0.05212841782061058
seems:0.022231010277179983
in:0.003352447205556424
and:0.007203724801713016
for:0.003069328895396924
subject:0.00025185808388696507
i:0.007203724801713016
appreciated:0.031931718105436255
back:0.0198712898119579
any:0.009653653455554785
information:0.02300774796682797
the:0.0028443509810907657
do:0.013553168281254654
thing:0.02135785316155619
38:0.09635664064389693
got:0.02086937567576013
would:0.008798581567022415
can:0.016312565895051194
once:0.02531161504646138
last:0.020567571245844317
an:0.008470737156242799
hold:0.032733779367396416
conscience:0.057159535552856335
is:0.010138589693987317
first:0.017712781409349444
engineering:0.0364787688039915
bad:0.02585472685609796
identify:0.047012150926031705
