22:0.03787587818411592
read:0.04121823748905312
at:0.008008772840494827
there:0.008343445323428613
technology:0.030615160780154024
dos:0.06417367920443523
take:0.01932499209396094
with:0.005316612516268612
from:0.007696111403910686
stream:0.04857537029264335
to:0.005011633309421203
then:0.014508003179780028
h:0.03211983749358651
software:0.025598053531647784
that:0.003153678413040698
mach:0.05665620445342553
r:0.05636763212234781
talking:0.02963355618511153
nt:0.006491623197476713
re:0.0033994591161651865
file:0.027622598931440083
zip:0.055290002607522454
july:0.04475563160629916
phone:0.026703155692814264
this:0.004772567621558354
tar:0.10896277819656316
student:0.036572886110624286
unix:0.07204668029309695
on:0.013827513415616997
fed:0.05226141672999029
why:0.01617929618321824
a:0.005078196821259618
want:0.01720543607011074
as:0.007273765092881986
driver:0.03345259634987629
drive:0.025670943170963533
scsi:0.03845429360120875
ee:0.05410254640373096
kevin:0.040959657480179226
d:0.016562220203427593
49:0.045232417746049546
it:0.012467470172362617
have:0.0046477328467968435
42:0.044239696910004164
university:0.021366728196351395
snail:0.05167470290146691
19:0.03724452010891708
g:0.06427276292748185
writes:0.0060114762819778395
get:0.011948854320828385
comp:0.05338916808153555
of:0.0053029250608837815
germany:0.038224961210793516
even:0.01526508588878205
least:0.0218878398427862
box:0.057609800194665585
email:0.024944533263344917
rep:0.04999359073333953
system:0.020320202993113864
or:0.0061301041609371386
use:0.01511617752497589
and:0.00867721396569977
subject:0.00024269960810925723
i:0.0052063283794198615
tape:0.03772152967016666
dump:0.05086004691337885
impossible:0.03742047868121668
will:0.01030277586275713
the:0.0013704600181619145
maybe:0.024071937112202943
needs:0.03044860511517588
68:0.049421646865970725
just:0.01067625966787169
note:0.026924446353440885
unit:0.03900128015999469
is:0.004884956852557526
write:0.029583399318068304
new:0.015672723317123154
tapes:0.09487504707703202
1st:0.04091605591414747
run:0.024334858439885407
