there:0.012572314870919827
means:0.038830071512859624
tower:0.07533280795434724
with:0.008011333928623935
4:0.03403108909833807
ca:0.028171898576607138
such:0.026342701417367102
work:0.02774071868479868
options:0.06198603299557282
to:0.0037758881098378925
software:0.038572409431250086
been:0.020099183386595058
think:0.019722575719569247
nt:0.009781897968800527
and/or:0.055355918180054385
re:0.005122472640796856
this:0.007191540251663273
programs:0.04839975512732214
set:0.03629335046747837
card:0.0838605026442258
a:0.0038260387009490275
same:0.02660401850039195
as:0.02192093589635667
compatible:0.06172003181944815
video:0.09577290939356226
cd:0.061139767794254424
are:0.008807005227414047
com:0.07945272787241757
it:0.018786598889861478
have:0.007003433056817162
ati:0.0703228794686123
uses:0.04678075520323886
which:0.017697155239965998
writes:0.009058388918048799
get:0.018005122949193455
ok:0.044710262883711396
in:0.0024339685191026093
installed:0.05486808158020675
system:0.030619483962226367
unable:0.06267455128024253
for:0.004456833738521561
known:0.04461546229679942
subject:0.000365711738246826
i:0.005230101568366984
the:0.0030976151095440533
conflict:0.06472748753567503
imagine:0.053941624033787154
just:0.016087514568025835
i/o:0.07069820788214812
is:0.007360893887415449
hardware:0.04862576881745961
addresses:0.06601671070787338
nothing:0.03499802741782067
rom:0.0690284843532572
show:0.04123381739362784
hood:0.08124763557661488
article:0.011100450415295903
john:0.07346516163237933
s:0.016998254270027897
