basically:0.01669875126913994
above:0.011585770340972534
some:0.00496824202184406
since:0.00851413456767524
large:0.012740570722925854
at:0.007497574574080264
out:0.005013519570555148
nanao:0.10855088510163925
graphics:0.014973367830381796
where:0.007861518290356433
with:0.004977254270549339
much:0.007434880295999708
from:0.0036024351252347897
reviews:0.025412337836651668
often:0.02644527990024431
suns:0.026295909601665477
to:0.0023458709107929037
line:0.012016186165131866
look:0.010090077975642172
amiga:0.04288578176840661
been:0.012487152231671824
that:0.004428569686397576
technical:0.016326584012422554
smaller:0.019111669229978583
like:0.02477955454273773
esp:0.022643880108391457
nt:0.0030386321349891
and/or:0.01719566820061264
could:0.0064217410864938615
me:0.004611015661295935
need:0.008175327623392495
brought:0.016486778053343264
anyone:0.007118786168686771
this:0.0044679356457142045
getting:0.011541283286062494
on:0.012944906176322294
you:0.0023651020825903057
specs:0.020620800547901778
used:0.008401972375901555
products:0.03446882377988842
them:0.01247539720452971
bill:0.013172399471028584
m:0.017474230367439218
more:0.010820587453793412
board:0.01528168731640487
a:0.0035655424489695192
how:0.005597289349911167
same:0.00826422702352601
want:0.008053608373243325
noted:0.018992353399917335
as:0.013618964429225845
resolutions:0.04892558161956538
following:0.011648145842722389
avail:0.0249906744211443
stuff:0.01244007043690903
third:0.015543765943267599
others:0.011473737119439983
are:0.008207379339590112
d:0.007752528605859726
it:0.0014589592754892424
not:0.002565574504578574
discussions:0.020424150151496963
have:0.0021755345240325654
probably:0.010158398787358334
ve:0.015533052757680292
quality:0.016358144002444043
has:0.004530955208027877
details:0.016233284605490787
party:0.018062461461798546
list:0.012389908923070552
sun:0.03088078556679865
be:0.004923074528829543
get:0.016779242237759007
if:0.008555111741660543
of:0.0016548134941764992
monitor:0.06378341855470311
what:0.015667099625474575
ok:0.013888719959620988
least:0.01024537184130418
fairly:0.01669875126913994
street:0.016970333958802576
mag:0.023401255236882336
seems:0.010027604635664163
requirements:0.020707943234470033
using:0.009380513100616683
well:0.007161140043205723
brief:0.021731497677134202
they:0.007939741485172286
find:0.009006156330525065
up:0.0057168526397973814
good:0.01378731788391063
in:0.0030243353513955827
or:0.0028694104583110013
and:0.007311014320036401
for:0.0013844632464343574
subject:0.00011360407188092892
exercise:0.021238596334474107
scan:0.022289064751204006
i:0.008935684168933379
info:0.012533597699542117
monitors:0.05894494121882338
information:0.010377962912696872
pretty:0.012246893859232454
cost:0.01413194725255694
2000:0.018407010664069468
the:0.0022452217318822856
hello:0.01646506719426286
thank:0.015448911943700062
would:0.003968721898316494
can:0.014716016892556824
lx:0.02802129304042362
home:0.012465374688771695
sony:0.043241927384878955
may:0.00791925756357375
an:0.003820843142815901
about:0.004191558214135624
17:0.03346641496579154
meets:0.02588042675245732
interested:0.024485755024807827
max:0.020262536329942852
right:0.008254781250171487
their:0.006441206887581761
16:0.014838266986489965
handle:0.03457325009981875
4000:0.024756377496961208
resolution:0.019012008488667523
eskimo.com:0.05351278588112016
very:0.02967221262610123
fit:0.017299779060844157
high:0.035710516923083246
seem:0.02348691536081479
happy:0.016162106759510728
john:0.022821092762398687
s:0.007920463159864064
