report:0.03272179502995479
go:0.016770967687880407
there:0.007911887806699547
help:0.01844907517277411
all:0.008224722677985269
where:0.01592635170891174
missing:0.03722109882232111
ca:0.017728867207692425
from:0.007298036676122203
my:0.024574506758542274
to:0.0035643081726487004
most:0.032010266620121346
h:0.03045846658874583
basic:0.032928041461724136
make:0.015173107615083652
nt:0.006155849583814125
months:0.029274090861895
me:0.009341281727625385
anything:0.020010699571719
norton:0.04568797948492267
programs:0.03045846658874583
internal:0.034160063932071834
something:0.017160873423823473
two:0.016075770971149237
on:0.008741531469642929
set:0.0456795617952745
tell:0.02077607804846942
am:0.014089106523287634
working:0.054629982943217366
e.g:0.03499375189820082
sure:0.01881072431171727
a:0.0036116486013268835
how:0.011339336183009693
as:0.0068975358639398136
attempted:0.04457130662119937
l:0.02849103947201175
are:0.005542339496562289
it:0.008866950769137205
should:0.014162173639943789
have:0.004407332871962525
systems:0.025865664830022506
ve:0.031467822397024725
manuals:0.04213166676654976
be:0.0049867349753230285
utility:0.04088994805773133
get:0.02266162026364004
listed:0.03913616805570653
if:0.005777158791063873
even:0.0144755124807416
but:0.005735200191813882
port:0.07189270923016448
up:0.011581554916830902
direction:0.03808750331930716
david:0.043042159299043
in:0.0030634431361119046
point:0.01897875828672466
system:0.019269158010711423
or:0.005813029807785218
use:0.014334306273684035
and:0.0016456785107361632
4th:0.0438750880294368
for:0.005609463153656448
subject:0.000230146180103606
p:0.029018345169235776
i:0.013165428085889306
appreciated:0.029178983786002095
any:0.00882144195076558
the:0.0025991483103070794
hello:0.033355955091825616
would:0.008040083156072207
can:0.007453155107221667
correctly:0.03757158162957223
here:0.015520697462270656
e:0.026818014621153678
either:0.02158243713028757
right:0.01672304822233017
motherboard:0.03892434684251252
addresses:0.0415449989799548
2:0.016796634069788006
serial:0.07136755048042814
various:0.030729129123751624
hook:0.044332931351108766
very:0.015027952515374546
ports:0.04244068514390438
checked:0.038799708194450194
3rd:0.03804961011695338
s:0.005348588628069123
