pc:0.023806014728556306
at:0.006292607231817364
there:0.00655556418269391
dos:0.025211088258885267
ca:0.014689632829230864
times:0.020074829582093046
both:0.03208148689011768
my:0.0203617341713636
single:0.023224476217945534
to:0.003937711885973802
interrupt:0.04194863206406365
sharing:0.039280678433338205
then:0.011399145355541452
that:0.007433670545024503
configure:0.0838972641281273
nt:0.010201122167463408
me:0.007739919145746748
re:0.005342007182545293
so:0.0072986471241780005
bus:0.028907447512540436
something:0.014219009408310876
two:0.013319924518952224
set:0.018924389886613723
you:0.027789949470436094
tell:0.017214464668731805
them:0.02094084530760344
card:0.0874545241861212
successfully:0.03734271346914124
more:0.009081564470148042
a:0.003990011788132557
how:0.009395449980208031
same:0.01387209536091866
markus:0.04577937998597062
sb:0.04155534794132774
as:0.011430202288814549
computer:0.019147877894037966
are:0.009184448308588935
no:0.008041040972732214
care:0.022614406723384977
it:0.002448967355285514
assure:0.04181511682826256
have:0.003651790093911806
interesting:0.023343032585152947
per:0.025263036539807264
settings:0.035935114622490105
second:0.01964068411894476
which:0.009227802375125127
writes:0.004723302792982588
if:0.00478678871259578
implemented:0.0357065236861603
sit:0.03325510426200198
explain:0.02567898234294717
least:0.017197588447903443
port:0.029784122395353857
they:0.013327423207253481
pro:0.032148329646830155
in:0.002538281455635578
or:0.00963302082432979
use:0.011876996626766771
and:0.005454248778439855
for:0.004647840898743914
subject:0.0001906925492287021
until:0.020436898038318885
i:0.0027271243892199276
the:0.0005383950071350378
clone:0.03824617166277781
do:0.010261684555807095
when:0.009340531734598114
ibm:0.028146193350854762
devices:0.060638263478895116
got:0.01580109872593267
would:0.006661783186459829
can:0.006175471374555095
hits:0.035376794816423425
because:0.012605159277817956
isa:0.034470146897900775
7:0.04559326469901865
an:0.0192406743977515
problem:0.015111180657468458
just:0.008388489739042042
long:0.017002223179347034
paul:0.04678603558727225
is:0.0019190901920761708
ethernet:0.03727233992311972
printer:0.031042372694484507
irq:0.20472237636956148
soundblaster:0.13297530520274245
under:0.017338024479325993
thousand:0.03329512037306391
article:0.005788092002261436
by:0.0070745391058369
mw:0.04413956254565276
s:0.00443168772040013
share:0.029150350141006115
