pc:0.11903007364278154
at:0.010487678719695607
thanks:0.023730793391859083
own:0.02698203137557137
your:0.014999193121205505
ca:0.02448272138205144
my:0.011312074539646444
single:0.03870746036324255
to:0.0016407132858224176
building:0.045243661533793465
keyboard:0.05410455995205947
that:0.01238945090837417
sources:0.045823083038267425
fallen:0.06610286858776955
nt:0.00850093513955284
and/or:0.04810692889457107
me:0.012899865242911245
anyone:0.03983130356289027
uk:0.10289617820616156
93:0.04358351780719525
these:0.019721856822606458
on:0.006035819348086785
os:0.05653988335374131
m:0.016295413239477047
a:0.008312524558609494
price:0.07452724290104673
computer:0.031913129823396606
march:0.05159181030825066
book:0.037020220365281825
ve:0.02172778213127898
has:0.012675886593887511
monitor:0.044610426667723906
seen:0.030862677269313722
available:0.06431104351938642
but:0.007920038360123931
parts:0.043436845374004295
jeremy:0.07356593757608794
again:0.029069870691762117
find:0.025195794496111788
in:0.004230469092725964
thomas:0.043857202547965476
system:0.026609789633839583
recommend:0.10447093540865074
pcs:0.06610286858776955
and:0.004545207315366545
for:0.015492802995813047
subject:0.0006356418307623404
i:0.006817810973049818
vat:0.08151628724960763
source:0.03713414240118838
the:0.0017946500237834594
33mhz:0.07160070245276116
would:0.011102971977433047
can:0.020584904581850316
just:0.013980816231736736
many:0.022061916994977303
including:0.037856758411074165
interested:0.03425090732636809
delivery:0.06660244238656754
give:0.028133765135190555
weekly:0.06748468015030232
