root:0.05477260171508452
go:0.021146002736892686
out:0.012806272816091955
there:0.009975858538882037
take:0.04621193761599355
watch:0.04178438957146032
thanks:0.021667246140393077
funny:0.048921371201698066
hell:0.037101966570455384
loose:0.056718778143877845
work:0.02201165721728591
to:0.007490212826580602
that:0.003770702450374748
problems:0.02981601343360623
technical:0.04170377437955761
think:0.01564943508183212
like:0.012659120255529056
nt:0.007761723388287375
bobby:0.056718778143877845
so:0.011106636928096957
on:0.005510965491731412
you:0.006041293363138281
consists:0.05909109951366065
m:0.014878420783870349
why:0.019344810653847896
a:0.006071757068897369
how:0.014297423882925264
anymore:0.04816798207245644
standard:0.03308744065719822
ns1.cc.lehigh.edu:0.058573403328994834
ie:0.04547411072566752
others:0.02930791546813474
mind:0.03293104133706671
are:0.006988167191317668
taking:0.037032065588604404
wild:0.05135985424026389
it:0.011180068361086043
have:0.0055570718820397045
only:0.01449495911162268
robert:0.06946547889038486
call:0.05775991517388494
get:0.014286673644468721
of:0.004226969251429101
what:0.010004805467354686
year:0.026899573002278823
they:0.010140430701171127
one:0.010688162041039374
become:0.03600242146516465
our:0.02423668938022167
or:0.014658944732675767
world:0.027404898790572573
and:0.00414997189663902
for:0.0035364006838268913
subject:0.00029018431404367716
i:0.00414997189663902
we:0.029298780558999347
back:0.022895181739864538
the:0.0016385934999762022
do:0.015615606932749927
home:0.031840902737623356
just:0.012765093081150933
long:0.02587294831639766
is:0.005840709280231824
does:0.013244443634103535
their:0.032906165621341604
plastic:0.055320763167550746
natural:0.04551204990979543
going:0.023671909609235677
while:0.04718135882344614
s:0.006743872618000199
