there:0.02353279450197814
help:0.05487417230876402
delete:0.13729394955868957
such:0.049308133422251245
archive:0.12442737989082812
software:0.14439927633237212
like:0.02986254008996598
really:0.10007157657389364
me:0.027784325138578068
description:0.11218051952271542
m:0.035097813131181335
a:0.0071615596197251025
it:0.008791164865127486
drives:0.10377032440399131
terrible:0.12984556177973086
which:0.03312544442352609
even:0.043055370455539116
but:0.01705854416026693
using:0.05652360458063899
now:0.04235677943277549
in:0.004555889792166422
or:0.017290037377002188
better:0.05733886849490777
and:0.004894838647317819
subject:0.0006845373562055973
i:0.009789677294635637
any:0.05247627006609268
can:0.022168358780454187
andreas:0.16433623584707402
mad:0.13482392112437078
archives:0.13700745467155814
an:0.023023029193890685
is:0.006889041715145228
time:0.040500255638556755
