at:0.008008772840494827
mark:0.10922268961062509
help:0.019455388364016335
true:0.023484370837798606
your:0.022907858585113863
with:0.005316612516268612
from:0.007696111403910686
post:0.023477980040283456
my:0.017276622933278203
to:0.007517449964131804
remember:0.025296582150193016
that:0.003153678413040698
considering:0.03641245413959175
like:0.010587627850078846
really:0.01773996130173569
nt:0.006491623197476713
toronto:0.03651909359218711
me:0.00985080618549586
need:0.017465472649974875
re:0.0033994591161651865
so:0.009289187248953818
this:0.014317702864675062
you:0.01010543617106767
am:0.014857603242739686
assume:0.03155898686626524
why:0.01617929618321824
a:0.0038086476159447137
old:0.024071937112202943
idea:0.025203420866006875
adding:0.042955514455493435
drive:0.051341886341927066
ontario:0.08635182184935038
no:0.010234052147113726
internet:0.025968490391950965
meg:0.04232467815163889
not:0.010962000155926634
systems:0.02727651927529646
equipped:0.05099085361748885
second:0.04999446866640484
maxtor:0.10610485849615567
be:0.005258738701249739
writes:0.0060114762819778395
if:0.00609227654330372
of:0.0017676416869612604
reading:0.029875654966936276
hd:0.16213110326297978
please:0.017412866880956862
jackson:0.04752708986981612
in:0.0016152700172226407
floppy:0.04004564630543488
system:0.020320202993113864
or:0.0061301041609371386
install:0.04016500350036027
and:0.001735442793139954
subject:0.00024269960810925723
however:0.021791808219971936
i:0.006941771172559816
group:0.0245192357709695
386:0.04290124021016158
will:0.01030277586275713
the:0.0013704600181619145
do:0.019590488697449907
original:0.028056072847940722
canada:0.06764741078193903
problem:0.019232411745868948
is:0.004884956852557526
2:0.01771281410995826
entered:0.04558896968380665
1:0.017804762653860984
e-mail:0.02499723433320242
article:0.007366662548332736
remote:0.040959657480179226
full:0.028087840762938663
somewhere:0.035268373262750785
needed:0.03032566081941837
mike:0.08714760078975554
everything:0.028087840762938663
