seemed:0.03296158512760699
there:0.014340296649642929
tried:0.024202062914348992
ordinary:0.03982943964185768
chris:0.029974587835307032
your:0.009843220485791114
with:0.0045689638811683385
4:0.03881671100279186
from:0.006613845737735747
wrote:0.020121679489787977
trick:0.03881174280718657
often:0.024275940533427392
my:0.014847097833285958
to:0.0010767180938209616
noisy:0.045451161810827215
lock:0.03949694265421084
software:0.043996654507519634
that:0.00813057715862055
think:0.011248031465066838
nt:0.005578738685331551
re:0.0029214101779544573
had:0.011987566294391681
this:0.004101425299776711
getting:0.02118907478300536
these:0.02588493707967098
directory:0.03293343194398747
on:0.011883019341545857
you:0.0043421796047556395
modem:0.16653791314589103
a:0.0043640753932699845
other:0.010775843654936803
was:0.01383533022033415
compatible:0.035199705647029025
also:0.011589821341246613
others:0.021065064242721844
computer:0.020942991446604026
are:0.005022745168759574
it:0.008035674134530593
have:0.003994145415216038
completely:0.028101512789370862
mileage:0.04183175025616323
modems:0.08297657670887151
were:0.012119557011502337
if:0.005235550154401635
end:0.021126823457621166
of:0.004557201224197
implemented:0.03905401028173783
available:0.021102061154798672
what:0.007190953929661181
but:0.015592575521493991
version:0.02437867662238738
lines:0.02760298534605091
ed:0.09300397667974224
up:0.02099156828675601
called:0.041910226497761466
one:0.0076821164669970505
in:0.0013881226710507069
5:0.040607388858088796
fortunately:0.04453098184476172
and:0.0059655846014185915
subject:0.00020856997571889294
i:0.007456980751773239
any:0.007994431767881307
will:0.00885394800705691
program:0.021692448690500587
connect:0.03590684633094177
the:0.0029443476952697384
do:0.005611858741457005
when:0.010216206584716687
can:0.006754421815919636
may:0.014539261933123679
archives:0.041744458845240376
an:0.007014829207513568
interested:0.02247715793292906
garbage:0.08331626400006535
is:0.0020990048975833117
number:0.019548944128107485
vary:0.0397617985266771
hardware:0.027731883778707434
does:0.009519443862011916
lot:0.019363698345823365
too:0.03050809168538276
remote:0.035199705647029025
2400:0.04348776783988264
protocol:0.04099984806551909
s:0.004847158444187643
