characters:0.06175581596840858
at:0.005371737880819702
dos:0.0645649821264135
fax:0.018650264267581644
your:0.007682513549885747
with:0.007132041180360334
ca:0.025079860927955135
generate:0.0285963951708735
buffer:0.03231588792835994
wrote:0.015704725455444275
attached:0.030063692175518176
village:0.031699448191339394
software:0.017169426149275954
normally:0.02595031551293161
ultb.isc.rit.edu:0.03536615326028343
ran:0.02768167984428023
higher:0.022633377518523734
nt:0.01306241253150802
could:0.00920188509345157
rob:0.02683343104877585
need:0.011714646289617294
re:0.0022801250169400644
michael:0.09160656102663686
so:0.0062305524230787815
voice:0.04422554026141669
internal:0.024161996439758127
on:0.006183034454137682
arithmetic:0.037525737490287175
you:0.013556072912407851
used:0.0120394116362004
machine:0.01983414240441675
modem:0.025996162052041527
3:0.014277231369741584
board:0.021897539752165514
a:0.0034061076240155977
running:0.018460124466138424
drive:0.01721831554149993
whole:0.01824338704284933
universal:0.059949350211754
lose:0.025638693495044433
are:0.003920191351226985
those:0.011316558867607074
book:0.018961576284656546
49:0.03033881678088689
it:0.004181163777316732
have:0.006234763574971377
received:0.02359323652836446
boards:0.028526307491448286
systems:0.0365904526863733
only:0.008131318526032235
robert:0.019484219688766485
has:0.006492527279796043
without:0.013702502956112774
be:0.0035272027874236056
modems:0.03238110310590108
writes:0.004032087750107088
if:0.012258849142013584
of:0.0011856133266203576
germany:0.025638693495044433
even:0.010238777120524546
losing:0.030019021199347
park:0.0273856235917376
port:0.0254254703374972
administrator:0.03361199428191892
they:0.005688534295778925
asynchronous:0.04039161327837093
one:0.011991596436288079
in:0.00108341281642982
cpu:0.027271112038983962
installed:0.024422987532653005
office:0.022260597030769273
speed:0.020478446139547447
external:0.02618307510747447
or:0.008223310459793723
force:0.021792708041553484
and:0.003492049522781614
still:0.012449445623350899
for:0.0059515035898550115
subject:0.0001627863225123067
transmitter:0.07475034555874055
i:0.0011640165075938716
faster:0.023782323337770316
we:0.008217950644597379
any:0.00623955650176102
necessary:0.021980340106594665
will:0.006910398444532222
than:0.008723178550118666
char:0.03768011436824017
the:0.004136449445061876
do:0.004379987310405468
older:0.02693994137219287
because:0.010760501822527524
bps:0.03547407751088953
ny:0.025617032509651947
an:0.02189995459906675
is:0.0016382477249430726
chips:0.025321591147542514
right:0.011828497523111584
time:0.009631158353071425
receiver:0.06644696643717798
9:0.021712400339176992
uart:0.07815991704921814
irq:0.06990520168716734
runs:0.022876771466117895
serial:0.02523974346259044
byte:0.032929567963601934
16:0.0425243017295749
handle:0.024770468821516484
every:0.02966034788948044
transfer:0.02771209168276217
article:0.0049410541482719575
close:0.021188495220552078
59:0.03218751348203169
task:0.03062694412753656
sales:0.029507037174241305
9600:0.03580980785956653
