basically:0.018083901143999475
above:0.012546801982159194
since:0.009220376144717426
week:0.015888658084818357
large:0.01379739225754643
at:0.012179239803517481
nanao:0.08816632948923465
all:0.004396625947678761
graphics:0.016215398341657705
with:0.008085171107689595
often:0.028638897587822176
suns:0.02847713712622759
to:0.0019053444609550658
look:0.021854085938026825
amiga:0.04644312772154632
been:0.0067614764388084754
that:0.00319727765377398
think:0.0066347835369979504
smaller:0.02069696898177404
like:0.021468001170666787
nt:0.003290684570149486
and/or:0.018622036991446867
could:0.006954420070626992
me:0.004993496223062418
need:0.008853465398604776
brought:0.01785434489647773
re:0.0017232281234017075
anyone:0.0077092845605594065
had:0.0070710068464614525
this:0.004838547819091419
on:0.011682230996297003
used:0.009098910176667583
am:0.00753150394793256
them:0.013510222779098994
m:0.012615803798304811
beat:0.02002733722224807
more:0.005859073851708414
board:0.016549292715922325
a:0.007079053172493247
want:0.008721649620793463
as:0.007374324057299709
old:0.012202364434757253
resolutions:0.02649196239769093
far:0.01147178835078987
are:0.0029627252608351406
place:0.01253192450376233
it:0.0078998946944694
not:0.008335161408884307
have:0.009423974435901435
probably:0.011001030944835061
ve:0.008410754373398315
tube:0.024572538691263513
earlier:0.01818408541421333
quality:0.035430081479947924
has:0.004906794810537102
details:0.017579824342351773
netcom.com:0.0148342634779776
sun:0.05016348807509919
be:0.005331440157949044
which:0.005953420887177502
writes:0.0030472921245048956
if:0.009264752346959575
of:0.0017920791296381442
monitor:0.06907420903389508
seen:0.011946842813927893
asks:0.02369870984667565
least:0.011095218353486093
fairly:0.018083901143999475
mag:0.05068474636559769
requirements:0.02242565281152285
using:0.010158620178087193
brief:0.023534110387679896
they:0.004299168776533381
up:0.006191061614527118
now:0.007612508745982692
good:0.014930966371976951
one:0.004531386671777062
in:0.002456401408679592
or:0.0031074260723644486
and:0.005278305269457924
for:0.0014993035157238432
subject:0.0001230274511152917
i:0.009676892994006195
monitors:0.04255625556504914
pretty:0.013262765239260952
2000:0.01993385947491394
the:0.0027788129400518084
would:0.008595849272851392
can:0.003984175080358126
lx:0.030345639928569357
home:0.013499368902586859
sony:0.04682881537072144
bought:0.03376114054256646
7:0.01470750474161892
an:0.008275558880753334
just:0.005411928863898092
17:0.09060607738434345
meets:0.028027190261877742
15:0.015400049456132
interested:0.013258415739239263
is:0.0012381227045652715
picture:0.01885035835804332
new:0.015889396911369095
does:0.005615155826440208
16:0.03213818195230545
superior:0.02322156386077316
handle:0.01872053864851937
easily:0.01704569017693727
4000:0.0268099018976308
resolution:0.020589041450861142
eskimo.com:0.05795163447955409
terms:0.017737967627716424
article:0.003734252904684797
very:0.016066751076345136
give:0.010890489729751183
side:0.029680774917706848
by:0.004564218777959291
high:0.03867267961716389
seem:0.025435138754799427
happy:0.017502742343248945
john:0.012357043316045372
s:0.0028591533680000845
