some:0.022892879904575572
help:0.08392520470752145
with:0.011467203466461712
into:0.03511380201926248
my:0.018631652182947083
to:0.0027023512942957466
scanner:0.10914577026480349
memory:0.13261302847714962
r:0.060788622877041766
me:0.021246836870677348
am:0.03204581091571305
invalid:0.11338543905832577
driver:0.21645797638155245
parameters:0.21884002060704774
it:0.013445310970194978
command:0.08071083637125168
loading:0.22352806573056866
be:0.01134237759093081
msdos:0.11442680818212866
of:0.003812560501288993
gives:0.07130440148619814
version:0.06118569818952126
latest:0.0816930705931912
in:0.006967831446842764
message:0.06367293899136708
subject:0.000523469742980751
i:0.0037431119067724496
6:0.05761469867763126
appreciated:0.06636788468973025
any:0.02006445620174132
necessary:0.07068187798983382
the:0.0029558941568198155
when:0.025640675349877174
would:0.0182872479628309
an:0.0176058458541517
is:0.005268090723346351
having:0.05131159592981101
wanted:0.05970901940286475
change:0.058274688390401716
high:0.1645484603318542
