pc:0.026346577565200657
inexpensive:0.021634990316419016
large:0.011834126956077372
bbs:0.015996216014844508
there:0.007255169846459663
all:0.007542038186927203
knows:0.013810124154708437
small:0.011813224902237199
send:0.011594257394767679
essential:0.02004907422156272
knowledge:0.014611743655542037
existing:0.017113326704964626
thanks:0.007878998596506573
where:0.007302200783532655
access:0.013250501454618677
establish:0.020116641151836635
4:0.00981924705208964
service:0.014397593788451946
wood:0.03983461942915238
learning:0.019635980550671464
members:0.01457803283993919
my:0.003755787594190914
hence:0.018187167539373085
to:0.004902684759216395
require:0.015334075331630777
software:0.02225917698404155
client:0.019789796425176105
that:0.001371164527408999
like:0.01380994936966806
id:0.037073587415203585
nt:0.005644889736936273
me:0.008565918422170313
server:0.03163999008021845
so:0.00807755412952506
anyone:0.006612311263404708
prefer:0.01623133638356459
phone:0.01161006769252794
paying:0.018536793707601792
something:0.00786822655005345
unix:0.015662321802847164
tell:0.009525790725780445
am:0.019379482490530026
etc:0.009179146195487096
compuserve:0.020625010234137396
3:0.009254806105287033
a:0.0027598895767715318
other:0.005451810228584627
commercial:0.01646777312352866
services:0.015797081531475528
40:0.015116629201679044
486:0.018845559633546265
ie:0.016536040263879098
based:0.011940328110278823
cheap:0.014688660942319555
computer:0.010595663656779901
files:0.01308028286398296
are:0.015246910235602186
no:0.004449587890049446
internet:0.03387194398950125
care:0.012513900953651767
it:0.006775799006718814
not:0.007149130536473891
have:0.008083013646603207
systems:0.011859356206650634
only:0.005270894222408247
area:0.012681687923554731
completely:0.014217366154306205
between:0.009181287929037175
connection:0.01701883848024702
network:0.10163805411149027
heard:0.01068240063011808
be:0.0022864081309781474
modems:0.020990122171414136
making:0.012152597592381041
if:0.007946447665178765
of:0.0030741594555848007
style:0.018145561163930447
trying:0.0213148476131889
even:0.006636993864687848
what:0.0036381110790380676
conventional:0.021076050972348544
never:0.00871122225637099
huge:0.016987837778820042
fairly:0.015510697819161604
lines:0.01396514673634196
continuous:0.023687560477513733
order:0.011084256368112616
please:0.015141623374745096
they:0.0036874293458804097
find:0.01673080425038253
over:0.007928619575175327
one:0.003886604378559772
in:0.002809165247343723
5:0.010272224849477008
system:0.026504612599713734
or:0.002665262678668321
use:0.006572251097815605
and:0.005281782413904207
for:0.003857891655083881
subject:0.00010552156874315532
i:0.005281782413904207
group:0.021321074583451737
we:0.01598115303218146
fees:0.023212681774580673
similar:0.025017852077997636
established:0.018314680828773168
addition:0.015673377947594443
necessary:0.028496251205387547
will:0.004479467766416143
connect:0.01816630960616817
the:0.00297926090904764
users:0.031215000539574562
do:0.0028392012604999866
interest:0.014437885362323658
canada:0.014705958865638918
importance:0.019576091993277783
would:0.007372724475133407
can:0.003417256887105586
specific:0.014486783748894989
peter:0.029105874156726927
simple:0.026080541952223243
an:0.007098009000488037
myself:0.013173288782600328
locally:0.02422738472654832
just:0.004641852029509431
note:0.011706281023235168
eg:0.019982642923869514
people:0.005949696205822598
criteria:0.04287952406896786
about:0.0077866891725049125
is:0.004247788567441326
does:0.004816161321492194
2:0.007701223526068809
1:0.015482402307705204
various:0.014089244973735923
e-mail:0.03260508826069881
on-line:0.023287971082765237
describing:0.020823673612717985
very:0.013780573057576658
capability:0.019401685649764196
little:0.018540226892477977
remote:0.035617093461025415
wide:0.01700330773661109
aware:0.016193269612572645
high:0.011056615911626566
while:0.008578428876990207
s:0.004904634631272871
