mode:0.027549534147325402
replacement:0.07104785070622452
out:0.00847609423798892
inner:0.04004628980938833
help:0.04618905151169346
all:0.006863797342779074
thanks:0.02868182222900954
with:0.012622173599774404
much:0.012569761651510298
though:0.01788161296122791
someone:0.031704433304503885
my:0.006836073822520153
to:0.0009915101871157057
w:0.02226144500021118
most:0.013356801899043438
make:0.012662449520501466
that:0.0024957167297444374
memory:0.02432828939688716
could:0.01085690039802919
me:0.007795602017298883
anyone:0.012035357911089145
this:0.0037768520746145253
bus:0.029115414760832098
reply:0.025835946182411113
on:0.0072950910106372654
focus:0.03596340515152836
machine:0.02340143420377228
none:0.026061224693678376
josh:0.03768295119807872
a:0.003014037681682867
screens:0.04123903984422821
local:0.021988370157668722
driver:0.02647327768695246
advance:0.022759001558824817
ultra:0.03852132397689852
video:0.02514900138751815
are:0.004625261738138313
corners:0.0407821088678086
meg:0.03349434961640488
it:0.0024665858254674243
have:0.0073561239301820555
ve:0.013130458266384419
always:0.01911479207193315
types:0.029474080661732946
has:0.00766024801357231
screen:0.026894296187813294
ati:0.03693215972092589
crystal:0.04147887020586557
be:0.00416159177796742
joshua:0.0425271566172425
get:0.009455927879792247
down:0.017009824294627038
of:0.005595412534265861
helped:0.03386548176597677
monitor:0.10783527597377865
gotten:0.031005114487723116
never:0.0158556779198695
ok:0.0234809294281362
again:0.07026961548512282
windows:0.019764080441895697
please:0.013779966596440683
who:0.009302538663552866
pro:0.03237961259392966
now:0.03565282873118513
in:0.003834813709953032
1024:0.045235628352745465
use:0.011962442645664375
and:0.0027467439891423733
subject:0.0001920644380720741
scan:0.03768295119807872
i:0.006866859972855932
will:0.008153275862613557
the:0.006507220230121321
do:0.005167754812276955
when:0.009407729804631193
would:0.006709709684204145
can:0.0062198992261706
once:0.019302382697301484
gateway:0.069436267132462
come:0.017274774636470567
problem:0.06087957674951322
is:0.0019328965963357116
cards:0.02830947816080649
else:0.01817663471466228
time:0.011363381078443983
type:0.023313039642674074
sides:0.03276858540882373
light:0.025123846660476932
1:0.01409009994190438
smith:0.056658108697359176
very:0.025082625781056796
release:0.02858851431213855
live:0.022278332906098264
