help:0.024045985618447157
with:0.006571094121230869
to:0.001548538382124529
make:0.019776185206176446
jeff:0.04736493582955501
problems:0.030821047594289584
re:0.004201578682900792
master:0.05343262996953538
slave:0.12300342809110139
installing:0.059311822596103334
ide:0.1526930704543566
on:0.005696728373475167
you:0.012489864930533076
m:0.015379940585573843
a:0.007845528796889859
other:0.01549784255990911
controller:0.04732459124381648
as:0.008990046744011443
drive:0.25382505607244843
fine:0.03639501772944449
no:0.02529765699286539
works:0.033428381950008315
recognized:0.0561675653490162
it:0.0038523081993255275
should:0.018458563395881793
reported:0.04639738873046813
made:0.026130107324921364
conner:0.11909675551125908
second:0.061790916329264416
has:0.011963758133556752
free:0.032443907799154334
installation:0.05573369078578271
be:0.00649956468693788
writes:0.007429914505815307
what:0.010342046101085743
but:0.00747509238483607
in:0.0019964011448819156
promise:0.05599199997931866
and:0.0021449292948920776
for:0.003655605201259258
subject:0.0002999658077754865
space:0.03435407592711352
i:0.004289858589784155
back:0.023666929438961096
currently:0.040437455077048275
the:0.005081480966218335
effect:0.038948016344071974
did:0.036941821200965515
problem:0.023770396539838024
cache:0.05452435748025053
is:0.018112761363415542
having:0.058806548144277784
else:0.0283882272509894
partition:0.06833595827896034
trouble:0.04286316721674533
first:0.021096121678551023
article:0.009104863823782033
check:0.03718327600660325
