at:0.014931610380583576
out:0.00998455168712254
there:0.0077777880133656566
final:0.032683460993530464
technology:0.028539556659465618
all:0.008085320598697383
pass:0.03440063745924827
take:0.018014823138438166
thanks:0.016893107160306467
from:0.007174341139238776
work:0.017161631050765284
sell:0.029492138126953962
members:0.03125629075003911
to:0.008175757729352386
implement:0.08626288493923168
next:0.022698135794484535
that:0.005879739414143674
problems:0.023246383355015027
technical:0.0325148071433839
nt:0.012103026300380314
its:0.017523936915543815
re:0.0031689873116794113
wait:0.031113557670424726
so:0.008659411842245085
dsp:0.05096999157654185
you:0.004710160927192558
performance:0.03212721384403912
took:0.028605098952683723
etc:0.01968071175812064
why:0.015082394747067851
a:0.003550434218253547
how:0.011147144044314612
price:0.02652664577833867
was:0.0075039079161134375
coming:0.02946296571855589
standard:0.05159397526207181
ns1.cc.lehigh.edu:0.09133479841131398
california:0.033724315482397765
are:0.010896803077986874
taking:0.028872457916539026
reasonable:0.031680569238186844
requires:0.034018260889074795
it:0.005811108978643593
not:0.005109406852338685
university:0.01991813645422588
shortly:0.047657565231736664
after:0.016349268539533484
robert:0.027079762957268674
achieve:0.04413874079907964
which:0.01094824010608066
modems:0.04500424499464218
writes:0.0056039185679454435
get:0.011138762502467139
of:0.004943404717773017
even:0.014230164811576488
what:0.007800356805056197
year:0.020972548442454678
years:0.018896401889664353
accepting:0.043504832213633035
they:0.00790609851277749
up:0.011385257375867666
in:0.0015057601855465294
extension:0.04291505855431783
become:0.02806968453216227
ho:0.09922231111791116
or:0.005714503878839706
and:0.003235571309243982
still:0.017302619340928367
for:0.008271581260476458
subject:0.00022624539738998556
until:0.02424716716410715
faster:0.033053398537240104
the:0.0019163212118365755
do:0.012174879981466045
proposals:0.04930295518462613
an:0.007609306258997769
just:0.029857336359302187
long:0.020172129195835463
finally:0.030818004032170384
is:0.004553773337129897
chips:0.03519271989997434
new:0.014610165804097856
various:0.030208296426738886
article:0.006867227799293229
spring:0.04035335625030992
going:0.018456065119065106
realize:0.03316534965365372
seem:0.023387394533014725
while:0.018392733100665443
s:0.005257934583525579
