help:0.029723510000580513
with:0.00812260245541038
to:0.0019141655001261538
problems:0.038098239387385734
slave:0.152045904168167
installing:0.0733160029312944
ide:0.1887456009783019
on:0.007041789239434582
m:0.019011315446056557
a:0.007758356254702194
controller:0.05849845306527315
as:0.01111269666968081
drive:0.2353169790671657
fine:0.04498828580445222
no:0.03127071489395861
works:0.04132119435487139
recognized:0.06942935161197836
it:0.004761880968610722
should:0.022816835308798328
reported:0.0573523277362731
made:0.032299715998861125
conner:0.14721682278475082
second:0.07638043824034073
has:0.01478853435953543
free:0.0401042749183991
installation:0.06889303444353696
be:0.008034184126909323
what:0.012783918097175433
but:0.00924004475347792
promise:0.06921233330776891
and:0.0026513709339638183
for:0.004518734207112138
subject:0.00037079106794469857
space:0.04246545496545977
i:0.005302741867927637
back:0.029254954445382463
currently:0.04998518752579578
the:0.005234395902701757
effect:0.048144075758644524
problem:0.029382851278410893
cache:0.0673981641075319
is:0.02238938557422199
having:0.07269142756723225
else:0.03509100312969523
trouble:0.05298363725403243
first:0.026077150408208905
check:0.04596266061927346
