another:0.01606887920571434
some:0.008460412138647493
know:0.026823372296919605
happen:0.024504581349038518
dos:0.025576466349593752
existing:0.03137443229243515
swap:0.038560230619362264
thanks:0.014444830760262052
with:0.008475759083906484
c:0.018739838372673623
from:0.006134581553841852
to:0.007989560348352643
add:0.04980029589060462
make:0.01275420640108481
stacker:0.13325061599601576
that:0.005027603267166331
could:0.010935573589319257
me:0.007852091886989454
so:0.007404424618731305
stack:0.04407174120889471
this:0.0038042205679088333
slave:0.039664148913434866
ide:0.09847596572780969
hi:0.022833454058075398
on:0.003673976994487608
set:0.019198656406709574
tell:0.03492789932786163
etc:0.016828434691726346
a:0.0020239190229657898
how:0.02859484776585053
want:0.013714478026899866
drive:0.020462346005840498
also:0.010749979215069322
step:0.06028290775626597
d:0.039605309182109465
it:0.009937838543187593
have:0.00740942917605294
ve:0.013225606514691552
cmos:0.1268645047236644
settings:0.07291182677026979
maxtor:0.04228816824122147
be:0.008383496480253208
if:0.00971232492410738
what:0.013339740623139583
but:0.0048208929148580455
hd:0.09692620303765095
heads:0.03516425953436447
who:0.009369948364013394
in:0.0012875340716992064
jumpers:0.04142004360489813
5:0.01883241222404118
or:0.004886314910891923
and:0.006916619827731701
for:0.002357600455884594
subject:0.00019345620936245142
i:0.01106659172437072
creates:0.039664148913434866
actually:0.017712421210877426
will:0.02463707271528879
the:0.0032771869999524044
do:0.005205202310916642
when:0.009475901759737218
can:0.01252994191938715
an:0.013013016500894736
problem:0.01533018327569264
e:0.04508535791382358
f:0.026929211727585854
is:0.001946903093410608
3.0:0.06699629822380736
done:0.0191932141407297
new:0.01249275047017063
somebody:0.05501055396340225
hear:0.02401218524825223
faq:0.028131123644186663
readme:0.04190331443459865
give:0.017124900517072512
somewhere:0.028112471441323093
letter:0.029572818983629394
by:0.007177068658095406
s:0.004495915078666799
