basically:0.023928088708828576
read:0.013823189401816597
there:0.005596213326689923
scheme:0.027992847405331728
know:0.01504725762997929
posting:0.02011700339607464
all:0.005817486772233483
dos:0.043043321417609
means:0.017284117197797273
thanks:0.012154796615342458
way:0.010563248899674044
response:0.042824372593016365
times:0.05141114892975048
work:0.012348002829209169
2.1:0.03199988141699051
possibility:0.025859643790495927
to:0.003361461366075197
psychology:0.03411344610043704
5.0:0.030929364500337612
make:0.010732198069205511
like:0.007101457704321178
nt:0.008708275021005348
could:0.00920188509345157
so:0.0062305524230787815
this:0.012804449716376074
on:0.018549103362413045
you:0.003389018228101963
timer:0.07094815502177906
them:0.01787633136014928
m:0.02503929351431839
seconds:0.05644103225502497
more:0.015505110070984462
a:0.005109161436023396
as:0.01463623463811619
old:0.016145811477697097
running:0.018460124466138424
related:0.02350084747336079
accuracy:0.029507037174241305
also:0.009045714217558332
experiment:0.030981258949532176
bios:0.0882772054702337
are:0.003920191351226985
no:0.006864303269405548
01:0.03641402068056794
it:0.002090581888658366
boards:0.028526307491448286
machines:0.024060649602953003
second:0.01676643766251382
be:0.007054405574847211
which:0.00787739227144828
get:0.008014475459092209
if:0.0040862830473378615
of:0.0035568399798610725
trying:0.0328820515008341
cmu.edu:0.037375172779370275
but:0.0040566050137220136
order:0.01709949305568593
well:0.01026138969605698
email:0.01673108938395086
in:0.00216682563285964
requirement:0.032513664000025505
our:0.013596191603538985
or:0.008223310459793723
use:0.01013889955943505
better:0.013635462629886604
and:0.004656066030375486
few:0.013936753054306625
subject:0.0001627863225123067
i:0.010476148568344843
appreciated:0.020638793409611236
386:0.028775222092181554
preferred:0.03113964606174718
any:0.02495822600704408
information:0.02974172298150933
precision:0.03722823648925405
ways:0.021758160861457893
improving:0.036542395126896186
than:0.01744635710023733
the:0.002757632963374584
do:0.017519949241621872
alternate:0.03604435835241895
hello:0.02359323652836446
would:0.011373776172004586
can:0.010543487712655042
joe:0.02426505626172522
just:0.0071609058747919875
people:0.0091784947565434
frequently:0.028457016280165875
is:0.004914743174829217
occur:0.05548531192434806
time:0.009631158353071425
nice:0.019266704004602186
every:0.01483017394474022
planning:0.028253745424875683
by:0.012078481400209343
s:0.0037831480540001117
