at:0.012235625172978208
out:0.016363570820561942
there:0.012746930355238158
thanks:0.027685925623835594
with:0.00812260245541038
much:0.02426662318833238
work:0.02812600644430977
to:0.0019141655001261538
anyone:0.023234927078352653
comments:0.05116673630595972
getting:0.037669466280898414
on:0.007041789239434582
performance:0.052652933799953
am:0.022699116065296742
vs:0.09490588736287062
modem:0.05921348022965014
a:0.0019395890636755486
hard:0.03755879725799318
same:0.026973518757341837
price:0.043474225025610595
was:0.012298071306963688
drive:0.03921949651119428
laptop:0.08323545556681909
have:0.014201405920768134
reliability:0.07637909695371317
between:0.03226202563953341
25mhz:0.08105232246234113
batteries:0.0733160029312944
has:0.01478853435953543
trying:0.037449003098172166
looking:0.036026185352870055
but:0.00924004475347792
significantly:0.06787879645721906
cheaper:0.06124136665231657
better:0.03105855376807504
and:0.010605483735855273
for:0.004518734207112138
subject:0.00037079106794469857
i:0.007954112801891455
any:0.0284246462858002
decide:0.056857047452955264
the:0.007328154263782459
extra:0.053953829298489596
gateway:0.3351264281740354
about:0.02736156056449643
is:0.0074631285247406635
col.hp.com:0.08105232246234113
does:0.01692345575468785
experience:0.04600309409437705
concern:0.06398136721793171
s:0.0172343411348894
