xt:0.19675817630033432
some:0.022452632214102965
all:0.018347458281659446
thanks:0.03833435855608006
graphics:0.06766810461807157
with:0.01124668032287591
bits:0.0847957384416691
my:0.03654670235885774
to:0.0026503830001746746
like:0.022396905067474486
hi:0.06059647423104625
pieces:0.09787519637335902
on:0.009750169716140192
you:0.010688442104013882
am:0.031429545321180107
etc:0.04466007668188915
card:0.11772724409670161
a:0.002685584857396914
sorry:0.06110416701420432
old:0.05092140542966008
question:0.041980501602828936
kind:0.05299089801852039
able:0.05072048511751287
be:0.011124254944951372
if:0.02577501614474651
of:0.003739242030110359
286:0.10626177478816774
hd:0.08574241037946047
use:0.031976529379756695
p.s:0.08720832125230439
and:0.007342257970976728
for:0.0062567089021552695
subject:0.000513403017154198
i:0.011013386956465093
info:0.05664222037293072
will:0.021794333555832393
the:0.0014495250192097173
upgrade:0.08504933467786052
an:0.017267271895418015
i/o:0.09924940721916949
upgrading:0.10758856077830142
is:0.0051667812863589214
netters:0.09495818507851161
motherboard:0.08683123526406639
faq:0.07465567428649537
