at:0.011151455853853557
11:0.0489141093369609
know:0.015618672476687365
sub:0.07559366318497647
with:0.00740287818720946
via:0.04326875162804614
to:0.001744555898849153
think:0.018224658576310827
re:0.009466848171599254
this:0.006645347321157203
finger:0.06298184749449937
appeared:0.060196254016312005
these:0.020970075608847373
directory:0.053360497326967044
you:0.007035430245680024
none:0.04585455990406701
card:0.03874567527233217
a:0.0017677267415777153
series:0.0454094982375654
as:0.02025605468903844
worked:0.04866030177942215
21:0.051344342039928166
far:0.03151111483697977
files:0.08378003960981491
are:0.016276237508891785
those:0.023492603218829875
couple:0.03994926322347492
probably:0.030218021709230485
b:0.03874567527233217
incompatible:0.07341834347704408
25:0.0465529436492356
be:0.007322294394145206
svga:0.06568531711852543
writes:0.008370410012880535
of:0.0049225464700187
3.1:0.04963951877059768
available:0.06838136272947418
particular:0.04292470187447857
latest:0.05273856456016141
they:0.023618218341968193
find:0.02679046503384038
called:0.03395258855514853
newer:0.062225907814732
in:0.004498220301126341
and:0.007249317996660567
for:0.008236680073723392
subject:0.00033793616319010504
finland:0.06866151638891689
i:0.007249317996660567
ago:0.03621728766284359
the:0.00572470640498015
can:0.010943873321996372
drivers:0.19910398777116484
win:0.04290475194466255
days:0.037699400310761674
downloaded:0.07458046435366589
trident:0.07855081319993225
wuarchive.wustl.edu:0.07758896627616108
