mark:0.19070628344712318
ideas:0.057095137095864605
there:0.014567920405986466
dos:0.1680739217259018
thanks:0.03164105785581211
often:0.04932254584569375
5.0:0.16102907231921804
lock:0.08024775650379344
that:0.005506422625944076
need:0.030495269706305336
recently:0.05252875499345538
on:0.00804775913078238
machine:0.05163173578292614
a:0.0044333464312583965
running:0.04805492718169368
driver:0.058409295214069706
button:0.07548419154426426
are:0.020409885130197633
no:0.01786897993940492
not:0.009570000136126426
machines:0.06263407198229035
mouse:0.20694915129656336
screen:0.05933820904930234
anybody:0.048247541982741185
4.0:0.0897372327062636
they:0.029616496016118845
up:0.021324767783371182
installed:0.06357730087865227
use:0.026393325837259493
and:0.006060276420488728
few:0.03627980160168708
subject:0.0004237612205082269
i:0.003030138210244364
any:0.03248531004091452
will:0.03597794745724712
the:0.005982166745944865
users:0.06267773917866956
when:0.020756737187995807
got:0.035113552724294825
claim:0.051829191187301366
is:0.004264644871280379
new:0.027365072458468996
2:0.03092713574754617
blank:0.0874978898767413
s:0.009848194934222513
