since:0.011115675685576008
there:0.005098772142095264
help:0.011889404000232206
all:0.00530037683692384
dos:0.019608624201355212
thanks:0.022148740499068478
text:0.020092020740186487
with:0.006498081964328304
way:0.00962429344192524
much:0.009706649275332952
ca:0.011425269978290672
into:0.009948910572124369
dennis:0.06026955327471595
both:0.012476133790601323
my:0.03167380871101004
to:0.0038283310002523076
software:0.015643254936006983
t:0.014312628083335789
enough:0.013511936260763312
next:0.014879889020828752
make:0.009778224907498355
that:0.0019272479190804268
really:0.01084108746217181
nt:0.003967103065124659
need:0.010673344397206868
file:0.01688047712476894
bus:0.0449671405750629
he:0.008834073375112418
big:0.015421003077041985
on:0.008450147087321499
slowly:0.029326401172517762
machine:0.01807110752402415
card:0.017005046369523567
graphic:0.05853766026686278
m:0.007604526178422623
a:0.005430849378291537
hard:0.015023518903197274
load:0.02497773817668647
controller:0.02339938122610926
as:0.00889015733574465
running:0.016819224513592787
ram:0.0648309511372208
worth:0.019528686771065767
scsi:0.04699969217925514
solved:0.030202117529204334
advance:0.03515001351862944
ultra:0.029747022404382744
computer:0.02978558783517017
files:0.018385064247709384
those:0.01031064252381978
it:0.007619009549777155
not:0.0033495000476442493
have:0.005680562368307254
buy:0.016704672918022034
between:0.012904810255813364
disks:0.02394283840996396
has:0.005915413743814172
cad:0.03462323605487116
feel:0.01692375935692321
ati:0.028519834451159437
be:0.006427347301527459
svga:0.02882855584646394
get:0.007302077640506235
spend:0.022778317859508616
of:0.0010802254753652148
interface:0.02345944187113268
huge:0.023877349766897062
well:0.018698532335037165
windows:0.015262262119019453
up:0.0074636687241799145
good:0.009000054729774996
one:0.005462838376531236
in:0.0029613283649081745
replace:0.02442423906030402
speed:0.037316279632064235
use:0.018475328086081644
p.s:0.02519351502844349
and:0.003181645120756582
usenet:0.02268999238135418
for:0.0018074936828448556
subject:0.00014831642717787942
however:0.013317216134427295
editor:0.02565196516004351
i:0.009544935362269746
faster:0.021668339041079624
appreciated:0.018804233995423573
experienced:0.028371677522925208
stupid:0.021453812173703072
any:0.01705478777148012
will:0.006296140805018247
the:0.0016750066888645623
do:0.011971965315108277
when:0.007264858015798533
can:0.004803144402431741
hate:0.02236660690309905
isa:0.026810114253922827
may:0.020678061415998122
an:0.004988322992009649
problem:0.023506281022728715
is:0.004477877114844399
chips:0.04614156609107747
type:0.018002847279620534
does:0.00676938230187514
lot:0.013769741045918838
man:0.01610027410441777
appropriate:0.02246670971144726
runs:0.02084328066912964
slow:0.022814045028010228
too:0.021694642976272185
accelerator:0.029443364556950163
article:0.004501849335092228
very:0.00968468050990804
planning:0.025742301387108955
difference:0.035635042742604296
especially:0.01736275393054079
sometimes:0.038938959159087225
trident:0.03447507912663693
