another:0.016548547241705812
sent:0.05489078430283004
wilson:0.14898716831646017
out:0.017584732822096414
apologize:0.04004301185106587
all:0.007119909183927546
paragraph:0.03701715283533329
with:0.004364383408877219
c:0.01929923653305194
ohio:0.03785384908996543
documented:0.0412359126043636
from:0.006317703391269967
work:0.03022496214910901
sell:0.025970688798362444
my:0.014182302407914944
to:0.0020570136717773593
that:0.012944202441584955
nt:0.010657888831678187
re:0.0027906007670012727
consumer:0.04084815335861203
practice:0.030645732127177916
had:0.0229016191892856
two:0.027832678099303156
these:0.012362955023126437
used:0.02946960460204277
working:0.023645813512735873
posted:0.025472991973745487
a:0.0010421672580943247
how:0.009816141770366599
same:0.014493233959168749
was:0.01321583782240874
as:0.01791300358694817
running:0.022592988152587326
standard:0.02271675030195699
drive:0.021073162304522303
also:0.01107087411701169
stuff:0.021816541437862852
are:0.0047978461313524295
no:0.008401087583451566
d:0.013595852405798772
it:0.007675867829999372
should:0.012259792106219997
made:0.017355071282970157
drives:0.03020181083399747
only:0.009951762972158855
stay:0.02946789230041927
facts:0.030224528314454394
b:0.02284259960085255
quit:0.03754414960558668
modems:0.1188918114037562
tech:0.03384203511283454
of:0.0043531474380389245
even:0.01253104065497034
but:0.014894400498143513
they:0.020886260250173365
one:0.022014423308409456
bob:0.05498514946312089
in:0.0013259679245857497
floppy:0.032873291743267447
our:0.016640115096868607
clearly:0.027123211764361225
and:0.005698468872996863
for:0.0024279765888960744
subject:0.0001992310215822261
i:0.0028492344364984316
tape:0.03096543480386816
person:0.02093428685876008
away:0.0413281132287115
addition:0.02959227328911488
program:0.020721145017791605
turned:0.02930521149189252
micro:0.08460765869590142
the:0.004500017970083898
thing:0.016895018172574303
start:0.021026582745391886
would:0.006960071985853552
thought:0.020034226904415763
warning:0.03201597625074191
middle:0.02997836041149688
is:0.004010039207323342
new:0.012865668394653335
experience:0.024718080408919013
ordered:0.03495556047243659
almost:0.022552186046750508
three:0.021779761242331885
bad:0.020452246617510328
clue:0.03785384908996543
news:0.02290206355345835
