all:0.02446327770887926
true:0.06623796902968837
dos:0.09050134246779327
thanks:0.051112478074773406
into:0.04591804879442016
to:0.0035338440002328996
require:0.09947489894622018
randy:0.12858427346714696
memory:0.08670851861967475
this:0.013461088163369718
hooked:0.1478349476568029
ide:0.1161511390635704
os:0.12177821030036591
vs:0.08760543448880365
a:0.0035807798098625512
driver:0.09435347688426646
scsi:0.3253824843179202
also:0.03803838799178375
systems:0.07693377231493873
32-bit:0.14237540926596517
device:0.20585409153388848
be:0.029664679853203656
of:0.004985656040147145
separate:0.10827434709753544
up:0.0344477018039073
for:0.01668455707241405
subject:0.0006845373562055973
each:0.06528229224001578
will:0.029059111407776523
the:0.0019327000256129563
do:0.018418408177089656
cards:0.10089788370133594
loaded:0.11966540179351803
s:0.01590862258605175
