since:0.02598469640784002
fast:0.04521815486945504
50:0.04482056219647313
thanks:0.025888138245664456
missing:0.056073343680379854
someone:0.028616339151467794
to:0.0035797380781580025
dx:0.07783055585468798
everyone:0.039707957889780564
matthew:0.05566587455612331
think:0.01869802633153968
nt:0.009273747424966734
me:0.014072580264994089
had:0.01992738293093682
something:0.02585274437874705
on:0.006584530197912856
you:0.0072181686936197646
vs:0.04437158370212133
more:0.016511935400269167
a:0.0036272834437568705
richard:0.04852048720491921
as:0.010391092989831409
plus:0.04644025784389183
chip:0.041979277374068494
popular:0.054934705144583935
plans:0.06046382593091271
it:0.00890533583740187
not:0.015660000222752334
willing:0.04644025784389183
be:0.022537451576784596
applications:0.050653260096030286
if:0.017406504409439204
future:0.045513069146985066
even:0.02180726555540293
explain:0.046689058805358494
must:0.0300968886685649
in:0.002307528596032344
66:0.06643782576374925
better:0.029041764562355885
for:0.004225309907949013
subject:0.0003467137258703675
i:0.004958407980399869
faster:0.050653260096030286
mention:0.04902175083476523
any:0.013289445016737757
than:0.03715847486284315
the:0.005873400077836776
do:0.009328804141642815
would:0.0484493322651624
just:0.015251799525530987
upgrading:0.07265720987625551
many:0.024067545812702516
is:0.01046776468405184
motherboard:0.058639275762746135
lot:0.032189005042407674
adds:0.07028939745035999
seem:0.03584042279085374
buying:0.052093739288798915
