sent:0.02744539215141502
some:0.017425923509453045
out:0.008792366411048207
knows:0.02607433888911369
dos:0.02633994295704431
specifically:0.03020181083399747
with:0.013093150226631656
someone:0.03288743454720925
such:0.014350874652744766
from:0.012635406782539934
work:0.03022496214910901
my:0.014182302407914944
to:0.005142534179443398
cases:0.027461086555868597
that:0.0025888404883169912
problems:0.020470695790237112
like:0.008691336294840845
nt:0.01598683324751728
advise:0.044723528364261
re:0.0027906007670012727
master:0.03548883632304962
anyone:0.012484438430159636
had:0.0114508095946428
this:0.00783555878166297
off:0.03258891713367687
bus:0.03020181083399747
internal:0.029571398627763677
on:0.015134591798187758
brown:0.0346612191884717
you:0.00829550730460779
am:0.012196539975383325
sure:0.01628391059820301
a:0.0010421672580943247
controller:0.06286400926417413
athena:0.04441253809261497
as:0.005971001195649391
running:0.022592988152587326
scsi:0.03156695743382808
486:0.035581541696173176
straight:0.029825833040770963
shell:0.03596432747518475
it:0.017910358269998535
have:0.007630606166382879
systems:0.022391172539422466
ve:0.013620400739010703
robert:0.023846358425057487
without:0.01677022749852608
be:0.004316875053264712
writes:0.004934793962817629
get:0.019617522019270483
if:0.00500112253554783
but:0.004964800166047838
understanding:0.029956378991871833
shut:0.03521743599341622
who:0.009649648315177973
one:0.014676282205606305
in:0.003977903773757249
and:0.0028492344364984316
for:0.0024279765888960744
subject:0.0001992310215822261
i:0.008547703309495294
back:0.01571908000050401
any:0.015272944272967272
necessary:0.026901311772250185
yet:0.019627378676762414
the:0.0033750134775629237
thing:0.016895018172574303
vlb:0.08207902956219924
would:0.006960071985853552
can:0.006451985018191891
ralph:0.04133608439788704
did:0.012267992861514667
return:0.027540057521021857
problem:0.015787800686907345
cache:0.07242787784689995
different:0.018859827597098863
interested:0.021470718025484475
is:0.004010039207323342
bucks:0.04012830062586902
motherboard:0.03369570323680188
does:0.009093200106996456
hear:0.024728966897453786
first:0.014011603204410755
article:0.0060472603008701565
very:0.013009272326742144
three:0.021779761242331885
before:0.015867121397183912
mine:0.02436745555820885
