thanks:0.06430279499729558
from:0.05461756480194681
problems:0.1769724668317273
anyone:0.053964991923915843
had:0.049497047925230166
reply:0.11584504901145626
computers:0.1399280279544732
a:0.004504852018859339
hard:0.08723333556695191
drive:0.0910904435098706
should:0.052993940072047725
expect:0.11149100268252864
has:0.034347563673759705
asked:0.10878389995930422
one:0.03171970670243943
subject:0.0008611921578070418
i:0.018474068443102735
any:0.033009266654477655
when:0.04218304654334632
got:0.07135980069776045
returning:0.18598590189081657
about:0.03177471549425392
tc:0.20376580251306037
experience:0.1068458959611338
describing:0.16994804593605323
miami:0.20376580251306037
buying:0.12939412662056504
