some:0.0212279431842428
know:0.022434093193787304
with:0.010633225032537224
to:0.0025058166547106014
nt:0.012983246394953426
me:0.01970161237099172
anything:0.04220438455126188
so:0.018578374497907637
anyone:0.060833263623323315
these:0.03012065405634441
recently:0.06016930117432162
you:0.02021087234213534
used:0.035899336515215735
am:0.029715206485479373
brand:0.08191931496035845
a:0.007617295231889427
question:0.03969065606085644
computer:0.04874005282118755
it:0.012467470172362617
has:0.038719071777692765
heard:0.09827808579708634
if:0.01218455308660744
of:0.0070705667478450415
trying:0.04902414951033447
286:0.1004656779815404
please:0.034825733761913724
find:0.03848084977587982
and:0.003470885586279908
subject:0.00048539921621851447
i:0.003470885586279908
any:0.01860522302343286
information:0.044342205172432085
the:0.004111380054485744
thank:0.06600898739580935
did:0.029889291698963004
come:0.0436580668085347
drop:0.07872130284283728
bought:0.06660152270669928
friend:0.06314908035805102
note:0.05384889270688177
about:0.0358187701935226
is:0.009769913705115051
documentation:0.0814022615908942
