another:0.01225141066513027
mode:0.06347047369853422
at:0.004867210013560393
out:0.0065092657407760214
default:0.02651754301437451
knows:0.019303654205200194
thanks:0.011013185883514713
with:0.009693271438500784
into:0.0098939442153723
followed:0.024557666856371712
my:0.02099921019514478
to:0.0038071800002509137
obviously:0.02034195072279534
then:0.008817018507048635
owners:0.02385440587507872
hang:0.029339784029656226
might:0.011751851579438928
that:0.0019166001405219713
configure:0.032446455740159724
bit:0.03011142760282541
civilization:0.03224180783032354
so:0.011290724832982543
this:0.0029004554606155745
off:0.012063300817438399
installing:0.05832875371329499
game:0.016419939822709874
on:0.005602307461207623
set:0.014637649636054812
used:0.01090863816760699
machine:0.05391380145288972
went:0.018024647874232507
am:0.009029482633709202
8:0.0163121065324523
a:0.00231464772239734
how:0.007267198879718918
other:0.0076204861206182915
sb:0.0642845161523302
was:0.0048920504646485395
related:0.02129358555597331
question:0.02412139318615585
fine:0.0178958926956937
far:0.01375347001172045
business:0.01998101510073794
are:0.00710399316686437
manual:0.02171048285570587
works:0.032874320370726406
it:0.0037884577871820104
choose:0.021954715410979327
should:0.018152620356171045
have:0.005649178045830418
only:0.007367603526349649
after:0.010658639158369896
configured:0.03265897662871109
channel:0.026772862589817224
32-bit:0.061355148744449084
links:0.03176108199060183
installation:0.027404963977539568
which:0.0071375266989918106
recommended:0.027119483256300227
what:0.015255946458507698
but:0.007351195825971384
least:0.013302002114400455
now:0.018253197766610434
one:0.005432656949036588
in:0.0009816558115717706
extension:0.027977772980163
5:0.0287168274797534
installed:0.0221291157754425
or:0.007450955333735749
use:0.00918662722512347
and:0.009492200912754444
still:0.011280160675301364
for:0.0017975075299009613
subject:0.000147496999403416
however:0.013243640354679077
i:0.010546889903060493
6:0.016233975870492787
dma:0.16384191704676482
body:0.019611497920853874
any:0.005653520808225454
actually:0.013504497939784997
will:0.006261355496703229
yet:0.014530766534177699
program:0.01534051620101699
turned:0.02169557093874916
the:0.003747943143591976
compatibility:0.03149152307253868
wrong:0.014604541750441218
do:0.003968607286776224
when:0.007224720678694673
can:0.004776607693026041
gateway:0.026661992075724356
bought:0.0202380317617042
7:0.017632754303487878
10:0.015968904739757813
about:0.005442078344319732
different:0.013962524298404683
is:0.005937516616368263
select:0.02617212667746106
done:0.014633500284092256
yesterday:0.02428929851300952
right:0.01071753366734972
questions:0.033416313118734935
irq:0.031669759880374154
run:0.014789140488328148
told:0.017128286004028343
1:0.010820573988534301
16:0.01926515326975216
instructions:0.02669870225649048
golf:0.031853938997874656
side:0.03558413346487506
by:0.005472019197884895
john:0.014814797787745002
s:0.0034278247561105985
