at:0.019796966572009685
mark:0.03374858386845157
all:0.010719863265688665
take:0.023884821689165208
thanks:0.022397602751867
oscillator:0.07064890270822044
my:0.010676564734048329
store:0.05014834886495026
to:0.0046456151463735865
mhz:0.05309108528207054
been:0.0164858470474319
that:0.011693414340487982
think:0.016176944129534326
like:0.013085832174254755
re:0.004201578682900792
fingers:0.06386761032765574
a:0.004707317278133916
running:0.03401640912861462
40:0.04297199087668313
local:0.06868277420035847
are:0.014447446777555628
should:0.018458563395881793
have:0.01723316673531414
boards:0.052565330658399086
hope:0.032454624018427476
selling:0.046851428487073486
down:0.026565905359024245
if:0.0075297799973416775
of:0.0021847256805139176
intel:0.05680459168246053
together:0.03998838473539585
now:0.018560835931216227
cpu:0.05025238622913898
system:0.02511485763193848
speed:0.037735563672873944
or:0.007576533232618936
cross:0.051465283299057835
use:0.018682916042105032
and:0.006434787884676233
for:0.003655605201259258
subject:0.0002999658077754865
however:0.026933695552774303
vendors:0.06164484916664541
i:0.015014505064244545
info:0.03309433100440896
386:0.0530240047541323
any:0.011497609733582104
the:0.005081480966218335
see:0.019880738892260406
would:0.010479209506790743
can:0.00971422463413161
peter:0.04136958517781974
maybe:0.029751832385868808
put:0.027948980893784035
head:0.038796176802872846
either:0.028129918057453462
motherboard:0.050732856558780355
electronics:0.05067844504781644
runs:0.04215494966790264
advice:0.08741251838726401
guess:0.03366468834759161
33:0.05182013242321849
needed:0.037481153821753044
s:0.006971194166921554
