there:0.007342231884617179
supports:0.03457311587727029
access:0.026819014944148206
with:0.004678619014316379
c:0.02068878156343168
from:0.006772578035441405
work:0.01620057971192243
both:0.017965632658465902
my:0.00760171409064241
to:0.006615355968435988
add:0.027489763331613747
then:0.012767042798206426
that:0.0027752370034758145
re:0.0029915240222253645
master:0.03804403253830919
error:0.03012366527337599
slave:0.043789220400432094
ide:0.1087174661635019
on:0.00405607060191432
western:0.0654484442191264
set:0.0635859500190221
a:0.0033516099020313482
hard:0.04326773444120815
controller:0.03369510896559733
want:0.015140783741697453
invalid:0.046261259135796914
adding:0.03780085272083422
cables:0.0421471153921412
drive:0.18072343992358328
setup:0.03531003818853274
bios:0.038606564525648875
are:0.005143291052809805
d:0.02914950755803257
it:0.008228530313759327
not:0.0048232800686077194
should:0.013142497137867836
drives:0.06475268242809058
plug:0.03794587179757468
try:0.01949111737874714
settings:0.040247328377188925
second:0.021997566213218134
has:0.008518195791092408
be:0.027766140342598625
which:0.010335138660140143
get:0.010514991802328979
boots:0.046400393077491865
available:0.02160851062251384
but:0.010644531556006564
must:0.03707936683967196
in:0.0028428752303118476
jumpers:0.045727728139807536
system:0.0536453359018206
or:0.0053944916616246825
message:0.02597855910847777
and:0.006108758631852638
for:0.002602790903296592
subject:0.00021357565513614637
each:0.020368075178884924
i:0.007635948289815797
info:0.02356316367513918
the:0.006633026487903666
do:0.0057465433512519735
when:0.010461395542749887
start:0.0225404967030601
can:0.006916527939501707
bought:0.029304669990947683
an:0.007183185108493894
just:0.009395108507727087
actual:0.032498855093829625
is:0.0021493810151253113
new:0.013791996519068376
2:0.01558727641676327
already:0.023246290570378813
says:0.020488213955420546
