out:0.01386090704800541
say:0.022324058520794627
happen:0.03978390854314488
with:0.006880322079877027
such:0.022623731805503512
except:0.03793366375298604
to:0.003242821553154896
look:0.02789609793265777
that:0.008162461774928865
nt:0.00840092413791104
me:0.012748102122406409
re:0.004399300032684359
anyone:0.019681349995781073
this:0.006176263980840224
bus:0.047612266491243074
these:0.01948983497763462
you:0.01307762328020522
tell:0.028353235924970032
performance:0.044600132159960185
them:0.01724540201802636
m:0.0322074049909664
a:0.0032858920608150473
coleman:0.07397355695331316
was:0.010417189812957478
idea:0.032616191708950075
local:0.035957452375481785
also:0.01745290743152431
section:0.04835010736027397
bios:0.11354871919308492
daniel:0.05033623523762752
it:0.0040335932910584935
have:0.00601471309585474
systems:0.0352990249445013
has:0.012526758516312365
noticed:0.04772003554299206
writes:0.007779557541383086
things:0.02629089327223823
of:0.002287536300773396
what:0.010828730623489779
released:0.050889970659486174
tim:0.0479754035263081
in:0.006271048302158487
for:0.011482901043955553
enjoy:0.05438523032285539
subject:0.0003140818457884505
i:0.0067376014321904095
person:0.03300228751851589
any:0.012038673721044791
flash:0.12939517601570233
2000:0.050889970659486174
the:0.0017735364940918894
do:0.008450799045958784
upgrade:0.05203018121469114
can:0.010171364616914275
because:0.020761438810523693
gateway:0.11354871919308492
rtsg.mot.com:0.06651112541758361
may:0.021894417969880363
new:0.020282347822159374
does:0.014335162521617944
their:0.017808042571549575
warn:0.06823587217278215
nice:0.03717340537358539
update:0.05108049637619183
terms:0.045283987943699575
article:0.009533328003724717
readme:0.06803126343499546
bad:0.03224236525583981
comes:0.035578545144064846
wuarchive.wustl.edu:0.07211209806843207
