sent:0.013825874241690272
seemed:0.031722427791982664
since:0.007521885802269478
go:0.007313655081932808
at:0.013247594172247083
out:0.022146186072940974
fast:0.026178931766526598
say:0.007133627722810313
know:0.004638628291948503
geoff:0.022007956225401346
tried:0.034938316387631625
graphics:0.026456702557441515
with:0.008794396643451838
though:0.009344151133874734
modern:0.015438075582864063
my:0.014288936260606034
to:0.0031087199099793174
then:0.00599955018712708
most:0.006979682195364803
that:0.003912458181591844
think:0.005412586569656222
quite:0.009985711962817298
higher:0.013954413206909369
like:0.004378342344017568
really:0.014672148445044554
months:0.01276614488714218
its:0.007773776526444248
so:0.011524179669754737
anyone:0.006289153194140568
this:0.0019736181893662366
programs:0.013282639565016978
merely:0.015342289547897955
1024x768:0.020772978530017753
on:0.0019060482151853004
am:0.012288243283468914
purchased:0.0359913879486671
card:0.08055021964511162
board:0.027001477589136423
a:0.006825020163910953
want:0.007115029953805194
price:0.011767459405428431
was:0.00998640376806074
old:0.009954560459933549
coming:0.013070037424021033
driver:0.013833780445437562
compatible:0.033876408442253494
wife:0.01519166175618034
drive:0.010615803566939806
modes:0.018676327365864213
also:0.005577056886013407
straight:0.015025043712268078
70:0.01617231901264138
march:0.016292150623658103
those:0.01395425303975609
base:0.014479834042906205
geoffrey:0.023231348708238297
it:0.007733581121954255
not:0.004533157959217781
zero:0.017419602442404553
couple:0.011864630806971872
have:0.009609973931346858
being:0.007315052368139654
boards:0.01758764822781022
able:0.009915282804927327
hz:0.04387794900216964
after:0.007252683036334403
robert:0.01201282717653272
has:0.004002911555964477
heard:0.010160328418871708
anybody:0.011427049416965018
be:0.004349332760432115
svga:0.0390160906192745
which:0.009713476184342238
were:0.0058319672837304475
things:0.008401225293760337
if:0.005038724960627137
end:0.010166290987125974
of:0.004385877869903879
even:0.006312629502879795
monitor:0.0140875031582286
gotten:0.01620192072854704
looking:0.00975144866694227
what:0.0034603086578820722
but:0.005002129490604588
released:0.016261832729535054
version:0.011731092510020994
fairly:0.029505312392841248
using:0.008287295408439551
they:0.003507216633487758
adobe.com:0.02000493167470674
good:0.006090262599095861
in:0.0006679688041146258
system:0.008403091463317762
thoughts:0.016142948562503055
and:0.0043059858777156745
for:0.0036693480779557215
subject:0.00010036449959405374
cause:0.011855267418579197
i:0.010764964694289187
appreciated:0.012724669620963318
info:0.011072915260873674
back:0.01583726857193637
possible:0.009687863244227752
ago:0.010756262125430993
any:0.003846944610108298
actually:0.009189150853763475
pretty:0.02163924854826787
will:0.004260546409410843
capabilities:0.019265419290323074
than:0.005378200309095718
the:0.0036837553119765747
do:0.002700443304159762
thing:0.008511024192199084
vlb:0.1033702064035216
around:0.0088992271923069
would:0.00701240335416824
did:0.012360233409345604
an:0.003375556911886228
myself:0.012529481436082266
just:0.008829989198991623
here:0.006768424457230812
about:0.00740613669414941
17:0.029566193672785755
is:0.00505023734756887
refresh:0.04505979549481936
match:0.01799569397433355
time:0.005938007405653058
checking:0.018268773612077807
does:0.004580785016306485
run:0.010063287324764641
wanted:0.011447969885511663
handle:0.030544036742321076
nice:0.011878719762235932
precisely:0.01873416540661414
resolution:0.016796323288860403
supposed:0.01371689853915925
orchid:0.024477052226864016
neither:0.01407060695677056
answer:0.011414552789958107
data:0.01103137452333012
buying:0.015079766636231264
