out:0.017851168167885755
there:0.013905742205714356
played:0.061457621532641296
fax:0.046343080907324086
with:0.008861020860447688
someone:0.03338572901004576
alot:0.07672692286984097
work:0.09204874836319563
to:0.002088180545592168
sound:0.052290655895885316
kent:0.06971747556759683
that:0.005256130688401164
like:0.01764604641679808
nt:0.010819371995794523
me:0.032836020618319535
so:0.015481978748256365
anyone:0.025347193176384716
this:0.007954279369263925
hi:0.04774267666688492
tell:0.03651553111549171
machine:0.04928483870188404
brand:0.06826609580029872
a:0.0021159153421915077
how:0.01992974238225946
other:0.020898605876241073
want:0.028675726783517902
have:0.007746221411328073
ve:0.027653540894355066
has:0.016132946574038652
call:0.04025691057573799
be:0.008764564502082899
modems:0.16092426998084172
get:0.019914757201380643
if:0.020307588477679068
of:0.005892138956537535
seen:0.03927977107003565
what:0.013946092469645928
well:0.07649399591606112
please:0.02902144480159477
they:0.02827029165174981
one:0.014898650117812462
and:0.005784809310466513
for:0.004929528225940515
subject:0.00040449934684876206
p:0.051001939994414394
i:0.005784809310466513
info:0.04462720393018784
the:0.0022841000302698576
do:0.03265081449574985
would:0.014131055244005698
very:0.026412765027021928
ads:0.08372139831795034
