another:0.007391684434628596
some:0.0038917895837778473
believe:0.01448447920220227
pc:0.011109473539992944
choice:0.012574542248395144
say:0.006325149914225145
all:0.003180226102154304
thanks:0.0066446221497205435
own:0.007554968785159984
your:0.004199774073937542
with:0.0019494245892984912
much:0.011647979130399543
into:0.005969346343274622
such:0.006410057344892662
from:0.005643815029534504
my:0.019004285226606025
to:0.0027563983201816617
obviously:0.012272976936086522
randy:0.03343191110145821
that:0.001156348751448256
think:0.009598320183523702
like:0.011646390635086733
really:0.013009304954606173
through:0.015796421960165515
along:0.01164653803713745
could:0.020121455404347434
comments:0.012280016713430335
this:0.006999765844952254
hooked:0.01921854319538438
bus:0.01349014217251887
ide:0.09059788846958493
getting:0.009040671907415622
something:0.00663553772387841
on:0.0050700882523928995
you:0.007410653192116292
tell:0.008033416845408177
great:0.008404168962442256
card:0.02040605564342828
vs:0.011388706483544475
m:0.013688147121160722
why:0.005932408600513355
answers:0.01396870407417461
a:0.004189512377539185
how:0.017538173296388324
hard:0.027042334025755094
other:0.004597693292773037
controller:0.028079257471331113
want:0.006308659892373939
as:0.008001141602170185
adding:0.015750355300347595
standard:0.010146815134874122
waste:0.014261933317327799
drive:0.03765071665074652
question:0.007276620277823682
scsi:0.15509898419154197
scsi-2:0.062321824898768086
are:0.004286075877341504
no:0.003752485787275033
those:0.012372771028583735
wow:0.017265537694696555
d:0.006072814074590119
wild:0.015750355300347595
it:0.0068571085947994395
not:0.00200970002858655
choose:0.013246011631290862
should:0.005476040474111599
have:0.005112506131476529
buy:0.010022803750813221
kind:0.009185088989876867
money:0.010334065889097101
hope:0.009628205125466818
be:0.001928204190458238
which:0.008612615550116786
thinking:0.023223510225657704
were:0.005171010991574331
if:0.0044676694650893954
of:0.0019444058556573865
future:0.011681687747726167
what:0.012272561373288417
but:0.002217610740834701
hd:0.10403412459374538
lines:0.011777273747648389
port:0.055597028471327206
factors:0.016585219840218168
well:0.00560955970051115
up:0.008956402469015898
now:0.016519143978782444
seagate:0.01916251946766311
in:0.00118453134596327
according:0.011465087348620728
compare:0.014365703045978376
system:0.014901482194950168
or:0.0022477048590102845
use:0.005542598425824494
and:0.005726961217361847
for:0.00650697725824148
subject:8.898985630672766e-05
however:0.007990329680656378
i:0.011453922434723695
special:0.01165237064288341
rate:0.02589783806327501
any:0.006821915108592049
actually:0.01629542751400723
currently:0.01199644500619099
cost:0.02214005069567254
the:0.0027637610366265278
thing:0.007546441450416523
see:0.005897952538037254
benefit:0.030199296156528308
would:0.02487065722945003
drivers:0.01310767919493502
isa:0.06434427420941478
increase:0.01401581911062429
simple:0.010997295189854137
bought:0.012210279162894869
an:0.0029929937952057895
myself:0.011109473539992944
cache:0.01617555938580766
people:0.010035154267154118
about:0.006566774535479144
head:0.011509532451518945
is:0.002686726268906639
number:0.008340882827992528
guys:0.012948919031637505
right:0.012932490625268665
hear:0.011045605214196026
guess:0.009987190876452178
hook:0.01714206678909539
transfer:0.04544783035972996
lots:0.012162316704721203
going:0.007259385613498942
data:0.009781152077352709
buying:0.013370726417458388
range:0.013331853284965578
s:0.00827248374474691
