thanks:0.07382913499689492
graphics:0.2606475140844238
with:0.021660273214427678
appreciate:0.1421930864968331
think:0.053324001019576114
its:0.07658609466793222
anyone:0.061959805542273746
you:0.020585147755878587
knowing:0.15903793768984492
card:0.2267339515936475
have:0.01893520789435751
keith:0.2918864495644197
familiar:0.1706169792478179
of:0.007201503169101431
what:0.03409044825913449
or:0.024974498433447602
subject:0.0009887761811858628
any:0.03789952838106694
capabilities:0.18980005671207176
the:0.00279167781477427
would:0.03454257948534726
is:0.009950838032987552
does:0.045129215345834264
experience:0.12267491758500547
