at:0.008722425865885456
locate:0.05708478176846845
tried:0.03067192131719476
graphics:0.034839024159799226
with:0.011580740134446483
ca:0.020361867288042783
into:0.017730731712696894
to:0.006822768119261539
ega:0.06225497367358039
connector:0.05216227152492723
that:0.0034346992617274932
appears:0.038616841855389425
nt:0.007070084670519193
and/or:0.040009723041029406
anything:0.02298258564672677
so:0.010116936607771486
bus:0.04006972922530358
8-bit:0.055251688371086315
two:0.018463261709438728
these:0.049207009101948786
on:0.005019889358804851
curious:0.04243834000813361
apparently:0.03751149560645211
card:0.030306023232814276
graphic:0.05216227152492723
m:0.013552620912040318
board:0.0711128023634682
a:0.006913386761615818
how:0.013023396012169548
standard:0.0602781097121235
also:0.014688090412668975
vga:0.044657243655996666
avail:0.05814661870266248
setup:0.043700542312540516
no:0.011145997387945642
it:0.006789216430494494
fuzzy:0.059989215530720515
have:0.010123774517775304
plug:0.04696271262076074
quality:0.03806102812449851
be:0.005727339179578924
of:0.005775462937596197
monitor:0.0742034819819566
gives:0.03600519282966441
but:0.01317392519307743
ok:0.03231533851991022
seems:0.023331555340406714
double:0.04374406321821416
one:0.019471503124269752
in:0.001759204969252381
jumpers:0.05659372294530635
female:0.05335399115116361
and:0.0018900862103504448
for:0.0032212758704165743
subject:0.0002643263058615673
i:0.009450431051752224
special:0.03461100190955468
monitors:0.045716373552552786
any:0.020263114183936778
noise:0.0453505961744173
will:0.01122084499904242
connect:0.04550570624119354
the:0.0014925802178001049
ibm:0.03901452543682839
can:0.00856005933106647
drivers:0.03893370057901491
relatively:0.044144607324078655
is:0.005320250037438889
picture:0.04050027488807327
connectors:0.05675471820146259
2:0.019291183684112957
function:0.040722778411360974
needed:0.03302794742708932
high:0.0276962755014012
