at:0.009788500138382568
differences:0.0508934468179572
blindly:0.06732123076225302
with:0.006498081964328304
ca:0.022850539956581345
previous:0.038591104663253405
such:0.021366857816308874
ship:0.05694001701362154
wrote:0.02861749971880957
my:0.010557936237003348
to:0.0015313324001009231
stop:0.036932812384229304
look:0.026346314714176783
tool:0.05223818717798192
t:0.028625256166671578
mail:0.034047950053731735
that:0.007708991676321707
problems:0.03047859150990859
nt:0.007934206130249317
rob:0.0977929487110942
re:0.004154894475313006
had:0.017048983174245948
bus:0.0449671405750629
on:0.005633431391547666
you:0.006175544326763576
them:0.01628732412813601
backup:0.05545633487334906
santa:0.05853766026686278
m:0.030418104713690493
a:0.003103342501880878
coleman:0.06986391490035132
local:0.03395981613239947
section:0.04566399028470319
bios:0.16086068552353697
daniel:0.047539777724426
it:0.0038095047748885774
not:0.0066990000952884985
have:0.005680562368307254
systems:0.03333796800314012
robert:0.03550457809953004
has:0.011830827487628344
edge:0.052368907639977334
noticed:0.04506892245727028
released:0.0480627500672925
they:0.010365773605641598
in:0.001974218909938783
installed:0.04450411061505659
or:0.007492349530034282
and:0.002121096747171055
for:0.007229974731379422
enjoy:0.05136382863825231
subject:0.00029663285435575884
i:0.012726580483026328
person:0.031168827100820567
any:0.022739717028640163
flash:0.1222065551259411
yet:0.029222986029846264
2000:0.0480627500672925
the:0.002512510033296843
upgrade:0.049139615591652745
can:0.009606288804863482
because:0.019608025543272376
did:0.018265678260477394
gateway:0.1072404570156913
note:0.03290765665420553
new:0.0191555507209283
their:0.016818706873130154
nice:0.03510821618616398
update:0.04824269102195895
live:0.03440764748830732
telnet:0.06315797021290401
hp:0.0480627500672925
wuarchive.wustl.edu:0.06810587039796362
