at:0.01444204938449887
wonder:0.060497831275687364
service:0.1194292206058473
value:0.06121070196322406
h:0.05792101843105765
mail:0.05023468040714518
think:0.02360242668079599
through:0.03884366055778405
you:0.009111458842765933
am:0.08037719787055896
a:0.002289351025977697
same:0.031837595910305126
price:0.051313839374491195
as:0.013116625577328171
computer:0.04394594926500517
have:0.008381157592584473
states:0.05660425795828989
which:0.02117856282815603
of:0.009562651749134687
looking:0.04252271058043679
order:0.04597240755954905
in:0.008738345994811008
compare:0.0706509985867789
system:0.03664298900397582
better:0.03665927657871153
and:0.003129487004022868
for:0.005333587916591377
subject:0.0004376550310166934
i:0.01564743502011434
any:0.01677520108670176
2000:0.14182450839528934
the:0.006178303360566007
canada:0.06099356709846962
thank:0.059516300110975646
level:0.05771369119006146
can:0.014173212990782186
because:0.028929873752369082
gateway:0.15822362510511834
is:0.004404469293289573
new:0.028262287948910607
advice:0.06376814865956146
terms:0.06310063893794203
buying:0.06575767090553306
s:0.010171086571410137
