thanks:0.04861918646136983
tony:0.3382496032275152
with:0.014264082360720668
need:0.046858585158469176
package:0.09481129348917566
phone:0.07164261283437973
hi:0.07685406487840012
them:0.03575266272029856
driver:0.08975086825576566
also:0.03618285687023333
advance:0.0771585662604061
computer:0.06538299768695892
book:0.07584630513862618
it:0.008362327554633463
not:0.029410244320778777
has:0.02597010911918417
listing:0.13645378440174816
find:0.05162065213837537
in:0.01733460506287712
and:0.004656066030375486
for:0.007935338119806684
subject:0.0006511452900492268
i:0.009312132060750973
body:0.08657758838230614
any:0.02495822600704408
the:0.007353687902332225
can:0.021086975425310083
company:0.08210068389344756
number:0.06103084996092093
experience:0.08078592133646702
s:0.015132592216000447
