some:0.008522166971776306
there:0.006699116683044871
small:0.04363132701118264
coffee:0.04160558887685767
your:0.01839317112673376
with:0.008537625938533537
into:0.013071561335637857
blowing:0.041490637366141316
my:0.006935870520659133
to:0.0040239391535498705
dx:0.04374418102781733
design:0.027468373776828047
look:0.017307797987415406
might:0.015526168875025153
that:0.002532150550616619
produce:0.030769921816280264
considering:0.029236277046387538
nt:0.005212252202353566
hot:0.09161207708236668
could:0.022030790588701568
re:0.002729492721008544
consumer:0.03995366824856943
so:0.00745847151375854
finger:0.07263599930022555
big:0.020261171926040565
on:0.018503971724061673
you:0.00405692692999067
used:0.014412142396619457
machine:0.023743060980469684
am:0.0119294624576742
why:0.012990675767547491
more:0.009280430845406758
sure:0.015927328614300754
a:0.008154768618081138
how:0.019202379521593056
chip:0.023594192392724627
are:0.004692783807308215
plan:0.028507767864515376
sink:0.0857344304958965
it:0.015015566265984175
not:0.01320240894691894
should:0.02398265901070773
plug:0.03462214580070682
components:0.035520924526280716
only:0.009733841155250268
christopher:0.03532229267573411
heat:0.0667168006417122
buy:0.021947745439736977
be:0.01688937977043712
which:0.009429871040273851
writes:0.00482673278115009
if:0.0097832178067651
of:0.0014192743471951727
even:0.012256638304861501
but:0.004856081914236571
supply:0.029474200245288643
using:0.016090661157992122
george:0.029067986708431876
in:0.0025938642612334376
cpu:0.0652914215239908
use:0.012137076844871154
and:0.004180263662307919
gets:0.024359973302137256
0.5:0.04359050650812512
for:0.0023748092183363064
subject:0.00019486829848188537
i:0.004180263662307919
person:0.020475871818057306
power:0.019721571388106145
any:0.007469250118896403
currently:0.026269587604797785
than:0.010442345125689497
warm:0.03860747088263133
the:0.002200738715296505
do:0.010486392976737178
when:0.009545068925866686
can:0.006310700674727834
fan:0.0291938393101436
hold:0.05065373157582511
cooling:0.043006253167442374
number:0.01826470692261137
keep:0.03867758516972147
cook:0.039166157576954935
mount:0.03830642738968207
advice:0.028393117286374076
designed:0.02868319267797637
fans:0.0300219023324632
very:0.01272439775024414
s:0.004528731977051228
