thanks:0.045304241929912795
with:0.01329153129067153
experiences:0.10738878613873358
day:0.057802341721883456
considering:0.09103113534897939
anyone:0.038020789764577075
on:0.011522927846347498
guarantee:0.112223309638241
m:0.031109425275365275
a:0.006347746026574523
advance:0.07189775492446931
boards:0.10632532792267088
money:0.07045954015293478
selling:0.09476766216703501
points:0.0832990065561462
of:0.008838208434806302
david:0.05673739180328396
good:0.03681840571271589
one:0.04469595035343739
in:0.0040381750430566014
vendor:0.12498397683334884
or:0.015325260402342849
subject:0.0006067490202731432
i:0.004338606982849885
info:0.06694080589528176
back:0.04787174363789858
the:0.0017130750227023932
can:0.019649227100857123
named:0.10593901936883973
10:0.06569026722491283
is:0.006106196065696907
purchasing:0.12682773921544813
motherboard:0.20523746516961144
their:0.10320570126693504
dave:0.07968806071305892
full:0.07021960190734666
bad:0.062286387426054184
share:0.09275111408501946
