resolve:0.11337426265250791
with:0.011696547535790946
someone:0.0440691622932604
generate:0.18759235232093016
my:0.019004285226606025
to:0.008269194960544984
interrupt:0.11745616977937821
line:0.056476074976119776
that:0.013876185017379073
problems:0.05486146471783546
need:0.038424039829944724
this:0.02099929753485676
parallel:0.18405413549845562
am:0.03268672713402731
suggest:0.07342799610220235
a:0.0027930082516927903
how:0.026307259944582488
jason:0.0911979334756609
uses:0.06829990259672875
writing:0.08004917490295269
get:0.026287479505822445
but:0.013305664445008206
port:0.0833955427069908
unable:0.0915048448691541
subject:0.000533939137840366
i:0.015271896579631595
program:0.055532668647681506
the:0.003015012039956212
when:0.02615348885687472
can:0.034582639697508535
once:0.05366062389849813
may:0.03722051054879662
an:0.017957962771234733
problem:0.08462261168182338
i/o:0.10321938350793626
is:0.010746905075626556
occur:0.09099591155593081
