someone:0.110172905733151
via:0.17091156893078227
amiga:0.25195396788938884
me:0.054179434020227235
you:0.027789949470436094
uucp:0.21168143036680367
please:0.09577076784526274
canon:0.5580420525479718
in:0.008883985094724524
for:0.0162674431456037
subject:0.001334847844600915
the:0.0037687650499452652
canada:0.3720607593006647
thank:0.18152471533847572
would:0.046632482305218804
address:0.15964106769668054
leave:0.17665910621472583
full:0.15448312419616267
