at:0.017273823773616293
nanao:0.2500927254792669
switch:0.08337477298059168
c:0.05070779794958745
design:0.07378759230245967
engineer:0.08742363411239107
sparc:0.10659570892660353
quite:0.05208234082567454
re:0.007332166721140599
michael:0.05891559218968018
phone:0.0575950416903837
1024x768:0.10834533899970043
these:0.0324830582960577
unix:0.07769740031608495
support:0.053705025677127566
m/s:0.10942001030352387
a:0.008214730152037619
uunet:0.14811734558499157
resolutions:0.11272070275095944
usa:0.07146317031428873
houston:0.09864541268918853
computer:0.052562802062065005
display:0.07227689052814662
are:0.012606105521592657
internet:0.05601046947283542
works:0.05833580379511255
texas:0.15561449692819618
p.o:0.09032663607237419
between:0.04554638913816481
well:0.03299741000300676
windows:0.053866807478892186
box:0.06212821589620798
system:0.08765577761735392
speed:0.065852258174231
use:0.03260352015190879
and:0.007486223813544899
subject:0.000523469742980751
i:0.0037431119067724496
monitors:0.09053634762368297
20:0.06166337938050235
1:0.03840242925342566
corporation:0.09312451375910334
mike:0.06265513782270007
mine:0.06402429499607816
