above:0.022501289505194588
out:0.009737000818846776
say:0.0156821898699797
there:0.007584950294026012
know:0.01019731508808514
knows:0.028875714141663098
thanks:0.01647426979269556
access:0.027705593950566328
with:0.004833284105698738
way:0.014317130740054078
companies:0.032864730128824265
beast:0.04472961655931999
alexander:0.08412413572586229
work:0.016736136066035568
name:0.04565673563355787
to:0.0022780151406460013
1987:0.042062067862931145
scanner:0.0920071782397517
aka:0.042807118251313774
ii:0.06068429429934079
software:0.02327095775604344
that:0.005733960750983088
like:0.009625116227344407
could:0.012471976490297996
master:0.03930168650651776
anyone:0.041477225197720444
this:0.013016093513340968
these:0.01369120638924746
recently:0.027349682351964374
a:0.0034624069235861033
was:0.007317860612408146
advance:0.026144638154352477
are:0.005313317203315913
model:0.06047853738154628
administration:0.03681015431987217
it:0.002833515948264231
not:0.004982727343603016
admit:0.033885100948029344
have:0.008450423357812445
made:0.03843933143666118
picked:0.039456166944634725
university:0.01942429836031945
able:0.021797233273641893
public:0.024493757008765236
were:0.012820688408861976
if:0.016615299663555603
of:0.006427787952586402
windows:0.04540838316402482
please:0.015829878982688058
they:0.015420159082772623
find:0.01749129535267265
up:0.01110297826737508
35:0.07463180551622235
one:0.008126536427897707
email:0.04535369684244531
in:0.0014684272883842189
or:0.005572821964488308
and:0.006310701065963469
still:0.01687362877875659
for:0.005377667155571471
subject:0.00022063600737205204
scan:0.043288679475478854
i:0.0031553505329817346
group:0.022290214337245002
any:0.008456919556105846
will:0.009366159875233756
exist:0.03005392128757112
the:0.003737618231350676
do:0.011873023452999945
would:0.007707848314912199
page:0.03474996473708502
quickly:0.035079987136550896
an:0.007420645773237494
expressed:0.03396495145143213
address:0.026386953338294303
company:0.027819239996953307
is:0.0022204349329806934
division:0.0327484910423168
else:0.020880596903620305
does:0.02014031098078554
too:0.01613651130466526
opinions:0.023600083929917703
by:0.008185417147249307
mine:0.026985446651239555
s:0.0051275725690580025
