seemed:0.04441139890877573
read:0.023863190125241282
pc:0.03508254802103035
there:0.009660831427127868
know:0.012988159217455808
mb:0.09610496301664243
compared:0.043397775009617064
both:0.023638990340086714
my:0.010002255382424224
to:0.007253679789951741
remember:0.029290779331802443
look:0.024959666571325374
that:0.007303255272304775
like:0.012259358563249192
really:0.02054100782306238
cds:0.0628620988590857
nt:0.0075166163339204055
me:0.011406196635837312
anyone:0.01760962894359359
these:0.0174382734010415
on:0.005336935002518841
curious:0.04511865621917363
market:0.04116689700076866
great:0.02653948093402818
why:0.03746784379271592
a:0.0014700043429962052
developing:0.051899426492473484
3.5:0.0505228977431767
question:0.022978800877337942
scsi:0.04452602416982066
21:0.04269687390688764
computer:0.028217925317529632
prices:0.04592064714925307
product:0.04200945181838483
are:0.020302464682143966
those:0.019535954255658527
not:0.006346421142904893
catch:0.05100934872375702
drives:0.1278013468975472
expect:0.03638127455956198
disks:0.09073075607986343
develop:0.047426971819154895
feel:0.03206607036048608
floppies:0.0591957126036308
be:0.006089065864604961
which:0.013598866658079134
cmu.edu:0.06452135090333395
never:0.02319936032486169
kb:0.06680624043215318
sounds:0.0375021533006404
one:0.010350641134480237
in:0.0018703126515209523
and:0.010047300381336574
for:0.006849449745517347
subject:0.0002810205988633505
i:0.002009460076267315
any:0.010771444908303235
currently:0.03788351054586628
the:0.004760545326246651
interest:0.03845036838597774
devices:0.04468082572129114
can:0.009100694657239087
sony:0.05348343650235028
substantial:0.056846833116112806
thought:0.02825880426517592
just:0.024723969757176546
about:0.010368591371809174
is:0.0056562658292771345
write:0.034254462368289613
new:0.018147363840879442
first:0.019763735046221486
