another:0.04031827873433779
week:0.0626879782619197
insight:0.20785330972639787
posting:0.05998524649011346
your:0.022907858585113863
with:0.02126645006507445
design:0.13684244390637973
responses:0.16130649567494232
so:0.018578374497907637
state:0.04832206158073847
computers:0.15773704969413344
a:0.002539098410629809
austin:0.18206612711162018
colorado:0.08569457613814471
others:0.04902414951033447
are:0.011689297847295008
ve:0.03318424907322608
royal:0.2220156648813696
university:0.04273345639270279
heard:0.04913904289854317
summarize:0.1042223006972313
what:0.033470621927150224
hd:0.16213110326297978
ok:0.059342712554744215
they:0.016962174991049885
in:0.0032305400344452813
and:0.006941771172559816
usenet:0.07425815688443185
subject:0.00048539921621851447
i:0.006941771172559816
preferred:0.09285276280230068
will:0.02060555172551426
the:0.0013704600181619145
because:0.03208585997990025
gateway:0.08774219210374742
about:0.0537281552902839
bandwidth:0.0971507405852867
tc:0.11484981596190676
various:0.06481052687918525
e-mail:0.04999446866640484
by:0.018007917723948472
reduce:0.08290721225060081
