post:0.10760740851796585
re:0.015580854282423772
this:0.02187426826547579
2.0:0.19540870033430224
2mb:0.25856309344977696
support:0.11412317956389607
card:0.2550756955428535
controller:0.17549535919581943
ram:0.162077377843052
logic:0.1730308728415405
1280x1024:0.264441368377273
video:0.2913092660720852
chipset:0.2596742704115337
color:0.15394300444180775
which:0.0538288471882299
please:0.07980897320438561
24-bit:0.24549402849748353
or:0.028096310737628555
subject:0.0011123732038340957
vlb:0.22913729086113954
vesa:0.2199480087938832
does:0.050770367264063546
