at:0.008310990683532369
bbs:0.038179647658072274
help:0.020189553962658462
all:0.027001919735272394
50:0.03255833291630595
true:0.02437057351092308
case:0.02331708591798826
saw:0.032050760218259006
chris:0.03619572870678585
with:0.005517239403674975
much:0.01648298933547105
response:0.033128288232333415
service:0.06872813638638382
mono:0.05694752747878031
to:0.0026003757737562846
add:0.03241717374011055
look:0.022369512493168965
hole:0.04402783650893588
80:0.03770435497606895
keyboard:0.0428753116601226
t:0.024304462783023038
mail:0.02890863683807411
that:0.0032726851456082715
like:0.010987160976496916
scott:0.03605733069029723
complete:0.03493599858768658
so:0.009639722616838868
he:0.0150012566747192
3:0.022089301364505844
board:0.033879212446746645
a:0.006587283612482996
was:0.00835340692548477
route:0.04826143946989332
private:0.03348755777051464
250:0.04311415890525742
whole:0.028225617688936697
files:0.031219920420638574
not:0.005687830269584574
have:0.004823118991958989
probably:0.022520978443671777
systems:0.02830582188945859
shall:0.037356396358799566
500:0.03933752014480698
network:0.03465556292480733
his:0.017400273976464684
g:0.033349075103882096
286:0.05212841782061058
seen:0.024457215949267478
supply:0.03809401352457117
least:0.0227137960632687
again:0.02303650130290583
please:0.018069956197219385
floppy:0.041556802769790915
or:0.019084286538766565
and:0.003601862400856508
usenet:0.03853017574192218
for:0.009207986686190774
subject:0.00025185808388696507
i:0.005402793601284762
386:0.044520154935073344
power:0.025489200756325867
cost:0.06266052083680906
the:0.0007110877452726914
upgrade:0.041722315124988175
ozone:0.056740179302188096
would:0.01759716313404483
bps:0.05488442180930079
an:0.008470737156242799
10:0.027267658093360042
just:0.011079137391187602
about:0.018585210949469275
bulletin:0.05163823160428312
is:0.0025346474234968293
cards:0.037122806267472656
100,000:0.05238340529596832
new:0.016264146838524028
questions:0.028529965445712374
man:0.0273400881018415
blue:0.03770435497606895
accelerator:0.049998166228783295
150:0.044464166864131696
full:0.02914775928229484
written:0.03380678243826519
going:0.020545430981600776
letter:0.038500462450385436
by:0.009343730894501566
upon:0.032717694176348455
newsgroups:0.04043653151718391
