22:0.07715456667134725
thu:0.10910845710999269
out:0.021818094427415922
all:0.017667922789746132
with:0.010830136607213839
into:0.03316303524041456
followed:0.08231366112969037
reviews:0.11059072947431743
wrote:0.04769583286468261
212:0.10773608725529413
my:0.017596560395005578
w:0.05730260842646951
re:0.006924824125521676
articles:0.07799793742036419
93:0.06779658325563706
installing:0.0977546705750592
apr:0.06902237550070368
on:0.018778104638492218
set:0.04906323303936891
disclaimer:0.06951954679767013
went:0.06041594935622377
sb:0.10773608725529413
are:0.01190576632594862
internet:0.05289877672434456
it:0.01269834924962859
what:0.017045224129567244
gmt:0.07846848770787102
in:0.0032903648498979715
installed:0.07417351769176098
or:0.012487249216723801
and:0.014140644981140364
subject:0.0004943880905929314
i:0.007070322490570182
dma:0.10983476661283123
any:0.01894976419053347
the:0.004187516722161405
gateway:0.08936704751307609
bought:0.06783488423830482
is:0.004975419016493776
yesterday:0.08141413020101339
questions:0.05600326550454651
1:0.036268960961568675
instructions:0.08949009460045883
describing:0.09756276711143796
side:0.05963637182539246
john:0.049657007399663805
