at:0.018353437759467312
out:0.012272678115421456
with:0.012183903683115569
4:0.051755614670389145
someone:0.022952688694406455
from:0.026455382950942987
work:0.02109450483323233
sell:0.03625075311438091
my:0.029694195666571915
to:0.004306872375283846
areas:0.04287763182222745
encounter:0.059710693107788766
problems:0.028573679540539302
me:0.01128738208754734
wanting:0.057558461343590855
comments:0.03837505222946979
module:0.05873341440760486
off:0.022744348416211983
these:0.01725662471978065
am:0.03404867409794511
consists:0.05662897036725812
a:0.007273458988783308
other:0.014367791539915737
old:0.027582427941065874
running:0.031536045962986474
ram:0.12155803338228902
pointed:0.045058828188086715
486:0.04966590195090839
cheap:0.03871074185840466
computer:0.027923988595472033
70:0.04481080059752715
are:0.0066969935583460986
no:0.023453036170468955
meg:0.048497027048752896
it:0.003571410726458041
not:0.0062803125893329675
have:0.00532552722028805
probably:0.02486691369822092
throwing:0.053015731368902794
which:0.013457211797057476
simms:0.05223736109602845
of:0.004050845532619555
looking:0.02701963901465254
now:0.017207441644565044
one:0.010242821955996066
email:0.028582277697582717
in:0.005552490684202827
and:0.001988528200472864
subject:0.0002780933009585239
victoria:0.0631136538396122
i:0.00994264100236432
offering:0.05798369045317685
appreciated:0.03525793874141919
386:0.09831534214828697
preferred:0.05319689535548476
any:0.010659242357175075
will:0.023610528018818425
the:0.001570318770810527
upgrade:0.046068389617174445
quote:0.04203081158896447
would:0.009715100480253917
motherboard:0.04703358576803596
9:0.037092017246094025
x:0.0317204165577719
e-mail:0.028642664340127775
brett:0.1091235461777696
somewhere:0.040411677696901946
by:0.010317036196012146
