another:0.011256372235475019
wilson:0.02533538141422038
at:0.004471903616519954
ideas:0.03651770189887787
circuit:0.046986443095553776
happen:0.0171656458181082
anyway:0.015474689449972252
tried:0.015725198238764827
knowledge:0.01876533576067074
where:0.009377953290526708
with:0.00593733377451317
wonderful:0.04879337868129344
dealer:0.022449570574866733
several:0.01430685975668729
my:0.004823422646346707
discovered:0.02301945535593821
to:0.002798373929118438
connected:0.023069964649609115
keyboard:0.023069964649609115
inputs:0.028853895021123656
software:0.014293329383153586
been:0.00744792074731695
make:0.008934418697206617
that:0.005282811554839749
guy:0.01718949617740543
terminal:0.02423449847868427
like:0.005911873418825752
really:0.009905562148177288
talking:0.016546655737879532
conversion:0.025496542319370537
nt:0.003624764221941312
me:0.0055004501543377896
re:0.0018981751410059417
so:0.015560567472866804
uk:0.06581176880191045
had:0.007788875561838249
this:0.002664885473966594
he:0.016143484340306956
sync:0.062228714069205326
hi:0.01599500842646906
you:0.0028213146670493495
etc:0.011788446636843834
support:0.013903331520474647
more:0.006453903684369166
board:0.018229423956117482
a:0.00354442671534618
sorry:0.016129018704256978
as:0.008122986398142318
worked:0.01951352203337233
idea:0.014072976118074903
said:0.02224877998643078
objects:0.02380613608133631
standard:0.015452002743463129
given:0.014151205884168938
modes:0.02521778212852731
helpful:0.023576666859163486
far:0.012636436914321834
computer:0.02721525792046005
display:0.01871127622809887
are:0.006527019102550513
no:0.011428890722665074
those:0.009420891646129746
d:0.009247940215111855
laptop:0.030421080207162304
it:0.010442297352486456
not:0.0030604568963246946
have:0.002595180777399253
only:0.006769219483600439
interesting:0.01658895716711377
ve:0.018529276132258216
has:0.005404946567952035
exciting:0.028256011591395826
without:0.01140715982133246
sort:0.031852399062548525
dec:0.050358360202382345
if:0.00340177878052492
of:0.005922048291342294
monitor:0.05706511431607322
what:0.0046722949390691935
but:0.013508288776658075
ok:0.016567762388380362
least:0.012221636460438995
lines:0.017934934641088914
they:0.009471265223428869
who:0.006563720173775879
up:0.006819595788590784
now:0.008385352273493626
in:0.002705782262352647
and:0.0019380579415776134
for:0.0016515170706196648
subject:0.00013551754767521977
i:0.005814173824732841
phillips:0.21957751926263813
monitors:0.02343834380105498
any:0.0259717580276347
connect:0.0233303367023378
the:0.003060925928889555
do:0.0036462838523172417
when:0.0066379413342321615
quote:0.020482019860612127
boring:0.028933835919439085
rgb:0.054708153363122076
an:0.004557858571379374
human:0.016273311529119674
problem:0.021477820223813036
just:0.011922726532648587
people:0.01528196081292505
is:0.005455281764277439
scientists:0.02541532231253581
type:0.03289860416580402
does:0.006185222407804696
told:0.01573715617629
under:0.01232143871627228
change:0.015086340649291813
very:0.008848946658799223
useful:0.019463386888723035
by:0.005027591242726731
built:0.0187436428125622
john:0.027223130960221782
s:0.003149422745462022
