some:0.01716965992843168
with:0.025801207799538855
gain:0.06743536809548899
us:0.030292299796838177
that:0.010203077218661082
divide:0.0884479265592932
memory:0.04972988567893111
database:0.07447024866778681
re:0.005499125040855449
fixed:0.13337743250352435
this:0.007720329976050279
getting:0.039885317238598325
programs:0.05195856065138995
something:0.058548862269515375
a:0.0020536825380094046
same:0.028560196331303123
was:0.013021487266196848
also:0.02181613428940539
pat:0.1192100068124641
bios:0.21290384848703423
caused:0.05856344380963481
it:0.010083983227646235
area:0.04718333889204922
heard:0.0397448141091158
writes:0.009724446926728858
were:0.02281328378635734
of:0.002859420375966745
what:0.013535913279362223
but:0.009783576797800151
never:0.03241087104208618
brief:0.07510149932539026
errors:0.06314741643567372
good:0.023823674284698518
in:0.0026129367925660364
our:0.032790815043829316
ncratl.atlantaga.ncr.com:0.18100649848256165
for:0.004784542101648147
subject:0.0003926023072355632
i:0.008422001790238012
we:0.019819763319323086
flash:0.08087198500981395
the:0.002216920617614862
do:0.01056349880744848
upgrade:0.06503772651836393
maybe:0.07787979653948011
gateway:0.07096794949567807
problem:0.09333376288436401
new:0.025352934777699218
1:0.028801821940069243
guess:0.044061136219641965
bad:0.040302956569799764
by:0.014565227570840677
