pc:0.0740631569332863
at:0.019577000276765136
out:0.026181713312899108
there:0.020395088568381056
technology:0.07483705968482095
chris:0.17052209968530224
fax:0.1359397039948173
hand:0.0701608767878372
manufacturer:0.22287940734305475
anyone:0.03717588332536425
voice:0.08058876225413707
phone:0.06527438058243487
a:0.003103342501880878
as:0.0177803146714893
advance:0.07030002703725888
are:0.014286919591138345
have:0.011361124736614507
university:0.052229780035525634
be:0.012854694603054918
tech:0.20154812022754792
dept:0.09118461089648443
who:0.02873450831630774
in:0.003948437819877566
or:0.014984699060068564
for:0.007229974731379422
known:0.07237619439258573
subject:0.0005932657087115177
44:0.20199035715435537
power:0.12008245689646854
the:0.0016750066888645623
may:0.041356122831996245
number:0.05560588551995018
motherboard:0.20067663261028676
91:0.2076718403325725
does:0.02707752920750056
e-mail:0.061104350592272594
upon:0.07706834628206526
