another:0.015953275758191214
since:0.01439440016837181
read:0.016309374546028214
pub:0.045032960173128946
posting:0.02373516947450533
happen:0.02432828939688716
saw:0.02444158692903205
access:0.024117819194377884
your:0.018128521182464212
someone:0.015852216652251942
generate:0.03373963171239751
password:0.0807049481715651
possibility:0.03051065886072901
to:0.002974530561347117
perhaps:0.020780298831942774
that:0.007487150189233313
think:0.0103578994786227
v:0.055347457753985786
13:0.028329054348679588
terminal:0.034346735253962604
updated:0.03699726645128501
me:0.007795602017298883
account:0.029314959760627774
cant:0.040457501419747674
re:0.00269021944444727
file:0.02185961066516841
this:0.0037768520746145253
93:0.026338240977010083
apr:0.0536288960724892
directory:0.0909815673848287
on:0.0072950910106372654
you:0.019992769403191432
tell:0.01733830973829103
m:0.00984758785695016
more:0.009146899466336157
a:0.0010046792272276224
hard:0.019454916565291434
was:0.006370223986340904
as:0.0115124339599571
following:0.019692908439134977
said:0.015766221788945555
character:0.03284162405244975
let:0.016583724768005934
perry:0.17504916043526828
features:0.031119766230621043
files:0.023807996867537335
are:0.009250523476276626
internet:0.020550603907299327
log:0.03965731699449426
it:0.004933171650934849
not:0.013012446228258236
should:0.011818792390168918
have:0.0036780619650910278
try:0.017527983254269013
university:0.01690892159423492
earlier:0.028388104567512895
doing:0.01928563241126126
writes:0.004757283388615557
msdos:0.04198393681502563
if:0.009642452082926753
of:0.004196559400699395
even:0.012080283796877884
what:0.00662188563306929
gmt:0.030484160692266442
230:0.041854307279035136
alone:0.027620239823125857
please:0.013779966596440683
find:0.015226235522830147
now:0.011884276243728377
email:0.019740278122071516
message:0.023362013586760585
and:0.0013733719945711867
for:0.004681278603051424
subject:0.0001920644380720741
however:0.01724531585753175
i:0.005493487978284747
vnet.ibm.com:0.039378795324129585
special:0.02514900138751815
tue:0.041601851740824564
ago:0.02058392608176003
20:0.022624693153997268
information:0.017545476866789676
the:0.0021690734100404405
wrong:0.019017424869279573
see:0.038188181900960634
when:0.009407729804631193
can:0.0124397984523412
did:0.011826698154265939
anonymous:0.0326962808343381
instead:0.022070031018594543
last:0.015684622676687035
an:0.006459698838573646
address:0.022969937798083533
is:0.0038657931926714233
days:0.021426277874461674
does:0.008766106577967808
entered:0.03607760190804843
1993:0.021796084913741996
readme:0.08320370348164913
give:0.017001699793928106
