mode:0.027951717127578327
replacement:0.0720850456070453
cable:0.06303134983049997
out:0.008599832840003357
help:0.046863344234491906
all:0.006963998763841541
thanks:0.014550267481139875
with:0.012806438907800307
much:0.012753261821605338
though:0.018142658405917368
someone:0.032167271746905396
my:0.006935870520659133
w:0.022586429598754405
that:0.005064301101233238
memory:0.02468344690633077
could:0.011015395294350784
me:0.007909406426310545
re:0.002729492721008544
anyone:0.012211056566725482
this:0.0038319886012512334
bus:0.029540457312085117
these:0.012092233380284253
on:0.0074015886896246705
focus:0.03648841836541928
machine:0.023743060980469684
none:0.026441680528622582
a:0.0030580382317804272
screens:0.04184106962297607
removing:0.03714970957236984
local:0.022309368262160234
driver:0.026859748894061255
advance:0.023091249756763865
ultra:0.03908367907145178
video:0.025516140093905276
are:0.00938556761461643
corners:0.04137746812135325
meg:0.03398331822394363
it:0.002502594377664029
have:0.007463512600695662
try:0.017783866221484618
ve:0.013322143788521418
types:0.029904359211539264
has:0.007772076451726649
pauls:0.05876891192184656
screen:0.027286913650409108
ati:0.03747131533728977
crystal:0.04208440115777601
be:0.00422234494260928
joshua:0.04314799102041392
writes:0.00482673278115009
get:0.009593970622562936
down:0.017258142897468305
of:0.005677097388780691
helped:0.03435986836110052
monitor:0.13676189197404406
gotten:0.031457743896303014
ok:0.023823716719057895
again:0.03564772464391267
windows:0.02005260716367519
please:0.013981133992009159
who:0.009438342147692323
pro:0.03285230766829359
in:0.005187728522466875
extension:0.07392667021035772
1024:0.04589600248928189
use:0.012137076844871154
and:0.002786842441538612
subject:0.00019486829848188537
scan:0.03823306727396308
i:0.006967106103846529
news.udel.edu:0.04233612507070425
the:0.006602216145889515
do:0.005243196488368589
when:0.009545068925866686
would:0.006807661650396905
can:0.006310700674727834
once:0.019584169306021214
gateway:0.07044993526578261
reports:0.028862937548818628
problem:0.061768329694761585
paul:0.023905273657730344
is:0.003922228129790714
cards:0.028722755214248916
else:0.018441987046263188
type:0.0236533759878226
sides:0.03324695891844159
1:0.014295794831567215
smith:0.028742617185886585
very:0.02544879550048828
release:0.02900586488603838
