pc:0.21854702045887758
where:0.0908585310606768
own:0.0371555841893114
several:0.04620412085356388
to:0.006778028656184413
otherwise:0.058252210354295675
sections:0.08973200901727889
best:0.07984183868726014
on:0.008311620085889999
used:0.09710476270509175
classified:0.08522474595704362
other:0.022611606357900178
computer:0.04394594926500517
place:0.13374234183523404
have:0.008381157592584473
systems:0.049187165906272305
buy:0.049292477463015835
gene:0.3526027727125541
what:0.015089214803223464
find:0.06939169631716034
or:0.011054286191853857
and:0.006258974008045736
usenet:0.13390815175881154
for:0.005333587916591377
subject:0.0004376550310166934
the:0.004942642688452807
wright:0.1863677809561102
makes:0.045786522659868434
about:0.01614780623478478
is:0.004404469293289573
type:0.05312315590707699
their:0.0248144855505199
wanted:0.04992065556632955
ads:0.09058380801614299
s:0.05085543285705068
