some:0.00667163928647631
since:0.011433266419449608
wilson:0.02852040079200809
go:0.01111675572453787
at:0.010068171570907784
cable:0.04934454243873427
with:0.013367482898046797
into:0.010233165159899351
from:0.004837555739601003
work:0.011571842651373164
both:0.012832594756047073
to:0.001575084754389521
0:0.020943750219831043
connector:0.060210164845916
that:0.0039646242906797345
problems:0.031349408410191695
helps:0.02417127026361693
nt:0.004080448866985363
mainly:0.02750092846359199
me:0.0061919353165973984
generally:0.02209571138984628
need:0.010978297094269921
re:0.004273605746036234
started:0.01873854214850803
exactly:0.018379329447268618
pack:0.05887717166047874
had:0.0087680484896122
this:0.00599979929567336
two:0.010655939615161779
on:0.011588773148326627
set:0.015139511909290977
you:0.003175994225192696
machine:0.01858742488185341
am:0.009339064895436375
a:0.005586016503385581
how:0.007516359984166425
same:0.011097676288734927
controller:0.02406793497542667
timothy:0.029082915493798107
as:0.018288323662103277
drive:0.12908817137398806
stuff:0.016705237443849268
no:0.0064328327781857705
d:0.01041053841358306
it:0.0019591738842284112
flame:0.023986591456444547
should:0.037549991822479534
deleted:0.020076454268561923
twist:0.10004172372494678
have:0.002921432075129445
drives:0.02312595801003235
between:0.013273519120265174
hope:0.016505494500800258
always:0.015182606274278329
after:0.022048156430456586
b:0.01749090483722424
installation:0.02834456274248378
be:0.006610985795856815
which:0.014764483800200203
writes:0.0037786422343860705
depends:0.024604377917157125
things:0.012769862446515711
end:0.030905524600862964
of:0.0011110890603756494
5.25:0.09744372547133762
looking:0.01482220197375225
what:0.00525966915998075
but:0.003801618412859487
again:0.013953537932045817
seems:0.013465640510749017
using:0.012596689020828118
in:0.0020306251645084627
floppy:0.15102929463764014
yes:0.015239119260022221
resistor:0.070051752409334
install:0.025246573628797887
and:0.002181699511375942
for:0.005577409078492697
subject:0.00015255403938296168
i:0.003272549267063913
example:0.016064909392902314
information:0.013936121625621514
unfortunately:0.02103938903329118
the:0.007322172097036514
do:0.008209347644645676
when:0.007472425387678491
because:0.010084127422254365
rules:0.023540087431820872
about:0.005628663887553551
different:0.043323718251621395
changed:0.021596086821905284
is:0.0015352721536609365
select:0.02706945673497401
connectors:0.03275558021912984
does:0.0069627932247858584
2:0.011133768869116621
experience:0.0189269872845437
guess:0.01712089864534659
article:0.004630473601809149
john:0.01532273371189626
s:0.00709070035264021
