at:0.04404825062272155
with:0.014620684419738683
work:0.1012536231995152
to:0.0034454979002270774
nt:0.017851963793060963
could:0.037727728883151436
me:0.027089717010113618
anyone:0.04182286874103478
this:0.013124560959285476
hi:0.07877541650036013
1024x768:0.13814030722461806
tell:0.060250626340561324
support:0.06847390773833766
card:0.07652270866285604
a:0.0034912603146159877
course:0.06115379499750048
it:0.0171427714869986
800x600:0.14827693492732216
which:0.03229730831293794
of:0.004861014639143467
monitor:0.18736379200444042
but:0.016632080556260257
seems:0.058912177234526956
pro:0.11251915376390556
640x480:0.1538555237101774
and:0.004772467681134873
subject:0.0006674239223004575
any:0.025582181657220184
do:0.017957947972662418
can:0.021614149810942836
max:0.11904240093841426
guys:0.09711689273728129
does:0.03046222035843813
resolution:0.1116955498709217
written:0.08958797346140275
by:0.024760886870429155
