correct:0.021814782934542993
bbs:0.02698028434503774
say:0.01265029982845029
reid:0.08589204027811836
with:0.0038988491785969825
though:0.01657029467740453
ohio:0.03381610518703579
ca:0.013710323973948809
kids:0.05861817374472965
my:0.012669523484404019
line:0.07530143330149304
software:0.01877190592320838
think:0.009598320183523702
r:0.041336263556388406
through:0.03159284392033103
nt:0.00952104735629918
its:0.013785497040227803
re:0.002492936685187804
phone:0.09791157087365229
this:0.003499882922476127
acsu.buffalo.edu:0.036161731964829566
unix:0.026417116107468885
on:0.010140176504785799
none:0.024150068216141962
inc:0.024406769972029344
them:0.019544788953763215
working:0.021123593404710716
modem:0.14211235255116034
m:0.018250862828214295
a:0.0018620055011285268
worked:0.025627758937162334
listen:0.02847297580228846
fine:0.02159437718613707
parameters:0.03720280350319812
no:0.015009943149100133
it:0.0022857028649331465
dial:0.12028918012063876
systems:0.02000278080188407
only:0.008890241588461911
second:0.018331305177681778
arguing:0.03404601302751025
returns:0.035191681407021315
writes:0.004408415940117083
were:0.010342021983148661
of:0.0025925411408765156
even:0.011194396318440172
what:0.0061362806866442085
but:0.004435221481669402
please:0.012769435712701699
they:0.012438928326769917
loud:0.036081890691184795
up:0.008956402469015898
net:0.02210094989932322
david:0.016642968262296626
pick:0.02680036338025343
clear:0.021985004947910756
one:0.006555406051837484
in:0.00118453134596327
thomas:0.02456003342686067
resources:0.029425031823777283
our:0.029730338973071913
speaker:0.03512259616011767
installed:0.026702466369033954
or:0.004495409718020569
and:0.0038179741449078986
still:0.013611393881530315
for:0.002168992419413827
subject:0.00017797971261345532
i:0.005090632193210532
we:0.03593983748570587
similar:0.02109838858577801
micro:0.037791420884169306
the:0.006030024079912424
do:0.004788786126043311
when:0.00871782961895824
can:0.017291319848754268
home:0.01952908701240899
problem:0.056415074454548915
note:0.019744593992523318
about:0.006566774535479144
company:0.04488170719508467
changed:0.02519543462555617
is:0.005373452537813278
itself:0.0224203722706292
new:0.01149333043255698
hardware:0.023664540824497014
their:0.010091224123878093
hear:0.0441824208567841
whenever:0.06324311966262446
tone:0.07264868330464792
s:0.00827248374474691
