basically:0.03847261321811653
above:0.026692706177730834
eisa:0.1641300154552858
choice:0.03698394778939748
out:0.011550755873337842
mark:0.058894587535140985
with:0.022934406932923423
my:0.009315826091473542
to:0.0013511756471478733
harris:0.057036752076332194
that:0.006802051479107388
re:0.0036660833605702994
lost:0.03435790514037108
wait:0.035994115736373705
so:0.010017750954754118
bus:0.03967688874270256
two:0.018282249339738346
xor:0.06083837492935929
disclaimer:0.036804465951707714
card:0.03000890535798276
came:0.02959536012233281
m:0.013419752079569334
board:0.035207809013285726
a:0.004107365076018809
video:0.03427167836142179
mind:0.0297025078726484
no:0.011036722903750096
not:0.005910882437019264
have:0.005012260913212283
between:0.022773194569082406
indicate:0.04656225687955167
hopefully:0.045321025269046154
mitchell:0.05283091280654436
ati:0.05032911961969312
which:0.01266561110311292
writes:0.006482964617819238
of:0.0019062802506444965
keeping:0.040981763944951836
but:0.013044769063733534
version:0.03059284909476063
mag:0.053914656673209306
using:0.021611966457303143
now:0.016195239194884747
in:0.005225873585132073
system:0.02191394440433848
or:0.006610896644147895
better:0.021923685012758855
and:0.005614667860158675
for:0.009569084203296293
subject:0.0002617348714903755
tasks:0.05669271952916288
i:0.005614667860158675
faster:0.0764764907332222
the:0.004433841235229724
vlb:0.21565862669283722
ross:0.053179017595337594
start:0.02762315772433836
isa:0.09462393266090409
last:0.02137414266724998
interested:0.02820662956289137
is:0.007902136085019527
tests:0.04615001926932128
disk:0.03432332337058707
byte:0.05294557986304624
advice:0.03813585361012989
wanted:0.029854509701432375
ami:0.05834588337657261
primarily:0.04656225687955167
article:0.00794444000310393
opinions:0.02799617799529453
thus:0.03266034385172848
los:0.044704869350814164
