with:0.013600636669524355
my:0.022098006077448867
to:0.0032051143257926296
t:0.059913326860475395
normally:0.09897329637490195
could:0.035095561751768777
me:0.025199736753594063
norton:0.12325129349420998
dunno:0.1370199228823164
glenn:0.25955444304556824
ide:0.21069276388275562
on:0.023581805825083253
tell:0.0560470942702896
size:0.16748265753794733
how:0.030589837144863356
wondering:0.08369612795016969
drive:0.06566985462339509
it:0.007973382086976092
drives:0.09411727097106189
if:0.04675468044860995
of:0.004521874082924155
but:0.015471702843032797
subject:0.0006208594626050766
i:0.008879009639320694
we:0.03134288152823186
the:0.0035058279534374557
do:0.016705067881546434
can:0.06031855761193349
somebody:0.08827274938313384
too:0.04540739227591852
change:0.1382329817632785
s:0.014428750717581821
