some:0.012098827721589163
read:0.011746129854393378
pc:0.017268611720196288
at:0.00456458555675871
folks:0.019187646892719058
there:0.004755331531487811
50:0.01788177870014731
true:0.02676974914153209
dos:0.018287836042714705
case:0.012806275167392517
with:0.009090580986366021
way:0.008976024971743749
4:0.012871862715951705
work:0.020985206880728538
my:0.0049233899550792815
to:0.00642683546156346
dx:0.03105156891611904
everyone:0.015842035013021262
mhz:0.04896483513061428
that:0.005392299877219847
think:0.007459834339526193
like:0.012068798585582106
nt:0.003699888869028179
its:0.010714116870643369
me:0.0056144491212670716
need:0.009954414463716251
bus:0.10484566455325546
parallel:0.023841209261457982
ide:0.046941911124137266
best:0.02523498528457445
hi:0.016326511191784483
two:0.009662121412711458
possibly:0.020087842815530263
card:0.06343851495366304
vs:0.01770265256509504
3:0.012131947899676785
m:0.007092304207855296
board:0.01860723585158106
a:0.007959349940057174
hard:0.014011572034069997
controller:0.06546977130621244
price:0.01621836374012416
local:0.07918091844341844
question:0.011310808722005723
486:0.09881713134274002
solution:0.020154699835405434
far:0.012898331979903636
cd:0.04625080879772615
computer:0.01388965235836951
it:0.0035529060076681033
should:0.008511980011572433
have:0.005297933815001584
properly:0.02230966909586786
meter:0.03105156891611904
buy:0.07789743847782295
color:0.01914317153680511
able:0.013665622933215903
disks:0.02233010836162442
25:0.01905534999113789
heard:0.028006708387770723
be:0.0029972085862045145
svga:0.08066020806782656
which:0.04016245593318708
3.1:0.02031876675065916
but:0.003447063327722333
port:0.02160506287745876
windows:0.014234234100639905
now:0.008559141957918364
in:0.0009206202170698989
or:0.006987683499513838
use:0.00861543796760284
better:0.03475983219639486
p.s:0.02349654251357424
and:0.00989112472774067
subject:0.00013832620151304817
cause:0.016339384110580658
i:0.008902012254966602
386:0.024451484057605048
any:0.005302006561081903
will:0.005872048419188002
normal:0.039091841186720655
the:0.0007810912020611948
thank:0.018810851330411993
photo:0.028295719004389385
sony:0.026326043874213872
linux:0.02762819117100613
an:0.004652321961459776
10:0.014976019470964583
about:0.010207421557739602
is:0.009744603047847912
ethernet:0.027036930514180112
new:0.008932640232557238
printer:0.022517783301698607
vesa:0.027351047725664233
2:0.010095386280287092
first:0.009728263364720421
non:0.025701028393443844
resource:0.025701028393443844
under:0.012576805321790877
rom:0.026109219470402987
buying:0.020783512565997492
s:0.003214695755730665
share:0.042290663417003695
