xt:0.10657734549601441
some:0.008107894966203847
out:0.008181785410280971
entirely:0.028861979487369533
11:0.05366964774472099
mb:0.03170128988396191
tried:0.021512944812754658
existing:0.03006716428025035
with:0.00812260245541038
wire:0.1062118390449538
my:0.026394840592508368
to:0.0057424965003784615
line:0.01960974825559714
w:0.021488478159926067
been:0.010189169355704438
make:0.012222781134372942
that:0.0024090598988505334
could:0.010479924689764287
had:0.021311228967807433
reply:0.024938864717744057
on:0.003520894619717291
you:0.003859715204227235
used:0.013711552141228232
am:0.022699116065296742
apparently:0.026310146223969877
a:0.0019395890636755486
richard:0.025944982741519296
hard:0.01877939862899659
old:0.03677657058808783
compatible:0.03128862724180358
drive:0.01960974825559714
question:0.015159625578799336
fine:0.02249414290222611
it:0.002380940484305361
not:0.004186875059555312
have:0.0035503514801920335
probably:0.016577942465480614
only:0.00926066832131449
buy:0.02088084114752754
charge:0.057170175762969934
has:0.007394267179767715
anybody:0.02110829961744927
be:0.0040170920634546615
battery:0.06546113454997166
if:0.01396146707840436
of:0.0027005636884130367
supply:0.11216570648901511
using:0.045925428721769176
one:0.006828547970664045
email:0.019054851798388478
in:0.0012338868187117393
additional:0.029685804852499553
floppy:0.030590424261096094
vendor:0.038189548476856586
system:0.015522377286406423
bringing:0.036804205696187704
or:0.004682718456271426
use:0.023094160107602055
and:0.0013256854669819091
for:0.002259367103556069
subject:0.00018539553397234928
i:0.007954112801891455
power:0.07505153556029283
possible:0.017895636270587375
any:0.00710616157145005
information:0.016936258920026145
source:0.02166158306735989
the:0.0036640771318912297
do:0.004988318881295115
thank:0.025211766019232737
supplies:0.0384655229813671
would:0.0064767336535026115
can:0.006003930503039676
simple:0.022911031645529448
an:0.031177018700060306
upgrading:0.038851424725497734
wires:0.07790269302671907
interested:0.019979695940381386
is:0.0037315642623703318
new:0.03591665760174056
hardware:0.02465056335885105
twelve:0.04091567141624725
motherboard:0.15677861922678654
told:0.021529303935618957
150:0.03273056727498583
planning:0.03217787673388619
going:0.015123720028122794
by:0.006878024130674764
wish:0.025944982741519296
