read:0.01607803589998526
pc:0.023637177744665838
computing:0.030939443114744978
fewer:0.03900209206147056
all:0.006766438515221923
bs:0.04020363923847798
dos:0.025032286214496012
access:0.023775722468216492
with:0.004147711892124449
miss:0.03422567777096531
spot.colorado.edu:0.03830105777326749
6.0:0.0378173113191786
reduction:0.039678050783487046
my:0.006739108236385115
to:0.0029323386384911294
recall:0.027736561809028525
stacker:0.13041549650673884
that:0.0024603164924430977
nt:0.010128773783296999
could:0.010702901810823102
re:0.0026520603033912803
se:0.0357965238079737
anyone:0.011864643614477952
file:0.021549545265662474
this:0.003723279704761837
programs:0.02505802925031572
big:0.019686386906862106
slower:0.06932302616907478
on:0.007191614542401276
numbers:0.025019449652473037
performance:0.02688660449359302
used:0.01400328729316926
speeds:0.035287701787698224
more:0.00901715621149451
a:0.002971285374141266
same:0.04132113511763005
was:0.006279866199300607
as:0.0056745685121774355
40:0.027124164454076585
danny:0.03891057855199604
also:0.01052125625304657
computer:0.01901207734159798
l:0.023439436728747255
files:0.023470294784309852
no:0.007984012313351134
crap:0.034464494899380825
it:0.004863197584964141
not:0.004275957507630957
reported:0.029286295014267116
have:0.003625890873387609
made:0.01649347199941845
due:0.023511648829067252
per:0.02508386606789374
algorithm:0.028943610069084087
robert:0.022662496659274493
allen:0.031588855834783915
loading:0.040425288483187945
be:0.004102562107357952
writes:0.014069412574841752
were:0.03300645313770849
of:0.0013790112451470826
ucsu.colorado.edu:0.03882023085144689
but:0.004718320725180214
reading:0.02330724855576589
fact:0.01700898672786411
using:0.015634188501027806
they:0.006616451237643572
in:0.005040558918992638
required:0.02654454929433311
speed:0.023818901892806957
and:0.004061674622242445
still:0.014480206256947143
for:0.004614877488114524
subject:0.0001893401198015482
relating:0.0403135980082366
i:0.0027077830814949636
faster:0.027661709414144198
20:0.022303775520607232
any:0.007257356498502179
review:0.030649925423111957
normal:0.02675434520935137
than:0.02029221676907037
the:0.00481118942546204
do:0.0050944533255779904
reads:0.036802411718890135
less:0.03899100080278407
would:0.006614536497194156
agree:0.02139400836144992
compression:0.06902647744823344
10:0.020499090481533082
during:0.020768578083705462
cache:0.03441608379959076
actual:0.02881104174984896
about:0.020957791070678116
is:0.0019054796233380418
tests:0.033385120322487735
3.0:0.03278542253505466
disk:0.04965927636595577
time:0.011202198368111444
does:0.008641764640691668
article:0.01724112511311917
s:0.004400257311035591
