some:0.022892879904575572
there:0.017995666383865634
thanx:0.09515034932828033
own:0.04444099285388226
to:0.0027023512942957466
q:0.08322898908867957
manufacturer:0.0983291502984065
ultb.isc.rit.edu:0.11372645362130358
problems:0.0537857497233681
like:0.022836060068797515
finger:0.09756011670716569
contact:0.06823671174471702
on:0.00994134951449588
am:0.03204581091571305
modem:0.08359550150068255
a:0.0027382433840125392
no:0.022073445807500192
telephone:0.08778675269606237
have:0.010024521826424566
public:0.0581126391776587
but:0.013044769063733534
box:0.06212821589620798
or:0.01322179328829579
and:0.0037431119067724496
for:0.012758778937728392
subject:0.000523469742980751
i:0.01122933572031735
don:0.2622709023371732
the:0.0029558941568198155
would:0.0182872479628309
zoom:0.23850589360107727
address:0.18781302081962417
is:0.005268090723346351
number:0.04906401663525016
having:0.05131159592981101
does:0.023891937536029906
their:0.029680070952582627
v.32bis:0.11629563523711542
smith:0.2316316796744978
strange:0.08620319668342595
