another:0.020159139367168896
at:0.008008772840494827
know:0.011217046596893652
fax:0.027805848544394447
wonder:0.03354879734379026
response:0.031923623205703106
service:0.09934339714031844
from:0.007696111403910686
work:0.018409749672639125
value:0.033944116543242434
h:0.06423967498717302
mail:0.02785741368032596
that:0.003153678413040698
considering:0.03641245413959175
think:0.013088618432077774
like:0.010587627850078846
through:0.021540575400225696
nt:0.006491623197476713
re:0.0033994591161651865
had:0.013949168051655773
on:0.004609171138538999
am:0.04457280972821906
inc:0.03328195905276728
them:0.013325992468474917
compuserve:0.04743752353851601
a:0.0012695492053149044
same:0.017655394095714656
ms:0.03800127202168261
price:0.02845585638039966
as:0.007273765092881986
computer:0.024370026410593774
internet:0.025968490391950965
texas:0.03607426974244547
have:0.013943198540390531
states:0.031389633958688025
doing:0.024370026410593774
heard:0.024569521449271586
which:0.011744475750159251
writes:0.0060114762819778395
po:0.04743752353851601
of:0.0053029250608837815
looking:0.023580775867333127
but:0.006048029293185548
anderson:0.13234548588388081
order:0.025493789646659017
they:0.008481087495524942
good:0.014727362285086355
box:0.028804900097332792
one:0.008939190070687476
in:0.008076350086113203
compare:0.03917919012539557
system:0.020320202993113864
better:0.02032923519364912
and:0.003470885586279908
seriously:0.035245033303612186
subject:0.00024269960810925723
i:0.012148099551979676
translation:0.04312030886088031
2000:0.07864813647375135
the:0.0034261500454047865
do:0.00653016289914997
canada:0.06764741078193903
level:0.03200486511448863
can:0.007859690840342848
because:0.016042929989950126
gateway:0.08774219210374742
people:0.013684301273391975
about:0.00895469254838065
is:0.004884956852557526
new:0.03134544663424631
instruments:0.047894449309251366
terms:0.03499217250194967
article:0.007366662548332736
tx:0.04306504480564047
john:0.048754152719669916
buying:0.07293123500431847
s:0.005640329825963803
