thanks:0.044297480998136955
concerning:0.10167204985461567
to:0.0030626648002018463
like:0.025880868077970517
anyone:0.03717588332536425
this:0.011666276408253757
something:0.0442369181591894
these:0.03681413273553206
on:0.022533725566190665
m:0.030418104713690493
hard:0.12018815122557819
controller:0.09359752490443704
drive:0.06275119441791085
it:0.007619009549777155
drives:0.1798685623002516
postings:0.10237018754869076
after:0.042871415281443365
reading:0.07302937880806645
separate:0.09383776748453072
who:0.02873450831630774
up:0.029854674896719658
clear:0.07328334982636918
one:0.021851353506124944
tim:0.0906202066608042
or:0.029969398120137127
still:0.04537131293843438
subject:0.0005932657087115177
i:0.00424219349434211
the:0.005025020066593686
thing:0.05030960966944348
can:0.019212577609726965
cache:0.10783706257205106
many:0.04118224505729097
about:0.021889248451597145
is:0.011941005639585063
itself:0.07473457423543067
new:0.0383111014418566
unclear:0.1318017199353975
