help:0.04755761600092882
all:0.02120150734769536
thanks:0.044297480998136955
ever:0.058742712373996905
from:0.018812716765115013
that:0.02312697502896512
problems:0.06095718301981718
think:0.031994400611745674
cleveland.freenet.edu:0.09516486158901123
nt:0.015868412260498635
re:0.008309788950626012
you:0.012351088653527152
sam:0.10956545592855513
a:0.003103342501880878
ms:0.18578399655044833
was:0.019676914091141903
dos6:0.13365464457848752
copy:0.0759247098902965
are:0.014286919591138345
it:0.007619009549777155
love:0.0727159431151433
of:0.004320901901460859
monitor:0.08327279644641795
again:0.05426375862462263
windows:0.12209809695215562
called:0.059605655463482975
installed:0.08900822123011318
subject:0.0005932657087115177
i:0.00848438698868422
the:0.0016750066888645623
do:0.01596262042014437
did:0.03653135652095479
gateway:0.1072404570156913
problem:0.04701256204545743
just:0.052195047265150486
people:0.03345051422384705
run:0.05948520951971989
notice:0.08973256519121209
99:0.11825137389937762
