since:0.01439440016837181
fast:0.02504890593487797
all:0.006863797342779074
50:0.049657313512639294
with:0.004207391199924801
missing:0.03106221196682913
someone:0.015852216652251942
my:0.006836073822520153
to:0.0019830203742314113
dx:0.04311476835115809
everyone:0.02199649465836765
matthew:0.030836491660586295
clock:0.030864322428772777
that:0.007487150189233313
lance:0.17125985911972394
think:0.0103578994786227
nt:0.005137255767787328
me:0.007795602017298883
re:0.00269021944444727
anyone:0.012035357911089145
comments:0.02650363319445396
had:0.011038909968936224
bus:0.029115414760832098
something:0.014321304440025344
on:0.0036475455053186327
you:0.003998553880638287
spec:0.03775525577256434
etc:0.0167073668162463
vs:0.024579942050815415
more:0.009146899466336157
a:0.002009358454455245
richard:0.026878255502005604
as:0.0115124339599571
rpi.edu:0.0425271566172425
local:0.021988370157668722
plus:0.025725898230069575
chip:0.023254707610095498
popular:0.03043145536786304
plans:0.03349434961640488
those:0.026703822363849786
it:0.0073997574764022725
not:0.013012446228258236
herein:0.041854307279035136
shall:0.028487611611746434
willing:0.025725898230069575
network:0.026427983237622854
be:0.01664636711186968
writes:0.004757283388615557
applications:0.028059719621541957
things:0.01607716495064928
if:0.009642452082926753
of:0.004196559400699395
future:0.025212275714516907
even:0.012080283796877884
explain:0.02586372322311226
must:0.016672377176111492
over:0.014431228435391064
author:0.02909358092129861
one:0.007074179192630378
in:0.003834813709953032
yes:0.01918594151441647
speed:0.024161619905653103
or:0.004851161566209247
66:0.036803687653299944
better:0.016087883966197144
and:0.0013733719945711867
for:0.007021917904577137
subject:0.0001920644380720741
i:0.0027467439891423733
faster:0.028059719621541957
mention:0.027155933915661318
any:0.0073617788941640816
than:0.020584191111071383
the:0.00596495187761121
do:0.005167754812276955
ibm:0.0283486839505012
would:0.02683883873681658
just:0.00844883858608551
upgrading:0.04024895798900485
statements:0.030327189128276234
address:0.022969937798083533
many:0.01333238149336758
is:0.009664482981678556
else:0.01817663471466228
motherboard:0.03248362758080181
vesa:0.0379766346118935
reflect:0.03403678139686683
percent:0.03403678139686683
article:0.005829732951917993
opinions:0.0205439579533816
sign:0.03117778464671263
adds:0.038937292112789346
going:0.015667738734170378
seem:0.019854047157523293
buying:0.028857682915377814
s:0.004463570365870636
