above:0.0388950861446935
read:0.016192879013556583
confused:0.03451760791731983
at:0.006292607231817364
all:0.01362954043780416
dos:0.025211088258885267
take:0.015183922359540738
modify:0.0381663623727912
own:0.03237843765068565
your:0.03599806349089321
with:0.008354676811279247
c:0.01847212639592114
from:0.006046944674501254
spot.colorado.edu:0.03857463675736226
post:0.018446984317365574
6.0:0.038087434971458445
possibility:0.03029272558315237
config.sys:0.08363023365652512
to:0.006890995800454155
changes:0.029127923569544203
then:0.011399145355541452
boot:0.07012323527700488
owners:0.030840339024208917
stacker:0.0875646905116675
and/or:0.028864157336742642
could:0.010779351109471837
inability:0.04118259256153795
account:0.029105567190909
sarcasm:0.041684051552061153
re:0.0026710035912726466
so:0.0072986471241780005
this:0.01124962367938755
kmr4:0.03966172115266173
on:0.007242983217704142
you:0.007939985562981741
assume:0.024796346823494117
m:0.00977724794368623
more:0.009081564470148042
a:0.0009975029470331393
private:0.02535486516910394
following:0.01955224480742687
copy:0.02440437103616673
those:0.013256540387768287
d:0.013013173016978824
it:0.007346902065856542
not:0.012919500183770676
contain:0.03349863434302324
have:0.003651790093911806
keith:0.028146193350854762
real:0.018268527528558908
allen:0.03181449051931809
humor:0.03966172115266173
yourself:0.02504481908124709
be:0.008263732244821019
loop:0.03666835858006213
which:0.009227802375125127
thrown:0.03506161763850244
writes:0.004723302792982588
recognize:0.031979459910708434
if:0.00478678871259578
of:0.006944306627347808
ucsu.colorado.edu:0.03909751821467151
ryan:0.03174955500716628
result:0.025250014007225013
please:0.013681538263608963
up:0.019192291005034067
one:0.007023649341254446
in:0.002538281455635578
po.cwru.edu:0.0340566184806229
or:0.024082552060824474
and:0.0013635621946099638
for:0.004647840898743914
subject:0.0001906925492287021
twice:0.03221701149468331
any:0.0219275842776173
allow:0.05008963816249418
necessary:0.02574839841058232
the:0.0037687650499452652
do:0.02052336911161419
risk:0.03064386298285297
can:0.006175471374555095
meant:0.029083280567078696
may:0.026586078963426154
note:0.02115492213484641
is:0.0038381803841523415
update:0.031013158514116467
article:0.005788092002261436
aware:0.02926355151414914
doubt:0.024857659278432625
confusion:0.03699758077434976
