some:0.004726869939811151
go:0.015752487868778357
out:0.0047699477695565175
there:0.01486281758019672
know:0.014986337558602856
help:0.008664342996120636
all:0.011587868388416493
tried:0.012541959728893406
your:0.005100940170774343
way:0.021040965419593643
remove:0.05366174556728296
ca:0.00832610767648713
previous:0.014061536112116623
password:0.11354238659764723
except:0.013054094813780621
my:0.003847021300932394
to:0.006137729053036088
then:0.006461054047675317
enough:0.009846755169787029
bunch:0.016421874579572168
that:0.004213416503252755
technical:0.01553338964744656
memory:0.013690818729422329
like:0.009430275817883993
nt:0.002891006282277079
re:0.001513929161045225
so:0.008273770019311094
had:0.006212180103976256
this:0.008501739892654559
reset:0.022536171188279264
something:0.008059357559366489
on:0.010263336543305464
set:0.0429054993380716
you:0.009000793350748533
used:0.007993779385979213
suggest:0.014863966822308169
them:0.005934652516324862
computers:0.017561817273638338
m:0.005541759968081264
board:0.01453925716338115
a:0.002261545143071085
same:0.007862726115500455
as:0.006478657167749137
jumper:0.04565512375004103
africa:0.02276758177062723
also:0.006006061261860593
avail:0.023776552586918666
far:0.010078453733285028
electronic:0.017464256336071293
setup:0.0178694525245611
bios:0.09768867541915201
no:0.009115350090546639
d:0.007375887539987998
reason:0.010818671757119546
it:0.01110462930331893
have:0.00620952161717797
briefly:0.0233423601563373
only:0.005398932138742051
machines:0.01597549204406596
cmos:0.047253175848490384
university:0.009515546970035035
thereby:0.023274315142910656
settings:0.020368081162545
always:0.02151381455869399
batteries:0.02137146644151092
which:0.005230333330030436
get:0.005321352126684706
battery:0.038163576417797246
dept:0.01661258093255789
if:0.005426319188367687
of:0.004723253090665716
destroy:0.01999119685863402
short:0.014020153302110394
future:0.01418828471383745
youth:0.022950255597673667
what:0.007452972493899848
but:0.005386908682189557
supply:0.016348038192730948
again:0.009886109870882663
they:0.011331007585114296
up:0.005439110811143258
over:0.008121217621535861
in:0.000719351019815751
our:0.0180548617245376
or:0.0054600118032638485
and:0.0038643463005140675
few:0.009253552635248123
still:0.008266028672994119
for:0.003951605622413854
subject:0.00010808484571667326
purpose:0.015226240858884967
i:0.0023186077803084406
we:0.016369359178712187
386:0.038211630956419225
power:0.021877370689640015
will:0.009176561497192585
the:0.005187773752961093
do:0.0029081697121720513
when:0.005294228513537392
around:0.009583783130176663
got:0.008956088346682486
would:0.01132772849519485
can:0.0035002671758611876
radio:0.014523685671124154
imagine:0.015942261354115233
an:0.0036352151358774766
just:0.009509219137375595
long:0.009636887632018563
here:0.007289072492402413
south:0.03499303226444361
is:0.00870194742965713
new:0.0069797553234151695
else:0.01022895637788687
motherboard:0.018280260055592922
provided:0.016348038192730948
dale:0.0390754701676608
unless:0.012461787148746928
too:0.01580986127825503
switching:0.021456702915996072
engineering:0.015654856247866798
ami:0.024094251434859944
under:0.00982722035265441
change:0.01203242553809914
leave:0.014304381070018286
three:0.011815740916892602
by:0.004009860221931847
students:0.01935427275098812
s:0.0025118877767450133
