fast:0.06330541681723705
say:0.034500817713955335
thanks:0.03624339354393023
i.e:0.06280979994500732
from:0.015392222807821373
oliver:0.10577724930519787
that:0.012614713652162792
sources:0.13996869000779869
problems:0.04987405883439587
v:0.06993906025276385
really:0.03547992260347138
re:0.006798918232330373
best:0.04427592872657153
you:0.01010543617106767
used:0.035899336515215735
communications:0.07671059811515808
bugs:0.0922257414191885
a:0.005078196821259618
other:0.025078327051489286
ns1.cc.lehigh.edu:0.09797732920486409
not:0.010962000155926634
only:0.024246113423077937
between:0.04223392447357101
second:0.04999446866640484
be:0.010517477402499477
even:0.0305301717775641
what:0.016735310963575112
ok:0.059342712554744215
in:0.006461080068890563
and:0.003470885586279908
subject:0.0009707984324370289
the:0.006852300090809573
got:0.040220978575101346
can:0.015719381680685696
is:0.009769913705115051
write:0.05916679863613661
uart:0.23305866174675952
serial:0.07526032596117876
wishes:0.09487504707703202
article:0.014733325096665473
difference:0.11662377624852314
while:0.03946077283415495
s:0.011280659651927606
