since:0.014711923701497657
at:0.00647768391510611
fast:0.025601455330500275
50:0.02537634771417964
thanks:0.01465725474203061
missing:0.03174740781903859
someone:0.01620189790193397
from:0.006224795988457174
to:0.0030401452060827153
matt:0.03609284168669369
dx:0.044065829417727756
everyone:0.022481711452302232
matthew:0.03151670838839334
that:0.005101538609330541
think:0.02117276511071405
cleveland.freenet.edu:0.031488373319893424
nt:0.010501155172388801
its:0.015204592323780663
me:0.007967563826504005
re:0.0027495625204277245
file:0.02234180795925301
wed:0.04239384528393613
had:0.011282415335898053
bus:0.02975766655702692
apr:0.027405943213514698
something:0.014637215567378844
on:0.0037280060679359553
you:0.004086757275064131
sam:0.07250655171742619
vs:0.050244293309755036
more:0.018697338615010675
board:0.026405856759964295
a:0.004107365076018809
richard:0.027471158196902785
ms:0.030736322958713876
was:0.006510743633098424
as:0.0058831923545369005
dos6:0.0442239632796466
copy:0.025122146654877518
21:0.02982502221437004
plus:0.026293381279262285
chip:0.02376767910149466
popular:0.031102737471565903
plans:0.03423319556382558
no:0.008277542177812573
it:0.0075629874207346764
not:0.008866323655528896
date:0.026307346983700904
mother:0.031320618336318634
love:0.024060422354275357
willing:0.026293381279262285
quit:0.0369920297584457
be:0.012760174789797163
applications:0.028678684024958323
if:0.009855153231814842
end:0.019884069136584626
of:0.0014297101879833724
future:0.02576842885527831
even:0.012346760645338423
explain:0.026434246529504442
windows:0.02020005280458457
must:0.017040150202055127
called:0.019722459528358337
one:0.007230227263056047
in:0.0013064683962830182
installed:0.029451249671728623
yes:0.019609160812528593
66:0.03761553370447568
better:0.01644276375956914
for:0.0023922710508240733
subject:0.0003926023072355632
i:0.005614667860158675
faster:0.028678684024958323
mention:0.027754961869683258
any:0.007524171075652995
than:0.03155738122542929
the:0.0038796110808260076
do:0.01056349880744848
33mhz:0.0442239632796466
would:0.027430871944246354
return:0.027135056675124475
simple:0.024258739389384124
last:0.016030607000437482
just:0.025905630076453367
makes:0.020536602075382163
upgrading:0.041136802650527014
many:0.01362647814395657
press:0.02637757618211519
is:0.007902136085019527
motherboard:0.03320017818920185
lot:0.018224657266657285
runs:0.027586695003259814
1993:0.0222768809044863
article:0.005958330002327948
adds:0.03979620296821852
seem:0.02029200408011572
buying:0.029494249450275855
newsgroups:0.03151670838839334
