believe:0.04345343760660681
cable:0.08635294926778497
help:0.04280185440083594
with:0.023393095071581892
from:0.016931445088603513
re:0.0074788100555634104
glenn:0.11160841050959436
this:0.01049964876742838
am:0.03268672713402731
computers:0.0867553773317734
a:0.0027930082516927903
same:0.11652560103171675
as:0.01600228320434037
removing:0.10179020422829338
athena.mit.edu:0.09774546689839544
have:0.020450024525906114
monitor:0.29978206720710465
what:0.018408842059932623
mag:0.10998589961334698
again:0.04883738276216036
extension:0.10127953818819008
system:0.0447044465848505
and:0.0038179741449078986
for:0.00650697725824148
subject:0.000533939137840366
i:0.011453922434723695
any:0.020465745325776146
the:0.009045036119868635
symptoms:0.10321938350793626
gateway:0.19303282262824437
problem:0.08462261168182338
15:0.06683621463961288
having:0.05233782784840723
s:0.012408725617120366
