since:0.010699580873816478
at:0.018844171389399592
fast:0.018619240240363835
50:0.055366576830937396
true:0.013814335786940355
thanks:0.010659821630567716
missing:0.023089023868391702
into:0.009576491459798856
someone:0.011783198474133795
from:0.0045271243552415805
work:0.010829264513317132
to:0.004422029390665768
matt:0.026249339408504498
dx:0.032047875940165636
everyone:0.01635033560167435
spoken:0.030831887479226272
matthew:0.022921242464286066
mhz:0.050535899359404036
that:0.003710209897694939
think:0.007699187312986926
quite:0.014204274770638509
cleveland.freenet.edu:0.02290063514174067
nt:0.011455805642605966
could:0.008070102434898701
its:0.011057885326385936
me:0.0057945918738210945
re:0.001999681833038345
wed:0.030831887479226272
had:0.00820539297156222
this:0.0028073927185637377
bus:0.08656775725680559
apr:0.019931595064374325
something:0.010645247685366432
on:0.005422554280634116
you:0.00297218710913755
sam:0.05273203761267359
card:0.01636849383162696
vs:0.036541304225276384
more:0.01359806444728049
board:0.03840851892358443
a:0.004480761901111428
richard:0.019979024143202025
as:0.004278685348754109
standard:0.016278313050600197
40:0.020451910096389296
local:0.049032889602929716
also:0.00793313974160196
21:0.021690925246814572
plus:0.01912245911219075
chip:0.017285584801087026
popular:0.022620172706593382
video:0.0186936427425937
plans:0.024896869500964054
no:0.006020030674772779
it:0.005500354487807038
not:0.009672353078758796
couple:0.01687696146874074
ve:0.009760073256831198
whether:0.015280527191881414
date:0.019132615988146112
mother:0.04555726303464528
willing:0.01912245911219075
device:0.021466068368507087
without:0.01201716836792778
be:0.009280127119852481
writes:0.0035361625188104935
applications:0.020857224745424233
get:0.007028737835781403
if:0.007167384168592612
of:0.0020795784552485415
future:0.018740675531111497
even:0.008979462287518853
explain:0.01922490656691232
must:0.012392836510585545
who:0.013829442505174847
up:0.007184280055360345
depending:0.02406826818479263
one:0.0052583471004043975
in:0.0019003176673207537
yes:0.01426120786365716
speed:0.017959706774790272
or:0.00360594362408067
lb:0.032910272451374845
66:0.02735675178507322
better:0.01195837364332301
and:0.0030625461055410956
few:0.01222260695671811
for:0.001739833491508417
subject:0.0002855289507167732
i:0.0030625461055410956
faster:0.020857224745424233
usenet.ins.cwru.edu:0.02785225355236041
possible:0.013780596914249101
mention:0.020185426814315094
any:0.005472124418656723
than:0.022950822709403122
the:0.004030764759299748
do:0.003841272293617629
33mhz:0.03216288238519753
would:0.019949725050360984
simple:0.017642719555915724
slots:0.029620509675491243
just:0.006280152745806876
makes:0.014935710600277936
upgrading:0.029917674654928735
people:0.016099177968696442
many:0.009910165922877504
is:0.008620512092748575
number:0.013381095445977315
cards:0.02104287414092033
motherboard:0.024145584137601345
lot:0.01325429619393257
run:0.028629245223394596
runs:0.020063050911461683
trouble:0.020400117017595372
1993:0.01620136793053549
article:0.004333330910783962
adds:0.028942693067795285
seem:0.014757821149175067
buying:0.021450363236564258
integrated:0.029477898728527817
