pc:0.11109473539992944
ideas:0.02997494697532892
know:0.010282292713819181
help:0.017834106000348307
case:0.020596759227556296
thanks:0.016611555374301357
cut:0.03050846246503668
with:0.009747122946492456
alexander:0.08482517019024448
post:0.021521481703593172
my:0.01583690435550502
to:0.004593997200302769
most:0.030943257732783964
510:0.04833374278905402
that:0.00578174375724128
like:0.009705325529238943
nt:0.005950654597686987
quiet:0.12597698394469442
anyone:0.027881912494023185
had:0.012786737380684459
this:0.004374853653095158
you:0.004631658245072682
m:0.011406789267633935
more:0.010595158548506048
a:0.009310027505642634
how:0.010961358310242702
other:0.011494233231932589
price:0.026084535015366356
was:0.007378842784178213
running:0.02522883677038918
also:0.02472495219465944
advance:0.02636251013897208
solution:0.0648309511372208
quoted:0.0372318499569739
those:0.015465963785729668
yeah:0.03295185370156793
have:0.0042604217762304405
ve:0.015209447491895286
peace:0.03209696546177542
225:0.04959400087008672
has:0.017746241231442517
netcom.com:0.05365058624535232
be:0.009641020952291189
which:0.010765769437645982
found:0.022287670877141643
considered:0.028690357976768433
whatever:0.027541338156278024
of:0.004861014639143467
short:0.02885814888017723
even:0.013992995398050214
what:0.00767035085830526
but:0.005544026852086752
supply:0.06729942389340907
oh:0.02691430153451228
please:0.015961794640877124
loud:0.04510236336398099
called:0.022352120798806115
one:0.008194257564796853
in:0.004441992547362262
and:0.001590822560378291
for:0.005422481048534567
subject:0.00022247464076681915
i:0.006363290241513164
power:0.0450309213361757
any:0.01705478777148012
suggestions:0.03297496975892398
the:0.0018843825249726326
do:0.011971965315108277
would:0.0077720803842031335
fan:0.033329633212413945
did:0.013699258695358044
about:0.008208468169348929
is:0.004477877114844399
printer:0.03621610147689859
hear:0.027614013035490062
experience:0.02760185645662623
supposed:0.030405791761803008
e-mail:0.02291413147210222
buying:0.03342681604364597
