with:0.01886539925127572
from:0.013654391200486702
to:0.002222901871114243
then:0.025740005641545213
that:0.0055952358941044646
nt:0.011517395995523202
re:0.006031298431905976
glenn:0.0900067826690277
bus:0.06527488147993002
ide:0.07306281328192332
card:0.04936948945990712
came:0.097378281692837
computers:0.0699640139772366
a:0.0067572780282890085
same:0.031324086298848586
price:0.10097239360786976
ram:0.06273963013279434
local:0.049296507288966965
chip:0.05213555415811732
video:0.056382438594597135
athena.mit.edu:0.07882698943418988
cheap:0.05993921320011045
meg:0.15018434182839607
it:0.00552992628612858
have:0.008245977631413756
maxtor:0.09412527769820261
monitor:0.06043993290465819
hd:0.07191298935051522
again:0.03938498609851642
shipping:0.06618237887648062
system:0.10815591915689637
total:0.05904863702910325
and:0.0061580228143675786
for:0.0052475623050334515
subject:0.0004305960789035209
i:0.0061580228143675786
the:0.0048629226450906645
maybe:0.042708275521650386
gateway:0.15567163115180996
bought:0.059081995949491296
15:0.053900173096461994
is:0.00433342946597845
2:0.031425960517667884
16:0.05624181841653454
sold:0.0662343242748684
too:0.06298444735046763
high:0.045118126220024535
