looks:0.014754764975749528
at:0.00759452596943475
out:0.005078349565001982
there:0.003955943903349773
all:0.0041123613389926345
case:0.031960488456552874
tower:0.023703857675290298
with:0.00504161531715127
damage:0.019178762311071858
though:0.010713552593149482
into:0.01543796468088264
from:0.0036490183380611016
work:0.008728760620647862
reach:0.018785790814786114
blowing:0.024500936720523107
my:0.0040957511264237126
located:0.02106583338327488
to:0.002376205448432467
stop:0.028654768229143424
look:0.010220553121878924
attached:0.04250384066193949
front:0.03031854249453391
might:0.009168470413269163
enough:0.010483398823006017
worse:0.016789075057501667
potential:0.018475311813885755
that:0.0014952785579072276
bit:0.011746052577826292
bay:0.020660536186515067
like:0.005019995963399453
talking:0.01405039301880288
hot:0.018032837011902638
permanent:0.022012508422959213
rise:0.021380596896270095
re:0.0032236250239497458
sucks:0.025000211787441735
so:0.008808712046421724
prefer:0.017700552176904485
this:0.0022628553378078405
off:0.009411454517053235
blow:0.021005547857521692
on:0.006556148602232197
you:0.004791370598351051
working:0.013657495735804341
imho:0.037324755658241816
m:0.005900063414293414
board:0.015479295342048036
a:0.004213590034881365
air:0.04983800412454098
other:0.005945293050999615
idea:0.011949897824399812
steve:0.027647877989951608
layout:0.02470787301011949
drive:0.012171567882784434
russell:0.02253439605896454
turns:0.01902480505847669
chip:0.027865554808648912
across:0.016634328111352768
panel:0.021251920330969745
are:0.0027711697482811445
no:0.004852352311131508
sink:0.10125531877532605
it:0.002955650256379069
not:0.005197500073930732
should:0.0070810868199718945
ve:0.007866955599256181
area:0.01382959933042822
heat:0.07879484213719459
has:0.00458954514606272
feel:0.013130502949336972
be:0.0024933674876615143
which:0.0055685014332651625
writes:0.002850268926799838
get:0.01133081013182002
were:0.006686652144277151
depends:0.018559336790959037
if:0.011554317582127747
of:0.0008381059722661149
flow:0.022245556790503506
suffer:0.02118899447139581
seen:0.0111744176319929
but:0.002867600095906941
supply:0.03481004684141848
least:0.010377855097872769
well:0.00725374099204028
loss:0.018344188552244758
good:0.013965602166892233
in:0.0015317215680559523
cpu:0.057833565186121164
yes:0.011495025303896072
or:0.002906514903892609
and:0.004937035532208489
few:0.0098518426763202
still:0.00880047018202391
for:0.001402365788414112
subject:0.000115073090051803
al:0.06568989966762469
passive:0.02642038075783071
i:0.0032913570214723265
back:0.009079123793394558
power:0.023291855863539154
valid:0.018508725507007814
sf:0.02456881756952371
directly:0.015657328989208533
than:0.00616638483715285
the:0.006822764314556083
see:0.007626662764703345
units:0.02094609388281335
essentially:0.019399854097225097
would:0.004020041578036104
can:0.0037265775536108334
fan:0.15515518909227183
slick:0.0247791200012885
put:0.010721807325632668
an:0.003870250597248865
just:0.005062019670111577
about:0.012737278193817304
stops:0.046760860299348575
cooling:0.050791867964996594
unit:0.0184919862827561
is:0.0023161433352643437
col.hp.com:0.025154169040036905
right:0.008361524111165084
days:0.01283729579547488
electronics:0.0194413000398951
temperature:0.02232612632934899
lot:0.010683419777005994
goes:0.01389235860340809
stock:0.042826750683792075
too:0.00841602529251938
fans:0.070913803785301
every:0.010483398823006017
words:0.014258013497876613
by:0.00853823685187212
concern:0.01985628637797881
bothered:0.023993251222004214
s:0.005348588628069123
