know:0.03855859767682193
tel:0.12704525247807427
thanks:0.062293332653630094
fax:0.09558260437135592
to:0.004306872375283846
and/or:0.12628068834824907
need:0.06003756223428863
master:0.14860950210277027
slave:0.17105164218918786
ide:0.14155920073372644
on:0.01584402578872781
a:0.0043640753932699845
hard:0.08450729383048466
jumper:0.35240048644562916
operation:0.13455519173445302
sweden:0.16629099454599977
advance:0.0988594130211453
settings:0.31443225294678845
maxtor:0.3647354510805351
25:0.1149275796340504
erik:0.34704006008579014
in:0.005552490684202827
for:0.010167151966002312
subject:0.0008342799028755718
i:0.0059655846014185915
the:0.0023554781562157906
disk:0.1094055932437463
data:0.09169830072518163
