another:0.04106491352571442
stopped:0.0834363393114762
technology:0.06236421640401746
help:0.039631346667440684
all:0.017667922789746132
send:0.054321242979189305
thanks:0.03691456749844746
your:0.023332078188541897
my:0.017596560395005578
to:0.005104441333669743
could:0.02794646583937143
set:0.04906323303936891
m:0.025348420594742075
a:0.0025861187515673983
controller:0.07799793742036419
low:0.06288508407370036
was:0.016397428409284917
3.5:0.08888287565929233
drive:0.10458532402985142
fine:0.05998438107260296
chip:0.11971867991863977
works:0.055094925806495186
it:0.006349174624814295
ken:0.1528175074486967
open:0.06120297368061783
floppies:0.10414060550638751
be:0.010712245502545764
density:0.10360379926799396
using:0.040822603308239266
please:0.035470654757504716
in:0.006580729699795943
floppy:0.1631489293925125
system:0.08278601219416759
and:0.003535161245285091
subject:0.0004943880905929314
i:0.007070322490570182
dma:0.10983476661283123
suggestions:0.07327771057538661
the:0.004187516722161405
problem:0.039177135037881186
replies:0.08299644882984458
is:0.004975419016493776
chips:0.07690261015179578
told:0.05741147716165055
