say:0.015553647330061832
know:0.010113730538182802
help:0.017541743606899977
suggested:0.036000507778322394
with:0.004793667022865143
4:0.04072572957669966
though:0.020373313127956393
ca:0.016856955705674765
service:0.029857305151461826
work:0.03319790924574269
my:0.015577282972627891
io:0.10130391403920307
to:0.0011296714426974025
otherwise:0.029126105177147837
software:0.02308021220066604
enough:0.01993564366342128
that:0.0028434805363481705
problems:0.022484206851571913
nt:0.011706205765941615
could:0.0247394943496075
need:0.031495114614708795
this:0.004303134740749336
bus:0.06634496150419117
set:0.021716512984638697
possibly:0.03177830871637165
suggest:0.03009344102549277
card:0.05017882535269249
board:0.029436037043894626
a:0.003434026538966545
other:0.011305803178950089
responded:0.04293385423387657
worked:0.031509539676838935
video:0.02865337043331986
no:0.018454848134139508
com:0.1426241590496676
supplied:0.04518333657569428
it:0.002810290407704688
not:0.004941885316196434
couple:0.025868785202086218
against:0.021174432722605302
mouse:0.07124478979062018
has:0.017455319244041822
ati:0.04207844427220245
uses:0.02799176335931506
free:0.02366809667315357
be:0.004741485714241569
credit:0.039610369741186695
of:0.001593775291522448
even:0.013763602030869064
port:0.06835700221884493
well:0.013793999263552008
must:0.01899557727442211
they:0.01529376433619252
who:0.021197588102194236
up:0.011011970248790038
system:0.01832149450198791
or:0.011054286191853857
for:0.013333969791478441
subject:0.0002188275155083467
i:0.004694230506034301
any:0.00838760054335088
will:0.018578776145955482
the:0.006178303360566007
original:0.050592918250384915
vlb:0.04507618836612581
solve:0.04072051704360558
around:0.01940323305863636
would:0.007644669230363738
returning:0.04725871277553536
did:0.013474680683958733
gateway:0.039555906276279584
people:0.012338304426828832
about:0.00807390311739239
either:0.020521005796011134
hardware:0.058191493830730356
addresses:0.03950180230880948
request:0.03196968055241256
too:0.01600424481856145
very:0.014288872883470879
confirmed:0.04370689259019822
bad:0.0224639430061179
answer:0.02488746755843325
by:0.008118323564075132
john:0.02197933114411349
