out:0.00841555070771757
fast:0.024869985178200268
tel:0.02903891485213126
mb:0.03260704102350368
true:0.01845200565827033
with:0.0041773384056396235
much:0.012479977639713796
setting:0.061454812248037234
work:0.014464803314216455
to:0.002953283914480352
then:0.011399145355541452
hang:0.037932149352626975
might:0.015193465256274614
that:0.0024778901816748344
reliable:0.0662727673634891
bit:0.019464887128969283
re:0.0026710035912726466
master:0.03396788619491892
voice:0.025903530724544058
bus:0.028907447512540436
ti:0.027061864687511875
ide:0.1294255549565499
hi:0.022507261857245747
slower:0.03490909532085552
on:0.007242983217704142
you:0.015879971125963482
used:0.014103310773834754
am:0.023347662238590937
card:0.0218636310465303
compuserve:0.03727233992311972
shadow:0.038326882771734475
board:0.0256514037096796
a:0.006982520629231975
controller:0.27076426847355
jumper:0.0402743413080719
drive:0.020170026777185632
cheap:0.026544508702906054
bios:0.034470146897900775
49:0.071079513600935
it:0.007346902065856542
not:0.0043065000612568915
have:0.007303580187823612
32:0.03058870551075361
32-bit:0.03966172115266173
tested:0.033836820918717515
be:0.004131866122410509
fastest:0.04016851926674947
writes:0.004723302792982588
get:0.01877677107558746
depends:0.030755472396446402
of:0.0013888613254695618
germany:0.030033898094194905
but:0.009504046032148718
using:0.047237583828105445
nearly:0.03064386298285297
up:0.009596145502517034
seagate:0.04106254171642094
one:0.007023649341254446
in:0.001269140727817789
speed:0.04797807381265401
or:0.004816510412164895
use:0.023753993253533542
and:0.004090686583829891
gets:0.023837973874234315
subject:0.0001906925492287021
twice:0.03221701149468331
i:0.004090686583829891
faster:0.05571858610563331
yet:0.01878620530490117
quantum:0.03699758077434976
normal:0.02694544767513245
than:0.010218580587281865
the:0.00484555506421534
can:0.006175471374555095
i/o:0.036864065538548665
17:0.028087883989146467
is:0.009595450960380853
figure:0.026374983100533954
does:0.008703491530982323
hear:0.023669154030420053
16:0.024907091013036724
adapter:0.0714130473723206
under:0.034676048958651985
4000:0.04155534794132774
buying:0.0286515566088394
