there:0.015823775613399094
know:0.02127370906307417
help:0.03689815034554822
thanks:0.03436873525717522
with:0.01008323063430254
my:0.0327660090113897
to:0.011881027242162336
problems:0.0945887322721301
its:0.03565214751783052
on:0.008741531469642929
a:0.007223297202653767
want:0.03263099944331348
button:0.08199144943601118
com:0.30000254144930083
it:0.005911300512758138
have:0.00881466574392505
shareware:0.08552238758508038
able:0.04547353838121843
mouse:0.22478959537385332
screen:0.06445357189838014
be:0.009973469950646057
utility:0.08177989611546266
if:0.011554317582127747
again:0.04210119203634514
port:0.14378541846032897
and:0.006582714042944653
gets:0.05753993693780697
for:0.005609463153656448
subject:0.000460292360207212
create:0.0655663050214417
i:0.006582714042944653
will:0.019539747325918694
program:0.04787299021351853
the:0.0012995741551535397
hello:0.06671191018365123
around:0.040813697123338544
just:0.02024807868044631
press:0.061850868289097694
is:0.0046322866705286875
stuck:0.08199144943601118
move:0.06097974337194857
ports:0.08488137028780876
while:0.037419698377215906
