mode:0.12195494415535768
pc:0.02122829338852155
cable:0.027500939257256364
say:0.012086273721449322
thanx:0.03090871220218024
help:0.013631163821922275
tried:0.019731618172208098
chris:0.02443788052814841
with:0.003725015138786926
c:0.03294391968699312
work:0.025797101452105783
post:0.016449540155612615
my:0.012104640271723584
to:0.012289674039026517
then:0.010164842992202569
might:0.013548312967378637
like:0.007418083207061613
nt:0.004548271030079226
need:0.01223695535985501
re:0.0023817866418991756
anyone:0.010655507959499308
had:0.00977330245657411
this:0.01671918593539551
lh:0.15495287354974446
parallel:0.029307983359626692
on:0.006458711149545095
set:0.03375050425638116
you:0.01062036285494373
am:0.010409785711473666
etc:0.029583745063162237
them:0.009336682621224465
link:0.030865529482528138
parity:0.07777618833423776
modem:0.02715522660213255
a:0.004447465368937564
how:0.008378108262605887
parameters:0.035544079780125595
com:0.036942988119022184
it:0.0021837925461144713
not:0.0038401911374265282
should:0.010463771606582673
have:0.0032563733321506554
try:0.031036811112654685
ve:0.011625055407818054
baud:0.06909885088820937
null:0.03536713988135441
settings:0.06408810251144734
larry:0.02894766264950953
command:0.05243633955329727
heard:0.017214314391209393
be:0.003684466605971155
writes:0.004211862363169187
recognize:0.02851671584394383
if:0.004268474011231906
of:0.002476950134595397
trying:0.017174065115085325
what:0.005862688554118671
but:0.004237472753187327
adjust:0.03528047967717747
port:0.1859136302385145
accept:0.022752305545622506
good:0.010318534085092352
in:0.001131717846461723
system:0.014237084899633918
use:0.02118190481206813
subject:0.0001700443114141293
i:0.004863661331092865
connect:0.0585487430619178
the:0.0048009745859175345
clone:0.034104866450884674
do:0.004575273368831189
hello:0.024645164271667335
ibm:0.05019703272763907
can:0.011013579521499534
did:0.01047077097734373
wam.umd.edu:0.03519498273238677
an:0.0057190964239601065
apple:0.024161572912669273
problem:0.013474938165895442
printer:0.08304329001072289
serial:0.0790952470292643
hook:0.03275554163521412
e-mail:0.01751398583854947
article:0.005161355925583446
luck:0.026259800165054914
ports:0.03135744889613317
fit:0.025894573753492845
seem:0.017577786973858204
thats:0.0330518474672835
