root:0.029296973010394047
generated:0.028213184975245914
at:0.005121889607293204
there:0.010671848669501714
activity:0.025948854935933567
continue:0.022722129109892124
service:0.021177855979525248
from:0.004921931711803346
my:0.005524501519362217
to:0.0016025571628963148
job:0.04036614599173461
then:0.009278374126603506
most:0.010794159674226964
mhz:0.02747154994246673
clock:0.024942679172089626
that:0.006050662071531572
v:0.022364234383151233
suppose:0.022407784800181216
consider:0.018723046968437167
australia:0.05394295017958415
package:0.02260036647125699
this:0.003052223478903599
on:0.0029477257281354066
intensive:0.07019113852035713
you:0.0032313894733065223
etc:0.027003767296025993
vs:0.01986402293641478
more:0.007391971080353057
a:0.004871526020394402
other:0.00801923248739483
uunet:0.021959257630333053
j:0.017756561974005016
basis:0.02166981556417441
running:0.05280454207755875
surface:0.026540614786572762
question:0.01269177955434363
also:0.008624983323718409
act:0.0433910821281204
ie:0.02432336155093844
fidonet:0.03197264523643808
organization:0.02227810016347018
computer:0.015585482006775089
no:0.006545033349898313
compact:0.06807112041810184
it:0.001993345521744023
tiny:0.030395231893487053
spread:0.027100679373424117
only:0.007753117664356317
ben:0.09783128891727512
ve:0.010611242436206014
uucp:0.02461411981009345
heat:0.05314070748787542
university:0.013664768032550312
always:0.01544741917441109
doing:0.015585482006775089
has:0.006190549266782273
environment:0.0244049622376616
be:0.01345258737529003
which:0.007511001933241382
claims:0.021839102765167012
get:0.0076417091586693155
if:0.0038962233707174956
of:0.005652342603655193
cheers:0.02531489928118806
seen:0.015072470294316005
what:0.010702815151123618
but:0.007735851421516398
never:0.01281360017942942
they:0.00542395130527758
naive:0.032957634492008114
depending:0.026167245061373384
over:0.011662446235577661
email:0.01595289918004617
in:0.0030990645679271596
cpu:0.1820188175625209
additional:0.049706463939069016
use:0.009667322835740396
and:0.0022197524098301735
ooo:0.07452457207018473
for:0.0018915631564655464
subject:0.00015521486565126915
i:0.0022197524098301735
any:0.005949344571446554
actually:0.014211128645936539
will:0.03294492281695594
than:0.008317449315229425
the:0.004820513435976502
when:0.007602758388626372
claim:0.01898394793488364
may:0.02163983171441664
friend:0.020193019881934917
an:0.005220338014893818
instruction:0.03212565284293443
solutions:0.0547360693659392
immediate:0.027905088869777828
idle:0.06293353027532231
n:0.02128497381281629
is:0.0031241003126821383
temperature:0.0903429297978308
matter:0.017563389604072922
instructions:0.028095727374562656
engineering:0.04496220340957092
change:0.017279122720409813
very:0.010135130766182833
little:0.013635690127316653
difference:0.01864624329554876
origin:0.028173768190447195
by:0.005758345783820733
s:0.0072143753587909105
