looks:0.023937800520097138
at:0.012321188985376657
out:0.0164780013857407
there:0.006418034864175856
circuit:0.03236478772665767
know:0.008628497382225887
all:0.006671803011512526
small:0.0209003209808812
your:0.00881071484042841
with:0.00817940387118248
damage:0.031115194798382317
into:0.012523104216660044
work:0.014161345902030095
reach:0.030477646636576074
blowing:0.03974977146266686
to:0.0019275512728543088
stop:0.04648885474937954
look:0.016581596673258116
attached:0.0689572799550347
then:0.011160002445984637
might:0.014874721229919202
enough:0.017008031656904867
worse:0.027238219673709
potential:0.029973932453297165
bit:0.01905653285353636
like:0.008144329115445267
hot:0.02925607123609379
permanent:0.03571260107780795
re:0.0026149685508962974
this:0.003671205862737196
slave:0.03827729055981826
off:0.01526893320249196
you:0.007773412439282823
pilot:0.040809560960059874
working:0.044315230918973526
imho:0.03027742417032203
m:0.009572130853958546
a:0.003906305247122784
other:0.009645510404418956
series:0.02508636615921445
fisher:0.042059153888335234
turns:0.030865417996969177
chip:0.04520845255668915
no:0.007872347805472097
sink:0.04106859083195043
it:0.0023975904177620418
not:0.008432307812251258
ve:0.012763172720471568
heat:0.031958747160540465
tom:0.026543554010312973
feel:0.021302634155567678
be:0.004045183616345953
get:0.009191426400637219
were:0.010848274807498596
if:0.018745466287088373
of:0.0013597243745855849
suffer:0.03437655047107572
seen:0.018129125109247222
but:0.004652330225527345
supply:0.02823752051471709
least:0.01683679987906631
well:0.011768307064009404
loss:0.029761201007837648
good:0.011328740219297197
in:0.0024850307957271396
cpu:0.03127596066009349
yes:0.018649271821705518
and:0.004004867984169124
few:0.01598340909724676
subject:0.0001866920062378902
i:0.002669911989446083
suggestion:0.03236478772665767
back:0.014729767273199563
power:0.01889409286832547
valid:0.03002814208129939
directly:0.025402100178296364
than:0.010004204770765463
the:0.006852300090809573
units:0.03398247399169718
would:0.006522025497233399
can:0.006045916031032961
fan:0.2237513838036181
slick:0.04020108979230022
an:0.006279007961970187
just:0.008212507436824378
stops:0.03793188667639465
cooling:0.0824035899851693
unit:0.030000984738457453
is:0.003757659117351943
days:0.020826941430420787
goes:0.045077303440429047
light:0.04884216343785026
hook:0.035962377879221095
fans:0.05752448418947494
every:0.017008031656904867
words:0.02313188203851311
by:0.006926122201518644
concern:0.032214394683154436
bothered:0.03892611387066418
