out:0.015104834603595638
bbs:0.10377032440399131
there:0.01176639725098907
know:0.015818911867414125
help:0.02743708615438201
ca:0.026366007642209244
someone:0.028249463008500255
my:0.012182234119619247
owners:0.05535445465883652
ii:0.047069228270642534
software:0.03609981908309303
v:0.04931600402438477
les:0.22735672191525796
me:0.027784325138578068
re:0.004794109009976545
lost:0.044929568260485254
oak:0.07578557397175265
phone:0.037658296489866266
programs:0.04529720672172457
hi:0.040397649487364164
m/s:0.0715438528907656
a:0.005371169714793828
let:0.029553047984010573
plus:0.09168973984563258
files:0.04242707134086781
setup:0.056586599661110154
have:0.013108990080709046
ve:0.023399149987531207
has:0.01365095479341732
writes:0.00847772296176362
were:0.019888503813747425
if:0.008591672048248837
dr:0.05024159750136539
they:0.011960508006509534
wong:0.07858369661303494
good:0.020769357068711528
email:0.03517818793548642
in:0.002277944896083211
po.cwru.edu:0.061127263939579554
pasadena:0.07191017817850992
or:0.017290037377002188
and:0.0024474193236589093
for:0.004171139268103512
subject:0.00034226867810279864
i:0.007342257970976728
818:0.07890026856932175
usenet.ins.cwru.edu:0.06677399249091534
quantum:0.1328118284207427
the:0.0028990500384194345
can:0.011084179390227093
drivers:0.05041415074975007
eric:0.05112857026049494
bought:0.04696261216498026
development:0.04983670555200259
jet:0.06525013091557268
laboratory:0.06136993073298365
problem:0.02712263194930236
here:0.02308206289260764
propulsion:0.06836206276928439
is:0.003444520857572614
number:0.03208031856920202
article:0.010388883080982065
luck:0.052856264434790017
by:0.01269789070278418
