some:0.023119542081848597
read:0.06733672461082936
at:0.008722425865885456
mark:0.029738851131605844
there:0.018173841298557376
thanx:0.04804621599744849
help:0.021189036832097
all:0.009446216145012783
dos:0.03494606293310829
into:0.017730731712696894
both:0.02223469388423998
to:0.0027291072477046156
important:0.06222513451432124
software:0.02787906820278472
been:0.014527132546746924
make:0.03485307887821196
like:0.011531079836719537
packages:0.04896297626307051
could:0.014941674805208489
two:0.018463261709438728
on:0.005019889358804851
you:0.005502960291175464
used:0.01954914364689966
computers:0.04294820659988782
more:0.01258830718634382
a:0.0013826773523231634
drive:0.11183381183390054
college:0.04078728020365002
files:0.09829638310656502
are:0.01273091844754902
contain:0.04643375057448766
have:0.020247549035550608
only:0.02640665818355023
able:0.026113517090204645
second:0.02722471065992343
command:0.04075497678152312
be:0.011454678359157849
which:0.051164052772971
of:0.0019251543125320659
but:0.006586962596538715
who:0.012802503705285627
in:0.001759204969252381
or:0.006676351066367181
and:0.007560344841401779
few:0.022629975256497886
still:0.02021494140821334
subject:0.0002643263058615673
i:0.0018900862103504448
example:0.027835239047107968
appreciated:0.03351249622946775
we:0.026687998132949902
any:0.020263114183936778
program:0.027491420122614605
the:0.005224030762300368
around:0.0234375686450855
would:0.027702464735773546
can:0.00856005933106647
an:0.01778016115963835
here:0.017825751540825704
people:0.01490369445616948
entire:0.03692493289790893
write:0.03221954381175756
carry:0.038539186633003035
partition:0.060216834523044264
their:0.014986966520611029
first:0.01858965177614892
