since:0.00917808084130129
at:0.004041123910341427
fast:0.04791465034332162
there:0.0042099953466841625
tel:0.03729768880090254
50:0.01583111600517629
thanks:0.009143975435395245
with:0.0026826943889428777
missing:0.019805722309124994
someone:0.010107606030564311
from:0.003883358965276035
several:0.012928676018657782
to:0.0037932086974976995
matt:0.02251663518068964
dx:0.027490609178031995
everyone:0.014025287878500475
matthew:0.01966179972853897
make:0.008073763685090385
that:0.003182611242518136
guy:0.04660088183874591
think:0.019813046250392964
cleveland.freenet.edu:0.019644122805071128
nt:0.006551179373600354
its:0.00948543374327601
me:0.004970590277085068
need:0.00881285317200567
re:0.0017153234072393145
dawson:0.055797250337866706
file:0.013938008635130318
wed:0.026447536507409695
uk:0.019824034333297186
had:0.007038571035239152
bus:0.0556932475012247
apr:0.017097285674486234
something:0.009131473931942765
on:0.002325728556143532
you:0.002549536648663862
sam:0.045233445108119094
vs:0.03134506371617746
more:0.011664394732300238
board:0.01647337852915204
a:0.007687178674383827
richard:0.017137970251278802
ms:0.019174953772408656
was:0.0040617483215659896
crash:0.023426155752874028
as:0.00367024844136247
austin:0.0229670573191264
idea:0.012717322455324571
usa:0.016718448101049197
dos6:0.02758926149555935
copy:0.01567253185808873
harder:0.02245110326671039
21:0.018606435876854704
plus:0.016403210339356288
course:0.011220879816055135
chip:0.014827542925703093
popular:0.019403542642811758
plans:0.021356488975597606
are:0.00884740433396182
no:0.005163971266892247
it:0.004718193987247321
not:0.005531284482348302
have:0.0023451862988424443
date:0.016411922888914326
mother:0.019539468319905204
love:0.0150101717439516
willing:0.016403210339356288
quit:0.02307759654655328
be:0.01592095203130655
which:0.005926111617052835
writes:0.0030333137202640478
applications:0.01789128911648776
get:0.006029238418766616
down:0.010845713655748431
things:0.010251036367615825
if:0.006148168988655132
end:0.01240474037878674
of:0.0026757878747578714
future:0.016075717084026837
even:0.007702566274156082
reasons:0.016681304934844522
what:0.004222211481635923
explain:0.016491089578039467
windows:0.012601867804694961
must:0.010630552419630722
good:0.014862475700545864
called:0.012303919705764835
one:0.00451060049438359
in:0.0016300890082063348
installed:0.018373256675940794
71:0.02330700214551962
yes:0.012233237938091234
66:0.023466571485360976
better:0.010257870969272493
for:0.0029848519533217798
subject:0.0002449262100185165
austin.ibm.com:0.04787273017648405
i:0.005254092859964999
faster:0.053673867349463285
usenet.ins.cwru.edu:0.023891611992162373
group:0.01237209144406718
mention:0.017315022083839098
any:0.004693978285728474
than:0.026249564811366262
the:0.0024203078302400785
do:0.009885108975777478
33mhz:0.02758926149555935
ibm:0.0180755370143104
would:0.01711283754319956
return:0.016928292237692336
needs:0.01536397505811627
simple:0.015133892463102023
last:0.010000745651649073
just:0.016161310506411276
makes:0.012811825147944836
upgrading:0.025663326424181992
cache:0.04451988821781924
many:0.00850092214485364
press:0.01645573559985168
is:0.007394659455706346
chips:0.019049270404573267
right:0.008898502723808713
motherboard:0.02071203776941033
vesa:0.024214459683730264
lot:0.02273902191069166
512:0.024360095914531088
runs:0.01721004825891438
1993:0.01389750368353274
guyd:0.09230650715493419
article:0.0074342466084091835
adds:0.02482698900769596
going:0.009989980202062765
seem:0.012659231903191459
buying:0.018400082225860166
newsgroups:0.01966179972853897
