thanks:0.09966933224580815
rob:0.6601024037998858
need:0.09606009957486182
anyone:0.08364573748206956
specs:0.2422944064378459
a:0.006982520629231975
manual:0.19647986984413815
have:0.025562530657382645
14:0.1866926409878334
monitor:0.37472758400888084
for:0.0162674431456037
subject:0.001334847844600915
i:0.009544935362269746
the:0.0037687650499452652
leland.stanford.edu:0.2523654928462146
an:0.04489490692808684
does:0.06092444071687626
