another:0.011430439847363808
above:0.014034309433652295
since:0.010313513522699389
there:0.004730819513284265
activity:0.02300620128340502
entirely:0.02142332498031553
case:0.012740263439725544
where:0.019045946373543936
enter:0.024418324374332227
own:0.011682941420350491
your:0.006494495990625065
with:0.003014574107162615
cambridge:0.024085651584963303
from:0.004363774507372039
wrote:0.013276159663365263
my:0.009796023312683519
to:0.00213123581457345
interrupt:0.060544417412050626
job:0.017894270903552455
keyboard:0.023426716680273175
software:0.014514360249903383
family:0.02031168592329725
memorial:0.029807512329766053
that:0.003576336344685328
r:0.015980514261490362
its:0.01065888946409366
re:0.0019275283648359305
cease:0.030470488504106736
this:0.010824380172606576
reset:0.028692960224252464
617:0.05369455066279791
management:0.02334997125504766
intensive:0.03111565934407584
kenneth:0.05067883213777142
used:0.01017764695019003
state:0.013699553540931012
apparently:0.019529180702328158
vs:0.01761140177867702
input:0.021995625254508846
a:0.0035992374377484407
basis:0.019212413799164944
running:0.0156054660435397
drive:0.014555689426834993
question:0.011252505584263425
course:0.01260902989639185
processing:0.04889931932677149
are:0.00331397619382075
those:0.009566575537564743
causes:0.021995625254508846
it:0.0070691841183499375
not:0.0031077835493606436
being:0.01002991716456262
whether:0.014729167963308374
per:0.01823105729676813
second:0.014173689570372508
doing:0.013818056212192346
robert:0.016471196025555173
has:0.005488528215910057
absolutely:0.020631230645090898
status:0.022683931402057933
uses:0.017603067679569262
be:0.002981759057409646
loop:0.026461702068086075
writes:0.0034085690258637232
get:0.013550247167949715
of:0.003006813178851629
totally:0.021234614951384807
but:0.006858589920107322
instance:0.02203482422041204
again:0.012586954320144422
fact:0.012362201693963088
necessarily:0.02003743831472269
naive:0.029220170786728842
one:0.005068612926678466
in:0.003663499008133824
cpu:0.18443143811931423
system:0.011521764583724356
external:0.022134145967143366
or:0.0034758322562014705
and:0.0019680279097463393
still:0.010524273619739934
for:0.006708223977568536
subject:0.00013761317985576442
victor:0.0981431882637302
i:0.0009840139548731696
away:0.014273111269709642
power:0.013927089073044031
any:0.005274676630354676
actually:0.012599557356191157
will:0.0058417801283674456
the:0.003885324793758005
do:0.0037026696850850343
when:0.013481179823131299
views:0.020876736052252005
can:0.004456525734215017
receiving:0.026234588718632313
agree:0.015549253499816696
operating:0.023691115104951272
claim:0.016831129096907146
facilities:0.02726403871608501
needs:0.01726467300345024
may:0.009592915089896036
friend:0.01790308979223096
an:0.01388502276126397
instruction:0.05696507514417239
mentions:0.02971939669389337
just:0.006053549296215907
expressed:0.02118432538981076
different:0.0130268912268621
current:0.016300235689334114
idle:0.08369510727336679
ma:0.020676381057925342
is:0.01107928358312016
either:0.012904962407800815
hardware:0.03659465075953146
checking:0.025048937014498437
temperature:0.026699285094891577
matter:0.01557166500979661
exception:0.025647247175595102
nothing:0.01316936083247891
reflect:0.024387178423528295
instructions:0.049819227921904914
article:0.004176973609879386
very:0.008985786040120862
opinions:0.014719639976907433
going:0.011225854041493209
by:0.010210674998115114
millions:0.024544824935755515
s:0.006396250318103282
