mode:0.05715500367877956
at:0.013148731529170612
help:0.031941682388683536
true:0.0385564297336992
into:0.026728416462423677
to:0.004114027343554719
that:0.0051776809766339825
problems:0.040941391580474225
like:0.01738267258968169
re:0.005581201534002545
glenn:0.08328985858924952
1024x768:0.0824718252087272
two:0.027832678099303156
these:0.024725910046252873
card:0.0456851992017051
m:0.04086014066018125
a:0.0020843345161886493
same:0.028986467918337498
as:0.011942002391298782
running:0.04518597630517465
logic:0.06198120818204436
chip:0.04824484116124289
video:0.052174793923358546
athena.mit.edu:0.07294437828238466
os/2:0.07061362110693267
it:0.005117245219999581
not:0.01799731368883477
ati:0.07662045076430893
monitor:0.16778847045173767
mag:0.08207902956219924
again:0.03644580803146295
seems:0.03517144909523997
1024:0.09384704986614356
and:0.005698468872996863
subject:0.0003984620431644522
cause:0.04706718109465771
i:0.005698468872996863
the:0.005625022462604872
symptoms:0.07702939067756437
gateway:0.07202717262247924
put:0.03712625820219073
problem:0.09472680412144406
different:0.037719655194197725
15:0.04987777211911409
is:0.004010039207323342
cards:0.05873160394555376
occur:0.06790739668353046
does:0.018186400213992912
whenever:0.07079453693577364
very:0.02601854465348429
seem:0.08237947925061903
appear:0.05893578460083854
s:0.009260242997851019
