some:0.0028269657993543686
report:0.009190625238437665
24:0.00886945217643695
frequency:0.024207812668583253
pc:0.1452570390216995
large:0.00724947728786338
at:0.004266174394452451
nanao:0.046324681596038544
technology:0.008154159045561606
all:0.0023100915996278238
vertical:0.20921836885349024
send:0.007102535401637343
supports:0.0104640181226605
graphics:0.008519955060870998
grayscale:0.015224581939543872
own:0.005487870788251805
cut:0.008864444299768527
with:0.025488844508987533
literature:0.011455478484659781
ca:0.0199181462091266
frequencies:0.23385715884748529
o:0.008476946692009399
longer:0.008218428591705025
my:0.002300760923317921
corp:0.03361862938192771
to:0.0013348175884656957
displays:0.01234423310934088
boot:0.01188529411474659
omitted:0.01461607242796783
mail:0.00741965013277447
normally:0.010304725772689548
that:0.002519888320347289
studied:0.013616447209067618
could:0.0036540173252446913
asking:0.008681435386533641
me:0.002623701405337881
re:0.0009054249461941176
voice:0.0087808578727268
nm:0.015679914219212006
you:0.002691520529824319
kenneth:0.011902776555360359
1989:0.011455478484659781
used:0.004780783313164324
inc:0.04432222149884263
them:0.003549295814848041
support:0.006631855471025438
a:0.00033813659221462353
other:0.0033397287840966363
ps/2:0.15025458214999146
lists:0.011470108786005937
hopkins:0.013511914105277767
price:0.1212646664152625
below:0.008987588167161968
as:0.0019373224218329746
usa:0.008824749845105872
mac:0.0664655135072375
compatible:0.185458981810981
given:0.006750090942327557
vga:0.01092102084565536
120:0.03684563519168548
21:0.05892788892718149
1280x1024:0.07683526441954663
computer:0.006490806065775582
prices:0.02112572144880892
no:0.002725776600926174
radius:0.02783901133316674
model:0.008859446759282203
18:0.009362589571968763
it:0.0008301584255205133
have:0.001237894947088748
systems:0.014529864989262039
try:0.005899248601315721
only:0.003228901303315464
ve:0.013257629775017684
states:0.00836043519480795
left:0.007080884221550997
19:0.05951908782538808
after:0.0046712195827238534
atlanta:0.011590446966519915
technologies:0.011955994247173375
u.s.a:0.01242995206103801
2600:0.01697309215124653
list:0.014099896353131136
be:0.0014006325838679693
which:0.009384205805211994
pg:0.015156371583692308
ave:0.025317093877383894
of:0.0009416008986234318
america:0.01906895183760999
designs:0.01319286016428231
dr:0.00948872785740073
min:0.027451395315377217
least:0.0058296909992893034
san:0.009777156013570326
they:0.0022588852893649968
ga:0.01334713574390969
up:0.0032529306788193334
net:0.008026979382320781
box:0.007672007289846507
one:0.0023808980817811684
1990:0.01034127450446312
37:0.012587674342323635
st:0.009289944898109685
or:0.0032654307879084036
and:0.0009244489454982806
monochrome:0.014726150815562883
subject:6.464154211142446e-05
p:0.008150431088695764
inches:0.3908634242654827
i:0.0013866734182474208
back:0.005100137336725273
horizontal:0.22278164954605623
monitors:0.022360066483330904
20:0.03807303085236828
information:0.005905136282043015
will:0.005488161476529222
the:0.001460054256637391
jose:0.01104091204305822
because:0.0042729353484128665
come:0.005814028267480408
nj:0.011816599932835655
relationship:0.011053234245255486
here:0.004359324226691032
address:0.015461604619533225
reality:0.010146758407390757
n:0.008864444299768527
unknown:0.022852960886768883
is:0.0026021561926456555
cards:0.01905577464577289
ka:0.015441560532012849
max:0.1844724857157025
electronics:0.02184204169131072
1st:0.010897738863332257
2:0.004717698673354501
their:0.0036650935074617774
notice:0.009777156013570326
guess:0.007254618070062115
image:0.008961411614851518
150:0.011412110623723874
resolution:0.17308753490893436
little:0.005678786203143982
dimensions:0.17119196176095705
950:0.01445980482230785
april:0.008237660682537803
by:0.0023981488494362376
appear:0.009561011061152985
