above:0.021608381191496388
looks:0.027167503764872144
knowledge:0.029339453530572504
thanks:0.03164105785581211
ks:0.049043958384058624
your:0.01999892416160734
with:0.004641487117377359
both:0.017823048272287603
to:0.00875047085771956
remains:0.036645664514347864
us:0.032696450574365016
appreciate:0.030469947106464237
perhaps:0.022924297917778134
that:0.011012845251888151
really:0.015487267803102585
re:0.0029677817680807184
anyone:0.026554202375260176
comments:0.029238135031976982
this:0.004166527288662055
these:0.013147904548404307
on:0.00402387956539119
you:0.008822206181090822
vs:0.027115967817963032
3:0.01858306305267952
more:0.010090627189053378
a:0.005541683039072996
want:0.01502061879136652
price:0.04968482860069782
below:0.029459316770141998
dramatically:0.047396026917564615
standard:0.024159083654462194
modified:0.03918909225462384
question:0.01732528637577067
advance:0.02510715251330674
dual:0.04406857905851303
those:0.01472948931974254
kevin:0.0357584311334898
d:0.014459081129976471
have:0.004057544548790895
buy:0.02386381845431719
money:0.024604918783564522
400:0.036435134718050814
between:0.018435443222590518
able:0.020932263699291024
has:0.008450591062591674
be:0.009181924716467798
which:0.01025311375013903
modems:0.042146832614029975
writes:0.005248114214425097
if:0.0053186541251064225
of:0.006172717002086941
totally:0.03269456587752899
what:0.007305096055528819
but:0.010560051146831909
again:0.01937991379450808
one:0.007804054823616051
in:0.0028203127284839756
dropped:0.03942780221682445
external:0.06815911615279067
or:0.005351678235738772
and:0.004545207315366545
for:0.0025821338326355078
subject:0.00021188061025411345
i:0.006060276420488728
info:0.0233761544396222
silly:0.037084257202245084
decide:0.03248974140168872
the:0.005383950071350378
see:0.014042744138183936
here:0.014288896076376158
replies:0.03556990664136196
is:0.008529289742560758
lot:0.01967105863702691
2:0.015463567873773084
goes:0.025579580920560924
1:0.01554384041210086
wanted:0.024167936424969064
article:0.006431213335846039
difference:0.025453601959003067
owns:0.0448686163531318
give:0.01875584342346037
before:0.01687455767637019
200:0.03298511941413661
