above:0.014877901803981122
some:0.012759965848451958
there:0.005015185713536325
attitude:0.02402384169865969
know:0.0067424870254552014
tel:0.04443112654970904
all:0.005213485413367711
programming:0.02397693599542804
specifically:0.022114987168063722
with:0.009587334045730285
such:0.010508290729332233
from:0.004626077893061069
work:0.011065969748580895
wrote:0.014074180189578477
212:0.031790976567135976
to:0.006024914361052812
w:0.01690896642092543
software:0.030773616267554715
that:0.0018956536908987804
guy:0.05551361880244048
considering:0.0437745350312032
view:0.018608463129970665
think:0.00786747556026533
provide:0.018453309717395703
nt:0.00780413717729441
could:0.008246498116535833
re:0.004086781451127547
dawson:0.06646885559374284
anyone:0.009141610653778094
uk:0.023615516309610854
foundation:0.02718888498396421
this:0.005737512987665782
paying:0.025627370535646198
apr:0.020367258344469938
two:0.010190106189362358
these:0.01810531118140921
unix:0.021653373858581054
on:0.0027705400286299996
you:0.003037152947588644
products:0.02213162182588464
disclaimer:0.020513964628820693
customers:0.02957532023867606
etc:0.012690295013432981
them:0.008010159407280004
card:0.016726275117564162
a:0.002289351025977697
other:0.007537202119300059
want:0.010342065397334326
as:0.008744417051552114
austin:0.02735966391021615
part:0.013383727390236487
usa:0.019915965497424727
are:0.007026353897281153
internet:0.015609475098986919
it:0.011241161630818753
not:0.0032945902107976224
purchase:0.023838587317918263
made:0.012708084983158478
due:0.018115532704363294
systems:0.016395721968757434
postings:0.025172996938202644
his:0.0100788472213402
free:0.04733619334630714
without:0.012279838714767732
signing:0.032520656308253584
which:0.007059520942718676
writes:0.0036134556886205592
get:0.007182371449678264
if:0.003662024151712619
of:0.0021250337220299308
gmt:0.023154635717076696
using:0.012046014090955851
good:0.008852512848959012
chance:0.019645123103894012
in:0.0009709273327567785
71:0.027764625506684574
system:0.01221432966799194
or:0.003684762063951286
and:0.004172649338697157
for:0.0035557252777275845
subject:0.0001458850103388978
austin.ibm.com:0.05702871682225969
i:0.0020863246693485784
special:0.019102246955546572
group:0.014738338441566367
information:0.02665378452987721
impossible:0.04498636781348454
will:0.012385850763970321
the:0.0020594344535220027
compatibility:0.031147353421472682
do:0.003925234529543698
vlb:0.030050792244083874
ibm:0.021532606935080148
did:0.008983120455972488
linux:0.02913792839346548
fri:0.031790976567135976
agreements:0.03263333000881498
forward:0.023637418065881557
an:0.004906547205255392
address:0.017447111223680933
about:0.010765204156523185
is:0.0029363128621930482
cards:0.043005655348110405
chips:0.022692573487415147
hardware:0.01939716461024345
days:0.016274604505738647
does:0.006658408821516531
512:0.029019130652282933
their:0.016542990367013267
run:0.014627510537636038
1993:0.016555496191312226
ordered:0.025595874881456305
23:0.023659407958229784
x:0.01664021852210985
guyd:0.109960757157244
e-mail:0.015025659981706374
diamond:0.1641579834612969
article:0.004428048526320224
bad:0.014975962004078601
mine:0.01784283631038244
x-windows:0.031694257566592804
buying:0.021919223635177683
main:0.020319218642769553
s:0.013561448761880182
