some:0.013192507063653719
read:0.012807926903378088
stored:0.05546470586881742
out:0.006656367791415027
there:0.005185192008910437
tel:0.04593726643275002
situations:0.027008504912395856
thanks:0.01126207144020431
where:0.010437609029569275
concerning:0.025848826234224322
buffer:0.029942404634186605
from:0.0047828940928258505
several:0.015923454079476818
to:0.003893217966358279
guy:0.05739543638896389
memory:0.019105266814504605
like:0.006579881714738267
re:0.002112658207786274
dawson:0.06872203713929345
anyone:0.009451495760685826
uk:0.02441604228620783
requested:0.029592826082107015
this:0.00889800743002405
bus:0.06859394325009595
something:0.01124667410826849
two:0.010535533517815318
these:0.01871905054349088
on:0.005728913279539999
used:0.011155161064050088
m:0.007733416452633176
a:0.001577970763668243
hard:0.04583446445043236
controller:0.023795980907907723
as:0.00904083796855388
austin:0.028287110144460764
usa:0.0205910829719137
drive:0.07976846748039516
scsi:0.047796297131445904
it:0.007748145304858124
not:0.003406271234892457
have:0.0028884215432070782
being:0.01099324254194999
drives:0.06859394325009595
postings:0.026026318868311207
after:0.01089951235968899
has:0.012031349987418656
writing:0.022612761272020533
free:0.016313603356636924
be:0.01960885617415157
writes:0.003735945711963629
down:0.013357997609904847
of:0.001098534381727337
reasons:0.02054533602144692
reading:0.018566791222389776
separate:0.02385705952996544
well:0.009507728305951101
who:0.007305383470247731
up:0.007590171583911777
clear:0.018631360125348096
one:0.005555428857489392
tim:0.02303903559172988
in:0.002007680247395373
71:0.02870579925267388
or:0.007619338505119608
and:0.001078523769747994
still:0.01153507956061891
for:0.0018381291689947682
subject:0.00015083026492665705
each:0.014384233883393306
until:0.016164778109404768
austin.ibm.com:0.05896189366369222
i:0.002157047539495988
faster:0.022035599024826734
group:0.01523794313450082
than:0.008082493119883962
the:0.00681358653097449
thing:0.012790578729519528
when:0.014775982405013965
ibm:0.022262525814235407
can:0.019538214518366404
needs:0.03784572387197002
may:0.021028537033218428
come:0.013566065957454285
cache:0.08224860704647961
many:0.010470062302701094
about:0.005565063165660291
busy:0.02885255341314428
is:0.007589622228549827
itself:0.01900031548358407
write:0.01838516341800855
new:0.009740110536065237
disk:0.05933862684406579
does:0.006884117595127261
512:0.03000282999642812
guyd:0.11368824045070988
transmitted:0.030577873467105755
article:0.004578151866195486
written:0.02024586970879158
somewhere:0.02191819807289597
data:0.08289111929959922
unclear:0.03350891184798241
while:0.012261822067110297
