tried:0.08152273823780713
fax:0.24147184262237284
your:0.06631222222006644
from:0.022278217221846724
to:0.0036268398949758705
problems:0.07218613778662561
anyone:0.08804814471796796
had:0.04037917067584566
this:0.013815327325563656
on:0.013342337506297102
you:0.014626289194966363
them:0.0385752413561116
also:0.03903939820209385
straight:0.10517530598587654
it:0.00902251130894663
not:0.015866052857262232
has:0.05604076178350268
print:0.11569376396986113
and:0.005023650190668287
word:0.08075990832008996
subject:0.0007025514971583761
any:0.026928612270758084
the:0.001983560552602771
can:0.02275173664309772
fonts:0.13033555984998102
iii:0.12165117309059757
opinions:0.07514763567158005
needed:0.08778480763515845
hp:0.34149848732023613
processor:0.12861245644525715
john:0.07056522104162752
