bottom:0.023007764758200107
mode:0.019637873058862724
read:0.011625656727681651
pc:0.017091497753835297
choice:0.019345449612915604
at:0.009035538589276216
there:0.004706558900395627
know:0.006327564746965651
help:0.02194966892350561
all:0.004892655541775853
thanks:0.010222495614954683
where:0.009474137426839804
with:0.008997344258300729
missing:0.022141781863534608
someone:0.011299785203400102
buffer:0.027178490360261688
surprised:0.022567603548714045
from:0.008682792353130006
post:0.013243988740672721
to:0.004240612800279479
obviously:0.01888150297859465
vram:0.08460453816411306
that:0.0035579961583023264
think:0.0073833232180951554
like:0.005972508017993196
could:0.0077390213093643965
me:0.005556865027715614
need:0.009852317905114032
so:0.005240054345563692
anyone:0.02573714999448294
this:0.026922176326739437
getting:0.013908726011408646
pins:0.02686118059760483
these:0.00849556909281509
came:0.015480649910143317
m:0.007019562626236267
sure:0.011189969334149761
board:0.09208196203474729
a:0.004296935771835062
was:0.009081652657450109
as:0.008206299079148906
part:0.012560113396991165
video:0.017926724065974474
based:0.01549181031743868
are:0.0032969814441088487
works:0.015257056377183283
it:0.0017582329730254972
have:0.0026217980161418095
being:0.009978481691923837
boards:0.023991356044089838
frame:0.02478187235089629
probably:0.012242172897585684
only:0.013677294751479862
buy:0.015419698078174185
color:0.0189468313159148
able:0.013525462698003431
editors:0.03254662995412591
technologies:0.025322182687603095
selling:0.021383472488972002
has:0.010920763834733857
love:0.016780602257340762
degree:0.022725406926492272
screen:0.019170806000543834
be:0.005932935970640731
get:0.006740379360467294
if:0.003436668819299535
of:0.005982787248176574
even:0.008611074091107824
but:0.006823417664106772
ok:0.016737688156466316
mag:0.02820151272137102
please:0.03929057142369753
who:0.006631040380686401
up:0.00688954036078146
over:0.010286875653945425
one:0.005042620039874987
email:0.014071275174194568
in:0.0027335338752998537
seven:0.024713948111152597
or:0.006916014950800875
use:0.008527074501268451
and:0.0009789677294635636
for:0.005005367121724215
subject:0.00013690747124111947
i:0.008810709565172074
group:0.013831363768239206
info:0.04531377629834458
any:0.005247627006609268
actually:0.012534944241544024
will:0.005811822281555305
the:0.00309232004098073
upgrade:0.06803946774228842
wind:0.02596911235594617
around:0.012139458631557106
would:0.009565637395942319
can:0.004433671756090838
because:0.00904985794304879
eric:0.040902856208395955
maybe:0.040737124343728066
may:0.009543720653537594
last:0.022360641559584594
just:0.00602250545367121
upgrading:0.028690282874213713
f:0.01905759599182999
ver:0.031071337274886007
chips:0.02129610742665114
white:0.017430611004208164
time:0.016200102255422705
does:0.006248660586346283
2:0.009991843856899532
hear:0.016993238791070807
1:0.020087424532561113
strip:0.02751673634893757
dumb:0.026372410444762136
resort:0.05846118642184103
needed:0.01710678302633857
