frequency:0.13155035042269583
way:0.04558875840911956
changes:0.10731340262463654
re:0.009840539546793961
behavior:0.11179971112945247
this:0.013815327325563656
these:0.04359568350260375
on:0.013342337506297102
you:0.014626289194966363
machine:0.08559998300853544
a:0.003675010857490513
hard:0.07116403690988182
other:0.03629757862715555
drive:0.07431062496857864
schmidt:0.16261944095766806
drives:0.10650112241462266
doing:0.07054481329382409
if:0.01763553736219498
of:0.005116857514887859
and:0.005023650190668287
for:0.017123624363793367
subject:0.0007025514971583761
quantum:0.13630687653707804
normal:0.09927270196101429
the:0.007934242210411084
many:0.04876844809416035
is:0.014140664573192836
disk:0.09213102588947056
temperature:0.13630687653707804
goes:0.08481650515764938
leave:0.09297847695511885
models:0.11745271181527824
john:0.07056522104162752
