mode:0.04326988979071447
all:0.010780427464929843
philip:0.06553727835803935
supports:0.04883208457241566
graphics:0.05963968542609698
with:0.009912328420161818
from:0.023914470464129253
carson.u.washington.edu:0.06213892633522428
dealer:0.024986245216094615
my:0.010736884308816964
to:0.0007786435932716558
colors:0.02576212810046918
256:0.16567028287863636
mail:0.017312516976473763
that:0.0019599131380478915
ran:0.02564856211560428
this:0.002966002476674684
2.0:0.026496094960583354
these:0.00935952527174544
on:0.008593369919309998
performance:0.021418142562692744
card:0.10375960496658447
a:0.005522897672838851
million:0.02211023310243581
price:0.017684430518892447
test:0.02020282403378345
running:0.01710429611551809
local:0.01726770311816922
driver:0.020789749143990913
also:0.0083813397270032
washington:0.021690470821550813
chip:0.036524343026025696
based:0.03413449730961065
display:0.020825544728449025
are:0.007264535385324582
os/2:0.026729449797539488
results:0.02069538841168622
it:0.015496290609716247
made:0.013138867524960459
hint:0.030924590678271253
university:0.013278757636150586
has:0.012031349987418656
800x600:0.13403564739192964
be:0.0032681426956919285
which:0.02189648021216132
16m:0.04070080832150155
of:0.004394137526909348
result:0.039943524983180816
dram:0.03491264834119428
order:0.015843598085494306
using:0.037363060654998656
double:0.02496130161039339
in:0.004015360494790746
feature:0.02669551745821626
640x480:0.17384804939003098
system:0.012628374741483192
use:0.009394234620041514
and:0.004314095078991976
for:0.0018381291689947682
subject:0.00015083026492665705
i:0.002157047539495988
1mb:0.03350891184798241
normal:0.04262556694371235
the:0.003832642423673151
less:0.015530313879075013
got:0.024996088380006488
can:0.004884553629591601
drivers:0.17773124332115278
64k:0.1019399831530837
handles:0.03137085288911097
whereas:0.028423254503664494
colours:0.13907843951202478
may:0.010514268516609214
just:0.0066349636354004855
here:0.01017175652894574
lab:0.024348649230471822
is:0.007589622228549827
yesterday:0.024838209213868492
hardware:0.020054695613980517
window:0.019700523965113795
16:0.019700523965113795
accelerator:0.029942404634186605
resolution:0.025241932174219592
comes:0.03417148403667245
by:0.0055956806486845544
