know:0.028694770364146555
help:0.0497695981405069
my:0.022098006077448867
t:0.059913326860475395
michael:0.06987663259706253
anyone:0.03890499417770677
bitnet:0.11349432028514245
on:0.011790902912541626
numbers:0.0820405209534581
state:0.06180728806838642
a:0.006495368027192535
internet:0.06643102193289782
manual:0.09138598597401774
model:0.08509189561822209
it:0.023920146260928275
not:0.014021162990138718
university:0.05465907213020125
has:0.024762197067129094
if:0.015584893482869983
monitor:0.08714594976950717
what:0.021405630302247236
or:0.031363323614096994
and:0.008879009639320694
for:0.007566252625862186
subject:0.0006208594626050766
research:0.0717984065241111
the:0.0035058279534374557
development:0.09040146588502795
is:0.01874460187609283
does:0.05667389834128024
non:0.11535577860313166
mike:0.07431190765017914
says:0.059558761498315536
specify:0.12181233061704515
