another:0.016548547241705812
mode:0.08573250551816934
eisa:0.04164492929462476
read:0.016917933297745685
pc:0.024871955686551366
at:0.006574365764585306
there:0.006849096907292145
know:0.009208023325808222
all:0.007119909183927546
mb:0.034067057785750116
story:0.02682878752248212
tried:0.023118388455497546
tower:0.04103951478109962
with:0.013093150226631656
o:0.026126708834327474
reach:0.03252465275395805
to:0.003085520507666039
sound:0.02575509917260023
mail:0.022868026155491463
been:0.010949555128518203
horror:0.04396907973089258
divide:0.04488402243307416
memory:0.025236061389308322
protection:0.03156695743382808
nt:0.01598683324751728
responses:0.03310394500791727
happened:0.025166424617450976
michael:0.022423098519952903
anyone:0.012484438430159636
prefer:0.030645732127177916
this:0.00783555878166297
these:0.012362955023126437
machine:0.024274622047196617
card:0.02284259960085255
computers:0.03237140945215425
stable:0.03748372266355221
a:0.006253003548565948
hard:0.020180846287876933
crashes:0.04341603516258122
as:0.005971001195649391
ram:0.0290287840912929
standard:0.06815025090587097
drive:0.042146324609044605
colorado:0.03517314692237283
also:0.01107087411701169
computer:0.02000524556093519
d:0.013595852405798772
zero:0.03457921081850456
have:0.015261212332765757
machines:0.029447362200629046
completely:0.02684323609730948
floppies:0.04196710968167855
get:0.019617522019270483
if:0.00500112253554783
of:0.001451049146012975
keeping:0.0311950740476499
what:0.006868970917885307
but:0.004964800166047838
order:0.020927737769645464
windows:0.06150463839007839
up:0.03007747097803846
pro:0.03358780709370315
errors:0.03204495759422248
in:0.003977903773757249
cpu:0.03337658488353261
installed:0.029890820562351438
system:0.01668076365106362
speed:0.02506317288720732
or:0.005032175057485711
and:0.005698468872996863
for:0.0024279765888960744
subject:0.0001992310215822261
i:0.008547703309495294
tape:0.03096543480386816
yet:0.019627378676762414
quantum:0.03865418886872363
phones:0.036960830405218505
the:0.0016875067387814619
do:0.00536058148437684
come:0.0358387115592449
problem:0.015787800686907345
newsgroup:0.02868778985503246
1.2:0.039958686811857415
company:0.025120358504711567
n:0.027321011162719414
general:0.022003211664832472
is:0.004010039207323342
ethernet:0.03894125066594598
turbo:0.07414780715402808
does:0.018186400213992912
their:0.011296146407326223
run:0.019976376331249216
by:0.007391309513560941
