eisa:0.10334112084221699
thanks:0.03691456749844746
ever:0.04895226031166408
from:0.015677263970929178
to:0.005104441333669743
ps:0.0834363393114762
this:0.009721897006878128
two:0.03453313764172799
spec:0.09718482504419339
identical:0.09050506194295874
3:0.04336048045625221
computers:0.08032905308497536
m:0.025348420594742075
international:0.07343267816187767
computer:0.04964264639195028
are:0.01190576632594862
between:0.04301603418604454
has:0.05915413743814172
heard:0.05004902517444212
anybody:0.05628879897986472
which:0.023923932083657735
of:0.007201503169101431
trying:0.04993200413089622
version:0.05778649273454786
net:0.061391527498120047
sounds:0.06597601043631181
tim:0.151033677768007
and:0.003535161245285091
for:0.006024978942816185
subject:0.0004943880905929314
i:0.003535161245285091
decide:0.07580939660394036
the:0.006979194536935675
vlb:0.10183879593828424
slots:0.10257472795031228
cache:0.08986421881004253
motherboard:0.3344610543504779
nice:0.11702738728721325
hawk:0.3232082617658824
