all:0.0397528262769288
thanks:0.04152888843575339
graphics:0.0733071133362442
among:0.07176053058303802
from:0.017636921967295324
options:0.094270425180767
my:0.019796130444381277
to:0.0028712482501892307
me:0.02257476417509468
yang:0.27280264735486265
used:0.0411346564236847
inc:0.0762711561625917
includes:0.07849488273817393
ram:0.081038688921526
silicon:0.11325794073451624
discussions:0.09999323511670388
which:0.02691442359411495
of:0.004050845532619555
helped:0.09806879094730772
net:0.06906546843538505
now:0.03441488328913009
additional:0.08905741455749866
system:0.09313426371843854
and:0.003977056400945728
for:0.006778101310668208
subject:0.0005561866019170479
vendors:0.11429982449648836
i:0.003977056400945728
decide:0.08528557117943289
cost:0.06918765842397667
the:0.006281275083242108
upgrade:0.09213677923434889
gateway:0.2010758569044212
an:0.01870621122003618
sgi.com:0.12928154672488848
just:0.024466428405539288
right:0.04041403320396457
ordered:0.09758427298555217
update:0.09045504566617303
mike:0.13314216787323763
