large:0.05162127792909613
know:0.02127370906307417
all:0.016449445355970538
philip:0.20000169429953388
with:0.01008323063430254
from:0.014596073352244407
carson.u.washington.edu:0.18963086140232238
my:0.0327660090113897
to:0.004752410896864934
this:0.009051421351231362
amount:0.06411063813149703
you:0.009582741196702101
performance:0.06536226264821751
card:0.05277428183645244
8:0.05090502210989425
a:0.004815531468435845
other:0.02378117220399846
want:0.03263099944331348
washington:0.06619333336921542
it:0.011822601025516275
ftp:0.06540287840153579
due:0.05715762904997384
university:0.04052310519997679
hope:0.04980106099379388
site:0.06733731374894149
has:0.01835818058425088
get:0.02266162026364004
of:0.020114543334386756
what:0.0158696914309764
result:0.060948309672612104
dram:0.10654377166192046
in:0.0030634431361119046
for:0.005609463153656448
subject:0.000460292360207212
i:0.0032913570214723265
1mb:0.10225995512229115
will:0.019539747325918694
program:0.04787299021351853
the:0.0025991483103070794
would:0.016080166312144414
can:0.014906310214443334
satisfy:0.09883149204047796
people:0.025952985173674437
finally:0.06269869785855353
is:0.0046322866705286875
request:0.0672465694378333
