pc:0.16664210309989416
know:0.012338751256583019
tower:0.05499294980667349
thanks:0.01993386644916163
your:0.012599322221812625
alexander:0.10179020422829338
several:0.028184513720673966
my:0.03800857045321205
to:0.0027563983201816617
noisy:0.058177487117858834
most:0.018565954639670378
make:0.017600804833497036
510:0.05800049134686483
that:0.0034690462543447683
like:0.011646390635086733
asking:0.035854328146383944
re:0.0037394050277817052
so:0.0102181059738492
anyone:0.016729147496413913
this:0.00524982438371419
two:0.018647894326533115
utter:0.05653445660494607
you:0.0055579898940872185
posted:0.03413380924481896
m:0.013688147121160722
a:0.006982520629231975
how:0.013153629972291244
was:0.017709222682027712
altogether:0.05594605160471674
removing:0.05089510211414669
cover:0.03924206548247886
d:0.018218442223770354
it:0.0034285542973997198
should:0.016428121422334796
try:0.024363896723433927
always:0.026569560979987077
has:0.01064774473886551
netcom.com:0.06438070349442279
willing:0.03575899853979671
without:0.06741631454407485
be:0.005784612571374713
if:0.006701504197634093
but:0.006652832222504103
sounds:0.03562704563560838
in:0.0017767970189449048
cpu:0.0447246237439337
or:0.006743114577030853
and:0.0019089870724539493
subject:0.000266969568920183
i:0.013362909507177646
suggestions:0.039569963710708776
the:0.002261259029967159
originally:0.04549795577796541
got:0.02212153821630574
would:0.00932649646104376
fan:0.1199866795646902
may:0.01861025527439831
variables:0.059512801044104065
about:0.009850161803218715
save:0.036225102324212936
done:0.026486635514206984
2:0.01948409552095409
silence:0.05365763588042827
run:0.08030503285162184
1:0.03917047783849417
useful:0.03834287217078438
difference:0.03207153846834387
complaint:0.05971899391613142
answer:0.030362710421288568
by:0.00990435474817166
