simply:0.012905668100773794
pc:0.014062624734168283
at:0.014868607805138075
there:0.0038724851712115924
know:0.005206224158895788
search:0.018004857803268843
dos:0.014892625975712816
means:0.011960317385817522
nichols:0.022887172129638964
with:0.012338130312015767
though:0.01048752827683831
programmers:0.024256353756535575
ca:0.00867742023667646
into:0.015112269223480052
my:0.008018685749622795
to:0.0011630372658994353
t:0.010870350443039838
potential:0.01808553730304428
that:0.007318662983849721
configure:0.024779782653877258
indeed:0.015562203833352807
through:0.009997735417826272
finds:0.022186214868567342
nt:0.00602597933942986
its:0.008724998126726455
re:0.003155616057199751
so:0.004311437119767595
this:0.008860463094876269
programs:0.014907941452719477
bell:0.018832080375445457
merely:0.017219616117050026
contains:0.01771161816404133
internal:0.016719693738904355
set:0.022357928979965577
you:0.009380573660906697
etc:0.009798835390119137
card:0.02583045018155478
modem:0.035977810772445655
3:0.019759206283861765
a:0.0035354534831554306
as:0.0168800455741987
standard:0.012844069790979901
manufacturers:0.021296666062971693
frankly:0.02385420109913336
third:0.015412594922649304
bios:0.08144844836634782
are:0.002712706251481964
it:0.0057865895314763195
not:0.005087848173636834
should:0.006931696802672909
have:0.010785877914507443
area:0.013537835631474038
equipped:0.07099992275852877
indicate:0.020039452327908314
shows:0.0489141093369609
determine:0.018407010460671062
be:0.002440764798048402
which:0.016353067500221745
common:0.01420307189717869
comm:0.10612240238028048
writes:0.0027901366709601784
get:0.005545881752283216
were:0.006545583533638392
if:0.0028276389019553133
whatever:0.013944981344950896
of:0.003281697646679133
even:0.007085060961038082
com1:0.027042671721670405
what:0.0038837219535722833
but:0.005614204407176458
port:0.0703759854067433
order:0.011832560595495745
alike:0.02385420109913336
necessarily:0.016401953725975534
find:0.008930155011280127
up:0.011337218315209997
one:0.004148991172049039
bob:0.015544324953709282
in:0.003748516917605284
become:0.013975623522342395
installed:0.0338005903405493
and:0.0032219191096269184
4th:0.02147472663044164
for:0.0027455600245744637
subject:0.000112645387730035
table:0.019113478580081205
space:0.012900897711025752
i:0.004027398887033648
example:0.011862274868176812
dump:0.023605928947137863
actually:0.010313561717726094
will:0.004781879092418921
program:0.0117157528792577
the:0.00572470640498015
users:0.016661171174076717
do:0.003030877294964121
when:0.011035227365769923
would:0.011805691722840203
instead:0.012944026631158824
an:0.0037885997407668213
problem:0.008926435831415967
rules:0.01738192109944579
just:0.004955226006185172
i/o:0.04355248249280011
address:0.09430274041154124
many:0.007819413618472968
shared:0.021092461249208615
is:0.0034009193277299227
number:0.021116159058208926
query:0.02432726986757516
field:0.016423872784528715
addresses:0.04066852220822579
irq:0.048373219732892166
unless:0.012987600952491523
insert:0.02189510570617514
serial:0.017465476488881148
first:0.007922172275911566
slot:0.021511258540750137
article:0.003419126077285236
laboratories:0.02385420109913336
playing:0.01690029517027465
ports:0.0623179680594039
by:0.004179052636359351
data:0.024762410322411915
s:0.005235749205536019
