know:0.03163782373482825
knows:0.08958875413182653
anyone:0.0428952499908049
this:0.026922176326739437
convention:0.1474039959051008
wondering:0.09228034620146915
was:0.02270413164362527
it:0.008791164865127486
date:0.09173844076367495
atlanta:0.2454797229319346
has:0.02730190958683464
if:0.03436668819299535
of:0.004985656040147145
but:0.01705854416026693
year:0.06345540297973466
ga:0.2826854903710104
in:0.004555889792166422
or:0.017290037377002188
subject:0.0006845373562055973
i:0.009789677294635637
info:0.07552296049724096
possible:0.0660761954606303
the:0.0038654000512259126
wrong:0.06778005273922719
ralph:0.14202654639274007
newsgroup:0.0985683036044705
is:0.006889041715145228
wanted:0.07808102537297698
e-mail:0.07050501991416068
passed:0.11081126883740477
already:0.07450734157172696
s:0.0318172451721035
