some:0.05559699405396924
okay:0.10251824132148801
boeing:0.1533786433537828
rumors:0.13253414960726137
with:0.027848922704264156
experiences:0.11250253785962565
mc:0.13496936030060463
problems:0.06531126752123269
anyone:0.03983130356289027
had:0.03653353537338417
bus:0.09635815837513478
ide:0.21570925826091647
on:0.01207163869617357
board:0.08550467903226533
a:0.0033250098234437974
controller:0.20056612479522223
services:0.09515861017769782
drive:0.13446684518123755
computer:0.06382625964679321
have:0.012172633646372687
heard:0.06434874665285416
good:0.03857166312760712
in:0.008460938185451928
cpu:0.10648719939031832
replacing:0.13354747376008982
or:0.016055034707216316
and:0.00909041463073309
subject:0.0006356418307623404
i:0.004545207315366545
the:0.0017946500237834594
an:0.021378527108612776
about:0.023452766198139796
206:0.13809640796872577
mfm:0.1453673996247063
bad:0.0652524058749139
