perform:0.03581318920523291
some:0.02694315865692356
read:0.017438485091522477
at:0.006776653941957162
mark:0.06931439917597362
preferably:0.040526072492443464
know:0.009491347120448477
help:0.016462251692629208
dos:0.027150402740337982
c:0.019893059195607386
to:0.004240612800279479
software:0.04331978289971164
ms-dos:0.03984354852622282
worse:0.029962041641079903
latter:0.03572771824042467
format:0.03092349620798473
that:0.0053369942374534894
problems:0.021100563353013642
technical:0.029513440330148463
nt:0.00549291193632645
could:0.011608531964046596
error:0.057930125525723054
ide:0.10453602515721337
getting:0.020863089017112972
these:0.012743353639222636
on:0.015600271545824307
am:0.025143636256944088
answers:0.032235470940402945
a:0.0032227018288762963
low:0.02612149646138323
quick:0.031225194001471508
as:0.006154724309361681
running:0.023288157018820782
drive:0.06516470189552281
also:0.011411516397535126
cheap:0.028586393987744985
files:0.025456242804520687
it:0.010549397838152985
have:0.015730788096850856
drives:0.031131097321197395
briefly:0.044350484297040874
able:0.02028819404700515
messages:0.03365415585681463
free:0.02221159841634412
heard:0.020789595072460573
anybody:0.02338150111471304
be:0.013349105933941646
which:0.01987526665411566
get:0.01011056904070094
of:0.0014956968120441434
but:0.005117563248080079
reading:0.02527940035663839
ok:0.025106532234699476
again:0.018783608754677064
up:0.01033431054117219
5:0.01999132989936679
or:0.010374022426201314
use:0.012790611751902678
message:0.024979383758151705
and:0.004405354782586037
few:0.017581750006971437
subject:0.00020536120686167922
i:0.007342257970976728
appreciated:0.0260366316859711
possible:0.019822858638189094
any:0.007871440509913903
the:0.0023192400307355475
when:0.010059034175721047
level:0.027081039712259607
would:0.014348456093913478
an:0.020720726274501618
problem:0.016273579169581418
is:0.008266850058174274
having:0.020129933787848935
disk:0.026930607567691396
does:0.028118972638558275
run:0.020591034064518423
wanted:0.023424307611893097
too:0.015019368214342282
nice:0.024305688128882758
bad:0.021081546513433722
data:0.02257188940927548
says:0.01970020572636591
