sent:0.024037140838494203
read:0.029634026952914012
ideas:0.02350976233359131
all:0.006235737455204518
dos:0.02306896964865319
where:0.012074881034207594
sector:0.03485124768630185
with:0.01911200577743619
option:0.027389615831714918
setting:0.05623316153415172
4:0.016237055582867185
from:0.0055331519897397095
hamilton:0.07205708578084578
to:0.004503918823826245
then:0.010430590521410479
manufacturer:0.03277638343280217
format:0.026274866059071988
norton:0.03463925241994137
error:0.024610837641647048
this:0.006862515534266915
on:0.00994134951449588
western:0.053470951159416996
set:0.05194930557109649
you:0.003632673133390339
am:0.01068193697190435
etc:0.015178588153321801
logically:0.03975098226684621
a:0.0027382433840125392
hard:0.035349456242817115
other:0.009015084887790266
same:0.025386841183380554
low:0.022194735555423662
was:0.011574655347730532
as:0.005229504315143911
worked:0.02512525385996307
steve:0.04192357969718152
drive:0.05536870095698017
physically:0.03507035024864592
no:0.014715630538333462
digital:0.026989330699422637
it:0.006722655485097489
not:0.0039405882913461756
have:0.0033415072754748552
verify:0.03529705324203083
cmos:0.07628453878808578
verified:0.03945384256699813
cylinders:0.08111783323914572
be:0.007561585060620541
which:0.008443740735408612
get:0.008590679577066159
286:0.03611511299990015
what:0.006015961457494322
but:0.008696512709155689
heads:0.09515034932828033
again:0.015959929007241948
using:0.014407977638202096
errors:0.028065518415854987
in:0.0011613052411404607
5:0.033972194600231154
or:0.00440726442943193
and:0.0024954079378482997
subject:0.00017448991432691697
i:0.008733927782469049
appreciated:0.022122628229910086
any:0.02006445620174132
program:0.03629586186122974
the:0.0049264902613663595
when:0.008546891783292392
ibm:0.025754686726272333
thank:0.02372872095927787
level:0.04602006748488561
would:0.006095749320943635
can:0.0056507581205079305
did:0.010744516623810232
o.k:0.03990477636756643
problem:0.01382722413101689
here:0.011767326180545072
17:0.05140266350954909
is:0.005268090723346351
number:0.016354672211750052
write:0.04253822124166684
disk:0.06864664674117414
time:0.010323594574534077
type:0.04235964065793067
run:0.034991299717482285
behaviour:0.03457008830666988
bad:0.017912425142133228
going:0.014234089438233219
high:0.01828316225909491
strange:0.028734398894475315
