inexpensive:0.12440119431940935
out:0.026776752251828635
help:0.048638470910040844
all:0.02168335978741571
my:0.021595778666597756
to:0.006264541636776504
keywords:0.13065354182497574
motorcycle:0.21111833505705488
me:0.024627015463739653
reply:0.08161810271261692
sender:0.12619638548574186
distribution:0.10102131138643818
you:0.012631795213834588
am:0.037144008106849216
great:0.05730115201665175
organization:0.08708711882083799
have:0.01161933211699211
400:0.10433697669260007
able:0.05994239150251521
be:0.013146846753124348
if:0.015230691358259302
institute:0.08846495113484787
looking:0.11790387933666564
ne:0.13027787587153913
please:0.043532167202392155
in:0.0040381750430566014
wpi.wpi.edu:0.13347292020383889
for:0.007394292338910773
subject:0.0006067490202731432
i:0.004338606982849885
the:0.0017130750227023932
do:0.016325407247874926
can:0.019649227100857123
fancy:0.12143842573160837
an:0.02040677587640311
self:0.09663894140932218
wanted:0.06920818158059323
nothing:0.05806490912502066
by:0.022509897154935593
john:0.060942690899587405
range:0.09089899967021985
