prism.gatech.edu:0.21477757227746716
purdue:0.13103552178671168
technology:0.07653790195038507
ca:0.046739740820280026
t:0.05855166034091914
nt:0.016229057993691783
gatech:0.13347292020383889
m:0.031109425275365275
a:0.0031738730132872617
as:0.018184412732204964
theirs:0.1318192985156019
l:0.1502254808524256
internet:0.06492122597987741
it:0.007792168857726636
uucp:0.09621883198491075
atlanta:0.10879214993574374
anybody:0.0690817078389249
of:0.013257312652209452
georgia:0.21846126364124563
institute:0.08846495113484787
rutgers:0.12118729309100415
one:0.04469595035343739
in:0.0040381750430566014
brother:0.10530941476544572
and:0.004338606982849885
subject:0.0006067490202731432
i:0.00867721396569977
tired:0.112223309638241
the:0.0017130750227023932
interested:0.06538809580488454
new:0.03918180829280789
wanted:0.06920818158059323
afford:0.10738878613873358
e-mail:0.06249308583300606
little:0.05330315231587419
says:0.05820515328244473
buying:0.09116404375539809
