prism.gatech.edu:0.07875177650173797
purdue:0.04804635798846094
technology:0.028063897381807857
all:0.007950565255385759
send:0.024444559340635188
own:0.01888742196289996
mentioned:0.02929303015659865
sell:0.02900060249150473
located:0.08145455574866287
to:0.0034454979002270774
property:0.03808417369964405
look:0.019759736035632587
near:0.030039798145679374
t:0.021468942125003682
make:0.014667337361247531
that:0.00289087187862064
like:0.019410651058477887
michael:0.050078253361228155
this:0.004374853653095158
on:0.008450147087321499
gatech:0.04894007074140759
size:0.030007309475548898
a:0.0023275068764106585
also:0.01236247609732972
are:0.005357594846676879
internet:0.023804449525955052
reason:0.022268432700071065
mar:0.04959400087008672
it:0.011428514324665733
not:0.005024250071466374
have:0.0042604217762304405
uucp:0.03528023839446728
area:0.026737225372161225
real:0.021313282116652062
atlanta:0.03989045497643937
has:0.008873120615721259
outright:0.04818881159978845
get:0.010953116460759353
soon:0.02997494697532892
if:0.005584586831361744
of:0.004861014639143467
georgia:0.08010246333512339
institute:0.03243714874944422
available:0.02250886523178525
rutgers:0.044435340800034855
but:0.005544026852086752
eastern:0.041527399984661345
please:0.015961794640877124
called:0.022352120798806115
in:0.004441992547362262
nearby:0.04434426521226661
and:0.001590822560378291
for:0.005422481048534567
subject:0.00022247464076681915
offer:0.02929303015659865
i:0.006363290241513164
back:0.01755297266722948
will:0.00944421120752737
the:0.005025020066593686
would:0.0077720803842031335
county:0.046046769074872686
facilities:0.0440768625910041
development:0.06478771721760337
an:0.007482484488014473
interested:0.023975635128457667
carolina:0.04804635798846094
is:0.008955754229688797
1/2:0.03952694978914029
does:0.01015407345281271
lot:0.10327305784439128
sale:0.05291453590172716
approx:0.04818881159978845
smith:0.09844346386166157
nice:0.026331162139622985
e-mail:0.02291413147210222
davis:0.08254585457165466
golf:0.04804635798846094
mike:0.026628433574647527
facility:0.04255751628438781
north:0.06690257974851375
