reference:0.029153383304830895
cable:0.033731620807728506
thanks:0.015573333163407524
your:0.009843220485791114
with:0.0045689638811683385
user:0.029544089715570435
sell:0.05437612967157137
2.1:0.08199969613103818
my:0.014847097833285958
to:0.005383590469104808
within:0.05056953463004402
continental:0.04807985115943044
us:0.01609278426707028
day:0.019869554966897438
bruce:0.03598951906008659
next:0.020924843935540432
been:0.011462815525167494
make:0.01375062877616956
docs:0.042862434186183136
nt:0.011157477370663102
perfect:0.031641303079194445
asking:0.028011193864362453
me:0.008465536565660505
need:0.030018781117144316
covered:0.03607307600631118
so:0.007982895292069688
dsp:0.046987960984624516
this:0.008202850599553422
30:0.02674301151854602
federal:0.03087075148980673
best:0.019024813124698704
on:0.0039610064471819525
you:0.0043421796047556395
used:0.015425496158881762
machine:0.02541249495565896
great:0.019697271005724038
letters:0.03663913131268167
modem:0.033307582629178205
a:0.0021820376966349923
air:0.03011046082524351
price:0.02445425157690596
was:0.006917665110167075
jt:0.10118444644585248
copy:0.026692280820807362
course:0.0191105609367189
others:0.021065064242721844
express:0.036372770286564673
no:0.017589777127851716
book:0.0242945196147162
administration:0.03479709900550416
reason:0.020876655656316623
not:0.004710234441999726
only:0.010418251861478801
second:0.021481998255095832
disks:0.03366961651401182
25mhz:0.04559193138506689
has:0.00831855057723868
network:0.028699138047106068
applications:0.030471101776518218
get:0.010268546681961893
if:0.005235550154401635
of:0.0015190670747323332
backing:0.043934317948007236
but:0.00519752517383133
hd:0.034832854216655815
please:0.014964182475822303
up:0.02099156828675601
now:0.012905581233423783
box:0.02475421102114537
in:0.004164368013152121
installed:0.03129195277621166
system:0.017462674447207227
or:0.010536116526610708
use:0.012990465060526157
and:0.0014913961503546479
still:0.015950852204918337
for:0.007625363974501734
subject:0.00020856997571889294
offer:0.05492443154362247
car:0.02389565109283898
i:0.004474188451063944
house:0.02685837456632962
locked:0.04416754422261412
the:0.001766608617161843
do:0.005611858741457005
magnus.acs.ohio-state.edu:0.035948073339542114
when:0.010216206584716687
around:0.01849370650901278
apps:0.04132205867906635
agree:0.02356683733565968
an:0.007014829207513568
tax:0.03462073711457807
10:0.022581029358563785
including:0.02484349770726742
new:0.01346874660065271
engine:0.03188319546672544
days:0.02326759862929822
sale:0.024803688703934606
runs:0.029310863440963553
68040:0.050071196859655366
by:0.00773777714700911
black:0.027574627783155763
s:0.004847158444187643
