looks:0.08150251129461643
all:0.0227159007296736
graphics:0.0837795580985648
with:0.013924461352132078
from:0.020156482248337514
amiga:0.11997807994732801
make:0.04190667817499294
that:0.008259633938916114
great:0.06002977830315897
3d:0.22277687755226278
compatible:0.1072752934004694
modes:0.11828340665047335
l:0.07868953758936578
dot:0.13727530853845984
it:0.016326449035236758
have:0.012172633646372687
pitch:0.11883500330003369
svga:0.12355095362770259
if:0.01595596237531927
monitor:0.2676625600063434
nec:0.2582980854630683
message:0.07731714020380288
for:0.015492802995813047
subject:0.0006356418307623404
i:0.004545207315366545
magnus.acs.ohio-state.edu:0.10955603303479501
an:0.04275705421722555
interested:0.06850181465273618
is:0.012793934613841138
new:0.0410476086877035
sale:0.151184388290649
leave:0.0841233839117742
condition:0.09043083544011954
