at:0.011012062655680388
know:0.015423439070728774
technology:0.04209584607271179
800:0.05999594107002233
thanks:0.024917333061452038
with:0.007310342209869342
c:0.032326221192862
obo:0.07341010611211139
my:0.011877678266628767
pin:0.06091608878681291
ii:0.04589249756387648
engineer:0.05573256674664931
seat:0.12400746199836654
asking:0.044817910182979925
me:0.013544858505056809
scott:0.04777596316464383
michael:0.03755869002092112
national:0.04067717406234392
30:0.042788818429673636
you:0.0069474873676090235
1989:0.059138907677056124
size:0.045010964213323346
bottle:0.07602375358534338
uunet:0.04721240390521607
below:0.046398423912973656
following:0.03421642841299702
rear:0.17764330982326695
let:0.028814221784410312
wife:0.05051227533929963
250:0.05712626054946608
computer:0.03350878631456644
setup:0.0551719346695824
are:0.008036392270015319
model:0.04573689389479438
have:0.006390632664345661
frame:0.060405813855309715
cm:0.1551378560698662
350:0.06923794136646079
if:0.008376880247042617
tire:0.07185944800373666
double:0.05522687981299538
703:0.07250061418358104
system:0.027940279115531565
or:0.008428893221288567
and:0.0023862338405674366
for:0.012200582359202775
subject:0.00033371196115022873
womens:0.20128352333232447
i:0.0023862338405674366
water:0.05125121518389439
the:0.0018843825249726326
road:0.04513315482463138
pyramid:0.06707204485053533
address:0.039910266924170136
interested:0.0359634526926865
is:0.0033584078361332988
steel:0.06651639781839991
105:0.15036147515079845
suite:0.06611529388650615
type:0.04050640637914621
sale:0.07937180385259074
bike:0.09430906686296359
corporation:0.059366877521428385
mike:0.15977060144788519
telecom:0.07317645444945949
va:0.062388376732517695
