at:0.02591073566042444
round:0.12943184388233056
t:0.0757727369117777
trip:0.15125353049201815
me:0.03187025530601602
contact:0.10235506761707552
hi:0.09267696058865896
you:0.016347029100256524
am:0.048068716373569575
a:0.008214730152037619
air:0.11335702898915204
desired:0.16061981670138678
it:0.010083983227646235
b:0.09002671607394828
has:0.03131689629078091
anybody:0.08939985720331456
looking:0.07629074545313659
but:0.019567153595600302
ticket:0.44682149200672094
please:0.05633574579133102
who:0.038030966889230834
highly:0.12284334454142944
use:0.048905280227863175
for:0.009569084203296293
subject:0.0007852046144711264
italy:0.3343657246565506
cae.wisc.edu:0.35252663534182205
will:0.03333251014421425
wanted:0.08956352910429713
