perform:0.01939881081950116
some:0.009729473959444618
reference:0.03109694219181962
partner:0.02479700043504336
pc:0.01388684192499118
programming:0.036564827393027764
send:0.012222279670317594
chris:0.015986446845497083
thanks:0.008305777687150679
graphics:0.058645690668995366
publish:0.18794692610433555
your:0.005249717592421928
with:0.002436780736623114
miller:0.019840400156402375
c:0.010775407064287333
to:0.0028712482501892307
covers:0.044809935698887075
w:0.012893086895955641
h:0.02944318436912097
basic:0.06366088015933333
r:0.012917582361371374
like:0.004852662764619472
through:0.009872763725103446
updated:0.04285516697273847
interactive:0.02319347618127074
asking:0.11951442715461313
me:0.004514952835018936
need:0.008005008297905151
re:0.0015580854282423772
scott:0.03185064210976255
complete:0.015430066042894907
michael:0.012519563340307039
programs:0.04416477655368146
hi:0.013129236083393352
these:0.0069026498879122605
on:0.0021125367718303747
you:0.004631658245072682
books:0.04563422391307701
performance:0.0157958801399859
brand:0.018773176345082146
size:0.015003654737774449
more:0.005297579274253024
a:0.0005818767191026646
how:0.005480679155121351
hard:0.011267639177397955
following:0.011405476137665673
science:0.014090134275697146
cover:0.1308068849415962
computer:0.02233919087637763
are:0.005357594846676879
pocket:0.04749971396774584
book:0.012957077127848639
releases:0.02381652507281642
co:0.019020773930377148
it:0.0014285642905832166
examples:0.05484724108954164
have:0.0021302108881152203
650:0.02103045773718455
b:0.012753784777142674
adams:0.019306726040331717
feel:0.012692819517692407
free:0.012031282475519732
list:0.024263571641013164
applications:0.016251254280809715
get:0.005476558230379677
if:0.002792293415680872
of:0.004050845532619555
miracles:0.025245461535844883
anderson:0.02021944923225957
shipping:0.01709711454309083
windows:0.02289339317852918
please:0.007980897320438562
find:0.008818528073639125
up:0.005597751543134936
title:0.14003977771943063
author:0.13480025826868355
in:0.0029613283649081745
pp:0.16534328266448872
and:0.003977056400945728
for:0.004066860786400925
subject:0.00011123732038340957
i:0.0007954112801891455
example:0.011713996432324602
everybody:0.016991288748900785
fees:0.024470035370703795
any:0.00426369694287003
information:0.010161755352015687
the:0.002512510033296843
harvard:0.02343163623893719
ibm:0.01641861278799861
william:0.01696524699746257
an:0.007482484488014473
pays:0.02424061963244118
10:0.04817286263160274
note:0.09872296996261659
modeling:0.026704638325149528
about:0.0041042340846744645
15:0.04177263414975805
draw:0.01759458140334951
division:0.016510697567168053
3.0:0.019261435739344617
new:0.007183331520348112
disk:0.014587412432499506
turbo:0.020699596163832837
128:0.02402317899423047
printer:0.03621610147689859
lee:0.017779797080727983
lot:0.010327305784439128
sale:0.02645726795086358
introduction:0.04308559640049272
pages:0.018733303632514853
rendering:0.023493365763041944
engineering:0.03222291244352583
simon:0.022551181681990495
fortran:0.025748078151630778
e-mail:0.01145706573605111
iii:0.019261435739344617
full:0.02574718736602711
high:0.011655515940173005
soft:0.1781096910730256
john:0.022345653329848714
murray:0.022357348283511776
s:0.0025851511702334098
