computing:0.12117948553275115
case:0.06865586409185433
sell:0.09666867497168243
longer:0.09428363912150486
quarter:0.1538620919254684
rob:0.488964743555471
support:0.07608211970926405
a:0.003879178127351097
services:0.11101837854064746
no:0.03127071489395861
have:0.014201405920768134
inch:0.146059247884735
of:0.010802254753652147
boxes:0.13695681991069392
in:0.004935547274846957
5:0.07219091352549119
or:0.018730873825085703
use:0.04618832021520411
and:0.005302741867927637
for:0.027112405242672832
subject:0.0007415821358893971
each:0.07072248326001708
i:0.005302741867927637
tape:0.11526022954773148
we:0.03743733071427694
the:0.0020937583610807025
tapes:0.14494798858991004
lot:0.06884870522959419
sale:0.17638178633909052
