thanks:0.05862901896812244
to:0.00405352694144362
format:0.11823689726582395
responses:0.13046848914885043
scott:0.2248280619512651
best:0.07162282588121865
on:0.014912024271743821
includes:0.1108163050421279
buyer:0.16539978521602725
excellent:0.11456074745118786
shipping:0.12068551442181762
please:0.05633574579133102
must:0.0681606008082205
george:0.3513806628578089
over:0.058998257427039937
in:0.005225873585132073
po.cwru.edu:0.14023313492021192
or:0.019832689932443685
for:0.019138168406592587
subject:0.0007852046144711264
offer:0.10338716525858346
pay:0.09802476652934951
patches:0.16627781354395904
1000:0.13742989433773178
disk:0.10296997011176122
sale:0.18675718553550763
e-mail:0.08087340519565489
condition:0.11170867907308886
700:0.15815271423136615
