folks:0.07261207549597604
all:0.018707212365613554
scope:0.10942001030352387
50:0.0676702605711457
with:0.011467203466461712
eos.ncsu.edu:0.22814700830532877
super:0.19729082537837705
o:0.27458658696469657
that:0.006802051479107388
phone:0.0575950416903837
used:0.03871497075170324
a:0.008214730152037619
month:0.07791771547818153
it:0.006722655485097489
only:0.052295538755658295
ve:0.035786935275047733
after:0.03782771936597944
shipping:0.08045700961454508
boxes:0.09667540228990158
and:0.01122933572031735
ooo:0.25133777247199557
for:0.012758778937728392
subject:0.000523469742980751
twice:0.08843885508344437
i:0.007486223813544899
6:0.05761469867763126
back:0.041301112158187006
got:0.04337556513001126
address:0.06260434027320805
sale:0.12450479035700508
pm:0.10193548045842472
instructions:0.09475421781225052
e-mail:0.05391560346376993
919:0.10998027250830929
comes:0.05929757524010807
included:0.14677574315690073
