small:0.1149517653948466
me:0.0416764877078671
used:0.07594090416680252
am:0.06285909064236021
a:0.010742339429587655
air:0.14823611483196805
it:0.01318674729769123
call:0.10219061915379644
talk:0.13306129875527029
looking:0.09976482097717862
good:0.06230807120613459
one:0.0378196502990624
email:0.10553456380645927
or:0.02593505606550328
and:0.007342257970976728
for:0.012513417804310539
subject:0.001026806034308396
i:0.007342257970976728
we:0.05183630406592193
peter:0.2832225446789198
about:0.037885237704687366
is:0.010333562572717843
window:0.13411510545481314
wanted:0.11712153805946549
