week:0.044203061594943374
there:0.01176639725098907
know:0.015818911867414125
damn:0.05515175458157188
stand:0.0504838276213649
someone:0.028249463008500255
from:0.021706980882825015
posters:0.21004129876335198
iastate.edu:0.061617279488556456
value:0.047869907945598304
that:0.004447495197877908
re:0.004794109009976545
stack:0.07797308060035218
supposedly:0.059475560454413295
two:0.047815113657777214
these:0.021238922732037726
on:0.00650011314409346
ireland:0.07922485585117163
a:0.005371169714793828
wondering:0.04614017310073457
was:0.02270413164362527
worth:0.045066200240921
popular:0.054230414052986696
pat:0.05196333630286897
are:0.016484907220544243
no:0.01443263764336551
it:0.004395582432563743
not:0.007729615494563652
have:0.006554495040354523
quality:0.04928415180223525
heard:0.03464932512076762
anybody:0.03896916852452173
writes:0.00847772296176362
were:0.019888503813747425
of:0.00997131208029429
what:0.023601079564016185
year:0.03172770148986733
well:0.021575229617350575
they:0.011960508006509534
good:0.020769357068711528
one:0.025213100199374935
in:0.002277944896083211
st:0.0491890672169141
or:0.008645018688501094
and:0.007342257970976728
for:0.004171139268103512
i:0.009789677294635637
ago:0.03668161186364928
the:0.0028990500384194345
collect:0.0676763103981179
got:0.028360946431161205
last:0.02795080194948074
about:0.025256825136458244
sale:0.04070348915517474
article:0.010388883080982065
twenty:0.07458652194597286
newsgroups:0.05495220949771147
