large:0.18712713249297347
me:0.06772429252528404
am:0.10214602229383535
a:0.008728150786539969
frame:0.30202906927654855
call:0.16605975612491922
looking:0.16211783408791525
or:0.04214446610644283
and:0.011931169202837183
for:0.020334303932004624
subject:0.0016685598057511436
i:0.011931169202837183
peter:0.4602366351032446
wanted:0.1903224993466314
e-mail:0.17185598604076666
