at:0.004685984108800165
there:0.009763606229544121
know:0.006563165562012243
help:0.01138347191511594
tel:0.021624723826055195
all:0.005074828886416442
send:0.015602910217426717
thanks:0.010603120451681719
way:0.018429498080282377
post:0.013737115981016916
several:0.014991762617379768
name:0.014692726094841761
my:0.010108662354577674
to:0.0029323386384911294
everyone:0.016263365731452678
us:0.010956789288218064
enough:0.012936960249667
that:0.009226186846661617
v:0.02046089528671283
agreed:0.025262501072948248
responses:0.02359536505883465
need:0.010219159529240619
phone:0.03124837368308052
student:0.021399029107280167
best:0.025906128510228024
hi:0.01676072691497024
sincerely:0.02898218748855635
on:0.013484277267002392
regular:0.021526822615721603
machine:0.017302124225129504
posted:0.01815628151320157
a:0.005199749404747215
how:0.006996611687388959
basis:0.019825575941691483
price:0.016649703201297675
was:0.004709899649475455
mac:0.01825150071708051
question:0.011611628102910129
advance:0.016827134131258775
answering:0.029391554728642137
no:0.0119760184700267
internet:0.01519432948465216
reason:0.014213893212811317
not:0.009620904392169652
have:0.0027194181550407068
university:0.012501809051056668
left:0.015555346720747668
hope:0.015364157115106624
virginia.edu:0.025564615958018105
call:0.014132745202120784
his:0.02943237832189239
get:0.02097405279719876
dept:0.021826103672030847
if:0.00356462989235856
of:0.0031027753015809355
even:0.008931699190244818
what:0.009791937265921608
but:0.0035387405438851607
hd:0.047431971699276
english:0.023500799920423563
again:0.012988665628234138
well:0.008951425054007154
they:0.004962338428232679
who:0.00687794082039281
called:0.014267311148174115
in:0.0018902095946222392
external:0.022840554880988368
weeks:0.019364706836878246
p.s:0.024121450559148022
message:0.017272978130636815
and:0.006092511933363668
still:0.010860154692710356
for:0.0034611581160858933
subject:0.00014200508985116116
victor:0.06751694511760162
i:0.00812334924448489
back:0.01120402510674222
paid:0.02199994754134126
ago:0.015218966624280022
any:0.005443017373876634
will:0.006028219919698321
the:0.004410256973340204
behalf:0.031041314985577457
when:0.013911430243018467
did:0.008744207677888114
maybe:0.014084644055012361
put:0.013231166486950953
friend:0.05542339499509796
an:0.014328161785559627
reaction:0.025101789484669013
address:0.05094927692447251
lab:0.02292399422230592
is:0.015720206892538845
gave:0.01974401017573347
time:0.008401648776083582
does:0.006481323480518751
advice:0.04138145817269413
wanted:0.016197659518862245
proceed:0.03085132518450257
too:0.010385733339704769
him:0.012747421826400573
e-mail:0.02925208273034326
article:0.0043102812782797924
full:0.01643437491448539
answer:0.016150377883664132
by:0.005268273802218969
check:0.052808163264697165
summary:0.02288211094341812
s:0.003300192983276693
