lens:0.5109862419644835
all:0.038941544108011886
800:0.09795255684901603
camera:0.10590081739517365
your:0.025712902493495154
user:0.07717639762434725
to:0.0028126513471241443
w:0.06314981336794599
contact:0.07102188365266464
firm:0.10669346705468924
controller:0.0859569106265238
as:0.01632886041259221
whole:0.06105949949035285
not:0.012304285889305405
only:0.027215025270801763
bag:0.21631859674493994
b:0.06246751727580085
battery:0.0961877895428155
uv:0.1301502959126797
please:0.039090109324597035
talks:0.09769091014638212
pro:0.09185237041951473
canon:0.22777226634611092
david:0.05094786202743865
for:0.006639772712491305
subject:0.0005448358549391489
guide:0.09594769073506883
circular:0.11872956554665068
body:0.07244247191172554
filter:0.10669346705468924
the:0.0015382714489572508
do:0.014659549365438706
mm:0.23396843013664168
new:0.03518366458946014
lot:0.05058272220949776
sale:0.06479330926742101
filters:0.12460062824974824
e-mail:0.056116240339842166
remote:0.09195025148611663
condition:0.07751214466295961
by:0.020212968873819716
included:0.07638329490818303
