belt:0.20472237636956148
all:0.034073851094510395
porsche:0.4395872106005069
river:0.19503834885168395
obo:0.20974316032031823
ca:0.07344816414615432
interior:0.19980732715970262
factory:0.19880122441089204
timing:0.19640339216669103
patrick:0.49131482469570553
pat:0.28951001654455566
systems:0.10715775429580751
leather:0.2090755841413128
excellent:0.13910947904787097
miles:0.14336267088967233
a/c:0.23006796503067417
subject:0.0009534627461435106
wind:0.18085631819319653
around:0.08454265832691556
new:0.12314282606311049
turbo:0.17742510997571004
condition:0.1356462531601793
black:0.12605544129442633
