above:0.02544538345914528
at:0.016466635746811793
correct:0.030581471403564937
posting:0.03083353791547888
all:0.008916521781741038
curtis:0.052835940752286044
with:0.0109313528371878
obo:0.1097721212891385
125:0.053123526347302434
sell:0.03252404017738848
my:0.00888050711523646
amiga:0.047094199605493235
inputs:0.053123526347302434
100:0.03157487942832777
mail:0.028638462662017344
me:0.02025399402625317
phone:0.02745184230102401
panasonic:0.059034952129952065
on:0.004738400235881214
you:0.005194383078586185
great:0.02356309054890352
amp:0.0508073005164185
vhs:0.05775269865786342
a:0.002610288085694196
speakers:0.052835940752286044
160:0.05420606667931292
plus:0.03341962480354832
universal:0.04594249268564325
science:0.03160403949689079
computer:0.05010659635823019
are:0.006008517585058182
works:0.05560983165515402
it:0.009612769058130055
not:0.005634672977345466
3000:0.049046547218564884
made:0.021734388335682253
delivered:0.05215346285495063
keith:0.07365359007700312
university:0.02196579534204349
left:0.027330889565425807
call:0.024831365401857076
minor:0.04061618857222272
stereo:0.09646671355881893
if:0.006263088035172048
of:0.0036344034685184792
but:0.006217600207947759
years:0.02083902264467657
english:0.04129112509382832
shipping:0.076697336268071
now:0.03087690463323821
one:0.009189821567996472
email:0.025643912700634958
shack:0.05327070725354673
in:0.003321115923261504
speaker:0.04923728433661355
or:0.00630197624021575
and:0.005352300203141914
vcr:0.11325066857201442
for:0.0030406435786175137
subject:0.0002495042700188626
300:0.03887402462787244
i:0.0035682001354279424
paid:0.03865411343712296
ago:0.026739866592192935
20:0.029390956527155326
will:0.010591638737413872
the:0.0014088841308206596
major:0.030620822174932633
radio:0.03352663888567912
address:0.029839451905921594
interested:0.0268885627608871
is:0.0025109591298192887
either:0.023397782309470636
new:0.01611214546620137
right:0.018129659755049526
type:0.030285163647959776
electronics:0.042153099151922085
2:0.01820943506631223
first:0.017547241396177953
volume:0.041373831778659935
replaced:0.040426612206133875
remote:0.04210805909177304
black:0.03298647061910222
included:0.06995853178506484
north:0.03751546527954042
tone:0.050921974278958816
