then:0.05319601165919344
been:0.04890801290738131
used:0.06581545027789552
brand:0.15018541076065717
includes:0.1255918123810783
a:0.004655013752821317
hard:0.18028222683836728
drive:0.18825358325373256
computer:0.08935676350551051
it:0.011428514324665733
forsale:0.3434501680194593
never:0.07346464102872868
up:0.04478201234507949
seagate:0.3832503893532621
ended:0.1655967693106627
and:0.006363290241513164
subject:0.0008898985630672766
i:0.006363290241513164
paid:0.13786633792573855
bought:0.12210279162894867
f:0.12387437394689492
paul:0.1091674163703019
new:0.1149333043255698
takes:0.11919666179932235
buying:0.13370726417458387
