xt:0.03734096776502695
land:0.02902651347144333
read:0.016547467605094318
believe:0.015858918834528033
out:0.008599832840003357
there:0.006699116683044871
thanx:0.0354209329616226
your:0.00919658556336688
with:0.004268812969266769
missing:0.03151567491524999
several:0.020572637752316762
hayes:0.04063090717886845
to:0.0040239391535498705
ega:0.04589600248928189
256k:0.04374418102781733
mhz:0.06897965824969748
100:0.024660672254241397
make:0.012847302798173019
that:0.002532150550616619
through:0.01729535251113012
nt:0.005212252202353566
hot:0.03053735902745556
12:0.02593711555921194
me:0.007909406426310545
consultant:0.041961721462036
this:0.007663977202502467
these:0.012092233380284253
on:0.0037007943448123352
modem:0.06223898651875635
sure:0.015927328614300754
board:0.05242622655992911
a:0.0030580382317804272
want:0.013814583705928331
paradise:0.044393432750565474
also:0.01082844621663917
stuff:0.021338806953822058
are:0.004692783807308215
reason:0.01950519652560969
not:0.008801605964612626
forsale:0.03760403299483131
have:0.003731756300347831
only:0.019467682310500535
crack:0.03816043712175017
mother:0.031092000684228713
absolutely:0.029215027336844043
get:0.009593970622562936
things:0.03262373617722992
of:0.005677097388780691
monitor:0.054704756789617635
boots:0.04233612507070425
286:0.08066587283189375
what:0.006718555496325775
but:0.004856081914236571
supply:0.029474200245288643
dram:0.09021224461885236
megs:0.039861852320052196
groups:0.026859748894061255
they:0.006809632295676961
who:0.009438342147692323
over:0.014641903303061005
one:0.007177451881573886
in:0.0012969321306167188
system:0.016315491454325
external:0.031343243194349
or:0.0049219814430882134
and:0.004180263662307919
few:0.016683412415374355
for:0.0071244276550089195
subject:0.00019486829848188537
offer:0.025658128604319985
i:0.004180263662307919
special:0.025516140093905276
back:0.01537486656983604
power:0.019721571388106145
the:0.0033011080729447575
do:0.005243196488368589
thing:0.016525054270985082
rock:0.035571438707627974
got:0.01614710818708448
fund:0.03830642738968207
rid:0.03370331188910826
an:0.013108002022799076
note:0.021618168604952536
about:0.0071898991264370184
is:0.003922228129790714
followups:0.04259684100210629
motherboard:0.032957841122127386
mitch:0.1383227710490118
2:0.01422196753354313
sale:0.02317424930002649
v.32bis:0.04329253574520355
1:0.07147897415783608
serial:0.030213999473465928
16:0.025452501765147018
earth:0.02569733695323904
seem:0.020143887262012685
s:0.018114927908204913
