above:0.03129489689802926
at:0.010126034625913001
all:0.010966296903980358
curtis:0.06498213402867364
with:0.013444307512403386
obo:0.13500709170043473
125:0.06533583125472828
sell:0.040000831022765145
amiga:0.05792045238836525
inputs:0.06533583125472828
100:0.038833472400357144
mail:0.03522201729696386
me:0.012455042303500514
phone:0.033762610646087
panasonic:0.07260620549315944
you:0.006388494131134734
great:0.028979892973938815
amp:0.06248713971559517
vhs:0.07102918110794697
a:0.0016051771561452815
speakers:0.06498213402867364
160:0.06666723143317796
plus:0.04110229717218012
universal:0.056503985257055495
science:0.03886933593295765
computer:0.061625354141731384
are:0.007389785995416385
works:0.06839370100116644
it:0.007881734017010849
not:0.006930000098574309
3000:0.06032161554467176
delivered:0.06414276466068641
keith:0.04529272493240996
university:0.02701540346665119
left:0.0336138526839145
minor:0.04995324341641185
stereo:0.11864296954935202
if:0.007702878388085164
of:0.004469898518752613
but:0.0076469335890851755
years:0.02562960256299303
english:0.05078333775907621
shipping:0.09432890782394941
now:0.018987521814692463
one:0.011302424227306006
shack:0.06551684685206323
in:0.004084590848149206
speaker:0.060556200276064946
and:0.006582714042944653
vcr:0.13928530502535108
for:0.003739642102437632
subject:0.0003068615734714747
300:0.04781058201359025
i:0.002194238014314884
paid:0.04754011652611675
ago:0.03288696236051315
20:0.03614749825753586
will:0.013026498217279131
the:0.0008663827701023598
major:0.03766009164043439
radio:0.04123391219273179
interested:0.03306984155649333
either:0.028776582840383428
new:0.019816086952684445
right:0.022297397629773556
electronics:0.051843466773053605
2:0.022395512093050674
volume:0.0508850574749036
replaced:0.04972008627650948
remote:0.05178807267608868
black:0.04056956731314871
included:0.08604095288507975
north:0.0461397101713888
tone:0.06262817526262751
