click:0.18585944697132445
at:0.01444204938449887
infinite:0.08475855029605125
preferably:0.08636703973799427
played:0.06649513149433321
know:0.020227461076365603
anyway:0.049975636420402196
i.e:0.05663178683566235
with:0.009587334045730285
to:0.002259342885394805
me:0.0177637488590909
re:0.006130172176691321
he:0.07820327250099518
something:0.032633792084647915
you:0.009111458842765933
am:0.02679239929018632
a:0.002289351025977697
want:0.03102619619200298
as:0.026233251154656342
capable:0.07193080798628412
let:0.037789143323816804
play:0.05249046283246626
hey:0.06318260632182245
digital:0.06769455077068301
it:0.011241161630818753
between:0.03807976796797386
familiar:0.07551899081460793
if:0.010986072455137857
of:0.003187550583044896
what:0.030178429606446927
least:0.03946987512633578
phil:0.07264679263386874
again:0.040030641608328164
over:0.032884274631464885
in:0.005825563996540672
or:0.011054286191853857
repeat:0.07707273518062907
and:0.006258974008045736
subject:0.0004376550310166934
i:0.006258974008045736
sampling:0.09970328339061427
possible:0.04224543644204233
leads:0.07442287695839275
the:0.0012356606721132017
pedal:0.20808501118211647
interested:0.04716518385926098
does:0.019975226464549595
delay:0.09036667315138856
close:0.056965790429025255
while:0.03557938534227086
buying:0.06575767090553306
