at:0.024471250345956416
small:0.04151035972591682
4:0.034503743113592764
corp:0.06428006451266732
to:0.0038283310002523076
channels:0.15275819390742634
control:0.04235603152695866
nt:0.009917757662811645
consider:0.044727278869044346
need:0.026683360993017168
prefer:0.05703511257002557
used:0.027423104282456465
8:0.041006823366303694
input:0.11853198053818656
m:0.019011315446056557
more:0.017658597580843413
a:0.005818767191026646
austin:0.06953914577179937
equipment:0.056041082118619294
output:0.05676886373519612
it:0.004761880968610722
have:0.014201405920768134
channel:0.13460800357658104
be:0.008034184126909323
stereo:0.1433602548721337
of:0.00810169106523911
looking:0.036026185352870055
but:0.00924004475347792
least:0.06687951063073562
fairly:0.05450286872566508
box:0.04400748625981399
or:0.009365436912542852
and:0.0026513709339638183
for:0.009037468414224276
subject:0.00037079106794469857
each:0.03536124163000854
space:0.04246545496545977
i:0.013256854669819093
the:0.0010468791805403512
got:0.03072435863375797
would:0.012953467307005223
needs:0.09303740451859296
audio:0.13778606888707393
broken:0.06237836484784676
lot:0.034424352614797094
512:0.07375695707455245
1:0.027201720721176506
wanted:0.042293888743695864
volume:0.06148611111550851
tx:0.06579381845306183
john:0.07448551109949571
buying:0.05571136007274328
