o:0.571588405518348
415:0.3219265055418649
located:0.09974027234530147
corp:0.0944523396920826
w:0.06314981336794599
h:0.0721057576386636
you:0.011342836518545342
size:0.14697457702309663
old:0.05403904249678212
equipment:0.08234607984776712
stuff:0.059661562299461665
digital:0.08427280810227884
it:0.00699704958653004
frame:0.0986217369066281
of:0.003968175215627319
maintained:0.10882124277559556
excellent:0.07949113088449769
well:0.03434424306435397
75:0.19048778244682463
up:0.02741755857862009
pick:0.08204192871506151
box:0.06466406144299197
in:0.003626116365193683
and:0.0077917839691997925
for:0.019919318137473916
subject:0.0005448358549391489
twin:0.12145469600837563
come:0.049003952540192006
is:0.005483114834503345
type:0.06613290837411624
2:0.03976346024684507
sale:0.12958661853484202
spring:0.09717747015380754
condition:0.07751214466295961
