bbs:0.13955319488812626
obo:0.2025106375506521
response:0.12108960526301178
problems:0.0945887322721301
had:0.05291063743731501
working:0.10925996588643473
modem:0.2940255570024007
160:0.20000169429953388
baud:0.1870434411973943
ex:0.18918591640798074
fastest:0.19391698956361814
deer:0.2188480290018811
park:0.15487042307051607
intel:0.3486626661888957
never:0.07599790451247794
good:0.05586240866756893
external:0.14806980405606252
for:0.022437852614625792
subject:0.000920584720414424
any:0.03528576780306232
the:0.0025991483103070794
number:0.08628499477233649
sale:0.10947835014150446
leave:0.12183386635498332
very:0.06011181006149818
condition:0.1309687961546559
