above:0.040039059266596254
at:0.02591073566042444
round:0.12943184388233056
mentioned:0.05169358262929173
from:0.012449591976914347
nights:0.08291776151661863
florida:0.07510149932539026
to:0.00405352694144362
us:0.030292299796838177
mail:0.045063463306409646
trip:0.15125353049201815
packages:0.0727244206260312
grand:0.07374686272380487
me:0.01593512765300801
hi:0.04633848029432948
3:0.06886664543051822
a:0.0020536825380094046
following:0.04025462166234944
are:0.009454579141194493
27:0.06497279977999457
those:0.027292877268934708
have:0.007518391369818424
per:0.10402426810508875
hotel:0.17754229155149157
of:0.002859420375966745
ticket:0.07447024866778681
double:0.06497279977999457
who:0.019015483444615417
one:0.014460454526112094
or:0.009916344966221843
for:0.019138168406592587
subject:0.0003926023072355632
i:0.0028073339300793373
person:0.04125285939814487
the:0.003325380926422293
major:0.048182764304673414
drop:0.06367164200523603
people:0.02213636970695761
interested:0.042309944344337054
netters:0.07261508270709711
night:0.04923286539094154
days:0.043797832713973125
tickets:0.08248520438123196
2:0.11461232659384757
sale:0.04668929638387691
1:0.057603643880138486
reno:0.07603340541263422
lake:0.07825458566870577
vacation:0.3477220452821592
