bottom:0.022432570639245104
land:0.01988316172793868
sells:0.02511409418457998
boy:0.04534832705119828
fields:0.07362939704085512
football:0.02776320480686321
where:0.00923728399116881
with:0.00877241065184321
way:0.008661864097732716
user:0.01890821741796508
super:0.050309160471486154
c:0.0129304884771448
microsoft:0.04259604093739334
4:0.02484269504178679
fm:0.08753650825932843
into:0.008954019514911931
from:0.008465722544301757
reduction:0.02797302580235837
throw:0.021316852882674053
my:0.009502142613303012
to:0.002067298740136246
hardly:0.02183318425294761
player:0.03887263033056202
band:0.024916439990796808
deck:0.030409501434137353
visual:0.025623007656129692
basic:0.0190982640478
misc:0.05748755840298932
t:0.02576273055000442
plugs:0.029088743558929417
like:0.005823195317543366
perfect:0.020250433970684444
months:0.0339579453997982
asking:0.16134447665872773
so:0.0102181059738492
30:0.017115527371869454
student:0.02011508736084336
two:0.009323947163266557
game:0.014860045539552438
used:0.029616952625052984
am:0.024515045350520483
working:0.015842695053533036
came:0.030187267324779467
3:0.011707329723188099
onto:0.021770813381821734
a:0.0006982520629231976
runner:0.029756400522052032
mario:0.02743195787915721
quick:0.02029637610095648
factory:0.05566434283504978
old:0.01323956541171162
speakers:0.0848016849074191
also:0.0074174856583978325
stuff:0.01461708276336811
whole:0.029919154750272903
cd:0.0669480457347086
computer:0.026807029051653154
70:0.021509184286813032
internet:0.04284800914671909
model:0.0365895151158355
book:0.015548492553418367
digital:0.020646837985058317
d:0.009109221111885177
only:0.0066676811913464334
45:0.022551908046278317
mint:0.02985949695806571
edition:0.024366435514725164
toyota:0.05321311825471993
1/4:0.05580420525479718
stereo:0.05160969175396813
inch:0.05258132923850461
of:0.0009722029278286932
catalog:0.027305368839235757
plate:0.05170271568059127
year:0.012373803581048259
years:0.011148877114901968
never:0.022039392308618604
excellent:0.019475327066701936
using:0.011022102893224604
windows:0.013736035907117508
please:0.009577076784526274
ed:0.01984084835834501
david:0.01248222619672247
in:0.004441992547362262
5:0.02598872886917683
and:0.0019089870724539493
for:0.011387210201922592
subject:0.0001334847844600915
guide:0.023507184230091866
car:0.09175930019650168
6:0.014691748162795972
paid:0.08271980275544313
games:0.01664935145804363
any:0.0051164363314440365
information:0.012194106422418825
noise:0.02290205106808074
will:0.005666526724516422
portable:0.07673568875713038
the:0.000753753009989053
cassette:0.0886691215469506
radio:0.01793675180383833
sony:0.07621389701584914
7:0.01595764264465653
jonathan:0.02390252684747033
new:0.01723999564883547
items:0.02316807124839806
65:0.024471702560714324
sale:0.03174872154103629
mount:0.026239902761932218
light:0.017461073429031467
1:0.009792619459623543
adapter:0.02499456658031221
players:0.01855936956518946
95:0.026772320163944468
condition:0.13293332809697575
by:0.00495217737408583
s:0.0031021814042800915
