correct:0.05641754207209394
all:0.016449445355970538
ca:0.03545773441538485
longer:0.058520879454727164
yours:0.07286774663542175
name:0.04762469837638364
die:0.06496128226607498
that:0.0059811142316289105
nt:0.03693509750288475
more:0.021921017686564237
anymore:0.07640438535631022
fake:0.10260827766224838
spite:0.10260827766224838
foreign:0.07609922023390676
van:0.23718646709447852
no:0.01940940924452603
those:0.03199854576357862
have:0.00881466574392505
earlier:0.0680335609462809
of:0.0033524238890644594
even:0.0289510249614832
mailing:0.07609922023390676
available:0.04657006599679707
who:0.022294015072997383
over:0.034585185388264786
in:0.0030634431361119046
use:0.02866861254736807
and:0.0032913570214723265
for:0.011218926307312896
subject:0.000460292360207212
al:0.06568989966762469
i:0.009874071064416979
any:0.03528576780306232
information:0.04204864283592698
the:0.0025991483103070794
do:0.012384791705284426
announce:0.09597300488801686
people:0.025952985173674437
about:0.016983037591756407
trade:0.07274280855747749
is:0.013896860011586064
met:0.16272884217647499
de:0.06967210391627535
models:0.07695177670656161
understand:0.05165788384371816
s:0.010697177256138246
