thanks:0.07666871711216013
hearts:0.21686183781269489
cds:0.459376876277934
re:0.014382327029929637
lost:0.13478870478145577
charles:0.15831740980514752
following:0.10528131819383699
are:0.024727360830816367
hey:0.14823611483196805
waves:0.229688438138967
considered:0.13241703681585432
of:0.007478484060220718
available:0.10388707030054732
now:0.06353516914916324
still:0.07852727239344412
for:0.012513417804310539
subject:0.001026806034308396
the:0.005798100076838869
joe:0.15305650872780524
immediate:0.1846028956000687
priced:0.22175242148520438
break:0.15093102108645717
sale:0.12211046746552422
live:0.11910339515183303
