sell:0.11600240996601892
1980:0.1792397427955483
to:0.004593997200302769
contact:0.11600240996601892
on:0.016900294174642998
working:0.10561796702355357
a:0.009310027505642634
want:0.06308659892373938
inspection:0.2115530947018184
mazda:0.4054600191218313
no:0.037524857872750325
has:0.035492482462885035
sun:0.12094974346996137
soon:0.11989978790131568
excellent:0.1298355137780129
or:0.04495409718020569
for:0.021689924194138267
subject:0.0008898985630672766
300:0.13865068783941173
marks:0.18947391063871202
body:0.11832270412248505
just:0.039146285448862866
sale:0.10582907180345431
passed:0.1440546494886262
condition:0.12660316961616735
roof:0.19162519467663106
