send:0.05751661021325927
with:0.011467203466461712
wood:0.19761095520736377
wrote:0.05050147009201689
to:0.005404702588591493
cases:0.07215265879385081
ii:0.14397646294549482
mail:0.06008461774187953
williams:0.10455374305890554
re:0.007332166721140599
error:0.07383251292494114
reply:0.07041561802657145
two:0.03656449867947669
am:0.03204581091571305
brand:0.08834435927097481
below:0.07278184143211554
are:0.012606105521592657
forsale:0.20202951059968194
copies:0.08853380850453826
genesis:0.10782931334641861
manuals:0.09582888911607397
25:0.0721114225154826
get:0.025772038731198477
host:0.09385989406221028
but:0.013044769063733534
in:0.003483915723421382
or:0.01322179328829579
and:0.0037431119067724496
subject:0.001046939485961502
each:0.049921752889423826
i:0.01122933572031735
back:0.041301112158187006
games:0.19587472303580739
the:0.0014779470784099078
when:0.025640675349877174
hello:0.07586844687552494
address:0.06260434027320805
interested:0.05641325912578274
paul:0.12843225455329638
trade:0.08272711561438617
new:0.03380391303693229
