all:0.01223163885443963
jhunix.hcf.jhu.edu:0.07922485585117163
case:0.03168732188854815
football:0.07118770463298259
way:0.0222099079429044
sell:0.04461631152539189
to:0.0017669220001164498
cash:0.06514008291952919
so:0.013100135863909231
anyone:0.02144762499540245
best:0.031220206153351717
game:0.07620536174129455
includes:0.048304543223491654
a:0.0035807798098625512
was:0.02270413164362527
baseball:0.14412599384956953
advance:0.04055770790611089
electronic:0.0553034783975591
manual:0.050379453806189266
works:0.0381426409429582
it:0.004395582432563743
have:0.006554495040354523
traded:0.06794622590065422
genesis:0.1410075636068551
left:0.037492374147443094
able:0.03381365674500857
perfectly:0.05727976916457523
battery:0.0604256626615123
if:0.008591672048248837
excellent:0.0499367360684665
one:0.012606550099687468
in:0.004555889792166422
or:0.02593505606550328
offers:0.05794987722285416
and:0.012237096618294545
still:0.026175757464481374
for:0.01668455707241405
subject:0.00034226867810279864
offer:0.045066200240921
i:0.009789677294635637
will:0.014529555703888261
the:0.0028990500384194345
original:0.03956625658042922
interested:0.03688559250531948
trade:0.10818161272650499
is:0.003444520857572614
electronics:0.05782540524686748
2:0.02497960964224883
sale:0.08140697831034947
dave:0.044952239376597335
condition:0.048693526775448984
by:0.01269789070278418
happy:0.048693526775448984
s:0.01590862258605175
