mb:0.06521408204700736
jhunix.hcf.jhu.edu:0.08827912509130552
cup:0.06256097996422032
from:0.024187778698005015
to:0.003937711885973802
ii:0.05244856864443025
beach:0.07586429870525395
game:0.08491454594029964
bases:0.07130100198002022
on:0.007242983217704142
m:0.01955449588737246
following:0.03910448961485374
also:0.02119281616685095
have:0.007303580187823612
genesis:0.23568407060002924
allen:0.06362898103863618
command:0.1176072187123953
get:0.01877677107558746
if:0.00957357742519156
of:0.0027777226509391236
available:0.038586626111631855
looking:0.037055504934380624
gear:0.14516932764923648
double:0.06311643407199471
please:0.05472615305443585
in:0.002538281455635578
5:0.07425351105479094
or:0.00963302082432979
world:0.03601786698189538
p.s:0.06478332435885469
still:0.029167272603279244
for:0.018591363594975655
subject:0.0003813850984574042
i:0.005454248778439855
games:0.2378478779720518
the:0.0010767900142700756
waiting:0.12500115032531148
jr:0.06675166296404116
trading:0.08472967710132695
about:0.028143319437767756
interested:0.04110108879164171
trade:0.12054522560953412
steel:0.0760187403638856
touch:0.06820280286144002
hear:0.09467661612168021
dave:0.05008963816249418
loaded:0.06667072385638861
e-mail:0.03928136823788952
leave:0.05047403034706452
