at:0.0058342053804929205
out:0.007802497344903707
computing:0.028890473372046636
all:0.006318330004280074
programming:0.029058140974591598
case:0.016368285478852686
take:0.014077808810170222
switch:0.02815969153649123
your:0.008343922001200415
with:0.007746057970722481
much:0.011570840195761135
sticks:0.0407564301219013
mono:0.03997641001821665
to:0.0018254293511136832
player:0.025743463795074185
80:0.026467957797770256
inputs:0.03764382330570438
been:0.009716823756433372
that:0.0022973816253938862
think:0.00953475514919573
cds:0.03954900259346451
asking:0.023744588176413204
me:0.007176083976189037
carrying:0.0307224749367168
this:0.003476704889876947
617:0.06898505184491917
best:0.03225398781405873
on:0.0033576743393330458
you:0.003680788009329284
used:0.013075917273754076
etc:0.015379629056014804
size:0.023846868457389852
j:0.04045203522554785
was:0.0058639810205389775
old:0.01753584822743261
listen:0.028284413048630917
3.5:0.03178592904372044
video:0.02315040525076174
cd:0.08867290825789219
skip:0.039018918436686124
manual:0.026023823820415647
play:0.04240951301695949
works:0.01970282114934265
telephone:0.029649830380789277
administration:0.02949687862718233
it:0.006811697279602093
not:0.003992781513748112
should:0.010879550610817745
forsale:0.06823513271909788
desk:0.03546002670721121
occasionally:0.03576456388099812
quality:0.02545803867930033
has:0.014102973164060279
list:0.019282308588884634
be:0.00766173850513207
boston:0.027614418114897617
sit:0.030832546997882637
clinical:0.037748117060460266
but:0.01321754746192868
years:0.014766724655499294
excellent:0.05159027037536936
heads:0.03213687295193574
separate:0.0279648975947277
well:0.011144820597042018
please:0.012684869913279833
up:0.00889708854538003
good:0.010728542061983438
one:0.006511992766725976
boxes:0.032651957064801194
email:0.018171514297800933
in:0.003530060302539546
office:0.02417707227182888
or:0.017862555170942658
and:0.0063211492465362566
for:0.0064638846936173645
subject:0.00017680103901998871
offer:0.04655845852704421
300:0.027546494272730804
proton:0.04502369513111
i:0.0025284596986145024
tape:0.05495852004924945
normal:0.024982534268334723
portable:0.03387889128350127
filter:0.03462238334887267
the:0.0019966967152027894
originally:0.030131096541698946
original:0.04087639752680105
would:0.006176487722545537
can:0.005725602598925254
sony:0.03364851965379653
eric:0.15846470782722938
may:0.012324672367151198
an:0.005946345288488323
just:0.007777407705072092
record:0.025540717862494008
about:0.0065232859623965
ma:0.053128714241556504
general:0.019526028894619546
is:0.0017792889198057211
disk:0.023185291283442922
center:0.021633316777965622
2:0.012903374517188138
1:0.012970356900163633
designed:0.026023823820415647
volume:0.02931788079679876
150:0.031213256209258012
condition:0.050305895211722136
side:0.021326914427623796
high:0.01852532334861935
s:0.004108849542092836
