tv:0.02806415597223454
some:0.008648421297284105
at:0.019577000276765136
all:0.007067169115898454
enter:0.035090036508299643
own:0.01678881952257774
your:0.00933283127541676
with:0.008664109285771071
super:0.1490641791747738
throw:0.03158052278914674
to:0.0020417765334678974
signature:0.03702898752638846
deck:0.1351533397072771
attached:0.036521818642851714
hunt:0.043643382843997075
most:0.013752558992348429
ii:0.027195554111926798
control:0.06776965044313386
phone:0.021758126860811623
best:0.05411502399914298
two:0.027626510113382394
these:0.012271377578510687
game:0.022014882280818427
you:0.004117029551175717
them:0.021716432170848014
input:0.03160852814351642
3:0.017344192182500887
a:0.0020688950012539187
mario:0.08127987519750283
hockey:0.02912817598874449
controller:0.03119917496814568
old:0.03922834196062702
baseball:0.027757598815472653
also:0.010988867642070863
video:0.025894156984185353
are:0.004762306530379449
forsale:0.03816112977993993
only:0.009878046209402124
composite:0.04488082050816868
grips:0.05110119572855253
has:0.007887218325085564
25:0.05448418590058686
of:0.005761202535281146
monitor:0.027757598815472653
wayne:0.03461197338876208
year:0.018331560860812238
years:0.016516854985039953
double:0.03272703988918245
accept:0.026460088671575805
one:0.0072837845020416484
email:0.020325175251614376
in:0.0013161459399591887
gun:0.027118633302254825
or:0.009989799373379042
total:0.027118633302254825
and:0.007070322490570182
for:0.007229974731379422
subject:0.00019775523623717257
each:0.01885932886933789
offer:0.07811474708426307
i:0.002828128996228073
games:0.07399711759130502
20:0.023295054432634223
will:0.008394854406690995
175:0.043643382843997075
connect:0.03404500985452257
than:0.010597046534958972
the:0.0039083489406839785
less:0.020361967085898353
controllers:0.043643382843997075
needs:0.02480997453829146
gretzky:0.04309443490211766
10:0.06423048350880366
warning:0.03177882087110678
audio:0.036742951703219714
andy.bgsu.edu:0.044083556328965975
15:0.19803322856181593
is:0.0019901676065975107
ninja:0.044236291789726975
sale:0.02351757151187874
1:0.014507584384627471
under:0.017980173534115847
iii:0.03424255242550154
golf:0.04270787376752084
construction:0.038725776930961284
give:0.017505453861896347
