some:0.01389924851349231
at:0.010487678719695607
technology:0.04009128197401122
anyway:0.03629183121005397
ca:0.02448272138205144
miss:0.05745024482983463
service:0.04336418129140884
often:0.036991909384270306
suggests:0.05869577996172596
hill:0.05932485712094477
owners:0.0514005650403482
format:0.14357337525135763
nt:0.01700187027910568
need:0.022871452279729
this:0.006249790932993083
on:0.006035819348086785
you:0.013233309271636235
used:0.023505517956391254
successfully:0.06223785578190206
board:0.042752339516132665
a:0.0016625049117218987
series:0.042706551913900784
as:0.009525168574012123
250:0.10881192485612586
are:0.007653706923824113
those:0.022094233979613808
internet:0.03400635646565007
it:0.008163224517618379
not:0.007177500102094819
have:0.006086316823186343
drives:0.09635815837513478
campus:0.06166263462391626
university:0.027980239304745875
if:0.007977981187659635
of:0.006944306627347808
never:0.026237371795974528
again:0.029069870691762117
experimental:0.063348950303238
necessarily:0.04627694086971669
email:0.032665460225808816
office:0.04346116563150191
or:0.016055034707216316
use:0.01979499437794462
and:0.0022726036576832726
for:0.011619602246859784
subject:0.0003178209153811702
i:0.0022726036576832726
tape:0.14819172370422617
information:0.02903358672004482
the:0.004486625059458648
do:0.008551403796505912
can:0.010292452290925158
expressed:0.048925703876467705
bulletin:0.06516253035778585
interested:0.03425090732636809
carolina:0.06863765426922992
deal:0.03924184514000606
new:0.0410476086877035
tapes:0.18636169961559862
their:0.018020043078353736
opinions:0.03399535899428621
before:0.025311836514555288
north:0.04778755696322411
