prism.gatech.edu:0.12115657923344302
know:0.03163782373482825
technology:0.08635045348248571
all:0.02446327770887926
damn:0.11030350916314376
that:0.008894990395755815
rarely:0.13140003926220353
250:0.1171820729219817
internet:0.0732444600798617
works:0.1525705637718328
it:0.02637349459538246
should:0.042123388262396914
have:0.013108990080709046
hope:0.1481262326994895
atlanta:0.1227398614659673
of:0.004985656040147145
georgia:0.24646911795422582
institute:0.09980661153675144
oh:0.165626470981614
rf:0.14067670707260105
for:0.01668455707241405
subject:0.0006845373562055973
i:0.014684515941953457
stood:0.13970900635509215
the:0.0019327000256129563
sale:0.08140697831034947
says:0.0656673524212197
god:0.13606042214231923
james:0.08870753250351351
