above:0.09075520100428484
mark:0.10012079880973968
story:0.11983525093375347
band:0.33221919987729076
cds:0.1990633130537714
includes:0.1255918123810783
hard:0.09014111341918364
following:0.09124380910132539
usa:0.12148738953429082
ride:0.1407566512267961
are:0.021430379386707516
47:0.17737706084906643
if:0.022338347325446976
available:0.090035460927141
frost:0.20865271546883077
in:0.005922656729816349
for:0.021689924194138267
subject:0.0008898985630672766
each:0.08486697991202051
i:0.006363290241513164
the:0.002512510033296843
got:0.07373846072101914
long:0.07934370817028616
rising:0.20121459709169046
east:0.13572197597970057
break:0.1308068849415962
sale:0.10582907180345431
side:0.10734546928570643
