some:0.014066709338956075
laser:0.11810742120269226
at:0.0106140362946317
all:0.011494793140316761
send:0.03534153157682196
printing:0.05854811784111683
thanks:0.024016706565254977
graphics:0.04239447518240629
to:0.0033209618315441706
been:0.017677595026764328
memory:0.040742556941774886
110:0.06967057098764595
asking:0.04319798571853487
need:0.023147011945749835
this:0.012650179237865518
on:0.012217080126247951
you:0.006696373366370143
specs:0.058384194322372504
used:0.023788716967914045
am:0.019690799478329708
posted:0.04112507137929995
a:0.003365070182762398
below:0.044721372446239666
following:0.032979690036623634
are:0.007745920260255729
reason:0.032195324385644916
it:0.012392364930360432
forsale:0.062069307473396264
have:0.0061596459415379865
has:0.012828608119115074
call:0.03201151925299648
500:0.05023827873915109
be:0.006969412736596041
considered:0.04148003562906279
but:0.008015460509041087
year:0.029816394171200626
excellent:0.04692849895590828
anderson:0.05846587729809997
one:0.011847119370790632
email:0.03305901998756555
in:0.00214071929993362
citizen:0.058798262316399105
or:0.008124234430157655
offers:0.054458920763646085
for:0.011759597454653277
subject:0.00032165008303636504
space:0.03683750310256751
capacity:0.12527010851517256
i:0.004599968849286625
pay:0.04015472363852871
will:0.013654281263894993
than:0.017236160026740496
the:0.0009081361566133169
less:0.033118862127665995
can:0.010416457740213415
friend:0.041845776140877186
repost:0.06689928869123665
address:0.038467727155826636
replies:0.053997689600139856
is:0.006474039202184673
sheets:0.07327590707021049
printer:0.10472125728259835
sale:0.07650294347237661
pages:0.10833717763382084
dpi:0.07355940703900801
him:0.028873678353774794
resolution:0.05382918066068516
condition:0.04576018178897616
