pc:0.07489532723590749
out:0.013237944933488312
dos:0.07931578328638061
saw:0.0381728155408478
allows:0.04643453241737262
versions:0.049892393490435435
oliver:0.06536796305377397
to:0.006194153528498116
that:0.0038978047801626605
think:0.016176944129534326
like:0.02617166434850951
re:0.004201578682900792
so:0.01148101794814517
balance:0.05634591758672732
2.0:0.05269448098902532
he:0.01786666525303635
something:0.022366981091724976
recently:0.03718327600660325
you:0.012489864930533076
assume:0.039005489385271645
came:0.033918277893010634
was:0.009949001506757142
kevin:0.050624295762019274
releases:0.06422433727501058
it:0.0038523081993255275
have:0.00574438891177138
probably:0.0268227383711147
only:0.014983553238980747
university:0.026408315748299476
earlier:0.044336477920048224
referring:0.053363485412519895
writes:0.014859829011630615
get:0.014768246913383397
of:0.0021847256805139176
version:0.210368805011163
york:0.04228277761152183
latest:0.04681288314890732
up:0.03019012068207606
in:0.003992802289763831
or:0.007576533232618936
for:0.010966815603777774
subject:0.0002999658077754865
i:0.00857971717956831
6:0.03301516441077747
we:0.015143189951842358
than:0.016074171710331025
the:0.004234567471848612
do:0.008070987852881985
last:0.024496208450106718
just:0.013195377117594224
here:0.020229223658689843
is:0.009056380681707771
3.0:0.10388190061669006
new:0.03874156325581004
window:0.03917969372837238
2:0.021892242158375378
sale:0.0713454416652501
ch:0.06860034589031083
article:0.018209727647564067
