know:0.025705731784547953
thanks:0.04152888843575339
missing:0.08995098882060934
building:0.07917640768413857
line:0.058829244766791425
that:0.0144543593931032
anyone:0.03485239061752898
hi:0.06564618041696677
on:0.021125367718303745
m:0.05703394633816967
a:0.002909383595513323
controller:0.17549535919581943
scsi:0.08812442283610339
have:0.0106510544405761
of:0.00810169106523911
hd:0.0928876112444155
please:0.039904486602192805
one:0.020485643911992132
email:0.057164555395165434
in:0.003701660456135218
system:0.04656713185921927
and:0.007954112801891455
few:0.0476172396022143
subject:0.0005561866019170479
i:0.007954112801891455
info:0.18408721621202484
any:0.0426369694287003
the:0.004710956312431581
controllers:0.12274701424874176
interested:0.05993908782114416
is:0.005597346393555498
netters:0.10287136716838757
does:0.025385183632031773
wanted:0.0634408331155438
especially:0.06511032723952795
s:0.012925755851167047
