above:0.055564408778133574
storage:0.10250650687583665
your:0.025712902493495154
name:0.056372091955719406
to:0.0028126513471241443
line:0.05762864793481609
design:0.07679933076378453
100:0.06894922650675656
mail:0.0625370511190991
brent:0.10927477617936517
numbers:0.07199474287752444
purchased:0.09769091014638212
price:0.06388049391518291
was:0.018070635389824195
ram:0.07938483812720915
electronic:0.08803410846958387
display:0.07522696769256076
pocket:0.11632583012509184
digital:0.16854561620455769
it:0.00699704958653004
not:0.012304285889305405
okcforum.osrhe.edu:0.2289385264458683
bank:0.09717747015380754
calendar:0.1255963458858591
25:0.07505474588346148
if:0.013676539178845086
year:0.05050532073897249
visible:0.09680069336115987
over:0.04093756637794607
in:0.003626116365193683
1500:0.11446926322293415
for:0.019919318137473916
subject:0.0005448358549391489
fits:0.10440229762874881
6:0.059966319031820293
the:0.0015382714489572508
originally:0.0928529709754396
address:0.06515961946803286
interested:0.05871584113091673
hold:0.07081184924375551
number:0.05106662955913792
does:0.02486711865994949
sale:0.06479330926742101
function:0.08393878815402975
include:0.06860251578050207
