50:0.0718996518568423
split:0.09933180390181678
to:0.0028712482501892307
100:0.07038566872564732
mail:0.06383990635074699
make:0.03666834340311882
really:0.040654077983144285
contact:0.07250150622876182
two:0.03884977984694399
set:0.05519613716929002
great:0.0525260560152641
m:0.028516973169084834
a:0.005818767191026646
partial:0.11778011792697098
worth:0.07323257539149662
it:0.007142821452916082
only:0.02778200496394347
chemicals:0.25151824636461306
selling:0.08687035698644875
list:0.060658929102532906
if:0.01396146707840436
of:0.00810169106523911
shipping:0.08548557271545415
please:0.039904486602192805
up:0.02798875771567468
box:0.06601122938972098
in:0.003701660456135218
or:0.014048155368814277
for:0.020334303932004624
subject:0.0005561866019170479
i:0.011931169202837183
pay:0.06943420962495589
will:0.07083158405645527
15:0.06962105691626341
interested:0.05993908782114416
sale:0.06614316987715894
dollars:0.09553343813527607
e-mail:0.05728532868025555
by:0.02063407239202429
