at:0.038302826628453523
send:0.12753683134244445
sell:0.15130749126002468
to:0.005992170261264482
band:0.21666469557214613
gold:0.22479441600257072
ring:0.43332939114429225
available:0.11743755773105348
up:0.05841132045010368
for:0.014145602735307565
600:0.21373246597234036
subject:0.0011607372561747086
will:0.04927414543057758
request:0.169578305538884
dollars:0.3987482635211523
e-mail:0.11955199028922897
diamond:0.43537552135387436
give:0.10274940310243506
upon:0.15078589489969288
john:0.11658601737312373
