out:0.01980129578286487
wave:0.04137075190498242
means:0.023820127902846662
into:0.015048772293969632
from:0.007114052558236769
turn:0.028751917098441302
my:0.007984993792691608
to:0.002316301109396354
cash:0.042696861073304844
city:0.030922568054507493
mail:0.025750550460805512
bay:0.040279364666147024
urban:0.049351331840074876
asking:0.030129687517969697
scott:0.06423658912893287
ps:0.037861868258989205
voice:0.03047474202887536
contact:0.029244305033450147
on:0.008521156726710754
western:0.03437418288819664
machine:0.027334448355666778
united:0.03295396624266569
state:0.022333725940677448
a:0.0035205986365875507
valley:0.048450108895927005
price:0.02630373278860473
1964:0.05150864147745147
following:0.02300264094991396
also:0.012466362451088793
silicon:0.045683875254258655
california:0.06688183574660396
third:0.0306956722409066
business:0.03039129187591233
answering:0.04643371671415732
internet:0.02400448691692946
not:0.005066470660302226
have:0.008592447279792484
area:0.02696190793831384
states:0.029015628029039352
money:0.02605226694730361
dodge:0.14621972608453318
environment:0.03527439920065374
recommended:0.04124896192764993
union:0.042696861073304844
if:0.005631516132465624
of:0.013071636004419405
america:0.06618047990699936
san:0.0339324826353323
loud:0.045481374820821166
planetary:0.047381578009496356
in:0.005972426954436654
star:0.03857837793675969
mid:0.048308872607554044
francisco:0.041941765870600126
bmw:0.037239112190470526
for:0.005468048116169311
subject:0.00022434417556317895
v8:0.045997080252554716
car:0.02570288520910411
i:0.0032083816343763854
we:0.011325579039613192
body:0.029829253140122282
currently:0.03024313867106972
the:0.006967464798218137
can:0.007265260440653053
planet:0.03975724885852512
home:0.024616496234128978
arm:0.04207410500478618
wagon:0.1052030498162172
interested:0.024177111053906887
is:0.002257753167148436
east:0.03421562419656317
window:0.029302460015337324
72:0.0438498116742585
sale:0.05335919586728789
although:0.026552432409703848
earth:0.02958432909742646
side:0.0270618830132033
by:0.00832298718333753
north:0.06746478630102228
range:0.03360971416377877
thats:0.043606218927424445
galaxy:0.04904006064948371
