at:0.02591073566042444
mb:0.2685285731347362
with:0.017200805199692568
ii:0.21596469441824223
asking:0.10545390631289395
contact:0.10235506761707552
best:0.07162282588121865
8:0.086837978893349
cx:0.402786360527473
ram:0.11440756083038967
rejected:0.15435236918783657
40:0.11248550553014112
416:0.17754229155149157
no:0.03311016871125029
reasonable:0.109950210885472
19:0.12049697682296703
be:0.017013566386396214
monitor:0.11021399529672965
macintosh:0.2762121132769164
hd:0.1311354511685866
and:0.005614667860158675
for:0.019138168406592587
monochrome:0.17887942020080794
subject:0.0007852046144711264
offer:0.10338716525858346
will:0.03333251014421425
is:0.007902136085019527
sale:0.18675718553550763
