cartridges:0.08962457691854996
replacement:0.04794005460274372
laser:0.04758697067875464
at:0.00855305837334399
all:0.004631397236147044
dos:0.017133749302155037
thanks:0.00967663419862215
truly:0.021156812956458146
with:0.01419483924246474
sizes:0.02807115238822628
o:0.06798017444271615
work:0.009830448854321862
both:0.03270442838312968
to:0.004014172310944168
ink:0.05950998384288082
continental:0.029874858972849982
amiga:0.024461550280523183
software:0.013668863536316779
potential:0.020807147285541235
make:0.008544080016260697
that:0.00505200910826908
memory:0.016415690418287936
like:0.005653587686935306
perfect:0.019660615505518876
months:0.016484439514465144
its:0.010037983281719271
kirk:0.058392805883805216
me:0.010520278450529559
prefer:0.01993460245165942
this:0.0025484584386962087
parallel:0.022336666929424223
he:0.007719093240389491
two:0.01810475177333312
on:0.002461207889511116
you:0.0026980533466442807
brings:0.02519000025419179
purchased:0.023237158238702545
deskjet:0.06132757163014438
more:0.006171937018547212
a:0.0033895731209863957
303:0.028695508591246147
as:0.003884049321441837
old:0.012853947001661765
standard:0.014776915244962312
cables:0.025574705941833253
modes:0.02411603436563049
nyx.cs.du.edu:0.022822508961254234
anywhere:0.020516161674050782
computer:0.013013120898860753
are:0.0031209290368991527
works:0.014442359191993883
d:0.008843903992121531
it:0.003328693492621087
term:0.018920775698613872
stay:0.019168434797360107
connection:0.020901777356808232
types:0.0198878505435965
quality:0.01866098951735121
u.s.a:0.024920243695187853
manuals:0.023724627887960058
call:0.012897845135916054
500:0.040483273158733395
er:0.02669560670226868
things:0.010848184117185676
if:0.003253157377492278
of:0.005663318026186563
fraction:0.028695508591246147
but:0.0064590604101981575
excellent:0.018908084530778576
shipping:0.01991896839971747
windows:0.01333595719137622
please:0.009298132800510945
up:0.006521652283264003
accept:0.034680698744298376
email:0.013319896402756994
in:0.002587568474191609
additional:0.02075124222698998
or:0.00982006977237503
opposed:0.02173361353154942
p.s:0.02201375099572732
and:0.008340234782565799
for:0.006317453648778135
subject:0.00012959687811659365
offer:0.0170639010620963
p:0.01634042737685121
i:0.0037067710144736876
pay:0.01617884496115477
any:0.004967413914023336
will:0.01100296451362412
alternative:0.021136712021186145
than:0.006944666418541073
cost:0.032242792275251266
the:0.0032930956747094548
originally:0.022086386299983204
original:0.014981398122686793
less:0.013344007556292607
ibm:0.019128480918056634
would:0.004527425466526097
can:0.008393844586773915
an:0.008717457655939191
long:0.011554908956837789
many:0.00899612149309754
including:0.015436736439467134
different:0.012268043194229358
interested:0.013966389395218057
is:0.005216944211469202
either:0.012153217024822126
maximum:0.023758934524965362
printer:0.2320643395607094
sale:0.03082400149615174
six:0.020569409399150654
serial:0.020093776348858408
paper:0.018721594161342694
fonts:0.02404248191407417
leave:0.01715136953541027
truetype:0.030958080095734492
full:0.02999672314488595
condition:0.018437354798470973
comes:0.02936093531306322
giving:0.018414402656743083
range:0.019415320317911034
