some:0.019458947918889236
stephen:0.13572197597970057
stand:0.32814487953887184
with:0.019494245892984912
shape:0.07946544312145343
though:0.04142573669351133
work:0.03375120773317173
line:0.04706339581343314
like:0.019410651058477887
clutch:0.08617119280098544
could:0.02515181925543429
cs:0.08526187639681154
hi:0.05251694433357341
on:0.008450147087321499
hat:0.08924106721314823
etc:0.03870539979097059
working:0.052808983511776784
m:0.04562715707053574
a:0.004655013752821317
ride:0.1407566512267961
cheap:0.06193718697344746
not:0.010048500142932747
forsale:0.08586254200486483
45:0.07517302682092772
things:0.037245432135670824
duty:0.08384860078581025
but:0.011088053704173505
shipping:0.06838845817236332
please:0.03192358928175425
up:0.022391006172539744
email:0.045731644316132344
in:0.0029613283649081745
clean:0.07236403653293842
and:0.003181645120756582
subject:0.0004449492815336383
felt:0.07525373722885753
20:0.104827744946854
55:0.08193077862273046
older:0.0736358397506605
extra:0.06474459515818752
pedal:0.1057765473509092
needs:0.05582244271115578
10:0.04817286263160274
jones:0.16534328266448872
15:0.05569684553301073
heavy:0.07469680394686012
little:0.0390889783649744
comes:0.05040293895409186
north:0.06690257974851375
