cable:0.05020520306266568
4:0.028886854699752083
sell:0.08093191392978065
to:0.0016025571628963148
colors:0.05302205434631447
add:0.03995605135408975
80:0.04647280962166638
software:0.03274169637768903
make:0.0204660521319733
docs:0.06379525088176094
me:0.012599868376797031
need:0.022339558040665536
parallel:0.0535041091565278
1024x768:0.06425130568586886
these:0.01926320898952259
on:0.01768635436881244
western:0.047564276322039536
them:0.017044874087584195
28:0.051425179107543566
card:0.10677587255282238
modem:0.049574076471335
includes:0.13143329202670984
a:0.0016238420067981338
controller:0.14692634723370931
jumper:0.06556288119918682
following:0.03182923573302048
unlimited:0.07156070870240809
cliff:0.13571551668112936
computer:0.062341928027100355
are:0.007475713739549134
no:0.013090066699796626
dot:0.06704142975134085
digital:0.048015902290833294
baud:0.06307278831074924
settings:0.05849902380405366
tons:0.06744243179868004
manuals:0.056828759824648516
pitch:0.05803569928606297
svga:0.060338837818180335
14:0.043416893252984506
of:0.004521874082924155
monitor:0.13071892465426074
but:0.007735851421516398
port:0.048485780643599305
must:0.026947214273017408
floppy:0.0512211755069516
and:0.004439504819660347
green:0.0489338465040905
subject:0.0003104297313025383
offer:0.04087399556734695
300:0.04836651901374828
i:0.0022197524098301735
power:0.03141692186244816
any:0.011898689142893108
the:0.0017529139767187279
may:0.02163983171441664
an:0.03132202808936291
apple:0.08821783598346687
i/o:0.06001126948135829
printed:0.05658565883837742
items:0.10775847092278167
2:0.02265592502436522
serial:0.04813160381238177
documentation:0.05205958590115327
ports:0.05724557531038265
by:0.011516691567641466
