some:0.012036462630240764
bbs:0.041722089193357334
send:0.03024069196779611
your:0.02597798396250026
with:0.00602914821432523
mentioned:0.03623880019373029
alot:0.0522059475196856
download:0.11853104825358622
name:0.028476623771445886
to:0.0014208238763822997
713:0.05753010851010018
mail:0.03159088149315315
that:0.003576336344685328
12:0.036632833315588
me:0.011171017323758192
file:0.03132459672637535
this:0.010824380172606576
these:0.01707872137215405
you:0.028649432443748547
a:0.005758779900397505
below:0.03826674137152466
commercial:0.042952026806729396
fidonet:0.05669376268729226
cd:0.04601240256681004
computer:0.02763611242438469
are:0.0066279523876415
magic:0.053110850724658654
not:0.012431134197442574
cdrom:0.0648221890828002
have:0.015811874633432563
disks:0.044430009420551676
craig:0.09412341738743331
call:0.02739129997936812
list:0.12006715863594142
get:0.013550247167949715
if:0.020726301642167298
of:0.006013626357703258
catalog:0.056299729565434546
please:0.019746550071188192
email:0.028287615040906607
in:0.001831749504066912
or:0.006951664512402941
p.s:0.04675085263010132
and:0.0039360558194926785
for:0.003354111988784268
subject:0.00027522635971152884
i:0.0039360558194926785
house:0.03544197880917723
will:0.011683560256734891
the:0.004662389752509606
users:0.04070822235315652
do:0.007405339370170069
can:0.008913051468430034
home:0.03019961909135411
long:0.024539291186686442
address:0.03291568406117124
interested:0.02966057954036
is:0.00830946268734012
number:0.025796544828842867
purchasing:0.05753010851010018
night:0.03451376130498994
ad:0.04463579027171186
new:0.03554638278110406
pages:0.046350441977356334
s:0.012792500636206563
