at:0.022588846473190538
il:0.13186205222381067
aug:0.16787855221837703
to:0.0035338440002328996
stop:0.08522956704052916
w:0.07934207320588087
near:0.09243014814055192
h:0.09059441344344914
26:0.11272725720140316
rent:0.14168236638422363
avail:0.1505848330504849
no:0.02886527528673102
works:0.0762852818859164
neat:0.13430590298802414
area:0.08226838576049608
call:0.0681270794358643
available:0.13851609373406307
please:0.04911321427962192
who:0.033155201903432005
in:0.009111779584332845
female:0.13817315657096219
subject:0.0006845373562055973
the:0.0019327000256129563
may:0.04771860326768797
entire:0.09562610827407184
is:0.020667125145435686
1/2:0.12162138396658549
el:0.15594616120070437
dc:0.11479806121792771
1:0.10043712266280556
chicago:0.10827434709753544
needed:0.17106783026338568
parking:0.14067670707260105
