408:0.21503630302112856
at:0.03595775561038494
there:0.018730183379125458
posting:0.06733037871339266
case:0.05044104300626032
o:0.0714485506897935
software:0.057465018132270534
this:0.010713927313702428
parties:0.09988450024781356
tools:0.09080556849323818
these:0.0338088974101825
more:0.025947327057565833
a:0.0028500084200946837
valley:0.11766455017582271
season:0.07790274344276976
are:0.026241280881682674
not:0.012304285889305405
have:0.01043368598260516
32:0.08739630145929603
call:0.054223593836708314
available:0.05512375158804551
lift:0.22446101961907544
they:0.019039176010362115
good:0.03306142553794896
system:0.04561678222943928
and:0.0038958919845998963
for:0.02655909084996522
subject:0.0005448358549391489
each:0.05195937545633908
doug:0.17639344835341983
i:0.0038958919845998963
do:0.014659549365438706
can:0.017644203927300272
development:0.07933189863380004
friend:0.07088162081005726
tickets:0.3434077896688024
three:0.05956097972392801
resort:0.11632583012509184
john:0.05472404897105807
