at:0.04297390304655761
u.washington.edu:0.1646843402234809
11:0.09424913750292467
carson.u.washington.edu:0.13412914586993535
to:0.003361461366075197
ii:0.08954633671000288
jeff:0.10281656802025357
its:0.0504347452691261
asking:0.08744958084483888
reply:0.08759015900866206
used:0.0481576465448016
brand:0.10989176397121257
size:0.08782627163575288
m:0.03338572468575786
a:0.0034061076240155977
series:0.087496350262626
computer:0.06538299768695892
have:0.012469527149942754
never:0.05375461538687464
please:0.04671744772939646
box:0.07728143928552701
in:0.00433365126571928
or:0.016446620919587446
and:0.004656066030375486
for:0.015870676239613368
subject:0.0006511452900492268
i:0.009312132060750973
the:0.0018384219755830562
bought:0.08934350606996246
new:0.08409753975041692
printer:0.10599834578604467
sale:0.0774359061976495
206:0.14146461304113372
hewlett-packard:0.14723019299391985
paper:0.1881291901091022
letter:0.09953778096928918
