some:0.0065591959277154725
at:0.009898483286004843
proven:0.026647381880319294
search:0.02397276010884672
all:0.0053599316328443326
versions:0.024946196745217718
reid:0.07238093281863907
own:0.012733093458134804
your:0.0070782709111306885
with:0.006571094121230869
microsoft:0.023930360077187268
1.0:0.06164484916664541
from:0.009512047802586241
covering:0.030610400268812326
to:0.001548538382124529
famous:0.028263573298587724
writers:0.030610400268812326
software:0.01581902184540032
along:0.01962899669180469
database:0.05689861695965734
me:0.006087576856205307
need:0.010793269615153013
re:0.004201578682900792
package:0.02183855636548428
complete:0.020804583428622347
pack:0.028942429889280277
phone:0.01650195014724477
programs:0.059548013330806455
multimedia:0.0340388245427122
these:0.027920831007285547
you:0.009367398697899806
society:0.020877703474195774
includes:0.06350147817020813
more:0.007142803515846775
price:0.03517015957128048
ram:0.021853129596816002
also:0.008334253548761609
250:0.025674723842456663
160:0.032584545700485856
others:0.030295822731105572
business:0.020317773782211054
49:0.05590523541646573
requires:0.022551431375903513
only:0.007491776619490373
philadelphia:0.027866845392891356
ve:0.010253560106895697
45:0.02533922252390822
jokes:0.2091746373975724
manuals:0.02745659182539198
25:0.04132227582347879
humor:0.031194612142542932
writing:0.022485723287346257
list:0.08178732013824662
get:0.007384123456691699
if:0.0037648899986708387
of:0.00873890272205567
present:0.02036236113949047
significantly:0.02745659182539198
latest:0.02340644157445366
kb:0.035655015960980634
windows:0.01543374821024439
please:0.010760760432051993
they:0.00524112148599856
find:0.02378030042329652
topics:0.030018487259498697
thousands:0.02403696626515921
author:0.022719144652025316
one:0.005524218583009115
in:0.0009982005724409578
occasions:0.03202227907937922
world:0.01416432971198133
registration:0.027782362935787196
and:0.007507252532122272
for:0.010966815603777774
subject:0.00014998290388774325
half:0.021245188110073122
i:0.0032173939423381166
cd-rom:0.028942429889280277
games:0.018707136469711942
20:0.01766759746295292
any:0.005748804866791052
than:0.024111257565496536
the:0.0025407404831091674
less:0.030886129849396374
around:0.013298845130076604
can:0.014571336951197417
quickly:0.047693016219355705
rid:0.025940189487684447
an:0.005044371564953577
just:0.006597688558797112
many:0.010411241727966817
including:0.01786498711533837
different:0.028395695483272445
priced:0.03239080313828828
interested:0.01616334952480292
printed:0.02733913853989021
cards:0.022106839687371357
save:0.020351181081018504
new:0.00968539081395251
sale:0.08918180208156262
history:0.01865734609185888
volume:0.024870786518632657
cruel:0.03378909553950527
under:0.013636648466885613
useful:0.021540939421788977
eight:0.027536280786020946
golf:0.03239080313828828
by:0.005564244240545877
online:0.02844930847982867
processor:0.02745659182539198
include:0.018884962209239336
99:0.02989501025546063
