folks:0.09495425257166097
send:0.07521402874041597
with:0.014995573763834546
ohio:0.13006194302706073
my:0.024364468239238494
to:0.010601532000698698
mail:0.15714438486337723
next:0.06867641086536347
me:0.027784325138578068
so:0.026200271727818462
hi:0.08079529897472833
you:0.02850251227737035
board:0.09208196203474729
a:0.0035807798098625512
want:0.048528153018261064
ram:0.09973992482649355
daughter:0.14168236638422363
are:0.016484907220544243
have:0.013108990080709046
buy:0.07709849039087092
university:0.06026513081022188
selling:0.10691736244486
willing:0.09168973984563258
which:0.03312544442352609
if:0.017183344096497674
of:0.004985656040147145
or:0.034580074754004375
for:0.01668455707241405
subject:0.0006845373562055973
offer:0.090132400481842
i:0.004894838647317819
upgrade:0.11339911290381402
33:0.11825619963247298
