mark:0.06529617313678675
among:0.07488055365186576
from:0.018403744661525556
mercury:0.1216218513146016
then:0.034693051082082677
garage:0.11954989088407281
100:0.07344591519197981
nt:0.01552344677657475
re:0.008129141364742838
posts:0.08745690156888417
these:0.036013825502150924
etc:0.10097060815035806
red:0.07853519467266415
video:0.07599372158402223
have:0.011114143764079409
tons:0.12608802466709745
robert:0.06946547889038486
sets:0.10338052320192714
love:0.07113516174307496
minimum:0.10655343434590714
union:0.11045492321137558
of:0.004226969251429101
iron:0.11740106839197209
order:0.06096341002461939
they:0.020280861402342254
up:0.02920566022505184
now:0.035911182562570525
in:0.003862602215097619
and:0.00414997189663902
for:0.0070728013676537825
subject:0.0005803686280873543
i:0.00414997189663902
cameras:0.12356994172089915
the:0.0032771869999524044
do:0.015615606932749927
an:0.019519524751342103
cars:0.08308863159068493
just:0.025530186162301866
steel:0.1156806918580868
ad:0.09412329687730545
every:0.052872794063856435
metal:0.10901710141779851
sales:0.105199002099469
cup.portal.com:0.11714680665798967
