at:0.007047720099635449
out:0.009425416792643679
send:0.023466776967009783
with:0.009357238028632758
uicvm.uic.edu:0.08678815671559095
to:0.0055127966403633235
harris:0.04654198969428707
expand:0.0862200497002804
that:0.011100948013903258
me:0.008668709443236357
need:0.01536961593197789
practice:0.03285222484033473
game:0.0475521457265678
on:0.00811214120382864
you:0.0177855676610791
regular:0.03237634121404529
am:0.02614938170722185
state:0.02126170709552493
a:0.004468813202708464
hockey:0.031458430067844045
basis:0.02981766621630399
price:0.025041153614751704
defenseman:0.050302018728252955
part:0.03918755379861243
shaped:0.0479436224064878
equipment:0.03227966330032472
also:0.023735954106873063
popular:0.033839778369063704
cover:0.03139365238598309
straight:0.03197329301970647
70:0.034414694858900856
are:0.01028658210561961
it:0.0027428434379197755
not:0.0048232800686077194
ken:0.033008581608918494
have:0.008180009810362446
always:0.02125564878398966
plays:0.039622010194394236
operated:0.046982467911751286
willing:0.028607198831837367
be:0.0046276900570997705
seek:0.038875950246501575
were:0.012410426379778393
if:0.010722406716214548
of:0.0031110493690518185
looking:0.020751082763253152
shipping:0.03282645992273439
please:0.015323322855242039
in:0.0028428752303118476
or:0.0053944916616246825
message:0.02597855910847777
and:0.003054379315926319
for:0.005205581806593184
subject:0.00021357565513614637
table:0.03623915538783397
i:0.006108758631852638
league:0.09335656963759796
games:0.13319481166434904
the:0.005427021671921181
hello:0.030954326325214172
thank:0.029043954454156116
would:0.014922394337670017
an:0.007183185108493894
slots:0.08862456494906981
interested:0.02301660972331936
is:0.0042987620302506226
purchasing:0.04464336420383774
itself:0.05380889344951008
wanted:0.02436127991636882
chicago:0.03378159629443106
e-mail:0.021997566213218134
players:0.02969499130430314
springs:0.04847128614882217
s:0.01489047074054444
