out:0.007751165125529341
block:0.0288669689944956
know:0.02435279853272964
all:0.0062767620437255995
printing:0.06394070764227232
hand:0.020771312206925484
own:0.014911122602289441
your:0.008289027777508305
much:0.011494716247104811
custom:0.03508053221055383
from:0.005569554305461681
my:0.012502819228030279
to:0.0027201299212319028
berkeley:0.03576566549511039
keyboard:0.029899888394559183
make:0.011579476864142787
view:0.022403610215688364
think:0.009472026496898388
nt:0.023489426043501266
me:0.00712887289739832
re:0.004920269773396981
so:0.006722438140690263
this:0.003453831831390914
off:0.028729703262583558
he:0.020922805362108356
on:0.0033355843765742756
enterprise:0.040654860239417015
you:0.010969716896224772
disclaimer:0.024697733730751226
a:0.003675010857490513
practical:0.031576811089485436
j:0.020092951707426726
commercial:0.027410175001662835
dorothy:0.03804379863141193
let:0.015165379886531742
official:0.02668554619180477
responsible:0.02572931062548041
others:0.017739001467555235
business:0.023793182455483994
are:0.008459360284226652
taking:0.02241414496152372
book:0.02045854283344522
lay:0.03149246445508371
it:0.004511255654473315
not:0.007933026428631116
flame:0.027616141479459178
have:0.0067269817519428005
plug:0.031205486675637068
ve:0.01200745854623312
whether:0.018799069637380424
kind:0.018128465111599077
his:0.012134401588850372
be:0.0038056661653781006
writes:0.0043504104672208044
get:0.008647197205862647
of:0.006396071893609824
standing:0.03253460922743501
even:0.011047101630039642
again:0.016064928540184327
oh:0.02124813279040443
fact:0.015778073214663416
please:0.012601416821745096
groups:0.024209115779515733
they:0.012275258217207152
who:0.008506926804170055
now:0.021735715761555845
one:0.0064691507090501475
in:0.0035068362216017857
point:0.014483789218816188
or:0.004436259590151877
use:0.010939338998337815
better:0.014711946521719756
and:0.005023650190668287
usenet:0.053739455640049366
for:0.004280906090948342
subject:0.00017563787428959404
i:0.0037677376430012154
face:0.023613628887799734
any:0.013464306135379042
the:0.002975340828904156
do:0.01890310312911833
got:0.01455364356335904
rule:0.02597827347536962
major:0.02155544718893284
did:0.010815204233177403
an:0.005907224595800899
just:0.01545248109823534
newsgroup:0.025290551582725983
long:0.015659942402030162
people:0.00990311276363893
dear:0.031619393421759234
lab:0.028353361274957318
frequently:0.030703622828600022
is:0.0017675830716491045
new:0.01134210240054965
violated:0.03592811689373125
does:0.0160327475570727
first:0.012352334403888427
him:0.015766548048442814
supposed:0.024004572443528688
article:0.005331137370503954
difference:0.021099696360752544
opinions:0.01878690891789501
earth:0.023161415543379926
