expensive:0.03970673327585185
read:0.022225520214685508
out:0.011550755873337842
ideas:0.035264643500386966
there:0.008997833191932817
know:0.01209681495743433
all:0.009353606182806777
thanks:0.01954300632270748
much:0.017129381074116976
from:0.008299727984609564
sell:0.03411835587235851
to:0.0027023512942957466
owners:0.08465975418410292
100:0.03312266763559874
that:0.003401025739553694
nt:0.007000770114925867
could:0.014795187797314287
me:0.010623418435338674
attention:0.04161449454433978
resist:0.055882016432642165
this:0.005146886650700186
mean:0.02591590251793981
game:0.029137344195200858
on:0.00497067475724794
you:0.010898019400171016
lord:0.04176082444842484
am:0.016022905457856524
them:0.028742336696710606
more:0.012464892410007117
a:0.0027382433840125392
wondering:0.03528366178291467
want:0.018554882036393938
was:0.008680991510797898
baseball:0.036737998432243214
let:0.022599389634831615
stars:0.048855764687836874
spending:0.048053509606977726
have:0.010024521826424566
interesting:0.03203945648942561
tom:0.07442604359754422
quality:0.0376878807899446
be:0.005671188795465405
get:0.025772038731198477
kinda:0.050067666216926834
if:0.013140204309086457
of:0.003812560501288993
but:0.013044769063733534
please:0.018778581930443673
who:0.012676988963076945
now:0.032390478389769495
title:0.0411881699174796
in:0.001741957861710691
stores:0.053179017595337594
or:0.006610896644147895
and:0.0018715559533862248
still:0.020016755708132813
for:0.003189694734432098
subject:0.0002617348714903755
each:0.024960876444711913
fatal:0.05484907020070268
i:0.009357779766931125
games:0.03264578717263457
any:0.03009668430261198
the:0.002216920617614862
titles:0.058754439223637
hello:0.03793422343776247
can:0.01695227436152379
leland.stanford.edu:0.049483429969846
about:0.009657021375704624
interested:0.02820662956289137
trade:0.08272711561438617
is:0.0026340453616731756
right:0.019018368566571565
lot:0.024299543022209713
2:0.01910205443230793
too:0.01914233203788722
little:0.02299351668527906
buying:0.07865133186740228
s:0.006082708635843316
