looks:0.033234033731785344
at:0.00855305837334399
50:0.033506633875033304
case:0.023996224342784034
shape:0.046290549391137914
from:0.00821914810126384
my:0.01845076235592818
corp:0.04493363732924317
to:0.001338057436981389
0:0.03558404163563526
w:0.03004214422358596
look:0.02302105169199913
everywhere:0.04830646555403349
h:0.03430273907082054
t:0.025012359757285843
been:0.014245052303120767
make:0.017088160032521393
like:0.022614350747741225
110:0.05614230477645256
this:0.005096916877392417
extremely:0.04289466393242359
on:0.004922415779022232
you:0.0053961066932885614
fitting:0.05818400777486383
used:0.019169548624629763
more:0.012343874037094424
m/s:0.05417884005320114
a:0.005423316993578233
uunet:0.03666982827589597
as:0.015536197285767347
standard:0.029553830489924625
panel:0.047868403075582336
are:0.0062418580737983054
those:0.018018598585316115
pressure:0.08545014935920851
model:0.03552380108333543
d:0.017687807984243062
it:0.00998608047786326
mounted:0.0518766090503958
ve:0.01771974465075179
meter:0.23273603109945531
absolute:0.04509323661412822
be:0.005616128710072537
which:0.012542644005024443
of:0.0018877726753955208
what:0.00893633109705467
least:0.023375362938897883
using:0.021402141540241948
good:0.015728250984072805
in:0.003450091298922145
dtmedin:0.20250665955218064
office:0.03544405740821515
or:0.01964013954475006
205:0.10948364627437021
and:0.0018533855072368438
for:0.006317453648778135
subject:0.0002591937562331873
al:0.03699042893905079
offer:0.0341278021241926
i:0.0037067710144736876
back:0.020450065243374147
precision:0.05927602703143363
than:0.013889332837082146
the:0.0007317990388243232
around:0.02298247022479258
can:0.008393844586773915
an:0.017434915311878383
here:0.01747962044294559
expressed:0.03990057403517754
15:0.03244476438816159
lab:0.04184185353197585
is:0.010433888422938404
lot:0.0240636251287902
dave:0.06808300332766198
useful:0.037226089486198426
opinions:0.027724370441942155
mine:0.03170134994951443
intergraph:0.057017558145329224
