at:0.045177692946381076
sell:0.08923262305078378
to:0.010601532000698698
256k:0.15366545643105062
martin:0.2381847882694978
asking:0.0919341747343178
need:0.04926158952557016
contact:0.08923262305078378
board:0.09208196203474729
j:0.07831099126997083
old:0.06789520723954677
ram:0.09973992482649355
486:0.12225452787915911
bios:0.1237389888642592
mother:0.10922061778818805
year:0.06345540297973466
excellent:0.099873472136933
one:0.025213100199374935
email:0.07035637587097283
or:0.017290037377002188
for:0.025026835608621078
subject:0.0006845373562055973
than:0.03668208415947336
less:0.07048373222041737
64k:0.1542168975905625
upgrading:0.14345141437106856
cache:0.12442737989082812
motherboard:0.11577498035208851
sale:0.24422093493104843
ami:0.152596925754113
condition:0.09738705355089797
