sent:0.01578404527162924
pc:0.014304043184540271
at:0.003780965718688545
folks:0.03178726051755174
computing:0.018723010640253397
there:0.007877931206670793
your:0.0054074344299625005
with:0.00501997748317208
much:0.00749869901098683
such:0.008253292718745916
surprised:0.018887050180254245
sell:0.014935932613650504
trick:0.021321472443432965
my:0.004078172795409019
to:0.003549010712680251
building:0.016311019608749578
design:0.016150932220710054
look:0.010176688087021076
then:0.006849271887449799
growing:0.022885154060103788
software:0.012084917976314405
mail:0.05260627476113058
perhaps:0.012396830633648263
class:0.017030771123042927
been:0.006297169043868838
honest:0.04025586959676613
that:0.00446658316010056
like:0.0049984509163462365
packages:0.021224294431631423
nt:0.018388288885556357
months:0.014574225493475623
re:0.0016048948617088865
nope:0.02343808484054571
so:0.0043854532076606015
prefer:0.017624584141810475
this:0.0022531435123236865
tools:0.019096450026474983
reply:0.015412860598090748
on:0.0021760035417995277
focus:0.021454563588250822
you:0.0023854033880202656
assume:0.014899092511970713
more:0.005456734016397965
a:0.002996789969627457
other:0.005919776771810776
lists:0.040662274065411605
want:0.01624547611770113
looked:0.015987138216651008
was:0.0038002623781175347
as:0.00343396635286274
said:0.009405600123019022
copy:0.014663570579670998
promised:0.022932578249745785
cheap:0.015949490207754713
are:0.0055185526317701765
results:0.01572138948012215
freeman:0.04605805654972383
d:0.007819073915781268
it:0.004414447593218523
flame:0.018015680278445474
application:0.015838488016381668
analysis:0.018479682984989254
have:0.0021942086401186816
received:0.01660639824314065
interesting:0.0140258564889331
machines:0.016935392853580655
similarly:0.021256443237335963
has:0.00456984752741009
bother:0.019680708285378764
his:0.007916004469979643
personal:0.01439440116393011
free:0.012392737313840066
list:0.012496260072624806
be:0.007447999018937399
writes:0.0028380360129509116
applications:0.016739489387958505
get:0.011282180045417358
were:0.0066579540664047174
if:0.01438091029535213
of:0.002503526852777751
andy:0.09617614242084994
catalog:0.11719042420272856
flow:0.0221500822978404
mailing:0.0568294606038617
what:0.003950395291831035
but:0.002855292799357984
reading:0.014104386465077213
never:0.018917933312118974
they:0.0040039468862993295
who:0.02219833260487293
in:0.0015251476557466993
indication:0.022480387195420348
pcs:0.02383107708743623
and:0.005735154294926028
for:0.004189041153374343
known:0.013978234968525141
subject:0.00011457921412883389
i:0.005735154294926028
person:0.01203946111190494
we:0.011568617216428927
ago:0.01227968122474096
any:0.004391790842441233
than:0.006139919666177945
the:0.003234991459180485
do:0.006165819046407697
got:0.009494222410431649
would:0.02401672908423286
can:0.007421167317061918
presentation:0.0246018306366855
joe:0.01707926706833878
instead:0.013166241680620779
forward:0.018565010755606546
junk:0.11283547046889401
an:0.0038536400796641062
repost:0.02383107708743623
engineers:0.02343808484054571
people:0.012920799485606158
address:0.02740619187925846
interested:0.012347966589763604
is:0.0023062028059284453
cards:0.016888486971468247
either:0.010744904322374928
ad:0.03716456357387168
hardware:0.015234682934225544
does:0.005229565726770495
wanted:0.013069356178309451
engineering:0.0165954913872236
him:0.020570946809985474
article:0.003477823520672107
very:0.007481727432546984
u:0.016230229543317664
comes:0.012979297584744686
going:0.009346848429397779
respond:0.017356256429444234
data:0.025187516079019846
happy:0.016300837289635283
buying:0.01721552757612668
s:0.005325633312068827
