week:0.13260918478483014
there:0.017649595876483605
with:0.01124668032287591
way:0.033314861914356605
to:0.0026503830001746746
most:0.03570375892244304
re:0.007191163514964819
apr:0.07167708225073074
starting:0.07541388428610034
great:0.0484855901679361
was:0.017028098732718953
stuff:0.05621954908987735
are:0.024727360830816367
no:0.021648956465048268
32:0.08235420714433665
open:0.06355693420679544
25:0.07072466439018486
be:0.011124254944951372
down:0.04546856878756073
available:0.05194353515027366
conditions:0.08720832125230439
34:0.09510116543404079
lift:0.21151134541028266
excellent:0.07490510410269975
lines:0.06794581008258686
they:0.017940762009764303
now:0.03176758457458162
in:0.006833834688249634
or:0.01296752803275164
and:0.003671128985488364
for:0.012513417804310539
subject:0.000513403017154198
each:0.04896171918001183
will:0.021794333555832393
coverage:0.0890031662483086
the:0.0028990500384194345
maybe:0.05092140542966008
may:0.03578895245076598
last:0.04192620292422111
current:0.060812417764054195
tickets:0.21573053453552976
first:0.03610682364213541
spring:0.09157107764493404
april:0.06542603580554063
by:0.019046836054176272
