out:0.02265725190539346
andrew:0.14482531381430763
technology:0.06476284011186428
anyway:0.058625265800856426
with:0.01124668032287591
4:0.047774413541897674
modern:0.07897169432772772
yours:0.08127556355489349
to:0.0026503830001746746
mail:0.05892914432376646
me:0.02083824385393355
re:0.021573490544894457
this:0.01009581612252729
you:0.021376884208027764
used:0.03797045208340126
controller:0.08099785809037821
as:0.0153868107734042
old:0.05092140542966008
shipped:0.10758856077830142
marvel:0.12453470331797228
turns:0.08487989949166523
whole:0.05753683605821712
month:0.0764192978728319
not:0.011594423241845479
genesis:0.21151134541028266
barely:0.1102351257374562
if:0.012887508072373256
of:0.003739242030110359
they:0.035881524019528606
box:0.0609334425135886
one:0.0189098251495312
in:0.006833834688249634
and:0.003671128985488364
gets:0.06417916043063085
for:0.0062567089021552695
subject:0.000513403017154198
the:0.0014495250192097173
when:0.025147585439302615
original:0.05934938487064384
130:0.10362986742822164
interested:0.055328388757979234
1/2:0.09121603797493913
2:0.03746941446337325
sale:0.06105523373276211
1:0.03766392099855209
