believe:0.031951057063681475
take:0.031261016622583876
your:0.01852841503207739
way:0.02547607087568446
c:0.03803084846219058
name:0.04062106626220957
my:0.013973739137210313
to:0.00202676347072181
cash:0.07471950687828348
berkeley:0.07994678169495265
510:0.08529484021597769
dynamic:0.0810642215034515
me:0.01593512765300801
this:0.007720329976050279
you:0.016347029100256524
etc:0.06830364668994811
well.sf.ca.us:0.0858201061365965
ta:0.06790226071776223
support:0.040278769257845674
bill:0.045522262877819374
passing:0.07187166683705547
how:0.01934357348866359
sorry:0.046726715952038596
act:0.1097539136181869
it:0.005041991613823117
only:0.01961082703337186
buy:0.04421825184182303
400:0.06751216138932946
call:0.07814576758819727
be:0.008506783193198107
comparison:0.06863162749922358
soon:0.15869089575174136
if:0.009855153231814842
of:0.002859420375966745
well:0.02474805750225507
now:0.04858571758465424
in:0.005225873585132073
or:0.009916344966221843
and:0.008422001790238012
for:0.01435362630494444
subject:0.0003926023072355632
offer:0.05169358262929173
back:0.030975834118640258
pay:0.049012383264674754
mere:0.07809560160834966
interest:0.05371742642158655
thank:0.05338962215837521
got:0.03253167384750844
eric:0.058647477651744204
is:0.003951068042509763
number:0.036798012476437617
el:0.08943971010040397
eating:0.07351343111856533
delivery:0.08227360530105403
leave:0.05195856065138995
s:0.009124062953764975
