pc:0.12818623315376473
inexpensive:0.21052509807900047
out:0.04531450381078692
k:0.14571773293275628
fax:0.2352802569141069
sell:0.1338489345761757
to:0.005300766000349349
you:0.021376884208027764
am:0.06285909064236021
card:0.23545448819340323
modem:0.32795158281037
have:0.019663485121063574
if:0.02577501614474651
looking:0.09976482097717862
please:0.07366982141943287
one:0.0378196502990624
for:0.025026835608621078
subject:0.001026806034308396
i:0.007342257970976728
an:0.03453454379083603
wanted:0.11712153805946549
e-mail:0.10575752987124103
