expensive:0.06639486547765393
11:0.0633477809445887
all:0.015640456240103136
4:0.08145145915339932
upgraded:0.09125302104106521
to:0.002259342885394805
then:0.026161972947144316
memory:0.11087318774319067
110:0.09479766216351827
nt:0.011706205765941615
need:0.031495114614708795
so:0.01675099339975279
reply:0.05887207408778925
these:0.05431593354422763
working:0.05194326247060012
more:0.041685869699040194
a:0.002289351025977697
buyer:0.0921900442187693
are:0.03161859253776519
no:0.018454848134139508
27:0.07242869483671525
meg:0.15264638021902552
forsale:0.08445495934904737
have:0.008381157592584473
systems:0.049187165906272305
simms:0.08220961746260216
if:0.010986072455137857
they:0.01529376433619252
good:0.026557538546877035
in:0.002912781998270336
5:0.04260447355602759
or:0.011054286191853857
total:0.060016647472203304
few:0.03746930329354568
wpi.wpi.edu:0.19255109799898068
for:0.02133435166636551
subject:0.0004376550310166934
i:0.009388461012068602
pay:0.054636755114719396
do:0.011775703588631094
note:0.04855228030948357
interested:0.04716518385926098
sale:0.10409416898700426
1:0.032106949047946046
16:0.057163815439756425
e-mail:0.045076979945119125
condition:0.062263853909590515
