out:0.02454535623084291
with:0.012183903683115569
obo:0.12235017685351897
sound:0.0718996518568423
line:0.058829244766791425
100:0.07038566872564732
asking:0.07469651697163321
harry:0.10871099144243253
contact:0.07250150622876182
two:0.07769955969388798
chen:0.11685403954007861
used:0.0411346564236847
a:0.002909383595513323
owner:0.09337100493357516
fine:0.06748242870667834
also:0.030906190243324298
plus:0.07449791362457647
works:0.06198179153230708
it:0.007142821452916082
forsale:0.10732817750608104
neat:0.1091235461777696
tube:0.22217670400017425
stage:0.20796125577505897
if:0.01396146707840436
supply:0.08412427986676133
shipping:0.08548557271545415
using:0.045925428721769176
good:0.03375020523665623
one:0.020485643911992132
in:0.014806641824540872
clean:0.09045504566617303
and:0.007954112801891455
for:0.006778101310668208
subject:0.0005561866019170479
power:0.056288651670219625
pure:0.10515228868592275
interested:0.05993908782114416
is:0.005597346393555498
sale:0.06614316987715894
s:0.025851511702334094
