thu:0.044976005220913017
markets:0.044976005220913017
mark:0.045856854416674656
among:0.0262939348701208
funny:0.03435699351569635
4:0.01896388934487541
from:0.012924767243208787
tm:0.03508455214015684
to:0.0031561812826507575
mercury:0.042706909621921176
then:0.012182292746380177
garage:0.041979350997460675
100:0.025790168693366956
control:0.023279650915580333
russia:0.03911909565821327
really:0.014896150711381112
nt:0.010901962621716619
me:0.008271669316065227
need:0.01466566405723081
re:0.005709015309590389
93:0.0279466831740794
path:0.033862050618785604
posts:0.030710057039455507
apr:0.02845197158044274
these:0.012646076130526278
etc:0.03545532805279749
crisis:0.04339097190199512
economy:0.03961175612491228
a:0.00213206736770442
as:0.006107741681045942
red:0.02757724393085917
video:0.02668481826614521
organization:0.02925063532913642
are:0.009815440940476726
it:0.010468868083663265
have:0.0039026764362416247
try:0.01859839444536941
date:0.02731144419681926
strike:0.04021671316044008
tons:0.044275184234247957
robert:0.04878491647263669
references:0.03152189005352415
sets:0.0363015577655622
love:0.024978759085354567
be:0.004415734787308941
which:0.009861773530668074
minimum:0.037415709770318537
union:0.03878569822689524
writes:0.005047804511584445
of:0.005937117116511103
what:0.007026275595394131
iron:0.0824496052829117
never:0.016823963594365346
central:0.034964963462718684
lines:0.026970855910645162
order:0.021406998939942686
they:0.0142430477024083
up:0.010255422674445683
now:0.01261003357158965
in:0.005425334408992076
government:0.020546678920735095
message-id:0.04315607374423364
system:0.017062765872080343
industries:0.04542961911763669
rather:0.019644913381014224
and:0.004371726120123548
for:0.002483579106199038
subject:0.00040758712812241676
i:0.0029144840800823654
cameras:0.04339097190199512
the:0.0028769198854544007
do:0.005483342892416004
imagine:0.030059072934858492
an:0.006854184263830051
cars:0.029176160711232874
jim:0.051699706060288085
just:0.008964798194396075
people:0.011490634657046698
15:0.025510005587638503
is:0.004101872166269678
done:0.020218805736035864
steel:0.08124140191560293
ad:0.033050928674473665
does:0.009301441330820802
their:0.011554836783066518
every:0.018566019289598442
under:0.01852918646645526
article:0.0061857471779893205
very:0.013307194593766773
metal:0.07656162847662186
teach:0.03752554746079258
sales:0.03694010760744713
cup.portal.com:0.20567759947585973
newsgroups:0.03271963618947706
