choice:0.05467192281910932
with:0.008475759083906484
sell:0.05043583042000823
to:0.001997390087088161
ii:0.05320869282768287
basic:0.05535728709507246
software:0.04080849113740952
make:0.02550841280216962
that:0.005027603267166331
13:0.0570686747024125
cco.caltech.edu:0.06522849493559743
consider:0.04667194316769845
need:0.027843507123148353
anything:0.03364117609158556
balance:0.07267806761186568
tools:0.06448511385751697
contact:0.05043583042000823
communications:0.06114612893237239
a:0.0040478380459315795
other:0.019989970838143634
3.5:0.06956051138553314
drive:0.040924692011680995
stuff:0.042368355835849594
plus:0.10364927112984552
meg:0.06747412458956925
have:0.00740942917605294
tom:0.05501055396340225
baud:0.07861246079310776
worthless:0.07988937771354641
list:0.042197515897414196
applications:0.05652610184629467
if:0.00971232492410738
of:0.008453938502858202
monitor:0.05430834550853345
excellent:0.05645022338174474
boxes:0.07145573212731857
in:0.0025750681433984127
system:0.03239452651076123
and:0.00553329586218536
subject:0.00038691241872490284
offer:0.05094440027234548
i:0.00829994379327804
games:0.048258989733459795
the:0.002184791333301603
original:0.04472707265613739
rgb:0.07809787110532646
an:0.013013016500894736
apple:0.16492899770822067
here:0.02609276674816516
interested:0.04169675674514377
is:0.003893806186821216
disk:0.050738825852172195
1:0.028384404230792876
condition:0.05504485635485538
comes:0.043828642568775535
documentation:0.06488586068839393
everything:0.044777717158308014
s:0.017983660314667197
