408:0.10751815151056428
at:0.01797887780519247
post:0.052705669478187354
t:0.05257700112245799
that:0.007079686233356669
afternoon:0.11360069966336689
requested:0.1068965350312845
two:0.03805692719700635
a:0.005700016840189367
red:0.07372691744780716
following:0.11172711318529638
obtained:0.09782131418921419
perry:0.09931360530817261
being:0.039710284284186693
west:0.0832226387701263
netcom.com:0.06569459540247222
g:0.07214289716350004
were:0.031659250968822425
of:0.007936350431254638
san:0.08240745782866415
one:0.020067569546441275
in:0.010878349095581049
offers:0.09224674333433927
and:0.0038958919845998963
subject:0.0005448358549391489
i:0.0038958919845998963
the:0.010767900142700756
jose:0.0930591157914907
when:0.02668723352742318
friend:0.14176324162011453
during:0.05976264305719327
is:0.005483114834503345
sale:0.06479330926742101
spring:0.09717747015380754
by:0.020212968873819716
incident:0.09808464898178373
s:0.012661964915428944
