mb:0.13833290131183382
tower:0.16664530244446513
keyboard:0.13772069805978776
cleveland.freenet.edu:0.12977026580319714
bus:0.24527531222761584
ide:0.13726952798421957
chen:0.16996951205829616
card:0.09275479837921945
hard:0.0819464667447124
controller:0.1276329885060505
ram:0.11787445661312874
local:0.18523536072217892
drive:0.08556981056987845
video:0.10593064220803099
svga:0.31449333650687933
14:0.11314705514414145
monitor:0.11355381333602449
david:0.1512997114754239
floppy:0.13348548768478297
or:0.02043368053645713
subject:0.0008089986936975241
1mb:0.17972961809372384
4mb:0.17575906468746919
64k:0.18225633351611933
130:0.1632955486747735
cache:0.1470505398709787
1.2:0.16225648584208768
motherboard:0.13682497677974098
vesa:0.15996218821373326
