watts:0.1570401572359613
send:0.08148186446878396
to:0.0038283310002523076
band:0.13842466661553782
80:0.11101837854064746
mail:0.08511987513432932
channels:0.15275819390742634
asking:0.09959535596217761
me:0.030099685566792905
two:0.10359941292518396
you:0.01543886081690894
used:0.05484620856491293
am:0.045398232130593484
amp:0.15101058764602165
input:0.11853198053818656
a:0.003879178127351097
old:0.07355314117617566
dual:0.1542400267047956
prices:0.12117948553275115
are:0.01785864948892293
model:0.10163754198843193
forsale:0.1431042366747747
if:0.018615289437872478
distortion:0.16959529956215733
years:0.061938206193899815
subject:0.0007415821358893971
i:0.005302741867927637
handles:0.1542400267047956
maybe:0.07355314117617566
amplifier:0.163662685664989
guitar:0.3378833492681928
interested:0.07991878376152554
150:0.1309222690999433
three:0.08106911129090201
