some:0.011559771040924299
cleaning:0.10717393274609345
go:0.01926170546330819
lens:0.18592816229895812
case:0.024471397102047085
where:0.018291651467661006
gld:0.23111949375400245
with:0.005790370067223241
owned:0.04989187482958195
longer:0.033606049587863125
cunixb.cc.columbia.edu:0.05236854961307418
my:0.00940806199336932
to:0.0013645536238523078
cash:0.050306202650725516
equivalent:0.04672412300116608
me:0.0107286007960846
contact:0.06891232275209044
best:0.024110654257043902
these:0.016402336367316264
on:0.005019889358804851
you:0.01650888087352639
used:0.01954914364689966
timer:0.05760147239391964
dare:0.09962209994353693
a:0.00414803205696949
hard:0.026774588144311974
old:0.02621696121131014
gary:0.0840530384855972
worth:0.034803600186057805
let:0.02282314596784975
course:0.024219324751485336
solution:0.03851343631914107
button:0.04708419868602622
cover:0.03885353018067214
cd:0.04419012919782746
l:0.06544476393571015
no:0.022291994775891284
those:0.018375402517698616
it:0.006789216430494494
couple:0.031247443511430877
ve:0.018070630683439944
je:0.05497664318190735
if:0.006635152670924844
of:0.0077006172501282635
year:0.024502581348610414
one:0.029207254686404626
in:0.003518409938504762
or:0.020029053199101542
and:0.0056702586310513345
pop:0.052264873376764324
subject:0.0002643263058615673
winnipeg:0.05166462959640358
offer:0.034803600186057805
the:0.0029851604356002097
maybe:0.02621696121131014
needs:0.033161847155142046
press:0.03551832040364026
unit:0.08495328351682012
switched:0.053947042057906874
dust:0.0534697935250566
cook:0.05312637215883986
tapes:0.05166462959640358
filled:0.04941653602575659
domi:0.05796154807877979
little:0.023221175266321427
understand:0.02966492339540251
soft:0.10580773727110432
jets:0.05119080760454581
s:0.012285866947643928
