24:0.0362681559293907
typical:0.044144607324078655
roughly:0.050138385241678254
rick:0.09530024715106135
corner:0.048529286929819095
with:0.011580740134446483
modern:0.040658694109325155
from:0.00838190350920966
post:0.025570077271595847
to:0.0027291072477046156
northern:0.05166462959640358
that:0.0068693985234549865
counter:0.0534697935250566
smooth:0.05444846515512227
balance:0.04965135312097754
two:0.018463261709438728
on:0.015059668076414552
you:0.005502960291175464
machine:0.09661780260369346
working:0.03137167337333274
m:0.013552620912040318
includes:0.03730449872705296
a:0.00414803205696949
enable:0.05511321072777206
arms:0.04013010130320574
popular:0.041880913823098644
dual:0.05497664318190735
cheap:0.036794368499077704
model:0.03622724268894604
it:0.023762257506730732
not:0.005969406025504603
real:0.025322711425725224
has:0.010542321523629218
edge:0.04666536324354416
without:0.02224960876042074
of:0.0038503086250641317
parts:0.036125693182340206
excellent:0.03856500409247908
well:0.01666205851636975
in:0.001759204969252381
office:0.03614591993115011
or:0.013352702132734363
and:0.0037801724207008895
for:0.012885103481666297
known:0.03224681928382533
subject:0.0002643263058615673
each:0.025208013835253618
table:0.08970087967285635
offer:0.034803600186057805
grey:0.05432070867159843
i:0.0018900862103504448
period:0.07506952937815081
rochester:0.11078426060339948
person:0.02777420236706783
precision:0.06044980974492737
the:0.0029851604356002097
older:0.04374406321821416
ltd:0.05335399115116361
measures:0.050221938396587805
solid:0.04460952794871005
right:0.01920666924544851
sale:0.06286875552680454
plastic:0.05039119021202642
metal:0.04965135312097754
construction:0.05176217708593835
handed:0.05627937939763723
built:0.03655938251559162
telecom:0.05796154807877979
s:0.024571733895287856
