pc:0.013225563738086837
all:0.0113579503648368
50:0.027390343564511355
send:0.011640266352683422
media:0.01568038170910818
your:0.03999784832321468
with:0.011603717793443399
super:0.03992790513610012
4:0.01971642463633872
indicated:0.020825319652327156
service:0.01445472709713628
item:0.0772439152396898
added:0.08300829735637721
my:0.003770691513215481
to:0.007109757571897143
receive:0.016993725283752006
thursday:0.02070685551284429
us:0.008174112643591254
ii:0.02913809369135014
t:0.010223305773811277
class:0.015746705046305563
wednesday:0.04157087473438842
this:0.006249790932993083
balance:0.019899947084201314
amount:0.014755623062011222
two:0.007399958066084569
game:0.011793686936152728
on:0.006035819348086785
set:0.010513549937007623
you:0.004411103090545411
edt:0.04603213598957526
used:0.007835172652130419
ages:0.022089024934543563
etc:0.009215571378802521
3:0.01858306305267952
includes:0.014951406235842653
fun:0.016334335932277125
sure:0.0173178096838032
a:0.0022166732156291983
controller:0.016713843732935184
test:0.014190078785633614
senior:0.02103097468353583
shipped:0.022200814128855845
following:0.010862358226348259
alcohol:0.021338064618517654
fine:0.012853795944129207
21:0.03219208746947877
plus:0.014190078785633614
experiments:0.022200814128855845
mind:0.012022443662738639
accomplished:0.02255641793318
manual:0.031187280927640972
works:0.011806055529963253
book:0.012340073455093942
have:0.0020287722743954476
tube:0.02115968609525469
money:0.012302459391782261
chemicals:0.02395411870139172
lamp:0.023866900817587054
has:0.004225295531295837
25:0.01459397836622862
highest:0.05618019551330684
be:0.022954811791169497
leds:0.026286605466876316
if:0.0053186541251064225
of:0.0023147688757826027
safe:0.01647913074681338
fact:0.00951693305011444
continuous:0.02378155873337688
order:0.011128241512430524
fire:0.028547568547932303
shipping:0.1302637298521206
please:0.0076008545908938675
find:0.008398598165370596
up:0.0053311919458427955
david:0.01981305745511503
over:0.007960082351267292
box:0.02514713500560799
repeated:0.02055421154130542
one:0.0039020274118080254
email:0.032665460225808816
in:0.0028203127284839756
5:0.01031298764649874
battle:0.09548933494302773
and:0.003030138210244364
gets:0.013243318819019063
for:0.009037468414224276
subject:0.00010594030512705672
each:0.010103211894288155
i:0.000757534552561091
blinking:0.025697637192597454
informed:0.020265483944946577
allow:0.013913788378470604
will:0.03597794745724712
the:0.0029910833729724323
when:0.005189184296998952
original:0.024493396930741897
ibm:0.0156367740838082
auto:0.018750422976604276
an:0.003563087851435463
10:0.011469729198000652
address:0.025339852015346116
different:0.010028638484171617
arrive:0.023536021417035265
eye:0.036435134718050814
is:0.0010661612178200948
ethernet:0.02070685551284429
morning:0.017024368323807205
items:0.0367747162672985
keep:0.010513549937007623
2:0.03092713574754617
sale:0.012598699024220752
1993:0.024044887325477278
1:0.01554384041210086
automatically:0.018703181299991902
paper:0.015304160306494424
slow:0.016295746448578733
first:0.007450614402345401
pm:0.041259599233171906
plastic:0.02019646909291535
little:0.009306899610708191
players:0.014729658385070999
april:0.027001221126096125
built-in:0.0224343081765659
needed:0.013237391627523892
by:0.01572119801297089
clue:0.020128634039902255
motion:0.020300446761145605
include:0.026678756136861916
