freedoms:0.07855081319993225
mb:0.05778462966190526
your:0.015948509141534967
sell:0.04405154808836161
amendment:0.05784937777161122
that:0.004391197790309833
cleveland.freenet.edu:0.0542078325507026
r:0.03924328818644468
me:0.01371631241018411
best:0.0308250136703979
these:0.020970075608847373
you:0.007035430245680024
guarantee:0.06250412182383042
m:0.01732676850779838
40:0.04841148339271897
drive:0.07148870250141744
are:0.008138118754445893
digital:0.05227047591154004
not:0.007631772260455251
have:0.0064715267487044665
drives:0.051228387996907106
45:0.05709343809184384
money:0.03924328818644468
goverment:0.0792352084058851
101:0.07341834347704408
without:0.02844570233927209
aaron:0.06399504632580996
1/4:0.07063823449974325
guns:0.05107541661443784
stereo:0.06532872373920016
were:0.019636750600915177
2nd:0.05527388418467749
order:0.03549768178648724
in:0.0022491101505631703
floppy:0.05575976067845364
fear:0.05450336880382907
5:0.03289712515085674
or:0.008535588072190953
offers:0.05721633447319778
and:0.002416439332220189
for:0.016473360147446783
subject:0.00033793616319010504
each:0.03222796705519766
i:0.004832878664440378
we:0.01706004943941734
will:0.014345637277256764
cost:0.08407614188230078
the:0.00572470640498015
hello:0.04897836443863002
ibm:0.04987932998885654
thank:0.04595562413632297
can:0.010943873321996372
radio:0.0454094982375654
sony:0.12863104981577916
1.2:0.06777802573150497
disk:0.04431618966835293
items:0.05865334493265331
65:0.06195367736889702
2:0.024663412051840618
sale:0.08037651023047163
1:0.04958288333986604
terms:0.04872327816727169
ups:0.07533265954949882
by:0.01253715790907805
96:0.07175586243829614
