land:0.09468172251399372
out:0.0280518356923919
ca:0.04896544276410288
work:0.04821601104738818
single:0.0774149207264851
cobra:0.3067572867075656
band:0.11864971424188954
liberty:0.11864971424188954
nt:0.01700187027910568
best:0.057980382856224616
cal:0.12775627590578156
price:0.07452724290104673
146:0.1541858231555847
it:0.008163224517618379
forsale:0.12266077429266403
have:0.012172633646372687
of:0.0046295377515652054
again:0.11627948276704847
well:0.04006828357507963
75:0.11111787309398102
david:0.05943917236534509
speed:0.07996345635442335
or:0.016055034707216316
and:0.00909041463073309
for:0.007746401497906523
subject:0.0006356418307623404
offer:0.08369437187599614
i:0.00909041463073309
the:0.005383950071350378
did:0.03914073912959441
last:0.0519086321918928
deal:0.07848369028001212
sale:0.0755921941453245
records:0.11739155992345192
dave:0.08348273027082362
side:0.07667533520407602
