tv:0.1495524101151972
sleep:0.06477788785122247
cable:0.05681115083406906
louis:0.3100790583946026
technology:0.04431141691864398
tel:0.05349273788550495
all:0.012553524087451199
response:0.04620524411351765
from:0.011139108610923362
to:0.0018134199474879353
sound:0.045410306435900404
recall:0.05145862125096082
w:0.08143002250077247
channels:0.07235914448246511
reply:0.04725258578098874
best:0.03204179052580834
firm:0.06878920902210228
you:0.007313144597483182
includes:0.049575715413583535
a:0.0018375054287452564
price:0.04118610791899951
jack:0.056246788141578095
processing:0.062410973351274136
video:0.045996199906118716
features:0.11383282910674539
college:0.054204148691692794
square:0.06674231286914957
area:0.04221667164025456
color:0.14584074105013364
19:0.0539065422629063
screen:0.049188252238237466
fastest:0.0739946407545385
stereo:0.06790748914995806
of:0.0025584287574439294
key:0.04218213646363915
san:0.10626224825275116
please:0.025202833643490193
shut:0.062093900304181236
find:0.027847983390439344
feature:0.06217245513295102
fully:0.055232282958918355
or:0.008872519180303753
use:0.02187867799667563
better:0.029423893043439512
for:0.017123624363793367
20:0.0827587460106742
review:0.05686367742972087
the:0.003967121105205542
less:0.036169283639424704
can:0.01137586832154886
auto:0.06217245513295102
ready:0.05546683274776837
human:0.04218213646363915
audio:0.06526708526229817
efficient:0.06802988905340955
remote:0.05928371477394362
diego:0.13655631716746075
