pc:0.04974391137310273
cable:0.06444249945357088
all:0.014239818367855091
with:0.017457533635508875
my:0.014182302407914944
to:0.0020570136717773593
software:0.0840533101039181
could:0.0225240172436725
need:0.02867465658951099
so:0.015250904438580896
best:0.036345911641215436
programs:0.05273406155663457
you:0.01659101460921558
used:0.02946960460204277
m:0.020430070330090627
includes:0.05623513987212461
a:0.0020843345161886493
manual:0.05865070741616064
month:0.059310499841600875
it:0.005117245219999581
not:0.008998656844417386
forsale:0.07689182866107298
buy:0.04487822574990994
dozens:0.08882507618522995
disks:0.06432404348945542
b:0.0456851992017051
ux4.cso.uiuc.edu:0.08507411456909703
if:0.01000224507109566
of:0.00290209829202595
but:0.009929600332095676
density:0.08350156955927872
shipping:0.06124339537823581
box:0.047291627025471746
in:0.0026519358491714994
or:0.010064350114971423
use:0.024817604891751464
and:0.005698468872996863
for:0.004855953177792149
subject:0.0003984620431644522
offer:0.05246512863868415
i:0.005698468872996863
back:0.03143816000100802
games:0.04969955659117501
ago:0.04270396605021857
20:0.04693779624486
the:0.0033750134775629237
do:0.01072116296875368
around:0.03533126019632292
once:0.04004524171529711
put:0.03712625820219073
bought:0.05467289177415612
7:0.04763475416315382
about:0.0147017340346548
including:0.047462204575078056
is:0.004010039207323342
new:0.02573133678930667
bucks:0.08025660125173804
hundreds:0.07008367053294895
high:0.04175110187524659
included:0.05586240970896968
