library:0.06978514319501966
school:0.06060874126326842
at:0.01468275020757385
k:0.12628870187505542
coprocessor:0.10136500478045783
your:0.02099887036968771
4:0.04140449173631132
sell:0.05800120498300946
to:0.0022969986001513845
80:0.06661102712438847
uxa.cso.uiuc.edu:0.0743100889955324
asking:0.05975721357730657
master:0.07925840112147747
89:0.0788518769027415
this:0.008749707306190317
reply:0.05985327532258574
best:0.04058626799935724
you:0.009263316490145364
ram:0.1296619022744416
3.5:0.0799945880933631
vga:0.07517302682092772
science:0.056360537102788585
fox:0.1889571044208465
scale:0.08065256827625956
ill:0.0930070087579953
are:0.010715189693353758
meg:0.15519048655600928
laptop:0.09988254668018291
not:0.010048500142932747
domain:0.07438671748300955
92:0.0730585814729479
call:0.04428260163331179
univ:0.07741005618758678
soon:0.05994989395065784
of:0.009722029278286934
hd:0.0743100889955324
must:0.03862434045799162
email:0.09146328863226469
or:0.011238524295051422
1500:0.09348323163206289
and:0.003181645120756582
for:0.005422481048534567
monochrome:0.10136500478045783
subject:0.0004449492815336383
offer:0.0585860603131973
grey:0.09143985959719068
386:0.07865227371862957
information:0.04064702140806275
64:0.08439961515682506
address:0.05321368923222684
graduate:0.09165491634445581
sale:0.10582907180345431
