at:0.009575706657113381
posting:0.035860745184306965
with:0.006356819312929862
4:0.02700292939324651
francis:0.06006100314113828
such:0.04180472181451736
work:0.02201165721728591
cunixb.cc.columbia.edu:0.0574915599013097
single:0.03534159424469972
to:0.004494127695948361
connector:0.05726510243497446
ii:0.03990651962076215
family:0.042831163794778984
laserwriter:0.06774111402040009
phase:0.1192693820832922
package:0.042252859054958715
contact:0.07565374563001234
brand:0.048973503508909944
support:0.05954252846811969
m:0.014878420783870349
a:0.004553817801673027
as:0.017393786091674312
mac:0.037296544943599304
cheap:0.08078763518275756
networks:0.1100864545523805
after:0.020969713996358167
device:0.04363211722729158
network:0.03992923554379975
personal:0.03645538555647517
without:0.02442620092176625
printers:0.18435148892917197
modems:0.05772283597138888
of:0.0021134846257145506
never:0.02395586120502022
shipping:0.044601168373280424
in:0.003862602215097619
protocols:0.06561345557337732
or:0.007329472366337884
world:0.027404898790572573
and:0.00414997189663902
still:0.022192490024234207
for:0.0035364006838268913
subject:0.00029018431404367716
300:0.04521218081719947
i:0.00207498594831951
6:0.03193858296259994
directly:0.07896739838035609
any:0.011122687677052252
will:0.012318536357644395
connect:0.04995735141696247
original:0.03354530449210304
ibm:0.042831163794778984
devices:0.04613780916872454
can:0.018794912879080725
page:0.04570375796942703
forward:0.04701790767452527
friend:0.03775216760535659
ethernet:0.056718778143877845
maximum:0.053199353392857224
new:0.05621737711576783
opened:0.055320763167550746
printer:0.14171517969221187
lee:0.046382079341029524
2:0.021178364696689225
1:0.021288303173094658
workstations:0.05895934559483081
hewlett-packard:0.13122691114675464
pm:0.05650771199325718
e-mail:0.029887997572307243
leave:0.03840415352494039
