stephen:0.05577615451220572
thanks:0.02730666636871456
with:0.01602266785724787
eos.ncsu.edu:0.07969518783268333
to:0.005663832164756839
like:0.015953959774091413
nt:0.009781897968800527
me:0.029687361106973825
these:0.022693643467108802
on:0.013890652746281915
you:0.015227369572841693
specs:0.06638202916105367
used:0.02704744531968309
am:0.02238816926988172
roger:0.12092478831689292
a:0.005739058051423541
want:0.025925999557701116
price:0.08575737539298528
as:0.010960467948178334
part:0.03355098784127777
mac:0.04700386486042652
d:0.02495677016954843
have:0.014006866113634324
centris:0.06914123091677112
suitable:0.07044684981820022
machines:0.05405406212170263
color:0.05061139872059433
14:0.05114866876378996
soon:0.04927388543889685
if:0.009180142736485057
of:0.002663569665284091
monitor:0.1539976372639236
macintosh:0.0643233688453093
well:0.02305298507059376
please:0.026238566532948693
one:0.040410037305847496
email:0.03758765286257453
610:0.07644411678739339
use:0.02277780174996367
and:0.005230101568366984
for:0.008913667477043122
subject:0.000365711738246826
i:0.002615050784183492
pay:0.04565537071229977
will:0.015524730752099786
the:0.0010325383698480178
do:0.019679942983739634
when:0.01791334853210597
just:0.016087514568025835
purchasing:0.07644411678739339
new:0.023616432395665025
wanted:0.08342904080948225
planning:0.06347416780383029
full:0.04232414361538703
