your:0.12599322221812626
way:0.17323728195465435
from:0.08465722544301757
its:0.20678245560341701
on:0.05070088252392899
monitor:0.7494551680177617
is:0.02686726268906639
mike:0.6390824057915407
