at:0.022024125311360776
graphics:0.08796853600349305
with:0.014620684419738683
microsoft:0.10649010234348336
name:0.06905581264575628
to:0.006890995800454155
software:0.21118394163609425
packages:0.24726303012850606
paradox:0.16022782995089718
lotus:0.1538555237101774
phone:0.07343367815523923
off:0.054586436198908767
etc:0.058058099686455894
brand:0.22527811614098578
price:0.07825360504609907
immediately:0.10556748842009707
buy:0.07517102813109916
list:0.0727907149230395
looking:0.0648471336351661
windows:0.06868017953558754
email:0.06859746647419852
and:0.004772467681134873
for:0.0162674431456037
subject:0.0006674239223004575
harvard:0.14058981743362317
wam.umd.edu:0.27628061444923613
people:0.03763182850182794
address:0.07982053384834027
including:0.07949919266325575
new:0.08619997824417736
sale:0.07937180385259074
e-mail:0.06874239441630667
