coprocessor:0.13822500651880615
software:0.06399513382911946
12:0.08075874617300081
file:0.06905649732860021
math:0.22182980783005116
on:0.011522927846347498
am:0.037144008106849216
evolution:0.12247166150608012
a:0.012695492053149047
also:0.03371584390180833
250:0.10386592827175652
files:0.07521162646790203
should:0.03733663959621545
have:0.01161933211699211
massive:0.11343341224094126
edge:0.1071182201726809
be:0.013146846753124348
of:0.004419104217403151
looking:0.05895193966833282
over:0.045589562557258136
system:0.05080050748278466
or:0.030650520804685697
for:0.022182877016732317
subject:0.0006067490202731432
i:0.00867721396569977
the:0.0017130750227023932
collection:0.10937869275292268
jim:0.07696206243065613
trade:0.09588824764394761
1st:0.10229013978536869
sale:0.07215618532053704
hst:0.12169236438156576
cutting:0.12169236438156576
online:0.23018076860952288
james:0.07862713108265972
