ability:0.05490807760901955
effects:0.02946463600933292
music:0.031552455066377286
all:0.0065347111688102135
dos:0.024175016138657107
split:0.03265703141977538
microsoft:0.02917537050506393
simulation:0.04062381778830744
6.0:0.03652219791783686
to:0.0028319160823784195
ega:0.0861335937127619
sound:0.023638241706359114
line:0.019341121567164304
5.0:0.03474257382229704
player:0.026625089267508232
earl:0.03937504000204747
ii:0.025146574007603544
software:0.038572409431250086
ms-dos:0.03547713224937648
make:0.012055345776367833
nt:0.0048909489844002636
me:0.007421840276743456
need:0.01315891774998107
this:0.0035957701258316366
hi:0.02158230589050962
game:0.10178113383255094
soviet:0.030321917810387757
on:0.0034726631865704786
you:0.0038068423932104234
missions:0.03683008413607157
m:0.009375443233671727
board:0.024597236433939344
dd:0.1747223150608577
a:0.0019130193504745137
following:0.01874872789753261
baseball:0.051332545754641204
3.5:0.1643724412877324
popular:0.028972412987212072
third:0.02501907531964305
computer:0.01836097880250216
prices:0.05975974629012386
are:0.004403502613707024
those:0.01271175105676411
play:0.06579284039959811
not:0.004129520606684691
forsale:0.03528597616638281
have:0.010505149585225743
mlb:0.040762192495961684
buy:0.020594802227698397
university:0.01609821987396338
attack:0.02704587375517933
has:0.00729297584853802
willing:0.024492464753285415
be:0.003962063405051173
stats:0.06362470371582475
of:0.0039953544979261365
5.25:0.11679898601016495
hd:0.030538392737890028
version:0.021373086353873867
shipping:0.056209691648517794
who:0.008856526535848275
up:0.009201783358577976
programmer:0.03491896078190262
good:0.05547978943011983
in:0.0012169842595513047
1990:0.029253057331118274
5:0.05340149767639074
and:0.005230101568366984
for:0.006685250607782342
subject:0.000182855869123413
costs:0.028193511335163256
i:0.003922576176275238
league:0.026642856631734577
pretty:0.01971246614328511
will:0.007762365376049893
shoot:0.031926827754992795
em:0.032571945666360604
the:0.0030976151095440533
do:0.009839971491869817
drop:0.029655285317507194
10:0.03959413366981047
15:0.045778229205214294
is:0.0018402234718538622
levels:0.03140825363351542
edit:0.03630003849487006
type:0.06658587349996636
2:0.013345270904763073
sale:0.021745699685641297
various:0.02441492450928211
nice:0.021642051073662724
weaver:0.04459517734483444
north:0.0274942108555536
include:0.023024132008524666
1991:0.02973864515052264
