terminal:1.5913987334336004
nyx.cs.du.edu:1.5671456153394576
subject:0.008898985630672766
