another:0.04525521082425671
among:0.07029602995889439
4:0.05069937763629957
sell:0.07102188365266464
to:0.008437954041372434
young:0.07661337810355483
that:0.007079686233356669
on:0.010347118882434487
red:0.07372691744780716
others:0.055027106593232566
cd:0.27325732952942283
it:0.02798819834612016
have:0.01043368598260516
has:0.02173009130380716
willing:0.07297754804040144
highest:0.09630890659424028
be:0.02361066355663148
of:0.003968175215627319
miles:0.0819215262226699
called:0.054739887670545585
rodney:0.12274406134759057
in:0.003626116365193683
or:0.013761458320471128
and:0.0038958919845998963
for:0.006639772712491305
subject:0.0005448358549391489
i:0.011687675953799688
joseph:0.08335099242130105
the:0.0015382714489572508
original:0.0629830206790506
would:0.03806733249405616
an:0.01832445180738238
interested:0.05871584113091673
trade:0.08610373257823865
else:0.051562290313021564
iii:0.09434172607025934
charlie:0.11196717501696818
davis:0.10107655661835263
