tv:0.14571773293275628
some:0.022452632214102965
24:0.0704439182474704
at:0.016941634854892907
11:0.07431181995422906
help:0.041155629231573024
fax:0.058820064228526724
from:0.016280235662118763
both:0.04318661696746612
to:0.010601532000698698
us:0.03961300742663454
american:0.062058369565158
products:0.15577256900526498
more:0.024450365881167807
want:0.0363961147636958
usa:0.07008887857747548
manufacturers:0.09706365109469793
are:0.024727360830816367
z:0.09598211805002722
color:0.07105061743468051
sets:0.09145200129401247
if:0.012887508072373256
looking:0.04988241048858931
please:0.03683491070971644
who:0.049732802855148014
good:0.031154035603067294
ho:0.11257916069147614
or:0.02593505606550328
and:0.003671128985488364
for:0.012513417804310539
subject:0.000513403017154198
we:0.05183630406592193
information:0.04690040931699548
can:0.016626269085340643
chinese:0.10626177478816774
countries:0.08106690940058454
mr:0.06494145535160412
interested:0.055328388757979234
their:0.029109300357340655
e-mail:0.05287876493562051
latin:0.1156626731929219
include:0.06464467833162696
