4:0.14613350024580465
to:0.00810705388288724
months:0.19975261999881294
old:0.31151918615792046
speakers:0.3325556270879181
brian:0.21976926557522228
month:0.23375314643454462
craig:0.2685285731347362
email:0.1614058034687024
offers:0.2658876719636838
for:0.03827633681318517
subject:0.0015704092289422528
sale:0.37351437107101526
1:0.11520728776027697
