louis:0.1309222690999433
way:0.0481214672096262
best:0.06764377999892872
am:0.045398232130593484
leg:0.15540569890199094
21:0.1126723061431757
philadelphia:0.27557213777414785
call:0.07380433605551964
of:0.005401127376826073
san:0.22433141297803022
ticket:0.4219980757841253
one:0.02731419188265618
st:0.10657631230331388
francisco:0.2772816743667453
or:0.037461747650171406
female:0.149687586285209
for:0.009037468414224276
subject:0.0007415821358893971
offer:0.09764343385532882
home:0.08137119588503745
return:0.20502042821205158
may:0.0516951535399953
friday:0.13842466661553782
1993:0.08415710563917046
pm:0.14440859731610167
dave:0.09739651864929422
leaves:0.13842466661553782
150:0.1309222690999433
e-mail:0.07638043824034073
