24:0.03815712238404646
all:0.0298146197076966
thanks:0.020764444217876696
your:0.013124293981054818
with:0.006091951841557784
beautiful:0.05347468959592394
o:0.03646853108124876
bits:0.04593102498923743
to:0.0014356241250946154
80:0.0416318919527428
pin:0.050763407322344085
memory:0.03522533568924287
provide:0.03517662164878556
complete:0.03857516510723727
panasonic:0.06579937372817574
ide:0.09437280048915095
simm:0.0582771370882466
best:0.05073283499919654
internal:0.04127674391792013
pieces:0.053015731368902794
on:0.005281341929575936
card:0.06376892388571337
modem:0.0444101101722376
3:0.04878054051328374
hard:0.028169097943494887
controller:0.04387383979895486
ram:0.040519344460763
standard:0.03170879729648163
drive:0.029414622383395712
vga:0.09396628352615966
stuff:0.030452255757016895
output:0.04257664780139709
are:0.0066969935583460986
meg:0.09699405409750579
neat:0.0545617730888848
baud:0.056502706195046194
color:0.03848575111045194
references:0.04301424580220482
willing:0.037248956812288236
floppies:0.05857909059734298
svga:0.05405354221211989
if:0.00698073353920218
of:0.0020254227663097776
monitor:0.039034123334258417
supply:0.04206213993338066
230:0.06060154908110295
megs:0.056886185081741154
net:0.034532734217692526
in:0.001850830228067609
cpu:0.046588149733264264
fully:0.04372555734247703
installed:0.04172260370161555
system:0.023283565929609635
offers:0.04708427524356901
and:0.0059655846014185915
for:0.010167151966002312
subject:0.0002780933009585239
offer:0.03661628769574831
power:0.028144325835109812
em:0.04953650070092342
clone:0.055775667008217636
watt:0.06287956159115327
ibm:0.041046531969996525
1.2:0.055775667008217636
new:0.01795832880087028
time:0.016453228853163682
items:0.09653363020165857
printer:0.045270126846123235
2:0.040591865668654345
sale:0.06614316987715894
1:0.04080258108176476
serial:0.04311789508192533
2400:0.05798369045317685
wide:0.04481080059752715
condition:0.0791269810101046
lots:0.03800723970225375
ports:0.05128249454888446
needed:0.03474815302225022
plenty:0.048555383877384874
