xt:0.07205228991279848
week:0.0485611099212054
all:0.026875150159050457
50:0.04860821533983706
case:0.03481142404657402
otherwise:0.050047673684676566
100:0.04758467744832495
16-bit:0.08411125903680482
rahul.net:0.08982203520734235
30:0.04821275316019564
ide:0.0638013299081584
two:0.026264639896525513
used:0.027809345187843178
them:0.02064590382439776
working:0.044627310009952216
specified:0.07377366502159073
a:0.005900721658505894
other:0.019426873068055083
sb:0.08194012270120962
drive:0.15908753514399937
scsi:0.059577074593422014
computer:0.037756378945990356
prices:0.06144311942505693
are:0.018110179763414804
esdi:0.1796440704146847
not:0.008491690261633308
have:0.007200712861234548
225:0.08382084654099164
maxtor:0.16438780893770596
svga:0.07308647961075365
of:0.0027385997967005445
kit:0.07268970669572976
parts:0.05139007058332903
warranty:0.07230380565082674
shipping:0.057793063244250695
toshiba:0.08633138501150317
one:0.013849449405290457
in:0.0025025310125984575
and:0.005377428373109717
for:0.018329513403497127
subject:0.0003760134773523704
175:0.08298389695689586
450:0.08325739112389728
carl:0.13688714875528724
developers:0.08194012270120962
17:0.055384559978598674
motherboard:0.06359470751734439
items:0.06526217253069876
sale:0.08943301842545436
unless:0.043352977827330864
wanted:0.08577915463510148
mfm:0.08599198287658683
full:0.04351637301300357
condition:0.05349429702091579
included:0.052715231697196746
