sent:0.032836451324014394
24:0.0654122098012225
at:0.023597277119315117
out:0.010519438384646963
mark:0.05363614221950339
reserve:0.04722520991893296
hours:0.06993168529554682
service:0.03252313596855663
my:0.008484055904734833
to:0.006152674821834066
receive:0.038235881888442014
within:0.05779375386290745
otherwise:0.03172665028225032
then:0.014248931694426814
day:0.022708062819311356
100:0.030165286596705993
mail:0.027359959864605855
that:0.0030973627270935427
need:0.01715358920979675
re:0.003338754489090808
phone:0.07867894088061345
you:0.01984996390745435
them:0.0261760566345043
working:0.05658105376261798
a:0.0024937573675828484
payment:0.05430268113238813
as:0.007143876430509092
it:0.0030612091941068925
expense:0.09867164801758432
only:0.011906573555975773
whether:0.025513023079302005
hope:0.025789835157500402
after:0.017225122211294207
robert:0.028530464544265208
usually:0.029444203055237615
personal:0.029945495278533175
be:0.010329665306026274
writes:0.005904128491228235
if:0.005983485890744726
available:0.02411664131976991
least:0.021496985559879306
subscribe:0.046678391836426546
find:0.03779369174416768
one:0.008779561676568057
in:0.0015864259097722363
u.s:0.03149770000891695
or:0.012041276030412237
and:0.0017044527432624546
for:0.005809801123429892
subject:0.00023836568653587764
offer:0.03138538945349855
i:0.008522263716312274
portable:0.04567600521257761
the:0.004037962553512783
carrier:0.053508507150097986
when:0.011675664668247642
would:0.008327228983074786
can:0.007719339218193869
goods:0.10664106056452038
receiving:0.045442055459059535
return:0.03294971167693686
is:0.0047977254801904266
either:0.022353238456369266
right:0.017320299944556247
sale:0.028347072804496692
cellular:0.1405709076532083
article:0.007235115002826795
takes:0.031927677267675626
before:0.018983877385916465
realize:0.034942064813670876
by:0.008843173882296126
check:0.0590948493676373
s:0.005539609650500163
cup.portal.com:0.09622773404049151
