land:0.021849628272460092
some:0.0064150377754579905
effective:0.02218662326156343
believe:0.01193775758423264
go:0.010689188196671029
out:0.006473500544398132
boeing:0.035395071543180646
there:0.010085483357990631
environmental:0.029119811100280384
with:0.0032133372351074033
much:0.009599982799779843
such:0.010566028590482411
surprised:0.02417957523076505
efficiency:0.033046478055120544
to:0.0030290091430567713
aid:0.027296170765493854
attractive:0.032268178510818195
bizarre:0.032064655040047046
look:0.013028397386131377
then:0.008768573350416501
most:0.010201073977840869
director:0.027171761552583086
family:0.021650917962195974
potential:0.023550946927590632
make:0.009670771886536833
that:0.007624277482076414
quite:0.014594502099502207
like:0.006399115733564139
really:0.010721954632917176
nt:0.007847017051894929
and/or:0.022203197951340497
could:0.024875425637242706
prince:0.030075014011285782
so:0.005614343941675385
this:0.005769037784301308
these:0.009102395456587597
starting:0.021546824081742952
on:0.002785762776040055
set:0.014557222989702865
you:0.006107681202293647
market:0.02148821546743419
economy:0.028511758529469834
a:0.0023019298777687833
price:0.01719859451562617
quick:0.022303710001051077
was:0.00486517106649113
owner:0.024625319982481363
stuff:0.016062728311393527
cheap:0.020418852848389277
ontario:0.026095330778649842
plane:0.02840808553878641
are:0.010597440356064157
taking:0.01871950568215168
d:0.010010133089983712
care:0.01739569747952691
yeah:0.02172649694608875
it:0.0037676420850546372
not:0.006625384709625988
should:0.009026440341942197
fuel:0.053030995227539665
have:0.0028090693030090818
buy:0.016521105083758057
university:0.012913956602190406
real:0.014052713483506856
minds:0.027010146798702353
edward:0.0248356616669375
be:0.012713434222801568
things:0.012278713890880493
if:0.003682145163535216
of:0.0032050645972374506
aircraft:0.15449430487211335
analogy:0.02906166764242029
parts:0.020047774788001984
they:0.005125932002789801
find:0.011628828228974672
up:0.007381650386551564
saudi:0.03354632299031684
bob:0.020241785791368684
in:0.0019525241966427526
our:0.012251513313079086
yes:0.014652999288482908
ought:0.027423462300007778
or:0.007410016018715224
offers:0.0248356616669375
better:0.012286900391765951
and:0.003146681987561455
few:0.012558392862122455
pop:0.02900413302776482
for:0.0035752622298030113
subject:0.00029337315265954173
feasible:0.031406406689428255
i:0.0010488939958538184
sciences:0.02796434182095972
actually:0.013430297401654313
pretty:0.015813297016041904
impossible:0.02261677282930679
program:0.015256227650461952
than:0.007860446605601435
the:0.0033132000439079256
wrong:0.014524297015548686
canada:0.020442898862673885
major:0.01800235149844941
propaganda:0.02791717839408394
maybe:0.01454897297990288
planes:0.03021590648718324
mr:0.018554701529029747
an:0.014800518767501155
btw:0.020614233628809535
about:0.005412176814955339
govt:0.02681459215528091
is:0.007381116123369887
netters:0.02713091002243189
guys:0.021344372030171713
new:0.04736262540888865
does:0.006694993485371018
spare:0.028011913594273536
life:0.015331754688399507
sale:0.01744435249507489
their:0.02495082887772056
unless:0.03382485083231309
too:0.021456240306203262
category:0.0286710307100921
resource:0.027254387252388254
delivery:0.03073958879380041
players:0.02039491161009831
sales:0.026588758772393264
s:0.003408990554153947
