above:0.04254150047075852
some:0.01824276367395866
out:0.018409017173132185
there:0.028680593299285857
know:0.019279298838410966
knowledge:0.05776204913831462
take:0.033214830161495366
camera:0.16216062663635966
mentioned:0.05492443154362247
florida:0.07979534303322715
my:0.014847097833285958
need:0.030018781117144316
re:0.005842820355908915
greatly:0.0609832679656344
anyone:0.052278585926293475
phone:0.045896048847024515
this:0.008202850599553422
numbers:0.05512097501560466
came:0.04716760519496792
3:0.036585405384962806
was:0.01383533022033415
across:0.06029943940365379
others:0.04213012848544369
are:0.020090980675038297
care:0.04946901470740464
instrument:0.0826441173581327
it:0.005357116089687062
have:0.007988290830432076
of:0.009114402448394
parts:0.05701085955338064
manufactured:0.08982431000467081
now:0.025811162466847566
our:0.03484024098406865
for:0.005083575983001156
subject:0.0004171399514377859
i:0.0059655846014185915
appreciated:0.052886908112128796
any:0.04796659060728784
observatory:0.0929887516314126
the:0.003533217234323686
hello:0.06045766860393393
company:0.052595750619239844
questions:0.04725275526946112
does:0.03807777544804766
2:0.030443899251490762
1:0.03060193581132357
1970:0.08931196902306159
corporation:0.07420859690178548
by:0.01547555429401822
while:0.03391160165435191
jamie:0.18662185598791067
