at:0.017273823773616293
know:0.02419362991486866
your:0.024704553376103187
both:0.0440334133785929
dx:0.235017756894548
me:0.042493673741354696
michael:0.05891559218968018
bitnet:0.09569128965217892
you:0.010898019400171016
am:0.0640916218314261
market:0.0766834355896671
state:0.05211202719491404
more:0.024929784820014234
a:0.0027382433840125392
want:0.037109764072787876
let:0.04519877926966323
486:0.09348875661347462
internet:0.05601046947283542
couple:0.06188219205204938
have:0.010024521826424566
university:0.046085100031346145
be:0.01134237759093081
if:0.013140204309086457
of:0.003812560501288993
intel:0.1982591631270191
but:0.013044769063733534
they:0.01829254165701458
one:0.019280606034816128
in:0.006967831446842764
or:0.02644358657659158
and:0.007486223813544899
for:0.012758778937728392
subject:0.000523469742980751
i:0.0037431119067724496
research:0.06053591138307406
the:0.0014779470784099078
development:0.07622084378541573
interested:0.05641325912578274
chips:0.16285258620380283
sale:0.06225239517850254
models:0.08751378527412888
mike:0.06265513782270007
