joystick:0.1351882566867925
all:0.019470772054005943
mb:0.09316297435286766
with:0.023870505175083562
re:0.015262877664415123
on:0.010347118882434487
you:0.022685673037090685
card:0.06246751727580085
board:0.07328972488479886
hard:0.05518843678725529
part:0.0999682494862562
ram:0.07938483812720915
drive:0.05762864793481609
vga:0.18409720854104747
solution:0.07938483812720915
dual:0.11331920329331922
are:0.013120640440841337
no:0.022974402779234893
not:0.012304285889305405
only:0.05443005054160353
color:0.0754006552368038
after:0.039371707911529615
mouse:0.08869249341281286
500:0.17019498511630776
if:0.013676539178845086
of:0.007936350431254638
monitor:0.07647501714466955
floppy:0.08989838966526198
for:0.019919318137473916
subject:0.0005448358549391489
we:0.027504977667632036
1mb:0.12104239585903849
the:0.0030765428979145017
quickly:0.08662609068413588
2:0.03976346024684507
sale:0.06479330926742101
respond:0.08253077036858177
john:0.05472404897105807
