all:0.034073851094510395
1992:0.28185332392030654
h:0.12618507586766128
best:0.08697057428433692
l:0.11803430638404867
model:0.1306768396994125
tom:0.13556172226695554
ex:0.1959425562796943
call:0.09489128921423955
accord:0.4250914360293147
highway:0.1885268646804713
excellent:0.13910947904787097
miles:0.28672534177934467
thomas:0.13157160764389642
or:0.024082552060824474
for:0.011619602246859784
subject:0.0009534627461435106
offer:0.1255415578139942
eng.umd.edu:0.2090755841413128
white:0.12139175520787829
sale:0.11338829121798677
loaded:0.16667680964097153
honda:0.3442299915481969
condition:0.1356462531601793
