pc:0.11297769701687739
at:0.014931610380583576
your:0.04270956685360212
with:0.02973698526048546
correction:0.18346724080263455
my:0.032210652926450895
line:0.0478610804882371
software:0.04772518455052977
phone:0.04978554451202659
error:0.12764264946345757
bus:0.06859394325009595
two:0.031606600553445954
set:0.04490533193433765
communications:0.07150987959887618
europe:0.06971187490758404
modem:0.36130259123176356
old:0.04487988275156481
compatible:0.3818273154931962
features:0.07331605942468347
travel:0.08670699294591004
command:0.06976699415142094
interface:0.07157117858989631
good:0.02745779409083897
and:0.006471142618487964
for:0.016543162520952916
subject:0.0004524907947799711
ibm:0.06678757744270622
compression:0.16496158169832062
bps:0.29581773110775683
trade:0.14301975919775237
connectors:0.09715638200589359
new:0.02922033160819571
v.32bis:0.10052673554394723
e-mail:0.04660501316359774
comes:0.051257226055008674
s:0.010515869167051158
james:0.05863718250232249
