at:0.009082113530458052
out:0.012146155660623298
mark:0.12386078203266764
true:0.026631760743895325
your:0.01298899198125013
service:0.037552486891529305
located:0.0503842612878327
to:0.007104119381911499
london:0.052380685234260586
then:0.03290474947991347
day:0.026219618925390435
that:0.003576336344685328
nt:0.007361634553839572
need:0.019806206097909652
re:0.003855056729671861
phone:0.15140964568090562
you:0.03437931893249826
working:0.06533070125168262
a:0.004319084925298129
was:0.009128465300014285
listen:0.044030374951992454
course:0.0252180597927837
ontario:0.04896237321354918
internet:0.02944880353726398
ip:0.05943879338778674
recognized:0.051535188825386
it:0.0070691841183499375
not:0.006215567098721287
dial:0.12400946404189563
only:0.013747796270817387
whether:0.029458335926616747
able:0.027190363155780092
hope:0.029777953996289127
real:0.02636694694843554
usually:0.033997430331820754
network:0.03787102752607811
be:0.005963518114819292
get:0.013550247167949715
if:0.006908767214055766
of:0.002004542119234419
available:0.02784601884344567
least:0.024821261677386415
subscribe:0.0538966998523688
find:0.021819038532715364
one:0.010137225853356932
in:0.001831749504066912
recording:0.05909511895203837
and:0.0039360558194926785
for:0.006708223977568536
subject:0.00027522635971152884
i:0.0019680279097463393
yet:0.027114110749341894
portable:0.05273930498771848
the:0.003108259835006404
carrier:0.0617830185650616
would:0.009614944805199753
can:0.008913051468430034
address:0.03291568406117124
is:0.00553964179156008
number:0.025796544828842867
sale:0.032730640763954946
cellular:0.16230867687793124
takes:0.03686494694824403
before:0.0219195285280685
realize:0.04034547689825916
packet:0.05767634186053272
by:0.010210674998115114
