materials:0.24895142312760823
all:0.0454318014593472
asking:0.1707348959351616
price:0.14905448580209346
3.5:0.22855596598103745
1.5:0.2539162331430563
disks:0.2052243292282625
manuals:0.23272730213903675
present:0.17259525156330016
dropped:0.2365668133009467
registration:0.2354886001223867
and:0.00909041463073309
still:0.09722424201093081
for:0.015492802995813047
subject:0.0012712836615246807
steven:0.2136435298975724
n:0.174334071228781
ver:0.28851956040965576
sale:0.151184388290649
iv:0.5027383058145901
