silent:0.02863255121748723
pc:0.0362265441521509
large:0.01627192456460639
joystick:0.03600122053072191
reserve:0.02874577995065485
all:0.005185151253512452
send:0.015942103917805556
case:0.01343266906144976
storage:0.027297928461499976
graphics:0.05737078435010416
with:0.006356819312929862
microsoft:0.023150022248583337
4:0.013501464696623255
someone:0.011975315840559891
service:0.019796691459121427
work:0.011005828608642954
simulation:0.032234116288548297
mono:0.03280672778668866
to:0.002996085130632241
5.0:0.027567477054648737
design:0.02045199569252958
otherwise:0.01931187408484802
lock:0.02747613402032058
ii:0.05985977943114322
software:0.0459095525295857
like:0.006329560127764528
charles:0.044741876684063424
game:0.06460889365022798
on:0.008266448237597118
western:0.02223112915051848
support:0.014885632117029923
card:0.06654148579378787
includes:0.02047692593169755
a:0.0007589696336121712
series:0.019496469351998186
buyer:0.030563003789918077
as:0.004348446522918578
following:0.014876708005650878
unlimited:0.03344685298047335
mac:0.018648272471799652
drive:0.015346759504380372
stuff:0.015888133438443596
jack:0.02323236901499965
course:0.01329430326032619
based:0.016417951151633383
computer:0.02913807505614473
no:0.006118183348817988
manual:0.021356507591754146
play:0.01740172952598066
reasonable:0.020316886794054606
works:0.016169163008427936
d:0.019802654591054732
it:0.0018633447268476737
not:0.0032766848292172003
forsale:0.027998655001586357
have:0.0027785359410198523
machines:0.02144536160263202
university:0.012773587508688334
color:0.040159044636993324
against:0.028079139045193983
60:0.022128583040168574
disks:0.09368936769116332
holds:0.02667731776842577
war:0.019221875628114223
has:0.00578681779286169
manuals:0.026561268178911804
5.25:0.09267745629067435
parts:0.019829864192480222
print:0.023893277341601755
excellent:0.042337667536308556
shipping:0.022300584186640212
degrees:0.02747613402032058
over:0.010901851915866075
one:0.005344081020519687
boxes:0.02679589954774446
in:0.0009656505537744048
floppy:0.07182099609126909
po.cwru.edu:0.025912644496126118
or:0.007329472366337884
offers:0.024565708822731656
and:0.00829994379327804
for:0.005304601025740337
subject:0.00014509215702183858
each:0.013837007594351169
station:0.02247820727050085
space:0.0166169171603973
p:0.036588348256862496
costs:0.022370938342031712
i:0.001037492974159755
similar:0.03439954660724675
games:0.054291363450142266
cox:0.10449641083754163
refused:0.02738630085754226
the:0.0012289451249821515
original:0.01677265224605152
ibm:0.021415581897389492
jr:0.050789308776987833
page:0.022851878984713515
apple:0.020616124713527584
pays:0.03161819952057545
middle:0.021832066821416207
is:0.002920354640115912
3.0:0.02512361183392776
new:0.009369562852627971
hardware:0.038583490474723384
disk:0.01902705969456457
items:0.025182686139563107
90:0.021912822877958326
printer:0.047238393230737294
wwii:0.02981734552082305
2:0.010589182348344613
sale:0.017254739967954506
unless:0.016728594705111365
marked:0.0299585166425799
1:0.010644151586547329
serial:0.022496293086221912
sold:0.02231808752740131
engineering:0.021014942897951625
update:0.023596968434653833
earth:0.019133343274966026
golf:0.0626691625936447
wide:0.023379548137840253
comes:0.016435740963290823
ports:0.05351216822492291
200:0.02258763612055007
included:0.02034120353533135
demon:0.031065032703673594
s:0.0033719363090000997
