some:0.021621053243210262
means:0.052492504082199125
document:0.08434876614493514
with:0.021660273214427678
sell:0.06444578331445495
my:0.017596560395005578
to:0.005104441333669743
think:0.026662000509788057
me:0.020066457044528606
need:0.07115562931471245
so:0.018922418470091112
this:0.009721897006878128
these:0.030678443946276713
you:0.010292573877939293
tell:0.04463009358560097
used:0.03656413904327529
m:0.025348420594742075
a:0.0025861187515673983
want:0.03504811051318855
mac:0.06354226175576178
plus:0.06622036766629019
others:0.04993200413089622
are:0.01190576632594862
it:0.006349174624814295
limiting:0.10232615349971708
have:0.009467603947178755
only:0.024695115523505305
if:0.012410192958581652
of:0.0036007515845507157
interface:0.07819813957044226
please:0.035470654757504716
one:0.036418922510208236
p.s:0.08397838342814495
and:0.010605483735855273
for:0.006024978942816185
subject:0.0004943880905929314
i:0.014140644981140364
the:0.004187516722161405
selection:0.0981445485231672
wanted:0.056391851658261154
models:0.08265190831445506
hp:0.16020916689097497
