wilson:0.05425076237610234
access:0.03643887900020136
specifically:0.0439895940408224
cambridge:0.050789308776987833
though:0.027016784800116083
from:0.009201872330762778
to:0.005992170261264482
t:0.02800296798913524
appreciate:0.04173057973276624
mail:0.033307777226476695
male:0.05224073695768917
responses:0.04821661555500994
need:0.08353052136944505
anything:0.02523088206868917
july:0.05351216822492291
this:0.0114126617037265
you:0.006041293363138281
am:0.05329357684895757
working:0.03444064142072399
a:0.010625574870570397
old:0.02878166393850352
early:0.038073272812970446
place:0.02955899584039593
have:0.011114143764079409
stay:0.042920625741915026
june:0.04995735141696247
environment:0.04562666853128038
be:0.01257524472037981
boston:0.09064732902933784
sort:0.03410284030066337
if:0.007284243693080536
end:0.02939384133234249
of:0.006340453877143651
smoking:0.06514079131316276
david:0.02713527434070102
in:0.005793903322646428
or:0.02198841709901365
and:0.00414997189663902
subject:0.00029018431404367716
summer:0.048921371201698066
space:0.0332338343207946
welcome:0.04547411072566752
until:0.031099627449615697
car:0.03324612325960206
i:0.01037492974159755
room:0.04334813565563702
any:0.011122687677052252
will:0.02463707271528879
the:0.0016385934999762022
would:0.030412488459925304
can:0.009397456439540363
flexible:0.06363169952126911
may:0.020228538341737292
white:0.03694531680239774
nice:0.03434499409516041
late:0.041892815061208365
very:0.018948287954167906
thus:0.03621038122691636
parking:0.0596346910416461
