pc:0.10927351022943879
your:0.06196387977940635
much:0.028642571632130024
throw:0.06989132092680017
to:0.002259342885394805
sound:0.16973032569484087
that:0.005686961072696341
michael:0.04925729838809327
file:0.04981124397472802
this:0.008606269481498672
bitnet:0.0800041929878873
you:0.009111458842765933
state:0.043569071917059284
includes:0.12353293021089669
board:0.17661622226336776
a:0.004578702051955394
driver:0.06032435407354741
are:0.01053953084592173
those:0.030424846791599347
internet:0.04682842529696076
it:0.005620580815409376
have:0.008381157592584473
university:0.03853016559997793
disks:0.0706509985867789
be:0.009482971428483138
of:0.003187550583044896
3.1:0.06428724562093799
shipping:0.06726733590724261
windows:0.045036183302024614
in:0.002912781998270336
speaker:0.08636703973799427
office:0.05984816250895346
or:0.011054286191853857
and:0.006258974008045736
for:0.026667939582956882
subject:0.0004376550310166934
i:0.003129487004022868
games:0.05458803756735616
research:0.050611991484209466
will:0.018578776145955482
original:0.050592918250384915
home:0.04802234511248112
development:0.06372562349272463
an:0.014719641615766176
sale:0.10409416898700426
mike:0.05238380375340498
