at:0.017619300249088622
all:0.019081356612925825
programming:0.08775558574326663
dos:0.07059104712487875
thanks:0.03986773289832326
c:0.1034439078171584
lan:0.12519162928129846
from:0.016931445088603513
several:0.05636902744134793
hence:0.09202706774922781
ai:0.09705335631484595
me:0.021671773608090895
expert:0.10196336548315565
contact:0.06960144597961136
hi:0.06302033320028809
unix:0.07925134832240666
you:0.011115979788174437
books:0.14602951652184643
subjects:0.1077750621253505
related:0.0770827797126234
computer:0.10722811620661261
are:0.02571645526404902
have:0.010225012262953057
systems:0.12001668481130442
if:0.013403008395268185
languages:0.11600098269372966
excellent:0.07790130826680775
windows:0.054944143628470034
they:0.018658392490154874
in:0.0035535940378898095
and:0.007635948289815797
for:0.01301395451648296
i:0.0038179741449078986
the:0.001507506019978106
operating:0.09192152660721094
interested:0.0575415243082984
new:0.06895998259534188
sale:0.12699488616414517
condition:0.07596190176970043
x-windows:0.11600098269372966
include:0.06723046546489203
