some:0.009729473959444618
pc:0.05554736769996472
join:0.03821337525411043
k:0.031572175468763855
raise:0.039276680729983
till:0.041657610967187016
your:0.031498305554531564
way:0.014436440162887861
much:0.014559973912999428
someone:0.018362150955525167
throw:0.035528088137790084
to:0.0022969986001513845
sound:0.08627958222821078
then:0.01329900291479836
80:0.03330551356219424
t:0.021468942125003682
family:0.03283722557599722
that:0.00578174375724128
think:0.011997900229404626
re:0.006232341712969509
michael:0.025039126680614077
file:0.025320715687153408
this:0.008749707306190317
ti:0.031572175468763855
drag:0.04348439657697301
you:0.01852663298029073
them:0.012215493096102007
brand:0.03754635269016429
includes:0.06279590619053915
board:0.08977991298387861
a:0.005818767191026646
price:0.026084535015366356
sensible:0.04959400087008672
worth:0.02929303015659865
driver:0.0306648799873866
jason:0.03799913894819204
are:0.010715189693353758
those:0.015465963785729668
it:0.005714257162332866
have:0.0042604217762304405
buy:0.02505700937703305
settle:0.04638695236254148
disks:0.03591425761494594
party:0.035372320362688815
be:0.004820510476145594
writes:0.005510519925146353
get:0.010953116460759353
down:0.01970304647460965
things:0.018622716067835412
of:0.001620338213047822
3.1:0.03267934985731014
what:0.00767035085830526
ok:0.027198743254257765
again:0.02034890948423348
shipping:0.03419422908618166
windows:0.02289339317852918
they:0.007774330204231197
sounds:0.029689204696340316
in:0.0029613283649081745
speaker:0.04390324520014709
office:0.03042281594205134
or:0.005619262147525711
and:0.006363290241513164
for:0.01897868366987098
subject:0.00022247464076681915
i:0.003181645120756582
away:0.02307486321936392
games:0.02774891909673938
pay:0.02777368384998236
will:0.01888842241505474
the:0.0006281275083242108
original:0.05143613355455799
around:0.019726620276280298
can:0.007204716603647611
home:0.02441135876551124
an:0.007482484488014473
is:0.004477877114844399
new:0.014366663040696224
broke:0.041789888876822764
sale:0.05291453590172716
too:0.016270982232204138
article:0.006752774002638341
high:0.02331103188034601
s:0.0051703023404668196
