bottom:0.02894525243773562
land:0.025655692552178942
boy:0.05851397038864294
fields:0.09500567360110339
football:0.035823490073371884
where:0.011919076117637173
with:0.007546159700510288
way:0.01117659883578415
user:0.02439769989414849
super:0.032457522884829774
microsoft:0.05496263346760431
4:0.03205509037649908
into:0.0115535735676283
from:0.005461756480194681
throw:0.027505616622805228
my:0.012260829178455501
to:0.0017783214968913946
player:0.050158232684596155
visual:0.03306194536274799
basic:0.024642921352
misc:0.0741774947135346
t:0.033242232967747636
100:0.021796852250523042
plugs:0.03753386265668312
perfect:0.026129592220237995
months:0.021908351870837547
asking:0.161922772273992
so:0.01318465286948284
30:0.06625365434272046
two:0.012030899565505236
game:0.01917425230909992
used:0.025476948494669232
working:0.020442187165849078
came:0.038951312677134795
onto:0.02809137210557643
a:0.0009009704037718678
runner:0.0383953555123252
mario:0.035396074682783496
factory:0.03591247924841921
40:0.024674239922740634
speakers:0.10942152891279885
also:0.009570949236642364
stuff:0.018860751952733044
whole:0.03860536096809407
cd:0.08638457514155949
computer:0.034589714905358906
70:0.027753786176532944
internet:0.055287753737702054
model:0.023606138784409997
book:0.02006257103666886
d:0.011753833692755067
45:0.029099236188746217
toyota:0.034331044035303175
1/4:0.07200542613522216
inch:0.06784687643678014
of:0.0012544553907467009
catalog:0.035232733986110654
plate:0.06671318152334357
years:0.014385647890196087
never:0.028437925559507877
excellent:0.0251294542796154
using:0.014222068249322069
windows:0.01772391729950646
ed:0.025601094655929045
david:0.016106098318351574
in:0.004585282629535238
5:0.03353384370216365
and:0.0024632091257470313
word:0.01979920333008657
for:0.012594149532080283
subject:0.00017223843156140837
guide:0.030331850619473372
car:0.0789327313518294
paid:0.08005142202139659
games:0.021483034139411133
20:0.04057848191491122
any:0.006601853330895531
information:0.015734330867637192
will:0.007311647386472803
portable:0.09901379194468438
the:0.0009725845290181329
cassette:0.038137256579333596
sony:0.09834051227851504
7:0.02059050663826649
jonathan:0.03084197012576817
items:0.029894285481803947
65:0.03157639040092171
sale:0.04096609231101458
mount:0.033857939047654474
light:0.022530417327782538
adapter:0.032251053652015756
players:0.02394757363250253
condition:0.12251919640274261
by:0.006389906289143007
s:0.004002814715200118
