wilson:0.054846924600015556
at:0.009680934202795947
technology:0.037007337206779595
coprocessor:0.06683406908601616
all:0.01048426187523397
case:0.02716056161875556
with:0.006426674470214807
service:0.04002847503822355
to:0.0015145045715283857
hill:0.0547614065731798
make:0.019341543773073667
me:0.01190756791653346
math:0.05362918431056182
etc:0.02552004381822237
8:0.03244495914696557
more:0.013971637646381603
board:0.0394636980148917
a:0.0030692398370250444
other:0.015157230635515504
ram:0.04274568206849724
also:0.01630216628219304
vga:0.049564633068743556
bios:0.053030995227539665
are:0.007064960237376105
those:0.02039467751964352
internet:0.0313904828913693
play:0.03518591464593892
reason:0.02936496619789591
not:0.006625384709625988
drives:0.044472996173139136
ve:0.040112828550053506
campus:0.05691935503746117
university:0.025827913204380812
manuals:0.053706300493623876
of:0.004273419462983268
expansion:0.05079939096090888
available:0.02968202008587066
experimental:0.058475954126065856
necessarily:0.042717176187430796
now:0.018152905471189498
office:0.04011799904446331
or:0.014820032037430448
for:0.017876311149015053
subject:0.00029337315265954173
fits:0.056216621800095526
offer:0.03862817163507515
i:0.004195575983415274
info:0.03236698307024613
386:0.10371728402456648
socket:0.06057546222235937
any:0.011244915014162719
information:0.02680023389542599
the:0.0033132000439079256
got:0.04861876531056207
an:0.009867012511667437
slots:0.060868519882602896
expressed:0.0451621881936625
bulletin:0.060150028022571564
carolina:0.06335783471005839
new:0.018945050163555462
disk:0.038472296525273425
motherboard:0.14885354616697094
printer:0.04775749645305309
sale:0.10466611497044932
ami:0.06539868246604842
e-mail:0.030216437106068864
workstation:0.058475954126065856
opinions:0.031380331379341125
full:0.03395233498816762
hp:0.047534587978640935
included:0.04112946648902164
processor:0.053706300493623876
north:0.04411159104297611
