mathematics:0.047939746175423355
mechanics:0.10650945531165237
telescope:0.05194200863617399
to:0.0012416208649466945
physics:0.20655878515735368
most:0.016726085260964304
value:0.03363831369150151
t:0.06962900148649843
problems:0.024712371494520477
technical:0.03456529047675045
through:0.021346516162385826
perfect:0.03648726841564765
books:0.06577906149632722
3:0.021094287789528106
a:0.0012581118250868423
hard:0.2923495570351902
following:0.024660488946304158
15.00:0.05932435913963559
rpi.edu:0.05325472765582619
surface:0.04112599768730194
cover:0.5302981821956603
are:0.00579199442883987
have:0.004605861379708584
differential:0.05066299727337771
if:0.006037391169039723
of:0.0035034339741574533
please:0.017255994206353646
vector:0.05458478169912407
in:0.006402872140341999
and:0.006879232693527745
molecular:0.22557050320954677
for:0.008793212511137136
subject:0.000240513125153318
i:0.0017198081733819362
physical:0.038442804498871316
the:0.0027162270630236144
hello:0.034858475591457404
vol:0.09773441071575559
20.00:0.17695306855450552
an:0.008089172419475106
reaction:0.04251474255061058
engineers:0.04919886277339776
interested:0.025919605544278558
dynamics:0.051209165037489734
general:0.02656243570349145
methods:0.0400853410465646
applied:0.03988288288573525
sale:0.05720490367754288
relativity:0.05567152032785033
1:0.017644359386709087
first:0.01691490837289226
e-mail:0.02477203402389429
felix:0.051069487681309866
condition:0.03421707286923442
atomic:0.10482430111325916
soft:0.14441326303218294
