tv:0.062109197643469886
above:0.044633705411943364
since:0.016400177241013784
all:0.007820228120051568
football:0.04551345050305445
chris:0.031448747892781154
where:0.015143088510112802
with:0.004793667022865143
january:0.04261237297852181
my:0.0077886414863139455
via:0.02801828998865283
to:0.002259342885394805
signature:0.04097469931198723
then:0.013080986473572158
approximately:0.04245624023286038
ultb.isc.rit.edu:0.047541386349889206
asking:0.02938879356260979
me:0.00888187442954545
package:0.03186281174636232
file:0.02490562198736401
alpha:0.04621645723877104
this:0.004303134740749336
largest:0.0439816687544494
contact:0.028525182778529244
game:0.024360730392708915
you:0.004555729421382966
market:0.03205619028748379
etc:0.019035442520149472
purchased:0.03923651309157971
includes:0.030883232552724172
controller:0.06904735443769947
price:0.051313839374491195
was:0.007257878148372013
as:0.013116625577328171
let:0.018894571661908402
video:0.02865337043331986
base:0.031570785700106976
it:0.002810290407704688
keith:0.03229891040262022
money:0.025411637432205984
priority:0.04845307188357957
sports:0.03934160070165399
has:0.008727659622020911
manuals:0.04005961758130961
alien:0.04646486174283111
if:0.005493036227568929
of:0.006375101166089792
seen:0.021249712218216008
year:0.020284923903357805
nec:0.04446114585839701
supply:0.03309807732462741
york:0.03084563284774953
75:0.03825369401596069
up:0.011011970248790038
one:0.016119850947141353
in:0.004369172997405504
visit:0.040234643191724116
5:0.021302236778013794
system:0.07328597800795164
world:0.02066598925190719
use:0.013629340391371706
and:0.006258974008045736
usenet:0.033477037939702886
for:0.010667175833182755
subject:0.0002188275155083467
rochester:0.045857419348128474
power:0.022146354755496245
games:0.05458803756735616
the:0.005560473024509407
original:0.025296459125192457
controllers:0.0482939072454066
home:0.02401117255624056
extra:0.0318416041761578
130:0.04417010742842234
collection:0.0394480531240049
many:0.015190172357197489
current:0.02592004691582638
interested:0.02358259192963049
unit:0.03516508866884767
is:0.006606703939934358
methods:0.03647108898498911
new:0.014131143974455303
items:0.037980444669505016
sale:0.05204708449350213
1:0.016053474523973023
hook:0.04215262325187391
little:0.019224087720479215
s:0.010171086571410137
