marc:0.47932443952714965
football:0.11105281922745285
super:0.10061832094297231
global:0.10231425167617385
ball:0.08917210679463888
on:0.010140176504785799
you:0.011115979788174437
3:0.046829318892752395
following:0.10949257092159047
fine:0.0647831315584112
are:0.01285822763202451
play:0.06403836465560883
action:0.07363786161651914
have:0.020450024525906114
genesis:0.21997179922669396
alien:0.11337426265250791
cheers:0.08708325352728694
net:0.06630284969796965
email:0.054877973179358816
system:0.0447044465848505
or:0.04045868746218512
cross:0.09160820427232295
for:0.01952093177472444
subject:0.000533939137840366
i:0.007635948289815797
games:0.06659740583217452
the:0.004522518059934318
can:0.017291319848754268
trade:0.25314497378002165
jimmy:0.10621001818735554
sale:0.19049232924621776
hear:0.06627363128517615
