mans:0.04242436535978796
some:0.006379982924225979
since:0.010933451494009188
simply:0.01671389803214967
go:0.010630777332208345
at:0.004814016461499623
stephen:0.08899801703586924
hours:0.04279971996230188
send:0.03205843847952156
with:0.003195778015243428
c:0.014131681395786666
4:0.02715048638446644
service:0.0398097402019491
to:0.001506228590263203
require:0.021199568627882987
job:0.018969882815787847
misc:0.031413966340431324
t:0.014077994836067989
sooner:0.029841933157634705
think:0.00786747556026533
provide:0.018453309717395703
nt:0.00780413717729441
need:0.031495114614708795
so:0.005583664466584263
this:0.002868756493832891
md:0.02735966391021615
on:0.008311620085889999
set:0.02895535064618493
you:0.009111458842765933
am:0.02679239929018632
support:0.059867897476142205
8:0.016133832144119488
modem:0.023297106975600057
3:0.025589791744673438
access.digex.com:0.024439685105974697
a:0.003052468034636929
want:0.010342065397334326
price:0.017104613124830397
3.5:0.026227733801102656
product:0.021808185370199774
no:0.0061516160447131684
those:0.030424846791599347
base:0.021047190466737982
d:0.009955432909164128
it:0.005620580815409376
have:0.005587438395056315
money:0.016941091621470655
minimal:0.02825285009868375
decent:0.02462055914109134
disks:0.1413019971735578
b:0.016726275117564162
free:0.015778731115435714
floppies:0.03073001473958976
minimum:0.026783923387495783
14:0.020403567321074685
get:0.007182371449678264
spend:0.022404902812631425
if:0.003662024151712619
5.25:0.031061296826018363
looking:0.014174236860145595
what:0.0050297382677411545
excellent:0.02128451045541195
order:0.015324135853183016
1.50:0.035983627674860935
alone:0.02097930784379505
they:0.005097921445397506
who:0.028263450802925645
highly:0.02282335363064809
5:0.01420149118534253
system:0.03664298900397582
or:0.007369524127902572
recommend:0.02397693599542804
and:0.004172649338697157
for:0.010667175833182755
subject:0.0001458850103388978
each:0.01391261965770828
offer:0.019208544364982722
i:0.008345298677394314
offering:0.03041767368035507
tape:0.04534828703517304
experienced:0.02790656805533627
discount:0.03097657449522074
directly:0.019849728554625027
will:0.006192925381985161
source:0.017045180118578276
the:0.0012356606721132017
users:0.02157758234019772
do:0.007850469059087395
would:0.005096446153575826
can:0.004724404330260729
linux:0.08741378518039644
put:0.013592673768015187
7:0.017440046606181998
an:0.004906547205255392
thought:0.01466987106662138
ready:0.023035405949892875
just:0.00641742384407588
note:0.01618409343649452
columbia:0.02977405053469177
lazy:0.033108802014222796
entire:0.04075866910042406
is:0.0014681564310965241
disk:0.09565516349180003
time:0.008631202021331769
2:0.021294093465523592
sale:0.017349028164500707
1:0.010702316349315347
x:0.01664021852210985
e-mail:0.015025659981706374
documentation:0.024465160587427218
x-windows:0.031694257566592804
while:0.011859795114090287
1.75:0.040208709031328047
check:0.018083669751845294
s:0.0033903621904700456
