send:0.024649975805682543
your:0.010587665732615652
sell:0.029244305033450147
both:0.018871462876539815
to:0.0034744516640945315
sound:0.02900154024477673
deck:0.10221681154331883
higher:0.03119221775662094
months:0.05707217714251798
consider:0.0541237660264066
me:0.009105787230290291
need:0.016144554550396942
so:0.00858664367550353
best:0.06139099361247313
these:0.013921310698310442
am:0.027467837927754042
great:0.02118698057758552
a:0.0011735328788625168
old:0.08900548175940584
speakers:0.2375397336342272
also:0.012466362451088793
250:0.0384042087727503
are:0.016207849956333415
model:0.03074749169397941
month:0.10017991990051912
have:0.004296223639896242
proof:0.035185786484883866
being:0.016351293528782757
willing:0.03004957860487118
be:0.004861018967541776
if:0.005631516132465624
of:0.0016339545005524256
offered:0.03889213987321048
monitor:0.03148971294192276
piece:0.03621605809910515
available:0.022698015359783445
excellent:0.1636582106445541
in:0.0014931067386091635
system:0.03756676183600882
offers:0.03798395313766911
and:0.006416763268752771
for:0.019138168406592587
subject:0.00022434417556317895
each:0.021395036952610212
offer:0.08861757022164297
i:0.006416763268752771
tape:0.06973728174316526
back:0.017700476639223004
paid:0.06951243929028834
will:0.01904714865383671
the:0.0025336235629884133
pair:0.042915142471651575
an:0.007545362508922157
10:0.12144419150824222
just:0.00986881145769652
makes:0.023470402371865328
receiver:0.09157397055207721
sale:0.10671839173457578
wanted:0.025589579744084892
sold:0.03450863953816673
e-mail:0.04621337439751708
950:0.050184028500950766
condition:0.09575029634836188
going:0.01830097213487128
