say:0.02432749967009671
there:0.01176639725098907
fax:0.03921337615235115
with:0.014995573763834546
operations:0.05976047246447369
daryl:0.07922485585117163
to:0.0017669220001164498
denver:0.07553662415307186
been:0.018810774195146655
problems:0.07033521117671213
considering:0.10270179372705365
v:0.04931600402438477
nt:0.00915485322721075
re:0.004794109009976545
package:0.04983670555200259
so:0.013100135863909231
voice:0.046493516685079075
had:0.03934380732518295
on:0.00650011314409346
you:0.007125628069342587
snyder:0.15654950728814523
os:0.060889105150182955
a:0.0017903899049312756
price:0.040130053869794395
d:0.023356977209961993
co:0.058525458247314296
it:0.004395582432563743
forsale:0.0660481092345114
have:0.019663485121063574
larry:0.23306579671656388
thinking:0.044660596587803275
writes:0.01695544592352724
what:0.011800539782008092
but:0.008529272080133465
years:0.028586864397184532
using:0.028261802290319497
net:0.04250182672946772
good:0.041538714137423056
in:0.004555889792166422
conversation:0.06398807870001814
or:0.008645018688501094
and:0.0024474193236589093
few:0.029302916678285724
for:0.004171139268103512
subject:0.00034226867810279864
i:0.004894838647317819
the:0.0028990500384194345
start:0.03612259087028862
would:0.011957046744927898
makes:0.03580740874682018
about:0.012628412568229122
is:0.010333562572717843
deal:0.04226044861231422
either:0.03209695778350459
2:0.02497960964224883
their:0.0194062002382271
nothing:0.03275456412180652
article:0.010388883080982065
very:0.0223492627151724
bad:0.03513591085572287
