land:0.0497079043198467
boy:0.056685408813997855
computing:0.05453076848973803
all:0.023851695766157283
50:0.04313979111410539
where:0.023093209977922025
fax:0.03823304174854237
wonder:0.04612959634771161
with:0.014620684419738683
super:0.0628864505893577
work:0.0253134057998788
both:0.028071301028852975
except:0.040304517737547674
death:0.04194270480045528
us:0.0514969096546249
make:0.022001006041871298
me:0.013544858505056809
uk:0.10804098711646966
phone:0.03671683907761961
other:0.017241349847898886
j:0.07635321648822158
following:0.03421642841299702
forever:0.05898920528897218
ill:0.06975525656849647
are:0.008036392270015319
d:0.04554610555942589
have:0.006390632664345661
only:0.016669202978366084
machines:0.04932433168605366
university:0.02937925126998317
stated:0.048526188286221995
sun:0.04535615380123552
of:0.004861014639143467
cheers:0.05442703345455433
department:0.04335094478366171
gp:0.07661910419770906
accept:0.04465139963328417
in:0.002220996273681131
or:0.03371557288515427
and:0.004772467681134873
for:0.012200582359202775
subject:0.00033371196115022873
offer:0.04393954523489798
i:0.0023862338405674366
44:0.1136195758993249
games:0.1664935145804363
will:0.014166316811291055
the:0.0028265737874589485
mr:0.04221194597854267
an:0.01122372673202171
jonathan:0.17926895135602747
address:0.039910266924170136
trade:0.05273853620417118
man:0.036225616734939986
2:0.024355119401192612
sale:0.03968590192629537
eternal:0.05764989732083058
instructions:0.060405813855309715
e-mail:0.034371197208153334
