at:0.05182147132084888
reach:0.1281853961479523
my:0.027947478274420626
415:0.15465096834854297
via:0.10053621701810721
to:0.00405352694144362
me:0.03187025530601602
michael:0.08837338828452027
you:0.016347029100256524
am:0.048068716373569575
classic:0.30092426963580543
mac:0.10092006278856282
selling:0.12264050398086883
highest:0.13879813009169925
macintosh:0.1381060566384582
san:0.11876368922366307
david:0.07342485998072042
email:0.0807029017343512
francisco:0.14679618054710045
or:0.019832689932443685
and:0.01122933572031735
for:0.009569084203296293
subject:0.0007852046144711264
i:0.005614667860158675
the:0.002216920617614862
can:0.025428411542285687
leland.stanford.edu:0.29690057981907597
sale:0.09337859276775382
1:0.11520728776027697
