408:0.02115819045790221
pc:0.013384907879509569
out:0.004731634936066103
computing:0.03503985123838588
there:0.003685859379827901
send:0.011780510525607319
anyway:0.012243027396162787
fax:0.012283708192302768
your:0.020239875055120683
with:0.00704611297336804
way:0.006957320560427884
ca:0.01651846261921543
such:0.007722960656497182
service:0.014628880435655994
from:0.003399888572008737
sell:0.013976193971809507
trick:0.01995141798923647
my:0.0076322430628939855
to:0.00442794910872556
building:0.015262921963207434
design:0.015113121314961616
front:0.014124300921148327
software:0.01130837706217372
mail:0.012306487971228335
engineer:0.017906045541092146
class:0.01593642438421286
that:0.004179573800415383
appears:0.0156638595477684
like:0.004677265315295876
packages:0.019860484347671167
nt:0.005735570696565771
me:0.0043517617686929504
sitting:0.01823211041952593
re:0.001501769087462532
so:0.00410365701761012
this:0.004216726412621839
tools:0.03573873780055157
reply:0.01442247598134596
on:0.006108540063123976
focus:0.020075957092620247
you:0.013392746732740286
products:0.016265408811794734
am:0.019690799478329708
them:0.02354793849850989
support:0.01099982453627914
a:0.004486760243683196
lists:0.019024718588837156
want:0.015201590102105875
buyer:0.022584709627891268
as:0.006426619760779264
copy:0.02744266622540837
waste:0.017183052189551563
subscription:0.025368433244597876
also:0.005957819805942033
stuff:0.011740628725596874
ordering:0.023819587940132073
cheap:0.014924623367095774
freeman:0.02154925135760171
it:0.00826157662024029
not:0.00968530134258578
application:0.01482075384665433
analysis:0.01729223347591364
have:0.010266076569229976
try:0.009784697479290732
machines:0.01584717483889274
campbell:0.022468293817155316
tons:0.023293370018821213
real:0.010271461261037137
bother:0.018416084459812253
personal:0.026938919447355145
free:0.023192833687748878
list:0.011693287537837669
550:0.02433297497430832
writes:0.005311344506165159
applications:0.0156638595477684
get:0.010557220685069254
tech:0.018212179538633844
if:0.010765468590576855
of:0.004685315314837076
andy:0.017999229866713283
catalog:0.1535241621483135
flow:0.020726783836934992
mailing:0.035451845570815994
but:0.005343640339360725
impression:0.01900045226572084
associated:0.018272271396773256
never:0.01770232313945269
street:0.016016178635817693
fact:0.009631594894091723
please:0.007692431152229938
they:0.011239995475996913
continued:0.019173478716067473
over:0.008055986957909067
comment:0.015781515650131576
code:0.013014106467195566
in:0.00428143859986724
indication:0.021035864323425465
or:0.005416156286771769
pcs:0.02229976289707888
and:0.006133291799048832
for:0.005226487757623678
subject:0.00010721669434545499
i:0.005366630324167729
any:0.008219174829628974
the:0.0009081361566133169
do:0.005769621838606399
when:0.005251704589733878
would:0.003745580908049703
ensure:0.01932796177160079
presentation:0.02302099011384627
joe:0.015981804124188495
junk:0.021116999694178556
an:0.003606016620729866
repost:0.02229976289707888
note:0.011894333730435733
engineers:0.02193202316404478
here:0.007230525725395164
address:0.012822575718608878
company:0.013518586504543573
interested:0.011554522953473572
is:0.005395032668487227
cards:0.01580328298936587
division:0.01591392536594511
write:0.013068971586295233
touch:0.019173478716067473
hardware:0.014255747484636752
does:0.004893529374849498
their:0.006079050677034996
ordered:0.018811426117696803
engineering:0.015529114430614855
e-mail:0.011042954926314323
very:0.0070009738625841245
u:0.015187323227281186
give:0.009490908720305247
comes:0.012145286494961893
data:0.023569041150247487
s:0.012458559856546552
