best:0.15219850499758963
1024x768:0.34535076806154513
screen:0.23364419813162798
svga:0.3243212532727193
14:0.23336580123479173
monitor:0.468409480011101
warranty:0.32084813757554365
or:0.04214446610644283
still:0.1276068176393467
for:0.04066860786400925
subject:0.0016685598057511436
sale:0.3968590192629537
under:0.15170771419410245
