above:0.03280308470034392
50:0.04158052155576423
vertical:0.06506565236181587
storage:0.060515889601397546
with:0.01409222594673608
powered:0.06673536517249233
4:0.029930957881670835
longer:0.040894108534628625
pulse:0.0717021699326555
mhz:0.056928995061497324
hall:0.055185665224290935
been:0.017677595026764328
re:0.004505307262387597
phone:0.07077944882432696
best:0.029339470842908846
3:0.05642086613584626
same:0.02339871506660979
test:0.04308313077083941
as:0.009639929641168898
following:0.032979690036623634
rpi.edu:0.07122017794935792
accepted:0.05074564603252611
display:0.04441110140886118
no:0.013563201640753132
model:0.044083753151609034
reasonable:0.045039845422964436
base:0.09281050254007352
amps:0.0744522741733902
it:0.004130788310120145
channel:0.058384194322372504
has:0.012828608119115074
screen:0.045039845422964436
be:0.006969412736596041
generator:0.06906297034153883
supply:0.0486501859470427
shipping:0.04943743964267228
please:0.023077293456689817
over:0.024167960873727204
5:0.031311721529128714
or:0.008124234430157655
offers:0.054458920763646085
and:0.004599968849286625
still:0.02459890460517527
for:0.011759597454653277
subject:0.00032165008303636504
offer:0.04235136890110648
300:0.05011470644798014
power:0.03255247325506677
55:0.05922706888390154
will:0.013654281263894993
the:0.0009081361566133169
amplifier:0.0709862251077061
is:0.0032370196010923363
1/2:0.11429479457100807
time:0.019030240601249564
type:0.03904231940158671
dc:0.05394125768071303
sale:0.11475441520856491
mount:0.12645736270810706
1:0.023596673396683237
sold:0.04947624222941977
e-mail:0.06625772955788595
instruments:0.12694914274741326
dimensions:0.0709862251077061
delay:0.06641406099077955
three:0.03516250610207799
respond:0.04872298491639165
by:0.023865915055835327
four:0.04226561627738523
