belt:0.05790127816512851
thanks:0.0201352186355168
where:0.01866117978013901
with:0.0059073472402984585
lawyer:0.05364142332694725
motorola:0.5414763447716703
frequencies:0.06097412033081529
my:0.009598123851821226
antenna:0.11421102344433551
otherwise:0.03589277607688925
band:0.050336242405650114
t:0.026022960151519618
jeff:0.08516119775414943
technical:0.03875502265575051
like:0.011764030944532053
pack:0.10407580849074526
tools:0.044944170264330015
best:0.02459773818142863
opening:0.04965501734710938
disclaimer:0.07583950559745832
purchased:0.048352066638108336
m:0.01382641123349568
amateur:0.04797323436075021
a:0.001410610228127672
price:0.03161761820044407
quick:0.04100278000193228
commercial:0.04208430909346214
business:0.03653094680033907
manual:0.03969290299881579
clip:0.05932129786837284
tiny:0.05280787763312903
have:0.0051641476075520495
400:0.04637198964115559
absolute:0.046915185568234416
b:0.030918266126406486
channel:0.04894836493693856
has:0.010755297716025769
manuals:0.049366397423432046
be:0.005843043001388599
battery:0.04760809785452485
inch:0.053112453776267284
never:0.022262012432948088
become:0.0334567957050015
dropped:0.05018083918504931
external:0.04337398300632135
or:0.013622453690971422
for:0.00985905645188103
subject:0.0002696662312325081
offer:0.035506703220119576
i:0.003856539540311009
back:0.021276330505732705
later:0.0645537783627819
portable:0.05167386448291609
original:0.031173414275489694
watt:0.06097412033081529
would:0.0094207034960038
can:0.008732989822603166
radio:0.07247172445995285
extra:0.07847829716143942
ive:0.07276811184753308
25.00:0.07022958226893808
n:0.036979954503074765
desktop:0.05057392419767228
new:0.05224241105707718
opened:0.05140919405469363
5.00:0.06541216739933899
lot:0.025035892810761524
2:0.03936180913324058
slot:0.051496649233917
pl:0.06380545331217043
ht:0.06775359784436247
condition:0.03836459685338405
comes:0.030547235729752646
pink:0.05951370387817784
s:0.006267033139959782
