408:0.08636703973799427
shape:0.07816273093913452
4:0.04072572957669966
sell:0.05705036555705849
415:0.08619890039099116
to:0.00451868577078961
line:0.04629186473452441
h:0.05792101843105765
day:0.04169349238955528
sweep:0.10008902924979778
this:0.008606269481498672
you:0.009111458842765933
great:0.08266395700762875
purchased:0.07847302618315942
3:0.03838468761701016
a:0.004578702051955394
want:0.03102619619200298
idea:0.04544879172558617
120:0.08315435701730112
no:0.018454848134139508
it:0.005620580815409376
have:0.008381157592584473
buy:0.049292477463015835
closed:0.06764053608384937
left:0.04794106858197642
mother:0.0698295753072022
west:0.06685097212682277
edition:0.07988995250729562
call:0.043556657344241106
if:0.010986072455137857
of:0.003187550583044896
germany:0.06893025792110306
excellent:0.06385353136623585
please:0.03140025175254516
in:0.008738345994811008
or:0.04421714476741543
for:0.005333587916591377
subject:0.0004376550310166934
i:0.003129487004022868
see:0.029006323957560264
extra:0.0636832083523156
interested:0.04716518385926098
is:0.004404469293289573
number:0.04102073521963538
picture:0.06705783219172787
chips:0.06807772046224544
retail:0.09537292970140793
1:0.032106949047946046
1970:0.09370436094222856
first:0.03077958736706625
e-mail:0.045076979945119125
s:0.020342173142820275
