taken:0.04576224027442583
at:0.012235625172978208
take:0.029524293476884768
o:0.048624708108331686
my:0.013197420296254184
1988:0.06347362283274008
then:0.022165004857997266
that:0.004818119797701067
me:0.030099685566792905
anything:0.03223946042110283
so:0.014191813852568333
had:0.042622457935614866
off:0.030325797888282643
contact:0.04833433748584121
big:0.03855250769260496
on:0.014083578478869164
set:0.03679742477952668
you:0.00771943040845447
am:0.022699116065296742
them:0.08143662064068004
a:0.0019395890636755486
are:0.026787974233384394
corners:0.07873212684201937
not:0.008373750119110623
have:0.007100702960384067
if:0.009307644718936239
of:0.0027005636884130367
looking:0.036026185352870055
well:0.023373165418796454
please:0.026602991068128537
they:0.03887165102115599
miles:0.055752149790428134
in:0.004935547274846957
tires:0.21908887182710252
or:0.009365436912542852
and:0.005302741867927637
for:0.009037468414224276
subject:0.00037079106794469857
car:0.042481157498380405
i:0.010605483735855273
we:0.03743733071427694
idaho:0.08732989362543915
mile:0.07375695707455245
the:0.0010468791805403512
would:0.012953467307005223
bought:0.05087616317872862
about:0.013680780282248214
interested:0.03995939188076277
sale:0.04409544658477263
drove:0.0733160029312944
give:0.032822725991055644
mike:0.04438072262441255
four:0.04872286320865241
