tip:0.042647420107988845
another:0.016305186252857196
okay:0.0633200902279779
cable:0.03174740781903859
music:0.033872488527140324
super:0.0369920297584457
from:0.006224795988457174
manufacturing:0.04082824236303413
iastate.edu:0.07067864411922652
both:0.016512530016972338
name:0.020310533131104785
corp:0.03403062238905917
to:0.00202676347072181
manufacturer:0.03687343136190244
amiga:0.03705205410138071
proud:0.037173593086316084
ii:0.02699558680228028
misc:0.04227026353160979
t:0.05682955268383328
make:0.012941768259924291
that:0.0025507693046652705
updated:0.037813382623004536
asking:0.026363476578223487
me:0.007967563826504005
anyone:0.01230084374736317
error:0.027687192346852928
sync:0.04507006129277004
internal:0.029136525118531858
these:0.012181146861021636
game:0.021853008146400645
tell:0.01772077245310627
numbers:0.025939282360284546
inc:0.026919231586797068
m:0.010064814059677001
interference:0.041136802650527014
board:0.07921757027989289
a:0.0010268412690047023
owner:0.032954472329497116
old:0.01946994913487003
ram:0.028601890207597416
scsi:0.031102737471565903
also:0.010908067144702695
stuff:0.042991419892259145
logic:0.03053485991321303
video:0.025703758771066343
cheap:0.027325229547109173
electronic:0.03171817143389419
are:0.0047272895705972465
have:0.003759195684909212
boards:0.13759748319404466
per:0.026006067026272187
bank:0.03501247086423948
mother:0.031320618336318634
has:0.023487672218085686
feel:0.022399093266516013
absolutely:0.02942984371432084
free:0.021231674956799527
believer:0.0430449732055644
crystal:0.04239384528393613
list:0.021409033800893967
if:0.004927576615907421
of:0.004289130563950118
short:0.02546307254133285
but:0.0048917883989000755
pacific:0.03945414402972666
double:0.03248639988999728
please:0.014083936447832755
up:0.009878385076120474
pro:0.033093868754089865
female:0.03962318460490827
message:0.023877352121762657
and:0.0014036669650396686
still:0.015012566781099612
for:0.00717681315247222
known:0.023948005497546748
subject:0.0001963011536177816
76:0.03920765364708958
offer:0.025846791314645866
i:0.0028073339300793373
similar:0.023270281528431625
games:0.024484340379475923
currently:0.026462746337186004
char:0.04543778497346608
the:0.0016626904632111464
century:0.03285163231497697
got:0.01626583692375422
ends:0.03478759275120948
needs:0.024627548254921666
an:0.006602192195306888
here:0.013238241953113206
audio:0.036472782940696044
15:0.02457213773515179
n:0.026919231586797068
unknown:0.06939906504584963
9:0.026182600409007547
electronics:0.09949371196887494
2:0.028653081648461892
sale:0.04668929638387691
filters:0.04489287341351224
1:0.04320273291010387
16:0.02563965251342016
update:0.031925310235119894
rom:0.03705205410138071
condition:0.027927169768272215
bad:0.040302956569799764
alex:0.08248520438123196
s:0.004562031476882488
