ask:0.022419712187356673
at:0.013553307883914324
boy:0.06976665700184351
effects:0.033091052748943126
there:0.007059838350593442
all:0.007338983312663779
sounding:0.04626506927716876
existing:0.03330516658735424
thanks:0.015333743422432024
with:0.0044986721291503644
4:0.019109765416759072
into:0.01377541463832605
someone:0.016949677805100153
sell:0.026769786915235138
yours:0.032510225421957396
to:0.00318045960020961
sound:0.053095127525052785
then:0.012276002690583102
unique:0.039018582908118216
that:0.0026684971187267447
really:0.015010736486084046
need:0.01477847685767105
package:0.05980404666240311
phone:0.022594977893919763
this:0.00807665289802183
something:0.01531277936279633
you:0.01710150736642221
american:0.0248233478260632
great:0.07757694426869775
graphic:0.040526072492443464
input:0.0328242407644209
m:0.010529343939354402
board:0.05524917722084838
a:0.0064454036577525926
how:0.010118176901762496
as:0.01846417292808504
jason:0.035076128259869575
advance:0.024334624743666537
output:0.031441216837954776
action:0.028322254467891977
it:0.002637349459538246
slide:0.043845889816380774
have:0.011798091072638144
only:0.010257971063609898
buy:0.023129547117261277
decided:0.028704869715525806
open:0.025422773682718176
electric:0.08043045977968882
sort:0.024134317751238695
stereo:0.03969976288766779
of:0.0044870904361324305
what:0.007080323869204856
distortion:0.04696485218644358
oh:0.024843970647242104
well:0.012945137770410346
professional:0.036773118226877434
boxes:0.03792650397526909
email:0.021106912761291854
in:0.0013667669376499268
or:0.010374022426201314
and:0.0029369031883906913
for:0.012513417804310539
subject:0.00020536120686167922
300:0.03199631257832578
i:0.0029369031883906913
rose:0.03792650397526909
seperate:0.08697608708453242
any:0.007871440509913903
the:0.0023192400307355475
nut:0.04643413779039011
got:0.017016567858696725
can:0.006650507634136257
pedal:0.24409972465594434
wants:0.027081039712259607
slots:0.042607963917822025
guitar:0.09356769672042263
deal:0.10142507666955412
does:0.009372990879519425
blue:0.03074355098048699
unless:0.023677395582619165
metal:0.03857528204014409
respond:0.031107751908157743
by:0.015237468843341017
everything:0.023766634491717332
