incredible:0.025588207195265632
believe:0.010012312812582214
mark:0.013841585088904103
true:0.011904519779529247
super:0.023183944917735552
4:0.03434473968910617
alot:0.02333629912170278
to:0.0012702296406367105
been:0.0067614764388084754
that:0.00159863882688699
52:0.02483296362335265
master:0.021914765287044464
file:0.014002239089670089
had:0.0070710068464614525
nm:0.11936966953980753
off:0.010062015889199772
30:0.031549359210819264
age:0.03799805185173844
26:0.020259737469376603
society:0.017125489485745844
am:0.00753150394793256
8:0.013605950610017816
trek:0.027425253937375143
graphic:0.024278292276579034
3:0.043160662573965336
m:0.21446866457118177
vision:0.021972011922982513
series:0.06612627393120123
want:0.008721649620793463
price:0.01442462765826711
secret:0.018417795518264096
red:0.01664801361724678
copy:0.015744755507204344
marvel:0.20889692169466317
it:0.00157997893889388
not:0.002778387136294769
wolverine:0.1644020783737056
have:0.0023559936089753587
copies:0.020807484948071206
app:0.07532697577670867
amazing:0.02258736396272686
selling:0.019215562835712168
war:0.01629873325148856
25:0.016947845844652594
annual:0.023259492428222544
get:0.006057022927608858
if:0.0030882507823198585
of:0.006272276953733505
what:0.004241668677403831
hulk:0.030910627587981028
never:0.010156401985538526
34:0.022789219366682587
present:0.016702766280319373
comics:0.12138255971427743
star:0.02115588467499725
5:0.023952745501545466
or:0.0031074260723644486
dies:0.027817686233874254
men:0.016182481809342588
and:0.002639152634728962
for:0.0029986070314476864
subject:0.0001230274511152917
guide:0.04333121517067625
i:0.002639152634728962
44:0.020943700626603667
contest:0.08345305870162277
limited:0.07155935599811539
the:0.0038208677925712364
peter:0.016967249220396115
joe:0.018338567866004313
rid:0.02127812778252457
f:0.05137646845723753
new:0.04766819073410729
90:0.018580458108499228
dc:0.020631909619811893
1st:0.062222573509993856
2:0.03591538344876329
sale:0.014630747253933776
1:0.1895345701862621
rom:0.04644312772154632
95:0.02467494945985665
33:0.02125341836712648
origin:0.022331281699340635
condition:0.017502742343248945
champions:0.07836930598099626
black:0.016265218231538883
four:0.016166111295036745
s:0.008577460104000253
novel:0.02824667435860242
comic:0.031115474420104688
