cartridges:0.07890026856932175
preference:0.07349008382497078
all:0.02446327770887926
environmental:0.06794622590065422
fax:0.03921337615235115
cambridge:0.05990533855747283
sell:0.04461631152539189
single:0.041684957314261216
to:0.0035338440002328996
ink:0.07858369661303494
memorial:0.07413663323044377
terminal:0.12241528718720003
like:0.01493127004498299
atmospheric:0.07391747382840146
voice:0.046493516685079075
617:0.13354798498183068
best:0.031220206153351717
products:0.051924189668421654
inc:0.046936096100056425
3:0.030018794162020763
a:0.0017903899049312756
tektronix:0.4734016114159305
as:0.010257873848936134
accepted:0.05399857206025214
given:0.03574086614334976
drive:0.03620261216417934
equipment:0.10346045929591254
d:0.046713954419923986
color:0.094734156579574
robert:0.08193364176814624
list:0.03732857175540487
be:0.007416169963300914
boxes:0.12642167991756362
bob:0.09446166702638718
email:0.03517818793548642
offers:0.11589975444570833
and:0.0024474193236589093
gets:0.0427861069537539
for:0.008342278536207025
subject:0.00034226867810279864
offer:0.045066200240921
we:0.017278768021973975
research:0.03958117282739458
will:0.014529555703888261
the:0.0019327000256129563
supplies:0.07101327319637003
would:0.011957046744927898
maintenance:0.07248007257044367
entire:0.04781305413703592
ma:0.05142587083637841
cartridge:0.07435960429085234
printer:0.1671512375856858
lot:0.03177632549058193
2:0.04995921928449766
sale:0.04070348915517474
1:0.02510928066570139
paper:0.049444210220981985
