408:0.09407838257174375
posting:0.11782816274843716
porsche:0.21979360530025344
with:0.01044334601409906
way:0.030935228920473987
10,000:0.10122702022545349
interior:0.09990366357985131
vehicle:0.0785836194999864
my:0.016968111809469666
to:0.0024610699287336262
control:0.05445775482037542
european:0.07913311340474986
bay:0.08559364991556243
package:0.13883082260915006
phone:0.0524526272537423
this:0.028124059198468873
1982:0.09042815909659827
firm:0.09335678367285309
paint:0.08714742450466295
a:0.0024937573675828484
low:0.06063918821392535
was:0.01581180596609617
as:0.014287752861018185
handling:0.08617536724475194
california:0.0710619504807667
frank:0.06993168529554682
book:0.11106066109584548
not:0.01076625015314223
area:0.05729405436891691
leather:0.1045377920706564
of:0.003472153313673904
miles:0.07168133544483617
in:0.0031728518195444726
for:0.005809801123429892
subject:0.0004767313730717553
possible:0.04601735041008182
the:0.0013459875178375945
friend:0.062021418208800104
cruise:0.10487158016015911
is:0.009595450960380853
new:0.06157141303155524
does:0.021758728827455807
reflect:0.08448415382436587
every:0.04343122369531064
delivery:0.09990366357985131
immaculate:0.11228129180413605
opinions:0.05099303849142932
high:0.049952211172170025
