sent:0.06748041373008463
some:0.03213404243486296
24:0.06721254585079744
go:0.017848002310037865
at:0.016164495641365708
out:0.01080896421174734
mark:0.0551123663172879
reserve:0.048524986338720114
hours:0.03592820528945525
your:0.02311802242534427
with:0.01073077755577151
way:0.03178665723938612
such:0.01764235966484219
sell:0.03192726879798686
my:0.008717562030553223
to:0.0063220144958295
scanner:0.15320461330747645
cash:0.04661400429103924
within:0.02969220381947539
mail:0.028112986282897764
hour:0.04271297795119521
re:0.003430646814478629
so:0.009374409150320367
you:0.01529721989198317
why:0.016327730093156023
a:0.0012811964457306378
other:0.01265420172322854
payment:0.11159450067573341
fine:0.02971703282495927
deliver:0.0551785229911187
advance:0.029022946941987614
d:0.01671416717777097
instrument:0.048524986338720114
it:0.015727313290824402
not:0.005531284482348302
expense:0.10138738144926096
bank:0.04368528474804193
after:0.017699208143715152
robert:0.029315706687685354
personal:0.030769683221979045
be:0.01592095203130655
if:0.018444506965965394
of:0.0017838585831719143
shipping:0.03764502284717247
find:0.038833885094924595
in:0.004890267024619004
replace:0.04033360578765802
or:0.012372687297304319
nearby:0.048819374545614615
and:0.0017513642866549995
for:0.0029848519533217798
subject:0.0002449262100185165
offer:0.03224920751185173
i:0.008756821433274997
the:0.0013830330458514735
when:0.011997013237098494
would:0.00855641877159978
can:0.015863596191517677
goods:0.0547880678129646
did:0.015081752692137297
return:0.03385658447538467
btw:0.03442009651782876
right:0.017797005447617427
notice:0.03704555443673894
150:0.043240382455027156
live:0.02840998416465742
by:0.018173127978296625
check:0.060721313111700724
realistic:0.051728511771835475
cup.portal.com:0.04943810189236262
