effective:0.021945464313068173
large:0.01627192456460639
at:0.0047878533285566904
correct:0.01778379043576874
there:0.004987929269441018
know:0.006705843074229901
send:0.015942103917805556
media:0.021475305384213376
thanks:0.010833623070196538
your:0.013694915458491984
method:0.0216896626236226
such:0.01045118045362934
companies:0.043224264625953655
name:0.01501213318386006
my:0.010328415884025013
to:0.005992170261264482
software:0.015303184176528567
100:0.018361478797994952
direct:0.04341060459319754
mail:0.06661555445295339
that:0.001885351225187374
really:0.01060541164777677
through:0.01287751790230884
so:0.005553318464048478
this:0.008559496277794875
recently:0.01798538893797657
you:0.012082586726276563
used:0.010730779936613399
products:0.022011341272483092
am:0.008882262808159595
a:0.003794848168060856
ms:0.022718151752092863
lists:0.025745407220763326
ct:0.03017739652919914
let:0.012527922514961005
stuff:0.015888133438443596
others:0.01465395773406737
product:0.0433793252472452
databases:0.03234391361092612
are:0.003494083595658834
likely:0.01796961307027026
it:0.0018633447268476737
not:0.0032766848292172003
cool:0.024950146600404365
deleted:0.019094453788034437
ve:0.009919204886018664
moved:0.02423155075941274
generating:0.032455974954419244
per:0.019221875628114223
list:0.0632962738461213
be:0.009431433540284858
which:0.014042307962146932
utility:0.025778445514656707
seed:0.03318168904476991
if:0.007284243693080536
of:0.0031702269385718257
future:0.019046230023466577
mailing:0.04797559536485426
available:0.014679694716381685
what:0.005002402733677343
impression:0.025712568555241788
using:0.01198054662307022
windows:0.014930473812084247
please:0.010409866070137254
they:0.0050702153505855635
thompson:0.031815849760634556
net:0.054051236166823086
pick:0.02184812232085877
one:0.010688162041039374
in:0.005793903322646428
our:0.012118344690110834
rep:0.029887472721018202
use:0.03614738103798583
and:0.005187464870798775
for:0.0070728013676537825
subject:0.00014509215702183858
i:0.001037492974159755
back:0.011447590869932269
directly:0.019741849595089022
allow:0.019055840605296696
addition:0.02155089467794236
will:0.012318536357644395
currently:0.019559421205746177
the:0.003686835374946455
original:0.01677265224605152
regularly:0.026999473257173265
can:0.004698728219770181
major:0.01780667376477061
leland.stanford.edu:0.02743103183111028
junk:0.08573042810625751
an:0.004879881187835526
btw:0.020390165871974644
actual:0.022078026558308168
ted:0.0243832289557012
about:0.005353348806097128
company:0.036588348256862496
is:0.010221241240405693
either:0.013606319060398685
done:0.014394910605547274
write:0.017685727853193008
assuming:0.021566139519940228
time:0.008584293314694095
does:0.006622221817051768
dale:0.052454571366370745
their:0.016453082810670802
marketing:0.026917126490756952
first:0.010204102333646962
article:0.004403983045198919
by:0.01076560298714311
range:0.021736717312443875
s:0.0033719363090000997
