22:0.06509916562894924
all:0.0298146197076966
displayed:0.08297657670887151
with:0.009137927762336677
unusual:0.07835604164404268
both:0.03508912628606622
montreal:0.23111463359929596
value:0.11668290061739586
2.00:0.09964632030814541
class:0.12400530223965632
on:0.01584402578872781
inside:0.05865711761053417
canadian:0.07582293462097339
cover:0.12263145463274644
2.50:0.10622778069996265
are:0.010045490337519149
desk:0.08366350051232646
mint:0.09331092799395534
mailing:0.137929836673956
stadium:0.08956603966168315
never:0.03443655048221657
again:0.03815420528293778
order:0.04381745095519519
1976:0.09118386277013378
pad:0.08719407071062059
over:0.06268564851622993
rings:0.08931196902306159
in:0.008328736026304242
and:0.0029827923007092957
for:0.010167151966002312
subject:0.0004171399514377859
1972:0.09147056806182435
games:0.05202922330638634
face:0.11216473721704874
containing:0.07519785126763434
the:0.005888695390539477
booklet:0.11047674500439456
including:0.04968699541453484
heavy:0.07002825370018137
2:0.030443899251490762
issued:0.0824805032977062
1:0.03060193581132357
first:0.058673588418470035
plastic:0.0795235970533542
under:0.03792692854852561
alex:0.08764052965505896
