ask:0.042240037454440105
andrew:0.054571857379304325
with:0.008475759083906484
height:0.07776468968178009
sell:0.05043583042000823
to:0.001997390087088161
keyboard:0.06586642081120284
make:0.02550841280216962
rev:0.07680877710508738
brand:0.0652980046785466
8:0.08557945746011207
computers:0.06286621545780681
a:0.0020239190229657898
hard:0.03919178844312332
buyer:0.08150134343978153
drive:0.12277407603504298
also:0.042999916860277286
stuff:0.042368355835849594
whole:0.043361093840975216
computer:0.03885076674152631
model:0.21211313110629273
forsale:0.14932616000846058
drives:0.11730558410885975
disks:0.1249191569215511
call:0.038506610115923295
without:0.032568267895688334
1/4:0.08087565978956113
parts:0.052879637846613925
shipping:0.05946822449770724
email:0.039766647231419434
in:0.0051501362867968255
floppy:0.19152265624338424
5:0.03766482444808236
system:0.06478905302152246
or:0.029317889465351535
offers:0.06550855686061775
and:0.00553329586218536
for:0.004715200911769188
subject:0.00038691241872490284
will:0.01642471514352586
64:0.07339096970158701
pays:0.08431519872153455
jonathan:0.06928268651440676
unknown:0.0683932814944605
either:0.0362835174943965
1/2:0.06874252137241789
disk:0.050738825852172195
2:0.0847134587867569
1:0.028384404230792876
processor:0.07083004847709815
