school:0.019763719977152747
out:0.0064031364080459775
block:0.02384662656067028
know:0.006705843074229901
printing:0.052820584574051054
access:0.01821943950010068
own:0.0123178838888478
your:0.006847457729245992
much:0.009495635160651801
custom:0.028979570086979253
such:0.01045118045362934
from:0.009201872330762778
post:0.01403574893712598
my:0.005164207942012507
to:0.003745106413290301
ha:0.030725248154861995
h:0.019202076762470197
us:0.02238996071940213
make:0.019131309601627212
view:0.018507330178177343
nt:0.007761723388287375
me:0.00588906891524209
account:0.044291080507905
re:0.004064570682371419
this:0.00570633085186325
he:0.008642028301740408
apr:0.020256566723032603
on:0.005510965491731412
enterprise:0.03358444976299667
you:0.006041293363138281
material:0.022949454004368926
them:0.007966625932240439
more:0.006909886009895249
a:0.005312787435285199
practical:0.026085191769574925
million:0.021269082930060534
commercial:0.09057275217940763
joined:0.03133458129682235
let:0.012527922514961005
jack:0.02323236901499965
official:0.02204458163670829
business:0.019655237680617214
are:0.006988167191317668
no:0.018354550046453963
internet:0.04657392298556423
permission:0.02716800715251327
book:0.0169005353841504
it:0.0037266894536953474
not:0.006553369658434401
ones:0.018438206415091613
should:0.008928326859964563
ban:0.02874577995065485
have:0.008335607823059556
plug:0.025778445514656707
businesses:0.03161819952057545
only:0.00724747955581134
ve:0.009919204886018664
whether:0.01552966622218383
date:0.019444560814039797
kind:0.014975688570451411
his:0.01002407087774596
be:0.0031438111800949527
writes:0.0035938173424867517
get:0.007143336822234361
of:0.009510680815715478
standing:0.026876416318315874
gives:0.019763719977152747
year:0.013449786501139411
gmt:0.023028795305570844
oh:0.017552805348594963
fact:0.013034060481678473
administrator:0.0299585166425799
groups:0.019998834774382565
they:0.0050702153505855635
who:0.007027461273010045
good:0.008804401366084234
one:0.005344081020519687
in:0.0019313011075488096
our:0.012118344690110834
point:0.011964869354674243
or:0.007329472366337884
use:0.009036845259496457
unable:0.024865446975313614
and:0.00207498594831951
usenet:0.04439346335482339
word:0.01667867671827945
for:0.0035364006838268913
subject:0.00014509215702183858
half:0.020552410236918565
i:0.001037492974159755
employer:0.024565708822731656
pay:0.01811327207607545
any:0.005561343838526126
psilink.com:0.033870557010200045
the:0.0032771869999524044
users:0.021460312870957513
do:0.0039039017331874816
got:0.012022575117557468
rule:0.021460312870957513
major:0.01780667376477061
last:0.011848709522062488
an:0.009759762375671052
just:0.012765093081150933
newsgroup:0.02089219478573016
long:0.01293647415819883
people:0.008180832283006072
dear:0.026120368478844583
15:0.01816201484772089
frequently:0.025363862336669582
is:0.0043805319601738675
new:0.018739125705255943
violated:0.029679748738299733
provided:0.021945464313068173
type:0.017611481034411392
does:0.013244443634103535
matter:0.016417951151633383
unless:0.016728594705111365
1993:0.016465520668533355
first:0.020408204667293924
taste:0.027998655001586357
supposed:0.019829864192480222
article:0.004403983045198919
difference:0.034860367900373765
by:0.005382801493571555
