go:0.017526416682829973
tank:0.04179363707607421
small:0.026925638741135238
pass:0.03657004702875041
storage:0.04525062015239636
your:0.011350740740371734
gld:0.21029791774012835
with:0.010537430212424276
though:0.02239229010460072
ca:0.01852746482966055
cunixb.cc.columbia.edu:0.04765066226054498
single:0.029292132166778152
to:0.0012416208649466945
near:0.03247545745478851
ii:0.033075673919910974
make:0.01585658093107841
that:0.006250533791612195
like:0.010492243815393452
nt:0.006433140105607554
along:0.031477129830101216
me:0.009762060183824727
account:0.036709724384930274
so:0.009205500877341623
this:0.004729571516859631
best:0.021938523242895802
these:0.01492464840629678
big:0.02500703201682484
you:0.005007198102781278
dare:0.09064713598465973
great:0.022713970168762854
etc:0.020921837724848968
them:0.01320593848227244
paint:0.043966268218568694
a:0.005032447300347369
other:0.012426198088575773
nor:0.03112197294572435
classic:0.04608750075503326
labels:0.05399056577307185
gary:0.07648069267608393
l:0.05954883925681735
70:0.11626586100980019
are:0.00579199442883987
no:0.01014185347912171
model:0.06592705426276667
compact:0.05273978699060143
not:0.010863243397765133
bag:0.0477459965788381
je:0.05002379244479858
selling:0.037565559777923786
electric:0.1412967536670209
be:0.005211362676914156
things:0.020132666019281528
but:0.0059935425427964885
macintosh:0.04230275608745567
anyways:0.0509319428873388
accept:0.03218118892488949
in:0.0016007180350854997
or:0.0060748779973250925
offers:0.040721535345789414
for:0.017586425022274272
subject:0.000240513125153318
winnipeg:0.04701015846159245
offer:0.03166814070983638
i:0.0017198081733819362
example:0.025327559853674818
acceptable:0.041695176981189616
any:0.009218804200800066
will:0.010209958062191752
the:0.0006790567657559036
do:0.006471332602761231
would:0.008402249064003388
her:0.029787466711078632
colours:0.0554434319676315
forms:0.04312481619074526
friend:0.03129008486209735
just:0.010580077148341315
trade:0.03800975582282608
chips:0.03741208061438714
heavy:0.040376650782086555
2:0.017553239208066746
sale:0.05720490367754288
smith:0.07095024422462094
instructions:0.04353572169752051
domi:0.05273978699060143
mine:0.029416567971171047
built:0.0332657444511239
jets:0.04657902313566781
