another:0.020159139367168896
marc:0.04357494904792269
posting:0.02999262324505673
printing:0.132531648567619
whom:0.03825737090319802
my:0.017276622933278203
to:0.007517449964131804
legal:0.03435741085303114
that:0.003153678413040698
think:0.013088618432077774
like:0.010587627850078846
through:0.021540575400225696
me:0.00985080618549586
requested:0.047617547423026735
this:0.009545135243116709
formal:0.05139496054995097
on:0.013827513415616997
you:0.025263590427669177
regular:0.036791296834142374
am:0.014857603242739686
fun:0.03742047868121668
a:0.002539098410629809
basis:0.03388371160943635
was:0.00804964667364896
college:0.03745013909607866
business:0.032877852120305154
are:0.005844648923647504
those:0.033743920987046545
not:0.016443000233889952
only:0.012123056711538968
be:0.005258738701249739
of:0.0053029250608837815
trying:0.024512074755167236
but:0.012096058586371096
toward:0.04065874885812154
who:0.02351005225879724
up:0.012213276094112588
one:0.008939190070687476
fellow:0.04375147710116907
intend:0.046268274649224256
rather:0.023395305935571483
use:0.03023235504995178
usenet:0.11138723532664778
for:0.011830867742257235
subject:0.00024269960810925723
offer:0.06391206579621524
i:0.00867721396569977
information:0.022171102586216043
grow:0.04770891411260403
will:0.01030277586275713
the:0.0013704600181619145
users:0.035897250620510746
thing:0.020581203955681422
thank:0.033004493697904674
would:0.008478633146403418
can:0.007859690840342848
did:0.014944645849481502
put:0.022613266359516174
an:0.024488131051683727
myself:0.030298564199980754
people:0.013684301273391975
many:0.01684728206889176
about:0.00895469254838065
dear:0.04369225272824912
is:0.007327435278836288
having:0.02378992174927601
write:0.029583399318068304
privately:0.054676900054835796
advice:0.03536233698393862
give:0.021483966103236423
aware:0.03724452010891708
