large:0.08678359767790074
at:0.012767608876151174
transportation:0.08748460743116976
with:0.008475759083906484
yard:0.08748460743116976
from:0.012269163107683704
to:0.001997390087088161
schools:0.07134955763323056
city:0.05333022606502017
garage:0.07969992725604853
front:0.05097030332414396
location:0.13306744853548996
master:0.06892034880128477
two:0.02702593380656973
pool:0.07650365523265502
brand:0.0652980046785466
owner:0.06495374256248707
sq:0.19318975571516195
minutes:0.05775604707300831
no:0.016315155596847968
place:0.03941199445386124
only:0.01932661214883024
92:0.12705840256164852
101:0.0840586831113983
san:0.0585212381681818
excellent:0.05645022338174474
utilities:0.07493147200085691
up:0.01947044015003456
one:0.014250882721385832
in:0.0025750681433984127
or:0.009772629821783846
nearby:0.07712046123872453
and:0.01106659172437072
for:0.014145602735307565
subject:0.00038691241872490284
space:0.0443117790943928
foot:0.13968753280216686
car:0.04432816434613608
house:0.04982423107956799
room:0.17339254262254808
the:0.0010923956666508015
neighbor:0.07339096970158701
living:0.0533913770149145
houses:0.07401307179893532
new:0.02498550094034126
suite:0.07665541320174626
entry:0.07233434983480312
lot:0.03592106359804914
2:0.028237819595585634
sale:0.09202527982909071
hook:0.07453072516997995
nice:0.045793325460213884
wall:0.06502194388186987
construction:0.07576782443014164
side:0.04667194316769845
by:0.014354137316190813
