at:0.009898483286004843
out:0.026475889866976625
effects:0.04833524558834389
shifter:0.15073272329419962
ever:0.02970137142505461
access:0.03766715582043287
with:0.013142188242461737
way:0.019464863140972396
signals:0.057089061435093
item:0.05467827707978042
mono:0.06782514508708666
to:0.003097076764249058
h:0.03969867555387097
day:0.028576438604077214
make:0.019776185206176446
that:0.0038978047801626605
control:0.03426555359484296
r:0.034833929963248654
account:0.04578403827783439
this:0.017696037248474798
reply:0.04035052268938364
contact:0.03910193594360188
3-d:0.06833595827896034
machine:0.03654830735195895
input:0.04794552021769344
a:0.004707317278133916
y:0.04790304018578438
california:0.044713137381156585
70:0.04833524558834389
those:0.020852984879635505
kevin:0.050624295762019274
not:0.006774269759280504
have:0.00574438891177138
made:0.05226021464984273
b:0.03439222861251957
public:0.03330050110180442
if:0.0075297799973416775
outs:0.06497367856151251
again:0.027436731888854135
in:0.003992802289763831
system:0.02511485763193848
and:0.004289858589784155
usenet:0.04588987223195227
for:0.007311210402518516
subject:0.0002999658077754865
offer:0.03949622043586335
back:0.023666929438961096
seperate:0.06352186135387199
voltage:0.05809293896695648
rare:0.05699343570848728
yet:0.029551334187484984
the:0.0033876539774788895
do:0.008070987852881985
last:0.024496208450106718
friend:0.03902471258081804
an:0.010088743129907153
shifting:0.06536796305377397
e:0.10486145042878067
guitar:0.06833595827896034
interested:0.03232669904960584
n:0.04113500557083597
unit:0.04820382941122939
is:0.006037587121138515
9:0.04000936691713513
sale:0.03567272083262505
too:0.021938403009713444
pm:0.05841246633010855
nice:0.03550269052533436
very:0.019586994289701655
before:0.023889823227220722
s:0.006971194166921554
