tv:0.06110743639115585
screw:0.04031381706501969
week:0.027805151648432124
at:0.007104556552051863
hours:0.03158205142379534
all:0.015388190816875664
case:0.01993234763957061
with:0.00943269962563786
eos.ncsu.edu:0.0469173283208539
4:0.020034431485311928
sell:0.02806509918532716
to:0.002222901871114243
antenna:0.04559230371366618
everyone:0.024657360947686318
that:0.0027976179470522323
nt:0.005758697997761601
television:0.0843222562206415
so:0.008240408043426775
this:0.004233729341704992
off:0.0176085278060996
best:0.019638516773882533
you:0.004482249914586466
etc:0.03745683850739089
3:0.018882789876109835
m:0.01103882832351671
a:0.0033786390141445043
as:0.0064525335501372455
aa:0.04816047896462211
also:0.011963686545802954
jack:0.10342151367967586
electronic:0.034787671895238785
it:0.01382481571532145
have:0.016491955262827512
color:0.05959084042908687
60:0.03283596193057272
mint:0.04816047896462211
batteries:0.0425705823472032
has:0.02576067275531978
uses:0.027540283305132557
highest:0.07611510359867378
get:0.010599790123315501
of:0.0015680692384333762
lcd:0.04943168012755424
seen:0.020906974924373812
looking:0.02091843020489229
but:0.010730374552425972
least:0.019416632118600664
they:0.007523545358933416
good:0.013064595575479832
box:0.025552733957311346
in:0.004298702465189285
external:0.06925845673590021
use:0.013409512320543129
and:0.0061580228143675786
gets:0.02691384147090971
rogers:0.04456138942729614
for:0.010495124610066903
subject:0.00021529803945176046
i:0.0061580228143675786
than:0.011537107114673073
portable:0.04125574664361849
phones:0.03994154253467161
the:0.001823595991908999
do:0.005792886442794328
less:0.022168270617711913
hello:0.031203957989127187
waters:0.09847469006834943
adaptor:0.04983498997089828
regards:0.033301351588803735
about:0.00794367887356348
is:0.0086668589319569
picture:0.06597625425315161
1/2:0.03825188689271641
assuming:0.03200136831991131
sale:0.05120761538876822
retail:0.0469173283208539
very:0.014058407191801993
ac:0.04147274223168239
condition:0.030629799100685653
comes:0.024388518848754127
documentation:0.03610584183467081
black:0.028464131905193046
