xt:0.02459477203754179
tv:0.018214716616594535
24:0.0176109795618676
laser:0.023564701826498696
wilson:0.023995529512506806
go:0.00935303967208715
at:0.004235408713723227
watts:0.02718002721391638
mb:0.06584114052822859
much:0.016799969899614724
4:0.011943603385474419
to:0.001987787250131006
sound:0.016592227351578996
otherwise:0.017083580921211712
w:0.029753277452205327
band:0.02395811537576616
pin:0.023429264918004965
keyboard:0.021849918442177867
100:0.016242846628995538
memory:0.03251569448237803
russia:0.024637507361663164
mainly:0.023137800390041336
me:0.005209560963483388
16-bit:0.028711054767370875
michael:0.014445650008046583
phone:0.014121861183699852
ide:0.021778338574419454
age:0.01982109916304626
contact:0.01673111682202196
set:0.012737570115990006
you:0.0026721105260034705
used:0.0569556781251019
am:0.007857386330295027
etc:0.011165019170472287
brand:0.02166135732124863
28:0.02126233366946513
deskjet:0.060737883441393
more:0.006112591470291952
a:0.0006713962143492285
hard:0.013001122127766872
bigger:0.022410177174177637
ps/2:0.029834203090358884
controller:0.020249464522594553
series:0.017246876734459935
noted:0.02145770696625276
as:0.0153868107734042
following:0.013160164774229623
local:0.02938830242226877
drive:0.06787989780783626
scsi:0.020336405269870014
colorado:0.022659623498067116
250:0.02197163867287157
486:0.022922723977342335
chip:0.015540405566361895
cheap:0.017866496242340615
computer:0.025775989472743416
27:0.021241107620382838
model:0.017591113036459376
dot:0.027719052685650548
amps:0.029709320944189363
digital:0.019852728831786844
laptop:0.028812273080821994
have:0.0024579356401329467
due:0.0159381850235504
desk:0.025742615542254297
systems:0.014425082309051013
only:0.012822463829512371
kind:0.013247724504630097
bed:0.027403681135237987
101:0.02788485160906963
1200:0.02696631681694122
pitch:0.023995529512506806
1/4:0.053657889668074214
stereo:0.04962470360958474
if:0.003221877018093314
of:0.002804431522582769
monitor:0.01801574923119619
expansion:0.022224733545397637
intel:0.024305810864129748
density:0.05379428038915071
macintosh:0.02257502848897875
street:0.019173213847685604
heads:0.023330133729530276
shipping:0.019727439857412498
please:0.03683491070971644
david:0.012002140573771606
email:0.013191820475807409
in:0.0008542293360312042
703:0.02788485160906963
5:0.03748374356131274
external:0.02064434768089333
or:0.02917693807369119
offers:0.04346240791714062
better:0.010751037842795208
and:0.000917782246372091
vcr:0.029129378695205634
for:0.0062567089021552695
subject:0.0001283507542885495
i:0.000917782246372091
tape:0.03989777176652244
info:0.01416055509323268
back:0.0101267150003247
386:0.022688155880373918
possible:0.012389286648868184
any:0.009839300637392379
pretty:0.013836634889036668
the:0.0003623812548024293
130:0.02590746685705541
1.2:0.051485231084508594
adaptec:0.029353032616527233
17:0.01890530653115628
interested:0.013832097189494809
new:0.01657691889311103
disk:0.03366325945961425
items:0.04455398316999627
receiver:0.02619543869157978
printer:0.04178780939642145
tapes:0.025087151871330586
2:0.009367353615843312
sale:0.015263808433190527
unless:0.014798372239136978
virginia:0.023462768135870796
1:0.1789036247431224
wanted:0.014640192257433186
various:0.017137398934399944
resolution:0.021479913436715712
beck:0.028812273080821994
capability:0.0235991657182228
full:0.014854146557323334
progress:0.02414816748517306
condition:0.01826007254079337
give:0.011361712843057726
hp:0.041592764481310815
high:0.026897344477322324
s:0.005965733469769407
