sent:0.0574637898170252
24:0.11447136715213939
at:0.02753015663920097
mark:0.09386324888413095
reserve:0.0826441173581327
hours:0.12238044926720694
my:0.014847097833285958
to:0.004306872375283846
receive:0.06691279330477352
within:0.10113906926008805
otherwise:0.05552163799393806
100:0.05278925154423549
mail:0.04787992976306025
re:0.005842820355908915
phone:0.045896048847024515
them:0.04580809911038253
payment:0.09502969198167922
as:0.012501783753390913
expense:0.17267538403077257
after:0.030143963869764864
robert:0.04992831295246412
personal:0.05240461673743306
be:0.01807691428554598
if:0.01047110030880327
find:0.03306948027614672
u.s:0.05512097501560466
or:0.021072233053221416
for:0.005083575983001156
subject:0.0004171399514377859
offer:0.05492443154362247
i:0.011931169202837183
portable:0.07993300912201082
the:0.004710956312431581
when:0.020432413169433374
would:0.014572650720380876
goods:0.18662185598791067
receiving:0.0795235970533542
return:0.05766199543463951
either:0.03911816729864622
right:0.03031052490297343
sale:0.04960737740786921
cellular:0.08199969613103818
by:0.01547555429401822
check:0.10341598639336529
s:0.009694316888375286
cup.portal.com:0.08419926728543008
