all:0.0454318014593472
work:0.04821601104738818
to:0.0065628531432896705
asking:0.0853674479675808
so:0.02432882374726
reduced:0.11902174562053433
2.0:0.11166211447674414
best:0.057980382856224616
you:0.02646661854327247
want:0.04506185637409956
price:0.07452724290104673
3.5:0.11427798299051872
1.5:0.12695811657152814
verify:0.12858212252454085
only:0.03175086281593539
disks:0.2052243292282625
manuals:0.11636365106951838
if:0.01595596237531927
inch:0.12519364104405858
bach.udel.edu:0.14775033911415827
they:0.022212372012089133
or:0.016055034707216316
registration:0.11774430006119335
still:0.04861212100546541
for:0.015492802995813047
subject:0.0006356418307623404
steven:0.1068217649487862
175:0.140282301998562
upgrade:0.1052991762678273
can:0.020584904581850316
n:0.0871670356143905
opened:0.1211788145574921
sale:0.151184388290649
iv:0.25136915290729506
included:0.08911384405954688
