dennis:0.4172507534403412
w:0.23802621961764261
modem:0.32795158281037
manual:0.30227672283713564
baud:0.4172507534403412
mint:0.459376876277934
25:0.5657973151214789
shipping:0.31563903771859997
box:0.2437337700543544
external:0.3303095628942933
subject:0.002053612068616792
2400:0.428187252577306
