since:0.014931504652266277
go:0.014518151132791993
at:0.006574365764585306
know:0.009208023325808222
story:0.02682878752248212
pass:0.030293098658144
send:0.021890650155792706
take:0.01586379948011719
your:0.009402479270009421
much:0.013038782608656204
profit:0.0412359126043636
such:0.014350874652744766
from:0.006317703391269967
sell:0.025970688798362444
to:0.004114027343554719
remember:0.020765851018815163
then:0.011909554849073158
make:0.013134928980221668
that:0.0025888404883169912
quite:0.019822383448577622
through:0.017682561895707664
signed:0.07380985973985255
nt:0.010657888831678187
me:0.008086482689586155
had:0.0114508095946428
this:0.003917779390831485
on:0.007567295899093879
you:0.00829550730460779
harvey:0.04164492929462476
serious:0.02684323609730948
card:0.02284259960085255
a:0.006253003548565948
how:0.009816141770366599
looked:0.027798531376714064
was:0.01982375673361311
hearing:0.03384203511283454
as:0.005971001195649391
idea:0.020689375337766838
private:0.026490157639362324
worth:0.026232564319342073
it:0.015351735659998743
not:0.004499328422208693
have:0.0038153030831914393
only:0.009951762972158855
whether:0.021324317797625555
safety:0.03084084615780719
after:0.014397117072126502
has:0.00794607816333247
if:0.01000224507109566
of:0.001451049146012975
available:0.020157192744882313
what:0.006868970917885307
tend:0.031788090251786076
never:0.016447307692998958
please:0.014294144454516827
box:0.023645813512735873
in:0.003977903773757249
or:0.015096525172457133
rather:0.03841020377481885
and:0.0014246172182492158
for:0.0024279765888960744
subject:0.0001992310215822261
i:0.008547703309495294
away:0.02066405661435575
house:0.051311521559555096
any:0.015272944272967272
will:0.008457502573905108
currently:0.026857712700427586
joseph:0.03047909424361009
the:0.0016875067387814619
do:0.01072116296875368
interest:0.05451917905474456
see:0.013204371353814746
would:0.013920143971707105
can:0.006451985018191891
because:0.013169569394735178
scanned:0.04692352493307178
senate:0.038796339577460155
may:0.013888250204774856
an:0.02010219713197918
about:0.0073508670173274
gif:0.03495556047243659
paul:0.02444046635156013
is:0.006015058810985012
sale:0.023693075776892756
senator:0.04396907973089258
e-mail:0.020520117736210944
kennedy:0.08630831928320319
while:0.016196585864765092
john:0.04002206566540068
s:0.0046301214989255095
