50:0.12325654604030109
send:0.10476239717415081
obo:0.20974316032031823
to:0.0049221398574672524
asking:0.1280511719513712
reply:0.128257018548398
multimedia:0.21638967030724182
chen:0.20032121064013475
on:0.05432237413278106
sam:0.17608733988517788
brand:0.16091294010070412
following:0.09776122403713433
cd:0.15940010889216333
forsale:0.18399116143899605
have:0.01825895046955903
subject:0.0009534627461435106
i:0.006817810973049818
cd-rom:0.3679823228779921
program:0.09916547972800267
the:0.002691975035675189
thank:0.12966051095605408
new:0.06157141303155524
tammy:0.4413956254565276
rom:0.179967119920992
