at:0.011904932600735555
pioneer:0.08316514795144725
all:0.012892808522247178
send:0.0396398259577868
switch:0.0574609921893267
times:0.03797940731747333
to:0.0018624312974200418
line:0.038159510118999845
clock:0.05797487591350562
t:0.03481450074324922
think:0.019456054426061558
memory:0.045697732786044803
bit:0.03682546213588784
nt:0.009649710158411332
asking:0.048451794792410734
this:0.0070943572752894465
best:0.0658155697286874
you:0.007510797154171917
orion.oac.uci.edu:0.14564197584506824
great:0.03407095525314428
8:0.039898530842890086
a:0.0018871677376302637
controller:0.056917413793238746
features:0.058454696027788175
cd:0.2412542188638148
it:0.004633181482972594
be:0.007817044015371234
considered:0.04652490482719206
of:0.00262757548061809
loud:0.07313896761726647
email:0.03707971160767488
in:0.00240107705262825
or:0.00911231699598764
offers:0.06108230301868412
and:0.0025797122600729047
for:0.004396606255568568
subject:0.000360769687729977
station:0.05589175861854266
offer:0.09500442212950914
car:0.04133301810653229
top:0.045697732786044803
face:0.04850367014791297
any:0.013828206301200099
will:0.015314937093287628
the:0.002037170297267711
original:0.04170497315234432
watt:0.08157348530744207
would:0.025206747192010166
radio:0.04847770757794144
amplifier:0.07961968491810277
including:0.042972536574732836
interested:0.03887940831641784
is:0.003630711174198161
handy:0.07091865611333031
sale:0.042903677758157156
1:0.02646653908006363
nice:0.042699181848037275
update:0.058673543134814946
very:0.04711466194009317
remote:0.12177195467080312
condition:0.05132560930385164
comes:0.04086724780061503
iv:0.07133448933855673
include:0.04542599017898111
