cable:0.05914585566286642
fast:0.047695861985589554
mb:0.06253405127795227
with:0.03204533571449574
my:0.01301663371685344
uxa.cso.uiuc.edu:0.12215357095156011
quiet:0.0690284843532572
larger:0.05829933896055867
had:0.02101929432441281
reply:0.04919447286787869
hi:0.04316461178101924
chen:0.07683553284827087
great:0.034537680667570916
working:0.04340464398228229
came:0.04135242099284858
includes:0.05161307358126505
a:0.005739058051423541
hard:0.11113287955789763
was:0.012129604576731309
40:0.052390509424997234
drive:0.15472897253731444
scsi:0.11588965194884829
also:0.020321878516158444
reasonable:0.05120968726172668
it:0.0046966497224653694
have:0.007003433056817162
call:0.03639665887669462
never:0.030190948367970687
hd:0.061076785475780056
shipping:0.056209691648517794
email:0.03758765286257453
or:0.02771142976861994
message:0.044483834089859196
and:0.010460203136733967
for:0.017827334954086244
subject:0.000365711738246826
offer:0.048152926284819694
power:0.03701171616671975
quantum:0.14190852899750592
the:0.0020650767396960357
10:0.03959413366981047
problem:0.028980346466377864
new:0.023616432395665025
sale:0.13047419811384778
leave:0.04839975512732214
replaced:0.0592554452884428
condition:0.05202869984226056
by:0.013567609244070768
data:0.040196515386380985
