bottom:0.07735369185946588
technology:0.058063235962361084
sound:0.059503160157386735
t:0.13325550284485044
commander:0.10486034977288741
like:0.040159967707195626
dynamic:0.0950408114178397
a:0.004815531468435845
uunet:0.06512055711064285
are:0.033254036979373736
have:0.00881466574392505
36:0.09030914166436106
alien:0.09773643332112751
end:0.09324942767501757
of:0.0033524238890644594
comfortable:0.09137595896984534
they:0.048254463336607434
in:0.0030634431361119046
and:0.006582714042944653
for:0.028047315768282243
subject:0.000460292360207212
i:0.0032913570214723265
research:0.053229853112703056
the:0.0038987224654606187
would:0.016080166312144414
pair:0.1761000673836737
an:0.03096200477799092
unit:0.0739679451310244
today:0.04895045285859229
new:0.02972413042902667
sale:0.10947835014150446
nice:0.05447826649577169
very:0.06011181006149818
element:0.09174675561158607
brett:0.18061828332872212
condition:0.06548439807732795
high:0.04822972113175037
