hours:0.06526957294251037
adult:0.09324341934119457
4:0.04140449173631132
ohio:0.08454026296758947
from:0.01410953757383626
work:0.03375120773317173
dealer:0.07370942338747911
1987:0.08482517019024448
young:0.06256759211790311
garage:0.09165491634445581
perfect:0.06750144656894815
rob:0.1466894230666413
re:0.006232341712969509
this:0.008749707306190317
firm:0.08713299809466289
you:0.009263316490145364
1989:0.0788518769027415
size:0.060014618951097796
a:0.0023275068764106585
price:0.05216907003073271
drive:0.04706339581343314
not:0.010048500142932747
only:0.022225603971154775
lady:0.0854100255204323
mint:0.0995316565268857
be:0.009641020952291189
kept:0.0665629270429029
again:0.04069781896846696
disappointed:0.09819761139899341
well:0.028047798502555746
please:0.0638471785635085
in:0.005922656729816349
or:0.011238524295051422
and:0.003181645120756582
for:0.0162674431456037
600:0.08193077862273046
subject:0.0004449492815336383
preferred:0.08511503256877562
will:0.01888842241505474
the:0.0012562550166484215
bought:0.06105139581447434
dirt:0.09277390472508296
is:0.008955754229688797
new:0.0574666521627849
sale:0.05291453590172716
cincinnati:0.10299231260652311
bike:0.12574542248395143
leave:0.05888636873824194
davis:0.1650917091433093
honda:0.08032033136124594
condition:0.06330158480808368
