francis:0.2631243947135582
look:0.11291277734647193
like:0.05545900302422253
months:0.16170450190380095
a:0.006650019646887595
old:0.25218219831831656
display:0.17552959128264178
available:0.12862208703877284
toshiba:0.29188230170555834
ho:0.5575348910435007
subject:0.0012712836615246807
175:0.280564603997124
program:0.1322206396373369
an:0.04275705421722555
makes:0.13299894677390353
new:0.082095217375407
printer:0.20694915129656336
sheet:0.24801768639482843
by:0.04716359403891267
