above:0.04537760050214242
since:0.03334702705672802
studies:0.07031804827222825
from:0.01410953757383626
cash:0.08468210779538794
that:0.00578174375724128
really:0.03252326238651543
need:0.032020033191620605
best:0.04058626799935724
on:0.008450147087321499
m:0.02281357853526787
a:0.006982520629231975
local:0.0509397241985992
250:0.0761683473992881
international:0.0660894103456899
plus:0.05959833089966118
computer:0.04467838175275526
brian:0.18680387573893895
it:0.005714257162332866
have:0.017041687104921762
won:0.0720273247443131
campus:0.08632768847348277
university:0.039172335026644224
shipping:0.06838845817236332
up:0.022391006172539744
david:0.08321484131148313
olson:0.19576028296563036
in:0.0029613283649081745
and:0.003181645120756582
for:0.0162674431456037
subject:0.0004449492815336383
offer:0.1171721206263946
i:0.012726580483026328
6:0.09794498775197315
the:0.0012562550166484215
ibm:0.13134890230398888
putting:0.06700090845063357
an:0.02992993795205789
just:0.019573142724431433
here:0.030006681760389935
economics:0.09918800174017343
sale:0.10582907180345431
nice:0.05266232427924597
