sells:0.06439511329379483
stored:0.06293110858192745
at:0.011294423236595269
know:0.015818911867414125
technology:0.043175226741242856
all:0.01223163885443963
knowledge:0.047394501857078664
my:0.012182234119619247
to:0.0017669220001164498
band:0.06388830766870976
t:0.0990874251923247
been:0.018810774195146655
commander:0.07797308060035218
like:0.01493127004498299
toronto:0.05150128583513567
ps:0.05776361952332968
this:0.006730544081684859
carefully:0.05961722502090798
used:0.025313634722267508
uunet:0.048422978364324167
was:0.011352065821812635
standard:0.03902621205720816
canadian:0.06221368994541406
are:0.008242453610272121
not:0.007729615494563652
have:0.006554495040354523
36:0.06715295149401207
has:0.01365095479341732
alien:0.07267580939263327
which:0.016562722211763047
of:0.004985656040147145
available:0.03462902343351577
in:0.004555889792166422
recording:0.14698016764994157
5:0.03331888316561132
and:0.004894838647317819
for:0.008342278536207025
subject:0.00034226867810279864
i:0.0024474193236589093
tape:0.31918217413217953
research:0.03958117282739458
will:0.014529555703888261
the:0.0038654000512259126
would:0.011957046744927898
once:0.03439783583237059
an:0.011511514596945343
long:0.030516810834725447
15:0.042843727333085176
unit:0.05500180535383866
today:0.036399054689722474
new:0.022102558524148035
2:0.0749388289267465
sale:0.04070348915517474
request:0.050003859325568355
history:0.042577020568601034
brett:0.13430590298802414
full:0.039611057486195554
upon:0.04446250747042226
include:0.08619290444216927
