looks:0.03423105474373891
round:0.044006826919992394
know:0.012338751256583019
help:0.02140092720041797
ever:0.026434220568298607
your:0.012599322221812625
with:0.005848273767895473
someone:0.0220345811466302
sell:0.03480072298980568
to:0.0027563983201816617
pin:0.04873287102945033
appreciate:0.03839213335414494
male:0.048061478001074034
that:0.0034690462543447683
like:0.011646390635086733
nt:0.01428157103444877
me:0.021671773608090895
need:0.019212019914972362
anyone:0.016729147496413913
this:0.036748770685999334
chen:0.05608993897923774
combined:0.05072415778055368
am:0.016343363567013654
brand:0.04505562322819715
communications:0.042190828963336945
card:0.06121816693028483
sure:0.021820440201592035
board:0.03591196519355144
a:0.0027930082516927903
was:0.017709222682027712
also:0.014834971316795665
advance:0.031635012166766494
co:0.04564985743290516
it:0.013714217189598879
not:0.006029100085759649
made:0.04651159103836003
has:0.053238723694327555
1986:0.05098168274157783
thinking:0.034835265338486555
even:0.01679159447766026
seen:0.02592464890622353
what:0.027613263089898935
but:0.006652832222504103
port:0.0416977713534954
together:0.03558966241450231
one:0.01966621815551245
in:0.0035535940378898095
or:0.006743114577030853
female:0.05388753106267525
and:0.007635948289815797
known:0.03256928747666358
subject:0.000266969568920183
i:0.005726961217361847
the:0.000753753009989053
do:0.014366358378129933
eric:0.039880284803186054
problem:0.021155652920455844
here:0.01800400905623396
is:0.008060178806719916
new:0.01723999564883547
disk:0.035009789837998816
gave:0.03711873913037892
9:0.035608336556250265
2:0.03896819104190818
ports:0.04923119476692908
by:0.00990435474817166
s:0.006204362808560183
