some:0.016920824277294987
music:0.06676316579262441
all:0.027654140018733078
from:0.012269163107683704
my:0.013771221178700018
stop:0.04817323354464692
son:0.061842772454706034
12:0.05149833089292806
me:0.03140836754795782
so:0.01480884923746261
this:0.007608441135817667
big:0.04022870367923996
you:0.024165173452553125
purchased:0.06937470430685108
more:0.036852725386107996
a:0.0040478380459315795
running:0.0438762378615464
usa:0.05282060414534384
no:0.016315155596847968
not:0.008737826211245869
buy:0.04357740761223139
amazing:0.07103562289727143
details:0.05528727365638166
list:0.08439503179482839
get:0.019048898192624963
if:0.00971232492410738
of:0.005635959001905468
looking:0.03759254123777745
but:0.009641785829716091
again:0.03538940779866693
please:0.027759642853699345
email:0.039766647231419434
and:0.00829994379327804
for:0.023576004558845943
subject:0.00038691241872490284
i:0.00276664793109268
em:0.06892034880128477
thank:0.10523171903679752
can:0.01252994191938715
home:0.042454536983497805
genuine:0.08538922730347254
including:0.046086488500438116
deal:0.04777268104000738
ad:0.0627488645848703
new:0.02498550094034126
heavy:0.06495374256248707
sale:0.09202527982909071
records:0.14291146425463713
mass:0.061041864068111115
vos.stratus.com:0.07760092801143324
metal:0.14535613522373136
