hours:0.06119022463360347
own:0.035413916180437426
shape:0.07449885292636259
ohio:0.07925649653211513
from:0.013227691475471494
my:0.014847097833285958
that:0.0054203847724137
technical:0.059949175670614065
nt:0.011157477370663102
140:0.08982431000467081
on:0.007922012894363905
used:0.030850992317763525
etc:0.03628631230403493
inc:0.05720336712194377
holes:0.07489444367611713
size:0.11252741053330836
snyder:0.0953973560037135
air:0.06022092165048702
said:0.03424226294786613
services:0.0624478379291142
usa:0.056947213844198825
plus:0.055873435218432355
are:0.010045490337519149
no:0.017589777127851716
those:0.057997364196486254
base:0.06018181024082892
it:0.005357116089687062
not:0.009420468883999451
ones:0.05300984344338838
lady:0.08007189892540528
b:0.04782669291428503
10.00:0.09916551314147738
of:0.006076268298929333
shipping:0.06411417953659061
david:0.07801391372951544
good:0.025312653927492174
in:0.0027762453421014137
or:0.010536116526610708
force:0.0558438143564808
and:0.0029827923007092957
subject:0.0004171399514377859
the:0.0023554781562157906
waiting:0.06836000408415471
flying:0.07762348561437314
pair:0.07979534303322715
expressed:0.06421498633786386
is:0.0041980097951666235
1/2:0.14822606170927607
spent:0.06784128424962978
time:0.024679843279745525
9:0.11127605173828208
does:0.01903888772402383
opinions:0.04461890868000066
earth:0.055008361915527326
golf:0.18017384245672854
god:0.04145590987148789
