pc:0.09802476652934951
cable:0.08465975418410292
stephen:0.0399182282293237
all:0.009353606182806777
menus:0.0573932976074192
with:0.017200805199692568
user:0.03707493611365702
4:0.024355583374300774
drawing:0.09300458773915361
both:0.02201670668929645
aaa:0.05854803325110923
to:0.0027023512942957466
pointing:0.0501540449393009
256k:0.058754439223637
most:0.01820191631340233
ii:0.035994115736373705
keyboard:0.0445566964311078
software:0.0552114880094364
t:0.025257578970592567
enough:0.023844593401347022
mail:0.030042308870939765
directories:0.05572762077609177
terminal:0.04680584510098825
months:0.03329210333313549
voice:0.03555386570035459
path:0.08697899276590028
best:0.02387427529373955
big:0.027213534841838798
directory:0.04132822832186663
on:0.00497067475724794
link:0.142526121434027
card:0.03000890535798276
sharp:0.05271757141045538
input:0.041834816660536435
3:0.06886664543051822
m:0.026839504159138668
a:0.0013691216920062696
ram:0.03813585361012989
daily:0.043711817056195534
electronic:0.04229089524519225
databases:0.05834588337657261
telephone:0.043893376348031185
friedman:0.11709606650221846
between:0.022773194569082406
batteries:0.05175247265738429
manuals:0.047914444558036985
screen:0.03665007029515733
uses:0.03348034441016114
list:0.028545378401191958
utility:0.046502293869576806
of:0.0019062802506444965
institute:0.03816135146993437
available:0.026481017919747354
excellent:0.03818691581706262
shipping:0.04022850480727254
policy:0.03761516904822843
in:0.001741957861710691
system:0.02191394440433848
or:0.006610896644147895
use:0.016301760075954394
and:0.007486223813544899
for:0.019138168406592587
subject:0.0002617348714903755
fits:0.0501540449393009
offer:0.034462388419527826
i:0.0018715559533862248
pay:0.032674922176449836
7:0.031289495381679466
solutions:0.04615001926932128
measures:0.04972956645152322
about:0.009657021375704624
15:0.03276285031353572
formatting:0.06058371329795477
sale:0.06225239517850254
serial:0.040581548312400316
slot:0.049982041903507676
full:0.030290808665914246
data:0.02876809434515502
