pc:0.09007681248642928
at:0.011904932600735555
lens:0.08458893870358004
send:0.0396398259577868
camera:0.0701235142211285
cash:0.06866116848274699
w:0.04181541695985613
amiga:0.06809566699713211
ii:0.04961351087986646
t:0.03481450074324922
memory:0.09139546557208961
panasonic:0.08536134970141719
internal:0.05354820832595045
great:0.03407095525314428
etc:0.06276551317454691
size:0.04866050185224146
modem:0.17283934769735718
lists:0.06401560714351963
video:0.09447868088824386
no:0.0456383406560477
meg:0.06291506211730107
not:0.00814743254832385
site:0.05277789455998117
call:0.03590481213511767
of:0.00525515096123618
america:0.05321268316846571
host:0.06468722428611791
mailing:0.059645334777926926
parts:0.049306689343464334
least:0.0325359781446822
please:0.025883991309530473
tim:0.05510688242886742
email:0.03707971160767488
pp:0.0670310605396576
external:0.11605471128718414
or:0.03644926798395056
gets:0.04509886949179465
for:0.008793212511137136
subject:0.000360769687729977
24e:0.10189885553414849
any:0.013828206301200099
the:0.0030557554459015664
1000:0.06314346496598489
linux:0.07205730940546193
apple:0.05126171550390643
note:0.04002282566052024
eg:0.06831903594241875
trade:0.057014633734239116
deal:0.04454479718595283
cards:0.05317591168043381
1:0.02646653908006363
wanted:0.041150810669541925
hst:0.07235762206471479
2400:0.15044416982445888
lots:0.049306689343464334
needed:0.09015737000367625
