out:0.014194904808198312
with:0.00704611297336804
shape:0.057444898642014526
response:0.04230841629671497
from:0.010199665716026212
alexander:0.12263880027505226
sell:0.04192858191542853
my:0.01144836459434098
to:0.008302404578860426
w:0.07456243024167118
t:0.06207886879519138
100:0.04070496504615749
enough:0.029302994300450556
like:0.01403179594588763
muscle:0.06811380313848925
you:0.006696373366370143
m:0.016491743519470747
a:0.001682535091381199
drive:0.06804346382665033
nc:0.1262151859405528
no:0.013563201640753132
those:0.02236042956972964
it:0.00826157662024029
have:0.0061596459415379865
free:0.03478925053162332
get:0.031671662055207765
if:0.008074101442932642
of:0.004685315314837076
park:0.10822270527819197
62:0.1397602201129273
ed:0.14342781945791575
good:0.01951819098023493
one:0.011847119370790632
in:0.00428143859986724
for:0.003919865818217759
subject:0.00032165008303636504
i:0.011499922123216561
house:0.04142014390952038
any:0.012328762244443462
research:0.07439352965148861
will:0.013654281263894993
would:0.01123674272414911
charity:0.21982772121063146
county:0.06657364203596051
needs:0.040353573044209
triangle:0.14545633524700516
south:0.05206794559829863
contribute:0.06451161485287824
general:0.07104651477319401
is:0.0032370196010923363
heavy:0.053997689600139856
919:0.13515647946804274
corporation:0.11444217353528365
data:0.07070712345074247
