taken:0.020853679112396585
mode:0.024236615484039437
laser:0.031021885948808406
wagner:0.040771538106701755
vehicles:0.03163869187381292
programming:0.0277707549820464
delete:0.03388901286575249
case:0.01564310827409339
with:0.00740287818720946
1992:0.02497434515749552
to:0.0008722779494245765
sound:0.021842932209673614
player:0.04920586117792661
w:0.05875330737397508
track:0.02879617454301608
brent:0.06777802573150497
that:0.004391197790309833
control:0.019301482721145718
perfect:0.025633460722385374
could:0.009551323767886439
asking:0.02269261275087591
need:0.012159506275298963
pack:0.03260602860944234
dsp:0.03806619624070847
this:0.0033226736605786013
best:0.01541250683519895
extremely:0.02796297712050399
something:0.012599122260528626
on:0.006417833230877088
used:0.024993208966289437
am:0.010343900991780794
great:0.03191456568016047
etc:0.014698253085178706
came:0.019105865395430043
3:0.014819404712896327
a:0.0017677267415777153
aa:0.037796831592488235
modes:0.03144242455265747
also:0.009389222352402318
250:0.02892468888580561
boost:0.03638453063480337
processing:0.03002046819428376
anywhere:0.026748919650977605
display:0.02332988238566758
play:0.02026530527076229
works:0.018829911351586962
care:0.020038081906796817
it:0.00650991322291086
forsale:0.03260602860944234
have:0.0064715267487044665
plug:0.03002046819428376
moved:0.028219021137543952
color:0.023383747510148014
between:0.014701682569913959
has:0.006739078948649057
manuals:0.03093210977797324
june:0.029089090698484473
be:0.007322294394145206
converter:0.03410603231814889
if:0.00848291670586594
of:0.00246127323500935
plate:0.032723237772526115
warranty:0.03249095064056138
well:0.02130212544497905
please:0.01212288200572946
in:0.003373665225844756
system:0.014146976767357754
or:0.0042677940360954765
use:0.0420956842467683
repeat:0.029755929405179574
and:0.004832878664440378
still:0.012922209381199666
for:0.008236680073723392
subject:0.00016896808159505252
car:0.05807550645348208
i:0.004832878664440378
power:0.0171003498744971
any:0.006476501685372198
normal:0.023875713129864196
the:0.0019082354683267165
wrong:0.016730519347024433
cassette:0.03741313145440954
can:0.016415809982994557
effect:0.021939072497610162
home:0.055620817440405354
sony:0.09647328736183437
extra:0.024586555123362348
bought:0.023184074359926966
just:0.014865678018555518
interested:0.018209343135537466
unit:0.0814583699544193
is:0.0034009193277299227
levels:0.029022816648691465
save:0.022927279952033506
new:0.01091138965116169
specifications:0.03716967398081589
2:0.012331706025920309
sale:0.020094127557617907
run:0.016941990053084777
goes:0.02039890630373846
16:0.022069574315349
automobile:0.03597605898203393
easily:0.023410852964527766
adapter:0.03163869187381292
e-mail:0.01740313782691308
remote:0.028516217233036174
random:0.028248120563168187
ac:0.03254822808056086
condition:0.04807715301879773
everything:0.019554825847615524
s:0.003926811904152014
