watts:0.07691762803394023
all:0.019470772054005943
send:0.03990948463777173
with:0.007956835058361188
c:0.017592501329448704
sell:0.02367396121755488
both:0.015276898519103658
to:0.005625302694248289
deck:0.12412041401688714
control:0.020745811360143016
like:0.007922714717746075
consider:0.08762895451894402
best:0.0993949420392422
pieces:0.034622518444997745
input:0.02902824013180079
more:0.008649109019188611
a:0.0009500028066982279
old:0.01801301416559404
standard:0.041415571979078046
speakers:0.11537644205091034
connections:0.03815642107431138
equipment:0.027448693282589042
also:0.010091817222309975
250:0.03108912138746453
features:0.058852347021174485
dual:0.03777306776443974
are:0.004373546813613779
book:0.0211544116373039
month:0.027032676798552778
desired:0.03715016168603504
drives:0.027530902392895653
per:0.048120069599632886
60:0.027698362444836852
b:0.02082250575860028
channel:0.06593045073138663
has:0.02173009130380716
willing:0.09730339738720192
stereo:0.07021726769247365
if:0.004558846392948362
of:0.001322725071875773
monitor:0.05098334476311303
but:0.004525736205785103
year:0.033670213825981656
years:0.015168540292383629
warranty:0.06984449253345168
excellent:0.026497043628165896
please:0.013030036441532345
pro:0.030617456806504913
in:0.001208705455064561
recording:0.03899473835610695
5:0.05303822218199353
speaker:0.03583938383685476
system:0.04561678222943928
yes:0.018141808642883596
and:0.0064931533076664945
for:0.011066287854152177
275:0.039107182587067565
subject:0.00018161195164638296
offer:0.14347606607313623
tape:0.08468098497384353
paid:0.11254394932713352
seperate:0.038458814016970114
will:0.007709560169410098
reverse:0.03411419500148797
the:0.0015382714489572508
level:0.023949218793154755
cassette:0.04021275353603202
pair:0.03474082961990842
auto:0.03214358224560733
shelf:0.03732239167232273
10:0.01966239291085826
is:0.0018277049448344482
new:0.011727888196486713
receiver:0.1482626189890774
sides:0.03098526103283332
2:0.01325448674894836
sale:0.06479330926742101
150:0.03206259651427183
e-mail:0.01870541344661406
950:0.040625165929341095
remote:0.030650083828705543
full:0.021018112135532334
condition:0.02583738155431987
