obo:0.3262671382760506
from:0.023515895956393765
control:0.08471206305391732
asking:0.09959535596217761
lh:0.3378833492681928
two:0.05179970646259198
series:0.09964862113243517
price:0.08694845005122119
steve:0.35635042742604295
fail:0.12680515953584764
350:0.1538620919254684
list:0.08087857213671054
monitor:0.10409099555802244
sense:0.09128672351008306
lines:0.0981439478970699
for:0.018074936828448553
subject:0.0007415821358893971
each:0.07072248326001708
power:0.15010307112058566
research:0.1715184155853765
currently:0.09997037505159156
the:0.0020937583610807025
supplies:0.3077241838509368
pair:0.14185838761462602
current:0.08784015899252272
f:0.10322864495574577
2:0.0541224875582058
