watts:0.07744446110266584
all:0.01960413350643064
send:0.04018283727227702
with:0.008011333928623935
c:0.017712997913896984
sell:0.023836111636853202
both:0.015381534810330395
to:0.005663832164756839
deck:0.12497055383892061
control:0.02088790595850016
like:0.007976979887045706
consider:0.08822915283756692
best:0.10007572931348359
pieces:0.03485965898229225
input:0.02922706369434737
more:0.00870834949192278
a:0.0009565096752372569
old:0.018136390974947424
standard:0.04169924028030461
speakers:0.11616669165399877
connections:0.038417766424135434
equipment:0.027636698031099926
also:0.010160939258079222
250:0.0313020605750499
features:0.0592554452884428
dual:0.03803178740666193
are:0.004403502613707024
book:0.021299304867696392
month:0.02721783211909081
desired:0.03740461484826815
drives:0.027719470217504528
per:0.04844965911743859
60:0.02788807725610286
b:0.02096512566105645
channel:0.06638202916105367
has:0.02187892754561406
willing:0.09796985901314166
stereo:0.07069820788214812
if:0.004590071368242529
of:0.0013317848326420455
monitor:0.051332545754641204
but:0.004556734398975412
year:0.033900831728899336
years:0.015272434403975297
warranty:0.0703228794686123
excellent:0.026678530228358813
please:0.013119283266474347
pro:0.030827165414768643
in:0.0012169842595513047
recording:0.03926182560512138
5:0.05340149767639074
speaker:0.03608485906861404
system:0.030619483962226367
yes:0.018266067606191018
and:0.00653762696045873
for:0.011142084346303902
275:0.03937504000204747
subject:0.000182855869123413
offer:0.1444587788544591
tape:0.08526099172023972
paid:0.11331479829512758
seperate:0.03872223055133292
will:0.007762365376049893
reverse:0.034347853871361175
the:0.0015488075547720266
level:0.024113254538313346
cassette:0.040488183354771966
pair:0.03497878050771601
auto:0.032363743767837516
shelf:0.037578024491996175
10:0.019797066834905234
is:0.0018402234718538622
new:0.011808216197832512
receiver:0.14927811637941352
sides:0.031197488848126696
2:0.013345270904763073
sale:0.06523709905692389
150:0.03228220333971205
e-mail:0.018833532716796345
950:0.04090342049050097
remote:0.030860015909724075
full:0.021162071807693514
condition:0.02601434992113028
