some:0.029188421878333856
there:0.04588894927885737
with:0.014620684419738683
hell:0.0853345231120474
from:0.021164306360754392
to:0.006890995800454155
everywhere:0.12438914880163626
t:0.1288136527500221
re:0.009348512569454263
vhs:0.30897693781956936
a:0.0034912603146159877
are:0.016072784540030638
writes:0.016531559775439058
things:0.055868148203506246
what:0.023011052574915782
dr:0.09797111512766253
one:0.02458277269439056
in:0.004441992547362262
douglas:0.11275954023139159
for:0.0162674431456037
subject:0.0006674239223004575
the:0.0037687650499452652
sp:0.11797841057794436
jonathan:0.11951263423735166
here:0.0900200452811698
sale:0.15874360770518148
dance:0.14982382002027436
article:0.020258322007915025
random:0.22316015244902868
movie:0.2536207889027684
