thanks:0.07382913499689492
h:0.1308585971960932
bitnet:0.18075021378744907
a:0.0051722375031347965
as:0.029633857785815496
internet:0.10579755344868912
uucp:0.15680105953096568
looking:0.09606982760765348
rutgers:0.19749040355571046
please:0.07094130951500943
or:0.049948996866895204
for:0.01204995788563237
subject:0.0019775523623717256
steven:0.3323343798406682
rochester:0.2072075985359879
the:0.00279167781477427
replies:0.16599289765968916
wanted:0.11278370331652231
e-mail:0.10184058432045431
hp:0.6408366675638999
says:0.09485284238620621
