send:0.0862749153198889
thanks:0.05862901896812244
your:0.03705683006415478
with:0.017200805199692568
from:0.024899183953828695
to:0.00405352694144362
you:0.016347029100256524
vhs:0.36350227978772864
buyer:0.16539978521602725
are:0.018909158282388986
open:0.09720472290451067
if:0.019710306463629684
shipping:0.12068551442181762
please:0.05633574579133102
douglas:0.26531656525033315
and:0.005614667860158675
for:0.019138168406592587
offer:0.10338716525858346
tape:0.12204024305053922
pay:0.09802476652934951
cost:0.09767669424561413
the:0.002216920617614862
just:0.03454084010193782
interested:0.08461988868867411
is:0.007902136085019527
new:0.050705869555398436
sale:0.18675718553550763
dance:0.17626331767091102
movie:0.2983773987091393
