programming:0.04618715039119296
with:0.006156077650416288
4:0.02615020530714399
throw:0.044877585016155894
owners:0.181795682669021
software:0.029639851457697437
speak:0.037741398048825196
make:0.03705432596525692
like:0.04903743425299677
nt:0.0075166163339204055
package:0.04091855824269686
complete:0.038981219476787135
stack:0.06402000301923653
reply:0.03780206862479099
panasonic:0.13298399742957623
on:0.005336935002518841
books:0.038428820137328006
3:0.02464700994355389
a:0.0014700043429962052
drive:0.029724249987431457
computer:0.028217925317529632
no:0.01184995511771063
manual:0.12409254937524515
reasonable:0.039350601790589974
dot:0.06069013640647698
matrix:0.06478127314112733
only:0.014037223560729332
color:0.038890864280035645
disks:0.045365378039931716
manuals:0.051444982578102864
of:0.004093486011910287
monitor:0.039445008843040086
interface:0.04444946880846192
supply:0.04250489930110046
huge:0.04524129429517337
please:0.020162266914792153
box:0.06670608443592857
in:0.007481250606083809
5:0.027356556704396663
system:0.023528656097289737
pasadena:0.05904204103077656
and:0.010047300381336574
for:0.013698899491034694
subject:0.0002810205988633505
offer:0.07400344460614396
300:0.043784427738761594
i:0.00401892015253463
6:0.030929996132202046
power:0.02844058189653202
the:0.0015868484420822168
do:0.007561241251647333
joe:0.041889149757083535
7:0.03359503714664532
jet:0.05357379169910177
laboratory:0.05038794312813394
propulsion:0.05612885153688613
cartridge:0.0610531487861735
new:0.07258945536351777
disk:0.03685241035578823
printer:0.1372399634914052
2:0.02050957423258325
sale:0.06683941377060272
1:0.02061604096762851
e-mail:0.02894416607002386
