radar:0.18207743836277795
k:0.2706186468751188
pulse:0.21254571801465735
psychology:0.19980732715970262
80:0.14273791526654675
protection:0.1510704391476058
asking:0.1280511719513712
purchased:0.17095909275616872
state:0.09491833524787914
desire.wright.edu:0.21480210735828348
jason:0.16285345263510873
university:0.08394071791423763
factors:0.1776987840023375
good:0.05785749469141068
for:0.023239204493719568
subject:0.0009534627461435106
detector:0.18890083967573185
program:0.09916547972800267
wright:0.20300776139862
130:0.19245546808098302
spectrum:0.19415646983059925
ka:0.455526035694379
x:0.21751142782472158
condition:0.1356462531601793
