xt:0.2176898971833486
at:0.01874393643520066
with:0.012443135676373347
from:0.018012175626173948
via:0.07272832720458819
t:0.05481432031915834
think:0.030632936755926706
asking:0.07628580456677433
reply:0.07640843658202434
you:0.011825510412951528
am:0.03477311397236948
brand:0.09586302814510032
a:0.005942570748282532
hard:0.0575368809058619
price:0.0665988128051907
was:0.01883959859790182
compatible:0.09586302814510032
drive:0.12016186165131866
it:0.021884389132338634
selling:0.08871866245424553
screen:0.07953845042778825
if:0.01425851956943424
monitor:0.07972927319337889
5.25:0.1209407940247098
shipping:0.08730441468812339
in:0.0037804191892444783
floppy:0.09372385305527314
and:0.004061674622242445
green:0.08953852764578261
subject:0.0005680203594046446
i:0.004061674622242445
20:0.0669113265618217
the:0.0016037298084873467
would:0.019843609491582467
an:0.019104215714079505
is:0.005716438870014126
new:0.03668084180603291
150:0.10028088697016935
e-mail:0.05850416546068652
condition:0.08081053379755364
comes:0.06434417738820238
s:0.013200771933106772
