prism.gatech.edu:0.07621139661458512
go:0.12551175818026628
music:0.07430094257566264
faith:0.060403647102496655
braves:0.07751851290495812
own:0.03655630057335476
your:0.02032148745453649
with:0.00943269962563786
hell:0.11010906208006115
t:0.041552791209684546
next:0.04319967780240605
quite:0.04284192551789357
re:0.006031298431905976
hrivnak:0.20376580251306037
on:0.008177561697407902
you:0.017928999658345865
fix:0.07016191869645942
vhs:0.09966997994179656
more:0.020506758480979447
a:0.0022524260094296694
question:0.03520945295721136
others:0.043489164888199934
no:0.018157189293266287
internet:0.04607312811475171
have:0.008245977631413756
friedman:0.09632095792924422
writes:0.010665522435767134
what:0.029691680741826813
now:0.026643780610939423
one:0.015859853351219717
in:0.002865801643459524
capitals:0.09219300028187002
for:0.010495124610066903
subject:0.0004305960789035209
the:0.0048629226450906645
fan:0.06450896750789796
effect:0.05590924926810332
sp:0.07611510359867378
an:0.014482228041318334
is:0.00433342946597845
does:0.01965304539254073
sale:0.05120761538876822
dance:0.0966605290453383
article:0.01306988516639679
random:0.07198714595129957
before:0.03429345592294587
movie:0.08181315771057045
mike:0.10307780738573237
emotional:0.08582761008825794
blame:0.07221168366934162
