phoenix:0.034169218322524314
pc:0.019264983017328804
rating:0.03178783225819277
at:0.00509228330898515
out:0.006810272249019999
coprocessor:0.07031098597488404
case:0.04286030821919229
thanks:0.011522466155584757
with:0.010141515204443017
further:0.020507713301048478
6.0:0.030822201711006834
yours:0.024429649161008447
often:0.01796138952762258
both:0.025961896905297547
to:0.002389940740041903
add:0.019862545759836522
100:0.019528971669543763
been:0.008481158307638377
bare:0.06880092606254805
reliable:0.02681557060950426
like:0.006732017708142619
nt:0.00412762168625687
seattle:0.028129287052603803
norton:0.030634714567925023
complete:0.021405871967021838
math:0.028209570937925577
this:0.003034580568620919
reduced:0.028895452694002552
internal:0.022905013966013483
two:0.010779129668516251
you:0.009638132764313094
magazine:0.024408667842797008
board:0.020758361383555746
a:0.0032289112736332832
want:0.010939872645735153
price:0.03618663817160651
as:0.004624937342294904
ram:0.04496944587552888
standard:0.01759563318186264
worth:0.040637729697015464
compatible:0.02604371284866887
120:0.029320322416505017
dollar:0.032591952503642004
wa:0.028987206157333707
bios:0.027894916564775194
are:0.007432501521401451
have:0.002955205856344814
drives:0.023393310125755268
systems:0.01734345156232723
components:0.028129287052603803
350:0.0320175451405599
halcyon.com:0.07337101550352083
differential:0.03250631616962385
points:0.021185874499829088
command:0.023793367947594422
details:0.02205099353925049
yourself:0.020267483649564117
be:0.0033437066886559032
simms:0.028987206157333707
if:0.007747403696686812
of:0.003371802061833618
intel:0.029223171443577958
supply:0.09336336262669466
version:0.018037402356448465
latest:0.024082928325160412
using:0.012742315483496651
alone:0.04438396919554328
visible:0.02741753742599326
they:0.010785197971187788
si:0.031284876321836526
david:0.02886063860513866
over:0.011595033251556981
email:0.015860685889988096
in:0.0030811508999044586
cpu:0.025852383667013697
fully:0.024263893091779162
system:0.012920360284638872
or:0.007795508181538558
use:0.009611442356921086
and:0.006620764413135084
for:0.007522517061550844
known:0.01882617773217548
subject:0.0001543176698960595
back:0.012175472370332585
room:0.02305218774750639
power:0.046852981737061414
any:0.0059149552964670934
4mb:0.06705259115244488
the:0.003921258433469062
clone:0.030950659149068745
do:0.004152126698881483
see:0.010227663360758242
less:0.015889396280903335
home:0.016932734403822824
because:0.010200706930026091
gateway:0.027894916564775194
450:0.06833843664504863
cache:0.028050102981169348
five:0.022953656722807036
is:0.003106041929371837
guaranteed:0.029726127379934197
connectors:0.03313425744709666
desktop:0.028941147373234423
else:0.014604348123341368
motherboard:0.07829868613407141
90:0.023306123754591516
questions:0.017480788076563652
pages:0.025988398102910776
byte:0.03121646905220067
sold:0.023737156676542432
various:0.02060450276505889
very:0.01007654619528004
three:0.01686987286978308
past:0.019095459230655278
ads:0.03193995542765735
usual:0.024798501835834773
by:0.005725060548076104
check:0.01912896858143173
everything:0.01785932071631938
