bradley:0.1255820974769255
your:0.028634823231392333
to:0.006264541636776504
internal:0.0900583503663712
on:0.011522927846347498
used:0.044874170644019676
brand:0.10239914370044807
card:0.06956609878441458
posted:0.07757683919277035
a:0.006347746026574523
controller:0.09572474137953789
drive:0.19253207378222648
scsi:0.09613573400302187
brian:0.0849108526086086
model:0.08315798889962614
only:0.030307641778847424
uses:0.07761352567810084
interface:0.09597044401827007
5.25:0.2583735145073346
never:0.05008952797413319
box:0.07201225024333198
in:0.008076350086113203
compare:0.09794797531348894
or:0.015325260402342849
still:0.04640247914158062
for:0.014788584677821546
subject:0.0006067490202731432
friend:0.07893635044756378
e:0.07070203854667788
either:0.05689915243439451
new:0.03918180829280789
disk:0.2387031125318101
sale:0.07215618532053704
2400:0.12650987007965858
respond:0.09190926700137515
