above:0.0160156237066385
some:0.013735727942745343
go:0.011443719128200748
at:0.005182147132084889
folks:0.02178362264879281
music:0.05419598164342452
all:0.022448654838736263
o:0.2883159163129314
sell:0.020471013523415103
im:0.03477220452821592
my:0.005589495654884125
to:0.004864232329732344
cobra:0.0378935471815228
otherwise:0.041804527430729835
w:0.03640401005916887
mail:0.01802538532256386
make:0.010353414607939433
golden:0.03149684725169937
trap:0.03443597856445152
docs:0.12909156649015155
like:0.02055245406191776
hot:0.024609518745655364
me:0.006374051061203204
need:0.011301188185277861
so:0.006010650572852471
this:0.003088131990420112
game:0.017482406517120515
you:0.003269405820051305
regular:0.047612266491243074
am:0.009613743274713916
specified:0.061622708429799306
access.digex.com:0.02630860220231394
a:0.0016429460304075237
other:0.00811357639901124
as:0.00470655388362952
old:0.015575959307896023
let:0.013559633780898969
video:0.04112601403370615
cd:0.21003308465790935
are:0.0037818316564777973
no:0.019866101226750175
book:0.018292344180492196
forsale:0.03030442658995229
purchase:0.025661538112817895
have:0.00601471309585474
money:0.01823658686311253
genesis:0.03234879400392558
command:0.0242132509113755
decided:0.021950782723637378
highest:0.02775962601833985
if:0.0039420612927259365
of:0.006862608902320187
what:0.005414365311744889
ok:0.019199112885358423
box:0.018638464768862394
in:0.0010451747170264146
5:0.015287487570104017
or:0.007933075972977474
streets:0.03250360169991013
weeks:0.021415087560783003
and:0.0033688007160952048
for:0.0038276336813185177
subject:0.00015704092289422526
offer:0.020677433051716695
i:0.00449173428812694
games:0.07834988921432295
water:0.024118218910067945
informed:0.030040599730156103
will:0.0066665020288428495
the:0.0017735364940918894
rock:0.028666394723206073
start:0.016573894634603015
would:0.010972348777698543
hits:0.02913383102528988
road:0.02123913168217947
come:0.014124668673349461
drop:0.025468656802094414
an:0.00528175375624551
documents:0.0285451047984841
just:0.006908168020387564
current:0.018601445433710694
trade:0.02481813468431585
unit:0.07570836736940145
deal:0.019390088186826523
night:0.019693146156376615
keep:0.015584791671328948
mystery:0.03234879400392558
2:0.011461232659384757
unless:0.036212487361652834
heres:0.04379532429248625
axe:0.03477220452821592
comes:0.035578545144064846
going:0.012810680494409896
documentation:0.052672051617637425
clue:0.02983773987091393
included:0.022016361473535112
revenge:0.034888690571134626
s:0.01824812590752995
