lens:0.08129326576707693
wang:0.07783055585468798
case:0.06419769109887677
camera:0.06739142925147415
with:0.030380642950106358
indicates:0.0638421651605692
motor:0.06544258906217892
h:0.045885482133695026
like:0.015125182642969782
asking:0.04656406252777135
etc:0.030160051785171893
8:0.03834404262823203
hard:0.03511991431916246
as:0.010391092989831409
following:0.0355495360135034
drive:0.03667277595851934
dual:0.07211222027756678
manual:0.051033732427048874
301:0.0719355234976216
not:0.007830000111376167
have:0.006639618352566921
made:0.03020233184309093
call:0.034505923350632565
listed:0.05895838304496049
if:0.008703252204719602
excellent:0.05058526510831672
canon:0.4348379630243936
box:0.04114985728190399
in:0.006922585788097031
system:0.058057722837468184
or:0.008757291658481627
for:0.008450619815898026
subject:0.0003467137258703675
i:0.0024792039901999343
eng.umd.edu:0.07602748514229557
body:0.04609975485291626
flash:0.0714194153333422
the:0.0019578000259455925
zoom:0.15797143602149274
10:0.1876864777854652
interested:0.03736462617421974
is:0.003489254894683947
new:0.022389604738747362
items:0.06017680843739756
9:0.04624459293019515
sale:0.08246421179489948
build:0.048462767052186426
japan:0.13453665736127185
dedicated:0.0707617045175142
hood:0.07702697918302451
e-mail:0.03571033476171775
condition:0.09865182048013042
included:0.04860755130520739
soft:0.06939338613234765
s:0.008057614037091147
