k:0.07148417087267288
800:0.09055991104909031
thanks:0.03761106877200308
versions:0.08378156642733497
several:0.05317832777485654
to:0.0026003757737562846
perfect:0.07641673196484695
advise:0.11307458114737688
se:0.19046452290280347
this:0.00990532902587583
programs:0.06666381366593427
on:0.009566204249797922
you:0.010486773385070224
includes:0.07108970512136507
a:0.005269826889986396
hard:0.05102327174670772
other:0.02602467901569643
price:0.05905932456309364
ram:0.07339352958930657
mac:0.12948234470985417
prices:0.08231059394677437
l:0.062357746768931376
meg:0.08784367163547695
forsale:0.0972028777413564
earlier:0.07445182141291116
absolutely:0.07551808953108743
of:0.011006070881079546
megs:0.10303912769522926
latest:0.07861031321231605
in:0.003352447205556424
2.5:0.09181823886981996
floppy:0.08311360553958183
5:0.049035337489012884
and:0.003601862400856508
word:0.05790333049364941
for:0.006138657790793848
subject:0.0005037161677739301
offering:0.1050270619529241
20:0.05933645940387962
the:0.0014221754905453829
an:0.016941474312485598
repost:0.10476681059193664
dozen:0.0972028777413564
about:0.018585210949469275
is:0.005069294846993659
disk:0.0660562072415072
condition:0.07166217148084945
realistic:0.10638505251188804
