pc:0.37031578466643145
software:0.3128650987201396
re:0.041548944753130056
unix:0.44028526845781474
ames:0.5714022263031796
bob:0.8186677808953555
for:0.036149873656897105
subject:0.0029663285435575885
