some:0.016215789932407694
join:0.06368895875685071
cable:0.05996732588040623
k:0.052620292447939754
raise:0.06546113454997166
knows:0.04852724182140604
till:0.06942935161197836
with:0.00812260245541038
both:0.031190334476503302
family:0.0547287092933287
make:0.024445562268745884
like:0.01617554254873157
me:0.015049842783396453
re:0.010387236188282514
so:0.014191813852568333
ti:0.052620292447939754
drag:0.07247399429495502
you:0.01543886081690894
great:0.035017370676842734
a:0.005818767191026646
sensible:0.08265666811681119
jason:0.06333189824698673
amps:0.0858269271721026
d:0.025303391977458824
it:0.004761880968610722
have:0.007100702960384067
buy:0.04176168229505508
settle:0.07731158727090247
switches:0.14904898855674517
party:0.05895386727114803
diameter:0.0844708373170482
down:0.032838410791016084
but:0.00924004475347792
ok:0.04533123875709628
they:0.02591443401410399
who:0.017959067697692337
in:0.0024677736374234785
or:0.009365436912542852
and:0.010605483735855273
for:0.018074936828448553
subject:0.00037079106794469857
each:0.03536124163000854
offer:0.04882171692766441
foot:0.1338672189354099
i:0.0026513709339638183
6:0.040810411563322144
away:0.03845810536560653
the:0.0010468791805403512
an:0.01247080748002412
about:0.013680780282248214
guitar:0.0844708373170482
15:0.046414037944175604
is:0.0037315642623703318
broke:0.0696498147947046
2:0.0270612437791029
sale:0.08819089316954526
1:0.027201720721176506
s:0.0086171705674447
