above:0.019873401679770402
since:0.014604537397107162
pc:0.04865462864230486
there:0.006699116683044871
know:0.00900638777852775
specification:0.04137746812135325
your:0.00919658556336688
option:0.061176806164268356
c:0.03775325102816
4:0.01813335404509985
odds:0.04220917804361032
o:0.15332754673576124
from:0.0061793595213881424
to:0.0030179543651624036
then:0.011648761677195644
software:0.020553181667746397
normally:0.031064611270954622
been:0.010709783848331673
that:0.007596451651849858
like:0.008501015062107103
re:0.005458985442017088
anyone:0.012211056566725482
off:0.015937645605520804
unix:0.028923849752703158
on:0.014803177379249341
set:0.019338792584860737
you:0.00811385385998134
rev:0.03868471255657686
came:0.02203450169691932
3:0.01709099229662496
board:0.026213113279964555
a:0.004077384309040569
was:0.0064632199569444205
as:0.005840249344649769
jumper:0.16462504476292164
drive:0.10305853097832074
also:0.01082844621663917
doc:0.04053022599542074
product:0.02913064177187269
are:0.004692783807308215
manual:0.02868319267797637
should:0.02398265901070773
have:0.003731756300347831
only:0.019467682310500535
between:0.016955225153623396
second:0.02007077209235231
maxtor:0.12779052300631888
has:0.007772076451726649
be:0.00422234494260928
writes:0.00482673278115009
if:0.00489160890338255
of:0.0028385486943903453
what:0.006718555496325775
but:0.004856081914236571
hd:0.032544564523590835
34:0.036096792719489935
35:0.032957841122127386
one:0.007177451881573886
in:0.0012969321306167188
jumpers:0.04172237968960541
use:0.012137076844871154
and:0.001393421220769306
for:0.0023748092183363064
subject:0.00019486829848188537
p:0.0245702776615427
i:0.002786842441538612
info:0.021499236929871515
power:0.019721571388106145
possible:0.018810011846456802
20:0.022954980645296497
the:0.006052031467065389
would:0.01361532330079381
page:0.03069157469479771
address:0.02330526535717964
f:0.027125775316838303
is:0.005883342194686071
select:0.06915554640321828
having:0.01910139702496614
does:0.008894078936770257
2:0.01422196753354313
sale:0.02317424930002649
1:0.014295794831567215
first:0.013704779776576942
article:0.005914838542456942
shown:0.03014136932125302
needed:0.02434907073091986
elsewhere:0.03457777320160914
s:0.004528731977051228
cup.portal.com:0.07866792855865
