above:0.05672200062767802
at:0.018353437759467312
thanx:0.10109724616129785
50:0.0718996518568423
dennis:0.11300541239009239
yours:0.08804852718446794
to:0.0028712482501892307
add:0.07158792534274414
amiga:0.20996163990782402
h:0.07360796092280242
software:0.11732441202005235
its:0.04307967825071188
me:0.02257476417509468
backup:0.10398062788752949
hard:0.056338195886989774
below:0.07733070652162274
following:0.05702738068832836
drive:0.058829244766791425
gold:0.1077139910012318
l:0.1377066907813901
plan:0.08136592077997096
it:0.007142821452916082
have:0.0106510544405761
25:0.07661838642270026
neal:0.24882914131721423
listed:0.09457907280129077
email:0.057164555395165434
in:0.003701660456135218
and:0.003977056400945728
still:0.04253560587978223
for:0.013556202621336416
subject:0.0005561866019170479
i:0.003977056400945728
the:0.004710956312431581
10:0.18064823486851028
address:0.06651711154028356
sale:0.1322863397543179
s:0.012925755851167047
