there:0.015555576026731313
know:0.020913137723022064
sell:0.058984276253907925
me:0.018365909837365163
extremely:0.14976780966236033
you:0.009420321854385115
market:0.06628568161140716
brand:0.07636546309863924
a:0.0023669561455023644
ps/2:0.3155346225149821
price:0.10610658311335468
let:0.03907013123309872
drive:0.0478610804882371
nyx.cs.du.edu:0.07968537027149784
cheap:0.12597393960701178
computer:0.045435642460429075
are:0.010896803077986874
it:0.005811108978643593
have:0.008665264629621234
which:0.02189648021216132
if:0.011358481690905241
of:0.006591206290364022
please:0.03246466706619076
box:0.053704051028925545
in:0.003011520371093059
floppy:0.07466137446775996
external:0.2183402195402956
still:0.034605238681856734
for:0.02205755002793722
subject:0.0009049815895599422
half:0.0640956522642884
i:0.006471142618487964
will:0.019208565167852278
the:0.003832642423673151
page:0.07126687683368282
1.2:0.18150725534877604
interested:0.048764003651100334
is:0.009107546674259793
issue:0.05307389843160768
new:0.02922033160819571
90:0.06833829507702258
check:0.05609002651843541
