at:0.035238600498177244
thanks:0.07973546579664652
4:0.09937078016714716
ca:0.08226194384369284
sell:0.13920289195922272
then:0.06383521399103213
really:0.07805582972763704
nt:0.02856314206889754
re:0.014957620111126821
this:0.02099929753485676
8:0.11809965129495466
more:0.05085676103282904
a:0.005586016503385581
cd:0.17852812195922294
it:0.013714217189598879
virginia.edu:0.19224591200429614
point:0.08806143845040243
for:0.01301395451648296
subject:0.001067878275680732
offer:0.14060654475167353
i:0.007635948289815797
than:0.057224051288778444
10:0.11561487031584658
jonathan:0.19122021477976264
cook:0.21463054352171307
