extreme:0.10768640286126484
send:0.06518549157502718
your:0.02799849382625028
cooper:0.15107951032883576
with:0.012996163928656608
from:0.037625433530230026
to:0.0030626648002018463
mercury:0.12432455912159275
alice:0.14037199728677494
t:0.057250512333343155
cds:0.2654177507383619
hot:0.09296929303914249
package:0.08638362295680449
harry:0.11595839087192804
reply:0.07980436709678099
red:0.08028042122094559
campbell:0.12432455912159275
open:0.0734435684167414
10.00:0.14103539646787894
saturday:0.11073973329243025
wayne:0.10383592016628625
york:0.08362593794278762
shipping:0.09118461089648443
en:0.12597140294723103
please:0.04256478570900566
douglas:0.20046140485580727
for:0.014459949462758845
welcome:0.09296929303914249
eric:0.08862285511819123
just:0.026097523632575243
is:0.011941005639585063
deal:0.07325144426134465
night:0.07439632992408944
new:0.0383111014418566
sale:0.14110542907127244
update:0.0964853820439179
live:0.06881529497661464
included:0.08317292112224375
s:0.013787472907911519
