pc:0.05375551712899811
dos:0.05692826381038609
allows:0.06665602234106716
with:0.00943269962563786
ext:0.08808183496527663
to:0.004445803742228486
ii:0.059216125888872866
that:0.0055952358941044646
so:0.01648081608685355
ld:0.0980951659165721
extremely:0.07126049008128435
you:0.017928999658345865
am:0.02636026381776396
brand:0.14534072009095855
card:0.09873897891981424
a:0.004504852018859339
low:0.05477087967709387
price:0.05048619680393488
mac:0.11068652047777858
drive:0.1821808870197412
nyx.cs.du.edu:0.07582962654868343
cheap:0.05993921320011045
it:0.01658977885838574
have:0.008245977631413756
disks:0.06951146635150827
selling:0.06725446992499258
formatted:0.09502994651515492
5.25:0.0916809245026026
density:0.09023556710438184
macintosh:0.07573557944689645
up:0.021668715650844914
floppy:0.1420974546321883
use:0.026819024641086257
for:0.015742686915100355
subject:0.0004305960789035209
i:0.0061580228143675786
pay:0.05375551712899811
the:0.0024314613225453322
can:0.01394461278125344
apple:0.06118333785950122
new:0.055612889189791834
90:0.0650316033797473
retail:0.0938346566417078
hook:0.08294548446336478
comes:0.048777037697508255
