above:0.06722607481798877
at:0.010876111264869518
all:0.011778615193164088
thanks:0.02460971166563164
with:0.014440182142951785
user:0.18674782635027237
4:0.03066999387874912
from:0.010451509313952785
value:0.04609694839205762
us:0.025430572668950567
been:0.01811407885458567
v:0.04748948535681496
toronto:0.049593830804204715
me:0.013377638029685735
contact:0.04296385554296997
unix:0.09784117076840328
you:0.006861715918626195
market:0.04828216314904966
unlimited:0.1519560728001752
ontario:0.058633953107583583
are:0.015874355101264826
forsale:0.06360188296656653
have:0.006311735964785838
systems:0.11112656001046706
400:0.05667687622807905
manuals:0.06033670796197249
500:0.051478730066043706
floppies:0.06942707033759168
550:0.07480136751361446
if:0.008273461972387769
of:0.002400501056367144
kit:0.12743133766411885
never:0.027209126306936546
please:0.02364710317166981
they:0.011517526228490662
installed:0.049449011794507315
system:0.13797668699027932
or:0.0083248328111492
1500:0.06924683824597251
and:0.004713548327046788
for:0.004016652628544123
license:0.2310278730171614
the:0.00279167781477427
canada:0.04593342707415613
450:0.07297870086168774
about:0.012160693584220636
interested:0.03551945944956691
is:0.0033169460109958504
new:0.04256789049095177
tapes:0.06442132826218223
2:0.04810887782951626
sale:0.03919595251979789
remote:0.055624226207650805
release:0.0490593023381143
before:0.0262493119410203
mike:0.07889906244340009
include:0.04150028732400743
