mode:0.045587919600931316
pc:0.03967669121426051
effects:0.05121234354003103
small:0.03558030833650013
send:0.03492079905805027
with:0.02088669202819812
bold:0.07629896664328437
correction:0.06443194766282999
both:0.0267345724084314
several:0.03355299252461186
item:0.05793293642976735
to:0.0032814265716448352
look:0.02822819433661798
memory:0.040257526501991846
like:0.013864750756055632
perfect:0.0482153189778201
asking:0.0426837239837904
need:0.022871452279729
this:0.006249790932993083
parallel:0.054778016517397506
panasonic:0.15039856852154454
you:0.013233309271636235
3:0.02787459457901928
m:0.016295413239477047
a:0.0016625049117218987
sorry:0.037826389104031244
following:0.03258707467904478
electronic:0.05135322994059059
computer:0.06382625964679321
display:0.043882397820660446
no:0.013401734954553688
bos:0.07134467620013064
works:0.03541816658988976
it:0.02040806129404595
have:0.006086316823186343
microsystems:0.07134467620013064
has:0.012675886593887511
sun:0.04319633695355763
coast:0.06374361943796301
if:0.007977981187659635
even:0.01998999342578602
lcd:0.07297057542638959
interface:0.1005404651619972
port:0.04964020399225643
windows:0.03270484739789883
in:0.004230469092725964
and:0.006817810973049818
for:0.011619602246859784
subject:0.0003178209153811702
i:0.004545207315366545
any:0.012181991265342943
connect:0.054715194409054126
the:0.002691975035675189
dictionary:0.05869577996172596
can:0.010292452290925158
pitches:0.06804721449376121
division:0.04717342162048015
hardware:0.04225810861517323
printer:0.05173728782414084
sale:0.03779609707266225
150:0.05610954389997571
corporation:0.05653988335374131
built-in:0.0673029245296977
letter:0.048583916901676856
s:0.007386146200666885
