at:0.022588846473190538
bloody:0.1515711479435053
take:0.05450638795732573
with:0.014995573763834546
sell:0.08923262305078378
fantasy:0.14827326646088754
antenna:0.14496014514088734
day:0.06521289835289415
like:0.02986254008996598
controller:0.10799714412050428
military:0.09927791186488642
base:0.09875989372853977
works:0.0762852818859164
royal:0.15654950728814523
victory:0.13877650265840305
25:0.09429955252024648
call:0.0681270794358643
please:0.04911321427962192
zone:0.1251347633913109
210:0.1515711479435053
battle:0.12340160208022045
system:0.05731339305750064
for:0.01668455707241405
subject:0.0006845373562055973
each:0.06528229224001578
games:0.1707625790568577
will:0.029059111407776523
unit:0.11000361070767732
new:0.04420511704829607
sale:0.08140697831034947
run:0.06863678021506141
1:0.05021856133140278
adapter:0.12817726451442157
axe:0.1515711479435053
ac:0.13186205222381067
mike:0.08193364176814624
everything:0.07922211497239111
