someone:0.110172905733151
my:0.023755356533257534
to:0.006890995800454155
hill:0.24916439990796807
perfect:0.10125216985342222
quiet:0.12597698394469442
july:0.1230779869173227
on:0.025350441261964497
temporary:0.13170973560044127
andrew.cmu.edu:0.1018694851681815
neighborhood:0.14682021222422278
stay:0.09871743920640456
walk:0.11477067436186009
call:0.0664239024499677
of:0.004861014639143467
short:0.0865744466405317
available:0.06752659569535575
looking:0.0648471336351661
street:0.09970071200796515
beyond:0.09763910493596517
nearly:0.1072535204399854
who:0.03232632185584621
in:0.004441992547362262
mid:0.1437188960074733
or:0.016857786442577134
for:0.0162674431456037
subject:0.0006674239223004575
space:0.07643781893782758
may:0.046525638185995775
wants:0.08801337906484373
is:0.0067168156722665975
new:0.04309998912208868
nice:0.07899348641886896
parking:0.13715978939578605
plenty:0.11653292130572371
