to:0.0038283310002523076
consider:0.08945455773808869
asking:0.09959535596217761
package:0.1079795286960056
used:0.05484620856491293
am:0.045398232130593484
a:0.011637534382053292
drive:0.07843899302238856
nyx.cs.du.edu:0.1305954679449548
have:0.014201405920768134
if:0.018615289437872478
3.1:0.21786233238206762
windows:0.1526226211901945
35:0.2508457907628584
in:0.004935547274846957
floppy:0.12236169704438438
message:0.09020333023777004
for:0.027112405242672832
subject:0.0007415821358893971
i:0.01590822560378291
will:0.03148070402509123
trade:0.1171967471203804
new:0.09577775360464148
sale:0.17638178633909052
leave:0.0981439478970699
