school:0.03055902920837063
inexpensive:0.045997080252554716
at:0.014806134663099681
know:0.010368698534943712
all:0.008017376728120093
scope:0.18757716052032664
with:0.004914515771340734
to:0.004632602218792708
look:0.019925784237612692
technical:0.032241573469910086
quite:0.022321003211003373
consider:0.0270618830132033
need:0.016144554550396942
expert:0.042841750203006575
this:0.008823234258343176
on:0.004260578363355377
you:0.014011739228791308
used:0.016592130322158533
am:0.013733918963877021
more:0.010684193494291814
a:0.004694131515450067
tektronix:0.051716142423589045
want:0.015904184602623373
price:0.02630373278860473
was:0.007440849866398198
as:0.006723648405185028
said:0.018416006963558253
learn:0.032016925888422115
are:0.010805233304222277
play:0.026906875905717997
it:0.011524552260167124
not:0.010132941320604452
have:0.012888670919688728
christopher:0.04066516047542499
suitable:0.04321529442629089
selling:0.03504014399453395
has:0.008947684654508832
25:0.06180979072755651
if:0.011263032264931248
of:0.0032679090011048513
what:0.007734807588206985
easy:0.05569212713040012
they:0.007839660710149106
one:0.008263116872064054
in:0.002986213477218327
and:0.006416763268752771
for:0.013670120290423278
subject:0.00022434417556317895
i:0.01122933572031735
info:0.02475122234783527
will:0.01904714865383671
the:0.0025336235629884133
around:0.019892390194568364
home:0.024616496234128978
come:0.020178098104784943
simple:0.027724273587867568
unit:0.036051603509238785
is:0.009031012668593744
move:0.029721219458596782
type:0.027231197565812573
sale:0.05335919586728789
handle:0.03413745282965297
nice:0.053104864819407696
probes:0.21333085180015302
hp:0.03634997904249012
included:0.031451944962193015
while:0.01823817231830691
99:0.08943381219280659
