prism.gatech.edu:0.04218845169735962
go:0.01736993081959042
week:0.030784275039335566
out:0.021038876769293925
correct:0.02921622714447722
purdue:0.05147824070192244
mark:0.026818071109751696
k:0.03382733085938985
technology:0.030068461480508415
monday:0.04513936303338381
with:0.00522167300704953
floor:0.04389148854789132
my:0.008484055904734833
to:0.0036916048931004393
t:0.023002437991075375
next:0.02391410735490335
that:0.006194725454187085
indeed:0.03293073489736264
like:0.010398563067041724
through:0.02115592226807881
re:0.003338754489090808
started:0.029278972107043794
he:0.014197617924287814
set:0.02365548735826715
you:0.004962490976863587
gatech:0.05243579008007956
was:0.007905902983048085
said:0.019567007398780645
250:0.0816089436420944
486:0.08514154620155724
chip:0.08658225958401626
prices:0.038950548921241446
are:0.005740280192868085
internet:0.025504767349237553
uucp:0.03780025542264351
gordon:0.08011632371158965
against:0.023065007072837915
hope:0.025789835157500402
atlanta:0.04273977318904218
selling:0.07446030598838464
has:0.009506914945415633
absolutely:0.035736238795961016
be:0.010329665306026274
thrown:0.04382702204812805
writes:0.005904128491228235
if:0.005983485890744726
of:0.00868038328418476
institute:0.03475408794583309
intel:0.09027872606676762
rutgers:0.047609293714323056
shipping:0.03663667402090892
court:0.03568447881663669
please:0.0171019228295112
they:0.008329639504533425
ga:0.04921756305566698
now:0.014749235695341466
in:0.0015864259097722363
cpu:0.11979809931410812
word:0.02740068318003052
for:0.011619602246859784
subject:0.00023836568653587764
we:0.012033427729589017
pay:0.029757518410695384
the:0.0033649687945939864
waters:0.10902554971852971
jr:0.04171978935252572
would:0.008327228983074786
can:0.007719339218193869
regards:0.03686935354474699
refer:0.04001614497153221
may:0.016616299352141345
stone:0.04442469600058437
instruction:0.04933582400879216
mountain:0.040578419964044606
is:0.0047977254801904266
chips:0.03707804418033011
sale:0.056694145608993385
150:0.08416431584996356
words:0.029534456531315843
article:0.007235115002826795
going:0.019444782893300736
high:0.024976105586085012
s:0.005539609650500163
