bright:0.0956024167972811
with:0.010633225032537224
510:0.1054554388124815
that:0.006307356826081396
like:0.021175255700157693
best:0.04427592872657153
gregg:0.40283893158668094
8:0.10736331935904968
was:0.01609929334729792
old:0.048143874224405886
plus:0.06501636098144856
no:0.020468104294227452
taking:0.06194454607548373
concepts:0.09192015744979977
model:0.0665263911197009
works:0.05409319988274073
it:0.012467470172362617
not:0.021924000311853268
forsale:0.09366822764167072
350:0.20141946579334047
open:0.06009019234097023
netcom.com:0.05852791226765707
uses:0.06209082054248067
be:0.010517477402499477
perfectly:0.08123312717885214
of:0.0035352833739225207
years:0.08108274265383249
shipping:0.07460559073348726
clouds:0.11189492633467447
5:0.09450446861518846
or:0.012260208321874277
and:0.003470885586279908
subject:0.00048539921621851447
offer:0.06391206579621524
ago:0.05202119500662989
the:0.0013704600181619145
sky:0.08475121549507178
around:0.043039898784611556
zoom:0.11058000521504491
sony:0.0923804812313323
mm:0.2084446013944626
is:0.004884956852557526
tapes:0.09487504707703202
sides:0.08281515221502724
everything:0.056175681525877326
