since:0.022231351371152015
pc:0.0740631569332863
choice:0.020957570413991905
correct:0.018178985778785826
know:0.006854861809212788
nichols:0.06026955327471595
where:0.010263648879076454
your:0.00699962345656257
to:0.0038283310002523076
then:0.017732003886397812
software:0.015643254936006983
normally:0.02364362080067102
that:0.007708991676321707
like:0.012940434038985258
really:0.01084108746217181
re:0.004154894475313006
exactly:0.017868792518177825
so:0.005676725541027334
anyone:0.009293970831341062
voice:0.020147190563534267
this:0.0029165691020634392
off:0.012130319155313058
ti:0.021048116979175906
he:0.04417036687556209
unix:0.02201426342289074
on:0.014083578478869164
set:0.014718969911810674
you:0.006175544326763576
machine:0.01807110752402415
holes:0.02662913552928609
came:0.016770704069321928
m:0.007604526178422623
sure:0.024244933557324485
a:0.003879178127351097
uunet:0.020983290624540473
was:0.004919228522785476
as:0.004445078667872325
jumper:0.09397346305216778
said:0.012175026825907957
drive:0.04706339581343314
also:0.008241650731553148
are:0.0035717298977845863
it:0.007619009549777155
not:0.013398000190576997
should:0.018253468247038662
deleted:0.019518774983324095
have:0.002840281184153627
probably:0.013262353972384492
only:0.007408534657051592
ve:0.010139631661263524
between:0.012904810255813364
left:0.01624669546389201
second:0.015276087648068148
maxtor:0.09726278695480936
has:0.005915413743814172
be:0.009641020952291189
which:0.007177179625097322
sort:0.017430340598116833
writes:0.0073473599001951375
if:0.007446115775148992
of:0.0021604509507304297
what:0.010227134477740348
reading:0.018257344702016613
hd:0.024770029665177468
one:0.005462838376531236
email:0.015243881438710784
in:0.003948437819877566
703:0.06444499038540537
jumpers:0.03175536676375523
or:0.003746174765017141
use:0.018475328086081644
for:0.0018074936828448556
subject:0.00014831642717787942
p:0.01870071133128528
i:0.003181645120756582
info:0.032726616215471085
don:0.049540059330354935
possible:0.0143165090164699
the:0.0046062683943775455
clone:0.029747022404382744
would:0.025906934614010446
effect:0.019257630303457812
did:0.009132839130238697
note:0.03290765665420553
newsgroup:0.02135646578096861
address:0.017737896410742283
about:0.005472312112899286
is:0.0059705028197925315
select:0.026317527381224733
days:0.016545847914167626
does:0.00676938230187514
sale:0.017638178633909055
mount:0.02915544751325802
first:0.010430860163283562
donald:0.030697846049915125
article:0.009003698670184456
useful:0.021301595650435767
needed:0.01853234827853345
by:0.0055024193045398115
black:0.019608624201355212
god:0.014739879065417917
strange:0.02442423906030402
cup.portal.com:0.05987503451408361
