thanks:0.04635782895153867
to:0.006410228651585259
100:0.07857004881002491
make:0.0409321042639466
like:0.027084629383922632
reply:0.08351619812453824
these:0.03852641797904518
them:0.03408974817516839
size:0.16748265753794733
a:0.0032476840135962676
also:0.06899986658974727
are:0.029902854958196536
curt:0.14690092739313654
have:0.011889549142968671
feel:0.07084364381967855
free:0.06715134404941245
of:0.004521874082924155
boots:0.26976972719472014
but:0.015471702843032797
please:0.044544543183843134
they:0.02169580522111032
good:0.03767464770603486
in:0.004132086090569546
yellow:0.13183053796803246
and:0.004439504819660347
for:0.015132505251724371
subject:0.0006208594626050766
offer:0.0817479911346939
i:0.008879009639320694
around:0.055051033329154314
would:0.02168952665359014
pair:0.11876516172387297
an:0.02088135205957527
sale:0.07383423614194487
condition:0.08832779275546561
black:0.08208261293590553
