since:0.017551066871962114
pc:0.07308864171047989
choice:0.016545450326835714
out:0.00516744341701956
correct:0.014351830877988808
know:0.005411733007273253
help:0.009386371579130687
saw:0.014900792031295853
nichols:0.02379061313475629
thanks:0.00874292388121124
your:0.005526018518338871
mentioned:0.015417384292946658
to:0.004231313210805182
receive:0.018782538471515373
then:0.013998950436629852
software:0.012349938107373932
t:0.011299443223686149
normally:0.018666016421582384
that:0.007607557575317473
like:0.015324198204061489
really:0.008558753259609324
nt:0.003131923472466835
re:0.0032801798489313205
exactly:0.014106941461719334
so:0.004481625427126842
anyone:0.0073373453931639965
had:0.00672986177930761
this:0.0023025545542606097
off:0.009576567754194519
ti:0.016616934457244135
he:0.03487134227018059
unix:0.01737968164965058
on:0.011118614588580919
set:0.011620239404061056
you:0.004875429731655455
machine:0.014266663834755906
came:0.013240029528412047
posted:0.014970968967025856
m:0.006003573298754701
sure:0.019140737018940382
a:0.004900014476654018
sorry:0.013936038090958879
was:0.007767202930713909
as:0.0035092726325307824
jumper:0.07418957609381666
said:0.009611863283611544
drive:0.04954041664571909
also:0.006506566367015642
reason:0.011720227736879507
it:0.007518759424122192
not:0.010577368571508155
should:0.01441063282660947
deleted:0.015409559197361125
have:0.0044846545012952
probably:0.010470279451882492
only:0.0058488431503038885
ve:0.008004972364155413
between:0.01018800809669476
left:0.012826338524125269
second:0.012060069195843274
maxtor:0.07678641075379686
has:0.004670063481958557
be:0.007611332330756201
asked:0.014790793415519433
which:0.0056661944408663055
sort:0.013760795209039604
writes:0.008700820934441609
if:0.005878512454064994
of:0.0025584287574439294
what:0.008074053535058167
but:0.002917908869519343
reading:0.014413693185802589
hd:0.019555286577771683
again:0.010709952360122885
one:0.004312767139366765
in:0.005455078566936111
jumpers:0.025070026392438337
or:0.0029575063934345848
use:0.02187867799667563
and:0.0008372750317780479
for:0.005707874787931122
subject:0.0001170919161930627
p:0.014763719472067324
i:0.006698200254224383
info:0.03875520341305786
don:0.019555286577771683
possible:0.01130250711826571
any:0.008976204090252696
the:0.0049589013815069275
clone:0.04696898274376222
ibm:0.017282750303156433
would:0.024543411739588843
effect:0.015203392344835113
because:0.007740010082870675
did:0.021630408466354806
once:0.011767680679495202
may:0.008162392664209784
come:0.010531551203813194
note:0.02597972893753068
newsgroup:0.016860367721817322
address:0.01400360242953338
replies:0.019657053670226347
about:0.004320246404920489
is:0.003535166143298209
select:0.020776995300966893
disk:0.015355170981578427
does:0.0053442491856909
sale:0.013924877868875567
mount:0.023017458563098434
created:0.016658311791600967
notice:0.01771037470879186
first:0.008234889602592286
article:0.007108183160671938
useful:0.016817049197712448
before:0.009325413452730896
needed:0.014630801272526407
strange:0.019282293994976857
confusion:0.022717812756179675
cup.portal.com:0.047269764090066
