indicated:0.10290157945855771
except:0.0632227729216434
to:0.0027023512942957466
otherwise:0.06967421238454972
most:0.03640383262680466
hot:0.08203172915218454
12:0.06967421238454972
th:0.11407350415266439
used:0.07742994150340649
them:0.028742336696710606
includes:0.07387753669475194
hurts:0.11515310762684139
red:0.07083566578318727
following:0.05367282888313258
handling:0.09462393266090409
cd:0.2625413558223867
are:0.025212211043185315
only:0.026147769377829148
love:0.06416112627806762
which:0.02533122220622584
joshua:0.11590734842738641
of:0.003812560501288993
brooks:0.23338353350629043
never:0.04321449472278158
shipping:0.08045700961454508
please:0.037557163860887345
email:0.053801934489567466
in:0.003483915723421382
and:0.007486223813544899
still:0.04003351141626563
for:0.012758778937728392
subject:0.000523469742980751
each:0.049921752889423826
cost:0.06511779616374276
the:0.0014779470784099078
once:0.05260845480244914
collection:0.09436593100252152
10:0.056673956037179694
sale:0.12450479035700508
light:0.06847479776090772
immaculate:0.12328926158885528
s:0.024330834543373266
