pc:0.04761202945711261
both:0.03208148689011768
gcc:0.08655586812289673
software:0.08045102538517876
like:0.01663770090726676
re:0.005342007182545293
so:0.014597294248356001
best:0.03478822971373477
md:0.0715259785081365
two:0.026639849037904447
unix:0.05660810594457618
on:0.014485966435408284
2mb:0.17730040693698992
am:0.023347662238590937
them:0.04188169061520688
a:0.003990011788132557
other:0.019704399826170154
running:0.043249434463524306
ram:0.11113877337809282
are:0.009184448308588935
model:0.052270735879764996
301:0.07912907584738375
have:0.014607160375647224
650:0.07210442652748988
university:0.03357628716569505
500:0.059568244790707714
network:0.05247842385756538
dept:0.05861867843345427
of:0.00833316795281737
electrical:0.06767364183743503
version:0.04457815153807978
they:0.013327423207253481
one:0.028094597365017782
system:0.0319317475606075
or:0.01926604164865958
and:0.008181373167659782
for:0.018591363594975655
subject:0.0003813850984574042
i:0.005454248778439855
1mb:0.1694593542026539
the:0.004307160057080302
emacs:0.09251149389335084
is:0.007676360768304683
sale:0.09071063297438942
loaded:0.06667072385638861
engineering:0.055239278474615704
lots:0.052124214448805155
