school:0.12759735002793351
24:0.06426462717313088
at:0.030911053068576527
obo:0.10303172787664755
from:0.014852144814564483
often:0.0545143927768194
both:0.03939831723347786
to:0.002417893263317247
t:0.09039554578948919
philly:0.10513952282124517
bus:0.1420014965528302
two:0.03271560408163704
pennsylvania:0.10590241952194233
science:0.05932688116083009
pa:0.1817425020494374
have:0.0089693090025904
philadelphia:0.0870227803497309
university:0.08246807374030363
call:0.0466132648771703
of:0.006822476686517145
please:0.03360377819132026
good:0.028421225462447353
email:0.048138572964349834
bloom:0.10841296063844538
or:0.011830025573738339
and:0.0033491001271121917
for:0.017123624363793367
subject:0.0004683676647722508
until:0.05019588991867796
i:0.0033491001271121917
the:0.003967121105205542
joe:0.13963049919027845
15:0.05862825845580077
night:0.0587339446769127
tickets:0.19680680343592186
applied:0.07766666667222127
2:0.03418262372097208
sale:0.11139902295100454
1993:0.0531518561931603
engineering:0.06783771040742279
96:0.19890221517983842
august:0.08770023361513056
