graphics:0.10996067000436631
your:0.039372881943164455
with:0.018275855524673354
nubus:0.3719550065256504
sell:0.10875225934314274
bit:0.08515888118924062
on:0.01584402578872781
etc:0.07257262460806986
card:0.3826135433142802
8:0.09226535257418332
separately:0.17620024322281458
computer:0.0837719657864161
225:0.1859775032628252
doing:0.0837719657864161
without:0.07022532765007797
cheers:0.13606758363638582
shipping:0.12822835907318123
good:0.05062530785498435
for:0.010167151966002312
275:0.17964862000934162
subject:0.0008342799028755718
pay:0.10415131443743385
friends:0.12426976079961675
apple:0.1185427171027836
wont:0.18662185598791067
u:0.11817635886228174
ups:0.1859775032628252
mike:0.09985662590492823
