case:0.1176957670146074
with:0.027848922704264156
13:0.1875113597364982
asking:0.1707348959351616
no:0.05360693981821475
forsale:0.24532154858532806
manuals:0.23272730213903675
if:0.03191192475063854
excellent:0.1854793053971613
please:0.09121025509072642
for:0.030985605991626093
subject:0.0012712836615246807
interested:0.13700362930547236
today:0.1351964888475406
greetings:0.2606501214311434
e-mail:0.1309378941262984
condition:0.18086167088023908
comes:0.14400839701169102
hp:0.4119664291482214
