all:0.019081356612925825
take:0.04251498260671407
thanks:0.03986773289832326
your:0.0503972888872505
with:0.03508964260737284
100:0.06757024197662143
md:0.1001363699113911
you:0.011115979788174437
a:0.0027930082516927903
ph.d:0.12163800573654941
cheap:0.07432462436813696
section:0.08219518251246574
l:0.06609921157506726
it:0.0068571085947994395
ones:0.06785259960753713
systems:0.06000834240565221
domain:0.08926406097961147
area:0.06416934089318695
buy:0.06013682250487932
looking:0.05187770690813288
but:0.013305664445008206
in:0.0035535940378898095
nissan:0.11635497423571767
for:0.0325348862912074
subject:0.000533939137840366
car:0.12234573359533558
i:0.0038179741449078986
the:0.003015012039956212
interest:0.07305569993335771
can:0.017291319848754268
2:0.03896819104190818
appropriate:0.08088015496121014
sale:0.06349744308207259
bike:0.15089450698074172
comes:0.06048352674491023
live:0.06193376547895318
roof:0.11497511680597863
everything:0.06179324967846506
james:0.1383837507054811
