ask:0.0493993658365486
800:0.08135042856952181
contract:0.08611739775802164
1992:0.06688044974380156
sell:0.058984276253907925
to:0.0023359307798149673
software:0.04772518455052977
make:0.02983187259914752
that:0.005879739414143674
cleveland.freenet.edu:0.07258336900856789
updated:0.08716305146997655
purchased:0.0811331287656394
includes:0.06386024358359914
hard:0.04583446445043236
drive:0.0478610804882371
also:0.0502880383620192
486:0.1616246300775324
computer:0.045435642460429075
terry:0.09173362040131727
collins:0.09715638200589359
per:0.05994618839954267
willing:0.06060847210135035
call:0.045033154203367926
be:0.009804428087075785
monitor:0.0635131498320137
year:0.08389019376981871
version:0.158667996999945
latest:0.07061604407208052
in:0.003011520371093059
or:0.011429007757679412
and:0.006471142618487964
for:0.03308632504190583
subject:0.0004524907947799711
offer:0.05957904438630234
scan:0.08877847824632104
paid:0.07010152775885012
can:0.014653660888774803
7:0.10818740776038324
17:0.0666492162454323
sale:0.1076227848848688
1:0.0663906404042274
every:0.04122285638876943
950:0.10121863375615495
s:0.010515869167051158
august:0.0847273443400414
