know:0.008336994092285823
tank:0.031345227807055655
much:0.011805384253783321
motorola:0.13171046224175764
work:0.01368292205398854
often:0.020995408028910176
my:0.006420366630610144
to:0.0018624312974200418
that:0.009375800687418293
like:0.00786918286154509
could:0.010196683481932822
me:0.007321545137868546
re:0.0025266250187714226
this:0.014188714550578893
best:0.01645389243217185
these:0.011193486304722586
you:0.007510797154171917
them:0.00990445386170433
m:0.027746244164514978
why:0.012025152568608153
sure:0.029487081353502753
a:0.008492254819336187
how:0.026662763457347118
price:0.04229924597086437
as:0.016218530274669293
said:0.014807465058536706
worth:0.04750221106475457
drive:0.019079755059499923
dual:0.037517844333598935
are:0.01737598328651961
no:0.007606390109341283
it:0.004633181482972594
not:0.004073716274161925
flame:0.028362523681606727
have:0.0034543960347814383
kind:0.018618423628128784
400:0.06203820235776221
always:0.017952406067558834
channel:0.03274248735646566
has:0.007194422120855075
shows:0.026109558362296698
willing:0.02416148549986264
be:0.007817044015371234
writes:0.004467989128497043
spend:0.02770335955886183
of:0.003941363220927135
but:0.008990313814194734
never:0.014891481289607166
they:0.012607021952807348
up:0.00907743493481341
good:0.032838037527557415
over:0.013553653733238904
fully:0.028362523681606727
yes:0.036038457709512015
or:0.00455615849799382
and:0.0025797122600729047
still:0.01379533163668613
for:0.0065949093833528516
subject:0.0001803848438649885
offer:0.023751105532377286
i:0.007739136780218714
later:0.02159062181728178
the:0.0015278777229507832
wrong:0.017860959843445004
thing:0.015296840777871329
would:0.012603373596005083
can:0.011683324222131263
radio:0.02423885378897072
come:0.01622428158425276
just:0.02380517358376796
ive:0.0486759667088228
note:0.02001141283026012
is:0.009076777935495403
deal:0.04454479718595283
white:0.02296600774203103
new:0.02329729141734523
does:0.008233032529307602
2:0.01316492940605006
matter:0.02041150683716583
amazed:0.039189521180314074
ham:0.03943085957627407
very:0.011778665485023293
opinions:0.019294663212973257
ht:0.09064332684583627
mike:0.04318124363456356
