at:0.020252069251826002
andrew:0.04328112826634481
all:0.010966296903980358
take:0.024433898049835673
your:0.014481979565301869
4:0.028554821887111254
vehicle:0.05058255967815217
to:0.006336547862486578
cylinder:0.065157622214085
look:0.05450961665002093
lights:0.056420993901038406
like:0.013386655902398542
afternoon:0.06398200325867791
clutch:0.05942840882826582
phone:0.033762610646087
this:0.012068561801641816
student:0.04624158013986979
sunday:0.051354275802722615
on:0.00582768764642862
you:0.006388494131134734
great:0.028979892973938815
brand:0.05178807267608868
a:0.0016051771561452815
84:0.12018344564781089
ns1.cc.lehigh.edu:0.06193969087663822
brake:0.06277096284881782
college:0.04735075058124888
mazda:0.13981379969718322
are:0.007389785995416385
it:0.011822601025516275
should:0.01888289818659172
have:0.005876443829283366
only:0.015328002738727432
transmission:0.055699863548930084
brakes:0.06398200325867791
call:0.03053972526435296
aaron:0.058110444364815945
if:0.015405756776170327
andy:0.05151503720473112
saturday:0.057279172392636336
excellent:0.044770866820004446
up:0.015442073222441203
pro:0.05173294425926692
miles:0.1845588406855552
professional:0.05494833758039157
5:0.029872102148479112
speed:0.038603047895238864
or:0.007750706410380291
use:0.019112408364912046
and:0.002194238014314884
gets:0.03835995795853798
subject:0.0003068615734714747
summer:0.05173294425926692
i:0.002194238014314884
6:0.033774133707576946
back:0.024210996782385488
will:0.013026498217279131
the:0.0008663827701023598
would:0.010720110874762942
can:0.009937540142962222
an:0.010320668259330307
hold:0.03988253578096575
pickup:0.13776902990370057
is:0.003088191113685792
write:0.03740429798836222
new:0.07926434781073778
engine:0.04690860942230869
runs:0.04312402897061304
200:0.04777155225495647
