from:0.02288033120081556
control:0.08242254783624388
asking:0.09690358958482147
lh:0.32875136685553896
two:0.050399714396035446
series:0.09695541515588288
price:0.08459849194172873
austin:0.13531941879917717
steve:0.3467193347929067
texas:0.1072478289640271
list:0.07869266478166431
monitor:0.10127772540780562
sense:0.08881951476656731
lines:0.09549140876471666
and:0.005159424520145809
for:0.026379637533411406
subject:0.000721539375459954
each:0.06881106479353015
power:0.14604623136056985
research:0.1668827827317177
currently:0.09726847302317018
the:0.004074340594535422
supplies:0.2994073140171277
pair:0.1380243771385551
current:0.08546610064137346
is:0.007261422348396322
2:0.05265971762420024
