ask:0.035543446150687406
folks:0.022580584453016937
correct:0.01995254536696005
say:0.011570396184558192
all:0.005817486772233483
anyway:0.01858849891246667
with:0.003566020590180167
such:0.011725714655291455
companies:0.02424775820480327
generate:0.0285963951708735
work:0.024696005658418337
my:0.017381968195066485
to:0.005882557390631596
t:0.015708982042685622
mail:0.05605455191772907
that:0.004230544212615571
justice:0.026254671557942054
me:0.006607248051247224
re:0.0022801250169400644
so:0.0062305524230787815
phone:0.01791065320859493
had:0.00935614930293985
this:0.006402224858188037
he:0.009695934192196557
you:0.003389018228101963
used:0.0120394116362004
products:0.02469565118376152
am:0.009965465589642473
came:0.01840687031998748
more:0.007752555035492231
a:0.005109161436023396
sorry:0.019374491980113564
was:0.005399153256715766
stuff:0.03565142137406856
product:0.024334743431381457
d:0.011108806234006315
phrase:0.0298435397081882
508:0.07052021209725139
it:0.004181163777316732
not:0.003676280540097347
deleted:0.04284609142680899
tom:0.06943405286844063
generating:0.03641402068056794
u.s.a:0.031302257324443285
love:0.01995254536696005
list:0.05326149872417523
be:0.0035272027874236056
which:0.00787739227144828
sort:0.019130861632079454
writes:0.004032087750107088
if:0.0040862830473378615
of:0.0011856133266203576
trying:0.01644102575041705
mailing:0.05382627772642186
what:0.005612451847540435
impression:0.02884824764734445
well:0.02052277939211396
up:0.00819183152653893
thompson:0.07139166287752145
net:0.06064285033350882
good:0.009878108849753044
in:0.006500476898578919
conversation:0.030433354503667166
st:0.023394800261703052
use:0.0202777991188701
and:0.002328033015187743
for:0.009919172649758353
subject:0.0001627863225123067
i:0.003492049522781614
we:0.008217950644597379
directly:0.022149392228636464
allow:0.021379723605942636
pretty:0.017548902786095284
addition:0.024179052565496306
the:0.0018384219755830562
regularly:0.030292091947072445
would:0.005686888086002293
can:0.005271743856327521
home:0.017861969828422856
leland.stanford.edu:0.06155255923078405
maybe:0.016145811477697097
junk:0.09618535836311819
an:0.005474988649766688
just:0.014321811749583975
long:0.014514092957979176
ted:0.02735679346249403
about:0.006006196221474826
company:0.04105034194672378
ma:0.024458645885594613
is:0.008191238624715363
done:0.016150387508662795
yesterday:0.02680709165155319
guys:0.023687047009092996
write:0.019842523932850693
assuming:0.02419615653456709
time:0.009631158353071425
does:0.007429809843521496
dale:0.0882772054702337
2:0.01188054604936225
their:0.009229778162083622
faq:0.023671311359132682
e-mail:0.01676643766251382
article:0.009882108296543915
s:0.0037831480540001117
