sent:0.01664109750357291
basically:0.017756590716053785
since:0.009053491508613943
believe:0.009831094481132762
out:0.010662236190773394
say:0.008586176354151782
there:0.004152846088584378
know:0.005583145364969692
all:0.008634098014898563
send:0.013273063895367525
became:0.019573065638263915
case:0.022367521333092815
situation:0.01594629994920633
your:0.005701050779100736
such:0.017402870619618087
possibility:0.019189961907879333
both:0.01016155693352144
item:0.044039517285977
my:0.008599224084437116
to:0.004988956235622917
everyone:0.013834899355262912
most:0.016801768904679076
might:0.009624819619359485
honest:0.021220854334946852
make:0.007964165083030335
that:0.009418225124917922
like:0.015809580047629047
could:0.013657096428290114
anything:0.010503353621354768
tells:0.020031674209577435
so:0.00924715472746534
this:0.004750972292954019
parties:0.02214633715901749
he:0.014390345769413894
best:0.011018896289418255
amount:0.016825416342202842
hi:0.014257993936716765
two:0.008437961233725392
you:0.005029855107771239
am:0.01479037426879064
state:0.01202585242959555
a:0.0063190231938750905
how:0.0059518687657426446
was:0.004006611466522107
buyer:0.025446120802465732
as:0.010861278192991201
truth:0.016267228633541197
bring:0.017164556322575002
granted:0.021300008893532903
also:0.013425313408864856
solution:0.017601163204675335
lose:0.019025998792702656
are:0.0029091012742136903
reasonable:0.016915417059303384
d:0.008243639015280704
it:0.006205528140089991
not:0.013640497931582916
received:0.01750810312512114
ve:0.008258523525011016
whether:0.01292967685466889
money:0.014028143740855793
after:0.008729473699841409
selling:0.01886776984321059
be:0.007852415255259792
wasting:0.025581202083686007
which:0.005845666662975194
things:0.010111882027783936
if:0.0030323548405584134
of:0.0035192866165744555
failure:0.02149027240594693
opinion:0.014974260473247463
what:0.004164896393649915
but:0.0030103313224000465
warranty:0.046457648879716734
order:0.012689216566210372
well:0.007614786923770792
net:0.015000644728047434
good:0.0073303613183687754
over:0.009076654988775376
one:0.0044493706234191065
in:0.004019902757793902
or:0.009153549199589394
and:0.0034551802216361074
for:0.0014721668005071222
subject:0.00012080070991863483
half:0.01711150897553401
cause:0.014269235897475415
i:0.009501745609499294
we:0.006098388713637873
back:0.009531025882658542
paid:0.01871488750123148
directly:0.016436653056544705
assumption:0.021462597170573913
the:0.004433841235229724
wrong:0.011961185777510682
do:0.0032503073253687636
thing:0.01024403816798623
when:0.005917078926894733
risk:0.01941240188959012
rule:0.017867409811113948
would:0.02110067072634335
can:0.003912063314197798
did:0.007438511508791699
return:0.016698496415461218
just:0.0053139754002981265
here:0.016293220865370103
people:0.013622381358127761
address:0.014447155447663399
is:0.009725705950793265
deal:0.02983090490281004
grant:0.020475024473650755
discussion:0.015555981649276886
either:0.02265667608247383
done:0.01198490294760497
issue:0.014169049807533272
bandwidth:0.024177786118510264
hear:0.01499403422741542
him:0.010843960648702751
e-mail:0.012442062337793063
condition:0.017185950626629056
bad:0.012400909713784544
understand:0.013557272682966758
respond:0.01829867759303397
