thanks:0.0569539041404618
with:0.016709353622558494
obo:0.1677945282562546
my:0.027148978895151464
via:0.09766375367473272
to:0.003937711885973802
100:0.09652891710945918
hall:0.13086886324617564
a:0.003990011788132557
patrick:0.13101728658552148
pat:0.11580400661782227
are:0.01836889661717787
genesis:0.31424542746670564
b:0.0874545241861212
selling:0.11913648958141543
please:0.05472615305443585
email:0.15679420908388234
in:0.005076562911271156
system:0.12772699024243
and:0.005454248778439855
for:0.018591363594975655
subject:0.0007627701969148084
i:0.005454248778439855
alternate:0.16889356485133447
is:0.007676360768304683
addresses:0.13769199661927875
sale:0.09071063297438942
nice:0.09027827019299309
very:0.04980692833666992
condition:0.10851700252814346
respond:0.11554307851601447
