taken:0.016474406498793302
above:0.013613280150642726
at:0.0044048250622721555
know:0.0061693756282915095
all:0.004770339153231456
knows:0.017469807055706176
thanks:0.009966933224580815
your:0.006299661110906313
cut:0.01830507747902201
someone:0.0110172905733151
from:0.008465722544301757
my:0.009502142613303012
weekend:0.02523654928462146
to:0.0027563983201816617
covers:0.0537719228386645
otherwise:0.01776692415806018
then:0.007979401748879017
value:0.018669264098783337
front:0.052754263940489
make:0.008800402416748518
that:0.0069380925086895365
like:0.005823195317543366
nt:0.0035703927586121925
along:0.017469807055706176
could:0.007545545776630287
need:0.009606009957486181
anything:0.011606205751597019
re:0.0018697025138908526
greatly:0.01951464574900301
so:0.0051090529869246
anyone:0.016729147496413913
had:0.023016127285232026
this:0.00524982438371419
personally:0.019594223025532504
you:0.013894974735218047
kenneth:0.04915846717363828
great:0.012606253443663385
them:0.01465859171532241
8:0.029524912823738664
ray:0.02168884433294335
more:0.01271419025820726
a:0.0027930082516927903
other:0.006896539939159554
was:0.008854611341013856
owner:0.022409041184058037
removing:0.025447551057073345
cover:0.03924206548247886
panel:0.07395668275177471
stolen:0.09817252938780684
those:0.018559156542875602
d:0.018218442223770354
it:0.0017142771486998599
buy:0.03006841125243966
left:0.014622025917502808
has:0.01064774473886551
love:0.016361087200907242
be:0.005784612571374713
thinking:0.017417632669243278
stereo:0.10321938350793626
were:0.031026065949445982
if:0.020104512592902277
of:0.003888811711314773
even:0.00839579723883013
monitor:0.01873637920044404
understanding:0.020070773924554128
please:0.009577076784526274
who:0.012930528742338483
removed:0.02308676864403916
chance:0.01797528764006302
rice:0.026943765531337625
useless:0.047996752856017864
or:0.006743114577030853
message:0.016236599442798608
and:0.006681454753588823
for:0.00162674431456037
subject:0.0001334847844600915
purpose:0.018804407460722934
costs:0.02058126327466918
car:0.07646608349708474
i:0.005726961217361847
body:0.017748405618372758
any:0.0051164363314440365
source:0.015596339808499123
than:0.0071530064110973055
the:0.005276271069923372
originally:0.022748977888982704
less:0.04123298334894416
would:0.01398974469156564
radio:0.07174700721535332
sony:0.05080926467723277
forward:0.021628237530281626
bought:0.018315418744342303
an:0.004489490692808683
here:0.00900200452811698
finally:0.018182622378980526
about:0.004925080901609358
company:0.01683064019815675
is:0.0013433631344533196
sold:0.061597921575627615
whenever:0.023716169873484173
legitimate:0.022876211217288524
thus:0.016656775364381527
by:0.014856532122257491
everything:0.015448312419616266
s:0.0031021814042800915
