ask:0.05025107904062703
out:0.020313398260007928
know:0.02127370906307417
to:0.002376205448432467
knock:0.09394226289394128
cleveland.freenet.edu:0.07383480640526734
nt:0.01231169916762825
me:0.01868256345525077
indiana:0.20186608123988822
these:0.02856268919136108
game:0.051241536343284266
you:0.038330964786808405
beat:0.07492986512461777
how:0.022678672366019385
book:0.16084647469053484
have:0.00881466574392505
hint:0.2831199594855523
open:0.0569820789440235
call:0.04580958789652944
if:0.011554317582127747
looking:0.044722161127700756
but:0.011470400383627764
door:0.07293055682987866
or:0.011626059615570436
and:0.006582714042944653
for:0.022437852614625792
subject:0.000460292360207212
the:0.007797444930921237
do:0.0495391668211377
last:0.03758900951826721
jones:0.17104477517016076
is:0.0046322866705286875
questions:0.052140971331819164
wanted:0.05250275844045004
answer:0.0523495007263596
bernard:0.1003060122721704
security:0.06399782608686021
