out:0.008125359304003172
your:0.00868918773918112
with:0.012099876761163048
motorola:0.06721775314406941
remove:0.030470002655445725
ca:0.014183093766153938
into:0.012350371744706113
from:0.005838429340897762
gain:0.0632497245585276
work:0.013966016993036578
both:0.015487614360746468
liu:0.042796649950307915
to:0.0019009643587459735
garage:0.03792617228046447
front:0.02425483399562713
plugs:0.04012240490886816
quite:0.0183186164283407
like:0.008031993541439126
nt:0.0098493593341026
asking:0.04945424571915026
this:0.010861705621477634
internal:0.027328051145657468
two:0.012860616776919388
these:0.011425075676544431
used:0.013616989712668039
brand:0.031072843605653207
3:0.016148040997500824
more:0.008768407074625695
a:0.000963106293687169
40:0.05275182328310067
3.5:0.033101208866219214
cb:0.08388827981830993
also:0.010231014701238389
international:0.02734734221200961
button:0.03279657977440447
no:0.007763763697810413
pa:0.035721802126958385
model:0.07570244506724585
base:0.0531260117988007
have:0.0035258662975700197
45:0.031106080063832163
buy:0.02073683534651011
channel:0.03341991812935805
14:0.02575070910177012
what:0.00634787657239056
shipping:0.08489601704155446
well:0.011605985587264446
together:0.02454459476862228
easy:0.022852976305233155
alone:0.026477333347686163
rf:0.037837183281596146
pro:0.031039766555560153
one:0.02034436360915081
in:0.0036761317633342856
speaker:0.1090011604969169
external:0.029613960811212505
or:0.004650423846228174
use:0.011467445018947227
truck:0.03546634508088701
install:0.030470002655445725
and:0.006582714042944653
for:0.011218926307312896
subject:0.0001841169440828848
car:0.042188183998391575
i:0.0013165428085889306
buttons:0.039646592002061595
power:0.018633484690831325
controls:0.0343675034355818
socket:0.03801632456713588
actually:0.016857338807593686
will:0.00781589893036748
cost:0.022903500719661248
the:0.0015594889861842475
do:0.00495391668211377
units:0.03351375021250136
home:0.04040500761188067
130:0.03716381452598293
nicely:0.037244476869177354
measures:0.034982177779692196
about:0.006793215036702562
including:0.021930811769174
unit:0.059174356104819525
is:0.011117488009268851
number:0.017256998954467296
connectors:0.03953259681619119
105:0.04147902762780647
new:0.023779304343221334
figure:0.02546550092465347
2:0.013437307255830405
sale:0.021895670028300892
mount:0.07238593865360611
1:0.01350706132361868
volume:0.030531034484942158
150:0.032504839224813516
side:0.02220940743842202
comes:0.041712777065455335
black:0.04868348077577845
included:0.07743685759657178
tone:0.03757690515757651
