408:0.10131518123110866
region:0.09230144780003435
ca:0.03954901146331387
my:0.01827335117942887
t:0.1981748503846494
that:0.0066712427968168625
r:0.05961961089863712
nt:0.013732279840816125
se:0.09706365109469793
wed:0.11087621074260219
this:0.01009581612252729
these:0.03185838409805659
you:0.010688442104013882
8:0.05677867850718974
price:0.060195080804691596
ic:0.11405918071332476
section:0.07903382933890937
are:0.012363680415408184
row:0.10626177478816774
have:0.009831742560531787
call:0.05109530957689822
johnson:0.17759052803107045
sun:0.06977869815574696
if:0.012887508072373256
year:0.047591552234801
email:0.052767281903229636
in:0.003416917344124817
or:0.01296752803275164
use:0.031976529379756695
for:0.012513417804310539
subject:0.000513403017154198
p:0.06473323153137212
i:0.007342257970976728
cost:0.06386553085290156
pair:0.09820965296397188
last:0.04192620292422111
interested:0.055328388757979234
seats:0.10731577933614843
9:0.06847757030048128
tickets:0.4314610690710595
2:0.03746941446337325
sale:0.12211046746552422
