go:0.03670626890177598
inexpensive:0.10327646320856625
at:0.016621981367064737
4:0.046873009512805264
reach:0.08223214092510148
my:0.0358571419369925
like:0.02197432195299383
me:0.04089013888319037
so:0.019279445233677736
had:0.02895110350343651
this:0.00990532902587583
something:0.03755964749365137
on:0.009566204249797922
you:0.020973546770140447
am:0.030836535032101237
market:0.07378972103911362
a:0.002634913444993198
series:0.06768585586354087
buyer:0.1061055225914137
nyx.cs.du.edu:0.17741271117050464
have:0.009646237983917979
if:0.012644347542705835
but:0.012552513627366231
disappear:0.10878420676632666
again:0.04607300260581166
please:0.03613991239443877
one:0.01855303599576646
in:0.003352447205556424
or:0.012722857692511044
and:0.003601862400856508
for:0.012277315581587697
subject:0.0005037161677739301
offer:0.06632384186399694
i:0.007203724801713016
we:0.025429130296489997
preferred:0.09635664064389693
the:0.0028443509810907657
can:0.016312565895051194
home:0.055271000978516005
an:0.016941474312485598
here:0.0339698284079886
address:0.060241912338370014
is:0.005069294846993659
deal:0.06219462248604734
accelerator:0.19999266491513318
