since:0.029863009304532555
week:0.0514602806627699
50:0.05151019834520046
from:0.012635406782539934
my:0.014182302407914944
to:0.0020570136717773593
born:0.06414810385136524
basic:0.057009743426268654
been:0.021899110257036405
prince:0.08169630671722405
july:0.07347939517452101
this:0.00783555878166297
reply:0.05359994805007678
on:0.007567295899093879
am:0.02439307995076665
vhs:0.18446384347436975
a:0.006253003548565948
was:0.01321583782240874
are:0.009595692262704859
innocent:0.06614110971143272
it:0.005117245219999581
not:0.008998656844417386
made:0.06942028513188063
able:0.03936515262851745
has:0.01589215632666494
of:0.014510491460129749
looking:0.07742941329572071
please:0.028588288909033654
who:0.019299296630355945
douglas:0.13463825699270637
for:0.019423812711168595
offer:0.05246512863868415
forth:0.07369888991168065
i:0.005698468872996863
person:0.12560572115256047
we:0.02011558068229806
the:0.005625022462604872
movies:0.1687595719550629
an:0.013401464754652787
address:0.04765405005871061
five:0.11853679441927215
deal:0.0491987312203061
save:0.05406731690181035
sale:0.04738615155378551
e-mail:0.04104023547242189
