another:0.01732426039366077
watts:0.08833508844522824
stations:0.042862434186183136
all:0.00745365492692415
supports:0.03376280847389677
your:0.009843220485791114
with:0.009137927762336677
shape:0.037249426463181294
custom:0.041658132000032676
learning:0.03881174280718657
sell:0.027188064835785685
both:0.01754456314303311
outputs:0.04633654216478818
to:0.00646030856292577
sound:0.05392473889263173
real-time:0.0464943758157063
band:0.03893193748562001
ten:0.09435912287244912
memory:0.02641900176693215
control:0.04765053546782849
months:0.026529644843592343
need:0.030018781117144316
file:0.02373817095670632
fixed:0.03542838050874866
this:0.004101425299776711
best:0.019024813124698704
firm:0.04084359285687323
these:0.01294246853983549
optical:0.046030130343278165
purchased:0.03739730154041191
them:0.011452024777595632
link:0.03785850100591342
a:0.0021820376966349923
120:0.03962824826605756
variable:0.04148828835443576
logic:0.032443288657788845
output:0.03193248585104782
dual:0.04338000751072377
are:0.010045490337519149
buy:0.023490946290968484
per:0.055262892430828395
channel:0.07571700201182684
disc:0.24451490094003606
get:0.010268546681961893
of:0.0030381341494646664
up:0.010495784143378005
pro:0.035162235551220486
now:0.012905581233423783
title:0.03282182290299156
in:0.0027762453421014137
or:0.01580417478991606
and:0.0059655846014185915
for:0.01270893995750289
subject:0.00020856997571889294
each:0.019890698416879807
offer:0.027462215771811235
steven:0.07010178324764095
i:0.0029827923007092957
6:0.022955856504368707
house:0.02685837456632962
room:0.062312945004978214
rate:0.0303490289804004
ago:0.022352857229411282
favorite:0.03775363365956857
program:0.021692448690500587
source:0.02436928095077988
units:0.037964795162599194
radio:0.028026174693497392
sony:0.0793894760581762
450:0.04618183413903677
7:0.024933816632275826
10:0.022581029358563785
about:0.0076954389087646215
audio:0.038752331874489544
different:0.019743882015712873
priced:0.045043460614182136
unit:0.033516725137495436
cartridge:0.04531288386473815
move:0.027631446215414197
items:0.03620011132562197
receiver:0.08513517574763428
sale:0.04960737740786921
hear:0.025888137220771934
volume:0.06917187500494708
index:0.04017671903694232
immaculate:0.049123065164309525
remote:0.07039941129405805
walsh:0.09964632030814541
