some:0.0248412101092203
know:0.026252662248048973
all:0.040598631091331536
4:0.05285679796124849
liu:0.132032217931801
add:0.07311107269046209
mercury:0.11903415235046114
class:0.0844291419504043
that:0.007380949477329294
cds:0.12706168918325833
these:0.03524757389572218
you:0.011825510412951528
brand:0.09586302814510032
8:0.06281896345476311
3:0.049818424353991905
ray:0.09229295460826957
a:0.002971285374141266
are:0.013678965565983522
it:0.0072947963774462115
g:0.07521280768109578
en:0.12061091771543395
david:0.05311585615626583
5:0.11059033561351841
battle:0.10239707406656591
few:0.04863037235970822
still:0.043440618770841426
4th:0.10828745130669508
for:0.013844632464343573
subject:0.0005680203594046446
each:0.054170412709800324
classical:0.12706168918325833
hits:0.10537768668721871
sony:0.10810481846219738
makes:0.05942506132451009
new:0.03668084180603291
gave:0.07897604070293388
jimmy:0.11298938105037823
2:0.08291104477001739
sale:0.06755047136390702
records:0.1049030961018081
1:0.04167072110478103
live:0.06588698455207784
by:0.021073095208875875
