taken:0.012480610983934319
above:0.010313091023214186
at:0.003336988683539512
know:0.004673769415372356
all:0.0036138932979026183
800:0.01818058820303707
with:0.004430510430223844
damage:0.016854063849123756
from:0.0032067130849627863
sell:0.01318209204159306
iastate.edu:0.018205105303437136
my:0.007198592888865919
weekend:0.019118597942895044
to:0.004698406227582378
covers:0.06110445777120965
look:0.008981698198014813
deck:0.023037501086467693
then:0.006045001324908345
most:0.00703255857563272
value:0.01414338189301768
front:0.039965351470067426
make:0.0066669715278397865
that:0.009198228704702037
r:0.011743256692155795
provide:0.012791498781376568
like:0.00441151160419952
nt:0.008114528996845892
along:0.01323470231492892
could:0.005716322558053248
asking:0.013581184903933312
need:0.007277280270822865
anything:0.008792580114846226
re:0.001416441298402161
michael:0.011381421218460945
greatly:0.014783822537123492
so:0.007740989374128183
had:0.011624306709713145
this:0.001988569842315981
personally:0.01484410835267614
these:0.006275136261738419
you:0.0042105984046115295
kenneth:0.018620631505166015
numbers:0.013362660609843554
great:0.009550192002775291
them:0.005552496861864549
card:0.01159434979740243
came:0.011434570956355859
ray:0.016430942676472233
a:0.004231830684383015
other:0.005224651469060268
nor:0.013085374988543194
was:0.0067080388947074665
owner:0.01697654635155912
as:0.0030307354553674943
worked:0.014561226668842233
removing:0.019278447770510108
local:0.011577210045136182
definitely:0.01612065054591206
cover:0.05945767497345282
panel:0.037351859975643796
stolen:0.03718656416204805
those:0.014059967077936062
reason:0.010122014863668666
it:0.002597389619242212
not:0.0022837500324847156
should:0.006222773266035908
catch:0.01835563685135196
have:0.005809666058496055
probably:0.009042514072080335
buy:0.011389549716833204
left:0.011077292361744552
hopefully:0.017510396126676923
customer:0.020501074256354997
referred:0.01848581731917093
be:0.010955705627603623
thinking:0.01319517626457824
stereo:0.09774562832190935
writes:0.002504781784157433
were:0.023504595416246957
if:0.010153794238839534
of:0.0022095521087015756
even:0.006360452453659188
available:0.030693907134252615
but:0.0025200122054939785
shop:0.036814346824338616
warranty:0.01944534167124507
understanding:0.015205131761025855
they:0.0070675729129374525
find:0.008016843703308296
who:0.009795855107832185
removed:0.01748997624548421
in:0.001346058347685534
useless:0.01818058820303707
or:0.007662630201171424
use:0.006298407302073288
and:0.0028924046552332564
for:0.004929528225940515
subject:0.00010112483671219052
purpose:0.014245763227820405
costs:0.015591866117173619
car:0.05792885113415511
i:0.005061708146658199
we:0.015315271655840568
face:0.04078717716983591
will:0.004292823276148805
source:0.011815408945832669
than:0.0054189442508312926
cost:0.012579574258904852
the:0.005995762579458376
originally:0.01723407415832023
do:0.0054418024159583085
when:0.004953312283499
less:0.010412369532561657
units:0.018407173412169308
would:0.014131055244005698
can:0.0032748711834761873
radio:0.054353793344964645
sony:0.07698373435944358
did:0.006226935770617293
bought:0.01387531723056235
thought:0.010168887898453457
just:0.004448441528279871
people:0.011403584394493314
company:0.012750484998603599
is:0.001017699344282818
number:0.018956551881801197
acquired:0.022174683166502875
matter:0.011442814439017207
serial:0.031358469150491154
sold:0.0466650921027482
whenever:0.01796679535870013
legitimate:0.0173304630434004
article:0.0030694427284719736
very:0.006603191256755482
replaced:0.016385028432031535
occurs:0.018084076516290917
thus:0.012618769215440551
registered:0.019584362000223964
stands:0.018107974884447223
by:0.007503299051645198
check:0.012535271077983672
s:0.002350137427484918
