mode:0.02334991003950141
at:0.010743475761639403
cable:0.026327118679202736
round:0.02683343104877585
all:0.005817486772233483
supports:0.02635146027230967
with:0.007132041180360334
from:0.005162025941647413
post:0.015747425636775492
sell:0.021219953042564438
both:0.013693317575050231
my:0.0057939893983554955
to:0.0025210960245563977
100:0.020600683529457754
next:0.016331585510665703
make:0.010732198069205511
that:0.0021152721063077856
like:0.014202915408642356
mainly:0.029345502933710965
me:0.006607248051247224
sample:0.028739034680475364
started:0.019995395585298205
description:0.02667707476454818
so:0.0062305524230787815
this:0.006402224858188037
parallel:0.028057032850374333
recently:0.02017872905236396
you:0.006778036456203926
used:0.0120394116362004
am:0.009965465589642473
brand:0.027472940992803143
3:0.014277231369741584
includes:0.022974112020928958
a:0.008515269060038994
was:0.005399153256715766
180:0.07010677854023088
driver:0.022437717063941414
cables:0.032124325756205184
also:0.009045714217558332
weird:0.030019021199347
computer:0.01634574942173973
are:0.003920191351226985
no:0.006864303269405548
manual:0.023960959737090018
kevin:0.027472940992803143
it:0.012543491331950193
have:0.006234763574971377
charge:0.025099101554474607
ring:0.030385902427800985
selling:0.0254254703374972
follows:0.02618307510747447
be:0.0035272027874236056
which:0.00787739227144828
get:0.016028950918184418
things:0.013626377610611279
if:0.0040862830473378615
of:0.0011856133266203576
years:0.013596191603538985
never:0.01343865384671866
print:0.02680709165155319
present:0.02210061148066649
using:0.013441588894176347
please:0.011679361932349116
now:0.01007264876755027
in:0.00216682563285964
installed:0.024422987532653005
fellow:0.029345502933710965
or:0.008223310459793723
use:0.01013889955943505
and:0.005820082537969357
for:0.013886841709661696
subject:0.0001627863225123067
offer:0.02143392450482828
i:0.010476148568344843
power:0.01647472731811306
fx:0.040900037723121244
directly:0.022149392228636464
the:0.001378816481687292
see:0.010788937569580343
when:0.007973624651486195
ibm:0.024027238226339433
around:0.014434112397278267
got:0.04046622844446172
would:0.011373776172004586
can:0.005271743856327521
an:0.010949977299533375
wordperfect:0.03816817965893246
about:0.012012392442949653
including:0.01939004699103799
interested:0.017543147654969025
is:0.003276495449886145
netters:0.030108692829771973
new:0.03153657740640634
provided:0.024621740448808195
printer:0.15899751867906697
does:0.007429809843521496
sale:0.019358976549412377
request:0.023782323337770316
paper:0.023516148763637775
e-mail:0.01676643766251382
very:0.01062952738892346
christmas:0.036944577857333974
give:0.014409977264365895
upon:0.021146802333493517
mine:0.019909994175609673
