my:0.025681466522440577
to:0.007449725189680167
mail:0.08281933796853665
that:0.009375800687418293
re:0.01010650007508569
off:0.059012363458279746
illegal:0.11107457096279155
a:0.0037743354752605273
responsible:0.10569878959656817
are:0.03475196657303922
it:0.009266362965945189
not:0.0162948650966477
only:0.036041519953223966
always:0.07180962427023534
evil:0.11288307336239463
list:0.07869266478166431
get:0.03552362095381412
but:0.017980627628389468
who:0.0349473749792932
net:0.08959844553779683
olson:0.15872455375591651
and:0.005159424520145809
for:0.008793212511137136
subject:0.000721539375459954
the:0.002037170297267711
junk:0.28422340128921414
ive:0.1947038668352912
people:0.040683057839813984
company:0.09097643350355
is:0.014522844696792644
wanted:0.08230162133908385
john:0.07247238917788773
s:0.01676854813124374
