frequency:0.053179928894281296
rating:0.058503138092205836
andrew:0.08011613104621274
all:0.010149657772832884
microphone:0.06719936040324331
switch:0.04523524917032102
specifically:0.043053645231443206
with:0.006221567838186674
continues:0.052688843343609355
response:0.03735743141092917
clark:0.05334879431083757
work:0.02154332408500323
reduction:0.05951707617523057
to:0.007330846596227823
most:0.019751015574117424
day:0.02705641527407311
mi:0.056725966978767896
asking:0.03814290228338717
complete:0.03939591330100827
voice:0.03857972661102307
d.c:0.06115697702445672
includes:0.0801649866262202
why:0.01893321893780858
more:0.013525734317241763
a:0.004456928061211899
aviation:0.13439872080648663
was:0.00941979929895091
also:0.015781884379569854
universal:0.052296241674083276
boom:0.06189094374240301
it:0.0036473981887231058
not:0.006413936261446435
have:0.0054388363100814135
assembly:0.054805877875445635
19:0.043584012893413605
discover:0.058096529445182454
netcom.com:0.10273516515067464
talk:0.03680418901741518
yourself:0.03730079437632545
be:0.006153843161036929
scratch:0.05998306152266028
of:0.006205550603161871
even:0.017863398380489635
excellent:0.04143686609936582
shipping:0.043652207344061694
thousands:0.0455168084595568
david:0.026557928078132915
u.s:0.03752917447870956
and:0.0020308373111212227
for:0.013844632464343573
subject:0.0002840101797023223
i:0.0020308373111212227
favorite:0.051409203281114646
information:0.025944907281742178
noise:0.048727768229959015
than:0.015219162576802777
the:0.004009324521218367
do:0.007641679988366986
original:0.032831574609292334
less:0.02924325060208806
push:0.051060375378742404
human:0.03410470607698485
people:0.016013544043331034
f:0.03953437466390264
match:0.05092398507630558
sale:0.06755047136390702
first:0.019973987546713205
designed:0.04180422762641237
advanced:0.049178133802582
condition:0.04040526689877682
ann:0.06014303894143199
before:0.022619087949177066
respond:0.04302135902192028
