pc:0.04830205886953454
k:0.0549081312500241
pass:0.058830075654946315
work:0.029348876289714547
to:0.001997390087088161
nt:0.0103489645177165
could:0.021871147178638514
re:0.005419427576495225
lotus:0.08919160794792894
phone:0.04257024820593578
reply:0.05204632636746586
you:0.016110115635035418
them:0.02124433581930784
3:0.03393428905271913
a:0.0020239190229657898
j:0.04426273419607047
was:0.012832770059440371
buyer:0.08150134343978153
said:0.03176093954584684
it:0.01490675781478139
morgan:0.08431519872153455
writes:0.009583512913298006
get:0.019048898192624963
ave:0.07576782443014164
if:0.00971232492410738
please:0.027759642853699345
they:0.01352057426822817
up:0.01947044015003456
pro:0.13045698987119486
good:0.02347840364289129
or:0.029317889465351535
for:0.014145602735307565
subject:0.00038691241872490284
i:0.00553329586218536
the:0.002184791333301603
do:0.010410404621833284
thank:0.05261585951839876
would:0.01351666153774458
club:0.07003572620905474
thought:0.03890704935060453
just:0.017020124108201244
btw:0.054373775658599056
address:0.04627277324541465
arrive:0.0859576434361288
interested:0.04169675674514377
ma:0.05813359311938429
is:0.007787612373642432
deal:0.04777268104000738
new:0.02498550094034126
days:0.04316308151521989
sale:0.04601263991454536
too:0.028297360403833283
ami:0.17250087259160599
150:0.06830727083475303
before:0.0308144096698934
mine:0.04732230499710125
s:0.008991830157333599
