know:0.008628497382225887
help:0.014965683356935643
all:0.006671803011512526
river:0.03818932704788217
hand:0.044157195181156274
your:0.01762142968085682
super:0.03518123109894136
mary:0.03279586579037241
times:0.019653679311140045
my:0.013289709948675543
to:0.0009637756364271544
sound:0.024134148875023992
line:0.019746879362279642
young:0.02625213655296634
franklin:0.043395204495067466
ai:0.033934739970225856
make:0.012308255128319606
like:0.008144329115445267
through:0.016569673384789
cds:0.1252846026212547
nt:0.004993556305751318
perfect:0.02832228527368454
bobby:0.0364904027219354
me:0.007577543219612201
anything:0.016232455596639186
michael:0.04202370911431733
this:0.003671205862737196
two:0.01304048554303015
garden:0.04133758580277418
you:0.011660118658924235
tell:0.016853322053303865
machine:0.02274684863163879
includes:0.052695865334718164
anymore:0.03098919126339855
as:0.005595203917601528
following:0.03828411570684981
forever:0.0330009540078166
plus:0.025006292685172522
athena.mit.edu:0.034176736677760645
70:0.030082775226311934
are:0.004495883787421158
daniel:0.029920139826561814
18:0.02704020624631538
silver:0.03642217772231746
taylor:0.03793188667639465
it:0.007192771253286125
have:0.0035751791129206493
stay:0.02761326970808519
between:0.01624381710521962
girl:0.03691435112624613
walk:0.03210368513618464
extended:0.03343010747897948
love:0.09153055776731325
without:0.015714758634982482
be:0.004045183616345953
greatest:0.034848167819296234
down:0.016534025013658447
were:0.010848274807498596
of:0.0013597243745855849
up:0.00939482776470199
good:0.011328740219297197
george:0.027848350902483686
over:0.01402755770992558
one:0.013752600108749964
in:0.004970061591454279
heart:0.027769109182137184
yellow:0.039641350577799966
and:0.0013349559947230414
for:0.013651001241066042
subject:0.0001866920062378902
each:0.017804261520004302
i:0.005339823978892166
rose:0.03447863997751735
6:0.04109579905677195
away:0.01936352158268301
gregory:0.0373656694558795
don:0.031179058319803808
import:0.03892611387066418
the:0.004216800055882814
waiting:0.030594687142558752
got:0.015469607144269749
hits:0.10390387288739747
falling:0.03827729055981826
put:0.017394820276550906
fight:0.029787441214960377
fires:0.03932582305835613
mr:0.023615074673310584
mental:0.037288397874155124
an:0.006279007961970187
ourselves:0.03325527319782272
jones:0.034687401957585046
paul:0.022902255182580822
is:0.0018788295586759714
number:0.017498355583201106
night:0.023411432493594578
new:0.012055941013171657
time:0.02209104853012187
sale:0.022201903175549858
dance:0.04190876084483199
dreams:0.0380166514353621
condition:0.026560105513881268
miami:0.044173006139194906
live:0.02165516275487873
rain:0.03974977146266686
s:0.004338715250741387
