access:0.14575551600080544
with:0.02542727725171945
brand:0.19589401403563977
hard:0.23515073065873993
factory:0.24201888189152077
drive:0.24554815207008596
scsi:0.18391183896230273
kim:0.24201888189152077
only:0.05797983644649072
if:0.029136974772322143
warranty:0.22319870440037817
seagate:0.24994590609995354
subject:0.0011607372561747086
eng.umd.edu:0.25452679808507644
new:0.14991300564204754
time:0.06867434651755276
sale:0.13803791974363605
e-mail:0.11955199028922897
leave:0.15361661409976157
full:0.13433315147492406
