at:0.01874393643520066
round:0.18726309327656335
11:0.08221733271531725
tank:0.09870412160519654
scope:0.11873235160595144
with:0.03732940702912004
spot.colorado.edu:0.22980634663960495
walter:0.11934029570050582
make:0.03744852092233412
me:0.04611015661295935
140:0.12231395404891345
sight:0.1127618217074687
contact:0.07404409146767166
great:0.05364363167516334
air:0.08200295714108871
40:0.08137249336222975
manual:0.08360845525282475
forsale:0.10961175575089127
plug:0.1009198718020603
allen:0.09476656750435175
box:0.06741572363205547
in:0.0037804191892444783
gun:0.15578789343848518
valve:0.12231395404891345
and:0.00812334924448489
for:0.0069223162321717865
subject:0.0005680203594046446
top:0.07194962183334713
constant:0.10553826553052471
7:0.06790486231768736
an:0.019104215714079505
instruction:0.11756621891456855
sale:0.06755047136390702
16:0.07419133493244982
shoulder:0.11756621891456855
barrel:0.5118688515771862
condition:0.08081053379755364
