reached:0.03584432004356931
at:0.02017477127758239
b.c:0.0444102955098159
hours:0.029894460889699406
all:0.007282960539284665
with:0.004464331120530895
way:0.013224219996538498
nights:0.08608256157450483
work:0.015458568427406899
ext:0.041687586014100386
to:0.0010520604275502524
then:0.012182292746380177
t:0.01966620652672093
normally:0.03248741789405178
that:0.0026481269117135634
its:0.01578492027507
me:0.008271669316065227
so:0.007800080896068092
this:0.016029998118211267
contact:0.026565437396798227
you:0.004242740377165815
regular:0.030893455356913443
roger:0.10107835359312806
a:0.00426413473540884
member:0.030464869639286705
low:0.025922095725036794
40:0.05838942271793585
wa:0.03828081423831093
prices:0.033301232665488865
business:0.02760735674224097
are:0.004907720470238363
works:0.022710885446952215
date:0.02731144419681926
provides:0.03372633881709641
june:0.07016910428031368
sun:0.02769841453510566
be:0.004415734787308941
credit:0.14755618651678706
hotel:0.2764780723397273
if:0.005115652059262666
of:0.010389954953894432
available:0.06185642353773046
but:0.005078497879774124
find:0.016156081966972442
one:0.007506190135691774
in:0.004069000806744057
fully:0.0320431565257847
or:0.005147415707657139
use:0.012692973494254564
for:0.017385053743393265
subject:0.00020379356406120838
summer:0.03435699351569635
victoria:0.18500490896497013
acceptable:0.035329501106198834
room:0.060885930997230615
directly:0.027729010118292974
any:0.007811353177777154
the:0.0005753839770908802
canada:0.0568031693588801
can:0.006599740400287888
home:0.022361550014208767
an:0.006854184263830051
during:0.022353965723682978
company:0.025695633890315647
dates:0.042706909621921176
is:0.004101872166269678
number:0.01910125838471571
solid:0.034393605517707745
stays:0.04574773130390057
days:0.02273475285916162
2:0.029746710719013872
issued:0.040295818404986236
206:0.17710073693699183
1993:0.023127143534428525
1:0.029901128120987917
too:0.014904716548583942
before:0.016230490589485835
letter:0.1246121838088811
by:0.007560576143642489
check:0.02526192034036404
