pc:0.04565537071229977
out:0.016139412316170682
there:0.037716944612759484
know:0.016902398981620572
tb:0.08097636670954393
allows:0.05661196418008443
your:0.03451869101866473
with:0.008011333928623935
someone:0.03018435773510986
from:0.011596880197673638
to:0.0037758881098378925
beach:0.14549317559911717
normally:0.05829933896055867
that:0.0047521181566366685
nt:0.009781897968800527
could:0.02067272815515147
me:0.014843680553486912
anyone:0.022916640406046452
this:0.007191540251663273
you:0.015227369572841693
card:0.0419302513221129
a:0.007652077401898055
wondering:0.04930045892955201
was:0.024259209153462618
copy:0.09360580671406417
driver:0.10081604379414771
let:0.03157722935277842
scsi:0.057944825974424144
it:0.009393299444930739
have:0.007003433056817162
only:0.018267619702318993
between:0.031820080082827475
always:0.03639665887669462
tech:0.062120995960545586
if:0.018360285472970115
of:0.002663569665284091
available:0.03700087435361959
but:0.009113468797950825
find:0.02899242106401904
who:0.01771305307169655
use:0.04555560349992734
and:0.005230101568366984
for:0.013370501215564684
subject:0.000365711738246826
i:0.002615050784183492
directly:0.04976027843145726
program:0.03803607441622021
the:0.0010325383698480178
do:0.009839971491869817
got:0.030303477008638
just:0.016087514568025835
is:0.007360893887415449
wanted:0.04171452040474113
s:0.008499127135013948
