at:0.013148731529170612
mb:0.06813411557150023
send:0.021890650155792706
case:0.01844485900975191
existing:0.03231098251011978
thanks:0.014876019738180321
your:0.028207437810028265
with:0.004364383408877219
user:0.02822122002681355
further:0.026476376127473035
4:0.018539324658049843
ohio:0.07570769817993087
post:0.01927296868978493
via:0.025509189392654067
to:0.005142534179443398
mhz:0.035261989478390134
owners:0.03222124972678544
memory:0.025236061389308322
me:0.008086482689586155
attention:0.0316767048024079
bus:0.03020181083399747
parallel:0.03433845811538351
two:0.013916339049651578
on:0.0037836479495469396
rev:0.03955078821082857
performance:0.028291128608929968
machine:0.024274622047196617
speeds:0.03713108919451828
support:0.020439972459205268
card:0.02284259960085255
8:0.044067034065281584
posted:0.025472991973745487
ns:0.09043150400899659
includes:0.028117569936062306
a:0.003126501774282974
price:0.023359285088387784
running:0.022592988152587326
following:0.02042771845552061
ram:0.0290287840912929
video:0.026087396961679273
70:0.03210326012957169
brian:0.08364352645027116
systems:0.022391172539422466
university:0.017539851504467564
32-bit:0.04143761911472121
be:0.004316875053264712
end:0.020180846287876933
of:0.0058041965840519
keeping:0.0311950740476499
expansion:0.034498093861512744
available:0.020157192744882313
dram:0.04611596086859244
port:0.031117739816041344
latest:0.031092138807856353
using:0.016450899840633738
please:0.014294144454516827
one:0.0073381411028031526
in:0.0013259679245857497
feature:0.035261989478390134
system:0.01668076365106362
or:0.005032175057485711
and:0.004273851654747647
pop:0.0393936732168149
for:0.009711906355584297
subject:0.0001992310215822261
secondary:0.0412359126043636
guide:0.07017069919430408
athens:0.039958686811857415
improved:0.038377761468124
386:0.03521743599341622
20:0.02346889812243
will:0.008457502573905108
the:0.002250008985041949
clone:0.039958686811857415
upgrade:0.033004219427229455
controllers:0.04396907973089258
fan:0.029847432727534876
genuine:0.04396907973089258
friend:0.025919398654423925
7:0.02381737708157691
slots:0.04133608439788704
upgrades:0.04355050162155643
i/o:0.038514695338782184
cache:0.03621393892344998
address:0.023827025029355305
replies:0.10033899037637926
maintenance:0.04218989298876572
15:0.024938886059557044
cooling:0.04396907973089258
is:0.002005019603661671
right:0.01447666861037537
disk:0.05225341766865495
motherboard:0.16847851618400939
sale:0.023693075776892756
serial:0.030890432297498747
ports:0.036739697587260506
included:0.05586240970896968
while:0.016196585864765092
s:0.0046301214989255095
