ask:0.020240017946919216
large:0.020791903610330384
bathroom:0.04628504564009088
all:0.013250942092309599
storage:0.10464205910241658
with:0.012183903683115569
yard:0.04191970772743551
1992:0.027402406492252028
located:0.03393939822860953
to:0.0009570827500630769
association:0.03311060130060559
building:0.026392135894712856
garage:0.11456864543056977
t:0.03578157020833947
asking:0.024898838990544403
eat:0.0313557238453573
description:0.030382224037402095
master:0.03302433380061561
starter:0.041767076430777345
on:0.003520894619717291
etc:0.01612724991290441
glass:0.037924123387827434
taxes:0.033067333594003955
3:0.03252036034218916
includes:0.026164960912724643
a:0.003879178127351097
low:0.023581906527637638
price:0.021737112512805298
old:0.03677657058808783
following:0.019009126896109455
fine:0.02249414290222611
21:0.028168076535793923
doors:0.03584006371803342
digital:0.02867616386813655
gas:0.055113467662069475
place:0.018884914009141843
neat:0.036374515392589866
area:0.022281021143467687
completely:0.024979122479440764
open:0.022951115130231684
electric:0.0363054158727762
call:0.01845108401387991
coach:0.035403946348317936
which:0.0179429490627433
utility:0.03293912482428357
of:0.006751409221032592
years:0.030969103096949908
central:0.03180840426122324
fire:0.024979122479440764
well:0.011686582709398227
windows:0.019077827648774314
up:0.009329585905224893
newer:0.03413782442613769
one:0.006828547970664045
in:0.009871094549693914
door:0.02937480761203446
a/c:0.04473543764485331
and:0.006628427334909546
for:0.011296835517780348
subject:0.00018539553397234928
space:0.021232727482729884
car:0.021240578749190202
fees:0.04078339228450632
back:0.014627477222691232
room:0.1384732111221738
stove:0.04191970772743551
water:0.028472897324385765
the:0.0005234395902701756
fan:0.027774694343678286
home:0.04068559794251873
road:0.025073974902572987
snow:0.037924123387827434
10:0.04014405219300228
just:0.008155476135179763
about:0.006840390141124107
maintenance:0.11778011792697098
garbage:0.03702945066669571
move:0.02456128552481262
living:0.05116673630595972
new:0.02394443840116037
9:0.024728011497396014
spare:0.035403946348317936
sale:0.04409544658477263
x:0.1268816662310876
very:0.0242117012747701
removal:0.03958309497312153
condition:0.026375660336701533
guest:0.041328334058405594
north:0.027876074895214067
parking:0.038099941498829455
plenty:0.06474051183651316
