shape:0.15893088624290685
wonderful:0.16020492667024677
via:0.11394104595385483
software:0.09385952961604188
contact:0.11600240996601892
great:0.08404168962442256
a:0.004655013752821317
old:0.0882637694114108
drive:0.09412679162686628
also:0.04944990438931888
have:0.017041687104921762
baud:0.18080865982414782
color:0.1231544035534462
modems:0.17701669697892589
but:0.02217610740834701
supply:0.13459884778681813
pro:0.15002553835187407
or:0.022477048590102845
for:0.010844962097069134
subject:0.0008898985630672766
doug:0.2881092989772524
300:0.13865068783941173
i:0.006363290241513164
power:0.0900618426723514
disk:0.11669929945999605
128:0.19218543195384377
2:0.06494698506984696
sale:0.10582907180345431
included:0.12475938168336563
