go:0.03602652318137272
out:0.021818094427415922
bright:0.09737283192315668
all:0.017667922789746132
though:0.046028596326123696
times:0.05204585447209308
56:0.1987319847423269
to:0.0025522206668348716
could:0.02794646583937143
consider:0.05963637182539246
complete:0.06857807130175514
this:0.009721897006878128
best:0.045095853332619146
8:0.05467576448840493
jay:0.0944105235955145
not:0.011165000158814165
cm:0.2298338608442462
color:0.06841911308524788
32:0.07930405132417602
b:0.05668348789841188
has:0.019718045812713907
details:0.07064484967204324
call:0.049202890703679766
be:0.021424491005091528
considered:0.0637563510594854
converted:0.09393362551954385
speed:0.06219379938677372
or:0.012487249216723801
offers:0.08370537821078934
for:0.018074936828448553
subject:0.0004943880905929314
spoke:0.09490002835603588
offer:0.06509562257021922
will:0.041974272033454975
road:0.13372786614705592
measures:0.09393362551954385
3.0:0.1712127621275077
write:0.060262480092361355
blue:0.07401225236043164
sale:0.05879392877969684
easily:0.0684984216369516
bike:0.27943427218655875
700:0.09957763488641573
