at:0.012767608876151174
all:0.013827070009366539
thanks:0.028889661520524103
with:0.008475759083906484
floor:0.07124415532411345
literature:0.06856684948064477
4:0.036003905857662014
item:0.07052705304493417
to:0.001997390087088161
perfect:0.058696910059954914
months:0.04921441362289594
me:0.01570418377397891
jon:0.060135771937946864
age:0.05975055979584958
these:0.02400921700143395
you:0.008055057817517709
used:0.0286154131643024
price:0.04536440872237627
old:0.038375551918004694
speakers:0.16386799015926398
also:0.021499958430138643
andrew.cmu.edu:0.11810954802108001
are:0.0372702250203609
have:0.00740942917605294
only:0.01932661214883024
mint:0.08654926654511799
feel:0.04414893745284316
call:0.038506610115923295
free:0.041847939045286026
if:0.00971232492410738
standing:0.071670443515509
warranty:0.0743995681334594
please:0.027759642853699345
they:0.02704114853645634
in:0.0051501362867968255
system:0.03239452651076123
412:0.08993498902600938
or:0.01954525964356769
and:0.00829994379327804
still:0.029589986698978946
subject:0.00038691241872490284
6:0.04258477728346659
any:0.01483025023606967
the:0.0010923956666508015
original:0.04472707265613739
peter:0.05336076928733271
home:0.042454536983497805
come:0.0347999083256436
interested:0.04169675674514377
questions:0.043828642568775535
2:0.05647563919117127
sale:0.04601263991454536
retail:0.08431519872153455
under:0.03517860039283535
e-mail:0.03985066342974299
condition:0.11008971270971075
todd:0.07376101755673432
