above:0.07164884289811961
to:0.0036268398949758705
matt:0.12917438077343005
amiga:0.2652147030414619
keyboard:0.11959955357823673
best:0.06408358105161668
internal:0.10427808989790349
ram:0.10236465969034864
3.5:0.12630724435794174
drive:0.07431062496857864
equipment:0.10618310296159444
button:0.12514484387601707
computer:0.07054481329382409
made:0.06119946189257898
allen:0.23442256172129117
mouse:0.11436663624283765
call:0.06991989731575546
monitor:0.0986125221076002
floppy:0.11592160772625888
external:0.1130006399375214
or:0.035490076721215014
for:0.017123624363793367
subject:0.0007025514971583761
offer:0.09250430575767994
the:0.001983560552602771
1000:0.24592717934120426
450:0.15555986236307123
is:0.007070332286596418
sale:0.16709853442650682
1:0.051540102419071275
e-mail:0.07236041517505964
by:0.026064091442557002
