health:0.07861031321231605
at:0.016621981367064737
thanks:0.03761106877200308
sell:0.06566174149019939
via:0.0644949316719933
to:0.0026003757737562846
re:0.007055481184493784
this:0.00990532902587583
jb:0.2456941846168237
access.digex.com:0.08438608253572395
was:0.01670681385096954
1,000:0.1101088154205389
proper:0.07748166235928002
it:0.012937940744904602
annual:0.09523226145140173
writes:0.012476648887123817
what:0.01736683213201191
good:0.030566223610556588
over:0.037847938726780335
in:0.003352447205556424
fully:0.07920100952599614
and:0.003601862400856508
for:0.018415973372381548
600:0.09275182485592127
subject:0.0005037161677739301
membership:0.20291291637231884
i:0.003601862400856508
paid:0.07803754976928598
the:0.0056887019621815315
original:0.05822958515610338
club:0.18235717390282175
is:0.020277179387974634
fee:0.18984588857164586
time:0.02980207490384365
does:0.022990354987500475
life:0.0526486670431832
sale:0.059903248190634514
article:0.015289299628615112
lifetime:0.1061055225914137
include:0.06342496741970946
