out:0.01683110141543514
checks:0.08033703853349894
all:0.01362954043780416
send:0.04190495886966032
to:0.003937711885973802
hudson:0.07992293086388105
connected:0.06492547194247136
software:0.04022551269258938
mail:0.04377593578336937
me:0.015479838291493495
re:0.005342007182545293
contact:0.04971531855686525
these:0.047332456374255504
on:0.007242983217704142
you:0.007939985562981741
used:0.028206621547669508
inc:0.052300221368634305
working:0.04526484301009439
3:0.033449513494823134
a:0.0019950058940662787
uunet:0.05395703303453264
as:0.011430202288814549
scsi:0.06042817565904232
plus:0.05108428362828101
are:0.027553344925766807
dick:0.14420885305497977
508:0.16521878262784612
drives:0.17344468507524263
only:0.019050517689561237
2600:0.10014124369235453
has:0.015211063912665013
without:0.032103006925749925
get:0.01877677107558746
if:0.00957357742519156
vms:0.0838972641281273
shipping:0.05861867843345427
please:0.027363076527217926
find:0.030234953395334146
in:0.002538281455635578
system:0.0319317475606075
and:0.008181373167659782
for:0.009295681797487828
subject:0.0003813850984574042
tape:0.17783006844507143
info:0.04207707799131996
cox:0.09155875997194124
currently:0.05141333574081852
units:0.06942133972589566
compression:0.06951952371572083
repost:0.07932344230532345
about:0.014071659718883878
interested:0.04110108879164171
is:0.0038381803841523415
sale:0.09071063297438942
sold:0.05866468721488344
condition:0.05425850126407173
