cable:0.03722109882232111
dos:0.03042717548486153
supports:0.07451102559756528
your:0.010861484673976402
with:0.00504161531715127
gain:0.039531077849079756
sell:0.03000062326707386
my:0.024574506758542274
to:0.0035643081726487004
software:0.024274016280010833
been:0.012648624027771027
make:0.015173107615083652
that:0.0029905571158144553
13:0.03394602202126261
bit:0.023492105155652584
asking:0.030908903574468915
1024x768:0.04763458869814415
recently:0.028528547970583528
you:0.004791370598351051
am:0.014089106523287634
great:0.043469839460908224
purchased:0.04126598790666142
size:0.03104204428505058
card:0.07916142275467866
8:0.025452511054947124
includes:0.03248064113303749
more:0.010960508843282118
a:0.0036116486013268835
iici:0.05305362886557842
standard:0.02624176327984687
250:0.039397421068597296
21:0.03496726742374418
video:0.03013544131780192
staff:0.0414884696649017
no:0.009704704622263015
it:0.008866950769137205
choose:0.03425692663264878
should:0.014162173639943789
forsale:0.0444116596576887
have:0.013221998615887574
traded:0.04568797948492267
systems:0.025865664830022506
completely:0.03100856583654716
robert:0.027546655422049166
has:0.01835818058425088
800x600:0.051129977561145575
14:0.03218838637721265
get:0.01133081013182002
of:0.0016762119445322297
monitor:0.0969123062091933
but:0.005735200191813882
macintosh:0.04047936142851362
powerbook:0.046760860299348575
forgot:0.04137651108277402
virtual:0.04256746227657417
up:0.023163109833661804
si:0.04665761727308378
accept:0.03079406871260977
in:0.0015317215680559523
640x480:0.05305362886557842
or:0.011626059615570436
offers:0.03896629675329849
use:0.014334306273684035
and:0.004937035532208489
still:0.01760094036404782
for:0.008414194730484673
subject:0.000230146180103606
offer:0.030303134644757222
i:0.009874071064416979
cae.wisc.edu:0.05166338621388771
silly:0.04028117592657656
will:0.009769873662959347
the:0.0012995741551535397
can:0.007453155107221667
zoom:0.052430174886443706
pair:0.044025016845918426
an:0.00774050119449773
apple:0.13080575680307158
newspaper:0.04250384066193949
hardware:0.030600699342021996
2:0.016796634069788006
pages:0.0387585592396859
resolution:0.03851570685204196
s:0.005348588628069123
