some:0.03648552734791732
my:0.029694195666571915
most:0.058018608248969934
matthew:0.13394601065067172
ii:0.11473124390969118
keyboard:0.14202446987415612
3.5:0.14998985267505582
drive:0.1764877343003743
only:0.041673007445915206
color:0.23091450666271163
disks:0.13467846605604727
mouse:0.13581038053836972
manuals:0.15272729202874288
applications:0.12188440710607287
of:0.006076268298929333
monitor:0.11710237000277525
5.25:0.17763179122379252
or:0.021072233053221416
and:0.0059655846014185915
for:0.020334303932004624
subject:0.0008342799028755718
rgb:0.16839853457086015
apple:0.2370854342055672
printer:0.13581038053836972
sale:0.09921475481573842
bailey:0.204601985516147
lots:0.11402171910676127
s:0.019388633776750572
