week:0.1112206065937285
desire:0.15675786389718377
4:0.08013772594124771
fred:0.29894285481803945
kids:0.14181816228563623
psychology:0.18047113420876368
beach:0.34261296189469526
july:0.15881030569977123
two:0.060154497827526174
3:0.07553115950443934
a:0.004504852018859339
usa:0.11756844148479757
nc:0.16896549085590132
seeking:0.17062011325549975
university:0.07581742263221462
of:0.006272276953733505
one:0.03171970670243943
in:0.005731603286919048
for:0.020990249220133806
subject:0.0008611921578070418
house:0.11089909498355456
families:0.17096147162100095
carolina:0.18598590189081657
adults:0.1773966122795919
wanted:0.09823096740471297
late:0.12432706405261837
de:0.13035425894012806
north:0.12948886402938148
