school:0.03827920500838006
basically:0.041307437349977744
since:0.02106128024635454
thanx:0.05108071384991891
send:0.030877338114486553
hand:0.03323409953108077
florida:0.053756862675016184
dennis:0.0570974715234151
name:0.029076131640318432
to:0.007253679789951741
scanner:0.11718809017905216
amiga:0.05304294060829238
software:0.029639851457697437
that:0.007303255272304775
think:0.015155242395037424
like:0.012259358563249192
me:0.011406196635837312
lost:0.03688954025597737
this:0.005526130930225463
teacher:0.11901990864199173
recently:0.034834858574607254
etc:0.02444551565745511
a:0.0029400086859924105
sorry:0.03344649141830131
odd:0.05115256611381786
l:0.03478905872371961
taking:0.03586263193843795
manual:0.08272836625016343
it:0.007218009047157304
have:0.016144756204662724
disks:0.045365378039931716
found:0.028152847423757867
neal:0.0628620988590857
get:0.013835515529380235
if:0.007054214944877992
of:0.0020467430059551437
looking:0.027304056267438356
but:0.014005962573692847
please:0.020162266914792153
up:0.01414168810897247
net:0.03489623668314192
sounds:0.0375021533006404
email:0.028883143778609902
in:0.0037406253030419045
and:0.00401892015253463
still:0.021491674549784706
for:0.006849449745517347
subject:0.0002810205988633505
space:0.032184344815927406
i:0.014066220533871203
sees:0.055787427581589784
person:0.0590567250331337
the:0.003967121105205542
original:0.03248597908708926
would:0.009817364695835537
an:0.028354678059844318
just:0.012361984878588273
address:0.033608645830880114
south:0.045490941943776696
sold:0.08645322326403876
him:0.0252264768775085
little:0.024687775809457517
miami:0.13298399742957623
included:0.03939769947895757
