cartridges:0.047340161141593055
pc:0.1025489865230118
ask:0.022419712187356673
at:0.006776653941957162
posting:0.025378373515048007
50:0.026547563762526392
mb:0.2106916496903315
graphics:0.05413448369445726
with:0.0044986721291503644
super:0.0386993542088355
4:0.05732929625027721
to:0.0010601532000698698
scanner:0.0856374505154612
80:0.03074355098048699
keyboard:0.10487960852245376
510:0.04461576257451141
rob:0.03385140532307107
account:0.03134445697482508
math:0.037540429017393274
this:0.00807665289802183
parallel:0.07079005211479063
you:0.004275376841605553
am:0.012571818128472044
card:0.02354544881934032
ray:0.033367452819912845
a:0.0010742339429587655
hard:0.041603590808853994
following:0.0210562636387674
ram:0.05984395489589613
3.5:0.07384115824002749
drive:0.15205097108955323
vga:0.10408572944436147
120:0.039018582908118216
dual:0.04271262277978956
are:0.0049454721661632735
laptop:0.09219927385863039
not:0.004637769296738192
drives:0.031131097321197395
400:0.035314053649803105
32:0.03294168285773466
disks:0.03315162241379625
mouse:0.03343024751713716
has:0.008190572876050392
1200:0.04314610690710595
which:0.00993763332705783
if:0.005155003228949302
of:0.0014956968120441434
lcd:0.047150217967820963
5.25:0.04372474860893354
expansion:0.07111914734527243
available:0.020777414060109464
density:0.1291062729339617
port:0.06415041746691601
please:0.014733964283886576
in:0.0013667669376499268
cpu:0.06880711345220569
floppy:0.10165433292918087
external:0.099092868868288
and:0.0014684515941953457
for:0.007508050682586323
subject:0.00020536120686167922
i:0.0014684515941953457
20:0.048382036129317234
any:0.007871440509913903
the:0.0005798100076838869
do:0.005525522453126898
1000:0.0359432031344837
friend:0.026716918613021588
slots:0.042607963917822025
interested:0.02213135550319169
unit:0.0660021664246064
desktop:0.07702797685491623
disk:0.026930607567691396
2:0.0449632973560479
sale:0.024422093493104844
1:0.04519670519826251
serial:0.06368181427484358
comes:0.023262894901888553
ports:0.03787014982071468
respond:0.031107751908157743
high:0.06455362674557358
