pc:0.13886841924991178
cable:0.17990197764121868
with:0.048735614732462275
hardly:0.18194320210789675
make:0.07333668680623764
months:0.14149143916582582
used:0.0822693128473694
etc:0.09676349947742648
card:0.12753784777142674
old:0.1103297117642635
internet:0.11902224762977526
have:0.0213021088811522
only:0.05556400992788694
manuals:0.20363638937165718
ux4.cso.uiuc.edu:0.2374985698387292
boxes:0.20543522986604085
5:0.10828637028823679
subject:0.0011123732038340957
offer:0.14646515078299324
an:0.03741242244007236
hp:0.18023531275234686
mike:0.26628433574647525
