to:0.009844279714934505
matt:0.3506161763850244
us:0.14713402758464256
reply:0.256514037096796
modem:0.30452646975248643
price:0.2235817287031402
standard:0.21743175289015976
dual:0.3966172115266173
baud:0.3874471281946025
call:0.1897825784284791
u.s:0.2519816000713356
or:0.04816510412164895
subject:0.0019069254922870211
hst:0.38246171662777806
