root:0.09690537226514954
all:0.018347458281659446
send:0.05641052155531198
with:0.01124668032287591
to:0.0026503830001746746
terminal:0.09181146539040004
internal:0.15240643908155127
big:0.0533803952666838
card:0.11772724409670161
modem:0.0819878957025925
part:0.1884017009548675
computer:0.05155197894548683
laptop:0.5762454616164399
if:0.012887508072373256
expansion:0.1777978683631811
parts:0.07016721175800694
bd:0.09371705967201986
toshiba:0.4715021796782097
email:0.052767281903229636
in:0.003416917344124817
5:0.04997832474841698
or:0.01296752803275164
for:0.025026835608621078
subject:0.000513403017154198
the:0.0014495250192097173
level:0.06770259928064902
individual:0.07426319598589524
interested:0.055328388757979234
ethernet:0.10034860748532234
cards:0.15134682555200393
dedicated:0.10478175476631912
slot:0.19608339515991474
remote:0.08664542928499452
2400:0.1070468131443265
