library:0.016104263814235308
some:0.0044905264428205935
obvious:0.014794801207315432
okay:0.033121277965403824
generated:0.01866410698362422
large:0.011515515845721445
at:0.006776653941957162
there:0.007059838350593442
desire:0.01869036069543345
printing:0.01869036069543345
access:0.012893757184686638
own:0.008717271675184598
with:0.0022493360645751822
masters:0.022110599385765123
to:0.003710536200244545
receive:0.01647084142886733
everywhere:0.019136792123328656
us:0.023767804455980725
enough:0.009354417411297678
make:0.006769540320575784
that:0.0066712427968168625
like:0.013438143040484692
communication:0.01851024031203307
nt:0.00549291193632645
its:0.007953171369362194
attention:0.016325686321240995
re:0.005752930811971855
carrying:0.01784266813632399
mean:0.010167007910884079
reply:0.013812294305212094
getting:0.010431544508556486
on:0.007800135772912153
you:0.006413065262408329
books:0.014041299665562158
material:0.01624115206463032
them:0.005637919890508619
more:0.004890073176233562
a:0.004296935771835062
other:0.005305030722430427
same:0.007469589809725433
want:0.00727922295273916
million:0.01505196638127361
commercial:0.04807323000291636
as:0.00923208646404252
secret:0.015371775490243496
joined:0.022175242148520437
private:0.013652619706440584
dorothy:0.02224098996913313
jack:0.03288273768276874
military:0.014891686779732963
business:0.0278197210248736
are:0.00741820824924491
no:0.021648956465048268
those:0.007138137131875231
internet:0.05493334505989628
it:0.003956024189307369
not:0.011594423241845479
ones:0.013048576847603294
ban:0.020343167349694203
have:0.003932697024212714
academic:0.021517712155660285
businesses:0.02237595658379186
follow:0.014526893509297253
only:0.005128985531804949
money:0.011923922179727424
between:0.008934099407870792
suspect:0.014931134857299076
hope:0.011109467452461714
site:0.015021400759379256
public:0.011399017684848438
network:0.028257612846381362
anybody:0.01169075055735652
which:0.00993763332705783
writes:0.002543316888529086
get:0.00505528452035047
of:0.006730635654198646
but:0.005117563248080079
year:0.0095183104469602
fact:0.00922410434088015
using:0.008478540687095849
administrator:0.02120141177782578
groups:0.01415302153263997
they:0.010764457205858582
find:0.00814017976028227
who:0.014919840856544405
thousands:0.016456076904609
good:0.012461614241226918
rest:0.012563964744126188
in:0.0020501504064748904
become:0.012739318364596724
our:0.00857605931915536
point:0.008467446004846387
or:0.0025935056065503285
use:0.006395305875951339
and:0.003671128985488364
for:0.0037540253412931615
subject:0.00010268060343083961
half:0.014544782629203907
guide:0.018082449407762973
i:0.0014684515941953457
pay:0.02563724663075295
psilink.com:0.02396993265337234
will:0.0043588667111664784
the:0.0037687650499452652
users:0.04556189501834057
around:0.00910459397366783
would:0.0035871140234783696
can:0.0033252538170681287
planet:0.018196586977555728
did:0.006322734782472944
may:0.007157790490153196
last:0.008385240584844222
tax:0.017044055194869203
rules:0.01584428961757174
just:0.004516879090253408
here:0.013849237735564585
many:0.014255392519831489
about:0.003788523770468737
elizabeth:0.04753491351070298
is:0.006200137543630706
grant:0.01740377080260314
discussion:0.013222584401885352
done:0.010187167505464225
itself:0.012934830156132232
new:0.006630767557244411
else:0.019435017117985055
time:0.006075038345783514
carry:0.014970991730512717
does:0.009372990879519425
lot:0.00953289764717458
belong:0.018879332574578238
matter:0.011618857738079011
volume:0.01702692307814082
taste:0.03962886554070685
almost:0.011623049731786801
disorder:0.023575108983910482
purposes:0.01702692307814082
advertising:0.12435584091386596
difference:0.02467041420641836
hundreds:0.018060022791183
by:0.007618734421670509
doubt:0.013384893457617569
everything:0.011883317245858666
s:0.002386293387907763
newsgroups:0.03297132569862689
