750:0.07153133099022078
at:0.04636657960286479
know:0.01623519902181976
take:0.027970383293890833
with:0.0076950970630203595
way:0.02279437920455978
someone:0.028992869929776576
work:0.02664569031566189
both:0.02954873792510839
my:0.025005638456060558
to:0.007253679789951741
a.k.a:0.07857762357385713
t:0.03389832967105844
nt:0.009395770417400506
anything:0.030542646714728994
this:0.006907663662781828
shot:0.05232410981036495
these:0.021797841751301877
on:0.006671168753148551
them:0.0192876206780558
working:0.041691302772455356
why:0.02341740237044745
a:0.003675010857490513
as:0.010527817897592348
services:0.05258765299293827
layout:0.07542403339931213
worth:0.04625215287883997
lets:0.06096860854841594
no:0.029624887794276574
reasonable:0.049188252238237466
have:0.013453963503885601
only:0.017546529450911664
cad:0.08200240118258958
without:0.02956855901055914
get:0.017294394411725294
looking:0.03413007033429794
but:0.008753726608558028
again:0.032129857080368654
now:0.021735715761555845
or:0.008872519180303753
use:0.04375735599335126
and:0.0025118250953341434
still:0.026864593187230883
for:0.012842718272845026
subject:0.00035127574857918807
offer:0.04625215287883997
i:0.0025118250953341434
paid:0.05442092286542311
refused:0.06630367576036547
background:0.058250000004165955
do:0.01890310312911833
start:0.037073185366875164
would:0.012271705869794421
can:0.01137586832154886
wants:0.04632283108675985
is:0.003535166143298209
time:0.020783025919785706
tickets:0.1476051025769414
thru:0.06790748914995806
november:0.07060215247424771
going:0.028655469526969506
