at:0.021486951523278806
purdue:0.14062348679549547
environmental:0.12926355171343976
your:0.03073005419954299
obo:0.1432392314382661
to:0.003361461366075197
t:0.06283592817074249
100:0.08240273411783101
bear:0.10989176397121257
that:0.008461088425231142
me:0.05285798440997779
this:0.012804449716376074
am:0.039861862358569894
great:0.061493919237382365
amp:0.1325946623233361
a:0.006812215248031195
series:0.087496350262626
forsale:0.12565250049492413
have:0.012469527149942754
call:0.06480380726826115
get:0.032057901836368835
of:0.00474245330648143
looking:0.06326549622943034
email:0.06692435753580343
or:0.016446620919587446
subject:0.0006511452900492268
offer:0.08573569801931312
i:0.009312132060750973
rid:0.1126183836294593
an:0.02189995459906675
amplifier:0.14370382155950256
problem:0.05159915346452645
address:0.07787369155935636
interested:0.0701725906198761
todd:0.24826879080071554
integrated:0.26889595425535134
