at:0.011012062655680388
oral:0.07602375358534338
text:0.045207046665419595
with:0.007310342209869342
from:0.021164306360754392
sell:0.08700180747451419
several:0.035230642150842456
to:0.0017227489501135387
memorial:0.07228321739968267
make:0.022001006041871298
really:0.024392446789886574
could:0.018863864441575718
me:0.027089717010113618
behavior:0.05310486278648993
contact:0.043500903737257096
two:0.023309867908166394
you:0.0069474873676090235
books:0.09126844782615402
chemistry:0.06693080040986117
letters:0.05862261010029068
richard:0.046700968934734736
acts:0.05474085746869278
have:0.006390632664345661
palmer:0.07085891415781745
edition:0.12183217757362581
war:0.13263094183398813
which:0.01614865415646897
things:0.027934074101753123
of:0.007291521958715199
years:0.027872192787254918
must:0.028968255343493718
they:0.011661495306346796
good:0.02025012314199374
tim:0.05097386624670236
in:0.004441992547362262
heart:0.049637282663070215
battle:0.06015828101410747
world:0.03151563360915846
douglas:0.11275954023139159
men:0.043894981907841774
and:0.0023862338405674366
for:0.004066860786400925
offer:0.04393954523489798
i:0.004772467681134873
howard:0.06559975690483054
the:0.005653147574917897
an:0.02244745346404342
jonathan:0.05975631711867583
sale:0.03968590192629537
carried:0.05625957688195278
history:0.04151259505438601
geometry:0.07066807075618259
nixon:0.07228321739968267
by:0.08666310404650203
wish:0.046700968934734736
3rd:0.0551719346695824
