hmmm:0.04918715920118694
there:0.009086920649278688
way:0.01715220613412419
though:0.024609348530798807
apartment:0.17617061575523424
to:0.005458214495409231
lived:0.044514780908946186
centers:0.05457789170529408
trip:0.05091703006661997
hour:0.04609618412554731
location:0.04545373242053865
re:0.003702381215625451
mean:0.052344991224353675
you:0.011005920582350929
am:0.016181548086152134
sure:0.021604396239200036
a:0.0027653547046463268
price:0.030991526750930327
rent:0.10941806512841035
21:0.04016042595202302
minutes:0.07891420293143711
plan:0.03866895244988719
not:0.011938812051009206
interesting:0.032356678830905074
friedman:0.05912771674864497
walk:0.0909074648410773
be:0.005727339179578924
walking:0.21117785726749239
writes:0.006547152386312498
if:0.006635152670924844
of:0.0019251543125320659
what:0.02733986444544449
moscow:0.175005644077414
years:0.02207698438594449
distance:0.14017236900349825
in:0.010555229815514286
government:0.026649652857587105
5:0.05146282944391451
and:0.0037801724207008895
for:0.009663827611249723
subject:0.0002643263058615673
victor:0.06283755288172824
summer:0.04456204109461606
station:0.08190079480736945
i:0.007560344841401779
room:0.039485430498204015
yet:0.026040284581051128
buildings:0.05432070867159843
the:0.0014925802178001049
do:0.007112058603034621
magnus.acs.ohio-state.edu:0.09111590866260179
can:0.00856005933106647
major:0.03243988091799794
may:0.018425995321186443
is:0.005320250037438889
2:0.019291183684112957
unless:0.030475855700400904
1:0.019391325662620876
nice:0.031284549076779786
late:0.03815979193694227
article:0.008023097824916841
very:0.01725982665132126
by:0.019612583659745865
