train:0.036291770989363675
24:0.02394172384881347
comfort:0.03916962614909134
large:0.01956885045678154
there:0.011997110922577091
traffic:0.028595034388143148
hours:0.025595910957847204
all:0.018707212365613554
rides:0.038635782809128806
pollution:0.038635782809128806
with:0.007644802310974475
further:0.023188460137786842
custom:0.03485124768630185
4:0.03247411116573437
from:0.0055331519897397095
reach:0.028485643588433845
name:0.0180538072276487
located:0.031942963038691326
weekend:0.032988953313230665
to:0.0018015675295304978
within:0.021153269387730832
deck:0.03975098226684621
northern:0.03410540907997883
areas:0.02690361212375056
kinds:0.029803246233876108
hour:0.030429507167844958
its:0.027030386353387847
this:0.0034312577671334575
brain:0.02881946665991368
etc:0.030357176306643602
them:0.009580778898903535
brand:0.029448119756991603
8:0.019297328642966446
3:0.015303698984559605
a:0.004563738973354233
air:0.02519045088647823
other:0.009015084887790266
factory:0.03638192342160116
private:0.02320053022009511
ice:0.03057721848756548
international:0.025917415821839176
features:0.05654441184387353
team:0.0209361082921209
are:0.004202035173864219
no:0.007357815269166731
place:0.017774036714486442
courses:0.038635782809128806
only:0.00871592312594305
philadelphia:0.032420251502840926
historical:0.029511269501512758
has:0.013918620573680405
call:0.017365726130710506
list:0.019030252267461304
of:0.005083414001718658
courts:0.0368523384518305
available:0.017654011946498235
york:0.02459586410081989
easy:0.02165804943960005
in:0.003483915723421382
heart:0.02595413472578835
jersey:0.03343602995953394
or:0.00881452885886386
offers:0.029543074662631535
and:0.0124770396892415
few:0.014938741835988801
for:0.008505852625152261
subject:0.00017448991432691697
house:0.044939502542355445
room:0.026065545622997423
information:0.015940008395318724
water:0.026798021011186605
community:0.053183645189236926
the:0.0029558941568198155
riding:0.029511269501512758
club:0.03158473927075017
home:0.019146163737655875
country:0.022031072601438773
outlet:0.04073321888808372
facilities:0.03457008830666988
stone:0.03252003890238856
an:0.011737230569434468
places:0.02493347635483879
just:0.007675742244875072
many:0.03633727505055085
is:0.0035120604822309006
mountains:0.036202845158933745
adults:0.035943104448806204
new:0.03380391303693229
9:0.023273422585784485
ideal:0.03529705324203083
2:0.05093881181948781
run:0.017495649858741143
too:0.012761554691924814
designed:0.025683643116880803
numerous:0.03149816916127292
full:0.020193872443942832
golf:0.0753668360603309
resort:0.03725467762176144
built:0.02413397146454087
cbnewsj.cb.att.com:0.036660090836103096
security:0.024260613810705177
vacation:0.11590734842738641
