prism.gatech.edu:0.26250592167245984
marc:0.5325827105857217
technology:0.18709264921205238
gatech:0.3262671382760506
anthony:0.5974658093184944
computer:0.14892793917585084
internet:0.15869633017303367
uucp:0.23520158929644852
atlanta:0.2659363665095958
of:0.010802254753652147
georgia:0.5340164222341559
institute:0.2162476583296281
for:0.018074936828448553
subject:0.0014831642717787943
sale:0.17638178633909052
