report:0.0973263647044809
been:0.03762154839029331
asking:0.0919341747343178
hi:0.08079529897472833
am:0.04190606042824014
roger:0.11317319932222031
a:0.0035807798098625512
y:0.10931719427012333
test:0.09168973984563258
it:0.017582329730254972
have:0.013108990080709046
if:0.017183344096497674
please:0.04911321427962192
according:0.08819297960477482
1500:0.14382035635701984
for:0.0333691141448281
subject:0.0006845373562055973
i:0.009789677294635637
than:0.03668208415947336
the:0.0019327000256129563
less:0.07048373222041737
1000:0.11981067711494565
interested:0.07377118501063896
printed:0.12477863231026814
self:0.10902854928231219
sale:0.16281395662069895
pages:0.1152818685077837
e-mail:0.07050501991416068
iii:0.23706382448424143
hp:0.2218280772336577
s:0.01590862258605175
