mirror:0.08272603513640692
all:0.014677966625327558
coffee:0.08769177963276155
height:0.08255020904681272
floor:0.07562841103636658
wood:0.07752429781211964
617:0.16025758197819684
two:0.02868906819466633
glass:0.0840165195053408
brand:0.06931634342799563
size:0.055398109801013354
8:0.04542294280575179
posted:0.052513552684336856
a:0.002148467885917531
old:0.040737124343728066
plus:0.05501384390737955
base:0.059255936237123864
frame:0.07434561705268887
color:0.0568404939477444
bed:0.08769177963276155
32:0.06588336571546932
60:0.06264091199063104
call:0.04087624766151858
g:0.054384645554023114
if:0.010310006457898604
years:0.03430423727662144
170:0.09155815545246779
box:0.048746754010870884
35:0.0694649882112531
one:0.015127860119624963
in:0.0027335338752998537
5:0.03998265979873358
and:0.0029369031883906913
for:0.005005367121724215
subject:0.00041072241372335844
each:0.07833875068801893
table:0.20907205031442674
6:0.045205378962449146
top:0.052025111171804854
55:0.07562841103636658
than:0.02200925049568402
less:0.04229023933225042
friend:0.053433837226043175
15:0.051412472799702215
interested:0.04426271100638338
night:0.05150515148590807
white:0.20916733205049798
new:0.026523070228977645
center:0.05025585897650475
2:0.0599510631413972
sale:0.04884418698620969
x:0.046848615223786194
natural:0.06441705525694123
spring:0.07325686211594723
full:0.047533268983434664
condition:0.05843223213053879
four:0.053969940784968834
