800:0.21331890158230163
mb:0.20288825525735624
sell:0.07733493997734595
to:0.0030626648002018463
been:0.032605341938254206
like:0.025880868077970517
cs.utexas.edu:0.12027296897061598
me:0.024079748453434326
anyone:0.03717588332536425
you:0.012351088653527152
used:0.04387696685193035
a:0.009310027505642634
jeffrey:0.1222065551259411
drive:0.1255023888358217
scsi:0.18799876871702056
it:0.007619009549777155
has:0.02366165497525669
his:0.04098731203345015
if:0.014892231550297985
of:0.004320901901460859
years:0.04955056495511986
please:0.04256478570900566
one:0.021851353506124944
bob:0.08186677808953556
and:0.00848438698868422
for:0.014459949462758845
subject:0.0005932657087115177
half:0.08403652185762257
thank:0.08067765126154476
would:0.02072554769120836
friend:0.07718220932650681
about:0.021889248451597145
interested:0.06393502700922045
is:0.011941005639585063
e-mail:0.061104350592272594
mine:0.07256086766222192
