from:0.02288033120081556
work:0.05473168821595416
both:0.060694704927249675
control:0.08242254783624388
asking:0.09690358958482147
lh:0.32875136685553896
two:0.050399714396035446
series:0.09695541515588288
price:0.08459849194172873
steve:0.17335966739645334
fail:0.12337799306190583
list:0.07869266478166431
monitor:0.10127772540780562
sense:0.08881951476656731
lines:0.09549140876471666
shipping:0.22180040488334052
they:0.025214043905614696
for:0.008793212511137136
subject:0.000721539375459954
each:0.1376221295870603
power:0.14604623136056985
research:0.1668827827317177
currently:0.09726847302317018
supplies:0.2994073140171277
current:0.08546610064137346
f:0.20087736315712693
is:0.007261422348396322
2:0.05265971762420024
150:0.12738382939453946
