joystick:0.207007018051651
all:0.0298146197076966
obo:0.18352526528027846
both:0.07017825257213244
software:0.08799330901503927
a:0.0043640753932699845
old:0.08274728382319763
cables:0.16463716950055157
drive:0.08824386715018714
university:0.07344812817495792
mouse:0.13581038053836972
of:0.006076268298929333
year:0.07733627238155162
york:0.11759897523204509
fire:0.11240605115748345
system:0.06985069778882891
and:0.0059655846014185915
for:0.010167151966002312
subject:0.0008342799028755718
games:0.10405844661277268
necessary:0.11264924304629766
apps:0.1652882347162654
about:0.030781755635058486
new:0.05387498640261084
disk:0.1094055932437463
128:0.18017384245672854
2:0.060887798502981524
sale:0.09921475481573842
1:0.06120387162264714
adapter:0.1562160411269513
95:0.33465400204930584
