choice:0.014128699155500161
at:0.003299494428668281
music:0.017253402395846756
say:0.014213820031966617
all:0.003573287755229555
sounding:0.022526063693003515
anyway:0.01141765476271361
tried:0.011602487090024986
take:0.007961607229721735
controlled:0.018174785826750178
specifically:0.015157463115189743
own:0.025466186916269607
your:0.023594236370435628
with:0.004380729414153912
into:0.006707130722780473
o:0.03933684251460541
from:0.0063413652017241615
both:0.008410876712764937
my:0.010676564734048329
to:0.0025808973035408816
add:0.01286973938745962
look:0.008880780240733747
keyboard:0.017021659310760284
hang:0.019889516514486057
been:0.005495282349143967
that:0.0025985365201084405
nt:0.0026744515045784216
me:0.004058384570803538
so:0.0038270059827150565
voice:0.08149425396485771
had:0.005746848260981779
beaten:0.021856806057260533
this:0.0019662263609416444
getting:0.010158058322938899
hi:0.01180156052439852
you:0.012489864930533076
them:0.01098021851335012
input:0.01598184007256448
m:0.010253293723715896
fun:0.015416676610239084
a:0.0036612467718819346
uunet:0.014146038623285713
want:0.0070883819015437515
old:0.00991727746195627
steve:0.024023624320856828
cables:0.019731795595571724
singer:0.021289203442551915
oo:0.1663900744845763
output:0.01530845763645738
are:0.0024079077962592716
no:0.00843255233095513
those:0.020852984879635505
internet:0.010698629000429236
manual:0.01471759324675192
works:0.02228558796667221
digital:0.030931592486978753
desired:0.02045345980467098
it:0.02054564372973615
not:0.006774269759280504
couple:0.011820193987470107
have:0.003829592607847587
only:0.009989035492653833
ve:0.006835706737930465
uucp:0.0158562869188617
between:0.008699872082570807
has:0.011963758133556752
be:0.002166521562312627
which:0.004838548061863362
1/4:0.020900451406291078
notes:0.017521776886133027
if:0.002509926665780559
of:0.003641209467523196
even:0.006288986695752905
gotten:0.016141239377503794
what:0.006894697400723829
but:0.009966789846448094
parts:0.013665524387327195
never:0.008254454048171761
shipping:0.015368192847722095
well:0.006302876067990055
alone:0.0143790761626011
who:0.009685789320103732
up:0.00503168678034601
good:0.006067452626814604
one:0.0036828123886727434
in:0.0013309340965879436
5:0.009733606318043757
yes:0.019976373561826882
or:0.0025255110775396455
use:0.012455277361403356
and:0.005719811453045541
ooo:0.09601667712413314
for:0.015840955872123454
subject:9.998860259182883e-05
combination:0.01857789692859424
i:0.004289858589784155
we:0.005047729983947453
signal:0.016874765254006423
will:0.004244589306753874
the:0.0025407404831091674
do:0.008070987852881985
when:0.004897657089302382
original:0.011558681697653481
responsibility:0.016246325343028726
around:0.008865896753384403
got:0.008285220305732487
would:0.0034930698355969143
can:0.025904599024350963
nobody:0.015012320844413587
effect:0.025965344229381317
an:0.003362914376635718
thought:0.010054630731055104
just:0.004398459039198075
about:0.003689199177235474
mix:0.019329472567029264
is:0.0020125290403795047
save:0.013567454054012338
edit:0.019849459251876516
time:0.005915767677541999
does:0.004563628518118072
sale:0.0237818138884167
light:0.013079455752083495
eventually:0.015870031221816613
change:0.022262240508692792
leave:0.013232891851290325
midi:0.02388526029858167
little:0.00878404008201672
opinions:0.010695169121797911
takes:0.013392883348238467
bad:0.010264423396053872
included:0.014017908054310744
happy:0.014225075237771615
processor:0.03660878910052264
s:0.009294925555895405
