land:0.05033711829857894
at:0.022302911707707113
cs.ulowell.edu:0.15226478496283388
with:0.00740287818720946
faces:0.0688149513323643
front:0.044518366194505485
bunch:0.051344342039928166
format:0.0508867659118736
that:0.008782395580619665
guy:0.08572989232781948
appears:0.04937089908094091
like:0.014742266626692065
me:0.01371631241018411
account:0.05157948616110456
jacket:0.07458046435366589
something:0.02519824452105725
on:0.006417833230877088
am:0.04137560396712318
a:0.008838633707888576
other:0.017459594782682414
same:0.024583460133273574
copy:0.04324825246915623
has:0.013478157897298114
making:0.03891907836547346
of:0.0098450929400374
looking:0.0656679834280163
please:0.02424576401145892
good:0.04101290762935441
email:0.0347328944173157
in:0.0022491101505631703
recording:0.07255982959933825
or:0.008535588072190953
world:0.03191456568016047
and:0.009665757328880756
for:0.01235502011058509
subject:0.00033793616319010504
each:0.03222796705519766
i:0.004832878664440378
back:0.026662743291994147
pay:0.042187874202504846
will:0.014345637277256764
the:0.00572470640498015
original:0.03906541788953771
10:0.03658698427716664
record:0.09763666828447076
here:0.02278988488130881
picture:0.051778832451840506
wanted:0.03854632898159623
first:0.023766516827734698
thousand:0.0590040107877082
condition:0.04807715301879773
bad:0.03469115249046056
include:0.04255092750942534
