above:0.03917490690832439
750:0.039110655793214245
all:0.006863797342779074
c:0.07442007756630101
microsoft:0.03064463376790888
into:0.012883481316420047
sell:0.025036491359572432
longer:0.024418784232907737
my:0.006836073822520153
to:0.003966040748462823
w:0.02226144500021118
visual:0.03686763691529452
value:0.02686225050184653
nt:0.005137255767787328
months:0.024430176546617412
me:0.007795602017298883
re:0.00269021944444727
described:0.029851570242577938
this:0.0037768520746145253
best:0.017519252373823267
borland:0.130282832649296
recently:0.023807996867537335
books:0.026264301532706195
used:0.014204773441272415
etc:0.0167073668162463
m:0.00984758785695016
a:0.0010046792272276224
low:0.024430176546617412
want:0.013615812717353825
price:0.04503804606969731
as:0.01726865093993565
old:0.01904973440534046
steve:0.023073049257801344
accepted:0.030301356983450843
plus:0.05145179646013915
70:0.030948466599730984
product:0.05742299169419509
are:0.004625261738138313
no:0.008098890188363381
licensed:0.039378795324129585
it:0.004933171650934849
forsale:0.0370629677718841
have:0.014712247860364111
ve:0.013130458266384419
disks:0.031005114487723116
decided:0.026846281028909028
manuals:0.035160239891509154
500:0.02999839665719094
list:0.041893936646353665
which:0.01858837888514414
writes:0.004757283388615557
get:0.009455927879792247
listed:0.03266039924073351
of:0.0027977062671329304
converted:0.03649219984212495
5.25:0.040893649778139286
3.1:0.056424776732046295
seen:0.01865082655123995
but:0.00478621023201734
never:0.0158556779198695
version:0.02244942883212651
clarke:0.08396787363005126
shipping:0.02952019777224316
accept:0.025698647270954916
over:0.014431228435391064
in:0.0025565424733020215
for:0.007021917904577137
subject:0.0001920644380720741
offer:0.025288946897783007
i:0.013733719945711865
6:0.021139205989634494
license:0.0673138766704679
will:0.016306551725227113
the:0.00596495187761121
do:0.005167754812276955
agreement:0.03552392535311226
just:0.00844883858608551
about:0.014172894680890238
is:0.0077315863853428465
1/2:0.03412398542947363
time:0.011363381078443983
2:0.014017334907161215
transfer:0.0326962808343381
under:0.017462758468385894
terms:0.02769164730370118
article:0.005829732951917993
mine:0.023490928379856016
200:0.029900180188354053
