tv:0.32944878750014456
sell:0.15130749126002468
control:0.1325927943452619
30:0.1488306727988648
apr:0.16205253378426082
you:0.04833034690510625
color:0.1606361785479733
60:0.1770286643213486
19:0.35625193147659817
call:0.11551983034776989
please:0.08327892856109803
or:0.029317889465351535
for:0.042436808205922695
subject:0.0011607372561747086
interested:0.1250902702354313
sale:0.2760758394872721
by:0.04306241194857244
