thanks:0.045304241929912795
that:0.007884196032601746
this:0.011931419053895886
on:0.011522927846347498
3:0.05321513510540045
a:0.0031738730132872617
controller:0.19144948275907578
as:0.018184412732204964
drive:0.12835471585481767
meg:0.31743508613729166
works:0.06761649985342591
esdi:0.2898802045327867
it:0.007792168857726636
has:0.024199419861057978
call:0.06038536586360699
500:0.09476766216703501
his:0.0419188418523922
tested:0.10766261201410118
without:0.05107296556369307
dram:0.1404440626452588
please:0.043532167202392155
seagate:0.13065354182497574
email:0.06236133315836229
or:0.030650520804685697
and:0.00867721396569977
for:0.014788584677821546
subject:0.0006067490202731432
each:0.057863849940013985
48:0.11667205002747041
friend:0.07893635044756378
is:0.006106196065696907
2:0.04428203527489565
sale:0.14431237064107408
says:0.05820515328244473
cbnewsj.cb.att.com:0.12747713404372213
