whom:0.16185810766737627
single:0.12505487194278367
make:0.06769540320575784
bell:0.17166165573002207
contains:0.16144821172606907
on:0.019500339432280384
a:0.005371169714793828
cd:0.34332331146004413
it:0.01318674729769123
have:0.019663485121063574
demo:0.21517712155660285
of:0.007478484060220718
one:0.1512786011962496
for:0.012513417804310539
subject:0.001026806034308396
offer:0.13519860072276302
i:0.007342257970976728
cnsvax.uwec.edu:0.22375956583791862
import:0.214093626288653
the:0.0028990500384194345
live:0.23820679030366607
