all:0.019470772054005943
50:0.0704323120230292
with:0.011935252587541781
4:0.025349688818149786
sticks:0.06279817294292955
from:0.008638492392144648
feet:0.044816958662809506
conductor:0.07351064360107933
except:0.032901647132691975
to:0.0014063256735620722
matthew:0.08747494573105091
amiga:0.051419177120283426
t:0.026288500561228997
100:0.06894922650675656
that:0.0035398431166783345
pen:0.06254620750833392
best:0.02484873550981055
on:0.005173559441217244
working:0.032332030721495986
a:0.0014250042100473418
khz:0.06182562008778338
as:0.008164430206296105
40:0.03902558355127345
drive:0.028814323967408045
scsi:0.17265193045440663
stuff:0.029830781149730833
daughter:0.05638379886719104
computer:0.027354111277197092
prices:0.08902982610569472
are:0.006560320220420668
those:0.01893791483966898
meg:0.19002916721143992
works:0.030358428505619796
esdi:0.06507514795633985
not:0.006152142944652703
twist:0.059548645074373074
boards:0.04773790233262774
drives:0.04129635358934348
color:0.0377003276184019
stated:0.03961321492752815
maxtor:0.059548645074373074
14:0.03810053897710885
analog:0.05498727659456658
of:0.0019840876078136595
monitor:0.03823750857233477
interface:0.043088770783713086
shipping:0.04187048459532448
75:0.04762194561170616
in:0.0018130581825968415
or:0.013761458320471128
for:0.006639772712491305
subject:0.00027241792746957445
offer:0.03586901651828406
tape:0.08468098497384353
20:0.09627037801241693
the:0.0007691357244786254
do:0.007329774682719353
sony:0.051846188446155884
once:0.02737786933596843
rgb:0.05498727659456658
130:0.05498727659456658
10:0.02949358936628739
head:0.035233262606690643
disk:0.03572427534489675
items:0.04728177805795522
90:0.041142442954534
sale:0.032396654633710505
dead:0.1050392490248307
nice:0.032242239354640385
150:0.14428168431422325
terms:0.07855385663702986
ups:0.06072734800418782
hp:0.044139260265880866
while:0.022146352100801247
include:0.034301257890251034
s:0.006330982457714472
