408:0.07317207533357847
above:0.03781466708511868
ask:0.08096007178767686
k:0.052620292447939754
all:0.013250942092309599
super:0.0698738339881752
owned:0.069987213302608
vehicle:0.06112059294443387
line:0.03921949651119428
asking:0.049797677981088806
rob:0.06112059294443387
re:0.005193618094141257
73:0.07584824677565487
posted:0.04740806839558188
3:0.03252036034218916
a:0.005818767191026646
88:0.13907829154359874
ns1.cc.lehigh.edu:0.0748437931426045
book:0.043190257092828796
have:0.007100702960384067
transmission:0.06730400178829052
robert:0.04438072262441255
has:0.01478853435953543
netcom.com:0.08941764374225386
call:0.03690216802775982
toyota:0.22172132606133302
of:0.0027005636884130367
highway:0.0733160029312944
years:0.030969103096949908
excellent:0.054098130740838704
miles:0.1672564493712844
david:0.034672850546451306
newer:0.06827564885227538
bob:0.10233347261191944
in:0.0024677736374234785
jersey:0.07105156366400961
for:0.022593671035560696
subject:0.00037079106794469857
grey:0.07619988299765891
i:0.0026513709339638183
top:0.04696711425232382
power:0.037525767780146414
than:0.01986946225304807
the:0.0010468791805403512
auto:0.06562648041811496
william:0.05655082332487524
friend:0.04823888082906675
write:0.04519686006927102
new:0.02394443840116037
blue:0.05550918927032373
sale:0.04409544658477263
article:0.01125462333773057
condition:0.05275132067340307
by:0.013756048261349529
everything:0.08582395788675702
s:0.0086171705674447
1991:0.06030336377744869
