fast:0.037040403456894015
coprocessor:0.0647010668811433
50:0.03671471584179182
dos:0.037548429321744015
with:0.01866470351456002
sell:0.03702204573383583
6.0:0.056725966978767896
my:0.020217324709155347
via:0.036364163602294095
to:0.004398507957736694
0:0.038991024345430135
5.0:0.053961869979312425
keyboard:0.04834875570184038
software:0.029955169026396347
control:0.03244291776533004
like:0.012389777271368864
its:0.021998133574831595
me:0.011527539153239837
wait:0.03905744473521402
so:0.010870325504094894
phone:0.03124837368308052
internal:0.04215497251191843
on:0.005393710906800957
you:0.005912755206475764
state:0.028273546669581023
card:0.032562854750151506
8:0.031409481727381554
m:0.01456185863953268
board:0.03820421829101217
a:0.004456928061211899
hard:0.02876844045293095
ps/2:0.132032217931801
controller:0.044807325752124115
worth:0.03739535764672168
drive:0.06008093082565933
scsi:0.1349991158340307
vga:0.09596556615437582
cheap:0.03953437466390264
straight:0.04251767688790754
meg:0.1485866360642642
model:0.03892501608067606
device:0.042703774307561976
of:0.002068516867720624
monitor:0.03986463659668944
please:0.02037675911601335
email:0.02919041126561639
external:0.045681109761976736
or:0.02152057843733251
total:0.038946973359621294
and:0.004061674622242445
subject:0.0002840101797023223
300:0.044250219523216505
i:0.006092511933363668
directly:0.03864362048400404
20:0.03345566328091085
any:0.021772069495506537
will:0.012056439839396643
the:0.0008018649042436733
scores:0.0552036175783352
original:0.032831574609292334
33mhz:0.12796721289429655
ibm:0.041919862437443264
around:0.02518291950163442
would:0.009921804745791234
can:0.009197510557848015
return:0.03925923093422264
adaptec:0.12990278264335456
including:0.03382944368649181
new:0.018340420903016456
9:0.0378812091023939
very:0.01854513289131327
processor:0.05199226962680609
