at:0.04894250069191283
that:0.019272479190804267
re:0.020774472376565028
this:0.029165691020634387
vhs:0.3433077086884104
same:0.10789407502936735
video:0.19420617738139015
not:0.033495000476442494
for:0.036149873656897105
subject:0.0014831642717787943
the:0.004187516722161405
e:0.1728272053363237
is:0.014926257049481327
sale:0.17638178633909052
sold:0.22814045028010227
movie:0.28180087655863156
s:0.0344686822697788
