some:0.005837684375666771
at:0.0044048250622721555
out:0.011781770990804599
joystick:0.06624224577652832
stephen:0.04071659279391018
small:0.014943729501330057
saw:0.016986902915677275
football:0.02776320480686321
oscillator:0.031438761705158094
stand:0.09844346386166157
cut:0.01830507747902201
with:0.00877241065184321
shape:0.04767926587287206
super:0.025154580235743077
c:0.0129304884771448
though:0.0124277210080534
from:0.004232861272150878
yamaha:0.02743195787915721
work:0.010125362319951519
single:0.016257133352561876
to:0.0006890995800454154
sound:0.017255916445642155
line:0.014119018744029944
player:0.01943631516528101
w:0.01547170427514677
hole:0.023334753349736018
80:0.019983308137316545
motor:0.02519539678893888
track:0.022748977888982704
keyboard:0.04544783035972996
make:0.017600804833497036
sources:0.01924569487607232
like:0.005823195317543366
depth:0.026290664619252304
perfect:0.020250433970684444
clutch:0.025851357840295634
could:0.007545545776630287
joy:0.028827814793076566
me:0.005417943402022724
anything:0.011606205751597019
cs:0.025578562919043462
ball:0.04458605339731944
had:0.007672042428410676
off:0.010917287239781753
trigger:0.02917883608644281
30:0.017115527371869454
hi:0.015755083300072022
on:0.0050700882523928995
you:0.0027789949470436092
hat:0.026772320163944468
great:0.012606253443663385
etc:0.011611619937291177
working:0.06337078021413214
raid:0.026446117554602463
m:0.013688147121160722
a:0.0020947561887695925
vision:0.02383963293643603
controller:0.021059443103498336
fort:0.030771104742035482
shipped:0.02797302580235837
standard:0.015220222702311183
baseball:0.01873637920044404
stuff:0.01461708276336811
jack:0.021373779493799677
ride:0.042226995368038825
cheap:0.01858115609203424
cd:0.044632030489805734
computer:0.013403514525826577
square:0.02536207889027684
early:0.017513705493966407
race:0.02185414864424779
action:0.018409465404129785
not:0.0030145500428798246
have:0.0025562530657382643
45:0.022551908046278317
spin:0.029364042444844553
plays:0.024763756371496397
neck:0.029000245673432415
pitch:0.024955350693007076
be:0.0028923062856873565
stick:0.021131646524272307
analog:0.05388753106267525
things:0.011173629640701248
if:0.0033507520988170464
generator:0.02866113269173861
duty:0.025154580235743077
but:0.0033264161112520514
order:0.01402158430566246
fire:0.01798496818519735
shipping:0.06154961235512699
please:0.01915415356905255
up:0.006717301851761923
rf:0.02743195787915721
one:0.004916554538878112
email:0.027438986589679408
in:0.006218789566307168
external:0.04294024317625813
offers:0.022600452116913125
clean:0.021709210959881528
and:0.008590441826042771
for:0.00162674431456037
subject:0.0001334847844600915
offer:0.01757581809395919
top:0.016908161130836576
back:0.010531783600337687
buttons:0.02874377920149466
games:0.01664935145804363
felt:0.02257612116865726
20:0.0471724852260843
noise:0.02290205106808074
55:0.02457923358681914
175:0.029459283419698026
source:0.015596339808499123
the:0.0003768765049945265
older:0.022090751925198153
controllers:0.029459283419698026
can:0.004322829962188567
64:0.02531988454704752
extra:0.019423378547456255
pedal:0.03173296420527276
needs:0.03349346562669347
an:0.004489490692808683
10:0.014451858789480822
jones:0.04960298479934662
about:0.004925080901609358
e:0.015554448480269134
guitar:0.030409501434137353
15:0.01670905365990322
pickup:0.029964764004054872
is:0.002686726268906639
envelope:0.03173296420527276
white:0.01699484572910296
heavy:0.022409041184058037
time:0.007897549849518569
items:0.02316807124839806
questions:0.015120881686227558
sides:0.02277416685913249
2:0.009742047760477044
nice:0.01579869728377379
150:0.0235660084379898
very:0.008716212458917237
little:0.011726693509492321
three:0.02918488006472473
side:0.016101820392855966
comes:0.015120881686227558
black:0.017647761781219688
north:0.020070773924554128
tone:0.08172976871772891
range:0.01999777992744837
s:0.0031021814042800915
