sells:0.18603032729318503
fax:0.056641543331173876
4:0.04600499081812368
ca:0.03808423326096891
everywhere:0.09214011022343425
us:0.0762917180068517
t:0.047708760277785964
mail:0.056746583422886215
re:0.006924824125521676
cs:0.18947083643735896
la:0.08070932350056256
modem:0.07895130697286686
as:0.014816928892907748
standard:0.11274239038749025
compatible:0.0834363393114762
california:0.07369387457264696
science:0.06262281900309843
dual:0.20565336893972747
computer:0.04964264639195028
writes:0.012245599833658562
warranty:0.09506611483719811
san:0.0747771376593434
order:0.051931793724675775
latest:0.07715456667134725
well:0.06232844111679055
david:0.046230467395268406
over:0.0742941019451614
in:0.0032903648498979715
southern:0.09362238258775903
external:0.07951896884492246
or:0.012487249216723801
still:0.03780942744869532
for:0.01204995788563237
subject:0.0004943880905929314
450:0.1094680512925316
here:0.03334075751154437
sean:0.09490002835603588
sale:0.05879392877969684
dave:0.06493101243286281
hst:0.09915674134794247
under:0.04495043383528961
almost:0.055962832041936444
article:0.015006164450307426
619:0.23505899411313155
700:0.09957763488641573
