at:0.023183289801432395
posting:0.04341037574942422
your:0.01657805555501661
with:0.015390194126040719
way:0.02279437920455978
service:0.047928831953662404
mirrors:0.07418957609381666
to:0.0054402598424638056
grace:0.06674231286914957
me:0.01425774579479664
package:0.05114819780337108
phone:0.038649304292231165
this:0.006907663662781828
best:0.06408358105161668
set:0.03486071821218317
you:0.007313144597483182
m:0.018010719896264106
a:0.0018375054287452564
factory:0.1464851127238152
answered:0.06394070764227232
manual:0.05170522890635214
equipped:0.0738025512884707
mint:0.07857762357385713
mileage:0.07045347411564333
call:0.03495994865787773
sacrifice:0.07270542485506212
stereo:0.06790748914995806
get:0.017294394411725294
listed:0.05973415124292049
of:0.0025584287574439294
but:0.008753726608558028
miles:0.0528178261172477
speaker:0.06932091347391645
winter:0.07075253005087433
system:0.05882164024322434
tires:0.06918595952434817
or:0.008872519180303753
and:0.0025118250953341434
for:0.012842718272845026
subject:0.00035127574857918807
however:0.03154077505522254
offer:0.04625215287883997
car:0.08049061420745761
i:0.0025118250953341434
the:0.001983560552602771
can:0.01137586832154886
friend:0.04569999236437902
is:0.003535166143298209
number:0.03292453747891787
seats:0.07342658586157523
91:0.061481794835301064
questions:0.0795835878222503
2:0.025636967790729062
sale:0.08354926721325341
approx:0.07608759726282387
records:0.06487428311559185
vw:0.07702784678890472
e-mail:0.03618020758752982
condition:0.04997493537480291
documentation:0.0589095314144629
roof:0.07564152421445962
security:0.048840446224182786
1991:0.05712950252600402
