some:0.007630959968191857
believe:0.014200469806080657
at:0.005757941257872099
know:0.008064543304956222
case:0.016154320962789254
camera:0.03391594805466346
much:0.01141958738274465
from:0.016599455969219128
reach:0.028485643588433845
sell:0.02274557058157234
my:0.006210550727649028
to:0.0036031350590609956
stop:0.021725183755429003
visual:0.03349412765507149
enough:0.015896395600898016
make:0.023007588017643184
that:0.0022673504930357962
really:0.012754220543731543
arrived:0.03450164843825619
could:0.019726917063085717
me:0.035411394784462244
need:0.012556875761419846
package:0.10162779171388764
so:0.006678500636502746
paying:0.030652345150478783
you:0.021796038800342032
them:0.028742336696710606
came:0.019730240081555207
3:0.015303698984559605
a:0.0054764867680250785
how:0.008597143772739374
same:0.012693420591690277
3d:0.03057721848756548
want:0.012369921357595959
price:0.020458458835581457
was:0.005787327673865266
as:0.010459008630287822
let:0.015066259756554411
participated:0.037795146352775255
attempted:0.03379262462783743
whole:0.01955500310475353
are:0.008404070347728438
no:0.007357815269166731
those:0.012130167675082093
not:0.007881176582692351
have:0.0066830145509497105
received:0.025289482291841643
able:0.017238334811180842
strongly:0.030502945555210482
which:0.008443740735408612
get:0.017181359154132318
if:0.008760136206057638
end:0.017674728121408557
award:0.11085187569597268
order:0.01832886837341498
please:0.012519054620295783
gift:0.03602854289042289
up:0.008780786734329311
cheaper:0.02881946665991368
now:0.010796826129923165
called:0.017531075136318523
in:0.003483915723421382
douglas:0.058959236722296256
and:0.00623851984462075
for:0.006379389468864196
offer:0.0459498512260371
i:0.0124770396892415
paid:0.027032615279556582
flesh:0.037359255016182626
images:0.02781602447137767
flames:0.029231780224793266
the:0.0024632451306831797
do:0.009389776717731982
got:0.014458521710003752
would:0.01219149864188727
an:0.011737230569434468
instruction:0.03611511299990015
film:0.03391594805466346
company:0.04400167372067124
interested:0.01880441970859425
is:0.0017560302411154503
angle:0.03492346883784816
participating:0.0396007239777959
items:0.0605701209108446
tapes:0.03410540907997883
wide:0.02811658076707586
before:0.013896694557010748
by:0.00647343447592919
giving:0.024793248021497225
vacation:0.07727156561825761
