simply:0.034757310680493064
at:0.02002193210123707
out:0.013388376125914318
from:0.009620139254888358
otherwise:0.04037937308650041
ii:0.04172045233079679
that:0.003942098016300873
jeff:0.04790317373670905
like:0.026469069625197118
nt:0.008114528996845892
decade:0.06407281571738713
bobby:0.059296904423145017
me:0.012313507731869826
brown:0.05277958376426372
you:0.006315897606917294
used:0.022437085322009838
8:0.033551037299703025
a:0.0031738730132872617
payment:0.06911250325940307
following:0.031105844011815473
handling:0.05483887006484215
soul:0.04790317373670905
cd:0.10143643293137668
are:0.02191743346367814
rockets:0.06532677091248787
love:0.07436857818594202
public:0.0336789158870522
be:0.006573423376562174
if:0.007615345679129651
mailing:0.05015630424507491
robbie:0.07051720730448463
shipping:0.04662849420842954
they:0.010601359369406179
in:0.0040381750430566014
point:0.025017454105227963
and:0.010846517457124711
for:0.011091438508366159
subject:0.0003033745101365716
each:0.028931924970006993
costs:0.046775598351520856
i:0.0021693034914249424
rose:0.05602778996346569
6:0.03339033673362721
we:0.015315271655840568
pay:0.03787320524997594
any:0.011628264389645537
will:0.025756939656892828
the:0.004282687556755983
vol:0.061639315849141306
hate:0.045749877756338965
just:0.013345324584839613
dirt:0.06325493503982929
about:0.011193365685475814
interested:0.03269404790244227
paul:0.037216164671693835
new:0.019590904146403944
figure:0.04196020038721311
sale:0.07215618532053704
unless:0.034977970747051036
marked:0.06264053479812162
1:0.022255953317326233
procedure:0.05745009840612486
cruel:0.06834612506854475
image:0.04205753405606451
e-mail:0.03124654291650303
bad:0.031143193713027092
s:0.014100824564909508
