libertarian:0.09686178204865062
above:0.04861885768086688
some:0.020848872770238464
silent:0.09407838257174375
boy:0.08097915544856836
to:0.0024610699287336262
12:0.06345330056450064
ld:0.10860536226477625
game:0.05307159121268727
am:0.087553733394716
card:0.10931815523265148
a:0.004987514735165697
ram:0.06946173336130801
drive:0.05042506694296408
also:0.026491020208563684
vga:0.16108505747341653
meg:0.08313776065500496
willing:0.06385535453535125
1200:0.10016060532006738
monitor:0.06691564000158585
286:0.19734329603516865
5.25:0.10150388069931
looking:0.09263876233595156
in:0.0031728518195444726
external:0.07667900567188951
or:0.024082552060824474
for:0.017429403370289677
monochrome:0.10860536226477625
subject:0.0004767313730717553
combination:0.08857675857026182
i:0.010226716459574728
the:0.002691975035675189
cellar.org:0.11228129180413605
myself:0.05951503682139077
trade:0.07534076600595883
motherboard:0.24188701252132777
define:0.07633492676357027
1:0.034973640927226934
16:0.06226772753259181
wanted:0.054377856956180394
atheist:0.0816089436420944
