test:1.1919666179932236
david:0.8321484131148313
subject:0.008898985630672766
