know:0.033347976369143294
thanks:0.05387531472746387
my:0.051362933044881154
to:0.007449725189680167
like:0.03147673144618036
id:0.1267515894060339
me:0.029286180551474184
this:0.014188714550578893
chen:0.1515944296736155
you:0.015021594308343834
part:0.06619519222738587
let:0.06230102007440067
vga:0.24380441131111696
it:0.009266362965945189
have:0.013817584139125753
due:0.08959844553779683
14:0.10091494107450454
get:0.03552362095381412
if:0.018112173507119172
of:0.00525515096123618
failure:0.12836081626254786
monitor:0.20255545081561124
and:0.005159424520145809
for:0.008793212511137136
subject:0.000721539375459954
the:0.002037170297267711
would:0.025206747192010166
eric:0.10778455352212449
rid:0.12479334402183329
wanted:0.08230162133908385
dead:0.18547470998979115
s:0.01676854813124374
