go:0.011862391779232482
all:0.005817486772233483
nowhere:0.03146932424022447
your:0.007682513549885747
wonder:0.02250224212083493
with:0.007132041180360334
much:0.010653639448536168
to:0.0050421920491127955
london:0.1239250357981287
rpm:0.07185191077975128
mercury:0.03411344610043704
most:0.011320704048579499
born:0.026206847305130922
beach:0.22666772174130756
talking:0.019876165733916273
me:0.006607248051247224
complete:0.022580584453016937
michael:0.036642624410654745
contact:0.021219953042564438
roll:0.032858250647972716
two:0.01137066727227629
on:0.003091517227068841
you:0.010167054684305886
etc:0.014160512118647777
fun:0.050198203108949215
a:0.0017030538120077988
price:0.019086245133194898
was:0.005399153256715766
following:0.01669094068926684
let:0.014055717943614786
jack:0.026065584748536194
are:0.011760574053680953
magic:0.03141312512373103
it:0.002090581888658366
not:0.003676280540097347
have:0.0031173817874856884
45:0.16501396131423157
girl:0.03218751348203169
lips:0.03851670657259068
love:0.01995254536696005
knew:0.023671311359132682
list:0.017753832908058414
be:0.0035272027874236056
which:0.00787739227144828
if:0.0040862830473378615
of:0.002371226653240715
sealed:0.03411344610043704
please:0.011679361932349116
up:0.01638366305307786
heart:0.02421330861613181
5:0.01584678589583953
or:0.004111655229896862
for:0.007935338119806684
subject:0.0001627863225123067
i:0.003492049522781614
we:0.008217950644597379
games:0.020304087143955644
information:0.014870861490754665
flash:0.03353228646748384
grow:0.03199988141699051
the:0.0018384219755830562
waters:0.11168470946776214
once:0.01635994631051772
needs:0.020422844894325286
apple:0.09252114505583112
10:0.017624218035952224
just:0.0071609058747919875
record:0.023516148763637775
doctor:0.026859884717059985
columbia:0.16611741609294495
andy.bgsu.edu:0.03628829331957565
15:0.06113068412159714
interested:0.017543147654969025
n:0.02232326521831952
general:0.017978233921265557
is:0.003276495449886145
picture:0.49884484923114636
does:0.007429809843521496
man:0.017671032553629264
girls:0.03361199428191892
fly:0.03019970289206878
sale:0.03871795309882475
dance:0.036542395126896186
records:0.030063692175518176
first:0.011448505057262446
strip:0.06543614131759544
nothing:0.015578390253054322
little:0.014300845743283318
ann:0.03447222963716224
pink:0.03592595538987564
black:0.0215216607088045
happy:0.02315911639320135
include:0.020497093129540254
