with:0.01026012941736048
to:0.002417893263317247
rpm:0.20673181347156508
most:0.03257185024503575
michael:0.1054279018131119
contact:0.06105389998211522
two:0.03271560408163704
you:0.00975085946331091
etc:0.04074252609575851
price:0.05491481055866601
following:0.0480230574217502
are:0.02255829409127107
not:0.010577368571508155
have:0.0089693090025904
45:0.15825900383353203
which:0.022664777763465222
if:0.011757024908129987
please:0.03360377819132026
5:0.09118852234798887
for:0.02283149915172449
subject:0.0004683676647722508
i:0.0033491001271121917
information:0.04278633832427658
the:0.002644747403470361
waters:0.3213384623282981
needs:0.05876046601174292
10:0.10141655290863734
record:0.06766049819713324
columbia:0.19118074553854714
andy.bgsu.edu:0.10440842288439309
interested:0.05047502132306877
is:0.004713554857730945
picture:0.07176364497711228
does:0.0213769967427636
fly:0.08689037323332069
sale:0.11139902295100454
records:0.08649904415412246
first:0.03293955841036914
strip:0.1882724065979939
pink:0.20673181347156508
include:0.05897409251306318
