tv:0.08236219687503614
at:0.009575706657113381
out:0.03841881844827586
there:0.009975858538882037
dos:0.03836469952439062
watch:0.04178438957146032
my:0.010328415884025013
to:0.005992170261264482
look:0.025773568742129462
walter:0.06096732497743232
that:0.007541404900749496
like:0.02531824051105811
these:0.018006912751075462
on:0.005510965491731412
you:0.012082586726276563
am:0.01776452561631919
card:0.06654148579378787
posted:0.037101966570455384
a:0.0015179392672243423
was:0.009624577544580277
as:0.017393786091674312
copy:0.037137086359384154
video:0.15198744316804447
display:0.040066537140603015
are:0.006988167191317668
those:0.02017299624225609
terry:0.0588291696051926
it:0.007453378907390695
have:0.0055570718820397045
try:0.026482496438515135
genesis:0.059774945442036403
able:0.02866810028381162
real:0.027799933195633123
heard:0.029376601732824723
be:0.006287622360189905
if:0.007284243693080536
of:0.0021134846257145506
looking:0.05638881185666617
well:0.01829204250166679
windows:0.029860947624168493
one:0.010688162041039374
in:0.005793903322646428
pictures:0.05054503860468285
or:0.007329472366337884
message:0.035296955310431755
and:0.014524901638236571
for:0.014145602735307565
subject:0.00029018431404367716
i:0.00414997189663902
games:0.036194242300094846
any:0.011122687677052252
allow:0.03811168121059339
will:0.03695560907293319
the:0.002457890249964303
do:0.007807803466374963
ibm:0.042831163794778984
would:0.010137496153308435
apps:0.0574915599013097
v.32bis:0.06446823257709659
hst:0.05820069600857493
