with:0.02658306258134306
user:0.08594644280893218
work:0.04602437418159781
to:0.003132270818388252
software:0.06399513382911946
make:0.04000182916703872
michael:0.13657705462153133
sam:0.22411115985386276
includes:0.08563078116891702
mac:0.07798368488207127
clinic:0.12990831857899868
manual:0.08930903174733552
it:0.007792168857726636
have:0.01161933211699211
drives:0.09197824208535595
selling:0.09476766216703501
disc:0.14226321509238463
which:0.029361189375398132
macintosh:0.10671831649335409
one:0.04469595035343739
and:0.00867721396569977
for:0.029577169355643092
subject:0.0006067490202731432
offer:0.07989008224526904
i:0.004338606982849885
will:0.025756939656892828
program:0.06310530528145625
original:0.0701401821198518
an:0.02040677587640311
andy.bgsu.edu:0.13525636600932742
sale:0.14431237064107408
three:0.06632927287437439
virus:0.12528106959624324
comes:0.06873128039194346
respond:0.09190926700137515
