ide:0.4529894423479246
a:0.01396504125846395
hard:0.27042334025755094
40:0.3824507188024799
drive:0.28238037488059886
vga:0.45103816092556637
monitor:0.37472758400888084
and:0.019089870724539493
subject:0.00266969568920183
wanted:0.30451599895461023
