large:0.1497017059943788
29:0.22824928716452578
case:0.1235805553653378
brand:0.22527811614098578
andrew.cmu.edu:0.203738970336363
book:0.1554849255341837
19:0.40968972119808794
25:0.18388412741448065
call:0.1328478048999354
moving:0.4240981581641332
subject:0.001334847844600915
table:0.2264947211739623
sale:0.31748721541036296
69:0.2749647490333675
microwave:0.2965538698546443
59:0.26393761055265985
chair:0.2874377920149466
