keys:0.08708543566903336
out:0.026181713312899108
store:0.09918228997734609
to:0.0030626648002018463
keyboard:0.10099517857717769
memory:0.07514738280371812
asking:0.07967628476974209
voice:0.08058876225413707
size:0.08001949193479706
input:0.09482558443054925
load:0.09991095270674588
speakers:0.12563212578876906
output:0.0908301819763138
shift:0.10768640286126484
60:0.09048131731980039
225:0.2645013379737958
analog:0.11975006902816722
expansion:0.10272765727650462
in:0.007896875639755132
fully:0.09328118899728435
subject:0.0005932657087115177
tape:0.09220818363818518
6:0.06529665850131544
phones:0.11006113942887288
patches:0.12563212578876906
pedal:0.2820707929357579
jim:0.07525179437664155
head:0.07673021634345963
hold:0.07710623584320045
save:0.08050022738713987
connectors:0.12738281196328272
patch:0.11753830024267761
128:0.12812362130256252
2:0.08659598009312929
61:0.11216244126498427
thru:0.11468820389770697
midi:0.42515763331475376
full:0.06865916630940563
built:0.08205550297943898
