pioneer:0.051285174570059135
all:0.007950565255385759
50:0.028759860742736922
missing:0.03598039552824374
yard:0.050303649272922614
service:0.03035492690398619
work:0.016875603866585865
wisconsin:0.050682502390228916
several:0.023487094767228305
to:0.0022969986001513845
line:0.02353169790671657
otherwise:0.02961154026343363
deck:0.050682502390228916
owners:0.03598039552824374
basic:0.031830440079666664
make:0.058669349444990124
control:0.025413618916175194
smaller:0.03742701890870805
nt:0.005950654597686987
scott:0.03185064210976255
master:0.03962920056073874
this:0.004374853653095158
machine:0.027106661286036223
a:0.004655013752821317
was:0.007378842784178213
drive:0.02353169790671657
fine:0.05398594296534267
120:0.042270131483794736
output:0.034061318241117675
manual:0.03274664497402302
model:0.06098252519305916
it:0.011428514324665733
should:0.013690101185278997
45:0.03758651341046386
tube:0.08887068160006971
craig:0.038041547860754296
plays:0.04127292728582733
has:0.017746241231442517
loading:0.04749971396774584
25:0.030647354569080104
of:0.001620338213047822
flow:0.04300807646164011
generator:0.09553710897246202
years:0.018581461858169945
excellent:0.03245887844450322
well:0.014023899251277873
in:0.0014806641824540872
5:0.021657274057647356
or:0.03371557288515427
and:0.001590822560378291
vcr:0.10098184614337953
for:0.005422481048534567
subject:0.00022247464076681915
offer:0.14646515078299324
tape:0.034578068864319446
top:0.028180268551394293
ago:0.023843047711372033
20:0.052413872473427
precision:0.050878589868647205
the:0.002512510033296843
watt:0.050303649272922614
cassette:0.09852124616327845
home:0.02441135876551124
outlet:0.05193485408230673
drop:0.03608059713630042
an:0.007482484488014473
problem:0.017629710767046537
just:0.009786571362215717
head:0.057547662257594716
is:0.004477877114844399
else:0.02105460187781714
engine:0.0340087418311738
days:0.024818771871251435
type:0.027004270919430803
does:0.01015407345281271
ideal:0.045003742883589305
2:0.01623674626746174
sale:0.02645726795086358
records:0.04108704597320817
remote:0.03754635269016429
full:0.02574718736602711
three:0.024320733387270605
condition:0.03165079240404184
close:0.028957610134754504
by:0.008253628956809717
hp:0.036047062550469376
included:0.031189845420841408
