reference:0.04910043503971519
ask:0.03834950768889957
joystick:0.08716084970595832
with:0.015390194126040719
user:0.049758466889381785
c:0.034027601255644205
complete:0.048726524345983915
parallel:0.06054412351922882
ide:0.05960387399314797
best:0.03204179052580834
1024x768:0.07270542485506212
game:0.0391053829988222
unix:0.052139044948951746
brand:0.05928371477394362
card:0.08055021964511162
os:0.06249145002255619
modem:0.05609698127019487
controller:0.055419587114469294
price:0.04118610791899951
15.00:0.08664478769078356
unlimited:0.08097659142640916
button:0.06257242193800854
base:0.05067941915017172
book:0.04091708566689044
uucp:0.05570563957021149
baud:0.07137183940426887
extended:0.06290138644071139
has:0.01401019044587567
10.00:0.16701560108038296
screen:0.049188252238237466
1200:0.0738025512884707
svga:0.06827815858373038
14:0.04912964236521931
listed:0.05973415124292049
monitor:0.0986125221076002
available:0.03554031352387144
warranty:0.06754697633169339
port:0.10973097724604053
utilities:0.06802988905340955
one:0.012938301418100295
210:0.07777993118153562
or:0.008872519180303753
and:0.007535475286002431
still:0.026864593187230883
for:0.012842718272845026
subject:0.00035127574857918807
offer:0.04625215287883997
the:0.001983560552602771
20.00:0.08614820442785136
i/o:0.06790748914995806
new:0.0226842048010993
turbo:0.06536714578052474
items:0.12193721709683188
2:0.051273935581458124
sale:0.08354926721325341
1:0.051540102419071275
serial:0.16339412873150652
under:0.03193846614612683
three:0.03840115797990096
sco:0.08476188185340627
