iisi:0.215550124250701
know:0.024677502513166038
coprocessor:0.12163800573654941
thanks:0.03986773289832326
with:0.011696547535790946
oliver:0.11635497423571767
direct:0.15975102490296697
me:0.021671773608090895
this:0.01049964876742838
on:0.010140176504785799
you:0.022231959576348874
card:0.12243633386056967
a:0.0027930082516927903
as:0.03200456640868074
mac:0.20587692808866814
let:0.046102754855056494
are:0.02571645526404902
it:0.0068571085947994395
if:0.02680601679053637
looking:0.05187770690813288
what:0.018408842059932623
well:0.06731471640613379
email:0.054877973179358816
for:0.0325348862912074
subject:0.000533939137840366
offer:0.07030327237583676
the:0.003015012039956212
an:0.017957962771234733
interested:0.0575415243082984
sale:0.12699488616414517
adapter:0.1999565326424977
slot:0.2039267309663113
