cable:0.10530847471681094
oliver:0.14189631004355813
throw:0.10398464820816611
really:0.04759501812660795
me:0.026428992204988896
so:0.024922209692315126
you:0.013556072912407851
modem:0.20796929641633222
a:0.0034061076240155977
practical:0.11706525086833626
mac:0.08368980816612527
are:0.01568076540490794
compact:0.1427833257550429
1200:0.27360945843530604
if:0.016345132189351446
good:0.039512435399012176
email:0.06692435753580343
in:0.00433365126571928
5:0.06338714358335812
external:0.20946460085979576
or:0.03289324183917489
for:0.023806014359420046
subject:0.0006511452900492268
offer:0.08573569801931312
i:0.004656066030375486
will:0.027641593778128887
the:0.0018384219755830562
ibm:0.09610895290535773
extra:0.09474818803637199
an:0.0437999091981335
interested:0.0701725906198761
sale:0.0774359061976495
nice:0.07706681601840874
little:0.05720338297313327
