supports:0.07324812685862349
your:0.02135478342680106
from:0.014348682278477552
oliver:0.09860591036925226
to:0.0023359307798149673
software:0.19090073820211909
this:0.00889800743002405
la:0.07386955032254879
two:0.031606600553445954
management:0.153555743168788
you:0.01884064370877023
etc:0.03936142351624128
hard:0.09166892890086473
test:0.06060847210135035
drive:0.0478610804882371
also:0.0251440191810096
lets:0.0785358347403324
organization:0.06494632590028596
are:0.010896803077986874
have:0.008665264629621234
copies:0.07652922430053308
disks:0.07304594769141547
free:0.04894081006991077
if:0.011358481690905241
of:0.006591206290364022
piece:0.07304594769141547
please:0.03246466706619076
good:0.02745779409083897
email:0.046506756931660016
offers:0.07661170209123093
install:0.07488390483118017
and:0.003235571309243982
gets:0.056564683769369566
for:0.01102877501396861
subject:0.0004524907947799711
offer:0.05957904438630234
house:0.058269016008308326
the:0.0012775474745577169
around:0.04012193954497688
drivers:0.0666492162454323
last:0.036951907662025385
interested:0.048764003651100334
is:0.004553773337129897
disk:0.17801588053219738
partition:0.10308305570894018
sale:0.1076227848848688
first:0.031822963210017645
nice:0.05355490604669082
