case:0.1235805553653378
mary:0.4689808808023254
contact:0.17400361494902838
machine:0.3252799354324347
m:0.0684407356058036
a:0.006982520629231975
old:0.1323956541171162
singer:0.5684217319161361
looking:0.1296942672703322
please:0.09577076784526274
in:0.008883985094724524
for:0.0162674431456037
subject:0.001334847844600915
i:0.009544935362269746
wanted:0.15225799947730512
black:0.3529552356243938
