go:0.021146002736892686
all:0.02074060501404981
thanks:0.043334492280786154
allows:0.044920362882023515
your:0.013694915458491984
with:0.019070457938789587
shape:0.051825288992252236
password:0.06096732497743232
oliver:0.0632363990411509
store:0.048513076619354056
to:0.0014980425653161205
line:0.030693519008760745
tool:0.05110257441324318
keyboard:0.04939981560840213
software:0.030606368353057134
that:0.011312107351124244
protection:0.04597795974057568
phone:0.03192768615445184
on:0.005510965491731412
you:0.018123880089414842
etc:0.025242652037589516
cables:0.05726510243497446
also:0.03224993764520796
lets:0.050365372279126214
computer:0.02913807505614473
business:0.07862095072246886
are:0.006988167191317668
it:0.011180068361086043
have:0.011114143764079409
has:0.01157363558572338
provides:0.04802337375043076
manuals:0.05312253635782361
screen:0.04063377358810921
personal:0.07291077111295034
if:0.007284243693080536
lcd:0.06662530799800788
interface:0.04589890800873785
macintosh:0.051039194844647605
excellent:0.042337667536308556
please:0.020819732140274508
email:0.029824985423564574
in:0.0019313011075488096
and:0.014524901638236571
for:0.010609202051480674
subject:0.00029018431404367716
offer:0.03820830020425911
i:0.00414997189663902
6:0.03193858296259994
info:0.03201516803687388
necessary:0.03918234540740788
the:0.002457890249964303
do:0.007807803466374963
64k:0.06537455441339063
forms:0.05203102823013831
an:0.009759762375671052
instruction:0.06006100314113828
people:0.016361664566012145
interested:0.03127256755885782
is:0.002920354640115912
cards:0.04277192896034893
time:0.01716858662938819
sale:0.03450947993590901
runs:0.04078033174394929
nice:0.06868998819032082
comes:0.032871481926581646
data:0.03189506112180231
