oliver:0.18180464724330886
aka:0.1618644158877802
two:0.05827466977041598
you:0.017368718419022558
are:0.020090980675038297
meg:0.1454910811462587
have:0.01597658166086415
simms:0.3134241665761707
if:0.02094220061760654
macintosh:0.2934753703567237
please:0.05985672990328921
email:0.08574683309274815
for:0.04066860786400925
subject:0.0008342799028755718
offer:0.10984886308724494
i:0.0059655846014185915
the:0.004710956312431581
an:0.028059316830054273
interested:0.08990863173171625
2:0.12177559700596305
sale:0.19842950963147685
1:0.06120387162264714
x:0.1903224993466314
