at:0.005912516862110275
mark:0.02015855009592074
11:0.02593432642697927
know:0.008281041111800683
all:0.006403139802995243
philip:0.03892650425964082
4:0.016672949692474355
reach:0.058500717705105745
oliver:0.03904529336769049
to:0.0009249658792555911
hill:0.033444885893686986
competition:0.03502099053179034
h:0.023712631706674606
hall:0.06148201629014963
jeff:0.028291807307586552
divide:0.04036549668477811
13:0.026427775533331962
r:0.020806844072007582
den:0.04595549079843652
nt:0.004792473501492876
12:0.023848220346389504
me:0.0072724072510372125
lightning:0.041303496298034204
phone:0.019713739102077642
getting:0.036405390231203844
management:0.030401975996505005
you:0.018650972798950397
books:0.09800638692741372
harvey:0.03745248674818603
8:0.019815377734052793
3:0.01571453654119208
bill:0.020775260910682665
how:0.008827939578718955
richard:0.025074345736770327
speaking:0.028291807307586552
vision:0.03199950729722957
want:0.012701999783303232
following:0.01837123673181048
stanley:0.03318966847362497
let:0.015470723105723656
prices:0.029278264960933168
business:0.02427223982035951
are:0.008629682974513095
co:0.06127497642000692
recognized:0.03354975379907679
should:0.011025584847204561
collins:0.03847131904931357
have:0.0034312121687761934
directions:0.07908532461663899
beware:0.03892650425964082
tom:0.02547468606358896
attack:0.026501325961450887
b:0.04108601807401667
quality:0.025799757319290937
talk:0.02321875011836931
his:0.012378718399364138
14:0.025059414897695757
if:0.008995307647830996
of:0.002609940745848841
raised:0.030368996031388026
what:0.018532391335502642
excellent:0.02614137861302273
anderson:0.032568240374109374
order:0.01882091853109055
please:0.0128551366235252
they:0.006261205533609018
who:0.008678207209623142
professional:0.032083928654322594
good:0.010872549337983215
george:0.026726940799027966
email:0.03683085448279115
in:0.002384962441536785
5:0.017442099912199215
offers:0.03033617733813842
and:0.002562398754971744
still:0.013702745518319109
for:0.006550648246551825
subject:0.00017917420732898185
offer:0.023591702139542536
i:0.001281199377485872
6:0.019720467332612044
stan:0.03708464623479679
power:0.018133256913896254
cox:0.043014182537153604
2000:0.02903119131581426
the:0.0025293725167417885
do:0.004820925630244944
harvard:0.03774223286808675
jr:0.06271968332191787
william:0.10930628937962462
7:0.021419654556585944
an:0.006026162003770045
10:0.03879693634759952
many:0.012437590789114722
stewart:0.03717473361957626
15:0.02242825994617882
interested:0.019309236345066576
managing:0.0398058885710932
new:0.023140933756826132
time:0.010600738053045058
9:0.023898212453859237
man:0.019449995562383884
2:0.013076574175136971
sale:0.04261573361212925
1:0.013144455650501399
16:0.023402635851175448
every:0.01632314447608991
simon:0.10897215309418225
advertising:0.036166128229983385
davis:0.033239941438250195
john:0.017996499326052656
s:0.00416400188493972
james:0.02321875011836931
