above:0.032031247413277
some:0.013735727942745343
music:0.05419598164342452
all:0.011224327419368131
thanks:0.023451607587248978
graphics:0.041396958119290846
split:0.056093253968084775
with:0.013760644159754054
sell:0.08188405409366041
my:0.01117899130976825
hayes:0.06548746215888208
to:0.004864232329732344
player:0.04573250627124944
like:0.013701636041278508
nt:0.00840092413791104
package:0.04573250627124944
so:0.012021301145704943
ti:0.044572483014725446
reply:0.04224937081594287
on:0.005964809708697528
m:0.0322074049909664
want:0.022265858443672723
jay:0.05997845028420921
whole:0.035199005588556355
plus:0.042069410046819654
cd:0.472574440480296
setup:0.05192652674784226
d:0.02143346143972983
forsale:0.12121770635980916
have:0.00601471309585474
moved:0.052454180467434636
genesis:0.25879035203140466
92:0.051570763392669104
selling:0.09811240318469507
things:0.02629089327223823
of:0.006862608902320187
shipping:0.04827420576872705
bach.udel.edu:0.1460120998304623
together:0.04187019107588507
please:0.02253429831653241
who:0.015212386755692333
pad:0.06565200618211432
in:0.0020903494340528293
thomas:0.043341235459165885
5:0.030574975140208033
for:0.0038276336813185177
subject:0.0003140818457884505
i:0.00898346857625388
games:0.07834988921432295
the:0.0017735364940918894
do:0.008450799045958784
friends:0.046783909948091014
come:0.028249337346698922
2:0.022922465318769514
1:0.04608291510411079
axe:0.06954440905643185
john:0.03154680470096289
everything:0.0363489703990971
