minnesota:0.078735614965434
all:0.0149073098538483
thanks:0.031146666326815047
1992:0.12331082921513413
us:0.03218556853414056
make:0.02750125755233912
covered:0.07214615201262237
phone:0.13768814654107353
this:0.008202850599553422
two:0.02913733488520799
directory:0.13173372777594988
you:0.008684359209511279
names:0.06401401893720124
includes:0.05887116205363045
other:0.021551687309873606
utah:0.0906257677294763
colorado:0.07364377636871812
washington:0.05998770836585147
are:0.010045490337519149
cdrom:0.29473839098585713
have:0.023964872491296228
regions:0.09267308432957636
states:0.05395093336649505
disks:0.06733923302802364
west:0.06371733280837795
has:0.01663710115447736
june:0.07181369266188355
if:0.01047110030880327
arizona:0.08786863589601447
oregon:0.09176263264013923
one:0.015364232933994101
and:0.0029827923007092957
for:0.02541787991500578
subject:0.0004171399514377859
offer:0.05492443154362247
i:0.0029827923007092957
idaho:0.09824613032861905
information:0.038106582570058826
the:0.0023554781562157906
mexico:0.09008692122836427
oct:0.09615970231886088
an:0.014029658415027136
address:0.04988783365521267
south:0.06752561694779353
interested:0.04495431586585812
number:0.03909788825621497
new:0.02693749320130542
sale:0.09921475481573842
by:0.01547555429401822
north:0.06272116851423165
