fax:0.06796985199740865
o:0.0777995329733307
florida:0.11348671009170083
post:0.057390617876248454
sell:0.07733493997734595
upgraded:0.12369853963344396
except:0.07165247597786252
to:0.0030626648002018463
that:0.007708991676321707
id:0.10421797351162787
complete:0.08229368556210617
charles:0.1829445624415038
tampa:0.27820362062510773
support:0.06086569576741124
card:0.06802018547809427
a:0.003103342501880878
computer:0.05957117567034034
no:0.025016571915166885
have:0.011361124736614507
systems:0.06667593600628025
uucp:0.09408063571857941
novell:0.3832503893532621
has:0.02366165497525669
network:0.08163310377843504
be:0.012854694603054918
which:0.028708718500389287
but:0.014784071605564672
box:0.07041197801570238
office:0.08112750917880357
total:0.08135589990676448
for:0.014459949462758845
subject:0.0005932657087115177
i:0.00848438698868422
will:0.025184563220072988
the:0.0033500133777291247
can:0.019212577609726965
cards:0.08744483254115783
documentation:0.09949165305553737
