some:0.010424436385119232
join:0.04094290205797546
k:0.03382733085938985
raise:0.04208215792498178
till:0.04463315460770037
with:0.00522167300704953
sell:0.062144148196081564
my:0.008484055904734833
single:0.029030595272431917
to:0.0049221398574672524
sound:0.030814136510075273
family:0.03518274168856845
make:0.015715004315622352
like:0.031195689201125174
me:0.009674898932183434
need:0.01715358920979675
re:0.006677508978181616
so:0.018246617810445
ti:0.03382733085938985
drag:0.046590424903899655
these:0.014791392616954844
you:0.009924981953727175
great:0.022511166863684613
them:0.01308802831725215
a:0.004987514735165697
sensible:0.05313642950366434
also:0.013245510104281842
250:0.0408044718210472
jason:0.04071336315877718
ie:0.037353733810369744
others:0.024074359134539248
are:0.005740280192868085
d:0.04879939881367059
it:0.009183627582320678
ve:0.016295836598459235
buy:0.026846795761106837
settle:0.04970030610272301
switches:0.09581720692933618
party:0.03789891467430945
diameter:0.05430268113238813
be:0.005164832653013137
get:0.011735481922242164
down:0.021110406937081768
of:0.001736076656836952
but:0.005940028770092949
ok:0.02914151062956189
double:0.03944777129499669
well:0.015025606340654864
they:0.024988918513600276
one:0.017559123353136113
in:0.0015864259097722363
use:0.014846245783458464
and:0.008522263716312274
for:0.008714701685144838
subject:0.00023836568653587764
offer:0.03138538945349855
foot:0.08605749788704922
passive:0.054727931569792186
i:0.008522263716312274
6:0.026235264576421377
away:0.024723067735032772
the:0.0006729937589187973
got:0.01975137340741584
bought:0.03270610490061125
an:0.008016947665729792
just:0.010485612173802552
guitar:0.10860536226477625
15:0.029837595821255745
new:0.01539285325788881
broke:0.044774880939452956
2:0.03479302771598944
sale:0.028347072804496692
1:0.017486820463613467
designed:0.035085691043596094
very:0.01556466510520935
built:0.03296872887566744
appear:0.03525622828800162
s:0.011079219301000327
