all:0.012553524087451199
dos:0.046441478371630755
case:0.03252119878035205
with:0.015390194126040719
led:0.05546683274776837
to:0.0018134199474879353
5.0:0.06674231286914957
keyboard:0.05979977678911837
software:0.037049814322121795
docs:0.07218936283988739
asking:0.0471767475610315
norton:0.06973428447698722
reset:0.0732425563619076
parallel:0.06054412351922882
ide:0.05960387399314797
game:0.0391053829988222
28:0.058191650042746665
8:0.03884856950491929
modem:0.05609698127019487
hard:0.07116403690988182
214:0.07727379590748566
ram:0.05118232984517432
drive:0.03715531248428932
120:0.06674231286914957
bios:0.0634976390224488
meg:0.12251880517579679
dot:0.07586267050809622
drives:0.05325056120731133
color:0.04861358035004455
32:0.05634761541454612
maxtor:0.07678641075379686
101:0.07631643598271688
mouse:0.05718331812141882
switches:0.07060215247424771
call:0.03495994865787773
pitch:0.06567197550791336
loop:0.06754697633169339
svga:0.13655631716746075
14:0.04912964236521931
of:0.0025584287574439294
monitor:0.0493062610538001
3.1:0.05159897345891075
port:0.054865488623020264
windows:0.03614746291346713
up:0.017677110136215587
si:0.07121425794312787
box:0.041691302772455356
in:0.00233789081440119
fully:0.055232282958918355
system:0.02941082012161217
external:0.0565003199687607
for:0.012842718272845026
subject:0.00035127574857918807
1mb:0.07804049206701166
the:0.0009917802763013855
bps:0.07654932515507741
jonathan:0.06290138644071139
1.2:0.07045347411564333
is:0.003535166143298209
desktop:0.06587919073117836
disk:0.04606551294473528
turbo:0.06536714578052474
2:0.025636967790729062
sale:0.08354926721325341
1:0.025770051209535638
serial:0.05446470957716884
ami:0.07830631716329481
2400:0.0732425563619076
range:0.05262573665117991
