tv:0.046203183612825154
rating:0.06706457293496768
at:0.010743475761639403
il:0.06271487849669045
all:0.011634973544466966
with:0.007132041180360334
user:0.046117603458451416
to:0.0016807306830375986
t:0.06283592817074249
trap:0.07139166287752145
this:0.006402224858188037
best:0.05939453853564474
bell:0.05442930547537285
input:0.05203843048017947
a:0.005109161436023396
price:0.038172490266389796
was:0.010798306513431532
usa:0.04444660592717957
cables:0.06424865151241037
chip:0.039419565339064315
internet:0.03483577979408056
manual:0.047921919474180036
model:0.13386407969208108
reason:0.032587950292786924
made:0.028360726242902458
uucp:0.05162961716263504
mint:0.07282804136113588
neck:0.07073230652056686
500:0.0508509406749944
sacrifice:0.06738551571932588
list:0.03550766581611683
without:0.027405005912225548
battery:0.05747806936095073
years:0.05438476641415594
rf:0.06690721433940783
pro:0.05488739207995393
email:0.03346217876790172
5:0.03169357179167906
or:0.008223310459793723
few:0.0557470122172265
for:0.023806014359420046
subject:0.0003255726450246134
offer:0.04286784900965656
i:0.002328033015187743
paid:0.050438904119172644
ago:0.06978452988694255
will:0.013820796889064443
the:0.0009192109877915281
upgrade:0.053933724429862766
att:0.07475034555874055
zoom:0.07416951569301794
sony:0.1239250357981287
n:0.08929306087327808
sale:0.11615385929647425
labs:0.06375585226438749
le:0.13087228263519088
capability:0.05986129840719929
ac:0.06271487849669045
condition:0.0463182327864027
included:0.04564367622562157
john:0.06540191218492307
s:0.0075662961080002235
