all:0.04892655541775852
dos:0.09050134246779327
with:0.02999114752766909
6.0:0.27344825107713755
software:0.14439927633237212
ms-dos:0.1328118284207427
t:0.0660582834615498
30:0.08777193524035616
following:0.07018754546255798
40:0.09806428687243073
prices:0.11185798664561646
are:0.032969814441088485
have:0.013108990080709046
manuals:0.3759441034553671
7.1:0.2965465329217751
3.1:0.20110369142960088
for:0.01668455707241405
subject:0.0006845373562055973
i:0.004894838647317819
20:0.16127345376439076
the:0.0019327000256129563
eric:0.10225714052098989
gateway:0.1237389888642592
new:0.04420511704829607
sale:0.16281395662069895
almost:0.077486998211912
by:0.02539578140556836
