out:0.03681803434626437
tried:0.048404125828697984
thanks:0.031146666326815047
with:0.009137927762336677
single:0.05080354172675586
to:0.002153436187641923
1988:0.0714078256868326
that:0.0054203847724137
r:0.04844093385514266
anyone:0.026139292963146737
had:0.047950265177566724
henry:0.07148816005402664
them:0.022904049555191264
came:0.04716760519496792
a:0.0021820376966349923
wondering:0.05623333596652026
was:0.01383533022033415
song:0.09331092799395534
jay:0.07965887928371536
cd:0.13947509528064292
success:0.07002825370018137
no:0.017589777127851716
it:0.005357116089687062
have:0.007988290830432076
ve:0.02851771404730366
whether:0.04464779038877851
b:0.04782669291428503
love:0.051128397502835134
heard:0.04222886499093554
of:0.0030381341494646664
but:0.01039505034766266
find:0.03306948027614672
good:0.025312653927492174
called:0.08382045299552293
in:0.008328736026304242
or:0.03160834957983212
and:0.0029827923007092957
subject:0.0004171399514377859
i:0.0059655846014185915
group:0.04214243648135383
fell:0.0782315389932743
the:0.0023554781562157906
cassette:0.1847273365561471
bought:0.057235683576069694
just:0.018349821304154468
hit:0.05593284593639702
their:0.07095391962101784
wanted:0.04758062483665785
whatsoever:0.0812298359903072
very:0.027238163934116363
james:0.05405615261932855
