at:0.012407957921893396
say:0.02672598555306399
with:0.008237005306895032
operate:0.0743486226908901
my:0.026766598910712713
corp:0.0651854175339725
to:0.003882251155185439
w:0.043582265563793715
look:0.03339673696163254
everywhere:0.07007839369106268
h:0.04976312851119037
t:0.03628553598592172
its:0.029124289521608032
this:0.007394118850301676
you:0.007828154780404533
guarantee:0.06954683977581132
m/s:0.07859747218985517
uunet:0.05319707482277867
test:0.05036478667577001
as:0.011269213524183358
are:0.009055089881707402
no:0.015855573749049435
those:0.026139657102641694
d:0.025659777779958245
it:0.004828949714647492
have:0.007200712861234548
ve:0.025706108437006117
tube:0.2253059533522894
be:0.00814734164982354
of:0.0027385997967005445
but:0.009370186228879017
least:0.03391073778459834
in:0.0025025310125984575
dtmedin:0.2937772666742902
office:0.051418843845720576
or:0.009497344474691343
offers:0.06366324539975528
205:0.15882838825718498
and:0.008066142559664573
subject:0.0003760134773523704
al:0.05366217155946805
transmitter:0.17266277002300634
i:0.008066142559664573
the:0.0010616239577310605
original:0.04346715511652788
around:0.03334076666413571
got:0.03115709607930386
an:0.012646452655799108
amplifier:0.08298389695689586
here:0.02535775923413234
expressed:0.05788393134680687
opened:0.07168324241429111
observation:0.07391521904769639
dave:0.09876830060210119
although:0.0445033726303487
opinions:0.04021986134535271
mine:0.04598928232112657
intergraph:0.08271561252068889
