bbs:0.16862677715648589
all:0.0397528262769288
own:0.09443710981449979
my:0.039592260888762554
inc:0.1525423123251834
ms:0.1741724967660453
steve:0.4008942308542983
computer:0.11169595438188813
are:0.05357594846676879
book:0.12957077127848637
508:0.24094405799894225
forsale:0.21465635501216207
offered:0.19284019353800197
and:0.01590822560378291
subject:0.0011123732038340957
views:0.16875361642237036
regards:0.1720569832088193
expressed:0.17123996356763696
opinions:0.11898375648000176
consulting:0.24970636670045726
