thanks:0.06644622149720543
with:0.038988491785969824
c:0.17240651302859733
4:0.08280898347262264
from:0.02821907514767252
t:0.17175153700002946
reply:0.11970655064517148
set:0.08831381947086403
you:0.01852663298029073
board:0.23941310129034296
ram:0.1296619022744416
chip:0.10774681192677579
bios:0.16086068552353697
are:0.021430379386707516
meg:0.15519048655600928
reasonable:0.12461023900353492
mother:0.2839736062492889
if:0.022338347325446976
286:0.18418707629949074
offer:0.1171721206263946
interested:0.09590254051383067
2:0.06494698506984696
sale:0.10582907180345431
psuvm.psu.edu:0.16663044386874806
james:0.11531979225456757
