fax:0.12234573359533558
interior:0.22378420641886695
w:0.12377363420117415
steering:0.22494370789379706
phone:0.11749388504838276
inc:0.14644061983217607
uunet:0.15107969249669143
mazda:0.48655202294619765
internet:0.11426135772458425
uucp:0.16934514429344294
p.o:0.18426633758764335
administrator:0.22049468248938808
miles:0.16056619139643302
box:0.1267415604282643
1990:0.34167570962746147
or:0.026972458308123413
for:0.01301395451648296
subject:0.001067878275680732
offer:0.14060654475167353
cassette:0.2364509907918683
sale:0.12699488616414517
condition:0.15192380353940085
va:0.1996428055440566
