prism.gatech.edu:0.337507613578877
pc:0.15870676485704205
all:0.0227159007296736
50:0.08217103069353407
send:0.06984159811610054
braves:0.1144320904787477
1992:0.09395110797343552
to:0.0032814265716448352
stop:0.0791417408233485
national:0.07748033154732174
tools:0.21187965981755577
best:0.057980382856224616
disks:0.10261216461413125
atlanta:0.11397272850411248
manuals:0.11636365106951838
7.1:0.27536463771307684
of:0.0046295377515652054
georgia:0.1144320904787477
institute:0.09267756785555491
version:0.07429691923013296
please:0.04560512754536321
thomas:0.1754288101918619
or:0.016055034707216316
and:0.004545207315366545
for:0.015492802995813047
subject:0.0006356418307623404
offer:0.08369437187599614
league:0.092615644481744
the:0.0017946500237834594
original:0.0734801907922257
replies:0.10670971992408589
sale:0.151184388290649
champions:0.13496936030060463
included:0.08911384405954688
