marc:0.2738996797297998
to:0.003937711885973802
sound:0.09860523683224087
nt:0.020402244334926815
me:0.03095967658298699
re:0.010684014365090587
so:0.029194588496712002
anyone:0.047797564275468316
a:0.003990011788132557
sorry:0.09078333384967498
anymore:0.12661298144759978
have:0.014607160375647224
call:0.07591303137139165
joshua:0.33778712970266894
writes:0.018893211171930352
in:0.005076562911271156
or:0.01926604164865958
for:0.018591363594975655
subject:0.0007627701969148084
i:0.005454248778439855
the:0.002153580028540151
do:0.02052336911161419
just:0.03355395895616817
note:0.08461968853938565
receiver:0.4670272498155938
sale:0.18142126594877883
sold:0.11732937442976688
e-mail:0.07856273647577904
article:0.023152368009045743
