there:0.018540989607619143
all:0.009637048794406983
50:0.034860437263923544
thanks:0.0201352186355168
with:0.0059073472402984585
such:0.019424416196644433
sell:0.035152245444248165
to:0.002784240727456224
sound:0.06972087452784709
100:0.034126384836677494
that:0.0035040871256007762
me:0.021890680412213027
so:0.02064263833100849
something:0.020107690072358818
tell:0.02434368741032781
used:0.01994407584178652
am:0.016508448047488543
them:0.014806658298305464
m:0.05530564493398272
a:0.00846366136876603
was:0.008944051859609956
as:0.008081961214313317
red:0.036491100554975266
following:0.027649639121613754
compatible:0.04551073053353248
cheap:0.037537689074816645
are:0.012988108719216677
no:0.011371169052348586
works:0.030051777712633742
forsale:0.05203790424537263
have:0.0051641476075520495
only:0.013470063012821078
ve:0.018435693929570045
spend:0.041415123380924755
if:0.006769196159226357
of:0.0019640463188458452
looking:0.13100431037407292
but:0.013440065095967886
again:0.024665344829373922
please:0.038695259735459696
or:0.02043368053645713
and:0.003856539540311009
for:0.01314540860250804
subject:0.0002696662312325081
summer:0.04546228434905275
twice:0.04555941019450165
i:0.00964134885077752
the:0.0007613666767566193
got:0.02234498809727853
once:0.02710132520126168
pair:0.051584868223500384
last:0.02202184396019695
jet:0.10281838810938726
address:0.03225072074680415
about:0.019899316774179224
is:0.0027138649180875143
cards:0.03974765115507174
el:0.06143333623058051
items:0.09360836868039621
printer:0.043898304820483146
sale:0.03206941569801646
dollars:0.09263848546451015
wanted:0.030759191813596997
u:0.03819841902619208
give:0.023871073448040472
