lens:0.2407531332332663
50:0.13273781881263197
camera:0.19958230970628882
with:0.04498672129150364
complete:0.14243137885749146
more:0.048900731762335614
following:0.10528131819383699
have:0.019663485121063574
60:0.1566022799765776
mint:0.229688438138967
dartmouth.edu:0.229688438138967
35:0.17366247052813277
for:0.037540253412931615
subject:0.001026806034308396
i:0.007342257970976728
cameras:0.21862374304466772
the:0.0028990500384194345
zoom:0.23391924180105655
mm:0.2204702514749124
sale:0.24422093493104843
e-mail:0.10575752987124103
three:0.11224953871047973
