lens:0.1841053371783801
form:0.10039355660240869
all:0.028060818548420328
send:0.0862749153198889
camera:0.3052435324919711
with:0.017200805199692568
such:0.056559329513758784
speeds:0.14634017506074853
great:0.07415443202154932
seconds:0.13612248955623668
a:0.004107365076018809
price:0.09206306476011655
as:0.023532769418147602
also:0.04363226857881078
features:0.12722492664871543
reasonable:0.109950210885472
has:0.03131689629078091
dartmouth.edu:0.1756440997533277
down:0.06954016402803406
excellent:0.11456074745118786
and:0.01122933572031735
for:0.019138168406592587
subject:0.0007852046144711264
the:0.002216920617614862
zoom:0.3577588404016159
sale:0.18675718553550763
16:0.10255861005368064
very:0.0512718379936308
condition:0.11170867907308886
