read:0.08890208085874203
mb:0.1790190487564908
from:0.016599455969219128
work:0.03970730321549615
my:0.018631652182947083
asking:0.07030260420859596
me:0.021246836870677348
need:0.03767062728425953
larger:0.083448073414133
this:0.020587546602800745
great:0.04943628801436621
a:0.008214730152037619
ms:0.08196352788990367
3.5:0.09411128010983895
let:0.04519877926966323
drive:0.11073740191396034
scsi:0.08294063325750907
have:0.010024521826424566
opportunity:0.09022261544041942
formatted:0.11552660164587461
tested:0.09288539075726376
but:0.013044769063733534
year:0.04852471992567945
warranty:0.10065823923938624
toshiba:0.12018683011405343
box:0.06212821589620798
system:0.04382788880867696
for:0.019138168406592587
subject:0.000523469742980751
i:0.01122933572031735
world.std.com:0.09011914373255975
would:0.0182872479628309
thought:0.052638949121406126
is:0.005268090723346351
new:0.03380391303693229
disk:0.13729329348234828
opened:0.09979431787087585
sale:0.12450479035700508
hear:0.06497414831880015
