pc:0.18515789233321572
send:0.08148186446878396
thanks:0.05537185124767119
with:0.01624520491082076
o:0.3889976648666535
work:0.05625201288861954
to:0.0038283310002523076
game:0.0825558085530691
you:0.01543886081690894
am:0.045398232130593484
a:0.003879178127351097
richard:0.10377993096607718
copy:0.09490588736287062
oo:0.17629424558484866
rich:0.12610543040172104
503:0.16531333623362238
have:0.014201405920768134
if:0.018615289437872478
looking:0.07205237070574011
email:0.07621940719355391
ooo:0.1780309221676635
for:0.027112405242672832
subject:0.0007415821358893971
i:0.005302741867927637
original:0.08572688925759665
around:0.06575540092093432
wanted:0.08458777748739173
garrett:0.356061844335327
s:0.0172343411348894
