go:0.03137793954506657
take:0.034286276295737154
with:0.01886539925127572
post:0.04165448071663194
sell:0.05613019837065432
to:0.004445803742228486
that:0.0055952358941044646
think:0.023221742379492826
r:0.05000354462466339
really:0.031474124890176224
re:0.006031298431905976
scott:0.06164640408341139
this:0.008467458683409984
something:0.03210744059941166
you:0.008964499829172932
m:0.02207765664703342
vhs:0.09966997994179656
more:0.020506758480979447
a:0.0067572780282890085
want:0.03052577367277712
copy:0.055106644275215194
also:0.02392737309160591
video:0.056382438594597135
not:0.009724354977031691
copies:0.07282619731824923
after:0.0311163498010476
robert:0.051538903692866185
selling:0.06725446992499258
were:0.025021020926972566
of:0.006272276953733505
even:0.027083216899452027
version:0.050330171091380396
they:0.015047090717866833
bob:0.059419435710146774
in:0.002865801643459524
and:0.009237034221551367
for:0.010495124610066903
subject:0.0004305960789035209
i:0.0061580228143675786
ago:0.046147834280074906
the:0.0012157306612726661
do:0.011585772885588656
studying:0.09219300028187002
start:0.04544454980455665
7:0.051476266595666224
just:0.01894175102364332
long:0.038392116856590074
does:0.01965304539254073
sale:0.05120761538876822
too:0.03149222367523381
going:0.03512605942015617
movie:0.08181315771057045
s:0.010007036788000296
