at:0.007221024692249435
tel:0.033323344912281776
hours:0.03209978997172641
fax:0.025070847048224505
your:0.010327313296567726
with:0.009587334045730285
c:0.02119752209368
insurance:0.07279382001063531
service:0.029857305151461826
sell:0.028525182778529244
yours:0.03464204348241362
to:0.0011296714426974025
technical:0.06289749578556231
complete:0.030354228281104737
this:0.004303134740749336
tools:0.03647108898498911
contact:0.028525182778529244
firm:0.042852294144916175
you:0.004555729421382966
pilot:0.047834157518758705
taxes:0.07806059077928804
guarantee:0.040473980525267246
includes:0.030883232552724172
more:0.010421467424760049
a:0.003434026538966545
air:0.06318260632182245
price:0.20525535749796478
are:0.01053953084592173
month:0.03257215974907589
d:0.014933149363746193
not:0.004941885316196434
fuel:0.039555906276279584
per:0.028990369799778832
60:0.033374256388450964
b:0.05017882535269249
loading:0.046721030132209025
if:0.005493036227568929
of:0.01593775291522448
aircraft:0.23047511054692318
moscow:0.0482939072454066
please:0.01570012587627258
one:0.008059925473570676
in:0.002912781998270336
our:0.018276847729347487
or:0.011054286191853857
and:0.004694230506034301
for:0.005333587916591377
subject:0.0002188275155083467
flight:0.038536367590314535
than:0.011726240018192306
the:0.009267455040849013
transport:0.09596912058945506
ltd:0.04417010742842234
e:0.025499095869293664
interested:0.02358259192963049
is:0.006606703939934358
either:0.020521005796011134
repair:0.04193207035908764
days:0.024411906758607972
time:0.012946803031997653
does:0.009987613232274798
food:0.034553108924839315
2:0.015970570099142697
sale:0.026023542246751064
1993:0.02483324428696834
1:0.016053474523973023
delivery:0.045857419348128474
position:0.02822002423944436
terms:0.06310063893794203
include:0.027553469452824605
