at:0.022024125311360776
all:0.023851695766157283
50:0.08627958222821078
send:0.07333367802190557
sell:0.08700180747451419
covers:0.13442980709666125
broadcast:0.38106948507924576
master:0.23777520336443245
a:0.0034912603146159877
worth:0.08787909046979596
video:0.08739277982162558
are:0.016072784540030638
forsale:0.2575876260145945
have:0.012781265328691322
fresh:0.13814030722461806
dartmouth.edu:0.14929748479032853
of:0.004861014639143467
75:0.11667376674868009
they:0.023322990612693592
in:0.008883985094724524
and:0.004772467681134873
still:0.05104272705573868
for:0.00813372157280185
subject:0.0006674239223004575
i:0.009544935362269746
discount:0.1417178283156349
will:0.02833263362258211
the:0.0018843825249726326
around:0.05917986082884089
tapes:0.2609063794618381
lot:0.061963834706634774
stock:0.12419757698299703
plastic:0.1272377552853667
