dos:0.09539330692551183
with:0.015806145318636416
c:0.06989453230889081
lan:0.1691778774071601
tcp/ip:0.16197169731921554
from:0.02288033120081556
software:0.15220464262060848
you:0.015021594308343834
numbers:0.09534438921618103
etc:0.06276551317454691
inc:0.09894636475147031
driver:0.09945366482395654
cheap:0.20087736315712693
others:0.0728737357586053
ftp:0.3075702930234386
copies:0.12203308739814736
get:0.03552362095381412
networking:0.1663302959028945
version:0.08433704345042121
for:0.035172850044548544
subject:0.000721539375459954
6:0.07941485493403229
can:0.023366648444262526
peter:0.09951062380610694
ver:0.16375434509737222
cards:0.10635182336086763
itself:0.09089340109714542
sale:0.17161471103262863
serial:0.11187345750986033
