above:0.040039059266596254
at:0.01295536783021222
watts:0.08313890677197952
access:0.04929965982380184
from:0.012449591976914347
item:0.07156421558971261
im:0.0869305113205398
direct:0.058731994449620205
12:0.05225565928841229
me:0.01593512765300801
you:0.008173514550128262
products:0.05956009991377778
amp:0.07994678169495265
access.digex.com:0.06577150550578485
stable:0.07386498289582347
a:0.006161047614028214
as:0.011766384709073801
internet:0.04200785210462656
forsale:0.07576106647488073
only:0.01961082703337186
selling:0.061320251990434414
call:0.03907288379409864
without:0.0330472130118014
sealed:0.08227360530105403
designs:0.16025444846613512
manufactured:0.08454052706321959
shipping:0.18102827163272645
box:0.13978848576646796
in:0.0026129367925660364
or:0.009916344966221843
for:0.009569084203296293
subject:0.0003926023072355632
car:0.08996009823186439
175:0.1732899024688119
the:0.002216920617614862
can:0.012714205771142843
pair:0.07510149932539026
friend:0.05107646205430597
instruction:0.08125900424977532
10:0.04250546702788477
audio:0.14589113176278418
is:0.003951068042509763
either:0.036817098634019975
2:0.11461232659384757
sale:0.04668929638387691
x:0.044781764552148565
sold:0.060390119191791776
instructions:0.14213132671837578
him:0.03524287210828394
e-mail:0.040436702597827445
mike:0.04699135336702505
included:0.05504090368383778
