send:0.0682173749040982
your:0.029300749353052616
way:0.08057547997890899
from:0.03937545369442677
iastate.edu:0.2235417581445304
to:0.012820457303170519
need:0.04467911608133107
account:0.09476231178435489
this:0.012208893915614395
hi:0.07327945720963731
on:0.011790902912541626
des:0.21840027561430603
a:0.0032476840135962676
as:0.037214612103117134
soon:0.0836510148148714
of:0.004521874082924155
ticket:0.11776690486998845
please:0.044544543183843134
one:0.045735391059331276
or:0.015681661807048497
subject:0.0006208594626050766
flight:0.21867148121015687
i:0.004439504819660347
possible:0.0599295726270833
the:0.0017529139767187279
thank:0.08443010015743056
may:0.04327966342883328
replies:0.10422809853050251
n:0.08513989525126515
1993:0.07045711169791016
wanted:0.07081767417549076
chicago:0.19640462961878524
