at:0.026695909468316095
way:0.1049922920937299
name:0.08370401532818943
my:0.028794371555463678
to:0.008352722182368672
continental:0.18649154389112413
make:0.05333577222271829
me:0.032836020618319535
seattle:0.2949313127333611
reply:0.10882413695015589
on:0.015363903795129998
travel:0.15502159344874825
plane:0.1566748960017917
picked:0.14467261213032734
west:0.12357300908291481
be:0.017529129004165797
ticket:0.30690769147936386
must:0.07022607355998477
up:0.040710920313708626
one:0.05959460047124985
in:0.005384233390742136
or:0.02043368053645713
female:0.1632955486747735
for:0.00985905645188103
subject:0.0008089986936975241
offer:0.10652010966035873
the:0.0022841000302698576
an:0.027209034501870812
