above:0.015295820393980591
some:0.0065591959277154725
laser:0.027536280786020946
cable:0.024256446423535104
there:0.005156061716725547
all:0.0053599316328443326
vertical:0.030339601943992787
with:0.016427735303077173
4:0.0558262809927793
into:0.03018208825251213
from:0.014268071703879363
both:0.02523263013829481
reasonably:0.027699132116769554
my:0.005338282367024164
single:0.018266441969170644
to:0.001548538382124529
design:0.021141388805760913
w:0.03476787477561072
clock:0.024101914705614694
connector:0.029597693393357584
channels:0.06178983124345336
problems:0.015410523797144792
memory:0.018997933854872556
protection:0.023763889304117766
asking:0.04028576196222915
me:0.006087576856205307
circuits:0.0318467029922775
two:0.010476345127265795
you:0.003122466232633269
used:0.011092491619870032
working:0.01780078095902588
amp:0.03054146716436393
3:0.013154303059761908
access.digex.com:0.02512619311456949
magazine:0.02372303110563979
stable:0.02821808335346065
controller:0.02366229562190824
compatible:0.025312147881009637
logic:0.02333000532694928
features:0.0729041714503875
dual:0.031194612142542932
cd:0.12537087216237566
are:0.018059308471944535
no:0.006324414248216347
play:0.017988304678541806
forsale:0.028942429889280277
have:0.00287219445588569
being:0.010931482752388472
only:0.007491776619490373
hz:0.1311408363435632
b:0.017196114306259783
channel:0.027224090610993918
switches:0.030144739258667563
disc:0.03516618800036474
be:0.00324978234346894
if:0.0037648899986708387
of:0.0010923628402569588
monitor:0.021052111461173077
supply:0.04537039813038814
together:0.019994192367697925
they:0.00524112148599856
good:0.01820235788044381
in:0.002994601717322873
suspension:0.03135067710943661
system:0.02511485763193848
or:0.011364799848928403
repeat:0.026412566550665015
and:0.006434787884676233
for:0.001827802600629629
subject:0.00014998290388774325
station:0.023235899650405376
scan:0.05885314850037013
car:0.017183389549906683
tape:0.023311057661338952
horizontal:0.03040608766111078
power:0.045536886744447336
controls:0.05599199997931866
20:0.01766759746295292
any:0.011497609733582104
will:0.006366883960130811
currently:0.020218727538524137
reverse:0.02817295879336366
the:0.002117283735924306
units:0.027300526858498295
strong:0.020284563966126462
can:0.004857112317065805
radio:0.0604609611365337
sony:0.08563359215263949
auto:0.02654554264103527
450:0.033209408819082624
drop:0.024323998069416014
10:0.01623804358368632
audio:0.027866845392891356
head:0.019398088401436423
interested:0.01616334952480292
unit:0.04820382941122939
either:0.014064959028726731
select:0.026613229936069953
max:0.02675110133447511
items:0.052063081457074285
questions:0.01698975470362647
2:0.05473060539593845
demonstrate:0.03040608766111078
1:0.03300882963918048
x:0.0855382019535422
sold:0.02307038261259461
switching:0.02977418887781477
e-mail:0.015447729082316104
spring:0.02675110133447511
metal:0.02817295879336366
condition:0.04267522571331484
