at:0.06292607231817364
cut:0.13075055342158576
to:0.0049221398574672524
w:0.11051217339390548
h:0.12618507586766128
width:0.2019087735890931
best:0.08697057428433692
brand:0.16091294010070412
60:0.14541640283539348
quality:0.1372915657347982
be:0.020659330612052548
down:0.08444162774832707
pull:0.16143180083509373
for:0.011619602246859784
subject:0.0009534627461435106
can:0.030877356872775475
bought:0.130824419602445
white:0.12139175520787829
new:0.06157141303155524
window:0.24907091013036725
72:0.18636169961559862
sale:0.11338829121798677
light:0.12472195306451046
wide:0.15363703062009307
high:0.09990442234434005
included:0.1336707660893203
