at:0.026695909468316095
from:0.02565370467970229
me:0.032836020618319535
voice:0.10989376671018691
you:0.016842393618446118
card:0.09275479837921945
modem:0.12919304777378213
dogs:0.15753665161756547
let:0.06985265887129773
answering:0.16744279663590067
it:0.010389558476968848
have:0.015492442822656147
mo:0.16910365228726418
call:0.16102764230295197
talk:0.10483617477687962
cats:0.1791295384786881
external:0.2602438980379281
and:0.005784809310466513
for:0.00985905645188103
guide:0.14246778321267797
power:0.08187440242941037
users:0.11965750206836916
when:0.039626498267992
come:0.07276344468089117
about:0.029848975161268835
including:0.09636265777364333
sale:0.09620824709404938
hst:0.32451297168417537
adapter:0.15148222169886189
s:0.018801099419879345
