fax:0.13902924272197226
hi:0.14322803000065476
valley:0.26207104357342337
silicon:0.24710823432985363
have:0.02323866423398422
systems:0.1363825963764823
36:0.2380877371151337
call:0.12077073172721398
if:0.030461382716518604
shipping:0.18651397683371815
or:0.030650520804685697
total:0.16640979526383642
pcs:0.2523927709714837
for:0.014788584677821546
subject:0.0012134980405462863
i:0.00867721396569977
102:0.585627547350807
here:0.08183640480106345
interested:0.13077619160976908
5.00:0.2943547532970254
respond:0.1838185340027503
