408:0.12849730302482074
ask:0.07108689230137481
posting:0.08046801358429856
all:0.023269947088933932
porsche:0.3002058999222974
with:0.014264082360720668
way:0.04225299559869618
interior:0.13645378440174816
vehicle:0.2146674483902068
options:0.11036537582138577
to:0.003361461366075197
perfect:0.09878260473504608
this:0.025608899432752148
1982:0.12351163193681716
paint:0.11903062859173477
a:0.0034061076240155977
low:0.08282425707267854
was:0.021596613026863064
lets:0.11301498169950273
frank:0.09551644820855176
book:0.07584630513862618
between:0.05665526453771721
leather:0.1427833257550429
call:0.06480380726826115
list:0.07101533163223366
miles:0.0979062142661177
in:0.00433365126571928
and:0.009312132060750973
for:0.015870676239613368
subject:0.0006511452900492268
friend:0.08471218096811722
including:0.07756018796415196
today:0.06924698209264275
new:0.08409753975041692
every:0.05932069577896088
