laser:0.03526228762526423
go:0.01399591548053329
at:0.006337877787441951
all:0.006863797342779074
take:0.015293159211048226
your:0.009064260591232106
with:0.008414782399849602
o:0.025186899164027925
work:0.014568866647412257
store:0.03210937445309765
to:0.002974530561347117
continental:0.044274970851849615
look:0.017058764922848278
been:0.010555686239003161
that:0.007487150189233313
perfect:0.029137315065733017
kirk:0.08653897850405667
me:0.007795602017298883
so:0.007351155376869929
this:0.007553704149229051
recently:0.023807996867537335
you:0.007997107761276575
used:0.014204773441272415
am:0.03527344654751149
united:0.028212388366023147
brand:0.06482823486071533
a:0.0010046792272276224
303:0.0425271566172425
below:0.026704128870776205
compatible:0.032414117430357665
nyx.cs.du.edu:0.03382328666200268
anywhere:0.030405246797514114
cheap:0.02673547639141617
are:0.004625261738138313
no:0.008098890188363381
manual:0.028270484869660165
model:0.052646784339331655
it:0.0073997574764022725
not:0.008674964152172157
only:0.0095937858868294
states:0.02484071752126391
selling:0.08999518997157281
has:0.00766024801357231
manuals:0.035160239891509154
call:0.01911479207193315
uses:0.02456831028659307
if:0.009642452082926753
of:0.0013988531335664652
but:0.00478621023201734
print:0.03162851101334333
shipping:0.02952019777224316
up:0.009665182520520753
email:0.019740278122071516
in:0.003834813709953032
brother:0.03333535431424181
ended:0.03574030992316461
or:0.004851161566209247
and:0.00412011598371356
for:0.009362557206102849
subject:0.0001920644380720741
however:0.01724531585753175
i:0.010986975956569493
back:0.01515364546811178
pay:0.023977281021567504
any:0.0073617788941640816
will:0.03261310345045423
the:0.0054226835251011
see:0.01272939396698688
original:0.022202647577507048
thank:0.026118664077478523
would:0.006709709684204145
returning:0.04147887020586557
because:0.01269584387693895
bought:0.02635312049545655
just:0.00844883858608551
interested:0.02069839003895626
is:0.0038657931926714233
number:0.03600381076831307
cartridge:0.041726972191989085
new:0.024805749135015064
printer:0.09379709735024096
sale:0.04568161372810978
pages:0.03234527245901845
protect:0.029707680554040748
leave:0.0254185764337735
three:0.020996316593327142
condition:0.02732442509701454
comes:0.021756664296730302
hp:0.031119766230621043
