know:0.02544072424037736
sub:0.06156597310941383
access:0.03456058626823222
my:0.009796023312683519
to:0.0028416477527645994
sound:0.03557920916627248
player:0.04007487662944538
make:0.018145159622161892
like:0.024013176567189137
me:0.022342034647516384
ide:0.09339988502019064
on:0.00522689510555969
you:0.01718965946624913
working:0.03266535062584131
a:0.0071984748754968814
want:0.019511319254764757
let:0.04752861325263556
equipment:0.1247925127589873
cd:0.04601240256681004
computer:0.02763611242438469
are:0.0066279523876415
no:0.011605626146211441
digital:0.042570799969192406
it:0.0035345920591749688
forsale:0.10622170144931731
have:0.010541249755621708
kind:0.05681498344253732
per:0.03646211459353626
genesis:0.05669376268729226
second:0.028347379140745015
if:0.027635068856223063
of:0.006013626357703258
looking:0.02674108603512004
hd:0.13789501050717354
please:0.019746550071188192
now:0.017030045338950972
errors:0.04426829193428673
email:0.028287615040906607
in:0.005495248512200737
or:0.027806658049611764
for:0.003354111988784268
subject:0.00027522635971152884
offer:0.03623880019373029
car:0.031532405565808136
i:0.005904083729239018
possible:0.026566717762521463
rate:0.04004820319063145
any:0.021098706521418705
would:0.009614944805199753
home:0.03019961909135411
pair:0.052648473753881826
maybe:0.02729807301383839
an:0.009256681840842646
interested:0.02966057954036
trade:0.26097419977321823
right:0.019998696843198965
time:0.016283607937151688
transfer:0.04685343336054635
almost:0.031154566291387298
bad:0.028253619038622516
