music:0.06488251323508569
all:0.013437575079525229
true:0.03638423650926545
4:0.03498971132646027
1992:0.055576711758933695
to:0.003882251155185439
ii:0.15512956923000498
cds:0.08411125903680482
decade:0.07941419412859249
michael:0.04231965072779844
reply:0.10116046533394772
on:0.007140969369567464
western:0.05761306709430141
8:0.24950630555272107
a:0.005900721658505894
following:0.1542148886219584
perry:0.06854037549437265
soul:0.11874589546001116
are:0.027165269645122204
minimum:0.06903461943537646
of:0.0027385997967005445
please:0.05395536216634521
box:0.08925462001990443
in:0.005005062025196915
5:0.036603843477713845
moving:0.05973213495269482
for:0.009164756701748563
subject:0.0003760134773523704
paid:0.05825338222214305
the:0.007431367704117424
hits:0.0697570602013983
7:0.044951106041286
address:0.08993862968827072
living:0.10377478912758029
steel:0.07494805387988722
new:0.02428168401244432
lee:0.06010072252640446
2:0.027442388057681816
silence:0.0755741350428567
sale:0.13414952763818153
