posting:0.1374661898731767
football:0.1156800200285967
with:0.012183903683115569
obo:0.24470035370703794
415:0.21908887182710252
approximately:0.10790961059185346
jeff:0.08782248518396658
93:0.0762711561625917
m:0.028516973169084834
arts:0.12441457065860712
a:0.005818767191026646
old:0.05516485588213175
steve:0.1336314102847661
electronic:0.08986815239603353
month:0.08278757269556788
forsale:0.10732817750608104
genesis:0.22913729086113954
manuals:0.10181819468582859
call:0.11070650408327948
if:0.02792293415680872
again:0.050872273710583706
please:0.039904486602192805
boxes:0.10271761493302042
in:0.003701660456135218
for:0.020334303932004624
subject:0.0005561866019170479
i:0.003977056400945728
games:0.06937229774184844
the:0.001570318770810527
original:0.12859033388639496
friend:0.14471664248720023
interested:0.11987817564228832
sale:0.06614316987715894
1:0.04080258108176476
john:0.055864133324621784
