at:0.026695909468316095
send:0.08888930669321887
your:0.03817976430852311
been:0.04446182991580119
me:0.032836020618319535
apple.com:0.16664530244446513
this:0.01590855873852785
used:0.05983222752535956
brand:0.13653219160059743
size:0.109117489001996
a:0.00846366136876603
no:0.03411350715704575
model:0.11087731853283485
have:0.015492442822656147
formatted:0.17854111163453348
never:0.06678603729884426
seagate:0.17420472243330096
or:0.02043368053645713
for:0.01971811290376206
subject:0.0008089986936975241
offer:0.10652010966035873
i:0.005784809310466513
is:0.016283189508525087
new:0.05224241105707718
disk:0.31827081670908014
sale:0.19241649418809875
full:0.09362613587646222
