abs:0.34083181960708203
1992:0.20768139657285747
consider:0.1694928462405891
air:0.20284942029637731
as:0.04211127159036939
part:0.12890642696911983
compact:0.30811138715561887
bag:0.2789371379079489
excellent:0.20500344280738877
miles:0.2112713044689908
for:0.017123624363793367
subject:0.0014051029943167523
saturn:0.6016806334185201
cassette:0.31111972472614247
cruise:0.30909518362994265
trade:0.22205699454387864
sale:0.16709853442650682
ac:0.27066421245940087
