all:0.02168335978741571
dos:0.08021709900554404
fax:0.20854386408295836
switch:0.09663894140932218
carson.u.washington.edu:0.12498397683334884
line:0.06417735792740883
kirk:0.1366922501370895
complete:0.16832799319521718
you:0.025263590427669177
communications:0.09588824764394761
card:0.13913219756882916
modem:0.2906843574910098
250:0.10386592827175652
works:0.06761649985342591
500:0.09476766216703501
get:0.029872135802070963
latest:0.09468969546028981
windows:0.06243652685053413
box:0.07201225024333198
one:0.04469595035343739
in:0.008076350086113203
or:0.015325260402342849
and:0.013015820948549653
for:0.014788584677821546
subject:0.0006067490202731432
pay:0.07574641049995189
handles:0.12619638548574186
auto:0.10738878613873358
new:0.07836361658561578
sale:0.07215618532053704
dollars:0.1042182961475739
