keys:0.0753623962520481
53:0.1055075303044508
thanks:0.03833435855608006
owners:0.0830316819882548
basic:0.0734548617223077
memory:0.06503138896475606
nt:0.013732279840816125
asking:0.06895063105073836
two:0.03586133524333292
brand:0.08664542928499452
sharp:0.10340754392050865
a:0.002685584857396914
sorry:0.06110416701420432
3.5:0.09230144780003435
drive:0.05430391824626901
cover:0.07546551054322859
computer:0.05155197894548683
display:0.07088695032568226
no:0.021648956465048268
manual:0.07556918070928391
model:0.0703644521458375
pocket:0.10961472454095195
have:0.009831742560531787
optional:0.10758856077830142
has:0.02047643219012598
lcd:0.11787554491955242
interface:0.08120576032315159
shipping:0.07890975942964999
pete:0.09997518275730118
in:0.006833834688249634
5:0.04997832474841698
u.s:0.06784120001920574
or:0.01296752803275164
0.5:0.1148442190694835
still:0.03926363619672206
for:0.0062567089021552695
subject:0.000513403017154198
inches:0.1070468131443265
program:0.05339679677661683
do:0.013813806132817245
cassette:0.11367836095762898
an:0.017267271895418015
about:0.018942618852343683
15:0.06426559099962777
2:0.03746941446337325
x:0.11712153805946549
plastic:0.09787519637335902
dimensions:0.1133049362296078
built-in:0.10872010885566552
rubber:0.10758856077830142
