reached:0.07114554432890272
king:0.0636008106799666
out:0.017851168167885755
saw:0.051475463380840226
with:0.017722041720895376
missing:0.06541890096044317
from:0.012826852339851145
kids:0.06661156107355641
alexander:0.07711379108204043
to:0.002088180545592168
line:0.04278490528493922
13:0.05966270537070398
charges:0.07660013120816647
pieces:0.2313413732461213
on:0.007681951897564999
size:0.054558744500998
card:0.04637739918960972
board:0.05441206847507794
a:0.006347746026574523
avenue:0.08062593674957565
21:0.061457621532641296
plus:0.0541803008178738
no:0.03411350715704575
fifth:0.07586088629650842
60:0.061691807263500265
10.00:0.09616049759173564
call:0.04025691057573799
be:0.008764564502082899
get:0.019914757201380643
of:0.0029460694782687674
trying:0.04085345792527873
york:0.057017684960991556
shipping:0.062171325611239385
box:0.04800816682888799
email:0.04157422210557486
feature:0.07159252409248906
or:0.010216840268228566
use:0.025193629208293152
and:0.005784809310466513
for:0.00985905645188103
subject:0.00040449934684876206
inches:0.16867982677287813
i:0.0028924046552332564
the:0.0011420500151349288
can:0.01309948473390475
her:0.05009710310499588
ny:0.06365444441792302
company:0.051001939994414394
1/2:0.07186718143480052
new:0.02612120552853859
sale:0.09620824709404938
tree:0.07833744800089586
dog:0.07538736291008258
by:0.030013196206580793
200:0.06297159160880626
