stored:0.10226305144563211
at:0.036706875518934624
all:0.0198764131384644
own:0.047218554907249896
brothers:0.10676253190054037
sell:0.07250150622876182
batch:0.12235017685351897
except:0.06717419622924611
store:0.09298339685376195
to:0.0028712482501892307
animal:0.10549951894603132
day:0.0529854799117265
like:0.024263313823097356
big:0.05782876153890744
them:0.030538732740255016
vhs:0.12874039075815388
a:0.005818767191026646
as:0.016669045004521217
following:0.05702738068832836
are:0.013393987116692197
brian:0.15566989644911577
forsale:0.21465635501216207
have:0.0106510544405761
copies:0.09406717153607191
if:0.01396146707840436
now:0.03441488328913009
brother:0.09653363020165857
subject:0.0005561866019170479
i:0.01590822560378291
possible:0.05368690881176212
the:0.009421912624863162
would:0.019430200960507835
bought:0.07631424476809293
new:0.03591665760174056
tapes:0.10871099144243253
include:0.07003173485926253
