library:0.04243691140237683
school:0.01228555566147333
cia:0.018852772045539586
some:0.01183314400472994
reference:0.01260686845614309
choice:0.012744468494995078
fast:0.011762830827527155
k:0.012799530595444808
story:0.012145464621664203
send:0.0099099564894467
dos:0.4173457177991143
storm:0.018949303709201937
publish:0.019048674943006983
with:0.001975768164829552
way:0.005852610876846431
4:0.008392802378982024
1992:0.013330900455690176
kids:0.014852577806941634
kings:0.017628809423097167
to:0.0013968234730650313
us:0.020877125535658743
ii:0.03721013315989984
software:0.01902558032757606
t:0.026110875557436915
family:0.05324955498810361
mail:0.01035241724606708
civil:0.014098714457907141
bear:0.01522149433385039
golden:0.018089405516178696
that:0.0011719750859272866
interactive:0.01880552122805736
me:0.003660772568934273
uunet.uu.net:0.06118011398058156
pack:0.01740456932531044
master:0.06426356847687363
prefer:0.013873405760276491
oak:0.019970522870934822
teaches:0.01942147243344234
voice:0.024503339874568705
this:0.0017735893188223616
getting:0.009162843149407724
these:0.005596743152361293
game:0.02008114262101681
you:0.005633097865628938
american:0.010902146004689918
great:0.025553216439858212
education:0.014613674006947044
bible:0.012158559127896273
guarantee:0.01668184332460339
m:0.004624374027419163
magazine:0.028531753627053263
a:0.0009435838688151318
lists:0.016003901785879907
price:0.010574811492716092
classic:0.017282812783137477
below:0.01254011457107396
secret:0.013502235227916584
shipped:0.0189006931097016
15.00:0.26695961612836017
usa:0.012312911101448396
local:0.010325619769986326
desert:0.019048674943006983
electronic:0.014573213902059493
cd:0.07539194339494212
prices:0.014738045537767034
business:0.048872482881534694
are:0.004343995821629903
internet:0.01930090502104464
book:0.010505738211769167
wild:0.01596319793954148
it:0.0011582953707431486
not:0.0020368581370809624
3000:0.01772966402833258
typing:0.019151057880491203
marcus:0.03943085957627407
money:0.03142114628441686
atlas:0.020964575144576513
tons:0.019594760590157037
mother:0.014390554370740993
mixed:0.0189006931097016
list:0.009836583097708039
disc:0.02114723467589501
be:0.003908522007685617
if:0.006792065065169689
of:0.00525515096123618
col:0.021545150336896305
looking:0.008763126166914338
san:0.013641775113528865
fact:0.008102253812935268
shipping:0.013862525305208782
find:0.007150157897545238
up:0.004538717467406705
david:0.01686787323881415
in:0.001200538526314125
our:0.007533025077636465
5:0.008779975969316497
world:0.051106432879716425
islands:0.021340337425354298
total:0.012368295593933789
quest:0.020105676028413535
and:0.0019347841950546785
subject:9.019242193249425e-05
table:0.015303697376619074
animals:0.033166395063448255
i:0.0012898561300364523
cd-rom:0.01740456932531044
solar:0.0166321603942328
any:0.0034570515753000247
wing:0.018949303709201937
information:0.008239261096228936
will:0.003828734273321907
cost:0.022439240569938384
the:0.0015278777229507832
titles:0.020246462164901943
can:0.002920831055532816
home:0.00989649679682888
20.00:0.26542960283175826
wars:0.016281148248901207
people:0.005085382229976748
many:0.006260814282358424
religion:0.011998416428928084
jones:0.0167577651349144
doctor:0.014881828018911615
current:0.010683262580171682
25.00:0.3993121181034553
interested:0.01943970415820892
language:0.013776720607216854
is:0.0018153555870990806
select:0.016003901785879907
win:0.011450930417663317
new:0.005824322854336307
economics:0.020105676028413535
time:0.016008546992267367
their:0.010227592017444014
goes:0.010888605391860394
cities:0.06557659210462564
too:0.006596344148190867
rom:0.034047833498566056
ham:0.019715429788137034
e-mail:0.01857902551792072
by:0.006692131586602474
jets:0.017467133675875428
s:0.004192137032810935
diego:0.017530878555282126
