report:0.04573166534306934
ask:0.03511521185971527
know:0.014865965369377131
06:0.07508653602261216
fax:0.03685112457690831
medium:0.06610110332327038
with:0.00704611297336804
into:0.021575950638342004
work:0.024398463421569927
wrote:0.031031023791480258
several:0.03395724544659514
my:0.01144836459434098
to:0.0016604809157720853
that:0.004179573800415383
52:0.06492473622009066
me:0.013055285306078853
re:0.004505307262387597
voice:0.04369270242694179
had:0.018486849225085967
error:0.04536696577315661
this:0.006325089618932759
reply:0.04326742794403789
dont:0.05863092361566817
3:0.02821043306792313
a:0.001682535091381199
hard:0.032581125332235054
below:0.044721372446239666
40:0.046078399855720466
3.5:0.1156548261590792
scsi:0.10192704328031237
also:0.0178734594178261
others:0.03248588220564333
internet:0.03441607160379044
model:0.044083753151609034
51:0.05822247118584069
have:0.012319291883075973
drives:0.04875955002115255
p.o:0.055501908911940775
after:0.023243538405601824
formatted:0.0709862251077061
details:0.04596170942518476
of:0.002342657657418538
available:0.0325429376845088
hd:0.05371813662327644
please:0.023077293456689817
who:0.015578950291974076
david:0.09023296045823472
box:0.038175168803694065
and:0.004599968849286625
for:0.007839731636435518
subject:0.00032165008303636504
i:0.004599968849286625
period:0.04567483413971827
limited:0.04677222967346698
will:0.027308562527789987
the:0.0027244084698399506
stone:0.05994657773572832
just:0.028298519601587614
warning:0.051688443585535135
is:0.0032370196010923363
disk:0.12654140905300776
time:0.019030240601249564
sale:0.03825147173618831
run:0.032251017209486685
difficulties:0.07272816762350258
experience:0.039906298491507806
dead:0.041340748612182364
e-mail:0.033128864778942974
bad:0.033019289719835955
