at:0.02002193210123707
purdue:0.13103552178671168
environmental:0.12045012773297795
your:0.028634823231392333
obo:0.13347292020383889
to:0.003132270818388252
t:0.05855166034091914
100:0.07678436588252435
bear:0.10239914370044807
that:0.007884196032601746
me:0.049254030927479306
this:0.011931419053895886
am:0.037144008106849216
great:0.05730115201665175
amp:0.12355411716492681
a:0.006347746026574523
series:0.16306138003489393
have:0.01161933211699211
call:0.06038536586360699
get:0.029872135802070963
of:0.004419104217403151
looking:0.05895193966833282
email:0.06236133315836229
or:0.015325260402342849
for:0.007394292338910773
subject:0.0006067490202731432
offer:0.07989008224526904
i:0.00867721396569977
integra:0.15451313556358204
rid:0.10493985747290527
an:0.02040677587640311
amplifier:0.13390583372590012
problem:0.04808102936467237
address:0.07256412168030933
interested:0.06538809580488454
sale:0.07215618532053704
todd:0.2313413732461213
integrated:0.2505621391924865
