lens:0.44711296171892306
50:0.49302618416120436
asking:0.2561023439027424
30:0.2445075338838493
forsale:0.3679823228779921
dartmouth.edu:0.42656424225808154
good:0.11571498938282136
for:0.023239204493719568
subject:0.0019069254922870211
mm:0.8188895054782459
sale:0.22677658243597354
condition:0.2712925063203586
