school:0.06060874126326842
go:0.03242387086323545
send:0.048889118681270376
obo:0.09788014148281518
interior:0.09324341934119457
from:0.01410953757383626
sell:0.05800120498300946
my:0.01583690435550502
to:0.006890995800454155
antenna:0.09422409434157679
job:0.05785814258815294
asking:0.05975721357730657
steering:0.09372654495574877
michael:0.050078253361228155
phone:0.048955785436826146
student:0.0670502912028112
brown:0.07741005618758678
1989:0.157703753805483
locks:0.09553710897246202
book:0.051828308511394555
only:0.022225603971154775
brakes:0.09277390472508296
quit:0.08384860078581025
accord:0.19837600348034687
totally:0.06865858834281087
but:0.011088053704173505
excellent:0.06491775688900644
windows:0.04578678635705836
must:0.03862434045799162
miles:0.06690257974851375
email:0.09146328863226469
in:0.0029613283649081745
door:0.07049953826888271
subject:0.0004449492815336383
back:0.03510594533445896
power:0.2251546066808785
idaho:0.20959174470105396
cassette:0.09852124616327845
lx:0.21950012881665168
electronics:0.07517302682092772
blue:0.06661102712438847
light:0.058203578096771555
nice:0.05266232427924597
very:0.02905404152972412
honda:0.1606406627224919
condition:0.06330158480808368
four:0.058467435850382894
s:0.010340604680933639
