with:0.043320546428855355
asking:0.13279380794957013
30:0.12678168423607
panasonic:0.46790665762258304
machine:0.24094810032032196
logic:0.15380522030359156
dual:0.20565336893972747
answering:0.4093046139988683
forsale:0.19080564889969961
dartmouth.edu:0.22118145894863486
excellent:0.14426168197556988
system:0.08278601219416759
and:0.007070322490570182
subject:0.0009887761811858628
i:0.007070322490570182
power:0.10006871408039043
will:0.041974272033454975
cassette:0.2189361025850632
adaptor:0.22887180579227356
auto:0.1750039477816399
ac:0.19046740876772653
condition:0.14067018846240817
include:0.12450086197202227
