believe:0.013411554816853952
at:0.005438055632434759
purdue:0.03558989480626736
there:0.005665302380105848
50:0.021303600550175498
environmental:0.0327148495077224
knowledge:0.02281957496822306
much:0.010785165861481058
obo:0.036251904252894505
work:0.012500447308582121
sell:0.021481927771484985
longer:0.02095191980477886
both:0.013862370878445912
to:0.0034029608891131624
t:0.01590292009259532
bear:0.027812113103825403
that:0.006424159730268089
like:0.007189130021658476
me:0.006688819014842868
so:0.006307472823363704
had:0.009471657319025524
this:0.0032406323356260433
these:0.010226147982092237
set:0.01635441101312297
you:0.0034308579593130975
fix:0.05370418468124054
used:0.012188046347758429
went:0.020138649785407924
great:0.015563275856374547
working:0.01955888278213955
amp:0.23490535856047812
a:0.0034481583354231977
low:0.020961694691233455
as:0.004938976297635916
old:0.01634514248359459
fine:0.019994793690867655
chip:0.019953113319773296
section:0.02536888349150177
estimate:0.035912029085098045
are:0.007937177550632413
no:0.0069490477542130235
works:0.01836497526883173
it:0.010581957708023825
not:0.011165000158814165
should:0.020281631385598513
forsale:0.03180094148328327
have:0.009467603947178755
rated:0.03528374084861692
has:0.006572681937571302
anybody:0.01876293299328824
be:0.003570748500848588
get:0.008113419600562484
if:0.012410192958581652
looking:0.016011637934608913
but:0.008213373114202595
parts:0.02252280871244667
well:0.01038807351946509
please:0.011823551585834905
they:0.005758763114245331
now:0.010197002456038544
email:0.01693764604301198
in:0.002193576566598648
moving:0.026178898652106986
rather:0.015885701561190513
use:0.010264071158934247
and:0.007070322490570182
for:0.006024978942816185
subject:0.0001647960301976438
summer:0.0277825071021989
i:0.009427096654093576
back:0.02600440395145108
will:0.013991424011151658
than:0.00883087211246581
cost:0.04100009388087507
the:0.0037222370863656934
do:0.008868122455635761
less:0.01696830590491529
would:0.00575709658089121
home:0.018082487974452766
pair:0.031524086136583564
an:0.011085162204465884
just:0.007249312120159789
here:0.011113585837181457
about:0.006080346792110318
interested:0.017759729724783454
is:0.009950838032987552
done:0.016349775008769742
match:0.029548485167732865
new:0.010641972622737942
right:0.011974528356730244
heavy:0.027665482943281527
does:0.007521535890972378
nice:0.019504564547868877
150:0.02909383757776518
very:0.010760756122120045
condition:0.023445031410401364
built:0.02279319527206638
todd:0.06283345940018109
integrated:0.10208087152286485
