408:0.14634415066715695
yard:0.16767883090974203
schools:0.1367533187970252
w:0.08595391263970427
attached:0.13695681991069392
garage:0.15275819390742634
front:0.09769308137127593
view:0.18918604182136842
location:0.12752297151317787
updated:0.1428505565757949
contact:0.09666867497168243
recently:0.09192532123854692
inside:0.10427932019650518
more:0.035317195161686826
richard:0.10377993096607718
van:0.12737791751370142
morgan:0.1616041308829412
utilities:0.14361865466830906
one:0.05462838376531236
in:0.004935547274846957
for:0.018074936828448553
subject:0.0007415821358893971
car:0.08496231499676081
house:0.09549644290250531
information:0.06774503568010458
jr:0.1297949002078578
convenient:0.152045904168167
mountain:0.2524879464429442
sale:0.08819089316954526
three:0.08106911129090201
high:0.15540687920230672
