case:0.07061746020876444
camera:0.44478343305972934
obo:0.1677945282562546
reduction:0.1598458617277621
psychology:0.1598458617277621
class:0.11337627633340006
its:0.05908070160097629
consumer:0.15639007285868603
carrying:0.1325455347269782
timer:0.16622139176531095
state:0.07593466819830332
includes:0.1076501248980671
desire.wright.edu:0.1718416858866268
red:0.10321768442693002
jason:0.13028276210808698
pocket:0.32571232435025715
rated:0.1633133147850269
date:0.10222283399380923
university:0.0671525743313901
battery:0.1346629053599417
factors:0.14215902720187
in:0.010153125822542313
fully:0.11993295728222272
subject:0.0007627701969148084
program:0.07933238378240215
automatic:0.13161881256260238
wright:0.16240620911889603
reports:0.11297778411966149
eye:0.13116648498498296
time:0.045128856282963245
2:0.055668844345583106
