belt:0.09883149204047796
looks:0.019673019967666037
go:0.011180645125253604
large:0.017207092643032044
lens:0.03597460611531565
mark:0.017262206691334426
concept:0.024458918069659673
50:0.01983438671912891
small:0.08588350288120722
send:0.01685831678664496
knowledge:0.04249162235462225
camera:0.05964528795820125
with:0.01008323063430254
4:0.014277410943555627
interior:0.03215290322110157
sell:0.020000415511382572
adequate:0.031105078182055854
my:0.01638300450569485
to:0.003168273931243289
cash:0.029200726825995844
hardly:0.025095614083847827
everyone:0.03514382479900119
design:0.021627397743824384
important:0.036119187275554285
front:0.020212361663022607
t:0.014806166982761161
enough:0.013977865097341356
think:0.008274413951313536
like:0.013386655902398542
really:0.011214918064315666
nt:0.00410389972254275
me:0.012455042303500514
internal:0.022773375954714556
brown:0.026693122823305788
you:0.003194247065567367
used:0.011347491427223366
etc:0.06673344791546654
3:0.026913401662501373
more:0.014614011791042826
bigger:0.026789177311660622
sorry:0.018261015429532325
want:0.010876999814437825
payment:0.034953449924295804
buyer:0.03231949826060302
oasys.dt.navy.mil:0.10158373592999319
also:0.008525845584365324
whole:0.017194916523145344
advance:0.01818104147515316
plus:0.04110229717218012
others:0.01549613921303676
bags:0.034565856356505394
pocket:0.06551684685206323
einstein:0.03231949826060302
it:0.0019704335042527122
bag:0.09137595896984534
money:0.017817354981201898
holds:0.056420993901038406
has:0.006119393528083626
addressed:0.03090340393026695
be:0.0033244899835486856
recommended:0.028210496950519203
coast:0.03077278179763732
of:0.0011174746296881532
mailing:0.025366406744635587
opinion:0.03803806396077804
but:0.0076469335890851755
shipping:0.023582226955987353
must:0.013318738088962627
in:0.0030634431361119046
albert:0.05900655403688159
5:0.029872102148479112
system:0.012846105340474282
or:0.011626059615570436
and:0.002194238014314884
for:0.005609463153656448
subject:0.00015343078673573735
outside:0.02071710216943405
i:0.001097119007157442
held:0.023364644133898715
similar:0.03637653204444484
20:0.01807374912876793
flash:0.12642057426821493
will:0.006513249108639566
than:0.016443692899074266
cost:0.019086250599717705
the:0.0004331913850511799
originally:0.026148250447106558
do:0.004128263901761475
can:0.009937540142962222
zoom:0.10486034977288741
an:0.0051603341296651535
pays:0.0334353374240568
army:0.025650592235520537
film:0.029822643979100626
five:0.022821739155434582
15:0.038411617608972916
hold:0.019941267890482874
unknown:0.027121473696079163
is:0.0046322866705286875
envelope:0.03647467150031352
self:0.024437433459828597
2:0.022395512093050674
sale:0.018246391690250743
1:0.022511768872697797
sold:0.02360073623587265
shoulder:0.03175639246542944
terms:0.022121488363301516
metal:0.028820613018498458
entitled:0.05997847803720416
ups:0.03420275922074946
by:0.005692157901248081
black:0.04056956731314871
check:0.01901903198038902
main:0.02137021271049901
s:0.007131451504092164
