read:0.03842378071013427
at:0.014931610380583576
technology:0.057079113318931236
service:0.06173883438098886
2.1:0.08894882292180413
hill:0.084462508443379
quite:0.04502032851032884
re:0.006337974623358823
you:0.009420321854385115
board:0.06086773761618888
copy:0.057908677034971906
plus:0.06060847210135035
are:0.010896803077986874
os/2:0.08018834939261847
those:0.03145619753029763
internet:0.04841582954431536
book:0.1054135088367347
not:0.02043762740935474
have:0.008665264629621234
campus:0.08779086963405028
university:0.03983627290845176
has:0.018047024981127983
if:0.011358481690905241
of:0.009886809435546033
experimental:0.0901917258554575
necessarily:0.06588581411959665
over:0.033998995805412845
office:0.0618769137804434
or:0.022858015515358824
and:0.003235571309243982
for:0.005514387506984305
subject:0.0004524907947799711
we:0.022843117045999492
20:0.05330224319331559
information:0.0413359539743011
the:0.007665284847346302
can:0.014653660888774803
an:0.015218612517995538
expressed:0.06965693433259809
bulletin:0.09277377203481375
pickup:0.10157547120018601
carolina:0.09772140607822564
is:0.004553773337129897
new:0.02922033160819571
heavy:0.07596285147138318
dc:0.07588346419490137
pages:0.07620326901361973
opinions:0.04840017212745834
north:0.06803652177814959
