4:0.24842695041786791
pin:0.48732871029450325
30:0.3423105474373891
mac:0.3431282134811136
simms:0.5014786665218732
for:0.0650697725824148
subject:0.00266969568920183
4mb:0.5800049134686484
sale:0.31748721541036296
