know:0.03629044487230299
to:0.00810705388288724
cleveland.freenet.edu:0.1259534932795737
me:0.03187025530601602
tools:0.26173369742168656
you:0.03269405820051305
m:0.040259256238708005
frank:0.11518159931031241
have:0.015036782739636849
buy:0.08843650368364606
kind:0.0810449028518547
get:0.03865805809679772
if:0.019710306463629684
of:0.01143768150386698
looking:0.07629074545313659
please:0.05633574579133102
or:0.019832689932443685
and:0.005614667860158675
for:0.009569084203296293
subject:0.0007852046144711264
i:0.01122933572031735
back:0.061951668237280516
any:0.09029005290783594
sale:0.09337859276775382
wanted:0.08956352910429713
e-mail:0.08087340519565489
leave:0.1039171213027799
