school:0.014430652681730575
at:0.0069917858131304045
help:0.008492431428737289
all:0.0113579503648368
raise:0.018703181299991902
happen:0.013419175500663948
50:0.013695171782255678
your:0.00999946208080367
option:0.01662940961211263
4:0.00985821231816936
sell:0.06904905355120174
to:0.00437523542885978
colors:0.018094828070567635
256:0.01939394184491973
most:0.007367442317329515
100:0.013406794042980442
that:0.004129816969458057
higher:0.014729658385070999
through:0.009402632119146138
nt:0.0028336450465176128
could:0.011977056788302042
me:0.0042999550809704155
need:0.007623817426576334
re:0.0029677817680807184
so:0.004054803957876667
prefer:0.016295746448578733
phone:0.01165613938972051
this:0.006249790932993083
off:0.00866451368236647
these:0.013147904548404307
big:0.03304500659366139
you:0.011027757726363527
tell:0.00956359148262878
fall:0.015477385029342585
am:0.025941846931767706
purchased:0.018995454750685415
them:0.017450704423002866
8:0.011716235247515342
more:0.01513594078358007
a:0.007204187950794895
commercial:0.01653312142957441
local:0.012128505761571238
andrew.cmu.edu:0.03233951910101
dollar:0.022374634060039946
organization:0.015205687413162186
cheap:0.014746949279392253
prices:0.03462271015221462
are:0.010204942565098817
taking:0.0135196429926651
investment:0.021572941092288807
it:0.0040816122588091894
not:0.009570000136126426
have:0.01014386137197724
only:0.005291810469322565
area:0.012732012081981535
money:0.03690737817534678
left:0.011604782474208576
selling:0.016546734664085478
willing:0.028380157571267228
be:0.004590962358233899
if:0.0026593270625532113
of:0.0023147688757826027
even:0.006663331141928673
piece:0.034204054871377086
5.25:0.02255641793318
what:0.0036525480277644095
but:0.007920038360123931
least:0.009554215804390802
shipping:0.016282966231515074
please:0.015201709181787735
loss:0.01688830057190787
they:0.014808248008059422
box:0.012573567502803995
damaged:0.04498978676686822
email:0.010888486741936272
in:0.0028203127284839756
replace:0.0174458850430743
morris:0.03901465648701451
or:0.005351678235738772
clean:0.017229532507842482
and:0.004545207315366545
for:0.010328535330542031
subject:0.00010594030512705672
each:0.010103211894288155
cause:0.01251389338627804
i:0.009847949183294182
we:0.005348190102039563
paid:0.016412659276873638
discount:0.02249489338343411
power:0.01072164793718469
fell:0.019868327363371248
pay:0.026451127476173675
any:0.004060663755114315
will:0.01798897372862356
175:0.04676076733285401
event:0.01647913074681338
than:0.011353978430313183
the:0.003589300047566919
do:0.002850467932168637
fund:0.020825319652327156
would:0.0074019813182886985
can:0.003430817430308386
did:0.006523456521599068
once:0.010646949186209944
last:0.008651438698648801
jim:0.02687564084880055
about:0.007817588732713265
company:0.013357650950918055
15:0.013261153698335887
is:0.0031984836534602844
number:0.019859244828553634
deal:0.013080615046668687
time:0.012535793411934235
sale:0.025197398048441504
gone:0.031187280927640972
give:0.01875584342346037
thus:0.013219662987604386
lots:0.01447894845800143
realize:0.015529806583853724
by:0.003930299503242723
s:0.0024620487335556282
