some:0.003917908976957564
read:0.007607392825160811
laser:0.016447845570173585
appearance:0.018202214076256492
large:0.010047094362038845
infinite:0.017349904590802438
script:0.01918109401837564
marc:0.01608471273581039
11:0.012967163213489634
202:0.020182748342389055
all:0.0032015699014976214
small:0.010029348658610776
means:0.00951206449811662
printing:0.11414918277076805
with:0.00196250797580385
85:0.01664529691253242
miller:0.015978845763545538
super:0.016882268614592667
4:0.058355323923660246
beast:0.018162025515697042
both:0.007535919739289389
fantasy:0.01940489057709602
plot:0.019074554762286446
otherwise:0.011924110173194752
earths:0.02701792259494288
ii:0.012320133574195025
been:0.004923625460474628
13:0.013213887766665981
supreme:0.017477756423796634
12:0.011924110173194752
rob:0.02953478316778013
indiana:0.019644685758244157
alpha:0.05676249446104093
nm:0.5432721956824295
on:0.0017013718967761407
numbers:0.01183806174831778
serious:0.012070448446441175
machine:0.010915434074913915
size:0.036250440977173164
8:0.02972306660107919
3:0.039286341352980196
crisis:0.019074554762286446
magazine:0.014170132673838532
a:0.0004686255455860386
vision:0.03199950729722957
series:0.0601904422947595
noted:0.014977191439532125
price:0.03151151881050969
was:0.002971346087588542
buyer:0.018871116434043374
secret:0.02682323239908261
marvel:0.06519266348189152
starts:0.015008263001320032
third:0.012257667774053307
bagged:0.023331304176593518
prices:0.014639132480466584
are:0.004314841487256547
silver:0.017477756423796634
74:0.019970738605404048
beauty:0.0204880227658982
only:0.004474953819695592
copies:0.015151759173595476
date:0.012006037549608467
203:0.02100530692639236
32:0.014370532790286931
60:0.013663286172453078
second:0.02768150110723758
19:0.013747977221412347
lopez:0.023149870548169773
has:0.003573068704317285
adams:0.015549041106307422
alien:0.019022527290689244
of:0.002609940745848841
backing:0.018871116434043374
286:0.018542323117398396
hulk:0.022508745592590213
iron:0.018122312570572875
shipping:0.013769488222623487
75:0.015660908288413433
universe:0.014870652183442927
comics:0.02209732840436091
in:0.0005962406103841963
1-2:0.019771331154159747
origins:0.020736707236212706
5:0.03488419982439843
or:0.0022627901265204206
thor:0.04219968014115181
and:0.002562398754971744
for:0.0032753241232759125
subject:8.958710366449093e-05
flight:0.04732990113441315
space:0.010260109924540616
mighty:0.01897129416273358
6:0.019720467332612044
limited:0.013027164640596509
the:0.0025293725167417885
thing:0.007597088708473009
gods:0.01626136955958697
original:0.05178134250458858
wars:0.0161718787975663
flexible:0.019644685758244157
collection:0.016149874097746972
7:0.04283930911317189
pays:0.019522646683845245
10:0.00969923408689988
human:0.02151572061232601
jones:0.01664529691253242
doctor:0.014781949978516232
f:0.09976459646729792
moon:0.015423074934095796
number:0.008396861907375028
ninja:0.0200399308443394
31:0.015642002859828686
new:0.0173557003176196
multiple:0.014409477575925547
opened:0.01707889332689486
9:0.023898212453859237
dc:0.015023907340601278
drawn:0.016855096768174482
man:0.029174993343575827
fly:0.016619970719125098
blue:0.013411616199541305
2:0.1503806030140752
sale:0.021307866806064626
issues:0.012769226451674144
unless:0.010329065187048628
1:0.1840223791070196
ordered:0.015718272158746657
first:0.012601039123429806
rom:0.016909662274455624
changing:0.014370532790286931
written:0.012025231337101039
origin:0.01626136955958697
upon:0.011637837525815223
bug:0.01664529691253242
200:0.013946728342889975
represent:0.016128012752038266
strange:0.014752896076693701
four:0.011771966949741523
comic:0.09063165032433176
