say:0.03060556410108941
ca:0.03317013864665034
to:0.002222901871114243
continental:0.09926162820011446
us:0.03322381268040316
been:0.023665167535829663
grand:0.0808836558906247
nt:0.011517395995523202
had:0.024748523962615083
something:0.03210744059941166
firm:0.0843222562206415
used:0.03184618561833654
modem:0.13752808311402615
includes:0.060770231797295945
a:0.0067572780282890085
practical:0.07741411750970623
third:0.05891588704303041
anywhere:0.06816660169120099
it:0.00552992628612858
ken:0.19964867908620054
have:0.008245977631413756
ve:0.0294376403068941
site:0.06299297092642914
has:0.017173781836879853
manuals:0.07882698943418988
modems:0.08565324047367381
year:0.03991549542273632
never:0.035547406949384845
warranty:0.08279951937433384
shipping:0.06618237887648062
michigan:0.08309278258535306
box:0.05110546791462269
in:0.002865801643459524
external:0.13851691347180042
or:0.010875991253275569
industries:0.095988388780813
and:0.0061580228143675786
for:0.010495124610066903
subject:0.0004305960789035209
i:0.009237034221551367
any:0.016504633327238828
than:0.023074214229346145
the:0.0024314613225453322
original:0.049776903439894826
less:0.044336541235423826
problem:0.034122020839444905
sale:0.05120761538876822
1:0.031589095031043686
150:0.0760193820580316
lifetime:0.09070310802169236
s:0.010007036788000296
