send:0.0862749153198889
with:0.017200805199692568
into:0.05267070302889371
to:0.00405352694144362
keyboard:0.1336700892933234
plugs:0.17111025622899656
make:0.051767073039697166
a:0.004107365076018809
hard:0.0795362765463385
mac:0.20184012557712563
drive:0.08305305143547025
fine:0.09526931111531059
sig:0.13879813009169925
mouse:0.12782153462434798
netcom.com:0.09467750513885703
gives:0.10695660222929722
hd:0.1311354511685866
port:0.12264050398086883
floppy:0.12955944392934815
offers:0.1329438359818419
and:0.01122933572031735
for:0.019138168406592587
subject:0.0007852046144711264
alan:0.12943184388233056
suggestions:0.11638224620796697
sale:0.18675718553550763
serial:0.12174464493720094
under:0.07139186550310704
construction:0.15376411428469922
functions:0.13776603245019128
