pc:0.03002560416214309
graphics:0.03170037333459209
versions:0.08000762199367124
c:0.11649088718148468
to:0.0012416208649466945
obviously:0.03317020793536898
covers:0.09688634745705314
track:0.04098914934951839
h:0.06366093917647778
basic:0.03441128657261261
might:0.01916292915205807
memory:0.030465155190696532
interactive:0.050148056608152955
complete:0.10008691487283183
this:0.009459143033719261
2.0:0.04225052980201129
compuserve.com:0.04990121900285462
management:0.040809859670984196
books:0.03288953074816361
performance:0.10245976307017882
inside:0.03382032006373141
includes:0.10183119922790133
other:0.012426198088575773
j:0.02751467260836813
price:0.028199497313909576
quick:0.03657004702875041
usa:0.03283442960386239
l:0.029774419628408676
freeman:0.048340212504890324
book:0.056030603796102224
it:0.0030887876553150626
examples:0.03952954312759758
only:0.012013839984407988
edition:0.21951743706959603
b:0.02757575086949767
cad:0.05614578819708836
adams:0.08348854503927228
be:0.005211362676914156
7.1:0.05209601254031184
of:0.0017517169870787266
but:0.0059935425427964885
2nd:0.03933907072603173
version:0.14056173908403533
shipping:0.036966734147223415
good:0.014594683345581073
newer:0.04428690736363809
in:0.0048021541052565
5:0.023413269251510656
and:0.005159424520145809
for:0.008793212511137136
subject:0.000240513125153318
pay:0.03002560416214309
will:0.010209958062191752
the:0.003395283828779518
magnus.acs.ohio-state.edu:0.08290726824254757
eric:0.035928184507374825
generic:0.049660964524636954
language:0.03673792161924495
is:0.002420474116132107
levels:0.04131175703147073
3.0:0.0416463475445289
done:0.023861833796582868
disk:0.09462105361621302
turbo:0.08951176719495281
2:0.017553239208066746
sale:0.02860245183877144
first:0.01691490837289226
too:0.01759025106184231
art:0.04154947554654456
iii:0.0832926950890578
murray:0.048340212504890324
s:0.0055895160437479125
