out:0.012401864200846945
all:0.01004281926996096
eos.ncsu.edu:0.06123946012406193
lbs:0.06426769246565962
to:0.0014507359579903482
helmets:0.0658903312006834
been:0.015444635654962518
could:0.015885359529747973
need:0.020223178857865644
covered:0.04860372346113507
so:0.010755901025104422
indiana:0.06162227743112377
off:0.022983762610066846
student:0.042347552338617596
best:0.025633432420646675
3:0.02464700994355389
fun:0.043328975315093006
a:0.0014700043429962052
low:0.0357452056839981
owner:0.04717692880854324
factory:0.05859404508952608
red:0.03802756794676369
250:0.04810632467323459
cover:0.041307437349977744
gas:0.04177020707020002
it:0.007218009047157304
not:0.006346421142904893
3000:0.05524190055143625
74:0.06264505373063585
only:0.014037223560729332
always:0.027967958926302182
has:0.011208152356700536
mileage:0.11272555858502933
call:0.027967958926302182
1986:0.05366492920166087
be:0.006089065864604961
scratch:0.05935166087505333
thorough:0.0628620988590857
63:0.061819036725988534
of:0.0020467430059551437
susan:0.13009555276613446
available:0.028432250819097157
year:0.02605011280220686
reading:0.03459286364592622
years:0.023471320241898876
miles:0.04225426089379816
good:0.017052735277468412
in:0.0037406253030419045
moving:0.04464191138569823
speed:0.035352264914587164
or:0.028392061376972012
and:0.006028380228801945
for:0.017123624363793367
subject:0.0002810205988633505
offer:0.03700172230307198
i:0.00401892015253463
license:0.04924541503786862
body:0.037365064459732124
will:0.011929529946350362
the:0.0007934242210411084
original:0.03248597908708926
wt:0.07107429420171281
may:0.019589742394103483
drop:0.045575491119537376
mph:0.05761739526372644
carolina:0.06069013640647698
max:0.10024623236919095
2:0.02050957423258325
sale:0.06683941377060272
light:0.03676015458743467
e-mail:0.02894416607002386
very:0.0366998419322831
honda:0.05072863033341849
919:0.05904204103077656
live:0.03259671867313325
somewhere:0.04083706377792196
included:0.03939769947895757
north:0.04225426089379816
