music:0.10968234380216865
with:0.013924461352132078
to:0.0032814265716448352
sound:0.08217103069353407
w:0.07367478226260366
ii:0.08741428107405042
keyboard:0.10820911990411894
something:0.047396698027702924
set:0.06308129962204574
card:0.07287877015510098
m:0.06518165295790819
a:0.009975029470331393
course:0.05824170952142902
cheap:0.26544508702906056
are:0.015307413847648227
personal:0.07985465407608847
of:0.0046295377515652054
trying:0.064198291025438
looking:0.12351834978126876
what:0.021915288166586454
macintosh:0.1118001410882757
up:0.03198715167505677
david:0.05943917236534509
or:0.06422013882886526
for:0.015492802995813047
subject:0.0006356418307623404
i:0.013635621946099637
similar:0.07535138780635002
magnus.acs.ohio-state.edu:0.10955603303479501
is:0.006396967306920569
