pioneer:0.3516697684804055
with:0.016709353622558494
shape:0.1362264739224916
hans:0.18502298778670168
player:0.2221293161746401
asking:0.10244093756109697
editing:0.33347241241648923
magazine:0.12064855819439664
old:0.07565465949549496
standard:0.0869727011560639
silver.ucs.indiana.edu:0.15463667439079196
features:0.12358992874446642
cd:0.25504017422746134
computer:0.07659151157615186
it:0.009795869421142056
year:0.07070744903456148
excellent:0.11128758323829677
meyer:0.18047828222585346
in:0.005076562911271156
and:0.005454248778439855
for:0.009295681797487828
subject:0.0007627701969148084
175:0.16833876239827442
program:0.07933238378240215
the:0.002153580028540151
including:0.09085622018657799
is:0.007676360768304683
time:0.045128856282963245
sale:0.09071063297438942
1:0.0559578254835631
remote:0.1287303520805633
