thanx:0.15653767147555797
to:0.004445803742228486
through:0.07643429980725247
me:0.034954473561436925
contact:0.11226039674130864
you:0.03585799931669173
a:0.004504852018859339
controller:0.2717347497225591
have:0.032983910525655025
buy:0.09699487500786987
if:0.02161775547623901
looking:0.08367372081956916
please:0.061787592158234025
who:0.041711383039801556
one:0.03171970670243943
email:0.08851285996670777
for:0.010495124610066903
subject:0.0008611921578070418
i:0.0061580228143675786
eng.umd.edu:0.3776849261907586
would:0.030085472454979872
friend:0.11203869095783245
is:0.0086668589319569
sale:0.10241523077753643
wanted:0.09823096740471297
mfm:0.3938987602733977
