some:0.007297105469583464
join:0.028660031440582823
at:0.005506031327840194
k:0.023679131601572895
tel:0.025409050495614857
hours:0.02447608985344139
raise:0.02945751054748725
till:0.031243208225390263
fax:0.019116520874271185
your:0.007874576388632891
with:0.007310342209869342
c:0.016163110596431
insurance:0.05550528775810942
service:0.022766195177989643
sell:0.021750451868628548
yours:0.026414558155340384
to:0.0008613744750567694
family:0.02462791918199792
technical:0.04795934053649126
re:0.0046742562847271315
complete:0.023145099064342364
this:0.003281140239821369
tools:0.027809205351054196
contact:0.021750451868628548
drag:0.03261329743272976
firm:0.03267487428549858
you:0.010421231051413534
pilot:0.036473545108053514
taxes:0.05952120046920713
guarantee:0.030861410150516272
bill:0.03869392344614647
includes:0.023548464821452182
more:0.007946368911379537
a:0.0043640753932699845
air:0.04817673732038962
price:0.15650721009219815
sensible:0.03719550065256504
jason:0.02849935421114403
are:0.008036392270015319
month:0.024836271808670367
d:0.011386526389856473
co:0.028531160895565722
it:0.002142846435874825
not:0.0037681875535997807
fuel:0.030161378535663183
calling:0.025706253872171615
buy:0.01879275703277479
settle:0.034790214271906116
per:0.02210515697233136
60:0.02544787049619386
b:0.03826135433142802
party:0.026529240272016613
loading:0.03562478547580938
gates:0.07518073757539923
writes:0.0041328899438597645
down:0.014777284855957237
if:0.0041884401235213085
of:0.012152536597858666
aircraft:0.17573727179202894
moscow:0.036824104274622536
ok:0.020399057440693327
please:0.011971345980657843
they:0.005830747653173398
one:0.00614569317359764
in:0.0033314944105216964
our:0.013936096393627459
or:0.008428893221288567
and:0.00715870152170231
for:0.004066860786400925
subject:0.00016685598057511437
flight:0.029383980287614832
away:0.01730614741452294
than:0.008941258013871632
the:0.0075375300998905305
transport:0.07317645444945949
ltd:0.03367970691417203
e:0.019443060600336418
interested:0.01798172634634325
is:0.005037611754199948
either:0.01564726691945849
repair:0.03197320364880433
days:0.018614078903438577
time:0.009871937311898211
does:0.007615555089609533
broke:0.03134241665761708
food:0.02634674555518998
2:0.012177559700596306
sale:0.019842950963147685
1993:0.018935348768813358
1:0.012240774324529429
delivery:0.03496628225294796
position:0.021517768482576326
terms:0.0481142371901808
article:0.005064580501978756
include:0.021009520457778763
s:0.0038777267553501147
