posting:0.06468997170502433
send:0.05751661021325927
shape:0.09348875661347462
my:0.018631652182947083
to:0.0027023512942957466
nt:0.014001540229851735
months:0.06658420666627098
asking:0.07030260420859596
account:0.07989763542602471
this:0.010293773301400373
reply:0.07041561802657145
best:0.0477485505874791
am:0.03204581091571305
purchased:0.09385989406221028
price:0.06137537650674437
was:0.017361983021595796
old:0.051919864359653414
it:0.006722655485097489
forsale:0.10101475529984097
have:0.010024521826424566
messages:0.08578510316442944
details:0.07480042906451637
dartmouth.edu:0.11709606650221846
seen:0.05083264491416378
but:0.013044769063733534
conditions:0.0889182883356829
powerbook:0.21271607038135038
excellent:0.07637383163412524
please:0.037557163860887345
in:0.003483915723421382
brother:0.0908551813662669
and:0.007486223813544899
for:0.012758778937728392
subject:0.000523469742980751
offer:0.06892477683905565
i:0.01122933572031735
will:0.022221673429476164
the:0.0029558941568198155
abroad:0.12018683011405343
forward:0.08481661776581029
immediate:0.09411128010983895
five:0.07786240417736504
is:0.005268090723346351
sale:0.06225239517850254
e-mail:0.05391560346376993
