take:0.10122614906360491
jon:0.19758896493896824
you:0.02646661854327247
3:0.11149837831607712
1.00:0.32850768682640913
cd:0.42506695704576886
police:0.17502780531584244
breath:0.27142693695854764
jersey:0.24360536113374723
for:0.030985605991626093
subject:0.0012712836615246807
the:0.003589300047566919
new:0.082095217375407
2:0.0927814072426385
sale:0.302368776581298
1:0.09326304247260517
every:0.11581659652082837
s:0.02954458480266754
