taken:0.04393175066344881
above:0.03630208040171394
belt:0.15285937435593927
go:0.025939096690588363
work:0.027000966186537384
my:0.012669523484404019
t:0.03435030740000589
tough:0.06390992527028662
make:0.0469354795559921
me:0.028895698144121195
generally:0.051556659909641325
phone:0.03916462834946092
this:0.006999765844952254
1982:0.06751969212546005
off:0.02911276597275134
bell:0.05950937398640765
hi:0.04201355546685873
great:0.033616675849769025
a:0.0037240110022570536
air:0.0513885198084156
inspection:0.08462123788072737
82:0.13888990438110393
timing:0.07332393307556466
care:0.042213559216985296
reason:0.035629492320113705
have:0.006816674841968705
toyota:0.21285247301887972
stereo:0.06881292233862418
battery:0.0628426891679728
maintained:0.07109654528005577
well:0.0224382388020446
miles:0.10704412759762202
good:0.02160013135145999
door:0.056399630615106174
clean:0.057891229226350746
and:0.005090632193210532
for:0.008675969677655307
subject:0.00035595942522691063
offer:0.09373769650111569
p:0.08976341439016934
until:0.038148876338195255
car:0.12234573359533558
i:0.002545316096605266
valid:0.05725365756834418
fan:0.05332741313986231
home:0.03905817402481798
an:0.023943950361646316
is:0.003582301691875519
new:0.04597332173022792
specifications:0.07830411318625215
blue:0.10657764339902158
2:0.025978794027938786
sale:0.04233162872138173
sticker:0.0790810319612385
e-mail:0.036662610355363556
little:0.031271182691979524
condition:0.05064126784646695
include:0.04482031030992802
