at:0.024471250345956416
thanks:0.05537185124767119
from:0.023515895956393765
t:0.07156314041667894
me:0.030099685566792905
contact:0.09666867497168243
hi:0.08752824055595568
these:0.04601766591941507
you:0.01543886081690894
price:0.08694845005122119
following:0.07603650758443782
cd:0.24795572494336518
are:0.03571729897784586
have:0.014201405920768134
absolutely:0.11117940958743427
if:0.018615289437872478
shop:0.13498593835590825
in:0.004935547274846957
and:0.005302741867927637
for:0.018074936828448553
i:0.005302741867927637
the:0.004187516722161405
original:0.08572688925759665
collection:0.13368506892023882
interested:0.07991878376152554
new:0.04788887680232074
2:0.0541224875582058
sale:0.17638178633909052
immaculate:0.1746597872508783
s:0.0344686822697788
