at:0.010243779214586407
there:0.010671848669501714
il:0.05979790740382112
all:0.0110938119842592
from:0.009843863423606693
my:0.011049003038724433
via:0.039746876495530756
to:0.00961534297737789
us:0.023952051002151115
make:0.0409321042639466
nt:0.016606477947033453
re:0.004348145381141518
michael:0.034938316298531266
so:0.011881518574243256
this:0.012208893915614395
two:0.021683598054108272
these:0.01926320898952259
on:0.011790902912541626
you:0.006462778946613045
serious:0.0418255074074357
them:0.017044874087584195
sure:0.025372604885572133
route:0.05948503004428712
across:0.04487400141667258
cheap:0.043211990911707535
are:0.0224271412186474
it:0.003986691043488046
forsale:0.05990409907316151
buy:0.03496326889818565
be:0.02690517475058006
considered:0.04003305764200246
but:0.015471702843032797
using:0.025632797426103728
please:0.044544543183843134
in:0.004132086090569546
our:0.025927621197446436
leaving:0.05381586796409357
offers:0.10511838193913081
and:0.00665925722949052
subject:0.0003104297313025383
summer:0.10466898024549354
i:0.0022197524098301735
we:0.03134288152823186
any:0.011898689142893108
will:0.02635593825356475
the:0.002629370965078092
flying:0.05776631487581257
return:0.04291125241647591
may:0.02163983171441664
people:0.01750317604736183
17:0.045724462307912855
paul:0.03808165687336113
tickets:0.26088343711273365
goes:0.03747706041849624
pm:0.06045011050441466
very:0.020270261532365667
happy:0.044163896377732804
main:0.04323740711193986
