with:0.015390194126040719
item:0.1280622805289594
w:0.16286004500154494
vram:0.28943657792986044
complete:0.09745304869196783
stealth:0.27950004786146193
big:0.07304685668072519
brand:0.11856742954788724
card:0.08055021964511162
includes:0.09915143082716707
a:0.003675010857490513
price:0.08237221583799902
display:0.09700319518251256
manual:0.10341045781270428
it:0.00902251130894663
color:0.0972271607000891
24bit:0.3226067545166697
if:0.01763553736219498
windows:0.1445898516538685
please:0.050405667286980385
install:0.11626711539577973
for:0.008561812181896684
subject:0.0007025514971583761
drivers:0.10348167785475014
interested:0.07571253198460315
picture:0.10764546746566842
desktop:0.13175838146235672
new:0.0453684096021986
disk:0.09213102588947056
sale:0.08354926721325341
accelerator:0.13946856895397444
e-mail:0.07236041517505964
comes:0.0795835878222503
