xt:0.04693314297072195
sent:0.03374020686504232
out:0.01080896421174734
desire:0.044582511750575204
dos:0.03238121427746732
ever:0.024251578503026245
your:0.011559011212672134
with:0.01073077755577151
height:0.04922718888112685
6.0:0.0489196412477448
to:0.0012644028991659
stacker:0.05623420491574978
that:0.003182611242518136
so:0.018748818300640735
this:0.004816352645609349
30:0.03140463737957698
you:0.01529721989198317
used:0.018114344113182253
am:0.014993911529370327
working:0.029069165235840435
sure:0.020018752478524804
a:0.0025623928914612756
old:0.02429278057194793
drive:0.025906456411064118
plus:0.032806420678712575
cheap:0.03409386438905365
bags:0.0551785229911187
are:0.005898269555974546
those:0.017026749121904224
it:0.006290925316329761
not:0.005531284482348302
have:0.014071117793054666
formatted:0.05405373104531748
has:0.009768573154922487
be:0.010613968020871034
were:0.014232140343782562
if:0.018444506965965394
of:0.0017838585831719143
plate:0.04743368411063419
but:0.00610351580046248
min:0.05200654250115042
order:0.025727677625068734
shipping:0.03764502284717247
they:0.017117791275371445
cheaper:0.04045301283455774
seagate:0.052740879268797544
good:0.014862475700545864
one:0.00902120098876718
in:0.0016300890082063348
floppy:0.040413037555943464
logo:0.05200654250115042
5:0.02384287052218058
or:0.018559030945956477
pcs:0.05094166019607929
and:0.005254092859964999
few:0.02096905964134208
for:0.00895455585996534
subject:0.0002449262100185165
each:0.07007365313836557
i:0.003502728573309999
face:0.03292909716463816
actually:0.022424900248633806
will:0.010397296742231967
than:0.013124782405683131
cost:0.030467959672943863
the:0.00207454956877721
magnus.acs.ohio-state.edu:0.04221425126111368
original:0.056626936023366596
ibm:0.1446042961144832
can:0.007931798095758839
about:0.009036845691026345
is:0.007394659455706346
disk:0.032119073245870475
sale:0.02912726746884064
mfm:0.056013126460896005
full:0.02834552737544269
checked:0.0412914325739103
black:0.03238121427746732
s:0.011384151942312263
