supports:0.09003415593039138
pin:0.10152681464468817
that:0.0072271796965516
memory:0.07045067137848574
higher:0.07733070652162274
like:0.024263313823097356
me:0.02257476417509468
this:0.010937134132737895
30:0.07131469738278938
1024x768:0.11511692268718171
support:0.05706158978194804
let:0.04802370297401718
also:0.030906190243324298
vga:0.09396628352615966
nyx.cs.du.edu:0.0979466009587161
meg:0.19398810819501158
it:0.021428464358748248
have:0.0213021088811522
has:0.022182801539303146
be:0.012051276190363985
if:0.02792293415680872
even:0.03498248849512553
shipping:0.08548557271545415
must:0.04828042557248952
one:0.020485643911992132
better:0.09317566130422512
and:0.007954112801891455
for:0.006778101310668208
subject:0.0005561866019170479
i:0.003977056400945728
pay:0.06943420962495589
will:0.04722105603763685
15:0.06962105691626341
9:0.07418403449218805
1:0.08160516216352952
wanted:0.0634408331155438
u:0.07878423924152116
ports:0.10256498909776891
s:0.012925755851167047
