out:0.014194904808198312
palette:0.31208696735106306
help:0.025784249639057795
thanks:0.024016706565254977
via:0.041183510585730665
to:0.0016604809157720853
class:0.04780927315263858
nt:0.008603356044848657
me:0.026110570612157706
need:0.04629402389149967
chen:0.06757823973402137
distribution:0.1071069325542959
you:0.006696373366370143
am:0.019690799478329708
fine:0.03902598286651278
advance:0.03811447249008012
plus:0.04308313077083941
organization:0.0923333307979969
sc:0.12957089840642047
manual:0.2840672817023684
model:0.08816750630321807
it:0.004130788310120145
have:0.0061596459415379865
university:0.05663470124334105
charge:0.04959340548113055
willing:0.04308313077083941
if:0.008074101442932642
of:0.002342657657418538
shipping:0.04943743964267228
please:0.023077293456689817
one:0.011847119370790632
in:0.00214071929993362
or:0.008124234430157655
world:0.06075302864416089
for:0.015679463272871036
subject:0.000964950249109095
i:0.006899953273929937
similar:0.038129617926104836
pay:0.04015472363852871
will:0.013654281263894993
the:0.0036325446264532674
do:0.008654432757909598
original:0.03718274714787325
eric:0.09609707181490616
10:0.1392950244769236
just:0.014149259800793807
wanted:0.11006602371853381
summary:0.05182935972726032
3rd:0.053177768356224
newsgroups:0.10328367086316856
