make:0.08000365833407744
me:0.049254030927479306
controller:0.38289896551815156
scsi:0.3845429360120875
internet:0.12984245195975483
forsale:0.4683411382083536
malcolm:1.014621913723585
one:0.04469595035343739
for:0.014788584677821546
subject:0.0012134980405462863
offer:0.15978016449053808
the:0.0034261500454047865
an:0.04081355175280622
e:0.14140407709335576
e-mail:0.24997234333202423
