since:0.024400263700044895
health:0.05080910488113111
at:0.021486951523278806
your:0.015365027099771495
sell:0.042439906085128876
via:0.04168574851970299
to:0.003361461366075197
next:0.03266317102133141
engineer:0.05437323585038956
nasa:0.05231879045852946
nt:0.008708275021005348
re:0.004560250033880129
this:0.006402224858188037
jb:0.15880233883770314
you:0.006778036456203926
arthur:0.13032416419977483
access.digex.com:0.054542224077967924
a:0.0017030538120077988
ms:0.0509773161266474
was:0.010798306513431532
1,000:0.07116789289376295
proper:0.05007961103709562
it:0.016724655109266927
have:0.006234763574971377
annual:0.06155255923078405
access.digex.net:0.06049144487725197
writes:0.01612835100042835
what:0.01122490369508087
good:0.019756217699506088
over:0.02446269210389461
in:0.00433365126571928
fully:0.051190896400948725
and:0.002328033015187743
for:0.011903007179710023
600:0.059949350211754
subject:0.0003255726450246134
membership:0.19672654697072375
until:0.03489226494347127
i:0.002328033015187743
paid:0.050438904119172644
the:0.0036768439511661124
original:0.03763619528382292
club:0.11786500264450675
about:0.012012392442949653
worry:0.05361418330310638
is:0.016382477249430726
fee:0.12270526944264916
aerospace:0.07536022873648034
time:0.0385246334122857
does:0.014859619687042991
life:0.10208704951056255
sale:0.03871795309882475
article:0.01976421659308783
lifetime:0.06858039874810885
include:0.04099418625908051
va:0.06086670900733433
