some:0.0075324959686022845
out:0.01520228514942529
fast:0.022463212419019597
all:0.006155276326750266
50:0.044531397279076526
racing:0.03866421161813532
storage:0.03240528281881288
controlled:0.03130753429511159
with:0.003773079850255144
shape:0.03076081669217552
my:0.006130414589227751
to:0.003556642993782789
line:0.01821808870197412
cash:0.03278017075950501
day:0.01640840668234111
100:0.021796852250523042
lance:0.0383953555123252
nt:0.004606958398209281
me:0.006990894712287385
need:0.012394851558046685
had:0.009899409585046034
this:0.0033869834733639935
ide:0.02922512531276933
on:0.003271024678963161
you:0.007171599863338347
am:0.010544105527105585
great:0.01626613347569469
backup:0.0322004525071059
modem:0.027505616622805228
more:0.00820270339239178
a:0.0027029112113156036
hard:0.034893334226780766
other:0.00889876121181878
as:0.005162026840109796
running:0.019532002660946464
listen:0.027554492711892056
following:0.017660092084127492
3.5:0.06193129400776499
drive:0.03643617740394824
scsi:0.08187043153805734
nyx.cs.du.edu:0.030331850619473372
features:0.027907403264879515
computer:0.017294857452679453
are:0.004147815365169197
d:0.011753833692755067
it:0.008847882057805729
have:0.009895173157696507
baud:0.03499522448209313
rc:0.03880296132923831
channel:0.031263794379076885
sets:0.030680671401862248
be:0.007464016221128662
battery:0.030407752823212644
tall:0.0729476859418659
if:0.004323551095247802
of:0.003763366172240103
but:0.004292149820970388
megs:0.07046546797222131
well:0.010857212323569966
please:0.012357518431646805
75:0.0301093591609497
must:0.029902715193283833
title:0.027104473106986576
box:0.020442187165849078
email:0.017702571993341555
in:0.004585282629535238
installed:0.02584109648616189
tires:0.03392343821839007
external:0.027703382694360085
offers:0.02916187369924274
and:0.0036948136886205472
for:0.008396099688053523
subject:0.00017223843156140837
car:0.0394663656759147
i:0.0036948136886205472
tape:0.02677011783044086
cd-rom:0.03323711303414122
body:0.022901168539835818
any:0.026407413323582124
the:0.0014588767935271995
thing:0.02921203142096718
original:0.01991076137595793
radio:0.023144195875920426
extra:0.025062423932201622
drop:0.027933365524877747
just:0.015153400818914657
long:0.015356846742636031
trading:0.0382650154651154
interested:0.037123564069869934
trade:0.05443977930753154
is:0.00173337178639138
right:0.012515313508324513
engine:0.026329348514457136
time:0.010190386902604605
2:0.025140768414134308
run:0.01726989953798319
1:0.02527127602483495
every:0.015691280818950944
leave:0.02279472338254527
very:0.011246725753441595
remote:0.029068144018191713
wide:0.05550757235306589
says:0.01652275318985528
included:0.02414697710000625
9600:0.03788908702560587
check:0.021350397190888316
everything:0.03986661269578391
