408:0.15495263011816618
ask:0.08572242895165787
k:0.11143120753681361
super:0.1479681190337828
owned:0.14820821640552284
vehicle:0.12943184388233056
line:0.08305305143547025
asking:0.10545390631289395
73:0.16061981670138678
posted:0.10039355660240869
a:0.008214730152037619
88:0.29451873503350323
book:0.09146172090246098
transmission:0.142526121434027
has:0.03131689629078091
netcom.com:0.09467750513885703
call:0.07814576758819727
toyota:0.3130183426748231
of:0.00571884075193349
miles:0.11806337602678899
david:0.07342485998072042
bob:0.10835308864791471
for:0.019138168406592587
subject:0.0007852046144711264
top:0.09945977135786221
the:0.002216920617614862
auto:0.1389737232383611
blue:0.11754887139597966
by:0.029130455141681354
everything:0.09087242599774274
