cable:0.1877238027560543
cs.ulowell.edu:0.13074910882678126
with:0.012713638625859724
super:0.10936774015540468
ii:0.0798130392415243
control:0.06629639717263094
like:0.02531824051105811
carrying:0.10084986337922254
game:0.19382668095068398
you:0.024165173452553125
regular:0.0879791880816448
bill:0.06729377990634168
controller:0.18312559220433333
plus:0.07773695334738415
panel:0.10718359819097784
bag:0.11521316565763107
genesis:0.11954989088407281
feel:0.06622340617926473
stereo:0.11219498207384376
if:0.014568487386161072
gear:0.22090984642275116
shipping:0.08920233674656085
gp:0.13325061599601576
please:0.041639464280549016
one:0.0427526481641575
a/c:0.14004137001867123
or:0.014658944732675767
and:0.00414997189663902
for:0.0070728013676537825
subject:0.0005803686280873543
i:0.00414997189663902
thank:0.07892378927759813
would:0.02027499230661687
interested:0.06254513511771564
trade:0.09171919339855858
turbo:0.10799789302869306
90:0.0876512915118333
adapter:0.10867202861005308
e-mail:0.059775995144614485
