from:0.09406358382557506
russia:0.5694001701362154
oil:0.4979786929790675
400:0.5100918860527115
for:0.036149873656897105
subject:0.0029663285435575885
address:0.35475792821484564
sale:0.35276357267818104
by:0.11004838609079623
