some:0.03243157986481539
lens:0.5216317886720769
50:0.09586620247578974
camera:0.1441427792323197
with:0.01624520491082076
remains:0.12825982580021753
been:0.04075667742281775
re:0.010387236188282514
md:0.13907829154359874
identical:0.13575759291443812
great:0.07003474135368547
brand:0.1251545089672143
more:0.035317195161686826
low:0.09432762611055055
price:0.08694845005122119
as:0.02222539333936162
following:0.07603650758443782
plus:0.09933055149943529
features:0.12015687516823124
forsale:0.1431042366747747
quality:0.10678232890484304
has:0.02957706871907086
25:0.10215784856360034
dartmouth.edu:0.16588609421147615
and:0.005302741867927637
subject:0.0007415821358893971
zoom:0.1689416746340964
mm:0.15922851495410337
about:0.02736156056449643
new:0.04788887680232074
tapes:0.14494798858991004
sold:0.11407022514005113
condition:0.10550264134680613
high:0.07770343960115336
