bbs:0.0710007482764151
know:0.021646932029093013
send:0.05146223019081092
camera:0.18207508955661433
deck:0.21340001006412176
format:0.07052727205329849
that:0.006086046060253978
me:0.01901032772639552
anything:0.040723528952971995
consumer:0.09602899210621073
on:0.008894891670864736
you:0.01950171892662182
am:0.028672567661427464
working:0.05558840369660714
a:0.004900014476654018
old:0.04645461547968989
equipment:0.14157747061545925
also:0.026026265468062568
video:0.18398479962447487
tube:0.09354808589481022
if:0.011757024908129987
of:0.0034112383432585726
even:0.029458937680105712
looking:0.04550676044573059
please:0.03360377819132026
professional:0.08386851525428186
in:0.0031171877525349207
or:0.011830025573738339
message:0.05697052436069686
for:0.02283149915172449
subject:0.0004683676647722508
i:0.0033491001271121917
acceptable:0.08119587096336925
back:0.036953626667851534
any:0.03590481636101078
the:0.0013223737017351805
thank:0.06369288257490376
an:0.015752598922135732
repost:0.09741475370829196
about:0.017280985619681957
interested:0.05047502132306877
is:0.004713554857730945
sale:0.05569951147550227
goes:0.056544336771766256
206:0.10175524797695583
wanted:0.05342385946572109
