re:0.03561338121696862
you:0.0793998556298174
a:0.01330003929377519
cd:0.42506695704576886
if:0.03191192475063854
ryan:0.2116637000477752
and:0.00909041463073309
for:0.030985605991626093
subject:0.0012712836615246807
paid:0.19695191132248366
got:0.10534065817288447
leland.stanford.edu:0.24034808842496627
sale:0.151184388290649
fool:0.2354886001223867
s:0.02954458480266754
