joystick:0.194830134636848
obo:0.34545932288052417
both:0.06605012006788935
pin:0.14333197361603037
software:0.0828172320141546
a:0.004107365076018809
old:0.07787979653948011
drive:0.08305305143547025
university:0.06912765004701922
mouse:0.12782153462434798
of:0.00571884075193349
year:0.07278707988851917
york:0.1106813884536895
fire:0.1057939305011609
system:0.06574183321301544
and:0.005614667860158675
for:0.009569084203296293
subject:0.0007852046144711264
games:0.09793736151790369
apps:0.1555653973800145
130:0.31698547683926614
10:0.08501093405576954
about:0.02897106412711387
new:0.050705869555398436
disk:0.10296997011176122
128:0.16957538113574452
9:0.10473040163603019
printer:0.12782153462434798
2:0.057306163296923784
sale:0.09337859276775382
1:0.057603643880138486
adapter:0.14702686223713066
