know:0.0086892614482979
all:0.006718787539762614
thanks:0.014037934119127909
my:0.013383299455356356
uicvm.uic.edu:0.07639802527780894
to:0.0019411255775927195
hearts:0.039707097064296246
next:0.018861831153163207
2.00:0.1796440704146847
v:0.027089072633112762
13:0.027730553200468046
like:0.016403367091671454
really:0.01374222354359807
me:0.0076309062000320055
anything:0.016346768664221155
posts:0.028331108958934308
these:0.011666450514781287
set:0.03731569836797072
you:0.0039140773902022665
spec:0.036957609523848196
cage:0.03739789372794209
infinity:0.04408155960609101
ray:0.0305476680745681
more:0.008953655111413562
a:0.0019669072195019647
buyer:0.039602765474260046
1.00:0.09716424539936046
copy:0.024060647500446074
let:0.016233364385583274
3.00:0.1659677939137917
2.50:0.1915092384450031
punisher:0.052431022040300444
d:0.012829888889979123
18:0.027230630233965488
silver:0.03667867193162956
purchase:0.030721559712528466
buy:0.02117493750171807
amazing:0.03451730971768823
b:0.021555692581086208
annual:0.0355444356121429
free:0.020334561930455883
considered:0.024245372938114167
x-force:0.04979233577662853
get:0.009256154755571283
if:0.0047193691532634455
of:0.008215799390101633
hulk:0.047236663285858335
oh:0.022744480170010378
1.50:0.13911979995421586
shipping:0.028896531622125347
comics:0.09274653330281057
over:0.01412634332760111
in:0.0012512655062992288
or:0.009497344474691343
offers:0.03183162269987764
men:0.024729567272023537
and:0.0026887141865548584
gets:0.02350222776332961
for:0.006873567526311422
subject:0.0001880067386761852
each:0.14343714914707692
space:0.021531779982486645
300:0.029292398839312336
i:0.0013443570932774292
special:0.04923536891359187
spider-man:0.10363653172863425
20:0.022146706678912817
any:0.00720624835414653
the:0.0010616239577310605
darkness:0.04351787856613653
would:0.006567955254256169
rid:0.03251657555498473
pays:0.04097006135060481
here:0.01267887961706617
address:0.02248465742206768
moon:0.03236673472084892
is:0.0018920607527511543
1/2:0.03340305615983686
new:0.01214084200622216
lack:0.02732057083734216
5.00:0.13681277265918082
sale:0.04471650921272718
goes:0.02269737461965265
1:0.15171663951529432
first:0.013222217108387615
1.75:0.1554547975929514
four:0.024704550359316717
galaxy:0.04109695223442649
s:0.004369269583493087
