all:0.020299315545665768
50:0.03671471584179182
send:0.031205820434853433
with:0.006221567838186674
uicvm.uic.edu:0.11540978286647734
to:0.0014661693192455647
100:0.035941618072670975
2.00:0.13568860637704908
ghost:0.0660161089659005
you:0.011825510412951528
regular:0.043053645231443206
series:0.03816330171029432
price:0.0665988128051907
buyer:0.05982545422707368
marvel:0.20667461401706036
cover:0.08349375634569971
3.00:0.18803797927466823
are:0.013678965565983522
punisher:0.15840861978133325
reasonable:0.03976922521389412
silver:0.05540820653501486
it:0.0036473981887231058
have:0.0054388363100814135
buy:0.031987671545148574
b:0.032562854750151506
presents:0.06133577615548206
annual:0.05369478571196055
be:0.006153843161036929
considered:0.03662598890651289
x-force:0.07521820936469416
63:0.062476686052860754
of:0.002068516867720624
2nd:0.046453583516909806
print:0.046769819477177905
1.50:0.35026616300529523
shipping:0.08730441468812339
please:0.02037675911601335
comics:0.28021293040423617
5:0.027647583903379604
offers:0.04808606833385771
and:0.0020308373111212227
for:0.0069223162321717865
subject:0.0002840101797023223
each:0.16251123812940096
costs:0.04378992186099825
will:0.024112879678793286
the:0.00240559471273102
7:0.06790486231768736
pays:0.06189094374240301
here:0.01915320112365315
replies:0.04767881102991072
vary:0.05414372565334754
new:0.018340420903016456
mostly:0.04341541510362613
1st:0.04788049096336407
sale:0.06755047136390702
1:0.020835360552390516
rider:0.056494690525189115
majority:0.04385945346716618
quantity:0.06170265036900514
1.75:0.15655731388793687
3rd:0.04695483801666587
