1984:0.10280474052544517
4:0.046873009512805264
work:0.03820891441491139
ext:0.10303912769522926
510:0.21886977866741444
control:0.05754026924417025
nt:0.013473180221178084
clutch:0.09755229373696464
recently:0.06243984084127715
great:0.0475707677119373
purchased:0.09031801126740989
brand:0.08501060986452293
a:0.002634913444993198
owner:0.08456241956248316
manual:0.07414334711099552
month:0.07497742432806148
reason:0.05041909290582128
selling:0.07867504028961396
call:0.05013124713205108
accord:0.3368649115704004
gives:0.0686136693546435
dr:0.07394046424729246
miles:0.07573876952661934
email:0.05177167281071586
a/c:0.12154534001620522
5:0.049035337489012884
installed:0.07557301802556779
speed:0.06336726729973172
for:0.018415973372381548
subject:0.0005037161677739301
car:0.057710251695913005
grey:0.10351682218549889
original:0.05822958515610338
around:0.044664045908559165
cassette:0.11153348622257937
last:0.041135142491688634
cruise:0.11080770733903604
steel:0.1004021099145659
new:0.06505658735409611
days:0.05619344574622966
does:0.022990354987500475
sale:0.11980649638126903
runs:0.07078850038572329
honda:0.27278603103819377
