send:0.10476239717415081
wrap:0.22257794606702885
line:0.20170026777185632
cleveland.freenet.edu:0.3058870551075361
asking:0.1280511719513712
internet:0.10201906939695021
if:0.023933943562978902
never:0.07871211538792358
windows:0.19622908438739295
in:0.006345703639088945
still:0.07291818150819811
for:0.046478408987439136
subject:0.0009534627461435106
jonathan:0.17073233462478807
interested:0.10275272197910428
opened:0.18176822183623814
time:0.1128221407074081
evans:0.20300776139862
sale:0.11338829121798677
e-mail:0.0982034205947238
by:0.035372695529184504
