preferably:0.18166860082819483
to:0.009504821793729868
keyboard:0.31343331282572384
100:0.11650041720107143
working:0.10925996588643473
m:0.09440101462869463
a:0.014446594405307534
layout:0.19766298408095592
buy:0.10368417673255055
101:0.40000338859906776
spend:0.14138266257626037
286:0.1905383547925766
looking:0.17888864451080302
david:0.086084318598086
system:0.07707663204284569
for:0.011218926307312896
subject:0.000920584720414424
i:0.013165428085889306
20:0.10844249477260759
about:0.033966075183512814
wanted:0.10500551688090008
