xt:0.10334772896583218
school:0.036732570462586926
ba:0.058068240811100326
all:0.009637048794406983
dos:0.03565204400246402
switch:0.042950640626365416
with:0.0059073472402984585
literature:0.04778901630469182
loads:0.057259728612377735
my:0.028794371555463678
to:0.004176361091184336
basic:0.03858235161171718
software:0.028442281701830878
that:0.0035040871256007762
through:0.023933972666917446
communication:0.0486127523346323
perfect:0.040909967617544334
and/or:0.04081800027418152
database:0.05115128191322731
me:0.010945340206106513
reply:0.03627471231671863
age:0.04164432955468304
student:0.08127308024583176
best:0.02459773818142863
internal:0.040025933496164984
specs:0.04894836493693856
brand:0.04551073053353248
phd:0.06691135937023063
communications:0.04261699895286561
modem:0.04306434925792738
successfully:0.05280787763312903
a:0.002821220456255344
hard:0.027315488914904137
ms:0.042223635579647346
j:0.06169956887937097
ram:0.039291485537709586
rpi.edu:0.0597098461595627
mac:0.03465941550314279
drive:0.057046540379918964
science:0.03415790127441733
processing:0.09582290857973404
college:0.041611265662309625
computer:0.05415561424576395
meg:0.04702742016848766
baud:0.054790502977014495
color:0.037319516228317036
decided:0.037693263262811666
personal:0.033877732032279964
1/4:0.05636788409575473
of:0.009820231594229225
monitor:0.037851271112008165
institute:0.03931775605993239
years:0.022522984070509025
aspects:0.048678988703785425
who:0.013061140143776247
good:0.016363735872318173
floppy:0.044495162561594324
5:0.0262512412819968
or:0.006811226845485711
and:0.003856539540311009
word:0.06199750537703876
for:0.01314540860250804
subject:0.0002696662312325081
half:0.03819841902619208
offer:0.035506703220119576
i:0.0019282697701555045
person:0.028335297364382332
games:0.03363505345059319
20:0.031765983317228484
capabilities:0.051763651830565034
clone:0.0540854952806959
got:0.02234498809727853
needs:0.03383178346130654
ny:0.04243629627861535
language:0.04119100302763827
sale:0.06413883139603292
2400:0.05622660892429271
high:0.028255796218601227
