miller:0.5290773375040633
w:0.3438156505588171
kenneth:0.5462051908182031
stereo:0.5734410194885348
system:0.24835803658250277
for:0.036149873656897105
subject:0.0029663285435575885
magnus.acs.ohio-state.edu:0.51126148749571
sale:0.35276357267818104
