thanx:0.1427255239924205
know:0.03629044487230299
your:0.03705683006415478
someone:0.06480759160773587
sell:0.20471013523415105
to:0.012160580824330861
like:0.06850818020639254
me:0.03187025530601602
contact:0.10235506761707552
617:0.15318739453798227
you:0.016347029100256524
m:0.040259256238708005
price:0.09206306476011655
athena.mit.edu:0.14374333367411093
reasonable:0.109950210885472
it:0.010083983227646235
willing:0.10517352511704914
if:0.019710306463629684
looking:0.07629074545313659
please:0.05633574579133102
who:0.038030966889230834
or:0.019832689932443685
for:0.009569084203296293
subject:0.0007852046144711264
i:0.005614667860158675
pay:0.09802476652934951
any:0.03009668430261198
would:0.05486174388849271
receiver:0.16025444846613512
