bottom:0.029516540314796186
above:0.035824421449059805
since:0.013163300153971587
ask:0.019174753844449784
out:0.007751165125529341
folks:0.024363262172991958
ultimate:0.03466045673695822
dan:0.0784303320273801
music:0.030306963419020286
ever:0.017390934584406978
stand:0.07771852410131176
with:0.0076950970630203595
c:0.017013800627822102
to:0.0027201299212319028
death:0.022075107789713302
keyboard:0.11959955357823673
been:0.019305794568703148
that:0.006846801817785726
problems:0.018046534446656402
nt:0.009395770417400506
me:0.00712887289739832
need:0.012639486786166026
re:0.0024601348866984903
so:0.006722438140690263
consultant:0.03782076210722981
student:0.026467220211635997
best:0.01602089526290417
drag:0.03432978677129448
two:0.01226835153061389
these:0.010898920875650938
you:0.010969716896224772
went:0.02146356095550055
support:0.036038898809651394
m:0.02701607984439616
a:0.006431269000608398
anymore:0.029154304938592057
want:0.012451302419159089
austin:0.03293959536558918
worked:0.025290551582725983
ccwf.cc.utexas.edu:0.1124993225551875
arms:0.02666539626068276
across:0.0253892376436437
college:0.027102074345846397
prices:0.028700404468283168
are:0.004229680142113326
no:0.0074062219485691435
d:0.011985817252480496
it:0.0022556278272366577
not:0.003966513214315558
texas:0.026106379418875014
have:0.0067269817519428005
try:0.01602887942331179
date:0.023538152564363965
b:0.020137554911277906
details:0.025097512383489045
sets:0.03128621096900427
univ:0.030556601126678993
be:0.0038056661653781006
if:0.00881776868109749
of:0.003837643136165894
saturday:0.032784789461574745
but:0.008753726608558028
again:0.032129857080368654
shipping:0.026995444015406572
programmer:0.033540580751038045
now:0.010867857880777923
one:0.0064691507090501475
in:0.00233789081440119
moving:0.027901194616061394
or:0.008872519180303753
and:0.0025118250953341434
few:0.0150370230322782
for:0.002140453045474171
subject:0.00017563787428959404
offer:0.023126076439419985
i:0.005023650190668287
back:0.013857610000444325
will:0.007455956216468976
the:0.001983560552602771
do:0.009451551564559166
see:0.011640695798757737
composition:0.04016730779103726
hello:0.025455860464814285
can:0.00568793416077443
mm:0.03771201669965606
country:0.0221760138685535
last:0.028686349369203917
interested:0.018928132996150787
unit:0.028224610642101418
is:0.0017675830716491045
max:0.03132694761537217
time:0.010391512959892853
items:0.03048430427420797
2:0.012818483895364531
sale:0.020887316803313353
gone:0.02585261445317607
x:0.02003394729964541
sold:0.05403326454002422
update:0.02856475126300201
midi:0.04195634539290333
95:0.035226737057821665
stands:0.031450693220355694
by:0.006516022860639251
included:0.024623562174348478
while:0.014278569117621856
main:0.024463269813334392
