root:0.07410410820276142
some:0.01716965992843168
go:0.02860929782050187
bbs:0.11903066622810768
technology:0.04952452479142563
all:0.014030409274210164
take:0.031261016622583876
gs:0.09125756239403893
thanks:0.02931450948406122
ds:0.09628328730171623
ii:0.05399117360456056
that:0.015304615827991625
like:0.017127045051598136
need:0.02825297046319465
anyone:0.02460168749472634
on:0.014912024271743821
inc:0.053838463173594135
m:0.040259256238708005
a:0.006161047614028214
hard:0.03976813827316925
forever:0.06939906504584963
drive:0.08305305143547025
setup:0.06490815843480283
play:0.047087032835006495
it:0.005041991613823117
have:0.022555174109455275
maxtor:0.0858201061365965
has:0.015658448145390455
call:0.03907288379409864
if:0.009855153231814842
ph:0.16136445811268946
megs:0.08030990835069339
they:0.013719406242760936
seagate:0.2536215811896588
or:0.009916344966221843
for:0.009569084203296293
subject:0.0003926023072355632
i:0.008422001790238012
info:0.08662927821742346
information:0.03586501888946713
the:0.002216920617614862
magnus.acs.ohio-state.edu:0.13533392316062914
specific:0.053899357183388716
apple:0.05578480804836876
cis:0.08943971010040397
bucks:0.07907635711568307
does:0.01791895315202243
wanted:0.044781764552148565
hst:0.07874211812924843
