asking:0.5122046878054848
re:0.05342007182545293
reduced:0.7141304737232059
price:0.4471634574062804
forsale:0.7359646457559842
dartmouth.edu:0.8531284845161631
subject:0.0038138509845740422
