above:0.0698116930802191
at:0.011294423236595269
all:0.01223163885443963
with:0.014995573763834546
user:0.1939304350560521
4:0.03184960902793178
value:0.047869907945598304
us:0.026408671617756358
been:0.018810774195146655
v:0.04931600402438477
toronto:0.05150128583513567
me:0.013892162569289034
contact:0.04461631152539189
unix:0.10160429272103418
you:0.007125628069342587
market:0.05013916942401311
unlimited:0.1578005371386435
ontario:0.060889105150182955
are:0.016484907220544243
forsale:0.0660481092345114
have:0.006554495040354523
systems:0.1154006584724081
400:0.05885675608300517
manuals:0.06265735057589451
500:0.05345868122243
floppies:0.0720973422736529
550:0.07767834318721502
if:0.008591672048248837
of:0.0024928280200735725
kit:0.13233254295889263
never:0.028255631164895646
please:0.02455660713981096
they:0.011960508006509534
installed:0.051350896863526826
system:0.1432834826437516
or:0.008645018688501094
1500:0.07191017817850992
and:0.004894838647317819
for:0.004171139268103512
subject:0.00034226867810279864
license:0.23991356044089837
the:0.0028990500384194345
canada:0.047700097346239055
450:0.07578557397175265
about:0.012628412568229122
interested:0.03688559250531948
is:0.003444520857572614
new:0.04420511704829607
tapes:0.06689907165688155
2:0.04995921928449766
remote:0.05776361952332968
release:0.050946198581887925
before:0.027258900861828774
mike:0.04096682088407312
include:0.04309645222108464
