out:0.015502330251058682
checks:0.0739946407545385
all:0.012553524087451199
send:0.03859667264310819
to:0.0036268398949758705
hudson:0.07361322579567992
connected:0.05979977678911837
software:0.037049814322121795
mail:0.040319940853103364
me:0.01425774579479664
re:0.009840539546793961
contact:0.04579042498658641
these:0.04359568350260375
on:0.006671168753148551
you:0.007313144597483182
used:0.02597978300443244
inc:0.04817125652374212
working:0.041691302772455356
3:0.03080876242944236
a:0.0018375054287452564
uunet:0.04969726726864849
as:0.010527817897592348
scsi:0.05565753021227582
plus:0.04705131386815356
are:0.02537808085267995
dick:0.19923591540490623
508:0.15217519452564773
drives:0.15975168362193398
only:0.017546529450911664
2600:0.0922353560324318
has:0.01401019044587567
without:0.02956855901055914
writes:0.008700820934441609
get:0.017294394411725294
if:0.00881776868109749
vms:0.07727379590748566
shipping:0.053990888030813144
please:0.025202833643490193
find:0.027847983390439344
in:0.00467578162880238
system:0.02941082012161217
and:0.007535475286002431
for:0.008561812181896684
subject:0.00035127574857918807
tape:0.16379085251519737
info:0.03875520341305786
cox:0.08433043681626166
currently:0.04735438818233285
units:0.06394070764227232
compression:0.0640311402644797
repost:0.07306106528121897
about:0.012960739214761466
interested:0.037856265992301574
is:0.003535166143298209
sale:0.1253239008198801
sold:0.05403326454002422
article:0.010662274741007907
condition:0.04997493537480291
