there:0.04171722661714307
79:0.12619638548574186
behind:0.16035192731812264
obo:0.13347292020383889
work:0.04602437418159781
lies:0.20501734587525744
basic:0.17362058225272728
serious:0.08174985538726069
a:0.0031738730132872617
truth:0.16341170581875472
250:0.10386592827175652
brake:0.12411531290561707
cheap:0.08445980041833745
johnson:0.41975942989162107
toyota:0.12093890512436348
shop:0.11044304047301584
ok:0.07417839069343027
excellent:0.08852421393955426
email:0.06236133315836229
in:0.0040381750430566014
or:0.030650520804685697
and:0.004338606982849885
for:0.007394292338910773
subject:0.0006067490202731432
car:0.06951462136098613
see:0.040213312759344914
auto:0.10738878613873358
needs:0.0761215127879397
an:0.02040677587640311
sale:0.07215618532053704
runs:0.08526796637371216
chicago:0.09597044401827007
every:0.11055220576988165
project:0.0875371785321148
