from:0.06046944674501254
sell:0.24857659278432626
price:0.2235817287031402
immediately:0.3016213954859916
forsale:0.3679823228779921
intel:0.722229808534141
shipping:0.29309339216727137
must:0.16553288767710694
cpu:0.63892319634191
300:0.5942172335974788
eagle.wesleyan.edu:0.4378234525583375
