havent:0.08976803939913079
mark:0.0357574281463356
search:0.05079942023065138
much:0.020799962732856326
hans:0.07709291157779236
times:0.06691609860697682
sell:0.04142943213072104
my:0.011312074539646444
to:0.0016407132858224176
tracking:0.13851782647109245
been:0.017467147466921896
make:0.02095333908749647
docs:0.06531418542656478
like:0.013864750756055632
asking:0.0426837239837904
me:0.012899865242911245
need:0.022871452279729
this:0.006249790932993083
balance:0.05969984125260394
panasonic:0.15039856852154454
focus:0.059510872810267165
used:0.04701103591278251
am:0.01945638519882578
etc:0.027646714136407565
includes:0.04485421870752796
a:0.0016625049117218987
silver.ucs.indiana.edu:0.06443194766282999
cables:0.06271892171449583
video:0.041615609438869314
compact:0.06969186138043759
it:0.01224483677642757
money:0.03690737817534678
92:0.05218470105210564
has:0.012675886593887511
charged:0.06271892171449583
550:0.07212989010241394
battery:0.11221908779995142
of:0.0023147688757826027
meyer:0.07519928426077227
box:0.03772070250841199
in:0.004230469092725964
5:0.030938962939496224
system:0.026609789633839583
speed:0.03998172817721168
total:0.04358351780719525
and:0.004545207315366545
subject:0.0003178209153811702
offer:0.04184718593799807
i:0.011363018288416364
power:0.03216494381155407
review:0.05144808910308078
than:0.017030967645469776
the:0.0017946500237834594
thing:0.026951576608630432
original:0.03674009539611285
less:0.032724589959479494
automatic:0.054841171901084326
got:0.02633516454322112
would:0.011102971977433047
zoom:0.07240357484318416
an:0.010689263554306388
about:0.011726383099069898
head:0.04110547304113908
is:0.0031984836534602844
white:0.040463918402626094
new:0.02052380434385175
sensor:0.070141150999281
adapter:0.059510872810267165
image:0.04406027377301996
condition:0.04521541772005977
