ca:0.03427580993487202
my:0.01583690435550502
to:0.004593997200302769
that:0.01156348751448256
like:0.019410651058477887
nt:0.011901309195373974
me:0.018059811340075744
seattle:0.0811061110016743
re:0.006232341712969509
so:0.017030176623082
prefer:0.06844213508403069
mean:0.044057034280497676
you:0.01852663298029073
modem:0.14211235255116034
m:0.02281357853526787
a:0.004655013752821317
mac:0.1143760711603712
also:0.02472495219465944
cheap:0.24774874789378984
it:0.005714257162332866
buy:0.0501140187540661
baud:0.09040432991207391
be:0.028923062856873568
were:0.025855054957871652
if:0.011169173662723488
looking:0.04323142242344406
but:0.011088053704173505
oh:0.05382860306902456
in:0.0029613283649081745
and:0.003181645120756582
for:0.010844962097069134
subject:0.0004449492815336383
i:0.01590822560378291
mention:0.06291124690461539
preferred:0.08511503256877562
do:0.011971965315108277
when:0.0217945740473956
would:0.046632482305218804
did:0.02739851739071609
wanted:0.05075266649243504
e-mail:0.04582826294420444
2400:0.09277390472508296
