school:0.0686136693546435
out:0.02222975658642377
help:0.040379107925316925
all:0.01800127982351493
with:0.01103447880734995
1992:0.07445182141291116
from:0.03194612280868587
to:0.007801127321268854
us:0.038865592192169736
so:0.019279445233677736
these:0.031257282511300805
curious:0.08087306303436782
1989:0.08926627573895263
went:0.06155587292898271
m:0.05165338536287064
magazine:0.079673576166111
a:0.002634913444993198
how:0.024818169759040082
want:0.035709395617210975
features:0.08161599068030802
it:0.006468970372452301
buy:0.05673285141969747
campus:0.09772945864922578
girl:0.09959909832175844
annual:0.09523226145140173
of:0.003668690293693182
looking:0.048941232932200825
one:0.01855303599576646
1990:0.08058389378006167
and:0.003601862400856508
subject:0.0005037161677739301
i:0.014407449603426032
turned:0.07409242150780372
the:0.0028443509810907657
see:0.03338463700775804
around:0.044664045908559165
is:0.005069294846993659
issue:0.05908226429178968
girls:0.20801385140508308
issues:0.1435935653810904
wanted:0.05745584885936042
high:0.05277969482342493
1991:0.08192155079200576
