since:0.027789189213940017
out:0.016363570820561942
all:0.013250942092309599
thanks:0.027685925623835594
fax:0.042481157498380405
former:0.05542913781592442
mentioned:0.04882171692766441
post:0.03586913617265528
my:0.013197420296254184
that:0.004818119797701067
nt:0.009917757662811645
could:0.020959849379528574
me:0.015049842783396453
lost:0.04867369894885903
ps:0.06257725448360715
this:0.02187426826547579
he:0.022085183437781045
hi:0.04376412027797784
internal:0.05503565855722684
you:0.00771943040845447
am:0.022699116065296742
roger:0.061302149632869334
modem:0.2960674011482507
y:0.05921348022965014
sorry:0.04413078728803645
buyer:0.07810545412979064
mac:0.04765669631682133
are:0.008929324744461465
those:0.025776606309549446
it:0.004761880968610722
stated:0.0539179869846911
his:0.02561707002090634
found:0.037146118128569404
if:0.018615289437872478
please:0.053205982136257074
now:0.022943255526086725
in:0.004935547274846957
use:0.023094160107602055
still:0.028357070586521486
for:0.009037468414224276
subject:0.00037079106794469857
i:0.010605483735855273
the:0.0020937583610807025
original:0.042863444628798326
an:0.01247080748002412
repost:0.0771200133523978
interested:0.11987817564228832
is:0.0074631285247406635
sale:0.04409544658477263
beleive:0.07790269302671907
v.32bis:0.08237607495962342
e-mail:0.07638043824034073
already:0.0403581433513521
s:0.0086171705674447
