tv:0.013247066630250569
simply:0.010694557132459403
effective:0.014118760257358545
cable:0.01509666945240996
bbs:0.014150498782362452
resistance:0.017088368338880323
all:0.003335901505756263
800:0.016782081418188065
small:0.0104501604904406
means:0.009911172099436198
swap:0.037211970807496456
thanks:0.006969883373832738
corner:0.01713796496472632
access:0.011721597440624214
tune:0.04120179499258465
your:0.004405357420214205
with:0.006134552903386861
frequencies:0.021106426268359138
vehicle:0.015387002419577758
wheel:0.01699123699584859
work:0.007080672951015048
125:0.03974977146266686
sell:0.060840424807352585
my:0.0033224274871688857
to:0.0033732147274950406
scanner:0.058389170805996274
antenna:0.039534585038423824
band:0.017424083909648117
then:0.011160002445984637
mhz:0.049564055140953966
misc:0.02010054489615011
that:0.008490672650494187
realized:0.018314441316548746
higher:0.025957160231034213
along:0.01221664829070362
could:0.0052766054382029975
pack:0.01801312070032129
charges:0.017676953355730725
this:0.00917801465684299
30:0.011968900260048569
reply:0.012556631186556448
big:0.009705526412124327
on:0.005318274390621922
set:0.00926368735708364
you:0.005830059329462118
used:0.006903718560618411
purchased:0.033474507672536534
them:0.010250763437288398
brand:0.0315074288309071
bands:0.06102533613761416
a:0.000976576311780696
other:0.009645510404418956
running:0.03175657775293743
following:0.009571028926712452
capable:0.015341885619452208
fine:0.01132572230042154
cb:0.06379615685483361
27:0.015448078269369336
model:0.012793536753788635
desired:0.019094663523941086
it:0.0047951808355240835
not:0.004216153906125629
have:0.007150358225841299
made:0.008131397034678326
boards:0.049073228272001945
only:0.009325428239645361
area:0.011218416240067646
second:0.009614320897385547
after:0.006745502404422906
atlanta:0.016737253836268267
36:0.05494332394964624
channel:0.08471832392931675
has:0.0037229876709319967
public:0.010362743349862216
screen:0.013071004091279887
device:0.014035506240946943
uses:0.011940542412015514
be:0.004045183616345953
stick:0.014777375191798817
battery:0.016479726180412445
if:0.0023431832858860466
of:0.004079173123756755
shipping:0.014347228987209089
please:0.013394512985351431
75:0.016318009335479732
up:0.004697413882350995
box:0.033236423189230146
in:0.0006212576989317849
pictures:0.01625924318752036
installed:0.014004790053689136
or:0.00943092947836483
use:0.005813914432683035
and:0.003337389986807604
vcr:0.06355500806226684
for:0.011375834367555035
subject:9.33460031189451e-05
however:0.008381464699989207
i:0.0046723459815306454
period:0.013255284033554601
similar:0.02213117683822868
any:0.0035779275045063194
information:0.008527347148544633
allow:0.01225970164816291
will:0.039626061010604355
than:0.010004204770765463
cost:0.04644765880211022
2000:0.01512464162956757
the:0.0034261500454047865
when:0.004572288261691385
alternate:0.02066879290138709
original:0.04316318899683188
difficulty:0.018530788881996607
can:0.006045916031032961
because:0.012340715376884713
extra:0.013582782201018362
return:0.012903383593765486
gateway:0.01687349848148989
increase:0.014701908157997507
last:0.007622945986222021
7:0.01115919066059897
an:0.0031395039809850936
lower:0.013884554591068592
press:0.012543183079607225
is:0.0056364886760279145
weight:0.031083480426596363
picture:0.042907633884916786
steel:0.018605985403748228
itself:0.011758936505574755
assuming:0.013874719131709798
new:0.012055941013171657
items:0.04860434527635957
65:0.01711307871378624
jimmy:0.01856818499778943
2:0.0068126208115224084
sale:0.011100951587774929
run:0.009359560938417465
hernandez:0.06455476519308144
1:0.00684798563610038
cellular:0.01834958235100155
remote:0.01575371441545355
models:0.015605605066365642
black:0.024682184309398166
included:0.013086648428325066
main:0.013001458082611286
share:0.01426940216692607
