k:0.01923178201142976
take:0.010790604722516261
method:0.02025836509008405
beautiful:0.026058731985830953
january:0.02638938834202873
miss:0.024496551094954865
o:0.07108586769136814
1992:0.02003018545626544
from:0.017189284353912194
wood:0.025579083034455715
longer:0.017229497504437436
my:0.004823422646346707
hamilton:0.02798155869154671
to:0.001399186964559219
1987:0.025835077215302885
job:0.01762176931618871
w:0.03141462796984115
1988:0.023198481441407542
h:0.017934934641088914
walter:0.028472050243267884
t:0.013077528197971786
100:0.017149807608279548
december:0.05158300982460179
make:0.008934418697206617
that:0.0017609371849465828
williams:0.02706721267007199
r:0.01573715617629
grand:0.02545576987420676
me:0.0055004501543377896
so:0.005186855824288934
july:0.0499809083928214
89:0.02401580007190096
la:0.04424673572619673
he:0.008071742170153478
best:0.024722599796562782
big:0.01409025661861704
on:0.0025736488590826895
you:0.0028213146670493495
october:0.05494704166170272
1989:0.02401580007190096
magazines:0.026956857407958255
them:0.007440909500163659
february:0.05220934047440219
m:0.006948298031046051
a:0.002126656029207708
j:0.015503191165121128
88:0.05083064462507162
price:0.015889056862152095
40:0.01941374207119187
usa:0.01850061769557728
ns1.cc.lehigh.edu:0.027354076681561038
also:0.007530442292789677
washington:0.019488392565555804
anthony:0.027295392303890605
stars:0.025295878163245487
march:0.021998538405548506
no:0.005714445361332537
pa:0.052585393993999655
wild:0.023985312640123234
it:0.0017403828920810758
not:0.0030604568963246946
sex:0.13174560932151244
made:0.011804972344761428
university:0.011930660414206363
left:0.014844696362947012
west:0.020700047206782684
edition:0.049474995968985094
presents:0.029266817048808694
walk:0.02330369022575839
public:0.015044388822642606
his:0.00936258396703176
which:0.006557829099073694
twins:0.030872590288464313
g:0.01794417239092133
kill:0.018754477698494344
tall:0.02869769370809445
september:0.027595843427699388
of:0.005922048291342294
looking:0.01316693068734337
year:0.01256223713812006
beyer:0.027849703430616452
york:0.019102371611296663
women:0.05755302325634657
shipping:0.041657944064383744
jackson:0.05307593792568298
accept:0.018132548074430117
chance:0.018249022984835554
in:0.004509637103921078
1990:0.02167993081392522
st:0.019475874329539594
world:0.012798226846358765
for:0.0033030341412393295
subject:0.00013551754767521977
offer:0.07137388058460584
i:0.0019380579415776134
offering:0.028256011591395826
license:0.023747788977652378
special:0.01774472686733514
we:0.0068413396229135524
20:0.015963615981754414
review:0.02193725626730348
will:0.005752819009661341
the:0.003060925928889555
got:0.011229207216398852
conference:0.022123367863098365
collection:0.04885951757490962
may:0.009446830088527059
wants:0.017870736865958116
last:0.011066814985073592
stone:0.025256679959723093
an:0.004557858571379374
tour:0.03099203443775464
long:0.012082798198520735
e:0.01579131825408034
current:0.01605200874990263
n:0.018583835004083255
entire:0.018931056967963458
general:0.01496665158927691
is:0.0027276408821387196
87:0.026848850309241074
stein:0.0298112106039031
issue:0.015895228464288595
right:0.009847074080153805
lee:0.021660666494287897
does:0.006185222407804696
girls:0.11192623476618684
wall:0.022774183390096552
e-mail:0.0139578465819912
november:0.13618689309753365
side:0.0163470257795492
john:0.013611565480110891
include:0.017063569914947216
s:0.012597690981848087
august:0.05075038899555778
1991:0.022039808081097997
