out:0.05122509126436782
all:0.04148121002809962
been:0.06379306031397562
make:0.07652523840650885
docs:0.2385387641665844
lost:0.1523698401877326
straight:0.1737678968462308
have:0.022228287528158818
of:0.016907877005716405
but:0.028925357489148273
shipping:0.1784046734931217
box:0.13776256568289597
for:0.014145602735307565
subject:0.0011607372561747086
offer:0.15283320081703644
em:0.2067610464038543
the:0.0032771869999524044
jerry:0.21218503357657065
new:0.07495650282102377
2:0.0847134587867569
sale:0.13803791974363605
hp:0.18807163069810107
