tv:0.14296834174534576
cable:0.08146504647904243
desire:0.09168856190212635
marc:0.0904385734956886
sell:0.06566174149019939
to:0.005200751547512569
require:0.07319851054533183
make:0.03320906572357931
television:0.09864112991848628
prefer:0.07748166235928002
input:0.08051228866744747
m:0.02582669268143532
a:0.007904740334979595
want:0.035709395617210975
it:0.006468970372452301
not:0.011375660539169148
tube:0.10060831879253174
color:0.2091301192417011
get:0.024799508967757025
lcd:0.11565147803427783
what:0.01736683213201191
seems:0.044462020554359966
email:0.05177167281071586
in:0.003352447205556424
or:0.012722857692511044
and:0.007203724801713016
vcr:0.11431907110571267
for:0.006138657790793848
subject:0.0005037161677739301
offer:0.06632384186399694
i:0.014407449603426032
paid:0.07803754976928598
portable:0.09652287893978664
the:0.0028443509810907657
would:0.01759716313404483
an:0.016941474312485598
people:0.028401380001379574
many:0.03496605712411497
wanted:0.05745584885936042
first:0.03542556281869889
position:0.06495930107947569
by:0.018687461789003133
