much:0.09706649275332951
4:0.13801497245437105
256k:0.6658836445345527
me:0.06019937113358581
you:0.06175544326763576
tell:0.13389028075680293
how:0.07307572206828468
want:0.10514433153956564
have:0.028402811841536268
if:0.037230578875744956
please:0.10641196427251415
subject:0.0014831642717787943
cnsvax.uwec.edu:0.3232082617658824
any:0.0568492925716004
wanted:0.3383511099495669
