since:0.018699267508445618
know:0.023063086460902837
all:0.008916521781741038
knows:0.03265384496393677
with:0.0054656764185939
4:0.04643494400333979
work:0.01892591087841405
to:0.002576073196431459
interrupt:0.05488606064456925
design:0.03516978698528451
clock:0.04009477399625622
make:0.016449350311679472
really:0.018237343394307718
nt:0.013347262649017541
mainly:0.04497815402923923
dynamic:0.10303489835952713
me:0.010126997013126585
complete:0.03460949392798857
so:0.009549631751260935
anyone:0.01563471728636814
this:0.0196255117148194
bus:0.037822828521080945
student:0.03759829413241749
these:0.015482579187840585
used:0.018452929984456686
timer:0.054371483287718535
8:0.027593376470783793
3:0.021882859295678687
includes:0.03521265767693784
a:0.002610288085694196
controller:0.11809033515980374
following:0.025582376383549172
ram:0.07270760875202333
driver:0.03439051961202235
stuff:0.02732165002498712
ee:0.11123888045626927
are:0.012017035170116364
those:0.017345006114837008
manual:0.03672520931666133
it:0.0032042563527100183
not:0.005634672977345466
have:0.00955608622705893
probably:0.022310502009618767
whether:0.0267052204194563
which:0.012073760116986146
of:0.0018172017342592396
uv:0.05960153738057295
interface:0.039464481652372735
kit:0.09646671355881893
what:0.017204525289656658
generator:0.05357221063876375
intel:0.047248679062981185
please:0.017901078101918266
they:0.017437749990798945
who:0.012084606301250918
box:0.029612514118753337
in:0.001660557961630752
processors:0.10745338019250339
5:0.024288531653436286
or:0.00630197624021575
use:0.015539995586423813
and:0.005352300203141914
still:0.019081393291864927
for:0.0030406435786175137
subject:0.0002495042700188626
offer:0.03285199643730689
i:0.005352300203141914
6:0.027461211519244806
power:0.025250983926827494
the:0.0007044420654103298
do:0.013426503157130778
64k:0.05620989725263493
7:0.029827369429264537
an:0.008391571388427445
interested:0.0268885627608871
is:0.005021918259638577
chips:0.03881066306726142
9:0.033278819211448846
2:0.01820943506631223
belong:0.04587501373262001
1:0.018303961606772976
x:0.02845943915463647
