at:0.0587310008302954
with:0.038988491785969824
asking:0.23902885430922627
size:0.48011695160878237
a:0.009310027505642634
utah:0.3866699423124322
forsale:0.3434501680194593
of:0.012962705704382576
for:0.021689924194138267
subject:0.0017797971261345532
paid:0.2757326758514771
9:0.4747778207500035
lots:0.24324633409442406
