mb:0.3260704102350368
85:0.17715351714052363
height:0.19163441385867236
shape:0.17028309240311448
ide:0.16178194369568735
internal:0.14152026486144045
western:0.1460902772748357
great:0.09004466745473845
closest:0.20137170654035952
hard:0.1931595287553935
old:0.09456832436936871
3.5:0.17141697448577808
drive:0.20170026777185632
160:0.20714461195308867
1.5:0.19043717485729222
digital:0.29495482835797593
years:0.07963483653501405
or:0.024082552060824474
for:0.011619602246859784
subject:0.0009534627461435106
half:0.13505869584260768
offer:0.1255415578139942
sale:0.11338829121798677
mike:0.11412185817706083
