thanks:0.0569539041404618
reduction:0.1598458617277621
to:0.003937711885973802
inputs:0.16240620911889603
make:0.05028801380999153
me:0.03095967658298699
michael:0.08584843433353398
you:0.015879971125963482
includes:0.1076501248980671
a:0.003990011788132557
are:0.01836889661717787
it:0.009795869421142056
have:0.014607160375647224
uses:0.0975712894238982
if:0.01914715485038312
excellent:0.11128758323829677
please:0.05472615305443585
in:0.005076562911271156
and:0.01090849755687971
for:0.018591363594975655
subject:0.0007627701969148084
offer:0.10043324625119537
i:0.005454248778439855
6:0.08395284664454841
noise:0.13086886324617564
normal:0.1077817907005298
an:0.025654232530335334
interested:0.08220217758328342
is:0.007676360768304683
sale:0.18142126594877883
condition:0.10851700252814346
respond:0.11554307851601447
