85:0.11535577860313166
shape:0.11088201365784199
format:0.09348963969855847
bay:0.11147079989003479
140:0.13369199628602166
best:0.11326400371913647
bell:0.10379541974373427
internal:0.09215273060744959
great:0.05863373694727155
controller:0.09795089815580621
ram:0.09046179228449415
3.5:0.33486106643733393
drive:0.19700956387018526
scsi:0.0983714487472782
forsale:0.11980819814632301
floppies:0.13078122551964944
of:0.004521874082924155
286:0.2570052227434754
5.25:0.13219110044561305
expansion:0.10750568784750483
shipping:0.09542575558934417
floppy:0.1024423510139032
5:0.06043890434692286
external:0.09986103064246077
or:0.031363323614096994
and:0.004439504819660347
subject:0.0006208594626050766
offer:0.1634959822693878
1mb:0.13793203249053224
cnsvax.uwec.edu:0.13529648166943914
slots:0.12881477463527588
including:0.14790547472233628
2:0.04531185004873044
1:0.04554706725406299
