from:0.12093889349002508
ide:0.6471277747827494
hard:0.386319057510787
drive:0.40340053554371264
meg:0.6651020852400397
seagate:0.8212508343284188
130:0.7698218723239321
