know:0.014688989591170258
with:0.006962230676066039
shape:0.056761030801038156
o:0.04167832123571287
sell:0.04142943213072104
to:0.0049221398574672524
garage:0.065467797388897
r:0.03690737817534678
asking:0.0426837239837904
this:0.006249790932993083
mean:0.03146931020035548
reply:0.042752339516132665
you:0.013233309271636235
am:0.01945638519882578
brand:0.0536376467002347
a:0.004987514735165697
running:0.03604119538627026
coming:0.04138845184273327
l:0.03934476879468289
are:0.015307413847648227
no:0.013401734954553688
crap:0.057851116438246385
it:0.008163224517618379
not:0.014355000204189639
color:0.04398371555480221
manuals:0.05818182553475919
willing:0.04257023635690084
if:0.007977981187659635
of:0.0023147688757826027
kept:0.04754494788778778
what:0.010957644083293227
parts:0.043436845374004295
please:0.022802563772681604
miles:0.04778755696322411
good:0.03857166312760712
george:0.04740850213160913
in:0.006345703639088945
or:0.008027517353608158
1500:0.06677373688004491
message:0.03865857010190144
and:0.004545207315366545
subject:0.0003178209153811702
76:0.06347905828576407
car:0.14564968285158997
i:0.0022726036576832726
top:0.040257526501991846
any:0.012181991265342943
the:0.003589300047566919
original:0.03674009539611285
strong:0.042983956975839406
e:0.03703440114349794
interested:0.06850181465273618
is:0.009595450960380853
convertible:0.07326453510008447
new:0.02052380434385175
strip:0.06387813795289078
plastic:0.06058940727874605
very:0.0415057736138916
condition:0.04521541772005977
black:0.04201848043147545
plenty:0.055491867288439856
s:0.007386146200666885
