thanks:0.05537185124767119
to:0.0038283310002523076
make:0.04889112453749177
memory:0.18786845700929528
me:0.030099685566792905
michael:0.08346375560204691
you:0.01543886081690894
machine:0.18071107524024146
includes:0.10465984365089857
song:0.16588609421147615
are:0.01785864948892293
digital:0.1147046554725462
49:0.27642033067030275
it:0.009523761937221443
have:0.014201405920768134
if:0.018615289437872478
pattern:0.1446769837303166
please:0.053205982136257074
sounds:0.09896401565446772
and:0.005302741867927637
for:0.018074936828448553
subject:0.0007415821358893971
offer:0.09764343385532882
i:0.005302741867927637
pads:0.16588609421147615
an:0.04988322992009648
interested:0.07991878376152554
sale:0.17638178633909052
respond:0.11233354855723629
99:0.147814217374222
