reference:0.036946862010082716
at:0.008722425865885456
all:0.009446216145012783
startup:0.053586966373046725
pass:0.040190843764270255
dos:0.06989212586621658
consideration:0.04965135312097754
your:0.012474576457240224
with:0.011580740134446483
c:0.025604927677514454
h:0.03498200123063878
software:0.11151627281113888
that:0.0034346992617274932
motif:0.046548879663548245
memory:0.0334815071897754
higher:0.036751226861761306
along:0.03459367733803203
me:0.0107286007960846
complete:0.07333100693653026
so:0.010116936607771486
this:0.01039569184893899
tools:0.04405418669473932
best:0.024110654257043902
on:0.010039778717609702
set:0.026231827565603178
you:0.005502960291175464
machine:0.032205934201231155
etc:0.022993306806517184
os:0.047023269323903674
a:0.0055307094092926536
same:0.019228647034936756
ps/2:0.06144073507717473
compiler:0.05539213030169974
mind:0.029996592109011257
are:0.00636545922377451
meg:0.04609618412554731
requires:0.03974410678129531
it:0.003394608215247247
has:0.010542321523629218
manuals:0.145166534997617
floppies:0.0556791356172765
fill:0.04784618919232452
of:0.0038503086250641317
shipping:0.04062680683506732
windows:0.027200071103202987
please:0.018964508484210444
box:0.03137167337333274
email:0.027167313455128128
in:0.001759204969252381
or:0.006676351066367181
message:0.032151682064947736
and:0.011340517262102669
for:0.006442551740833149
subject:0.0002643263058615673
space:0.0302724035397337
offer:0.06960720037211561
i:0.0018900862103504448
386:0.04672412300116608
will:0.01122084499904242
the:0.0014925802178001049
can:0.00856005933106647
friend:0.03438811306626541
repost:0.05497664318190735
1.2:0.05301449537414746
including:0.03148482877752703
interested:0.02848590312292
is:0.0026601250187194446
new:0.017069302622609375
disk:0.03466315825544437
keep:0.026231827565603178
extensions:0.05725403358390707
sale:0.03143437776340227
919:0.11106918609750047
mine:0.03232909945346521
processor:0.04838884499920567
include:0.03328240864598615
s:0.012285866947643928
