large:0.040459920539021296
grass:0.08660963781129577
cut:0.09894636475147031
into:0.024200052743005223
such:0.02598671896578106
nights:0.07619469977202793
work:0.02736584410797708
to:0.0037248625948400837
day:0.034368959942741514
that:0.004687900343709146
perfect:0.054730902623471474
seat:0.0670310605396576
26:0.059410311227766535
am:0.022085626441910346
a:0.005661503212890791
was:0.011965691001370076
old:0.03578260922084222
following:0.03699073341945624
rear:0.06401560714351963
ride:0.11412701450821305
features:0.058454696027788175
month:0.05370004715388187
not:0.0162948650966477
due:0.04479922276889842
area:0.043357662765666855
has:0.01438884424171015
electric:0.07064837683351045
battery:0.06369191469726973
inch:0.07105585032230353
of:0.00262757548061809
gives:0.09828444529178663
shop:0.06566883487584725
year:0.06688542476242303
double:0.059704734932967976
up:0.01815486986962682
one:0.013287985240211115
in:0.0048021541052565
moving:0.05731056191407206
tires:0.07105585032230353
and:0.007739136780218714
for:0.004396606255568568
subject:0.000360769687729977
house:0.046457728979597185
the:0.0030557554459015664
riding:0.12203308739814736
start:0.038075163349763685
last:0.029461656108912136
is:0.003630711174198161
done:0.0357927506948743
new:0.04659458283469046
engine:0.11029862215515829
does:0.016466065058615205
sale:0.042903677758157156
nice:0.08539836369607455
condition:0.05132560930385164
past:0.04464208712031573
by:0.013384263173204947
