out:0.016139412316170682
checks:0.07703551640198529
all:0.013069422337620427
send:0.04018283727227702
to:0.0037758881098378925
hudson:0.07663842685577635
connected:0.06225730186264378
software:0.038572409431250086
mail:0.04197692472377885
me:0.014843680553486912
re:0.010244945281593712
contact:0.047672223273706404
these:0.045387286934217605
on:0.006945326373140957
you:0.007613684786420847
used:0.02704744531968309
inc:0.05015089720280002
working:0.04340464398228229
3:0.03207487595393999
a:0.0019130193504745137
uunet:0.051739620718045
as:0.010960467948178334
scsi:0.057944825974424144
plus:0.04898492950657083
are:0.026421015682242144
dick:0.13828246183354223
508:0.1584289696431401
drives:0.16631682130502717
only:0.018267619702318993
2600:0.0960258501159564
has:0.01458595169707604
without:0.030783705271267052
get:0.018005122949193455
if:0.009180142736485057
vms:0.0804494313557385
shipping:0.056209691648517794
please:0.026238566532948693
find:0.02899242106401904
in:0.0024339685191026093
system:0.030619483962226367
and:0.007845152352550476
for:0.008913667477043122
subject:0.000365711738246826
tape:0.17052198344047945
info:0.040347883005375305
cox:0.08779607120597105
currently:0.04930045892955201
units:0.06656840795633831
compression:0.06666255698767751
repost:0.07606357481332386
about:0.013493372333176322
interested:0.03941200295088931
is:0.0036804469437077244
sale:0.17396559748513038
sold:0.05625380965810741
condition:0.05202869984226056
