tv:0.10524058489587951
school:0.05050728438605701
sells:0.06976137273494439
at:0.012235625172978208
technology:0.046773162303013094
all:0.013250942092309599
small:0.04151035972591682
much:0.02426662318833238
to:0.0019141655001261538
t:0.03578157020833947
100:0.04692377915043155
enough:0.033779840651908276
been:0.020378338711408876
that:0.004818119797701067
asking:0.049797677981088806
so:0.014191813852568333
jb:0.09042910961591429
bell:0.061988931235841295
you:0.00771943040845447
used:0.027423104282456465
am:0.045398232130593484
great:0.035017370676842734
3:0.03252036034218916
why:0.024718369168805644
anywhere:0.058699018122978626
it:0.03333316678027505
not:0.008373750119110623
60:0.1696524699746257
atlanta:0.06648409162739895
selling:0.05791357132429917
has:0.01478853435953543
inch:0.0730296239423675
of:0.005401127376826073
electrical:0.06579381845306183
georgia:0.06675205277926949
institute:0.05406191458240703
excellent:0.054098130740838704
please:0.026602991068128537
ga:0.07656065364214863
in:0.0024677736374234785
2.5:0.06758842583472859
gets:0.04635161586656673
for:0.004518734207112138
subject:0.00037079106794469857
i:0.005302741867927637
around:0.03287770046046716
can:0.012007861006079352
sony:0.14113684632564658
is:0.0074631285247406635
new:0.02394443840116037
carry:0.05406191458240703
x6:0.10108543118138189
engineering:0.053704854072543044
e-mail:0.07638043824034073
condition:0.05275132067340307
thus:0.04626882045661535
john:0.037242755549747854
