at:0.009680934202795947
out:0.012947001088796263
there:0.020170966715981262
help:0.023517502418041725
into:0.019679163769037215
someone:0.024213825435857362
post:0.028379975872870118
to:0.0045435137145851566
that:0.003812138741038207
me:0.01190756791653346
so:0.01122868788335077
paying:0.051536360527728066
you:0.006107681202293647
am:0.07183896073412596
etc:0.07656013145466711
size:0.039570078429295254
particularly:0.04414395928725915
old:0.02909794595980576
related:0.04235317566627659
40:0.04202755151675603
also:0.03260433256438608
model:0.04020825836905
hey:0.04235317566627659
catch:0.05325151789842767
have:0.0056181386060181636
only:0.014654244376585569
buy:0.033042210167516115
willing:0.039295602790985394
be:0.006356717111400784
of:0.002136709731491634
cheers:0.04784794149850931
looking:0.02850423456490818
good:0.017802306058895597
depending:0.049458968687431014
one:0.021611228742321374
in:0.0078100967865710105
and:0.004195575983415274
subject:0.00029337315265954173
i:0.014684515941953457
pay:0.03662463804393278
20:0.0345585972352266
any:0.033734745042488155
zealand:0.05987528843789664
will:0.012453904889047082
cost:0.03649458905880089
the:0.0033132000439079256
original:0.03391393421179648
older:0.04855110313230363
around:0.026013125639050942
can:0.009500725191623224
collection:0.05288640089152306
eg:0.11111227823602171
five:0.04363717157192986
interested:0.0632324442948334
is:0.002952446449347955
new:0.018945050163555462
items:0.05091883790856717
wanted:0.03346329658841871
models:0.04904618735143488
condition:0.04173730866467056
live:0.03402954147195229
upon:0.03811072068893337
happy:0.04173730866467056
buying:0.04407931785975293
