take:0.04621193761599355
adrian:0.1415412150509963
response:0.0763390989701596
sell:0.07565374563001234
to:0.011984340522528964
t:0.05600593597827048
100:0.07344591519197981
wanting:0.12012200628227657
this:0.0114126617037265
two:0.040538900709854594
brand:0.09794700701781989
a:0.006071757068897369
mac:0.07459308988719861
have:0.011114143764079409
350:0.1204138110721057
virginia.edu:0.10448147391537833
network:0.159716942175199
they:0.04056172280468451
up:0.02920566022505184
email:0.05964997084712915
in:0.003862602215097619
for:0.014145602735307565
subject:0.0005803686280873543
each:0.11069606075480935
i:0.00414997189663902
will:0.02463707271528879
when:0.028427705279211648
is:0.005840709280231824
guaranteed:0.11179608775496992
new:0.037478251410511886
printer:0.09447678646147459
sale:0.06901895987181803
hook:0.11179608775496992
useful:0.08335406993648778
convert:0.09301260859126824
todd:0.11064152633510149
gibson:0.25964779963535395
