this:0.06562280479642738
a:0.017456301573079938
test:0.8939749634949177
susan:1.5448846890978467
subject:0.003337119611502287
is:0.03358407836133299
