another:0.0238441433375116
all:0.020517587755834222
valuable:0.055900102186878076
your:0.01354765830302433
with:0.006288466417091907
from:0.009102927466991135
post:0.027769653811087962
sell:0.03742013224710288
to:0.005927738322971316
born:0.04621422535528464
basic:0.04107153558666667
make:0.018925596595158106
nt:0.007678263997015469
me:0.023302982374291285
package:0.041798527237163464
prince:0.05885647903283884
so:0.021974421449138068
mean:0.02842389308419205
on:0.005451707798271935
you:0.005976333219448623
am:0.05272052763552792
them:0.015761926575615495
vhs:0.1328933065890621
idea:0.02981049779850276
deals:0.057943581787822857
waste:0.04600623650750903
college:0.04429586344697476
prices:0.04690818794816175
are:0.013826051217230658
no:0.012104792862177527
those:0.03991216460833463
have:0.010994636841885008
made:0.02500623174105378
be:0.006220013517607219
get:0.014133053497754004
of:0.00836303593831134
trying:0.02899277659213329
what:0.009897226913942271
shipping:0.044121585917653756
must:0.024918929327736532
who:0.01390379434660052
in:0.001910534428973016
moving:0.09120390498153404
douglas:0.09699745396248739
weeks:0.03914585898207646
message:0.03491741815655615
and:0.0020526742714558595
for:0.0034983748700223014
offer:0.037797458266578904
welcome:0.04498514179313346
forth:0.053094899183683916
i:0.010263371357279297
6:0.03159515733934618
the:0.003241948430060443
do:0.007723848590392437
because:0.03795101718052719
movies:0.12157947656977651
an:0.009654818694212223
here:0.019359149522832218
people:0.016185732688958253
including:0.034193201145486345
deal:0.035444247223231286
time:0.016983978171007674
dance:0.0644403526968922
sold:0.044156216183245604
very:0.01874454292240266
before:0.022862303948630588
