simply:0.046696844883715866
go:0.014850627876291047
there:0.007005946454787385
take:0.016227092597982468
with:0.00892866224106179
1992:0.030121729273925892
post:0.019714334384970843
sell:0.026565437396798227
nov:0.043272619333018285
to:0.002104120855100505
format:0.06137487797004602
that:0.0026481269117135634
think:0.02198088591646649
r:0.023665799746023893
really:0.029792301422762225
perfect:0.030916693085014418
re:0.0028545076547951947
scott:0.029176160711232874
consumer:0.0835672145046414
this:0.008014999059105634
30:0.026130576140258703
best:0.037178260762769984
something:0.0151958879172788
on:0.003870296375872442
you:0.012728221131497446
market:0.029853856603610857
m:0.010448967268061618
vhs:0.04717205157550677
more:0.009705488746723098
magazine:0.032234347609189945
a:0.00533016841926105
want:0.01444731273062734
as:0.006107741681045942
copy:0.026081007214223986
also:0.0113244055853402
manufacturers:0.03852908287728467
video:0.05336963653229042
cheap:0.05673635447949386
l:0.02522870670804094
march:0.033081771495366834
it:0.002617217020915816
not:0.004602366477679121
have:0.0039026764362416247
copies:0.03446736056283551
buy:0.022952985688885236
after:0.014726822043243902
robert:0.024392458236318346
selling:0.03183035981182855
quality:0.029344762141788928
feel:0.023254020490428837
greg:0.06685906255718202
writes:0.005047804511584445
were:0.011842009904368695
if:0.005115652059262666
of:0.0029685585582555516
even:0.01281801105164905
available:0.020618807845910154
but:0.005078497879774124
version:0.0238203863180579
sense:0.025086427834831986
ed:0.03029137153945803
they:0.0142430477024083
bob:0.02812217567961145
in:0.002712667204496038
point:0.01680561802488596
u.s:0.02692933130533357
and:0.005828968160164731
for:0.004967158212398076
subject:0.00020379356406120838
i:0.0029144840800823654
ago:0.02184095973560797
the:0.0034523038625452807
do:0.005483342892416004
studying:0.04363332837767894
when:0.009982247655295694
start:0.02150810754108788
page:0.032097295673185394
beta:0.08337517202820077
may:0.014206301736181915
movies:0.04315607374423364
7:0.024362813197948897
just:0.01792959638879215
makes:0.02132044184925171
long:0.018170314848157135
about:0.007519207483373065
is:0.002050936083134839
electronics:0.03443039396378369
does:0.009301441330820802
food:0.03217923121244577
sale:0.024235665298500988
1993:0.023127143534428525
too:0.014904716548583942
article:0.0061857471779893205
little:0.017903348869453925
full:0.02358520980094086
going:0.016624547206486127
movie:0.03872073113019365
s:0.004736154815694796
