configuration:0.04088994805773133
fast:0.030015499353000324
true:0.022269662001360747
your:0.021722969347952804
with:0.025208076585756353
from:0.007298036676122203
both:0.019359517950933085
my:0.008191502252847425
mc:0.048868216660563756
software:0.024274016280010833
that:0.0029905571158144553
me:0.01868256345525077
phone:0.025321957984565248
this:0.004525710675615681
bus:0.034888298722031565
on:0.0043707657348214645
performance:0.032681131324108756
great:0.021734919730454112
card:0.05277428183645244
m:0.03540038048576048
a:0.0036116486013268835
hard:0.02331235691875439
controller:0.07261876932240804
ram:0.033533250588217656
drive:0.024343135765568867
scsi:0.109395835244818
250:0.039397421068597296
scsi-2:0.05372571111962766
works:0.025647637875437414
it:0.008866950769137205
only:0.011496002054045574
machines:0.03401678047314045
hope:0.02490053049689694
225:0.05130413883112419
selling:0.07189270923016448
device:0.0692095652570832
get:0.01133081013182002
of:0.0016762119445322297
3.1:0.033806223990320836
shipping:0.03537334043398103
easy:0.028566220381541444
please:0.016512201352631508
email:0.023654298784206385
or:0.005813029807785218
speedy:0.05095926525686816
and:0.008228392553680816
for:0.008414194730484673
subject:0.000230146180103606
offer:0.030303134644757222
i:0.013165428085889306
we:0.011618481945810086
rate:0.03348858370251079
directly:0.031314657978417065
pay:0.02873139708618865
the:0.0025991483103070794
benefit:0.03905081399551074
around:0.020406848561669272
can:0.007453155107221667
bought:0.03157830817990052
an:0.00774050119449773
adaptec:0.10526604800409765
relatively:0.03843625292872366
about:0.008491518795878204
including:0.0274135147114675
is:0.0023161433352643437
either:0.02158243713028757
win:0.029219615548520185
new:0.02972413042902667
sale:0.027369587535376116
goes:0.02778471720681618
slow:0.03540110435380897
transfer:0.03917916410321548
very:0.015027952515374546
give:0.020372726477206955
respond:0.0348621357591423
data:0.025296082958670797
mine:0.028148612455172296
s:0.01604576588420737
