laser:0.08169096633186214
from:0.01410953757383626
to:0.006890995800454155
that:0.00578174375724128
suppose:0.06423564976051949
reply:0.05985327532258574
set:0.044156909735432015
used:0.03290772513894776
a:0.006982520629231975
bigger:0.0776886142038158
was:0.014757685568356426
it:0.028571285811664328
not:0.010048500142932747
have:0.017041687104921762
350:0.09231725515528105
expect:0.057603684719306464
be:0.009641020952291189
pg:0.10432635773441538
if:0.011169173662723488
but:0.011088053704173505
never:0.03673232051436434
min:0.09447855221042326
shipping:0.06838845817236332
up:0.022391006172539744
email:0.045731644316132344
or:0.011238524295051422
use:0.02771299212912247
message:0.054121998142662026
for:0.005422481048534567
subject:0.0004449492815336383
i:0.01590822560378291
any:0.01705478777148012
will:0.01888842241505474
than:0.023843354703657685
wrong:0.044057034280497676
when:0.0217945740473956
because:0.029412038314908566
did:0.02739851739071609
company:0.05610213399385583
printer:0.2897288118151887
sale:0.10582907180345431
16:0.11623309139417139
