used:0.15188180833360504
1200:0.4314610690710595
get:0.10110569040700941
eh:0.38332984601225856
must:0.17826618672919212
rather:0.19796028099329718
subject:0.002053612068616792
than:0.11004625247842009
em:0.3658080051760499
simple:0.2537837351504801
jerry:0.37540429017393273
new:0.13261535114488823
wanted:0.23424307611893097
