marc:0.45219286747844306
know:0.023280662748269846
all:0.01800127982351493
with:0.01103447880734995
to:0.0026003757737562846
cash:0.09586653712685428
me:0.020445069441595184
uk:0.16308073527014286
game:0.0560756435454809
on:0.009566204249797922
you:0.020973546770140447
m:0.02582669268143532
a:0.002634913444993198
want:0.035709395617210975
let:0.043493164957600465
it:0.012937940744904602
have:0.009646237983917979
only:0.050322122198841
after:0.03640025825782927
get:0.024799508967757025
if:0.012644347542705835
of:0.003668690293693182
cheers:0.08215401276159144
net:0.06254985820563175
title:0.07926779870911169
one:0.01855303599576646
email:0.05177167281071586
system:0.08434801242424622
or:0.012722857692511044
and:0.007203724801713016
subject:0.0005037161677739301
offer:0.06632384186399694
i:0.007203724801713016
games:0.06282774135110802
possible:0.04862210609367136
the:0.0014221754905453829
can:0.03262513179010239
rid:0.08711988167561946
hear:0.06252229366526052
wanted:0.05745584885936042
says:0.04832125932882204
