tables:0.2624538222935093
all:0.027654140018733078
coffee:0.16521639640955074
thanks:0.028889661520524103
your:0.01825988727798931
apartment:0.0859576434361288
wood:0.07303013562011271
turn:0.0495866396335437
feet:0.12730614344798064
approximately:0.07506755519433285
need:0.027843507123148353
bell:0.06468410215913875
two:0.02702593380656973
compuserve.com:0.08027587404807048
glass:0.1582919932709319
are:0.01863511251018045
no:0.016315155596847968
internet:0.04139904265383487
pa:0.07506755519433285
ft:0.16386799015926398
have:0.00740942917605294
end:0.07838357688624664
reading:0.04762785574439117
clear:0.047793489017197294
in:0.0025750681433984127
2.5:0.14105410608986835
or:0.009772629821783846
and:0.00829994379327804
for:0.014145602735307565
subject:0.00038691241872490284
we:0.019532520372666232
house:0.04982423107956799
the:0.0032771869999524044
five:0.057550472652835034
ma:0.05813359311938429
is:0.003893806186821216
length:0.06699629822380736
sides:0.06601207785255794
2:0.05647563919117127
sale:0.04601263991454536
1:0.05676880846158575
x:0.04413275347168264
first:0.0272109395563919
nice:0.045793325460213884
art:0.3342023033091628
wide:0.062345461700907344
takes:0.05182463556492276
