all:0.024780982614189383
anyway:0.03959108859278616
4:0.032263240314008824
sell:0.04519574414260478
to:0.0035797380781580025
make:0.045716376190901395
michael:0.03902201560615181
prefer:0.05333153383171222
bitnet:0.06337994509430034
best:0.03162566337612252
two:0.024218044579913136
these:0.021514752897388866
you:0.0072181686936197646
brand:0.05851379640025604
state:0.034515758271956055
a:0.0018136417218784352
same:0.02522199156530666
want:0.02457919438587249
are:0.041747492311767886
internet:0.03709784341707281
meg:0.06046382593091271
have:0.006639618352566921
university:0.03052389742335914
60:0.05287869194014309
fastest:0.07303367139408995
simms:0.2605083981931809
if:0.008703252204719602
of:0.005050404819889316
available:0.03507875101057442
but:0.008640041847407926
variety:0.06068332996731014
shipping:0.05328970766677662
nearly:0.05571611451427813
please:0.02487552411565266
they:0.012115839279321347
one:0.01277027152955354
or:0.008757291658481627
and:0.007437611970599802
for:0.008450619815898026
subject:0.0003467137258703675
offer:0.09130295113745035
costs:0.053457826687452414
i:0.004958407980399869
person:0.03643109661134871
research:0.040095214032945165
the:0.002936700038918388
development:0.050483935494236395
an:0.023322029573032123
new:0.022389604738747362
lot:0.032189005042407674
sale:0.08246421179489948
1:0.050870750439602826
very:0.02263951288030451
mike:0.04149885751893122
high:0.03632888085248729
four:0.04555904092237629
