taken:0.03486646878051492
land:0.021040382780887493
since:0.010586357795786674
posting:0.01745602411087958
all:0.010095955879854932
river:0.028894570200249475
camera:0.16473460483693678
with:0.00309432474491824
feet:0.02323842301034567
longer:0.017958788404096166
name:0.014614986803334661
my:0.005027588684287308
to:0.002916823619239853
1988:0.024180427745805748
beach:0.028097888409353317
been:0.015526353303930573
weapon:0.02567549108858358
cold:0.023376457063701745
think:0.007617714431368017
like:0.006162111447135837
really:0.01032484520206839
depth:0.02782080912090191
nt:0.003778193395356817
12:0.018800977945037226
consider:0.01703896337868356
me:0.005733273441293887
re:0.001978521178720479
resist:0.030158548550949738
had:0.016237126832615186
this:0.00833305457732411
on:0.0026825863769274596
used:0.010446896869507224
great:0.013339950734035327
etc:0.036862285515210085
glass:0.05778914040049895
e.g:0.02147764666767881
sea:0.026705343158329585
includes:0.019935208314456873
a:0.005911128575011196
was:0.004684979545509976
as:0.016933633020465997
aa:0.03159735127837641
question:0.011550190917180446
desert:0.029832845413386593
hitting:0.02539510733122638
are:0.0034016475216996057
no:0.005956326646468306
model:0.01935953180732037
it:0.014512399142432676
not:0.003190000045375475
have:0.005410059398387861
made:0.012304653713851858
being:0.010295258888492847
ve:0.009656792058346212
heat:0.024180427745805748
against:0.013668152339459505
able:0.013954842466194016
batteries:0.027929905878588342
has:0.016901182125183347
feel:0.01611786605421258
shouting:0.03374266931069474
his:0.00975888381748813
without:0.011890002565092565
be:0.0030606415721559327
writes:0.0034987428096167317
of:0.004115144668057961
sealed:0.05920217101028226
but:0.007040034097887939
conditions:0.023993823836612846
never:0.011661054131544234
well:0.01780812603336873
in:0.0028203127284839756
pictures:0.024603934135612817
or:0.007135570980985029
and:0.005050230350407273
for:0.003442845110180677
subject:0.00014125374016940898
p:0.01781020126789074
i:0.004040184280325819
away:0.014650706805945346
don:0.02359050444302616
pay:0.017634084984115783
water:0.06508090817002461
unfortunately:0.019480915771565906
the:0.003988111163963243
flying:0.026285201477882967
did:0.017395884057597517
leland.stanford.edu:0.05341068631665917
sport:0.026533262778935085
an:0.009501567603827902
snow:0.028894570200249475
about:0.005211725821808844
environments:0.06387764987037792
current:0.01673145885571861
is:0.008529289742560758
solid:0.0476779081779864
touch:0.025260297356088895
dust:0.028573805005453524
heavy:0.02371327109424131
does:0.006447030763690609
lot:0.013114039091351273
nothing:0.01351775662169793
donald:0.029236043857062022
abuse:0.02567549108858358
him:0.01267997515007041
index:0.027209629823960933
article:0.004287475557230693
brett:0.02771391648959228
takes:0.018920105047511484
give:0.012503895615640246
by:0.005240399337656963
rain:0.060150447821813335
s:0.0032827316447408376
