408:0.07863267797041269
looks:0.051091126483192396
at:0.013148731529170612
thanks:0.029752039476360643
your:0.018804958540018842
with:0.017457533635508875
both:0.06703594275546979
to:0.0020570136717773593
been:0.021899110257036405
me:0.01617296537917231
set:0.03954350125561076
1989:0.07061362110693267
disclaimer:0.05603067950856995
great:0.037630607294517567
a:0.004168669032377299
as:0.011942002391298782
old:0.039521090781228715
red:0.05391968589466494
standard:0.04543350060391398
locking:0.09384704986614356
forsale:0.07689182866107298
have:0.007630606166382879
only:0.01990352594431771
650:0.07533298293916853
color:0.11028752557025033
call:0.07931212232831962
be:0.008633750106529423
utility:0.07079453693577364
if:0.01000224507109566
kept:0.05960859138170409
ryan:0.13268470749263522
year:0.036936727107606745
maintained:0.07958568501498779
well:0.02511743149482604
good:0.024179251512828345
box:0.047291627025471746
tim:0.12172863581302056
message:0.04846746102327942
and:0.008547703309495294
for:0.009711906355584297
subject:0.0003984620431644522
i:0.0028492344364984316
will:0.016915005147810216
than:0.021352257943574048
less:0.04102784412830265
return:0.055080115042043715
jet:0.15192567795267667
interested:0.04294143605096895
is:0.004010039207323342
white:0.05073088277344168
blue:0.059651666081541925
sale:0.04738615155378551
runs:0.055996873439452755
sold:0.06129146425435583
leave:0.05273406155663457
black:0.05267988591408862
