some:0.020483103072514983
send:0.05146223019081092
further:0.06224270879090152
to:0.002417893263317247
hardly:0.07660766404543021
provide:0.05924483646111252
asking:0.06290233008137533
me:0.01901032772639552
package:0.06819759707116144
charges:0.08869488876735065
two:0.03271560408163704
set:0.046480957616244226
you:0.00975085946331091
used:0.03463971067257659
size:0.12634656621283746
8:0.05179809267322572
a:0.004900014476654018
following:0.0480230574217502
40:0.06709661733376839
equipment:0.07078873530772962
120:0.08898975049219944
have:0.0089693090025904
cm:0.10886867092622188
left:0.051305354096501075
of:0.0034112383432585726
what:0.016148107070116335
jeremy:0.10841296063844538
excellent:0.06833448093579626
shipping:0.07198785070775086
in:0.0031171877525349207
and:0.0033491001271121917
for:0.011415749575862244
subject:0.0004683676647722508
womens:0.14125159532092943
i:0.0033491001271121917
we:0.02364462992480649
pay:0.05847091336838391
55:0.08624292486603206
will:0.019882549910583934
the:0.002644747403470361
supplies:0.09717605805819057
bought:0.06426462717313088
entire:0.06542838987173336
white:0.0596310376459753
new:0.030245606401465733
sale:0.05569951147550227
request:0.06842633381393565
e-mail:0.048240276783373094
davis:0.08689037323332069
condition:0.06663324716640387
upon:0.06084343127531467
included:0.06566283246492928
s:0.010884847032561724
