silent:0.041812614476330556
final:0.0612166412259777
all:0.007571966909891199
from:0.006718827416112504
hayes:0.044178049869087126
to:0.00218761771442989
fantasy:0.045894106285512805
competition:0.04141371102568858
cases:0.029204647607034853
h:0.056082255941182796
ii:0.08741428107405042
class:0.03149341009261113
r:0.024604918783564522
asking:0.0569116319783872
ti:0.060137477083359724
game:0.04717474774461091
you:0.004411103090545411
spirit:0.03639369071820041
3:0.05574918915803856
m:0.021727217652636063
a:0.0011083366078145991
y:0.10150882325082881
following:0.043449432905393034
baseball:0.029740284445149267
jay:0.04046165296950621
cd:0.14168898568192295
book:0.024680146910187883
it:0.0027210748392061264
forsale:0.08177384952844269
have:0.012172633646372687
only:0.01058362093864513
keith:0.0625470963352328
sports:0.03809266099683957
victory:0.042954631775219985
alien:0.04498978676686822
list:0.023108163467631584
piece:0.034204054871377086
bach.udel.edu:0.09850022607610551
please:0.015201709181787735
zone:0.038732188668739086
email:0.021776973483872544
thomas:0.029238135031976982
world:0.04001985220210598
and:0.004545207315366545
for:0.012910669163177539
subject:0.00021188061025411345
each:0.02020642378857631
space:0.02426597426597701
i:0.004545207315366545
cd-rom:0.040886924764221344
power:0.02144329587436938
games:0.10571016798757858
pay:0.026451127476173675
20:0.04991797378421619
tiger:0.05013285617384818
the:0.0047857333967558915
road:0.02865597131722627
twin:0.04723238178103497
cosmic:0.048647050284259724
10:0.022939458396001304
replies:0.03556990664136196
ninja:0.047396026917564615
turbo:0.0788556044336489
90:0.03199967785352645
devil:0.04189485881788251
2:0.015463567873773084
sale:0.025197398048441504
run:0.021244717685614242
16:0.027674545570040805
first:0.029802457609381605
instructions:0.03835289768591092
iii:0.07337689805464616
golf:0.04575843617948661
axe:0.09382975825074137
s:0.02954458480266754
