11:0.11365337169470327
know:0.018145222436151496
all:0.014030409274210164
hand:0.04642999199195108
much:0.02569407161117546
ship:0.07536178722391085
my:0.013973739137210313
to:0.00202676347072181
harris:0.17111025622899656
quite:0.0390617556192559
like:0.017127045051598136
scott:0.11241403097563255
these:0.024362293722043273
you:0.016347029100256524
them:0.043113505045065906
mice:0.37513908821890035
a:0.0020536825380094046
price:0.046031532380058277
are:0.018909158282388986
taking:0.05010220638458243
it:0.005041991613823117
have:0.007518391369818424
only:0.03922165406674372
buy:0.04421825184182303
mouse:0.06391076731217399
which:0.01899841665466938
if:0.009855153231814842
of:0.002859420375966745
comfortable:0.07793831794486808
please:0.02816787289566551
up:0.01975677015224095
in:0.0026129367925660364
office:0.053687322250678834
and:0.0028073339300793373
for:0.004784542101648147
subject:0.0003926023072355632
space:0.044963422904604464
i:0.005614667860158675
will:0.016666255072107124
cost:0.04883834712280707
the:0.004433841235229724
just:0.01727042005096891
here:0.026476483906226412
about:0.014485532063556935
chopin.udel.edu:0.08359143116413766
is:0.007902136085019527
new:0.050705869555398436
9:0.052365200818015094
sale:0.04668929638387691
resolution:0.06570326462995393
hp:0.06361246332435772
high:0.04113711508296355
