all:0.03111090752107471
adult:0.0608109256573008
4:0.02700292939324651
sell:0.03782687281500617
my:0.010328415884025013
to:0.0014980425653161205
then:0.017346525541041338
ii:0.0798130392415243
bunch:0.04408916327341658
that:0.003770702450374748
like:0.012659120255529056
along:0.0379778414254482
me:0.02355627566096836
programs:0.03840415352494039
magazines:0.05772283597138888
came:0.032812247092151595
3:0.025450716789539342
m:0.014878420783870349
more:0.013819772019790498
a:0.0015179392672243423
following:0.029753416011301756
part:0.02662197948275301
also:0.01612496882260398
course:0.02658860652065238
video:0.07599372158402223
prices:0.04741805955629393
are:0.013976334382635337
those:0.02017299624225609
wild:0.05135985424026389
have:0.011114143764079409
45:0.04902588705712677
calendar:0.0668937059609467
willing:0.03886847667369207
25:0.03997481030749579
if:0.021852731079241607
of:0.006340453877143651
destroy:0.05367201765307177
35:0.04907852427968969
boxes:0.05359179909548892
email:0.05964997084712915
in:0.003862602215097619
or:0.014658944732675767
and:0.00207498594831951
for:0.017682003419134455
subject:0.00029018431404367716
each:0.027674015188702338
i:0.00829994379327804
buildings:0.0596346910416461
the:0.0016385934999762022
magnus.acs.ohio-state.edu:0.10002942146655197
original:0.06709060898420607
would:0.010137496153308435
club:0.05252679465679105
collection:0.05231154870791954
15:0.03632402969544178
interested:0.06254513511771564
write:0.035371455706386015
tapes:0.11343755628775569
2:0.021178364696689225
sale:0.06901895987181803
first:0.020408204667293924
too:0.021223020302874963
iii:0.05024722366785552
built:0.04013584384863862
1991:0.047193936869307666
