michael:0.7511738004184223
for:0.0813372157280185
subject:0.006674239223004574
motherboard:1.128806058432863
