at:0.006936732381530953
know:0.00971555217053781
all:0.015024690246398286
50:0.0271746715679404
take:0.08369091064313793
with:0.0046049399747208454
from:0.006665923263229729
dealer:0.0348233496318799
7.50:0.056724748605557276
to:0.0010851961890478983
add:0.027056853672848175
cases:0.028974689751861352
value:0.02940041590359581
t:0.040571229212605385
class:0.031245430485582693
that:0.002731532483736038
along:0.027511507174340432
me:0.008532194333894053
u.n:0.04950986095300487
off:0.03438515666072993
contains:0.03305238980218737
leading:0.0355529467222949
these:0.013044377740936556
you:0.004376369995344267
united:0.09263437754828072
particularly:0.03163071098535892
more:0.010011173431659259
how:0.010357188954560033
want:0.014902346202458122
price:0.049293609477857686
below:0.029227353645967655
let:0.018150690887817518
cover:0.030899264159432175
cheap:0.029261663137061793
foreign:0.03475397459501253
prices:0.03435009038723655
are:0.015186883029950209
not:0.004747322902172952
ones:0.026713621892731153
offices:0.04513564203423403
per:0.027849016658055253
charge:0.032411438227825475
32:0.03371983284650004
60:0.032060309286543444
mint:0.04702282985522158
25:0.028958130301493013
regarding:0.031157451740715568
were:0.012214986594270071
listed:0.035746421216235884
of:0.0015310282328010918
catalog:0.043000580849190166
5.25:0.044757616686309926
year:0.019486304852044504
never:0.01735385221151071
york:0.029631237853743643
shipping:0.09692852339390076
in:0.002798105541645519
or:0.010619078074064335
total:0.05765378733550238
use:0.013092752186986993
and:0.001503139427129094
for:0.007685406210521432
subject:0.00021021225899227005
each:0.04009463617890733
i:0.001503139427129094
face:0.028261981031067397
any:0.008057380049518167
information:0.019203317200659566
will:0.008923664133096728
cost:0.05229933235198237
the:0.007715581992013928
orders:0.038538114268841454
10:0.022758832739339877
actual:0.06397412420045202
many:0.029184268150836117
priced:0.045398133532404045
current:0.024899572627801715
issue:0.024656378011534277
new:0.013574799723492495
65:0.038538114268841454
retail:0.09161808994938399
issued:0.0831299560795779
first:0.014783896294417646
switzerland:0.044515320161374855
by:0.007798704526119418
mike:0.02516072463746223
nations:0.11175856568892495
alex:0.04416530628286436
