ask:0.044839424374713346
with:0.008997344258300729
hayes:0.0856374505154612
to:0.004240612800279479
h:0.05435664806606949
ii:0.056483073924771046
t:0.03963497007692988
need:0.0295569537153421
reply:0.05524917722084838
game:0.045723217044776734
you:0.008550753683211105
legend:0.09064394898368623
link:0.07455212505779873
3:0.07204510598884983
more:0.019560292704934246
other:0.021220122889721707
following:0.0421125272775348
jay:0.0784333580639659
soul:0.06485352752046764
no:0.017319165172038613
ones:0.10438861478082635
forsale:0.1585154621628274
have:0.023596182145276288
only:0.020515942127219796
buy:0.046259094234522555
25:0.05657973151214789
if:0.010310006457898604
of:0.005982787248176574
bach.udel.edu:0.19093889977829687
one:0.030255720239249925
thomas:0.05667700021583231
and:0.0029369031883906913
still:0.03141090895737765
for:0.015016101365172646
subject:0.00041072241372335844
i:0.0029369031883906913
games:0.10245754743411464
than:0.02200925049568402
the:0.005798100076838869
10:0.0889345156275743
15:0.051412472799702215
instructions:0.14869123410537774
e-mail:0.04230301194849641
three:0.04489981548419189
past:0.050823299183128674
by:0.015237468843341017
s:0.009545173551631052
