case:0.03340015009873994
with:0.007903072659318208
shape:0.06443144036874603
miss:0.06521379142846094
from:0.01144016560040778
sell:0.047028004040277946
added:0.05653538090218124
my:0.012840733261220288
to:0.005587293892260125
that:0.004687900343709146
like:0.03147673144618036
nt:0.009649710158411332
asking:0.048451794792410734
cs:0.0691312511325499
carrying:0.06269045561411131
you:0.015021594308343834
great:0.03407095525314428
sharp:0.07266476059278987
m:0.018497496109676652
includes:0.05091559961395067
a:0.0037743354752605273
as:0.02162470703289239
finished:0.06682784598067731
drive:0.038159510118999845
d:0.049239033037217175
laptop:0.08098584865960777
it:0.009266362965945189
have:0.013817584139125753
money:0.04189486171255581
university:0.03176135272430613
leather:0.07910968048590215
kill:0.04992746090004576
department:0.04686588625260725
nearly:0.05797487591350562
toward:0.06043868073504554
now:0.022323167538895194
in:0.00240107705262825
and:0.005159424520145809
for:0.004396606255568568
subject:0.000360769687729977
i:0.015478273560437428
the:0.002037170297267711
do:0.009706998904141848
bm:0.1894564069855356
put:0.03361431485874026
last:0.029461656108912136
bought:0.049501131741465684
an:0.024267517258425318
many:0.025043257129433696
columbia:0.07363042226822425
sale:0.042903677758157156
nice:0.042699181848037275
christmas:0.08187717254868611
movie:0.06854615916291039
200:0.0561638519754218
s:0.00838427406562187
