laser:0.1793216334114047
ask:0.035543446150687406
all:0.023269947088933932
boys:0.06614950969176141
ca:0.025079860927955135
times:0.034274099286500326
hayes:0.06788334492079241
recall:0.04769335628137832
covers:0.06557551565690792
h:0.043087586881640445
nt:0.008708275021005348
asking:0.04372479042241944
prince:0.06675186036651234
lost:0.042737882003876224
so:0.012461104846157563
ghost:0.07567700296091034
ti:0.046203183612825154
you:0.006778036456203926
them:0.053628994080447835
3:0.05710892547896634
m:0.01669286234287893
more:0.015505110070984462
following:0.03338188137853368
jay:0.06217278383119248
cover:0.04785617741765715
are:0.01568076540490794
forsale:0.12565250049492413
have:0.006234763574971377
ve:0.02225772803691993
buy:0.03666879421029227
per:0.04313201360454899
disc:0.15267271863572984
watched:0.06077180485560197
if:0.008172566094675723
of:0.002371226653240715
excellent:0.04750079772366326
again:0.02977889192814656
bach.udel.edu:0.07567700296091034
they:0.01137706859155785
one:0.011991596436288079
in:0.00433365126571928
thomas:0.044926890414989026
total:0.04464653043663904
watching:0.05194639138706505
and:0.002328033015187743
for:0.007935338119806684
subject:0.0003255726450246134
i:0.006984099045563228
20:0.038351614004946584
will:0.013820796889064443
than:0.01744635710023733
the:0.0036768439511661124
see:0.021577875139160686
original:0.03763619528382292
road:0.04403234617037208
stone:0.06067763356177378
myself:0.04064441539021809
many:0.022600012531440165
cop:0.06644696643717798
man:0.07068413021451705
first:0.022897010114524892
hook:0.06271487849669045
dark:0.05624380226422496
condition:0.0463182327864027
s:0.0075662961080002235
