mb:0.22824928716452578
my:0.04751071306651507
w:0.1547170427514677
make:0.08800402416748519
that:0.01734523127172384
re:0.018697025138908526
michael:0.15023476008368447
posts:0.2011508736084336
ram:0.19449285341166245
it:0.0171427714869986
of:0.009722029278286934
for:0.0162674431456037
subject:0.001334847844600915
offer:0.17575818093959192
i:0.009544935362269746
do:0.035915895945324836
when:0.0653837221421868
hate:0.20129946212789146
motherboard:0.2257612116865726
sale:0.15874360770518148
