sells:0.05232102955120829
entries:0.06060154908110295
go:0.020264919289522156
characters:0.05274975947301566
mark:0.03128774962804365
search:0.044449492701819956
all:0.0099382065692322
storage:0.10464205910241658
where:0.01924434164826835
with:0.012183903683115569
service:0.03794365862998274
password:0.05842701977003931
aaa:0.06220728532930356
via:0.035606576860579636
to:0.0028712482501892307
receive:0.044608528869849014
sound:0.03594982592842115
line:0.058829244766791425
keywords:0.05988287333644721
areas:0.04287763182222745
keyboard:0.04734148995805204
memory:0.03522533568924287
protection:0.044062211418051694
through:0.024681909312758613
nt:0.007438318247108734
asking:0.037348258485816604
this:0.010937134132737895
ti:0.039465219335954815
numbers:0.03674731667706977
backup:0.05199031394376474
posted:0.03555605129668641
computers:0.04518509236029864
transmit:0.05904909513151453
sure:0.0227296252099917
sorry:0.03309809046602734
was:0.009223553480222767
compatible:0.046932940862705365
also:0.015453095121662149
andrew.cmu.edu:0.04244561882007562
electronic:0.044934076198016766
display:0.03839709809307789
manual:0.040933306217528775
model:0.07622815649132395
telephone:0.04663671236978313
place:0.028327371013712764
should:0.017112626481598746
per:0.036841928287218925
left:0.030462553994797515
32:0.044608528869849014
optional:0.0582771370882466
calendar:0.06410646821257392
batteries:0.0549870021984708
has:0.022182801539303146
uses:0.035572865935796213
battery:0.04909585091247874
if:0.00698073353920218
interface:0.043986453508373775
kit:0.05376009557705014
year:0.025778757460517207
warranty:0.05347468959592394
shipping:0.042742786357727075
or:0.007024077684407139
world:0.02626302800763205
and:0.001988528200472864
still:0.021267802939891115
for:0.013556202621336416
subject:0.0002780933009585239
i:0.001988528200472864
6:0.030607808672491608
schedule:0.0531059195224769
the:0.0007851593854052635
wrong:0.027535646425311047
ibm:0.041046531969996525
64k:0.06265061464616602
new:0.01795832880087028
time:0.016453228853163682
90:0.04199957718275346
addresses:0.050200207100778715
65:0.050982713668154836
2:0.020295932834327172
1:0.04080258108176476
e-mail:0.028642664340127775
full:0.032183984207533885
data:0.03056610024172721
included:0.03898730677605176
