some:0.017962105771282374
computing:0.06711479198736987
know:0.018982694240896953
fax:0.04705605138282138
i.e:0.05314675379962159
your:0.019383572648942502
loads:0.08721097127115994
my:0.014618680943543098
to:0.004240612800279479
software:0.12995934869913492
like:0.03583504810795918
id:0.0721509047388193
me:0.016670595083146843
anyone:0.02573714999448294
phone:0.04518995578783953
you:0.008550753683211105
a:0.002148467885917531
j:0.09397318952396501
let:0.03546365758081269
also:0.022823032795070253
ill:0.08585262346891874
are:0.009890944332326547
partially:0.08769177963276155
university:0.03615907848613313
exchange:0.07455212505779873
get:0.04044227616280376
if:0.02062001291579721
of:0.008974180872264861
cheers:0.06698711809791302
even:0.025833222273323474
department:0.05335500896450671
please:0.029467928567773152
in:0.0027335338752998537
or:0.010374022426201314
and:0.0029369031883906913
for:0.015016101365172646
subject:0.00041072241372335844
44:0.13983947802993835
pay:0.0512744932615059
got:0.03403313571739345
would:0.014348456093913478
mr:0.05195316428128329
rid:0.07103621121242817
ive:0.11083143189085808
jonathan:0.22063870936126462
address:0.049120328522055556
interested:0.04426271100638338
trade:0.064908967635903
touch:0.07344917231232002
their:0.023287440285872523
e-mail:0.04230301194849641
