some:0.025945263891852314
lens:0.41730543093766154
all:0.04240301469539072
800:0.10665945079115081
with:0.012996163928656608
85:0.11022885510965916
4:0.05520598898174842
post:0.057390617876248454
my:0.021115872474006696
player:0.17276724591360898
ii:0.0815866623357804
working:0.07041197801570238
3:0.05203257654750266
more:0.028253756129349463
controller:0.09359752490443704
40:0.0849890486227733
singer:0.25263188085161603
no:0.05003314383033377
slide:0.2533318078279778
have:0.011361124736614507
45:0.10023070242790363
60:0.09048131731980039
regardless:0.10055512019281813
for:0.021689924194138267
subject:0.0005932657087115177
i:0.00424219349434211
sp:0.1048696982915061
new:0.0383111014418566
2:0.04329799004656464
sale:0.14110542907127244
light:0.0776047707956954
1:0.04352275315388241
first:0.04172344065313425
remote:0.10012360717377146
condition:0.08440211307744491
