to:0.004752410896864934
80:0.2756318363767799
hunt:0.20316747185998638
bit:0.09396842062261034
asking:0.12363561429787566
reply:0.12383436273638429
8:0.1018100442197885
wings:0.15758968427438919
please:0.06604880541052603
pad:0.3848565879641185
gun:0.25248382729685526
system:0.15415326408569138
and:0.006582714042944653
subject:0.000920584720414424
power:0.2795022703624699
games:0.22964622700749832
controllers:0.20316747185998638
field:0.13422268448045882
2:0.06718653627915203
light:0.24084239212457195
psuvm.psu.edu:0.17237632124353247
