all:0.031802261021543037
slightly:0.14432238854520169
asking:0.11951442715461313
reply:0.11970655064517148
used:0.06581545027789552
them:0.04886197238440803
richard:0.12453591715929262
kim:0.1855478094501659
forsale:0.3434501680194593
have:0.017041687104921762
of:0.006481352852191288
230:0.19392495705952945
shipping:0.13677691634472663
please:0.0638471785635085
and:0.012726580483026328
for:0.010844962097069134
subject:0.0008898985630672766
i:0.006363290241513164
magnus.acs.ohio-state.edu:0.15337844624871302
is:0.008955754229688797
cartridge:0.1933349711562161
new:0.0574666521627849
man:0.09660164462650662
2:0.12989397013969392
e-mail:0.09165652588840888
by:0.03301451582723887
included:0.12475938168336563
