at:0.020975357439391214
stephen:0.09694426855692898
posting:0.0785521084989581
dos:0.25211088258885267
to:0.0065628531432896705
5.0:0.3623154127182405
t:0.061339834642867665
v:0.18317372923342914
perfect:0.0964306379556402
me:0.02579973048582249
reply:0.08550467903226533
contact:0.08285886426144208
best:0.057980382856224616
3:0.05574918915803856
a:0.0033250098234437974
accepted:0.10028306239761112
manual:0.09356184278292293
not:0.014355000204189639
date:0.08518569499484102
in:0.004230469092725964
for:0.015492802995813047
subject:0.0006356418307623404
offer:0.08369437187599614
i:0.004545207315366545
pay:0.07935338242852102
micro:0.26993872060120927
home:0.0697467393300321
friend:0.08269522427840013
1/2:0.11293414225468652
sale:0.0755921941453245
him:0.05705988817531685
release:0.09461436879493472
soft:0.254442415818608
