prism.gatech.edu:0.018529829765114813
gifts:0.02477152893296028
perform:0.018257704300706973
some:0.004578575980915114
looks:0.013423943036760354
rating:0.02156586266928372
at:0.003454764754723259
say:0.007441352840264876
situation:0.013820126622645484
where:0.007244928620524556
own:0.008888198570776452
with:0.0045868813865846845
way:0.006793618900182523
into:0.007022760403852495
o:0.06864664674117414
hacker:0.06669074273676935
sell:0.013647342348943402
both:0.00880668267571858
to:0.0043237620708731946
front:0.013791964428886014
direct:0.01566186518656539
channels:0.02156586266928372
been:0.011507767742913249
make:0.006902276405292955
that:0.002720820591642955
considering:0.015707333158255267
quite:0.020832936330269815
bit:0.010686604698257645
asking:0.028121041683438385
me:0.0042493673741354696
re:0.0014664333442281198
michael:0.011783118437936035
had:0.012034576358291256
this:0.006176263980840224
reply:0.014083123605314291
these:0.00649661165921154
on:0.00994134951449588
you:0.0021796038800342035
great:0.03954903041149297
them:0.04598773871473697
brand:0.01766887185419496
amp:0.04263828357064141
posted:0.013385807546987826
3:0.018364438781471527
m:0.021471603327310934
a:0.003833540737617555
low:0.013316841333254196
price:0.012275075301348875
was:0.0034723966043191594
as:0.0031377025890863466
running:0.02374478754860158
worked:0.015075152315977842
also:0.011635271621016206
setup:0.017308842249280754
are:0.0025212211043185314
no:0.0044146891615000385
works:0.01166716075902251
book:0.012194896120328131
amps:0.02423348531918191
d:0.00714448714657661
it:0.006722655485097489
not:0.0023643529748077056
have:0.004009808730569826
rated:0.022415553009709575
ve:0.035786935275047733
650:0.0197933719879384
always:0.010419435678426304
liked:0.019925201834208928
atlanta:0.018771978812442056
presents:0.02261005081809927
feel:0.011946183075475207
willing:0.014023136682273217
pgp:0.017822678572443122
free:0.011323559976959748
list:0.011418151360476782
be:0.002268475518186162
utility:0.018600917547830723
g:0.0138627527882804
tech:0.01778365766713658
down:0.00927202187040454
if:0.002628040861817291
end:0.0318145106185354
of:0.002287536300773396
trying:0.010573836168895671
georgia:0.01884763843179374
piece:0.016900827112915736
key:0.012571930867594415
available:0.010592407167898941
but:0.005217907625493414
never:0.008642898944556315
well:0.019798446001804058
please:0.01502286554435494
they:0.0036585083314029164
ga:0.02161712573425373
pleased:0.022170375139194537
in:0.0027871325787371054
minute:0.01753906813487596
according:0.013488338057200854
or:0.002644358657659158
and:0.005240356669481429
for:0.007655267362637035
subject:0.00010469394859615018
station:0.016219569167733948
however:0.009400387859595738
offer:0.013784955367811129
300:0.016311845628166084
car:0.03598403929274576
i:0.009732090957608368
back:0.008260222431637402
power:0.021191021805259152
precision:0.02394286582053986
the:0.0014779470784099078
when:0.005128135069975435
because:0.013840959207015795
did:0.006446709974286139
come:0.009416445782232974
bought:0.01436503430928808
friend:0.013620389881148259
an:0.00352116917083034
cars:0.014988537463417672
amplifier:0.023105320329174922
just:0.004605445346925043
upgrading:0.021939628080281073
chase:0.046676706701258085
interested:0.011282651825156548
is:0.0031608544340078104
either:0.009817892969071993
new:0.006760782607386458
time:0.006194156744720445
2:0.015281643545846343
sale:0.03735143710710152
run:0.010497389915244685
request:0.015295298146644438
trouble:0.014960085812903274
1:0.007680485850685132
him:0.009398099228875717
150:0.018483143872933174
very:0.01367249013163488
little:0.009197406674111624
already:0.011395240475675887
before:0.016676033468412895
upon:0.013600296402717397
mike:0.012531027564540014
high:0.021939794710913892
s:0.00729925036301198
