large:0.0712865266639899
at:0.020975357439391214
with:0.013924461352132078
super:0.11978371540830035
to:0.0032814265716448352
then:0.03799715118513817
that:0.008259633938916114
scott:0.18200366919864316
this:0.012499581865986166
26:0.10467531025844579
you:0.02646661854327247
a:0.0033250098234437974
vga:0.10739003831561103
1280x1024:0.30221870671688345
503:0.1416971453431049
display:0.08776479564132089
are:0.015307413847648227
dot:0.13727530853845984
forsale:0.12266077429266403
call:0.0632608594761597
pitch:0.11883500330003369
crystal:0.13727530853845984
if:0.01595596237531927
monitor:0.17844170667089562
looking:0.06175917489063438
mag:0.261871189555588
up:0.03198715167505677
clear:0.07851787481396698
email:0.06533092045161763
or:0.016055034707216316
for:0.015492802995813047
subject:0.0006356418307623404
can:0.020584904581850316
mm:0.13648158424637433
15:0.07956692219001532
is:0.006396967306920569
