sent:0.036776825482896125
since:0.020008216234036813
bbs:0.04047042651755661
all:0.009540678306462913
your:0.012599322221812625
way:0.017323728195465432
further:0.035478344010813866
missing:0.043176474633892487
from:0.008465722544301757
my:0.009502142613303012
via:0.10254694135846935
to:0.008269194960544984
hill:0.049832879981593615
antenna:0.11306891320989214
mail:0.03064315504835856
that:0.0034690462543447683
through:0.02369463294024827
perfect:0.04050086794136889
its:0.0206782455603417
me:0.010835886804045448
file:0.030384858824584093
phone:0.05874694252419138
reply:0.10773589558065433
you:0.0055579898940872185
regular:0.04047042651755661
working:0.03168539010706607
a:0.0013965041258463952
private:0.035496811236745515
cherry:0.059512801044104065
drive:0.028238037488059888
also:0.014834971316795665
250:0.045701008439572866
files:0.03309311564587689
base:0.03851635855413051
it:0.0034285542973997198
not:0.006029100085759649
being:0.01945803929925148
only:0.026670724765385734
massive:0.04991070138601415
messages:0.04375040261385902
25:0.036776825482896125
personal:0.03353895471195716
if:0.013403008395268185
of:0.003888811711314773
but:0.006652832222504103
shipping:0.041033074903417996
please:0.01915415356905255
over:0.020059407525193577
system:0.02235222329242525
for:0.00325348862912074
subject:0.000266969568920183
station:0.04135990137772157
300:0.04159520635182352
any:0.010232872662888073
will:0.02266610689806569
the:0.001507506019978106
do:0.007183179189064966
can:0.008645659924377134
home:0.029293630518613487
instead:0.06135468623169283
collection:0.04812662481128598
nj:0.04880255772261125
newsgroup:0.038441638405743495
address:0.03192821353933611
replies:0.044818082368116074
arrive:0.05931077397092887
is:0.008060178806719916
time:0.015795099699037137
mount:0.052479805523864435
handle:0.04062356886728703
hst:0.053544640327888936
150:0.0471320168759796
e-mail:0.10998783106609067
condition:0.03798095088485021
by:0.00990435474817166
online:0.10127953818819008
included:0.03742781450500969
