know:0.044066968773510774
with:0.02088669202819812
4:0.08872391086352426
memory:0.12077257950597554
me:0.038699595728733736
firm:0.18671356734570618
you:0.01984996390745435
let:0.08232634795545803
160:0.20714461195308867
nyx.cs.du.edu:0.16790845878637045
cheap:0.13272254351453028
are:0.02296112077147234
novell:0.2053127085821047
if:0.023933943562978902
of:0.006944306627347808
megs:0.19503834885168395
shipping:0.14654669608363569
cpu:0.1597307990854775
and:0.006817810973049818
for:0.011619602246859784
subject:0.0009534627461435106
386:0.16854058653992052
i/o:0.1843203276927433
interested:0.10275272197910428
motherboard:0.3225160166951037
very:0.0622586604208374
ports:0.17582569559617528
