another:0.02842955551780229
there:0.01176639725098907
know:0.015818911867414125
your:0.016152977207452082
equally:0.06145185122142943
turn:0.04386510429121173
feet:0.056308486525068355
sell:0.04461631152539189
my:0.012182234119619247
to:0.0035338440002328996
approximately:0.06640591421037136
been:0.018810774195146655
me:0.013892162569289034
re:0.004794109009976545
this:0.006730544081684859
bell:0.05722055191000735
compuserve.com:0.07101327319637003
you:0.007125628069342587
size:0.046165091500844455
a:0.0017903899049312756
same:0.049797265398169546
price:0.040130053869794395
as:0.010257873848936134
let:0.029553047984010573
no:0.01443263764336551
those:0.023793790439584104
internet:0.03662223003993085
pa:0.06640591421037136
it:0.008791164865127486
forsale:0.0660481092345114
mother:0.054610308894094024
has:0.01365095479341732
decided:0.04784144952587634
writes:0.00847772296176362
available:0.03462902343351577
good:0.020769357068711528
in:0.002277944896083211
our:0.028586864397184532
and:0.0024474193236589093
still:0.026175757464481374
for:0.008342278536207025
subject:0.00034226867810279864
the:0.0009663500128064781
watt:0.07739022965065016
thank:0.04654479880473736
her:0.0847797129469161
replies:0.05745907995912317
interested:0.03688559250531948
ma:0.05142587083637841
unit:0.11000361070767732
is:0.010333562572717843
strictly:0.06728180195367235
spare:0.06536113171997157
first:0.04814243152284721
sold:0.052647796218485136
art:0.47302479852989193
microwave:0.07603945380888316
condition:0.048693526775448984
700:0.06893836261367242
s:0.02386293387907763
