some:0.016215789932407694
characters:0.07033301263068754
at:0.012235625172978208
cable:0.05996732588040623
fast:0.04835830451316719
supports:0.060022770620260915
your:0.017499058641406422
with:0.00812260245541038
buffer:0.07360841139237541
sell:0.04833433748584121
both:0.031190334476503302
my:0.013197420296254184
to:0.0019141655001261538
pin:0.06768454309645879
mail:0.04255993756716466
like:0.01617554254873157
its:0.028719785500474583
parallel:0.1278153718739275
narrow:0.07619988299765891
a:0.005818767191026646
as:0.01111269666968081
plus:0.049665275749717644
manual:0.0545777416233717
dot:0.08007726331410157
it:0.004761880968610722
matrix:0.08547529095009855
forsale:0.07155211833738735
per:0.04912257104962524
second:0.038190219120170364
connection:0.059802307437534674
has:0.01478853435953543
get:0.018255194101265585
if:0.009307644718936239
of:0.0027005636884130367
shipping:0.05699038181030276
title:0.058349907383096096
one:0.01365709594132809
in:0.0024677736374234785
star:0.12752297151317787
and:0.010605483735855273
subject:0.00037079106794469857
i:0.0026513709339638183
6:0.040810411563322144
power:0.037525767780146414
55:0.13655129770455077
the:0.0020937583610807025
magnus.acs.ohio-state.edu:0.06390768593696375
would:0.012953467307005223
roy:0.069987213302608
extra:0.053953829298489596
drop:0.0601343285605007
interested:0.03995939188076277
is:0.0037315642623703318
9:0.04945602299479203
printer:0.18108050738449294
sheet:0.0723384918651583
serial:0.05749052677590044
paper:0.053564561072730485
very:0.0242117012747701
says:0.035569815894827335
200:0.057723958974739066
