out:0.028736026806840485
there:0.022384853306759694
with:0.042792247082162
super:0.24541053888529832
name:0.06737152453244515
to:0.003361461366075197
sound:0.08417520217386416
am:0.039861862358569894
brand:0.10989176397121257
price:0.07634498053277959
rpi.edu:0.1441774334096758
danny:0.13381442867881566
kim:0.13576668984158483
daniel:0.1043556096389839
it:0.008362327554633463
have:0.012469527149942754
has:0.02597010911918417
anybody:0.07413646694909012
if:0.016345132189351446
of:0.00948490661296286
looking:0.06326549622943034
must:0.05652342506047554
sounds:0.17379046651516283
one:0.023983192872576158
email:0.06692435753580343
and:0.004656066030375486
for:0.023806014359420046
subject:0.0006511452900492268
the:0.0018384219755830562
sale:0.154871812395299
wanted:0.07427219486697811
capability:0.11972259681439858
condition:0.0926364655728054
