pc:0.18515789233321572
with:0.01624520491082076
both:0.062380668953006604
my:0.026394840592508368
to:0.007656662000504615
like:0.03235108509746314
me:0.030099685566792905
on:0.014083578478869164
you:0.01543886081690894
am:0.045398232130593484
anymore:0.12309595418516646
transaction:0.17026467599490902
be:0.016068368253818646
if:0.018615289437872478
looking:0.07205237070574011
please:0.053205982136257074
email:0.07621940719355391
in:0.004935547274846957
for:0.018074936828448553
subject:0.0007415821358893971
i:0.005302741867927637
games:0.18499279397826254
information:0.06774503568010458
will:0.03148070402509123
the:0.004187516722161405
do:0.01995327552518046
ibm:0.1094574185866574
thank:0.10084706407693095
would:0.025906934614010446
interested:0.07991878376152554
grateful:0.149687586285209
