thanks:0.05862901896812244
make:0.051767073039697166
me:0.03187025530601602
complete:0.2178362264879281
set:0.15584791671328949
a:0.004107365076018809
reasonable:0.109950210885472
forsale:0.15152213294976147
buck:0.3307995704320545
if:0.019710306463629684
of:0.02287536300773396
comics:0.19367658424998677
email:0.0807029017343512
in:0.005225873585132073
rogers:0.3250360169991013
subject:0.0007852046144711264
offer:0.10338716525858346
back:0.061951668237280516
the:0.011084603088074308
century:0.13140652925990787
interested:0.08461988868867411
is:0.007902136085019527
ad:0.12734328401047207
