know:0.025705731784547953
thanks:0.04152888843575339
with:0.012183903683115569
o:0.07293706216249753
acquire:0.12083435697263506
to:0.008613744750567693
nt:0.014876636494217468
re:0.007790427141211886
anyone:0.03485239061752898
3-d:0.25341251195114456
them:0.030538732740255016
a:0.005818767191026646
as:0.016669045004521217
part:0.05102546067527661
anywhere:0.08804852718446794
baden:0.71861056493277
those:0.03866490946432417
have:0.0213021088811522
inqmind.bison.mb.ca:0.13099484043815873
willing:0.07449791362457647
seek:0.10123945376693118
of:0.00810169106523911
they:0.03887165102115599
who:0.026938601546538505
or:0.014048155368814277
subject:0.0005561866019170479
the:0.001570318770810527
do:0.014964956643885346
around:0.04931655069070074
pair:0.21278758142193904
here:0.03750835220048741
does:0.025385183632031773
wanted:0.0634408331155438
de:0.16837425113099874
comes:0.06300367369261482
