above:0.05137086849299142
go:0.03670626890177598
all:0.01800127982351493
ahead:0.08154036763507143
dos:0.0665953274763007
thanks:0.03761106877200308
to:0.0026003757737562846
256k:0.11307458114737688
track:0.0858451995810668
make:0.06641813144715862
kinds:0.08603578629779329
grand:0.09461861632488172
michael:0.056692362295729985
bitnet:0.09208029758983255
bell:0.08421137828265232
you:0.010486773385070224
state:0.050145535602653134
card:0.11550597534016006
3.5:0.09055991104909031
vga:0.17020307959455333
lose:0.07933482515447711
computer:0.05057930009745878
internet:0.053896866851218986
dot:0.10878420676632666
university:0.044346039652804786
color:0.06971003974723369
disks:0.08131530026025495
pitch:0.09417113469059274
of:0.003668690293693182
monitor:0.07070331773752468
what:0.01736683213201191
offers:0.08528472496948349
and:0.003601862400856508
for:0.012277315581587697
subject:0.0005037161677739301
offer:0.06632384186399694
research:0.05825153736861844
the:0.0014221754905453829
do:0.013553168281254654
road:0.06812551671642472
development:0.07334458552936231
an:0.016941474312485598
39:0.10019813036542975
items:0.08742668395621908
sale:0.11980649638126903
1:0.036953280979711484
mike:0.06029079299920195
s:0.011706344921811666
