some:0.006991238773253618
belt:0.1029741294313962
go:0.011649294920922917
large:0.017928348023278896
lens:0.07496504747383143
mark:0.0179857722412706
all:0.0057129810218340795
small:0.08948341018760513
ahead:0.025878080746459798
knowledge:0.04427270832158246
camera:0.06214538984866479
your:0.015089008648877397
with:0.007003920680114339
4:0.01487586529448311
ca:0.012314662252049828
except:0.019307553407208466
my:0.011379811512937741
to:0.0033010758325528883
cash:0.030424709387564534
everyone:0.03661691925165393
player:0.02327702415003714
important:0.03763316518530806
front:0.021059586403388824
t:0.01542678476048169
bunch:0.024288640845235483
make:0.010539404091914393
think:0.025863737021471052
like:0.006973886607836367
nt:0.012827758414175541
me:0.006488554972482304
two:0.011166403788343182
brown:0.027811996235061122
you:0.0033281376611300714
great:0.015097309513369324
etc:0.04171839498427968
material:0.025285625968885526
3:0.04206226247852011
more:0.015226575159529653
a:0.0025086900464306497
sorry:0.057079341642011214
want:0.011332921962348393
payment:0.03641856459178126
respectively:0.03376292085706627
oasys.dt.navy.mil:0.10584173683723841
advance:0.01894312105794401
video:0.020932402352485165
cd:0.026725766760362715
are:0.003849768752103147
pocket:0.03413153099478743
einstein:0.03367420776853249
it:0.0061590795761671605
bag:0.15867681497757574
money:0.018564190219934912
left:0.017511408284434503
holds:0.029392972870600848
coast:0.032062658878975414
of:0.0011643148836271776
even:0.010054846992610932
opinion:0.03963247382739748
but:0.003983731869762936
in:0.001063950310745452
albert:0.06147988264920597
5:0.0466863392859464
or:0.016151172639594858
and:0.004572424125638202
for:0.0019481967839046347
subject:0.00015986201731747483
offer:0.021048883944861308
i:0.004572424125638202
similar:0.01895064843033953
flash:0.06585982012775268
than:0.017132949487658217
portable:0.030633009483884387
do:0.008602609807263434
when:0.007830385885291832
can:0.015531125612653534
zoom:0.07283712918356253
extra:0.023261531194558392
an:0.01612990668074976
army:0.026725766760362715
15:0.02001084270647092
hold:0.0623313882564794
is:0.0048264543752813876
tapes:0.031246272989441687
2:0.011667123066439574
sale:0.01901121050361455
gone:0.07059157000388197
1:0.023455375951194117
sold:0.024589988652945156
shoulder:0.06617499747287092
terms:0.023048736378529725
entitled:0.062492545978883374
by:0.0059307513462105756
refuse:0.030076759502490995
check:0.03963247382739748
main:0.022265970129501964
s:0.00743037462103016
