mb:0.30433238288603437
access:0.22349179120123502
old:0.1765275388228216
drive:0.18825358325373256
scsi:0.5639963061510617
andrew.cmu.edu:0.543303920896968
maxtor:0.7781022956384749
years:0.14865169486535956
external:0.28626828784172087
subject:0.0017797971261345532
time:0.10530066466024757
2:0.12989397013969392
