24:0.0718251715464404
design:0.07378759230245967
2.00:0.12504636273963346
so:0.040071003819016474
26:0.08620319668342595
size:0.07060543406011505
a:0.0054764867680250785
low:0.06658420666627098
as:0.03137702589086347
are:0.012606105521592657
silver:0.20424985938397636
it:0.006722655485097489
have:0.030073565479273697
made:0.04559959905721571
only:0.026147769377829148
left:0.057341278107854145
25:0.0721114225154826
shipping:0.08045700961454508
please:0.037557163860887345
or:0.03966537986488737
few:0.0896324510159328
for:0.025517557875456783
subject:0.000523469742980751
i:0.01122933572031735
20:0.18499013814150705
than:0.028051005533714923
less:0.053899324639142696
around:0.09283115424131905
weight:0.17431128239228547
9:0.06982026775735346
sale:0.12450479035700508
respond:0.07929426956981385
