at:0.007221024692249435
music:0.1132784862219119
formats:0.04130392916219489
send:0.02404382885964117
thanks:0.01633923479439478
with:0.004793667022865143
to:0.0011296714426974025
80:0.065519043073169
most:0.015217995606287197
format:0.032951266451131264
that:0.0028434805363481705
me:0.00888187442954545
searching:0.1305860879352732
requested:0.04293385423387657
reply:0.05887207408778925
these:0.013578983386056908
you:0.018222917685531866
am:0.01339619964509316
state:0.043569071917059284
m:0.033659378166788656
vhs:0.10130391403920307
a:0.002289351025977697
other:0.011305803178950089
old:0.021704205592969872
worth:0.028812816547474085
california:0.032618600220679805
video:0.02865337043331986
are:0.02107906169184346
early:0.02871099261305968
play:0.02624523141623313
have:0.0041905787962922365
tom:0.031112526421924223
listed:0.07442287695839275
if:0.010986072455137857
of:0.00796887645761224
what:0.007544607401611732
but:0.00545314116598697
accepting:0.04207844427220245
please:0.01570012587627258
groups:0.09048653111032111
they:0.00764688216809626
up:0.011011970248790038
now:0.027080563899643348
in:0.001456390999135168
southern:0.04143941524376219
stores:0.04446114585839701
leaving:0.037935775777967605
or:0.022108572383707715
few:0.01873465164677284
for:0.013333969791478441
subject:0.0002188275155083467
i:0.010953204514080037
back:0.01726521901694703
pay:0.027318377557359698
any:0.00838760054335088
currently:0.029499454933256532
the:0.004942642688452807
do:0.005887851794315547
thank:0.029758150055487823
beta:0.04476289973645206
just:0.00962613576611382
clothing:0.05202125279552912
interested:0.02358259192963049
trade:0.034582646691259794
either:0.020521005796011134
type:0.07968473386061548
tapes:0.08554307523338954
wanted:0.024960327783164774
first:0.015389793683533125
late:0.03159130316091122
movie:0.04157717850865056
s:0.010171086571410137
