pc:0.3332842061997883
there:0.04588894927885737
thanks:0.09966933224580815
your:0.06299661110906313
to:0.006890995800454155
city:0.3679785598486392
make:0.08800402416748519
am:0.08171681783506829
looking:0.1296942672703322
please:0.09577076784526274
for:0.0488023294368111
subject:0.001334847844600915
offer:0.17575818093959192
i:0.009544935362269746
hello:0.19346453953258858
wanted:0.15225799947730512
