some:0.01760105841909579
go:0.009776041466302147
cat:0.02544712014778645
out:0.0059204879350776875
round:0.0442279667537612
say:0.009535401880741425
there:0.004611954701392701
know:0.006200377515870863
help:0.010754234774079382
all:0.01917724282706113
chris:0.05784041069727588
thanks:0.010017018316161624
your:0.00633131769940333
with:0.002938831039143454
wood:0.025322006823054154
to:0.0020776871760163278
line:0.014189968586964767
look:0.011915418714954324
attached:0.02477610812454764
apart:0.02314903738538233
us:0.01035113761902008
day:0.025560834530280123
hall:0.023017136751839938
tough:0.024086655252620583
make:0.008844625544470873
dirty:0.026850707196938533
like:0.005852457605571222
nt:0.0035883344307660226
quiet:0.025322006823054154
me:0.005445169248264044
need:0.00965428136430772
cant:0.05651851957130579
package:0.019533985090734684
so:0.005134726620024724
this:0.005276205410768031
child:0.019926455380610022
best:0.024474131456898834
hi:0.015834254572936707
contains:0.021093736205416058
roll:0.027079161338027763
big:0.01394864599933446
on:0.0076433491242104004
brown:0.02333971543344325
you:0.013964798728862358
great:0.012669601450917974
inside:0.018864600638563753
why:0.008943329548512595
more:0.0383342419845445
a:0.003508804336297475
want:0.009510542551317495
as:0.004020674171944816
deals:0.027079161338027763
forever:0.02371425338250138
plus:0.017969345999897843
soul:0.02118331300919797
2.50:0.06832741673163427
ill:0.028042314198390542
boom:0.029234918149677807
are:0.003230710460307666
tear:0.024926123014747045
deep:0.02286329436078664
it:0.005168674820200582
not:0.0030296985355576125
have:0.0025690985585309187
cry:0.02897267818399655
university:0.011810754279390219
girl:0.026526393020367824
left:0.01469550343467619
love:0.032886607439009535
talk:0.01738489330470868
yourself:0.01761947071042509
without:0.011292514999007512
be:0.0058136809762559935
walking:0.026795180381930565
common:0.016915216279554522
if:0.003367590049062358
of:0.004885441848385393
what:0.004625337200988096
but:0.0033431317701025642
again:0.012270699186472452
plant:0.028113593771214442
they:0.004688038314109265
thin:0.028643043598640706
now:0.01660215475254517
good:0.00814075302190703
in:0.0017857256471808089
heart:0.03990937299543334
or:0.00338849978745269
world:0.012669601450917974
and:0.0105521898477354
few:0.011485565331187369
still:0.010259844634319332
for:0.0016349189091058995
subject:0.00013415556227144873
each:0.025588034144327792
offer:0.017664138787898683
welcome:0.021023206968650312
i:0.001918579972315527
tape:0.04170219360520938
appreciated:0.017008854870232376
we:0.006772582440773719
paid:0.020783870039056063
necessary:0.018114451143123243
the:0.00265139249744893
rock:0.024488879914296647
can:0.004344552725817655
orders:0.024594675940416404
hits:0.024888197358287838
possession:0.029058579859168914
radio:0.0180268862350134
forget:0.019292529323690924
n:0.018397062792986942
is:0.0027002274059363205
critical:0.024559162537285288
night:0.05046987205905564
white:0.017080246963922574
touch:0.023990935679903527
new:0.017326628792799465
multiple:0.02157801164636087
tapes:0.052443493359163436
tonight:0.024419566737752245
devil:0.026526393020367824
man:0.014563062003995975
1st:0.022616915329428253
sale:0.01595413142765643
their:0.007606450344631728
wanted:0.015302311505256795
little:0.023571243235160445
wont:0.030009544681473075
lewis:0.025002843980228392
before:0.010684393302626353
by:0.009954125375046896
