stephen:0.8143318558782036
stereo:1.0321938350793627
for:0.0650697725824148
subject:0.00533939137840366
records:0.9860891033569962
