xt:0.046506478034624474
sent:0.03343347771172375
out:0.010710700900731453
desire:0.04417721618920633
dos:0.032086839602217615
ever:0.024031109607544187
your:0.011453929292556932
with:0.010633225032537224
height:0.04877966898220751
to:0.0012529083273553007
5.0:0.04611287070959425
stacker:0.055722984871061136
that:0.003153678413040698
so:0.018578374497907637
this:0.004772567621558354
30:0.031119140676126276
you:0.015158154256601504
used:0.017949668257607868
am:0.014857603242739686
working:0.028804900097332792
sure:0.019836763819629122
a:0.002539098410629809
old:0.024071937112202943
drive:0.025670943170963533
plus:0.03250818049072428
cheap:0.03378392016733498
bags:0.054676900054835796
are:0.005844648923647504
those:0.016871960493523273
it:0.006233735086181308
not:0.005481000077963317
have:0.013943198540390531
formatted:0.05356233349036004
has:0.009679767944423191
be:0.010517477402499477
were:0.014102757249748172
if:0.018276829629911163
of:0.0017676416869612604
plate:0.04700246880053751
but:0.006048029293185548
min:0.051533755751139956
order:0.025493789646659017
shipping:0.03730279536674363
they:0.016962174991049885
cheaper:0.04008525817242539
seagate:0.05226141672999029
good:0.014727362285086355
one:0.008939190070687476
in:0.0016152700172226407
floppy:0.04004564630543488
logo:0.051533755751139956
5:0.023626117153797116
or:0.018390312482811418
pcs:0.05047855419429675
and:0.0052063283794198615
few:0.020778431826420786
for:0.008873150806692926
subject:0.00024269960810925723
each:0.06943661992801678
i:0.003470885586279908
face:0.032629741735868724
actually:0.02222103751910077
will:0.01030277586275713
than:0.013005466201995101
cost:0.03019097822137164
the:0.002055690027242872
magnus.acs.ohio-state.edu:0.041830485340558096
original:0.056112145695881445
ibm:0.17911213950543942
can:0.007859690840342848
about:0.00895469254838065
is:0.007327435278836288
disk:0.03182708167090801
sale:0.028862474128214813
mfm:0.0555039162203424
full:0.028087840762938663
checked:0.04091605591414747
black:0.032086839602217615
s:0.011280659651927606
