dos:0.09050134246779327
thanks:0.051112478074773406
hayes:0.14272908419243532
to:0.007067688000465799
like:0.02986254008996598
package:0.09967341110400518
lotus:0.315601074277287
this:0.013461088163369718
reply:0.09208196203474729
price:0.08026010773958879
was:0.02270413164362527
copy:0.08760543448880365
jay:0.13072226343994314
d:0.046713954419923986
it:0.008791164865127486
forsale:0.1320962184690228
have:0.013108990080709046
get:0.03370189680233647
of:0.004985656040147145
bach.udel.edu:0.31823149963049474
please:0.04911321427962192
75:0.11966540179351803
thomas:0.09446166702638718
for:0.01668455707241405
600:0.12604735172727763
subject:0.0006845373562055973
i:0.004894838647317819
originally:0.11666142507170617
extra:0.09960706947413464
an:0.023023029193890685
ver:0.3107133727488601
new:0.04420511704829607
e-mail:0.07050501991416068
by:0.02539578140556836
