at:0.034547647547232586
send:0.05751661021325927
ca:0.040324482276320024
from:0.016599455969219128
415:0.10310064556569531
to:0.00810705388288724
value:0.07321280038738563
mail:0.06008461774187953
location:0.09001621518577262
asking:0.07030260420859596
best:0.0477485505874791
on:0.00994134951449588
am:0.03204581091571305
more:0.024929784820014234
a:0.0027382433840125392
air:0.0755713526594347
have:0.010024521826424566
date:0.07015292528986908
call:0.052097178392131516
year:0.04852471992567945
now:0.032390478389769495
depending:0.08825031667757298
one:0.019280606034816128
or:0.02644358657659158
1500:0.10998027250830929
and:0.0037431119067724496
for:0.025517557875456783
subject:0.000523469742980751
offer:0.06892477683905565
i:0.007486223813544899
information:0.047820025185956176
stanford:0.11442680818212866
the:0.0029558941568198155
leland.stanford.edu:0.197933719879384
is:0.010536181446692702
maximum:0.0959674610224091
time:0.03097078372360223
estimated:0.10942001030352387
2:0.03820410886461586
sale:0.06225239517850254
