your:0.017499058641406422
to:0.0019141655001261538
80:0.05550918927032373
front:0.048846540685637964
h:0.04907197394853495
that:0.004818119797701067
v:0.05342567102641683
12:0.04935256710572272
asking:0.049797677981088806
on:0.007041789239434582
used:0.027423104282456465
am:0.022699116065296742
input:0.05926599026909328
a:0.0019395890636755486
40:0.05311815538923331
plus:0.049665275749717644
video:0.04855154434534754
computer:0.03723198479396271
no:0.015635357446979303
model:0.050818770994215966
not:0.008373750119110623
have:0.007100702960384067
only:0.01852133664262898
composite:0.16830307690563254
be:0.008034184126909323
if:0.009307644718936239
monitor:0.20818199111604488
min:0.07873212684201937
excellent:0.054098130740838704
shipping:0.05699038181030276
in:0.0024677736374234785
pcs:0.0771200133523978
and:0.010605483735855273
few:0.0317448264014762
vcr:0.08415153845281627
for:0.022593671035560696
monochrome:0.1689416746340964
subject:0.00037079106794469857
i:0.005302741867927637
back:0.029254954445382463
power:0.037525767780146414
monitors:0.06412991290010876
controls:0.06921233330776891
the:0.0010468791805403512
magnus.acs.ohio-state.edu:0.06390768593696375
can:0.012007861006079352
contrast:0.07656065364214863
10:0.04014405219300228
audio:0.06889303444353696
hold:0.04819139740200028
number:0.03475367844996886
type:0.04500711819905134
sale:0.08819089316954526
nice:0.04388527023270497
position:0.047817263294614054
little:0.032574148637478664
condition:0.05275132067340307
security:0.0515538043477485
