at:0.03345436756156067
all:0.012076807982864445
send:0.037130976213623074
ca:0.02603226071002938
from:0.010716104486457918
nights:0.07137225041936793
415:0.06655864460570203
single:0.04115729962673892
to:0.005233667696547459
value:0.04726395974375529
mail:0.03878880385868172
location:0.11622346770821274
asking:0.04538522550175182
best:0.0308250136703979
leading:0.05715473713584116
on:0.006417833230877088
am:0.02068780198356159
3:0.029638809425792653
more:0.016093911719249693
a:0.0053031802247331455
air:0.04878656943836923
purchase:0.05522103138201319
have:0.0064715267487044665
date:0.0452885973390294
call:0.03363235567086972
hotel:0.07641060649051536
of:0.00246127323500935
year:0.03132608501531205
now:0.020910308833901825
depending:0.056971723424762304
one:0.02489394703229424
or:0.017071176144381906
and:0.009665757328880756
for:0.02882838025803187
subject:0.00033793616319010504
offer:0.044495742010023265
locations:0.07298180960272549
i:0.004832878664440378
possible:0.03261989396157699
information:0.03087115549979449
stanford:0.07387047110491851
2000:0.05475503172223196
the:0.0009541177341633582
leland.stanford.edu:0.12777999637783016
including:0.04025275577886367
is:0.010202757983189769
either:0.0316906671786501
maximum:0.06195367736889702
days:0.037699400310761674
time:0.01999379708738878
estimated:0.07063823449974325
tickets:0.07099992275852877
2:0.024663412051840618
sale:0.04018825511523581
retail:0.07364238875678333
reno:0.06544647554505223
three:0.0369428861578794
