selected:0.017351791587965338
mode:0.026872878922654254
frequency:0.01754004672302611
stored:0.03444650153958134
at:0.006182210613715306
fast:0.01221683482437908
played:0.028464582604591757
search:0.014972460699560408
delete:0.01878759309750489
access:0.011762725852696582
switch:0.04475908865273869
stand:0.013816626506899868
with:0.008208103533888384
obo:0.02060634557532951
4:0.00871673510238133
response:0.012321398430271375
such:0.006747428784097539
o:0.012284136785262743
to:0.0077372584426151905
stop:0.011662993384493465
w:0.02171467266687266
deck:0.06402000301923653
then:0.005599580174651941
motor:0.017680980202764127
000:0.0477093190512113
front:0.012340178699529592
track:0.03192839001962485
h:0.012397130260682515
make:0.006175720994209486
that:0.0024344184241015918
motors:0.02168259212768908
memory:0.04746150492866408
counter:0.0378978887440752
along:0.012259513723302579
asking:0.012580466016275067
performed:0.017404556069946182
peak:0.020954032953028567
phone:0.01030648114459498
searching:0.018633336524097464
this:0.009210218217042439
off:0.0076612542033556155
programs:0.012397130260682515
on:0.0017789783341729472
rarely:0.017981058004301536
specs:0.017003116241252343
used:0.02771176853806127
timer:0.020413153374687312
input:0.014972460699560408
3:0.03286267992473852
seconds:0.01623917419267385
a:0.0019600057906616073
series:0.012587194248307601
price:0.010982962111733203
song:0.020954032953028567
as:0.002807418106024626
ram:0.013648621292046486
jack:0.014999143504420828
ratio:0.018709617178962044
section:0.014420207458327325
display:0.012933759357668342
model:0.012838426356433508
wow:0.018174250204943742
digital:0.014489009112321627
it:0.0012030015078595508
being:0.006827382210263678
between:0.008150406477355808
hz:0.24571651441214998
loading:0.01999987956536667
25:0.05161659716897702
component:0.018633336524097464
be:0.006089065864604961
stereo:0.03621732754664431
if:0.0023514049816259976
of:0.0027289906746068584
key:0.044994278894548434
distortion:0.021422564155219877
maintained:0.018709617178962044
excellent:0.013666896187159253
heads:0.017026904616639638
order:0.00983970828467541
shipping:0.014397570141550173
double:0.015502282052770633
well:0.005904799684748579
playback:0.07207755925228465
in:0.0012468751010139682
recording:0.0402261511462998
5:0.009118852234798887
system:0.03137154146305298
or:0.007098015344243003
and:0.0013396400508448767
for:0.002283149915172449
subject:9.367353295445017e-05
i:0.0006698200254224384
tape:0.18926942957311696
paid:0.014512246097446165
signal:0.015808990606384965
controls:0.017485221046173196
20:0.04413799787235958
noise:0.016071614784618063
necessary:0.012648336061338684
program:0.029227720340885
normal:0.013236360261468572
filter:0.01834378907256061
the:0.002115797922776289
when:0.022941656891995364
original:0.01082865969569642
less:0.009645142303846587
level:0.012352754956469295
db:0.12285825720607499
cassette:0.062223944945228496
can:0.006067129771492726
mm:0.0201130755731499
once:0.009414144543596162
forward:0.015177710547566052
an:0.009451559353281439
68:0.01907502159739221
record:0.01353209963942665
during:0.01027498073614902
58:0.019482950741658393
audio:0.017404556069946182
head:0.024230594634776725
stops:0.019032490507805033
press:0.025174388496615203
is:0.006598976800823324
touch:0.016751565615090534
time:0.005542140245276188
obtain:0.016071614784618063
type:0.03411065800349154
selection:0.07438323677545304
2:0.006836524744194417
runs:0.013164177264713455
1:0.013744027311752342
automatically:0.016537549781045473
x:0.02136954378628844
meters:0.020540759143707926
bias:0.03757518619500978
count:0.0149591950053853
index:0.018044280830626726
useful:0.013453639358169959
dimensions:0.02067318134715651
metal:0.07038297073991202
function:0.028863162242438303
random:0.015660361575370433
condition:0.013326649433280775
by:0.0034752121923409336
pressed:0.01999987956536667
