k:0.01994032134869296
take:0.011188153317556333
method:0.021004725909192414
beautiful:0.027018790532677358
january:0.027361628965156107
miss:0.02539905560897952
o:0.07370482071157645
1992:0.041536279314571496
from:0.01782257377747738
wood:0.02652147030414619
longer:0.017864268465127238
my:0.005001127691212112
hamilton:0.029012458222287905
to:0.0014507359579903482
1987:0.05357379169910177
job:0.01827099239625882
w:0.03257200900030899
1988:0.024053162336617296
h:0.01859569539102377
walter:0.02952102051538828
t:0.01355933186842338
100:0.017781642625426693
december:0.05348343650235028
make:0.00926358149131423
that:0.0018258138180761937
williams:0.028064425768443067
r:0.01631694614067963
grand:0.026393614027467007
me:0.005703098317918656
so:0.005377950512552211
july:0.05182231028097798
89:0.02490059270612889
la:0.0458768786213724
he:0.008369122144843344
best:0.012816716210323337
big:0.014609371336145038
on:0.0026684675012594206
you:0.002925257838993273
october:0.056971406354502305
1989:0.02490059270612889
magazines:0.027950004786146194
them:0.00771504827122232
february:0.054132842491880176
m:0.007204287958505642
a:0.002205006514494308
j:0.01607436136594138
88:0.052703352584942686
price:0.016474443167599804
usa:0.019182219400151183
ns1.cc.lehigh.edu:0.028361858454039605
also:0.00780787964041877
washington:0.020206385975865757
anthony:0.028301012020349733
stars:0.026227831569259796
march:0.022809010873121344
no:0.005924977558855315
pa:0.05452275061483122
wild:0.02486898205318041
it:0.001804502261789326
not:0.0031732105714524467
sex:0.13659939492809448
made:0.012239892378515796
university:0.012370211061045544
left:0.015391606228950324
west:0.021462680524927308
edition:0.05129775897836876
presents:0.03034506820323849
walk:0.024162247234075805
public:0.015598655779266281
his:0.009707521271080297
which:0.006799433329039567
twins:0.03201000150961827
g:0.018605273479007905
kill:0.019445432140017822
tall:0.029754977160497933
september:0.028612532396088314
of:0.006140229017865431
looking:0.013652028133719178
year:0.01302505640110343
beyer:0.028875745135954953
york:0.019806143196976014
women:0.05967339779736987
shipping:0.02159635521232526
jackson:0.05503136721768182
accept:0.018800589319277545
in:0.00467578162880238
1990:0.022478665107069834
st:0.020193406541680527
world:0.01326974046701409
for:0.0034247248727586736
subject:0.00014051029943167525
offer:0.05550258345460797
i:0.002009460076267315
offering:0.02929702254476304
license:0.02462270751893431
special:0.01839847996244749
we:0.007093388977441947
20:0.01655174920213484
review:0.022745470971888348
will:0.005964764973175181
the:0.002776984773643879
got:0.011642914850687231
conference:0.0229384393106862
collection:0.05065960506451155
may:0.009794871197051741
wants:0.01852913243470394
stone:0.026187189221397105
an:0.004725779676640719
tour:0.03213384623282981
long:0.01252795392162413
e:0.016373103663441194
n:0.01926850260949685
entire:0.019628516961520008
general:0.01551805454256606
is:0.0014140664573192836
87:0.027838018478528907
stein:0.030909518362994267
issue:0.01648084214455186
right:0.010209861019948944
lee:0.02245869104934061
does:0.00641309902282908
girls:0.11604983288915162
wall:0.023613232251836952
e-mail:0.01447208303501193
november:0.14120430494849542
side:0.01694928462405891
john:0.014113044208325503
include:0.017692227753918956
s:0.01306181643907407
august:0.05262014016907834
1991:0.022851801010401608
