xt:0.04608750075503326
sent:0.033132275209816334
out:0.010614208099823963
desire:0.04377922325056484
dos:0.03179776897517061
ever:0.023814613124593337
your:0.011350740740371734
with:0.010537430212424276
height:0.048340212504890324
6.0:0.04803820627030795
to:0.0012416208649466945
stacker:0.055220975998348874
that:0.0031252668958060975
so:0.018411001754683246
this:0.004729571516859631
30:0.030838788057422437
you:0.015021594308343834
used:0.017787959534566355
am:0.014723750961273563
working:0.028545396492852315
sure:0.0196580542356685
a:0.0025162236501736846
hard:0.02436246308626585
old:0.02385507281389481
drive:0.025439673412666564
plus:0.03221531399981685
cheap:0.03347956052618782
bags:0.0541843153696571
are:0.00579199442883987
those:0.016719960849437478
it:0.006177575310630125
not:0.005431621698882567
have:0.013817584139125753
drives:0.03645984370951046
formatted:0.05307978994540185
has:0.009592562827806767
be:0.010422725353828311
were:0.013975705382633326
if:0.018112173507119172
of:0.0017517169870787266
plate:0.04657902313566781
but:0.0059935425427964885
min:0.051069487681309866
order:0.025264115866058486
shipping:0.036966734147223415
they:0.01680936260374313
cheaper:0.03972412972042156
seagate:0.051790593155846235
good:0.014594683345581073
one:0.00885865682680741
in:0.0016007180350854997
floppy:0.03968487471709763
logo:0.051069487681309866
5:0.023413269251510656
or:0.01822463399197528
pcs:0.05002379244479858
and:0.005159424520145809
few:0.02059123874690348
for:0.008793212511137136
subject:0.000240513125153318
each:0.06881106479353015
i:0.0034396163467638723
face:0.032335780098608644
actually:0.022020847991901665
will:0.010209958062191752
than:0.012888299839814965
cost:0.029918987426584512
the:0.002037170297267711
magnus.acs.ohio-state.edu:0.041453634121273786
original:0.05560663086979242
ibm:0.14199881330160963
can:0.007788882814754174
about:0.008874019642539383
is:0.007261422348396322
disk:0.03154035120540434
sale:0.02860245183877144
mfm:0.055003880939078056
full:0.02783479715246174
checked:0.040547442797803805
black:0.03179776897517061
s:0.011179032087495825
