xt:0.39351635260066864
all:0.07338983312663779
keyboard:0.34959869507484587
chen:0.4314610690710595
brand:0.3465817171399781
not:0.046377692967381916
title:0.32316871781407075
subject:0.002053612068616792
the:0.005798100076838869
ibm:0.3031128514707436
eric:0.30677142156296966
10:0.22233628906893574
says:0.1970020572636591
