cartridges:0.110886863935263
at:0.007936621733823703
cable:0.03889772489539864
all:0.008595205681498118
storage:0.04525062015239636
morally:0.05225269490708543
from:0.015253554133877037
my:0.008560488840813524
via:0.03079487728482563
to:0.002483241729893389
ink:0.055220975998348874
then:0.01437730044843066
t:0.023209667162166145
months:0.0305927436034218
me:0.009762060183824727
re:0.0033688333583618965
package:0.03502038768519101
voice:0.03267111983275827
parallel:0.041453634121273786
bell:0.040209036477302465
you:0.005007198102781278
disclaimer:0.03382032006373141
deskjet:0.17072269940283438
a:0.0025162236501736846
price:0.028199497313909576
broad:0.049660964524636954
old:0.02385507281389481
following:0.024660488946304158
also:0.013364839024140238
columbus:0.10419202508062368
are:0.01158398885767974
ft:0.0509319428873388
it:0.0030887876553150626
not:0.005431621698882567
forsale:0.0464121848674945
have:0.004605861379708584
selling:0.037565559777923786
manuals:0.044029489593871825
call:0.02393654142341178
500:0.07513111955584757
without:0.02024513950272518
if:0.006037391169039723
of:0.0017517169870787266
what:0.008292271198167849
year:0.02229514158747434
years:0.020088066873697238
excellent:0.03509067939946295
oh:0.029096542199472733
they:0.008404681301871565
up:0.012103246579751212
good:0.014594683345581073
boxes:0.04441842807914397
in:0.0032014360701709994
additional:0.038511314403242666
st:0.03456529047675045
or:0.0060748779973250925
use:0.014979995745471604
and:0.008599040866909682
for:0.005862141674091423
i:0.0017198081733819362
the:0.0027162270630236144
do:0.006471332602761231
original:0.02780331543489621
would:0.008402249064003388
can:0.007788882814754174
because:0.015898399089139766
7:0.028752509269651404
during:0.026381707295517753
expressed:0.03702485698759718
e:0.028026033297782225
interested:0.025919605544278558
entire:0.03359836236656578
is:0.004840948232264214
either:0.022554618983003226
printer:0.117457626411563
break:0.03535321214637735
2:0.017553239208066746
sale:0.02860245183877144
illinois:0.043416395330403215
approx:0.05209601254031184
unless:0.0277302831147792
e-mail:0.04954406804778858
politically:0.051069487681309866
opinions:0.025726217617297677
laboratories:0.0509319428873388
condition:0.03421707286923442
respond:0.03643250223477934
mine:0.029416567971171047
included:0.033718751806315034
