know:0.014516177948921198
thanks:0.023451607587248978
fax:0.07196807858549152
4:0.05845340009832186
such:0.022623731805503512
yamaha:0.06454578324507577
to:0.001621410776577448
w:0.07280802011833774
like:0.013701636041278508
consider:0.03788663621848463
me:0.012748102122406409
anything:0.027308719415522396
prefer:0.04831209535343342
phone:0.06911405002846044
on:0.011929619417395057
you:0.00653881164010261
machine:0.03826822769793349
etc:0.02732145867597924
a:0.0032858920608150473
as:0.01882621553451808
computer:0.06307536247447801
those:0.021834301815147766
internet:0.0672125633674025
made:0.027359759434329427
systems:0.0705980498890026
buy:0.035374601473458424
university:0.05530212003761538
craig:0.16111714388084172
channel:0.11402089714722159
613:0.44588752079328503
scratch:0.1990026276398847
dept:0.24137102884363523
if:0.007884122585451873
of:0.006862608902320187
but:0.00782686143824012
well:0.019798446001804058
ottawa:0.12187438372726979
and:0.00449173428812694
subject:0.0003140818457884505
i:0.00449173428812694
preferred:0.06008119946031221
canada:0.08754370807074463
cassette:0.1390888181128637
would:0.032917046333095626
home:0.06892618945556114
write:0.03828439911750016
wanted:0.03582541164171885
engineering:0.09098234101701409
by:0.011652182056672542
