800:0.1846028956000687
obo:0.22587724957572736
keyboard:0.17479934753742293
purchased:0.18410979219895096
a:0.005371169714793828
mac:0.2639447796008566
no:0.043297912930096535
have:0.019663485121063574
mouse:0.1671512375856858
monitor:0.14412599384956953
cpu:0.17201778363051423
or:0.02593505606550328
and:0.007342257970976728
for:0.012513417804310539
subject:0.001026806034308396
i:0.007342257970976728
the:0.0028990500384194345
peter:0.2832225446789198
last:0.08385240584844222
just:0.045168790902534076
white:0.2614591650631225
sale:0.12211046746552422
august:0.1922658967716324
