all:0.04336671957483142
working:0.14402450048666396
nyx.cs.du.edu:0.21370167481901695
70:0.3910760779420551
are:0.029223244618237526
25:0.3343347771172375
hd:0.20266387907872474
shipping:0.18651397683371815
they:0.042405437477624715
seagate:0.2613070836499515
good:0.07363681142543178
in:0.008076350086113203
and:0.00867721396569977
subject:0.0012134980405462863
pay:0.15149282099990377
ibm:0.17911213950543942
type:0.1472960231968953
mfm:0.5550391622034241
condition:0.17264068584022824
