thanks:0.08666898456157231
shape:0.20730115596900894
dennis:0.23583738237932325
sound:0.15005144735341003
w:0.13453655891431973
cds:0.25964779963535395
asking:0.15588838324514756
great:0.10961959516229029
amp:0.2363643980546426
650:0.21944825464888223
tube:0.46367312139166805
tom:0.16503166189020674
per:0.15377500502491379
channel:0.2106907882068225
excellent:0.16935067014523422
up:0.05841132045010368
for:0.014145602735307565
subject:0.0011607372561747086
power:0.11747196870306705
warm:0.2299662396052388
very:0.15158630363334324
