static:0.11431932034951883
access:0.06704753736037052
212:0.11635497423571767
asking:0.07170865629276789
ide:0.18119577693916986
western:0.163621110547816
am:0.03268672713402731
brand:0.0901112464563943
a:0.005586016503385581
hard:0.05408466805151019
ms:0.08360279844770174
drive:0.056476074976119776
meg:0.18622858386721114
model:0.073179030231671
digital:0.16517470388046654
it:0.013714217189598879
bag:0.10599611240502059
selling:0.0833955427069908
has:0.02129548947773102
hd:0.08917210679463888
bach.udel.edu:0.12411028485589296
in:0.007107188075779619
and:0.0038179741449078986
still:0.04083418164459095
for:0.00650697725824148
275:0.11497511680597863
subject:0.000533939137840366
steven:0.08973028255698041
i:0.0038179741449078986
the:0.004522518059934318
original:0.06172336026546959
cache:0.09705335631484595
15:0.06683621463961288
n:0.07322030991608804
is:0.010746905075626556
new:0.03447999129767094
time:0.031590199398074274
sale:0.06349744308207259
200:0.08312250092362426
built:0.07384995268149507
