preferably:0.10131518123110866
50:0.06636890940631598
to:0.007951149000524025
value:0.07180486191839745
cleveland.freenet.edu:0.08235420714433665
rob:0.08462851330767768
need:0.036946192144177624
cleveland:0.20725973485644328
henry:0.08798542775880203
3:0.09005638248606229
a:0.002685584857396914
dollar:0.10843091890634744
be:0.011124254944951372
showing:0.08257739072357333
of:0.011217726090331077
but:0.012793908120200198
please:0.03683491070971644
in:0.006833834688249634
and:0.003671128985488364
for:0.0062567089021552695
subject:0.000513403017154198
i:0.007342257970976728
face:0.06902445367203
pay:0.06409311657688237
any:0.019678601274784758
will:0.043588667111664786
the:0.005798100076838869
may:0.03578895245076598
bought:0.0704439182474704
lower:0.07636505025087725
middle:0.07725192875270351
tickets:0.3235958018032946
wanted:0.05856076902973274
late:0.07411805741598403
show:0.11577187191287817
leave:0.06794581008258686
range:0.07691453818249372
