out:0.023101511746675685
behind:0.06917141962742546
custom:0.20910748611781108
ca:0.040324482276320024
parents:0.08991382412731866
wood:0.09880547760368188
design:0.07378759230245967
williams:0.20910748611781108
location:0.09001621518577262
contact:0.06823671174471702
best:0.0954971011749582
great:0.04943628801436621
material:0.08279803013340946
state:0.05211202719491404
3:0.045911096953678815
cherry:0.11669176675314522
contemporary:0.12116742659590954
raw:0.10455374305890554
mar:0.11669176675314522
moved:0.08742363411239107
left:0.057341278107854145
of:0.003812560501288993
excellent:0.07637383163412524
or:0.05288717315318316
clean:0.08513416062698638
and:0.0037431119067724496
for:0.019138168406592587
600:0.09638915132085937
subject:0.000523469742980751
offer:0.1378495536781113
when:0.025640675349877174
county:0.10834533899970043
450:0.11590734842738641
7:0.06257899076335893
long:0.046672769511933034
solid:0.08834435927097481
sale:0.18675718553550763
condition:0.14894490543078515
black:0.06920690894595956
