send:0.07719334528621638
your:0.03315611111003322
further:0.09336406318635228
both:0.05909747585021678
to:0.0036268398949758705
that:0.009129069090380968
best:0.12816716210323337
on:0.013342337506297102
you:0.014626289194966363
am:0.0430088514921412
brand:0.11856742954788724
following:0.0720345861326253
are:0.016918720568453303
no:0.029624887794276574
have:0.026907927007771202
if:0.01763553736219498
phil:0.11661721975436823
accept:0.09400294659638772
or:0.017745038360607507
offers:0.23789949596750654
use:0.04375735599335126
and:0.005023650190668287
for:0.017123624363793367
subject:0.0007025514971583761
300:0.10946106934690399
i:0.010047300381336574
will:0.029823824865875904
the:0.001983560552602771
interested:0.07571253198460315
either:0.06588322913456206
new:0.0453684096021986
items:0.12193721709683188
sale:0.08354926721325341
