mode:0.046137171644316036
out:0.014194904808198312
viewing:0.06579606949213436
high-speed:0.06673536517249233
times:0.03386115833124129
several:0.03395724544659514
to:0.0016604809157720853
80:0.048152549728473604
connector:0.06347457137370663
us:0.0248177877853614
bunch:0.048869915917521996
counter:0.06506565236181587
responses:0.05344492326579415
master:0.11459045945273853
balance:0.06041911644841846
two:0.02246734256208809
firm:0.06298770946602138
focus:0.06022787127786075
subjects:0.06492473622009066
used:0.023788716967914045
timer:0.0700933579733239
etc:0.02797980707781007
size:0.043384061892359854
vhs:0.0744522741733902
price:0.03771258074510799
standard:0.03667523542725586
immediately:0.05087589803378172
jack:0.05150308311758959
dual:0.06689928869123665
digital:0.049751416831465826
forsale:0.12413861494679253
charge:0.04959340548113055
60:0.04905613589627732
device:0.04836331066157622
of:0.002342657657418538
available:0.0325429376845088
years:0.026864764132293897
min:0.13659549717169628
excellent:0.04692849895590828
shipping:0.04943743964267228
please:0.023077293456689817
rf:0.06610110332327038
box:0.038175168803694065
one:0.023694238741581265
email:0.03305901998756555
in:0.00214071929993362
system:0.08079116852683825
sec:0.07299892492292497
and:0.0022999844246433124
for:0.011759597454653277
subject:0.00032165008303636504
tape:0.049992388719497995
power:0.06510494651013354
original:0.03718274714787325
cassette:0.07122017794935792
zoom:0.07327590707021049
extra:0.09360664360219882
auto:0.056928995061497324
self:0.05123028219289369
white:0.04095143549181437
linear:0.06829774858584814
lee:0.10282292287649919
dc:0.05394125768071303
sale:0.03825147173618831
insert:0.06251975966703023
advanced:0.055695717800514556
adapter:0.1204557425557215
remote:0.054283883407466454
full:0.03722484920389462
ac:0.06195927755094719
condition:0.04576018178897616
