sent:0.0287318949085126
choice:0.029471583394676117
form:0.02666703847251481
all:0.00745365492692415
transportation:0.04715967119336495
your:0.009843220485791114
with:0.0045689638811683385
ca:0.01606678590697126
from:0.006613845737735747
nights:0.044050060805703645
to:0.005383590469104808
value:0.029170725154348966
that:0.00271019238620685
nt:0.005578738685331551
along:0.027296573524540898
months:0.026529644843592343
12:0.02776081899696903
generally:0.030208980415805463
package:0.06073848489150316
peak:0.04665546399697767
this:0.004101425299776711
best:0.019024813124698704
two:0.014568667442603996
on:0.0039610064471819525
you:0.013026538814266918
taxes:0.03720075029325445
more:0.00993296113922442
a:0.0010910188483174961
air:0.03011046082524351
following:0.021385267758123137
cited:0.040540156659089915
advance:0.024714853255286325
travel:0.03996650456100541
70:0.03360810044814536
express:0.07274554057312935
are:0.005022745168759574
it:0.005357116089687062
should:0.01283446986119906
have:0.011982436245648114
made:0.03633718049871877
60:0.03180983812024232
after:0.015071981934882432
usually:0.025763677673332916
greg:0.06842607183586598
june:0.03590684633094177
be:0.01807691428554598
which:0.010092908847793108
hotel:0.04715967119336495
get:0.010268546681961893
of:0.0015190670747323332
offered:0.03615753628837537
available:0.021102061154798672
year:0.019334068095387905
must:0.018105159589683572
one:0.02304634940099115
in:0.004164368013152121
additional:0.066793060918124
fully:0.06558833601371555
required:0.02924048008203882
or:0.010536116526610708
use:0.012990465060526157
and:0.004474188451063944
for:0.010167151966002312
subject:0.00020856997571889294
offer:0.027462215771811235
i:0.0014913961503546479
person:0.02191558155526446
will:0.01770789601411382
than:0.01117657251733954
the:0.004122086773377633
flights:0.04827764653430771
mexico:0.045043460614182136
major:0.02559709353685775
130:0.04209963364271504
15:0.02610789634359878
is:0.008396019590333247
adults:0.042963242036463664
days:0.02326759862929822
does:0.009519443862011916
sale:0.04960737740786921
retail:0.045451161810827215
request:0.030471101776518218
1993:0.023669185961016696
takes:0.027936717609216177
three:0.022800687550566193
by:0.01547555429401822
periods:0.04316884600769314
include:0.02626190057222345
