stephen:1.3572197597970057
for:0.10844962097069133
subject:0.008898985630672766
