access:0.1523807667281148
height:0.24389834491103757
brand:0.20479828740089615
size:0.16367623350299398
hard:0.24583940023413722
drive:0.25670943170963534
scsi:0.19227146800604375
kim:0.25301974015931716
only:0.06061528355769485
if:0.030461382716518604
seagate:0.2613070836499515
for:0.014788584677821546
subject:0.0012134980405462863
eng.umd.edu:0.26609619799803447
new:0.07836361658561578
time:0.07179590772289608
sale:0.14431237064107408
e-mail:0.12498617166601211
leave:0.16059918746793259
full:0.14043920381469333
