stephen:0.5816656113415739
updated:0.7346600052469452
list:0.4159469424173685
stereo:0.7372813107709733
for:0.046478408987439136
subject:0.0038138509845740422
sale:0.4535531648719471
