pc:0.06943420962495589
send:0.06111139835158797
with:0.012183903683115569
to:0.0057424965003784615
been:0.030567508067113315
make:0.03666834340311882
re:0.007790427141211886
parallel:0.09586152890544564
used:0.0411346564236847
a:0.002909383595513323
sig:0.09831534214828697
ie:0.08715871222419608
pocket:0.2374985698387292
has:0.022182801539303146
netcom.com:0.2011896984200712
device:0.0836282246856422
network:0.07653103479228285
writes:0.013776299812865881
never:0.04591540064295542
port:0.08687035698644875
in:0.007403320912270436
and:0.003977056400945728
still:0.04253560587978223
for:0.006778101310668208
subject:0.0005561866019170479
offer:0.07323257539149662
any:0.02131848471435015
alan:0.18336177883330163
suggestions:0.08243742439730994
the:0.003140637541621054
note:0.06170185622663536
is:0.005597346393555498
ethernet:0.21742198288486506
sale:0.06614316987715894
plastic:0.10603146273780559
adapter:0.20828805483593507
under:0.05056923806470082
article:0.016881935006595853
construction:0.1089162476183286
