some:0.007033354669478038
at:0.0106140362946317
reserve:0.0318627922344608
there:0.005528789069741852
k:0.045646518750020036
help:0.012892124819528897
knows:0.02104796030807973
damn:0.02591467986363016
case:0.014889223537992505
with:0.02113833892010412
c:0.04673670533907759
ohio:0.03055672155455041
hell:0.020562535689649976
o:0.06327070452650388
sell:0.020964290957714266
my:0.00572418229717049
to:0.002490721373658128
w:0.03728121512083559
physics:0.027624126689718385
day:0.015321102625077543
100:0.020352482523078745
mail:0.018459731956842508
that:0.0020897869002076915
memory:0.020371278470887443
r:0.018676022691139337
nt:0.008603356044848657
me:0.0065276426530394265
re:0.0022526536311937985
michael:0.03620114700811674
so:0.006155485526415182
phone:0.01769486220608174
this:0.0031625448094663795
he:0.009579115707953225
cleveland:0.06492473622009066
on:0.003054270031561988
western:0.02464173351623735
went:0.019653381115880025
am:0.009845399739164854
great:0.015188257161040223
a:0.005047605274143596
want:0.011401192576579408
was:0.01600230965243468
l:0.01990940107682749
no:0.006781600820376566
month:0.023938575237272643
d:0.010974965195042383
it:0.004130788310120145
not:0.007263976006939336
az:0.038417858432056064
have:0.0030798229707689933
made:0.02801903074600002
try:0.029354092437872202
university:0.014158675310835263
call:0.03201151925299648
his:0.03333305496696247
g:0.02129519253621387
writes:0.00398350837962387
of:0.001171328828709269
electrical:0.028537077883255737
arizona:0.033877064441836906
looking:0.015625815333774964
what:0.005544831945762839
but:0.008015460509041087
again:0.014710055048843483
please:0.011538646728344908
net:0.019970737860834233
now:0.009951291553483399
good:0.009759095490117465
over:0.012083980436863602
box:0.019087584401847033
email:0.016529509993782776
in:0.00428143859986724
cpu:0.026942544424056445
or:0.004062117215078828
and:0.0034499766369649686
for:0.003919865818217759
subject:0.00016082504151818252
i:0.00919993769857325
we:0.008118939191048013
ago:0.01723593810460629
later:0.01924947005396207
the:0.0018162723132266337
do:0.008654432757909598
friends:0.02395561653968516
did:0.009903078574957622
thought:0.01617220726019104
people:0.009067910482368177
address:0.019233863577913318
e:0.018740299373818235
f:0.022386935050643663
n:0.04410862043137833
is:0.004855529401638504
deal:0.0794292769098918
time:0.019030240601249564
applied:0.02666867470070249
man:0.01745812854695903
engineering:0.023293671645922286
update:0.02615567585527895
him:0.07218419588443697
est:0.036779703519504006
answer:0.0182907894104148
mike:0.03849894010792414
god:0.015983001396236294
s:0.0074751359139279315
