at:0.024471250345956416
both:0.031190334476503302
my:0.013197420296254184
single:0.045158703757116316
antenna:0.07852007861798065
t:0.03578157020833947
memory:0.04696711425232382
really:0.027102718655429524
nt:0.009917757662811645
me:0.030099685566792905
need:0.026683360993017168
so:0.014191813852568333
phone:0.04079648786402179
reset:0.07731158727090247
contact:0.04833433748584121
you:0.00771943040845447
machine:0.1355333064301811
great:0.035017370676842734
a:0.003879178127351097
operation:0.059802307437534674
40:0.05311815538923331
prices:0.060589742766375576
setup:0.061302149632869334
are:0.008929324744461465
answering:0.15348923024957561
telephone:0.06218228315971085
not:0.008373750119110623
have:0.014201405920768134
call:0.03690216802775982
if:0.009307644718936239
saving:0.0733160029312944
present:0.05034028170596255
shipping:0.05699038181030276
toshiba:0.08513233799745451
35:0.0627114476907146
in:0.0024677736374234785
feature:0.06562648041811496
or:0.009365436912542852
message:0.04510166511888502
few:0.0317448264014762
for:0.004518734207112138
subject:0.00037079106794469857
i:0.005302741867927637
tape:0.05763011477386574
darryl:0.17988346034818217
any:0.0142123231429001
do:0.01995327552518046
bought:0.05087616317872862
10:0.04014405219300228
just:0.016310952270359527
number:0.03475367844996886
new:0.02394443840116037
items:0.06435575346777238
questions:0.042002449128409884
sale:0.04409544658477263
change:0.04127790427653455
e-mail:0.038190219120170364
remote:0.06257725448360715
condition:0.05275132067340307
by:0.013756048261349529
include:0.046687823239508354
rubber:0.07770284945099547
