taken:0.08905084593942325
with:0.015806145318636416
miller:0.12869448750098839
beautiful:0.13874514057320808
w:0.08363083391971227
us:0.055672334761756655
fallen:0.15007137733439574
me:0.029286180551474184
re:0.01010650007508569
kenneth:0.1328607220909143
tell:0.06513581226006629
a:0.011323006425781582
it:0.018532725931890377
ken:0.22303095681701685
ve:0.04932793781155228
love:0.0884383091940932
writes:0.017871956513988173
andy:0.24225990469251935
but:0.017980627628389468
in:0.009604308210513
for:0.008793212511137136
subject:0.000721539375459954
i:0.005159424520145809
magnus.acs.ohio-state.edu:0.24872180472764274
long:0.06433273635428607
about:0.026622058927618153
time:0.04268945864604631
sale:0.08580735551631431
article:0.021900888657205433
s:0.01676854813124374
