there:0.0074616177689198985
help:0.017399127805217865
situation:0.02865148202255771
take:0.03456502650952364
where:0.015019973969380178
with:0.004754694120240223
o:0.05692648754146149
from:0.0068827012555298835
to:0.003361461366075197
w:0.02515724272381589
heavily:0.044709715289978455
mail:0.024913134185657368
that:0.005640725616820762
guy:0.027531144284137152
think:0.01170526851649232
nt:0.011611033361340464
re:0.0030401666892534195
authorities:0.037851338184392506
this:0.017072599621834765
he:0.012927912256262077
contact:0.028293270723419254
federal:0.03212566008695335
big:0.022567321576159004
you:0.013556072912407851
them:0.01191755424009952
m:0.022257149790505238
a:0.0011353692080051994
local:0.024848645950536197
also:0.012060952290077778
inform:0.04701347473150093
baden:0.2804333911932761
those:0.015088745156809434
fraud:0.04963764865233874
d:0.014811741645341754
yeah:0.03214814995274921
it:0.0027874425182111543
not:0.014705122160389389
should:0.013356196278320973
have:0.008313018099961836
proof:0.034041533265863254
being:0.015819544145732913
able:0.021442806716346904
hope:0.023483427135284923
transaction:0.04983356370582704
inqmind.bison.mb.ca:0.05111993773196439
b:0.024885433711497904
be:0.009405874099796282
seek:0.03950807951880242
g:0.02873985334155693
get:0.010685967278789614
if:0.005448377396450483
of:0.0031616355376542873
arizona:0.045720265832072574
what:0.007483269130053913
but:0.005408806684962686
never:0.017918205128958215
well:0.013681852928075975
they:0.007584712394371901
who:0.010512624993771126
in:0.0014445504219064269
message:0.026400974703737576
and:0.0031040440202503242
for:0.002645112706602228
subject:0.00021704843001640894
i:0.0062080880405006485
the:0.00306403662597176
do:0.017519949241621872
quote:0.032804535874313735
would:0.007582517448003058
can:0.021086975425310083
because:0.014347335763370033
just:0.009547874499722652
e:0.025291786146779082
f:0.03021326193826706
n:0.059528707248852064
is:0.004368660599848194
deal:0.026799308876101702
time:0.0128415444707619
man:0.02356137673817235
met:0.0383669627895754
too:0.01587412900702843
him:0.019483864254986244
de:0.06570702483160928
comes:0.02458679948980091
going:0.017705818569509615
by:0.008052320933472896
s:0.005044197405333483
