school:0.15152185315817104
know:0.025705731784547953
thanks:0.04152888843575339
shape:0.09933180390181678
alot:0.10549951894603132
from:0.017636921967295324
my:0.019796130444381277
to:0.0028712482501892307
nt:0.014876636494217468
me:0.02257476417509468
you:0.011579145612681705
mon:0.11250935720897326
have:0.0213021088811522
money:0.06458791180685687
spend:0.0854186919731573
if:0.01396146707840436
of:0.00810169106523911
monitor:0.07806824666851683
lcd:0.25539701399236353
looking:0.05403927802930508
but:0.01386006713021688
fairly:0.08175430308849763
please:0.039904486602192805
good:0.03375020523665623
one:0.061456931735976404
in:0.003701660456135218
or:0.014048155368814277
for:0.020334303932004624
overhead:0.24470035370703794
the:0.001570318770810527
an:0.01870621122003618
jonathan:0.1991877237289194
does:0.025385183632031773
evans:0.11842119414919501
sale:0.06614316987715894
wanted:0.1268816662310876
e-mail:0.05728532868025555
