mb:0.3458322532795845
with:0.008861020860447688
keyboard:0.06886034902989388
that:0.005256130688401164
flat:0.14963107951765467
tension:0.09526897486411544
parallel:0.06971747556759683
best:0.036896607272142945
machine:0.09856967740376808
card:0.04637739918960972
came:0.045738283825423436
hard:0.0819464667447124
y:0.06459652388689106
following:0.04147445868242063
ram:0.05893722830656437
40:0.11589415721287269
3.5:0.07272235281214828
drive:0.08556981056987845
vga:0.13667823058350495
reasonable:0.056641017728879514
it:0.005194779238484424
have:0.007746221411328073
color:0.05597927434247555
101:0.08787953234373459
manuals:0.07404959613514807
screen:0.056641017728879514
inch:0.07966868066440093
of:0.0029460694782687674
monitor:0.056776906668012245
key:0.04857336926116024
5.25:0.0861245048357782
excellent:0.059016142626369505
port:0.06317844144469001
in:0.002692116695371068
floppy:0.13348548768478297
or:0.010216840268228566
for:0.004929528225940515
subject:0.00040449934684876206
offer:0.053260054830179364
i:0.0028924046552332564
386:0.14300413403387197
the:0.0011420500151349288
original:0.04676012141323454
mask:0.08129944830367919
1.2:0.08112824292104384
disk:0.10609027223636004
2:0.059042713699860874
sale:0.04810412354702469
1:0.029674604423101644
serial:0.06271693830098231
condition:0.05754689528007608
ports:0.07459271934383194
