from:0.0705476878691813
make:0.1466733736124753
drive:0.4706339581343314
cd:0.3719335874150478
only:0.11112801985577388
or:0.05619262147525711
offer:0.2929303015659865
cd-rom:0.42931271002432414
ibm:0.3283722557599722
rom:0.41992327981564803
mike:0.26628433574647525
