at:0.012235625172978208
matthews:0.08655809013717788
sell:0.09666867497168243
to:0.0038283310002523076
like:0.01617554254873157
nt:0.009917757662811645
12:0.04935256710572272
generally:0.053704854072543044
need:0.026683360993017168
two:0.02589985323129599
you:0.00771943040845447
used:0.027423104282456465
them:0.06107746548051003
size:0.10002436491849631
a:0.0019395890636755486
want:0.02628608288489141
old:0.03677657058808783
athena.mit.edu:0.06787879645721906
l:0.04590223026046337
are:0.01785864948892293
d:0.025303391977458824
have:0.007100702960384067
get:0.018255194101265585
were:0.021545879131559708
if:0.009307644718936239
of:0.0027005636884130367
year:0.03437167661402294
please:0.026602991068128537
they:0.03887165102115599
good:0.022500136824437487
one:0.02731419188265618
boxes:0.06847840995534696
in:0.004935547274846957
use:0.023094160107602055
and:0.007954112801891455
still:0.028357070586521486
for:0.013556202621336416
subject:0.00037079106794469857
i:0.0026513709339638183
we:0.056155996071415415
than:0.01986946225304807
the:0.0020937583610807025
do:0.00997663776259023
less:0.03817868828605941
is:0.0074631285247406635
9:0.04945602299479203
sale:0.04409544658477263
e-mail:0.038190219120170364
very:0.0484234025495402
little:0.032574148637478664
condition:0.05275132067340307
respond:0.056166774278618145
by:0.013756048261349529
