music:0.06676316579262441
bnr.ca:0.0676369662311189
know:0.017882248197946402
4:0.07200781171532403
such:0.027869814543011573
yamaha:0.07951292138886147
both:0.03254643597548171
to:0.001997390087088161
sound:0.05001714911780335
near:0.10448625441975434
like:0.016878827007372074
consider:0.04667194316769845
me:0.01570418377397891
anything:0.03364117609158556
re:0.005419427576495225
prefer:0.05951490007307016
phone:0.04257024820593578
you:0.008055057817517709
used:0.0572308263286048
machine:0.04714201962788908
etc:0.03365686938345269
a:0.0040478380459315795
as:0.023191714788899084
equipment:0.058477650906385355
also:0.021499958430138643
are:0.009317556255090224
those:0.02689732832300812
book:0.0450680943577344
have:0.00740942917605294
made:0.033704051477072484
try:0.03530999525135352
buy:0.04357740761223139
bank:0.06901008750053
channel:0.14046052547121501
scratch:0.08171605482797198
writes:0.009583512913298006
listed:0.06579413760089793
if:0.00971232492410738
of:0.002817979500952734
but:0.009641785829716091
street:0.057797514207516026
well:0.02438939000222239
they:0.01352057426822817
in:0.0025750681433984127
yellow:0.0821552627916724
and:0.00276664793109268
subject:0.00038691241872490284
i:0.00553329586218536
preferred:0.07401307179893532
the:0.002184791333301603
see:0.0256432719045098
cassette:0.17134129767526687
would:0.04054998461323374
write:0.04716194094184802
pages:0.06515931698266036
wanted:0.04413275347168264
under:0.03517860039283535
by:0.014354137316190813
