week:0.01904883317351151
music:0.12725575800251612
all:0.005271092986996084
your:0.006960951503763881
cut:0.02022660494919559
with:0.0032310904795002614
user:0.020893057920403402
obo:0.032446455740159724
to:0.0038071800002509137
sound:0.038134621979319674
stop:0.01836438184851181
aspect:0.028883866771711453
add:0.018984643184816123
deck:0.03360165904324569
software:0.04667048433946834
graphical:0.03288000057685307
that:0.0019166001405219713
like:0.012868939928272632
nt:0.003945185368632257
its:0.011424445060962265
asking:0.019809021075350243
need:0.010614375643631139
this:0.0029004554606155745
on:0.005602307461207623
set:0.014637649636054812
you:0.006141425297333943
am:0.018058965267418403
great:0.013929561816202633
etc:0.012830519267725058
card:0.03382219167419052
magazine:0.023329831695049076
a:0.005400844685593793
as:0.013261560666580414
old:0.014629354046090188
copy:0.018876309088747746
compatible:0.024892609518340967
features:0.023898605005836047
electronic:0.02383243820447298
70:0.07130116338170066
manual:0.02171048285570587
play:0.03538031196442477
plan:0.021577702748279592
works:0.016437160185363203
instrument:0.029222229342102165
it:0.013259602255137037
not:0.006661989045038286
have:0.005649178045830418
received:0.02137729718592139
plays:0.027363266708835796
writing:0.02211303174114715
be:0.009587755643162508
paste:0.03506404884560526
found:0.014776356382635344
notes:0.02584704104197524
listed:0.02508174306332573
of:0.0010742573788162357
interface:0.023329831695049076
print:0.02428929851300952
shipping:0.04534041425792043
windows:0.060711760915436494
please:0.010582405286769363
up:0.01484486597074458
pro:0.0248661113290399
now:0.009126598883305217
box:0.017505740390644238
one:0.010865313898073176
in:0.0009816558115717706
total:0.02022660494919559
use:0.00918662722512347
and:0.010546889903060493
word:0.01695511887383104
for:0.012582552709306728
subject:0.000147496999403416
i:0.0052734449515302465
tape:0.045849373079760586
paid:0.02285077424183512
preferred:0.028214927923351035
any:0.005653520808225454
the:0.0012493143811973253
do:0.007937214573552448
composition:0.03373166179136831
putting:0.022210245895237648
around:0.013078422282616771
can:0.009553215386052081
64:0.027977772980163
needs:0.018504677141819595
just:0.0064883346047839
record:0.021307449708489475
here:0.009946966329411028
many:0.010238679710376206
including:0.017568882356520606
guitar:0.03360165904324569
is:0.004453137462276197
move:0.019540470251784625
edit:0.02928069403453607
issue:0.017300331532954988
handy:0.02899436769274278
write:0.017978861464019412
new:0.019049718948989467
sale:0.017540730133169223
almost:0.016696093537373304
show:0.016630213644943825
on-line:0.032551694386406656
midi:0.035234058009509975
april:0.018796430176177416
included:0.02067835055525397
processor:0.027001510192926917
s:0.013711299024442394
