at:0.010243779214586407
all:0.0332814359527776
much:0.020316242669301526
been:0.017060934735133013
re:0.004348145381141518
michael:0.034938316298531266
charges:0.05878614720626729
this:0.006104446957807198
bitnet:0.056747160142571224
parallel:0.0535041091565278
ide:0.10534638194137781
game:0.034558245440819625
used:0.022958878003917042
brand:0.15717077870301333
state:0.03090364403419321
card:0.14236783007042986
a:0.0016238420067981338
hard:0.031444574448552434
same:0.022582480820100143
low:0.039485983023021164
3.5:0.055810177739555655
internet:0.03321551096644891
drives:0.09411727097106189
university:0.027329536065100624
selling:0.048485780643599305
writes:0.007689097569971655
of:0.0022609370414620775
5.25:0.06609555022280653
density:0.0650535483775776
never:0.02562720035885884
port:0.09697156128719861
shipping:0.047712877794672086
one:0.011433847764832819
in:0.004132086090569546
2.5:0.05658565883837742
floppy:0.0512211755069516
or:0.015681661807048497
and:0.0022197524098301735
for:0.011349378938793278
subject:0.0003104297313025383
6:0.03416685619254877
controls:0.0579452092809228
research:0.03589920326205555
the:0.0008764569883593639
thing:0.026324795757266935
less:0.031963552983677646
development:0.04520073294251398
friend:0.040386039763869834
i/o:0.06001126948135829
including:0.03697636868058407
25.00:0.08084568191424266
is:0.006248200625364277
new:0.06013951970524001
opened:0.0591803512955194
2:0.06796777507309565
sale:0.07383423614194487
1:0.04554706725406299
serial:0.04813160381238177
x:0.03540883708774538
art:0.05362781146123775
article:0.009422475352518616
ports:0.05724557531038265
mike:0.03715595382508957
mine:0.03796789586976728
high:0.03252702122838978
