land:0.026162054905182475
some:0.0076811636521931185
comfort:0.07885464211593388
go:0.012798896393382414
at:0.005795822450358099
vehicles:0.03288758760567396
all:0.0062767620437255995
allows:0.027188640691751073
with:0.0076950970630203595
4:0.01634387831696499
vehicle:0.028951859815784464
mentioned:0.023126076439419985
wheel:0.03197035382113616
to:0.004533549868719838
design:0.024757678996220018
venture:0.039713407320728374
enough:0.01600097715090392
family:0.02592412545473465
bear:0.02964185738697181
make:0.011579476864142787
that:0.004564534545190484
considering:0.026351118127336134
really:0.012838129889413985
through:0.015588574302794912
grand:0.032992017534333756
nt:0.004697885208700253
along:0.022986588231192335
anything:0.015271323357364497
re:0.0024601348866984903
carefully:0.030593049681781725
internal:0.026069522474475873
two:0.02453670306122778
these:0.010898920875650938
you:0.007313144597483182
performance:0.024940863378925104
am:0.0107522128730353
purchased:0.03149246445508371
vs:0.02247771016489041
a:0.0018375054287452564
how:0.008653703929138975
same:0.012776929937688239
want:0.012451302419159089
price:0.020593053959499754
budget:0.031046950152090618
rear:0.06233098590290068
also:0.009759849550523463
popular:0.02782876510613791
fox:0.0372941653462197
features:0.028458207276686347
mind:0.019931946072435112
are:0.008459360284226652
no:0.0074062219485691435
reason:0.01758034160531926
it:0.0022556278272366577
not:0.007933026428631116
explorer:0.04216521840813083
only:0.017546529450911664
whether:0.018799069637380424
between:0.01528201214504214
has:0.01401019044587567
sacrifice:0.03635271242753106
toyota:0.07001726086147358
ir:0.03863689795374283
writes:0.0043504104672208044
if:0.004408884340548745
of:0.005116857514887859
but:0.004376863304279014
never:0.014499600203038554
passenger:0.07270542485506212
they:0.006137629108603576
one:0.012938301418100295
in:0.0035068362216017857
point:0.014483789218816188
use:0.010939338998337815
and:0.007535475286002431
subject:0.00017563787428959404
gate:0.04032584431458371
i:0.0025118250953341434
limited:0.05108019819602315
mention:0.04966677387206477
world.std.com:0.06047468855737562
any:0.006732153067689521
decide:0.026932285635610387
actually:0.016081013994086082
the:0.006446571795959006
when:0.008603121334498262
can:0.00568793416077443
edwards:0.08273358343462657
an:0.011814449191601798
jonathan:0.031450693220355694
about:0.006480369607380733
spectrum:0.03576566549511039
is:0.003535166143298209
choosing:0.03739616657343
new:0.01134210240054965
90:0.026526048747002186
spare:0.033540580751038045
article:0.005331137370503954
very:0.022937401207676938
john:0.03528261052081376
buying:0.02638959161340471
range:0.026312868325589954
s:0.004081817637210647
