some:0.009811234244818102
boy:0.038107837858149814
say:0.015945756086281876
know:0.010368698534943712
all:0.008017376728120093
tried:0.026032471033921603
take:0.017863438070047928
liquid:0.05001075717991938
where:0.03104969408796238
your:0.010587665732615652
with:0.009829031542681468
remove:0.03712731415999689
such:0.016159808432502507
my:0.02395498137807482
to:0.0034744516640945315
that:0.002915164919617452
son:0.0358584142804598
months:0.02853608857125899
re:0.0031423571662031135
eat:0.03794306078765926
this:0.013234851387514766
hi:0.026479131596759704
on:0.02130289181677689
you:0.004670579742930435
m:0.023005289279261716
paint:0.04101055270807668
a:0.004694131515450067
altogether:0.04701348874345944
as:0.006723648405185028
given:0.023426786211607403
andrew.cmu.edu:0.03424184375401059
mazda:0.05110840577165941
no:0.009460048203214368
d:0.015309615314092735
care:0.026605184380452916
silver:0.13130348103255624
it:0.002881138065041781
not:0.005066470660302226
have:0.008592447279792484
probably:0.020060703487640406
ve:0.015337257975020455
mileage:0.04499549607385624
be:0.004861018967541776
get:0.011045159456227919
of:0.004901863501657277
seen:0.021785419248927334
never:0.01852049773833496
well:0.014141747144145754
now:0.013881633595615497
wax:0.1967770203682944
one:0.016526233744128108
gun:0.03076483609919665
replacing:0.04713440250356112
ho:0.0491942550920736
or:0.005666482837841053
and:0.0016041908171881927
few:0.019206953789128456
subject:0.00022434417556317895
car:0.05140577041820822
i:0.01122933572031735
similar:0.026594607461064713
ago:0.024043409456845747
any:0.008599052657889137
joseph:0.03432099687935926
the:0.0025336235629884133
when:0.010988860864233074
got:0.018589527912861965
would:0.007837391984070387
may:0.015638869978485972
vary:0.042768993373232506
observation:0.044100676910810446
plastic:0.08553798674646501
nice:0.026552432409703848
luck:0.0346452825707027
repeatedly:0.044100676910810446
black:0.08898031150194802
sometimes:0.029449632977460925
void:0.04621256286275083
s:0.015641250777882816
