at:0.021752222529739036
out:0.014545396284943949
all:0.011778615193164088
turn:0.04224047079894463
my:0.011731040263337052
to:0.0017014804445565812
designing:0.0739870716149503
russ:0.13885414067518337
that:0.008565546307024118
r:0.03827431810776703
re:0.004616549417014451
had:0.01894331463805105
something:0.024576065643994106
chen:0.06924683824597251
on:0.0062593682128307395
brown:0.057340782361175395
market:0.04828216314904966
theodore:0.06711581673156518
seeing:0.04948505759825219
a:0.0051722375031347965
horrible:0.06360188296656653
weird:0.06077925279867787
no:0.013898095508426047
have:0.006311735964785838
after:0.0238174529341352
has:0.03943609162542781
toyota:0.2627808308875058
anybody:0.03752586598657648
be:0.007141497001697176
noticed:0.05007658050807809
writes:0.01632746644487808
even:0.020730363552666983
looking:0.03202327586921783
sense:0.04057187711559247
one:0.01213964083673608
in:0.004387153133197296
and:0.002356774163523394
for:0.004016652628544123
subject:0.0003295920603952876
station:0.15318481991748728
i:0.002356774163523394
ugly:0.13546645866250473
than:0.01766174422493162
the:0.0037222370863656934
strong:0.04457595538235198
would:0.01151419316178242
leland.stanford.edu:0.0623124673694357
wagon:0.1545575670139487
may:0.022975623795553467
an:0.011085162204465884
thought:0.03314304203940386
just:0.014498624240319578
finally:0.044895363898717344
new:0.06385183573642766
their:0.018687452081255728
article:0.020008219267076566
yfn.ysu.edu:0.06872141090746886
bears:0.07508518872626506
john:0.03310467159977587
