bottom:0.06145909764176741
out:0.016139412316170682
ultimate:0.07216971813722808
all:0.013069422337620427
work:0.02774071868479868
automotive:0.07808172159081507
my:0.01301663371685344
to:0.0018879440549189463
been:0.020099183386595058
that:0.0047521181566366685
like:0.015953959774091413
nt:0.009781897968800527
me:0.014843680553486912
re:0.005122472640796856
so:0.01399740544362904
something:0.027269333111829077
on:0.013890652746281915
you:0.015227369572841693
them:0.020080262623729327
a:0.0019130193504745137
how:0.03603734238983902
hard:0.03704429318596588
said:0.03002061409127989
standard:0.04169924028030461
oil:0.061394633380980924
dumbest:0.08180684098100194
no:0.015421174468253558
concepts:0.06925491314710941
not:0.008259041213369381
mounted:0.07319576345466805
have:0.007003433056817162
systems:0.04110160438743302
try:0.033375200991005376
between:0.031820080082827475
hopefully:0.06332526818414667
list:0.039885323245501085
ford:0.06548637492457625
of:0.007990708995852273
what:0.012608795931460701
san:0.05531459498088416
st:0.052558181409853424
subject:0.000365711738246826
half:0.05180333539168514
space:0.041883736404289086
car:0.041899223834019034
will:0.015524730752099786
joseph:0.05594792641977742
the:0.0020650767396960357
do:0.009839971491869817
when:0.01791334853210597
joe:0.054513277081136104
about:0.013493372333176322
busy:0.06995756101543202
dynamics:0.0778659906734433
disclaimers:0.0748092296965363
general:0.04038945702859659
is:0.0036804469437077244
time:0.021637122875393336
keep:0.03629335046747837
filters:0.08363603814024197
their:0.020735392035365945
matter:0.04138223303973346
change:0.040712453533020374
before:0.02912594886606362
apply:0.05478843815739278
s:0.008499127135013948
diego:0.07108411030634944
