above:0.03679264905579115
at:0.02380986520147111
all:0.012892808522247178
fax:0.04133301810653229
cup:0.05917930537155977
mirrors:0.07619469977202793
automotive:0.0770265631909392
to:0.0037248625948400837
dod:0.04726302759043834
enough:0.03286687198564049
problems:0.03706855724178072
think:0.019456054426061558
r:0.04189486171255581
re:0.005053250037542845
on:0.006851470611341756
them:0.01980890772340866
same:0.02624450473687314
mobile:0.08316514795144725
fake:0.08042270411365414
driver:0.04972683241197827
solved:0.0734646102061727
fine:0.04377238618811568
dumbest:0.08070134312990732
gold:0.06986853470350171
concepts:0.06831903594241875
einstein:0.07599449591006657
it:0.004633181482972594
not:0.00814743254832385
machines:0.053323601822760705
650:0.06820688995843638
be:0.007817044015371234
thinking:0.047074682889846696
were:0.02096355807394999
of:0.00525515096123618
albert:0.06937257028660404
use:0.022469993618207406
and:0.005159424520145809
subject:0.000360769687729977
we:0.05463826644786365
face:0.04850367014791297
any:0.013828206301200099
driving:0.056582548536502436
phones:0.06692907127431459
the:0.005092925743169277
see:0.023910618397448326
when:0.017671276254645082
level:0.04757479949451012
can:0.011683324222131263
road:0.048792599810412306
an:0.012133758629212659
just:0.015870115722511974
is:0.003630711174198161
convertible:0.08316514795144725
time:0.021344729323023157
created:0.05132560930385164
eternal:0.06232421331981684
cellular:0.07091865611333031
significant:0.05625578099329683
side:0.04351843349420532
seem:0.03729341290399646
yfn.ysu.edu:0.07522208491222944
john:0.036236194588943865
s:0.01676854813124374
