to:0.005992170261264482
decade:0.24514816448391594
anyone:0.07273542389745179
pointers:0.23042633131526213
how:0.05718969553170106
figures:0.2051798444833815
prices:0.37934447645035146
have:0.044456575056317636
references:0.17953772160920276
up:0.05841132045010368
in:0.015450408860390476
or:0.029317889465351535
subject:0.0011607372561747086
car:0.26596898607681646
the:0.0032771869999524044
leland.stanford.edu:0.21944825464888223
last:0.0947896761764999
about:0.042826790448777026
gone:0.17085206073403317
