read:0.021798106364403096
thanks:0.01916717927804003
post:0.02483247888876135
2-3:0.055939891459479654
to:0.0026503830001746746
been:0.014108080646359994
that:0.0033356213984084312
problems:0.02637570419126705
nt:0.0068661399204080625
re:0.0035955817574824093
wait:0.0353019212029819
anyone:0.01608571874655184
charles:0.03957935245128688
phone:0.028243722367399703
lh:0.11695962090052828
on:0.004875084858070096
more:0.012225182940583904
a:0.001342792428698457
how:0.025295442254406237
ms:0.040193653099856605
was:0.008514049366359477
stating:0.05239087738315956
addressing:0.05181493371411082
503:0.05722384715779237
demand:0.045549566621350505
are:0.006181840207704092
it:0.009890060473268422
couple:0.03034607494860114
have:0.01474761384079768
probably:0.02295407418297316
systems:0.028850164618102025
jan:0.05106250874392093
call:0.02554765478844911
johnson:0.08879526401553522
writes:0.006358292221322715
of:0.0018696210150551795
seen:0.024927547025214932
intel:0.048611621728259495
again:0.023479510943346327
order:0.026964585203197042
they:0.026911143014646453
es:0.060188283308316576
called:0.02579090861400706
email:0.026383640951614818
in:0.003416917344124817
or:0.01296752803275164
weeks:0.0700108631794829
and:0.003671128985488364
for:0.009385063353232904
subject:0.000256701508577099
car:0.058820064228526724
i:0.0055066934782325465
ago:0.027511208897736963
yet:0.0252891225258285
the:0.002174287528814576
waiting:0.042067694821018284
can:0.008313134542670322
an:0.025900907843127024
cars:0.036750740895879874
long:0.04577521625208817
address:0.03070020532628472
is:0.0025833906431794607
division:0.03810160977038782
having:0.02516241723481117
engine:0.039240855959046694
time:0.015187595864458786
told:0.05961961089863712
ordered:0.09007779044820201
chicago:0.040602880161575795
e-mail:0.026439382467810257
article:0.015583324621473098
charlie:0.0527537651522254
delay:0.05300352944456445
corporation:0.045666828862637225
john:0.025783446149825442
s:0.011931466939538815
