some:0.009729473959444618
boy:0.03779027254266523
say:0.015812874785562862
there:0.007648158213142895
know:0.010282292713819181
case:0.020596759227556296
where:0.015395473318614681
such:0.016025143362231653
maxima:0.10851493153909715
name:0.023018604215252092
my:0.00791845217775251
to:0.0022969986001513845
add:0.08590551041129296
track:0.037914963148304504
might:0.017725709465653716
that:0.00867261563586192
re:0.006232341712969509
eat:0.037626868614428766
so:0.008515088311541
this:0.004374853653095158
hi:0.026258472166786704
these:0.013805299775824521
you:0.01852663298029073
used:0.01645386256947388
e.g:0.03382729350159413
apparently:0.031572175468763855
names:0.03414081009984066
m:0.011406789267633935
how:0.021922716620485404
other:0.011494233231932589
was:0.007378842784178213
as:0.013335236003616973
steve:0.02672628205695322
given:0.023231562993177343
far:0.020744817267678347
others:0.0224694018589033
mazda:0.050682502390228916
are:0.010715189693353758
missed:0.03621610147689859
silver:0.13020928535728493
it:0.002857128581166433
not:0.005024250071466374
ones:0.02827191650314047
have:0.008520843552460881
real:0.021313282116652062
anybody:0.025329959540939126
be:0.004820510476145594
which:0.010765769437645982
if:0.011169173662723488
of:0.004861014639143467
keeping:0.03483449935320906
america:0.03281448795388719
seen:0.021603874088519607
what:0.00767035085830526
never:0.01836616025718217
english:0.03681791987533025
who:0.010775440618615403
in:0.010364649277178612
ho:0.04878430296630632
or:0.016857786442577134
and:0.009544935362269746
subject:0.00022247464076681915
i:0.006363290241513164
integra:0.05665481637331341
mention:0.03145562345230769
the:0.0012562550166484215
when:0.0108972870236978
canada:0.09301518982516617
na:0.03631919557525315
many:0.015443341896484112
about:0.008208468169348929
including:0.026499730887751916
language:0.03398257749780157
is:0.004477877114844399
count:0.035528088137790084
words:0.027565492762561452
sometimes:0.029204219369315415
north:0.03345128987425688
void:0.04582745817222791
appear:0.03290581306880152
include:0.02801269394370501
