large:0.07677010563814296
small:0.07663451026323105
medium:0.14067670707260105
wrote:0.06604038396648361
dealers:0.1262338327357156
city:0.09435347688426646
most:0.047605011896590714
like:0.02986254008996598
re:0.00958821801995309
wade:0.1474039959051008
pricing:0.14963505685355286
two:0.047815113657777214
more:0.03260048784155707
a:0.0035807798098625512
same:0.049797265398169546
j:0.07831099126997083
are:0.016484907220544243
have:0.013108990080709046
robert:0.08193364176814624
has:0.02730190958683464
writes:0.01695544592352724
of:0.004985656040147145
now:0.04235677943277549
in:0.004555889792166422
and:0.009789677294635637
subject:0.0006845373562055973
cec1.wustl.edu:0.16122441900081075
until:0.07336322372729856
the:0.0019327000256129563
saturn:0.5862529248693273
ralph:0.28405309278548013
2:0.04995921928449766
cities:0.12442737989082812
built:0.09467942651473726
