abs:0.11774190131881015
24:0.06660152270669928
your:0.022907858585113863
with:0.02126645006507445
hell:0.06206147135421628
wheel:0.08835443237841266
bet:0.07843038754562927
most:0.03375628116303705
matthew:0.07793222437857263
quiet:0.09161962468705047
re:0.006798918232330373
lh:0.11058000521504491
best:0.04427592872657153
magazines:0.09655456198850502
great:0.04584092161332139
a:0.005078196821259618
214:0.1067783361630711
are:0.011689297847295008
bang:0.10712466698072008
it:0.006233735086181308
won:0.07857526335743248
between:0.04223392447357101
has:0.019359535888846383
dodge:0.1054554388124815
breaks:0.1004656779815404
of:0.010605850121767563
year:0.044995649385630034
award:0.10278992109990194
valve:0.10452283345998058
and:0.013883542345119631
gets:0.06067847895259644
for:0.0059154338711286175
subject:0.00048539921621851447
room:0.07250960873306556
the:0.005481840072647658
roy:0.09161962468705047
cars:0.06949231005766375
is:0.004884956852557526
disk:0.06365416334181602
lot:0.04506460705937074
six:0.07704178793136428
automobile:0.20669881160586764
hp:0.07864813647375135
four:0.06378265729132679
