since:0.01770638604782019
at:0.02338845165808224
out:0.020852692019123185
there:0.016243875850922962
where:0.01634917520560851
sell:0.030797099990978474
dealer:0.2739642285198339
to:0.0036589358232499932
that:0.003069952437473246
really:0.017268988877795804
me:0.009589280357562343
re:0.00330920798918735
this:0.018583449145890937
chen:0.04963711414091835
you:0.004918575127510813
numbers:0.031218959300873435
theodore:0.04810956774563522
infinity:0.05539452623066304
includes:0.033342959039224324
a:0.0037075330774683055
want:0.01674865458152373
factory:0.049260480384999805
old:0.02343285913577278
dual:0.04913841558736851
are:0.01137896250621638
d:0.01612251524227465
not:0.005335486801557212
have:0.009048683418542529
doing:0.02372303455898509
his:0.016322380898276607
be:0.005119126169358153
writes:0.0058518795665271
get:0.03489488429976431
of:0.001720713146599457
believing:0.04369757189453631
looking:0.0229547375699703
version:0.02761478413863349
necessarily:0.03440055781465665
they:0.016511851761199004
up:0.011889029826127297
in:0.0015723867424291193
fully:0.03714737614936102
and:0.005068107272001635
subject:0.00023625625568157783
car:0.0270676401759592
i:0.006757476362668847
special:0.03093549728199135
cost:0.14694723913056995
the:0.003335190309686075
would:0.008253536691189169
can:0.007651026481749676
because:0.015617011494641717
did:0.014547885340203234
leland.stanford.edu:0.04466645891083444
may:0.01646925245521974
rid:0.04086153742307815
an:0.007946001226210059
is:0.007132901598867183
deal:0.02917092913062397
match:0.04236154510772323
2:0.017242562407923972
their:0.013395430252935521
trouble:0.03375948568398526
1993:0.053622226601949326
loaded:0.04130044840661242
update:0.03842338222987881
article:0.007171087436430097
by:0.008764915706346603
check:0.05857188609889715
s:0.016471759668743848
cup.portal.com:0.09537616117287655
