replacement:0.04747909253925581
out:0.01132862595269673
take:0.02043989548399715
1984:0.05239087738315956
thanks:0.01916717927804003
with:0.005623340161437955
corporate:0.051485231084508594
service:0.03502491565844561
my:0.009136675589714436
via:0.03286760940976582
to:0.005300766000349349
player:0.037377529164001944
relevant:0.04323070069041889
like:0.011198452533737243
nt:0.0068661399204080625
its:0.019882928423405482
you:0.005344221052006941
etc:0.022330038340944575
brand:0.04332271464249726
m:0.013161679924193
a:0.005371169714793828
how:0.012647721127203118
other:0.013262576806076065
want:0.0181980573818479
was:0.008514049366359477
old:0.02546070271483004
standard:0.029269659042906123
fine:0.031145736326159235
college:0.03961072404392935
model:0.03518222607291875
book:0.029900947218112248
d:0.017517732907471495
place:0.026148342474196402
it:0.006593373648845615
slide:0.05480736227047597
application:0.03548430488285509
have:0.009831742560531787
ve:0.017549362490648406
tom:0.10949216029254102
minimal:0.04971414969287622
toyota:0.10233291972061524
if:0.006443754036186628
looking:0.024941205244294655
what:0.00885040483650607
but:0.006396954060100099
easy:0.031862322733257765
please:0.01841745535485822
up:0.012917888176465237
in:0.006833834688249634
and:0.0055066934782325465
for:0.009385063353232904
subject:0.000256701508577099
car:0.058820064228526724
i:0.007342257970976728
similar:0.030430368152564436
any:0.009839300637392379
information:0.02345020465849774
the:0.0028990500384194345
do:0.006906903066408622
radio:0.06898750693783974
road:0.0347178114035626
put:0.023917877880257492
nj:0.04692553627174159
just:0.011292197725633519
unit:0.082502708030758
is:0.0025833906431794607
new:0.03315383778622206
spent:0.04174848261515679
time:0.015187595864458786
does:0.011716238599399282
gone:0.037784590354641955
hear:0.031862322733257765
every:0.023386043528244194
change:0.028577010652985457
e-mail:0.026439382467810257
answer:0.029194913866623623
