go:0.011511433442568799
at:0.010425621449164865
out:0.006971462124736449
there:0.005430644885071878
know:0.007301036246498827
take:0.025156794441842645
your:0.007455220249593269
someone:0.013038213696230887
my:0.016867708781011265
to:0.002446507384776623
w:0.018309709201357122
1988:0.05408403365629925
day:0.01504913038912942
that:0.002052690091328265
gee:0.02996436041070712
like:0.013782710810753529
nt:0.012675950622291808
me:0.006411767339671862
need:0.01136805912128542
re:0.002212665696912252
aw:0.03585154300948386
these:0.00980257972247895
on:0.003000052220350828
you:0.006577502833239312
numbers:0.04174843078104968
support:0.016206842068245596
8:0.03494072523519368
sure:0.01291150307786511
magazine:0.02498638779173895
a:0.0033053352091038934
how:0.007783213001355765
want:0.02239760908535126
price:0.01852156332452049
test:0.02115917073360752
was:0.005239414994682755
gary:0.02511644049421691
quotes:0.028754401069897614
worth:0.020799784726578924
timing:0.03254020698619733
driver:0.04354775856196914
let:0.013639868300312573
drive:0.016708897921928926
definitely:0.025182554698939548
variable:0.03142308230395134
aint:0.04221923196105812
income:0.03327569643399365
figures:0.027923884160460204
are:0.007608418717174267
race:0.02586289780384354
it:0.016229842827927665
have:0.0030251515570867034
probably:0.014125584112598866
rated:0.06764456825415315
hurt:0.026688648575477297
buy:0.017791959320970212
after:0.011415465607484918
shows:0.022865175370532016
love:0.019362233373854724
1/4:0.09906071938721392
if:0.003965387099191771
of:0.0023010720185294513
but:0.003936587113907753
version:0.018464323122281565
oh:0.019110746651724693
they:0.005520234464542862
miles:0.023752395176987132
sounds:0.04216218418415193
newer:0.02908785039860253
in:0.002102718365615272
bmw:0.0524432467534437
promise:0.029486911231712196
valve:0.03401630674733096
and:0.00451831259752414
word:0.03631806528004045
for:0.007700564802652639
subject:0.0001579701591243686
car:0.036196962602170285
i:0.010166203344429315
faster:0.023078704304108473
we:0.007974816010141834
actually:0.014463397201781565
addition:0.02346369598071831
will:0.006705948786409966
mile:0.06284616460790268
than:0.016930192688987704
the:0.0031220538875286223
do:0.00850080377404138
quote:0.02387549060674905
got:0.013089667583612864
would:0.005518636959197492
can:0.005115775103181736
because:0.01044214378044091
last:0.012900370130529573
problem:0.012518137822754936
mahan:0.038318370251683775
just:0.006949044754236011
btw:0.022199943907948726
is:0.0015897788573412065
new:0.020402361714598187
time:0.009346212839666945
does:0.007209992984245711
drove:0.031235220183746727
1993:0.017926957414261164
automobile:0.03363442200687196
wont:0.03533668279061031
checked:0.02663175237015516
refuse:0.029720821520212992
s:0.01101366179034352
