ask:0.03834950768889957
out:0.015502330251058682
know:0.01623519902181976
all:0.025107048174902398
with:0.0076950970630203595
to:0.007253679789951741
important:0.04134696438122661
that:0.018258138180761937
really:0.02567625977882797
re:0.004920269773396981
so:0.013444876281380526
93:0.04817125652374212
these:0.04359568350260375
you:0.014626289194966363
great:0.03317435116753522
a:0.00551251628623577
air:0.05071235507409433
other:0.05444636794073332
let:0.030330759773063484
question:0.028723501096672426
are:0.008459360284226652
no:0.014812443897138287
it:0.004511255654473315
have:0.0067269817519428005
ve:0.04802983418493248
closed:0.054290430277826464
yourself:0.04613519304440253
be:0.007611332330756201
what:0.012111080302587252
but:0.008753726608558028
one:0.012938301418100295
in:0.00467578162880238
or:0.017745038360607507
and:0.0025118250953341434
subject:0.00035127574857918807
doug:0.05686367742972087
power:0.035550727370665024
integra:0.26836491966306353
champion:0.08476188185340627
the:0.0009917802763013855
do:0.009451551564559166
got:0.05821457425343616
can:0.02275173664309772
an:0.011814449191601798
cars:0.15087146262519105
just:0.03090496219647068
about:0.012960739214761466
opened:0.06696723962387721
light:0.04595019323429333
nothing:0.03361652633553827
comes:0.03979179391112515
s:0.016327270548842587
