at:0.05182147132084888
all:0.018707212365613554
dod:0.06857772630769485
designing:0.117508878447274
that:0.006802051479107388
problems:0.0537857497233681
r:0.060788622877041766
them:0.028742336696710606
horrible:0.10101475529984097
same:0.03808026177507083
solved:0.10659570892660353
no:0.022073445807500192
einstein:0.1102665234773515
not:0.011821764874038528
have:0.010024521826424566
650:0.098966859939692
has:0.04175586172104122
toyota:0.20867889511654872
anybody:0.059599904802209704
be:0.01134237759093081
noticed:0.07953339257165344
thinking:0.06830444184016972
were:0.03041771171514312
of:0.003812560501288993
sense:0.06443768718358805
albert:0.10065823923938624
for:0.006379389468864196
subject:0.000523469742980751
station:0.08109784583866975
we:0.07927905327729234
ugly:0.10757630540845964
face:0.07037787433226587
the:0.004433841235229724
when:0.025640675349877174
level:0.0690301012273284
can:0.01695227436152379
an:0.0176058458541517
their:0.029680070952582627
created:0.07447245271539257
eternal:0.09043121148365581
significant:0.08162603516674442
yfn.ysu.edu:0.10914577026480349
john:0.05257800783493815
