king:0.08745111468495406
all:0.0198764131384644
1984:0.11351356766351237
wheel:0.20247890753386236
turn:0.1425615889464381
mechanical:0.11019215647751025
my:0.019796130444381277
to:0.0028712482501892307
stop:0.20774706966128983
randy:0.1044747221920569
nt:0.014876636494217468
steering:0.23431636238937192
this:0.03281140239821369
market:0.08147615031402129
a:0.002909383595513323
turning:0.09881737447285072
it:0.007142821452916082
not:0.012560625178665935
left:0.12185021597919006
after:0.0803839036527063
has:0.022182801539303146
what:0.01917587714576315
truck:0.10713791743184617
subject:0.0011123732038340957
cause:0.06569794027795972
signal:0.18773176345082146
the:0.003140637541621054
an:0.01870621122003618
problem:0.04407427691761634
note:0.06170185622663536
pickup:0.12485318335022863
is:0.005597346393555498
does:0.025385183632031773
by:0.02063407239202429
says:0.053354723842241
s:0.012925755851167047
