roughly:0.14894049733557363
saw:0.09992295832751337
thanks:0.05862901896812244
dealer:0.13007545303672785
to:0.00405352694144362
re:0.010998250081710898
30:0.10067957277570266
recently:0.0973326930761085
m:0.040259256238708005
sure:0.06417776529880011
a:0.004107365076018809
steve:0.09432805431865843
jack:0.12572811466940986
authorized:0.16371865539720523
placed:0.1339656874066617
be:0.017013566386396214
spots:0.17272966144026208
of:0.00571884075193349
must:0.0681606008082205
one:0.02892090905222419
in:0.010451747170264146
according:0.10116253542900641
installed:0.11780499868691449
and:0.005614667860158675
lo:0.1866644953251339
subject:0.0007852046144711264
car:0.08996009823186439
i:0.005614667860158675
the:0.002216920617614862
an:0.02640876878122755
is:0.007902136085019527
representative:0.15587663588973616
by:0.029130455141681354
