out:0.028736026806840485
all:0.023269947088933932
where:0.04505992190814053
someone:0.05374288084543951
from:0.02064810376658965
to:0.006722922732150394
that:0.008461088425231142
like:0.028405830817284712
could:0.07361508074761255
me:0.026428992204988896
these:0.040405755441437624
big:0.067701964728477
m:0.03338572468575786
sure:0.05322058585754155
a:0.006812215248031195
wondering:0.08777886589895846
was:0.021596613026863064
are:0.03136153080981588
not:0.014705122160389389
hopefully:0.11274986774250507
list:0.07101533163223366
comparison:0.1138280651206635
making:0.07499041928957081
if:0.016345132189351446
of:0.00474245330648143
but:0.016226420054888054
seems:0.05747529486295313
they:0.0227541371831157
find:0.05162065213837537
point:0.053695999055123435
and:0.004656066030375486
i:0.013968198091126456
the:0.0018384219755830562
days:0.07264030791585786
somewhere:0.0946224648512826
