perform:0.027712586885001656
above:0.01620628589362229
some:0.006949624256746155
since:0.011909652520260007
belt:0.03412039606159358
all:0.0056789751824184
financial:0.03214553063113521
tower:0.0327338986944485
ever:0.03146931020035548
where:0.010996766656153343
own:0.013491015687785685
with:0.0034811153380330194
4:0.02957463695450808
ca:0.01224136069102572
times:0.016729024651744206
from:0.005039120562084378
wheel:0.028925558219123192
brothers:0.030503580543011534
my:0.016968111809469666
weather:0.031060283269266437
to:0.0008203566429112088
most:0.011051163475994273
front:0.02093423172241627
enough:0.014477074565103547
next:0.015942738236602232
nyc:0.035304032125552894
been:0.017467147466921896
roads:0.027233584782486338
through:0.014103948178719206
nt:0.00425046756977642
covered:0.0274842483857609
re:0.002225836326060539
severe:0.029994519986832002
this:0.0031248954664965414
carefully:0.02767942590256442
best:0.014495095714056154
these:0.009860928411303229
on:0.01207163869617357
set:0.03154064981102287
you:0.0033083273179090587
more:0.007567970391790035
sure:0.0129883572628524
a:0.0016625049117218987
other:0.008210166594237563
j:0.01817933725910037
timothy:0.030294703639373026
as:0.0047625842870060615
drive:0.03361671129530939
reputation:0.03431882713461496
are:0.0038268534619120566
those:0.011047116989806904
not:0.0035887500510474097
should:0.009778643703770712
have:0.009129475234779515
ve:0.01086389106563949
buy:0.017897863840737892
bmws:0.04106346085330114
absolutely:0.023824159197307345
poor:0.02352057256366227
talk:0.020592820045458492
yourself:0.020870682567705905
be:0.0034432217686754243
get:0.007823654614828108
dec:0.029525586190087272
if:0.003988990593829817
inch:0.031298410261014646
of:0.0046295377515652054
conditions:0.08097915544856836
praise:0.03421878476368412
excellent:0.02318491317464516
york:0.022399804806103825
good:0.00964291578190178
tim:0.04854653928257367
in:0.007403320912270436
1990:0.025422299823471835
5:0.015469481469748112
winter:0.09602129078332945
tires:0.09389523078304393
or:0.004013758676804079
world:0.015007444575789742
rather:0.015318355076862281
and:0.005681509144208182
subject:0.0001589104576905851
i:0.005681509144208182
6:0.01749017638428092
employer:0.026905300139182287
driving:0.024923265426792737
pretty:0.017131071767378728
will:0.006745865148233835
than:0.017030967645469776
the:0.002243312529729324
do:0.004275701898252956
less:0.016362294979739747
road:0.021491978487919703
put:0.014806305354445114
7:0.018997193624591104
an:0.010689263554306388
cars:0.06825137594949118
snow:0.19503834885168395
expressed:0.024462851938233852
about:0.005863191549534949
meets:0.03620178742159208
convertible:0.03663226755004224
new:0.010261902171925874
ideal:0.03214553063113521
drove:0.03142114411341188
advice:0.023153911120436
vt:0.037599642130386135
concentrate:0.03111892789095103
opinions:0.016997679497143106
past:0.019663776469662875
live:0.01843266829730749
included:0.02227846101488672
while:0.01291870539213406
favor:0.028343428794860535
rubber:0.03330122119328377
driven:0.028019654556373636
aside:0.026876334724591975
