at:0.00672492375919413
out:0.013490577470386945
there:0.021017839364362155
take:0.008113546298991234
with:0.0022321655602654477
height:0.020480013694819946
shape:0.036396386162497754
alot:0.019328156142784363
from:0.0032311918108021967
availability:0.020436885621331655
sell:0.026565437396798227
1980:0.02052363467124599
my:0.00362677198981031
to:0.005786332351526389
require:0.014807332285887735
a.k.a:0.022793509128294434
value:0.014251346640292624
us:0.007862123611393114
appreciate:0.02930697202606484
been:0.005600154149700149
die:0.014380741875695987
she:0.05061286236486233
that:0.006620317279283909
sources:0.01469137013440635
its:0.01578492027507
generally:0.014758585851996561
re:0.0014272538273975973
complete:0.01413441164234648
extremely:0.016863169408548206
certain:0.012581354930383622
on:0.001935148187936221
tell:0.009198568906955926
regular:0.015446727678456722
slowly:0.020147909202493118
went:0.01245214223372551
moment:0.01606225495935795
market:0.014926928301805429
great:0.00962309423180411
m:0.005224483634030809
fun:0.015710887995930668
more:0.009705488746723098
stable:0.019171064263038152
a:0.003731117893482735
richard:0.014259837842667093
low:0.012961047862518397
sister:0.0222739206766739
as:0.003053870840522971
old:0.01010653848222261
finished:0.01887504046782489
said:0.008364522246806992
worth:0.013416655033556633
driver:0.01404498320032974
ride:0.016117173804594973
are:0.01717702164583427
it:0.011777476594121174
not:0.0023011832388395606
ones:0.01294896939075136
should:0.012540550704072362
have:0.0019513382181208124
due:0.012653215591215582
ve:0.013932318313186521
university:0.008970763746559746
real:0.01952361720609349
earlier:0.015060864636962946
worthless:0.021039568939827107
selling:0.015915179905914276
has:0.008128049418981305
willing:0.013648472725113247
usually:0.012586834893842035
be:0.006623602180963412
which:0.004930886765334037
writes:0.0025239022557922226
soon:0.013728983347478895
were:0.0059210049521843475
things:0.008529488275344464
if:0.005115652059262666
of:0.0037106981978194398
produced:0.03504448072117865
keeping:0.015954732528187354
kept:0.015243418406771654
parts:0.013926316837467026
result:0.013492373896990466
year:0.018891303177172913
years:0.008510593217482418
1978:0.02200596549089814
they:0.003560761925602075
who:0.004935316313869649
up:0.005127711337222842
refuses:0.022137592117123978
miles:0.015321201469125289
good:0.018549731122437012
over:0.015312524828392043
newer:0.01876277373039629
one:0.007506190135691774
in:0.004069000806744057
symbol:0.022488002610456508
world:0.00962309423180411
and:0.0029144840800823654
still:0.023378348269803974
for:0.0037253686592985573
subject:0.00010189678203060419
car:0.05837105610464484
i:0.002185863060061774
6:0.01121507493343204
power:0.01031242473347535
limited:0.014817156728617402
pay:0.012720771228999554
actually:0.009329443233210246
the:0.004603071816727041
waiting:0.016698626951854586
desirable:0.022637699988904147
older:0.016863169408548206
level:0.026874314218272893
would:0.007119462947361649
her:0.025239761869692578
increasing:0.01945865753495337
carl:0.018547686186308
may:0.0071031508680909575
last:0.016642462229461814
an:0.006854184263830051
cars:0.029176160711232874
long:0.009085157424078567
about:0.0037596037416865323
maintenance:0.02157803687211682
is:0.008203744332539356
mg:0.04401193098179628
having:0.009988135085573897
right:0.007404097686222517
time:0.012057328014532165
lot:0.009460127436127445
1979:0.02169548595099756
eternal:0.01760302208269636
solely:0.020480013694819946
69:0.020989675498730338
article:0.0030928735889946602
very:0.006653597296883387
little:0.008951674434726963
hopes:0.02187872724560199
condition:0.014496546139255806
before:0.008115245294742918
registered:0.019733860946790558
going:0.008312273603243063
mike:0.024392458236318346
seem:0.010533254026319609
while:0.008283750022437109
plenty:0.017791285695530335
