king:0.1049413376219449
posting:0.08247971392390602
all:0.023851695766157283
thanks:0.09966933224580815
suggested:0.10980154872388331
with:0.014620684419738683
loose:0.13045318973091904
wire:0.12745420685394457
my:0.04751071306651507
to:0.006890995800454155
randy:0.1253696666304683
re:0.009348512569454263
you:0.027789949470436094
a:0.006982520629231975
low:0.0848948634994955
was:0.044273056705069286
responded:0.13094825541332353
as:0.020002854005425463
minority:0.12400746199836654
it:0.0085713857434993
not:0.015072750214399123
connection:0.10764415338756242
of:0.009722029278286934
who:0.03232632185584621
truck:0.12856550091821542
subject:0.0006674239223004575
the:0.0037687650499452652
problem:0.15866739690341883
beam:0.14022484744809435
s:0.015510907021400459
