hand:0.09567392289250526
us:0.06242049655106049
been:0.04446182991580119
manufacture:0.17420472243330096
indeed:0.1117649184395338
re:0.011331530387217289
so:0.03096395749651273
this:0.01590855873852785
on:0.015363903795129998
was:0.026832155578829866
as:0.024245883642939954
standard:0.09224377395340111
drive:0.08556981056987845
have:0.015492442822656147
left:0.17723667778791283
were:0.04700919083249391
of:0.005892138956537535
year:0.07499274897605006
subject:0.0008089986936975241
special:0.10593064220803099
controls:0.15100872721695036
the:0.0022841000302698576
did:0.04981548616493835
may:0.05639471295272215
an:0.027209034501870812
here:0.05455760320070897
col.hp.com:0.17684143082692613
export:0.15724666825343966
first:0.05689560089063761
dave:0.10625074761741189
by:0.030013196206580793
s:0.018801099419879345
