some:0.01389924851349231
go:0.011579953879726946
appearance:0.03228726068288354
fast:0.020724987648500223
mustang:0.03431882713461496
there:0.005462970152244925
all:0.0056789751824184
your:0.0074995965606027525
with:0.006962230676066039
much:0.010399981366428163
though:0.01479490596196833
to:0.0032814265716448352
5.0:0.03019295105985338
important:0.01870457912484061
most:0.022102326951988546
acceleration:0.034845930690218796
day:0.015138708546207571
enough:0.014477074565103547
that:0.004129816969458057
like:0.006932375378027816
really:0.02323090170465388
nt:0.00850093513955284
re:0.002225836326060539
prefer:0.0244436196728681
wade:0.03421878476368412
he:0.009465078616191875
on:0.006035819348086785
you:0.0033083273179090587
m:0.008147706619738524
a:0.005818767191026646
sorry:0.018913194552015622
j:0.01817933725910037
low:0.04042612547595024
want:0.03379639228057467
price:0.018631810725261683
song:0.03554702018817346
as:0.0047625842870060615
steve:0.0190902014692523
said:0.013044671599187097
rec.autos:0.03678296878804397
handling:0.028725122414917315
oasys.dt.navy.mil:0.070141150999281
also:0.008830340069521228
are:0.007653706923824113
kevin:0.0536376467002347
d:0.021688621694964706
gas:0.023620057569458345
bang:0.070141150999281
it:0.0020408061294045947
not:0.007177500102094819
have:0.006086316823186343
only:0.007937715703983848
reliability:0.065467797388897
between:0.013826582416942889
buck:0.033473766055624556
robert:0.019020309696176806
feel:0.01813259931098915
be:0.0034432217686754243
writes:0.007872171321637646
get:0.007823654614828108
if:0.003988990593829817
of:0.0011573844378913014
even:0.01998999342578602
looking:0.015439793722658595
but:0.007920038360123931
never:0.013118685897987264
one:0.005853041117712038
in:0.0031728518195444726
or:0.008027517353608158
and:0.005681509144208182
for:0.009683001872383154
subject:0.0001589104576905851
fits:0.030450670141718403
v8:0.032581265178892926
feedback:0.03297044826974323
costs:0.024501503898415686
car:0.07282484142579498
i:0.00909041463073309
any:0.006090995632671472
tobias:0.07555467667922086
pretty:0.017131071767378728
suggestions:0.02355354982780284
the:0.002691975035675189
do:0.008551403796505912
when:0.007783776445498427
needs:0.019936586682555636
v6:0.032215973831414994
long:0.028337038632245057
many:0.011030958497488651
maintenance:0.0673029245296977
hit:0.02130775083291315
is:0.0047977254801904266
engine:0.024291958450838428
turbo:0.029570851662618337
nice:0.01880797295687356
every:0.014477074565103547
show:0.017917075415088288
article:0.004823410001884529
by:0.0058954492548640835
trips:0.06863765426922992
four:0.02088122708942246
range:0.02380688086600996
s:0.007386146200666885
driven:0.028019654556373636
