another:0.020344085599895218
havent:0.06917903953694485
out:0.02161792842349468
there:0.01683998138673665
watch:0.03526755817040688
with:0.01073077755577151
much:0.016029329078531482
trick:0.0455770924708246
often:0.028507526497969782
ease:0.052740879268797544
my:0.02615268609165967
owners:0.07922288923649998
trip:0.047180000336959786
that:0.003182611242518136
liberty:0.091436477030447
months:0.031154078348438717
its:0.01897086748655202
me:0.009941180554170136
australia:0.04256049280224071
so:0.009374409150320367
had:0.042231426211434914
off:0.020031719706021564
tar:0.05498121835606399
on:0.004651457112287064
hat:0.04912352323659536
narrow:0.050333867668178364
great:0.023130740263602543
ta:0.04236104338355809
8:0.027087075985081345
m:0.012557933138679561
fun:0.03776378582508106
a:0.005124785782922551
other:0.01265420172322854
steve:0.05884685957494287
no:0.010327942533784494
hey:0.03535907326267128
works:0.02729473388578661
it:0.009436387974494642
only:0.012234277415314557
ve:0.03348869172527402
be:0.005306984010435517
get:0.012058476837533232
if:0.006148168988655132
of:0.0017838585831719143
parts:0.03347426615978313
years:0.02045665525670086
never:0.02021962597120973
saying:0.02767481815563706
well:0.015439155139021513
up:0.012325324498645731
now:0.015155177962185728
over:0.018403126169902365
in:0.0016300890082063348
pull:0.04146871948057454
green:0.07721671191471162
for:0.0059697039066435595
subject:0.0002449262100185165
station:0.03794486364928584
car:0.028060948072324676
i:0.008756821433274997
branch:0.04183391443837656
group:0.02474418288813436
power:0.024787663120830663
any:0.018775913142913898
driving:0.03841384029083651
the:0.0013830330458514735
got:0.020294989189271324
would:0.00855641877159978
did:0.030163505384274595
handles:0.05094166019607929
once:0.024614965091054188
road:0.03312525124743587
wagon:0.05742735288132957
an:0.008237597601483824
just:0.010774207004274184
dirt:0.051068204435825486
about:0.01807369138205269
mountains:0.05081683770015471
very:0.01599305038333438
built:0.03387612508325462
happy:0.03484490906866992
doubt:0.03192726879798686
plenty:0.04276437479109127
