posting:0.0701955012118349
take:0.04522870490075965
access:0.07132716740464948
from:0.018012175626173948
to:0.005864677276982259
nt:0.0151931606749455
its:0.04399626714966319
re:0.007956180910173841
this:0.01116983911428551
off:0.046456541445879795
pins:0.11144532375602002
on:0.010787421813601913
you:0.023651020825903056
went:0.06941406947310816
inside:0.07987352185264227
why:0.03786643787561716
how:0.027986446749555836
want:0.04026804186621663
quick:0.08636755787641055
driver:0.07829331060609344
question:0.046446512411640516
ole.cdac.com:0.14010646520211809
panel:0.1049030961018081
are:0.013678965565983522
craig:0.09712735624022373
writes:0.014069412574841752
drink:0.10669758862167514
in:0.0037804191892444783
door:0.08999941055602048
speaker:0.11209339200037553
and:0.004061674622242445
subject:0.0005680203594046446
i:0.004061674622242445
the:0.006414919233949387
do:0.030566719953467943
an:0.019104215714079505
87:0.11253667044511685
devil:0.11231387683091908
article:0.01724112511311917
honda:0.10253659322712248
side:0.06851838465045092
