ian:0.025518100352704378
blown:0.025063967936128022
some:0.005430404070387694
believe:0.01010545060618763
go:0.009048522101368034
at:0.004097511685834563
say:0.008825790577988574
know:0.00573895407282931
all:0.00887504958740736
happen:0.01572852198217356
small:0.013901143722167494
damn:0.020008543522616773
ever:0.02458997262167312
with:0.005440254667809743
though:0.023121341410331904
into:0.008329320478987844
someone:0.010248642393781487
from:0.003937545369442677
blowing:0.052876440178245214
to:0.001282045730317052
line:0.013133970924679017
owners:0.040164162450132546
enough:0.011312318729941376
been:0.027297495576212822
that:0.0032270197714835054
nt:0.0033212955894066907
re:0.001739258152456607
uk:0.02010064876585482
this:0.002441778783122879
30:0.01592142081104135
something:0.0092588898472722
two:0.00867343922164331
these:0.007705283595809035
big:0.012910607227290963
on:0.002358180582508325
you:0.005170223157290436
none:0.016848884801959507
them:0.006817949635033679
sure:0.010149041954228853
a:0.006495368027192535
how:0.006117967428972671
hard:0.012577829779420973
other:0.006415385989915864
want:0.008802781245172937
test:0.016632092344091493
was:0.016473695518165313
character:0.02123249182925821
handling:0.022445677049795856
drive:0.013133970924679017
84:0.024316185514789642
120:0.02359263152583892
minutes:0.01853566161877941
ride:0.019640462961878522
worst:0.02004516704090006
are:0.005980570991639307
corners:0.02636610759360649
boyle:0.0574840814548036
d:0.008473694057567607
reason:0.012428892669807106
it:0.0031893528347904368
not:0.005608465196055487
couple:0.014679031603044271
have:0.004755819657187468
neat:0.02436246612340903
only:0.024809976525940216
ve:0.01697798789792962
has:0.004952439413425818
without:0.02090428357955809
be:0.0026905174750580063
spend:0.019070219603309537
of:0.008139373349263478
what:0.012843378181348342
but:0.003094340568606559
years:0.010371048478978575
never:0.010250880143543537
passenger:0.025700522274347545
fairly:0.018252123480222725
they:0.008678322088444127
who:0.01202839883008231
good:0.007534929541206973
in:0.0033056688724556367
ought:0.023214279714425187
or:0.003136332361409699
better:0.010401004052564665
and:0.002663702891796208
few:0.02126165117122127
for:0.004539751575517312
subject:0.00012417189252101533
offer:0.01634959822693878
car:0.04267874427744264
i:0.007103207711456555
away:0.03863698027428377
back:0.009797008000314128
power:0.012566768744979265
any:0.01427842697147173
the:0.004908159134812438
can:0.004021237174128899
hate:0.01872553136073409
because:0.008208010692532623
operating:0.021377099210979286
road:0.016793732027769813
wagon:0.029114332390999642
last:0.010140290939811617
cars:0.035554205145781455
thought:0.012486448396240524
makes:0.012990594801171972
long:0.022142430187056604
people:0.007001270418944732
mph:0.05091769814003732
head:0.01605981272304969
is:0.003748920375218566
turbo:0.04621305190065005
production:0.02232407109582226
does:0.011334779668256047
lot:0.01152815529425763
life:0.012978508619947489
their:0.007040388923635879
drove:0.024552335865363706
first:0.00873281315995833
vw:0.027228448167240737
too:0.009081478455183705
useful:0.01783389403292297
going:0.010129375274649686
by:0.01382002988116976
doubt:0.01618638278595613
driven:0.021894427746375678
