at:0.01468275020757385
all:0.047703391532314565
beth:0.2147301006952959
where:0.030790946637229363
ron:0.07062163893708392
automotive:0.09499942793549168
my:0.03167380871101004
besides:0.06750144656894815
t:0.042937884250007365
that:0.00578174375724128
nt:0.011901309195373974
re:0.012464683425939017
so:0.017030176623082
carries:0.09000748576717861
bell:0.07438671748300955
rarely:0.0854100255204323
a:0.004655013752821317
wife:0.0673497004523995
dumbest:0.0995316565268857
l:0.05508267631255605
concepts:0.08426014432898313
crap:0.1619831260270899
not:0.010048500142932747
which:0.021531538875291963
writes:0.011021039850292706
if:0.011169173662723488
of:0.006481352852191288
up:0.022391006172539744
in:0.008883985094724524
men:0.05852664254378903
subject:0.0004449492815336383
would:0.015544160768406267
her:0.05510681341549547
did:0.02739851739071609
ends:0.0788518769027415
put:0.04145765499244632
nj:0.08133759620435209
number:0.041704414139962634
time:0.026325166165061892
carry:0.06487429749888844
mystery:0.09165491634445581
their:0.05045612061939046
labs:0.08713299809466289
1:0.03264206486541181
wives:0.10098184614337953
article:0.013505548005276683
letter:0.0680174836623476
cbnewsj.cb.att.com:0.09348323163206289
s:0.010340604680933639
