land:0.020711626799936125
posting:0.03436654746829417
take:0.022143220107663578
access:0.034920592375192974
stand:0.02050905497117949
your:0.006562146990527409
from:0.008818460983647662
my:0.004949032611095319
to:0.0028712482501892307
keywords:0.08982431000467081
nuclear:0.025417998813860025
its:0.02153983912535594
re:0.007790427141211886
this:0.005468567066368947
off:0.022744348416211983
sender:0.05784001001429835
pins:0.0545617730888848
on:0.005281341929575936
distribution:0.06945215157817625
you:0.014473932015852132
went:0.03398397151287587
am:0.017024337048972556
inside:0.03910474507368944
sea:0.026288072171480686
m:0.0071292432922712085
why:0.018538776876604234
a:0.0021820376966349923
how:0.013701697887803378
air:0.02007364055016234
want:0.019714562163668556
quick:0.126852350630978
rec.autos:0.12874039075815388
removing:0.053015731368902794
driver:0.038331099984233244
question:0.06821831510459701
ole.cdac.com:0.2743751610208146
button:0.04953650070092342
organization:0.05987239418932611
panel:0.05135880746651021
are:0.0066969935583460986
only:0.013891002481971735
university:0.03672406408747896
references:0.04301424580220482
writes:0.0068881499064329405
tall:0.029445029481742744
one:0.010242821955996066
rest:0.03402740451534175
in:0.004627075570169023
door:0.044062211418051694
fear:0.022425865289075503
speaker:0.054879056500183855
world:0.013131514003816024
and:0.00497132050118216
subject:0.0005561866019170479
i:0.007954112801891455
the:0.003925796927026318
do:0.007482478321942673
see:0.018431101681366416
jr:0.024336543788973337
panels:0.063598237335809
an:0.00935310561001809
newsgroup:0.04004337333931614
columbia:0.08513517574763428
press:0.03736823292466319
is:0.002798673196777749
87:0.055096078238755126
devil:0.0549870021984708
vw:0.0609803787078829
article:0.008440967503297927
honda:0.050200207100778715
side:0.03354545915178326
fit:0.04234841749269142
summary:0.06721620089629073
s:0.006462877925583524
newsgroups:0.08929734043378114
