above:0.04537760050214242
tommy:0.09254401602287737
search:0.07111918832291193
tony:0.07704574295737847
mentioned:0.0585860603131973
from:0.01410953757383626
work:0.03375120773317173
antonio:0.20431761119389083
name:0.046037208430504184
corp:0.07713607741520079
to:0.0022969986001513845
most:0.030943257732783964
smaller:0.0748540378174161
its:0.0344637426005695
advise:0.19976509336036583
re:0.006232341712969509
you:0.009263316490145364
am:0.027238939278356092
t5:0.11108410953621811
a:0.0023275068764106585
below:0.12372913043459641
equipment:0.06724929854234316
l:0.1101653526251121
are:0.021430379386707516
digital:0.06882279328352772
508:0.0963776231995769
purchase:0.0727076913196507
of:0.006481352852191288
requirements:0.0811061110016743
in:0.008883985094724524
or:0.011238524295051422
subject:0.0008898985630672766
i:0.003181645120756582
than:0.023843354703657685
the:0.002512510033296843
v6:0.18040945345592396
cars:0.0637012842195251
company:0.05610213399385583
save:0.0603751705403549
engine:0.0680174836623476
mass:0.07019814367832777
automobile:0.28421086595806805
e-mail:0.04582826294420444
needed:0.1111940896712007
buying:0.13370726417458387
