ca:0.03115982721352002
bikes:0.14564084242749709
hacker:0.3435583716742664
from:0.012826852339851145
2.1:0.07951485685434005
to:0.002088180545592168
bruce:0.0697978551468346
make:0.026667886111359146
cco.caltech.edu:0.06819342652357913
like:0.01764604641679808
re:0.016997295580825935
jon:0.06286921611694445
these:0.025100545046953675
you:0.008421196809223059
a:0.0021159153421915077
how:0.01992974238225946
was:0.013416077789414933
ole.cdac.com:0.09977278582575076
far:0.037717849577596996
march:0.06566230402868266
are:0.009741081539412508
os/2:0.07168352445703773
not:0.009135000129938863
safety:0.06261626341130551
hopefully:0.0700415845067077
motorcycles:0.08352071306416216
call:0.04025691057573799
mandate:0.09112816675805967
writes:0.010019127136629733
get:0.019914757201380643
things:0.03385948375970075
well:0.02549799863868704
visible:0.07186718143480052
up:0.020355460156854313
pasadena:0.08498475602914808
and:0.005784809310466513
for:0.014788584677821546
subject:0.00040449934684876206
car:0.046343080907324086
we:0.020420362207787424
cd-rom:0.07805685636805894
the:0.0022841000302698576
see:0.02680887517289661
less:0.04164947813024663
can:0.01309948473390475
beta:0.08274354193707804
cars:0.05791025838138646
jonathan:0.07243189953778889
people:0.02280716878898663
15:0.050633495939100666
devil:0.07998109410686663
too:0.029583604058552978
already:0.04402706547420229
going:0.0329972073340861
s:0.018801099419879345
