at:0.011081320911376492
all:0.01800127982351493
take:0.013369491385759142
ever:0.016625295954904785
much:0.0109886595569807
hell:0.02146780455648991
work:0.012736304804970464
themselves:0.020355032807061746
often:0.01954289552376545
my:0.01792857096849625
to:0.0026003757737562846
80:0.025136236650712636
might:0.013377893936342427
engineer:0.028041543017182043
2.00:0.04010921069007111
calls:0.025209368965147343
plugs:0.14635845815813545
golden:0.033675874420055936
that:0.004363580194144363
think:0.009055019041060096
like:0.0073247739843312785
nt:0.008982120147452057
re:0.002351827061497928
had:0.038601471337915354
89:0.029755425246317545
he:0.020001675566292267
these:0.010419094170433602
you:0.006991182256713483
disclaimer:0.02361041211996344
them:0.009219240072529817
m:0.00860889756047844
a:0.002634913444993198
question:0.013729472222308834
84:0.03288037663949543
sc:0.06763763879077295
are:0.004043467808812739
brian:0.02349734286024389
manual:0.02471444903699851
play:0.02013785052063171
it:0.0021563234574841004
not:0.0037918868463897165
have:0.006430825322611986
plug:0.029831660218219085
real:0.03217099187419179
has:0.013393389608635863
his:0.011600182650976457
be:0.003638121114072147
greatest:0.03134143395068781
callison:0.19275246339046306
writes:0.004158882962374606
were:0.009756624512404397
of:0.002445793529128788
uokmax.ecn.uoknor.edu:0.07773004725020613
oklahoma:0.038106357035237556
but:0.008368342418244155
killing:0.025453098438714853
they:0.029337095110306403
miles:0.02524625650887312
one:0.006184345331922155
in:0.004469929607408565
gon:0.03006607150625199
replace:0.027650081955061155
and:0.0012006208002855027
for:0.006138657790793848
subject:0.00016790538925797672
each:0.032025275438498306
p:0.04234123320291006
i:0.006003104001427513
away:0.017414991108953903
will:0.00712770657171877
than:0.0089974923410029
cost:0.020886840278936357
em:0.029908830611878295
the:0.002370292484242305
do:0.004517722760418218
thing:0.028477137548741593
less:0.017288462620102373
dad:0.03626140225544223
would:0.005865721044681611
law:0.01891095047323249
agree:0.018972045150719746
na:0.027410713641700495
last:0.013711714163896214
an:0.005647158104161867
10:0.018178438728906697
note:0.01862697546464464
long:0.02994102195105138
about:0.0061950703164897584
is:0.0016897649489978862
save:0.022783083222775436
center:0.02054484800926295
man:0.01822672540122767
run:0.016835436656524497
nice:0.01987257519971546
every:0.015296531615958467
change:0.018691881181826967
article:0.005096433209538371
very:0.021927578512999337
replaced:0.02720533022676934
u:0.02378392128045922
before:0.013372290988821664
says:0.01610708644294068
s:0.011706344921811666
james:0.04351690273757267
