former:0.04291288088974794
wrote:0.027694354566589908
my:0.010217357648712918
to:0.001481934580742829
add:0.036948606628513105
honest:0.050428051699174775
that:0.00746031452547262
86:0.05140328354294695
nt:0.007678263997015469
re:0.0040208656212706514
had:0.016499015975076723
this:0.005644972455606656
bus:0.08703317530657337
kenneth:0.0528585668533745
bugs:0.054542105140380305
m:0.014718437764688948
owner:0.04819148641732912
as:0.008603378066849661
running:0.03255333776824411
following:0.02943348680687916
wife:0.04345141964670936
70:0.04625631029422158
exclusively:0.060311762343266385
manual:0.04225373545035229
fanatic:0.06217911174166252
it:0.01105985257225716
statement:0.03734623031927749
have:0.005497318420942504
only:0.01433909933622889
ve:0.019625093537929402
list:0.03130783437550086
toyota:0.0572184067255053
writes:0.007110348290511424
never:0.023698271299589898
75:0.0501822652682495
now:0.01776252040729295
in:0.00955267214486508
additional:0.045965117190967054
our:0.02397607981699348
point:0.023672429690968395
71:0.05463361793250836
or:0.007250660835517047
and:0.0020526742714558595
still:0.021953861099242446
subject:0.0002870640526023473
76:0.1146718472258964
car:0.032888638063262254
i:0.008210697085823438
the:0.0024314613225453322
do:0.007723848590392437
got:0.02378660023258682
leland.stanford.edu:0.054272148999185935
last:0.02344260808666127
an:0.019309637388424446
cars:0.041097602722274265
68:0.0584557113468471
problem:0.022748013892963274
78:0.11665074827364377
about:0.021183143662835947
f:0.0399594754667403
87:0.05687337108516659
90:0.043354402253164864
72:0.05610889880899744
run:0.028783165896638655
61:0.054272148999185935
vw:0.06294748769845977
69:0.059132204093197305
article:0.01742651355519572
understand:0.03221674476274897
data:0.031552103475331314
mine:0.03511009725591383
s:0.026685431434667457
