read:0.00903188470875666
confused:0.01925284903754891
go:0.007750726102765447
large:0.011928422788396715
at:0.0035098207667507214
out:0.014081797996977608
mark:0.011966629339809522
there:0.0036564899823790732
all:0.007602134108735388
with:0.01397993729377404
way:0.00690188374321332
85:0.03952429067677021
ya:0.040692445849613845
funny:0.017931339245243913
former:0.015899991724089874
though:0.009902566540281592
hell:0.013599127189170898
times:0.011197116101565843
except:0.012846061430294077
automotive:0.0227090265981255
my:0.018928570942834688
to:0.005490833307134784
stop:0.013242841093946762
bet:0.01718594149406219
lock:0.02014186717027485
clock:0.0683687779697118
heaven:0.017347261658822097
been:0.005845579231957925
that:0.0027641802823464286
ran:0.018086834639290665
equivalent:0.018801340331146513
like:0.004639996268958857
really:0.007774485032633171
esp:0.021200445519808736
could:0.012024774146024361
me:0.008634172752227448
re:0.00148980279991303
happened:0.013435461747961876
had:0.018339543653571336
math:0.019443250088689742
this:0.0083662539979509
sight:0.021114763427294937
blow:0.019415486465916464
something:0.007930921582324791
on:0.008079821916163982
you:0.0022143386032219994
great:0.020089646922172723
ta:0.01839583158887582
a:0.0022255045830221433
air:0.030710270801841986
was:0.010583200805992657
running:0.012061595268711959
copy:0.013611999781128854
dumbest:0.023792427855032435
also:0.005910347138165603
course:0.009745624700796889
button:0.018946231343779475
anywhere:0.0168379653579859
electronic:0.01718594149406219
no:0.008970085547270995
those:0.007394086272061992
concepts:0.02014186717027485
digital:0.06580665493245678
d:0.007258343515446356
it:0.006829789437051234
not:0.0024020319066771507
ones:0.013516454105087077
ve:0.0072714490001093
area:0.012782737229718514
grew:0.022289263587536547
loves:0.022646284140085102
love:0.013036722869248799
scared:0.022646284140085102
get:0.010473099404710138
analog:0.06440740764463176
were:0.00618049122498924
kinda:0.020346222924806923
if:0.00533984398217856
of:0.005422645812590321
short:0.013796724564228157
key:0.025544560726984668
but:0.0026505307659378894
tire:0.022903409722306502
breath:0.0227090265981255
administrator:0.02196162176189124
up:0.01605729526317591
in:0.0035394362927189337
feature:0.018825125856989155
door:0.016852479267462004
point:0.008771059606613788
pull:0.018008328380010458
tires:0.02094873674840821
or:0.0026864998314863955
and:0.0038027630925377477
usenet:0.032543415367679296
for:0.00129621060921145
subject:0.00010636237805584979
i:0.008366078803583045
limited:0.01546651419481179
stupid:0.015385203949269134
the:0.008108100107451964
sky:0.01857098347501573
thing:0.027058953407868007
around:0.00943105351854038
got:0.008813361839165633
would:0.007431471283700208
agree:0.012018148123364299
put:0.00991019641253697
jim:0.013491357557565217
jesus:0.013837447887222335
mph:0.02180738067750602
about:0.007848734504556745
middle:0.016004383645978414
is:0.0010704088720743582
87:0.04214520725833062
limit:0.01769092836911854
engine:0.03251831888239726
entry:0.019884741588053447
time:0.012585736811981782
figure:0.014711145952489058
tonight:0.019360532991285644
kilometers:0.028169369244148413
first:0.007480298125063909
stock:0.01979244254709116
leave:0.01407642280595425
convert:0.01704613543903721
sign:0.017265785123079903
bad:0.010918729269905912
mike:0.01273072521497093
while:0.008646782891946304
god:0.010570431202291732
pressed:0.0227090265981255
everything:0.012309412286546825
s:0.0024718576926534594
