mode:0.02836581664057949
some:0.004324210648642053
believe:0.008046932890112372
1968:0.022275774096414586
at:0.006525666758921711
traffic:0.016203852819947785
all:0.01060075367384768
knows:0.012940597819041612
matters:0.017612978026994994
with:0.006498081964328304
way:0.006416195627950161
former:0.014781103417579848
from:0.0031354527941858355
wheel:0.017998125114121098
oliver:0.02154721745105883
name:0.010230490762334263
my:0.003519312079001116
weekend:0.01869374021083071
to:0.0015313324001009231
remember:0.010306014950078638
kent:0.03408409916638067
h:0.01308585971960932
us:0.007629171800685171
day:0.02825892261958747
that:0.007708991676321707
think:0.005332400101957612
swedish:0.02189361025850632
like:0.004313478012995086
nt:0.0026447353767497725
australia:0.0171818285757194
re:0.0013849648251043354
steering:0.020828121101277505
exactly:0.011912528345451883
uk:0.016006072165402913
had:0.01136598878283063
off:0.008086879436875373
big:0.010280668718027991
sunday:0.03309497773953236
on:0.015022483710793776
lord:0.01577631145829383
used:0.007312827808655058
great:0.00933796551382473
more:0.0047089593548915775
a:0.0010344475006269593
how:0.004871714804552313
other:0.005108548103081151
88:0.01854377220581317
was:0.032794856818569834
as:0.011853543114326199
africa:0.020828121101277505
sweden:0.07883424926625175
drive:0.03137559720895543
also:0.0054944338210354314
whole:0.011081168426027
boyle:0.04577436115845472
it:0.0038095047748885774
not:0.002233000031762833
signs:0.03720606545863701
deleted:0.026025033311098792
have:0.0018935207894357515
systems:0.011112656001046706
follow:0.013988860416360317
try:0.009023665453123678
left:0.06498678185556804
after:0.014290471760481122
craig:0.016907354604779688
uses:0.012648130110505322
heard:0.010009805034888424
perfectly:0.01654748886976618
thinking:0.01290195012536539
writes:0.0024491199667317125
of:0.0007201503169101432
even:0.006219109065800095
but:0.002464011934260779
reveal:0.020828121101277505
year:0.009165780430406119
lines:0.039257579158827965
again:0.009043959770770438
well:0.01246568822335811
they:0.0069105157370943976
one:0.0072837845020416484
in:0.005264583759836755
or:0.0024974498433447605
yellow:0.020995233824538502
and:0.004949225743399128
still:0.0075618854897390635
wherever:0.021613952656624306
for:0.001204995788563237
subject:9.887761811858629e-05
i:0.00424219349434211
we:0.014974932285710778
will:0.004197427203345498
practically:0.02123046866054712
the:0.008095865662845383
wrong:0.009790452062332818
do:0.005320873473381457
when:0.004843238677199022
around:0.00876738678945791
because:0.006536008514424126
did:0.006088559420159131
wheels:0.04093046139988683
road:0.026745573229411186
label:0.02041617430457297
fight:0.01577631145829383
last:0.008074676118738881
cars:0.056623363750688986
during:0.01084581299926841
btw:0.013895520446086426
about:0.007296416150532382
company:0.01246714088752352
prepared:0.03527182250027089
changed:0.04199239104259361
south:0.016006072165402913
is:0.003980335213195021
night:0.024798776641363145
cactus.org:0.04577436115845472
white:0.012588774614150342
new:0.012770367147285532
else:0.009357600834585396
right:0.03592358507019073
time:0.00585003692556931
their:0.005606235624376719
told:0.011482295432330111
cities:0.017972843762008507
sold:0.01520936335200682
japan:0.01918393077188506
article:0.0030012328900614854
already:0.010762171560360561
meet:0.01588941043555339
side:0.09541819492062795
before:0.02362438074691827
live:0.011469215829435773
stands:0.017705575442570617
everything:0.011443194384900938
