controlled:0.24263339078711488
with:0.029241368839477366
re:0.018697025138908526
you:0.027789949470436094
europe:0.20565003097737292
a:0.006982520629231975
computer:0.13403514525826576
ones:0.16963149901884284
buy:0.15034205626219832
of:0.009722029278286934
in:0.008883985094724524
bmw:0.22157271753329966
rather:0.12867418264564318
subject:0.001334847844600915
eliot:0.5971899391613141
than:0.07153006411097305
the:0.0075375300998905305
can:0.04322829962188567
