out:0.01996910337424508
know:0.020913137723022064
all:0.016170641197394767
feet:0.07444172794839546
automotive:0.09660958773100849
to:0.007007792339444903
front:0.05960933778586328
us:0.03491315908788129
its:0.03504787383108763
re:0.006337974623358823
exactly:0.054514960224949296
on:0.017186739838619996
3:0.03968586346843423
a:0.0023669561455023644
driver:0.062369247431972745
dumbest:0.10121863375615495
also:0.0251440191810096
70:0.07291248910784079
concepts:0.08568828236845741
place:0.04609199351383772
not:0.01021881370467737
have:0.008665264629621234
neat:0.08877847824632104
pointer:0.09660958773100849
after:0.03269853707906697
love:0.05546131254544828
be:0.009804428087075785
of:0.009886809435546033
what:0.015600713610112393
but:0.02255197363560713
years:0.037792803779328706
who:0.021916150410743192
in:0.003011520371093059
or:0.011429007757679412
few:0.03873944916790316
subject:0.0004524907947799711
i:0.003235571309243982
the:0.007665284847346302
did:0.02786289904140619
cars:0.06478096700290689
long:0.040344258391670926
many:0.03141018690810328
right:0.032879213454072874
time:0.02677135542209684
does:0.020652352785381783
hood:0.10052673554394723
69:0.09320838950283643
dumb:0.08716305146997655
