another:0.018634498574693938
statistics:0.039706778068103174
say:0.015945756086281876
all:0.008017376728120093
true:0.021708241950906274
your:0.021175331465231303
january:0.04368663448218202
4:0.020876214320829235
into:0.030097544587939264
service:0.03061001032334742
both:0.018871462876539815
my:0.007984993792691608
to:0.001158150554698177
ten:0.03383184237443554
owners:0.07256550358637393
software:0.023662066289758456
family:0.03311316864806443
that:0.002915164919617452
months:0.02853608857125899
re:0.0031423571662031135
expert:0.042841750203006575
believers:0.045997080252554716
had:0.01289418895531206
fingers:0.047766532093792946
on:0.004260578363355377
you:0.004670579742930435
inc:0.03076483609919665
3:0.01967618440871949
why:0.02991130386813456
a:0.0035205986365875507
how:0.011053470564950624
same:0.01632011218931607
lucky:0.040014252416273696
are:0.005402616652111138
corners:0.04763624481197811
those:0.01559592986796269
taking:0.028629832219761387
religious:0.03085209920260603
it:0.002881138065041781
not:0.005066470660302226
should:0.01380514405238218
tom:0.0637937516550379
feel:0.025598963733161156
love:0.0824928766432298
humor:0.04666084841489615
cr:0.3156091494486516
stick:0.03551537230970136
writes:0.005556826815273633
of:0.006535818002209703
reasons:0.06111805841674126
never:0.01852049773833496
who:0.010865990539780237
up:0.011289582944137686
now:0.013881633595615497
5:0.021839267957291453
pull:0.03798395313766911
and:0.006416763268752771
few:0.019206953789128456
for:0.0027340240580846554
seriously:0.03257944254955748
subject:0.00022434417556317895
car:0.10281154083641644
i:0.0016041908171881927
we:0.011325579039613192
top:0.028417077530817774
turned:0.03299914571355964
later:0.08055660577204295
the:0.00380043534448262
7:0.02681956747001097
cars:0.03211829456446644
10:0.04857767660329688
problem:0.017777859597021717
makes:0.023470402371865328
here:0.01512941937498652
number:0.021027435700821495
readers:0.03823357628400454
new:0.01448739130154241
2:0.016373189513406796
their:0.012720030408249696
1:0.032916367931507706
mouth:0.04060895049096451
index:0.04321529442629089
mine:0.02743898356974778
buying:0.06741542731491623
s:0.0052137502592942715
