some:0.01179330176902378
go:0.019650830826203305
there:0.009270494803809572
true:0.026093745375331788
take:0.02147221343773438
with:0.0059073472402984585
someone:0.02225715267336384
my:0.009598123851821226
store:0.04508285908061185
to:0.008352722182368672
long-term:0.057105511722167754
mail:0.03095268186702885
that:0.0035040871256007762
me:0.010945340206106513
need:0.019406080722194307
anything:0.023446880306256607
this:0.005302852912842617
reply:0.03627471231671863
getting:0.027395975477017033
best:0.02459773818142863
am:0.016508448047488543
a:0.007053051140638359
same:0.019617104550794066
old:0.02674659679133661
running:0.030580408206532343
d:0.01840246689269733
it:0.0069263723179792324
not:0.006090000086625909
should:0.016594062042762422
have:0.0051641476075520495
term:0.03937050296883291
has:0.021510595432051537
of:0.005892138956537535
but:0.006720032547983943
parts:0.07371101033164366
particular:0.03425304493013947
version:0.0315199051279352
good:0.016363735872318173
in:0.001794744463580712
tires:0.15933736132880186
use:0.01679575280552877
still:0.02062332406292472
for:0.00985905645188103
subject:0.0002696662312325081
car:0.18537232362929634
i:0.011569618620933026
the:0.005329566737296334
do:0.014511473109222156
hate:0.04066655800563464
bought:0.07400169189633254
long:0.024043547930389746
is:0.005427729836175029
move:0.03572550621790927
weight:0.044898360616194746
engine:0.041222717371119766
told:0.03131535117908212
delivery:0.05651116323708762
bad:0.055365677712048166
by:0.01000439873552693
s:0.006267033139959782
news:0.03099875268851938
