believe:0.025263626515469075
1968:0.06993556983758067
traffic:0.05087256117890583
all:0.0110938119842592
knows:0.04062745826908413
way:0.020143869994727247
to:0.0016025571628963148
then:0.018556748253207012
us:0.023952051002151115
might:0.024733548091609835
been:0.017060934735133013
that:0.004033774714354382
australia:0.05394295017958415
re:0.004348145381141518
larger:0.04948664818745097
so:0.011881518574243256
uk:0.05025162191463705
sunday:0.05195141854461474
on:0.01768635436881244
lord:0.049530280159759695
used:0.022958878003917042
market:0.04547506064038398
was:0.01029605969885332
sweden:0.12375143780167425
drive:0.09850478193509263
stuff:0.03399321572876304
andrew.cmu.edu:0.09476231178435489
boyle:0.14371020363700898
daniel:0.04975093017672488
it:0.003986691043488046
signs:0.05840487019669763
deleted:0.04085324996509694
have:0.0059447745714843354
left:0.03400471143605304
craig:0.053081229573145525
heard:0.03142613208627761
writes:0.007689097569971655
of:0.004521874082924155
well:0.019568231513410986
they:0.01084790261055516
one:0.011433847764832819
in:0.004132086090569546
and:0.004439504819660347
still:0.02374080328173892
wherever:0.06785775834056468
subject:0.0003104297313025383
i:0.004439504819660347
than:0.01663489863045885
the:0.007888112895234277
wrong:0.0614749315541828
do:0.008352533940773217
around:0.027525516664577157
did:0.01911524469119727
road:0.08396866013884907
just:0.013655680970533558
about:0.0114536765153706
changed:0.04394552550969098
export:0.060338837818180335
cactus.org:0.07185510181850449
else:0.029378514248116938
article:0.009422475352518616
u:0.04397259864643042
side:0.07489218787374867
s:0.0072143753587909105
