library:0.011225492202952225
basically:0.010520660987259749
some:0.00626025134119761
since:0.005364133038615768
out:0.0031586517401620906
there:0.0024605334733971782
know:0.0033079762081992007
all:0.002557822602268877
story:0.009638223935690627
pass:0.010882775389252804
anyway:0.008172959307358
where:0.004952967287489978
stand:0.01055693982430687
with:0.0015679018144491887
much:0.0046841739130293065
ca:0.011027070220334162
someone:0.011814788818568471
vehicle:0.03539423076674991
from:0.0068088921267842545
except:0.00864440058714159
to:0.0033254135230073663
cs.cmu.edu:0.013886491443455674
garage:0.014743418178732839
that:0.010230431313081085
like:0.006244713477258301
really:0.0052316239763831795
through:0.019057345528349815
nt:0.009572098548558157
could:0.0040458690491315214
me:0.011620253945357048
so:0.010957754395548741
anyone:0.00897005227689754
comments:0.019753378091308848
this:0.002814919240597421
off:0.00585377331891783
weak:0.012542397931896833
getting:0.00727131788800184
he:0.012789275127508595
shot:0.010661212722755326
illegal:0.04407248392089316
on:0.004077818969753002
you:0.008940466317566571
appeal:0.01451014370959174
medical:0.010785569630479013
went:0.01749308989402726
officer:0.05386400897497047
state:0.021375710886921848
pennsylvania:0.032366959317698195
inside:0.030193476089068527
m:0.0036697445365042147
a:0.004867172556569206
how:0.0035264423518207087
as:0.004290156355051037
pissed:0.014849960614790518
said:0.02350139226448721
inspection:0.0510449826358275
also:0.007954408212759069
mind:0.008122401616649162
section:0.01101812098022329
no:0.003018085083599222
book:0.008336993326229688
d:0.009768601728563192
reason:0.00716410703487541
place:0.007290690663046717
police:0.03941644945450608
it:0.009191834577479142
have:0.006853225377314381
only:0.003575164177665648
argue:0.01141985011726363
safety:0.011079553311383817
against:0.020777057309580536
register:0.013886491443455674
has:0.0028546232543875364
be:0.0015508344695374567
asked:0.009041021176242442
sort:0.01682284883464359
get:0.02466653572932401
if:0.0035932998378735083
of:0.004170307465216915
trying:0.007228761992140472
but:0.003567202264077267
registering:0.03273689428545665
ok:0.017500531852605535
ticket:0.040729036804902176
fact:0.012859341172272597
well:0.009023420429776647
court:0.01071491052939225
windows:0.014730333412458453
shut:0.01265184027645516
they:0.005002249997360556
now:0.004428724927287518
called:0.0071910308199912435
chance:0.009638223935690627
code:0.02606310330025493
in:0.003334471617322877
clearly:0.009743995647250413
or:0.0018078055166302555
rather:0.0068994199809996335
and:0.005117927808187532
for:0.0034889958489230455
subject:7.157361097055843e-05
station:0.011088445409576828
showed:0.011460471578444868
welcome:0.011216134548958208
car:0.04100058096358431
i:0.009212270054737556
we:0.0036132544389114478
any:0.008230192490258503
decide:0.010975086907809059
will:0.006076704262216002
later:0.01713357656277589
the:0.006466513758619221
do:0.0038515706107586953
see:0.018974646234972397
when:0.003505829605479185
would:0.0025004011959902845
can:0.013907227760392172
because:0.004731158978269474
maybe:0.007098962687244837
bought:0.009820599862918125
an:0.004814467230894031
problem:0.005671756815135615
just:0.0031484948082195333
long:0.012763062976453538
about:0.002640794049120299
is:0.00360150974384268
today:0.007611598567824003
right:0.005200733495416353
keep:0.014205976322390998
does:0.006533452087600672
unless:0.008252175404130004
trouble:0.010227404510161756
told:0.01662316228809185
experience:0.017759907639652267
paper:0.02067907987794421
him:0.012849948007309962
show:0.008069889194999551
very:0.00467357236403069
complaint:0.04803136239903331
give:0.006335754078702431
says:0.020598070330516634
especially:0.008378808867285098
s:0.008316840225951989
share:0.010941150186972805
