go:0.029036302265583985
out:0.017584732822096414
andrew:0.11240173609468652
11:0.057674845337610615
with:0.017457533635508875
corporate:0.07991737362371483
from:0.012635406782539934
shameful:0.15852241520500826
tm:0.06859815418448577
to:0.004114027343554719
gm:0.07347939517452101
been:0.021899110257036405
agreed:0.07088582390618314
re:0.005581201534002545
had:0.0458032383785712
working:0.047291627025471746
apparently:0.056547179944054664
europe:0.06138806894846952
independent:0.06198120818204436
j:0.1367520295311431
was:0.01321583782240874
brian:0.05576235096684744
d:0.027191704811597543
date:0.05339998790721377
kind:0.041127264133777014
left:0.04364783855970987
lopez:0.10296509587096406
writes:0.029608763776905776
of:0.008706294876077849
andy:0.06689266025091951
years:0.033280230193737215
particular:0.05061270818035533
in:0.005303871698342999
and:0.0028492344364984316
for:0.004855953177792149
subject:0.0003984620431644522
however:0.035777595585028556
i:0.0028492344364984316
directly:0.05421642276860268
the:0.002250008985041949
magnus.acs.ohio-state.edu:0.13735383246153404
many:0.027659716829523784
is:0.008020078414646683
detroit:0.07088582390618314
their:0.022592292814652446
vw:0.17474974196885845
stealing:0.0876538580443121
update:0.0648036148056165
article:0.024189041203480626
by:0.014782619027121881
