ask:0.0364320323044546
there:0.011472237319714343
andrew:0.047068226989649985
take:0.026571864129196293
access:0.04190471085023157
from:0.010582153180377196
to:0.0034454979002270774
next:0.033479750296864695
that:0.00867261563586192
like:0.014557988293858416
its:0.025847806950427127
re:0.0046742562847271315
off:0.027293218099454383
pins:0.06547412770666176
something:0.024883266464544036
on:0.012675220630982248
you:0.013894974735218047
went:0.04078076581545105
inside:0.04692569408842734
a:0.0034912603146159877
how:0.016442037465364056
j:0.03817660824411079
want:0.023657474596402273
quick:0.0507409402523912
driver:0.0459973199810799
question:0.054574652083677615
ole.cdac.com:0.16462509661248878
panel:0.06163056895981226
month:0.09934508723468147
it:0.00428569287174965
have:0.006390632664345661
writes:0.008265779887719529
get:0.03285934938227806
of:0.0024305073195717334
seems:0.029456088617263478
must:0.028968255343493718
one:0.01229138634719528
in:0.002220996273681131
door:0.052874653701662035
speaker:0.06585486780022064
and:0.0023862338405674366
subject:0.00033371196115022873
i:0.004772467681134873
group:0.03371394918508307
we:0.016846798821424626
detailed:0.061815757532126515
the:0.004710956312431581
do:0.008978973986331209
thank:0.04538117883461893
would:0.011658120576304701
specific:0.045814453605880406
once:0.03353788993656133
instead:0.03834667889480802
an:0.01122372673202171
here:0.02250501132029245
about:0.02462540450804679
is:0.0033584078361332988
87:0.06611529388650615
devil:0.06598440263816496
vw:0.07317645444945949
article:0.010129161003957513
honda:0.12048049704186892
side:0.04025455098213992
going:0.027222696050621033
