expensive:0.01694596984994514
cleaning:0.13587322854421052
go:0.008139883898720196
at:0.0073720921544303845
there:0.003840079437561286
tank:0.019410433955833625
all:0.003991915609398707
true:0.01080870624333827
case:0.010341469068229102
your:0.03163009762798149
with:0.004893952943845584
way:0.007248421839106875
much:0.007310447152970423
from:0.00354214332397563
dealer:0.018504457754178857
to:0.00403656657767189
been:0.006139081118081335
make:0.007364353486818844
that:0.0029029675768575463
bit:0.011402025933287445
really:0.008164835745568727
nt:0.0029877763670394914
and/or:0.016907874590560545
could:0.006314264248226181
generally:0.032357736344963174
re:0.0015646046141346045
scott:0.015991954197370317
this:0.0043931584800955565
hooked:0.02412369438751177
best:0.01018902125506876
opening:0.020568396306961622
something:0.00832912685005658
these:0.0069315312681964125
on:0.008485503351285187
you:0.009302075136547645
tell:0.010083786835240388
products:0.01694596984994514
them:0.0061333019729382455
8:0.012353520009932494
imho:0.018115780988937447
necessity:0.023119716690312642
more:0.01595923463373296
bottle:0.05089456306968594
a:0.005258802147538726
how:0.0055036108670674655
price:0.01309683766461909
as:0.0033477579925398258
worth:0.014707797568166685
equipment:0.033765338180255976
are:0.008070017342274798
spending:0.0205081923845679
pressure:0.018412898292883843
proper:0.017182125962518162
gas:0.03320644076710462
it:0.007172707735145857
not:0.015135816114877779
should:0.006873690971688199
fuel:0.12115030708885628
have:0.0021391239043834845
probably:0.019976767489784168
properly:0.036031515778263565
buy:0.012580925210225798
money:0.012971630823134433
has:0.008910246643402099
yourself:0.029341210639117925
be:0.0024203399880228923
wasting:0.02365458435353392
sending:0.018994960227874298
which:0.00540540724902727
writes:0.005533576493870814
if:0.008411929955189237
of:0.004067794677107503
but:0.002783611808579122
using:0.00922351706545992
they:0.007806858782491578
up:0.016863519293126166
good:0.00677828389690167
in:0.0029737188601588363
substitute:0.024267988011240513
5:0.01087394513354679
system:0.018704789366046234
better:0.009356551762767376
and:0.004792436165156358
for:0.00272258462687928
subject:0.0001117027485021686
however:0.010029702528020556
car:0.012797670878173177
grey:0.02295561328799766
i:0.001597478721718786
group:0.011285003911324873
decide:0.017128482914697818
actually:0.010227255761929224
will:0.009483726735592337
than:0.023943117694049557
the:0.004099911769814933
do:0.012022057220192412
can:0.0036174309307017293
home:0.012256749170967984
did:0.006878288884698599
jim:0.014168747895183553
just:0.0049137596797735805
during:0.012252592091223724
here:0.0075330581825246695
many:0.00775397919488742
company:0.014084217739043304
is:0.011241532505885518
deal:0.013792112936236438
discussion:0.014384401441381553
done:0.01108227427372677
itself:0.01407136334976728
average:0.01623230568578488
time:0.019826484977870883
run:0.011200144051830103
experience:0.013858672697887646
under:0.010156164966969201
regarded:0.022450893673819354
article:0.006781028287168209
very:0.007293901639261285
little:0.009813132643926628
59:0.04417365866990123
process:0.01513206582942915
by:0.004144081484590653
fit:0.01701024300961664
high:0.011704283789295068
while:0.009080930986939423
buying:0.01678333859932015
