some:0.0061449309217544955
go:0.010239117114705933
at:0.004636657960286479
fast:0.01832525223656862
there:0.004830415713563934
know:0.006494079608727904
small:0.01573024158034743
anyway:0.01604480958760281
saw:0.017880950437555023
storm:0.02952102051538828
hand:0.016617049765540386
your:0.006631222222006645
with:0.006156077650416288
much:0.009195772997683848
ca:0.010823939979433268
125:0.029916933258744
lbs:0.03213384623282981
to:0.0050775758529662185
stop:0.017494490076740195
line:0.014862124993715729
most:0.0390862202940429
clock:0.022579688513681136
owners:0.04544892066725525
class:0.02088510353510001
that:0.010954882908457163
nt:0.0075166163339204055
its:0.010883287137021948
re:0.003936215818717585
this:0.008289196395338195
muscle:0.029754977160497933
pricing:0.030714564301518747
off:0.011491881305033423
consistent:0.024533246590678674
two:0.009814681224491112
game:0.015642153199528882
on:0.0026684675012594206
performance:0.019952690703140083
magazines:0.027950004786146194
great:0.01326974046701409
m:0.02161286387551693
seconds:0.07307628386703233
sure:0.01148444221136423
a:0.0051450152004867186
other:0.014519031450862219
quick:0.02136460642205945
was:0.0046603217584283456
as:0.008422254318073879
ridiculous:0.026268790203165342
fine:0.01704819251537137
lucky:0.05012311618459547
jason:0.0239994561778055
mistaken:0.028361858454039605
andrew.cmu.edu:0.04289241480765537
are:0.0033837441136906603
it:0.003609004523578652
not:0.0031732105714524467
civic:0.06426769246565962
tons:0.03052657439308675
ex:0.028875745135954953
be:0.006089065864604961
comparison:0.024562898262880016
writes:0.0034803283737766437
get:0.006917757764690118
if:0.003527107472438996
of:0.0020467430059551437
short:0.018226199292743512
but:0.010504471930269635
fact:0.012622458571730734
in:0.006546094280323333
point:0.01158703137505295
speed:0.017676132457293582
or:0.007098015344243003
use:0.008751471198670252
better:0.011769557217375805
and:0.002009460076267315
still:0.010745837274892353
for:0.0034247248727586736
subject:0.00014051029943167525
each:0.013400049459792712
cec1.wustl.edu:0.03309343337385063
300:0.021892213869380797
car:0.01609812284149152
60s:0.035537147100856405
i:0.005023650190668287
any:0.005385722454151617
will:0.005964764973175181
than:0.015058960865468011
the:0.002776984773643879
closer:0.024533246590678674
saturn:0.09025209501277802
reports:0.020811697074674486
quickly:0.02234041286064557
imagine:0.0207249397603498
cars:0.06034858505007642
just:0.012361984878588273
note:0.015587837362518408
about:0.010368591371809174
is:0.007070332286596418
move:0.018614869029331668
new:0.009073681920439721
time:0.008313210367914282
does:0.01282619804565816
2:0.010254787116291625
tied:0.05394317401290461
matter:0.015899489536318645
runs:0.019746265897070184
light:0.018380077293717333
show:0.01584246668281491
article:0.004264909896403163
very:0.01834992096614155
2400:0.02929702254476304
by:0.005212818288511401
hp:0.045533131642698156
while:0.011422855294097487
range:0.021050294660471966
s:0.0032654541097685173
