at:0.013873464763061906
tommy:0.26232949423807755
maintaining:0.04216113411644798
with:0.0046049399747208454
concerning:0.03602552947604492
such:0.015141867743840933
from:0.013331846526459457
name:0.0217498622506319
creation:0.035746421216235884
to:0.005425980945239491
t:0.020285614606302693
enough:0.01915077580265666
arise:0.046095404377612274
problems:0.021599001857415537
could:0.011882749254535885
justify:0.037493669586902124
so:0.008045752735314332
comments:0.029007913496292125
this:0.012401159961529582
voting:0.09133935645175563
bell:0.03514333109433522
on:0.011976586422975352
knowing:0.03381121509941585
reader:0.04056498047473929
posted:0.02687701515340075
answers:0.03299693875789277
more:0.010011173431659259
a:0.005498047739552737
no:0.008864139654980393
month:0.03128979125501778
it:0.0026996490530706452
not:0.004747322902172952
should:0.012935528679003777
date:0.02817164716364821
growth:0.04280615082879354
between:0.018290282252333902
able:0.020767442725280857
status:0.03465104481889165
exchange:0.038156599439030846
be:0.013664439144979638
if:0.005276774958767002
of:0.004593084698403275
net:0.026103484133058918
in:0.002798105541645519
or:0.015928617111096503
and:0.003006278854258188
for:0.007685406210521432
subject:0.00021021225899227005
group:0.021237133344934215
improve:0.0373482990133609
any:0.008057380049518167
information:0.019203317200659566
allow:0.0276084619793275
will:0.017847328266193455
community:0.03203581777146949
the:0.0053415567637019505
att:0.04826400264422618
start:0.022185528251043404
proposed:0.03475397459501253
receiving:0.04007488355444621
may:0.0293074886210997
nj:0.03842721080520571
cars:0.06019018981372451
newsgroup:0.12107602647478266
people:0.011852544410024547
address:0.025140325621524493
about:0.007756032915920248
interested:0.04530828685692787
is:0.004231064990404156
discussion:0.08120957349189428
purchasing:0.04394031909826549
recent:0.029906260539252133
new:0.02714959944698499
time:0.012437086377194595
labs:0.041165195950234434
request:0.061422063423532784
1:0.015421447967911091
