another:0.015085070274752236
read:0.03084357907344111
at:0.00599295926839749
andrew:0.025615361627020397
all:0.006490257351335314
name:0.018790697318573135
to:0.005625302694248289
then:0.021712657820078952
ten:0.0273876819221621
t:0.017525667040819332
that:0.009439581644475559
brought:0.026356413894800458
re:0.0025438129440691873
happened:0.02294082244039749
recommendations:0.03665818439637772
so:0.03475546249608572
consultant:0.039107182587067565
something:0.013541913722200835
you:0.007561891012363563
why:0.024213912655156548
more:0.008649109019188611
magazine:0.02872584718914206
a:0.0009500028066982279
other:0.009383047536271501
j:0.020776385438971853
lists:0.032225543732111915
was:0.006023545129941399
are:0.017494187254455115
it:0.00699704958653004
not:0.004101428629768468
examples:0.029848838688185927
flame:0.028555466019576838
should:0.011175592804309385
tom:0.025821280431801055
real:0.017398597646246582
war:0.024060034799816443
bother:0.031194592044171778
love:0.044519965172536716
humor:0.03777306776443974
cr:0.12774656049112088
be:0.0039351105927719135
found:0.018194017042564608
writes:0.017993534449457477
were:0.021106167312548288
thorough:0.040625165929341095
if:0.004558846392948362
of:0.001322725071875773
andy:0.030488491406881684
reasons:0.049476523480219116
but:0.009051472411570206
never:0.014992783883414016
ok:0.02220305571776144
least:0.016378655664669946
easy:0.022542051457542907
they:0.0063463920034540384
who:0.008796278056012572
up:0.009139186192873365
good:0.01102047517931632
in:0.003626116365193683
useless:0.03265085228300535
point:0.014976435110612658
or:0.009174305546980753
men:0.023888425528077156
and:0.0038958919845998963
few:0.015548486400723037
for:0.002213257570830435
subject:0.00018161195164638296
i:0.0012986306615332987
we:0.045841629446053404
top:0.023004300858281056
than:0.009731981511697014
the:0.003589300047566919
wrong:0.017982462971631703
do:0.004886516455146235
magnus.acs.ohio-state.edu:0.09390517117268143
start:0.01916708903321437
would:0.0063445554156760274
because:0.012004913597921864
did:0.01118306832274126
claim:0.02221251050884344
10:0.01966239291085826
just:0.007989037846706707
here:0.012247625208322422
people:0.01023995333383073
f:0.05056096895791629
is:0.0018277049448344482
write:0.02213723758494907
right:0.026392838010752373
their:0.010297167473344993
article:0.016537405720746957
black:0.0240105602465574
john:0.07296539862807742
s:0.004220654971809648
