screw:0.07574111084943094
probe:0.08433991338643906
take:0.03220832015660157
both:0.034025819428912696
to:0.004176361091184336
t:0.03903444022727943
flawed:0.08956476923934405
that:0.005256130688401164
re:0.005665765193608644
happened:0.0510954681627035
consultant:0.08710236121665048
something:0.030161535108538223
you:0.008421196809223059
performance:0.05743956414540327
a:0.0021159153421915077
other:0.020898605876241073
was:0.013416077789414933
are:0.009741081539412508
boyle:0.18725875019367838
it:0.005194779238484424
purchase:0.1321958023993649
craig:0.06916645065591691
cr:0.18968428678984617
ford:0.07243189953778889
be:0.017529129004165797
writes:0.010019127136629733
up:0.020355460156854313
miles:0.06082052704410342
in:0.002692116695371068
and:0.005784809310466513
subject:0.00040449934684876206
integra:0.10300875704238803
rare:0.07685478451599043
the:0.010278450136214357
magnus.acs.ohio-state.edu:0.06971747556759683
would:0.042393165732017096
cars:0.05791025838138646
just:0.017793766113119485
people:0.02280716878898663
f:0.05630653361222497
cactus.org:0.18725875019367838
gt:0.08293412954627291
article:0.012277770913887895
honda:0.07301848305567814
by:0.015006598103290397
black:0.05347806600369603
john:0.12188538179917481
