believe:0.04178215154481424
thanks:0.07666871711216013
to:0.005300766000349349
published:0.07884802335983751
appreciate:0.07383102568104796
make:0.03384770160287892
that:0.0066712427968168625
months:0.06530374115345808
me:0.02083824385393355
this:0.02019163224505458
used:0.03797045208340126
a:0.005371169714793828
was:0.017028098732718953
truth:0.06913572169255008
also:0.028528790993837816
rumor:0.10651990979455506
popular:0.08134562107948005
science:0.06503138896475606
d:0.03503546581494299
couple:0.06069214989720228
of:0.007478484060220718
called:0.05158181722801412
tim:0.0784213326872344
in:0.003416917344124817
bmw:0.17044055194869204
or:0.01296752803275164
for:0.0062567089021552695
subject:0.000513403017154198
car:0.058820064228526724
i:0.007342257970976728
info:0.11328444074586144
ago:0.05502241779547393
any:0.039357202549569516
the:0.0028990500384194345
friend:0.06679229653255396
an:0.03453454379083603
about:0.018942618852343683
either:0.04814543667525689
told:0.05961961089863712
too:0.037548420535855706
94:0.10478175476631912
