looks:0.07606901054164202
at:0.019577000276765136
super:0.11179813438108034
sell:0.07733493997734595
dennis:0.2410782130988638
to:0.0030626648002018463
nt:0.015868412260498635
12:0.07896410736915636
need:0.04269337758882747
this:0.011666276408253757
best:0.05411502399914298
numbers:0.07839427557774885
want:0.04205773261582626
503:0.1322506689868979
college:0.09154478445708117
no:0.025016571915166885
forsale:0.11448338933981977
money:0.06889377259398068
call:0.05904346884441573
but:0.014784071605564672
excellent:0.08655700918534194
miles:0.08920343966468502
email:0.060975525754843135
speed:0.07463255926412847
or:0.029969398120137127
and:0.00424219349434211
for:0.007229974731379422
subject:0.0005932657087115177
offer:0.07811474708426307
car:0.06796985199740865
1972:0.13009147457681686
i:0.00848438698868422
do:0.01596262042014437
ss:0.12191981279625426
original:0.06858151140607732
sport:0.11143970367152738
bolt:0.1356762396497259
match:0.10637454660383833
72:0.11595839087192804
runs:0.08337312267651856
kennedy:0.12850349759943588
four:0.07795658113384386
