abs:0.07802174183776577
24:0.0441335391429935
uiuc.edu:0.06906297034153883
your:0.015179906291340514
with:0.01409222594673608
though:0.029946315682056385
hell:0.04112507137929995
wheel:0.05854811784111683
bet:0.05197194355433265
most:0.022368620047795638
matthew:0.05164183543158428
mail:0.036919463913685016
uxa.cso.uiuc.edu:0.05371813662327644
quiet:0.06071179949141899
re:0.004505307262387597
had:0.018486849225085967
lh:0.14655181414042098
he:0.057474694247719345
best:0.029339470842908846
magazines:0.06398193866708166
great:0.030376514322080446
impressive:0.06335099908253568
a:0.003365070182762398
214:0.07075672878275796
was:0.021336412869912908
are:0.007745920260255729
bang:0.0709862251077061
it:0.004130788310120145
won:0.05206794559829863
university:0.028317350621670526
between:0.027986335494535008
cka52397:0.07299892492292497
has:0.012828608119115074
dodge:0.06988011005646365
breaks:0.06657364203596051
writes:0.00796701675924774
of:0.009370630629674153
year:0.029816394171200626
award:0.06811380313848925
called:0.03231631922718957
valve:0.06926211855781846
and:0.00919993769857325
gets:0.040208630631238605
for:0.003919865818217759
subject:0.00032165008303636504
room:0.04804853590745308
uiuc:0.07246336151845709
the:0.005448816939679901
because:0.06378514333353665
roy:0.06071179949141899
moral:0.04836331066157622
cars:0.046049121122548275
human:0.038624606882368386
insane:0.06988011005646365
is:0.0032370196010923363
disk:0.042180469684335926
lot:0.029862089015245674
six:0.051051787183434165
automobile:0.1369690920279846
under:0.029244860567537823
him:0.028873678353774794
hp:0.05211623501272681
four:0.04226561627738523
