since:0.01923866945580463
out:0.01132862595269673
mustang:0.055438105371301095
there:0.008824797938241803
uiuc.edu:0.0551175628687281
stephen:0.0391505699941444
know:0.011864183900560595
your:0.012114732905589063
insurance:0.04269637519854571
hell:0.03282097042771054
ca:0.019774505731656934
from:0.008140117831059382
both:0.02159330848373306
my:0.009136675589714436
5.0:0.04877322863514777
most:0.01785187946122152
mail:0.02946457216188323
make:0.01692385080143946
that:0.0066712427968168625
jeff:0.04053345470029227
quite:0.025540378674128863
uxa.cso.uiuc.edu:0.042871205189730234
really:0.01876342060760506
talking:0.031343184426560276
nt:0.0068661399204080625
re:0.007191163514964819
wade:0.05527649846441281
had:0.014753927746943608
he:0.04586922714000679
a:0.00402837728609537
j:0.029366621726239064
88:0.04814248553432265
jeffrey:0.052877836352570665
was:0.025542148099078434
are:0.006181840207704092
bang:0.0566524681148039
it:0.0032966868244228074
mothers:0.05722384715779237
only:0.012822463829512371
university:0.02259942405383321
between:0.022335248519676977
sports:0.1846028956000687
robert:0.030725115663054844
cka52397:0.05825875739041127
considered:0.03310425920396358
writes:0.019074876663968145
of:0.0018696210150551795
what:0.00885040483650607
they:0.008970381004882151
called:0.02579090861400706
one:0.0094549125747656
in:0.003416917344124817
and:0.001835564492744182
still:0.01963181809836103
for:0.0031283544510776347
subject:0.000256701508577099
fits:0.04918954407508358
car:0.1470501605713168
i:0.001835564492744182
uiuc:0.05783133659646095
the:0.0014495250192097173
do:0.013813806132817245
when:0.012573792719651308
because:0.050905450929649446
moral:0.0385976421626041
needs:0.032205255410282185
cars:0.07350148179175975
human:0.030825407415736306
insane:0.05576970321813926
about:0.018942618852343683
is:0.0025833906431794607
gt:0.05263127451975012
figure:0.03550478494302648
illinois:0.04633865270841112
plastic:0.04893759818667951
him:0.023043416378493345
agents:0.04379647472910094
article:0.007791662310736549
s:0.011931466939538815
