thanks:0.062293332653630094
to:0.004306872375283846
experiences:0.14765958094075868
that:0.0108407695448274
like:0.03639497073464604
anyone:0.052278585926293475
had:0.047950265177566724
carpenter:0.1886386847734598
m:0.04277545975362725
a:0.0043640753932699845
idea:0.08663675922689863
d:0.05693263194928236
robert:0.09985662590492823
has:0.03327420230895472
dodge:0.1812515354589526
thinking:0.21772040836554096
g:0.11046881128160944
of:0.006076268298929333
they:0.02915373826586699
good:0.05062530785498435
or:0.021072233053221416
subject:0.0008342799028755718
i:0.0059655846014185915
any:0.03197772707152523
bcstec.ca.boeing.com:0.19392232008733273
about:0.030781755635058486
new:0.05387498640261084
bad:0.0856437827108245
buying:0.25070112032734476
share:0.12753278186690176
