land:0.11201781255176722
simply:0.014359827886776477
at:0.004135985973964465
locate:0.027068370697724477
there:0.004308821528531208
all:0.004479191693175076
allows:0.019402222465474947
storm:0.026333304685088137
hand:0.014822720448134617
with:0.0027456684356316776
much:0.008202802204506721
into:0.00840753006095017
mentioned:0.016503115581182337
dealer:0.02076321785562792
my:0.008922199636904238
to:0.003882251155185439
look:0.011132245653877514
front:0.016511506710638186
that:0.0016286602133074029
think:0.006759380410932185
like:0.010935578061114302
really:0.009161482362398714
grand:0.023543599367224093
nt:0.006704962926971253
along:0.01640357470019359
re:0.0017555892149209884
had:0.007203795707427865
this:0.002464706283433892
he:0.007465414119813311
something:0.009345827780110436
two:0.01750975993101701
on:0.007140969369567464
you:0.013046924634007554
vs:0.016040431666964047
magazine:0.019824880454478323
a:0.003278178699169941
how:0.0123508262650622
hard:0.012695931467490654
other:0.012951248712036722
same:0.009117809157411326
want:0.008885436468132307
price:0.014695512684713441
test:0.03357652445051334
budget:0.022155570061585795
worth:0.016503115581182337
local:0.014349218084112452
oil:0.02104135322446764
drive:0.02651458919066656
also:0.006964775266101251
andrew.cmu.edu:0.01913041974989324
are:0.015091816469512334
reason:0.01254559588736398
it:0.00643859961952999
not:0.002830563420544436
explorer:0.030089733324112147
have:0.002400237620411516
only:0.0062607335130013455
buy:0.01411662500114538
money:0.014555022379010001
accident:0.04562904958509575
usually:0.015482397850641377
list:0.013669617825922908
toyota:0.049965369253258146
writes:0.0031045182676880862
get:0.030853849185237613
down:0.011100307873019521
if:0.01573123051087815
of:0.0036514663956007257
even:0.007883377689042374
parts:0.06852009411110536
year:0.011618594911782404
passenger:0.02594184173232264
oh:0.015162986780006918
well:0.007900788310579084
they:0.013139713021235826
miles:0.0188457971122574
called:0.012592744112003446
over:0.009417562218400741
one:0.013849449405290457
in:0.0016683540083989716
fully:0.019707293450130496
point:0.010335849583380567
tires:0.02468607006502564
or:0.006331562983127562
and:0.007169904497479622
still:0.00958548864896501
for:0.004582378350874282
subject:0.00012533782578412345
i:0.003584952248739811
room:0.01872313840525167
power:0.01268476657357062
limited:0.018225798417360373
mention:0.017721478001300108
rare:0.02381415858241957
stupid:0.018129982118622313
body:0.016665169594716204
any:0.009608331138862041
cost:0.015591584996952491
the:0.0031848718731931815
waiting:0.041080190247754944
when:0.006139316633069183
writer:0.02393506231998959
can:0.004058995269660626
forget:0.05407342725935907
friend:0.016306100561938056
snow:0.02563884398050306
problem:0.009932231418054386
just:0.011027122661651512
about:0.00924897821898471
priced:0.027068370697724477
spectrum:0.025522916221862816
is:0.00630686917583718
does:0.005720604762148006
spare:0.02393506231998959
break:0.01842350492135158
unless:0.014450992609110288
advice:0.01826223975696361
nice:0.014834457543449569
change:0.013953094403335623
article:0.0038043797197962487
very:0.008184237050626514
side:0.015119080181085414
past:0.01550945749719889
says:0.012023599739096565
doubt:0.016338367600847736
range:0.018777258147838843
