mustang:0.09609271597692189
know:0.020564585427638362
where:0.030790946637229363
1992:0.06576577558140487
from:0.01410953757383626
5.0:0.08454026296758947
look:0.039519472071265174
like:0.019410651058477887
could:0.02515181925543429
me:0.018059811340075744
so:0.017030176623082
anyone:0.027881912494023185
these:0.027610599551649042
you:0.027789949470436094
tell:0.04016708422704088
performance:0.1263670411198872
them:0.024430986192204015
magazine:0.07037832561339805
a:0.0023275068764106585
also:0.02472495219465944
l:0.05508267631255605
month:0.0662300581564543
it:0.005714257162332866
have:0.008520843552460881
which:0.021531538875291963
1/4:0.0930070087579953
if:0.03350752098817047
end:0.04507055670959182
of:0.003240676426095644
year:0.04124601193682753
up:0.022391006172539744
baker:0.0995316565268857
ho:0.09756860593261264
or:0.011238524295051422
douglas:0.07517302682092772
and:0.009544935362269746
for:0.005422481048534567
subject:0.0004449492815336383
i:0.003181645120756582
top:0.056360537102788585
mile:0.08850834848946294
the:0.0037687650499452652
can:0.028818866414590444
lx:0.10975006440832584
page:0.07007909555312145
come:0.04001989457449014
new:0.02873332608139245
time:0.026325166165061892
1993:0.05049426338350228
s:0.010340604680933639
