abs:0.09523242018433174
send:0.04313745765994445
thanks:0.02931450948406122
to:0.00202676347072181
legs:0.08382302464896324
considering:0.058902499343457246
two:0.02742337400960752
these:0.024362293722043273
you:0.02452054365038479
a:0.004107365076018809
dealing:0.06931178952349941
other:0.0202839409975281
want:0.027832323054590904
as:0.011766384709073801
no:0.016555084355625145
d:0.026791826799662286
have:0.007518391369818424
after:0.028370789524484578
be:0.008506783193198107
which:0.01899841665466938
tall:0.08313890677197952
if:0.009855153231814842
of:0.00571884075193349
what:0.013535913279362223
well:0.02474805750225507
please:0.02816787289566551
now:0.02429285879232712
in:0.0026129367925660364
nissan:0.08555512811449828
or:0.019832689932443685
recommend:0.06452616598769605
and:0.01122933572031735
for:0.009569084203296293
subject:0.0003926023072355632
car:0.044980049115932196
i:0.0028073339300793373
we:0.019819763319323086
room:0.058647477651744204
suggestions:0.058191123103983486
the:0.002216920617614862
would:0.013715435972123177
friend:0.05107646205430597
an:0.013204384390613775
cars:0.11241403097563255
long:0.03500457713394978
people:0.02213636970695761
address:0.04695325520490604
replies:0.06590894465899423
interested:0.042309944344337054
is:0.007902136085019527
new:0.025352934777699218
right:0.028527552849857345
under:0.03569593275155352
opinions:0.041994266992941794
mine:0.048018221247058616
buying:0.05898849890055171
