name:0.06004853273544024
that:0.007541404900749496
brought:0.08422593135947103
re:0.008129141364742838
so:0.022213273856193913
you:0.012082586726276563
why:0.03868962130769579
a:0.006071757068897369
let:0.05011169005984402
are:0.013976334382635337
not:0.013106739316868801
examples:0.09538650624268112
love:0.07113516174307496
humor:0.12070958611679657
cr:0.13607785791445484
writes:0.014375269369947007
were:0.033723984727658675
if:0.014568487386161072
reasons:0.07905487990861099
ok:0.07095324327197677
up:0.02920566022505184
good:0.035217605464336936
in:0.003862602215097619
few:0.04968755436752797
for:0.0070728013676537825
subject:0.0005803686280873543
create:0.08267055850529606
i:0.00414997189663902
group:0.05863295510449228
top:0.07351374404711555
eliot:0.25964779963535395
blah:0.41007080484988817
the:0.0016385934999762022
magnus.acs.ohio-state.edu:0.20005884293310394
10:0.06283416864991662
f:0.08078763518275756
new:0.037478251410511886
right:0.042171165082397814
article:0.017615932180795674
john:0.05829300868656186
s:0.013487745236000399
