keys:0.08644510158323164
another:0.008152593126428598
bottom:0.016494537234739048
at:0.003238841957553055
out:0.004331533452501691
mark:0.02208547032567787
there:0.01012256234092442
all:0.007015204637105082
beth:0.04736693397690351
where:0.006792120581741771
with:0.002150100649961571
way:0.01273803543784223
much:0.006423517902793865
ca:0.015121680853620008
simpler:0.022032914708863878
from:0.003112397994228587
parents:0.016858842023872247
automotive:0.02095575616224081
my:0.006986869568605157
single:0.011953774523942555
to:0.0030401452060827153
besides:0.014890024978444445
front:0.038789899956241915
enough:0.008941722525505133
bunch:0.02982502221437004
make:0.006470884129962146
that:0.005101538609330541
uxa.cso.uiuc.edu:0.016391931396073325
like:0.004281761262899534
nt:0.010501155172388801
me:0.007967563826504005
re:0.0027495625204277245
flat:0.01815377067677428
so:0.0037566566080327944
carrying:0.01705549160089793
pen:0.02253503064638502
this:0.0019300824940125698
two:0.00685584350240188
on:0.005592009101903933
you:0.010216893187660328
them:0.016167564391899716
size:0.013238518886271571
biological:0.04191151232448162
why:0.01308619544230887
a:0.004107365076018809
other:0.01014197049876405
same:0.014280098165651562
bigger:0.01713719430966525
constantly:0.019184292607488093
dumbest:0.021955512469165963
also:0.010908067144702695
stuff:0.010747854973064786
plus:0.013146690639631142
ie:0.015380949216034601
are:0.00709093435589587
concepts:0.018586796543158042
crap:0.017865785958870208
pocket:0.16764604929792648
reason:0.009824308544148999
place:0.009997895651898623
it:0.0037814937103673382
not:0.002216580913882224
have:0.003759195684909212
made:0.008549924823227946
try:0.008957314971850708
ve:0.00671005036407145
buy:0.011054562960455757
expect:0.012706695158670544
has:0.007829224072695228
usually:0.012124083610980196
which:0.004749604163667345
stick:0.015537975385494344
thinking:0.012807082845031821
found:0.009832795975209549
writes:0.0024311117316822145
get:0.004832257262099715
down:0.008692520503504258
if:0.007391364923861132
of:0.006433695845925176
raised:0.016635957384841235
even:0.006173380322669212
wayne:0.017178736792216473
sit:0.01711659778191279
looking:0.009536343181642074
women:0.08336724692279614
they:0.010289554682070703
one:0.0036151136315280235
pants:0.06935020964373109
clothes:0.021455026534149126
in:0.006532341981415091
compare:0.015844525418358502
or:0.012395431207777304
tends:0.019112902585954633
men:0.06455144398212026
and:0.002105500447559503
for:0.004784542101648147
subject:9.81505768088908e-05
half:0.013903101042621381
each:0.009360328666766967
i:0.0028073339300793373
married:0.01944567467250181
back:0.04646375117796039
room:0.029323738825872102
any:0.0037620855378264974
impossible:0.01513328181960969
the:0.003325380926422293
do:0.0132043735093106
start:0.010358684146626884
around:0.00870292071012366
would:0.0034288589930307942
can:0.003178551442785711
because:0.006487949628288654
did:0.006043790600893255
put:0.0365802838168644
last:0.008015303500218741
many:0.006813239071978285
about:0.0036213830158892337
is:0.005926602063764645
length:0.016995384475892307
time:0.011614043896350835
carry:0.01431050680122539
keep:0.009740494794580593
mystery:0.020217996252453487
their:0.02226005321443697
wives:0.02227540723751019
close:0.012775416235921105
by:0.003641306892710169
happy:0.013963584884136107
everything:0.011359053249717843
s:0.009124062953764975
