out:0.006771132753335976
folks:0.021282849714337804
mustang:0.03313541930238686
forgive:0.03240464243178199
all:0.005483148451990179
where:0.010617567805941159
your:0.007240989782650934
with:0.006722153756201693
ca:0.011819244805128281
times:0.016152161732718544
mentioned:0.020202089763171484
france:0.029451732938080104
wheel:0.027928125177084463
brothers:0.029451732938080104
turn:0.019663667440888016
automotive:0.032758423426031615
my:0.010922003003796567
to:0.003960342414054112
mercury:0.03215290322110157
h:0.02030564439249722
been:0.008432416018514018
bunch:0.023311511615829457
that:0.0019937047438763037
think:0.008274413951313536
through:0.013617605138073717
nt:0.0082077994450855
could:0.008673041122563547
me:0.01868256345525077
re:0.002149083349299831
started:0.018846234919476467
steering:0.03231949826060302
so:0.0058724746976144835
had:0.017636879145771667
this:0.018102842702462724
off:0.012548606022737645
wiring:0.03353889205338254
on:0.01456921911607155
you:0.003194247065567367
tell:0.013850718698979613
identical:0.02808777784436651
a:0.0024077657342179226
how:0.007559557455339795
j:0.017552463560510705
was:0.020355428370146797
as:0.004598357242626543
pissed:0.03183353626044174
driver:0.042296386189498755
dumbest:0.034321260871339895
button:0.05466096629067412
concepts:0.029055222182407973
thread:0.04784974475291914
it:0.005911300512758138
not:0.006930000098574309
calling:0.023637934595100333
shift:0.027849931774465042
intersection:0.03630310274657972
left:0.01680692634195725
earlier:0.0453557072975206
after:0.011087434986580179
robert:0.03672887389606556
has:0.006119393528083626
be:0.0033244899835486856
writes:0.0038003585690664504
if:0.003851439194042582
end:0.015541571279169593
of:0.004469898518752613
gives:0.02089956595285118
what:0.0105797942873176
but:0.0076469335890851755
reading:0.01888690831243098
well:0.019343309312107412
newer:0.028251992628527747
one:0.005651212113653003
in:0.0030634431361119046
feature:0.05431157000119859
or:0.0038753532051901455
and:0.001097119007157442
for:0.001869821051218816
subject:0.00015343078673573735
i:0.002194238014314884
we:0.007745654630540057
back:0.012105498391192744
flash:0.03160514356705373
the:0.008230636315972418
horn:0.06888451495185029
putting:0.02310376153470123
start:0.016192885562543176
fame:0.03333361571658898
would:0.010720110874762942
come:0.013799963646375911
imagine:0.022630681347508404
an:0.0051603341296651535
just:0.006749359560148769
german:0.02698624095234241
many:0.010650580618264904
current:0.018173825998452978
deal:0.018944339033106373
move:0.02032658112398286
today:0.016316817619530764
having:0.03007921140713059
time:0.009077643505193756
figure:0.02122125077054456
1979:0.03266791562736414
beam:0.032235597114504445
engineering:0.022222698236914362
article:0.004657085519060925
already:0.016699921386766386
before:0.01221950728288876
going:0.012516182092239555
high:0.016076573710583457
s:0.003565725752046082
