some:0.013045104750093343
out:0.006581994966929944
vehicles:0.02792689003386839
andrew:0.021036079101519545
know:0.006893157126582692
help:0.01195582525163015
hours:0.021878069142740906
your:0.007038727498219344
with:0.009801576147310849
much:0.0097608763662566
concerning:0.025560012533283268
ca:0.022978196604383477
into:0.010004491078113891
my:0.01592537868151343
to:0.0023098309945656383
1987:0.028433017940864072
noisy:0.03250138945131779
trust:0.02318082828892924
die:0.021048907102974017
make:0.009832851862288848
that:0.0038760293344634283
quite:0.014839102693348611
like:0.0065063634832886776
les:0.09907164418653698
nt:0.011967796956241986
re:0.0020890530881462043
so:0.005708439091535867
anyone:0.018691784912194316
prefer:0.022941497793529837
this:0.005865725568395743
getting:0.015151964090640705
on:0.008497354612948992
you:0.0031050222871995634
performance:0.021178833707243664
am:0.018260741415657717
m:0.007647009564894258
a:0.0046810194162448995
air:0.021531502713023294
sorry:0.017750931199657122
looked:0.020810073768042933
forever:0.026363890631942874
question:0.012195452979592762
plus:0.01997709415631101
third:0.04081324018623336
no:0.006289082325041955
place:0.030384666115267325
it:0.0019153934622344803
not:0.0067364246768264234
have:0.00856844603040759
after:0.010777730098686879
quality:0.02147577564566676
references:0.02306909272073555
party:0.04742657478796266
installation:0.055422329384744826
be:0.003231627134846209
which:0.007217275600656524
writes:0.0036942033017740915
of:0.0032587807636715975
trying:0.015063286162393275
andy:0.025038034842522948
but:0.011149998138275032
never:0.012312509669619331
again:0.013641727028536414
shipping:0.022923505532635752
find:0.011823724791471453
who:0.007223759073932114
si:0.030236221249596195
comment:0.021953058083143927
in:0.003970496131720458
a/c:0.21592971019638693
5:0.014518842943674207
installed:0.04475273693134182
or:0.011301309346979083
205:0.03149948482195568
nearby:0.0297279990249832
and:0.0031994196745038254
subject:0.00014914501056993463
i:0.009598259023511477
top:0.01889180014618612
any:0.01715006591545487
will:0.006331314775996002
the:0.0012632732010989715
do:0.00401294926763406
units:0.027148009948674286
would:0.010420666436920403
can:0.009659955222767748
fan:0.02234388818709315
forget:0.021448119192259744
put:0.027792841335718205
an:0.005016190718221993
just:0.00656082996349657
carolina:0.03220984893081181
unit:0.11983633568713452
is:0.006003857584148915
1/2:0.02649851382512198
handy:0.029318327108304152
electronics:0.02519766262154002
does:0.020421600240293717
experience:0.018504037848017588
change:0.01660340283748876
article:0.004526999331377659
honda:0.08076904829622497
going:0.012166568067316662
live:0.017299934491327704
seem:0.015417388574836524
intergraph:0.032808985971893356
