above:0.06482514357448917
out:0.0280518356923919
there:0.0437037612179594
all:0.0227159007296736
seals:0.14425978020482788
thanks:0.04746158678371817
with:0.027848922704264156
way:0.08249394378793062
from:0.04031296449667503
mechanical:0.12593389311715458
to:0.0065628531432896705
these:0.039443713645212916
henry:0.2178686782598907
machine:0.0774476036743892
a:0.0033250098234437974
old:0.06304554957957914
athena.mit.edu:0.11636365106951838
83:0.13354747376008982
be:0.013772887074701697
of:0.009259075503130411
tend:0.10141914508903176
office:0.08692233126300382
or:0.03211006941443263
subject:0.0006356418307623404
any:0.024363982530685887
the:0.003589300047566919
do:0.017102807593011825
home:0.0697467393300321
simple:0.0785521084989581
is:0.012793934613841138
their:0.03604008615670747
rain:0.13533850759908
