ask:0.02038155653396061
there:0.012836069728351713
know:0.008628497382225887
help:0.014965683356935643
your:0.00881071484042841
much:0.012218159926992527
concerning:0.03199470100320073
ca:0.014381458713932316
from:0.011840171390631826
post:0.01805998464637189
dennis:0.0758637733527893
dealer:0.030927030791949278
several:0.019709450154317458
my:0.0066448549743377714
to:0.0009637756364271544
formerly:0.03845660825641503
track:0.0318167522922835
been:0.010260422288261814
nt:0.009987112611502636
months:0.023746814964893847
re:0.0026149685508962974
so:0.014291057306082799
anyone:0.011698704542946792
phone:0.02054088899447251
this:0.003671205862737196
md:0.03501271675223465
on:0.0035455162604146146
trucks:0.039859899833073434
you:0.015546824878565646
am:0.011428925571338221
a:0.003906305247122784
how:0.009198342637965904
was:0.006192035902806892
rec.autos:0.04321355773700271
oasys.dt.navy.mil:0.0824035899851693
also:0.010374105815941025
model:0.02558707350757727
301:0.03873451265256547
taylor:0.03793188667639465
it:0.0023975904177620418
not:0.004216153906125629
have:0.007150358225841299
only:0.009325428239645361
ve:0.025526345440943135
area:0.022436832480135293
kind:0.01926941746128014
malcolm:0.039023919758599424
bed:0.039859899833073434
earlier:0.027594031712477568
references:0.028876696482599044
has:0.007445975341863993
list:0.020361039139311747
be:0.004045183616345953
g:0.02472029343364687
writes:0.004624212524598338
soon:0.025153801657618675
if:0.009372733143544186
of:0.004079173123756755
offered:0.03236478772665767
gotten:0.030137838557996594
looking:0.01813905835948702
what:0.006436658062913505
but:0.004652330225527345
years:0.031185670251474035
warranty:0.03589909231614474
again:0.017076007958797327
using:0.015415528521992452
they:0.03261956729048055
who:0.009042327791845092
up:0.00939482776470199
david:0.017457659016395063
good:0.011328740219297197
over:0.01402755770992558
one:0.006876300054374982
code:0.022660926645676198
in:0.0024850307957271396
our:0.015592835125737017
system:0.01563092537931836
for:0.009100667494044028
subject:0.0001866920062378902
i:0.002669911989446083
appreciated:0.023669665169064637
info:0.02059717104470208
any:0.014311710018025278
information:0.03410938859417853
unfortunately:0.025747504061719977
the:0.0010542000139707034
do:0.020092808920461443
see:0.012373327002875358
around:0.0331076144497012
would:0.006522025497233399
can:0.006045916031032961
repost:0.03882965707253596
record:0.02696956921144472
here:0.0377706483697216
company:0.023539356920498952
hold:0.024264200090517624
pickup:0.04190876084483199
division:0.02771026165119114
9:0.024900934654720465
does:0.008520900799563113
wanted:0.021294825101720996
x:0.06388447530516299
give:0.016526127771720325
s:0.004338715250741387
