at:0.02288220811569951
thanks:0.025888138245664456
previous:0.04510648597003644
dod:0.04542161093107061
appreciate:0.04985991344694148
problems:0.0356243277388542
r:0.04026259437310559
re:0.004856370165950267
anyone:0.02172616557975833
phone:0.03814736527544895
getting:0.07044679408375809
hi:0.04092229428590136
you:0.014436337387239529
numbers:0.04581483637660647
them:0.019037132097821312
m:0.017776814443065874
a:0.005440925165635305
same:0.02522199156530666
copy:0.04437158370212133
solved:0.07060235266567247
book:0.04038569494394381
d:0.02366031457632514
einstein:0.07303367139408995
it:0.004452667918700935
not:0.007830000111376167
have:0.006639618352566921
650:0.06554947866135444
has:0.013828239920604559
listing:0.07265720987625551
list:0.037813358401578956
be:0.0150249677178564
thinking:0.04524060433569683
considered:0.044712246197561194
were:0.020146796071068823
if:0.008703252204719602
of:0.005050404819889316
plate:0.06714638400076788
reading:0.04267950709562326
must:0.0300968886685649
in:0.004615057192064688
albert:0.06666974287284025
for:0.004225309907949013
incredibly:0.0684206418703591
subject:0.0003467137258703675
i:0.004958407980399869
license:0.12151466048305244
we:0.052509502820024805
face:0.04661391676552675
the:0.00489450006486398
when:0.01698278497199657
level:0.045721235877840896
can:0.011228129771918356
interested:0.03736462617421974
created:0.04932591024006521
eternal:0.05989599721644736
significant:0.054063997318233324
plates:0.07676980220515205
article:0.010523803640475338
says:0.033260087589968415
yfn.ysu.edu:0.07229135433123349
john:0.03482439479976423
