some:0.0052829722856712865
since:0.009053491508613943
report:0.017175240830202512
believe:0.019662188962265525
behind:0.015962635298636646
k:0.017143262697971326
form:0.015445162554216723
help:0.01936735493250495
all:0.0043170490074492815
anyway:0.027588360376873615
take:0.009618774345410424
chris:0.01736084725302851
differ:0.02465453053325156
with:0.007938833169088878
someone:0.009970398708882444
from:0.003830643685204415
my:0.004299612042218558
to:0.0024944781178114586
building:0.017196685831849103
within:0.02928914222916577
covers:0.024331186804825565
then:0.007221178053284178
most:0.008400884452339538
cases:0.01665061356781173
front:0.015913805110253094
walter:0.025380062886532915
worse:0.017624730377105824
been:0.019917290324272932
that:0.009418225124917922
think:0.006514696957142785
helps:0.01914014613634825
nt:0.0032311246684273236
affect:0.022178542895528185
parr:0.056158499934793195
re:0.001692038474109369
charles:0.03725115524827001
this:0.0023754861464770093
off:0.019759795909107244
reduced:0.02261951726725087
he:0.007195172884706947
drag:0.023611437055369965
on:0.0114707879013414
trucks:0.051583399783977385
am:0.00739518713439532
them:0.0066328469300101405
working:0.014337280591432612
sure:0.009873502353661556
a:0.004423316235712563
how:0.011903737531485289
bigger:0.02109193145804954
load:0.02034385914843242
nor:0.01563139817635929
said:0.009916311441915984
capable:0.019854204919291095
ns1.cc.lehigh.edu:0.048766996436810185
acs.ucalgary.ca:0.027519910800124302
town:0.020153975894590646
travel:0.023148020741215806
are:0.0029091012742136903
those:0.00839780839044145
fools:0.051162404167372014
have:0.009253404762853447
ve:0.008258523525011016
argue:0.019274226668503775
bed:0.025791699891988693
struck:0.02465453053325156
mileage:0.12114172019884374
heard:0.012229173572035632
cr:0.028323898027443093
be:0.002617471751753264
which:0.005845666662975194
structure:0.020844608324394047
thinking:0.015762563501577627
found:0.012101902738719446
writes:0.005984275031833144
if:0.0030323548405584134
of:0.0035192866165744555
flow:0.023352801698628117
highway:0.023885756611100442
but:0.0030103313224000465
years:0.010089481551947483
oh:0.01461410038073065
separate:0.019107237723094493
together:0.016103919644571182
they:0.021106778835016826
who:0.00585091798295859
net:0.015000644728047434
newer:0.022243650304813702
one:0.0044493706234191065
comment:0.017780983696302096
in:0.0064318444124702445
door:0.01914014613634825
replacing:0.025380062886532915
speed:0.015196674963284078
weeks:0.016473144277525387
truck:0.023269773921848945
and:0.005182770332454161
few:0.010342205886453786
for:0.004416500401521367
subject:0.00012080070991863483
i:0.004318975277045134
elements:0.022178542895528185
improve:0.021462597170573913
20:0.014230010626269775
any:0.0046302591234787666
driving:0.018946192722629776
actually:0.022120489838018866
will:0.005128078483725269
than:0.006473308969318829
the:0.005457035366436583
do:0.0032503073253687636
around:0.010711287027844506
got:0.010009745799233367
effect:0.015684947758472425
did:0.007438511508791699
forget:0.01737200604259952
may:0.025262789965246574
last:0.009864988923346144
just:0.010627950800596253
during:0.013250540768336972
about:0.004457086788786749
unknown:0.021353558475646038
cooling:0.026659984995201835
threads:0.02565028566798822
new:0.0078009030085228375
time:0.007147103936215899
study:0.01676639524178642
their:0.006849247142903684
designed:0.017780983696302096
article:0.010999993850451598
high:0.012657573871681094
trips:0.02608852017472993
s:0.005614807971547678
