large:0.03522393082220677
block:0.10324186558031367
ah:0.05538002312318554
hand:0.03714399359356087
your:0.029645464051323824
with:0.020640966239631083
remove:0.05197823982399565
ca:0.024194689365792013
into:0.021068281211557485
reach:0.05127415845918092
bits:0.05187503998784462
except:0.03793366375298604
my:0.01117899130976825
creation:0.05340935875837597
hole:0.10981060399875772
that:0.004081230887464433
like:0.013701636041278508
through:0.05575207750646651
nt:0.00840092413791104
anything:0.05461743883104479
re:0.004399300032684359
big:0.03265624181020656
pieces:0.11975318144505102
you:0.01307762328020522
was:0.010417189812957478
oil:0.052727155727195385
solution:0.045763024332155865
those:0.021834301815147766
ear:0.06887195712890304
have:0.00601471309585474
safely:0.06687314493131012
ring:0.05862691762540425
left:0.034404766864712485
always:0.03125830703527891
be:0.006805426554558486
scratch:0.0663342092132949
sort:0.036911309501894474
down:0.027816065611213622
if:0.007884122585451873
of:0.006862608902320187
associated:0.053527006797606365
never:0.025928696833668944
heads:0.0570902095969682
one:0.011568363620889676
in:0.008361397736211317
yes:0.03137465730004575
valve:0.06763242165057566
or:0.007933075972977474
and:0.00224586714406347
subject:0.0003140818457884505
con:0.06823587217278215
walker:0.057332789446412145
the:0.008867682470459447
may:0.021894417969880363
simple:0.038813983023014594
just:0.013816336040775128
is:0.0031608544340078104
self:0.05002486378835501
gave:0.043669104859269316
advice:0.045763024332155865
changing:0.05038139731182947
by:0.011652182056672542
