there:0.01835557971154295
entirely:0.04156125046181213
all:0.009540678306462913
your:0.012599322221812625
with:0.005848273767895473
someone:0.0220345811466302
reach:0.043583034690303786
turn:0.03421478134714515
both:0.04491408164616476
my:0.009502142613303012
to:0.0027563983201816617
then:0.015958803497758033
trip:0.051426200367286165
been:0.014672403872214393
problems:0.02743073235891773
re:0.0037394050277817052
avoid:0.03866749493223099
installing:0.10557504422106394
personally:0.03918844605106501
these:0.016566359730989428
on:0.010140176504785799
you:0.0055579898940872185
combined:0.05072415778055368
them:0.01465859171532241
a:0.005586016503385581
j:0.030541286595288628
oil:0.13445424710434822
drain:0.11635497423571767
locking:0.06287752341031619
no:0.022514914723650196
place:0.027194276173164257
have:0.025562530657382645
plug:0.047432339746968345
writes:0.006612623910175624
of:0.003888811711314773
but:0.013305664445008206
they:0.018658392490154874
miles:0.08028309569821651
one:0.009833109077756225
in:0.007107188075779619
yes:0.02666845870503889
valve:0.11497511680597863
recommend:0.04387779287163331
and:0.0019089870724539493
subject:0.000266969568920183
steven:0.04486514127849021
i:0.0038179741449078986
special:0.034957111928650225
away:0.027689835863236704
the:0.001507506019978106
do:0.007183179189064966
magnus.acs.ohio-state.edu:0.046013533874613904
less:0.027488655565962774
would:0.00932649646104376
can:0.008645659924377134
home:0.029293630518613487
forget:0.03839213335414494
an:0.008978981385617367
cars:0.07644154106343014
problem:0.021155652920455844
is:0.005373452537813278
bolt:0.06105430784237664
self:0.04252113422010176
keep:0.026494145841259212
lot:0.024785533882653907
changing:0.042824187715055057
article:0.00810332880316601
by:0.01980870949634332
cbnewsj.cb.att.com:0.11217987795847548
parking:0.05486391575831442
