another:0.010977749160339499
expensive:0.020049934624440043
week:0.01706850893270091
out:0.005832559896437921
all:0.004723108072506392
tried:0.01533596065859738
ever:0.026172495612176837
with:0.00868555510083486
way:0.008576103067062095
4:0.02459672776414534
owned:0.024945937414790974
such:0.009519887145880191
service:0.01803262984395219
from:0.00419095175460483
signals:0.025153101325362758
both:0.01111734694211999
to:0.0034113840596307695
stop:0.016455213438518006
changes:0.020187669800674202
design:0.018629540630819025
motor:0.024945937414790974
unique:0.025110969198293902
front:0.01741064816517789
that:0.0017173496308637466
rod:0.02806293630012572
really:0.009660374966291713
through:0.011730016307053599
86:0.02366586816581221
attention:0.0210132596213993
re:0.0018511906078127255
started:0.01623388552469755
exactly:0.015922686402336676
national:0.01610977190587878
had:0.015192163224575596
error:0.018640881976099002
this:0.005197845924469495
two:0.02769489256415809
burned:0.02409092405990326
on:0.01756961275581698
took:0.016709909289191482
went:0.03230159668550578
etc:0.022993306806517184
roger:0.043700542312540516
working:0.01568583668666637
8:0.014616293477098348
3:0.023182831135025936
a:0.002074016028484745
same:0.009614323517468378
was:0.008766941921795897
as:0.003960961189193161
timing:0.027224232577561135
oil:0.022187169489166374
worst:0.02133520254353224
computer:0.013270806461214433
are:0.00636545922377451
no:0.011145997387945642
religious:0.018175246559951078
it:0.016973041076236237
have:0.005061887258887652
buy:0.014885352105168148
cam:0.030344199682261017
careful:0.022778977165650447
83:0.027767296524375117
has:0.010542321523629218
sets:0.02354209934301311
1986:0.0504769136055226
which:0.006395506596621375
seek:0.024056899905013352
get:0.006506801857876843
were:0.007679719294417323
of:0.0009625771562660329
even:0.008312670533495176
parts:0.018062846591170103
year:0.012251290674305207
bearing:0.02806293630012572
order:0.013882756738279664
they:0.009236827965423204
highly:0.020676602546577234
up:0.006650793912635567
miles:0.07948821356259061
one:0.009735751562134876
in:0.0026388074538785714
required:0.018528621042084005
5:0.025731414721957255
speed:0.016626065182602876
tires:0.0520607220183214
weeks:0.01802259844224312
and:0.0018900862103504448
still:0.01010747070410667
seriously:0.019192839917808617
subject:0.00013216315293078365
car:0.015141798712294006
i:0.004725215525876112
6:0.014546285309698983
back:0.01042750851518583
integra:0.06731265311680802
the:0.004104595598950289
constant:0.024555933068983474
when:0.019420907566986174
strong:0.017874516762230248
would:0.004617077455962258
because:0.017472498008856575
radio:0.01775916020182013
last:0.010792883921086623
7:0.015799646182828246
an:0.004445040289909588
cars:0.01892117353055201
note:0.01466182722217078
finally:0.018002596414832206
about:0.009752635448731402
maintenance:0.027987354754923796
is:0.006650312546798612
87:0.02618427480653709
done:0.013112195799112368
new:0.025603953933914063
engine:0.04040642593802828
2:0.009645591842056479
gone:0.019453452459815657
1:0.019391325662620876
sold:0.020329347054662578
very:0.00862991332566063
shaft:0.026676995575581806
going:0.010781265762622191
manner:0.022573745909817054
everything:0.015295358831303233
driven:0.023303475076587976
