another:0.010033960770989045
transmissions:0.027735422334012334
since:0.009053491508613943
help:0.009683677466252476
anyway:0.013794180188436807
own:0.010255613735511291
with:0.013231388615148129
much:0.007905868188053989
sticks:0.027847153612701795
companies:0.017993811518496546
from:0.003830643685204415
longer:0.015358420852371836
dealer:0.020011608159496593
several:0.01275317362926424
my:0.008599224084437116
to:0.0012472390589057293
then:0.014442356106568357
day:0.011508158532863676
been:0.019917290324272932
manufacture:0.026012469865606028
that:0.010987929312404242
quite:0.012019001729001817
memory:0.015301503285824957
bit:0.012330697728758824
nt:0.0032311246684273236
clutch:0.04678978794623644
could:0.006828548214145057
me:0.004903116200925542
covered:0.020893003297772994
re:0.001692038474109369
behavior:0.019223479741715812
exactly:0.014553767661864293
so:0.00462357736373267
anyone:0.007569749998377336
had:0.02777209928836444
this:0.004750972292954019
big:0.012560093003925599
on:0.006882472740804841
american:0.04380590792834682
rev:0.023981020906113256
fix:0.039366868408873164
am:0.00739518713439532
contained:0.023228824439858367
more:0.005753027266157131
sure:0.009873502353661556
a:0.004423316235712563
how:0.0059518687657426446
other:0.006241212614624031
same:0.008787752717324038
was:0.004006611466522107
standard:0.013773957196661706
also:0.006712656704432428
manufacturers:0.022838506139928924
third:0.01652843889894971
contribution:0.026165870551921332
are:0.00872730382264107
manual:0.017780983696302096
place:0.012305102340798306
it:0.0015513820350224977
not:0.00818429875894975
should:0.007433539105128868
purchase:0.019739644702167613
have:0.013880107144280169
try:0.01102438765766241
transmission:0.021927095605234922
1981:0.02482530124810607
herein:0.026324654804461015
kind:0.012468446592593031
larry:0.10282314561024877
doing:0.01212987739893808
toyota:0.02407833405190947
if:0.0030323548405584134
of:0.004399108270718069
cheers:0.019702093558209715
seen:0.011730610364807027
but:0.009030993967200139
years:0.010089481551947483
never:0.019945151410514575
gear:0.022990617501010304
they:0.008442711534006732
up:0.006079006200689524
in:0.0016079611031175611
brother:0.020966580315292364
speed:0.015196674963284078
or:0.003051183066529798
watching:0.019274226668503775
and:0.0034551802216361074
few:0.010342205886453786
still:0.009238502634522838
rogers:0.05000554107678482
subject:0.00012080070991863483
however:0.010846601376456622
car:0.04152004533778357
i:0.006046565387863187
we:0.012196777427275747
back:0.009531025882658542
any:0.009260518246957533
the:0.004433841235229724
do:0.00975092197610629
saturn:0.025864099626587974
would:0.016880536581074683
hate:0.01821714589392683
law:0.013605615951330164
did:0.007438511508791699
auto:0.02138057280590171
forward:0.019573065638263915
cars:0.06917786521577388
problem:0.019145387258331082
just:0.0053139754002981265
many:0.008385525011665581
five:0.017968247117853473
general:0.026682627720249336
is:0.002431426487698316
else:0.011432363010579443
engine:0.018466285157198448
exception:0.022513873086269006
first:0.01699144641982843
sold:0.018581575135935932
too:0.008834922479024872
reflect:0.021407749385359682
opinions:0.025842625841810338
bad:0.012400909713784544
data:0.02655516401091233
bug:0.022444789501966798
clue:0.022952107593010716
sometimes:0.03171498936034254
buying:0.01815030735401591
