another:0.013946574404959616
some:0.007342999214675183
practices:0.032118880214632314
block:0.027596096145681332
mark:0.018890716756554658
traffic:0.027515976486703786
50:0.021705555277537304
ahead:0.027180122545023815
inevitable:0.03546168417062935
own:0.028509316170415036
your:0.023772306078891744
though:0.015632353469249557
often:0.01954289552376545
my:0.011952380645664168
to:0.004333959622927141
cash:0.0319555123756181
considerable:0.03509698443697936
look:0.014913008328779313
then:0.01003698333192329
death:0.02110324769834228
tough:0.030146191165229538
that:0.0021817900970721813
nt:0.013473180221178084
suppose:0.0242398678341583
me:0.01363004629439679
re:0.002351827061497928
so:0.006426481744559246
july:0.030963015576684957
you:0.010486773385070224
philosophy:0.03078201579964066
particularly:0.025264781730443914
m:0.00860889756047844
a:0.0035132179266575978
load:0.028276684728324307
sorry:0.019983752734205187
want:0.011903131872403659
as:0.010064329059333566
wise:0.03078201579964066
let:0.01449772165253349
idiot:0.03333211081918887
theirs:0.036478296444569076
are:0.008086935617625478
fools:0.03555626201568936
it:0.008625293829936402
not:0.007583773692779433
due:0.02084995273521058
only:0.008387020366473501
neck:0.036478296444569076
feel:0.0191589728568942
his:0.011600182650976457
stick:0.026580687451914855
writes:0.004158882962374606
get:0.008266502989252342
kill:0.023236679915744567
if:0.008429565028470557
of:0.007337380587386364
even:0.010560751243811483
what:0.0057889440440039705
but:0.008368342418244155
well:0.031752224719874426
they:0.005867419022061281
who:0.008132408014049361
up:0.008449436291524432
good:0.010188741203518863
in:0.004469929607408565
world:0.015856922570645766
gets:0.020989410958445313
for:0.006138657790793848
subject:0.00016790538925797672
however:0.015076093737087504
fourth:0.030351072740289996
foot:0.030309559004243754
car:0.01923675056530434
i:0.004802483201142011
we:0.008476376765496667
stupid:0.024287334536267628
driving:0.026334016300007423
the:0.003318409477939227
do:0.009035445520836436
when:0.016448735130109887
less:0.017288462620102373
stupidity:0.0324589256314265
thank:0.022833297526852293
rule:0.02483457590098228
drivers:0.024731470179122677
needs:0.02106507272119086
mr:0.02123871495775732
just:0.014772183188250139
appointed:0.0370557024147145
worry:0.027650081955061155
nose:0.03206395140979738
is:0.0016897649489978862
chips:0.0261178675987231
cop:0.03426824684181506
self:0.026742851710755824
somebody:0.04774500910031139
does:0.007663451662500159
himself:0.023539505977993515
too:0.024559973180685493
position:0.021653100359825234
article:0.005096433209538371
ass:0.03064960442103794
earth:0.022141730582350624
going:0.013696953987733853
realize:0.024613278359315337
by:0.012458307859335424
god:0.016686655545756133
s:0.0039021149739372225
