since:0.00917808084130129
out:0.01080896421174734
say:0.00870433474434653
uiuc.edu:0.026294617148384047
form:0.01565771066276099
know:0.005659977640634412
all:0.004376457938744455
1984:0.02499381306352566
ever:0.012125789251513122
where:0.00847457246896221
with:0.005365388777885755
much:0.008014664539265741
c:0.011862833465270459
prejudice:0.025729329806989786
automotive:0.05229326308375689
my:0.008717562030553223
to:0.0050576115966636
recall:0.017939702821435883
within:0.02969220381947539
lights:0.11258317590344821
mail:0.014056493141448882
been:0.006730460491841465
that:0.001591305621259068
think:0.006604348750130988
uxa.cso.uiuc.edu:0.020452318072164882
nt:0.009826769060400531
suppose:0.01767953663133564
could:0.013845038122257408
parr:0.056931323328391265
re:0.003430646814478629
so:0.004687204575160184
charles:0.03776378582508106
this:0.0024081763228046746
telling:0.01969735925516428
he:0.014588378050644361
path:0.02034829647275649
extremely:0.020266744885502893
on:0.011628642780717659
you:0.002549536648663862
backup:0.02289481714954778
sure:0.010009376239262402
a:0.0012811964457306378
quick:0.05586158559896279
was:0.008123496643131979
driver:0.01687975045177244
dumbest:0.0547880678129646
avail:0.026939488481508768
acs.ucalgary.ca:0.027898625168933353
are:0.011796539111949092
concepts:0.046381730823293464
mounted:0.024510507945829214
have:0.0046903725976848885
only:0.0061171387076572785
1981:0.025166933834089182
whether:0.013107608187531306
university:0.01078137661283786
anger:0.02456176161829768
cka52397:0.02779316866331547
struck:0.02499381306352566
dodge:0.02660572997562607
heard:0.012397464951467315
list:0.01335609448129165
intent:0.02265057625725965
be:0.007960476015653275
which:0.005926111617052835
writes:0.009099941160792142
were:0.007116070171891281
of:0.008027363624273615
trying:0.012368478087469707
backing:0.07738889033043476
what:0.008444422963271846
year:0.011352113377108496
separate:0.019370181361485703
together:0.01632553321766161
they:0.012838343456528584
up:0.012325324498645731
comment:0.01802567613248974
in:0.0032601780164126697
weeks:0.01669983892354638
and:0.0017513642866549995
few:0.01048452982067104
for:0.00447727792998267
subject:0.00012246310500925824
car:0.042091422108487014
i:0.004378410716637499
hart:0.026525951339333092
top:0.015512074431960163
elements:0.02248375220142995
any:0.009387956571456949
actually:0.011212450124316903
reverse:0.04600721711209846
uiuc:0.02758926149555935
the:0.0044948573990172885
do:0.006590072650518319
see:0.008116448446840258
original:0.028313468011683298
less:0.012609475030258154
judge:0.02001129118889469
automatic:0.021131460732527908
would:0.00855641877159978
regards:0.01894205319730121
last:0.010000745651649073
cars:0.017532463546658286
jim:0.015533627279581972
10:0.026517172090790502
just:0.005387103502137092
here:0.008258719750566038
people:0.00690492266088586
interested:0.013197597318417064
unknown:0.02164741478494392
ignorance:0.02213679158580784
threads:0.02600327125057521
white:0.015591601586332993
new:0.007908254884786912
time:0.014490917155079943
9:0.01633409933772948
sides:0.0626811931902729
their:0.006943502837530798
illinois:0.022106513218691545
slow:0.018837284885513034
although:0.014494217691535588
article:0.0074342466084091835
useful:0.03517694694567375
side:0.014772312287023822
understand:0.013743840655668136
seem:0.012659231903191459
parking:0.025166933834089182
s:0.002846037985578066
