train:0.038294075595673396
some:0.008051978449195545
at:0.0121512415510956
dan:0.027405541306119025
ideas:0.024806852669237725
there:0.006329510245359637
all:0.006579778142388215
became:0.029832051765905688
coffee:0.03931010811123793
ammunition:0.04076741220549453
with:0.008066584507442033
way:0.011947398755493402
into:0.024700743489412227
vehicle:0.030349535806891304
to:0.0009504821793729867
us:0.014206044042655144
that:0.002392445692651564
like:0.01606398708287825
grand:0.034584735622198146
rob:0.030349535806891304
re:0.002578900019159797
steering:0.07756679582544726
so:0.014093939274274759
had:0.010582127487463
this:0.007241137080985089
30:0.023607623961199243
on:0.010489837763571515
mellon:0.042272609212529136
a:0.000963106293687169
driver:0.025377831713699252
drive:0.019474508612455095
logic:0.028639592746186014
andrew.cmu.edu:0.056203853885893246
explanation:0.0318068399011479
mind:0.02089417795179405
team:0.022091203922031014
no:0.007763763697810413
daniel:0.029507448242747168
stomach:0.03920149875283697
not:0.004158000059144585
have:0.0035258662975700197
university:0.016209242079990714
charge:0.028387949344371277
left:0.0403366232206974
were:0.010698643430843442
of:0.012068726000632054
america:0.027156817617010085
years:0.015377761537795817
least:0.01660456815659643
initially:0.03732609381846703
seems:0.01625163509917985
pattern:0.0718396057143641
up:0.009265243933464722
in:0.0036761317633342856
battle:0.03319077573192136
or:0.009300847692456348
and:0.003949628425766792
few:0.015762948282112322
pop:0.03640518766243584
subject:0.0001841169440828848
however:0.016531716580668366
until:0.01973217741630789
forth:0.034053969821259335
i:0.0013165428085889306
controls:0.1031025103067454
the:0.009356933917105485
merit:0.04076741220549453
when:0.009018444433405074
century:0.03081256548163357
because:0.012170498613065614
did:0.011337317540985967
wheels:0.038107670958515326
comparisons:0.03953259681619119
imagine:0.027156817617010085
cars:0.05271830418167595
just:0.008099231472178524
people:0.010381194069469775
many:0.012780696741917886
army:0.030780710682624644
is:0.005558744004634426
itself:0.02319348855582331
field:0.026844536896091765
right:0.013378438577864134
center:0.022528488506709025
applied:0.030531034484942158
their:0.031317592108587186
20th:0.03988039580672147
light:0.024084239212457195
drove:0.03640518766243584
history:0.022903500719661248
de:0.02786884156651014
u:0.026080299886848384
full:0.021308017130505195
built:0.02546550092465347
s:0.008557741804910597
