some:0.009852631857665434
out:0.004971211388525147
vehicles:0.021092461249208615
andrew:0.01588800911043037
know:0.010412448317791576
help:0.009029927088783953
hours:0.01652394251709123
your:0.005316169713844989
with:0.009870504249612612
much:0.007372138690126292
concerning:0.019304819592648542
ca:0.01735484047335292
into:0.007556134611740026
work:0.008544609552701702
my:0.01603737149924559
to:0.002907593164748588
1987:0.02147472663044164
noisy:0.024547462918927777
add:0.01449882032258109
garage:0.023203776289735648
probable:0.02470091289433231
trust:0.017507882969275666
make:0.007426499929745585
that:0.005854930387079777
quite:0.011207592329575532
like:0.004914088875564021
les:0.07482626290881908
nt:0.01205195867885972
me:0.0045721041367280365
re:0.0015778080285998755
so:0.004311437119767595
anyone:0.014117424047606675
prefer:0.017327122806083714
comments:0.015544324953709282
had:0.012948594815882996
this:0.006645347321157203
getting:0.011443888490399519
on:0.006417833230877088
you:0.0023451434152266743
performance:0.015995827989859136
am:0.013791867989041058
identical:0.020621406518648827
m:0.00577558950259946
a:0.004713937977540573
air:0.01626218981278974
other:0.005819864927560804
same:0.00819448671109119
sorry:0.013406821454593352
looked:0.015717313099070398
was:0.0037361229286978293
as:0.00675201822967948
factory:0.023487064487362774
let:0.009726319589674366
forever:0.0199119680300328
question:0.009210911744080608
plus:0.015088185037888904
talked:0.020803567581371224
third:0.030825189845298608
no:0.004749982009208902
place:0.02294875626427363
it:0.0028932947657381598
not:0.007631772260455251
have:0.010785877914507443
after:0.008140142142046208
quality:0.016220100593140715
references:0.017423491970513346
party:0.03582007125335576
installation:0.041859058902402206
ford:0.040341817464084946
be:0.002440764798048402
which:0.005451022500073914
writes:0.0027901366709601784
if:0.0028276389019553133
of:0.00246127323500935
andy:0.01891058327768611
what:0.0038837219535722833
but:0.008421306610764687
result:0.014915620088656127
never:0.00929932164920616
again:0.01030324530847265
shipping:0.017313533714522357
well:0.0071007084816596825
find:0.008930155011280127
who:0.005455919300564761
si:0.022836639677965058
comment:0.016580579733682543
in:0.004498220301126341
a/c:0.24462922864021053
5:0.010965708383618914
installed:0.0676011806810986
or:0.0056903920481273015
nearby:0.02245279251254005
and:0.0032219191096269184
subject:0.000112645387730035
i:0.008860277551474026
top:0.014268490405769262
any:0.012953003370744396
will:0.004781879092418921
the:0.002226274713047836
do:0.006061754589928242
units:0.04100838633597212
would:0.007870461148560135
can:0.0072959155479975805
fan:0.016875763651855162
did:0.006936333516636984
forget:0.016199212385715162
put:0.020991217717694338
an:0.0037885997407668213
just:0.009910452012370344
people:0.006351363460224123
carolina:0.02432726986757516
unit:0.09050929994935476
is:0.0056681988795498715
1/2:0.02001364546285584
handy:0.022143377858170644
does:0.015423909042247155
02:0.024399398278373896
experience:0.013975623522342395
smith:0.016614930609563133
change:0.01254012281818771
article:0.003419126077285236
honda:0.061002783312338694
going:0.009189095713289798
live:0.013066195248724297
by:0.008358105272718701
mine:0.01377737993586492
seem:0.011644356771711972
s:0.0026178746027680096
