another:0.008496189005320225
selected:0.018947358630536863
out:0.009028177004447968
say:0.007270287257730051
know:0.009454981805810742
all:0.003655432301326786
ever:0.010128053857585672
your:0.004827326521767289
with:0.004481435837467795
much:0.006694240879539967
ca:0.007879496536752188
into:0.00686131763594784
turn:0.026218223254517357
automotive:0.04367789790137548
my:0.007281335335864377
to:0.0021121826208288595
remember:0.010661394775943417
recall:0.014984119597980928
lights:0.15045598373610242
front:0.05389963110139361
that:0.003987409487752607
think:0.005516275967542357
like:0.004462218634132847
nt:0.010943732593447332
suppose:0.014766816036901031
could:0.005782027415042365
toronto:0.030782377740540857
parr:0.047551833278119904
re:0.0028654444657331074
started:0.01256415661298431
charles:0.015771082969095154
national:0.012468099329454073
aimed:0.042341856620572584
had:0.017636879145771667
this:0.0020114269669403028
extremely:0.016927779253025403
these:0.006347264264746906
on:0.0097128127440477
set:0.010151013732283222
you:0.01064749021855789
american:0.0123641196068514
etc:0.008897793055395538
them:0.011232637329748971
holes:0.018364921054680062
size:0.013796464126689147
backup:0.09561437047129147
sure:0.008360321916318787
magazine:0.016178925428367366
a:0.0016051771561452815
how:0.00503970497022653
quick:0.015552778621422588
was:0.003392571395024466
incorporated:0.0222902249493712
416:0.02312811460824028
dumbest:0.04576168116178652
acs.ucalgary.ca:0.023302299949530536
computer:0.010270892356955231
l:0.012662684209782999
are:0.0024632619984721283
those:0.007110787947461916
concepts:0.038740296243210626
mounted:0.08188951313702326
have:0.005876443829283366
systems:0.011495851035565557
university:0.00900513448888373
growth:0.020829046571865056
assembly:0.0197385154034172
towards:0.03195231521340644
list:0.011155665122304903
be:0.008865306622796495
kid:0.019402210380879324
which:0.004949779051791256
writes:0.0025335723793776335
certainly:0.01178451064082621
were:0.005943690794913023
if:0.0025676261293617214
of:0.009684780123963994
trying:0.010330759475357838
backing:0.043092664347470694
institute:0.014913631608939869
what:0.0070531961915450666
but:0.002548977863028392
year:0.009481841824558053
years:0.00854320085433101
gear:0.019467151217330562
sticking:0.022574163539998485
1978:0.02209027953492457
using:0.008446055856877091
they:0.007148809383201101
who:0.004954225571777196
up:0.005147357740813734
over:0.0076855967529477305
comment:0.015055928723688746
in:0.000680765141358201
and:0.0007314126714382947
for:0.003739642102437632
subject:0.00010228719115715822
showed:0.016378375091034236
car:0.04687575999821286
i:0.0036570633571914733
top:0.012956445310985882
back:0.008070332260795163
signal:0.01726269089202956
ago:0.010962320786837716
any:0.011761922601020772
actually:0.009365188226440937
addition:0.015192967895560896
research:0.011828856247267346
turned:0.0150455875092475
reverse:0.019213742012332304
the:0.0046207081072125854
do:0.0055043518690153
enormous:0.022359261368921694
when:0.010020493814894527
less:0.010532051940981906
canada:0.014255201505772593
would:0.010720110874762942
did:0.012597019489984408
wheels:0.021170928310286292
road:0.013833917187626475
friend:0.013307277470087378
1975:0.021660711342891215
an:0.0034402227531101022
cars:0.014643973383798874
10:0.011074221294621319
just:0.00449957304009918
here:0.00689808776100918
people:0.005767330038594319
about:0.007548016707447291
15:0.012803872536324305
interested:0.01102328051883111
white:0.026045740581000704
time:0.006051762336795837
9:0.013643040826149526
sides:0.03490293771514558
run:0.010256070606848255
plastic:0.01950003912419413
useful:0.02938151124198037
pot:0.02312811460824028
side:0.04935423875204893
by:0.003794771934165387
seem:0.010573611321439608
while:0.0166309770565404
parking:0.04204131475732905
s:0.007131451504092164
99:0.04077633582737159
integrated:0.021120180315075485
