small:0.05153010172872433
with:0.02016646126860508
dealer:0.07625112764221978
enough:0.04193359529202407
cleveland.freenet.edu:0.07383480640526734
smaller:0.07743521153525804
hot:0.07213134804761055
months:0.05854818172379
me:0.01868256345525077
re:0.0064472500478994915
two:0.032151541942298474
on:0.008741531469642929
am:0.02817821304657527
inside:0.06472509529438253
bill:0.053370928891236506
a:0.0024077657342179226
was:0.015266571277610096
idea:0.047799591297599246
are:0.011084678993124578
it:0.011822601025516275
only:0.022992004108091147
has:0.01835818058425088
thinking:0.06006080230773544
found:0.04611242250443099
of:0.0033524238890644594
even:0.0289510249614832
they:0.016084821112202476
good:0.027931204333784466
or:0.011626059615570436
and:0.006582714042944653
for:0.005609463153656448
subject:0.000460292360207212
i:0.006582714042944653
room:0.06875911172963113
power:0.04658371172707831
ago:0.04933044354076972
the:0.0038987224654606187
around:0.040813697123338544
bought:0.06315661635980103
an:0.01548100238899546
problem:0.03647526365595835
about:0.033966075183512814
engine:0.07036291413346303
selection:0.09137595896984534
very:0.03005590503074909
bad:0.04725174218528248
lots:0.12581706935918485
happy:0.06548439807732795
buying:0.06915892974547441
s:0.010697177256138246
