another:0.008870021321554315
read:0.009068012247591687
believe:0.008690687521321362
out:0.004712708396321839
say:0.007590179897070174
stopped:0.07208899716511545
small:0.011954983601064045
saw:0.013589522332541818
stand:0.01575095421786585
your:0.00503972888872505
with:0.009357238028632758
powered:0.022156141237267453
floor:0.01966338686945531
from:0.0033862890177207023
tm:0.01838430532144219
added:0.033468945494091296
my:0.00760171409064241
to:0.0022051186561453293
stop:0.013295812458322549
add:0.013744881665806874
motor:0.04031263486230221
that:0.0027752370034758145
like:0.004658556254034693
really:0.015611165945527408
nt:0.005712628413779508
could:0.012072873242608459
need:0.007684807965988945
so:0.01226172716861904
anyone:0.006691658998565565
comments:0.0147360200561164
this:0.008399719013942705
chen:0.022435975591695093
on:0.00405607060191432
you:0.00889278383053955
used:0.015795708066694926
great:0.010085002754930707
brand:0.018022249291278863
impressive:0.04206506339080369
why:0.007118890320616026
bottle:0.04865520229461976
a:0.0033516099020313482
was:0.017709222682027712
said:0.008766019314653728
part:0.009796888449653108
shaped:0.0239718112032439
oil:0.12549063063072502
widely:0.01966338686945531
jason:0.03647917339026436
demonstration:0.02299502336119573
120:0.02028966311222147
military:0.015487354250922283
electronic:0.01725468526003844
product:0.06385436676394494
setup:0.01765501909426637
are:0.0025716455264049023
no:0.00450298294473004
sink:0.046982467911751286
it:0.008228530313759327
not:0.007234920102911579
have:0.0020450024525906114
only:0.005334144953077147
interesting:0.01307209824768565
per:0.014147300462292069
against:0.020666246337262772
60:0.01628663711756407
real:0.01023037541599299
second:0.010998783106609067
after:0.007716854750659806
has:0.004259097895546204
demo:0.06713526192566009
25:0.014710730193158451
heard:0.0108105894376795
be:0.0023138450285498853
common:0.0134645121585254
if:0.013403008395268185
of:0.005444336395840682
even:0.013433275582128205
but:0.002661132889001641
sense:0.013145288185451963
fairly:0.015696826192991543
using:0.008817682314579684
please:0.0076616614276210195
they:0.003731678498030975
find:0.008465786950693562
thin:0.022799862704518004
pad:0.02232168210191887
miles:0.0160566191396433
pick:0.016080218028152057
good:0.0064800394054379965
in:0.0021321564227338857
visit:0.019634505877561367
or:0.0053944916616246825
and:0.0007635948289815797
still:0.016333672657836376
known:0.013027714990665433
subject:0.00010678782756807318
half:0.015126573934372063
until:0.011444662901458576
i:0.003054379315926319
actually:0.00977725650840434
yet:0.010520274970744654
the:0.006934527691899287
see:0.0070775430456447045
would:0.0037305985844175043
can:0.0034582639697508535
did:0.013151288347543724
once:0.010732124779699625
auto:0.03780085272083422
simple:0.013196754227824964
bought:0.014652334995473842
ny:0.01680477332633168
an:0.007183185108493894
here:0.0072016036224935845
about:0.003940064721287486
film:0.020756560209454038
remained:0.02232168210191887
is:0.013970976598314522
hear:0.013254726257035231
16:0.013947970967300567
filled:0.01996428055440566
every:0.009728594107749585
show:0.02408054935787866
little:0.009381354807593856
metal:0.020059146660874928
difference:0.012828615387337547
before:0.008504777068890577
going:0.00871126273619873
needed:0.013343290760544085
by:0.007923483798537329
torque:0.11671534434577124
pressed:0.022799862704518004
