another:0.027376609017142946
read:0.013993846061098282
at:0.005438055632434759
out:0.029090792569887898
say:0.011713240581898416
stopped:0.027812113103825403
small:0.036898097534148286
watch:0.023729406423298453
with:0.0036100455357379463
way:0.010693659379916934
setting:0.02655454850223831
from:0.0052257546569763925
florida:0.06304817227316713
themselves:0.01997808775507912
my:0.02932760065834263
to:0.004253701111391453
property:0.028210499036773373
pride:0.03613652071578246
threat:0.028502183511159452
worse:0.02404361366259498
been:0.009057039427292834
that:0.006424159730268089
problems:0.016932550838838104
justice:0.026578803305570966
joy:0.03558989480626736
me:0.013377638029685735
re:0.0023082747085072255
accidents:0.034897812719102514
had:0.009471657319025524
this:0.0032406323356260433
off:0.013478132394792286
weak:0.028878484127145176
getting:0.01674198501373263
best:0.01503195111087305
extremely:0.02727253324098537
these:0.020452295964184474
on:0.0062593682128307395
why:0.010985941852802508
a:0.0060342770869905955
steve:0.039594491936226994
immediately:0.026066046523480754
lucky:0.029393185416892405
respectively:0.034804986315617695
walked:0.03348308515261997
needless:0.035912029085098045
town:0.02749400415249711
anywhere:0.026088452499101612
stolen:0.030300163391298405
culture:0.029204398852867217
not:0.0037216667196047215
should:0.010140815692799256
texas:0.02449487451647532
deadly:0.07204650885541435
have:0.003155867982392919
45:0.027841861785528787
left:0.018051883848768897
has:0.006572681937571302
be:0.003570748500848588
were:0.019151892561386406
if:0.004136730986193884
of:0.002400501056367144
but:0.004106686557101297
years:0.013764045820866625
using:0.013607534436079757
please:0.011823551585834905
they:0.011517526228490662
over:0.012382350324193566
in:0.0032903648498979715
our:0.02752809164173325
5:0.01604242522788693
system:0.013797668699027932
force:0.022061753819844265
and:0.00824870957233188
few:0.014108811733989422
for:0.006024978942816185
subject:0.0001647960301976438
austin.ibm.com:0.03221066413109112
car:0.03776102888744925
i:0.003535161245285091
back:0.01300220197572554
power:0.016678119013398406
caught:0.027871754529206493
necessary:0.02225170233013287
unfortunately:0.02272773506682689
persons:0.029954739603347512
the:0.00279167781477427
when:0.008072064461998369
automatic:0.028436163207969652
got:0.013655270503892432
can:0.0053368271138130455
did:0.010147599033598551
come:0.014822183175737089
problem:0.013059045012627063
warning:0.026482350725922317
about:0.006080346792110318
alarm:0.03699353580747515
is:0.008292365027489626
night:0.02066564720113595
having:0.01615365057049606
right:0.011974528356730244
time:0.009750061542615516
their:0.009343726040627864
protect:0.0254899234383436
handle:0.02507627707857224
eventually:0.02615616256929034
before:0.01312465597051015
citizens:0.025230606104531608
somewhere:0.023947660857423374
s:0.0038298535855309773
