at:0.022588846473190538
thanks:0.025556239037386703
previous:0.044528197688369305
dod:0.04483928258580047
appreciate:0.049220683787365306
problems:0.03516760558835606
r:0.03974640726575807
re:0.004794109009976545
anyone:0.02144762499540245
phone:0.037658296489866266
getting:0.06954363005704323
hi:0.040397649487364164
you:0.014251256138685175
numbers:0.04522746667947049
them:0.018793066301695395
m:0.017548906565590668
a:0.005371169714793828
same:0.024898632699084773
copy:0.04380271724440182
solved:0.06969719429816384
book:0.03986792962414966
d:0.023356977209961993
einstein:0.0720973422736529
it:0.004395582432563743
not:0.007729615494563652
have:0.006554495040354523
650:0.06470910072979862
has:0.01365095479341732
listing:0.07172570718553428
list:0.03732857175540487
be:0.014832339926601828
thinking:0.044660596587803275
considered:0.04413901227195143
were:0.019888503813747425
if:0.008591672048248837
of:0.004985656040147145
plate:0.06628553292383495
reading:0.04213233392773064
must:0.029711031121532016
in:0.004555889792166422
albert:0.0658150025795987
nissan:0.07458652194597286
for:0.004171139268103512
incredibly:0.06754345415407244
subject:0.00034226867810279864
i:0.004894838647317819
license:0.11995678022044919
we:0.05183630406592193
face:0.04601630244801999
the:0.004831750064032391
when:0.016765056959535077
level:0.045135066187099344
can:0.011084179390227093
interested:0.03688559250531948
created:0.048693526775448984
eternal:0.05912809981623649
significant:0.05337086914748673
plates:0.07578557397175265
article:0.010388883080982065
says:0.03283367621060985
yfn.ysu.edu:0.07136454209621766
john:0.03437792819976725
