another:0.03695842217314298
out:0.019636284984674332
there:0.01529631642628579
thanks:0.033223110748602715
your:0.02099887036968771
programmers:0.09581259733831553
work:0.03375120773317173
my:0.01583690435550502
think:0.023995800458809252
protection:0.07049953826888271
consider:0.053672734642853215
need:0.032020033191620605
this:0.008749707306190317
getting:0.0452033595370781
student:0.0670502912028112
best:0.04058626799935724
you:0.01852663298029073
bugs:0.08454026296758947
m:0.0684407356058036
a:0.004655013752821317
as:0.013335236003616973
budget:0.07865227371862957
ns1.cc.lehigh.edu:0.08981255177112542
danny:0.2743195787915721
are:0.010715189693353758
hey:0.06423564976051949
have:0.008520843552460881
buy:0.0501140187540661
sports:0.0799945880933631
be:0.009641020952291189
species:0.09165491634445581
looking:0.08646284484688813
what:0.01534070171661052
please:0.03192358928175425
or:0.011238524295051422
for:0.010844962097069134
subject:0.0004449492815336383
car:0.10195477799611298
i:0.01590822560378291
the:0.0012562550166484215
do:0.011971965315108277
would:0.015544160768406267
specific:0.06108593814117388
gt:0.09122754250090019
models:0.07438671748300955
opinions:0.0475935025920007
earth:0.058675586043229144
