sugar:0.06135340313825161
go:0.020056002595815744
there:0.00946163902656853
tank:0.04782570840664162
happen:0.034862187898632116
your:0.01298899198125013
with:0.00602914821432523
to:0.0028416477527645994
most:0.019140159422340597
enough:0.025073696153993776
that:0.007152672689370656
dirty:0.0550854714658842
think:0.014842763170397476
like:0.012006588283594568
nt:0.014723269107679144
re:0.003855056729671861
opening:0.05067883213777142
you:0.01718965946624913
traditional:0.051454331325787785
etc:0.023941484406785934
them:0.015111950221981864
a:0.0014396949750993763
nor:0.03561380409252993
j:0.03148586246936972
oil:0.09240841725384757
drain:0.05997679084315344
stuff:0.03013831497601672
are:0.0066279523876415
gas:0.0409089656873093
it:0.0070691841183499375
have:0.010541249755621708
plug:0.04889931932677149
ve:0.018815811330179736
real:0.02636694694843554
open:0.0340717585438491
usually:0.06799486066364151
heard:0.027862343911545098
be:0.005963518114819292
writes:0.0068171380517274465
get:0.013550247167949715
things:0.023038411630311853
of:0.002004542119234419
even:0.01731092214191779
seen:0.02672644217136446
never:0.02272102299857588
one:0.010137225853356932
in:0.007326998016267648
or:0.006951664512402941
and:0.005904083729239018
subject:0.00027522635971152884
steven:0.046252722967515675
car:0.09459721669742442
i:0.0039360558194926785
the:0.002331194876254803
do:0.014810678740340137
see:0.018241090323826557
magnus.acs.ohio-state.edu:0.04743663286042671
risk:0.04422825585154037
would:0.009614944805199753
because:0.01819301339066509
did:0.033895073060679695
imagine:0.04059524282955116
an:0.018513363681685293
cars:0.03940285621826295
lower:0.040937965082944505
places:0.0393280606421684
drew:0.11853104825358622
self:0.04383622084546573
methods:0.04587085418730589
their:0.01560498575857437
under:0.025023952856759166
changing:0.04414864712892274
article:0.008353947219758772
by:0.010210674998115114
