dir:0.16210464492468227
il:0.1428505565757949
send:0.08148186446878396
case:0.06865586409185433
to:0.007656662000504615
need:0.053366721986034336
re:0.010387236188282514
you:0.01543886081690894
jc:0.1716538543442052
more:0.035317195161686826
a:0.003879178127351097
other:0.03831411077310863
assistance:0.1446769837303166
based:0.08391397255279284
mazda:0.1689416746340964
prices:0.12117948553275115
are:0.03571729897784586
call:0.07380433605551964
free:0.0802085498367982
down:0.06567682158203217
catalog:0.15169649355130974
parts:0.10135263920601001
in:0.009871094549693914
for:0.009037468414224276
subject:0.0007415821358893971
car:0.08496231499676081
will:0.03148070402509123
source:0.08664633226943956
than:0.03973892450609614
is:0.0074631285247406635
number:0.06950735689993771
chicago:0.1172972093556634
earth:0.09779264340538191
