go:0.016486713998255315
at:0.014931610380583576
ahead:0.036624063429311744
with:0.004956164210080909
4:0.06315939417403421
previous:0.02943389338722717
into:0.015176304262562597
to:0.0023359307798149673
dod:0.02963952577705455
attached:0.041783436582923564
that:0.005879739414143674
problems:0.023246383355015027
r:0.026273048870585847
nt:0.006051513150190157
re:0.0031689873116794113
flat:0.08369195973021362
so:0.008659411842245085
had:0.013003461743068942
you:0.009420321854385115
them:0.012422535351968142
why:0.015082394747067851
a:0.004733912291004729
same:0.01645841822481875
solved:0.046071026739464234
d:0.015439357816754538
einstein:0.047657565231736664
it:0.0029055544893217965
not:0.005109406852338685
650:0.04277381234681603
buy:0.050963408902440104
open:0.028008140497909857
be:0.004902214043537892
thinking:0.029521411303802165
were:0.013146638114172026
if:0.005679240845452621
of:0.004943404717773017
even:0.014230164811576488
what:0.007800356805056197
they:0.00790609851277749
find:0.017935989302316865
rest:0.02768331214807465
in:0.004517280556639589
minute:0.03790222351180822
albert:0.043504832213633035
nissan:0.09860591036925226
morris:0.041659717943761256
or:0.01714351163651912
industries:0.05043457715602039
better:0.01895098196018138
and:0.003235571309243982
for:0.0027571937534921526
subject:0.00022624539738998556
steven:0.03802130616821204
i:0.001617785654621991
6:0.024901268072535548
suggestion:0.039221734278915656
we:0.03426467556899924
horizontal:0.045866810200658636
face:0.030417555855470846
the:0.006387737372788584
wrong:0.02240188183754119
do:0.012174879981466045
when:0.011081986803760473
level:0.02983504375079448
can:0.007326830444387401
wagon:0.05304730054292308
instead:0.025997748403259673
put:0.02108016355548118
an:0.015218612517995538
here:0.015257634793418611
either:0.021216633111130152
guys:0.03292098058890891
engine:0.034585161184244546
heavy:0.03798142573569159
matter:0.025600872982207985
created:0.03218724651258492
eternal:0.03908467614971565
significant:0.03527904909749123
article:0.006867227799293229
letter:0.034585161184244546
says:0.02170361647819973
seem:0.023387394533014725
yfn.ysu.edu:0.04717317189410998
john:0.022724393216795303
s:0.010515869167051158
