go:0.008608107308823571
at:0.00779615055269408
there:0.0040609689627307405
help:0.018938873628688468
traffic:0.019358585227371244
all:0.008443078147312311
guilty:0.02080281790273616
case:0.021872664666431466
saw:0.01503265744750201
your:0.011149842674170464
with:0.0025877317557059616
o:0.015491057450441954
from:0.007491789862213943
name:0.012222267724912615
my:0.02102243940996242
weather:0.0230890601293662
to:0.004268758460458325
stop:0.029415514288324222
otherwise:0.01572294173279662
day:0.011253553255587929
been:0.006492214102749731
that:0.004604928656209869
think:0.006370566493489182
like:0.005153270192516253
through:0.020968701717033866
could:0.006677474138610873
me:0.023973200893905856
account:0.01802999737489938
happened:0.014921685392647923
avoid:0.017109511031960616
complete:0.01638591084201229
this:0.002322931143236367
on:0.0022434018815897785
you:0.014755725382532439
officer:0.04444972422049554
a:0.004325455257046356
was:0.011753908859752906
responded:0.023176682374039564
said:0.009696924020634656
cyberspace:0.026612650469167866
approaching:0.05284866718241718
stopping:0.05016560294358757
given:0.012335343182218057
fine:0.014332551229736992
results:0.016208335171984337
those:0.016424032338827964
reason:0.011823946566409414
place:0.012032865563347015
police:0.016263645626693326
it:0.004551178270884583
not:0.010670973603114423
statement:0.015368139025189407
have:0.006786512563906897
received:0.017120755710848545
made:0.01029017500848673
only:0.005900602824200383
interesting:0.01446028567221864
rights:0.015368139025189407
intersection:0.05590035290181302
left:0.01293984594469275
accident:0.02150218487085264
decided:0.033023301442640304
his:0.008161190449138303
be:0.0025595630846790766
asked:0.014921685392647923
found:0.011834161527685828
down:0.010461794588288309
were:0.006864173882620793
if:0.002965267344085882
of:0.003441426293198914
defending:0.02354562754633625
short:0.015322910909828617
even:0.007429909060911618
what:0.004072752668126687
conditions:0.06019689431574993
never:0.009751943499388762
ticket:0.06722093242578987
factors:0.022015778548962167
court:0.03536868696870185
virtual:0.021848785947268155
who:0.011442945789680073
email:0.012141144508707702
in:0.004717160227287358
and:0.007602160908002453
for:0.007197983692745
subject:0.00011812812784078892
exercise:0.02208438114425405
i:0.00422342272666803
back:0.009320162478174944
possible:0.011402529305153017
pay:0.014747088769902137
decide:0.018113749631029998
the:0.005669823526466328
do:0.003178397871267684
thing:0.010017400155420162
calgary:0.024001149534178916
benefit:0.02004378063486392
canada:0.01646286545578162
judge:0.03860585379804462
thank:0.016064134100750062
would:0.012380305036783753
instead:0.013574045626480714
moral:0.01776174683588861
reality:0.018542527532090188
is:0.002377633866289061
right:0.017167022953896455
gave:0.016424220854149966
time:0.013977964335431093
request:0.01725796914776253
told:0.013717786578447478
verdict:0.026612650469167866
first:0.008307764731818766
very:0.015426924706048206
sign:0.019175717105721485
before:0.009407939235498427
backed:0.023844040293219137
process:0.016002494394838793
by:0.004382457853173301
while:0.00960328542424125
bullet:0.024630240192499903
alberta:0.02680933968408306
include:0.014873996784268149
s:0.002745293278123975
