looks:0.06223828135225255
at:0.016017545680989655
all:0.017346687829932567
with:0.010633225032537224
much:0.03176721581018057
vehicle:0.08001241258180435
experiences:0.17182205782197374
been:0.026677097949480713
that:0.006307356826081396
like:0.021175255700157693
anyone:0.030416631811661658
had:0.027898336103311546
89:0.08602022934844526
this:0.009545135243116709
1989:0.08602022934844526
a:0.005078196821259618
other:0.025078327051489286
wondering:0.06543515457922358
price:0.05691171276079932
was:0.01609929334729792
canadian:0.08823032392258721
model:0.0665263911197009
it:0.012467470172362617
have:0.009295465693593687
if:0.01218455308660744
even:0.0305301717775641
looking:0.047161551734666254
good:0.02945472457017271
sounds:0.06477644661019705
or:0.012260208321874277
rather:0.046790611871142966
and:0.006941771172559816
for:0.0059154338711286175
subject:0.00048539921621851447
i:0.003470885586279908
don:0.24319665489446968
any:0.01860522302343286
than:0.026010932403990203
the:0.002740920036323829
an:0.016325420701122487
thought:0.04881066191257659
different:0.04594939814565905
is:0.009769913705115051
nice:0.057449808304631964
feels:0.09301295606924895
bad:0.049829109940843344
buying:0.07293123500431847
