train:0.09573518898918348
believe:0.018729930002847762
radar:0.21974863250680102
all:0.016449445355970538
your:0.010861484673976402
with:0.01512484595145381
though:0.021427105186298964
frequencies:0.05203825786854063
into:0.01543796468088264
from:0.007298036676122203
my:0.008191502252847425
to:0.0011881027242162335
band:0.042959379294477254
lights:0.04231574542577881
enough:0.020966797646012034
been:0.012648624027771027
that:0.0029905571158144553
like:0.010039991926798907
could:0.013009561683845322
its:0.01782607375891526
sitting:0.03913616805570653
re:0.0032236250239497458
this:0.004525710675615681
off:0.01882290903410647
these:0.01428134459568054
on:0.0043707657348214645
set:0.02283978089763725
you:0.004791370598351051
regular:0.034888298722031565
went:0.028124666079621413
came:0.026023506314465056
a:0.0024077657342179226
as:0.0068975358639398136
caused:0.034330294647027304
police:0.0950582046111903
not:0.005197500073930732
ken:0.035569592250989754
have:0.013221998615887574
systems:0.025865664830022506
safety:0.03562649469953589
buck:0.09695849478180907
speeding:0.10568152303132285
intent:0.04256746227657417
which:0.011137002866530325
writes:0.005700537853599676
get:0.01133081013182002
detection:0.051129977561145575
if:0.005777158791063873
short:0.029853257462252307
what:0.0079348457154882
over:0.017292592694132393
or:0.005813029807785218
use:0.02866861254736807
and:0.0032913570214723265
for:0.008414194730484673
subject:0.000230146180103606
i:0.006582714042944653
detector:0.091193508808974
directly:0.031314657978417065
pretty:0.024810517732065746
will:0.009769873662959347
the:0.0032489353878838493
do:0.006192395852642213
strong:0.03112631367215957
radio:0.030925434144548847
collection:0.0414884696649017
forget:0.03309666668460771
cars:0.032948940113547466
just:0.02024807868044631
btw:0.03234302172795978
here:0.015520697462270656
revenue:0.04970312895358029
shared:0.04309408031088312
is:0.0046322866705286875
unlike:0.03975854987643488
although:0.027239133247885846
passed:0.03725551279878264
full:0.026635021413131493
close:0.02995614841526328
going:0.018774273138359332
by:0.00853823685187212
upon:0.029897203299077038
sometimes:0.03021126141653319
check:0.057057095941167056
range:0.03447893090939374
s:0.005348588628069123
