tv:0.017704023627344218
some:0.005455779790342776
read:0.010593472251859446
at:0.008233317873405897
out:0.005505500462992803
there:0.004288686848491343
small:0.01396610233769164
sadly:0.02671012157699038
hell:0.01595037815178456
someone:0.010296533246088877
such:0.008986061698447656
surprised:0.020563937813080555
from:0.003955945114159699
kids:0.04108750496125909
lbs:0.028530050393633943
rocks:0.10231126261783198
several:0.013170333514333627
throw:0.019922292413714064
to:0.0019320548973235947
pound:0.026786105319381876
recall:0.0182750243695001
front:0.016434350137223986
apart:0.02152644130696768
basic:0.01784884490448598
been:0.006856263491688968
she:0.046473960068670314
that:0.0032420993031259514
think:0.006727794521161473
really:0.018237343394307718
nt:0.010010446986763157
seat:0.023178964859507763
sitting:0.021213997637672698
re:0.0017473855270007967
happened:0.015758415414665564
larger:0.019887157682807396
so:0.009549631751260935
this:0.007359566893057275
off:0.010203072186711917
big:0.012970937167605407
on:0.011846000589703035
children:0.015665312467376288
serious:0.01680838148149285
society:0.03473113288230699
great:0.01178154527445176
them:0.00684980921276748
why:0.008316460654925263
a:0.0019577160642706474
low:0.01586819878495243
was:0.008275337701882109
as:0.0037388512159673756
old:0.012373425618422074
coming:0.016245934368175678
acts:0.02046387195091319
doctors:0.022904009251923964
washington:0.01794024923090885
demand:0.02213623798420772
cheap:0.017365566441153495
no:0.005260494094310794
month:0.018569175184052607
d:0.008513290758771193
care:0.01479447168819578
reason:0.012486971607516485
it:0.0064085127054200365
cool:0.02145246249754394
have:0.0023890215567647327
made:0.010867194167841127
girl:0.024667066406790637
hope:0.013497483820747874
allen:0.020813218096750147
virginia.edu:0.04491726915988228
has:0.009951163307350944
struck:0.025460987139479408
decided:0.01743753767765586
convex.com:0.025127066747039482
erik:0.05189384076049198
be:0.005406179973247395
kid:0.023663443501913566
writes:0.003090011172979263
kill:0.03452927202433071
down:0.011048437275482046
were:0.028996323317239232
if:0.003131544017586024
of:0.005451605202777719
what:0.0043011313224141645
but:0.006217600207947759
year:0.011564302412194635
happening:0.021213997637672698
huge:0.020083752140380703
killing:0.018911414260540473
please:0.008950539050959133
they:0.008718874995399473
one:0.009189821567996472
in:0.0024908369424461283
ours:0.025697640096576397
our:0.010419511322338286
point:0.010287551220841405
or:0.00630197624021575
message:0.015174392002615519
and:0.005352300203141914
for:0.0015203217893087569
known:0.015219293213394195
subject:0.0001247521350094313
i:0.002676150101570957
we:0.012595737436579157
ago:0.013369933296096467
20:0.029390956527155326
sick:0.02098711340675218
tobias:0.05931395178555656
will:0.005295819368706936
the:0.0035222103270516492
do:0.006713251578565389
see:0.016536315527207253
when:0.00611062823758755
would:0.004358175916375589
can:0.008080056004090778
holding:0.02152644130696768
because:0.008246365882684644
country:0.015751187420654823
drop:0.020232110543719862
injuries:0.02523574367304073
an:0.004195785694213723
cars:0.03572034629132249
human:0.014980571828208297
people:0.007033986635855688
warning:0.02004738699812811
about:0.004602879347298465
head:0.016134858576895714
five:0.018555993518904752
hit:0.016727580093128077
is:0.006277397824548222
deal:0.015403341082993032
dc:0.020921141997659723
life:0.026078311712978596
hear:0.015484493290929007
article:0.003786602244470098
hundreds:0.021942083764988688
live:0.01447050595302644
by:0.004628203153351243
four:0.01639273902347184
s:0.0028992349572711136
