some:0.012554159947670476
read:0.024376377009655077
believe:0.0233620632293585
minnesota:0.05418364900847072
there:0.009868591242765026
sadly:0.061462000187913354
from:0.027308782400973404
kids:0.0945454415237575
rocks:0.05885647903283884
wisconsin:0.1307935545554295
several:0.030305928731907492
throw:0.04584269437134205
to:0.001481934580742829
w:0.033272482312143595
near:0.038761029865392746
really:0.02098274992678415
re:0.0040208656212706514
happened:0.03626129998643474
this:0.005644972455606656
off:0.02347803707479947
he:0.017098206532475648
on:0.016355123394815804
serious:0.03867735093590829
a:0.006006469358479119
tossed:0.06730732757059057
milwaukee:0.06377502577519234
below:0.03991262272083755
was:0.00952108746345576
driver:0.03956758708049884
jason:0.19612458811970085
washington:0.04128186382166123
wi:0.06335329767676995
it:0.0073732350481714405
cool:0.04936373090832692
university:0.02527247421073821
virginia.edu:0.10335801720661084
decided:0.0401250866991221
erik:0.05970581678895315
be:0.006220013517607219
writes:0.007110348290511424
ave:0.056214837480427673
down:0.025423285773689873
were:0.03336136123596342
year:0.05322066056364843
huge:0.04621422535528464
please:0.020595864052744675
in:0.001910534428973016
or:0.007250660835517047
and:0.004105348542911719
subject:0.0002870640526023473
i:0.0020526742714558595
ago:0.061530445706766544
the:0.0016209742150302216
rock:0.0524009365908068
would:0.010028490818326624
radio:0.03857365979320072
injuries:0.05806934565624427
an:0.019309637388424446
cars:0.08219520544454853
warning:0.046130546425800174
about:0.021183143662835947
five:0.04269873777468406
hit:0.03849142085945601
turbo:0.05341831268085894
dc:0.04814112244622776
ham:0.06275018513213508
article:0.01742651355519572
killed:0.039277258028686944
by:0.010649843815238346
four:0.03772092635508574
