out:0.017851168167885755
say:0.028750681428296114
with:0.008861020860447688
much:0.026472679841817143
to:0.006264541636776504
really:0.029566602169559485
nt:0.010819371995794523
re:0.005665765193608644
this:0.007954279369263925
chen:0.16996951205829616
market:0.059255382046560945
a:0.004231830684383015
anymore:0.06714324773736352
as:0.04849176728587991
jason:0.1381786870843347
demand:0.07177507467606746
product:0.06046815034464483
are:0.009741081539412508
not:0.027405000389816588
open:0.05007516028414186
be:0.008764564502082899
certainly:0.04660238298872183
of:0.0029460694782687674
but:0.010080048821975914
comfortable:0.08030008515531863
they:0.014135145825874905
nissan:0.08814770775433158
and:0.005784809310466513
for:0.00985905645188103
subject:0.00040449934684876206
station:0.18799955171691624
room:0.0604246739442213
the:0.006852300090809573
do:0.010883604831916617
nobody:0.060731661597854966
wagon:0.28452643018476925
may:0.028197356476361075
wants:0.05334144185748105
is:0.012212392131393813
carry:0.05897663408989858
build:0.05653989489421749
letter:0.06183407605667964
by:0.015006598103290397
