another:0.00862842541007229
some:0.004542945039429393
looks:0.01331947655398401
go:0.015139550597619667
studies:0.016416664966278968
at:0.0034278794258927278
out:0.004584346689029027
there:0.003571124457498628
all:0.007424652378570359
ahead:0.016815717839139245
thanks:0.007756368268156276
with:0.002275592905795904
4:0.01933283660839439
owned:0.01960731267621703
into:0.006968108571915901
sell:0.02708227470023788
maxima:0.025334225262046026
my:0.007394663512298064
to:0.005362642646267824
attached:0.019184612905778137
segment:0.02331888249342792
direct:0.015539982967214684
make:0.013697124384044386
that:0.0026996468905406755
like:0.009063339015631697
really:0.0075929795454899845
nt:0.013892578827284795
consider:0.01253059952751437
seattle:0.037870557666151425
re:0.0014550214115882122
wait:0.014285602354514077
prefer:0.031957417159858684
phone:0.011429366249842681
had:0.011940922067565255
mean:0.010285688937081169
something:0.007745763880013708
two:0.007255990010324169
on:0.00591839095610066
you:0.008650567928540418
used:0.007682737386524769
market:0.015217335467210203
none:0.014095370554168459
them:0.01711119655485106
infinity:0.024356348109202036
why:0.013849981168513669
a:0.006520641832745814
how:0.005118143958089978
uunet:0.014696468141701498
was:0.0034453740626513058
steve:0.012479197847604618
wife:0.015723665475268368
california:0.015484316058065899
based:0.03526345928288571
wa:0.019512788580617633
product:0.01552878569162085
are:0.0025016007066195546
internet:0.011114918066593798
model:0.014237165414721984
hey:0.014996649749537624
plan:0.015196747849955667
d:0.007088888024813367
it:0.008004406919999346
not:0.0023459533407625094
have:0.005967905990050423
worthwhile:0.022057249543289477
ve:0.00710168754485383
uucp:0.01647326306356449
buy:0.035099312746038516
university:0.009145292224119275
after:0.007506668045388916
open:0.012859768788923592
convex.com:0.020922927174577624
accord:0.0231567319237759
be:0.006752466036624179
writes:0.002573005412519698
dept:0.01596617700522101
making:0.011963452104561881
if:0.005215178363917582
of:0.001513156307904581
even:0.006533694349284146
but:0.012943253351175297
year:0.009629419129220435
fact:0.009331778710618051
they:0.014520149797785894
now:0.006427682482016515
sounds:0.01386266367144295
rest:0.012710625811178244
in:0.0027654428310426534
minute:0.017402577332269922
replace:0.01710647093717791
nissan:0.1131857726028382
u.s:0.013726624128399603
morris:0.03825561647753952
or:0.013118899955312945
industries:0.0231567319237759
better:0.01740245814242337
and:0.004456779157480037
for:0.001265948882926358
subject:0.00010387920969656924
station:0.016093346839580375
steven:0.017457253415754943
i:0.004456779157480037
suggestion:0.01800842274284843
compete:0.022057249543289477
horizontal:0.02105946927501058
any:0.011944987544227322
actually:0.009510949910899163
platform:0.020342334185524412
the:0.001759734653670941
do:0.013975056788064138
got:0.008607602418796009
would:0.010886960849467425
can:0.003364070009485266
wagon:0.1948507848736163
instead:0.011936709383597827
put:0.00967882995932599
may:0.007241344464746424
taurus:0.0230781221676766
an:0.010481301228347121
just:0.004569605305314731
introduced:0.020154324157233332
here:0.021016352983930692
about:0.003832747783353586
loving:0.020303998401699462
is:0.00209083756335147
either:0.009741489132736801
guys:0.030230939373472772
engine:0.015879568170197884
heavy:0.01743894255568719
206:0.022568284570764523
designed:0.015290262244680011
nice:0.01229470605741151
every:0.009463612945281696
letter:0.015879568170197884
by:0.003853834532362514
seem:0.010738181147454232
elsewhere:0.018432509449885028
buying:0.015607851849173215
doubt:0.01354113735011894
s:0.009656595810988612
