some:0.008778472745363565
looks:0.025737635145668347
know:0.009277256583897006
all:0.007173442335686399
anyway:0.0229211565537183
thanks:0.014987869510647841
beats:0.04273847608392
your:0.009473174602866636
into:0.013464690999867565
mentioned:0.02642980164505141
both:0.01688499310006194
uicvm.uic.edu:0.04078390823101079
to:0.005181199849965529
that:0.0026083054543945623
problems:0.020624610796178743
like:0.008756684688035136
nt:0.0053690116670860035
responses:0.03335284685008206
me:0.008147283311312366
consumer:0.04115528233123317
avoid:0.029073304460324054
anyone:0.012578306388281136
had:0.02307381181476895
this:0.003947236378732473
he:0.011955888778347632
something:0.014967378324537765
big:0.020870530480207195
on:0.0038120964303706008
you:0.01671575907996156
used:0.014845590288247109
am:0.024576486566937828
jobs:0.0371265084517489
a:0.004200012408560587
how:0.0098899473475874
want:0.014230059907610388
below:0.027908826413818737
was:0.006657602512040493
worth:0.02642980164505141
jay:0.03833209228690062
let:0.01733186272746485
question:0.016413429198098527
brake:0.04106070502140715
are:0.004833920162415229
manual:0.029545845089344082
it:0.0025778603739847515
have:0.007687979145077486
transmission:0.036435249088397875
buy:0.022607828009353126
reliability:0.041348082561408636
buck:0.04228265185973629
second:0.020674404335731325
brakes:0.041852889349661485
has:0.008005823111928954
willing:0.02688646506751632
his:0.013867887530114711
were:0.011663934567460895
if:0.015116174881881411
of:0.0014619592899679597
electrical:0.03561770623022896
suffer:0.03696125351401374
looking:0.01950289733388454
particular:0.025496627429201554
gear:0.038202454644535914
seems:0.017717948040459234
please:0.01440161922485154
one:0.014786630192114623
in:0.004007812824687755
system:0.016806182926635525
speed:0.02525161779613369
valve:0.043223728122548356
or:0.005070010960173573
and:0.008611971755431349
for:0.004892464103940962
subject:0.00020072899918810748
car:0.045994636689975776
i:0.00287065725181045
pay:0.025058962872164532
any:0.015387778440433191
the:0.002266926345831738
can:0.006500496183742205
pads:0.044901499185061214
reports:0.029730995820963547
may:0.013992673138645344
friend:0.02611428135107373
problem:0.015906505955229956
about:0.00740613669414941
dear:0.03613644962486769
is:0.002020094939027548
stuck:0.03575566967886202
netters:0.0371265084517489
90:0.03031548428228821
91:0.10539736257480181
does:0.00916157003261297
2:0.014649695880416607
too:0.014680585472665387
models:0.03355791766150807
three:0.02194351884565769
april:0.025580104224722646
bad:0.020606022907867547
mine:0.02455066950977433
seem:0.02074971845786269
