some:0.011675368751333542
read:0.02267003061897922
believe:0.021726718803303405
dan:0.039738034893872586
minnesota:0.05039079357787776
there:0.009177789855771475
sadly:0.057159660174759416
from:0.025397167632905268
kids:0.08792726061709447
rocks:0.05473652550054012
wisconsin:0.060819002868274706
several:0.028184513720673966
throw:0.042633705765348105
to:0.0013781991600908309
near:0.03604775777481525
young:0.03754055527074187
day:0.02543303035762872
really:0.01951395743190926
re:0.0037394050277817052
happened:0.03372300898738431
this:0.00524982438371419
off:0.021834574479563506
he:0.015901332075202352
on:0.015210264757178698
serious:0.0359699363703947
a:0.009775528880924766
tossed:0.06259581464064923
pregnant:0.060819002868274706
below:0.03711873913037892
was:0.017709222682027712
woman:0.043792685974954226
houston:0.050309160471486154
driver:0.03679785598486392
jason:0.0911979334756609
washington:0.03839213335414494
it:0.0068571085947994395
cool:0.04590826974474403
couple:0.03155991794654518
virginia.edu:0.09612295600214807
decided:0.037316330630183546
erik:0.05552640961372642
be:0.005784612571374713
writes:0.006612623910175624
down:0.02364365576953158
were:0.031026065949445982
year:0.049495214324193036
years:0.022297754229803936
huge:0.04297922958041471
please:0.01915415356905255
in:0.005330391056834714
or:0.006743114577030853
and:0.0038179741449078986
subject:0.000266969568920183
i:0.0019089870724539493
similar:0.031647582878667015
ago:0.08583497176093932
the:0.001507506019978106
rock:0.04873287102945033
would:0.00932649646104376
injuries:0.05400449146030717
an:0.017957962771234733
cars:0.07644154106343014
here:0.01800400905623396
warning:0.04290140817599416
about:0.01970032360643743
five:0.03970982613045617
hit:0.03579702139929409
dc:0.04477124387499181
article:0.01620665760633202
killed:0.07305569993335771
by:0.00990435474817166
four:0.03508046151022974
