abs:0.14232537522053976
manager:0.04315272901003954
at:0.009680934202795947
with:0.006426674470214807
ca:0.02259943512189364
from:0.009302991806925008
dealers:0.0541002140295924
dealer:0.0971992396318406
my:0.010441914959673641
to:0.0015145045715283857
next:0.029432747513727202
that:0.007624277482076414
me:0.01190756791653346
re:0.004109236294265611
exactly:0.03534486432167042
had:0.03372326342158539
he:0.017473991291431158
took:0.037092326114469006
went:0.03585122269490202
a:0.0030692398370250444
air:0.04235317566627659
price:0.03439718903125234
was:0.00973034213298226
local:0.03358663133973574
straight:0.04391935854355285
are:0.007064960237376105
no:0.012370832265741868
those:0.02039467751964352
it:0.0037676420850546372
should:0.018052880683884394
made:0.02555581925184617
92:0.04817049327886675
equipped:0.06163729558157993
liked:0.05583435678816788
his:0.020268451005552274
knew:0.042660385306568786
be:0.006356717111400784
september:0.05974045225556901
of:0.006410129194474901
what:0.04045899353831346
called:0.02947532413029378
one:0.010805614371160687
tim:0.04481219010699109
in:0.0039050483932855052
fully:0.04612806049316259
few:0.02511678572424491
for:0.007150524459606023
subject:0.00029337315265954173
i:0.014684515941953457
away:0.030428391058501876
back:0.023146777143599313
any:0.011244915014162719
the:0.004141500054884907
saturn:0.06281281337885651
got:0.024309382655281035
instead:0.03371136606136969
an:0.009867012511667437
interested:0.0316162221474167
col.hp.com:0.06412931008009409
1st:0.049458968687431014
told:0.0340683490849355
wanted:0.06692659317683743
sold:0.04512668247298727
him:0.05267066600798479
delivery:0.06147917758760082
aware:0.04502084848330637
1991:0.04771255156017919
