screw:0.037305323254197324
some:0.008712961754726523
since:0.014931504652266277
confused:0.03606317245093117
out:0.008792366411048207
stephen:0.030385517010380725
know:0.009208023325808222
anyway:0.022750103146601
take:0.01586379948011719
where:0.013786991031595237
wonder:0.027540057521021857
with:0.013093150226631656
though:0.018548837325452833
ca:0.015347377582778515
my:0.007091151203957472
located:0.03647218914119233
to:0.003085520507666039
within:0.02415261355464789
look:0.017695286002059035
ha:0.04218989298876572
then:0.011909554849073158
brent:0.039958686811857415
make:0.013134928980221668
that:0.0025888404883169912
gee:0.037790872458279876
like:0.01738267258968169
really:0.014562654799932283
nt:0.010657888831678187
could:0.01126200862183625
me:0.008086482689586155
re:0.0027906007670012727
two:0.013916339049651578
on:0.0037836479495469396
you:0.02073876826151947
holes:0.14308192224691033
more:0.009488201685229297
a:0.0020843345161886493
steve:0.0239339839315999
driver:0.027461086555868597
oil:0.16723165062729878
drain:0.04341603516258122
stuff:0.021816541437862852
starts:0.03337658488353261
no:0.008401087583451566
wow:0.03865418886872363
it:0.015351735659998743
cool:0.0342599027945851
have:0.0038153030831914393
plug:0.03539726846788682
writes:0.009869587925635259
get:0.009808761009635241
what:0.013737941835770614
hammer:0.04630980778204961
sounds:0.026587347489259984
in:0.003977903773757249
or:0.005032175057485711
nearby:0.039711282279641734
and:0.005698468872996863
subject:0.0001992310215822261
foot:0.03596432747518475
locations:0.04302658924339786
i:0.0014246172182492158
any:0.007636472136483636
water:0.030597740408295153
will:0.016915005147810216
than:0.010676128971787024
the:0.002812511231302436
do:0.00536058148437684
when:0.0195175289976677
start:0.021026582745391886
would:0.006960071985853552
forget:0.028650845786675327
last:0.01626986979148879
an:0.006700732377326393
radiation:0.04175078477963936
is:0.006015058810985012
self:0.03173218971649385
engine:0.09136676909867587
keep:0.01977175062780538
does:0.009093200106996456
paper:0.0287809581883328
first:0.014011603204410755
too:0.014571028864660421
various:0.02660133565936708
nice:0.04716029039932475
change:0.02217917244709319
changing:0.03195834904108586
article:0.0060472603008701565
release:0.029655249920800437
before:0.015867121397183912
close:0.025932188180377166
by:0.007391309513560941
black:0.02633994295704431
