at:0.016017545680989655
traffic:0.1590923731413055
thanks:0.03624339354393023
with:0.02126645006507445
masters:0.10452283345998058
from:0.04617666842346412
to:0.005011633309421203
could:0.027438348278655586
me:0.01970161237099172
australia:0.08434715846262249
so:0.018578374497907637
anyone:0.030416631811661658
regard:0.08346958135408006
books:0.06637705296447564
tell:0.043818637338590045
am:0.059430412970958746
a:0.005078196821259618
wondering:0.06543515457922358
was:0.01609929334729792
are:0.023378595694590016
doing:0.04874005282118755
presently:0.10712466698072008
if:0.01218455308660744
of:0.0035352833739225207
america:0.07159524644484477
what:0.016735310963575112
but:0.012096058586371096
please:0.034825733761913724
in:0.006461080068890563
or:0.012260208321874277
and:0.003470885586279908
i:0.010412656758839723
zealand:0.09906638632451989
the:0.002740920036323829
do:0.01306032579829994
country:0.06128643832763876
road:0.06564822519946382
rules:0.14980055638431464
either:0.0455193219475156
new:0.03134544663424631
lot:0.04506460705937074
thesis:0.11235525011620703
