barbara:0.03678296878804397
go:0.011579953879726946
at:0.005243839359847804
all:0.0056789751824184
thanks:0.011865396695929542
with:0.006962230676066039
much:0.020799962732856326
ca:0.01224136069102572
from:0.005039120562084378
dealer:0.026324794066956824
my:0.022624149079292888
via:0.02034661534890265
tight:0.03094469942487893
to:0.0024610699287336262
photography:0.033473766055624556
that:0.010324542423645142
cleveland.freenet.edu:0.025490587925628007
really:0.01161545085232694
asking:0.0213418619918952
so:0.006082205936815
this:0.0031248954664965414
presume:0.033386868440022456
reply:0.021376169758066332
student:0.023946532572432566
fair:0.0251351162904993
wan:0.032581265178892926
on:0.01207163869617357
identical:0.029090912767379594
vs:0.020336975863472273
santa:0.03135946085724792
m:0.008147706619738524
a:0.006650019646887595
same:0.011560079467432215
owner:0.02667742998102147
as:0.009525168574012123
mind:0.018033665494107957
foreign:0.026272349842658284
are:0.0038268534619120566
model:0.04355894656647083
it:0.010204030647022974
not:0.01076625015314223
should:0.009778643703770712
have:0.006086316823186343
only:0.007937715703983848
buy:0.017897863840737892
92:0.02609235052605282
lady:0.030503580543011534
selling:0.024820101996128215
has:0.019013829890831266
be:0.0034432217686754243
which:0.015379670625208544
noticed:0.024144065602109077
if:0.007977981187659635
of:0.0023147688757826027
brooks:0.035424286335776226
institute:0.023169391963888727
well:0.010017070893769908
slight:0.032007096927776486
please:0.011401281886340802
they:0.005553093003022283
miles:0.023893778481612057
in:0.001057617273181491
a/c:0.0383446608384457
1500:0.033386868440022456
and:0.004545207315366545
for:0.0019366003744766308
subject:0.0001589104576905851
car:0.018206210356448746
i:0.005681509144208182
appreciated:0.020147393566525253
away:0.016482045156688514
power:0.016082471905777034
possible:0.015339116803360607
any:0.006090995632671472
limits:0.029436075015298338
will:0.006745865148233835
the:0.005832612577296244
thing:0.013475788304315216
major:0.019502547456653523
did:0.02935555434719581
push:0.02856949574762968
last:0.0129771580479732
an:0.005344631777153194
problem:0.012592650547890383
about:0.005863191549534949
trade:0.02511358866865294
is:0.011194692787110995
deal:0.01962092257000303
picture:0.024348379545805952
engine:0.09716783380335371
91:0.027813192901683815
does:0.007252909609151936
advice:0.023153911120436
e-mail:0.0163672367657873
little:0.013960349416062286
roof:0.03421878476368412
mine:0.019435946695238012
seem:0.01642686044580796
while:0.01291870539213406
torque:0.03473670962671763
motion:0.030450670141718403
s:0.007386146200666885
