at:0.010487678719695607
though:0.02958981192393666
several:0.03355299252461186
to:0.0016407132858224176
everyone:0.036398961398965514
competition:0.06212056653853287
class:0.04724011513891669
that:0.004129816969458057
could:0.017965585182453062
re:0.004451672652121078
this:0.012499581865986166
pricing:0.06947341925343525
off:0.02599354104709941
on:0.006035819348086785
vs:0.040673951726944546
a:0.0016625049117218987
same:0.02312015893486443
low:0.04042612547595024
price:0.1117908643515701
as:0.009525168574012123
steve:0.0763608058770092
prices:0.051934065228321925
base:0.04585280780253632
not:0.007177500102094819
hundred:0.054778016517397506
civic:0.07268369981235315
japanese:0.17881494627034125
comparison:0.05555893654699051
of:0.009259075503130411
what:0.010957644083293227
but:0.007920038360123931
least:0.028662647413172405
si:0.06443194766282999
over:0.023880247053801876
one:0.02341216447084815
in:0.010576172731814909
subject:0.0003178209153811702
the:0.011665225154592488
thing:0.026951576608630432
canada:0.04429294753579341
saturn:0.13609442898752241
instead:0.03652064656648382
cars:0.09100183459932158
makes:0.03324973669347588
here:0.021433344114564237
reality:0.04988822883633788
is:0.009595450960380853
argument:0.0418897790492824
sticker:0.07060806425110579
dollars:0.05459053607730061
paper:0.04591248091948327
admittedly:0.06904820398436289
freenet.carleton.ca:0.06610286858776955
s:0.007386146200666885
