storm:0.11685403954007861
damage:0.09269735117018064
4:0.051755614670389145
vehicle:0.09168088941665081
my:0.019796130444381277
to:0.0057424965003784615
re:0.007790427141211886
so:0.042575441557705
great:0.0525260560152641
3:0.04878054051328374
a:0.002909383595513323
was:0.03689421392089107
mazda:0.12670625597557228
are:0.013393987116692197
doors:0.10752019115410028
it:0.007142821452916082
they:0.03887165102115599
damaged:0.11809819026302906
in:0.003701660456135218
replace:0.09159089647614006
weeks:0.07584510177777312
and:0.007954112801891455
for:0.006778101310668208
subject:0.0005561866019170479
i:0.003977056400945728
top:0.07045067137848574
will:0.023610528018818425
cost:0.06918765842397667
the:0.004710956312431581
around:0.04931655069070074
record:0.08034684160909572
entire:0.07769621297268337
is:0.005597346393555498
repair:0.10657734549601441
time:0.032906457706327365
estimated:0.11625876094749411
approx:0.12047202899947113
hood:0.12356411243943513
bad:0.05709585514054966
going:0.04537116008436838
black:0.07353234075508203
