front:0.1598614058802697
might:0.09668568799447481
need:0.08732736324987438
re:0.03399459116165187
you:0.025263590427669177
particularly:0.18259546796093556
a:0.006347746026574523
also:0.06743168780361666
mazda:0.2764500130376123
not:0.027405000389816588
feel:0.1384671220111899
if:0.030461382716518604
end:0.12291970011706861
subject:0.0012134980405462863
car:0.13902924272197226
the:0.0034261500454047865
just:0.05338129833935845
right:0.08817607244501362
does:0.05538585519716024
describing:0.23947224654625685
mike:0.14524600131625925
