at:0.005506031327840194
out:0.0073636068692528745
ideas:0.02248121023149669
forgive:0.03524004864456292
all:0.005962923941539321
tried:0.019361650331479196
1984:0.03405407029905371
where:0.023093209977922025
with:0.003655171104934671
mentioned:0.02196977261744899
wheel:0.06074367226015871
automotive:0.03562478547580938
my:0.005938839133314383
to:0.0025841234251703076
then:0.009974252186098771
h:0.02208238827684073
been:0.009170252420133996
that:0.00216815390896548
through:0.014809145587655169
could:0.009431932220787859
me:0.006772429252528404
re:0.0023371281423635658
started:0.02049528047493066
steering:0.03514745435840579
so:0.01915894870096725
had:0.009590053035513345
this:0.003281140239821369
getting:0.01695125982640429
blow:0.030458044393406453
two:0.011654933954083197
wiring:0.036473545108053514
on:0.009506415473236685
1983:0.06309137321155366
used:0.01234039692710541
a:0.0008728150786539969
other:0.008620674923949443
was:0.022136528352534643
inspection:0.03966620525659095
usa:0.02277888553767953
dumbest:0.03732437119758213
also:0.00927185707299729
button:0.05944380084110811
concepts:0.03159755412336867
dick:0.06309137321155366
pushing:0.03299220131908248
thread:0.026018298709399784
it:0.0085713857434993
not:0.007536375107199561
only:0.008334601489183042
safety:0.025829208657163524
nh:0.03801187679267169
has:0.006654840461790944
annual:0.03154568660577683
ford:0.05975631711867583
be:0.007230765714218392
writes:0.0041328899438597645
get:0.008214837345569515
if:0.0041884401235213085
end:0.03380291753219387
of:0.006076268298929333
what:0.011505526287457891
but:0.004158020139065064
reading:0.02053951278976869
never:0.013774620192886628
one:0.00614569317359764
in:0.0033314944105216964
or:0.004214446610644284
grady:0.16022782995089718
better:0.01397634919563377
and:0.0011931169202837183
subject:0.00016685598057511437
i:0.004772467681134873
back:0.01316472950042211
world.std.com:0.05745095412950684
the:0.008950816993620004
horn:0.11236786501520578
when:0.00817296526777335
putting:0.02512534066898759
intended:0.025428430356103905
got:0.013825961385191089
would:0.0058290602881523506
did:0.010274444021518534
instead:0.01917333944740401
an:0.005611863366010855
cars:0.023887981582321915
just:0.0073399285216617875
many:0.011582506422363085
different:0.0157951056125703
pickup:0.03745595500506859
deal:0.020601968698503184
today:0.017744539161239706
right:0.012124209961189373
time:0.019743874623796422
center:0.020416442709205056
figure:0.023078110212967212
drove:0.03299220131908248
ranger:0.039122384150405774
article:0.005064580501978756
little:0.014658366886865401
already:0.018161164508108448
god:0.016582363948595157
s:0.007755453510700229
newsgroups:0.026789202130134346
