matthew:0.32971325698626885
need:0.1477847685767105
re:0.028764654059859274
getting:0.2086308901711297
m:0.105293439393544
a:0.010742339429587655
good:0.12461614241226918
subject:0.002053612068616792
car:0.2352802569141069
i:0.029369031883906913
roy:0.3876214890605982
opinions:0.21966231965538788
