at:0.01894548413880497
out:0.025337141915708815
all:0.010258793877917111
take:0.022857517530491436
your:0.01354765830302433
into:0.03851191189209433
my:0.010217357648712918
to:0.002963869161485658
job:0.03732783392784061
that:0.00373015726273631
think:0.015481161586328552
through:0.025478099935750828
re:0.0040208656212706514
wait:0.03947741725924858
you:0.005976333219448623
machine:0.03497633714327255
them:0.015761926575615495
3:0.02517705316814645
why:0.019136801937139857
more:0.013671172320652967
a:0.0030032346792395596
old:0.02847218368110026
local:0.03286433819264465
oil:0.24095743208664558
drain:0.06255643776113853
it:0.0073732350481714405
dip:0.0644403526968922
have:0.005497318420942504
plug:0.05100251585695521
tube:0.1146718472258964
b:0.03291299297327142
25:0.03954497363752272
device:0.043162954676460495
stick:0.04544440112746733
get:0.014133053497754004
down:0.025423285773689873
drink:0.05392243726041648
excellent:0.041882423799359005
using:0.02370344708220345
easy:0.035630984561922666
moving:0.04560195249076702
use:0.017879349760724174
and:0.004105348542911719
for:0.0034983748700223014
subject:0.0002870640526023473
until:0.030765222853383272
car:0.032888638063262254
i:0.010263371357279297
paid:0.04447301223410922
walker:0.0524009365908068
favorite:0.051961990413169644
than:0.015382809486230766
the:0.005673409752605775
around:0.02545370358229716
got:0.02378660023258682
can:0.018592817041671258
an:0.009654818694212223
e:0.033450426839288463
self:0.04572164969903415
steel:0.0572184067255053
center:0.03512506272551408
does:0.01310203026169382
goes:0.0346562064085019
under:0.05220050380872343
changing:0.04604751367210221
by:0.03194953144571504
soft:0.05745473905581472
