week:0.08840612318988675
to:0.0035338440002328996
value:0.09573981589119661
really:0.05003578828694682
nt:0.0183097064544215
me:0.027784325138578068
re:0.00958821801995309
this:0.013461088163369718
getting:0.06954363005704323
stealth:0.13616668998378914
you:0.014251256138685175
great:0.06464745355724812
a:0.0035807798098625512
how:0.03372725633920831
mind:0.07768348212846506
are:0.016484907220544243
catch:0.12425354176299788
open:0.08474257894239391
but:0.01705854416026693
never:0.05651126232979129
talks:0.1227398614659673
in:0.009111779584332845
nissan:0.14917304389194572
subject:0.0006845373562055973
station:0.10605102917364505
i:0.004894838647317819
back:0.05400914666839839
eliot:0.306251250851956
would:0.023914093489855796
wagon:0.321004177644355
an:0.023023029193890685
s4:0.1755735417683857
about:0.025256825136458244
dead:0.08798159320028553
letter:0.10464228255745785
s:0.01590862258605175
