ask:0.01646645527884953
out:0.013312735582830054
know:0.006971045907674021
tried:0.01750205679681735
take:0.02401976418458422
watch:0.021718439777256213
own:0.012805031839254211
your:0.00711826114226702
with:0.003304109473387273
much:0.019742337509151768
though:0.014042622607969941
someone:0.01244891590205096
from:0.0047828940928258505
turn:0.03866076988377983
dealer:0.024986245216094615
tight:0.02937124013208848
to:0.003893217966358279
remember:0.015721039754357242
job:0.0196129296908993
besides:0.022881846294558694
he/she:0.033858490400062
impact:0.02708047680944348
next:0.030264181059312716
think:0.008134169647053985
counter:0.030511012124467326
bit:0.015395955921218642
re:0.002112658207786274
anyone:0.009451495760685826
you:0.021980750993565272
etc:0.01312047450541376
suggest:0.02074237178028315
a:0.003155941527336486
how:0.007431429362876408
failed:0.023939538622740314
oil:0.10128380196184424
drain:0.03286863678975075
ole.cdac.com:0.03720341166383927
advance:0.01787288822981158
learn:0.021525503845888316
it:0.01743332693593078
not:0.006812542469784914
should:0.00928142453239254
suitable:0.029054350489992185
kind:0.015567947440469264
able:0.014900933480851237
electric:0.02953660952361454
yourself:0.019809461420195438
without:0.0126961044339124
be:0.006536285391383857
writes:0.007471891423927258
if:0.007572321127270161
of:0.001098534381727337
safe:0.02346181326664956
but:0.003758662272601188
in:0.003011520371093059
or:0.003809669252559804
force:0.020192113665620178
nearest:0.03397999438436123
use:0.028182703860124544
watching:0.024065559851634655
and:0.003235571309243982
still:0.01153507956061891
for:0.0036762583379895365
subject:0.00015083026492665705
each:0.014384233883393306
car:0.01728047084679881
i:0.007549666388235958
back:0.011900320452358969
don:0.025189860676451663
any:0.005781283990332245
will:0.019208565167852278
than:0.008082493119883962
cost:0.018762754826841133
filter:0.02953660952361454
the:0.004258491581859056
nut:0.0682083379971832
do:0.016233173308621392
when:0.014775982405013965
less:0.015530313879075013
hello:0.02186039994718515
thank:0.02051126726988426
around:0.013373979848325624
would:0.0052692070401377175
can:0.014653660888774803
sequence:0.02937124013208848
put:0.014053442370320787
an:0.010145741678663691
10:0.016329783942916183
just:0.0066349636354004855
is:0.003035848891419931
stuck:0.02686725461744999
bolt:0.03449395923298115
self:0.024023239672373874
new:0.009740110536065237
right:0.010959737818024291
engine:0.023056774122829696
time:0.02677135542209684
easier:0.023597026635076842
devil:0.02982345881950959
too:0.02206234878942934
under:0.013713691678562933
change:0.0335820238181976
changing:0.024194456336189298
article:0.009156303732390972
very:0.009848827637194617
by:0.0055956806486845544
