advocate:0.021274486442040774
some:0.004473321360664192
read:0.008685835486198933
go:0.007453763416835736
content:0.018150018883603264
at:0.0033753448753043335
out:0.004514088502223984
happen:0.012956445310985882
situation:0.013502422562354783
take:0.008144632683278558
own:0.017367744333701113
your:0.028963959130603737
with:0.0022407179187338977
funny:0.017244314753088973
supporting:0.01883466175235183
though:0.009523157860577317
miss:0.01848973396822264
someone:0.01688473651082774
such:0.007367882005623749
from:0.009730715568162938
kids:0.050532908400629004
rocks:0.0419436977015633
themselves:0.012400192399704281
harm:0.03687863970213485
throw:0.01633475316680004
to:0.003696319586450504
0:0.014042744400269855
job:0.013300722434058146
property:0.017509964919376574
add:0.013165595465332254
otherwise:0.0136145012705442
then:0.006114484098757866
threat:0.017691010455202417
value:0.0143059495009834
death:0.012856001471403916
track:0.017432166964737702
family:0.015097574977469988
make:0.006743603384481623
that:0.0053165459836701425
justice:0.016497188258630256
think:0.011032551935084714
bit:0.010440935624734481
like:0.013386655902398542
nt:0.019151532038532836
could:0.005782027415042365
me:0.00830336153566701
anything:0.008893644254097331
re:0.004298166698599662
happened:0.012920693098614678
this:0.0020114269669403028
mean:0.03038416157275702
off:0.008365737348491763
getting:0.010391576905075426
talk.politics.guns:0.02304390423767026
big:0.010635174535891023
on:0.0019425625488095398
you:0.027683474568250512
am:0.0062618251214611705
defend:0.017355917331338105
why:0.020456581381080533
more:0.0048713372636809416
onto:0.0166826156182542
sure:0.008360321916318787
a:0.003210354312290563
sorry:0.012174010286354883
steve:0.03686383731993548
wife:0.015482689759172299
question:0.008363931353820324
course:0.009372229118390878
anywhere:0.016192832585649276
far:0.019075694039244456
are:0.004926523996944257
those:0.014221575894923831
it:0.009195356353179324
not:0.002310000032858103
should:0.006294299395530572
statement:0.013307277470087378
deadly:0.04471852273784339
have:0.005876443829283366
shooting:0.01826791795895481
only:0.005109334246242477
robert:0.012242957965355185
b:0.01172761818587832
has:0.004079595685389084
yourself:0.013434002572316445
be:0.0022163266556991237
writes:0.0025335723793776335
justification:0.019773828258225337
if:0.010270504517446885
of:0.0037249154322938436
what:0.0035265980957725333
but:0.0076469335890851755
using:0.016892111713754182
please:0.02201626847017534
they:0.010723214074801651
who:0.004954225571777196
good:0.006206934296396548
sounds:0.013650209055788651
in:0.001361530282716402
or:0.012917844017300483
force:0.02738700474187564
and:0.0029256506857531788
few:0.0087571934900624
for:0.0024930947349584213
subject:0.00010228719115715822
cause:0.01208237982123397
steven:0.017189709302103527
car:0.02343787999910643
i:0.0007314126714382947
away:0.010609132514650078
we:0.005163769753693371
power:0.031055807818052207
lives:0.014913631608939869
necessary:0.013811401446289368
will:0.004342166072426377
shoot:0.01785945154110708
than:0.005481230966358088
the:0.0025991483103070794
do:0.0220174074760612
rock:0.05601479428672451
disabled:0.0222902249493712
would:0.007146740583175295
can:0.0033125133809874074
because:0.006761388118369785
auto:0.018103856667066195
come:0.009199975764250606
cars:0.014643973383798874
here:0.01379617552201836
people:0.005767330038594319
warning:0.016437321140227647
is:0.00514698518947632
followups:0.022359261368921694
does:0.004668539518534579
appropriate:0.015494282559618799
their:0.011599108188365624
protect:0.015821331789316717
wanted:0.011667279653433341
self-defense:0.02209027953492457
article:0.00310472367937395
citizens:0.01566037620281272
grave:0.022574163539998485
