land:0.17289705850381462
out:0.01707503042145594
there:0.013301144718509383
all:0.013827070009366539
your:0.01825988727798931
response:0.05089273264677307
post:0.03742866383233595
dealer:0.06409515077172097
several:0.040847121334310094
to:0.007989560348352643
enough:0.035248529375904294
really:0.028281097727404725
its:0.029968471826582178
me:0.03140836754795782
recommendations:0.07809787110532646
so:0.01480884923746261
something:0.02885016401686265
you:0.008055057817517709
a:0.008095676091863159
price:0.04536440872237627
following:0.03967122134840234
cult:0.06865441925536887
worth:0.05094440027234548
it:0.01490675781478139
astronomical:0.09071857194296991
toyota:0.15424092247744906
be:0.008383496480253208
if:0.00971232492410738
must:0.03358638300694924
good:0.02347840364289129
chance:0.05210228301467542
in:0.0025750681433984127
and:0.00276664793109268
subject:0.00038691241872490284
create:0.055113705670197376
car:0.08865632869227216
i:0.00276664793109268
world.std.com:0.0666098018892833
the:0.002184791333301603
got:0.03206020031348658
edwards:0.18225369104439476
jonathan:0.13856537302881353
here:0.02609276674816516
about:0.028551193632518016
is:0.007787612373642432
told:0.04493072125694391
convert:0.062008405727512164
despite:0.06178797937006971
check:0.04796103716793752
s:0.017983660314667197
