fast:0.18325252236568618
andrew:0.1981820083774736
your:0.06631222222006644
harmful:0.2812258280100404
re:0.019681079093587923
so:0.053779505125522105
used:0.10391913201772976
writes:0.034803283737766436
what:0.04844432121034901
in:0.00935156325760476
point:0.1158703137505295
subject:0.0014051029943167523
when:0.0688249706759861
is:0.028281329146385672
too:0.10276409830865771
article:0.04264909896403163
neither:0.19698849739478783
s:0.032654541097685175
