out:0.025067597852775743
all:0.020299315545665768
means:0.060310536605079845
knowledge:0.07865470520961991
wonder:0.07851846186844529
way:0.036858996160564754
my:0.020217324709155347
to:0.005864677276982259
matthew:0.09119728384726584
that:0.007380949477329294
avoid:0.08227126581325743
dream:0.21205480843231322
had:0.06529397811413341
took:0.07181705694503572
a:0.011885141496565063
viper:0.2651992548883748
test:0.07608297561658874
drive:0.06008093082565933
it:0.021884389132338634
his:0.039243171095856524
without:0.047812989038350955
what:0.019583874531843216
ticket:0.10774418956190433
and:0.004061674622242445
for:0.0069223162321717865
subject:0.0005680203594046446
i:0.012185023866727335
the:0.0016037298084873467
dad:0.12267155231096412
home:0.062326873443858476
roy:0.10721445442101651
push:0.10212075075748481
last:0.04638643727786165
bought:0.07793795210358426
just:0.024986990712040125
night:0.07123052865072392
