basically:0.05687255867025922
there:0.013301144718509383
all:0.013827070009366539
50:0.1000342982356067
thanks:0.028889661520524103
someone:0.031934175574826376
to:0.005992170261264482
death:0.0486292229570496
archive:0.07032851906872895
direct:0.05788080612426339
mail:0.04441036963530226
been:0.02126435343799187
that:0.010055206534332662
really:0.028281097727404725
could:0.021871147178638514
me:0.03140836754795782
michael:0.043546307270633175
so:0.01480884923746261
chances:0.07072834452552355
this:0.007608441135817667
am:0.023686034155092253
support:0.039695018978746464
a:0.0020239190229657898
wondering:0.05215845654865647
also:0.021499958430138643
are:0.009317556255090224
it:0.009937838543187593
site:0.056602379673023284
has:0.03086302822859568
if:0.01942464984821476
kept:0.05788080612426339
who:0.018739896728026787
good:0.02347840364289129
or:0.009772629821783846
and:0.00553329586218536
for:0.004715200911769188
subject:0.00038691241872490284
i:0.00276664793109268
info:0.04268689071583185
any:0.04449075070820901
the:0.002184791333301603
claim:0.04732230499710125
slick:0.1666306040666357
an:0.013013016500894736
just:0.017020124108201244
is:0.003893806186821216
discussion:0.04982423107956799
discussed:0.06579413760089793
does:0.03531851635760943
davis:0.14355800795070375
already:0.0421128452361935
data:0.04252674816240308
mike:0.046310319260256576
says:0.03711632962938505
