train:0.08676001502144753
dallas:0.04316884600769314
out:0.009204508586566093
boy:0.03542838050874866
there:0.007170148324821464
radar:0.11948831892557304
all:0.0149073098538483
with:0.0045689638811683385
85:0.038752331874489544
into:0.013990655492049893
from:0.013227691475471494
easter:0.04559193138506689
my:0.007423548916642979
to:0.003230154281462885
within:0.02528476731502201
look:0.01852475253340555
lights:0.038348644292112044
been:0.022925631050334988
movement:0.0367757966052404
could:0.011789915275984823
its:0.016154879344016954
sitting:0.03546715230048404
re:0.005842820355908915
had:0.011987566294391681
this:0.004101425299776711
appeared:0.03715237552569257
stealth:0.04148828835443576
on:0.007922012894363905
distribution:0.03472607578908812
you:0.013026538814266918
went:0.05097595726931381
came:0.02358380259748396
a:0.0032730565449524884
was:0.006917665110167075
as:0.006250891876695456
rec.autos:0.04827764653430771
lucky:0.03720075029325445
organization:0.029936197094663056
no:0.008794888563925858
taking:0.026616797141809416
caused:0.031111829523868494
police:0.028715499309630403
texas:0.03100132555991408
have:0.011982436245648114
between:0.018147389422237543
extended:0.03734769819917239
references:0.03226068435165362
be:0.004519228571386495
writes:0.005166112429824706
get:0.010268546681961893
down:0.018471606069946547
were:0.012119557011502337
of:0.0015190670747323332
what:0.007190953929661181
but:0.00519752517383133
good:0.025312653927492174
over:0.015671412129057483
in:0.0013881226710507069
or:0.005268058263305354
world:0.019697271005724038
better:0.01747043649454221
and:0.007456980751773239
subject:0.0004171399514377859
car:0.02389565109283898
i:0.008948376902127887
detector:0.04132205867906635
don:0.06966570843331163
rangers:0.03646055210896253
directly:0.028378908792940468
the:0.0029443476952697384
do:0.01122371748291401
thing:0.017686972149413723
strong:0.02820822176539461
radio:0.028026174693497392
an:0.007014829207513568
thought:0.020973331290560254
just:0.009174910652077234
new:0.01346874660065271
under:0.018963464274262806
article:0.006330725627473445
passed:0.03376280847389677
full:0.024137988155650415
going:0.03402837006327629
somewhere:0.03030875827267646
by:0.00773777714700911
upon:0.027094340489788565
tx:0.07401804575969456
while:0.016955800827175956
north:0.031360584257115826
vacation:0.04618183413903677
s:0.004847158444187643
newsgroups:0.03348650266266793
