dan:0.07096077659620104
all:0.017036925547255197
your:0.022498789681808257
automotive:0.10178510135945536
my:0.016968111809469666
make:0.031430008631244705
that:0.006194725454187085
need:0.0343071784195935
re:0.006677508978181616
so:0.03649323562089
a:0.0024937573675828484
usa:0.0650825301076558
dumbest:0.10664106056452038
concepts:0.09027872606676762
dick:0.18026106631872468
it:0.01224483677642757
nh:0.10860536226477625
writes:0.01180825698245647
of:0.006944306627347808
key:0.05724718520065314
fact:0.042826198725514984
easy:0.05917288507605013
in:0.006345703639088945
grady:0.4577937998597062
for:0.011619602246859784
subject:0.0004767313730717553
car:0.05461863106934624
i:0.006817810973049818
world.std.com:0.16414558322716238
saves:0.09707823491529963
will:0.020237595444701505
the:0.002691975035675189
cellar.org:0.2245625836082721
just:0.020971224347605105
many:0.03309287549246595
is:0.0047977254801904266
time:0.028205535176852026
trouble:0.06812181932661311
whenever:0.0847006066910149
leave:0.06309253793383064
article:0.01447023000565359
little:0.04188104824818686
newsgroups:0.07654057751466954
