ultimate:0.03684188408403951
vehicles:0.03495743577666043
all:0.006671803011512526
percentage:0.0315074288309071
true:0.018064900644460466
became:0.03024928325913514
with:0.012269105806773721
option:0.029304973582184493
though:0.017381427983291467
from:0.005920085695315913
56:0.037522822294005775
sell:0.024336169922941034
to:0.0009637756364271544
line:0.039493758724559284
reserved:0.039859899833073434
hardly:0.03053592203209456
80:0.02794868270953363
us:0.01440472997332165
been:0.010260422288261814
that:0.002425906471569768
nt:0.004993556305751318
could:0.010553210876405995
re:0.0026149685508962974
this:0.003671205862737196
on:0.007091032520829229
purchased:0.033474507672536534
a:0.001953152623561392
same:0.013581072381318967
quick:0.028386540001337734
was:0.006192035902806892
bring:0.026527041589434093
also:0.010374105815941025
cheap:0.025987630897949983
are:0.008991767574842316
model:0.05117414701515454
it:0.009590361671048167
purchase:0.03050672363062267
probably:0.016693872133071386
only:0.009325428239645361
lineup:0.040937876615082226
has:0.007445975341863993
writes:0.009248425049196676
down:0.016534025013658447
making:0.021500749586520304
if:0.004686366571772093
of:0.006798621872927926
backing:0.03932582305835613
available:0.018888558236463147
but:0.00930466045105469
version:0.021821472780878214
well:0.011768307064009404
they:0.01304782691619222
eliminated:0.04106859083195043
now:0.023103697872422998
called:0.018757024446550585
one:0.006876300054374982
in:0.006212576989317849
or:0.004715464739182415
offers:0.031609023939738634
still:0.028555371779434225
for:0.004550333747022014
subject:0.0001866920062378902
top:0.023647777805365842
eliot:0.1252846026212547
rare:0.035471439007380194
will:0.00792521220212087
the:0.0063252000838242214
do:0.005023202230115361
did:0.01149588142267808
wagon:0.13131989085450887
come:0.016791564157128732
an:0.012558015923940374
cars:0.026727811560639907
s4:0.1436510796286792
relatively:0.031179058319803808
entire:0.0260798477111105
is:0.009394147793379857
number:0.017498355583201106
turbo:0.034740580974264905
90:0.056391040692927726
strictly:0.0366991647020031
their:0.02117040025988411
goes:0.022538651720214523
sold:0.028716979755537348
although:0.022096080117166142
article:0.01133332699743498
very:0.024381013871097163
models:0.031211210132731284
before:0.029736982758358663
mike:0.022345538664039884
high:0.019561705074416232
200:0.029063811511756733
