ask:0.07108689230137481
at:0.021486951523278806
fast:0.08492190060848873
andrew:0.36736177162653644
know:0.03009451525995858
your:0.03073005419954299
been:0.035786350907839985
nt:0.017416550042010696
re:0.009120500067760258
so:0.024922209692315126
you:0.013556072912407851
a:0.0034061076240155977
ns1.cc.lehigh.edu:0.13143300259189086
it:0.008362327554633463
rush:0.12455858424698872
have:0.012469527149942754
robert:0.07793687875506594
of:0.00948490661296286
what:0.02244980739016174
in:0.00433365126571928
point:0.053695999055123435
speed:0.08191378455818979
subject:0.0006511452900492268
i:0.004656066030375486
any:0.02495822600704408
the:0.0036768439511661124
do:0.017519949241621872
can:0.021086975425310083
130:0.13143300259189086
william:0.09930876291197603
about:0.024024784885899306
is:0.00655299089977229
too:0.04762238702108528
article:0.01976421659308783
s:0.030265184432000894
