keys:0.035304906352310816
since:0.009012710015331897
read:0.010211725504044693
ask:0.013128660289893547
out:0.005307104049911982
there:0.0041341395746718355
know:0.005557996061523882
search:0.019221402249435658
all:0.004297602840749059
where:0.00832187746952145
way:0.007803481169128573
c:0.011649088718148468
compound:0.03858034929284239
such:0.008662239655260353
from:0.0038133885334692592
themselves:0.014578604578030709
to:0.003104052162366736
near:0.016237728727394256
officers:0.02162015894415219
speak:0.01615059826413691
perhaps:0.03903326402216278
that:0.01093843413532134
realized:0.023594280254652888
liberty:0.022447243234952077
control:0.013737091306040646
nt:0.006433140105607554
could:0.006797788987955213
need:0.008654063024762326
brought:0.017452220011421923
re:0.0016844166791809482
batf:0.08216030042852332
anyone:0.015071304050823344
this:0.0023647857584298154
shot:0.01791275831345827
you:0.005007198102781278
children:0.01510079670278615
inside:0.016910160031865705
why:0.0080167683790721
prove:0.017688731260872063
a:0.0025162236501736846
want:0.008525216070775592
was:0.003988563667123359
as:0.010812353516446195
woman:0.019726435123853255
idea:0.012488181510183587
cult:0.02133853571450654
witnesses:0.02368528344076784
are:0.002895997214419935
no:0.01014185347912171
it:0.006177575310630125
not:0.013579054247206415
have:0.013817584139125753
being:0.008764882567230396
left:0.0131729963220746
able:0.0118804739914895
larry:0.02047199565753602
real:0.01152069303602814
after:0.008690151746238519
b:0.013787875434748836
directed:0.023417610375584055
has:0.004796281413903383
shows:0.01740637224153113
identification:0.02772171598381575
be:0.002605681338457078
which:0.01745800449347997
writes:0.0029786594189980284
soon:0.016202674040718335
were:0.006987852691316663
whatever:0.029774419628408676
of:0.00262757548061809
lawrence:0.04273183760988139
short:0.015598999394690394
freedom:0.035928184507374825
sealed:0.025200924146268802
what:0.004146135599083924
but:0.0059935425427964885
bombing:0.025331498636688855
heads:0.021858864034875213
court:0.018002980303888777
nearly:0.03864991727567041
please:0.008627997103176823
they:0.02101170325467891
who:0.005824562496548866
up:0.012103246579751212
waco:0.017498539231942573
chance:0.016193952828885604
one:0.004429328413403705
in:0.0032014360701709994
and:0.004299520433454841
for:0.0029310708370457114
subject:0.000120256562576659
i:0.0017198081733819362
group:0.01214917087750741
we:0.012141836988414144
warrant:0.063612188722578
improve:0.021365918804940695
any:0.004609402100400033
will:0.015314937093287628
grenades:0.0256755210636464
the:0.004753397360291325
do:0.009706998904141848
because:0.015898399089139766
operating:0.020703046533155616
did:0.0074050047001935375
an:0.004044586209737553
koresh:0.0183972911200169
long:0.010722122725714345
warning:0.019324958637835205
arrest:0.024890145445877126
is:0.007261422348396322
discussion:0.015485909659865727
followups:0.026287239717516044
does:0.005488688352871735
their:0.006818394678296009
smith:0.07095024422462094
first:0.00845745418644613
dead:0.015456225832482594
every:0.010955623995213496
under:0.010933889311286664
position:0.015508301609064017
leave:0.015915234794119444
self-defense:0.025971004318086997
article:0.0036501481095342386
full:0.01391739857623087
sign:0.019521225522040792
before:0.009577451654156056
by:0.004461421057734983
giving:0.01708723850130214
announcement:0.020586039837645433
blame:0.02016722697071703
identify:0.022447243234952077
four:0.015802009689292674
