read:0.02518892290997691
go:0.021615913908823635
small:0.03320828778073346
take:0.02361943478150782
thanks:0.022148740499068478
your:0.01399924691312514
with:0.006498081964328304
such:0.021366857816308874
from:0.009406358382557507
manufacturing:0.06169601068191825
to:0.006125329600403693
w:0.03438156505588171
areas:0.04573614061037595
could:0.01676787950362286
need:0.04269337758882747
re:0.004154894475313006
cease:0.06568083077551896
this:0.029165691020634387
two:0.020719882585036795
these:0.01840706636776603
on:0.005633431391547666
you:0.006175544326763576
why:0.019774695335044515
a:0.004655013752821317
want:0.02102886630791313
are:0.007143459795569173
it:0.0038095047748885774
not:0.0066990000952884985
fuel:0.05362022850784565
only:0.014817069314103185
fail:0.05072206381433906
feel:0.06769503742769284
be:0.006427347301527459
which:0.014354359250194643
things:0.049660576180894436
if:0.007446115775148992
end:0.030047037806394547
of:0.0021604509507304297
please:0.04256478570900566
good:0.018000109459549992
world:0.02801389654147419
and:0.00848438698868422
wpi.wpi.edu:0.06525342765521013
for:0.007229974731379422
subject:0.00029663285435575884
car:0.03398492599870433
i:0.00424219349434211
we:0.014974932285710778
the:0.0016750066888645623
do:0.007981310210072185
thing:0.02515480483472174
see:0.019659841793457512
would:0.01036277384560418
can:0.009606288804863482
meant:0.04524065865990019
home:0.03254847835401498
thought:0.029828737835463474
just:0.026097523632575243
people:0.016725257111923526
58:0.06169601068191825
warning:0.047668231306660175
discussion:0.07639715432200425
issue:0.0347928889718317
days:0.0661833916566705
type:0.03600569455924107
nation:0.049797869297906756
upon:0.03853417314103263
elsewhere:0.052635054762449465
