studies:0.054090806363252496
there:0.01176639725098907
option:0.053725784900671564
to:0.0017669220001164498
direct:0.05120225157146376
next:0.034338205432681734
seattle:0.12477863231026814
re:0.004794109009976545
larger:0.05456220184770235
phone:0.037658296489866266
off:0.027993044204568593
on:0.00650011314409346
you:0.007125628069342587
market:0.05013916942401311
a:0.008951949524656378
uunet:0.048422978364324167
coming:0.04457217890755891
steve:0.04111735701069726
wife:0.051807461886461154
also:0.019019193995891876
based:0.038729525793596696
wa:0.06429213673357348
product:0.05116535798393024
are:0.008242453610272121
internet:0.03662223003993085
model:0.046909634763891664
compact:0.07505277379431742
should:0.021061694131198457
mitsubishi:0.0825885002674215
have:0.006554495040354523
interesting:0.041897750793864263
uucp:0.05427728983764196
university:0.03013256540511094
ford:0.06128853037812905
be:0.014832339926601828
which:0.016562722211763047
dept:0.05260650628643332
if:0.008591672048248837
of:0.004985656040147145
years:0.028586864397184532
over:0.02571718913486356
in:0.002277944896083211
morris:0.12604735172727763
or:0.008645018688501094
few:0.029302916678285724
subject:0.00034226867810279864
steven:0.057519411895500264
will:0.029059111407776523
the:0.005798100076838869
wants:0.045135066187099344
an:0.011511514596945343
current:0.040541611842702795
hold:0.04448436683261564
is:0.003444520857572614
number:0.03208031856920202
convertible:0.23670080570796526
new:0.04420511704829607
206:0.07435960429085234
improvement:0.06536113171997157
pl:0.08098384458852399
planning:0.05940531089332835
