another:0.04348049667428586
there:0.017995666383865634
true:0.05065256455211464
someone:0.04320506107182392
that:0.006802051479107388
really:0.03826266163119463
me:0.021246836870677348
off:0.04281289113639903
student:0.07888269553271905
stealth:0.10412746881113288
two:0.03656449867947669
am:0.03204581091571305
a:0.0054764867680250785
ms:0.08196352788990367
buyer:0.220533046954703
russell:0.10250940952313281
it:0.006722655485097489
400:0.18003243037154523
500:0.08176033598724589
get:0.025772038731198477
if:0.013140204309086457
street:0.07819663686899227
yes:0.052291095500076254
or:0.01322179328829579
world:0.04943628801436621
weeks:0.07138362520261
still:0.04003351141626563
for:0.006379389468864196
subject:0.000523469742980751
i:0.007486223813544899
ago:0.05610128873264008
hello:0.07586844687552494
got:0.04337556513001126
can:0.01695227436152379
bought:0.0718251715464404
just:0.023027226734625213
new:0.03380391303693229
suite:0.10371026492000965
time:0.06194156744720446
grad:0.11590734842738641
1st:0.17650063335514596
told:0.060788622877041766
too:0.03828466407577444
late:0.0755713526594347
s:0.012165417271686633
