some:0.020014917859428927
at:0.010068171570907784
out:0.0067324405661740565
anyway:0.01742007898082591
with:0.006683741449023398
ron:0.04842626669971469
way:0.009899273254551677
miss:0.027576117518320623
into:0.010233165159899351
times:0.04817959099702331
ease:0.03285003337313675
my:0.005429795779030293
to:0.003937711885973802
technique:0.028748091697992088
then:0.018238632568866323
born:0.024559559760236976
make:0.010057602761998307
that:0.0039646242906797345
slip:0.06648855670612439
think:0.008227131585877458
quite:0.015178282183482293
like:0.013310160725813407
me:0.0061919353165973984
re:0.002136802873018117
wait:0.0209794274577721
so:0.005838917699342401
this:0.00599979929567336
off:0.012476899702607716
amount:0.02124809720929616
throttle:0.0692446944983174
something:0.011375207526648702
certain:0.01883608566720291
on:0.002897193287081657
you:0.015879971125963482
a:0.0031920094305060457
how:0.01503271996833285
horrible:0.02943858583023937
same:0.011097676288734927
also:0.008477126466740379
learn:0.021771509604127038
others:0.015407589846105121
skip:0.03366775247965489
are:0.003673779323435574
begin:0.02384696845451722
d:0.01041053841358306
race:0.024976169879140333
reason:0.015269782422905873
it:0.013714217189598879
have:0.008764296225388334
shift:0.08307236792154717
try:0.027844453398210203
transmission:0.027690789307182388
ve:0.02085867084602782
buy:0.017181949287108377
halcyon.com:0.03626624480602601
second:0.01571254729515581
feel:0.017407295338549587
usually:0.03768857991070415
heard:0.015443699196684998
found:0.015282974315754271
writes:0.007557284468772141
get:0.007510708430234984
were:0.01772918054254056
things:0.012769862446515711
if:0.0038294309700766245
of:0.0022221781207512987
never:0.025187876924135547
gear:0.029033865529847297
using:0.012596689020828118
sounds:0.020358311791776218
or:0.003853208329731916
and:0.006545098534127826
few:0.026121457153214702
for:0.003718272718995131
subject:0.00015255403938296168
until:0.01634951843065511
car:0.017477961942190798
i:0.007635948289815797
back:0.024072648229343286
the:0.0034457280456642423
would:0.01598827964750359
drivers:0.022470307191317176
did:0.01878755478220532
maybe:0.015130931899098995
shifting:0.06648855670612439
during:0.01673354005601412
btw:0.021438802973961914
people:0.008601560800417813
many:0.010589720157589105
about:0.011257327775107103
press:0.020499144918672378
is:0.00460581646098281
guys:0.02219814691137858
new:0.00985142608504884
right:0.022169983929031994
time:0.00902577125659265
window:0.019925672810429382
unless:0.017588922432802807
first:0.010728884739377378
accelerator:0.030284603544291595
art:0.026354238775236835
planning:0.026477795712454923
feels:0.02923264333604967
high:0.015984707575094407
