screw:0.030857489605323713
there:0.011330604760211697
know:0.0076165131213475415
help:0.013210448889146895
all:0.005889307596582044
small:0.036898097534148286
racing:0.03699353580747515
thanks:0.01230485583281582
with:0.0036100455357379463
much:0.010785165861481058
post:0.015941838298957903
my:0.005865520131668526
to:0.0025522206668348716
changes:0.05034455925600233
slightly:0.026726368249111423
make:0.021729388683329673
that:0.012848319460536177
jeff:0.05204295418309131
think:0.008887333503262686
like:0.007189130021658476
really:0.012045652735746456
nt:0.008815784589165907
could:0.00931548861312381
me:0.006688819014842868
anyone:0.020653268514091248
89:0.058408797705734435
ti:0.02338679664352878
on:0.0031296841064153698
you:0.0034308579593130975
performance:0.023401303911090222
am:0.010088496029020774
etc:0.028670666511830065
suggest:0.022662961759938996
a:0.0025861187515673983
other:0.017028493676937168
wondering:0.022215638900353683
want:0.011682703504396182
was:0.00546580946976164
part:0.015118655014896771
harder:0.03021197847001768
chip:0.019953113319773296
are:0.0039685887753162065
it:0.002116391541604765
not:0.0037216667196047215
fuel:0.02978901583769203
have:0.006311735964785838
made:0.014355429332827168
civic:0.07537568869429215
kind:0.01700942405532753
cam:0.037836594665535336
easiest:0.03686357649143914
heard:0.016683008391480705
be:0.010712245502545764
were:0.009575946280693203
things:0.013794604494692898
if:0.004136730986193884
of:0.006001252640917859
looking:0.016011637934608913
what:0.0056817413765224145
parts:0.02252280871244667
please:0.011823551585834905
up:0.008292965249088794
jackson:0.03227148077580107
si:0.06681831609478665
one:0.00606982041836804
and:0.002356774163523394
for:0.006024978942816185
subject:0.0001647960301976438
offer:0.02169854085673974
welcome:0.02582480362198402
car:0.018880514443724624
i:0.00824870957233188
any:0.025266352254044624
will:0.006995712005575829
suggestions:0.02442590352512887
the:0.0037222370863656934
do:0.0044340612278178804
hello:0.023884511053405996
would:0.04029967606623847
can:0.0053368271138130455
because:0.010893347524040208
injection:0.037687844347146074
increase:0.051910441150460326
may:0.011487811897776734
thought:0.01657152101970193
upgrades:0.07204650885541435
replies:0.027665482943281527
new:0.03192591786821383
engine:0.025191660615684296
does:0.007521535890972378
smith:0.02430702811399051
easily:0.022832807212317202
too:0.012052579431262323
header:0.09737283192315668
change:0.018345735234015354
e-mail:0.01697343072007572
difference:0.019797245968113497
honda:0.0892448126236066
give:0.014587878218246954
check:0.020427849164121537
summary:0.02655454850223831
