since:0.037052252285253356
cleaning:0.10022747414217997
at:0.016314166897304277
there:0.008497953570158772
thanks:0.01845728374922373
cut:0.03389829162781853
way:0.0481214672096262
remove:0.04090879986147806
throw:0.03947565348643343
my:0.008798280197502789
to:0.007656662000504615
that:0.0032120798651340443
dirty:0.04947491418695155
need:0.017788907328678112
joel:0.10113099570087317
had:0.028414971957076575
acsu.buffalo.edu:0.1004492554578599
big:0.025701671795069974
them:0.06786385053390004
a:0.006465296878918495
bigger:0.04316034122434211
looked:0.034490770411848934
removing:0.04712509455013582
buffalo:0.04745001417801794
are:0.00595288316297431
no:0.010423571631319534
it:0.009523761937221443
not:0.005582500079407082
ones:0.06282648111808993
should:0.015211223539198885
have:0.009467603947178755
cry:0.05338484220940105
laugh:0.04696681275977192
buy:0.02784112153003672
university:0.02176240834813568
second:0.02546014608011358
after:0.0178630897006014
found:0.024764078752379605
of:0.0036007515845507157
even:0.015547772664500237
boots:0.10740831730900893
again:0.02260989942692609
they:0.017276289342735993
now:0.015295503684057816
in:0.0016451824249489857
or:0.0062436246083619005
clean:0.040202242518299125
and:0.005302741867927637
subject:0.0002471940452964657
i:0.010605483735855273
away:0.025638736910404355
the:0.001395838907387135
thing:0.04192467472453623
once:0.024842881434489872
pair:0.09457225840975068
an:0.008313871653349413
just:0.010873968180239684
is:0.002487709508246888
white:0.06294387307075171
man:0.08050137052208885
first:0.017384766938805935
almost:0.027981416020968222
takes:0.033110183833145096
black:0.06536208067118403
s:0.011489560756592932
