at:0.012645430800781307
out:0.0056372110003849755
behind:0.01687915024401291
know:0.005903708735207186
all:0.013694753549946764
way:0.01657773033058893
mentioned:0.016818964683214536
sell:0.01665106363148597
dealer:0.02116060001554424
except:0.01542756659810437
t:0.012326665334930344
been:0.007020288934073872
that:0.006639322974822523
r:0.014833587400617847
talking:0.015596608518479752
re:0.003578378017015986
had:0.007341667395608302
this:0.0025118776955570287
best:0.034954680573609107
goal:0.020067589303157066
these:0.007926487909564319
on:0.004851759093198947
you:0.0026593253081757025
dont:0.023284051005265347
m:0.006549352689550584
beat:0.020793933862334118
a:0.0020045513768130073
other:0.0065995597503919175
same:0.009292312681955083
price:0.05990706606399929
below:0.017760162263339197
looked:0.017822981839615715
was:0.029656593008180382
as:0.011484892251918925
pointed:0.02069687801940825
let:0.011029367190204902
jason:0.021817687434368634
assured:0.02758642563930772
course:0.011704075597607746
andrew.cmu.edu:0.03899310437059579
based:0.014454081396653313
far:0.011910899866609577
others:0.012901091976403808
prices:0.020873021431478667
are:0.0030761310124460548
play:0.015320182931963834
base:0.018428879690971536
it:0.00328091320325332
not:0.002884736883138588
civic:0.029212587484390738
ve:0.008732697124533178
stated:0.0185746175258266
liked:0.024310652955613764
has:0.005094614707591153
ex:0.026250677396322687
500:0.039902173544014735
braking:0.030984710873371093
list:0.013931237305844878
be:0.0027677572111840733
5th:0.028283611338740224
comparison:0.04465981502341821
writes:0.0031639348852514943
down:0.011312753956713674
of:0.006512364109857276
even:0.008034255730937922
seen:0.012404138232642836
what:0.004404029200940819
but:0.00954951993660876
least:0.01151991570672958
street:0.019081475982385673
they:0.008927460521605202
cheaper:0.02109750430127652
over:0.00959780264363329
rest:0.015629812600348365
in:0.0017002842286554113
1500:0.026837291377625708
and:0.008220518493820834
for:0.004670079371943646
subject:0.00012773663584697749
car:0.029269314257257314
i:0.0027401728312736115
will:0.016267540835932313
than:0.020534946634729108
the:0.010098126449614107
do:0.0034369278416578786
less:0.013152466777972618
saturn:0.16409471820505095
did:0.007865603078674475
whereas:0.02407136864664409
maybe:0.012669440585369972
instead:0.014678154600883451
comparisons:0.0274269212361135
an:0.008592326684801308
cars:0.03657490003034934
10:0.01382952994208691
just:0.005619084035721942
note:0.014170761238653098
about:0.009425992156190157
is:0.0012855149611993488
issue:0.014982583767774416
right:0.009281691836317222
gt:0.02618972511987565
goes:0.015421182755936251
sticker:0.05675672150328121
first:0.008983515930100675
under:0.011613987689500666
words:0.01582707718424581
article:0.007754381629823933
admittedly:0.0277514312664425
honda:0.09223387333348816
lesser:0.028190701837031602
while:0.010384413903724988
summary:0.02058295147063448
