basically:0.07007511693299796
there:0.016388910456734775
tel:0.07259728713032815
all:0.017036925547255197
fax:0.05461863106934624
with:0.01044334601409906
mechanical:0.18890083967573185
class:0.07086017270837504
86:0.08536616731239403
talking:0.058208771077897646
responses:0.0792130112689449
anyone:0.0298734776721677
on:0.018107458044260352
vs:0.061010927590416826
3:0.04181189186852892
m:0.024443119859215573
more:0.022703911175370104
same:0.03468023840229665
as:0.02857550572203637
far:0.04445317985931074
are:0.01148056038573617
model:0.06533841984970624
not:0.01076625015314223
have:0.009129475234779515
university:0.041970358957118814
toyota:0.09502342545485701
which:0.023069505937812818
what:0.016436466124939843
years:0.039817418267507024
fairly:0.07007511693299796
aspects:0.08605749788704922
please:0.0342038456590224
email:0.09799638067742646
in:0.0031728518195444726
for:0.005809801123429892
subject:0.0004767313730717553
i:0.006817810973049818
any:0.03654597379602883
the:0.0013459875178375945
can:0.015438678436387738
ted:0.1602326474231793
is:0.0047977254801904266
levels:0.08188580411595092
recent:0.20346937974026896
their:0.027030064617530606
opinions:0.10198607698285864
