another:0.016186170294807144
at:0.0064304015507622705
all:0.006963998763841541
true:0.018856064176334647
watch:0.05611918015437006
with:0.004268812969266769
much:0.025506523643210675
into:0.013071561335637857
from:0.0061793595213881424
dealers:0.03593517866199203
chevy:0.04374418102781733
dealer:0.03228149929378647
my:0.013871741041318266
to:0.0030179543651624036
changes:0.029765761311942984
gm:0.07187035732398406
matthew:0.031286659422054705
been:0.010709783848331673
make:0.012847302798173019
think:0.010509109689989454
nt:0.005212252202353566
re:0.005458985442017088
so:0.00745847151375854
this:0.0038319886012512334
something:0.014530374577835932
on:0.0037007943448123352
you:0.02028463464995335
why:0.03897202730264248
paint:0.07124460981403102
a:0.0030580382317804272
how:0.009601189760796528
bigger:0.034024210600211297
question:0.015934204987935068
no:0.00821712216191613
dick:0.036841677787768555
d:0.026596266020102708
care:0.04621922542005689
it:0.0075077831329920875
should:0.0359739885160616
have:0.007463512600695662
made:0.01697503322567884
buy:0.021947745439736977
money:0.02262934136298635
doing:0.019567174490257775
selling:0.03043632945510613
be:0.00422234494260928
stick:0.030849119013536215
writes:0.00482673278115009
spend:0.029927716895704747
if:0.00489160890338255
of:0.005677097388780691
looking:0.01893346967450105
version:0.02277715772018675
least:0.017574177975959723
latest:0.03041128905293979
they:0.006809632295676961
one:0.007177451881573886
in:0.005187728522466875
or:0.0049219814430882134
rather:0.037569104422085595
and:0.001393421220769306
word:0.02240055851214174
for:0.004749618436672613
subject:0.00019486829848188537
car:0.022325863794769266
i:0.005573684883077224
example:0.020520869662466457
pay:0.02432731432115243
will:0.008272301787615214
the:0.0038512927517688838
do:0.005243196488368589
ss:0.0800933076763714
would:0.01361532330079381
roy:0.03678160115173559
maybe:0.019327832717827183
come:0.01752696112751393
cars:0.027898372650886908
finally:0.02654397427588398
about:0.0071898991264370184
arrive:0.04329253574520355
is:0.005883342194686071
issue:0.0228566423902544
engine:0.05957735795242126
production:0.07006825234455162
their:0.011048785537092803
trouble:0.027845415199199523
wishes:0.03808852254917344
nice:0.02306379165514422
already:0.021210119133557307
going:0.031792929694155946
