with:0.00740287818720946
though:0.03146258483051493
my:0.012028028624434193
to:0.001744555898849153
next:0.03390354460441994
that:0.008782395580619665
european:0.05609435886918978
smaller:0.05685116796259451
like:0.014742266626692065
nt:0.018077938018289583
so:0.012934311359302786
on:0.006417833230877088
am:0.02068780198356159
market:0.04950449639332939
why:0.02252813392600008
stable:0.06357998527741766
a:0.0053031802247331455
how:0.01665016452188765
looked:0.0471519392972112
question:0.02763273523224183
far:0.03151111483697977
it:0.01301982644582172
should:0.02079509040801873
only:0.01688020554771249
toyota:0.06735837753762015
even:0.02125518288311425
powerful:0.05824497958811887
in:0.0022491101505631703
compare:0.054553302706246996
bmw:0.05609435886918978
and:0.007249317996660567
for:0.004118340036861696
subject:0.00033793616319010504
offer:0.044495742010023265
car:0.07743400860464277
i:0.007249317996660567
offering:0.07046119346208833
sought:0.07364238875678333
pay:0.042187874202504846
currently:0.04555612027667464
than:0.03621775398023952
the:0.003816470936653433
less:0.03479576653919338
would:0.011805691722840203
extra:0.049173110246724695
an:0.011365799222300464
thought:0.033982106394831804
is:0.017004596638649616
solid:0.05703243446607235
does:0.03084781808449431
advice:0.049238697066243654
vw:0.22230821604899084
remus.rutgers.edu:0.08241640370058011
thousand:0.0590040107877082
very:0.022066360655486675
opinions:0.036146963993924586
three:0.0369428861578794
