transmissions:0.060093415057026714
expensive:0.019853366637925925
out:0.017326133810006764
there:0.017995666383865634
traffic:0.02144627579110736
all:0.0046768030914033885
anyway:0.014943695204139872
means:0.013895074609993886
take:0.010420338874194624
own:0.011110248213470566
your:0.012352276688051594
with:0.01433400433307714
ca:0.020162241138160012
mechanical:0.025927566230002412
except:0.01580569323041085
my:0.009315826091473542
to:0.0027023512942957466
gm:0.024132938611239746
then:0.007822942891057859
important:0.015403771043986384
make:0.008627845506616194
that:0.001700512869776847
motors:0.030291856648977385
williams:0.026138435764726384
roads:0.02242765805616522
technical:0.018807584524114216
think:0.007057588370238016
grand:0.024582287574601625
nt:0.014001540229851735
clutch:0.02534446847087807
need:0.009417656821064883
re:0.0018330416802851497
so:0.005008875477377059
this:0.007720329976050279
two:0.009141124669869173
these:0.01624152914802885
on:0.00497067475724794
you:0.010898019400171016
tell:0.011813848302070848
m:0.006709876039784667
a:0.004107365076018809
christian:0.015714913584493017
as:0.007844256472715867
rec.autos:0.030291856648977385
drive:0.027684350478490084
ride:0.020699507533352365
lose:0.020611498692094544
are:0.009454579141194493
no:0.016555084355625145
manual:0.05778819701298181
it:0.005041991613823117
flame:0.020576732867048017
have:0.0025061304566061414
shift:0.047508707144675665
only:0.006536942344457287
transmission:0.0712630607170135
minimal:0.02534446847087807
real:0.012537224774501213
facts:0.019853366637925925
war:0.01733737801751479
has:0.005219482715130152
mileage:0.026247372709749476
be:0.005671188795465405
which:0.00633280555155646
stick:0.020717300513992457
making:0.015071603876825507
if:0.0065701021545432284
whatever:0.01620078715075178
of:0.0009531401253222482
safe:0.020356573275475354
opinion:0.01622211551268475
available:0.013240508959873677
but:0.009783576797800151
advantage:0.02089887537517064
loss:0.0417240367070665
they:0.004573135414253645
up:0.0065855900507469835
in:0.005225873585132073
fully:0.020576732867048017
gon:0.023433849850461107
point:0.021583685894706477
or:0.0033054483220739477
and:0.005614667860158675
few:0.0112040563769916
still:0.010008377854066407
for:0.003189694734432098
subject:0.00013086743574518774
half:0.03707493611365702
however:0.011750484824494672
i:0.005614667860158675
eliot:0.029274016625554615
power:0.02648877725657394
normal:0.03698394778939748
the:0.0018474338480123848
do:0.01056349880744848
see:0.008673459614760667
when:0.0064101688374692935
automatic:0.022581659018093548
can:0.0042380685903809475
country:0.01652330445107908
na:0.021364232691325383
maybe:0.012979966089913354
auto:0.046324574412787034
may:0.009122674154116817
an:0.00880292292707585
cars:0.01873567182927209
shifting:0.028518376038166097
just:0.011513613367312606
long:0.011668192377983258
religion:0.017409466975307417
is:0.0013170226808365878
deal:0.016158406822355437
either:0.01227236621133999
write:0.015951832965625065
right:0.009509184283285782
mostly:0.020005142253631647
heavy:0.021969648219664743
wanted:0.014927254850716188
stock:0.024352466075097456
nothing:0.012523803928926023
bad:0.013434318856599922
s:0.012165417271686633
share:0.020005142253631647
