some:0.0212279431842428
round:0.08001241258180435
mark:0.054611344805312545
true:0.04696874167559721
employees:0.10120789606372686
though:0.04519171275655781
response:0.06384724641140621
to:0.005011633309421203
direct:0.07261410222862134
that:0.006307356826081396
huh:0.09088933301931712
re:0.006798918232330373
tail:0.10334940580293382
set:0.048171174256834925
vs:0.06212021718296986
a:0.002539098410629809
let:0.04191159532277863
watson.ibm.com:0.10610485849615567
straight:0.14533315008957487
are:0.023378595694590016
not:0.010962000155926634
only:0.024246113423077937
argue:0.07744734715889698
motorcycles:0.10022485567699457
writes:0.012022952563955679
get:0.02389770864165677
were:0.028205514499496345
please:0.034825733761913724
in:0.006461080068890563
our:0.040541371326916244
bmw:0.16114379456967245
or:0.012260208321874277
subject:0.00048539921621851447
i:0.003470885586279908
actually:0.04444207503820154
the:0.004111380054485744
ibm:0.07164485580217576
would:0.016957266292806836
cars:0.06949231005766375
just:0.02135251933574338
record:0.07012087994975627
is:0.004884956852557526
light:0.06349481246920533
although:0.057449808304631964
terms:0.06998434500389934
article:0.029466650193330945
s:0.011280659651927606
