large:0.015354021127628592
at:0.004517769294638108
out:0.006041933841438256
say:0.009730999868038685
mustang:0.029566989531360582
surely:0.023007764758200107
saw:0.0522673935866993
pressing:0.031071337274886007
seals:0.062142674549772015
floor:0.02520947034545553
tongue:0.03143347864521397
from:0.008682792353130006
adequate:0.02775530053168061
both:0.011516431191324297
my:0.004872893647847699
to:0.0007067688000465799
attractive:0.03011696661009698
band:0.025555323067483905
track:0.023332285014341234
that:0.0017789980791511632
problems:0.014067042235342426
quite:0.013621535292868725
really:0.010007157657389364
months:0.017414330974255487
consider:0.016514687582416376
re:0.001917643603990618
prefer:0.021059118487394057
this:0.0026922176326739434
lh:0.12475692896056349
off:0.022394435363654878
two:0.009563022731555444
big:0.014234772071115679
on:0.015600271545824307
you:0.0028502512277370352
am:0.00838121208564803
more:0.006520097568311414
sure:0.011189969334149761
a:0.0028646238478900413
how:0.006745451267841663
vision:0.024450905575831825
low:0.017414330974255487
price:0.01605202154791776
was:0.009081652657450109
jason:0.023384085506579715
turns:0.022634639864444063
features:0.02218280772336577
panel:0.02528433598351272
are:0.0032969814441088487
boyle:0.0633798846809373
d:0.009342790883984797
it:0.010549397838152985
not:0.006183692395650922
frame:0.02478187235089629
only:0.006838647375739931
kind:0.028261812276544205
between:0.011912132543827721
against:0.013247593805937674
expect:0.017724210682863527
craig:0.04682036659785144
quality:0.019713660720894102
dodge:0.029743841716340938
writes:0.003391089184705448
were:0.00795540152549897
end:0.013867863602951329
of:0.005982787248176574
but:0.006823417664106772
savior:0.03143347864521397
brief:0.0261892407903925
must:0.011884412448612805
up:0.00688954036078146
accept:0.018318522926475556
good:0.00830774282748461
one:0.005042620039874987
in:0.0009111779584332844
door:0.043384331242389364
and:0.006852774106244946
still:0.010470302985792549
subject:0.00013690747124111947
i:0.008810709565172074
back:0.01080182933367968
room:0.020451428104197977
fell:0.02567599228497208
will:0.005811822281555305
unfortunately:0.01888150297859465
later:0.016386728353629247
than:0.007336416831894672
the:0.005798100076838869
thing:0.02321981984743545
when:0.00670602278381403
around:0.012139458631557106
would:0.0047828186979711595
auto:0.024231315846688604
may:0.009543720653537594
come:0.012313813715227736
ny:0.021544581187604713
taurus:0.030415781523553266
an:0.004604605838778137
cars:0.07840158057787705
thought:0.01376710977021391
just:0.01806751636101363
record:0.019777684088392793
competitive:0.030625125085195597
many:0.009503595013220992
is:0.0013778083430290456
cactus.org:0.03168994234046865
lack:0.019894979789244035
window:0.01788201406064175
2:0.019983687713799065
goes:0.016528344594823982
build:0.019136579810350537
drove:0.027070524159247163
experience:0.016985757819462297
first:0.009628486304569441
easily:0.01896879368407891
nice:0.016203792085921837
show:0.03087249917676751
article:0.004155553232392826
very:0.00893970508606896
lots:0.01871125646880185
by:0.005079156281113672
visited:0.029743841716340938
buying:0.020570348334551364
rubber:0.057380565748427426
s:0.006363449034420701
