taken:0.01872091647590148
some:0.006633732245075876
since:0.011368304678430008
out:0.006694188062957159
bright:0.029875755249150347
uiuc.edu:0.03256946896788478
behind:0.02004399091476533
all:0.005420839946853927
where:0.010496913626328193
way:0.009843027383787178
c:0.014693736905846364
work:0.011506093545399453
prejudice:0.03186928351093053
automotive:0.032386168614372164
to:0.007047609341373567
lights:0.11155969248614413
enough:0.013819025721235206
mail:0.01741088355020373
that:0.005913147024451309
think:0.00818038652004861
uxa.cso.uiuc.edu:0.025332984884840593
really:0.011087475813584807
nt:0.012171793495268837
could:0.008574483837079871
re:0.002124661947603242
so:0.005805742030596137
telling:0.024397865441055756
he:0.018069695540002675
path:0.025204139949209742
tail:0.032296689313416824
these:0.00941270439260763
on:0.0028807319615868745
you:0.012631795213834588
a:0.0007934682533218154
want:0.010753397543819213
quick:0.046128127502173814
was:0.0050310291710306005
red:0.020526244062173588
driver:0.02090787271867268
dumbest:0.03393124654325649
brake:0.031028828226404268
others:0.015320046721979523
are:0.025570339040957832
boyle:0.0702220313226294
no:0.006396282591946079
concepts:0.02872504920306243
rush:0.029016488375718963
1981:0.031172679408133192
whether:0.016235560141374002
university:0.013354205122719624
able:0.014985597875628802
anger:0.03042309109539144
craig:0.05187483799193768
cka52397:0.03442562936706121
neil:0.03170693480386203
without:0.012768241390923267
intent:0.02805582740956025
be:0.003286711688281087
writes:0.00375717267623615
get:0.02240410185155322
were:0.017628446562185218
if:0.007615345679129651
of:0.0077334323804555145
backing:0.09585669370474305
defines:0.031627467519914645
well:0.01912349897901528
they:0.010601359369406179
up:0.0228998926764611
direction:0.02510312718772517
good:0.009204601428178973
in:0.0020190875215283007
moving:0.024096486259325752
and:0.004338606982849885
for:0.005545719254183079
subject:0.0001516872550682858
car:0.05213596602073959
i:0.0010846517457124712
back:0.011967935909474646
news.cso.uiuc.edu:0.026054574036893475
reverse:0.08547931815713747
uiuc:0.03417306253427237
the:0.005139225068107179
do:0.004081351811968731
see:0.03015998456950868
original:0.0350700910599259
judge:0.02478671294988092
typically:0.02948375029751994
maybe:0.015044960695126841
rid:0.026234964368226317
cars:0.021716346893019923
is:0.0015265490164242267
ignorance:0.027419435032421075
cactus.org:0.0351110156613147
white:0.03862464938432491
time:0.00897448846536201
sides:0.02587973506719601
their:0.008600475105577921
illinois:0.0273819311458793
warn:0.032954824628900474
slow:0.0233325460513741
although:0.01795306509519749
article:0.00460416409270796
very:0.009904786885133224
useful:0.02178572282430931
already:0.01651014955282586
understand:0.017023620812134394
by:0.005627474288733898
