another:0.011199521870649388
since:0.020210319428320016
go:0.009825415413101652
say:0.009583560476098705
all:0.004818524397203492
with:0.014768368100746145
though:0.012553253543488282
into:0.0090444641564767
such:0.009712208098322217
beast:0.027334765675139996
turn:0.01728019259956826
trick:0.025090419592524654
except:0.016284653631332392
my:0.004799061925910613
to:0.004176361091184336
competition:0.02635417974362001
then:0.00806000176654446
100:0.05118957725501624
next:0.013527171837117049
m5:0.03484172436037673
that:0.0017520435628003881
think:0.007271454684487653
bit:0.013763051505331818
nt:0.007212914663863016
me:0.010945340206106513
re:0.0018885883978695484
avoid:0.019529037844561108
so:0.005160659582752122
off:0.011027562868466418
chen:0.02832825200971603
on:0.0025606506325216664
you:0.008421196809223059
tell:0.012171843705163905
theodore:0.027456470481094848
sure:0.011020424344238403
a:0.005642440912510688
viper:0.031475669140791966
series:0.018117931114988214
was:0.004472025929804978
as:0.004040980607156659
running:0.015290204103266172
idea:0.014001900481114932
let:0.011642109811882954
boost:0.029034120405550163
based:0.015257085918689609
are:0.0032470271798041694
no:0.011371169052348586
manual:0.019846451499407895
model:0.01847955308880581
yeah:0.01997082042519269
it:0.005194779238484424
not:0.012180000173251817
catch:0.04894836493693856
neat:0.026454193012792636
conflicts:0.02929317744791153
exists:0.018846631631405833
selling:0.021059480481563336
has:0.005377648858012884
open:0.016691720094713956
tested:0.023925024892022487
be:0.0029215215006942997
writes:0.0033397090455432443
style:0.023185994820577795
keeping:0.021111817789823673
trying:0.013617819308426244
even:0.01696120654309117
reasons:0.018366285231293463
but:0.0033600162739919714
year:0.012498791496008344
never:0.011131006216474044
gear:0.0256612447864812
version:0.0157599525639676
sticking:0.02975685193908892
fact:0.0121124602456002
eh:0.025168121202825057
well:0.008499332879562348
they:0.00942343055058327
up:0.01357030677123621
one:0.004966216705937488
in:0.002692116695371068
5:0.0131256206409984
nissan:0.02938256925144386
speed:0.016961945287301924
tires:0.026556226888133642
or:0.010216840268228566
use:0.008397876402764385
p.s:0.022903195480403173
and:0.0028924046552332564
gets:0.016855133042387904
for:0.00657270430125402
subject:0.00013483311561625404
station:0.02088883907965736
v8:0.11057883939503055
costs:0.02078915482289816
car:0.015447693635774695
i:0.0019282697701555045
6:0.014840149659389873
eliot:0.06032221607690042
review:0.021826462043731246
blah:0.09526897486411544
the:0.005710250075674644
would:0.0094207034960038
can:0.008732989822603166
1000:0.02359907276506506
leland.stanford.edu:0.05098292784772012
maybe:0.02674659679133661
wagon:0.0316140477983077
rational:0.025792434111750192
450:0.02985492307978135
fight:0.0215131519885825
development:0.01963264158109193
cars:0.019303419460462157
just:0.011862510742079656
s4:0.10374800195404608
is:0.0027138649180875143
either:0.012644256096532113
fat:0.02751844064569997
marketing:0.025013895324743837
strip:0.027099816101226398
dead:0.03465941550314279
taste:0.026018952122686314
article:0.0040925903046292985
bad:0.013841419428012041
letter:0.020611358685559883
remain:0.02268304176285337
while:0.010961325787265266
