looks:0.08557763685934727
week:0.05746398007342639
inexpensive:0.045613771250450096
out:0.009818142492337166
say:0.015812874785562862
honor:0.04490627588556271
help:0.017834106000348307
saw:0.02831150485946212
watch:0.032034698671452914
own:0.01888742196289996
with:0.004873561473246228
interior:0.09324341934119457
achieved:0.045003742883589305
my:0.00791845217775251
to:0.0011484993000756923
motor:0.041992327981564805
next:0.022319833531243127
she:0.02762618737415402
that:0.00867261563586192
jeff:0.035128994073586634
bit:0.022709034983797498
really:0.016261631193257714
its:0.01723187130028475
me:0.009029905670037872
television:0.043566499047331446
re:0.0031161708564847544
this:0.004374853653095158
93:0.03050846246503668
off:0.018195478732969585
best:0.02029313399967862
on:0.004225073543660749
a:0.004655013752821317
was:0.014757685568356426
as:0.006667618001808487
wife:0.0673497004523995
needless:0.04848123926488236
perry:0.04055305550083715
results:0.03052569790723717
it:0.005714257162332866
civic:0.050878589868647205
keith:0.03283722557599722
has:0.008873120615721259
writes:0.011021039850292706
were:0.012927527478935826
of:0.001620338213047822
what:0.00767035085830526
well:0.014023899251277873
must:0.01931217022899581
they:0.007774330204231197
over:0.016716172937661315
one:0.008194257564796853
in:0.0029613283649081745
better:0.018635132260845025
and:0.003181645120756582
for:0.010844962097069134
subject:0.00022247464076681915
car:0.05097738899805649
i:0.011135757922648037
person:0.023376620325615424
top:0.028180268551394293
informed:0.04255751628438781
than:0.011921677351828842
the:0.006909402591566319
see:0.014744881345093134
when:0.0108972870236978
her:0.027553406707747734
wants:0.058675586043229144
last:0.018168021267162483
cars:0.03185064210976255
thought:0.022371553376597603
just:0.009786571362215717
is:0.004477877114844399
convertible:0.20514069828023654
gave:0.030932282608649102
time:0.013162583082530946
lot:0.020654611568878257
category:0.04348439657697301
show:0.025083905581123604
honda:0.04016016568062297
by:0.008253628956809717
