tips:0.10150388069931
longer:0.06061091086382456
my:0.016968111809469666
stevens:0.21182419275331738
front:0.0628026951672488
been:0.026200721200382842
re:0.013355017956363232
prince:0.09774379553667878
on:0.009053729022130176
you:0.029774945861181526
harvey:0.19930073305284704
a:0.004987514735165697
want:0.03379639228057467
removing:0.09088411091811907
whole:0.05342706205405875
wa:0.08954976187890591
no:0.02010260243183053
d:0.03253293254244706
place:0.04856120745207902
instrument:0.09445041983786592
not:0.01076625015314223
have:0.009129475234779515
domain:0.07970005444608166
uucp:0.07560051084528702
sports:0.08570848724288904
coat:0.11177824042973077
without:0.04012875865718741
if:0.011966971781489451
year:0.04419215564660092
must:0.041383221919276736
in:0.0031728518195444726
subject:0.0004767313730717553
summer:0.0803708241170754
valid:0.07667900567188951
any:0.018272986898014414
yet:0.04696551326225292
the:0.004037962553512783
wrong:0.047203965300533224
friend:0.062021418208800104
here:0.03215001617184635
division:0.07076013243072023
handy:0.0937139384354722
keep:0.0473109747165343
206:0.10357230597654433
hewlett-packard:0.10779353415626274
lake:0.19004685090971402
rain:0.10150388069931
