blown:0.02749363829728329
perform:0.02375364590142999
expensive:0.02066370813335147
go:0.009925674754051669
at:0.004494719451298117
surely:0.02289037820331133
small:0.03049740714557154
with:0.008951439440656336
much:0.017828539485305422
often:0.01585367545040156
to:0.0007031628367810361
psychology:0.028543903879957516
w:0.015787453341986498
been:0.007485920342966526
make:0.008980002466069916
that:0.0017699215583391673
cold:0.02254158359714097
quite:0.013552037663823475
v:0.019625756703581694
like:0.005942036038309556
joy:0.029416137543955678
australia:0.023668845486960393
anything:0.011843067093466345
re:0.0019078597080518904
flat:0.025192987877972466
scott:0.09750196564213028
anyone:0.008535279334905057
derek:0.05624864349219083
starting:0.02000776521876131
on:0.002586779720608622
western:0.020870039610690814
you:0.008507127388909007
performance:0.019341894048962326
traditional:0.025464643564292934
great:0.025727047844210985
them:0.007478873324144085
fun:0.042002578111569745
more:0.006486831764391458
a:0.009262527365307723
hard:0.013797109196813822
other:0.007037285652203626
low:0.017325482346835813
old:0.01350976062419553
handling:0.024621533498500554
local:0.015593793122020163
wife:0.020617255240530458
oil:0.022866368555161262
fisher:0.061372030673795284
town:0.022724636085227203
far:0.01270090853123164
mazda:0.06206020700844357
are:0.006560320220420668
corners:0.028922005778700993
it:0.00174926239663251
not:0.0030760714723263513
should:0.008381694603232038
have:0.00782526448695387
ve:0.009311906627690991
buy:0.015341026149203907
university:0.011991531130605375
real:0.013048948234684934
open:0.01686204376914981
yourself:0.01788915648660506
free:0.014732182623085384
writes:0.003373787709273277
battery:0.024046947385703874
were:0.015829625484411212
of:0.006944306627347808
converted:0.02587967233701718
department:0.017694263177004777
what:0.009392266357108481
ph:0.027991793754242045
fairly:0.04004292396171312
well:0.008586060766088493
they:0.0333185580181337
who:0.01319441708401886
up:0.006854389644655023
now:0.008428134683052266
in:0.003626116365193683
world:0.012863523922105493
streets:0.02819189943359552
and:0.006817810973049818
for:0.006639772712491305
subject:0.00013620896373478723
car:0.031210646325340707
outside:0.018391713150415944
i:0.0019479459922999481
back:0.010746717959528251
power:0.013784975919237458
gravity:0.027613691855498564
pretty:0.014683775800610338
the:0.0019228393111965637
seal:0.030159565152024014
would:0.00475841656175702
can:0.004411050981825068
because:0.018007370396882792
regards:0.02106820202556971
bought:0.03737840560069857
an:0.01832445180738238
cars:0.019500393128426052
thought:0.02739373882848686
people:0.03071986000149219
many:0.009455107283561701
e:0.01587188620435626
n:0.018678650488797965
is:0.0013707787086258362
today:0.014485338090807922
done:0.013513589548064787
lack:0.01979347479031932
engine:0.020821678672147223
turbo:0.02534644428224429
center:0.016666483844249024
lot:0.01264568055237444
fool:0.02523092144168429
run:0.013657318512180584
light:0.017817421866358638
61:0.025751580902674955
superior:0.025709588560141713
too:0.009961825856451513
remote:0.022987562871529157
s:0.006330982457714472
driven:0.024016846762605973
