some:0.00488509152775462
24:0.015326710246311548
all:0.003991915609398707
send:0.012273418915800093
swap:0.04452980607089533
thanks:0.008340529895046706
monday:0.06345952292559398
your:0.005271682937996914
from:0.00708428664795126
to:0.001729957104716524
denver:0.024652120016483703
gm:0.02059882626231342
city:0.015396592462286158
thursday:0.06549950948832756
wednesday:0.04383205202119616
13:0.016475893533332477
bit:0.011402025933287445
grand:0.02098237098417879
could:0.006314264248226181
finding:0.018655252467497673
me:0.013601531553195122
australia:0.03882086791166725
anyone:0.006999643303938875
this:0.0043931584800955565
muscle:0.02365458435353392
30:0.0143226170475895
reply:0.015025926859226544
cal:0.022450893673819354
hi:0.013184170125583282
drag:0.021833169829442514
sunday:0.0747752635119141
on:0.004242751675642593
you:0.006976556352410734
american:0.013502239403297972
tell:0.020167573670480776
performance:0.015861971688688768
machine:0.013610039139432413
am:0.027352909735587707
etc:0.02915051030282304
them:0.0061333019729382455
28:0.018504457754178857
particularly:0.01680795102569281
a:0.0005843113497265251
wondering:0.015058299170951032
was:0.003704858301679437
austin:0.02094903136221571
private:0.014852222274788917
usa:0.030498926242918195
also:0.018621302908111714
21:0.03394312151593577
california:0.01665049885741814
scale:0.020247506680232525
others:0.011281708046311279
are:0.005380011561516531
27:0.018485984874642803
model:0.03061884110111757
texas:0.01660322038355231
have:0.0021391239043834845
selling:0.017446766256692635
shows:0.03233652416418335
june:0.19230444896906054
ford:0.020002114516711574
sun:0.015181976167777578
anybody:0.012717971317626338
be:0.004840679976045785
14:0.015622815145425387
if:0.008411929955189237
of:0.004067794677107503
oklahoma:0.025351091082019963
year:0.010354647348157539
2nd:0.018270447073596326
particular:0.014188499782777433
san:0.03379050572054011
please:0.008014290196256296
email:0.011480747527062513
1969:0.025646562074546964
in:0.004460578290238254
visit:0.020538186064394733
weeks:0.015232489059971172
and:0.003194957443437572
for:0.00136129231343964
subject:0.0001117027485021686
car:0.06398835439086588
i:0.006389914886875144
period:0.015861971688688768
6:0.04917739970810367
appreciated:0.014162184599063777
info:0.012323830374026767
any:0.017126146716130664
information:0.02040854631367167
angeles:0.019820731918914022
will:0.009483726735592337
the:0.0009461334853419074
interest:0.015283619232920022
when:0.0054714411834465935
can:0.0072348618614034585
collection:0.020136663100956475
needs:0.014014002354265049
may:0.10901404763245871
7:0.01335367585326906
cars:0.06396781678948127
10:0.03628081704472173
places:0.01596159783385077
makes:0.011686099925740477
during:0.012252592091223724
eg:0.021153174308531326
meets:0.07634184460452892
south:0.018082173575978182
interested:0.06018987898357573
is:0.0033724597517656558
tuesday:0.04203195679427611
31:0.01950341779175292
9:0.02979777117677846
friday:0.08340230959262529
2:0.008152341222156521
1993:0.012676384113013124
1:0.008194660635668236
1960s:0.028065297851848883
1970:0.023916175805338665
chicago:0.017668198898761013
models:0.03734897948937718
reno:0.021632935431209734
meet:0.017950379989955714
lake:0.022264903035447665
by:0.004144081484590653
high:0.011704283789295068
john:0.01121957489364789
diego:0.021711883064282463
