fast:0.049739970356400535
vehicles:0.0714130473723206
add:0.0490888630921674
80:0.22838066442647478
enough:0.034744978956248514
that:0.004955780363349669
roads:0.06536060347796721
nt:0.010201122167463408
re:0.010684014365090587
so:0.014597294248356001
spec:0.07497115074837776
speeds:0.14215902720187
a:0.007980023576265115
was:0.025298889545753874
said:0.03130721183804903
military:0.055311979467579576
exact:0.0610135195763324
it:0.004897934710571028
not:0.008613000122513783
rush:0.07295574220180767
dodge:0.08285784478123547
ford:0.06829293384991524
be:0.008263732244821019
writes:0.009446605585965176
were:0.0443229513563514
of:0.00833316795281737
safe:0.059324870688528174
but:0.009504046032148718
clear:0.04711072488838019
in:0.007614844366906735
or:0.00963302082432979
and:0.0027271243892199276
still:0.029167272603279244
for:0.013943522696231742
subject:0.0003813850984574042
i:0.01090849755687971
will:0.016190076355761206
the:0.003230370042810227
forget:0.054845904791635626
here:0.025720012937477086
current:0.045174938910440256
1993:0.0432807971858591
guess:0.04280224661336648
too:0.027893112398064236
designed:0.1122742113395075
article:0.011576184004522871
s:0.01772675088160052
