bottom:0.020029080927897413
seemed:0.01883519150148971
go:0.00868496540979521
at:0.0039328795198858525
round:0.0196459048749966
there:0.012291682842551081
know:0.005508371096688847
technology:0.015034230740254208
porsche:0.02747420066253168
small:0.01334261562618755
racing:0.026754253575048993
saw:0.01516687760328328
corner:0.021881508838891645
hand:0.014094818997556578
with:0.00522167300704953
floor:0.02194574427394566
missing:0.019275211890130574
super:0.022459446639056316
former:0.017816508583689994
compared:0.018405306365685808
4:0.011090488857940532
times:0.012546768488808153
from:0.01133802126468985
hair:0.024379793606460493
my:0.0042420279523674165
to:0.0024610699287336262
famous:0.022459446639056316
most:0.008288372606995704
boot:0.021913511024064025
day:0.011354031409655678
make:0.007857502157811176
that:0.0030973627270935427
like:0.005199281533520862
nt:0.0031878506773323147
along:0.015598042014023369
could:0.006737094443419899
its:0.009231359625152544
anyone:0.007468369418041925
alpha:0.02517146331754494
this:0.004687343199744812
appeared:0.021229928871824323
upper:0.023339195918213273
something:0.008886880880194297
two:0.008324952824345139
on:0.002263432255532544
size:0.016075344361901195
beat:0.019401482934052815
a:0.008104711444644258
looked:0.016629478591427164
was:0.019764757457620213
as:0.003571938215254546
old:0.011821040546171089
austin:0.022351868283792656
red:0.016127763191707816
foreign:0.019704262381993715
internet:0.012752383674618777
model:0.03266920992485312
it:0.0015306045970534463
made:0.010382051571062506
left:0.013055380283484649
sports:0.02142712181072226
atlanta:0.02136988659452109
ford:0.04268308365619702
be:0.0025824163265065684
which:0.011534752968906409
noticed:0.018108049201581808
certainly:0.013731059273462682
down:0.010555203468540884
were:0.006925461149429907
if:0.005983485890744726
of:0.006076268298929333
georgia:0.021456016964765193
institute:0.017377043972916544
what:0.004109116531234961
never:0.009839014423490448
together:0.015888242149331388
they:0.008329639504533425
removed:0.020613186289320674
one:0.013169342514852085
rest:0.014583173363717896
in:0.0031728518195444726
thomas:0.032892901910974104
u.s:0.015748850004458474
70s:0.028070322951034014
or:0.009030957022809177
and:0.005113358229787364
for:0.001452450280857473
subject:0.00011918284326793882
car:0.01365465776733656
60s:0.06028623168895283
outside:0.0321854980132279
i:0.002556679114893682
6:0.013117632288210689
voltage:0.023081569500263955
rare:0.022644713294890033
body:0.015846790730689963
graham:0.043511491990580645
driving:0.01869244907009455
blah:0.3929845213144762
the:0.005720446950809777
regularly:0.022178138746963755
older:0.019723885647498347
boring:0.02544627533986384
would:0.008327228983074786
an:0.012025421498594688
cars:0.017062843987372796
just:0.005242806086901276
here:0.008037504042961588
about:0.004397393662151212
including:0.014196284404152812
e:0.02777580085762345
prepared:0.0212575715961454
is:0.0011994313700476066
deal:0.014715691927502272
either:0.011176619228184633
win:0.015131586623340808
mg:0.02573912035096122
repair:0.022838002606288803
right:0.008660149972278123
type:0.014466573706837928
does:0.005439682206863952
run:0.011950153698158012
automobile:0.050751940349655
sold:0.018332714754651074
trunk:0.027048708788405228
late:0.034411955228849725
wall:0.020029080927897413
leave:0.01577313448345766
metal:0.022387440469726478
three:0.013028964314609252
side:0.014376625350764255
north:0.01792033386120904
identify:0.02224682142035429
s:0.0027698048252500817
