preference:0.042777809987669564
there:0.006849096907292145
behind:0.026326435828348493
all:0.014239818367855091
probe:0.04154055435451476
corner:0.03657804462620693
ncsu.edu:0.04411399081937841
where:0.013786991031595237
with:0.004364383408877219
eos.ncsu.edu:0.04341603516258122
much:0.013038782608656204
my:0.007091151203957472
to:0.005142534179443398
everyone:0.022817259384426143
day:0.01897987340121546
t:0.01922591832089882
latter:0.0346612191884717
make:0.013134928980221668
that:0.0051776809766339825
nt:0.010657888831678187
re:0.0027906007670012727
happened:0.025166424617450976
consultant:0.04290116298730546
something:0.014855681471369573
on:0.011350943848640818
you:0.00829550730460779
m:0.010215035165045313
a:0.0020843345161886493
how:0.009816141770366599
hard:0.020180846287876933
air:0.057524462472107005
other:0.010293343192775454
want:0.014123865430687922
was:0.00660791891120437
rear:0.035351902452391434
corners:0.04230382934795071
no:0.008401087583451566
pressure:0.03284091561193462
d:0.013595852405798772
it:0.007675867829999372
not:0.004499328422208693
have:0.0038153030831914393
probably:0.01781510235096424
follow:0.028186509794158845
bag:0.07910157642165715
expect:0.02579269465043573
hope:0.021555683116716757
real:0.019086521298494384
chuck:0.07437743280834867
has:0.00794607816333247
personal:0.025029070680565042
toyota:0.039711282279641734
ford:0.0356754132051796
be:0.004316875053264712
writes:0.004934793962817629
of:0.001451049146012975
plate:0.03858411617954572
find:0.015794378639353658
up:0.020051647318692307
in:0.003977903773757249
and:0.0028492344364984316
for:0.004855953177792149
subject:0.0001992310215822261
space:0.022817259384426143
i:0.005698468872996863
buttons:0.08580232597461092
pretty:0.021477761618803184
the:0.005625022462604872
horn:0.134170585092783
waiting:0.032649554189447025
magnus.acs.ohio-state.edu:0.03433845811538351
when:0.0195175289976677
around:0.01766563009816146
would:0.006960071985853552
can:0.006451985018191891
because:0.013169569394735178
put:0.018563129101095366
come:0.01791935577962245
just:0.008764093757208104
people:0.011233381642336697
head:0.025767609966087186
f:0.027733068794080953
is:0.002005019603661671
else:0.01885486735326908
gt:0.04084815335861203
center:0.024377842040841854
does:0.009093200106996456
article:0.0060472603008701565
little:0.03500505525221588
opinions:0.02131052354865703
takes:0.026685819805818436
black:0.02633994295704431
john:0.06003309849810102
s:0.0046301214989255095
