tv:0.02936946555233847
another:0.01718996380146185
some:0.009050673450646156
read:0.017573667146495518
out:0.00913315580682527
folks:0.0287070996146882
know:0.009564923454715518
take:0.016478675428958943
saw:0.026336283590197324
where:0.014321370528943889
own:0.017569694849209266
your:0.00976691645101754
damage:0.03449203764471838
worldwide:0.04679409234690476
florida:0.07917677448258198
wrote:0.019965697478239234
to:0.004273485767723507
stop:0.05153415681520368
then:0.012371165502138008
us:0.04790410200430223
perhaps:0.022391174710387946
make:0.013644034754648865
that:0.0026891831429029208
guy:0.026250625945340073
nt:0.005535492649011151
rise:0.03845192620104389
re:0.0028987635874276785
national:0.025226154457267547
this:0.012208893915614395
getting:0.021024818389338652
on:0.007860601941694417
you:0.00430851929774203
a:0.0010825613378654226
was:0.006864039799235547
said:0.01698840952452273
across:0.02991600094444839
third:0.028316162764867328
are:0.004983809159699423
brian:0.028961841199835494
police:0.028492898539788307
not:0.004673720996712906
have:0.007926366095312448
being:0.01508375139476859
expect:0.026792411497351846
boi.hp.com:0.09541427826987746
be:0.004484195791763343
sort:0.048642810971488835
writes:0.00512606504664777
were:0.012025606957149606
jump:0.03845192620104389
of:0.006029165443898873
but:0.0051572342810109325
never:0.017084800239239226
please:0.044544543183843134
they:0.007231935073703439
who:0.010023665691735259
now:0.012805537968048404
good:0.012558215902011621
in:0.004132086090569546
chosen:0.03816371687358843
world:0.01954457898242385
truck:0.039865271602547415
and:0.0073991746994339115
for:0.0025220842086207287
subject:0.00041390630840338445
car:0.023710413487468135
i:0.0029596698797735646
similar:0.0245330099834628
sad:0.03667529158267046
coverage:0.07175449061879142
the:0.006427351247968669
do:0.005568355960515478
thing:0.03509972767635591
country:0.026129876806357612
countries:0.03267813402194106
thought:0.020810747327067537
people:0.011668784031574553
warning:0.03325690556278617
south:0.0335010812764247
hit:0.027749628991700845
is:0.004165467083576184
lot:0.019213592157096053
article:0.006281650235012411
planning:0.035919490307593886
attacked:0.03899934920270244
numerous:0.03735829365639346
killed:0.028316162764867328
aware:0.031758893116130844
schemes:0.0446942865008939
check:0.025653578020059607
