go:0.016348170183143926
technology:0.05659945690448643
your:0.010587665732615652
with:0.009829031542681468
upgraded:0.04677675868491578
to:0.001158150554698177
slightly:0.03638379543156345
h:0.02969060608650854
us:0.017309885598193242
perhaps:0.024272786030588616
think:0.024197445840816054
like:0.009786882886627506
updated:0.04321529442629089
re:0.0031423571662031135
something:0.016728246362718677
set:0.022263988101898495
market:0.03286432953842876
m:0.011502644639630858
a:0.0035205986365875507
how:0.011053470564950624
old:0.04450274087970292
ns1.cc.lehigh.edu:0.04528363954846659
features:0.03634997904249012
internet:0.02400448691692946
gas:0.0333459636274706
it:0.011524552260167124
worthwhile:0.04763624481197811
only:0.011206186876212491
safety:0.034728347774337504
operated:0.049351331840074876
has:0.008947684654508832
be:0.004861018967541776
writes:0.005556826815273633
of:0.0032679090011048513
style:0.03857837793675969
georgia:0.040387796639558014
institute:0.03270972983137232
opinion:0.027809340878888145
available:0.022698015359783445
what:0.007734807588206985
english:0.03712731415999689
well:0.028283494288291508
now:0.013881633595615497
over:0.016856644979154265
one:0.008263116872064054
in:0.002986213477218327
thomas:0.06191605065595126
or:0.005666482837841053
and:0.0048125724515645785
for:0.005468048116169311
subject:0.00022434417556317895
al:0.032016925888422115
v8:0.045997080252554716
i:0.0016041908171881927
back:0.017700476639223004
improved:0.04321529442629089
body:0.029829253140122282
graham:0.08190398492344592
blah:0.7397355695331317
currently:0.03024313867106972
than:0.012021859514449253
the:0.003167029453735517
less:0.023099710559632582
would:0.015674783968140774
just:0.00986881145769652
about:0.024832340680383317
gb:0.051306141044013986
e:0.05228386043787944
is:0.004515506334296872
new:0.01448739130154241
engine:0.034294529577654255
production:0.04033340576135955
too:0.016407713175331903
natural:0.035185786484883866
blast:0.048450108895927005
bad:0.023030260897028434
past:0.027760625604229944
by:0.00832298718333753
built:0.031029391882981122
s:0.0052137502592942715
