thanx:0.06647490158551092
all:0.013069422337620427
switch:0.11649625813726508
with:0.01602266785724787
powered:0.07587719601803922
corporate:0.07334882236697114
work:0.02774071868479868
my:0.01301663371685344
to:0.009439720274594731
1988:0.0626041211500998
lock:0.20776473944132823
motor:0.0690284843532572
tough:0.0656608821270068
like:0.015953959774091413
me:0.014843680553486912
happened:0.046195902722444254
so:0.01399740544362904
on:0.020835979119422872
you:0.007613684786420847
american:0.044205961882030353
support:0.03751994944566446
a:0.0038260387009490275
was:0.024259209153462618
rear:0.06489253326877331
local:0.04186826646460208
also:0.020321878516158444
d:0.02495677016954843
it:0.014089949167396107
should:0.02250427592100657
ken:0.11304308770177565
try:0.033375200991005376
has:0.01458595169707604
toyota:0.07289468254071223
stick:0.057894921984307686
get:0.018005122949193455
battery:0.0645644066794241
key:0.04391564892104898
what:0.012608795931460701
drink:0.06869570774272235
killing:0.055438940435009056
please:0.026238566532948693
up:0.018403566717155952
direction:0.06052260801424151
email:0.03758765286257453
in:0.0024339685191026093
and:0.002615050784183492
subject:0.000365711738246826
i:0.005230101568366984
the:0.0061952302190881065
night:0.04586075132306883
yesterday:0.06022415110759895
window:0.047767023860618374
