go:0.0374121586883486
with:0.02249336064575182
from:0.048840706986356286
my:0.01827335117942887
to:0.007951149000524025
bit:0.052405465347225
me:0.02083824385393355
re:0.007191163514964819
exactly:0.06185351256292324
had:0.029507855493887215
cal:0.1031877613085159
set:0.050950280463960024
a:0.00805675457219074
same:0.07469589809725433
was:0.03405619746543791
worked:0.07392622770335289
local:0.05877660484453754
also:0.028528790993837816
70:0.08272763187235782
it:0.01318674729769123
what:0.01770080967301214
but:0.012793908120200198
up:0.05167155270586095
pick:0.07730874051996181
better:0.043004151371180833
and:0.003671128985488364
for:0.0062567089021552695
subject:0.000513403017154198
i:0.007342257970976728
controls:0.09583246150306464
than:0.027511563119605023
the:0.004348575057629152
did:0.03161367391236472
68:0.10454579144724577
problem:0.040683947923953544
slow:0.07897169432772772
change:0.057154021305970915
little:0.045102667344201236
