abs:0.11918658722456243
manager:0.04818280171673126
at:0.005404693327941295
knowledge:0.022679577575779975
watch:0.02358382724278742
with:0.007175796034227575
option:0.025709271302161857
profit:0.03389946189561179
ca:0.012616862552713626
from:0.010387389624910131
dealers:0.030203186973576122
sell:0.021350136803561764
dealer:0.054264606174831254
my:0.017488606036754013
to:0.0025365628713328175
most:0.011390156220656674
value:0.022907072513844585
day:0.015603086108974675
next:0.016431779286804758
that:0.004256498471588673
quite:0.016295701730732526
really:0.011971753025711202
nt:0.0043808500105671075
its:0.012686040221068529
me:0.006647783315365305
re:0.0022941135139765063
exactly:0.019732408915779192
had:0.01882709798382988
getting:0.016639273449231204
he:0.009755418451044388
best:0.014939730551910639
took:0.020707985744887605
went:0.02001509978672444
why:0.010918543436527647
a:0.0025702529923553284
air:0.023645024451724967
price:0.019203338661619405
was:0.021729107585310076
local:0.01875081872341075
plus:0.02193803591398571
straight:0.024519396487504962
are:0.003944241604915494
no:0.013812831118803801
those:0.011385985609126136
early:0.021489209195050804
d:0.011176958419491016
care:0.03884683363526254
it:0.004206815088834012
should:0.0201572041991838
made:0.014267359214220867
92:0.05378545875309048
equipped:0.034411005508734806
liked:0.03117132802284219
selling:0.02558145481809534
naturally:0.0314942957129368
his:0.011315515592056789
knew:0.023816534128207115
be:0.003548842068328045
virtually:0.030572319007112644
september:0.03335203162734221
of:0.005964435140053332
what:0.02258753626985598
supply:0.024772794071193524
called:0.01645554905433579
one:0.012065164512584325
tim:0.025017848464639194
in:0.003270178562475285
fully:0.025752475490047826
rather:0.01578824326940407
and:0.001171157713161932
few:0.014022254606787033
for:0.007984021175756417
subject:0.0001637850116074742
summer:0.027612062273351057
car:0.01876468306676926
i:0.014053892557943187
away:0.0169876293639489
back:0.012922433865445015
power:0.01657579926484995
any:0.006277835989501886
the:0.003699401276019892
when:0.016045085188266698
desirable:0.03638697789627538
saturn:0.035067276180833995
got:0.013571495838224382
did:0.010085343824803469
instead:0.01882045589929228
last:0.013375230380733115
an:0.005508577537188569
tax:0.02718683650715333
interested:0.017650774327698897
col.hp.com:0.03580225286680099
1st:0.027612062273351057
told:0.01901975317011736
wanted:0.037363926252099416
sold:0.07558027187193572
him:0.029405095746789053
delivery:0.03432273104583849
article:0.004971367363905528
aware:0.025134338723809078
by:0.006076291256547031
black:0.021653695437079373
s:0.0038063575512639163
august:0.030668179853143816
1991:0.026637068662431325
