there:0.009660831427127868
bnr.ca:0.04912579652576003
take:0.022376306635112666
your:0.01326244444401329
much:0.018391545995367697
into:0.018850567399814593
ground:0.040810038562077273
to:0.0014507359579903482
look:0.024959666571325374
important:0.06615514300996257
most:0.01954311014702145
enough:0.025601563441446276
that:0.010954882908457163
protection:0.04452602416982066
higher:0.03907235697934623
really:0.02054100782306238
nt:0.0075166163339204055
me:0.03421858990751194
re:0.003936215818717585
personally:0.04125099584322633
on:0.016010805007556524
a:0.005880017371984821
are:0.013534976454762641
gas:0.04177020707020002
it:0.007218009047157304
not:0.006346421142904893
only:0.028074447121458665
money:0.03263389228135926
safety:0.08700365021360344
mileage:0.05636277929251467
centerline.com:0.06680624043215318
common:0.03543292673296158
writes:0.0069606567475532875
spend:0.04315891804959527
depends:0.04532385405792101
of:0.008186972023820575
but:0.0070029812868464235
factors:0.05237437844279421
one:0.010350641134480237
frost:0.1317806624013668
or:0.007098015344243003
and:0.00401892015253463
for:0.010274174618276021
subject:0.0002810205988633505
car:0.06439249136596609
i:0.006028380228801945
than:0.015058960865468011
cost:0.03495797478264085
the:0.0015868484420822168
do:0.007561241251647333
thing:0.023830867738157437
when:0.01376499413519722
extra:0.04089132325780264
instead:0.03229194012194359
put:0.026183782100492412
jim:0.0712911736199762
people:0.015844980421822287
middle:0.04228526626463771
worry:0.046277505587944454
is:0.011312531658554269
figure:0.0388683961481553
lot:0.026090035665951482
lots:0.038407315909645905
buying:0.08444669316289508
walls:0.05648172197939817
