since:0.014711923701497657
replacement:0.01815377067677428
at:0.003238841957553055
out:0.004331533452501691
block:0.01613154149692401
uhura.cc.rochester.edu:0.02227540723751019
there:0.003374187446974807
increased:0.017840690499052562
know:0.009072611218075748
help:0.01573597588266027
all:0.003507602318552541
50:0.01268817385708982
oxygen:0.06682622171253057
till:0.018378357779641332
thanks:0.007328627371015305
ever:0.009718463444227428
hand:0.01160749799798777
suggested:0.01614728657704166
with:0.006450301949884714
much:0.006423517902793865
previous:0.012769115513576493
chevy:0.06609874412659164
dealer:0.03251886325918196
my:0.006986869568605157
to:0.0035468360737631673
cylinder:0.020840857105240425
perhaps:0.01061934388838252
that:0.0025507693046652705
produce:0.015498085620699986
86:0.052726162163537496
nt:0.0026252887930972003
suppose:0.014169628623644005
could:0.02219278169597143
need:0.007063242615798663
anything:0.00853397481735075
re:0.0013747812602138622
happened:0.01239816506889129
started:0.012056047338194504
wait:0.01349779340114014
greatly:0.014349004227208095
so:0.0037566566080327944
anyone:0.01230084374736317
emissions:0.04736693397690351
july:0.01809970395842981
had:0.0056412076679490265
30:0.012584946596962833
he:0.023384311875297575
starting:0.01441736023116624
on:0.0037280060679359553
curious:0.01575835419419667
you:0.004086757275064131
performance:0.013937541299987559
fix:0.01599279029110472
used:0.02177717104783308
went:0.023988685773794732
3:0.008608330678814778
a:0.0025671031725117556
how:0.009671786744331796
same:0.007140049082825781
want:0.006958080763647726
was:0.006510743633098424
said:0.016114006093113472
part:0.018008986120685862
adam:0.01707574768843826
equipment:0.014834404090222754
also:0.010908067144702695
andrew.cmu.edu:0.029961613284759266
quoted:0.016425816157488483
are:0.0023636447852986233
results:0.013467219664957574
d:0.006697956699915571
deep:0.016727189624251987
it:0.01638647274492513
not:0.004433161827764448
have:0.003759195684909212
neat:0.019257096384312285
after:0.007092697381121144
placed:0.016745710925832713
has:0.003914612036347614
call:0.00976822094852466
without:0.00826180325295035
be:0.004253391596599054
writes:0.0024311117316822145
if:0.007391364923861132
of:0.0014297101879833724
what:0.0033839783198405557
but:0.009783576797800151
parts:0.01341431989491309
saying:0.02218055278650323
they:0.003429851560690234
up:0.004939192538060237
miles:0.029515844006697246
one:0.0036151136315280235
in:0.0019597025944245276
a/c:0.023683466988451755
brother:0.017035346506175043
install:0.01624319994499864
and:0.004211000895119006
for:0.0011961355254120367
subject:9.81505768088908e-05
car:0.022490024557966098
outside:0.013252852123093841
i:0.010527502237797514
blinking:0.023808105046082936
held:0.01494650029153815
face:0.013195851437299852
any:0.007524171075652995
turned:0.014437126249682344
cost:0.012209586780701767
the:0.005542301544037154
do:0.00528174940372424
thing:0.00832328101148881
when:0.00480762662810197
original:0.011346205931152497
regularly:0.01826434955632309
putting:0.014779612158227994
got:0.00813291846187711
would:0.0034288589930307942
did:0.01208758120178651
edwards:0.04623347309582073
last:0.008015303500218741
bought:0.02693443932991515
problem:0.007777813573697001
just:0.004317605012742228
about:0.0036213830158892337
maintenance:0.02078472669299488
odometer:0.024070821825429058
changed:0.02778908230759871
is:0.0019755340212548817
engine:0.06001542676089494
turbo:0.01826434955632309
their:0.0055650133036092425
light:0.05135609832068078
sold:0.015097529797947944
easily:0.013598951354394805
too:0.007178374514207708
sensor:0.12996742685160895
every:0.008941722525505133
change:0.021853008146400645
owns:0.02078472669299488
april:0.012507918609882766
before:0.007816890688318546
s:0.004562031476882488
driven:0.03461251445199096
