statistics:0.05981147582410478
obvious:0.04869175080888623
sentence:0.06269305410505417
there:0.011617455513634778
sell:0.04405154808836161
near:0.04563007313267753
proud:0.06399504632580996
us:0.026074384635253113
been:0.018572663129385308
that:0.01756479116123933
think:0.03644931715262165
re:0.004733424085799627
this:0.013290694642314405
best:0.0616500273407958
on:0.006417833230877088
was:0.011208368786093489
as:0.02025605468903844
said:0.02774056745143585
also:0.018778444704804637
are:0.016276237508891785
no:0.014249946027626706
hey:0.04878656943836923
not:0.007631772260455251
have:0.012943053497408933
selling:0.052781989055057474
toyota:0.06735837753762015
be:0.007322294394145206
claims:0.04754842627352818
dept:0.05194060114356708
of:0.00246127323500935
even:0.02125518288311425
designs:0.06897026896010879
what:0.01165116586071685
but:0.008421306610764687
in:0.0022491101505631703
nissan:0.22092716627035
or:0.008535588072190953
subject:0.00033793616319010504
car:0.03871700430232138
i:0.012082196661100945
the:0.003816470936653433
would:0.023611383445680405
note:0.03748973542884174
many:0.023458240855418904
is:0.010202757983189769
ad:0.05480597033362089
new:0.06546833790697014
lee:0.05401457340980653
does:0.015423909042247155
guess:0.03792604130298295
too:0.024715416048917676
dave:0.044383223688285976
going:0.0275672871398694
by:0.01253715790907805
bernard:0.07364238875678333
s:0.007853623808304028
