some:0.004765456633197364
typical:0.01819838914176304
at:0.01797887780519247
fast:0.014211420101828727
say:0.007745081527622627
there:0.003746036675825092
take:0.008676527062594709
where:0.01508127998558173
your:0.005142580498699032
with:0.002387050517508357
damage:0.01816111369864764
much:0.021394247382366505
funny:0.01837047408390295
ca:0.008394075902417638
into:0.0073094036856423935
such:0.03139619924029059
myth:0.0231376046229608
except:0.01316065885307679
name:0.011274418391143883
single:0.01327112926739745
to:0.0028126513471241443
recall:0.015962674347236826
everywhere:0.04061686491482001
most:0.007577940669253216
areas:0.016801031244627902
us:0.016815317438244867
ai:0.01980680741119305
been:0.005988736274373222
that:0.007079686233356669
roads:0.03734891627312412
quite:0.021683260262117563
through:0.009671278751121743
nt:0.01748763800136584
me:0.004422810940426713
re:0.003052575532883025
flat:0.020154390302377975
severe:0.04113534169622675
so:0.008341310999060573
something:0.008125148233320502
on:0.004138847552973795
regard:0.018738069283568994
you:0.011342836518545342
assume:0.014169341041996639
etc:0.00947887341819688
particularly:0.016396327735267686
m:0.00558699882496356
sure:0.008906302123098791
a:0.002280006736075747
how:0.005368828560118875
hard:0.01103768735745106
test:0.01459550960808029
as:0.0032657720825184427
dramatically:0.02437509955760466
ct:0.022663840658663847
surface:0.018632594870573536
drive:0.01152572958696322
are:0.007872384264504801
boyle:0.05044521433788888
it:0.004198229751918024
not:0.0049217143557221624
dip:0.024461031840044795
signs:0.020501301375167334
texas:0.03239322180954288
have:0.004173474393042064
only:0.010886010108320708
ve:0.014899050604305587
states:0.028186610085352518
safety:0.016868054633249648
decent:0.01839005029722333
between:0.018962170171807395
60:0.016619017466902114
suspect:0.03169057194202253
craig:0.018632594870573536
quality:0.01569046465540551
has:0.004346018260761433
love:0.013355989551761016
call:0.010844718767341664
centerline.com:0.02590446057573287
without:0.009172287693071409
be:0.0070831990669894445
considered:0.014052420233519233
writes:0.002699030167418622
get:0.010729583471764266
kill:0.015080131047360761
of:0.005555445301878247
even:0.006853712031698065
seen:0.010581489349478992
what:0.003756906542843393
but:0.005430883446942125
parts:0.014892632699658617
well:0.006868848612870796
they:0.015231340808289693
good:0.006612285107589793
one:0.004013513909288256
frost:0.05109862419644836
in:0.0058017861843098935
better:0.009127411719597564
and:0.0015583567938399587
subject:0.00010896717098782979
car:0.02496851706027257
i:0.0077917839691997925
limited:0.015845285971011265
any:0.012530048158638457
pretty:0.011747020640488272
will:0.004625736101646059
than:0.005839188907018209
em:0.019410220682810814
the:0.002153580028540151
wrong:0.010789477782979024
do:0.0058638197461754835
essentially:0.01837047408390295
would:0.015226932997622468
can:0.0035288407854600547
country:0.013758180032735235
road:0.05894942670972262
130:0.0659847319134799
an:0.003664890361476477
jim:0.027643516301623428
just:0.004793422708024024
here:0.0073485751249934535
different:0.010315171012290809
frequently:0.019048778244682464
is:0.003289868900702007
number:0.010213325911827584
cactus.org:0.02522260716894444
vary:0.041547022133997295
else:0.010312458062604314
light:0.028507874986173826
experience:0.01351927663181693
too:0.007969460685161212
various:0.014549301952470159
every:0.009927136844642434
terms:0.03142154265481195
very:0.014230550953334264
condition:0.015502428932591924
tx:0.01933532623926715
s:0.005064785966171579
