out:0.03681803434626437
stephen:0.1272393524809693
take:0.06642966032299073
super:0.15721612647339422
response:0.10973745476960443
post:0.08070555638847439
look:0.0740990101336222
then:0.04987126093049385
re:0.01168564071181783
a:0.0043640753932699845
steve:0.10022355771357458
drive:0.08824386715018714
atlanta:0.2991784123232953
of:0.006076268298929333
together:0.11121769504531971
ga:0.17226147069483444
and:0.0059655846014185915
subject:0.0008342799028755718
i:0.0059655846014185915
phillips:0.3862211722744617
the:0.004710956312431581
home:0.09154259537066714
myself:0.10415131443743385
address:0.09977566731042534
center:0.10208221354602527
automobile:0.17763179122379252
give:0.07385113347987521
by:0.03095110858803644
s:0.019388633776750572
