week:0.05746398007342639
to:0.0022969986001513845
value:0.062230880329277795
next:0.04463966706248625
think:0.023995800458809252
really:0.03252326238651543
nt:0.011901309195373974
me:0.018059811340075744
re:0.006232341712969509
this:0.008749707306190317
getting:0.0452033595370781
stealth:0.08850834848946294
chen:0.09348323163206289
on:0.008450147087321499
you:0.009263316490145364
great:0.04202084481221128
theodore:0.090606352587613
a:0.006982520629231975
how:0.021922716620485404
viper:0.10386970816461347
running:0.05045767354077836
based:0.05034838353167571
mind:0.05049426338350228
are:0.010715189693353758
catch:0.08076480214594862
open:0.05508267631255605
writes:0.011021039850292706
even:0.027985990796100427
but:0.011088053704173505
never:0.03673232051436434
gear:0.08468210779538794
talks:0.07978090995287875
in:0.008883985094724524
nissan:0.09696247852976472
p.s:0.07558054508533046
gets:0.055621939039880074
subject:0.0004449492815336383
station:0.06893316896286927
i:0.006363290241513164
back:0.03510594533445896
eliot:0.1990633130537714
the:0.0012562550166484215
would:0.015544160768406267
leland.stanford.edu:0.0841218309487382
wagon:0.20865271546883077
an:0.014964968976028946
s4:0.2282456042989014
about:0.016416936338697858
dead:0.0571880355801856
article:0.013505548005276683
letter:0.0680174836623476
s:0.010340604680933639
