at:0.01229253505750369
out:0.010959786968190324
bright:0.02445643220395563
know:0.00573895407282931
all:0.01331257438111104
take:0.009887205257375365
ever:0.01229498631083656
where:0.017185644634732666
with:0.005440254667809743
hell:0.01587619034642742
someone:0.010248642393781487
nights:0.02622515247967473
work:0.009418941692978156
except:0.01499702985583169
automotive:0.026511468261067445
my:0.01325880364646932
to:0.001923068595475578
lights:0.15981574551503439
day:0.011829316445408708
enough:0.011312318729941376
engineer:0.02073769925456718
amongst:0.025826237029640195
calls:0.018643207746318266
that:0.0016135098857417527
uxa.cso.uiuc.edu:0.02073769925456718
like:0.0054169258767845264
nt:0.013285182357626763
could:0.01403822470070751
re:0.001739258152456607
greatly:0.01815315883628187
so:0.004752607429697303
prefer:0.01910013072112484
89:0.022005174949602278
he:0.029583873628283446
path:0.020632226190980995
tail:0.026438220089122607
on:0.002358180582508325
you:0.010340446314580871
disclaimer:0.017460723381740404
them:0.006817949635033679
m:0.006366580056353824
a:0.002598147210877014
was:0.004118423879541328
as:0.0037214612103117135
said:0.010193045714713639
driver:0.017115281853425077
dumbest:0.027776276240061123
stars:0.02317808371236912
brake:0.025400343106265818
sc:0.025010196669146275
others:0.012541061502643702
are:0.008970856487458961
boyle:0.0574840814548036
no:0.00523602667991865
concepts:0.023514458882506917
play:0.014892642943164844
it:0.0031893528347904368
not:0.0028042325980277435
have:0.002377909828593734
neat:0.02436246612340903
between:0.010804027190913515
craig:0.02123249182925821
cka52397:0.028180980319082657
has:0.004952439413425818
without:0.03135642536933714
intent:0.022966630809686528
which:0.006008801546593106
callison:0.14254717060038896
writes:0.006151278055977324
get:0.006113367326935452
tall:0.026295096095323753
things:0.010394074084373255
of:0.005426248899508985
backing:0.07846873531178966
uokmax.ecn.uoknor.edu:0.0574840814548036
oklahoma:0.028180980319082657
but:0.006188681137213118
killing:0.01882345419421238
well:0.007827292605364394
moons:0.03318628000659917
they:0.004339161044222064
up:0.018745958656079784
one:0.0045735391059331275
in:0.0024792516543417275
gon:0.02223490869532124
rather:0.011969691408897039
and:0.002663702891796208
for:0.004539751575517312
subject:0.00012417189252101533
p:0.031312818973314886
i:0.004439504819660347
away:0.012878993424761257
house:0.015990102067396237
news.cso.uiuc.edu:0.021328395490666285
will:0.005271187650712951
reverse:0.13994753484331343
uiuc:0.02797422793503227
the:0.002454079567406219
do:0.0033410135763092866
thing:0.010529918302906775
see:0.01645940243173187
when:0.006082206710901097
original:0.014354269829178975
around:0.011010206665830862
law:0.01398530755927426
country:0.015677926083814568
na:0.02027117892572269
typically:0.024135535127272137
an:0.004176270411915054
cars:0.035554205145781455
is:0.0024992802501457106
night:0.046713974603498014
cactus.org:0.0574840814548036
time:0.007346557999552156
center:0.01519363178359446
man:0.013479299250210228
sides:0.02118527149686743
warn:0.02697697271947201
notice:0.018781234574904857
operational:0.028287908310825442
dark:0.0214511245844951
although:0.014696462589557015
article:0.007537980282014893
very:0.008108104612946266
little:0.010908552101853321
u:0.017589039458572167
difference:0.014916994636439007
full:0.014370523181038387
live:0.014403201274175156
by:0.004606676627056586
s:0.005771500287032728
james:0.03218226760592583
