at:0.0047878533285566904
out:0.0064031364080459775
all:0.005185151253512452
small:0.016243184240576147
saw:0.01846402490834486
pressing:0.03292886287284115
seals:0.09878658861852345
floor:0.05343311649308509
previous:0.018876083802678294
both:0.02440982698161128
my:0.010328415884025013
daryl:0.03358444976299667
single:0.01767079712234986
to:0.0014980425653161205
1987:0.027660381583775373
line:0.030693519008760745
band:0.027083086946518266
100:0.018361478797994952
make:0.009565654800813606
that:0.003770702450374748
quite:0.014435866207116312
through:0.01287751790230884
re:0.0020322853411857095
sample:0.02561522656303239
lh:0.06610761181334207
off:0.011866616564980165
two:0.020269450354927297
big:0.015085763879714985
chen:0.03048366248871616
on:0.016532896475194236
you:0.006041293363138281
brand:0.024486751754454972
m:0.007439210391935174
prove:0.021341838803878247
a:0.005312787435285199
same:0.010554855165916371
vision:0.025912644496126118
want:0.0102858585201749
demonstrated:0.02809930200032134
price:0.017011653270891103
as:0.008696893045837156
old:0.01439083196925176
jason:0.049564094280250486
turns:0.02398779768242713
science:0.01837843601177889
computer:0.014569037528072365
are:0.003494083595658834
model:0.019885606041214945
it:0.007453378907390695
not:0.0032766848292172003
comparable:0.027521613638095126
texas:0.021566139519940228
have:0.0027785359410198523
unfair:0.032455974954419244
between:0.012624270902426116
after:0.010484856998179084
quality:0.02089219478573016
points:0.01991932765473061
dodge:0.03152200616677436
toyota:0.0578403459290434
without:0.012213100460883124
which:0.007021153981073466
writes:0.007187634684973503
were:0.008430996181914669
dept:0.022300584186640212
of:0.0010567423128572753
dr:0.021298068506013592
mistakes:0.028467012046374682
in:0.0019313011075488096
door:0.06896693961086352
point:0.011964869354674243
and:0.005187464870798775
few:0.012421888591881992
subject:0.00014509215702183858
space:0.0166169171603973
i:0.00414997189663902
failing:0.02981734552082305
fell:0.027210970084617148
any:0.005561343838526126
unfortunately:0.020010288482749765
the:0.005325428874922656
wrong:0.014366424221901415
quote:0.021929119089894505
seal:0.032126493314112534
around:0.012865187136704542
got:0.012022575117557468
can:0.014096184659310543
falling:0.02974811168507615
auto:0.025679927120131944
needs:0.018202970449289927
may:0.020228538341737292
ny:0.022832572454254997
cars:0.06231647369301369
problem:0.02299527491353896
just:0.0191476396217264
competitive:0.032455974954419244
draw:0.022949454004368926
is:0.0043805319601738675
new:0.009369562852627971
window:0.018951047509919248
goes:0.017516452152123243
build:0.02028061447292584
guess:0.016283463385519854
late:0.020946407530604182
professor:0.027851095278401836
image:0.020114472809422156
show:0.03271813771450905
afford:0.025679927120131944
article:0.008807966090397837
difference:0.017430183950186882
by:0.01076560298714311
data:0.015947530560901153
father:0.02353082421932636
visited:0.03152200616677436
seem:0.014998437798346401
rubber:0.0608109256573008
s:0.010115808927000298
