week:0.01346812032970931
at:0.0068825391598002425
out:0.009204508586566093
there:0.003585074162410732
with:0.0045689638811683385
though:0.009709157037541718
someone:0.008607258260402421
from:0.006613845737735747
availability:0.020915875128081615
my:0.0037117744583214894
to:0.0005383590469104808
player:0.01518462122287579
design:0.014699871904005636
us:0.024139176400605422
next:0.010462421967770216
been:0.005731407762583747
make:0.00687531438808478
that:0.009485673351723975
think:0.011248031465066838
european:0.017310368557289034
smaller:0.0175439151134569
like:0.004549371341830755
really:0.007622639621839554
nt:0.011157477370663102
re:0.0014607050889772287
consumer:0.021381455273648483
practice:0.01604112541031969
so:0.007982895292069688
two:0.014568667442603996
on:0.005941509670772929
am:0.006384126393364709
market:0.04583033455163698
crisis:0.022203973902974065
why:0.006952041328726588
stable:0.01962038608170311
a:0.004909584817428732
how:0.005138136707926267
same:0.007586302150502392
looked:0.014550793767498769
as:0.003125445938347728
coming:0.013580585760896855
question:0.017054578776149253
based:0.011800402390236494
far:0.009724133094224225
it:0.006696395112108827
not:0.002355117220999863
should:0.00641723493059953
have:0.003994145415216038
only:0.010418251861478801
whether:0.011161947597194627
buy:0.011745473145484242
per:0.013815723107707099
selling:0.016288191934959142
quality:0.030032530004487107
toyota:0.02078637431824997
be:0.004519228571386495
writes:0.002583056214912353
of:0.0030381341494646664
germany:0.01642478802026284
even:0.006559216592836038
but:0.00519752517383133
powerful:0.017974036669771057
year:0.019334068095387905
again:0.01907710264146889
requirements:0.019009244766017414
launch:0.017994759530043297
plant:0.021853926408092476
they:0.0036442172832333738
now:0.0064527906167118915
good:0.006328163481873044
in:0.005552490684202827
feature:0.018457447617594835
become:0.012938370214043546
compare:0.01683480825700591
bmw:0.017310368557289034
presence:0.018649203907425006
or:0.002634029131652677
and:0.004474188451063944
for:0.003812681987250867
subject:0.00010428498785944647
offer:0.013731107885905617
passive:0.023943470061784083
until:0.011176428614705641
car:0.03584347663925847
i:0.004474188451063944
offering:0.02174388391994132
sought:0.022725580905413607
pay:0.013018914304679231
caught:0.017637594663013484
actually:0.009548102058988612
will:0.00885394800705691
currently:0.014058333991630066
normal:0.014735791697338059
assumed:0.01909091150359286
than:0.01117657251733954
the:0.005888695390539477
do:0.0028059293707285026
thing:0.008843486074706862
mexico:0.022521730307091068
less:0.010737756080454209
automatic:0.017994759530043297
got:0.00864122586574443
would:0.010929488040285658
did:0.006421527513449083
extra:0.0151745144902002
satisfy:0.022391509915420788
come:0.009379662790896127
last:0.017032519937964827
an:0.007014829207513568
jim:0.013227854480269021
thought:0.010486665645280127
decisions:0.019435804500255664
about:0.0038477194543823107
different:0.009871941007856436
govt:0.01906349911039502
is:0.010495024487916558
solid:0.017599852823514513
issue:0.012231875029159582
right:0.007577631225743358
engine:0.01594159773336272
spent:0.016960321062407444
time:0.006169960819936381
does:0.009519443862011916
life:0.010899919348784023
advice:0.015194754172786127
guess:0.011703739308342396
vw:0.2058087781391048
remus.rutgers.edu:0.05086637415895179
nice:0.024685464505896548
significant:0.016261436693374865
thousand:0.01820826895401933
leave:0.013801492673025455
article:0.006330725627473445
very:0.006809540983529091
useful:0.014977684441712649
iii:0.018057596005635577
opinions:0.011154727170000165
three:0.011400343775283097
facility:0.019948835758306787
check:0.01292699829917066
s:0.009694316888375286
