go:0.014304648910250935
at:0.01295536783021222
out:0.008663066905003382
mark:0.02208547032567787
there:0.013496749787899227
know:0.018145222436151496
much:0.01284703580558773
times:0.020665265746272254
2-3:0.04277756405724914
my:0.006986869568605157
to:0.00202676347072181
noisy:0.12833269217174745
acceleration:0.0430449732055644
owners:0.03174740781903859
tracking:0.04277756405724914
thoroughly:0.043610863213918286
been:0.010788532258981172
that:0.005101538609330541
nt:0.010501155172388801
months:0.07490723249955486
its:0.015204592323780663
quiet:0.03705205410138071
me:0.007967563826504005
so:0.015026626432131178
this:0.0038601649880251397
best:0.017905706470304664
performance:0.027875082599975117
used:0.014518114031888718
3:0.017216661357629556
why:0.01308619544230887
more:0.009348669307505338
a:0.0020536825380094046
oil:0.06590894465899423
starts:0.032885752752892426
are:0.0047272895705972465
those:0.013646438634467354
month:0.029219143304318077
it:0.012604979034557793
not:0.008866323655528896
ve:0.0134201007281429
mr2:0.194830134636848
after:0.014185394762242289
has:0.007829224072695228
be:0.004253391596599054
noticed:0.02982502221437004
get:0.00966451452419943
if:0.009855153231814842
of:0.002859420375966745
even:0.012346760645338423
but:0.014675365196700227
now:0.01214642939616356
sounds:0.052392714170012324
one:0.007230227263056047
or:0.004958172483110921
and:0.0028073339300793373
for:0.004784542101648147
subject:0.0001963011536177816
i:0.0028073339300793373
appreciated:0.024887956758648844
ugly:0.040341114528172364
any:0.007524171075652995
driving:0.06157512634854676
noise:0.06735897372964923
the:0.002771150772018577
do:0.01056349880744848
around:0.01740584142024732
got:0.01626583692375422
would:0.0068577179860615884
drop:0.03183582100261802
an:0.013204384390613775
problem:0.015555627147394002
just:0.01727042005096891
during:0.06459638624564273
people:0.011068184853478805
relatively:0.03278386279214665
about:0.007242766031778467
nose:0.037486531427630754
is:0.0019755340212548817
engine:0.12003085352178988
2:0.014326540824230946
nice:0.023233378358490868
every:0.017883445051010267
change:0.04370601629280129
very:0.0384538784952231
little:0.017245137513959296
s:0.02281015738441244
