reached:0.019403330271518925
another:0.009163245166894953
report:0.015684827369730394
read:0.009367781247512074
large:0.012372041817717255
at:0.0072807025822680255
out:0.004868500409423388
folks:0.015302544835928834
there:0.003792475147013006
all:0.003942429052257401
story:0.014855609619886793
take:0.00878408731543679
saw:0.028077525480458304
watch:0.01588497454782789
your:0.005206331496616787
with:0.002416642052849369
though:0.010270843808308594
ca:0.00849813469459637
such:0.0158927041608909
from:0.0034982324563230397
several:0.011646493273005772
harm:0.01988703504598594
my:0.01177951563632605
to:0.005695037851615003
stop:0.013735343448680321
look:0.01959643243203232
us:0.00851188589332643
next:0.011067686048550312
she:0.013698935888010258
that:0.002866980375491544
guy:0.027986204520238592
through:0.009791170636466227
re:0.001545208689165994
this:0.004338697837780322
he:0.006570798378182791
illegal:0.016982475725716064
something:0.01645174642283903
on:0.012570466741469999
you:0.002296690038879016
serious:0.014863610070411036
am:0.006753456019427131
size:0.014879657591181272
came:0.012474077406933664
onto:0.01799240775357168
a:0.004039474744183788
sorry:0.01312982101131663
was:0.010976790918612218
as:0.0033062568604009025
said:0.009055805077121622
wife:0.016698272839437894
lucky:0.01967642990717591
stuff:0.012080233688733975
california:0.016444087714557586
are:0.010626634406631827
brian:0.015438336837928838
taking:0.014078305926246303
police:0.03037672654241894
action:0.015214434218289078
it:0.005667031896528462
not:0.004982727343603016
deleted:0.01451809709503445
have:0.008450423357812445
made:0.009609832859165295
suddenly:0.020137550012169558
always:0.010979157429746726
after:0.007971957387045253
exit:0.02198889184079336
has:0.004399894520192359
follows:0.017743902138949642
greg:0.01809615122931993
his:0.007621607609525854
writes:0.002732489219080836
get:0.005431297418558357
down:0.009770105689889083
were:0.006410344204430988
if:0.005538433221185201
of:0.003213893976293201
standing:0.04086992233529026
even:0.006938675403991842
department:0.014330890837574118
looking:0.02143706897030284
but:0.008247312672525747
never:0.009107186904387853
version:0.012894506643246218
please:0.007914939491344029
they:0.0077100795413863115
up:0.01110297826737508
net:0.013698935888010258
now:0.006826092553215885
good:0.006694255584130162
in:0.003671068220960547
southern:0.020890944874954492
or:0.002786410982244154
truck:0.04250099203907948
and:0.003944188166227168
still:0.008436814389378294
for:0.004033250366678604
subject:0.00011031800368602602
station:0.017090868337901476
cause:0.01303099641876887
car:0.01263902206563384
i:0.004733025799472602
everybody:0.01685086487494293
we:0.016707569079098802
back:0.008703953388708833
concrete:0.022364808279659996
sick:0.018558852351425483
yet:0.010868052655727949
persons:0.02005234634604255
the:0.004360554603242455
see:0.007311511410789984
when:0.005403613400180727
would:0.011561772472368299
can:0.003572586745610386
sequence:0.021482270675122567
her:0.027325692602725025
did:0.0067930208406734105
arm:0.020689332626320476
road:0.029840102363392646
drop:0.01789120519155393
last:0.009008936165535116
sport:0.02072225894718484
an:0.003710322886618747
just:0.009705690607156082
here:0.014879346327466084
people:0.006220136942450899
many:0.01531571097171978
warning:0.03545570923635881
hit:0.029584315206028174
is:0.0011102174664903467
night:0.013834028291669524
blocks:0.04443960565178884
time:0.006526900702081461
window:0.014409060916632818
their:0.006254890985874851
gone:0.01623800577224282
drove:0.021813025665509078
him:0.019805911598043867
article:0.00334848297651488
very:0.007203481371005981
killed:0.030188305757585833
side:0.013307289580872699
lewis:0.020560189884567977
high:0.011559189362155046
while:0.017936714924615887
