another:0.009899577367806155
looks:0.015281720867740581
out:0.005259719192323481
say:0.008471182920837247
there:0.004097227614183694
know:0.005508371096688847
all:0.008518462773627599
where:0.008247574992115007
access:0.014965968160796988
your:0.011249394840904129
cut:0.01634381917769822
with:0.002610836503524765
though:0.011096179471476248
someone:0.009836866583317052
service:0.016261567984278316
dealer:0.01974359555021762
my:0.029694195666571915
to:0.004306872375283846
stop:0.014839076404377845
add:0.015340269716302314
hole:0.06250380361536433
might:0.009495915785171633
that:0.004646044090640314
problems:0.01224586266023113
think:0.0064274465514667645
r:0.013840266815755044
provide:0.015075694992336667
nt:0.006375701354664629
me:0.004837449466091717
re:0.003338754489090808
worried:0.022459446639056316
so:0.01368496335783375
anyone:0.007468369418041925
had:0.006850037882509531
big:0.012391877472623023
on:0.006790296766597632
you:0.009924981953727175
serious:0.01605800730821192
great:0.011255583431842306
them:0.006544014158626075
lung:0.026754253575048993
sure:0.0097412679471393
a:0.0012468786837914242
how:0.005872156237630019
air:0.017205977614424862
same:0.017340119201148325
wondering:0.016066667419005788
was:0.007905902983048085
as:0.007143876430509092
old:0.011821040546171089
steal:0.024056933510122877
oil:0.10004036242883053
drain:0.05194418492665967
also:0.013245510104281842
locking:0.028070322951034014
stolen:0.021913511024064025
are:0.0028701400964340424
those:0.024856013227065536
works:0.039845437413625985
month:0.01774019414905026
it:0.004591813791160339
3000:0.02342848460886805
have:0.009129475234779515
plug:0.04235030334550745
only:0.005953286777987886
tube:0.023804646857161528
intake:0.029228855073735283
decided:0.01665907617418908
be:0.0025824163265065684
aaron:0.022569681516691906
writes:0.0029520642456141175
get:0.005867740961121082
fill:0.021573504948324895
things:0.0099764550363404
of:0.001736076656836952
safe:0.018539022090165055
reasons:0.0162344842669469
what:0.004109116531234961
oh:0.014418375822060148
well:0.007512803170327432
together:0.015888242149331388
shut:0.04213514663498013
must:0.010345805479819184
they:0.008329639504533425
miles:0.01792033386120904
good:0.007232186836426335
over:0.008955092645175704
in:0.0015864259097722363
fear:0.019222170247779002
or:0.009030957022809177
better:0.009983106568309835
and:0.002556679114893682
for:0.005809801123429892
subject:0.00011918284326793882
i:0.008522263716312274
we:0.012033427729589017
silly:0.02085989467626286
than:0.006386612867051165
filter:0.023339195918213273
the:0.002691975035675189
do:0.006413552847379434
thing:0.010106841228236412
when:0.011675664668247642
nuts:0.05008030266003369
can:0.0038596696090969344
did:0.014677777173597905
wheels:0.07400373601318824
once:0.011977817834486187
put:0.011104729015833835
come:0.010719614618167
cars:0.017062843987372796
just:0.015728418260703828
people:0.006719969375326417
finally:0.0162344842669469
about:0.004397393662151212
is:0.0011994313700476066
somebody:0.016945215283369442
figure:0.01648436443783372
does:0.005439682206863952
light:0.015590244133063808
filled:0.022281563118756318
stealing:0.05243579008007956
every:0.02171561184765532
wives:0.027048708788405228
hood:0.052956048188329344
changing:0.038235881888442014
article:0.0036175575014133973
little:0.010470262062046714
three:0.013028964314609252
comes:0.013500787219846034
live:0.013824501222980618
by:0.004421586941148063
yfn.ysu.edu:0.024850153051361505
john:0.011970885712418953
four:0.015660920317066847
s:0.005539609650500163
