with:0.010633225032537224
concerning:0.0831862226083219
longer:0.061712927424985006
to:0.0025058166547106014
stevens:0.2156755417124686
require:0.07053674652550157
mercury:0.1017200938267577
80:0.07266657504478743
protection:0.0769085872024175
could:0.027438348278655586
re:0.006798918232330373
prince:0.09952095545552749
laws:0.06748861660068894
restrictions:0.0943480009520638
these:0.03012065405634441
harvey:0.3043865741170755
a:0.005078196821259618
wa:0.0911779393676133
no:0.020468104294227452
d:0.033124440406855186
instrument:0.0961677001985544
have:0.009295465693593687
being:0.03537825327136633
domain:0.08114914634510133
uucp:0.0769750655879286
states:0.06277926791737605
sports:0.08726682337457793
were:0.028205514499496345
of:0.0035352833739225207
in:0.0032305400344452813
restriction:0.1078377708562343
subject:0.00048539921621851447
car:0.055611697088788895
valid:0.07807316941137842
than:0.026010932403990203
the:0.005481840072647658
do:0.01306032579829994
greater:0.07671059811515808
may:0.033836827771633285
division:0.07204668029309695
convertible:0.11189492633467447
lot:0.04506460705937074
206:0.1054554388124815
hewlett-packard:0.10975341659546752
passed:0.07857526335743248
lake:0.19350224819898154
s:0.011280659651927606
