barbara:0.028217071946992633
another:0.010125595115929583
looks:0.015630618604446988
comfort:0.027365081282241892
go:0.008883252291297383
at:0.00402267128974626
out:0.016139412316170682
mark:0.01371517791914242
there:0.004190771623639942
all:0.008712948225080284
thanks:0.009102222122904853
your:0.005753115169777454
with:0.002670444642874645
programmers:0.02625002666803165
ca:0.009390632858869045
previous:0.015859358080789067
from:0.003865626732557879
work:0.009246906228266226
my:0.004338877905617814
to:0.000629314684972982
photography:0.02567850546732843
think:0.006574191906523083
cleveland.freenet.edu:0.01955442361418039
protection:0.019314941991474713
like:0.015953959774091413
nt:0.006521265312533685
perfect:0.018493547005191274
consider:0.014704858806261155
need:0.008772611833320712
re:0.0034149817605312375
this:0.002397180083887758
getting:0.012384482064952905
student:0.03673988559058147
best:0.011119525479275954
wan:0.0249938472605206
you:0.010151579715227796
performance:0.01731055357806674
great:0.011512560222523638
santa:0.024056572712409362
bugs:0.02316171588153136
m:0.018750886467343453
more:0.01741669898384556
a:0.006376731168248379
dose:0.02756364343721787
as:0.007306978632118889
coming:0.015875022624610022
budget:0.04309713628418058
ns1.cc.lehigh.edu:0.04921235713486324
danny:0.07515604898399235
course:0.011169642921917895
mind:0.013834044762603364
foreign:0.02015413138614882
are:0.008807005227414047
manual:0.017943367109053712
hey:0.017598808153566983
d:0.008318923389849476
race:0.019958126615751404
it:0.0015655499074884564
mitsubishi:0.029415082287026835
have:0.002334477685605721
only:0.0060892065674396645
transmission:0.022127343053684554
buy:0.02745973630359786
states:0.015766482810299923
sports:0.08766530202012394
robert:0.01459092250665618
dodge:0.02648424262413919
his:0.008422050417832222
toyota:0.02429822751357074
without:0.01026123509042235
be:0.010565502413469796
which:0.005899051746655332
species:0.025110935984782413
writes:0.003019462972682933
soon:0.016424628479632285
if:0.0030600475788283526
of:0.003551426220378788
brooks:0.02717479499730779
institute:0.017773780136681763
looking:0.02368845064298305
what:0.004202931977153567
please:0.008746188844316232
they:0.008519813922445147
good:0.022191915772047932
over:0.009159546815156884
in:0.0016226456794017393
suspension:0.025481372262464462
nissan:0.026565062610894443
or:0.009237143256206648
and:0.006101785163094815
for:0.010399278723216976
subject:0.000121903912748942
however:0.010945657096789557
car:0.06983203972336505
i:0.006101785163094815
usenet.ins.cwru.edu:0.0237825178734767
will:0.005174910250699928
the:0.004818512392624083
do:0.006559980994579878
thing:0.010337591027967838
would:0.004258674183125004
major:0.014960858322912291
specific:0.016735873463335306
william:0.01859205150406857
an:0.004099991500281903
about:0.00899558155545088
is:0.008587709535318023
picture:0.01867820896664566
new:0.007872144131888342
turbo:0.045368977893332246
heavy:0.020464877793660307
gt:0.0249938472605206
too:0.017831213405155217
almost:0.013799054476093918
supposed:0.01666070781468658
article:0.007400300276863936
very:0.007960011378006608
little:0.010709309141088877
models:0.02037992259808481
opinions:0.01303931577863033
earth:0.016075503025542233
says:0.011694186047614465
motion:0.02335941819090727
s:0.005666084756675966
