technology:0.05345504263201496
exhaust:0.09151687235897323
from:0.013437654832225008
work:0.03214400736492545
lu:0.09479205383512923
to:0.00218761771442989
mail:0.04863992864818819
uxa.cso.uiuc.edu:0.07077151332907848
me:0.017199820323881662
re:0.005935563536161437
anyone:0.026554202375260176
this:0.04166527288662055
on:0.01609551826156476
working:0.05029427001121598
a:0.0022166732156291983
how:0.020878777733795623
air:0.06117680929573285
are:0.010204942565098817
thread:0.06607821894450738
gas:0.06298682018522225
have:0.00811508909758179
follow:0.059952258927258494
energy:0.07278738143640082
kind:0.043738518999413646
without:0.03567000769527769
writes:0.010496228428850195
applications:0.06190954011737034
of:0.006172717002086941
ok:0.051807130008110026
up:0.021324767783371182
tim:0.06472871904343157
email:0.04355394696774509
in:0.008460938185451928
system:0.07095943902357223
or:0.010703356471477543
for:0.010328535330542031
subject:0.0004237612205082269
i:0.003030138210244364
we:0.0427855208163165
the:0.003589300047566919
auto:0.1500033838128342
may:0.02954008773714017
interested:0.045667876435157455
is:0.008529289742560758
discussion:0.054569395944288744
max:0.07558247678629476
supposed:0.05791579383200572
article:0.012862426671692078
