keys:0.06389420551804077
some:0.00634530910398562
all:0.005185151253512452
convex:0.0351945900681226
where:0.010040526077357401
your:0.006847457729245992
continue:0.021240251124464374
much:0.009495635160651801
led:0.02291021352625215
starters:0.031815849760634556
to:0.005992170261264482
important:0.051234281950650364
lock:0.02747613402032058
most:0.020180385477902584
indicates:0.026716558246542545
lights:0.02667731776842577
that:0.007541404900749496
think:0.01564943508183212
bay:0.026050241278649435
like:0.006329560127764528
nt:0.0038808616941436876
need:0.010441315171180632
re:0.0020322853411857095
voice:0.019709208159979175
2.0:0.025488091347952466
two:0.010134725177463649
on:0.005510965491731412
you:0.009061940044707421
glass:0.029679748738299733
more:0.006909886009895249
a:0.004553817801673027
how:0.007148711941462632
214:0.03191743744004843
richardson:0.03191743744004843
other:0.007496239064303863
operation:0.023400902910339656
forever:0.025647480560422688
oo:0.03449235239703561
also:0.00806248441130199
features:0.04701790767452527
others:0.01465395773406737
poorly:0.03133458129682235
computer:0.014569037528072365
are:0.013976334382635337
no:0.006118183348817988
doors:0.02804874551846094
d:0.009901327295527366
it:0.00931672363423837
disagree:0.02308907077673475
texas:0.021566139519940228
mounted:0.029039623544515045
have:0.008335607823059556
probably:0.012974041929506568
systems:0.01630661478414462
worthwhile:0.09242467064063145
larry:0.024699907804201063
b:0.016635371448446967
open:0.017961742275833494
convex.com:0.058447742215939666
installation:0.026958143912688377
be:0.0031438111800949527
writes:0.0035938173424867517
get:0.021430010466703082
things:0.012145249609457879
lawrence:0.025778445514656707
what:0.010004805467354686
explain:0.01953835613050328
but:0.003615669686143534
passenger:0.03003050157056914
fact:0.013034060481678473
they:0.0050702153505855635
in:0.002896951661323214
feature:0.025679927120131944
1990:0.023211665056213415
shock:0.032126493314112534
door:0.04597795974057568
installed:0.02176831497475594
system:0.012147947441535462
and:0.00829994379327804
subject:0.00014509215702183858
relay:0.034172567070824014
car:0.01662306162980103
i:0.00414997189663902
imo:0.02874577995065485
will:0.012318536357644395
cost:0.03609790874294436
the:0.0016385934999762022
disable:0.0317161261809161
would:0.005068748076654217
major:0.01780667376477061
drivers:0.0213712160786984
may:0.010114269170868646
an:0.009759762375671052
places:0.020732727621143122
alarm:0.13028158262632553
is:0.005840709280231824
done:0.014394910605547274
new:0.009369562852627971
engine:0.06653884271316614
break:0.021327209501347207
matter:0.016417951151633383
protect:0.022442215201150344
dave:0.03811168121059339
sensor:0.0640419204776044
nice:0.017172497047580206
trunk:0.03292886287284115
although:0.017172497047580206
article:0.004403983045198919
little:0.012746405988578608
corporation:0.025811685878881906
burden:0.029479672797415406
close:0.018885397913970328
past:0.017953882863605237
understand:0.016283463385519854
s:0.0033719363090000997
