thanks:0.03908601264541496
work:0.03970730321549615
my:0.018631652182947083
to:0.0027023512942957466
bay:0.18797036844201945
need:0.03767062728425953
anyone:0.032802249992968456
these:0.0649661165921154
on:0.01988269902899176
santa:0.10330175341211079
wondering:0.07056732356582934
was:0.017361983021595796
collision:0.22745290724260717
bring:0.07437974406449167
royal:0.1197143291026993
west:0.07995900587718018
has:0.02087793086052061
heard:0.10598617095764214
if:0.013140204309086457
of:0.015250242005155972
san:0.07917579281577537
in:0.006967831446842764
st:0.07523033809645686
for:0.006379389468864196
subject:0.000523469742980751
i:0.01122933572031735
body:0.20880477198085598
any:0.02006445620174132
jose:0.08940973870162833
got:0.04337556513001126
auto:0.18529829765114814
south:0.1694760582219132
hit:0.07019023803783155
center:0.06405158497005507
vw:0.1147865952148384
los:0.08940973870162833
