school:0.05195034965423007
technology:0.048109538368813466
fax:0.04369490485547699
exhaust:0.0823651851230759
from:0.012093889349002507
lu:0.17062569690323262
q:0.060638263478895116
mail:0.04377593578336937
me:0.015479838291493495
re:0.005342007182545293
anyone:0.023898782137734158
phone:0.04196210180299384
this:0.029998996478366798
bitnet:0.06971793960373036
on:0.014485966435408284
working:0.04526484301009439
phd:0.09463177968075474
a:0.0019950058940662787
air:0.05505912836615956
avenue:0.0760187403638856
technological:0.08472967710132695
are:0.009184448308588935
internet:0.040807627758780086
thread:0.05947039705005665
gas:0.05668813816670003
thermal:0.0805486826161438
have:0.007303580187823612
follow:0.05395703303453264
energy:0.06550864329276074
kind:0.039364667099472284
university:0.03357628716569505
without:0.032103006925749925
g:0.05050002801445003
applications:0.05571858610563331
of:0.011110890603756494
up:0.019192291005034067
email:0.039198552270970584
in:0.005076562911271156
system:0.063863495121215
or:0.00963302082432979
for:0.009295681797487828
subject:0.0003813850984574042
we:0.03850696873468486
the:0.003230370042810227
auto:0.13500304543155078
may:0.026586078963426154
interested:0.04110108879164171
is:0.0038381803841523415
discussion:0.049112456349859876
division:0.05660810594457618
max:0.20407268732299585
65:0.13983830034693898
