at:0.011441104057849755
out:0.01530100128675922
music:0.029913366491500545
all:0.012390491307094692
take:0.013803565781400672
your:0.008181378066112095
much:0.011345434217921634
into:0.023257193545225797
my:0.006170222476170788
to:0.0044746725976975025
sound:0.022410281098236565
job:0.022542133475903742
been:0.009527534981957398
that:0.002252627437886213
think:0.00934901316576984
through:0.015386125285875499
hot:0.02716635186208709
re:0.0024281850829751335
wait:0.023840258474741027
so:0.006635133749252728
this:0.003408976872541682
best:0.01581283168806126
you:0.0036090843468098823
machine:0.021122073729378875
disclaimer:0.024376983942040176
etc:0.015080025892585947
them:0.009518566048910656
3:0.0152043243158287
why:0.011556640130870172
more:0.016511935400269167
amateur:0.030839936374767993
bryan:0.06882864441884454
a:0.0018136417218784352
old:0.034388481588861354
local:0.019846645791662027
oil:0.17461590533032237
drain:0.037777589037570676
also:0.009633098257659524
internet:0.018548921708536406
it:0.011131669796752335
dip:0.03891527792734399
have:0.0033198091762834604
plug:0.03080022061491451
ve:0.011851517526152171
tube:0.06924988176628809
settle:0.036145677165616744
b:0.019876028224118453
has:0.006914119960302279
love:0.021248165195983434
25:0.02388105550837411
device:0.02606594016175861
heard:0.017549658178051136
stick:0.027443696784769232
writes:0.004293911629984172
get:0.008534895943448847
down:0.015353023226968559
opinion:0.021489036133686294
but:0.004320020923703963
drink:0.03256354977414761
excellent:0.02529263255415836
using:0.014314419341850135
easy:0.02151741275492732
good:0.010519544489347398
in:0.002307528596032344
moving:0.027538841439229432
tends:0.033757853918049745
use:0.010797269660697066
and:0.003718805985299901
for:0.0021126549539745064
subject:0.00017335686293518376
until:0.018578998216653535
car:0.01986132038885318
i:0.00867721396569977
vnet.ibm.com:0.0355431983769741
paid:0.02685707881670232
walker:0.03164472144769502
any:0.006644722508368879
favorite:0.03137964356119985
will:0.007359125616255094
than:0.009289618715710787
the:0.00489450006486398
when:0.008491392485998285
around:0.015371392423075557
got:0.014364635205393338
can:0.011228129771918356
radio:0.023294482862127704
an:0.005830507393258031
e:0.020200582441907967
save:0.02352279371702139
self:0.027611126116949193
steel:0.034553972892675276
time:0.010256558246128011
center:0.021211888529044213
does:0.0158245300563315
goes:0.020928748025913487
told:0.020131297186552793
under:0.03152368087150181
change:0.019298760440977194
changing:0.027807914100685102
leave:0.022942741066847513
article:0.005261901820237669
opinions:0.018542923087792484
before:0.013806456280666523
by:0.019294197561373364
soft:0.034696693066173824
everything:0.0401254868041981
s:0.008057614037091147
