expensive:0.048992985412946236
out:0.004750714109195402
vehicles:0.020156908532509846
your:0.005080371863634123
with:0.007074524719228395
though:0.010022355651655965
owned:0.020318868378176518
previous:0.014004836369729056
into:0.007220983479767687
apparent:0.01951271813135312
sell:0.01403254959266358
dealer:0.03566585002619957
my:0.0038315091182673437
to:0.0050015292100070476
manufacturer:0.020220913972656174
value:0.03011171628836022
been:0.005916291883957416
make:0.007097098723184289
that:0.004196426920578348
like:0.004696125256083359
nt:0.0086380469966424
could:0.006085117561798618
its:0.008338002242073267
me:0.0043693091951796156
anything:0.009359843348062112
sitting:0.018305626993798216
re:0.001507824607976494
so:0.01648081608685355
had:0.006187130990653771
this:0.006350594012557487
on:0.006133171273055927
you:0.002241124957293233
used:0.03980773202292068
machine:0.013116126428727204
why:0.007176300726427445
a:0.003941745516501921
how:0.005303883053343243
false:0.016883502385891855
price:0.01262154920098372
as:0.0032262667750686228
question:0.00880236323930284
logic:0.0167449231782136
course:0.009863515322177496
popular:0.05116901971128584
cheap:0.014984803300027612
are:0.015554307619384488
square:0.020453289427642612
model:0.014753836740256248
it:0.01105985257225716
not:0.007293266232773769
ones:0.02735991919658755
purchase:0.017590570480560654
statement:0.014004836369729056
have:0.004122988815706878
try:0.009824151904610454
buy:0.060621796879918664
reliability:0.04434915306989797
expect:0.01393637533531608
terrible:0.020419261731489932
real:0.01031287844354132
after:0.0077790874502619
quality:0.015500660647477215
has:0.01288033637765989
love:0.01319442516202197
network:0.014812458346893454
personal:0.013523772061273047
knew:0.03130721824917548
be:0.004665010138205414
writes:0.0026663806089417836
down:0.009533732165133701
were:0.0062552552317431415
things:0.009010991645726813
if:0.005404438869059752
of:0.005488242334516817
what:0.007422920185456703
but:0.002682593638106493
year:0.00997887385568408
years:0.008991029931372555
adjust:0.02233481979563251
never:0.008886851737346211
fact:0.019340863940555154
yep:0.02285771424445724
easy:0.013361619210720998
necessarily:0.0156744477139363
they:0.02257063607680025
depending:0.01814825060708154
one:0.015859853351219717
in:0.002865801643459524
gon:0.019276231328605106
or:0.002718997813318892
unable:0.018448557433297198
and:0.0015395057035918946
for:0.0026237811525167258
subject:0.00010764901972588023
mechanism:0.01937962822623953
car:0.012333239273723344
fatal:0.02255889177609546
i:0.00846728136975542
any:0.004126158331809707
the:0.0024314613225453322
do:0.014482216106985819
see:0.007134620005690226
when:0.01054576163583658
got:0.008919975087220056
because:0.007115815721348846
did:0.006628673562270021
na:0.017573804310606365
quickly:0.017115638885172008
simple:0.013303179665146131
bought:0.029540997974745648
an:0.0036205570103295835
cars:0.015411601020852848
note:0.011942294753542328
record:0.015551001601760463
statements:0.01699790035818708
many:0.0074725847886213444
is:0.00433342946597845
new:0.027806444594895917
repair:0.020627873321809244
time:0.006368991814127877
lot:0.009994166888166898
experience:0.013355736995141724
dave:0.014138204320058839
article:0.0032674712915991976
very:0.0070292035959009964
lots:0.01471247988474339
understand:0.01208127928603086
by:0.00399369143071438
high:0.011279531555006134
bernard:0.02345866416042695
especially:0.012601998820553796
s:0.007505277591000221
driven:0.01898105631238214
