some:0.010518350226426615
read:0.020423451008089386
go:0.017526416682829973
content:0.04267707142901308
behind:0.03178146307206035
take:0.01915089306608742
though:0.02239229010460072
miss:0.04347586095230729
from:0.0076267770669385185
kids:0.0792137483036887
rocks:0.09862437027124345
both:0.020231568309083223
to:0.0012416208649466945
0:0.033019426022256146
job:0.03127467166927186
property:0.041172079675290865
threat:0.041597781340611095
us:0.018557444920585548
make:0.01585658093107841
that:0.0031252668958060975
like:0.010492243815393452
nt:0.019299420316822663
me:0.009762060183824727
re:0.0033688333583618965
so:0.009205500877341623
mean:0.023814613124593337
big:0.02500703201682484
you:0.035050386719468946
dont:0.043841141081986106
am:0.014723750961273563
them:0.01320593848227244
theodore:0.048976406804115136
why:0.04810061027443261
onto:0.039226690778057176
sure:0.0196580542356685
a:0.0025162236501736846
sorry:0.028625375538185806
steve:0.05778655579881777
anywhere:0.03807503878247263
are:0.01158398885767974
those:0.016719960849437478
it:0.009266362965945189
should:0.014800109389490806
deadly:0.05257447943503209
have:0.013817584139125753
robert:0.02878749575637571
yourself:0.0315880601024738
writes:0.005957318837996057
if:0.006037391169039723
of:0.0017517169870787266
but:0.0059935425427964885
using:0.019859644852656944
please:0.017255994206353646
they:0.008404681301871565
who:0.011649124993097733
good:0.014594683345581073
force:0.03219823530463758
and:0.0034396163467638723
for:0.0029310708370457114
subject:0.000240513125153318
cause:0.028409920120198797
i:0.0034396163467638723
power:0.048682077120189945
necessary:0.03247545745478851
will:0.010209958062191752
shoot:0.08398769103115222
the:0.002037170297267711
do:0.04529932821932861
can:0.015577765629508349
nobody:0.036110717706832676
auto:0.04256852783877728
cars:0.0344331266051487
warning:0.03864991727567041
is:0.004840948232264214
their:0.013636789356592018
unless:0.0277302831147792
protect:0.03720150988298796
citizens:0.03682304674715424
