where:0.14211206140259708
re:0.028764654059859274
a:0.010742339429587655
writes:0.05086633777058172
get:0.10110569040700941
york:0.2894744005711879
bob:0.28338500107916154
in:0.013667669376499268
subject:0.002053612068616792
i:0.014684515941953457
can:0.06650507634136257
new:0.13261535114488823
article:0.06233329848589239
