keys:0.09184792043218362
all:0.0149073098538483
small:0.023349577345828213
option:0.06547830034769347
into:0.013990655492049893
automotive:0.04453098184476172
my:0.007423548916642979
store:0.03486877382016073
to:0.005383590469104808
indicates:0.03840505247940491
make:0.01375062877616956
that:0.0054203847724137
control:0.023825267733914246
nt:0.022314954741326203
need:0.015009390558572158
re:0.0029214101779544573
2.0:0.03663913131268167
these:0.02588493707967098
vacuum:0.04573528403091218
you:0.021710898023778197
etc:0.018143156152017465
them:0.011452024777595632
why:0.013904082657453175
a:0.0010910188483174961
other:0.021551687309873606
want:0.014785921622751419
as:0.006250891876695456
rec.autos:0.04827764653430771
forever:0.03686825330560761
oo:0.04958275657073869
oasys.dt.navy.mil:0.09206026068655633
dumbest:0.04665546399697767
cd:0.03486877382016073
concepts:0.03949694265421084
it:0.005357116089687062
should:0.01283446986119906
probably:0.01865018527366569
hurt:0.03523735632230987
larry:0.03550611746853903
b:0.023913346457142513
types:0.03200700946860062
be:0.004519228571386495
which:0.010092908847793108
writes:0.010332224859649412
things:0.0349175926271914
if:0.005235550154401635
of:0.0030381341494646664
lawrence:0.03705651542731902
electrical:0.03700902287984728
converted:0.03962824826605756
explain:0.02808638693759847
fact:0.018736461942412807
they:0.0072884345664667475
george:0.06222365904773699
in:0.006940613355253534
1990:0.033366768518306784
use:0.05196186024210463
and:0.0059655846014185915
for:0.007625363974501734
subject:0.00020856997571889294
i:0.0059655846014185915
pay:0.026037828609358462
the:0.0029443476952697384
do:0.016835576224371016
would:0.007286325360190438
can:0.006754421815919636
outlet:0.048688925702162565
extra:0.0303490289804004
come:0.018759325581792254
an:0.021044487622540704
handy:0.08199969613103818
time:0.012339921639872763
items:0.03620011132562197
keep:0.02069855143848376
volume:0.03458593750247354
trunk:0.047335240379709154
change:0.023218821155550684
article:0.006330725627473445
players:0.028999014945608532
understand:0.023407478616684792
