at:0.015059230982127027
fast:0.029758956623487504
vehicles:0.021362877419070267
radar:0.10893521953328596
know:0.005272970622471376
traffic:0.018696753253785905
all:0.01630885180591951
rick:0.020566933680036745
take:0.009084397992887622
saw:0.014518720440749807
ever:0.011296675456537867
your:0.005384325735817362
hell:0.01458709796787135
from:0.010853490441412508
work:0.008654155829018392
signals:0.021713360973176398
possibility:0.018123852912997146
my:0.004060744706539749
to:0.0035338440002328996
remember:0.011891555711629198
recall:0.016713056474671036
lights:0.020977036193975823
ye:0.023788180698739225
engineer:0.01905386897321344
calls:0.017129443014779606
die:0.01610151440783055
that:0.0029649967985852723
talking:0.013930304189582346
nt:0.00915485322721075
months:0.01451194247854624
re:0.004794109009976545
89:0.020218429975061923
this:0.002243514693894953
off:0.018662029469712398
bus:0.017295054067331887
installing:0.04511754026541195
getting:0.011590605009507206
he:0.013590882115557567
something:0.017014199291995925
on:0.00650011314409346
set:0.022644569095093346
you:0.004750418712895059
relative:0.02103897212261927
disclaimer:0.016042972337923875
speeds:0.021263102359254063
apparently:0.0161908592147507
support:0.011704941493732933
m:0.0058496355218635564
why:0.007605652051940199
a:0.005967966349770919
how:0.022484837559472212
other:0.005894478580478252
worked:0.016428050600745085
red:0.015438542542489537
coming:0.014857392969186305
driver:0.01572557948071108
approaching:0.025520937570996334
median:0.026994614862841333
ie:0.017878710199835095
sc:0.02297945420455748
are:0.008242453610272121
play:0.01368341125119847
it:0.008791164865127486
not:0.0025765384981878844
have:0.00436966336023635
being:0.008315401409936531
only:0.00569887281311661
ve:0.007799716662510403
between:0.009926777119856435
has:0.009100636528944881
open:0.014123763157065655
be:0.002472056654433638
callison:0.13097282768839158
writes:0.002825907653921207
were:0.006629501271249142
if:0.0028638906827496125
of:0.004154713366789287
monitor:0.01601399931661884
uokmax.ecn.uoknor.edu:0.052816570567447756
gotten:0.018417568007664586
vms:0.025097472175080817
oklahoma:0.02589278106240501
explain:0.015363493709455575
but:0.008529272080133465
killing:0.017295054067331887
they:0.015947344008679382
up:0.00574128363398455
one:0.0042021833665624895
in:0.002277944896083211
gon:0.02042951012604302
system:0.019104464352500215
or:0.005763345792334063
use:0.007105895417723711
and:0.0024474193236589093
few:0.00976763889276191
for:0.0013903797560345043
subject:0.00011408955936759957
p:0.028770325125054275
i:0.004894838647317819
away:0.011833263189417397
we:0.005759589340657992
back:0.018003048889466133
detector:0.045207038554876004
mention:0.01613108894990138
will:0.004843185234629421
the:0.0022548166965484493
do:0.009209204088544828
thing:0.009674924936431439
around:0.010116215526297588
law:0.01284974839847849
because:0.0075415482858739915
did:0.007025260869414383
na:0.018625228500129824
reports:0.016898386513624585
may:0.007953100544614662
curve:0.0244966946083236
an:0.0038371715323151146
warning:0.018333935117946225
about:0.012628412568229122
is:0.0011481736191908715
time:0.0067500426064261276
center:0.013959960826806877
does:0.010414434310577139
man:0.012384826234167519
their:0.012937466825484736
goes:0.013773620495686653
light:0.01492399438378758
too:0.025032280357237133
article:0.0034629610269940217
u:0.01616086958800434
sign:0.01852013703373101
close:0.04455016943808385
going:0.009306904632690951
s:0.005302874195350585
news:0.013114856906681278
james:0.029569177501171176
