some:0.014066709338956075
laser:0.05905371060134613
out:0.014194904808198312
know:0.014865965369377131
anyway:0.03672908218848836
been:0.017677595026764328
that:0.012538721401246148
responses:0.05344492326579415
finding:0.05371813662327644
re:0.004505307262387597
so:0.024621942105660728
anyone:0.020155599393269774
240:0.07031044840106701
on:0.024434160252495903
a:0.001682535091381199
other:0.016618168528095313
was:0.010668206434956454
old:0.03190256725713644
steve:0.07728081558637076
let:0.02777274388858825
question:0.026301037148760295
also:0.0178734594178261
based:0.03639642183012702
mitsubishi:0.15522657881587656
have:0.0061596459415379865
suspect:0.04677222967346698
has:0.012828608119115074
be:0.02090823820978812
get:0.015835831027603883
released:0.05211623501272681
again:0.029420110097686965
net:0.039941475721668465
in:0.00428143859986724
and:0.004599968849286625
subject:0.00032165008303636504
i:0.006899953273929937
appreciated:0.04078026649609932
info:0.07097338456367223
any:0.024657524488886924
the:0.006356953096293218
would:0.03371022817244733
v6:0.06520823618888819
people:0.018135820964736354
many:0.022327723223832453
about:0.011867664823155079
interested:0.06932713772084145
new:0.020771079094982495
1994:0.13773412090303475
does:0.014680588124548498
too:0.02352431166101803
japan:0.06240555793263815
94:0.19693920172946724
hp:0.05211623501272681
freenet.carleton.ca:0.06689928869123665
s:0.0074751359139279315
