at:0.01710611674668798
out:0.011438612612431648
mark:0.02916139771157466
know:0.011979370152022347
all:0.009262794472294089
chris:0.03724997323222621
stand:0.038230471402587014
with:0.0056779356969858955
companies:0.03860808102512365
from:0.00821914810126384
several:0.02736360555405239
syl.nj.nec.com:0.05950998384288082
to:0.004014172310944168
lies:0.043790112711220026
us:0.019998799865873745
that:0.013472024288717546
technical:0.03724997323222621
like:0.011307175373870612
nt:0.006932801473033383
re:0.007260980636469331
this:0.005096916877392417
getting:0.026332054099268795
best:0.023642486213217805
on:0.009844831558044463
you:0.010792213386577123
society:0.03607991474181405
them:0.02846328488412118
m:0.013289463224427884
a:0.0013558292483945582
air:0.07483765020643046
mobile:0.059749717945699964
altogether:0.05431655495603566
oil:0.04351270132826803
worst:0.04184185353197585
those:0.018018598585316115
not:0.011706990457785725
ban:0.05135168457204361
mounted:0.0518766090503958
have:0.009927196371799084
per:0.06867621583636926
macs:0.05135168457204361
without:0.021817577522354317
outright:0.05614230477645256
writes:0.0064200232137627405
if:0.006506314754984556
of:0.0018877726753955208
but:0.0064590604101981575
saying:0.02928694348509164
who:0.012553911400328624
up:0.013043304566528005
now:0.016038003862895573
sounds:0.034589364694765416
in:0.003450091298922145
for:0.0031587268243890676
subject:0.0002591937562331873
300:0.04038369548720729
i:0.0037067710144736876
exist:0.03530606287180684
behanna:0.11478203436498459
the:0.0036589951941216163
wrong:0.025664291813882138
do:0.006973960377732976
because:0.03426645240571871
1000:0.04536520783963962
auto:0.045874821263148326
come:0.023312559946304934
an:0.008717457655939191
people:0.014614302330806964
about:0.009563263886620111
is:0.002608472105734601
keep:0.02572247169054292
lot:0.0240636251287902
hear:0.032171665672415604
campaign:0.05010649684851275
existence:0.03950047433957888
automobile:0.05518657591418796
organized:0.047179551270026175
article:0.007867309517636902
very:0.01692468438624706
already:0.028211517682498556
grounds:0.04941272049917154
