basically:0.024074886799066785
out:0.007228080362456809
there:0.011261091847572362
know:0.007569786046983447
all:0.005853176875130621
small:0.018335864418809886
saw:0.0208428256634077
where:0.02266818157342039
your:0.007729645534854372
with:0.010763694051341362
from:0.015581084437365196
name:0.01694621169221013
my:0.0058295353455846705
to:0.0016910419142218784
physics:0.028132546199345104
ten:0.02469932050648975
motor:0.030914597287041573
front:0.04315277213945931
day:0.015603086108974675
really:0.011971753025711202
nt:0.0043808500105671075
could:0.009258338376233482
me:0.006647783315365305
brought:0.023769281242550108
re:0.0022941135139765063
so:0.00626877667107313
anyone:0.020526561345293143
this:0.016103755778264388
on:0.009331450771275274
you:0.006819619501947508
specs:0.029729375023048576
performance:0.02325773762942709
them:0.008993001052345037
philosophy:0.03002662890885193
a:0.00428375498725888
other:0.008462012195287796
wondering:0.02207934663716133
looked:0.02285278039558089
was:0.021729107585310076
odd:0.02981284528105949
accepted:0.02583980748895501
college:0.025273100003488667
neighborhood:0.036029499932324606
are:0.011832724814746483
doors:0.031662387579121556
early:0.021489209195050804
model:0.02244755528578865
it:0.004206815088834012
rush:0.031330686835132134
have:0.0031365068291267046
engines:0.03052494449119908
made:0.014267359214220867
energy:0.028132546199345104
sports:0.029445860647863722
robert:0.03920750955776323
has:0.006532358735500313
ford:0.058656507601154186
be:0.003548842068328045
writes:0.004056824484770322
were:0.01903439628800367
listed:0.027851506100993604
if:0.008222704536974348
whatever:0.020275831771493023
of:0.003578661084032
looking:0.03182681405406925
what:0.005646884067463995
but:0.004081492161045462
years:0.013679603821965603
manufactured:0.03526844073803026
separate:0.025906132127631182
please:0.01175101445954144
they:0.011446866558377223
called:0.01645554905433579
rest:0.02004067995995588
in:0.003270178562475285
70s:0.0771503354727806
or:0.008273760217215771
rather:0.01578824326940407
and:0.001171157713161932
subject:0.0001637850116074742
car:0.0938234153338463
60s:0.04142366839977127
i:0.0035134731394857966
top:0.020746209976486598
info:0.01806991079381839
solar:0.030203186973576122
body:0.021777184807819334
artificial:0.03160584368277233
addition:0.024327390311296895
the:0.003699401276019892
thing:0.01388915604371139
around:0.014522665234071384
can:0.005304085843176156
fan:0.02453715328521272
wam.umd.edu:0.06779892379122358
is:0.004944894973447802
new:0.010576684447138324
engine:0.0250371105505574
production:0.029445860647863722
lot:0.015205849007763134
life:0.017118891737967545
history:0.020374279781293747
late:0.023645024451724967
e-mail:0.01686929924326544
article:0.004971367363905528
project:0.023629667824619945
by:0.006076291256547031
s:0.0038063575512639163
news:0.018827463289346126
