some:0.014873081211889863
looks:0.021803219581999305
believe:0.013838674397008538
ask:0.018564092893989602
at:0.005611242117544147
block:0.027947638771740967
mark:0.019131362829886565
there:0.005845726022784378
entirely:0.026472134052109637
leader:0.029834682186665632
with:0.007450030277573852
much:0.01112864248127345
maynard:0.06698258501720332
such:0.01224851721954012
from:0.005392179964523412
dealers:0.03135744889613317
darren:0.03888809416711888
my:0.006052320135861792
to:0.002633501579791396
remember:0.017723719977842244
owners:0.027500939257256364
t:0.01640938251592638
next:0.01705974537419857
that:0.0066287508044804485
uxa.cso.uiuc.edu:0.028398760125681176
like:0.007418083207061613
really:0.012429272249623733
through:0.04527636867563363
re:0.0023817866418991756
on:0.0032293555747725474
you:0.00354012095164791
brand:0.028697849189934493
jc:0.03936011946746106
m:0.0174371300906506
fun:0.026218169776648634
more:0.008098210355546025
sure:0.013898369555154163
a:0.003557972295150051
hard:0.01722441657691407
price:0.019937224215566644
was:0.005639879835040673
as:0.00509626853641413
truth:0.02289845559243697
harder:0.031174143389445
drive:0.017986011138891648
stuff:0.018620487596647275
hmm:0.03159425783397874
70:0.02740023476027138
are:0.008189953905748096
model:0.023305423640659555
it:0.0065513776383434134
not:0.01920095568713264
neat:0.03336261284415886
made:0.014812608610942685
cka52397:0.038591788335049504
convex.com:0.03424963238131497
spelling:0.034397765261342146
be:0.00736893321194231
which:0.008228613582914126
writes:0.008423724726338374
were:0.019761825445506996
if:0.004268474011231906
looking:0.033043125419192916
but:0.004237472753187327
parts:0.06972028684235083
well:0.010718903886327038
find:0.013480552469257263
now:0.01052174775718627
sounds:0.022692385755164576
one:0.006263126801118615
difficult:0.023740180108522288
in:0.004526871385846892
mid:0.03661627923757282
or:0.0042949774375992695
and:0.0012159153327732162
for:0.004144571502064637
subject:0.0001700443114141293
i:0.004863661331092865
top:0.021539058765396912
news.cso.uiuc.edu:0.029207675353460204
sad:0.03013447524945535
information:0.015533893531743725
will:0.007218505381549583
later:0.020352942859603207
uiuc:0.038308656089375406
the:0.002880584751550521
sfu.ca:0.037170491829863456
older:0.028141085255029494
would:0.011880887211520716
correctly:0.027759894707199865
come:0.015294227225919799
an:0.0057190964239601065
cars:0.048688879658235755
long:0.015161218121710732
including:0.020254571379173438
general:0.018779811229857016
is:0.0017112906171379866
either:0.015946259280976805
new:0.010980888948302847
engine:0.025993942800897174
time:0.010060573056711552
gt:0.06972805796247149
72:0.03323648146010676
carried:0.028667300322014155
sold:0.052312459936838744
too:0.012436419540538195
fraser.sfu.ca:0.0368322126877364
article:0.005161355925583446
models:0.056856089795930875
thus:0.021218822120231243
project:0.0245327124548602
by:0.006308506209026536
s:0.007903646889885584
