screw:0.023579779792747366
some:0.005507249411006387
since:0.00943783784624378
read:0.01069341066932982
confused:0.022794646737852718
out:0.005557439146605943
stephen:0.038411879994254876
know:0.011640331374134923
all:0.009000639911757464
anyway:0.014379782177568556
take:0.010027118539319356
where:0.008714418859593216
your:0.011886153039445872
wonder:0.01740739484819306
with:0.008275859105512462
much:0.008241494667735525
though:0.011724265101937168
ca:0.009700700924963779
name:0.013029398612406843
my:0.0044821427421240624
located:0.023053176155281945
to:0.0019502818303172135
scientific:0.01991839404152775
within:0.015266274605296308
look:0.011184756246584483
ha:0.026667196511767015
then:0.007527737498942468
brent:0.02525690581504195
make:0.016604532861789655
that:0.0032726851456082715
gee:0.02388668353495049
like:0.010987160976496916
really:0.00920469690184399
nt:0.010104885165883565
could:0.0071184394119153645
me:0.005111267360398796
re:0.001763870296123446
two:0.008796176569119393
on:0.007174653187348443
you:0.023595240116408
holes:0.11304821686961077
why:0.008394917830915125
more:0.011994519111516281
a:0.003952370167489797
how:0.0062045424397600205
pulling:0.025418646727677
steve:0.015128084183181068
driver:0.017357479238143358
oil:0.10570302445310396
drain:0.027442210904650394
stuff:0.013789700720158594
course:0.011538451886320845
starts:0.021096520633930988
are:0.006065201713219108
no:0.00531012139708731
wow:0.024432364662306444
releases:0.02696210385601859
it:0.014555183338017677
cool:0.021654844219218882
have:0.0024115594959794946
term:0.01838528204676631
plug:0.02237374516366431
writes:0.009357486665342864
get:0.012399754483878513
if:0.003161086885676459
of:0.0009171725734232955
gives:0.017153417338660874
what:0.013025124099008932
hammer:0.029271293598087958
but:0.003138128406841558
they:0.004400564266545961
sounds:0.01680521020547565
in:0.003352447205556424
or:0.003180714423127761
nearby:0.025100527478641475
and:0.005402793601284762
gets:0.015742058218833982
for:0.001534664447698462
subject:0.00025185808388696507
foot:0.022732169253182815
car:0.014427562923978251
locations:0.027196051691581666
i:0.000900465600214127
faster:0.01839764635563364
power:0.012744600378162933
any:0.004826826727777392
water:0.01934008120146958
will:0.010691559857578154
mile:0.025049532591357438
than:0.006748119255752175
the:0.0024888071084544204
wrong:0.012468971966178587
do:0.006776584140627327
when:0.018504827021373623
invented:0.026322738327734515
start:0.013290387206992983
would:0.0043992907835112074
can:0.008156282947525597
forget:0.018109496865162708
last:0.010283785622922158
an:0.0042353685781213995
long:0.011227883231644267
radiation:0.07916894095007086
is:0.006336618558742074
threads:0.02673921288974243
horse:0.02558613110719073
self:0.020057138783066867
engine:0.07700092490077087
keep:0.012497238604367552
does:0.005747588746875119
goes:0.015202958471654135
paper:0.018191737722814127
first:0.008856390704674722
too:0.018419979885514116
various:0.016814051784694285
nice:0.029808862799573187
change:0.014018910886370224
changing:0.020200088544837288
article:0.003822324907153778
release:0.01874435608201537
before:0.010029218241616247
close:0.016391100076276133
by:0.009343730894501566
hp:0.020403997670077004
black:0.016648831869075176
torque:0.08258161156540418
thats:0.024477075718695798
