simply:0.01371588941651744
looks:0.030700497528016953
week:0.030922321115745142
out:0.010566610754084842
say:0.008509170288195263
andrew:0.016885462597183848
honor:0.02416481213572881
know:0.005533072312369066
help:0.009596828340994606
porsche:0.027597403356085633
means:0.01271118932932176
watch:0.017238402872530714
own:0.010163635136986525
with:0.005245088581072173
targa:0.05905833062331435
previous:0.015574885290102269
interior:0.025087915517810196
achieved:0.02421726074453236
sue:0.024838723360165304
name:0.012386692851256731
my:0.004261050499239019
to:0.0018540795875661403
hardly:0.01958133116856288
motor:0.02259676842057299
next:0.012010672752238454
she:0.014866109797751043
that:0.007778130615122798
jeff:0.03780698913749234
think:0.0064562691817424
bit:0.012220108511460536
like:0.010445193394696621
really:0.008750653556909982
consider:0.02888218904548155
me:0.014577426193783114
television:0.023443855989595395
re:0.0016768632411577153
this:0.011770906689942129
mean:0.01185391056874377
93:0.016417109846656508
off:0.019582578008577135
best:0.010920072107450378
on:0.0045471643519218825
more:0.005701430609061551
a:0.008141055442153872
how:0.0058984887768122165
was:0.011912033194189044
as:0.007175911750825277
rear:0.04248569442708926
wife:0.03624199127483382
needless:0.02608855924567661
perry:0.04364454403677541
honestly:0.02416481213572881
results:0.016426384524073814
it:0.0046124048843942415
not:0.0027036323254527573
have:0.0022926036464020307
term:0.0174783847260738
civic:0.027378613382231676
keith:0.017670255915334828
patent:0.027710936127315636
doing:0.01202108926083101
has:0.009549546851000457
be:0.0025939966687778984
which:0.00579323915927138
writes:0.008895906605617432
certainly:0.013792633530294354
down:0.031807608658562664
were:0.006956517029023763
of:0.001743861753952813
what:0.008255086125530324
but:0.0029833328352036332
well:0.007546492870642802
must:0.020784398452730918
spencer:0.020877643931301697
they:0.004183496074025756
over:0.008995250011297569
in:0.0023903098909572713
po.cwru.edu:0.021380836714292403
gon:0.02143724380939043
yes:0.01195895009194569
better:0.010027873862338131
and:0.001712096029106681
still:0.009155646108652677
for:0.007294817554082376
subject:0.00011971729547990268
however:0.010749322440344902
car:0.05486355766606976
i:0.009416528160086745
person:0.012579347260420856
top:0.045492810217497515
informed:0.022900905623885817
addition:0.017781904128885175
than:0.012830504773268709
the:0.0050700875111371274
do:0.0032211565870246487
would:0.004182285408539803
can:0.007753955089127474
her:0.014826945313586224
na:0.019543961744530845
wants:0.031574306390975325
last:0.009776513686365462
an:0.004026449051846353
cars:0.01713935898283187
thought:0.012038504059155661
just:0.005266316428098143
people:0.006750103767144024
is:0.0036144299581703666
convertible:0.2483766302047707
gave:0.016645174497927767
time:0.007083004349344007
window:0.03127347750515822
center:0.014648568759967753
does:0.01092815080123341
lot:0.011114589185046595
unless:0.013802966034710722
category:0.023399675288057226
show:0.01349806578356427
article:0.0036337797323614395
honda:0.021610851487330746
by:0.0044414146852787715
says:0.011484424862903892
integrated:0.024719134808227364
