some:0.01588485544399121
okay:0.029290926091853717
looks:0.023286431798461838
go:0.013234233005402225
1968:0.040914687115863525
at:0.00599295926839749
dan:0.054065353597105556
all:0.006490257351335314
ever:0.017982462971631703
with:0.003978417529180594
beautiful:0.03492224626672584
lincoln:0.07939819343249743
previous:0.023627206936685755
wheel:0.03305778082185508
56:0.03650179311593759
both:0.015276898519103658
automotive:0.03877527670836395
to:0.0018751008980827629
continental:0.16746179451447882
look:0.016130396763781703
most:0.012629901115422027
day:0.034602762391331594
ai:0.03301134568532175
that:0.004719790822237779
justice:0.029290926091853717
really:0.013274800974087932
talking:0.022174769934437198
nt:0.009715354445203245
could:0.010266048675687464
re:0.005087625888138375
personally:0.02665880683745919
on:0.0034490396274781624
you:0.0037809455061817814
1967:0.03888412256786355
imho:0.02945354868269422
m:0.0093116647082726
onto:0.029620154260981947
a:0.0038000112267929115
how:0.008948047600198124
owner:0.030488491406881684
as:0.00544295347086407
fake:0.08096979733891708
part:0.016661374914376033
abortion:0.03805853850661003
dumbest:0.040625165929341095
are:0.004373546813613779
no:0.007658134259744965
those:0.01262527655977932
concepts:0.0343918956444829
d:0.012393498111408404
it:0.00466469972435336
admit:0.027891817787153404
have:0.0034778953275350533
after:0.026247805274353078
love:0.022259982586268358
ford:0.03252044469043582
callison:0.08339494334444524
writes:0.013495150837093108
if:0.009117692785896725
of:0.006613625359378867
uokmax.ecn.uoknor.edu:0.04203767861490739
kit:0.07021726769247365
they:0.0063463920034540384
find:0.014397596854921021
one:0.020067569546441275
bob:0.025061258598837413
in:0.003626116365193683
or:0.009174305546980753
and:0.0038958919845998963
for:0.002213257570830435
subject:0.00018161195164638296
p:0.022898830201573808
car:0.020807097550227138
i:0.0064931533076664945
ugly:0.03732239167232273
sad:0.032184439552139385
em:0.032350367804684685
the:0.004102057197219336
would:0.0063445554156760274
named:0.06341927690107411
sport:0.03411419500148797
cars:0.05200104834246947
39:0.03612585652631141
about:0.013401580684651313
biased:0.03543109805640406
is:0.0036554098896688964
stuck:0.032350367804684685
time:0.010744965781657916
sides:0.03098526103283332
first:0.012772481832592116
designed:0.02673195508083512
nice:0.021494826236426925
trunk:0.04121708005852225
him:0.01630282519294767
article:0.011024937147164638
side:0.021907238629736005
built:0.02511903152431805
james:0.023534651480523992
