at:0.04894250069191283
way:0.0962429344192524
matthew:0.2381262411567497
owners:0.23986930352162492
think:0.07998600152936418
re:0.020774472376565028
national:0.18078744027708407
university:0.13057445008881408
of:0.010802254753652147
what:0.05113567238870173
subject:0.0014831642717787943
the:0.012562550166484216
do:0.03990655105036092
people:0.08362628555961762
about:0.05472312112899286
by:0.055024193045398115
