another:0.022627605412128354
sho:0.2532862956242713
24:0.03737840560069857
at:0.008989438902596235
super:0.051335878032128725
o:0.03572427534489675
times:0.028678327974418636
from:0.008638492392144648
yamaha:0.05598358750848409
to:0.004218977020686217
sound:0.0352161560115146
spoken:0.058832275087911355
owners:0.044057627177441314
that:0.0035398431166783345
technical:0.0391504820706051
me:0.011057027351066782
re:0.0038157194161037807
prefer:0.041903348010631024
this:0.005356963656851214
you:0.005671418259272671
assume:0.03542335260499159
a:0.0014250042100473418
j:0.03116457815845778
timothy:0.051933777667496614
as:0.03265772082518442
question:0.022275368197419432
output:0.041707736621776736
athena.mit.edu:0.049870136172650736
straight:0.04078226150472764
staff:0.04910880082784283
those:0.01893791483966898
it:0.01399409917306008
not:0.006152142944652703
assure:0.059735881183232226
always:0.027111796918354157
has:0.01086504565190358
ford:0.14634200110696122
writes:0.006747575418546554
get:0.013411979339705329
using:0.022494087537193067
who:0.01319441708401886
gardner:0.058832275087911355
called:0.027369943835272793
sounds:0.036354128199600384
tim:0.04161131938506315
in:0.007252232730387366
or:0.006880729160235564
better:0.022818529298993907
and:0.0019479459922999481
still:0.02083376614519946
for:0.0033198863562456525
subject:0.00027241792746957445
however:0.024460192899968498
car:0.031210646325340707
i:0.005843837976899844
the:0.0038456786223931274
can:0.017644203927300272
because:0.018007370396882792
refer:0.045732737110322524
taurus:0.18156359378855774
just:0.01198355677006006
long:0.024288890256210047
many:0.037820429134246804
is:0.005483114834503345
having:0.026702973392044502
fans:0.041969394077014874
show:0.09214495927759692
article:0.008268702860373478
high:0.02854412066981144
