some:0.006522552375046672
there:0.005127256902665628
mb:0.025502713649667684
traditions:0.032808985971893356
own:0.012661958857810029
with:0.0032671920491036165
though:0.013885721796707709
someone:0.01230982186962581
such:0.010743112868535187
from:0.00472945393536411
navy:0.032115954415077835
dealer:0.024707069291892442
my:0.01592537868151343
to:0.0023098309945656383
line:0.04732631981239087
add:0.019196762103082226
t:0.01439258689944381
she:0.05556104723293546
problems:0.0306488629708578
considering:0.02237636846567091
quite:0.014839102693348611
like:0.013012726966577355
and/or:0.022575318587396483
along:0.019519337492409135
its:0.023104184983622014
larger:0.023775708067713876
anyone:0.009345892456097158
this:0.0029328627841978716
on:0.0028324515376496645
you:0.006210044574399127
them:0.01637831476572336
letters:0.02620004920683382
particularly:0.02244190109017085
more:0.007102899585590647
a:0.003120679610829933
j:0.01706217128228415
series:0.040082126935951576
price:0.01748683911644672
as:0.008939823019184563
also:0.016575386946140407
evidence:0.017976022539179203
locking:0.03512710805045598
features:0.02416562852545433
helpful:0.025947504867347527
are:0.010775051088288695
no:0.006289082325041955
doors:0.028832230030149796
manual:0.021953058083143927
not:0.0067364246768264234
have:0.014280743384012648
being:0.010870413016341611
drives:0.022609176825450623
probably:0.013336445335358707
only:0.007449923118822831
reliability:0.030722318327750554
between:0.012976904167857014
feel:0.017018305498582
be:0.003231627134846209
claims:0.020985059640272214
down:0.013208746239961777
of:0.004345041018228797
electrical:0.05292910534771455
even:0.009380779037799027
but:0.0037166660460916773
jeremy:0.06904512576973616
good:0.009050334365136867
in:0.0009926240329301145
system:0.012487275582360475
or:0.007534206231319389
habit:0.032115954415077835
and:0.008531785798676868
subject:0.00014914501056993463
300:0.0464750908958922
forth:0.027585618011634658
car:0.0170873929602424
i:0.002132946449669217
back:0.011767355978030936
boss:0.032115954415077835
power:0.04528249072911523
any:0.01715006591545487
driving:0.023391668110062457
currently:0.02010577375339272
the:0.005053092804395886
wrong:0.014767720987876317
automatic:0.025735522009447398
strong:0.020171242379723522
got:0.012358401238159632
would:0.015630999655380604
road:0.020171242379723522
wagon:0.06993945769904943
comparisons:0.03202361194607666
an:0.005016190718221993
about:0.005502883688949003
claimed:0.023775708067713876
interested:0.016073051482764916
is:0.00900578637622337
move:0.03951759905668176
new:0.019262564970765887
lack:0.021673302005042385
engine:0.02279915653486512
does:0.013614400160195812
hear:0.01851218750982574
vw:0.06540912129560625
nothing:0.014272938555871
shoulder:0.030869342396562693
opinions:0.03190625872089433
bad:0.015310620372884828
by:0.005533159077190872
while:0.012124818468595098
s:0.003466124474055968
