week:0.03917998641369981
at:0.010010966050618535
cut:0.041602448815959106
damage:0.050562191547371266
insurance:0.050459352507372206
happiness:0.06611078081574867
from:0.009620139254888358
my:0.010797889333298878
to:0.003132270818388252
everyone:0.034744463153557996
100:0.038392182941262176
that:0.011826294048902617
guy:0.03848103121532807
liberty:0.056628272706356376
me:0.012313507731869826
re:0.004249323895206484
so:0.011611484061192274
had:0.03487292012913944
this:0.005965709526947943
you:0.006315897606917294
guarantee:0.0561116548191205
a:0.006347746026574523
hard:0.030729925029267153
same:0.022069242619643322
was:0.010062058342061201
austin:0.05689566472238131
rumor:0.0629435830604189
computer:0.03046253301324222
boyle:0.1404440626452588
it:0.007792168857726636
not:0.006851250097454147
craig:0.10374967598387536
has:0.012099709930528989
attempt:0.04382554996859767
his:0.0209594209261961
anybody:0.03454085391946245
be:0.013146846753124348
constitution:0.051420231916782
writes:0.0075143453524723
of:0.0022095521087015756
in:0.006057262564584902
and:0.0021693034914249424
for:0.007394292338910773
subject:0.0003033745101365716
integra:0.07725656778179102
will:0.012878469828446414
yet:0.029887144803251862
the:0.005139225068107179
would:0.010598291433004274
grants:0.06911250325940307
last:0.024774574455221566
record:0.08765109993719535
about:0.011193365685475814
company:0.0382514549958108
hit:0.04067843340828874
is:0.0030530980328484533
cactus.org:0.1404440626452588
else:0.028710820742477917
right:0.022044018111253404
90:0.045817720563003775
does:0.01384646379929006
life:0.0317088562873717
article:0.00920832818541592
tx:0.05383130600705059
check:0.03760581323395101
john:0.060942690899587405
