out:0.03415006084291188
from:0.024538326215367407
feet:0.06365307172399032
my:0.013771221178700018
to:0.003994780174176322
remains:0.0669181699827222
day:0.03685946428641844
hot:0.06063214763422336
re:0.005419427576495225
so:0.01480884923746261
had:0.0222378041403208
supposedly:0.06723324225281503
this:0.007608441135817667
on:0.007347953988975216
paint:0.1414566890510471
a:0.01011959511482895
was:0.012832770059440371
as:0.011595857394449542
surface:0.06615921367087704
let:0.03340779337322935
lets:0.06715382970550163
month:0.05759135491865592
it:0.01490675781478139
sun:0.05258684498693973
flow:0.07479665471589585
slight:0.07793032295458623
over:0.0290716051089762
in:0.0051501362867968255
or:0.009772629821783846
41:0.07256258689231239
and:0.00553329586218536
for:0.004715200911769188
subject:0.00038691241872490284
car:0.04432816434613608
i:0.00829994379327804
away:0.0401301969032416
any:0.01483025023606967
the:0.005461978333254007
can:0.01252994191938715
just:0.017020124108201244
15:0.04843203959392237
col.hp.com:0.08457633648244293
new:0.02498550094034126
told:0.04493072125694391
smell:0.0859576434361288
dave:0.05081557494745786
escape:0.06298452430764973
leave:0.05120553803325386
little:0.033990415969542956
soft:0.07743899611870679
s:0.008991830157333599
