go:0.020918626363377713
ask:0.031339382627487825
thanks:0.021434264999098528
much:0.01878706311354765
dealers:0.052936768566590416
post:0.027769653811087962
ext:0.05872122331018442
dealer:0.09510893340319887
to:0.004445803742228486
that:0.00373015726273631
nt:0.015356527994030937
so:0.010987210724569034
this:0.011289944911213313
hi:0.033881899570047364
you:0.005976333219448623
a:0.007508086698098898
how:0.01414368814224865
y:0.04584269437134205
want:0.020350515781851417
price:0.0673149290719132
prices:0.04690818794816175
it:0.0073732350481714405
not:0.012965806636042257
should:0.017664646690682576
have:0.005497318420942504
civic:0.06564979337889962
buy:0.03233162500262329
83:0.060311762343266385
ex:0.05899345780463916
stereo:0.055494292208567886
if:0.01441183698415934
of:0.002090758984577835
but:0.007153583034950648
please:0.020595864052744675
good:0.03483892153461289
in:0.003821068857946032
compare:0.046340977567672186
a/c:0.0692677744178374
installed:0.04306849414360315
registration:0.05317484518892604
and:0.0020526742714558595
for:0.010495124610066903
subject:0.0002870640526023473
car:0.032888638063262254
i:0.008210697085823438
everybody:0.043848487093937516
fees:0.0631484783760098
pay:0.03583701141933208
will:0.012186078977454672
the:0.0016209742150302216
do:0.015447697180784875
mexico:0.12399060126054438
tax:0.04765004678135477
including:0.06838640229097269
n:0.03936575801940217
is:0.0086668589319569
time:0.016983978171007674
lot:0.053302223403556795
their:0.01627616794173886
e-mail:0.029566621254325447
de:0.13035425894012806
honda:0.05181956862015868
live:0.033297723375781275
tx:0.05093714977011239
