abs:0.03270608369966949
simply:0.015447693635774695
go:0.009825415413101652
behind:0.01781688081312474
know:0.006231692553829808
all:0.004818524397203492
means:0.014316137476963399
ever:0.01335061644863566
versions:0.022426378892165425
your:0.006363294051420518
with:0.0059073472402984585
85:0.025052012524922534
2-3:0.02938256925144386
my:0.014397185777731839
to:0.001392120363728112
sound:0.017430218631961772
revised:0.05913248844400767
changes:0.020595501513819135
noisy:0.02938256925144386
observations:0.025836932241458044
slightly:0.021867028567454802
perhaps:0.014588189584040635
that:0.005256130688401164
guy:0.01710268054014581
bit:0.013763051505331818
like:0.005882015472266027
nt:0.003606457331931508
months:0.017150477474645556
its:0.010443558363808942
happens:0.01886907835746858
australia:0.023429766239617362
anything:0.011723440153128303
re:0.0018885883978695484
so:0.005160659582752122
89:0.02389450815234591
this:0.0026514264564213084
2.0:0.023685903070824518
he:0.008030975795556745
generation:0.046859532479234724
you:0.005614131206148706
2.2:0.025168121202825057
m:0.020739616850243517
why:0.00898849787956569
a:0.002821220456255344
same:0.009808552275397033
sorry:0.01604755901383144
as:0.004040980607156659
standard:0.015373962325566853
oil:0.09054158054164865
ie:0.021129384781623295
mind:0.015301291934394633
are:0.0032470271798041694
annoying:0.026304906132784838
model:0.01847955308880581
ear:0.029566244222003834
it:0.012121151556463655
not:0.009135000129938863
only:0.006735031506410539
mr2:0.10036703905534594
indicate:0.023986617180375105
left:0.014769723148992737
always:0.013418970191912665
second:0.01388735240733468
after:0.00974350347305531
has:0.005377648858012884
his:0.01863059637884098
heard:0.013649734138484216
toyota:0.026875312249858552
without:0.011349547903042904
which:0.0065247087500884746
common:0.0170006466648048
get:0.019914757201380643
if:0.006769196159226357
whatever:0.016691720094713956
of:0.0019640463188458452
describes:0.025247036949810314
but:0.010080048821975914
year:0.012498791496008344
europeans:0.028708168278592735
using:0.011133437265883438
well:0.008499332879562348
find:0.010689124937744396
in:0.001794744463580712
suspension:0.028183942047877365
or:0.010216840268228566
and:0.0028924046552332564
gets:0.016855133042387904
subject:0.00013483311561625404
car:0.015447693635774695
i:0.005784809310466513
we:0.006806787402595808
eliot:0.03016110803845021
any:0.005168117506509128
noise:0.046266769834506546
the:0.005329566737296334
do:0.003627868277305539
when:0.006604416377998666
original:0.015586707137744847
older:0.044627781667066976
did:0.008302581027489724
americans:0.021628377633866193
last:0.011010921980098475
an:0.004534839083645136
just:0.011862510742079656
makes:0.014105948900262497
about:0.014924487580634417
is:0.010855459672350057
87:0.026713250055154004
query:0.029119004841491485
right:0.019594682765558584
engine:0.14427951079891915
91:0.02359907276506506
does:0.006153983910795582
hear:0.016735765476054584
1:0.00989153480770055
first:0.009482600148439602
change:0.015010147009648929
mine:0.016491106286868618
seem:0.01393794219644312
s:0.009400549709939672
