another:0.014588850857819597
preference:0.03771201669965606
hmmm:0.03268357289026237
final:0.025372686823924965
know:0.02435279853272964
scenario:0.03719372145062241
fax:0.020122653551864402
with:0.011542645594530538
4:0.01634387831696499
from:0.011139108610923362
both:0.014774368962554196
my:0.006251409614015139
to:0.0027201299212319028
experiences:0.03108622756647551
w:0.06107251687557935
make:0.011579476864142787
that:0.006846801817785726
problems:0.018046534446656402
like:0.0076620991020307444
nt:0.009395770417400506
consumer:0.10803261611948707
prefer:0.02701663227001211
phone:0.019324652146115583
had:0.010094792668961416
93:0.04817125652374212
on:0.0033355843765742756
inc:0.02408562826187106
them:0.0385752413561116
3:0.01540438121472118
a:0.003675010857490513
uunet:0.024848633634324244
price:0.020593053959499754
test:0.02352565693407678
was:0.005825402198035431
swear:0.03839320537689843
following:0.018008646533156324
local:0.020107785867868103
question:0.014361750548336213
also:0.03903939820209385
internet:0.01879298646785925
base:0.02533970957508586
d:0.011985817252480496
it:0.0022556278272366577
have:0.016817454379857003
uucp:0.027852819785105745
p.o:0.030306963419020286
after:0.012692195313585205
has:0.007005095222937835
talk:0.022760485313401493
which:0.016998583322598917
claims:0.02471266891847846
get:0.008647197205862647
but:0.004376863304279014
administrator:0.03626557277785988
they:0.012275258217207152
policy:0.025241758177100657
box:0.020845651386227678
one:0.0064691507090501475
or:0.004436259590151877
stories:0.03044845161126347
1500:0.03690127564423535
and:0.0037677376430012154
for:0.006421359136422513
subject:0.00017563787428959404
offer:0.06937822931825996
i:0.010047300381336574
offering:0.0732425563619076
power:0.017775363685332512
driving:0.027546767050665655
decide:0.026932285635610387
yet:0.017303083833461602
impressed:0.03407671913426951
the:0.004463011243356235
automatic:0.030306963419020286
reports:0.07804386403002932
v6:0.035607128971563935
an:0.005907224595800899
people:0.00990311276363893
trade:0.05551424863596966
is:0.007070332286596418
engine:0.02684900670882142
2:0.012818483895364531
appropriate:0.026605314131977014
hear:0.021800536606965838
1:0.012885025604767819
wanted:0.02003394729964541
handle:0.02672603214953094
very:0.011468700603838469
by:0.006516022860639251
manner:0.029999320222256872
s:0.004081817637210647
va:0.03283598775395668
driven:0.06193818375619435
