simply:0.0135338200879796
positions:0.021412186268033512
go:0.017216214617647142
at:0.01169422582904112
fast:0.03081237101723927
there:0.0040609689627307405
50:0.015270722518267393
defense:0.01736374578870746
where:0.008174587602804255
switch:0.01881466115933706
with:0.0025877317557059616
much:0.007730959599822705
occupied:0.0224443176020149
someone:0.00974981466665053
work:0.00896049762827568
to:0.004878581097666658
w:0.01369177369482015
look:0.010491895240158896
then:0.007061417476884085
calculate:0.026333097807125692
us:0.009114497284004408
ai:0.021471981485585385
that:0.001534976218736623
think:0.006370566493489182
bit:0.012057894681662388
like:0.005153270192516253
nt:0.006319279218782642
me:0.009589280357562343
need:0.008500893767686885
re:0.00330920798918735
so:0.004521285829136815
this:0.002322931143236367
on:0.006730205644769335
you:0.004918575127510813
dont:0.02153259584115247
why:0.007874878673247815
fun:0.018213507322716087
a:0.0037075330774683055
other:0.006103132689521729
want:0.008374327290761865
was:0.003917969619917636
gary:0.01878176302443654
driver:0.01628223716144421
drive:0.012494706853123844
course:0.010823680530531057
based:0.013366827486285586
are:0.019913184385878666
no:0.004981175823816415
tad:0.026070162318316836
it:0.004551178270884583
not:0.002667743400778606
should:0.007269080275369379
rush:0.04519382260288971
only:0.005900602824200383
rely:0.022260690474108915
states:0.030556280844740557
expect:0.015293013642293752
left:0.03881953783407825
always:0.011756442911498705
doing:0.011861517279492546
differential:0.07464946058422468
love:0.014478838230891366
without:0.0099434092247898
be:0.012797815423395384
judgement:0.02222486211024777
writes:0.00292593978326355
get:0.011631628099921435
recognize:0.019810284900438853
down:0.010461794588288309
were:0.006864173882620793
if:0.005930534688171764
cops:0.02153259584115247
of:0.005162139439798371
future:0.015506665151848894
but:0.00588746214380894
using:0.009754073356835933
alone:0.01698766962572785
they:0.012383888820899252
exceptions:0.02558697961050714
who:0.01716441868452011
up:0.005944514913063649
good:0.014336370366013266
one:0.008701866440492234
in:0.004717160227287358
fear:0.019052062546471224
speed:0.04458139602060771
or:0.002983679016385333
and:0.0008446845453336059
for:0.002879193477098
subject:0.00011812812784078892
programmed:0.02642433359120859
car:0.0135338200879796
i:0.007602160908002453
faster:0.01725796914776253
stupid:0.03417421408200489
driving:0.018527029166819378
the:0.00533630449549772
wrong:0.011696557773583454
do:0.009535193613803053
thing:0.010017400155420162
when:0.01735851030323543
around:0.010474311651122281
would:0.0041267683455945845
can:0.003825513240874838
drivers:0.034799148305137216
because:0.015617011494641717
lane:0.07299949089381437
130:0.047688080586438274
cars:0.03382369073603103
mahan:0.028654002533338753
just:0.0051964095728579025
btw:0.016600843010811217
here:0.007966375688599097
people:0.006660500619792555
is:0.002377633866289061
limit:0.01964788947189714
either:0.011077711093421939
guys:0.01718883057297014
else:0.011179434625389631
right:0.017167022953896455
keep:0.011723073381088146
slow:0.018170478340893102
too:0.008639459592320781
150:0.020854874723884777
going:0.00963635258429063
lesser:0.026070162318316836
s:0.00549058655624795
