read:0.024912121559317824
radar:0.05602382718854707
insurance:0.09759171473953306
companies:0.043699256544920184
to:0.0030290091430567713
might:0.023374561932730176
make:0.019341543773073667
that:0.015248554964152828
considering:0.04401505445445157
esp:0.058475954126065856
re:0.004109236294265611
worried:0.05528479172690786
geico:0.22573741084506732
funded:0.06163729558157993
this:0.011538075568602616
you:0.018323043606880942
m:0.03008383982672686
sure:0.023978505716035204
a:0.004603859755537567
was:0.00973034213298226
also:0.01630216628219304
police:0.040391031995963646
pain:0.048648351651830915
not:0.013250769419251976
cs.umd.edu:0.06299150042140354
have:0.01685441581805449
try:0.026773512882894427
ve:0.020056414275026753
agent:0.054676548923796156
accident:0.05340103055838129
real:0.02810542696701371
has:0.011700818394357704
heard:0.05939884306417307
be:0.006356717111400784
g:0.0388461753957308
guns:0.04434019684110538
writes:0.0072666196815116746
get:0.014443670058144202
if:0.007364290327070432
of:0.004273419462983268
wayne:0.05134743304926243
but:0.007310804640114399
they:0.020503728011159204
policy:0.04216205761449781
david:0.027433464168620816
in:0.0039050483932855052
or:0.007410016018715224
for:0.0035752622298030113
subject:0.00029337315265954173
each:0.02797812524572105
i:0.010488939958538182
group:0.029638636646226874
the:0.0008283000109769814
do:0.007893603504466997
when:0.014370048822458638
specific:0.04027644273044432
claim:0.07176349549010959
rid:0.05074015086602013
an:0.009867012511667437
about:0.010824353629910678
purchasing:0.0613233024777991
questions:0.03323270700269793
smith:0.04327185224688421
switching:0.05823962220056077
article:0.008904756926556056
by:0.010883906316672156
