sho:0.18251512478807785
at:0.017273823773616293
where:0.01811232155131139
access:0.032866439882534564
own:0.02222049642694113
with:0.005733601733230856
4:0.024355583374300774
such:0.018853109837919595
from:0.008299727984609564
turn:0.0670878065630297
to:0.006755878235739366
stop:0.065175551266287
might:0.02085377584194555
that:0.003401025739553694
need:0.018835313642129765
re:0.0036660833605702994
compuserve.com:0.054304267738400615
you:0.021796038800342032
speeds:0.14634017506074853
3:0.022955548476839407
a:0.0013691216920062696
how:0.012895715659109061
wondering:0.03528366178291467
was:0.017361983021595796
idea:0.027180159757458393
mechanisms:0.06058371329795477
sc:0.05271757141045538
no:0.011036722903750096
those:0.054585754537869416
it:0.006722655485097489
not:0.005910882437019264
have:0.010024521826424566
tom:0.07442604359754422
safety:0.040516405736727094
centerline.com:0.0622214984417113
environment:0.041153465734096034
writes:0.006482964617819238
were:0.01520885585757156
reasons:0.03565220074309907
what:0.009023942186241482
ok:0.03199852147559737
chance:0.03524566203933926
one:0.009640303017408064
frost:0.061368445726126694
in:0.001741957861710691
or:0.02644358657659158
and:0.0018715559533862248
few:0.0224081127539832
for:0.006379389468864196
subject:0.0002617348714903755
car:0.05997339882124293
i:0.0018715559533862248
leads:0.04450779896531331
any:0.02006445620174132
do:0.007042332538298987
would:0.00914362398141545
handles:0.05443765648404551
quickly:0.04161449454433978
an:0.0176058458541517
jim:0.033199321048518325
just:0.011513613367312606
circumstances:0.047575174664140164
is:0.0026340453616731756
2:0.01910205443230793
1:0.01920121462671283
notice:0.039587896407887686
designed:0.15410185870128482
article:0.00794444000310393
neither:0.07338787157845036
give:0.02316898305250987
by:0.009710151713893785
