mustang:0.1067696844188021
there:0.016995907140317543
know:0.022849539364042624
v12:0.11591817526046154
from:0.015677263970929178
several:0.052193543927174006
v:0.07123422803522245
european:0.08206396945677764
nt:0.01322367688374886
re:0.006924824125521676
curious:0.07937541371891657
you:0.010292573877939293
am:0.030265488087062323
knowing:0.07951896884492246
etc:0.0860119995354902
them:0.027145540213560016
a:0.0051722375031347965
v4:0.10585122254585076
ole.cdac.com:0.24388903201850187
have:0.009467603947178755
engines:0.09214011022343425
site:0.07232526291552975
which:0.023923932083657735
writes:0.012245599833658562
of:0.007201503169101431
in:0.0032903648498979715
bmw:0.08206396945677764
and:0.003535161245285091
subject:0.0004943880905929314
v8:0.20272787222422264
i:0.003535161245285091
any:0.01894976419053347
the:0.001395838907387135
do:0.013302183683453641
att:0.11350978399660601
kidding:0.1094680512925316
v6:0.10022747414217997
cars:0.07077920468836123
about:0.018241040376330953
today:0.05257641232959913
right:0.03592358507019073
gt:0.10136393611211132
devil:0.0977546705750592
lot:0.04589913681972946
article:0.015006164450307426
vx:0.10983476661283123
s:0.0344686822697788
