since:0.022736609356860015
out:0.013388376125914318
there:0.010429306654285767
motorola:0.055378262533466276
to:0.003132270818388252
dirty:0.06071921286580419
anything:0.02637774034453868
re:0.004249323895206484
emissions:0.07320344341885088
installing:0.059985820580149965
something:0.022621151331403667
on:0.005761463923173749
trucks:0.06477233722874433
assume:0.039448733582831554
them:0.016657490585593647
legislation:0.06110445777120965
a:0.0031738730132872617
how:0.014947306786694595
removing:0.05783534331153033
let:0.026194747076736646
are:0.0073058111545593815
works:0.033808249926712955
d:0.020702775254284496
gas:0.045092837178056844
co:0.05187483799193768
it:0.003896084428863318
engines:0.056540522182561934
being:0.02211140829460396
diesel:0.07839387981084764
heard:0.061423803623178966
be:0.006573423376562174
considered:0.039123215422866044
converter:0.06123583075304006
of:0.011047760543507878
but:0.007560036616481935
they:0.010601359369406179
up:0.015266595117640735
in:0.0020190875215283007
clean:0.04933911581791257
install:0.05020625437545034
and:0.004338606982849885
for:0.0036971461694553865
subject:0.0003033745101365716
i:0.0065079104742748264
we:0.015315271655840568
any:0.011628264389645537
than:0.03251366550498776
the:0.0034261500454047865
less:0.03123710859768497
would:0.010598291433004274
can:0.009824613550428562
because:0.02005366248743766
instead:0.0348606171770982
rtsg.mot.com:0.12848740137487744
put:0.02826658294939522
cars:0.043432693786039846
people:0.01710537659173997
about:0.022386731370951627
different:0.028718373841036905
is:0.0030530980328484533
discussed:0.05158858516434043
easier:0.04746220130009774
lot:0.028165379412106714
converting:0.062345358816266384
hear:0.03765547232112281
matter:0.06865688663410324
cellular:0.05963614264075504
carbon:0.06937989527542801
opinions:0.03245011540363684
s:0.014100824564909508
