believe:0.031038169719004863
uhura.cc.rochester.edu:0.17311173624579346
there:0.01311112836538782
differences:0.06543443162308782
true:0.03690401131654066
thanks:0.0284769520702309
such:0.027471674335254263
from:0.012093889349002507
appreciate:0.054845904791635626
been:0.020960576960306274
that:0.004955780363349669
sucks:0.08285784478123547
so:0.014597294248356001
prefer:0.05866468721488344
this:0.007499749119591699
93:0.052300221368634305
am:0.023347662238590937
a:0.003990011788132557
as:0.011430202288814549
also:0.02119281616685095
are:0.009184448308588935
have:0.007303580187823612
university:0.03357628716569505
between:0.03318379780066293
heard:0.03860924799171249
if:0.00957357742519156
captain:0.08033703853349894
of:0.0027777226509391236
what:0.013149172899951874
released:0.06179496437223321
in:0.005076562911271156
and:0.008181373167659782
for:0.004647840898743914
subject:0.0003813850984574042
i:0.013635621946099637
rochester:0.07992293086388105
any:0.029236779036823063
the:0.005383950071350378
do:0.010261684555807095
thing:0.03234189193035652
would:0.026647132745839314
replies:0.06402583195445154
is:0.007676360768304683
new:0.0738856956378663
e-mail:0.03928136823788952
article:0.011576184004522871
opinions:0.04079443079314346
94:0.3113514998770625
s:0.00886337544080026
