transmissions:0.02385030480862539
sho:0.1931677585305727
at:0.0034278794258927278
say:0.007383443479640247
there:0.003571124457498628
all:0.01113697856785554
anyway:0.011861921484998187
take:0.008271397394302347
chris:0.014928977598907782
ever:0.010285688937081169
cut:0.01424519648172919
with:0.004551185811591808
hell:0.013281637838450955
ca:0.016004269230290438
vehicle:0.01712327895719548
from:0.006588110929417709
work:0.00787965939295838
my:0.003697331756149032
to:0.002681321323133912
bet:0.016784713287975137
slightly:0.016846971425509925
engineer:0.017348658909462817
calls:0.01559645784225069
that:0.004049470335811013
like:0.009063339015631697
nt:0.011114063061827837
could:0.005872020059634464
me:0.004216298367332859
re:0.0014550214115882122
accidents:0.021997843036943996
anyone:0.006509395913001522
89:0.018408998498694512
he:0.012374577490429847
slower:0.0380332556024885
on:0.003945593970733774
you:0.008650567928540418
regular:0.015747247672201016
performance:0.014751016473138584
disclaimer:0.014607219949705007
went:0.012694401810257135
imho:0.016846971425509925
m:0.005326127284498335
why:0.0069249905842568345
fun:0.016016547295462393
a:0.003260320916372907
fine:0.01260372209307611
also:0.005772362380076134
ratio:0.020748019050599933
sc:0.04184585434915525
business:0.014072232425033337
are:0.0075048021198586634
no:0.004380333603822995
play:0.012458825808484208
d:0.007088888024813367
it:0.0026681356399997818
not:0.004691906681525019
should:0.006392265144877353
have:0.009946509983417371
due:0.012899387100772305
transmission:0.01885559583173898
real:0.02985518117507682
has:0.00828618267615993
manuals:0.01901662780124425
netcom.com:0.025050857390825985
willing:0.01391400721392868
usually:0.012831714950142464
heard:0.010516137585291341
be:0.004501644024416119
which:0.00502681841446505
stick:0.04933458332514935
callison:0.11925152404312694
writes:0.0077190162375590935
down:0.009199866058183494
if:0.005215178363917582
of:0.0022697344618568716
uokmax.ecn.uoknor.edu:0.04808979576958278
oklahoma:0.02357552828250106
looking:0.010092939087185384
but:0.010354602680940237
year:0.009629419129220435
significantly:0.01901662780124425
killing:0.015747247672201016
anyways:0.021997843036943996
again:0.009501436335050654
order:0.010911738759270397
beyond:0.015196747849955667
they:0.007260074898892947
who:0.005031334140987736
removed:0.01796635692143125
david:0.0194275894112412
one:0.003826112481617208
in:0.0034568035388033167
gon:0.018601188208148118
use:0.012939918503870412
and:0.0029711861049866914
for:0.003797846648779074
subject:0.00010387920969656924
each:0.009906651351597726
p:0.02619554894654747
i:0.0037139826312333644
faster:0.015176268589083004
away:0.010774255199702999
we:0.010488279421898599
back:0.008195940545009873
limited:0.015105428260302567
any:0.003981662514742441
will:0.004409748423748188
persons:0.018881975936740455
than:0.02226616781664531
the:0.004106047525232195
thing:0.008809075623054306
automatic:0.07169896404188457
disabled:0.02263715452056764
would:0.00725797389964495
drivers:0.030601585669108994
law:0.011699770915346172
na:0.01695837925692754
wagon:0.04871269621840407
taurus:0.0461562443353532
an:0.020962602456694242
cars:0.029743790297054526
eg:0.01967162902622174
different:0.009833528786035984
is:0.005227093908378676
number:0.009736439098823962
center:0.012710625811178244
man:0.011276456571187544
experience:0.012888026361070615
handle:0.01580683613513114
somehow:0.016545188412490957
position:0.013396276098101992
leave:0.013747790366904733
article:0.012612184907651378
little:0.009125831524896749
u:0.014714566084019517
checked:0.017512708757028102
s:0.007242446858241459
james:0.026922908697564415
