go:0.027208842682435345
say:0.013269545274598206
know:0.008628497382225887
with:0.00408970193559124
much:0.012218159926992527
exhaust:0.12095586626465693
into:0.012523104216660044
both:0.015704224351805858
added:0.02925607123609379
my:0.013289709948675543
to:0.0038551025457086176
mail:0.021428779754096895
that:0.007277719414709304
like:0.008144329115445267
along:0.02443329658140724
could:0.010553210876405995
mainly:0.03365498238551467
me:0.022732629658836604
anything:0.016232455596639186
funds:0.03479416749696119
so:0.0071455286530413996
anyone:0.035096113628840374
these:0.03475460083424355
on:0.0035455162604146146
you:0.0038867062196414116
tell:0.016853322053303865
am:0.022857851142676442
a:0.006836034182464871
how:0.009198342637965904
other:0.009645510404418956
wondering:0.025167367145855223
low:0.023746814964893847
was:0.012384071805613784
canadian:0.033934739970225856
also:0.02074821163188205
whole:0.02092248583935168
far:0.017408238266583227
are:0.004495883787421158
have:0.007150358225841299
only:0.009325428239645361
1981:0.038366374656163924
decent:0.0630148576618142
after:0.013491004808845812
willing:0.025006292685172522
be:0.008090367232691907
thinking:0.02436032541152906
found:0.01870294059620278
if:0.014059099715316279
of:0.004079173123756755
kit:0.03609069353424345
looking:0.05441717507846106
but:0.004652330225527345
find:0.014800326836876855
good:0.011328740219297197
in:0.0037275461935907094
bmw:0.0619783825267971
or:0.004715464739182415
and:0.004004867984169124
for:0.013651001241066042
subject:0.0001866920062378902
half:0.026445059325825283
i:0.010679647957784331
back:0.014729767273199563
power:0.03778818573665094
possible:0.018020780580171904
any:0.014311710018025278
information:0.017054694297089265
cost:0.02322382940105511
the:0.0015813000209560554
got:0.015469607144269749
would:0.0195660764917002
can:0.006045916031032961
increase:0.029403816315995014
may:0.013014164527551265
sport:0.035068438218312806
an:0.006279007961970187
note:0.020711112579569913
about:0.01377645007443177
interested:0.020119414093810628
deal:0.023051153788535027
either:0.017507431518275232
horse:0.03793188667639465
nice:0.022096080117166142
process:0.025290655477157815
mike:0.022345538664039884
main:0.026002916165222573
