looks:0.0316954210590175
all:0.008833961394873066
from:0.015677263970929178
dealer:0.040949679659710615
name:0.025576226905835657
my:0.008798280197502789
to:0.0038283310002523076
dod:0.03238392631196701
line:0.026146331007462855
t:0.023854380138892982
make:0.016297041512497255
that:0.006424159730268089
nt:0.00661183844187443
months:0.03144254203685018
re:0.003462412062760838
89:0.04380659827930083
pricing:0.054034881641560756
hi:0.02917608018531856
these:0.015339221973138356
on:0.014083578478869164
you:0.010292573877939293
used:0.018282069521637644
am:0.015132744043531161
dying:0.04712509455013582
8:0.027337882244202465
3:0.021680240228126105
sure:0.040408222595540805
a:0.0051722375031347965
same:0.01798234583822789
ama:0.04665814220173867
as:0.007408464446453874
oil:0.04149822441492229
question:0.02021283410506578
fine:0.02999219053630148
california:0.07369387457264696
manual:0.036385161082247805
it:0.0031745873124071474
should:0.015211223539198885
have:0.014201405920768134
only:0.012347557761752653
moved:0.08256676555059156
1977:0.05338484220940105
mileage:0.04957837067397124
sun:0.03359715096387816
be:0.010712245502545764
writes:0.006122799916829281
get:0.012170129400843725
jump:0.04592868962902464
of:0.0018003757922753578
phil:0.08206396945677764
san:0.0373885688296717
they:0.008638144671367996
good:0.015000091216291658
in:0.004935547274846957
bmw:0.12309595418516646
valve:0.10645844148701725
or:0.0062436246083619005
for:0.006024978942816185
subject:0.0002471940452964657
al:0.0352779090807614
i:0.003535161245285091
the:0.004187516722161405
jose:0.04222126549799115
did:0.015221398550397827
cars:0.035389602344180614
here:0.016670378755772184
maintenance:0.052346719078653764
changed:0.03499365920216134
is:0.004975419016493776
engine:0.03778749092352644
records:0.04565227330356463
16:0.03228696983171427
every:0.02251989376793885
article:0.007503082225153713
ac:0.04761685219193163
roof:0.05322922074350862
answer:0.028113620760452374
1991:0.040202242518299125
