read:0.007737211815351269
go:0.006639700518068693
at:0.021046945690037604
fast:0.023766538736846674
andrew:0.012851393034716718
behind:0.012040076453920471
form:0.011649764247378484
know:0.004211177903270654
50:0.011778782556752325
chris:0.01309470048777918
where:0.006305313304552088
switch:0.014512332498328244
much:0.005963129247644817
ca:0.0070189371880283995
previous:0.01185392293410514
sigh:0.018998069226979445
work:0.006911510116007862
my:0.00972915625935462
to:0.0037630011197019274
80:0.013640483370181943
enough:0.0083008482148034
ai:0.016562006197072685
make:0.006007100625766907
that:0.0035519244925031755
think:0.004913815793612816
quite:0.009065526901397275
like:0.007949754699717905
talking:0.022250451743087155
nt:0.00731138448862565
could:0.005150543192239104
me:0.011094764645780322
re:0.0025524948995096965
exactly:0.010977415198880574
so:0.006974816364402185
brad:0.01631571798462139
this:0.005375246809263675
he:0.00542707579358442
you:0.01707232390675255
them:0.005002932326048604
m:0.004671722566949052
why:0.012148276997638268
fun:0.028097287746988636
a:0.0057194708225790925
christian:0.010941441540056572
want:0.012918757458786222
was:0.003022051652223159
as:0.0027307650519352166
following:0.009342369532558913
said:0.007479538664380315
driver:0.012558995216677105
drive:0.00963755545667573
also:0.00506313014225108
others:0.00920248540296381
are:0.015359657580916652
hey:0.013154057971437438
d:0.006217898369887493
yeah:0.013495639741256492
it:0.007020930301842429
not:0.008230853359398839
ones:0.011578941912548999
flame:0.0286529249479713
should:0.016820602138909346
rush:0.0697187980085534
try:0.008315323113799976
only:0.009102636438698202
kind:0.009404527975983139
left:0.009980905063141848
real:0.008728989262792653
doing:0.027447470018757494
has:0.0036340425729916416
feel:0.020793697503386877
without:0.007669660357687696
be:0.00987135251087835
scared:0.019400059109765735
writes:0.0022568682287288817
get:0.008971836008813123
if:0.004574405595654671
of:0.0026544789838326096
america:0.01343938073196745
germany:0.014350668031355929
park:0.015328471908003299
what:0.006282881249123763
but:0.011352956011099152
reading:0.022432232398382188
oh:0.011022922130175677
using:0.007523619722337613
spencer:0.0158898109101716
they:0.006368052044421459
who:0.013239449224237355
up:0.004585188977311893
good:0.005529043861295219
one:0.003356009924148882
in:0.004851322918620901
1-2:0.02010872588375292
po.cwru.edu:0.01627278698732835
our:0.007610155027236838
fear:0.014695447561441968
point:0.015027549223618162
pull:0.015426929772636945
speed:0.011462338453535089
or:0.011507021462509988
thoughts:0.01465537309769902
better:0.007632136079526973
and:0.002606125696182866
for:0.0011104056754678293
subject:9.111589382941398e-05
car:0.05219527883760051
i:0.007818377088548597
faster:0.013311607602028437
stupid:0.013179816352445571
limits:0.016878022534369014
the:0.0015435215221618831
thing:0.0077267318604947325
see:0.012077718507926117
when:0.008926105411902634
drivers:0.04026249582061951
because:0.012045885999279958
lane:0.018768924848694024
maybe:0.009037246014820218
130:0.11034989296110972
may:0.006351622960545498
just:0.004008152093740225
makes:0.009532347720996499
btw:0.01280474580356087
here:0.0061447129884757545
address:0.010897001207964541
about:0.00672365993393769
different:0.008625313645089583
newspaper:0.016827459101655225
is:0.0009169714228350304
either:0.008544582618134329
done:0.00903980734273276
right:0.013241457978090782
their:0.005166155694818137
cities:0.016562006197072685
paper:0.013162622516165854
handle:0.013864699272111616
too:0.019991650524209863
150:0.016086012585658567
e-mail:0.009384627224069169
article:0.0027656412297494917
dumb:0.01755160422091678
before:0.007256635724309367
close:0.011859772068841435
smart:0.01692934634789987
going:0.007432818034299258
live:0.010568901958865728
says:0.008740705612380778
s:0.008470119875167485
