technology:0.06354089973239514
where:0.017428837719186432
exhaust:0.05439210338316333
from:0.007986530702171467
work:0.019104457207455693
lu:0.05633867350578435
to:0.0013001878868781423
mail:0.02890863683807411
cold:0.04168066400980783
uxa.cso.uiuc.edu:0.04206231452577306
me:0.010222534720797592
re:0.003527740592246892
anyone:0.015782214619258408
this:0.024763322564689577
on:0.009566204249797922
used:0.01862701422959307
working:0.029891877459496292
a:0.003952370167489797
how:0.012409084879520041
air:0.10907940525371235
demonstrated:0.04877614686848232
was:0.01670681385096954
worked:0.036265696609191975
coming:0.03279839579990184
are:0.006065201713219108
thread:0.03927290371230156
gas:0.03743556294027361
it:0.006468970372452301
have:0.004823118991958989
follow:0.03563200294733288
only:0.01258053054971025
energy:0.04326042481597407
kind:0.025995534877009997
allen:0.04201913842174087
convex.com:0.05072822909307971
without:0.021200098913231085
which:0.012187663514316206
writes:0.012476648887123817
applications:0.03679529271126728
of:0.003668690293693182
short:0.03266960250586101
years:0.02103561719792824
ok:0.030791030099159733
well:0.015876112359937213
they:0.008801128533091921
up:0.012674154437286648
called:0.02530428769676164
tim:0.0769416849006828
email:0.02588583640535793
in:0.006704894411112848
system:0.06326100931818468
or:0.006361428846255522
better:0.02109637614435286
still:0.019261406436127802
for:0.006138657790793848
subject:0.00025185808388696507
i:0.001800931200428254
we:0.025429130296489997
news.cso.uiuc.edu:0.04326042481597407
ago:0.02699212948457211
tobias:0.11974703473687834
the:0.004266526471636149
seal:0.055766743111289686
auto:0.08915295453026939
may:0.01755684459848897
interested:0.027142228447310564
unit:0.040473026581126566
is:0.007603942270490488
discussion:0.032432754193303694
today:0.02678421005470144
max:0.044921660731477076
supposed:0.03442165105109774
article:0.015289299628615112
very:0.016445683884749502
