read:0.01666914016101413
mark:0.04417094065135574
there:0.013496749787899227
know:0.018145222436151496
ever:0.019436926888454855
where:0.013584241163483541
way:0.01273803543784223
much:0.01284703580558773
someone:0.01620189790193397
wrote:0.018938051284506333
my:0.006986869568605157
to:0.00405352694144362
look:0.017435061207911107
owners:0.03174740781903859
that:0.005101538609330541
like:0.008563522525799068
nt:0.0052505775861944005
re:0.0027495625204277245
avoid:0.028431981567816907
so:0.007513313216065589
this:0.01158049496407542
best:0.017905706470304664
big:0.020410151131379096
on:0.011184018203807867
you:0.008173514550128262
letters:0.03448388829428863
why:0.01308619544230887
a:0.005134206345023511
was:0.013021487266196848
as:0.011766384709073801
said:0.032228012186226944
far:0.036608501060608846
manual:0.028894098506490905
officially:0.04024744522098538
silver:0.03829684863449557
it:0.010083983227646235
have:0.003759195684909212
only:0.00980541351668593
left:0.021502979290445305
placed:0.033491421851665426
anybody:0.02234996430082864
get:0.00966451452419943
if:0.004927576615907421
of:0.0014297101879833724
costly:0.04438557288787289
but:0.009783576797800151
registering:0.04489287341351224
fact:0.017634317122270877
up:0.009878385076120474
net:0.024376047683077075
called:0.019722459528358337
in:0.0026129367925660364
government:0.019791286313355128
logo:0.0833634284209617
nissan:0.21388782028624573
yes:0.019609160812528593
and:0.007018334825198343
subject:0.0001963011536177816
car:0.0674700736738983
i:0.0028073339300793373
ago:0.02103798327474003
actually:0.017972897993390326
the:0.00609653169844087
see:0.013010189422141001
can:0.006357102885571422
did:0.01208758120178651
may:0.013684011231175226
bought:0.02693443932991515
an:0.006602192195306888
just:0.008635210025484456
is:0.00987767010627441
ad:0.03183582100261802
goes:0.023698729382284386
first:0.013805550216110596
trunk:0.08910162895004076
very:0.0256359189968154
little:0.03449027502791859
close:0.02555083247184221
somewhere:0.02852589013898961
clue:0.037297174838642415
while:0.015958400778518546
s:0.004562031476882488
