ask:0.04777971449764537
join:0.07517385295890577
posting:0.1081701166215161
racing:0.09824512788214713
monthly:0.17988169101086693
emphasis:0.08994084550543346
to:0.002259342885394805
owners:0.0707811059572008
sources:0.06310063893794203
technical:0.06289749578556231
grand:0.32883846985040865
scott:0.06265700087166404
national:0.10669422704877093
this:0.008606269481498672
parties:0.08023509036299778
contact:0.05705036555705849
performance:0.06214772514092813
other:0.045223212715800355
given:0.04570143539641445
discussions:0.07868320140330798
regarding:0.06486879296837504
list:0.19092646537190686
of:0.006375101166089792
mailing:0.2894265425289569
parts:0.059814672318300996
particular:0.055591007345636184
in:0.002912781998270336
or:0.011054286191853857
and:0.012517948016091471
for:0.005333587916591377
subject:0.0004376550310166934
group:0.044215015324699104
information:0.03998067679481582
the:0.006178303360566007
about:0.01614780623478478
company:0.05518242687920246
interested:0.04716518385926098
is:0.008808938586579145
include:0.05510693890564921
