some:0.012599318796403103
looks:0.012313329044510398
confused:0.017382968015916465
at:0.0031689388937209753
dan:0.014294257156069275
all:0.01029569601416861
take:0.007646579605524113
ever:0.019017424869279573
with:0.006311086799887202
much:0.006284880825755149
beautiful:0.018466079860462944
hell:0.012278348649215452
lincoln:0.04198393681502563
modern:0.01477168383108576
from:0.006090447873598386
wheel:0.01748019345616078
56:0.01930130787065765
work:0.007284433323706129
both:0.016156144477037684
automotive:0.02050347365514209
to:0.0034702856549049697
hardly:0.015707326800681733
job:0.012487368903917901
continental:0.19923736883332327
most:0.006678400949521719
ye:0.020023144904694166
us:0.007409627288435238
day:0.009148572071089468
engineer:0.016038148704071744
calls:0.014418308149131035
been:0.0052778431195015805
that:0.0012478583648722187
quite:0.009554674036364754
like:0.004189349149311774
really:0.007019409148168798
talking:0.011725507843029743
nt:0.002568627883893664
me:0.0038978010086494416
re:0.00269021944444727
89:0.017018390698433417
he:0.011439807248347016
personally:0.014096563327721226
big:0.009984822136214235
on:0.0018237727526593164
you:0.003998553880638287
disclaimer:0.01350379685997909
came:0.010858729253517795
imho:0.031148716952201803
m:0.00492379392847508
more:0.004573449733168079
onto:0.015662455670375348
a:0.0050233961361381115
how:0.009463043145533269
was:0.006370223986340904
factory:0.020023144904694166
fake:0.06422244716989647
rear:0.03408025128503923
definitely:0.015308819223456057
dumbest:0.021481652487817058
sc:0.019342418287289387
foreign:0.01587681573225393
business:0.01300922206199125
are:0.004625261738138313
no:0.004049445094181691
those:0.006675955590962446
early:0.012599788125155689
concepts:0.01818564266093161
play:0.011517691484821733
place:0.009782113731354049
it:0.004933171650934849
not:0.0043374820760860786
have:0.005517092947636542
neat:0.01884147559903936
after:0.006939617581528602
has:0.00766024801357231
love:0.011770566331587944
willing:0.012862949115034788
be:0.00208079588898371
common:0.012108374243278238
callison:0.154340641549342
writes:0.009514566777231113
were:0.005580227688749277
if:0.0024106130207316883
of:0.004895985967482628
uokmax.ecn.uoknor.edu:0.06668567003300058
oklahoma:0.021794643052527957
kit:0.09282318660785635
what:0.003310942816534645
but:0.00478621023201734
killing:0.014557707380416049
one:0.014148358385260755
in:0.0031956780916275263
gon:0.017196062480194483
or:0.004851161566209247
rather:0.009257135442132603
and:0.00206005799185678
for:0.0035109589522885685
subject:9.603221903603705e-05
p:0.036325122729834715
car:0.044009256688969635
outside:0.012966819343458724
i:0.00206005799185678
away:0.009960372612675074
ugly:0.019735221495796554
pay:0.011988640510783752
any:0.0073617788941640816
will:0.004076637931306778
em:0.017106129738448377
the:0.005151549348846046
thing:0.00814364185296747
would:0.0033548548421020725
specific:0.013184015426152636
law:0.010815975270661748
na:0.015677350608022944
named:0.016767326806578952
auto:0.016996786295339128
may:0.006694336429639679
come:0.008637387318235283
sport:0.05411640286207264
an:0.003229849419286823
cars:0.0412454358255918
people:0.005414651582996826
about:0.007086447340445119
techniques:0.017106129738448377
is:0.0038657931926714233
stuck:0.017106129738448377
convertible:0.022137485425924808
time:0.005681690539221991
center:0.011750470624002909
man:0.010424637909335248
spare:0.036677469598257434
sides:0.016384292704411864
mount:0.01887762788628217
smith:0.014164527174339794
first:0.027015177401309945
various:0.012822226540846002
trunk:0.04358928610505591
taste:0.01853148388594205
almost:0.01087047816641931
article:0.011659465903835986
very:0.006270656445264199
u:0.013603034113643941
era:0.018155790852245654
side:0.011584043448097818
bad:0.009858277146569727
built:0.013282365590196956
s:0.006695355548805953
james:0.03733374569392475
