go:0.0075113214354985604
at:0.01360563725798349
out:0.004548946328495984
scheme:0.017725200673646344
form:0.013179076928501527
all:0.007367319155569816
controlled:0.018736169172750183
your:0.009729206348890058
much:0.006745933859304754
profit:0.021334410382180393
ca:0.007940342069854521
from:0.003268618742973651
dealers:0.019008183307694625
sell:0.013436572582936556
dealer:0.03415108419497102
my:0.003668780931777225
to:0.002660616139171488
building:0.01467361995690599
within:0.02499189356233836
competition:0.020147210769253906
then:0.006161700192184569
value:0.014416420153500647
remains:0.017827620574547613
front:0.013578961117242987
been:0.005665020800082777
that:0.006697000491013066
think:0.005558872693160445
nt:0.005514120090520761
its:0.007983878594726527
parr:0.04791902890188917
re:0.0028875714500244828
larger:0.016431860015910363
consumer:0.0634013808886565
practice:0.015855320868887416
charles:0.03178573478713387
pricing:0.04506383951574179
lowest:0.021886923291989945
best:0.009402224246955344
personally:0.01513067415099035
on:0.00195756303181193
you:0.008583768176196476
market:0.015099827085224024
them:0.005659687920973903
m:0.005284998888479043
more:0.00981790753529518
a:0.0037743354752605273
same:0.007498429924820898
sorry:0.012268018087793917
want:0.014614656121329587
price:0.060427494244091946
as:0.00617848772368354
acs.ucalgary.ca:0.023482240489681352
ie:0.016152965972051785
scale:0.018683992650870944
no:0.004346508633909304
forces:0.0170078034501847
d:0.0070341475767453105
ludicrous:0.02305752660854495
it:0.009266362965945189
not:0.004655675741899343
have:0.007895762365214717
whether:0.011032658628887354
buy:0.011609425193992147
kind:0.01063909921607359
selling:0.016099525619110194
war:0.013655695426922847
struck:0.02103726350520693
centerline.com:0.024504219463531093
free:0.011148678741794347
heard:0.010434931889652025
be:0.004466882294497848
which:0.00498800128385142
writes:0.007659409934566359
get:0.010149605986804033
making:0.011871070235028586
things:0.008628285436834941
if:0.012937266790799406
of:0.003002943406420674
what:0.007107661027001014
but:0.002568661089769924
drops:0.021600792125373258
separate:0.016303859215459005
together:0.013741182399421742
they:0.014408025088922683
up:0.005187105677036234
removed:0.017827620574547613
called:0.010356194964697814
one:0.00379656721148889
frost:0.02416826820102287
in:0.003430110075183214
economic:0.017705038727773174
or:0.005207038283421508
rather:0.009936230320126886
weeks:0.014056235078506217
and:0.0036853032286755776
few:0.008824816605815779
for:0.0037685196476302005
subject:0.00010307705363713628
costs:0.015892867393566934
car:0.011809433744723511
i:0.005159424520145809
elements:0.01892454818498737
power:0.010431873668612132
possible:0.009949697385963638
controls:0.019240494201387494
pay:0.012868116069489897
will:0.004375696312367894
cost:0.02564484636564387
em:0.018361019564821036
the:0.00378331626635432
do:0.005546856516652484
magnus.acs.ohio-state.edu:0.053297529584494865
saturn:0.06620810058852442
would:0.007201927769145761
can:0.006676185269789293
because:0.006813599609631328
regards:0.01594350423556627
increase:0.016234539510375626
last:0.008417616031117752
an:0.0034667881797750453
cars:0.029514108518698894
jim:0.013074636088605674
lower:0.01533197920094833
competitive:0.02305752660854495
company:0.01299663335765
different:0.019515188401631255
stops:0.020943088010519053
f:0.028696766165303846
unknown:0.018220603950261677
is:0.002074692099541806
threads:0.021886923291989945
new:0.006656368976384351
time:0.00609849409229233
build:0.014407849664163532
nothing:0.009864308886103896
article:0.0062573967592015525
neither:0.014450893631277873
difference:0.012382833385460952
honda:0.018607026570172807
by:0.011472225577032811
bothered:0.02149202426063698
john:0.02070639690796792
charging:0.023393477871053173
s:0.01676854813124374
news:0.011848944077851037
