week:0.05561030329686425
out:0.01900285643678161
there:0.01480288686414754
andrew:0.12146639223135479
technology:0.054317220738982944
4:0.040068862970623856
decision:0.06781847956753688
to:0.002222901871114243
laid:0.09193493026015323
re:0.006031298431905976
effort:0.0655218852698178
dsp:0.09700740332309578
consultant:0.09272186839191825
this:0.008467458683409984
on:0.008177561697407902
more:0.020506758480979447
want:0.03052577367277712
was:0.028563262390367276
mac:0.05534326023888929
business:0.05833167311667044
are:0.010369538412922992
not:0.009724354977031691
between:0.0374655781620388
of:0.0031361384768667524
what:0.029691680741826813
macintosh:0.07573557944689645
fact:0.03868172788111031
they:0.015047090717866833
one:0.015859853351219717
in:0.005731603286919048
weeks:0.05871878847311468
and:0.012316045628735157
for:0.0052475623050334515
subject:0.0008611921578070418
example:0.04534450231867588
we:0.04347560986174097
world.std.com:0.07413026339291205
ago:0.046147834280074906
the:0.00607865330636333
page:0.13563695913507376
an:0.028964456082636668
cars:0.06164640408341139
e:0.10035128051786538
article:0.01306988516639679
very:0.028116814383603986
difference:0.05172828785216752
