at:0.014209113104103726
uiuc.edu:0.0924552667475439
till:0.08062763413003939
way:0.027941497089460376
to:0.011114509355571216
matthew:0.0691334248519596
owners:0.06963947521595562
mail:0.04942444362638477
next:0.04319967780240605
make:0.028388394892737156
think:0.023221742379492826
uxa.cso.uiuc.edu:0.07191298935051522
nt:0.011517395995523202
re:0.006031298431905976
wait:0.059216125888872866
national:0.05248667620947602
ti:0.06110743639115585
hat:0.08636232310949828
europe:0.0663387196701203
hard:0.043616667783475956
want:0.06105154734555424
course:0.039454061288709985
it:0.01105985257225716
have:0.008245977631413756
buy:0.09699487500786987
university:0.07581742263221462
cka52397:0.09772436723552858
writes:0.010665522435767134
of:0.009408415430600257
what:0.014845840370913407
please:0.030893796079117013
one:0.03171970670243943
and:0.0030790114071837893
subject:0.0004305960789035209
i:0.0061580228143675786
uiuc:0.09700740332309578
the:0.00607865330636333
do:0.02317154577117731
people:0.024278599033437376
about:0.01588735774712696
move:0.05704556638020995
illinois:0.07772935293023801
under:0.039150377856542566
construction:0.0843222562206415
by:0.01597476572285752
