since:0.011433266419449608
choice:0.02155635814010596
at:0.005034085785453892
out:0.0067324405661740565
there:0.005244451346155128
il:0.02938640020987781
beats:0.032481241823779206
motorola:0.027847354873971615
efficiency:0.03436833717732536
to:0.001575084754389521
bunch:0.023178302978024718
that:0.0019823121453398673
dirty:0.03053308989823296
really:0.011150832818233862
me:0.0061919353165973984
anything:0.013264235144682307
re:0.004273605746036234
so:0.005838917699342401
emissions:0.11043262321472362
this:0.00299989964783668
installing:0.03016429834887541
617:0.029762122367379414
illegal:0.023484337860704498
something:0.011375207526648702
on:0.002897193287081657
trucks:0.032571232435025715
assume:0.019837077458795295
them:0.008376338123041376
europe:0.023502860683128332
cycle:0.02888919234136564
bugs:0.028985233017459245
legislation:0.030726813050665425
a:0.0023940070728795345
how:0.007516359984166425
same:0.011097676288734927
40:0.021854326788713133
removing:0.029082915493798107
let:0.013172215672873284
also:0.008477126466740379
california:0.02273982415384535
worst:0.0246269195073915
are:0.022042675940613446
internet:0.016323051103512034
crap:0.027768535890358267
works:0.017000719963147087
d:0.01041053841358306
gas:0.022675255266680013
reason:0.015269782422905873
co:0.026085632818802947
it:0.005877521652685234
fuel:0.027576117518320623
engines:0.028431805440374
being:0.011118879599572275
diesel:0.1182627672575073
heard:0.030887398393369996
be:0.0033054928979284076
considered:0.03934677665385385
converter:0.030792874892957286
writes:0.0037786422343860705
of:0.009999801543380845
what:0.00525966915998075
but:0.011404855238578463
passenger:0.03157492736562698
they:0.021323877131605568
up:0.007676916402013626
cheaper:0.025196447994095962
in:0.005076562911271156
or:0.003853208329731916
clean:0.024810526811293174
install:0.025246573628797887
and:0.003272549267063913
for:0.007436545437990262
subject:0.00015255403938296168
i:0.003272549267063913
we:0.007701393746936971
any:0.011694711614729226
than:0.016349728939650983
the:0.004307160057080302
benefit:0.025885110991309978
less:0.015707803180550158
would:0.005329426549167863
can:0.004940377099644076
because:0.010084127422254365
road:0.020632299348402914
instead:0.017529910351912238
rtsg.mot.com:0.0646108075485098
put:0.01421405314026731
an:0.005130846506067067
cars:0.04368088060767436
just:0.006710791791233634
here:0.010288005174990835
people:0.008601560800417813
about:0.011257327775107103
different:0.01444123941720713
ma:0.022921245287071523
is:0.003070544307321873
discussed:0.025941688539782615
engine:0.023320280112804893
easier:0.02386670693947772
lot:0.014163162218659375
converting:0.031350809004751096
hear:0.018935323224336043
matter:0.03452460585029191
nothing:0.02919835430286753
cellular:0.029988460299351104
article:0.004630473601809149
carbon:0.06977635181985901
opinions:0.016317772317257385
laboratories:0.0323054037742549
while:0.0124019571764487
torque:0.03334724124164892
s:0.01418140070528042
banned:0.032134815413399576
