there:0.0655556418269391
name:0.19730232184501792
w:0.22102434678781097
matthew:0.30616231005867817
this:0.037498745597958495
something:0.14219009408310876
rec.autos:0.4413956254565276
of:0.013888613254695616
subject:0.0019069254922870211
the:0.005383950071350378
roy:0.359934239841984
just:0.08388489739042042
about:0.07035829859441939
is:0.019190901920761706
