at:0.006160594492688329
out:0.0164780013857407
there:0.012836069728351713
andrew:0.026331875238965022
take:0.014865378533816108
fax:0.021389114264918806
hand:0.022078597590578137
your:0.01762142968085682
secondly:0.0373656694558795
with:0.012269105806773721
remove:0.030896156538738673
ohio:0.035471439007380194
from:0.005920085695315913
both:0.015704224351805858
my:0.019934564923013313
to:0.0009637756364271544
technique:0.03518123109894136
then:0.022320004891969274
software:0.019690810408959834
engineer:0.031179058319803808
could:0.010553210876405995
re:0.005229937101792595
voice:0.025360100010043133
this:0.003671205862737196
finger:0.03479416749696119
fingers:0.03974977146266686
two:0.0260809710860603
big:0.019411052824248654
you:0.007773412439282823
used:0.013807437121236821
why:0.012445612448629415
a:0.001953152623561392
how:0.009198342637965904
uunet:0.02641253365326773
j:0.04271508614725682
senior:0.037061577763993214
removing:0.03559098049940328
oil:0.031341316341339916
drive:0.019746879362279642
drain:0.04068355742507611
hands:0.028009580107378272
are:0.004495883787421158
no:0.007872347805472097
it:0.007192771253286125
should:0.011488196798835521
couple:0.02206987268989174
have:0.007150358225841299
plug:0.06633893670904663
systems:0.0209819379040742
domain:0.031211210132731284
uucp:0.029605794456895616
meter:0.04190876084483199
pointer:0.039859899833073434
left:0.020450385898605327
bother:0.03206716804540735
cylinders:0.043395204495067466
be:0.004045183616345953
writes:0.009248425049196676
whatever:0.023111612438834705
of:0.004079173123756755
andy:0.031341316341339916
boots:0.040559784158646736
what:0.006436658062913505
order:0.019610607420506937
must:0.0162060169753811
one:0.006876300054374982
bob:0.05152454565075664
in:0.0037275461935907094
firing:0.03827729055981826
or:0.00943092947836483
use:0.01162782886536607
and:0.008009735968338249
for:0.002275166873511007
suck:0.03854802141422869
subject:0.0001866920062378902
each:0.035608523040008604
steven:0.03137422467027287
i:0.006674779973615208
any:0.007155855009012639
connect:0.03214039391860522
suggestions:0.02767130329420194
the:0.002635500034926759
do:0.005023202230115361
magnus.acs.ohio-state.edu:0.06435459283162784
when:0.00914457652338277
start:0.019703231383793793
instead:0.021452687493598892
just:0.008212507436824378
about:0.01377645007443177
self:0.029735058895176053
division:0.02771026165119114
guys:0.027165564402036723
right:0.013565549606925171
questions:0.021148086274444138
insert:0.03628769267387069
cincinnati:0.04321355773700271
first:0.013129754051685602
mouth:0.03379346229667676
changing:0.029946984416122417
article:0.01133332699743498
by:0.006926122201518644
while:0.015177220320828829
