replacement:0.03950260499266083
help:0.017120741760334377
all:0.0076325426451703295
story:0.057520920448201666
true:0.020666246337262772
thanks:0.015947093159329306
with:0.009357238028632758
previous:0.027785595357542447
from:0.006772578035441405
dealer:0.07076104645197995
to:0.0022051186561453293
experiences:0.03780085272083422
important:0.02513895434378578
been:0.023475846195543028
that:0.008325711010427443
think:0.011517984220228442
me:0.017337418886472715
need:0.01536961593197789
anything:0.01856992920255523
anyone:0.01338331799713113
comments:0.0294720401122328
this:0.004199859506971352
reset:0.04453147426803982
comparing:0.04283571226231115
two:0.014918315461226492
on:0.00405607060191432
a:0.002234406601354232
owner:0.035854465894492864
therefore:0.027463404164438928
also:0.011867977053436531
plus:0.028607198831837367
instrument:0.04231378808736394
zero:0.03706891399743689
have:0.004090004905181223
meter:0.0479436224064878
je:0.04442112769098114
between:0.018582926768371245
92:0.035068119107014996
hope:0.023107692301120364
has:0.017036391582184816
mileage:0.0856714245246223
shows:0.03091371710095929
be:0.0046276900570997705
get:0.010514991802328979
of:0.006222098738103637
reading:0.07887172911271177
never:0.017631513846894882
in:0.0014214376151559238
weeks:0.029124519082664883
and:0.004581568973889478
subject:0.00021357565513614637
car:0.12234573359533558
i:0.006108758631852638
appreciated:0.027078096953409944
similar:0.02531806630293361
possible:0.020615772983716658
ago:0.02288932580291715
any:0.008186298130310458
will:0.009066442759226275
mile:0.04248400727494222
the:0.007236028895894909
wrong:0.021147376454638885
do:0.0057465433512519735
got:0.017697230573044592
can:0.013833055879003414
return:0.02952294166253543
bought:0.029304669990947683
here:0.014403207244987169
finally:0.029092195806368844
about:0.015760258885149946
odometer:0.1571343248764009
current:0.025297965789846544
hold:0.02775824490355216
is:0.006448143045375934
91:0.03738093125986305
does:0.009747910514700201
told:0.024801758133833042
history:0.026568060834807047
replaced:0.0346051800484506
u:0.030253147868744126
difference:0.025657230774675095
full:0.024717299871386027
before:0.017009554137781154
