keys:0.031225853427143433
selected:0.019702233476374984
some:0.004651541335192646
since:0.007971400890054508
read:0.00903188470875666
at:0.007019641533501443
out:0.004693932665659203
there:0.0073129799647581465
know:0.004915837154017139
posting:0.013144177517753947
threatened:0.02196162176189124
ever:0.010531561979401834
compound:0.01706142936854783
previous:0.013837447887222335
into:0.0071346769043122964
someone:0.017557435176597767
from:0.010118393479245126
post:0.010289154599327412
themselves:0.012894223969413615
my:0.007571428377133874
to:0.002745416653567392
front:0.01401175669070093
100:0.01346020756506403
direct:0.01591145666364213
next:0.021341673496009364
that:0.0027641802823464286
think:0.005736047918440459
through:0.009440092804879788
nt:0.017069606814082195
seat:0.019762145338385106
anything:0.018495945420871743
brought:0.015435828057911025
re:0.00148980279991303
anyone:0.013329998005110687
this:0.010457817497438626
he:0.012670384123667213
best:0.00970189673291408
on:0.004039910958081991
you:0.004428677206443999
children:0.013356083139516037
them:0.005840076380606537
came:0.012026799730987836
why:0.007090528207784886
more:0.0050654144455009
a:0.005563761457555359
other:0.005495250947537493
sorry:0.012659030616488544
was:0.014110934407990208
as:0.006375411635195366
idea:0.01104532388550102
cult:0.01887312720565917
also:0.005910347138165603
california:0.01585445907140612
portion:0.020242734931168432
are:0.0025613999266981095
those:0.007394086272061992
religious:0.014627090857012422
police:0.01464376060411431
it:0.005463831549640987
not:0.0024020319066771507
couple:0.01257367248866342
have:0.006110565097382305
being:0.01550441378426413
probably:0.009510851454299635
only:0.00531289337955891
between:0.009254445601778507
against:0.010291955347242417
constitute:0.023550895497198035
exit:0.021200445519808736
b:0.01219485397017626
attacking:0.021114763427294937
minor:0.01731447082560889
his:0.01469664574904587
johnson:0.07358332635550328
heard:0.010767519360238544
thrown:0.019556280754543194
found:0.010655460180306763
writes:0.0026345115179982562
certainly:0.012254013056795382
were:0.00618049122498924
if:0.00533984398217856
of:0.0030986547500516117
defending:0.021200445519808736
lawrence:0.01889734651273639
but:0.007951592297813668
years:0.02665070226669793
san:0.048262535063002515
fact:0.009554849118043184
1985:0.021200445519808736
please:0.015262273760201233
groups:0.014660500392376062
they:0.011150433759056697
up:0.00535243175439197
waco:0.01547679565534363
called:0.010686272891859498
in:0.00424732355126272
or:0.0026864998314863955
and:0.004563315711045297
for:0.0051848424368458
subject:0.00010636237805584979
murder:0.01704613543903721
outside:0.01436165648399014
i:0.006844973566567946
group:0.021490963623957332
back:0.00839185944250015
promiscuous:0.02451880855939082
ago:0.0113990666349189
any:0.004076841698361782
driving:0.03336341507331617
caught:0.017988941170244827
than:0.005699606702069566
the:0.0036036000477564284
nut:0.02404955343725384
do:0.005723648756227065
when:0.005209858338022852
rock:0.019415486465916464
because:0.0070307661310538404
put:0.00991019641253697
thought:0.01069556336729766
koresh:0.016271707683839648
newsgroup:0.015315393787148803
people:0.005997104143717599
many:0.007383271026207543
warning:0.01709219449242795
about:0.007848734504556745
five:0.01582064786073951
is:0.0021408177441487163
night:0.013337987436589739
match:0.019071133853277786
new:0.006868524162882657
right:0.007728580054941432
window:0.013892401361853154
does:0.009709074217828887
appropriate:0.016111584653627515
followers:0.019122212293234207
mass:0.016780432751791502
under:0.01934122252673816
article:0.0032284178498669363
attacked:0.020043490227683727
metal:0.019979229741907297
passed:0.017217687189875642
opinions:0.011376932890518096
needed:0.01329013023958574
high:0.01114471643681881
grounds:0.02027693311320585
doubt:0.013864829876416605
diego:0.062021594251356685
