read:0.017992087792840648
technology:0.02672752131600748
case:0.019615961169101234
where:0.01466235554153779
ca:0.01632181425470096
hacker:0.17995914706747287
from:0.006718827416112504
2.1:0.04165063930465431
to:0.001093808857214945
recall:0.031038533452960492
death:0.026630288762193824
day:0.02018494472827676
bruce:0.036560781267389555
that:0.002753211312972038
cold:0.03506468559555262
think:0.011426571647052025
cco.caltech.edu:0.03572036627425573
re:0.0029677817680807184
larger:0.03377660114381574
jon:0.032931494156494705
posts:0.03192871009657676
on:0.00402387956539119
used:0.015670345304260837
a:0.006650019646887595
hard:0.02146216986171039
air:0.09176521394359927
demonstrated:0.04103390133380259
was:0.021082407954794893
as:0.006350112382674749
worked:0.030509236829955155
coming:0.027592301228488846
timing:0.043645198259264675
died:0.03219208746947877
cheap:0.029493898558784506
march:0.03439454020550044
are:0.005102471282549408
os/2:0.03754851281082928
row:0.04385406578559303
it:0.013605374196030633
have:0.004057544548790895
probably:0.018946219960549272
systems:0.04762566857591445
only:0.01058362093864513
second:0.021822982354383066
allen:0.03534943391035343
convex.com:0.04267612923703531
call:0.0210869531587199
investors:0.04304968091051139
without:0.017835003847638847
be:0.004590962358233899
which:0.01025311375013903
writes:0.005248114214425097
get:0.010431539486437479
of:0.0030863585010434706
short:0.027483951314454504
but:0.005280025573415954
reading:0.026081921002880877
years:0.017696630341114232
well:0.013356094525026545
they:0.007404124004029711
now:0.013110431729192414
called:0.02128773409410106
chance:0.028532202603274635
in:0.0014101563642419878
competing:0.04498978676686822
system:0.03547971951178611
pasadena:0.04451582458669661
better:0.03549549002065719
and:0.001515069105122182
still:0.016204040335155136
for:0.0025821338326355078
subject:0.00021188061025411345
i:0.003030138210244364
back:0.016717116825932837
cd-rom:0.040886924764221344
ago:0.022707664487020985
20:0.024958986892108095
tobias:0.10073956890562781
than:0.011353978430313183
the:0.003589300047566919
seal:0.046914879125370686
would:0.0074019813182886985
because:0.01400573253090884
beta:0.04334185530037421
auto:0.03750084595320855
may:0.014770043868570086
come:0.019057092654519114
jonathan:0.03794051880550846
here:0.014288896076376158
about:0.007817588732713265
unit:0.03404873664761441
is:0.0021323224356401896
today:0.04506549628251354
time:0.012535793411934235
very:0.0138352578712972
bad:0.021750801958304634
by:0.007860599006485445
while:0.017224940522845414
