read:0.08719242545761238
send:0.11282104311062396
post:0.0993299155550454
automotive:0.2192294490819039
my:0.03654670235885774
to:0.010601532000698698
that:0.013342485593633725
re:0.014382327029929637
server:0.1539407209672167
this:0.02019163224505458
sorry:0.12220833402840864
please:0.14733964283886575
topics:0.20551118200733726
message:0.12489691879075852
subject:0.001026806034308396
group:0.10373522826179404
we:0.05183630406592193
the:0.0028990500384194345
thank:0.1396343964142121
can:0.03325253817068129
last:0.08385240584844222
warning:0.165005416061516
about:0.037885237704687366
keep:0.10190056092792005
