there:0.0074616177689198985
andrew:0.03061348096887804
take:0.01728251325476182
hand:0.025668613458964828
your:0.010243351399847665
secondly:0.04344138806659162
with:0.004754694120240223
from:0.0068827012555298835
both:0.018257756766733645
my:0.023175957593421982
to:0.002240974244050132
technique:0.04090175648088305
then:0.01297463699004718
might:0.017293375088442652
nt:0.005805516680670232
12:0.028889307574081598
re:0.0030401666892534195
flat:0.0401449237730293
this:0.004268149905458691
finger:0.040451755707849195
fingers:0.04621314893627123
two:0.015160889696368387
on:0.004122022969425122
you:0.009037381941605234
used:0.016052548848267203
more:0.010336740047322976
a:0.0034061076240155977
j:0.07449094291533812
oil:0.03643746533993177
hands:0.06512796675374136
are:0.0052269218016359805
no:0.009152404359207398
place:0.022109167620458746
should:0.013356196278320973
couple:0.02565846987523999
have:0.012469527149942754
plug:0.0385628778430637
meter:0.04872319350252825
pointer:0.04634118435877643
left:0.0475513037967571
cylinders:0.10090267061454712
be:0.009405874099796282
writes:0.010752234000285568
whatever:0.026869598201246857
of:0.00474245330648143
boots:0.04715487101371125
what:0.007483269130053913
order:0.04559864814849581
well:0.013681852928075975
must:0.018841141686825182
one:0.01598879524838411
in:0.00433365126571928
firing:0.08900248048868313
or:0.010964413946391633
use:0.0135185327459134
and:0.0062080880405006485
for:0.002645112706602228
subject:0.00021704843001640894
each:0.041398526786351475
table:0.036828409946985746
steven:0.07295144923331742
i:0.00776011005062581
person:0.022806458854258953
any:0.008319408669014695
connect:0.03736647423057356
suggestions:0.032170702203828276
than:0.011630904733491555
the:0.0024512293007774083
do:0.011679966161081247
magnus.acs.ohio-state.edu:0.07481875426766489
start:0.022907008844573275
can:0.007028991808436694
friends:0.03233034427307103
just:0.009547874499722652
about:0.008008261628633103
self:0.03457002782122094
guys:0.03158272934545733
right:0.03154266006163089
questions:0.02458679948980091
insert:0.0421881305070204
first:0.015264673409683262
changing:0.03481641277646753
article:0.013176144395391888
by:0.008052320933472896
