school:0.04981540377802884
fax:0.041899223834019034
from:0.011596880197673638
lu:0.16361368196200388
to:0.0018879440549189463
q:0.05814628004825559
then:0.021861374654463056
that:0.0047521181566366685
like:0.015953959774091413
re:0.005122472640796856
phone:0.040237631865884506
this:0.007191540251663273
bitnet:0.0668528187980976
off:0.02991037599940206
principle:0.06837082381645775
etc:0.03181265736244158
phd:0.09074280243360043
cycle:0.06925491314710941
air:0.05279642446070095
low:0.04651773342438109
avenue:0.07289468254071223
technological:0.08124763557661488
are:0.008807005227414047
internet:0.039130601960474055
it:0.0046966497224653694
thermal:0.07723846278260364
being:0.026654848355139014
only:0.018267619702318993
university:0.03219643974792676
bed:0.07808172159081507
without:0.030783705271267052
be:0.007924126810102346
which:0.017697155239965998
g:0.04842468439741784
of:0.005327139330568182
in:0.0024339685191026093
or:0.009237143256206648
and:0.002615050784183492
subject:0.000365711738246826
water:0.05616571527002124
actually:0.03348375516576828
will:0.015524730752099786
the:0.007227768588936124
can:0.01184336975942073
effect:0.047484567871539804
auto:0.06472748753567503
forms:0.0655733506462017
simple:0.045194363793921104
problem:0.028980346466377864
cooling:0.08071036553341925
is:0.011041340831123174
cop:0.07463905818970676
division:0.05428174542630593
max:0.19568613852890013
65:0.13409152088062642
very:0.023880034134019824
carbon:0.08363603814024197
give:0.03237309960761653
upon:0.04750788469442378
giving:0.05196393078478185
