report:0.033890430566738884
read:0.020241098766945728
all:0.008518462773627599
with:0.00522167300704953
way:0.015467614460236994
work:0.018081004142770567
hair:0.048759587212920986
my:0.0254521677142045
to:0.0012305349643668131
important:0.05611373737452183
mom:0.05332053028226019
impact:0.04279682495778121
make:0.015715004315622352
that:0.0030973627270935427
think:0.012854893102933529
its:0.036925438500610176
me:0.009674898932183434
re:0.003338754489090808
had:0.027400151530038126
these:0.014791392616954844
recently:0.02954742468381865
on:0.009053729022130176
dont:0.04344970232232551
bars:0.04982518326321176
used:0.017629138467293443
concerned:0.03594633252283776
helmet:0.04722520991893296
more:0.011351955587685052
a:0.004987514735165697
sorry:0.028369791828023433
was:0.007905902983048085
crash:0.045597338876129795
as:0.014287752861018185
old:0.023642081092342178
shit:0.04302874894352461
course:0.021840641070535884
button:0.042459857743648646
are:0.005740280192868085
it:0.0030612091941068925
not:0.005383125076571115
should:0.029335931111312136
have:0.0045647376173897575
made:0.020764103142125012
safety:0.0368988695102336
accident:0.13016501198605437
always:0.023722822303559887
after:0.017225122211294207
penalties:0.04821829594670282
list:0.025996683901085532
which:0.011534752968906409
of:0.001736076656836952
style:0.04098952655780717
but:0.005940028770092949
one:0.008779561676568057
in:0.0015864259097722363
ott:0.058794677361603126
5:0.023204222204622166
and:0.011931169202837183
few:0.020407388400948984
for:0.002904900561714946
subject:0.00023836568653587764
car:0.08192794660401935
i:0.011931169202837183
the:0.0033649687945939864
an:0.008016947665729792
just:0.010485612173802552
about:0.008794787324302424
is:0.0047977254801904266
guys:0.034684604549029024
days:0.026591541290626537
their:0.013515032308765303
goes:0.02877702853563104
bike:0.03368180959391556
little:0.02094052412409343
side:0.02875325070152851
bad:0.02446965220309271
going:0.019444782893300736
roof:0.05132817714552618
john:0.023941771424837905
s:0.005539609650500163
