simply:0.01301550357397187
mustang:0.024534310462192822
there:0.0039054424918176485
andrew:0.0320464524184851
know:0.005250532449609795
help:0.009106777532092753
all:0.004059863109133154
anyway:0.01297239924104057
your:0.005361413711409628
with:0.004977254270549339
way:0.0073717992321129504
targa:0.08406387912127085
much:0.007434880295999708
c:0.011004671044378554
insurance:0.018895417109143633
previous:0.014779571998692792
into:0.00762044214035058
mentioned:0.014958143058688672
companies:0.01692183976845845
alot:0.021548837912380867
blowing:0.02418815880494196
item:0.020707943234470033
name:0.011754180875873408
my:0.00808692988366214
to:0.0017594031830946775
colors:0.01940381563311934
job:0.014772291724634793
look:0.030270233926926515
ii:0.015622977894085607
appreciate:0.0163370780230404
next:0.01139736180318798
she:0.014106989297440352
that:0.0014761898954658587
like:0.00991182181709509
nt:0.0091158964049673
consider:0.013703676930090183
me:0.004611015661295935
re:0.0015912361820347683
prefer:0.03494917536205822
this:0.0044679356457142045
getting:0.011541283286062494
he:0.00676652428732015
personally:0.016675934489814897
you:0.004730204165180611
them:0.006237698602264855
a:0.005348313673454279
air:0.01640059142821774
nor:0.029400331889152368
was:0.0037679197195803643
as:0.003404741107306461
pretend:0.023868059140101164
advantages:0.023346347131197622
objects:0.019956633225630866
wife:0.06878267280245055
also:0.006312753751827943
foreign:0.01878193520666635
mazda:0.02588042675245732
d:0.023257585817579175
it:0.00583583710195697
have:0.0021755345240325654
made:0.00989608319965107
being:0.008280016723085737
tom:0.03230406998701919
color:0.03144367750300754
real:0.010883378102120202
b:0.013025141900060603
types:0.017433605157365445
has:0.01359286562408363
open:0.014063662037248353
his:0.007848634219171305
be:0.004923074528829543
writes:0.0028138825149683503
were:0.006601290627541698
if:0.002851703913886848
of:0.0033096269883529984
but:0.011323969740432515
year:0.010530896664721923
ok:0.013888719959620988
well:0.021483420129617167
spencer:0.03962310295047045
they:0.015879482970344572
now:0.007029422969694657
good:0.01378731788391063
over:0.008535918095827055
author:0.017208543608768112
one:0.004184301735215415
in:0.0045365030270933734
po.cwru.edu:0.040578098615210265
our:0.018976812110471433
point:0.009368238133021536
recommend:0.018671401221971622
and:0.002437004773345467
still:0.01737624750833657
for:0.0027689264928687147
subject:0.00011360407188092892
car:0.02603100714794374
i:0.007311014320036401
usenet.ins.cwru.edu:0.022163282614005946
we:0.017205241349540042
top:0.028779848733338855
informed:0.021731497677134202
actually:0.010401336711068446
noise:0.019491107291983608
the:0.0035282055786721627
do:0.012226687981387178
thing:0.019267510086169844
when:0.0055645720972073865
less:0.011697300240835224
wind:0.021548837912380867
around:0.010073167800653768
her:0.01406982470182863
did:0.013990732284620982
extra:0.016530534934005324
wants:0.029962001383776585
last:0.009277287455572332
thought:0.01142377193698601
just:0.004997398142408026
here:0.00766128044946126
drew:0.02446279080978269
about:0.004191558214135624
is:0.0011432877740028251
chose:0.02133951772433503
query:0.024534310462192822
convertible:0.157129045491245
gt:0.023292138510868136
does:0.005185058784415001
vw:0.02491113342960323
too:0.01661717334352763
almost:0.012859544384104546
article:0.006896450045247669
very:0.0074180531565253074
luck:0.017543781386866474
says:0.01089798614650029
black:0.030038743457395215
while:0.009235500025014989
s:0.007920463159864064
