manager:0.014024636928262849
at:0.006292607231817364
out:0.004207775353858785
vehicles:0.01785326184308015
mess:0.018238935550451918
know:0.008813393754702156
help:0.007643188285863561
all:0.00681477021890208
true:0.009226002829135166
anyway:0.010887549363016193
your:0.017999031745446606
with:0.01044334601409906
much:0.006239988819856898
concerning:0.016340150869491803
ca:0.0220344492438463
service:0.026018508774845305
work:0.0072324016571082275
dealer:0.06317950576069638
except:0.01151557649644219
my:0.013574489447575732
to:0.0024610699287336262
noisy:0.02077767397066387
gm:0.01758256955961753
add:0.03681664731912555
near:0.01287419920529116
garage:0.019640339216669103
probable:0.02090755841413128
trust:0.014819172370422618
been:0.005240144240076568
make:0.012572003452497883
that:0.0024778901816748344
guy:0.012094038381960248
think:0.005141957241173411
quite:0.009486426364676434
les:0.04222339121283362
nt:0.015301683251195112
me:0.003869959572873374
anything:0.016580293930852884
re:0.0026710035912726466
wade:0.02053127085821047
comments:0.013157160764389643
had:0.010960060612015252
this:0.005624811839693775
installing:0.018852686468047133
he:0.005679047169715126
on:0.0018107458044260354
you:0.003969992781490871
performance:0.013539325834273627
am:0.005836915559647734
identical:0.01745454766042776
etc:0.016588028481844538
holes:0.017118729983112486
sure:0.007793014357711441
a:0.003990011788132557
air:0.01376478209153989
other:0.0049260999565425385
same:0.00693604768045933
bigger:0.016647560186531955
sorry:0.011347916731209372
j:0.010907602355460223
want:0.006759278456114934
was:0.0031623611932192343
as:0.014287752861018185
factory:0.09940061220544602
said:0.007826802959512257
let:0.008232634795545802
question:0.007796378869096801
talked:0.017608733988517786
anywhere:0.015094033231623076
are:0.002296112077147234
place:0.009712241490415805
18:0.013809819618653926
it:0.004897934710571028
not:0.0043065000612568915
have:0.012781265328691322
properly:0.015377736198223201
after:0.006890048884517683
robert:0.011412185817706083
quality:0.01372915657347982
has:0.0038027659781662533
ford:0.03414646692495762
be:0.004131866122410509
which:0.004613901187562564
if:0.00478678871259578
of:0.0006944306627347809
what:0.0032872932249879685
but:0.004752023016074359
parts:0.026062107224402577
result:0.012625007003612507
years:0.007963483653501404
never:0.023613634616377076
again:0.008720961207528636
well:0.006010242536261945
they:0.006663711603626741
who:0.004618045979406601
up:0.004798072751258517
good:0.005785749469141069
one:0.003511824670627223
comment:0.014034276417438438
in:0.004441992547362262
point:0.007862628433071644
a/c:0.18405437202453934
installed:0.08582935618618057
or:0.00963302082432979
use:0.005938498313383386
install:0.01577910851799868
and:0.003408905486524909
for:0.0034858806740579356
subject:9.534627461435105e-05
car:0.032771178641607744
i:0.006817810973049818
any:0.003654597379602883
actually:0.008729693311075303
will:0.008095038177880603
the:0.0034995675463777463
do:0.0051308422779035474
when:0.009340531734598114
units:0.03471066986294783
fan:0.014284128519605976
agree:0.010773411353444425
did:0.005871110869439162
correctly:0.015565369532251351
maybe:0.028370497310810615
forget:0.013711476197908906
put:0.017767566425334138
bought:0.0130824419602445
an:0.0032067790662919167
just:0.008388489739042042
people:0.005375975500261134
many:0.006618575098493191
unit:0.015321931491426485
is:0.0038381803841523415
seats:0.019930073305284707
does:0.0043517457654911615
02:0.020652347828480765
1st:0.016074164823415078
experience:0.011829367052839813
smith:0.014063351980237365
designed:0.014034276417438438
honda:0.017211499577409844
needed:0.011913652464771503
by:0.0070745391058369
mine:0.011661568017142807
s:0.00443168772040013
