thanks:0.06873747051435045
your:0.021722969347952804
simpler:0.10332677242777542
from:0.014596073352244407
my:0.0327660090113897
to:0.007128616345297401
cylinder:0.2932092999633825
everyone:0.10543147439700357
that:0.0059811142316289105
like:0.020079983853597813
nt:0.01231169916762825
responses:0.0764815281217399
master:0.24597434830803355
something:0.034321746847646946
sure:0.03762144862343454
responded:0.09030914166436106
question:0.03763769109219146
likely:0.057007048360857376
it:0.02364520205103255
have:0.00881466574392505
accord:0.10260827766224838
be:0.019946939901292114
but:0.011470400383627764
double:0.07617500663861432
who:0.022294015072997383
cheaper:0.07602376549942746
sounds:0.06142594075104893
and:0.006582714042944653
subject:0.000460292360207212
i:0.0032913570214723265
will:0.019539747325918694
the:0.0025991483103070794
is:0.013896860011586064
does:0.021008427833405608
break:0.06765873359048079
first:0.03237163498950071
very:0.03005590503074909
honda:0.0830899979599096
bad:0.04725174218528248
seem:0.047581250946478235
check:0.057057095941167056
