another:0.07391684434628595
with:0.019494245892984912
user:0.12605478278643387
daryl:0.6179538756391387
experiences:0.31500710600695186
nt:0.02380261839074795
responses:0.14786428770203047
requested:0.17459767388443137
these:0.055221199103298084
recently:0.11031038548625631
shadow:0.1788587862680942
are:0.021430379386707516
have:0.017041687104921762
public:0.09879148660201979
seen:0.08641549635407843
what:0.03068140343322104
but:0.02217610740834701
subject:0.0008898985630672766
i:0.006363290241513164
info:0.09817984864641324
any:0.03410957554296024
the:0.002512510033296843
cars:0.2548051368781004
people:0.05017577133577058
about:0.032833872677395716
s:0.020681209361867278
