since:0.04168378382091002
i.e:0.03598478121849378
your:0.026248587962109635
to:0.0028712482501892307
formerly:0.057284322715284886
normally:0.04433178900125816
that:0.0072271796965516
think:0.014997375286755783
afternoon:0.05798369045317685
could:0.01571988703464643
need:0.020012520744762875
re:0.003895213570605943
so:0.01064386038942625
phone:0.030597365898016343
balance:0.05223736109602845
off:0.022744348416211983
md:0.05215435932884953
on:0.010562683859151873
you:0.011579145612681705
rotation:0.05701721406306262
a:0.0043640753932699845
how:0.013701697887803378
rec.autos:0.06437019537907694
oasys.dt.navy.mil:0.12274701424874176
locking:0.1964922606572381
are:0.013393987116692197
model:0.03811407824566197
301:0.05769828447205065
taylor:0.056502706195046194
it:0.003571410726458041
not:0.012560625178665935
have:0.0106510544405761
malcolm:0.05812938047374706
between:0.024196519229650056
be:0.006025638095181992
g:0.036822937093869815
writes:0.0068881499064329405
of:0.0020254227663097776
tire:0.05988287333644721
balanced:0.06005794748557618
slight:0.056012419623608846
they:0.009717912755288997
david:0.02600463790983848
one:0.010242821955996066
code:0.0337553386492885
in:0.003701660456135218
tires:0.05477221795677563
and:0.001988528200472864
subject:0.0002780933009585239
car:0.0318608681237853
i:0.003977056400945728
any:0.02131848471435015
normal:0.03929544452623482
the:0.004710956312431581
wrong:0.027535646425311047
do:0.014964956643885346
would:0.029145301440761752
effect:0.036108056818983394
put:0.02591103437027895
address:0.03325855577014178
is:0.005597346393555498
weight:0.046301434385450826
involved:0.03750913684443612
division:0.04127674391792013
center:0.03402740451534175
friday:0.051909249980826674
x:0.0634408331155438
difference:0.033407852571191526
close:0.03619701266844313
