mess:0.05491292423791976
case:0.026576463519427482
with:0.012576932834183815
though:0.026726281737749245
interior:0.060157044736254564
such:0.020677604338363426
my:0.020434715297425837
uicvm.uic.edu:0.058325374136821886
to:0.002963869161485658
enough:0.026152134698251575
that:0.00746031452547262
think:0.015481161586328552
reliable:0.049882728123056316
nt:0.007678263997015469
could:0.016226980164796317
anything:0.024959582261498966
re:0.0040208656212706514
so:0.021974421449138068
getting:0.029163457765856843
etc:0.024971225671593933
3:0.02517705316814645
a:0.0030032346792395596
want:0.020350515781851417
assistance:0.05600399370205804
worth:0.037797458266578904
plus:0.03845053606429754
far:0.02676750615184303
mind:0.03257694411838857
doors:0.055494292208567886
plan:0.04199531395095276
proved:0.05664934864535108
money:0.03333569641644226
peace:0.04141543930551668
extended:0.05140328354294695
has:0.011449187891253237
be:0.018660040552821656
of:0.00418151796915567
even:0.01805547793296802
opinion:0.035583995318147196
year:0.026610330281824215
years:0.02397607981699348
warranty:0.11039935916577846
windows:0.029539862165844106
must:0.024918929327736532
now:0.01776252040729295
in:0.005731603286919048
5:0.027944869751803044
and:0.0020526742714558595
for:0.006996749740044603
subject:0.0002870640526023473
cause:0.03390861433701147
car:0.032888638063262254
i:0.010263371357279297
the:0.005673409752605775
do:0.007723848590392437
saturn:0.12292400037582671
agree:0.03243607719316601
did:0.01767646283272006
extra:0.04177070655366937
myself:0.03583701141933208
just:0.012627834015762215
is:0.005777905954637934
engine:0.04388224752409523
spent:0.046686475182540925
very:0.01874454292240266
little:0.025218695719338328
needed:0.0358690611842583
s:0.006671357858666864
