with:0.008600402599846284
damage:0.06543342435542164
my:0.013973739137210313
problems:0.040339312292526075
r:0.045591467157781326
clutch:0.07603340541263422
re:0.005499125040855449
se:0.07422514495476899
had:0.022564830671796106
this:0.007720329976050279
weak:0.06879874159702233
something:0.029274431134757688
on:0.007456012135871911
why:0.02617239088461774
a:0.004107365076018809
how:0.01934357348866359
was:0.013021487266196848
ccwf.cc.utexas.edu:0.08382302464896324
question:0.03210273651981036
no:0.016555084355625145
place:0.03999158260759449
it:0.015125974841469353
have:0.007518391369818424
being:0.028614763675369824
shift:0.0712630607170135
only:0.01961082703337186
transmission:0.142526121434027
without:0.0330472130118014
writes:0.009724446926728858
of:0.008578261127900236
explain:0.052868493059008884
but:0.009783576797800151
please:0.02816787289566551
miles:0.11806337602678899
over:0.029499128713519968
in:0.00783881037769811
and:0.005614667860158675
for:0.004784542101648147
subject:0.0003926023072355632
cause:0.046375016666795096
i:0.0028073339300793373
will:0.016666255072107124
the:0.005542301544037154
can:0.012714205771142843
shifting:0.17111025622899656
jonathan:0.07030154955138333
long:0.03500457713394978
about:0.014485532063556935
87:0.07778269869000724
usage:0.07589660552054137
first:0.027611100432221192
art:0.06782340861274186
article:0.011916660004655896
