some:0.006277079973835238
at:0.004736371034701242
means:0.015239759249670715
switch:0.022860824849517077
hand:0.01697440567447674
with:0.0031442332085459537
way:0.00931383236315346
into:0.009627977973023583
mentioned:0.018898729133289452
from:0.009102927466991135
work:0.010887486365539269
reach:0.02343173908080849
turn:0.018395043735024277
longer:0.01824844628158159
mechanical:0.08531005662774988
to:0.003704836451857072
job:0.018663916963920304
80:0.021487428104641448
tough:0.025770131157373637
that:0.00373015726273631
bit:0.014650990312127419
really:0.010491374963392076
re:0.0020104328106353257
illegal:0.022095479170017675
these:0.008906645016660983
on:0.008177561697407902
you:0.0029881666097243114
lung:0.0322201763484461
3:0.012588526584073225
m:0.007359218882344474
more:0.006835586160326483
a:0.0030032346792395596
how:0.007071844071124325
hard:0.014538889261158653
other:0.014831268686364633
series:0.01928682989660036
as:0.012905067100274491
rear:0.025468574885056196
odd:0.02612631064953063
enable:0.029927066040349344
also:0.01595158206107061
mistaken:0.028971790893911428
503:0.03199612959360434
electronic:0.06957534379047757
l:0.017768605262114857
are:0.010369538412922992
furthermore:0.02642928342668725
no:0.012104792862177527
it:0.014746470096342881
not:0.0032414516590105642
have:0.002748659210471252
hm:0.0286679618064741
mileage:0.02878744103649943
be:0.0031100067588036096
aaron:0.027180691719026817
which:0.006945657701707086
writes:0.003555174145255712
get:0.007066526748877002
making:0.016530146187486043
if:0.00720591849207967
of:0.0010453794922889175
even:0.00902773896648401
converted:0.027271052570190153
but:0.003576791517475324
reading:0.03533679619745152
years:0.01198803990849674
easy:0.017815492280961333
newer:0.02642928342668725
in:0.000955267214486508
bmw:0.04765004678135477
speed:0.0722250573523824
or:0.010875991253275569
and:0.0020526742714558595
subject:0.00014353202630117365
al:0.040967894416368084
car:0.032888638063262254
i:0.0030790114071837893
any:0.005501544442412943
alan:0.047319168731174616
will:0.018279118466182007
the:0.006889140413878441
do:0.0038619242951962187
disable:0.03137509256606754
older:0.023753496693761453
got:0.01189330011629341
simple:0.01773757288686151
an:0.004827409347106112
cars:0.020548801361137133
just:0.006313917007881108
odometer:0.3168030743475824
is:0.0086668589319569
days:0.016012110884678347
type:0.01742211027060052
easier:0.022455235023702155
run:0.014391582948319328
sensor:0.06335329767676995
late:0.02072117734210306
change:0.0319570871818332
changing:0.023023756836051106
article:0.00435662838879893
full:0.016611088623243297
going:0.011708686473385391
by:0.005324921907619173
alter:0.03199612959360434
s:0.01667839464666716
driven:0.02530807508317619
