since:0.02565155927440617
andrew:0.19310041841907682
small:0.038317255131615525
with:0.007497786881917273
to:0.005300766000349349
mercury:0.07172570718553428
class:0.05087397014960259
that:0.008894990395755815
like:0.01493127004498299
along:0.044794377065913264
seat:0.19078071076671776
me:0.013892162569289034
re:0.004794109009976545
so:0.013100135863909231
best:0.031220206153351717
you:0.007125628069342587
leg:0.07172570718553428
a:0.0017903899049312756
price:0.040130053869794395
as:0.010257873848936134
rear:0.060732755495133996
mazda:0.07797308060035218
d:0.023356977209961993
it:0.01318674729769123
not:0.007729615494563652
only:0.01709661843934983
buy:0.03854924519543546
against:0.033118984514844185
attack:0.050624327798156184
get:0.016850948401168235
of:0.007478484060220718
but:0.008529272080133465
up:0.01722385090195365
good:0.020769357068711528
in:0.002277944896083211
use:0.02131768625317113
and:0.0024474193236589093
for:0.004171139268103512
subject:0.00034226867810279864
space:0.03919888150657825
i:0.004894838647317819
back:0.05400914666839839
room:0.05112857026049494
any:0.01311906751652317
the:0.008697150115258304
agree:0.03867378434569794
extra:0.04980353473706732
instead:0.039329927071597964
come:0.030784534288069338
an:0.011511514596945343
about:0.012628412568229122
middle:0.05150128583513567
is:0.003444520857572614
killed:0.04683057688035751
seem:0.035380930190970994
s:0.007954311293025875
