train:0.04174918016069656
since:0.015043771604538956
at:0.006623797086123541
technology:0.02532080966779656
gap.caltech.edu:0.07937973249704056
tune:0.04429967431533537
with:0.004397198321725919
powered:0.04164688202493882
much:0.013136818568119784
4:0.01867871807653142
vehicle:0.033087839789467964
from:0.006365204920527636
work:0.015226108751806794
maxima:0.1468623133611841
my:0.007144468130303017
to:0.0020724799399862116
mercury:0.08412940090934848
keywords:0.043223728122548356
jeff:0.06339066599744957
like:0.008756684688035136
along:0.026270386549934095
its:0.015547553052888496
re:0.0028115827276554172
path:0.03335284685008206
best:0.018309594586176196
apr:0.02802412238374435
state:0.019982807420606135
more:0.009559541547524255
a:0.0021000062042802934
same:0.014602205643072273
price:0.023534918810856863
rec.autos:0.046462697416476594
drive:0.021231607133879612
fine:0.024354560736244812
california:0.029920821255059668
organization:0.028810776151254668
hmm:0.03729547729274182
mazda:0.04572857358516895
van:0.034478233311979335
it:0.0025778603739847515
not:0.004533157959217781
should:0.012351970994236688
have:0.003843989572538743
only:0.010026588257663808
copies:0.03394905438895828
date:0.026900745787844533
buy:0.022607828009353126
references:0.031047876669260625
his:0.013867887530114711
be:0.004349332760432115
writes:0.009943795353647554
of:0.005847837159871839
institute:0.029266600375438392
gmt:0.0318593859866544
excellent:0.029286206115341253
lines:0.026565279130033956
seems:0.03543589608091847
well:0.012653142181604096
good:0.012180525198191723
rest:0.02456113408626172
in:0.004007812824687755
nissan:0.04374247151718709
morris:0.03696125351401374
speed:0.02525161779613369
and:0.0057413145036209
for:0.002446232051970481
subject:0.00020072899918810748
steven:0.033733188931195646
i:0.001435328625905225
6:0.022092854380144317
su:0.09217335843333421
the:0.005667315864579346
less:0.020668162079671256
regularly:0.03735265473172843
around:0.0177984543846138
maybe:0.019909120919867098
auto:0.03552711721882915
come:0.018054087777965477
last:0.016392199639545097
friend:0.02611428135107373
an:0.006751113823772456
cars:0.02873742145241734
just:0.008829989198991623
people:0.011317843158444491
different:0.019001630812114645
is:0.004040189878055096
weight:0.033420584218069774
engine:0.09205373728738774
time:0.011876014811306117
9:0.026773185380639296
does:0.00916157003261297
1993:0.02277936693992584
23:0.03255392222824098
under:0.018250552083501046
article:0.01218545684686618
very:0.013107086404386821
takes:0.02688646506751632
checked:0.03384034699666332
hp:0.03252366545907011
seem:0.02074971845786269
torque:0.04387794900216964
newsgroups:0.03222761158512402
