andrew:0.038423042440530596
form:0.03483041759675403
know:0.012590562506717364
allows:0.042170136583124115
with:0.005967626293770891
previous:0.03544081040502863
generate:0.04785519191860463
options:0.09234653895258808
my:0.009696063891125522
to:0.005625302694248289
within:0.06605000441475137
add:0.03506347363726243
been:0.014971840685933052
that:0.010619529350035004
parr:0.12664314781213565
re:0.0038157194161037807
charles:0.08400515622313949
on:0.010347118882434487
you:0.017014254777818014
fitting:0.06115257960011198
a:0.007125021050236709
running:0.03089245318823165
idea:0.02828955403327302
stuff:0.029830781149730833
acs.ucalgary.ca:0.06206020700844357
no:0.011487201389617447
have:0.01043368598260516
plug:0.048400346680579936
has:0.01086504565190358
struck:0.055598482120904014
feel:0.03108445596169569
free:0.029464365246170767
heard:0.027578034279794637
list:0.05942099177390978
which:0.013182574821607323
get:0.013411979339705329
of:0.003968175215627319
separate:0.043088770783713086
together:0.0363159820556146
spencer:0.04750729180285998
they:0.009519588005181058
in:0.007252232730387366
po.cwru.edu:0.04865231211517557
use:0.016967138038238246
weeks:0.037148621278909284
and:0.005843837976899844
few:0.023322729601084554
subject:0.00027241792746957445
car:0.031210646325340707
i:0.0019479459922999481
elements:0.05001487734603804
the:0.0038456786223931274
can:0.008822101963650136
regards:0.04213640405113942
last:0.022246556653668342
here:0.018371437812483633
current:0.032267813507457326
unknown:0.04815445329712014
is:0.0027415574172516724
threads:0.057844011557401986
new:0.01759183229473007
engine:0.08328671468858889
time:0.01611744867248687
1:0.019984937672701104
x:0.03107306111781737
trunk:0.06182562008778338
article:0.008268702860373478
dumb:0.05247571466049608
says:0.026132925963546612
