another:0.023716634549610465
some:0.006243512701247882
since:0.010699580873816478
reference:0.019955257021488527
believe:0.011618566204975082
at:0.009422085694699796
fast:0.018619240240363835
vehicles:0.02673215677038739
mustang:0.030831887479226272
tank:0.02480798778312426
defense:0.02098506175533629
take:0.011367642408212317
ever:0.014135946827967167
with:0.0031274191272168306
85:0.02652566032050621
much:0.009343298767700167
cambridge:0.024987253515951234
super:0.026903294369778688
from:0.0045271243552415805
except:0.01724257443317547
my:0.0050813596862582956
to:0.0007370048984442945
obviously:0.01968926781190351
80:0.10686261035998151
most:0.009928317989128544
berkeley:0.029071556979982777
that:0.005565314846542409
nt:0.00763720376173731
anything:0.012413054279782907
re:0.00399936366607669
exactly:0.017199907236748708
off:0.011676243037199734
these:0.008859015898924827
on:0.008133831420951176
trucks:0.03048109987235027
you:0.00297218710913755
spec:0.028064067125061192
disclaimer:0.020075163246386023
speeds:0.05321460911299946
them:0.007838819099102891
a:0.00746793650185238
load:0.024042742629965586
classic:0.02735675178507322
was:0.004735086278617035
swear:0.031207311322398724
as:0.008557370697508218
stuff:0.031266487194370286
military:0.062115057156105415
exact:0.02283928540290518
are:0.003438028778616179
it:0.005500354487807038
not:0.0032241176929195983
rush:0.027309636118323728
deleted:0.01878812565239752
engines:0.02660730455649973
ve:0.019520146513662396
whether:0.015280527191881414
per:0.018913503291834315
diesel:0.03689123755804594
nh:0.032523530945601446
has:0.005693981143778348
dodge:0.031016305533082794
personal:0.01793526989944233
heard:0.014452659676042109
ford:0.025564199836866662
writes:0.0035361625188104935
were:0.01659147911735079
end:0.014461141190243365
of:0.006238735365745626
highway:0.028228621449482336
seen:0.013863448612953758
opinion:0.017696853286565183
but:0.010672992870327438
never:0.011785771288031339
they:0.009977749994735226
up:0.007184280055360345
republic:0.02750064190763966
bob:0.03940112314469626
in:0.005700953001962262
suspension:0.029841820991870147
system:0.011953060584184626
and:0.004083394807388127
few:0.01222260695671811
still:0.010918230386254262
for:0.003479666983016834
subject:0.0001427644753583866
i:0.005104243509235158
6:0.01571309963935398
power:0.01444842395813124
any:0.005472124418656723
actually:0.01307119854064751
the:0.002821535331509824
do:0.003841272293617629
see:0.009461955943375273
would:0.009974862525180492
can:0.004623347553142852
once:0.014347760400667946
road:0.03861660305850813
maybe:0.014159963007178202
joe:0.02128058410119217
forget:0.02053055259579943
taurus:0.031716991428304205
myself:0.01782268482351809
just:0.006280152745806876
people:0.008049588984348221
pickup:0.032047875940165636
ma:0.021450363236564258
is:0.0014367520154580956
ad:0.023153324365540375
gt:0.02927086925162573
lee:0.022818990905747145
their:0.016189129610499613
goes:0.017235439550752282
matter:0.016154561560965466
1993:0.01620136793053549
too:0.010441272020665757
designed:0.021013889822902473
article:0.004333330910783962
opinions:0.015270642542887925
m1:0.03501210447335135
mine:0.01746117136256677
while:0.011606109657104397
s:0.009953523222289064
driven:0.025172737783266154
