raise:0.03653644719068186
small:0.023168572870279156
hand:0.024474724460873436
much:0.013544161779534351
nights:0.0874171749322491
longer:0.02631171324321066
my:0.007366002025816289
to:0.0032051143257926296
enough:0.018853864549902295
that:0.0026891831429029208
like:0.018056419589281756
nt:0.005535492649011151
need:0.014893038693777024
re:0.008696290762283036
dream:0.038630139520615205
so:0.007921012382828838
parties:0.03794062412513848
30:0.026535701351735583
best:0.018877333953189412
two:0.01445573203607218
big:0.021517678712151607
you:0.00861703859548406
kenneth:0.03810733889429324
m:0.010610966760589705
fun:0.031908935309564616
seconds:0.03587724530939571
a:0.006495368027192535
as:0.006202435350519522
wife:0.03132544207088349
are:0.014951427479098268
manual:0.03046199532467258
early:0.027153031773591324
wild:0.03662873325662231
it:0.010631176115968123
not:0.009347441993425812
sex:0.03353215120973895
ken:0.031985059698564425
money:0.024032711369993257
hope:0.022391174710387946
real:0.019826308945722848
second:0.021315471136839275
sports:0.03720678515970377
be:0.004484195791763343
of:0.004521874082924155
but:0.010314468562021865
they:0.007231935073703439
good:0.025116431804023242
one:0.007622565176555213
gon:0.03705818115886873
yes:0.020673223802355728
ought:0.03869046619070864
clean:0.03365769141066904
and:0.008879009639320694
for:0.0050441684172414574
subject:0.00020695315420169222
car:0.0711312404624044
i:0.0029596698797735646
imo:0.04100173264279451
top:0.026214203303622598
room:0.03091494945983415
power:0.02094461457496544
the:0.004674437271249941
do:0.005568355960515478
got:0.01714847923744631
na:0.033785298209537816
junk:0.04076072033992605
wants:0.02729097025266472
cars:0.02962850428815121
lower:0.030782810953841992
here:0.013956596167623224
is:0.002082733541788092
living:0.02855817840332636
convertible:0.09541427826987746
life:0.04326169539982496
food:0.03267813402194106
nice:0.024494104315928356
late:0.029877046400241622
e-mail:0.021315471136839275
warren:0.0867380645034368
happy:0.029442597585155203
while:0.01682436051068622
buying:0.031094712598740436
secrets:0.08965360297635061
s:0.019238334290109096
