at:0.02591073566042444
thanks:0.02931450948406122
from:0.012449591976914347
to:0.00202676347072181
then:0.023468828673173577
us:0.030292299796838177
next:0.03938794152572316
that:0.015304615827991625
generally:0.05686396313563381
so:0.015026626432131178
he:0.023384311875297575
something:0.029274431134757688
these:0.024362293722043273
on:0.007456012135871911
a:0.012322095228056428
how:0.01934357348866359
was:0.03906446179859054
given:0.040996875870312956
are:0.009454579141194493
model:0.05380811046446397
it:0.005041991613823117
have:0.007518391369818424
calling:0.06048530322863909
buy:0.1326547555254691
types:0.06024848841148352
showing:0.06314741643567372
were:0.02281328378635734
if:0.009855153231814842
of:0.002859420375966745
looking:0.038145372726568295
year:0.03639353994425958
miles:0.05903168801339449
good:0.047647348569397036
and:0.008422001790238012
for:0.004784542101648147
car:0.08996009823186439
we:0.019819763319323086
back:0.09292750235592077
the:0.003325380926422293
cars:0.05620701548781627
many:0.02725295628791314
is:0.01185320412752929
number:0.036798012476437617
today:0.04175185684997578
new:0.025352934777699218
buying:0.05898849890055171
