some:0.037261815163830446
mustang:0.06133577615548206
know:0.026252662248048973
v12:0.13318258434180688
motorola:0.05184347981856417
to:0.0029323386384911294
5.0:0.053961869979312425
gm:0.052373611454179875
add:0.036555536345231045
w:0.03291851973435483
then:0.01697745052952982
most:0.019751015574117424
matthew:0.04559864192363292
that:0.007380949477329294
bowman:0.06659129217090344
v:0.04092179057342566
nt:0.0151931606749455
could:0.016054352716234652
me:0.011527539153239837
re:0.0039780904550869205
curious:0.04559864192363292
possibly:0.041244187908482347
am:0.01738655698618474
legend:0.06267932642488941
knowing:0.045681109761976736
infinity:0.06659129217090344
cycle:0.053783070848287096
v4:0.18242444736625343
silver.ucs.indiana.edu:0.057577485145507645
ole.cdac.com:0.14010646520211809
early:0.03726320317865192
care:0.033681031290147836
have:0.0054388363100814135
engines:0.05293155268154734
heard:0.02875156765340292
list:0.03097477230767638
which:0.013743535452314019
writes:0.021104118862262627
were:0.016503226568854244
of:0.004137033735441248
what:0.009791937265921608
again:0.025977331256468277
seems:0.025069011589160403
please:0.02037675911601335
who:0.01375588164078562
in:0.0037804191892444783
bmw:0.04714313139006375
or:0.007173526145777503
subject:0.0002840101797023223
v8:0.11646069255434068
i:0.006092511933363668
any:0.0326581042432598
the:0.00240559471273102
do:0.015283359976733971
rtsg.mot.com:0.12028607788286398
v6:0.17273245543652294
an:0.009552107857039752
cars:0.0406603941826756
about:0.010478895535339058
jerry:0.05191761459852261
today:0.030203470912748435
devil:0.05615693841545954
q45:0.07590478937679598
2:0.020727761192504347
cellular:0.05582958034453663
article:0.008620562556559585
vx:0.06309656805417964
s:0.013200771933106772
