some:0.005956820791496704
since:0.010208273588794291
at:0.008989438902596235
out:0.006011107648369693
all:0.004867693013501486
ever:0.013486847228723777
specifically:0.02064817679467174
your:0.012856451246747577
with:0.008951439440656336
previous:0.017720405202514316
service:0.037169298249779006
dealer:0.022564109200248705
my:0.009696063891125522
to:0.004218977020686217
technique:0.025667939016064362
job:0.017711676302495795
been:0.007485920342966526
that:0.0035398431166783345
problems:0.041985814835078156
nt:0.0036432579169512164
months:0.017325482346835813
need:0.009802050977026714
re:0.0019078597080518904
package:0.01983297465845001
exactly:0.016410115577918407
so:0.005213319374412857
had:0.02348584416860411
on:0.010347118882434487
you:0.008507127388909007
ownership:0.027149550129959146
them:0.007478873324144085
more:0.006486831764391458
a:0.0028500084200946837
other:0.007037285652203626
same:0.009908639543513328
was:0.009035317694912098
as:0.004082215103148053
factory:0.056800349831683444
said:0.011181147085017511
standard:0.015530839492154268
equipment:0.02058651996194178
locking:0.28872332178206417
sc:0.027434654509522698
others:0.013756776648308142
are:0.003280160110210334
no:0.005743600694808723
those:0.00946895741983449
manual:0.02004896631062634
it:0.00524778718989753
have:0.01304210747825645
made:0.023730403591000013
due:0.033827984539780434
kind:0.014058809678382958
tom:0.01936596032385079
always:0.013555898459177079
after:0.019685853955764807
has:0.00543252282595179
verified:0.030798152616075065
poor:0.020160490768853373
be:0.002951332944578935
found:0.013645512781923455
writes:0.003373787709273277
were:0.007914812742205606
depends:0.021968194568890285
if:0.0034191347947112715
of:0.0049602190195341496
what:0.004696133178554241
but:0.0033943021543388274
tire:0.08799116082090201
present:0.01849234838178216
well:0.008586060766088493
they:0.004759794002590529
one:0.005016892386610319
in:0.0018130581825968415
according:0.01754860308462356
tires:0.08048162638546623
and:0.0038958919845998963
for:0.0016599431781228263
subject:0.00013620896373478723
car:0.031210646325340707
i:0.0077917839691997925
6:0.014991579757955073
stupid:0.01970248056768649
any:0.00522085339943269
unfortunately:0.018785168779724266
than:0.007298986133772761
the:0.0069222215203076295
nut:0.030798152616075065
do:0.0036648873413596766
nuts:0.05723463161146707
saturn:0.05832618385179532
got:0.022572998179903814
did:0.01677460248411189
correctly:0.0222362421889305
put:0.02538223775047734
bought:0.018689202800349285
rid:0.04711585437559011
myself:0.017004296234683077
address:0.016289904867008216
about:0.010051185513488485
weight:0.022678253576547344
1/2:0.024200173340289968
eventually:0.021618869062372627
supposed:0.018615790874573268
e-mail:0.014029060084960542
article:0.004134351430186739
replaced:0.022069630132940433
opposite:0.024621533498500554
john:0.013681012242764518
