sho:0.1443142847161546
go:0.030161740337893445
fast:0.08097204476623343
say:0.01470965096331429
know:0.009564923454715518
all:0.0073958746561727995
own:0.017569694849209266
with:0.004533545556508119
much:0.013544161779534351
my:0.007366002025816289
to:0.005341857209654383
lies:0.03496419852136173
slightly:0.03356334617330272
front:0.05452637099792145
family:0.03054625634976486
that:0.0026891831429029208
think:0.01116083742270198
smaller:0.03481583154298423
nt:0.011070985298022301
attention:0.03290448405831518
anything:0.017994117444336464
television:0.04052697585798274
re:0.005797527174855357
larger:0.03299109879163398
so:0.007921012382828838
off:0.016926026728343802
on:0.0039303009708472085
you:0.01723407719096812
sure:0.016915069923714755
a:0.002165122675730845
how:0.010196612381621119
want:0.01467130207528823
as:0.006202435350519522
truth:0.027868663007849643
listen:0.03310811139800983
rear:0.03672213122961591
modified:0.03827771801614421
stuff:0.022662143819175366
straight:0.03098187308111092
setup:0.03421515328346195
are:0.004983809159699423
those:0.014386943056492714
it:0.0053155880579840616
postings:0.03571053054024096
brakes:0.0863013067210074
bother:0.03554732581777714
shows:0.029955152229611714
centerline.com:0.04919839411670195
be:0.004484195791763343
writes:0.00512606504664777
down:0.01832841532521828
if:0.010389928988579988
inch:0.04076072033992605
of:0.0015072913609747182
even:0.013016739905162989
what:0.007135210100749079
powerful:0.03566940610435186
they:0.007231935073703439
who:0.010023665691735259
up:0.01041442147559988
one:0.007622565176555213
frost:0.09704777463666547
in:0.0027547240603796974
or:0.005227220602349499
and:0.0014798349398867823
still:0.015827202187825948
subject:0.00020695315420169222
i:0.005919339759547129
pay:0.025835984976727774
normal:0.02924312150789568
improving:0.046456998455899026
the:0.002921523294531213
do:0.005568355960515478
around:0.01835034444305144
can:0.006702061956881499
because:0.013680017820887704
tries:0.04000751298757219
did:0.01274349646079818
forget:0.029761343685383673
taurus:0.04597734416351075
an:0.006960450686525091
jim:0.052501251890680146
makes:0.021650991335286623
people:0.011668784031574553
about:0.0076357843435804
different:0.019590828666753858
is:0.004165467083576184
argument:0.027277065427439705
engine:0.06327207782543963
9:0.027603361671511832
too:0.015135797425306175
designed:0.03046199532467258
article:0.006281650235012411
very:0.013513507688243777
god:0.020567273114536627
s:0.009619167145054548
driven:0.03649071291062613
