looks:0.044074319412539364
out:0.03033932443984017
mustang:0.049489810803564925
there:0.007877931206670793
concept:0.01826545812927375
all:0.008189423439023959
remind:0.02265558888864033
saw:0.014581032545645727
with:0.00501997748317208
way:0.0074350764787405295
much:0.00749869901098683
january:0.022312057954419144
ca:0.008826388824430563
mechanics:0.025370277981960114
work:0.0173825962574275
wrote:0.011053969848467215
to:0.0029575089272335427
design:0.03230186444142011
look:0.02035337617404215
software:0.012084917976314405
100:0.01450005192631361
engineer:0.01913564523490105
been:0.006297169043868838
that:0.005955444213467413
mach:0.08024269300270569
bit:0.011695640335003003
like:0.024992254581731183
nt:0.006129429628518785
me:0.00930119038973858
anything:0.009962408370469543
re:0.0016048948617088865
wait:0.015757080708627115
anyone:0.007179891629362194
this:0.00675943053697106
93:0.015712512857529618
recently:0.014203053925269053
on:0.0021760035417995277
you:0.0023854033880202656
fall:0.016739489387958505
e.g:0.01742178206090685
communications:0.018107651915595255
came:0.012955908723081316
a:0.005993579939254914
runner:0.02554197469704037
looked:0.015987138216651008
was:0.0038002623781175347
austin:0.021488491397294227
shit:0.04136669426330263
listen:0.018330241932803727
popular:0.018154387537051342
tear:0.021288834677831166
yeah:0.016970911777631555
it:0.011771860248582728
not:0.007762789809990964
should:0.007050695889414075
texas:0.017030771123042927
have:0.008776834560474726
japanese:0.021488491397294227
try:0.010456608035808551
only:0.005723331494717968
between:0.009969381313503887
always:0.011403245055788444
virginia.edu:0.04125448755456999
greg:0.018795144195259326
dodge:0.024892914741143704
glad:0.01991027345684222
ford:0.04103438085402632
be:0.004965332679291599
writes:0.0028380360129509116
of:0.004172544754629585
produced:0.019703120062121902
looking:0.011132555130500618
but:0.002855292799357984
latest:0.017881315880913098
they:0.008007893772598659
up:0.005765924336276329
pick:0.01725345281990564
one:0.004220218488307392
in:0.0038128691393667486
1990:0.018330241932803727
nissan:0.024968878591355725
yes:0.011445690431347163
or:0.005788081182000733
cross:0.019658412933974884
and:0.00409653878209002
for:0.002792694102249562
subject:0.00011457921412883389
car:0.03938167390407798
i:0.00409653878209002
similar:0.013582653595994426
will:0.004863971437353152
impressed:0.022230306044673676
the:0.004852487188770727
around:0.010159632760316032
got:0.009494222410431649
did:0.007055412203617877
maybe:0.022728867659590764
come:0.010305552250941668
drop:0.01858228178693584
bought:0.01572138948012215
an:0.0077072801593282125
cars:0.016403764176701745
just:0.005040294263802086
btw:0.016102105237954228
actual:0.017435008097548083
about:0.004227537254600307
andy.bgsu.edu:0.02554197469704037
hold:0.014891762287313391
is:0.0023062028059284453
picture:0.03511182629781459
issue:0.013439313336759027
new:0.014798279526897398
1994:0.04906408598691795
right:0.008325637741589268
hear:0.01422180928866441
too:0.016759810024587953
pm:0.022312057954419144
nothing:0.010965047216742097
supposed:0.015659635242130304
article:0.006955647041344214
little:0.010065831338620018
iii:0.05952031644776019
95:0.022980532329566067
takes:0.015347209673732492
94:0.02338476930407122
corporation:0.02038347726057627
telnet:0.024395782485671078
while:0.009314774703341298
check:0.014203053925269053
96:0.024329240912555346
s:0.005325633312068827
