form:0.050196778301204344
know:0.018145222436151496
options:0.13308765907872988
my:0.013973739137210313
to:0.00405352694144362
within:0.09518971224478875
add:0.05053265318311351
been:0.021577064517962343
that:0.010203077218661082
parr:0.18251512478807785
charles:0.12106625455687751
on:0.007456012135871911
you:0.02452054365038479
a:0.004107365076018809
as:0.011766384709073801
idea:0.04077023963618759
stuff:0.042991419892259145
acs.ucalgary.ca:0.08943971010040397
no:0.016555084355625145
have:0.015036782739636849
has:0.015658448145390455
struck:0.08012722423306756
heard:0.0397448141091158
list:0.08563613520357587
which:0.01899841665466938
get:0.01932902904839886
of:0.00571884075193349
separate:0.0620985226000571
together:0.05233773884485633
windows:0.04040010560916914
they:0.013719406242760936
in:0.005225873585132073
use:0.024452640113931588
weeks:0.05353771890195751
and:0.0028073339300793373
few:0.033612169130974805
subject:0.0003926023072355632
car:0.044980049115932196
i:0.0028073339300793373
elements:0.0720802644104666
power:0.039733165884860915
the:0.003325380926422293
regards:0.06072599407370093
last:0.032061214000874964
here:0.026476483906226412
unknown:0.06939906504584963
is:0.003951068042509763
threads:0.0833634284209617
new:0.025352934777699218
time:0.02322808779270167
1:0.028801821940069243
dumb:0.07562676524600907
wish:0.05494231639380557
