some:0.00496824202184406
read:0.009646821539991156
out:0.010027039141110297
block:0.018671401221971622
correct:0.013924329532687015
say:0.00807465946496827
mustang:0.09813724184877129
there:0.007810884983635297
concept:0.01811000742179057
all:0.004059863109133154
small:0.012718067660706432
remind:0.022462775366183817
existing:0.01842413470789809
with:0.004977254270549339
much:0.007434880295999708
c:0.011004671044378554
january:0.02212216809948792
ca:0.008751270621669452
from:0.0072048702504695795
mechanical:0.022507334089023372
to:0.0029323386384911294
line:0.012016186165131866
job:0.014772291724634793
most:0.00790040622964697
100:0.01437664722906839
been:0.006243576115835912
brent:0.02278495333101657
that:0.004428569686397576
jeff:0.017938209739703816
mach:0.026519925488837484
gee:0.021548837912380867
like:0.004955910908547545
nt:0.0060772642699782
anything:0.019755243832505563
re:0.0031824723640695367
wait:0.031245955788171215
anyone:0.007118786168686771
this:0.0044679356457142045
recently:0.01408217687058591
on:0.00862993745088153
you:0.0023651020825903057
fall:0.01659702564848652
came:0.012845645670118923
a:0.0035655424489695192
runner:0.025324596188980454
jeffrey:0.023401255236882336
as:0.020428446643838766
old:0.01126771524400989
idea:0.011797345937279814
drive:0.012016186165131866
drain:0.024756377496961208
also:0.006312753751827943
fox:0.02412218354308679
far:0.021186196358480014
others:0.011473737119439983
no:0.00479040738801068
likely:0.01406982470182863
it:0.01167167420391394
have:0.006526603572097695
ve:0.015533052757680292
indicate:0.0202100008583586
doing:0.011407246404958788
virginia.edu:0.04090338553282897
has:0.004530955208027877
minor:0.018493328413735452
ford:0.061027728121200844
be:0.014769223586488628
writes:0.0056277650299367005
if:0.002851703913886848
of:0.004137033735441248
seen:0.022063530984020023
looking:0.011037809980453804
what:0.01175032471910593
but:0.005661984870216258
year:0.010530896664721923
well:0.007161140043205723
they:0.003969870742586143
good:0.01378731788391063
clear:0.014032981881645163
in:0.0015121676756977914
suspension:0.04749294064238058
pictures:0.019787844900556694
yes:0.022696560600033097
murdoch.acc.virginia.edu:0.024756377496961208
or:0.0028694104583110013
66:0.021768989718334863
and:0.0032493396977939563
still:0.008688123754168286
subject:0.00011360407188092892
v8:0.023292138510868136
car:0.03904651072191561
i:0.004061674622242445
similar:0.013467056544113622
20:0.01338226531236434
will:0.02893545561455194
program:0.01181546141440032
the:0.004490443463764571
do:0.0030566719953467945
see:0.007529301112387984
around:0.010073167800653768
got:0.00941342051757691
did:0.006995366142310491
return:0.01570369237368906
an:0.003820843142815901
cars:0.01626415767307024
just:0.009994796284816051
about:0.004191558214135624
different:0.01075411445962233
current:0.013456364781833268
changed:0.016082192314184788
unknown:0.02008143158773521
is:0.010289589966025426
printed:0.020707943234470033
done:0.011270908729449781
new:0.014672336722413165
1994:0.024323259648833796
right:0.008254781250171487
65:0.020826980902735596
sides:0.0193822696673468
hear:0.014100772613867267
goes:0.013715009344641177
tradition:0.019956633225630866
nothing:0.021743455331922627
supposed:0.015526361750707918
article:0.006896450045247669
very:0.0074180531565253074
iii:0.0196712535210328
already:0.01236504817573341
roof:0.02446279080978269
everything:0.013147499931588312
s:0.007920463159864064
