some:0.00496824202184406
at:0.003748787287040132
fast:0.029632322765515213
say:0.00807465946496827
behind:0.015011669791483823
know:0.005250532449609795
all:0.004059863109133154
much:0.007434880295999708
work:0.008617329634001292
mirrors:0.047986449218128224
my:0.00808692988366214
to:0.004105274093887582
w:0.013167407893741932
then:0.0067909802118119285
enough:0.010349568199733601
make:0.0074897041844668244
that:0.0029523797909317175
guy:0.028819836144245697
think:0.006126587351185341
bit:0.011596102970449785
me:0.013833046983887804
need:0.008175327623392495
re:0.0031824723640695367
had:0.006529397811413341
this:0.0044679356457142045
off:0.009291308289175959
he:0.00676652428732015
blow:0.020737391927425672
couldnt:0.031311462777587375
two:0.007935274181503454
on:0.00862993745088153
you:0.018920816660722446
dont:0.041415886468940066
assume:0.014772291724634793
why:0.007573287575123432
more:0.005410293726896706
a:0.002971285374141266
how:0.005597289349911167
other:0.011738791385803497
j:0.012996292168207926
constantly:0.022204798252071327
was:0.01883959859790182
as:0.003404741107306461
gary:0.018062461461798546
guard:0.02288166929304872
drive:0.012016186165131866
also:0.006312753751827943
whole:0.012731555212882086
course:0.01040915659531923
instances:0.024323259648833796
didnt:0.02836190030711952
are:0.008207379339590112
those:0.007897513422500255
plan:0.016619422116760027
tad:0.025071730569955767
it:0.0072947963774462115
not:0.002565574504578574
should:0.02097206990085293
rush:0.021731497677134202
have:0.004351069048065131
rely:0.02140815339212177
left:0.012444277376598135
always:0.011306196161696628
differential:0.047860363381658944
motorcycles:0.02345688111589235
love:0.013924329532687015
25:0.01564971297144516
be:0.004923074528829543
get:0.011186161491839338
spend:0.01744722219026192
recognize:0.01905159313829439
down:0.010061130114694289
were:0.006601290627541698
depends:0.018322409087244668
if:0.008555111741660543
cops:0.020707943234470033
of:0.004137033735441248
trying:0.011473737119439983
safe:0.017671238077433923
what:0.007833549812737288
but:0.002830992435108129
seems:0.010027604635664163
who:0.005502352656314248
now:0.014058845939389313
one:0.012552905205646244
in:0.0015121676756977914
speed:0.02858268227136835
and:0.0032493396977939563
word:0.013059049004950718
still:0.008688123754168286
subject:0.00011360407188092892
scan:0.022289064751204006
car:0.01301550357397187
outside:0.015339471393538405
i:0.012185023866727335
everybody:0.017352805530792294
sees:0.02255236434149374
stupid:0.04929812159063684
caught:0.019213720143538095
actually:0.010401336711068446
55:0.020918496669633312
assumed:0.020796907850722437
the:0.003848951540369632
wrong:0.011248604497148342
do:0.0030566719953467945
see:0.007529301112387984
when:0.011129144194414773
would:0.007937443796632988
because:0.007509456591040485
agree:0.012836405016869954
lane:0.023401255236882336
maybe:0.01126771524400989
cars:0.01626415767307024
mahan:0.027556615202274717
just:0.009994796284816051
people:0.006405417617332414
circumstances:0.020649650279754458
different:0.01075411445962233
is:0.0022865755480056503
scary:0.024681060147602057
right:0.016509562500342974
time:0.013442638041733733
checking:0.020678696939628496
somebody:0.016152034993509597
six:0.01803105674989377
slow:0.01747458768102911
first:0.007989595018685281
too:0.01661717334352763
every:0.010349568199733601
very:0.014836106313050615
going:0.018534601566380277
aware:0.017433605157365445
fault:0.018838297873687716
by:0.004214619041775175
high:0.01190350564102775
thats:0.022081447031334082
s:0.0026401543866213547
