correct:0.18178985778785825
insurance:0.24669016781381964
companies:0.22092401919931867
to:0.007656662000504615
esp:0.295628434748444
re:0.020774472376565028
geico:0.380409340498169
spread:0.25896204734605266
excellent:0.21639252296335482
bob:0.20466694522383888
point:0.1223075534033367
and:0.010605483735855273
subject:0.0014831642717787943
walker:0.27073817238583514
the:0.00837503344432281
about:0.05472312112899286
questions:0.16800979651363954
