belt:0.02339684301366417
looks:0.013971859079077106
inexpensive:0.022341438979812295
at:0.0035957755610384946
out:0.004808886118695755
there:0.007492073351650184
bnr.ca:0.019048778244682464
all:0.003894154410801189
raise:0.019237557908563102
happen:0.013802580514968636
case:0.010088208601252065
much:0.021394247382366505
insurance:0.01812417559448471
high-speed:0.02260830738496679
into:0.014618807371284787
often:0.01268294036032125
item:0.019862721061634524
added:0.01707599259902617
my:0.015513702225800839
to:0.0011250605388496578
look:0.009678238058269024
important:0.01282599711417642
most:0.007577940669253216
value:0.015240215590843542
us:0.008407658719122434
enough:0.009927136844642434
been:0.005988736274373222
that:0.009911560726699338
protection:0.05179557913632199
really:0.01592976116890552
nt:0.005829212667121947
perfect:0.01653096650668118
could:0.006159629205412479
consider:0.013144343177841605
me:0.008845621880853426
re:0.0015262877664415126
so:0.004170655499530287
had:0.00626289177829443
30:0.013971859079077106
something:0.016250296466641004
you:0.024954240340799756
more:0.010378930823026334
sure:0.008906302123098791
a:0.0051300151561704315
how:0.005368828560118875
other:0.005629828521762902
want:0.0077248896641313545
test:0.01459550960808029
crash:0.020844497771945053
as:0.0032657720825184427
old:0.010807808499356426
budget:0.01926178131884806
granted:0.019213477410084782
question:0.008910147278967774
course:0.009984293060816406
are:0.01049651235267307
those:0.007575165935867593
d:0.007436098866845043
it:0.009795869421142056
not:0.0024608571778610812
have:0.002086737196521032
ve:0.0074495253021527935
buy:0.012272820919363128
kind:0.011247047742706368
money:0.02530791646309494
safety:0.016868054633249648
accident:0.01983466849311305
centerline.com:0.05180892115146574
glad:0.018935076389568317
be:0.0070831990669894445
which:0.00527302992864293
common:0.013739298120944286
writes:0.008097090502255865
get:0.026823958679410658
certainly:0.012554111335737311
spend:0.03347018134458409
if:0.0027353078357690176
of:0.003968175215627319
even:0.006853712031698065
safe:0.016949963053865195
but:0.01357720861735531
least:0.009827193398801969
significantly:0.019948054469060297
again:0.009966812808604156
well:0.013737697225741592
beyond:0.015941078356892274
good:0.013224570215179586
one:0.004013513909288256
frost:0.07664793629467252
in:0.0058017861843098935
point:0.008985861066367595
or:0.005504583328188452
rather:0.010504014909848423
and:0.0038958919845998963
for:0.006639772712491305
subject:0.00010896717098782979
car:0.062421292650681415
i:0.0038958919845998963
valid:0.017526629867860462
pay:0.013603436987746463
than:0.011678377814036418
the:0.0015382714489572508
do:0.0058638197461754835
magnus.acs.ohio-state.edu:0.018781034234536288
when:0.005337446705484637
benefit:0.01848936499379284
got:0.009029199271961528
can:0.0070576815709201095
because:0.007202948158753119
did:0.013419681987289515
extra:0.015855819222413272
may:0.015192045121957804
an:0.010994671084429428
cars:0.03120062900548169
jim:0.041465274452435134
mph:0.022341438979812295
f:0.01516829068737489
worry:0.01794433890144785
is:0.0043864918676026765
tests:0.019213477410084782
figure:0.015071418914590832
presumably:0.020124267415448902
does:0.0049734237319898995
02:0.023602683232549448
life:0.011389303482811062
article:0.003307481144149392
lots:0.014892632699658617
john:0.010944809794211616
s:0.010129571932343158
walls:0.02190107586956256
