mark:0.08581782755120543
own:0.0647568753013713
carson.u.washington.edu:0.15712271373335282
my:0.027148978895151464
to:0.003937711885973802
that:0.019823121453398675
re:0.010684014365090587
murphy:0.15749620177813434
had:0.08768048489612201
he:0.04543237735772101
used:0.056413243095339016
names:0.11705420605659655
a:0.003990011788132557
was:0.025298889545753874
question:0.06237103095277441
writes:0.018893211171930352
were:0.0443229513563514
even:0.047975984221886446
they:0.053309692829013926
good:0.04628599575312855
one:0.028094597365017782
in:0.005076562911271156
subject:0.0007627701969148084
i:0.005454248778439855
ugly:0.15675404502375548
pretty:0.08222914448341791
named:0.13318048149225564
friend:0.09923426913408016
an:0.025654232530335334
smith:0.11250681584189892
article:0.023152368009045743
s:0.01772675088160052
