ask:0.06778052521758994
day:0.05914658222704353
rob:0.10234145795347067
me:0.025199736753594063
package:0.09040146588502795
steering:0.13078122551964944
locks:0.1333075939150633
more:0.02956788432141223
ns1.cc.lehigh.edu:0.12531983968064012
after:0.04486543459685933
robert:0.07431190765017914
brakes:0.1294519600815111
toyota:0.2475028756033485
highway:0.12276167932681853
excellent:0.09058291658931132
windows:0.06388853910287212
miles:0.0933524368583913
bob:0.08567453520997907
door:0.0983714487472782
5:0.12087780869384572
speed:0.078103841090367
for:0.030265010503448743
subject:0.0006208594626050766
until:0.06653873779917777
grey:0.12759050176352188
info:0.068497568823079
power:0.2513353748995853
cassette:0.13747150627434201
william:0.09468975068351203
91:0.10866549784843908
sale:0.14766847228388974
e-mail:0.06394641341051782
condition:0.08832779275546561
1991:0.1009730742320071
