since:0.024400263700044895
at:0.010743475761639403
correct:0.0399050907339201
4:0.030295969563154623
from:0.010324051883294825
several:0.03437135819594386
to:0.0016807306830375986
most:0.022641408097158998
manufacturer:0.06115593494169185
that:0.012691632637846713
helps:0.0515850280016215
like:0.014202915408642356
had:0.0374245972117594
this:0.006402224858188037
off:0.026627529853126226
posts:0.049061188684983804
used:0.0240788232724008
infinity:0.07633635931786492
sure:0.026610292928770776
a:0.0017030538120077988
same:0.023684065250348933
question:0.026621781504232982
also:0.018091428435116665
not:0.014705122160389389
admit:0.05000118554526282
engines:0.18203290068532132
kind:0.03360398410930561
hope:0.035225140702927385
earlier:0.04812129920590601
spelling:0.06585913592720387
of:0.00948490661296286
what:0.01122490369508087
saying:0.036787258280054136
must:0.02826171253023777
up:0.01638366305307786
clear:0.040216472465690406
in:0.00216682563285964
nissan:0.07094815502177906
and:0.006984099045563228
for:0.003967669059903342
each:0.031048895089763603
v8:0.2670074414660494
i:0.009312132060750973
person:0.03420968828138843
power:0.03294945463622612
the:0.002757632963374584
would:0.011373776172004586
can:0.010543487712655042
v6:0.33001729290717796
here:0.021956108605163366
is:0.003276495449886145
division:0.048323992879516255
time:0.01926231670614285
q45:0.08701280733437589
automobile:0.06931972340440684
first:0.022897010114524892
models:0.05442930547537285
while:0.026467591535103932
s:0.0075662961080002235
