some:0.016444181339906397
all:0.013437575079525229
v12:0.08816311921218202
4:0.1049691339793808
to:0.0019411255775927195
matthew:0.06037003296931683
us:0.02901234346739431
make:0.024789865962671884
that:0.004885980639922209
r:0.04366506713703
really:0.02748444708719614
smooth:0.07745485888263871
nt:0.01005744439045688
re:0.0052667676447629656
kenneth:0.06923727770934969
used:0.027809345187843178
great:0.03551057308074193
them:0.02064590382439776
other:0.019426873068055083
low:0.047828092112391835
v4:0.08050656362642171
as:0.011269213524183358
running:0.04264028749924932
idea:0.03904755345437685
180:0.08096839211688636
silver.ucs.indiana.edu:0.15245869306134419
also:0.02089432579830375
others:0.03797645384603375
engines:0.07007839369106268
referred:0.06873599679241021
degree:0.06241485000938018
be:0.00814734164982354
kid:0.07132361844238737
writes:0.018627109606128518
of:0.005477199593401089
they:0.013139713021235826
in:0.01001012405039383
or:0.018994688949382686
use:0.02341942996827251
opposed:0.0630580899647772
and:0.005377428373109717
subject:0.0003760134773523704
v8:0.07709369788808468
eliot:0.25233377711041444
gravity:0.07622934653067209
actually:0.03442695953663499
the:0.0010616239577310605
would:0.026271821017024678
fan:0.05633177444351653
junk:0.07405821019507691
v6:0.07622934653067209
an:0.025292905311598217
center:0.04600888497849026
their:0.021319487585657944
article:0.011413139159388746
honda:0.06787633636161629
vx:0.08353630136750545
