all:0.030776381633751328
v12:0.20192198271177172
ya:0.16473877271375928
bowman:0.20192198271177172
v:0.12408542948071007
re:0.012062596863811953
ta:0.14894689447767198
a:0.004504852018859339
v4:0.18438600056374005
180:0.370887473567673
it:0.01105985257225716
engines:0.16050212748598225
love:0.10555540129617576
degree:0.28590028068812856
writes:0.02133104487153427
in:0.011463206573838095
use:0.053638049282172515
subject:0.0008611921578070418
v8:0.1765694370985165
eliot:0.3852838317169769
the:0.0024314613225453322
got:0.07135980069776045
v6:0.17458979366702318
jerry:0.15742760555681048
their:0.04882850382521658
article:0.02613977033279358
vx:0.191325077325577
