there:0.006748374893949614
radar:0.037486531427630754
know:0.018145222436151496
all:0.007015204637105082
thanks:0.01465725474203061
where:0.054336964653934165
your:0.01852841503207739
with:0.004300201299923142
way:0.01273803543784223
from:0.012449591976914347
post:0.018989542679641033
my:0.006986869568605157
to:0.0030401452060827153
city:0.027057247047694057
experiences:0.034743430809590276
most:0.0273028744701035
areas:0.03026656363921938
relevant:0.03305877111620268
measure:0.033951130358881115
pittsburgh:0.03251886325918196
nt:0.0052505775861944005
could:0.011096390847985716
mainly:0.035387224125945575
this:0.007720329976050279
two:0.01371168700480376
on:0.0037280060679359553
detect:0.037680893611955424
you:0.016347029100256524
used:0.014518114031888718
etc:0.017075911672487027
state:0.019542010198092766
m:0.020129628119354002
a:0.0010268412690047023
andrew.cmu.edu:0.029961613284759266
are:0.009454579141194493
no:0.008277542177812573
those:0.027292877268934708
pa:0.07617148982954362
place:0.019995791303797247
it:0.005041991613823117
being:0.014307381837684912
area:0.04718333889204922
between:0.017079895926811806
always:0.01953644189704932
common:0.024750941467877572
g:0.02599266147802575
prior:0.033794678899709905
if:0.009855153231814842
cops:0.035782107794856306
of:0.002859420375966745
highway:0.03881435449303821
what:0.006767956639681111
but:0.009783576797800151
distance:0.03469953252292481
least:0.01770339987284178
lines:0.05195856065138995
they:0.006859703121380468
find:0.015562108365245516
who:0.009507741722307709
commonly:0.03794830276027068
in:0.006532341981415091
speed:0.04938919363067325
cross:0.033679486864824616
use:0.012226320056965794
and:0.0014036669650396686
for:0.004784542101648147
subject:0.0001963011536177816
locations:0.04239384528393613
i:0.007018334825198343
possible:0.018948320757092515
any:0.007524171075652995
caught:0.03320017818920185
the:0.004433841235229724
wrong:0.019436926888454855
risk:0.03154515307058394
can:0.012714205771142843
specific:0.026949678591694358
road:0.02654891460272434
fight:0.031320618336318634
interested:0.042309944344337054
is:0.007902136085019527
white:0.04998484037971459
right:0.014263776424928673
time:0.011614043896350835
lot:0.018224657266657285
unless:0.022632804601033025
takes:0.026293381279262285
especially:0.022980115496303983
s:0.004562031476882488
newsgroups:0.03151670838839334
