read:0.022445574870276454
configuration:0.04696271262076074
andrew:0.037281763952198003
all:0.009446216145012783
v12:0.061976054099652705
4:0.04919345552829068
previous:0.03438811306626541
corp:0.04582341232586185
to:0.005458214495409231
remember:0.027550733034863682
make:0.01742653943910598
that:0.0068693985234549865
think:0.01425493096562926
like:0.011531079836719537
really:0.019320749932583425
nt:0.007070084670519193
could:0.014941674805208489
re:0.003702381215625451
this:0.005197845924469495
them:0.043540371431650716
a:0.00414803205696949
how:0.026046792024339096
j:0.03023889761909765
v4:0.05659372294530635
as:0.015843844756772644
180:0.11383674931285014
it:0.003394608215247247
engines:0.049263029228370794
ve:0.03614126136687989
p.o:0.045610479600901824
always:0.026306496019789183
referred:0.14495809224537995
degree:0.08775157130031669
heard:0.02675888474673143
be:0.011454678359157849
writes:0.013094304772624996
seen:0.025667969214082702
oh:0.03197738796179677
spencer:0.04609618412554731
they:0.009236827965423204
who:0.012802503705285627
box:0.03137167337333274
in:0.007036819877009524
po.cwru.edu:0.04720719393353669
or:0.006676351066367181
use:0.01646316364106285
opposed:0.04432796423266516
usenet:0.040437610184591605
still:0.02021494140821334
for:0.0032212758704165743
known:0.03224681928382533
subject:0.0002643263058615673
v8:0.054194579703505066
i:0.0037801724207008895
usenet.ins.cwru.edu:0.05156803380486532
eliot:0.1773831502459349
joseph:0.040437610184591605
the:0.0007462901089000524
wrong:0.026172495612176837
would:0.018468309823849033
joe:0.07880137083015715
v6:0.053586966373046725
an:0.01778016115963835
people:0.01490369445616948
drew:0.05691837465642507
is:0.007980375056158333
their:0.014986966520611029
article:0.024069293474750522
vx:0.05872353858507809
says:0.025356700439876912
