since:0.01266342799622583
sho:0.11782621979989838
at:0.005575727926926778
fast:0.022036695727519224
andrew:0.02383201366564556
11:0.02445705466848045
know:0.0078093362383436825
all:0.006038403991432222
take:0.02690821683969245
saw:0.021502408754021863
where:0.011692764545783302
with:0.00370143909360473
much:0.011058208035189438
previous:0.021982274808182316
to:0.001744555898849153
look:0.015007394457442471
slightly:0.027402985166810445
then:0.01010050854288483
front:0.044518366194505485
family:0.02493966499442827
regulations:0.03472399731538887
that:0.004391197790309833
smaller:0.028425583981297256
like:0.0073711333133460325
nt:0.004519484504572396
me:0.006858156205092055
anything:0.014691399685565846
re:0.0023667120428998135
larger:0.02693577053241002
so:0.012934311359302786
had:0.009711446111912247
this:0.0033226736605786013
on:0.012835666461754176
you:0.003517715122840012
regular:0.025614193998453553
m:0.00866338425389919
more:0.008046955859624847
a:0.007070906966310861
how:0.008325082260943825
bigger:0.0295020053938541
basis:0.023589925804037966
was:0.011208368786093489
as:0.00506401367225961
running:0.01916114185092849
standard:0.019266104686469852
rear:0.029981993219116786
modified:0.03125206091191521
course:0.015481973417088728
setup:0.027935156794725267
are:0.004069059377222946
crap:0.030756289751979093
yeah:0.02502672433030476
it:0.00216997107430362
ones:0.021472341647954786
should:0.010397545204009364
have:0.0032357633743522332
brakes:0.10569179019313249
bother:0.029022816648691465
shows:0.02445705466848045
centerline.com:0.04016830912059843
braking:0.04098610488945923
be:0.003661147197072603
writes:0.004185205006440268
were:0.009818375300457588
inch:0.033279322302851015
of:0.001230636617504675
even:0.010627591441557125
what:0.005825582930358425
but:0.0042106533053823435
powerful:0.029122489794059434
tend:0.026959519580628696
spencer:0.029466548080254926
they:0.017713663756476147
up:0.008502913736407498
cheaper:0.027907458221308818
good:0.010253226907338603
one:0.00622348675807356
frost:0.03961760420294255
in:0.003373665225844756
po.cwru.edu:0.030176750552450667
or:0.008535588072190953
and:0.0012082196661100946
still:0.025844418762399332
for:0.002059170018430848
subject:0.00016896808159505252
al:0.024114013802039442
i:0.0036246589983302837
normal:0.023875713129864196
improving:0.03793008101779098
later:0.020224126765555087
the:0.004770588670816791
around:0.01498224324780782
agree:0.01909212138585088
did:0.010404500274955477
wheels:0.034972229677118494
130:0.03410603231814889
forget:0.024298818578572745
taurus:0.03753846453856258
jim:0.02143247308195487
just:0.007432839009277759
about:0.006234279622290326
different:0.015995043658299037
is:0.0051013789915948845
right:0.012277680973356325
engine:0.051658848351150075
9:0.02253692187104447
lot:0.01568704676117336
man:0.018342084422754423
fool:0.03129911773778558
told:0.01962164409322234
too:0.024715416048917676
article:0.01025737823185571
very:0.011033180327743338
says:0.016209030028022584
sales:0.030627557573263124
s:0.003926811904152014
