out:0.015502330251058682
there:0.012076039283909833
know:0.01623519902181976
true:0.03399053673891903
own:0.029822245204578882
carson.u.washington.edu:0.07235914448246511
my:0.012502819228030279
to:0.0018134199474879353
been:0.019305794568703148
that:0.004564534545190484
really:0.02567625977882797
nt:0.02818731125220152
anything:0.030542646714728994
had:0.02018958533792283
used:0.02597978300443244
them:0.0192876206780558
names:0.0539065422629063
loved:0.0690523756892953
a:0.0018375054287452564
was:0.011650804396070863
question:0.028723501096672426
course:0.032186207893421304
have:0.013453963503885601
made:0.03059973094628949
being:0.02560268328848879
ve:0.02401491709246624
heard:0.035561149466050976
be:0.007611332330756201
were:0.061235656479169696
if:0.00881776868109749
of:0.0025584287574439294
even:0.04418840652015857
seen:0.0682227602795356
but:0.008753726608558028
they:0.06137629108603577
now:0.021735715761555845
good:0.021315919096835514
one:0.012938301418100295
in:0.00467578162880238
ours:0.07235914448246511
for:0.004280906090948342
subject:0.00035127574857918807
i:0.010047300381336574
we:0.017733472443604868
ugly:0.07218936283988739
any:0.026928612270758084
the:0.0009917802763013855
when:0.017206242668996525
original:0.04060747385886157
mexico:0.15172534101619245
would:0.012271705869794421
cars:0.05029048754173034
german:0.06178428849615236
long:0.031319884804060324
about:0.012960739214761466
time:0.020783025919785706
does:0.0160327475570727
smith:0.0518123494008745
s:0.008163635274421294
