read:0.040482197533891456
at:0.007865759039771705
out:0.010519438384646963
agate.berkeley.edu:0.05243579008007956
know:0.011016742193377694
help:0.0191079707146589
all:0.008518462773627599
true:0.023065007072837915
thanks:0.01779809504389431
hand:0.028189637995113155
with:0.01044334601409906
much:0.015599972049642244
such:0.017169796459533915
work:0.018081004142770567
to:0.006152674821834066
iraqi:0.05540637716780935
us:0.01839175344808032
that:0.006194725454187085
think:0.012854893102933529
like:0.010398563067041724
nt:0.012751402709329259
could:0.013474188886839798
re:0.003338754489090808
on:0.004526864511065088
you:0.004962490976863587
children:0.029931936321593976
harvey:0.04982518326321176
used:0.017629138467293443
ages:0.04970030610272301
more:0.011351955587685052
a:0.0012468786837914242
how:0.011744312475260038
other:0.012315249891356345
as:0.007143876430509092
local:0.027289137963535284
drive:0.02521253347148204
also:0.013245510104281842
volunteer:0.05147824070192244
brian:0.03335783495338195
those:0.01657067548471036
tens:0.05047719339727327
d:0.01626646627122353
it:0.006122418388213785
have:0.0045647376173897575
kind:0.024602916937170177
against:0.023065007072837915
netcom.com:0.0287413854885816
alive:0.039330545478552116
without:0.020064379328593705
be:0.005164832653013137
writes:0.01180825698245647
were:0.013850922298859814
of:0.010416459941021713
trying:0.024074359134539248
robbie:0.1108127543356187
please:0.0171019228295112
who:0.034635344845549504
thousands:0.07640321419997034
george:0.0711127531974137
surrender:0.043636369151069394
in:0.0015864259097722363
thomas:0.032892901910974104
for:0.002904900561714946
subject:0.00023836568653587764
i:0.003408905486524909
acceptable:0.04132289861528613
than:0.01277322573410233
the:0.0020189812767563917
do:0.012827105694758869
did:0.014677777173597905
bh:0.05950934439440256
people:0.013439938750652834
warning:0.03830482872856621
about:0.017589574648604847
bush:0.04171978935252572
is:0.0047977254801904266
violence:0.12608844550368137
hear:0.05917288507605013
agencies:0.041371555800710814
article:0.007235115002826795
felix:0.050613510112726745
blame:0.039974324888385544
plenty:0.04161890046632989
