tip:0.023577435506855624
some:0.014238254574797002
simply:0.012433509511721097
go:0.007908261186154989
at:0.0035811585872131345
say:0.0077135974563721284
there:0.014923235537839797
know:0.005015752543326431
posting:0.013411335597383094
knows:0.014203095167240793
case:0.010047199623198194
means:0.011522744798531517
nowhere:0.020979549493482984
chris:0.046789600523406104
with:0.007132041180360334
into:0.007279690662530027
service:0.014807281416578631
from:0.010324051883294825
dealer:0.01797790814328759
to:0.0050421920491127955
job:0.01411174209467145
w:0.012578621361907944
positive:0.01799593496063664
she:0.04042856688900589
that:0.007050907021025951
problems:0.011150704210942169
talking:0.013250777155944181
nt:0.008708275021005348
me:0.004404832034164816
vague:0.023797220959173818
wanting:0.022461838573108628
anything:0.00943593963544473
wait:0.014924389451667146
so:0.012461104846157563
anyone:0.01360093292391375
phone:0.011940435472396623
had:0.006237432868626567
supposedly:0.01885810453432617
this:0.012804449716376074
93:0.014882176812213016
getting:0.011025209643189782
these:0.0067342925735729385
on:0.012366068908275364
performance:0.015410614770717953
am:0.006643643726428316
m:0.011128574895252619
a:0.002838423020012998
was:0.017997177522385884
as:0.009757489758744128
gary:0.017254790420823816
shipped:0.02274229740029136
related:0.015667231648907196
part:0.009956187448834461
capable:0.017836501167330616
shed:0.023368926180076962
solved:0.022099110387222683
therefore:0.01395498179087344
ratio:0.021675776000017005
no:0.004576202179603699
manual:0.015973973158060012
proper:0.016693203679031876
it:0.0013937212591055772
not:0.004901707386796463
should:0.0066780981391604865
have:0.002078254524990459
being:0.007909772072866457
systems:0.012196817562124434
transmission:0.01969873223071918
able:0.010721403358173452
second:0.011177625108342549
allowed:0.015576557837873461
customer:0.022001152860478535
after:0.01568466412735733
quality:0.03125336455751504
adams:0.018835830283250456
feel:0.012383238553846251
details:0.015507406025570469
netcom.com:0.026171017680659672
free:0.011737836561482666
be:0.0023514685249490705
were:0.00630611096533455
if:0.008172566094675723
whatever:0.013434799100623429
of:0.0031616355376542873
formula:0.024538365498986643
but:0.002704403342481343
parts:0.05932837416937173
fact:0.009749053368409916
well:0.0068409264640379875
they:0.0037923561971859505
up:0.005461221017692621
now:0.006715099178366847
president:0.01530674048443902
in:0.0007222752109532134
confirm:0.022860132916036287
or:0.008223310459793723
douglas:0.01833488459047018
use:0.0067592663729567
and:0.002328033015187743
for:0.002645112706602228
subject:0.00010852421500820447
guide:0.01911153189438363
car:0.024867019023442193
i:0.005432077035438067
held:0.016526211704464947
any:0.008319408669014695
pretty:0.011699268524063524
the:0.0049024586015548165
do:0.005839983080540624
got:0.017984990419760767
would:0.007582517448003058
can:0.003514495904218347
because:0.0071736678816850166
did:0.006682565217247827
inferior:0.024192195546383768
bought:0.014890584344993744
cars:0.015536898590128077
problem:0.017199717821508816
btw:0.015251180977411932
about:0.008008261628633103
claimed:0.017300210341954406
hold:0.04231439771882951
is:0.0054608257498102416
having:0.010637769887887649
else:0.020541075002748432
right:0.007885665015407722
applies:0.019356487957465734
elected:0.02262778164026414
production:0.07804350057889084
man:0.011780688369086176
himself:0.015214558741873859
light:0.01419599465774916
first:0.007632336704841631
somehow:0.01728501391061047
delay:0.022407996187945946
respond:0.016439055886424823
by:0.004026160466736448
high:0.011371235063583422
s:0.005044197405333483
