rough:0.0430175382709316
radar:0.04078534619326227
form:0.027307047395855166
existing:0.034637373250848404
allows:0.033061387081169305
your:0.0100794577774501
with:0.004678619014316379
4:0.019874156033429433
generate:0.03751847046418603
options:0.10859952980824358
my:0.00760171409064241
to:0.0055127966403633235
within:0.05178320346116508
add:0.027489763331613747
track:0.03639836462237233
been:0.011737923097771514
that:0.011100948013903258
like:0.009317112508069386
parr:0.09928822788471436
charles:0.06586004247894137
on:0.00811214120382864
you:0.013339175745809324
fitting:0.0479436224064878
great:0.04034001101972283
size:0.028807017096526943
3:0.018731727557100956
a:0.005586016503385581
running:0.024219683299573615
lets:0.03706891399743689
acs.ucalgary.ca:0.04865520229461976
d:0.014574753779016285
gas:0.03174535737335202
have:0.01636001962072489
plug:0.03794587179757468
systems:0.024003336962260886
second:0.021997566213218134
struck:0.04358920998278875
mileage:0.04283571226231115
feel:0.02437021347396942
free:0.023100062352997885
heard:0.021621178875359
list:0.023293028775372638
be:0.013883070171299312
which:0.010335138660140143
things:0.017877807425121996
of:0.006222098738103637
detectors:0.04453147426803982
separate:0.03378159629443106
together:0.028471729931601845
they:0.0149267139921239
good:0.012960078810875993
in:0.005685750460623695
or:0.0053944916616246825
weeks:0.029124519082664883
and:0.006108758631852638
few:0.018285020007250293
for:0.005205581806593184
subject:0.00021357565513614637
car:0.024469146719067116
i:0.0015271896579631594
elements:0.03921166383929383
power:0.021614842241364337
the:0.0024120096319649696
would:0.014922394337670017
can:0.006916527939501707
regards:0.033034940776093306
last:0.017441300416475982
makes:0.022343823058015792
current:0.025297965789846544
unknown:0.0377530913849422
threads:0.045349705061003165
new:0.013791996519068376
engine:0.0652967843158537
time:0.01263607975922971
keep:0.02119531667300737
spare:0.04078534619326227
2:0.01558727641676327
1:0.01566819113539767
x:0.02436127991636882
trunk:0.04847128614882217
useful:0.030674297736627505
little:0.018762709615187712
full:0.024717299871386027
built:0.029539981072598028
