at:0.008636911886808147
round:0.043143947960776856
know:0.01209681495743433
800:0.047055640054919474
case:0.02423148144418388
where:0.01811232155131139
with:0.011467203466461712
times:0.02755368766169634
surprised:0.043143947960776856
from:0.008299727984609564
dealer:0.0867169686911519
my:0.009315826091473542
to:0.00405352694144362
sound:0.03383513028557285
next:0.026258627683815445
been:0.01438470967864156
that:0.003401025739553694
guy:0.033199321048518325
nt:0.014001540229851735
me:0.010623418435338674
re:0.0036660833605702994
michael:0.02945779609484009
so:0.010017750954754118
had:0.01504322044786407
procedures:0.05353993890046226
took:0.033092173298202736
m:0.013419752079569334
a:0.0054764867680250785
j:0.02994243783851826
owner:0.043939296439329485
local:0.029964543646234822
are:0.006303052760796329
manual:0.038525464675321204
proper:0.04026007946119452
it:0.006722655485097489
follow:0.03702933639624789
properly:0.04221339348531859
transmission:0.047508707144675665
customer:0.053061603957624694
after:0.01891385968298972
has:0.010438965430260305
attempt:0.03781027840428034
call:0.026048589196065758
his:0.018082637661816243
writes:0.006482964617819238
of:0.0019062802506444965
but:0.006522384531866767
they:0.01829254165701458
who:0.012676988963076945
eliminated:0.057576553813420694
in:0.003483915723421382
and:0.0018715559533862248
complain:0.049897158935437926
subject:0.0002617348714903755
however:0.023500969648989345
car:0.029986699410621466
i:0.0037431119067724496
back:0.020650556079093503
review:0.0423690145554783
noise:0.04490598248643282
the:0.004433841235229724
do:0.007042332538298987
saturn:0.1681166475728218
did:0.016116774935715346
problem:0.020740836196525336
many:0.018168637525275425
about:0.009657021375704624
five:0.03893120208868252
bulletin:0.05366326029464717
number:0.02453200831762508
patient:0.049322706344594264
new:0.016901956518466144
gave:0.03639092071605777
does:0.011945968768014953
first:0.01840740028814746
too:0.01914233203788722
nothing:0.025047607857852046
him:0.023495248072189293
article:0.00794444000310393
admittedly:0.11372645362130358
going:0.02135113415734983
trips:0.05652512704524817
