above:0.010890624120514182
go:0.007781729007176509
at:0.0035238600498177244
there:0.007342231884617179
andrew:0.015061832636687995
all:0.0038162713225851647
situation:0.014096529155098394
your:0.00503972888872505
wonder:0.014761470831267715
cut:0.014644061983217606
with:0.009357238028632758
targa:0.07902004637399461
much:0.006988787478239725
into:0.007163215611929546
blowing:0.022736869276645442
hair:0.021844295071388603
my:0.026605999317248438
to:0.0005512796640363323
w:0.012377363420117415
hole:0.018667802679788813
appreciate:0.015356853341657976
next:0.010713520094996702
she:0.01326056993959393
that:0.0069380925086895365
r:0.012400879066916521
through:0.009477853176099307
nt:0.005712628413779508
consider:0.012881456314284773
me:0.004334354721618179
re:0.005983048044450729
so:0.0040872423895396805
prefer:0.016426112420167366
had:0.006137633942728541
getting:0.02169761257779749
roll:0.0215550124250701
something:0.007962645268654091
big:0.01110312221547023
on:0.00202803530095716
you:0.011115979788174437
am:0.0065373454268054625
imho:0.017318686625424202
a:0.005586016503385581
how:0.005261451988916498
air:0.015416555942524678
uunet:0.015107969249669142
beating:0.02115689404368197
fl:0.023887597566452565
test:0.014303599415918683
was:0.0035418445364055425
advantages:0.021945566303325767
objects:0.018759235232093014
driver:0.014719142393945568
let:0.0092205509710113
wife:0.04849178432572764
course:0.009784607199600077
foreign:0.01765501909426637
no:0.00900596588946008
those:0.007423662617150241
internet:0.011426135772458426
early:0.014010964395173124
ft:0.022613782641978428
d:0.014574753779016285
it:0.0041142651568796635
not:0.007234920102911579
made:0.009302318207672005
uucp:0.016934514429344294
tom:0.01518291289389902
against:0.010333123168631386
after:0.023150564251979415
types:0.016387588847923518
has:0.008518195791092408
open:0.013219842315013452
feel:0.02437021347396942
call:0.01062782439199483
sun:0.014513969216395365
be:0.0023138450285498853
writes:0.005290099128140499
down:0.009457462307812633
were:0.006205213189889197
if:0.005361203358107274
whatever:0.013219842315013452
of:0.0031110493690518185
but:0.007983398667004923
associated:0.018199182311186165
least:0.00963064953082593
well:0.006731471640613379
spencer:0.018622858386721113
accept:0.014288447882650934
now:0.006607657591512977
over:0.008023763010077432
one:0.00393324363110249
in:0.006396469268201656
substitute:0.046400393077491865
po.cwru.edu:0.019071706349148822
compare:0.01723884365517405
our:0.01783820338384315
point:0.008806143845040243
rather:0.020587869223302906
recommend:0.017551117148653327
and:0.004581568973889478
still:0.016333672657836376
for:0.002602790903296592
subject:0.00010678782756807318
car:0.07340744015720135
i:0.004581568973889478
usenet.ins.cwru.edu:0.020833485657165588
we:0.01078195124571176
top:0.01352652890466926
informed:0.02042760781650615
noise:0.01832164085446459
the:0.003919515651943075
do:0.00861981502687796
thing:0.009055729740499827
when:0.005230697771374943
less:0.01099546222638511
wind:0.060767722912914046
around:0.009468777732614543
would:0.0037305985844175043
her:0.013225635219718913
did:0.006575644173771862
wants:0.02816428130074999
last:0.008720650208237991
just:0.009395108507727087
bar:0.04031263486230221
drew:0.02299502336119573
about:0.003940064721287486
current:0.012648982894923272
is:0.0021493810151253113
convertible:0.2707857217299122
crew:0.022378420641886696
too:0.007810071471457986
almost:0.012087971721058273
article:0.0064826630425328085
very:0.00697296996713379
teeth:0.022435975591695093
s:0.004963490246848147
