keys:0.029028478556344453
at:0.013051333517843423
all:0.007067169115898454
anyway:0.022581583864033587
became:0.032041833378195
where:0.02736973034420388
hand:0.023386958929279063
your:0.01866566255083352
900:0.08147103675062739
floor:0.03641367938788021
remove:0.03272703988918245
into:0.013265214096165824
wrote:0.019078333145873046
automotive:0.042221967971329634
to:0.0010208882667339487
0:0.027149305840521724
lock:0.037448953035103615
minister:0.039916689676055744
demands:0.04187737526292302
perhaps:0.02139601138992626
that:0.0025696638921072355
v:0.028493691214088977
suppose:0.028549177671341998
me:0.008026582817811443
re:0.0027699296502086707
happened:0.02498000665732171
started:0.024290702785103004
anyone:0.01239196110845475
this:0.011666276408253757
he:0.02355752900029978
these:0.012271377578510687
on:0.007511241855396888
you:0.012351088653527152
great:0.01867593102764946
them:0.010858216085424007
locks:0.04246093732109424
8:0.021870305795361974
a:0.0051722375031347965
as:0.0059267715571630995
idea:0.041072241411270465
fine:0.023993752429041188
dumbest:0.044236291789726975
popular:0.03133312811950343
are:0.004762306530379449
no:0.008338857305055628
concepts:0.037448953035103615
it:0.0025396698499257184
not:0.004466000063525666
have:0.003787041578871503
between:0.01720641367441782
has:0.007887218325085564
heard:0.020019610069776848
get:0.00973610352067498
of:0.002880601267640573
key:0.04749396105535668
necessarily:0.028794540985601497
brands:0.04471435490926454
up:0.009951558298906553
over:0.01485882038903228
tim:0.0302067355536014
in:0.005264583759836755
installed:0.02966940707670439
or:0.009989799373379042
and:0.007070322490570182
gets:0.024720861795502255
subject:0.00019775523623717257
car:0.06796985199740865
i:0.002828128996228073
away:0.020510989528323486
actually:0.018106030571119147
55:0.03641367938788021
will:0.01678970881338199
shoot:0.03452827297947369
reverse:0.07429313578101825
the:0.004466684503638832
can:0.006404192536575655
put:0.03685124888217451
belongs:0.04063993759875142
17:0.02912817598874449
f:0.02752763865486554
is:0.0019901676065975107
either:0.01854490894158043
stays:0.04439224296897019
seats:0.0413364483368868
new:0.012770367147285532
hear:0.02454578936488006
run:0.019828403173239962
article:0.006002465780122971
little:0.017372879273321956
opinions:0.02115266781866698
comes:0.022401306201818606
before:0.01574958716461218
somewhere:0.02873719302890805
mine:0.048373911774814614
s:0.009191648605274346
