at:0.038302826628453523
send:0.12753683134244445
4:0.10801171757298604
to:0.005992170261264482
asking:0.15588838324514756
89:0.4114010968838686
this:0.022825323407453
locks:0.24922724079772704
kim:0.24201888189152077
call:0.11551983034776989
toyota:0.4627227674323472
dr:0.17038454804810874
windows:0.11944379049667397
miles:0.17452846890916632
or:0.029317889465351535
and:0.00829994379327804
subject:0.0011607372561747086
power:0.11747196870306705
le:0.23329406904534028
e-mail:0.11955199028922897
ac:0.22359217550993984
