transmissions:0.022128261140132582
sho:0.08961031397537397
ability:0.014470359803099016
dallas:0.019948058804999
out:0.004253346928088303
say:0.006850342867391853
mustang:0.020814306709802576
there:0.003313281536379594
traffic:0.031588738349356695
all:0.006888576394558059
anyway:0.01100546506008857
chris:0.013851073079131047
own:0.016364553325256284
cut:0.013216662439727082
with:0.008445160675661334
way:0.006254053500168027
much:0.006307569926209139
sticks:0.022217404145873997
ca:0.014848726325576326
into:0.006464996039647604
from:0.0030562175250186847
chevy:0.021635208667187635
ease:0.020753631192414915
my:0.010291129184082684
to:0.005472993054512325
bet:0.015572820631803645
5.0:0.03662394063577883
w:0.011170905613824382
lived:0.016231021197846803
that:0.005009453074866091
like:0.012613419460382741
really:0.007044749975418505
nt:0.010311603634981062
me:0.00391187249243518
re:0.0013499657140006156
accidents:0.020409551120919158
anyone:0.006039403428308271
this:0.003790486919649235
ti:0.013677476737370624
best:0.008791249386142362
amount:0.013423888128616708
on:0.0018303567698169311
you:0.004012989093203768
regular:0.014610262280706358
performance:0.013685961132117747
used:0.007128027105909263
inc:0.013216662439727082
infinity:0.022597767018284923
imho:0.0312611671939065
why:0.006424991264093886
fun:0.014860117887847782
more:0.004589960382024281
a:0.005041531140239693
was:0.003196610592423775
harder:0.017669099321815398
drive:0.01019423736031043
fine:0.011693706057474947
sc:0.019412246512153248
business:0.013056186762576055
l:0.01193126562726846
are:0.011604898584859667
no:0.0040640640295397466
manual:0.028372544381825005
d:0.006577054954429731
it:0.0012377452337183103
not:0.004353140856144151
should:0.005930729755355522
disagree:0.015337144487072903
texas:0.01432552228039351
have:0.007382680334262135
transmission:0.01749418097024158
area:0.011582913518625802
350:0.019996517362154742
against:0.009325923437392948
92:0.015824963495945393
bed:0.020577493415629967
real:0.018466381617315866
robert:0.0230715669960845
netcom.com:0.023242131225423387
willing:0.012909385754439244
be:0.008353231149999587
stick:0.04577251954716023
callison:0.044256522280265165
writes:0.009548915393755414
down:0.008535615801274939
if:0.007257946784441255
of:0.002105854717318469
trying:0.009734036906384101
uokmax.ecn.uoknor.edu:0.02230880417469815
but:0.004803488969317041
year:0.008934154210143147
order:0.010123887585315856
beyond:0.014099509738045512
they:0.006735881765398872
who:0.004668060917811727
notion:0.01785292636306903
removed:0.016669147035407336
now:0.005963589884036983
david:0.018024875374328477
in:0.007055872638409369
speed:0.012124422985147223
or:0.002434337392429911
use:0.01200562835918663
better:0.00807298148484261
and:0.004824155056742832
still:0.007370790910575983
for:0.0023490892629030613
subject:9.637890574735848e-05
each:0.009191369665561788
p:0.012152086785672743
i:0.006202485072955069
we:0.009731002929342744
power:0.009753990181121091
any:0.007388355713276587
persons:0.01751865637452093
warm:0.019094669714514415
the:0.00272112999996048
less:0.009923702370383673
automatic:0.033261071766722626
disabled:0.02100270293063496
would:0.0168348311571187
can:0.0031211768680061854
hate:0.014534257193349564
drivers:0.028392084898776215
auto:0.034116293069344966
taurus:0.021411831758458077
an:0.012966038101974537
cars:0.027596224210624597
shifting:0.02100270293063496
long:0.0085931813902837
eg:0.01825129480050176
here:0.012999284517136434
five:0.014335677303413782
hold:0.01252628380124195
is:0.004849686405968662
number:0.009033447106129092
life:0.01007357167252242
their:0.005464561799933986
handle:0.02933109665508089
stock:0.01793466815638946
position:0.012429035946614484
leave:0.01275517012380692
instruments:0.01901945640439585
article:0.011701557838506875
little:0.008466926721655105
opinions:0.010309061933285351
live:0.011179380050352558
while:0.007835171501366507
james:0.012489508186415262
