choice:0.048991723045695365
vehicles:0.1298419043133102
with:0.015190321475053179
both:0.0874949642457755
to:0.0017898690390790012
city:0.04778942335696613
mercury:0.14531441975251103
that:0.004505254875772426
higher:0.04820615471477782
consider:0.0418229101113142
re:0.004856370165950267
had:0.01992738293093682
these:0.021514752897388866
on:0.006584530197912856
test:0.04644025784389183
was:0.03449848574420983
21:0.05267796131369254
are:0.00834949846235358
reasonable:0.048549443767611014
not:0.007830000111376167
have:0.006639618352566921
beware:0.0753253134374868
buy:0.03904988474342813
equipped:0.07284407659641265
leather:0.07602748514229557
quality:0.0499242057217448
mileage:0.0695384939323233
tested:0.06152149257948639
found:0.03473403253580516
were:0.020146796071068823
highway:0.06855522352017139
but:0.008640041847407926
good:0.04207817795738959
over:0.026051178604147504
bob:0.09568844192283378
in:0.004615057192064688
nissan:0.22666553422542401
and:0.004958407980399869
for:0.004225309907949013
subject:0.0003467137258703675
i:0.007437611970599802
driving:0.054378033658456885
than:0.018579237431421574
the:0.008810100116755164
did:0.021349494070687862
v6:0.07028939745035999
about:0.012792417926258072
is:0.003489254894683947
either:0.03251380139108258
average:0.05038339037535827
build:0.048462767052186426
experience:0.04301588019214478
periods:0.07176119855824314
range:0.05194228552583992
