okay:0.018884939190800424
at:0.003863881633572066
there:0.004025346427969945
radar:0.13416232300415218
indicator:0.02733413372752986
all:0.0041845080291504
hand:0.013847541471283654
with:0.00513006470868024
o:0.015355170981578427
my:0.008335212818686853
uicvm.uic.edu:0.02379061313475629
to:0.0030223665791465587
then:0.006999475218314926
threat:0.02025155144213961
front:0.01542522337441199
trust:0.018198983612799705
t:0.022598886447372298
moderate:0.02592664372717854
been:0.0064352648562343824
make:0.007719651242761858
that:0.009129069090380968
trap:0.025675948929634904
think:0.006314684331265593
divide:0.026379206166806744
helps:0.01855251007075861
like:0.005108066068020496
really:0.02567625977882797
nt:0.00626384694493367
months:0.014893835701665876
me:0.00475258193159888
re:0.0032801798489313205
so:0.008963250854253684
sa:0.0284026516339235
had:0.01345972355861522
this:0.0023025545542606097
weak:0.020518922932445255
th:0.025516441718359137
best:0.021361193683872227
on:0.008894891670864736
you:0.004875429731655455
m:0.006003573298754701
more:0.01115279847211163
a:0.003062509047908761
how:0.005769135952759317
other:0.018148789313577773
det:0.026574170037731455
want:0.016601736558878786
drive:0.012385104161429773
therefore:0.015056690879626604
logic:0.01821377608858321
plus:0.03136754257876904
overall:0.020322869516138646
based:0.01324957461359887
brake:0.02395207792915417
no:0.004937481299046096
likely:0.014501793004077754
works:0.013048798217327807
gas:0.017404252945916677
it:0.0030075037696488767
not:0.002644342142877039
reported:0.01811126139040203
admit:0.017982882520664694
have:0.0022423272506476
ve:0.040024861820777066
reliability:0.02411971482748837
able:0.011567829939081882
valentine:0.08433043681626166
mo:0.024475528620525076
usually:0.014463819044678127
be:0.0050742215538374675
noticed:0.017790364127869846
get:0.017294394411725294
if:0.00881776868109749
of:0.004264047929073216
gotten:0.018902240849971545
available:0.011846771174623816
but:0.002917908869519343
detectors:0.0732425563619076
ignore:0.01974020241472027
must:0.01016430012052411
find:0.009282661130146449
now:0.0072452385871852815
one:0.01725106855746706
in:0.0007792969381337302
point:0.009655859479210792
speed:0.014730110381077986
better:0.009807964347813171
and:0.0033491001271121917
for:0.0014269686969827805
subject:0.0001170919161930627
each:0.011166707883160593
foot:0.021136929305591037
i:0.012559125476670718
info:0.03875520341305786
detector:0.04639669746421484
signal:0.019761238257981206
any:0.004488102045126348
information:0.010696584581069144
pretty:0.012622894986489589
source:0.013680999832016772
than:0.018823701081835013
the:0.0042977145306393365
less:0.012056427879808233
strong:0.03167238935061851
can:0.003791956107182953
because:0.007740010082870675
agree:0.013230505170896661
did:0.007210136155451602
pedal:0.02783593351339716
may:0.008162392664209784
human:0.014060712154546384
problem:0.009278795140550808
just:0.005150827032745113
here:0.007896495200102613
many:0.008128074682360058
warning:0.01881640709473428
about:0.004320246404920489
is:0.007070332286596418
number:0.010974845826305956
9:0.01561769147203959
matter:0.01324957461359887
almost:0.013254354957300736
although:0.013858506389275254
br:0.029232660404267922
u:0.016586155629793927
smart:0.021755695087432726
going:0.009551823175656502
by:0.0043440152404261665
begun:0.024862776897479802
s:0.002721211758140431
