basically:0.016283014723020274
some:0.004844551349101054
since:0.016604328824926816
havent:0.03128844526774684
cat:0.042024704642402516
at:0.007310912966426814
there:0.0038082115584114
know:0.010239627598824082
all:0.003958787679030254
50:0.02864052522098283
thanks:0.008271313879320178
with:0.004853339226469272
hell:0.014163406325651018
someone:0.009142979728892199
my:0.011828393294568066
to:0.004003068099848886
near:0.014957575840172302
death:0.013922889560317104
archive:0.020135551102665135
enough:0.010091902601399983
direct:0.016571683081220638
mail:0.01271500209475459
been:0.012176268773621903
that:0.0071971913990555355
ran:0.01883732570316165
uxa.cso.uiuc.edu:0.01850043709432342
really:0.008097077772576455
nt:0.005925963084833515
could:0.006261863715045881
me:0.008992437181780454
need:0.007971792495839155
re:0.001551620343477886
michael:0.012467614944704105
so:0.004239877997447801
chances:0.020250023951290975
had:0.006366840189552428
this:0.002178350366686386
reduced:0.02074237890482341
he:0.013196126203487429
student:0.01669301855671648
amount:0.015429116230816714
these:0.006874008187132542
big:0.011517761634305217
on:0.004207542118168381
used:0.016385589280803865
machine:0.01349709275653256
went:0.013537183673178771
am:0.0067814786585118905
them:0.006082403201378593
support:0.011364963939973053
temp:0.024610279655987083
m:0.005679729095917312
a:0.0034767737572939292
other:0.005723269659053572
wondering:0.01493333403260289
j:0.02534546605418143
test:0.014837758730206102
was:0.007348225179264611
as:0.0033199757685353462
also:0.012311179516013
are:0.002667682081332886
hey:0.015992277948677053
works:0.012344921135065311
it:0.011381093103401558
not:0.005003402560796389
have:0.008485487355147765
engines:0.02064550187579025
only:0.005533345387009488
beware:0.024066593919860924
site:0.016205660570284674
has:0.022090756719637988
his:0.00765323253736621
without:0.009324524833205373
be:0.002400254178993657
found:0.011097595457497915
writes:0.0027438273486205906
if:0.008342121407843269
of:0.002420422226959402
kept:0.016571683081220638
opinion:0.013731583255550578
what:0.0038192618381602955
but:0.005521022591289712
shop:0.020163874609181315
year:0.02053743332954068
years:0.009252180178341882
1974:0.024779665525365733
wear:0.04067599983329235
least:0.009990300343180424
using:0.009146973355373116
they:0.0038710357863391853
who:0.005365364623376964
miles:0.03331248784158362
david:0.020717387878377545
good:0.0067220325782551835
degrees:0.02097762929352277
one:0.004080128248031629
in:0.00294904069534424
5:0.021567409849939278
or:0.0027979728535397733
use:0.0068995001151342245
and:0.002376332455336866
for:0.002699990563585676
subject:0.00011077575473866513
showed:0.01773757634340222
car:0.012691466140594977
i:0.007128997366010599
experienced:0.02119046453994414
info:0.012221557922790031
any:0.016984021017241616
lives:0.01615127738561538
the:0.0034403664356346814
do:0.005961144555240636
when:0.005426035032546622
would:0.0038699155440015606
because:0.007322499165537402
operating:0.019070856142574883
claim:0.013548709729460524
twin:0.024694108317055628
slick:0.0477075173468791
friend:0.014411615849347742
an:0.007451436834537234
thought:0.011139362677144035
just:0.004872981591144755
long:0.009876810145678776
people:0.006245946639307541
about:0.004087204067725608
including:0.013194886749088091
idle:0.022457608314015432
is:0.0022296483559391196
discussion:0.014265028815311998
discussed:0.01883732570316165
new:0.007153525165491896
engine:0.016933813359920565
time:0.00655398327760877
does:0.010111940367946267
expected:0.01721729570007607
fly:0.02055083516306755
every:0.020183805202799967
almost:0.012539389752135137
davis:0.0411016703261351
already:0.012057204652686105
written:0.014869373188614563
past:0.013707528825325159
by:0.008219381533752415
data:0.024351415960214208
mike:0.013258971074513293
says:0.010626666989326008
everything:0.012820176281839225
