winners:0.07592100594906316
at:0.010487678719695607
technology:0.04009128197401122
all:0.0113579503648368
v12:0.1490376539063077
4:0.02957463695450808
wheel:0.17355334931473917
post:0.030744973862275957
cylinder:0.13496936030060463
gm:0.05860856519872509
motor:0.059989039973664005
front:0.08373692688966508
day:0.030277417092415142
software:0.03352126057715781
that:0.008259633938916114
think:0.017139857470578036
re:0.004451672652121078
on:0.006035819348086785
you:0.006616654635818117
lung:0.07134467620013064
a:0.0016625049117218987
other:0.016420333188475127
v4:0.06804721449376121
was:0.03162361193219234
drive:0.10085013388592816
1914:0.07084857267155245
therefore:0.040868160958986495
early:0.0416992987951581
museum:0.06925891323554623
hughes:0.06090134028343681
per:0.042105060899678776
doing:0.031913129823396606
has:0.012675886593887511
aaron:0.12037163475569017
writes:0.007872171321637646
of:0.0023147688757826027
one:0.02341216447084815
in:0.008460938185451928
valve:0.06843756952736824
or:0.008027517353608158
and:0.00909041463073309
subject:0.0003178209153811702
each:0.030309635682864464
v8:0.1303250607155717
i:0.00909041463073309
the:0.0017946500237834594
can:0.010292452290925158
v6:0.06443194766282999
imagine:0.04687783993412455
either:0.02980431794182569
multiple:0.05111933711459301
electronics:0.10739003831561103
man:0.034500587366609506
their:0.018020043078353736
article:0.009646820003769058
very:0.0207528868069458
vx:0.07060806425110579
s:0.022158438602000653
