screw:0.05049407389962063
transmissions:0.06191442763451238
tried:0.03129155609127951
wrote:0.026015908835281428
to:0.004176361091184336
then:0.01612000353308892
motor:0.050899791492805824
bit:0.027526103010663636
re:0.011331530387217289
this:0.021211411651370467
off:0.022055125736932836
generation:0.046859532479234724
pieces:0.05140919405469363
on:0.005121301265043333
you:0.011228262412297412
am:0.016508448047488543
transmit:0.057259728612377735
more:0.012842616422431575
sure:0.022040848688476805
a:0.004231830684383015
rear:0.04785004978404497
surface:0.046110967103944606
reasonable:0.03776067848591968
works:0.030051777712633742
improvements:0.06011394044858997
d:0.01840246689269733
gas:0.04008252193605053
it:0.010389558476968848
not:0.006090000086625909
have:0.0051641476075520495
ve:0.03687138785914009
real:0.025834281353517653
doing:0.027077807122881974
boi.hp.com:0.06216384796370805
stick:0.04269019499852992
if:0.006769196159226357
of:0.0039280926376916905
but:0.013440065095967886
never:0.022262012432948088
gear:0.1026449791459248
they:0.00942343055058327
up:0.01357030677123621
good:0.016363735872318173
in:0.00897372231790356
debate:0.04585652014608038
better:0.022588039104054578
and:0.0019282697701555045
known:0.03289827017844806
subject:0.0002696662312325081
i:0.003856539540311009
we:0.013613574805191616
power:0.027291467476470124
idaho:0.0635126499094103
the:0.003806833383783096
automatic:0.04653190343122307
ends:0.04778901630469182
road:0.03647123622192435
auto:0.04772834939499271
an:0.018139356334580543
here:0.018185867733569658
people:0.015204779192657752
about:0.009949658387089612
n:0.036979954503074765
is:0.005427729836175029
having:0.02643324638808446
new:0.01741413701902573
keep:0.02676176347601941
rocket:0.049802479967525064
does:0.012307967821591164
their:0.015289733521027415
leave:0.03568870832620724
especially:0.03156864351007416
