at:0.006574365764585306
there:0.006849096907292145
all:0.014239818367855091
estimates:0.04341603516258122
differences:0.03418216577325483
gs:0.04630980778204961
thanks:0.014876019738180321
your:0.018804958540018842
much:0.013038782608656204
insurance:0.06627497045744409
companies:0.11870544315187272
aaa:0.08913282674049465
to:0.005142534179443398
receive:0.03195834904108586
city:0.054922173111737194
most:0.01385519002960476
considering:0.029890820562351438
think:0.010744388265138472
could:0.01126200862183625
so:0.015250904438580896
comments:0.027492574731560446
zip:0.09077463114667866
93:0.027321011162719414
these:0.012362955023126437
you:0.004147753652303895
gregg:0.16534433759154815
am:0.012196539975383325
state:0.0396673639841883
more:0.009488201685229297
a:0.0020843345161886493
same:0.043479701877506244
as:0.011942002391298782
said:0.016354513646742033
also:0.01107087411701169
california:0.029697531544201013
others:0.02012185241095818
l:0.049327769832139746
should:0.012259792106219997
farm:0.08207902956219924
ve:0.013620400739010703
between:0.017334819746614966
charge:0.06143660679005725
expect:0.02579269465043573
heard:0.020169010144924438
anybody:0.022683545857557424
be:0.004316875053264712
asked:0.025166424617450976
rates:0.034220933063382475
found:0.019959108248186547
get:0.009808761009635241
end:0.020180846287876933
of:0.0043531474380389245
what:0.006868970917885307
but:0.004964800166047838
year:0.018468363553803373
never:0.016447307692998958
huge:0.03207405192568262
they:0.006962086750057789
called:0.020016824595945774
code:0.048365858363159646
in:0.0026519358491714994
according:0.05133621200874952
and:0.0028492344364984316
complain:0.03798141948816917
still:0.015236634942011546
for:0.004855953177792149
subject:0.0001992310215822261
twice:0.03365956424817659
car:0.022825696566293952
i:0.012821554964242943
back:0.01571908000050401
integra:0.0507356564537135
any:0.007636472136483636
than:0.010676128971787024
coverage:0.034538542126209305
the:0.002812511231302436
wants:0.026272650467117527
an:0.006700732377326393
places:0.02846882001709205
here:0.01343582765390594
about:0.0073508670173274
is:0.004010039207323342
new:0.012865668394653335
else:0.01885486735326908
gave:0.027700551589835015
three:0.04355952248466377
buying:0.02993446212863818
s:0.0046301214989255095
