at:0.009472742069402485
ultimate:0.05664934864535108
vehicles:0.05375175608669293
stopped:0.04844690669698619
became:0.0465123387747992
saw:0.03653097401220919
monday:0.054361383438053634
own:0.024370867048903178
ron:0.04556234770134447
vehicle:0.047319168731174616
times:0.03022017356444115
my:0.010217357648712918
to:0.001481934580742829
bet:0.046383562526985056
us:0.02214920845360211
t:0.02770186080645637
that:0.00373015726273631
like:0.01252300068288896
its:0.022234672645528714
re:0.0040208656212706514
exactly:0.03458475971260224
this:0.011289944911213313
bell:0.047991430634199715
on:0.01090341559654387
a:0.006006469358479119
price:0.0336574645359566
quick:0.043648120647218236
was:0.00952108746345576
budget:0.05074340239911586
also:0.01595158206107061
l:0.035537210524229715
model:0.03934356464068334
it:0.0036866175240857202
not:0.0064829033180211285
after:0.020744233200698403
selling:0.04483631328332839
writes:0.007110348290511424
5000:0.06335329767676995
of:0.002090758984577835
called:0.028841446192007892
in:0.00955267214486508
yes:0.028675762048428914
subject:0.0002870640526023473
car:0.032888638063262254
i:0.008210697085823438
rare:0.054542105140380305
the:0.0048629226450906645
would:0.010028490818326624
did:0.01767646283272006
wagon:0.20192198271177172
come:0.025819286822251705
nj:0.10495173703787367
thought:0.028866520485932395
s4:0.1472552285799364
is:0.005777905954637934
number:0.026906073638685572
turbo:0.10683662536171788
type:0.03484422054120104
labs:0.056214837480427673
1:0.02105939668736246
article:0.00871325677759786
very:0.03748908584480532
before:0.022862303948630588
letter:0.04388224752409523
mike:0.03435926912857746
200:0.08937903325120888
cbnewsj.cb.att.com:0.060311762343266385
s:0.006671357858666864
