picks:0.04290116298730546
since:0.014931504652266277
laser:0.03657804462620693
folks:0.02763593918130431
radar:0.11413809569009961
all:0.007119909183927546
with:0.004364383408877219
super:0.03754414960558668
times:0.02097370254845542
from:0.006317703391269967
wrote:0.019220708766364634
to:0.0010285068358886797
make:0.013134928980221668
considering:0.029890820562351438
really:0.014562654799932283
nt:0.010657888831678187
me:0.008086482689586155
re:0.0027906007670012727
had:0.0229016191892856
this:0.003917779390831485
best:0.018172955820607718
stealth:0.039630603801252065
products:0.030224528314454394
magazines:0.039630603801252065
brand:0.03362359942402773
vs:0.025497104067636882
imho:0.03231098251011978
how:0.009816141770366599
other:0.020586686385550907
was:0.01321583782240874
as:0.005971001195649391
local:0.02280883173071606
driver:0.027461086555868597
also:0.02214174823402338
brian:0.08364352645027116
care:0.02362699209905893
it:0.0025586226099997907
have:0.007630606166382879
made:0.017355071282970157
area:0.02394378391536826
states:0.025767609966087186
allen:0.03323901994555621
valentine:0.04782920297041707
has:0.00794607816333247
convex.com:0.08025660125173804
heard:0.020169010144924438
be:0.004316875053264712
which:0.009640987556100879
soon:0.02684323609730948
of:0.0043531474380389245
even:0.01253104065497034
detectors:0.16616221741805903
latest:0.031092138807856353
well:0.01255871574741302
who:0.009649648315177973
up:0.010025823659346154
in:0.003977903773757249
compare:0.03216202174472771
system:0.01668076365106362
or:0.005032175057485711
recommend:0.03274462154599501
and:0.004273851654747647
subject:0.0001992310215822261
car:0.022825696566293952
i:0.009972320527744511
detector:0.07894363449135063
any:0.007636472136483636
driving:0.031247079042546116
tobias:0.0947252662843963
the:0.0067500269551258475
do:0.00536058148437684
major:0.02445095502028203
auto:0.035261989478390134
many:0.04148957524428567
about:0.0073508670173274
gothamcity.jsc.nasa.gov:0.04692352493307178
revenue:0.04302658924339786
ka:0.0475922723859799
else:0.01885486735326908
does:0.009093200106996456
their:0.011296146407326223
virginia:0.036419819195978545
1:0.01461584993973663
nothing:0.019066089563439616
although:0.023580145199662374
article:0.0060472603008701565
saved:0.03457921081850456
comes:0.02256848012869785
before:0.015867121397183912
close:0.025932188180377166
live:0.02310961398468402
doubt:0.025970688798362444
enhancement:0.04832689979503402
