above:0.020943507924065734
since:0.015390935564643703
at:0.006776653941957162
correct:0.05034180677202229
mb:0.035115274948388585
i.e:0.026573376899810795
4:0.038219530833518145
several:0.021680395169749206
to:0.00318045960020961
most:0.014281503568977215
manufacturer:0.03857528204014409
that:0.008005491356180235
helps:0.032538248431792025
like:0.008958762026989794
nt:0.00549291193632645
re:0.0028764654059859275
had:0.023606284395109773
this:0.00807665289802183
off:0.03359165304548232
posts:0.030946288247451322
numbers:0.027136480007682297
used:0.015188180833360505
infinity:0.04815062664665326
size:0.027699054900506677
names:0.03151459393831446
sure:0.016784954001224643
a:0.0010742339429587655
same:0.014939179619450866
question:0.016792200641131575
also:0.011411516397535126
not:0.009275538593476384
admit:0.031539209343935004
have:0.003932697024212714
engines:0.11482075273997193
keith:0.06062257029414873
kind:0.021196359207408155
hope:0.022218934904923427
earlier:0.030353434883725328
spelling:0.04154191650792859
writes:0.010173267554116345
kinda:0.03928386118558875
of:0.005982787248176574
what:0.007080323869204856
but:0.005117563248080079
saying:0.023204270607418764
must:0.01782661867291921
up:0.01033431054117219
clear:0.025367313401435488
in:0.005467067750599707
bmw:0.034088110389738406
nissan:0.04475191316758372
and:0.008810709565172074
for:0.0025026835608621075
subject:0.00041072241372335844
each:0.019584687672004733
v8:0.16842007846320037
car:0.02352802569141069
i:0.005873806376781383
6:0.022602689481224573
person:0.021578418762106547
power:0.020783502155158017
similar:0.024344294522051547
the:0.004638480061471095
do:0.005525522453126898
would:0.007174228046956739
can:0.006650507634136257
v6:0.2081647539876046
sport:0.03857528204014409
an:0.006906908758167206
here:0.013849237735564585
is:0.006200137543630706
deal:0.02535626916738853
division:0.030481287816310255
3.0:0.035559573672636215
engine:0.06278536953447471
time:0.012150076691567029
q45:0.10977000309875112
automobile:0.04372474860893354
first:0.014442729456854164
article:0.006233329848589239
models:0.03433233114600441
while:0.01669494235291171
s:0.004772586775815526
