another:0.04106491352571442
all:0.017667922789746132
with:0.021660273214427678
user:0.07003043488135213
much:0.03235549758444317
from:0.015677263970929178
daryl:0.22887180579227356
experiences:0.1750039477816399
next:0.04959963006942917
nt:0.01322367688374886
responses:0.08214682650112803
re:0.006924824125521676
wade:0.10645844148701725
requested:0.09699870771357298
these:0.030678443946276713
recently:0.06128354749236461
them:0.027145540213560016
shadow:0.09936599237116345
j:0.05655793813942338
are:0.02381153265189724
have:0.009467603947178755
stay:0.07312402904178116
robert:0.05917429683255006
public:0.054884159223344324
be:0.010712245502545764
writes:0.012245599833658562
seen:0.048008609085599126
what:0.017045224129567244
but:0.012320059671303892
year:0.04582890215203059
they:0.034552578685471985
in:0.0032903648498979715
subject:0.0004943880905929314
i:0.003535161245285091
away:0.05127747382080871
info:0.05454436035911847
any:0.01894976419053347
pretty:0.053296667720733826
will:0.020987136016727487
the:0.001395838907387135
junk:0.09737283192315668
cars:0.14155840937672245
people:0.02787542851987254
about:0.018241040376330953
new:0.03192591786821383
article:0.015006164450307426
replaced:0.08010458344548749
s:0.011489560756592932
