another:0.015188392673894375
believe:0.014881314248837946
at:0.00603400693461939
out:0.016139412316170682
fast:0.023847930992794777
there:0.0062861574354599135
anyway:0.020880231655099547
tried:0.021218246938607334
with:0.004005666964311968
ca:0.014085949288303569
wrote:0.035281848968395355
my:0.01301663371685344
to:0.0047198601372973655
gm:0.03371999641570485
look:0.03248175786679329
worse:0.026678530228358813
that:0.007128177234955003
like:0.015953959774091413
86:0.032743187462288124
nt:0.0048909489844002636
its:0.014163181890645
quiet:0.0345142421766286
re:0.002561236320398428
consumer:0.0374907708907809
anyone:0.011458320203023226
had:0.010509647162206405
this:0.0035957701258316366
age:0.028238278259682337
pins:0.035876234359814664
two:0.012772530360639118
treated:0.03367018299564266
on:0.013890652746281915
you:0.007613684786420847
used:0.013523722659841544
etc:0.01590632868122079
a:0.0028695290257117704
same:0.013302009250195975
price:0.02143934384824632
stuff:0.020023401045709738
whole:0.02049257174676226
cheap:0.025453638482238684
fixes:0.039726363936208785
are:0.004403502613707024
no:0.007710587234126779
works:0.02037757529829274
it:0.011741624306163422
not:0.004129520606684691
have:0.003501716528408581
made:0.015928627067931515
transmission:0.03319101458052683
ve:0.012500915746763248
assembly:0.03528597616638281
relate:0.03949015725078982
has:0.01458595169707604
boi.hp.com:0.042152198276760935
ford:0.032743187462288124
be:0.003962063405051173
found:0.018318633597650666
get:0.009002561474596727
down:0.016194284773651767
of:0.002663569665284091
gear:0.03480086621728272
seems:0.03228064506001477
windows:0.018816487543996584
they:0.00638986044183386
miles:0.0274942108555536
one:0.00673500621764125
in:0.0024339685191026093
point:0.015079013433288086
and:0.005230101568366984
4th:0.03485965898229225
for:0.0022284168692607805
subject:0.000182855869123413
until:0.03919405103239238
i:0.005230101568366984
back:0.014427100822380393
any:0.007008816892389091
noise:0.03137267269600101
tired:0.03382072345262057
the:0.0051626918492400885
can:0.005921684879710365
because:0.012087139033524067
once:0.018376925992636343
reports:0.027083715371151725
bought:0.025089614718277125
jim:0.04638809242395711
problem:0.014490173233188932
about:0.006746686166588161
is:0.005520670415561587
solid:0.030860015909724075
new:0.011808216197832512
time:0.010818561437696668
window:0.047767023860618374
build:0.025559130568618867
16:0.023883511930309187
easily:0.025335032660242375
nice:0.021642051073662724
every:0.016658551554365728
very:0.011940017067009912
appear:0.02704587375517933
everything:0.021162071807693514
