some:0.010810526621605131
apologies:0.05045047451711661
believe:0.020117332225280928
go:0.01801326159068636
andrew:0.0697307066513333
porsche:0.05698352730006571
with:0.005415068303606919
ya:0.04728612920487534
c:0.02394534903174963
previous:0.064318507772089
into:0.01658151762020728
such:0.01780571484692406
both:0.020793556317668868
cylinder:0.05248808456134625
noisy:0.053868043627647064
been:0.013585559140939252
that:0.006424159730268089
think:0.013331000254894029
like:0.010783695032487713
me:0.010033228522264303
clarify:0.05167056042110849
re:0.003462412062760838
anyone:0.015489951385568437
this:0.004860948503439064
2.0:0.08684831125968988
on:0.009389052319246109
2.2:0.0461415555385126
came:0.027951173448869875
more:0.011772398387228943
a:0.007758356254702194
was:0.008198714204642459
let:0.02134386798845208
also:0.013736084552588576
theory:0.037671748675709486
are:0.01190576632594862
thread:0.03854562771762931
it:0.0031745873124071474
have:0.004733801973589378
mr2:0.12267082551208948
cylinders:0.05745846521106155
writes:0.006122799916829281
were:0.014363919421039806
never:0.02040684473020241
corrected:0.05277745996416204
using:0.040822603308239266
must:0.021457966921106453
spencer:0.08621693697556071
they:0.017276289342735993
over:0.01857352548629035
in:0.006580729699795943
po.cwru.edu:0.08829493680161492
or:0.012487249216723801
and:0.0017675806226425455
for:0.006024978942816185
subject:0.0002471940452964657
i:0.007070322490570182
eliot:0.11059072947431743
pay:0.03085964872220262
actually:0.02263253821389893
the:0.0020937583610807025
did:0.015221398550397827
may:0.0172317178466651
is:0.002487709508246888
3.0:0.04280319053187692
engine:0.03778749092352644
their:0.014015589060941795
too:0.018078869146893484
nice:0.029256846821803312
article:0.02250924667546114
already:0.0269054289009014
bad:0.025375935618022073
understand:0.027742196879033825
says:0.047426421193103106
four:0.06496381761153655
s:0.0172343411348894
