there:0.005156061716725547
bnr.ca:0.05243764797693487
know:0.006931882728417426
traffic:0.024578877872954503
anyway:0.017126482144070414
with:0.009856641181846303
motorola:0.027378017432275463
operate:0.029655911298051667
ca:0.011553643798271467
service:0.020463995665608668
feet:0.04934901066241946
signals:0.057089061435093
my:0.016014847101072493
to:0.001548538382124529
design:0.021141388805760913
most:0.020860623190640876
us:0.011572339248230314
100:0.01898040504961276
that:0.0019489023900813303
roads:0.025703608109312947
control:0.01713277679742148
gee:0.02844930847982867
nt:0.004011677256867632
clutch:0.02904646948347824
re:0.002100789341450396
so:0.017221526922217754
anyone:0.009398397469895455
two:0.02095269025453159
on:0.0028483641867375837
you:0.003122466232633269
american:0.01812941133364166
disclaimer:0.02109019959030442
ta:0.051880378975368895
europe:0.023106745053637405
3:0.026308606119523816
why:0.01999688292307872
ireland:0.06943301973473469
a:0.002353658639066958
how:0.007389679759714181
uunet:0.021219057934928568
wondering:0.020218727538524137
as:0.008990046744011443
standard:0.017101373822821554
services:0.022453155210468027
equipment:0.02266830287944151
also:0.016668507097523218
hands:0.022502078400871307
learn:0.021404574049001302
course:0.013742425842134939
popular:0.023763889304117766
brake:0.030680189707006467
ontario:0.026681742706259948
are:0.018059308471944535
no:0.006324414248216347
internet:0.03209588700128771
manual:0.04415277974025576
pain:0.024870786518632657
it:0.0019261540996627637
made:0.013065053662460682
shift:0.10889636244397567
only:0.007491776619490373
uucp:0.023784430378292545
money:0.017416964981624327
left:0.01642924260393574
optional:0.03143036607006558
real:0.014368504797742963
bother:0.02576182601400703
be:0.00324978234346894
g:0.019859561578716305
writes:0.0037149572529076537
dept:0.02305228927158314
of:0.003277088520770876
canadians:0.03239080313828828
well:0.009454314101985084
they:0.00524112148599856
ottawa:0.05819844166751647
in:0.005989203434645746
our:0.012526828218990973
point:0.01236817955764079
5:0.014600409477065633
and:0.005362323237230194
for:0.003655605201259258
subject:0.00014998290388774325
doug:0.04855774701863805
foot:0.02707426899817279
car:0.017183389549906683
i:0.0021449292948920776
rare:0.02849671785424364
stupid:0.02169486624307052
addition:0.022277329330007832
research:0.017344558879420095
the:0.0029641972302940287
interest:0.020521264026224076
when:0.007346485633953573
canada:0.02090228984835195
automatic:0.025880103593770135
got:0.024855660917197462
can:0.004857112317065805
radio:0.0201536537121779
industrial:0.030750857022775347
rtsg.mot.com:0.03176093067693599
come:0.01348985210376072
cars:0.02147234299534554
shifting:0.032683981526886986
just:0.006597688558797112
here:0.020229223658689843
ltd:0.06054778771087106
many:0.010411241727966817
is:0.0015093967802846287
done:0.014880132311352238
does:0.006845442777177108
2:0.010946121079187689
matter:0.016971365235396305
1:0.011002943213060161
cities:0.027262178740125265
too:0.010969201504856722
every:0.013663755769311213
accelerator:0.02977418887781477
article:0.004552431911891017
u:0.021245188110073122
opinions:0.016042753682696864
while:0.012192935426283833
north:0.022551431375903513
john:0.03012897078181849
