taken:0.01004536981633738
above:0.008300780579660199
some:0.007119127287398501
since:0.006100065925011224
cleaning:0.0165008646453589
out:0.01077601005256518
tommy:0.01692878341881903
there:0.005596213326689923
probe:0.050912508690594306
take:0.0064809424705356816
where:0.011264980477035133
storm:0.017100591152206628
with:0.00534903088527025
damage:0.013565466024904486
motorola:0.014857582630929978
remove:0.013469970686096434
dealer:0.026966862214931383
my:0.008690984097533242
located:0.014900223612560283
to:0.0050421920491127955
look:0.007229171720353386
slightly:0.013200218464500155
boot:0.014965324601799822
that:0.0010576360531538928
think:0.00877895138736924
through:0.007223973457392765
nt:0.002177068755251337
months:0.010353032134084818
happens:0.011390480227984081
re:0.0011400625084700322
happened:0.020562810358161165
transfer.stratus.com:0.017737038755444766
qs:0.021371606885563468
had:0.014034223954409772
89:0.07212061911836112
this:0.014405005930923082
getting:0.016537814464784674
recently:0.01008936452618198
on:0.0015457586135344205
fix:0.026524627799881
took:0.010290858769563047
them:0.00893816568007464
holes:0.043840649956751486
3:0.007138615684870792
m:0.008346431171439465
more:0.0038762775177461155
a:0.0034061076240155977
other:0.012615621839926013
same:0.005921016312587233
low:0.010353032134084818
looked:0.011356717086828307
was:0.005399153256715766
coming:0.010599481569480472
rear:0.014442545514086745
drain:0.03547407751088953
also:0.004522857108779166
cover:0.011964044354414288
are:0.0019600956756134925
annoying:0.01587918114113231
no:0.003432151634702774
month:0.024230509081629624
it:0.010452909443291828
have:0.006234763574971377
try:0.007428017293729856
ve:0.011128864018459965
area:0.0097819117215224
priority:0.018022179176209473
assembly:0.04711968768559655
real:0.0077975422377995355
after:0.005881749047758998
has:0.009738790919694063
usually:0.010054118116422602
ford:0.014574711492359959
noticed:0.03709941787641151
common:0.010262585486680945
found:0.008154025930661578
writes:0.004032087750107088
get:0.004007237729546104
of:0.0035568399798610725
standing:0.01507701403222598
seen:0.007903856373848637
but:0.0040566050137220136
years:0.0067980958017694925
tire:0.01752669463505772
again:0.01488944596407328
well:0.00513069484802849
must:0.007065428132559443
they:0.005688534295778925
up:0.01638366305307786
good:0.004939054424876522
one:0.005995798218144039
in:0.0054170640821491
2.5:0.01483648371981847
replace:0.013403545825776596
tires:0.016030893060519698
or:0.004111655229896862
and:0.0040740577765785504
few:0.006968376527153312
for:0.0029757517949275058
subject:8.139316125615335e-05
i:0.008730123806954036
we:0.004108975322298689
back:0.01284363853699718
water:0.11250266747684133
convinced:0.014461079191148887
later:0.009742109844383243
the:0.006204674167592814
when:0.007973624651486195
level:0.010733338910346796
got:0.013488742814820574
would:0.005686888086002293
once:0.00817997315525886
forget:0.011704918705531994
rtsg.mot.com:0.03447222963716224
last:0.013293674097923768
friend:0.010589022621014653
an:0.002737494324883344
problem:0.019349682549197417
just:0.010741358812187981
long:0.007257046478989588
about:0.006006196221474826
entire:0.011370177508197566
is:0.004914743174829217
number:0.007628856245115116
deal:0.010049740828538137
time:0.009631158353071425
gt:0.03337593018325617
spare:0.06217278383119248
2:0.005940273024681125
1:0.005971109426599721
first:0.005724252528631223
guess:0.00913462580163309
trunk:0.07388915571466795
every:0.01483017394474022
under:0.007400376302151339
almost:0.009213393080074904
cellular:0.015999940708495256
article:0.0024705270741359787
very:0.00531476369446173
replaced:0.013187949713586358
probes:0.019349368417849247
going:0.006639681963566105
mine:0.009954997087804836
while:0.013233795767551966
rubber:0.01705672305021852
s:0.0018915740270000559
james:0.010547541974503132
