out:0.02202200185197121
mark:0.056142504005461495
dan:0.037138350368105214
lead:0.036114155491774866
all:0.008916521781741038
thanks:0.018629781728188438
your:0.07065040498212687
with:0.0054656764185939
work:0.01892591087841405
knives:0.05662533428600721
chevy:0.056008904680476396
name:0.05163051412766824
my:0.00888050711523646
to:0.0012880365982157296
need:0.01795515879903959
re:0.0034947710540015934
accidents:0.052835940752286044
eat:0.042198357324593004
greatly:0.03647597336262244
so:0.009549631751260935
on:0.009476800471762428
henry:0.04275927330334303
am:0.015274171557956686
burn:0.045544739279860115
a:0.003915432128541295
other:0.012890728858242155
also:0.013864459174575386
russell:0.04885962509981096
responsible:0.0365500487390002
whether:0.0267052204194563
partially:0.05327070725354673
mother:0.03980938405363863
doing:0.025053298179115096
layer:0.05488606064456925
his:0.01723765459350707
ford:0.13403286082693644
be:0.005406179973247395
get:0.012283868927954413
kill:0.03452927202433071
down:0.022096874550964093
of:0.0036344034685184792
eh:0.046572785029526734
wong:0.057285311549689015
additional:0.03995098970803678
use:0.015539995586423813
and:0.010704600406283828
for:0.006081287157235027
subject:0.0002495042700188626
car:0.057170903549222225
i:0.0035682001354279424
appreciated:0.03163329083342283
house:0.03212964434102982
boss:0.053726690096251695
any:0.009563432395222497
information:0.045585444569789996
research:0.028853565238661467
will:0.010591638737413872
eyes:0.04038915406223165
the:0.0028177682616413193
cellar.org:0.05876404057038896
hello:0.03616159617431562
ozone:0.05620989725263493
would:0.008716351832751178
auto:0.04415987467387175
mr:0.12624133376760424
nj:0.045609867030477806
here:0.01682617668806912
people:0.014067973271711377
hit:0.033455160186256154
nose:0.04764643246876432
is:0.005021918259638577
move:0.0330544403324581
life:0.026078311712978596
insert:0.04849663600339728
automobile:0.053123526347302434
project:0.03599659677956122
dean:0.046572785029526734
