out:0.013699733710237905
mark:0.03492586004990919
there:0.021343697339003428
british:0.051844248136417956
know:0.014347385182073277
access:0.03898112637230844
your:0.029300749353052616
from:0.009843863423606693
post:0.030029974470130005
my:0.011049003038724433
to:0.0016025571628963148
mc:0.06591526898401623
could:0.017547780875884388
re:0.004348145381141518
this:0.018313340873421593
hi:0.03663972860481866
wan:0.06364712267504664
unix:0.046076365303724796
on:0.011790902912541626
pump:0.0685099614411582
board:0.04175809906226912
a:0.0032476840135962676
how:0.015294918572431678
low:0.039485983023021164
old:0.03078968700398051
oil:0.15634214779575376
pressure:0.05117072897673534
have:0.0059447745714843354
won:0.05025162191463705
public:0.03446214648907667
usually:0.038345938862635036
anybody:0.03534412959200808
be:0.006726293687645015
writes:0.007689097569971655
of:0.0022609370414620775
lately:0.061141080509889076
island:0.05969267675824068
vancouver:0.057330761823081174
who:0.015035498537602887
si:0.06293353027532231
now:0.019208306952072606
or:0.007840830903524248
usenet:0.047490681728415717
i:0.004439504819660347
group:0.06272362639085222
signal:0.10478051913534221
information:0.028358387028880987
driving:0.04868730920582767
the:0.0035058279534374557
users:0.04591508800297886
home:0.03406236106815522
na:0.05067794731430673
chase:0.06920093144663263
warning:0.0997707166883585
columbia:0.06335640985870458
is:0.009372300938046415
engine:0.09490811673815945
days:0.034630844471513635
time:0.01836639499888039
first:0.021832032899895826
comes:0.035164841130761765
604:0.14198676242413172
needed:0.0387886359318142
checked:0.05233449012274677
while:0.02523654076602933
s:0.0072143753587909105
news:0.035684610653063005
