ducati:0.027987393877885968
some:0.005098414301892376
go:0.008495337344079158
1968:0.026264013126777022
at:0.003847008788010616
out:0.0051448781619234055
fast:0.04561307325259437
say:0.008286222595054774
mustang:0.025177130823647656
there:0.004007768495970076
know:0.010776201970814862
porsche:0.08062298185686152
differences:0.020001791325834704
take:0.009282747294042373
900:0.024014388561866152
way:0.007564946810246913
though:0.010853904810526985
mary:0.020479514445516392
ca:0.008980561554988302
previous:0.015166809692981684
both:0.009806568045014138
to:0.004814669554902466
hill:0.04352216592278918
dod:0.015272768741015007
besides:0.017685968533348858
80:0.01745267086228519
famous:0.021969065708072555
h:0.015428742900849416
might:0.00928858137938186
nasa:0.018734239378163386
been:0.006407163262975717
make:0.007685940975326217
that:0.007574336799879406
think:0.006287109290517708
nt:0.006236493901506013
agreed:0.020739520531503366
me:0.004731828298709802
re:0.0016329279597300022
baby:0.02179506610742976
had:0.00670047373660321
mean:0.01154332775908236
he:0.013887626266552272
comparing:0.02338193900781176
chen:0.02449342313503831
fair:0.018439735968575906
you:0.01698948875921857
tell:0.010524126871713767
theodore:0.023739655699811263
europe:0.017960701395403747
seeing:0.017503448320779158
m:0.005977356821467564
a:0.002439308516762262
how:0.011487886438682308
low:0.014828797117815807
test:0.0156152832051514
was:0.015466570027971801
as:0.00349394829789091
said:0.019139780162999408
awful:0.021969065708072555
handling:0.06322035675597522
driver:0.01606893274448206
modified:0.021562557310404382
are:0.002807473282101421
model:0.015977954199054803
play:0.013982175688997562
yeah:0.017267346917852193
race:0.019086592702399815
it:0.002994370565414602
not:0.005265589594549911
should:0.007173852149491177
have:0.011162677142961852
between:0.010143518978368583
brakes:0.0486151465808295
centerline.com:0.02771437921857883
disc:0.02733441687364595
be:0.0025260316905566433
which:0.011282902467401901
writes:0.0028876086943998352
of:0.004245427632439709
even:0.007332574007711902
seen:0.011320807382630362
what:0.012058193489038836
but:0.0058103338187808756
year:0.0108068153546273
advantage:0.01861733876216074
least:0.010513809531469354
biggest:0.021102467722378938
phil:0.038702658084419146
latest:0.018193653276212886
well:0.007348768166608492
they:0.01222165446953376
frost:0.02733441687364595
in:0.0038794694736788314
compare:0.018819698313508788
point:0.009613694153974063
speed:0.014665786754959742
world:0.011009828335077191
and:0.0025008564267955664
for:0.002841474785258288
enjoy:0.020186657543417936
subject:0.00011658059778173928
al:0.016637616509704068
car:0.013356521134861962
60s:0.02948496921031754
i:0.0016672376178637112
back:0.01839612855954181
marks:0.024821909690660962
champion:0.028130580877113
actually:0.010673860817035304
the:0.005595546362364149
when:0.005710368746042515
got:0.009660060356465388
can:0.003775397346889578
leland.stanford.edu:0.022040654397049306
an:0.003920952570138588
jim:0.014787470510693752
people:0.0065732451531577175
about:0.012904142100286526
guitar:0.0265585165363645
paul:0.014301408258118153
is:0.0011732429121863051
either:0.02186517648133937
turbo:0.021693899909693802
does:0.005320911853002293
girls:0.02407147188748778
their:0.006609972133544602
too:0.0085262788989716
designed:0.017159813960186735
late:0.03366060249459536
change:0.012978205711399508
significant:0.018178723989100285
69:0.024014388561866152
article:0.0070771430595336325
by:0.004325045741559677
high:0.012215387884897472
says:0.011183522901430428
alter:0.025988122726682994
yfn.ysu.edu:0.02430757329041475
especially:0.013647579508722014
s:0.013546643686812626
august:0.021829315790665684
driven:0.020555903779348343
