out:0.02963967544856503
there:0.01154438975568739
know:0.007760220916089949
all:0.00600042660783831
damn:0.02705557771926168
tried:0.01948342171721177
take:0.026738982771518285
where:0.011619225146124288
way:0.010895426538028575
much:0.0109886595569807
turn:0.06455619122102858
tight:0.03269628618477774
to:0.005200751547512569
hole:0.058703782011914514
that:0.0021817900970721813
think:0.009055019041060096
counter:0.03396508896874664
bit:0.01713889432739434
nt:0.008982120147452057
its:0.01300518588700736
re:0.002351827061497928
larger:0.02676636317057097
anyone:0.010521476412838938
these:0.010419094170433602
big:0.01745773933250036
you:0.017477955641783706
used:0.012418009486395381
etc:0.014605811241875696
why:0.0111932237745535
a:0.004391522408321997
how:0.008272723253013361
j:0.01920835634923813
failed:0.02664967507059771
oil:0.11274989274997756
advance:0.01989623406714874
straight:0.025136236650712636
are:0.004043467808812739
no:0.007080161862783081
it:0.008625293829936402
not:0.0037918868463897165
should:0.010332151837946413
suitable:0.03234352224357621
buy:0.03782190094646498
kind:0.017330356584673332
after:0.012133419419276424
electric:0.03288037663949543
without:0.014133399275487391
be:0.003638121114072147
which:0.008125109009544138
writes:0.008317765924749213
were:0.009756624512404397
if:0.004214782514235279
of:0.002445793529128788
safe:0.0261178675987231
hammer:0.03902839146411728
but:0.004184171209122078
now:0.01038939872879399
good:0.010188741203518863
in:0.004469929607408565
yes:0.01677261553776031
or:0.0042409525641703485
use:0.010457732878914138
and:0.0024012416005710054
gets:0.020989410958445313
few:0.014375015728970356
still:0.012840937624085204
for:0.0020462192635979496
subject:0.00016790538925797672
each:0.016012637719249153
steven:0.028217069986471832
i:0.007203724801713016
any:0.012871537940739714
the:0.003792467974787688
do:0.013553168281254654
thing:0.014238568774370797
magnus.acs.ohio-state.edu:0.028939329480889252
when:0.008224367565054944
invented:0.03509698443697936
hello:0.024335162205357055
thank:0.022833297526852293
can:0.02175008786006826
about:0.012390140632979517
trade:0.02653511255555783
worry:0.05530016391012231
is:0.0016897649489978862
bolt:0.03839893574992242
self:0.026742851710755824
engine:0.025666974966923627
time:0.01986804993589577
does:0.007663451662500159
notice:0.025396009016380783
too:0.024559973180685493
under:0.015266185076136097
change:0.037383762363653934
changing:0.026933451393116387
article:0.010192866419076742
very:0.010963789256499669
little:0.014750557873575248
by:0.006229153929667712
thats:0.03263610095826107
