out:0.00841555070771757
andrew:0.05379225941674284
your:0.008999515872723303
way:0.012374091568189595
ohio:0.036231541271824055
someone:0.04721695959992186
from:0.006046944674501254
approach:0.029401804678098824
to:0.001968855942986901
look:0.01693691660197079
hudson:0.03996146543194053
infante:0.086884289811821
plugs:0.04155534794132774
that:0.007433670545024503
think:0.010283914482346822
really:0.013938541022792328
could:0.010779351109471837
me:0.015479838291493495
re:0.00801301077381794
worried:0.035935114622490105
bomb:0.037932149352626975
something:0.014219009408310876
you:0.011909978344472612
m:0.01955449588737246
sure:0.015586028715422882
a:0.0009975029470331393
j:0.021815204710920445
as:0.017145303433221824
ridiculous:0.03565050099001011
let:0.016465269591091604
oil:0.12805166390890307
drain:0.04155534794132774
course:0.01747251285642871
no:0.008041040972732214
gas:0.028344069083350014
it:0.004897934710571028
not:0.008613000122513783
probably:0.017051597964494344
only:0.009525258844780619
types:0.02926355151414914
absolutely:0.028588991036768815
knew:0.02772925044926971
be:0.004131866122410509
get:0.00938838553779373
were:0.0221614756781757
things:0.01596232805814464
if:0.00957357742519156
of:0.0027777226509391236
never:0.015742423077584715
again:0.017441922415057272
well:0.01202048507252389
who:0.018472183917626405
news.duke.edu:0.04142892239061773
one:0.007023649341254446
in:0.002538281455635578
yes:0.019048899075027777
world:0.01800893349094769
and:0.005454248778439855
for:0.002323920449371957
subject:0.0001906925492287021
steven:0.03204652948463586
car:0.021847452427738494
i:0.01090849755687971
special:0.02496936566332159
we:0.009626742183671214
any:0.007309194759205766
actually:0.017459386622150606
the:0.003230370042810227
do:0.0051308422779035474
see:0.012638469724365543
magnus.acs.ohio-state.edu:0.032866809910438506
putting:0.02871467505027153
would:0.019985349559379487
thinks:0.03235638873913747
maybe:0.01891366487387374
cars:0.027300550379796475
just:0.008388489739042042
about:0.014071659718883878
self:0.03037223872864411
write:0.023244099464196526
time:0.011282214070740811
somebody:0.027112344453391106
guess:0.02140112330668324
acpub.duke.edu:0.042656424225808155
stealing:0.0838972641281273
changing:0.03058870551075361
leave:0.02523701517353226
article:0.005788092002261436
meet:0.03064386298285297
bad:0.01957572176247417
by:0.0070745391058369
while:0.015502446470560875
especially:0.022323540767838154
s:0.013295063161200393
