help:0.03147195176532054
small:0.043952145592147225
mentioned:0.05169358262929173
my:0.027947478274420626
to:0.00202676347072181
next:0.03938794152572316
she:0.04875209536615415
that:0.005101538609330541
think:0.0423455302214281
like:0.017127045051598136
me:0.01593512765300801
wait:0.05399117360456056
so:0.015026626432131178
anyone:0.02460168749472634
93:0.053838463173594135
on:0.007456012135871911
a:0.004107365076018809
price:0.046031532380058277
wife:0.17827861884458693
definitely:0.06258605506059976
are:0.018909158282388986
reasonable:0.054975105442736
it:0.005041991613823117
have:0.007518391369818424
keith:0.057948045134112745
has:0.03131689629078091
dec:0.07294556588139209
but:0.009783576797800151
one:0.014460454526112094
in:0.00783881037769811
for:0.01435362630494444
subject:0.0003926023072355632
car:0.044980049115932196
i:0.008422001790238012
we:0.03963952663864617
any:0.01504834215130599
informed:0.07510149932539026
the:0.003325380926422293
would:0.013715435972123177
her:0.048623658896025414
wants:0.10354515184099261
south:0.06355352183321744
is:0.003951068042509763
convertible:0.18100649848256165
new:0.025352934777699218
right:0.028527552849857345
too:0.028713498056830832
opinions:0.041994266992941794
live:0.045539533440406746
range:0.058816999786612846
