out:0.017851168167885755
hand:0.04783696144625263
insurance:0.13455827335299253
from:0.02565370467970229
that:0.005256130688401164
nt:0.021638743991589045
me:0.016418010309159767
need:0.05821824216658292
re:0.005665765193608644
he:0.04818585477334046
on:0.007681951897564999
you:0.033684787236892236
more:0.07705569853458945
a:0.006347746026574523
other:0.020898605876241073
price:0.0474264273006661
rent:0.08372139831795034
let:0.03492632943564886
probability:0.0861245048357782
base:0.05835811902140987
it:0.010389558476968848
have:0.015492442822656147
accident:0.14725738729735446
be:0.008764564502082899
what:0.013946092469645928
but:0.010080048821975914
year:0.03749637448802503
in:0.002692116695371068
and:0.0028924046552332564
subject:0.00040449934684876206
cause:0.047780320202152525
car:0.046343080907324086
i:0.0028924046552332564
turned:0.059498459695660574
than:0.02167577700332517
the:0.0022841000302698576
see:0.02680887517289661
did:0.024907743082469173
joe:0.06029498828671115
last:0.033032765940295424
friend:0.052624233631709184
an:0.027209034501870812
lot:0.03755383921614228
unless:0.09327458865880277
needed:0.050542768032363954
included:0.056708809856075286
s:0.009400549709939672
