dallas:0.034535076806154516
go:0.012158951573713295
all:0.005962923941539321
hand:0.019732746596579212
with:0.007310342209869342
ron:0.052966229202812944
method:0.024943112017165994
much:0.010919980434749572
into:0.011192524393639915
from:0.010582153180377196
loose:0.03261329743272976
both:0.014035650514426488
ease:0.03592972400186833
my:0.029694195666571915
weekend:0.03154568660577683
to:0.0017227489501135387
everyone:0.019109454734456896
then:0.009974252186098771
day:0.01589564397351795
wednesday:0.03273706385333088
really:0.012196223394943287
through:0.014809145587655169
me:0.006772429252528404
re:0.0046742562847271315
this:0.006562280479642738
tools:0.027809205351054196
apr:0.023295051731487493
on:0.006337610315491124
edt:0.03625030709179052
3:0.014634162153985122
how:0.008221018732682028
214:0.036705053056055696
ms:0.026125874514906795
incorporated:0.036360929448661775
coming:0.02172893721743497
ice:0.05847893035746898
oil:0.14005650740036274
21:0.025351268882214534
minutes:0.024907295300234836
bags:0.03759036878769961
pain:0.027668750001978833
it:0.00428569287174965
not:0.0037681875535997807
should:0.010267575888959247
texas:0.04960212089586253
try:0.015227435452146205
date:0.02236124493614577
after:0.012057585547905945
has:0.006654840461790944
be:0.003615382857109196
which:0.008074327078234486
writes:0.008265779887719529
down:0.014777284855957237
of:0.0024305073195717334
find:0.01322779211045869
one:0.00614569317359764
clothes:0.036473545108053514
in:0.005552490684202827
better:0.01397634919563377
and:0.00715870152170231
suck:0.03445229413896689
subject:0.00033371196115022873
i:0.00715870152170231
stafford:0.16462509661248878
face:0.044865894886819496
20:0.019655202177535126
later:0.039942650361971296
the:0.0032976694187021064
do:0.0044894869931656044
when:0.00817296526777335
hello:0.024183067441573572
hate:0.025162432765986432
because:0.011029514368090713
come:0.015007460465433803
cars:0.023887981582321915
myself:0.02083026288748677
trusted:0.036705053056055696
just:0.0073399285216617875
finally:0.02272827797372566
drew:0.07185944800373666
about:0.01846905338103509
crazy:0.030589628200892907
15:0.020886317074879025
entire:0.02330886389180501
paul:0.02046889056943161
is:0.0016792039180666494
bolt:0.0381589424014854
self:0.0531514177751272
engine:0.025506556373380354
time:0.009871937311898211
2:0.012177559700596306
1993:0.018935348768813358
proceed:0.03625030709179052
too:0.012203236674153104
change:0.037150113848881096
although:0.01974837160471724
changing:0.05353023464381882
instruments:0.03292743390011032
article:0.010129161003957513
comes:0.01890110210778445
by:0.018570665152821863
john:0.0502777199921596
s:0.0038777267553501147
