looks:0.04961022426628827
go:0.028194670315856915
at:0.012767608876151174
all:0.04148121002809962
your:0.01825988727798931
with:0.016951518167812967
wrote:0.03732717354627335
think:0.02086591344244283
nt:0.0103489645177165
re:0.005419427576495225
anyone:0.024245141299150598
ti:0.0549081312500241
on:0.007347953988975216
you:0.008055057817517709
went:0.047282047322262086
them:0.02124433581930784
m:0.019837894378493797
a:0.0020239190229657898
was:0.025665540118880743
following:0.03967122134840234
based:0.04378120307102235
it:0.0049689192715937965
explorer:0.09288569852225922
have:0.00740942917605294
reliability:0.07969992725604853
liked:0.07363661547425039
utility:0.06874252137241789
of:0.002817979500952734
looking:0.03759254123777745
well:0.02438939000222239
who:0.018739896728026787
in:0.0025750681433984127
and:0.00829994379327804
subject:0.00038691241872490284
i:0.01106659172437072
any:0.04449075070820901
the:0.002184791333301603
wrong:0.03831046459173711
do:0.010410404621833284
strong:0.052328295448847977
can:0.01252994191938715
sport:0.07267806761186568
comparisons:0.08307574693257568
just:0.017020124108201244
karl:0.0851131665067958
drove:0.07650365523265502
position:0.04989627474220597
opinions:0.0827713088556534
three:0.1268907828901075
john:0.07772401158208249
s:0.017983660314667197
driven:0.06822176761551842
