at:0.015455526534288264
cable:0.07574820111209207
specifically:0.0710007482764151
c:0.04537013500752561
ship:0.08990529002150768
tm:0.08063291807650082
line:0.04954041664571909
cuts:0.09474472186018801
months:0.0595753428066635
phone:0.05153240572297489
93:0.06422834203165616
contact:0.06105389998211522
used:0.03463971067257659
bill:0.05430726097704767
a:0.002450007238327009
other:0.02419838575143703
price:0.05491481055866601
cover:0.20653718674988872
locking:0.11031144457950208
silver:0.09137493709283152
it:0.006015007539297753
color:0.06481810713339273
mr2:0.11621446627461109
after:0.03384585416956055
has:0.018680253927834227
of:0.0034112383432585726
excellent:0.06833448093579626
please:0.03360377819132026
in:0.0031171877525349207
or:0.023660051147476678
for:0.02853937393965561
subject:0.0004683676647722508
car:0.10732081894327682
6:0.10309998710734015
top:0.05932688116083009
will:0.019882549910583934
than:0.025098268109113354
the:0.003967121105205542
collect:0.09260968791321397
less:0.04822571151923293
is:0.00942710971546189
90:0.07073612999200582
sale:0.11139902295100454
pm:0.09120542988385369
