believe:0.040234664450561855
your:0.023332078188541897
way:0.0320809781397508
weather:0.09663199239327336
to:0.0025522206668348716
like:0.021567390064975427
and/or:0.07483300050266611
quiet:0.09331628440347733
hi:0.05835216037063712
on:0.009389052319246109
am:0.060530976174124645
size:0.06668290994566421
how:0.04871714804552312
are:0.02381153265189724
looking:0.04803491380382674
they:0.06910515737094397
miles:0.07433619972057084
in:0.006580729699795943
tires:0.38949132769262673
and:0.003535161245285091
for:0.02409991577126474
subject:0.0004943880905929314
i:0.014140644981140364
than:0.026492616337397426
the:0.00279167781477427
do:0.026604367366907283
would:0.01727128974267363
can:0.016010481341439134
last:0.0403733805936944
snow:0.10113099570087317
many:0.03431853754774247
right:0.03592358507019073
hear:0.06136447341220014
experience:0.061337458792502735
every:0.0450397875358777
especially:0.05787584643513595
