since:0.022481141835996418
all:0.010719863265688665
leader:0.05262972026187083
with:0.006571094121230869
85:0.05573369078578271
much:0.019631425500673386
c:0.029057277476729884
into:0.02012139216834142
from:0.009512047802586241
darren:0.06860034589031083
to:0.003097076764249058
experiences:0.05309108528207054
acceleration:0.06577658826917707
next:0.03009415757021545
class:0.044586176086168564
been:0.0164858470474319
r:0.034833929963248654
bit:0.030618923573659546
86:0.05371354347746142
re:0.008403157365801585
so:0.01148101794814517
on:0.005696728373475167
you:0.006244932465266538
them:0.01647032777002518
shadow:0.12057895703467025
more:0.01428560703169355
a:0.004707317278133916
lists:0.053226459872139906
handling:0.0542227029854619
l:0.03713438852531868
are:0.007223723388777814
d:0.02047015980198916
not:0.006774269759280504
have:0.00574438891177138
made:0.026130107324921364
due:0.03724879196515149
ve:0.020507120213791395
stay:0.04436738840737283
mileage:0.06016251722234712
be:0.00649956468693788
get:0.014768246913383397
year:0.02780630018213092
years:0.025053656437981946
excellent:0.043764779925172886
oh:0.03628894588923004
they:0.0524112148599856
or:0.007576533232618936
and:0.006434787884676233
for:0.010966815603777774
subject:0.0002999658077754865
away:0.03111217512723225
pretty:0.032337304010332885
will:0.012733767920261622
the:0.004234567471848612
around:0.026597690260153208
can:0.00971422463413161
junk:0.11816029042360586
about:0.022135195063412844
five:0.04461778216905188
is:0.0030187935605692573
3.0:0.05194095030834503
new:0.01937078162790502
turbo:0.05581913572269529
lot:0.02784891447489203
their:0.017007681107659708
under:0.027273296933771226
replaced:0.048602780966925
eight:0.05507256157204189
models:0.05014834886495026
hp:0.048602780966925
