some:0.006748768064354648
out:0.006810272249019999
there:0.005305080841486401
all:0.011029685903425332
saw:0.03927607610561219
with:0.013522020272590689
way:0.010013715719922215
into:0.02070293529459406
blew:0.03233875815301546
automotive:0.032947778474737
to:0.001593293826694602
remember:0.0160845320030129
continental:0.035573531493682635
then:0.009224741906218515
most:0.010731765687670739
formerly:0.03178783225819277
that:0.006015687146262603
guy:0.019574166167334504
think:0.02496672880107321
like:0.006732017708142619
along:0.020196308734920433
re:0.00216150579640561
anyone:0.009670027454574515
phone:0.016978885122598663
had:0.008869413212035463
he:0.009191521430752804
md:0.028941147373234423
something:0.01150671281597412
these:0.009575930480340708
pieces:0.029419134170026985
on:0.008792060553282483
you:0.006425421842875397
jobs:0.02854234464787632
paint:0.028209570937925577
a:0.004843366910449925
load:0.025988398102910776
was:0.010236544902906191
old:0.01530585596729667
red:0.020882190490997404
fake:0.10320138909382207
oasys.dt.navy.mil:0.06811395010334803
dumbest:0.034519649662503704
gold:0.029885962821151017
course:0.014139605779768895
are:0.0037162507607007254
those:0.010727836151951215
early:0.04049411674905527
concepts:0.029223171443577958
model:0.021150008737477164
301:0.0320175451405599
taylor:0.031354102859678816
it:0.007927293173178543
not:0.00697005790261231
tiny:0.030219536911443776
couple:0.01824272713673132
try:0.014083177296782616
kind:0.015927899982445433
malcolm:0.03225676604323536
after:0.011151524206155786
g:0.020433537346887295
of:0.00561967010305603
even:0.009706123975526159
kit:0.0298321917652995
looking:0.014993556909864994
least:0.013917123599459433
huge:0.04968697061319619
visible:0.02741753742599326
they:0.005392598985593894
who:0.007474294070715886
david:0.01443031930256933
one:0.005683878079627875
code:0.018731286186888418
in:0.004108201199872612
door:0.024450706914063366
watching:0.02462198898115222
and:0.0011034607355225139
still:0.011801786602482931
subject:0.0001543176698960595
station:0.02390745744376969
i:0.006620764413135084
top:0.019547007087672343
back:0.012175472370332585
felt:0.05219912408938095
sad:0.02734747175817624
any:0.0059149552964670934
will:0.006550897947417828
turned:0.02269883433476068
the:0.002178476907482812
can:0.009994982571534259
agree:0.017436735138522768
did:0.009502375973658758
once:0.01550885083771622
wagon:0.03618255181540418
cars:0.022092930943187896
is:0.0015530209646859184
picture:0.02364466915430867
division:0.022905013966013483
convertible:0.07114706298736527
new:0.009965315403951137
right:0.01121314216063757
time:0.009130115432969443
blue:0.023102090332157852
their:0.00874961629237985
1960s:0.03877229009590684
x:0.21122497037314003
trunk:0.03502260559885995
dark:0.026658912055875412
taste:0.029778916302265257
little:0.013556871109239676
iii:0.02672106692163415
bad:0.01584162454766696
comes:0.017480788076563652
thats:0.029995029204413347
s:0.0035863368835607995
