at:0.021486951523278806
all:0.023269947088933932
with:0.014264082360720668
exhaust:0.14062348679549547
from:0.02064810376658965
ground:0.09455984544871564
to:0.003361461366075197
that:0.008461088425231142
dirty:0.13032416419977483
re:0.009120500067760258
so:0.024922209692315126
them:0.07150532544059712
are:0.01568076540490794
yeah:0.09644444985824761
it:0.008362327554633463
not:0.014705122160389389
follow:0.09212176371749477
after:0.04705399238207198
end:0.06595691225793925
but:0.016226420054888054
maintained:0.13005465600010202
seems:0.05747529486295313
well:0.04104555878422792
they:0.0227541371831157
for:0.007935338119806684
i:0.004656066030375486
top:0.08247883478456867
the:0.0036768439511661124
level:0.08586671128277437
hate:0.0981948595745812
long:0.11611274366383341
people:0.0367139790261736
jerry:0.11903062859173477
is:0.00655299089977229
either:0.06106250505154532
keep:0.06461986790551028
run:0.06528864459481451
going:0.05311745570852884
