at:0.012235625172978208
know:0.01713715452303197
1992:0.054804812984504056
my:0.013197420296254184
to:0.0038283310002523076
appreciate:0.05332240743631241
nt:0.009917757662811645
89:0.06570989741895124
this:0.007291422755158597
on:0.007041789239434582
used:0.027423104282456465
am:0.045398232130593484
market:0.054317433542680864
8:0.041006823366303694
particularly:0.055793059654730304
a:0.0019395890636755486
how:0.01826893051707117
88:0.06953914577179937
budget:0.06554356143219131
model:0.050818770994215966
engines:0.06910508266757569
buy:0.04176168229505508
reliability:0.07637909695371317
between:0.03226202563953341
able:0.03663146147375929
b:0.04251261592380891
neil:0.15501168126332548
be:0.008034184126909323
were:0.021545879131559708
of:0.0027005636884130367
available:0.03751477538630875
what:0.012783918097175433
redesign:0.08618769781659232
year:0.03437167661402294
they:0.012957217007051994
in:0.004935547274846957
or:0.018730873825085703
subject:0.00037079106794469857
until:0.03973841285228672
car:0.042481157498380405
i:0.013256854669819093
any:0.0142123231429001
information:0.03387251784005229
the:0.004187516722161405
would:0.025906934614010446
did:0.02283209782559674
7:0.04432678512404591
an:0.01247080748002412
interested:0.03995939188076277
is:0.0074631285247406635
ubvmsb.cc.buffalo.edu:0.08007726331410157
time:0.02193763847088491
advice:0.05402579261435067
thousand:0.06474051183651316
afford:0.06562648041811496
models:0.061988931235841295
opinions:0.03966125216000058
past:0.045882145095880046
