on:0.12675220630982248
subject:0.006674239223004574
info:0.7363488648480994
any:0.2558218165722018
