some:0.03134327181566051
at:0.01182503372422055
out:0.007907228852888993
there:0.0061595905072291774
shifter:0.045017491185180426
where:0.0247980778286411
way:0.011626663218433177
damage:0.029862233934017927
miss:0.03238805748796046
times:0.018862255983174675
chevy:0.04022115973698641
except:0.021640009523515528
ease:0.0385822539617378
my:0.025509107686719497
to:0.004624829396277956
technique:0.033764537229185335
experiences:0.03171212476580052
otherwise:0.023848220346389504
been:0.009847250920949256
that:0.004656437925294991
higher:0.02491190545663015
clutch:0.034699809181604875
generally:0.02595133888069194
so:0.006857789244194094
this:0.003523372069606839
off:0.014654076831921815
throttle:0.040663830661763566
pieces:0.03415778665378972
on:0.010208231380656843
you:0.0037301945597900794
suggest:0.02464026714839005
m:0.009186675920242094
a:0.0028117532735162315
how:0.008827939578718955
same:0.013034183560594714
wondering:0.02415391611984763
was:0.011885384350354168
old:0.017771228740552508
harder:0.03284792290028768
also:0.009956356588453466
others:0.01809616257092883
skip:0.039542662308319494
reason:0.017934308214822333
it:0.0023010431526172613
shift:0.16261369559586972
try:0.0163516085392174
only:0.008949907639391184
transmission:0.06504547823834789
ve:0.06124609728279981
date:0.024012075099216934
comets:0.04473185618908112
doing:0.035982589331078056
talk:0.02321875011836931
heard:0.01813857288201258
toyota:0.03571350218437579
anybody:0.02039996741552144
found:0.01794980204870468
if:0.008995307647830996
of:0.002609940745848841
what:0.00617746377850088
but:0.0044649880687947
using:0.014794768984194098
they:0.006261205533609018
miles:0.02694063614034111
over:0.026925379228447753
use:0.011159594145955356
truck:0.034514228434420244
and:0.001281199377485872
for:0.002183549415517275
subject:0.00017917420732898185
i:0.01281199377485872
back:0.028273244564664932
than:0.009601350887378934
the:0.0055646195368319355
do:0.004820925630244944
got:0.014846669943829357
can:0.005802456325085324
junk:0.03528948271040578
shifting:0.07809058673538098
people:0.010102504295792734
about:0.006610846847797796
techniques:0.031916134679789585
press:0.0240761769179038
current:0.021223125662622938
is:0.005409515977664373
self:0.028537673973222655
else:0.016956726344550716
time:0.010600738053045058
window:0.023402635851175448
easier:0.02803136721079598
drove:0.035427867188276486
accelerator:0.035569165236584085
art:0.030952965004472793
high:0.018773985406990077
driven:0.03159263064074343
