choice:0.04836362403228901
out:0.015104834603595638
ideas:0.04611530303896757
help:0.02743708615438201
all:0.01223163885443963
your:0.016152977207452082
ca:0.026366007642209244
my:0.024364468239238494
that:0.008894990395755815
think:0.018458308045237886
like:0.02986254008996598
nt:0.00915485322721075
could:0.019347553273410992
re:0.004794109009976545
big:0.035586930177789196
on:0.01300022628818692
you:0.014251256138685175
why:0.022816956155820595
a:0.0071615596197251025
running:0.03881359503136797
turns:0.056586599661110154
others:0.03456831055215892
are:0.016484907220544243
jesse:0.0825885002674215
d:0.023356977209961993
gas:0.05087397014960259
it:0.004395582432563743
have:0.006554495040354523
b:0.07848482939780106
writes:0.00847772296176362
if:0.017183344096497674
of:0.007478484060220718
what:0.011800539782008092
but:0.01705854416026693
well:0.021575229617350575
must:0.029711031121532016
in:0.002277944896083211
bmw:0.056813517316230674
brother:0.05940531089332835
and:0.0024474193236589093
few:0.029302916678285724
subject:0.00034226867810279864
car:0.03921337615235115
i:0.009789677294635637
we:0.017278768021973975
possible:0.03303809773031515
the:0.0019327000256129563
when:0.016765056959535077
got:0.028360946431161205
can:0.022168358780454187
just:0.015056263634178025
is:0.003444520857572614
turbo:0.06369106511948565
light:0.04477198315136273
dave:0.08990447875319467
little:0.030068444896134156
everything:0.039611057486195554
s:0.007954311293025875
