some:0.005640274759098329
go:0.009398223438618972
configuration:0.022914173790805962
large:0.01446393294631679
at:0.004255869625383725
out:0.011383353614303959
there:0.013301144718509383
andrew:0.018190619126434774
know:0.005960749399315467
porsche:0.029730535982642976
ever:0.01277015486391237
consideration:0.024226022537288557
with:0.0028252530279688276
ya:0.02467102393297844
c:0.012493225581782414
4:0.02400260390510801
previous:0.01677874115793626
such:0.009289938181003857
times:0.013577179427502544
from:0.004089721035894568
sell:0.016811943473336075
yours:0.02041704978190561
except:0.015576625212578809
my:0.004590407059566673
to:0.001331593391392107
cylinder:0.02738508759722413
noisy:0.08431519872153455
owners:0.020858200306228255
that:0.008379338778610551
like:0.011252551338248049
really:0.009427032575801573
nt:0.0034496548392388333
re:0.0018064758588317417
larger:0.02055967026145306
anyone:0.008081713766383532
balance:0.048452045074577114
2.0:0.02265608119817997
best:0.011764135651987605
on:0.002449317996325072
characteristic:0.0290553575170625
you:0.008055057817517709
2.2:0.024073855063571792
came:0.014583220929845153
bugs:0.024504424048576657
why:0.008597693623932397
more:0.006142120897684665
a:0.0067463967432192995
want:0.009142985351266578
also:0.007166652810046214
theory:0.01965482539602234
mind:0.014636018372029647
are:0.0031058520850300747
no:0.005438385198949323
those:0.008965776107669372
care:0.015294767832241048
it:0.0049689192715937965
not:0.002912608737081956
have:0.0024698097253509797
decent:0.02176600155951553
mr2:0.19200650949718354
has:0.00514383803809928
details:0.018429091218793887
cylinders:0.02997832967533646
toyota:0.025706820412908175
which:0.006241025760954192
writes:0.0031945043044326682
get:0.006349632730874986
were:0.007494218828368595
if:0.006474883282738254
of:0.0037573060012703117
even:0.008111881390174037
but:0.003213928609905363
never:0.010647049424453431
using:0.021298749552124838
must:0.011195461002316411
spencer:0.02249137486318975
they:0.009013716178818779
good:0.00782613454763043
sounds:0.017211133157298733
over:0.0096905350363254
one:0.004750294240461944
in:0.0025750681433984127
po.cwru.edu:0.023033461774334324
mid:0.027771767344439282
or:0.013030173095711793
cross:0.022127585573024865
and:0.00276664793109268
for:0.001571733637256396
subject:0.00012897080624163428
car:0.01477605478204536
i:0.00276664793109268
ugly:0.02650430712962049
eliot:0.08654926654511799
pay:0.016100686289844846
any:0.009886833490713114
noise:0.022127585573024865
than:0.006911117305408025
the:0.002913055111068804
do:0.0034701348739444283
when:0.006317267839824811
rule:0.019075833663073343
can:0.008353294612924767
did:0.007941599243685822
v6:0.02614629760230782
an:0.004337672166964911
myself:0.016100686289844846
about:0.009517064544172671
nose:0.024628832242308128
is:0.00648967697803536
3.0:0.022332099407935787
thumb:0.028463075767824177
assuming:0.019169901795502424
else:0.01220556630598095
engine:0.09857606327876464
turbo:0.023999531784154014
keep:0.012799104271139715
does:0.005886419392934904
2:0.009412606531861878
their:0.0073124812491870235
automatically:0.02276909027825101
guess:0.014474189676017648
too:0.009432453467944427
nothing:0.01234229952415898
non:0.023962794589056334
nice:0.030528883640142588
article:0.007829303191464744
very:0.008421461312963513
little:0.011330138656514319
bad:0.013239618583315864
understand:0.014474189676017648
says:0.01237210987646168
four:0.033894165710366894
s:0.017983660314667197
