out:0.010909047213707961
tommy:0.051413342234931866
k:0.035080194965293174
probe:0.10308211636120329
where:0.01710608146512742
storm:0.05193512868447938
with:0.005415068303606919
remove:0.04090879986147806
dealer:0.040949679659710615
my:0.017596560395005578
located:0.04525253097147937
to:0.0012761103334174358
think:0.013331000254894029
happens:0.03459331032202573
re:0.003462412062760838
transfer.stratus.com:0.053868043627647064
fixed:0.04198919171407248
qs:0.064906361652452
had:0.028414971957076575
89:0.08761319655860166
this:0.009721897006878128
tail:0.05263164184408667
on:0.0046945261596230544
holes:0.04438189254881015
a:0.009051415630485893
same:0.01798234583822789
drain:0.053868043627647064
cover:0.036335245817110055
are:0.00595288316297431
it:0.006349174624814295
have:0.004733801973589378
after:0.0178630897006014
robert:0.05917429683255006
usually:0.030534729094320492
ford:0.04426393860642654
common:0.031167852218808793
writes:0.006122799916829281
of:0.0036007515845507157
warranty:0.047533057418599055
they:0.008638144671367996
up:0.012439447873633191
good:0.015000091216291658
in:0.00822591212474493
and:0.0017675806226425455
few:0.021163217600984132
for:0.0030124894714080924
known:0.03015674766357739
subject:0.0002471940452964657
i:0.007070322490570182
we:0.012479110238092313
water:0.11389158929754306
the:0.00558335562954854
would:0.01727128974267363
once:0.024842881434489872
friend:0.0321592538860445
problem:0.058765702556821786
is:0.002487709508246888
90:0.037332957495780854
spare:0.04720526179775725
2:0.0180408291860686
light:0.03233532116487308
1:0.018134480480784337
guess:0.027742196879033825
trunk:0.16830307690563254
every:0.02251989376793885
under:0.04495043383528961
article:0.007503082225153713
replaced:0.040052291722743744
while:0.02009576394331965
check:0.030641773746182304
s:0.011489560756592932
