at:0.011746200166059081
out:0.015709027987739467
indicator:0.16619153306338158
know:0.016451668342110693
means:0.037794602939183373
service:0.19427153218551163
reach:0.058110712920405046
my:0.025339046968808038
to:0.003675197760242216
make:0.02346773977799605
that:0.004625395005793024
nt:0.01904209471259836
me:0.014447849072060598
need:0.025616026553296485
so:0.013624141298465602
anyone:0.02230552999521855
ps:0.06007416430426287
derek:0.0734982274964627
reset:0.07421912378006637
on:0.0067601176698572
went:0.04349948353648112
a:0.0037240110022570536
how:0.017538173296388324
idea:0.03696501727014342
oil:0.1792723294724643
also:0.019779961755727552
far:0.033191707628285355
it:0.004571405729866293
have:0.006816674841968705
only:0.017780483176923823
after:0.025722849168866017
yourself:0.04675032895166123
which:0.017225231100233572
of:0.010370164563506062
sense:0.04381762728483988
miles:0.16056619139643302
one:0.013110812103674967
bmw:0.11817211601775982
yellow:0.07558284176833861
and:0.002545316096605266
subject:0.00035595942522691063
cause:0.042046681777894224
until:0.038148876338195255
i:0.007635948289815797
any:0.013643830217184098
the:0.003015012039956212
do:0.009577572252086622
did:0.021918813912572874
about:0.013133549070958287
five:0.05294643484060823
does:0.032493035049000675
first:0.02503406439188055
change:0.03962678810547317
changing:0.05709891695340674
