some:0.008745594570287297
go:0.00728626311533381
at:0.006598988857336562
out:0.008825296622325542
ultimate:0.019731795595571724
there:0.0034373744778170316
all:0.00714657551045911
tried:0.011602487090024986
take:0.007961607229721735
ever:0.009900457141684872
with:0.013142188242461737
exhaust:0.021593868758858853
hell:0.012784198219033318
work:0.0075845410636340965
turn:0.012814524849118034
feet:0.016449670220806487
both:0.008410876712764937
my:0.007117709822698886
to:0.0036132562249572347
sound:0.012925780109095246
lived:0.0168389246134965
us:0.007714892832153543
engineer:0.01669889640349043
calls:0.015012320844413587
that:0.0038978047801626605
like:0.004361944058084918
nt:0.0026744515045784216
along:0.013085997794536461
need:0.007195513076768675
re:0.0014005262276335975
so:0.0038270059827150565
had:0.022987393043927117
89:0.01771952289949247
this:0.0019662263609416444
muscle:0.04234790756924799
he:0.0119111101686909
personally:0.014677320618376408
big:0.010396181849691226
on:0.001898909457825056
you:0.006244932465266538
american:0.012086274222427775
used:0.007394994413246688
disclaimer:0.014060133060202946
none:0.013567454054012338
them:0.03294065554005036
imho:0.01621599871294401
m:0.005126646861857948
why:0.013331255282052482
fun:0.030833353220478168
burn:0.03650402324303395
a:0.007322493543763869
as:0.002996682248003814
drive:0.010576044003018684
question:0.008175977840251328
also:0.005556169032507739
dual:0.020796408095028623
sc:0.020139296943320034
are:0.004815815592518543
no:0.004216276165477565
manual:0.02943518649350384
play:0.01199220311902787
yeah:0.02961964377669028
it:0.0012841027331085093
not:0.0045161798395203364
couple:0.011820193987470107
have:0.003829592607847587
engines:0.018635078472155245
shift:0.03629878748132523
only:0.0049945177463269165
transmission:0.018149393740662614
between:0.008699872082570807
real:0.047895015992476545
sports:0.017976311931092833
has:0.007975838755704501
manuals:0.01830439455026132
love:0.024510992061284258
call:0.009951146434452088
500:0.03123428565804899
his:0.0069079739382219355
be:0.002166521562312627
which:0.004838548061863362
comparison:0.017479215992311625
common:0.012607221122214794
callison:0.11478517482802857
writes:0.0024766381686051023
were:0.005810124709634079
if:0.002509926665780559
of:0.0050976932545324745
uokmax.ecn.uoknor.edu:0.04628867982315646
oklahoma:0.022692549695141468
but:0.004983394923224047
gear:0.019029687145031
killing:0.015157463115189743
they:0.006988161981331413
one:0.0036828123886727434
in:0.003992802289763831
gon:0.01790451449248714
66:0.03831994444800518
use:0.006227638680701678
and:0.007864740747937618
for:0.002437070134172839
subject:9.998860259182883e-05
p:0.025214442244429588
v8:0.041001142697033796
car:0.034366779099813366
i:0.0028599057265227706
away:0.010370725042410751
power:0.010119308165432741
actually:0.009154734558431028
will:0.004244589306753874
turned:0.029414968838304103
the:0.002823044981232408
thing:0.008479147697097216
when:0.004897657089302382
automatic:0.03450680479169351
around:0.008865896753384403
would:0.0034930698355969143
can:0.0032380748780438703
law:0.011261577248104742
because:0.013218893624678008
na:0.016323233966405913
auto:0.017697028427356844
put:0.009316326964594678
curve:0.02146901325223866
an:0.013451657506542872
cars:0.028629790660460723
just:0.004398459039198075
people:0.01691318134913615
middle:0.015045319457455365
is:0.0010062645201897524
morning:0.016067943137076462
right:0.007265444171499249
engine:0.030569655578583193
heavy:0.01678579863974385
time:0.005915767677541999
center:0.01223457241001052
man:0.01085411737376479
their:0.0056692270358865695
wanted:0.011405093593805626
guess:0.011221562782530538
amounts:0.018842382199058483
article:0.0030349546079273446
u:0.014163458740048748
side:0.01206128868378724
torque:0.021856806057260533
plenty:0.01745811555141928
s:0.009294925555895405
james:0.025914560057206198
