configuration:0.03620789293661705
andrew:0.028743955413526704
all:0.007282960539284665
with:0.004464331120530895
v12:0.04778306461118262
4:0.03792777868975082
previous:0.02651297266941073
from:0.006462383621604393
to:0.0031561812826507575
make:0.01343572888053209
that:0.00794438073514069
jeff:0.06435846242489154
think:0.010990442958233246
motorcycle:0.03545498756683364
really:0.014896150711381112
nt:0.005450981310858309
could:0.011519917216229445
re:0.0028545076547951947
this:0.008014999059105634
30:0.026130576140258703
path:0.033862050618785604
apr:0.02845197158044274
you:0.004242740377165815
them:0.033569294004555134
a:0.00426413473540884
how:0.010040938910145987
v4:0.04363332837767894
as:0.018323225043137825
180:0.08776726473738827
rec.autos:0.04717205157550677
organization:0.02925063532913642
it:0.002617217020915816
engines:0.037981419481415646
ve:0.041796954939559566
date:0.02731144419681926
always:0.04056421523662149
referred:0.11176158257086546
liked:0.03878569822689524
references:0.03152189005352415
degree:0.06765579161322126
heard:0.020630895873434155
be:0.008831469574617883
twins:0.04642671974677458
writes:0.015143413534753337
kinda:0.038983984382645324
seen:0.019789808325361473
gmt:0.032345788826145305
lines:0.026970855910645162
spencer:0.03553980608152884
they:0.00712152385120415
in:0.006781668011240095
po.cwru.edu:0.036396386162497754
bmw:0.03382789580661063
or:0.005147415707657139
use:0.025385946988509128
opposed:0.03417652204197848
and:0.0014572420400411827
for:0.002483579106199038
known:0.024862051508903495
subject:0.00020379356406120838
v8:0.0417836072523207
i:0.005828968160164731
usenet.ins.cwru.edu:0.0795171208288763
eliot:0.1367610547697666
the:0.0005753839770908802
wrong:0.0201787943269455
would:0.014238925894723298
can:0.006599740400287888
wheels:0.042180246480799405
fri:0.0444102955098159
joe:0.09113288305930388
v6:0.04131514201280701
an:0.013708368527660102
drew:0.043883632368694137
many:0.014146572729603766
is:0.004101872166269678
does:0.009301441330820802
2:0.014873355359506936
their:0.011554836783066518
1993:0.023127143534428525
23:0.033050928674473665
too:0.014904716548583942
article:0.024742988711957282
corporation:0.03625458169247535
vx:0.045275399977808294
says:0.01954982247654632
s:0.004736154815694796
newsgroups:0.03271963618947706
