indicator:0.12219965666425114
take:0.0416813554967785
your:0.024704553376103187
service:0.14284671484228795
from:0.016599455969219128
cash:0.09962600917104464
lights:0.09624757783118316
that:0.006802051479107388
mi:0.10455374305890554
r:0.060788622877041766
re:0.007332166721140599
pen:0.12018683011405343
you:0.021796038800342032
regular:0.07935377748540512
a:0.008214730152037619
richard:0.07325642185840742
oil:0.08787859287865897
idiot:0.1039177572598241
fine:0.06351287407687373
are:0.012606105521592657
book:0.06097448060164065
it:0.013445310970194978
3000:0.10290157945855771
buy:0.0589576691224307
netcom.com:0.06311833675923802
yourself:0.13750096750488597
be:0.01134237759093081
down:0.046360109352022706
of:0.003812560501288993
in:0.003483915723421382
bmw:0.17378252355552912
and:0.007486223813544899
for:0.006379389468864196
subject:0.000523469742980751
will:0.022221673429476164
the:0.0029558941568198155
just:0.046054453469250425
save:0.07102961240041752
write:0.06380733186250026
every:0.047689186802694045
change:0.058274688390401716
