at:0.012466486025298552
out:0.005557439146605943
fast:0.09854145070607653
locate:0.05439210338316333
your:0.011886153039445872
with:0.0027586197018374873
10,000:0.02673921288974243
ca:0.009700700924963779
vehicle:0.020757937226411505
from:0.007986530702171467
my:0.0044821427421240624
via:0.016123732917998325
weather:0.02461380938319227
to:0.005200751547512569
sound:0.016279166458152975
stop:0.015679024125380366
rpm:0.02779177681103587
then:0.007527737498942468
been:0.006920945222742637
that:0.0016363425728041358
produce:0.019884336268067907
think:0.006791264280795071
les:0.027883371555644843
nt:0.010104885165883565
re:0.001763870296123446
so:0.009639722616838868
this:0.00990532902587583
off:0.010299327584699767
throttle:0.028579767776428167
on:0.004783102124898961
vacuum:0.05522751279204489
you:0.005243386692535112
pulled:0.02361706837532809
fix:0.020519051694247566
a:0.006587283612482996
88:0.04723413675065618
test:0.01686745214141354
was:0.012530110388227156
as:0.007548246794500174
no:0.00531012139708731
it:0.01778966852424383
should:0.015498227756919619
have:0.0024115594959794946
cam:0.057825739017138916
has:0.015067563309715344
provides:0.020840332004903914
ford:0.045099107259377984
be:0.0054571816711082195
rotate:0.028688208900129575
which:0.006093831757158103
writes:0.0031191622217809543
get:0.006199877241939256
down:0.011152667815816782
if:0.009483260657029377
of:0.0027515177202698865
piece:0.020328825065063737
what:0.008683416066005955
but:0.009414385220524674
conditions:0.021390720307169
ok:0.015395515049579866
again:0.011518250651452915
up:0.006337077218643324
now:0.007792049046595491
good:0.007641555902639147
in:0.001676223602778212
pull:0.02132118124237087
and:0.003601862400856508
subject:0.00012592904194348253
cause:0.044625016037859434
twice:0.021275384949319166
until:0.013496064742286056
car:0.014427562923978251
i:0.004502328001070636
back:0.00993564490597895
research:0.01456288434215461
necessary:0.017003659327743042
will:0.010691559857578154
normal:0.035588327118099464
the:0.004266526471636149
do:0.01016487621094099
see:0.00834615925193951
when:0.006168275673791207
would:0.0043992907835112074
can:0.008156282947525597
did:0.007754297374730969
drop:0.020422979511113444
problem:0.01995816313250551
about:0.004646302737367319
idle:0.1787074774799247
is:0.005069294846993659
stuck:0.022431622958908718
morning:0.020236513290563283
itself:0.015863470946199904
engine:0.038500462450385436
time:0.014901037451921825
applied:0.02088207547319157
2:0.009190611094789664
light:0.016472710782105156
ranger:0.0590526553213672
mouth:0.022794646737852718
very:0.008222841942374751
little:0.011062918405181435
replaced:0.020403997670077004
bad:0.02585472685609796
by:0.009343730894501566
sometimes:0.01653069020904646
apply:0.01886583012023431
rubber:0.02638964698335695
s:0.0029265862304529164
