some:0.015993655823744575
there:0.0062861574354599135
know:0.008451199490810286
all:0.0065347111688102135
small:0.020470862330589118
thanks:0.01365333318435728
monday:0.034627456573554705
with:0.008011333928623935
from:0.005798440098836819
work:0.01387035934239934
rocks:0.0374907708907809
dealer:0.030291543857868128
my:0.01301663371685344
to:0.0028319160823784195
q:0.029073140024127794
might:0.01456907627314004
perhaps:0.019783983134520858
been:0.010049591693297529
that:0.007128177234955003
problems:0.018788172848573786
quite:0.018193146452804117
really:0.013365724268430999
happens:0.025589572019032728
me:0.014843680553486912
anyone:0.011458320203023226
had:0.010509647162206405
this:0.0035957701258316366
off:0.01495518799970103
getting:0.018576723097429356
he:0.03267397001753908
these:0.011346821733554401
on:0.017363315932852393
trucks:0.07808172159081507
went:0.022345625104356736
more:0.00870834949192278
paint:0.10027922819714641
a:0.006695567726660798
how:0.009009335597459756
other:0.009447314985150073
said:0.03002061409127989
let:0.01578861467638921
reason:0.018302821397318682
it:0.0046966497224653694
have:0.014006866113634324
92:0.030024074577923793
has:0.00729297584853802
greg:0.029994990393804263
toyota:0.036447341270356114
be:0.003962063405051173
if:0.004590071368242529
of:0.002663569665284091
never:0.015095474183985344
seems:0.016140322530007384
well:0.01152649253529688
please:0.013119283266474347
in:0.006084921297756523
or:0.004618571628103324
weeks:0.02493537592693911
and:0.005230101568366984
few:0.03130996576583954
for:0.004456833738521561
subject:0.000182855869123413
i:0.005230101568366984
any:0.014017633784778182
than:0.009798638919311377
the:0.0056789610341640975
do:0.0049199857459349084
hello:0.026501991716792954
putting:0.027534619911219273
major:0.02244128748436844
once:0.018376925992636343
road:0.04946099158863712
maybe:0.018136390974947424
wam.umd.edu:0.037846659513593985
last:0.0149326202195856
cars:0.026178609953229494
problem:0.028980346466377864
unknown:0.03232285221313544
is:0.0018402234718538622
either:0.017147689774749026
morning:0.029384526147941202
time:0.010818561437696668
hood:0.12187145336492232
luck:0.028238278259682337
bad:0.01877124004620811
past:0.022626811280160024
bug:0.06794929424568029
seem:0.01890214078695711
while:0.014865359629304947
