out:0.023563541981609197
tank:0.09278187430888474
all:0.019081356612925825
powered:0.11078070618633726
into:0.035816078059647725
my:0.03800857045321205
to:0.0055127966403633235
then:0.03191760699551607
front:0.07033901858731867
t:0.05152546110000884
make:0.03520160966699407
that:0.0069380925086895365
dirty:0.10686581464381537
nt:0.02856314206889754
yup:0.11635497423571767
me:0.021671773608090895
re:0.0074788100555634104
anyone:0.033458294992827826
this:0.01049964876742838
other:0.027586159756638216
want:0.03785195935424363
drive:0.056476074976119776
it:0.0068571085947994395
flame:0.08395307009755591
have:0.010225012262953057
shooting:0.09535853174574412
made:0.04651159103836003
diesel:0.13797322846709184
of:0.003888811711314773
please:0.0383083071381051
david:0.04992890478688988
over:0.040118815050387155
in:0.0035535940378898095
and:0.007635948289815797
for:0.00650697725824148
subject:0.000533939137840366
i:0.007635948289815797
room:0.07976056960637211
do:0.014366358378129933
would:0.01865299292208752
living:0.073680100280582
their:0.03027367237163428
wall:0.08973028255698041
words:0.06615718263014748
answer:0.060725420842577135
