since:0.037052252285253356
say:0.017569860872847624
with:0.010830136607213839
theoretical:0.05248808456134625
single:0.03010580250474421
to:0.0012761103334174358
design:0.034844140809494835
happily:0.054917383306415615
front:0.032564360457091976
slip:0.053868043627647064
control:0.056474708702611544
through:0.021939474944674322
could:0.013973232919685715
affect:0.045383870184367854
sum:0.051413342234931866
re:0.003462412062760838
avoid:0.035803236048362025
this:0.009721897006878128
comparing:0.04957837067397124
on:0.0046945261596230544
distribution:0.04115683056484518
you:0.005146286938969647
took:0.03125371922608036
bill:0.05732433103132809
a:0.007758356254702194
rear:0.043862545635374554
plus:0.033110183833145096
course:0.022649553702777953
no:0.010423571631319534
reasonable:0.0346139552787597
it:0.0031745873124071474
should:0.015211223539198885
hundred:0.04260512395797584
have:0.009467603947178755
try:0.02255916363280919
kind:0.025514136082991294
differential:0.10414060550638751
has:0.009859022906356953
without:0.020807504488911988
writes:0.006122799916829281
get:0.012170129400843725
of:0.005401127376826073
conditions:0.04198919171407248
advantage:0.03947565348643343
in:0.006580729699795943
bmw:0.2051599236419441
tires:0.04868641596157834
and:0.003535161245285091
still:0.01890471372434766
for:0.0030124894714080924
suck:0.051040435761432426
subject:0.0002471940452964657
car:0.028320771665586938
i:0.007070322490570182
pounds:0.05091939796914212
back:0.01950330296358831
limited:0.035945324656460734
world.std.com:0.04255626231815321
driving:0.03876952399723314
the:0.00558335562954854
would:0.01727128974267363
can:0.008005240670719567
edwards:0.1164398581672522
snow:0.15169649355130974
jonathan:0.04426393860642654
including:0.02944414543083546
worry:0.040707065100506694
is:0.002487709508246888
weight:0.04115683056484518
torque:0.054034881641560756
s:0.011489560756592932
