at:0.009575706657113381
your:0.041084746375475954
with:0.006356819312929862
setting:0.046759096275680506
my:0.020656831768050027
to:0.005992170261264482
add:0.03735022191795346
aka:0.056300666395749634
might:0.02312049060737441
that:0.011312107351124244
helps:0.04597795974057568
nt:0.007761723388287375
months:0.036910810217171956
could:0.016403360383978886
need:0.020882630342361264
re:0.004064570682371419
so:0.03331991078429087
had:0.0166783531052406
balance:0.054508550708899255
on:0.011021930983462824
set:0.02879798461006436
you:0.012082586726276563
machine:0.03535651472091681
assume:0.03773357125314322
locks:0.06230681019943176
a:0.007589696336121712
locking:0.13669026828329606
are:0.006988167191317668
it:0.0037266894536953474
have:0.011114143764079409
decided:0.04056122894585168
be:0.006287622360189905
writes:0.007187634684973503
were:0.016861992363829337
if:0.007284243693080536
of:0.004226969251429101
shop:0.052820584574051054
tire:0.062486476524988385
balanced:0.0626691625936447
particular:0.036859254870476164
in:0.0019313011075488096
speed:0.03650505616180197
tires:0.11430723747501001
and:0.00207498594831951
few:0.024843777183763984
subject:0.00029018431404367716
i:0.00829994379327804
back:0.022895181739864538
yet:0.028587703724849606
the:0.0008192967499881011
do:0.007807803466374963
nuts:0.06096732497743232
put:0.027037601082030207
bought:0.03981612770509196
problem:0.02299527491353896
just:0.012765093081150933
address:0.03470457993406099
new:0.037478251410511886
type:0.035222962068822784
keep:0.02879798461006436
their:0.016453082810670802
stock:0.05399894651434653
too:0.021223020302874963
e-mail:0.029887997572307243
article:0.008807966090397837
john:0.02914650434328093
s:0.013487745236000399
