some:0.029936842952137284
at:0.022588846473190538
much:0.04479991973230593
companies:0.10196493193814708
gain:0.11757961616649362
to:0.0035338440002328996
antenna:0.14496014514088734
need:0.04926158952557016
this:0.013461088163369718
contact:0.08923262305078378
on:0.02600045257637384
specs:0.12425354176299788
market:0.10027833884802621
how:0.03372725633920831
are:0.032969814441088485
get:0.03370189680233647
what:0.023601079564016185
biggest:0.12390936175448145
who:0.06631040380686401
now:0.04235677943277549
email:0.07035637587097283
in:0.004555889792166422
subject:0.0006845373562055973
i:0.004894838647317819
person:0.07192806254035515
info:0.07552296049724096
cost:0.08515404113720207
the:0.007730800102451825
do:0.018418408177089656
is:0.006889041715145228
their:0.0388124004764542
cellular:0.2691272078146894
