at:0.04195071487878243
name:0.13153488123001195
contact:0.16571772852288416
you:0.02646661854327247
them:0.06980281769201147
a:0.006650019646887595
are:0.030614827695296453
have:0.024345267292745373
which:0.06151868250083418
of:0.009259075503130411
industry:0.21689682722983322
email:0.13066184090323527
and:0.00909041463073309
subject:0.0012712836615246807
locations:0.2745506170769197
person:0.13358068757494526
the:0.003589300047566919
do:0.03420561518602365
their:0.07208017231341494
ac:0.2448866684156484
main:0.17706747674413467
