abs:0.06411687695578772
at:0.008722425865885456
there:0.009086920649278688
all:0.018892432290025567
with:0.01737111020166972
pulse:0.05892356539020204
to:0.0013645536238523078
then:0.015800795542334684
that:0.01030409778518248
slip:0.05760147239391964
control:0.09058319613686208
sum:0.05497664318190735
re:0.003702381215625451
so:0.010116936607771486
comparing:0.05301449537414746
you:0.005502960291175464
am:0.016181548086152134
bill:0.061297304469142916
a:0.00829606411393898
same:0.019228647034936756
as:0.03168768951354529
rear:0.04690252404574705
far:0.02464730764476635
are:0.02546183689509804
reasonable:0.0370129422782777
sensing:0.3205843847789386
not:0.02387762410201841
systems:0.02970710020081793
optional:0.05539213030169974
differential:0.1670374068518295
braking:0.06411687695578772
familiar:0.045610479600901824
which:0.01279101319324275
writes:0.006547152386312498
get:0.013013603715753686
whatever:0.032722381967855076
of:0.0019251543125320659
but:0.006586962596538715
one:0.009735751562134876
in:0.001759204969252381
feature:0.04678323356538889
bmw:0.08775157130031669
use:0.01646316364106285
opposed:0.04432796423266516
and:0.0037801724207008895
for:0.006442551740833149
subject:0.0002643263058615673
i:0.0018900862103504448
eliot:0.11825543349728994
limited:0.03843658478116593
the:0.0029851604356002097
thing:0.02241517262499957
older:0.04374406321821416
can:0.00856005933106647
cars:0.03784234706110402
is:0.005320250037438889
type:0.03208428228051184
matter:0.02990993081089646
article:0.008023097824916841
torque:0.23111949375400245
s:0.012285866947643928
