screw:0.09088933301931712
transmissions:0.11144596974212227
know:0.022434093193787304
tried:0.056324800964303104
to:0.005011633309421203
then:0.029016006359560056
bit:0.049546985419194535
re:0.013597836464660746
this:0.019090270486233418
you:0.01010543617106767
am:0.029715206485479373
sure:0.039673527639258244
a:0.005078196821259618
works:0.05409319988274073
improvements:0.10820509280746192
d:0.033124440406855186
gas:0.07214853948489094
it:0.018701205258543924
ve:0.03318424907322608
stick:0.07684235099735384
of:0.0035352833739225207
but:0.02419211717274219
never:0.04007162237930655
gear:0.1847609624626646
up:0.024426552188225176
in:0.012922160137781125
debate:0.08254173626294467
subject:0.00048539921621851447
i:0.006941771172559816
we:0.024504434649344906
the:0.004111380054485744
automatic:0.08375742617620152
auto:0.08591102891098687
an:0.016325420701122487
just:0.02135251933574338
about:0.0179093850967613
n:0.06656391810553457
having:0.04757984349855202
keep:0.048171174256834925
does:0.022154342078864093
wanted:0.055366545264474584
