read:0.012954303210845267
radar:0.14566195069022236
know:0.007050715003761724
ever:0.015105268896170632
insurance:0.07612153749683578
companies:0.022723613403358493
to:0.0023626271315842816
association:0.027245294784498317
impact:0.02738996797297998
might:0.012154772205019692
make:0.010057602761998307
that:0.013876185017379073
considering:0.022887828316314817
think:0.016454263171754916
higher:0.02121070807450224
esp:0.030407496145554245
re:0.002136802873018117
worried:0.028748091697992088
geico:0.19563908939905833
funded:0.03205139370242156
so:0.005838917699342401
this:0.00599979929567336
illegal:0.023484337860704498
on:0.002897193287081657
you:0.009527982675578089
am:0.009339064895436375
m:0.015643596709897966
sure:0.012468822972338306
a:0.004788014145759069
how:0.007516359984166425
was:0.005059777909150775
part:0.02799110985615174
also:0.016954252933480757
computer:0.015318302315230374
no:0.0064328327781857705
police:0.04200667327580219
pain:0.025297142858952074
not:0.010335600147016542
cs.umd.edu:0.03275558021912984
have:0.014607160375647224
systems:0.017145240687329203
try:0.013922226699105101
only:0.007620207075824495
ve:0.01042933542301391
buy:0.017181949287108377
rights:0.019846853826816033
states:0.01973062705974676
money:0.017715541524166458
safety:0.023615276486549507
agent:0.028431805440374
accident:0.027768535890358267
real:0.014614822022847128
has:0.01216885113013201
shows:0.022081226500685208
heard:0.030887398393369996
be:0.0033054928979284076
g:0.02020001120578001
guns:0.023056902357374797
writes:0.007557284468772141
get:0.007510708430234984
making:0.017569183947842307
if:0.0038294309700766245
of:0.0044443562415025974
defending:0.030407496145554245
concluded:0.031350809004751096
wayne:0.02670066518561646
but:0.011404855238578463
detectors:0.06361639181148546
negative:0.028216146423329164
they:0.015992907848704177
policy:0.021924269959538858
david:0.014265401367682822
in:0.003045937746762694
speed:0.019191229525061606
or:0.011559624989195749
for:0.003718272718995131
subject:0.00015255403938296168
each:0.014548625127774944
i:0.008726798045503768
group:0.015412091056037972
detector:0.0302241343481171
the:0.0017228640228321211
users:0.022563986104321043
do:0.004104673822322838
when:0.007472425387678491
specific:0.020943750219831043
radio:0.020499144918672378
claim:0.03731701765485698
promote:0.030859709405889807
rid:0.026384878450330464
an:0.005130846506067067
about:0.011257327775107103
is:0.0015352721536609365
purchasing:0.03188811728845553
actively:0.032219473046457524
issue:0.017893485756942017
average:0.02216869176515764
questions:0.017281007641402925
study:0.02117356199105599
smith:0.022501363168379786
switching:0.030284603544291595
article:0.009260947203618298
little:0.013401935439419796
aware:0.02341084121131931
by:0.011319262569339041
says:0.014634438539586103
buying:0.022921245287071523
s:0.003545350176320105
