at:0.010126034625913001
know:0.014182472708716113
1992:0.0453557072975206
my:0.010922003003796567
to:0.003168273931243289
appreciate:0.04412888891281028
nt:0.0082077994450855
re:0.004298166698599662
se:0.058015055826716
89:0.054380604760511375
this:0.006034280900820908
acsu.buffalo.edu:0.062347813732464764
on:0.00582768764642862
1989:0.054380604760511375
used:0.02269498285444673
am:0.037570950728767025
market:0.044952358793942784
8:0.03393668140659616
particularly:0.04617356661081129
a:0.003210354312290563
how:0.01511911491067959
88:0.057549637880109826
budget:0.054242947392158326
prices:0.05014323539286255
model:0.0420569139262477
engines:0.05719041324213161
buy:0.03456139224418352
reliability:0.06321028713410747
between:0.026699607425820754
able:0.03031569225414562
b:0.03518285455763496
neil:0.12828552932137283
be:0.006648979967097371
writes:0.007600717138132901
were:0.01783107238473907
of:0.0022349492593763064
available:0.03104671066453138
what:0.0105797942873176
redesign:0.07132774991717986
year:0.028445525473674158
they:0.010723214074801651
in:0.008169181696298412
yes:0.030653400810389527
or:0.015501412820760582
word:0.035274442714522056
subject:0.0003068615734714747
until:0.03288696236051315
car:0.03515681999865965
i:0.01097119007157442
any:0.011761922601020772
information:0.028032428557284654
the:0.003465531080409439
would:0.021440221749525885
did:0.018895529234976612
7:0.036684235964727654
an:0.010320668259330307
interested:0.03306984155649333
is:0.006176382227371584
ubvmsb.cc.buffalo.edu:0.06627083860477372
time:0.018155287010387513
retail:0.0668706748481136
le:0.06167544354072214
advice:0.04471100078429021
thousand:0.053578354623321243
afford:0.05431157000119859
article:0.00931417103812185
models:0.051301184471041074
opinions:0.03282310523586255
past:0.03797143042417659
john:0.03082159079979133
