confused:0.05310401218049206
know:0.013559067314926395
all:0.01048426187523397
differences:0.05033417817160602
much:0.03839993119911937
someone:0.024213825435857362
to:0.0030290091430567713
value:0.08206269933531138
that:0.003812138741038207
could:0.016583617091495136
me:0.01190756791653346
need:0.021112109796672926
se:0.05546494348268453
89:0.051990248507302085
this:0.005769037784301308
best:0.026760176702872906
on:0.01114305110416022
curious:0.047101893855181265
you:0.006107681202293647
tell:0.026483791798048932
performance:0.041659464105457324
am:0.03591948036706298
them:0.01610834254431034
a:0.0015346199185125222
how:0.02890907686217856
other:0.015157230635515504
as:0.008792463299088116
also:0.01630216628219304
demand:0.05205664756725772
features:0.047534587978640935
far:0.027355802990345075
are:0.01412992047475221
early:0.03849166042629979
model:0.04020825836905
book:0.068345022212828
have:0.011236277212036327
buy:0.033042210167516115
b:0.03363635545620046
neil:0.0613233024777991
usually:0.03623901914490784
heard:0.05939884306417307
get:0.014443670058144202
of:0.008546838925966535
what:0.010114748384578365
year:0.02719517270560057
they:0.010251864005579602
in:0.0039050483932855052
or:0.007410016018715224
and:0.002097787991707637
for:0.007150524459606023
subject:0.00029337315265954173
summer:0.049458968687431014
i:0.008391151966830547
info:0.03236698307024613
than:0.01572089321120287
the:0.006626400087815851
less:0.030207313808750302
can:0.009500725191623224
is:0.00590489289869591
time:0.03471450483304865
le:0.05896443503343766
words:0.036350100346234884
little:0.025772952768114993
models:0.04904618735143488
