some:0.005507249411006387
sho:0.029271293598087958
go:0.01835313445088799
choice:0.017794163559049732
at:0.004155495341766184
out:0.005557439146605943
ultimate:0.02485089350951722
bbs:0.019089823829036137
mustang:0.05439210338316333
shifter:0.03163965182354662
all:0.004500319955878732
take:0.010027118539319356
with:0.013793098509187437
4:0.011718252378201316
decision:0.019833706288619277
to:0.005200751547512569
5.0:0.023926489519129093
look:0.011184756246584483
slightly:0.020422979511113444
most:0.017515051546858847
front:0.016589391176254402
day:0.011996712432843736
enough:0.011472398711968848
tough:0.02260964337392215
civil:0.03936999509000484
that:0.0032726851456082715
quite:0.012529242368440573
like:0.005493580488248458
could:0.0071184394119153645
rob:0.020757937226411505
re:0.001763870296123446
muscle:0.026667196511767015
two:0.008796176569119393
these:0.007814320627825201
on:0.007174653187348443
you:0.005243386692535112
regular:0.019089823829036137
performance:0.017882128460361395
used:0.009313507114796536
m:0.00645667317035883
a:0.007246011973731295
want:0.008927348904302744
price:0.02952966228154682
running:0.014280473643616518
rec.autos:0.029148767718827295
usa:0.01719161172655059
handling:0.022763304555217495
houston:0.023730736071455732
drive:0.013319829003801832
ns1.cc.lehigh.edu:0.025418646727677
da:0.028072075964200027
also:0.006997627979620596
ride:0.01991839404152775
l:0.015589436692232844
are:0.006065201713219108
model:0.05177761572995589
kevin:0.02125265246613073
bonds:0.025759781923807314
d:0.008593604822533185
gas:0.018717781470136804
bang:0.05558355362207174
texas:0.018717781470136804
have:0.004823118991958989
pleasant:0.028370089651094048
try:0.011492404114827324
buck:0.026526380647853426
always:0.01253281178301277
sports:0.022639977762272577
robert:0.015072698249800488
edge:0.022232083432065848
be:0.0054571816711082195
found:0.012615662760646214
writes:0.0062383244435619085
get:0.012399754483878513
of:0.001834345146846591
even:0.007920563432858612
looking:0.012235308233050206
but:0.012552513627366231
conditions:0.021390720307169
comfortable:0.024999083114391647
well:0.007938056179968607
they:0.004400564266545961
in:0.005866782609723742
door:0.019952699510061143
star:0.021654844219218882
clearly:0.017143916869926435
system:0.010543501553030778
or:0.006361428846255522
rather:0.012139073834494639
better:0.02109637614435286
and:0.003601862400856508
for:0.009207986686190774
subject:0.00012592904194348253
v8:0.02581911580214156
feedback:0.026127525043947466
car:0.028855125847956502
i:0.003601862400856508
similar:0.014928105131446703
driving:0.019750512225005564
than:0.006748119255752175
the:0.004977614216908841
when:0.006168275673791207
can:0.0040781414737627985
lx:0.031061338983488444
because:0.008324161787238273
william:0.019205939997127438
put:0.011733298582767827
may:0.008778422299244484
taurus:0.027976780174966447
cars:0.054085996035445845
long:0.011227883231644267
hit:0.01688538745249721
is:0.0012673237117484147
fee:0.023730736071455732
having:0.012343827322737554
match:0.022579502816852472
turbo:0.07030051527339455
91:0.04408128686304604
every:0.011472398711968848
late:0.018179900875618722
diamond:0.02361706837532809
cutting:0.02525690581504195
article:0.003822324907153778
models:0.04210568914132616
hp:0.04080799534015401
torque:0.027527203855134724
trips:0.027196051691581666
range:0.03773166024046862
driven:0.02220425455410741
