at:0.0058342053804929205
out:0.007802497344903707
there:0.01823401958100293
know:0.008171358448068223
help:0.014172799470475476
differences:0.060667684948558245
versions:0.0294067749711838
with:0.0038730289853612407
4:0.016452115921713105
wheel:0.03218207801862713
both:0.01487221246561747
name:0.018292930502187093
to:0.0036508587022273664
gl:0.07909800518692903
1987:0.03370536563850774
that:0.011486908126969432
considering:0.02652562884341121
think:0.00953475514919573
responses:0.02937701080172791
so:0.01353391519715126
this:0.006953409779753894
two:0.03704879667523135
recently:0.021915970626408536
on:0.0033576743393330458
you:0.003680788009329284
tell:0.01596043081869174
regular:0.02680160696526928
am:0.021646839161607492
more:0.016839987096963258
a:0.0036993486777387946
how:0.008711013226682942
other:0.009134489985641793
same:0.012861545367739155
looked:0.024668895393905196
said:0.014513277011016108
standard:0.02015923536729958
oops:0.03668235304183353
course:0.016199680794039863
are:0.008515382537764576
no:0.007455269776043111
reason:0.017696767708665746
it:0.004541131519734728
buy:0.019912855134065998
money:0.020531256733305497
between:0.04614965257045839
equipped:0.03714565495313757
has:0.007051486582030139
love:0.021670314173387075
which:0.017111156722086327
found:0.017712056326205282
get:0.008704463412523988
of:0.007726115982744582
what:0.006095643066202855
but:0.004405849153976227
version:0.10332684131342997
please:0.012684869913279833
talks:0.03170102382233592
miles:0.02658380652258825
one:0.01953597830017793
email:0.018171514297800933
in:0.001176686767513182
and:0.0037926895479217537
subject:0.00017680103901998871
i:0.008849608945150758
valid:0.02843724713659479
20:0.020826704294076955
any:0.006776736862839783
addition:0.026260692852592013
exist:0.024082943548318577
cost:0.021993427843383317
the:0.00748761268201046
less:0.018204407659577995
thank:0.024043008654102745
would:0.012352975445091074
can:0.005725602598925254
peter:0.024383397886264615
instead:0.02031612126877246
cars:0.02531176856404971
is:0.0071171556792228845
assuming:0.02627926934880134
engine:0.02702681470027057
carry:0.02577786655584971
vw:0.07753796497955971
models:0.029557636085964064
difference:0.02123942944923435
inclined:0.03818253614977029
three:0.019327735142201805
s:0.004108849542092836
