train:0.025470830098039646
bottom:0.020580340036004684
at:0.008082247820682854
out:0.01621344631762101
say:0.00870433474434653
there:0.008419990693368325
shifter:0.030768835718311394
traffic:0.02006899202470597
where:0.00847457246896221
your:0.005779505606336067
with:0.005365388777885755
much:0.008014664539265741
ca:0.01886741831277359
both:0.010301394872973569
to:0.00316100724791475
line:0.012953228205532059
important:0.014414538041161572
lock:0.023190865411646732
most:0.008516492953977238
respect:0.018749349490523492
that:0.00795652810629534
think:0.006604348750130988
nt:0.006551179373600354
me:0.004970590277085068
re:0.0017153234072393145
eat:0.02071203776941033
michael:0.013783005512264631
so:0.004687204575160184
prefer:0.018837284885513034
this:0.0024081763228046746
big:0.012732938320493383
you:0.005099073297327724
dont:0.022322782844497516
am:0.007496955764685164
fun:0.01888189291254053
more:0.017496592098450357
a:0.0032029911143265943
intelligence:0.02073435974028727
j:0.014009764493251664
drive:0.025906456411064118
course:0.011220879816055135
far:0.011419165468446797
lose:0.019287824464161867
are:0.011796539111949092
manual:0.07210270452995896
it:0.0031454626581648806
not:0.002765642241174151
have:0.007035558896527333
being:0.008925706100574075
shift:0.04445768925465062
only:0.012234277415314557
transmission:0.02222884462732531
real:0.01173208189907453
referring:0.021786010099606748
manuals:0.04483737013687865
be:0.0026534920052177584
which:0.005926111617052835
stick:0.01938683167364432
converter:0.09887620378472524
writes:0.0060666274405280956
get:0.006029238418766616
if:0.003074084494327566
of:0.005351575749515743
department:0.01590860359033457
available:0.02478040209003881
but:0.00305175790023124
2nd:0.020030444268759277
never:0.010109812985604864
gear:0.02330700214551962
well:0.007719577569510756
they:0.008558895637685722
who:0.005931435202907561
up:0.012325324498645731
now:0.007577588981092864
email:0.012586691096183215
in:0.006520356032825339
fully:0.01925529130677888
5:0.01192143526109029
speed:0.03081160703564937
better:0.010257870969272493
and:0.004378410716637499
gets:0.015308790561434882
4th:0.02334637711658105
for:0.0029848519533217798
subject:0.00012246310500925824
half:0.0173469884568487
gate:0.02811710245787489
i:0.003502728573309999
vela.acs.oakland.edu:0.026525951339333092
6:0.01347866803926236
eliot:0.0547880678129646
improved:0.023590000168479893
will:0.005198648371115984
than:0.019687173608524695
locked:0.025933236974745904
the:0.005532132183405894
when:0.005998506618549247
copied:0.026939488481508768
automatic:0.042262921465055815
can:0.003965899047879419
drivers:0.01803809063523168
wheels:0.02534684536231524
eric:0.018293708625314705
auto:0.02167480087203797
forget:0.017611070345938045
10:0.013258586045395251
is:0.008627102698324072
number:0.011478279121090633
new:0.007908254884786912
right:0.017797005447617427
engine:0.01872040834743512
time:0.007245458577539971
easily:0.01696749893759352
too:0.008956503981029802
designed:0.01802567613248974
advanced:0.02120525035524178
terms:0.017656600803736072
article:0.0074342466084091835
very:0.00799652519166719
bad:0.01257156443461644
majority:0.01891187443079643
smart:0.02275366275199386
hp:0.01984241975255195
says:0.011747829102878754
especially:0.014336218841730926
torque:0.05353914878246387
3rd:0.020246581530121984
