some:0.005212218192559616
cleaning:0.024161980373561244
at:0.0039328795198858525
out:0.010519438384646963
tommy:0.02478857572041358
there:0.008194455228367387
all:0.004259231386813799
50:0.015407068255037636
probe:0.12425076525680755
case:0.011033978157619445
seals:0.054097417576810455
your:0.005624697420452064
with:0.01044334601409906
damage:0.01986371810789585
remove:0.03944777129499669
from:0.003779340421563284
work:0.009040502071385284
dealer:0.01974359555021762
my:0.021210139761837082
to:0.0049221398574672524
hole:0.020834601205121442
slightly:0.019328891323018082
most:0.008288372606995704
think:0.012854893102933529
like:0.010398563067041724
through:0.010577961134039405
nt:0.0031878506773323147
sum:0.02478857572041358
re:0.001669377244545404
so:0.00456165445261125
fixed:0.02024478886214209
had:0.006850037882509531
89:0.06336311536827441
this:0.004687343199744812
93:0.01634381917769822
tail:0.0253759701748275
something:0.008886880880194297
recently:0.014773712341909325
fair:0.018851337217874475
on:0.011317161277662722
you:0.0024812454884317937
fix:0.019419816782055732
them:0.01308802831725215
holes:0.021398412478890606
bill:0.027638516747247474
a:0.0031171967094785606
other:0.0061576249456781725
same:0.008670059600574162
looked:0.016629478591427164
was:0.011858854474572128
coming:0.015520669441024976
drain:0.025972092463329835
definitely:0.018999338143396355
also:0.006622755052140921
cover:0.01751877923324949
estimate:0.025972092463329835
no:0.005025650607957633
it:0.004591813791160339
not:0.005383125076571115
should:0.007333982777828034
have:0.009129475234779515
university:0.010492589739279704
extended:0.02134154182809851
labor:0.02478857572041358
usually:0.014722101527618808
ford:0.02134154182809851
boston:0.03723015299419232
noticed:0.018108049201581808
common:0.015027357319782811
writes:0.005904128491228235
get:0.005867740961121082
po:0.023295212451949827
if:0.002991742945372363
of:0.0026041149852554283
parts:0.01628881701525161
warranty:0.02291772411253883
present:0.01618080483405939
seems:0.01052003164902267
they:0.004164819752266713
up:0.017992772817219435
removed:0.020613186289320674
in:0.003966064774430591
occasions:0.02544627533986384
or:0.0030103190076030593
install:0.019723885647498347
and:0.003408905486524909
complain:0.022721027729529768
known:0.029079720961306767
subject:0.00011918284326793882
i:0.0059655846014185915
we:0.0060167138647945085
back:0.00940337821458722
world.std.com:0.020518197903395298
pay:0.029757518410695384
water:0.14643204338255536
the:0.006056943830269176
when:0.005837832334123821
would:0.008327228983074786
once:0.011977817834486187
friend:0.015505354552200026
myself:0.014878759205347692
problem:0.03777795164367115
just:0.005242806086901276
is:0.005997156850238034
having:0.01168255085901947
new:0.007696426628944405
90:0.017999818792608625
spare:0.06827903938604173
their:0.0067575161543826515
guess:0.013375702066677023
trunk:0.08114612636521569
every:0.01085780592382766
under:0.010836265299578747
article:0.0036175575014133973
probes:0.056666007509415646
mine:0.014576960021428508
while:0.009689029044100546
rubber:0.07492774768488848
s:0.0027698048252500817
