read:0.02289902082725174
help:0.021617098182240377
access:0.03386239260624774
from:0.008551234893234097
name:0.027901338442729812
to:0.002784240727456224
antenna:0.057105511722167754
t:0.052045920303039235
r:0.03131535117908212
me:0.010945340206106513
scott:0.11582051676277293
anyone:0.016898128784256478
this:0.010605705825685234
on:0.005121301265043333
brown:0.046915185568234416
you:0.005614131206148706
amateur:0.09594646872150042
a:0.002821220456255344
mobile:0.06216384796370805
was:0.017888103719219912
also:0.014984819511914814
stolen:0.09916417109879479
internet:0.08656163463983656
taking:0.03441363670860208
it:0.0034631861589896162
being:0.019654585150759074
robert:0.03227688918139095
has:0.010755297716025769
his:0.05589178913652293
without:0.022699095806085808
were:0.015669730277497972
if:0.006769196159226357
of:0.0019640463188458452
offered:0.04674913782739442
plate:0.052224965333930576
lynn:0.06032221607690042
1985:0.053750624499717105
please:0.019347629867729848
find:0.02137824987548879
bob:0.0372121718588798
in:0.001794744463580712
message:0.03280121099555274
and:0.003856539540311009
for:0.00657270430125402
subject:0.0002696662312325081
relay:0.0635126499094103
car:0.12358154908619756
i:0.0019282697701555045
6:0.029680299318779746
world.std.com:0.09285002687597066
ago:0.028900663892572166
any:0.010336235013018256
information:0.04926911685825788
the:0.0022841000302698576
thank:0.03667165966433853
radio:0.1449434489199057
friend:0.035082822421139456
10:0.029195674322183483
about:0.019899316774179224
is:0.0027138649180875143
days:0.030083359843941136
time:0.015954646160643574
mass:0.042544329502016844
massachusetts:0.05665650401943206
ham:0.05894714360897538
e-mail:0.02777470481466936
ht:0.06775359784436247
april:0.03436519052412235
packet:0.11302232647417523
mine:0.032982212573737235
included:0.037805873237383526
s:0.006267033139959782
