since:0.020416547177588583
porsche:0.06279817294292955
matters:0.04852555170702702
v12:0.06387328024556044
4:0.025349688818149786
ca:0.02098518975604409
remember:0.02839412282164522
reserved:0.05816291506254592
been:0.014971840685933052
jeff:0.08603018956796726
think:0.029382612806705205
v:0.03925151340716339
nt:0.007286515833902433
months:0.034650964693671626
12:0.07251805778800073
re:0.0038157194161037807
flat:0.20154390302377972
so:0.010426638748825713
this:0.005356963656851214
two:0.019028463598503177
8:0.03012746206503945
a:0.004275012630142025
other:0.014074571304407252
j:0.03116457815845778
v4:0.05832618385179532
was:0.009035317694912098
180:0.05866077388060134
also:0.015137725833464963
talked:0.05031066853862225
are:0.006560320220420668
no:0.022974402779234893
brian:0.07624647989344445
it:0.00349852479326502
examples:0.08954651606455778
term:0.03977224279504549
bmws:0.07039450431994482
usually:0.033650517777414415
be:0.00590266588915787
writes:0.006747575418546554
order:0.028615478174821345
please:0.019545054662298517
in:0.003626116365193683
firing:0.05585359744953073
opposed:0.045684942729583476
and:0.0038958919845998963
for:0.0033198863562456525
subject:0.00027241792746957445
however:0.024460192899968498
v8:0.05585359744953073
i:0.0077917839691997925
6:0.029983159515910147
back:0.021493435919056503
flames:0.04563737116727928
the:0.0023074071734358764
wrong:0.026973694457447555
magnus.acs.ohio-state.edu:0.09390517117268143
around:0.024155045236261587
regards:0.04213640405113942
twin:0.06072734800418782
consensus:0.05753477329724557
may:0.01899005640244725
come:0.024501976270096003
v6:0.05522738371099713
here:0.03674287562496727
many:0.018910214567123402
about:0.010051185513488485
is:0.01096622966900669
1923:0.06507514795633985
article:0.008268702860373478
vx:0.060521197929519245
s:0.03165491228857236
