rating:0.026438918176285332
at:0.008470817427446454
vehicles:0.02403323709645405
there:0.004412398969120901
bnr.ca:0.04487452567256927
form:0.01641048521385527
all:0.009173729140829723
small:0.02873794134871165
where:0.008882003837662317
way:0.008328715478589151
much:0.008399984949807362
noting:0.028812273080821994
vehicle:0.04231425665383884
such:0.009245275016672109
my:0.009136675589714436
to:0.001987787250131006
dod:0.016814730969675177
then:0.0076725016816144385
important:0.030215089355511756
most:0.01785187946122152
cases:0.017691276915799962
front:0.016908417929643912
enough:0.011693021764122097
that:0.0016678106992042156
motorcycle:0.04465964780053084
protection:0.020336405269870014
through:0.011391650452042438
nt:0.0034330699602040313
me:0.02083824385393355
re:0.0035955817574824093
avoid:0.018590141794341826
best:0.011707577307506895
two:0.00896533381083323
recently:0.015910151752825428
you:0.010688442104013882
dry:0.02485707484643811
great:0.012121397541984024
imho:0.0208157291170964
more:0.006112591470291952
a:0.006042565929143056
how:0.01897158169080468
was:0.008514049366359477
collision:0.05576970321813926
crash:0.02455241324099297
as:0.0076934053867021
driver:0.017691276915799962
given:0.01340282480375616
anywhere:0.020318890888723372
worst:0.02071976400862266
are:0.003090920103852046
reason:0.01284717271157946
it:0.008241717061057018
not:0.0057972116209227395
being:0.009354826586178597
civic:0.029353032616527233
only:0.006411231914756186
safety:0.01986862204397194
accident:0.023362950869291813
able:0.012680121279378218
has:0.015357324142594487
without:0.010803896561550458
be:0.008343191208713529
survive:0.025182356810254526
recommended:0.0471983314364456
virtually:0.02395811537576616
found:0.012858271659889411
writes:0.0031791461106613576
were:0.014916377860310569
listed:0.02182593987722095
if:0.003221877018093314
end:0.013001122127766872
of:0.004674052537637949
safe:0.03993020142497089
reasons:0.017483290749019737
what:0.004425202418253035
passenger:0.026565443697041936
oh:0.015527481654526316
factors:0.02392099015416082
highly:0.02008016208850289
one:0.0094549125747656
in:0.0025626880080936126
or:0.00648376401637582
use:0.007994132344939174
and:0.001835564492744182
few:0.010988593754357148
for:0.0015641772255388174
subject:0.0001283507542885495
guide:0.022603061759703717
car:0.0735250802856584
i:0.0027533467391162732
preferred:0.02455241324099297
will:0.016345750166874295
later:0.015362557831527422
warm:0.025428959187117753
the:0.003623812548024293
do:0.006906903066408622
when:0.025147585439302615
risk:0.041251354015379
would:0.008967785058695924
can:0.004156567271335161
operating:0.022096520819041093
once:0.012899188437138973
an:0.004316817973854504
cars:0.018375370447939937
places:0.018340489818703534
many:0.00890962032489468
definition:0.019590285609265675
is:0.009041867251128112
picture:0.019665998863920193
guaranteed:0.024724134791964503
new:0.008288459446555515
average:0.018651543552416282
carry:0.018713739663140896
keep:0.025475140231980012
primary:0.02212189128587207
define:0.02055171105173046
1993:0.014565652899087199
under:0.011669824168777113
article:0.0038958311553682744
charlie:0.0263768825761127
killed:0.017561466330134067
while:0.01043433897056982
reduce:0.021922580162418485
buying:0.019284701563641905
four:0.03373121299060552
