above:0.01354555238869923
believe:0.01080931283746438
at:0.01753164203889415
fast:0.017322377736059887
there:0.00456606460486143
traffic:0.02176636945963135
defense:0.019523415662924808
much:0.008692521739104135
4:0.012359549772033228
meaning:0.019631574800419365
ca:0.010231585055185677
into:0.008909472154141226
to:0.0013713424478515729
remember:0.01384390067921011
add:0.01709562396244636
slightly:0.02154065500674652
then:0.007939703232715438
80:0.059651666081541925
enough:0.012100241427549235
that:0.001725893658877994
roads:0.09104959688473044
kinds:0.022686053103398232
higher:0.018467034393223343
like:0.005794224196560563
nt:0.007105259221118791
its:0.010287684358378955
account:0.020272534361827164
re:0.0037208010226683634
funded:0.027905442278227728
so:0.005083634812860299
national:0.0161899200248135
on:0.007567295899093879
trucks:0.02835803818969901
you:0.0027651691015359295
speeds:0.04950811892602438
etc:0.011553850683871818
3:0.011649084301679699
a:0.0027791126882515324
same:0.009662155972779167
was:0.017621117096544986
as:0.007961334927532522
said:0.01090300909782802
part:0.012185184638872025
washington:0.01910056385778355
70:0.02140217341971446
are:0.006397128175136572
boyle:0.06148794782478992
no:0.005600725055634377
taking:0.016950000169908483
plan:0.01943066764894829
it:0.001705748406666527
not:0.002999552281472462
rush:0.02540747240858974
texas:0.019742137669995035
have:0.0025435353887942927
amazing:0.02438536308413795
craig:0.02271137185716674
has:0.005297385442221646
be:0.008633750106529423
writes:0.009869587925635259
were:0.04630756111857609
of:0.00290209829202595
america:0.019590739076947573
germany:0.020919133000931775
safe:0.06198120818204436
available:0.013438128496588209
requirements:0.024210779403484865
75:0.023218660049488575
they:0.013924173500115577
clear:0.01640672011038116
in:0.0061878503147335
jersey:0.025451306387107922
speed:0.05012634577441464
tires:0.02615986529278836
or:0.006709566743314282
and:0.0037989792486645755
still:0.020315513256015393
for:0.0032373021185280993
subject:0.0001328206810548174
i:0.0037989792486645755
wider:0.030032029416670217
limits:0.02460328657995085
actually:0.012160766801497934
55:0.02445694884260611
will:0.005638335049270071
the:0.005250020965097882
when:0.006505842999222566
around:0.01177708673210764
would:0.00928009598113807
can:0.00430132334546126
because:0.008779712929823453
lane:0.027359676520733078
road:0.017963444706320945
1975:0.028126595325843814
cars:0.057045926166738904
just:0.005842729171472069
here:0.008957218435937294
mph:0.05446420447814937
army:0.02220499029343569
about:0.0049005780115516
current:0.015732565789705562
number:0.01244907884775004
move:0.0175961448535971
limit:0.04418331363829606
today:0.014125006297504242
cactus.org:0.06148794782478992
new:0.008577112263102224
else:0.012569911568846053
heavy:0.022297553416973172
keep:0.013181167085203588
65:0.02434995279673067
dc:0.022274250684075528
lot:0.012331111384404929
guess:0.014906255039480863
too:0.009714019243106949
designed:0.03910047161077376
article:0.012094520601740313
before:0.010578080931455942
built:0.018370634995396783
everything:0.01537145514389678
s:0.009260242997851019
news:0.015268042368972232
