out:0.017326133810006764
say:0.027905073150993286
there:0.026993499575798455
technology:0.04952452479142563
all:0.014030409274210164
happen:0.04972988567893111
thanks:0.02931450948406122
someone:0.03240379580386794
my:0.013973739137210313
to:0.00202676347072181
t:0.0757727369117777
engineer:0.0655677255842933
that:0.005101538609330541
its:0.030409184647561326
me:0.03187025530601602
scott:0.11241403097563255
exactly:0.04729974490105895
anyone:0.02460168749472634
had:0.022564830671796106
mean:0.03887385377690971
these:0.024362293722043273
you:0.02452054365038479
inc:0.053838463173594135
a:0.004107365076018809
california:0.05852160627827847
science:0.04972988567893111
internet:0.04200785210462656
ve:0.0268402014562858
hope:0.04247737555353008
network:0.05402190691219966
of:0.00571884075193349
what:0.013535913279362223
now:0.02429285879232712
one:0.014460454526112094
in:0.0026129367925660364
gon:0.07030154955138333
point:0.032375528842059714
or:0.009916344966221843
and:0.0028073339300793373
subject:0.0003926023072355632
i:0.0028073339300793373
review:0.06355352183321744
source:0.04587158767205624
the:0.001108460308807431
do:0.01056349880744848
see:0.026020378844282002
can:0.012714205771142843
na:0.06409269807397615
facilities:0.07778269869000724
reports:0.05815033006159047
long:0.03500457713394978
is:0.007902136085019527
gone:0.05778819701298181
wanted:0.044781764552148565
too:0.028713498056830832
waited:0.0820650077276429
already:0.04273215178378458
opinions:0.041994266992941794
give:0.034753474578764806
