round:0.05715172327271739
know:0.016024352281276646
porsche:0.1598498947638207
true:0.10064730359056545
way:0.022498348305799266
v12:0.16258653153415387
4:0.032263240314008824
though:0.03227979482611273
that:0.004505254875772426
think:0.01869802633153968
nt:0.009273747424966734
12:0.09229570991200094
re:0.004856370165950267
flat:0.25651042203026514
you:0.0072181686936197646
a:0.01088185033127061
other:0.017913090751063777
j:0.039664008565309904
v4:0.07423332490228496
180:0.07465916675712898
also:0.019266196515319047
are:0.00834949846235358
brian:0.04852048720491921
it:0.00890533583740187
not:0.007830000111376167
examples:0.05698414658653678
suspect:0.0504168189986722
degree:0.05755135520345445
writes:0.008587823259968343
but:0.008640041847407926
in:0.002307528596032344
and:0.004958407980399869
subject:0.0003467137258703675
v8:0.0710863967539482
i:0.004958407980399869
6:0.0381603848384311
eliot:0.15511426991202967
the:0.003915600051891185
do:0.009328804141642815
magnus.acs.ohio-state.edu:0.11951567240159457
got:0.028729270410786677
v6:0.07028939745035999
about:0.012792417926258072
is:0.01744627447341973
vw:0.07602748514229557
article:0.010523803640475338
vx:0.07702697918302451
bug:0.06441946077837224
while:0.02818626631011068
s:0.024172842111273442
