another:0.025198924208961124
since:0.022736609356860015
out:0.013388376125914318
know:0.014021308246117066
mb:0.05187483799193768
with:0.006645765645335765
c:0.08816242143507817
to:0.006264541636776504
line:0.03208867896370442
t:0.02927583017045957
class:0.22546418589028422
that:0.003942098016300873
bit:0.030966865886996587
smaller:0.051036843966420074
on:0.005761463923173749
more:0.014447943475235522
a:0.0031738730132872617
series:0.08153069001744696
question:0.049613320076070555
also:0.016857921950904166
andrew.cmu.edu:0.046304311440082506
it:0.007792168857726636
only:0.015153820889423712
has:0.012099709930528989
adopted:0.06551776089335584
be:0.013146846753124348
style:0.052168488346300036
what:0.010459569352234447
they:0.010601359369406179
one:0.011173987588359347
in:0.0020190875215283007
bmw:0.1007148716060453
replace:0.04995867080516731
5:0.0295326464422464
or:0.007662630201171424
and:0.004338606982849885
subject:0.0003033745101365716
300:0.047267279945253995
body:0.04033728549630172
any:0.011628264389645537
will:0.051513879313785656
the:0.006852300090809573
do:0.008162703623937463
when:0.014859936850497
come:0.02728629175533419
7:0.03626736964694666
cars:0.13029808135811952
current:0.14373844198776445
is:0.0030530980328484533
new:0.058772712439211824
does:0.01384646379929006
seem:0.03136036994199702
apply:0.09089899967021985
s:0.007050412282454754
