out:0.02404443059347877
know:0.025181125013434728
name:0.11274418391143881
to:0.0028126513471241443
day:0.05190414358699739
guy:0.06910879075405855
he:0.032451698112657856
came:0.06160666800975401
a:0.005700016840189367
other:0.05629828521762901
same:0.039634558174053314
was:0.03614127077964839
as:0.01632886041259221
driver:0.07509766527523248
early:0.07148451222027104
500:0.08509749255815388
if:0.013676539178845086
of:0.007936350431254638
who:0.02638883416803772
called:0.054739887670545585
in:0.003626116365193683
or:0.013761458320471128
and:0.0038958919845998963
subject:0.0005448358549391489
i:0.0077917839691997925
the:0.013844443040615259
around:0.04831009047252317
film:0.10590081739517365
is:0.005483114834503345
blue:0.08156452300945528
history:0.06777566539491593
wanted:0.06214612223563474
s:0.03798589474628684
