some:0.011014498822012775
at:0.008310990683532369
andrew:0.07104638036173581
k:0.03574208543633644
damn:0.04058336657889251
ever:0.024937943932357175
your:0.011886153039445872
ohio:0.09570595807651637
into:0.01689437644323006
from:0.007986530702171467
kids:0.04147512293259173
mechanics:0.055766743111289686
my:0.026892856452744376
to:0.0013001878868781423
hudson:0.15833788190014172
infante:0.1147528356005183
engineer:0.04206231452577306
been:0.013841890445485274
that:0.0032726851456082715
think:0.013582528561590142
me:0.020445069441595184
re:0.010583221776740676
worried:0.047461472142911465
this:0.004952664512937915
you:0.015730160077605335
took:0.03184341204166678
am:0.015418267516050618
state:0.025072767801326567
a:0.001317456722496599
j:0.05762506904771439
was:0.00835340692548477
as:0.007548246794500174
let:0.021746582478800233
oil:0.12684362934372476
columbus:0.054553371622402015
no:0.01062024279417462
brian:0.07049202858073167
crap:0.045844280951063174
hey:0.036359801751237444
place:0.02565497752185307
it:0.0032344851862261504
not:0.005687830269584574
choose:0.03748871216403074
only:0.01258053054971025
university:0.022173019826402393
has:0.010045042206476895
writes:0.012476648887123817
of:0.001834345146846591
department:0.032717694176348455
what:0.008683416066005955
again:0.02303650130290583
in:0.003352447205556424
yes:0.02515892330664046
and:0.001800931200428254
subject:0.00025185808388696507
steven:0.04232560497970774
car:0.028855125847956502
i:0.003601862400856508
we:0.012714565148244998
actually:0.04611913447360537
the:0.0021332632358180745
do:0.006776584140627327
magnus.acs.ohio-state.edu:0.13022698266400162
can:0.008156282947525597
regards:0.03895629808501569
just:0.011079137391187602
about:0.009292605474734638
broken:0.042370210085329874
self:0.040114277566133734
somebody:0.03580875682523354
their:0.014280034137563338
guess:0.02826563455599673
acpub.duke.edu:0.05633867350578435
stealing:0.11080770733903604
engineering:0.0364787688039915
change:0.02803782177274045
changing:0.040400177089674576
leave:0.033331906832967134
meet:0.040473026581126566
by:0.009343730894501566
s:0.005853172460905833
