some:0.011226316107051482
belt:0.0551175628687281
large:0.014394394807151807
at:0.008470817427446454
out:0.005664312976348365
small:0.02873794134871165
with:0.005623340161437955
much:0.008399984949807362
from:0.004070058915529691
prevent:0.019341430154657075
tight:0.024993795689325294
to:0.0026503830001746746
pound:0.02755878143436405
recall:0.018802188534004914
then:0.0076725016816144385
important:0.04532263403326763
might:0.010226370845569452
enough:0.011693021764122097
that:0.0066712427968168625
view:0.016371869003772268
smaller:0.021592510908870034
walks:0.02755878143436405
like:0.0055992262668686215
nt:0.0034330699602040313
seat:0.02384758884583972
me:0.02083824385393355
re:0.0017977908787412046
this:0.005047908061263645
lowest:0.02725342852223748
generation:0.022303335170404986
on:0.002437542429035048
you:0.016032663156020824
numbers:0.016960300004801435
great:0.012121397541984024
glass:0.026255162345418998
why:0.017112717116865447
more:0.012225182940583904
a:0.010070943215238425
how:0.006323860563601559
factor:0.021754713503253927
collision:0.05576970321813926
as:0.0076934053867021
handling:0.023201060412048603
driver:0.017691276915799962
far:0.01196816380827597
are:0.006181840207704092
boyle:0.059418641888378726
no:0.005412239116262067
likely:0.01589619617754677
it:0.0016483434122114037
deleted:0.016891247581722772
civic:0.029353032616527233
buy:0.0144559669482883
safety:0.0993431102198597
accident:0.023362950869291813
after:0.009275065806081497
craig:0.043894093685485726
device:0.01929882108130205
sacrifice:0.026565443697041936
be:0.005562127472475686
common:0.01618330788284303
writes:0.0031791461106613576
whatever:0.01588923355169886
of:0.003739242030110359
what:0.004425202418253035
seems:0.02265852970558729
wearing:0.02414816748517306
well:0.008090711106506466
good:0.0077885089007668235
35:0.021707808816016597
in:0.003416917344124817
point:0.02116861501211597
5:0.012494581187104245
moving:0.02038933452712179
speed:0.016146467148489333
or:0.00972564602456373
dies:0.029021336118993817
use:0.007994132344939174
and:0.001835564492744182
for:0.004692531676616452
subject:0.0001283507542885495
al:0.018317375868856883
car:0.11764012845705345
i:0.001835564492744182
everybody:0.0196053331718086
will:0.005448583388958098
than:0.006877890779901256
the:0.002174287528814576
when:0.01886068907947696
less:0.013215699791328257
would:0.004483892529347962
can:0.004156567271335161
hits:0.023811304203361923
last:0.010481550731055278
an:0.02158408986927252
just:0.011292197725633519
about:0.004735654713085921
head:0.016600287189690786
hit:0.03442021288393663
is:0.010333562572717843
discussion:0.01652823050235669
save:0.01741591457894853
et:0.02187401720094491
cactus.org:0.029709320944189363
itself:0.01616853769516529
assuming:0.019077738806100975
economics:0.028611923578896185
does:0.005858119299699641
dead:0.016496548725053538
every:0.011693021764122097
wall:0.0431395589216252
thousand:0.022410177174177637
article:0.0038958311553682744
very:0.00838097351818965
saved:0.022276991584998136
200:0.019981370414332754
buying:0.019284701563641905
aside:0.021707808816016597
