another:0.02174024833714293
at:0.017273823773616293
there:0.017995666383865634
know:0.01209681495743433
with:0.005733601733230856
v12:0.12273689145225339
4:0.024355583374300774
ca:0.020162241138160012
several:0.05526375239347836
except:0.0316113864608217
name:0.02708071084147305
remember:0.027280627809031687
cylinder:0.055575618947307795
besides:0.03970673327585185
that:0.003401025739553694
nt:0.03500385057462934
re:0.0036660833605702994
nope:0.05353993890046226
two:0.03656449867947669
chen:0.054990136254154644
you:0.005449009700085508
moment:0.041257949013252776
legend:0.057763300822937305
theodore:0.053297854463301764
a:0.0013691216920062696
hard:0.026512092182112836
other:0.0135226273316854
v4:0.056038882524273935
was:0.017361983021595796
are:0.006303052760796329
model:0.07174414728595195
compact:0.0573932976074192
have:0.005012260913212283
try:0.023886173258268556
500:0.04088016799362294
writes:0.006482964617819238
of:0.003812560501288993
4.0:0.05542593784798634
least:0.023604533163789042
now:0.016195239194884747
one:0.04820151508704032
in:0.001741957861710691
bmw:0.08689126177776456
or:0.01322179328829579
and:0.009357779766931125
for:0.003189694734432098
subject:0.0002617348714903755
each:0.024960876444711913
v8:0.10732652058929434
i:0.0018715559533862248
any:0.02006445620174132
platform:0.051254704761566405
the:0.004433841235229724
do:0.007042332538298987
sl:0.0619288223324007
did:0.016116774935715346
leland.stanford.edu:0.049483429969846
joe:0.03901440418551898
v6:0.10612320791524939
cars:0.03747134365854418
3.0:0.045321025269046154
right:0.019018368566571565
does:0.011945968768014953
q45:0.06995147256292963
every:0.023844593401347022
article:0.00794444000310393
very:0.0170906126645436
models:0.04375689263706444
honda:0.04724725374190938
aware:0.04016565894098901
vx:0.05814781761855771
s:0.006082708635843316
