24:0.01888187499416732
uhura.cc.rochester.edu:0.031231498807230782
objective:0.022982501751195587
say:0.009781159661172904
k:0.019529180702328158
posting:0.017006126582248662
printing:0.025048937014498437
with:0.009043722321487846
much:0.009006169430721295
beautiful:0.026461702068086075
4:0.012805512908137522
mary:0.02417427220630543
interior:0.02883817093026636
o:0.05413885026494662
service:0.018776243445764652
mechanical:0.02726403871608501
several:0.014528099856017508
mirrors:0.029063957645000343
ground:0.019984297234006913
to:0.0007104119381911499
misc:0.029632762063396555
that:0.001788168172342664
think:0.007421381585198738
control:0.015719764278046514
tanks:0.025568548865642585
consider:0.01659981483799584
seat:0.025568548865642585
covered:0.023800792416535214
steering:0.028987591223427454
complete:0.019088741496364834
sections:0.028214703866257792
this:0.002706095043151644
these:0.008539360686077024
big:0.014308147184884316
wiring:0.030081274315920423
on:0.002613447552779845
set:0.013656776206834644
timer:0.02998839542157672
glass:0.028149864782717273
3:0.012069412085760926
m:0.00705574593874264
includes:0.019421414285733758
more:0.006553706318663535
a:0.0014396949750993763
air:0.01986669580222252
other:0.007109834988824283
as:0.016497199179732337
developing:0.025414667612293714
cherry:0.030676701569125806
cables:0.027156646515554897
equipment:0.020798752126497882
stuff:0.01506915748800836
deliver:0.06200473202094781
ie:0.021565042199801092
cover:0.020227868805401474
anywhere:0.021785202602342586
panel:0.025414667612293714
others:0.013898599087981422
are:0.0066279523876415
corners:0.029220170786728842
no:0.005802813073105721
doors:0.026602933893798007
model:0.01886057480197706
instrument:0.02726403871608501
deep:0.023452554524724438
it:0.0017672960295874844
not:0.006215567098721287
have:0.002635312438905427
components:0.025084364227321947
interesting:0.0168454874325846
area:0.01653848992092447
campus:0.026699285094891577
between:0.011973535288898997
60:0.020987934429850603
brakes:0.028692960224252464
10.00:0.03271439608791006
manuals:0.07557639193174906
call:0.01369564998968406
1986:0.026279217908029808
which:0.006659238827409885
1/4:0.05753010851010018
tall:0.029141472476776325
end:0.013939347435956232
of:0.0050113552980860475
electrical:0.07325497312299668
piece:0.022215004710275838
but:0.010287884880160983
shop:0.025048937014498437
year:0.012756498537163154
years:0.011493687747321615
negative:0.025452709402487648
well:0.00867457685646054
windows:0.014160861759914956
they:0.009617728087708697
now:0.008515022669475486
good:0.00835056624412113
over:0.010339900786182256
in:0.001831749504066912
37:0.026797471666905468
suspension:0.02876505425505009
our:0.011493687747321615
5:0.013396251994421045
system:0.02304352916744871
or:0.010427496768604412
and:0.007872111638985357
for:0.006708223977568536
subject:0.00013761317985576442
cape:0.030470488504106736
car:0.015766202782904068
i:0.0009840139548731696
6:0.015146132126593785
rochester:0.05767634186053272
we:0.0069471335346080925
house:0.017720989404588616
solar:0.02537690451903561
body:0.054891976139297194
any:0.005274676630354676
information:0.012571243734452396
will:0.017525340385102336
the:0.001554129917503202
around:0.01220203316058575
genuine:0.0303703952780392
wheels:0.028482537572086197
simple:0.017006126582248662
ny:0.021655635729808862
10:0.014898823494310126
just:0.006053549296215907
long:0.024539291186686442
south:0.022276492188962816
paul:0.033763118465041826
is:0.00138491044789002
solid:0.02322454805577173
issue:0.016141030966313676
seats:0.02876505425505009
applies:0.024544824935755515
engine:0.021036335153303384
items:0.023884609534430987
2:0.010043348206677365
sale:0.016365320381977473
x:0.015696700977041764
too:0.010064525092085034
masks:0.030676701569125806
e-mail:0.014173689570372508
very:0.008985786040120862
little:0.012089374752053938
built:0.019033492959148215
plenty:0.024027406454788392
