choice:0.02619696301748988
out:0.008181785410280971
there:0.006373465177619079
uiuc.edu:0.03980712873852584
thanx:0.03369908205376595
help:0.014861755000290256
small:0.02075517986295841
your:0.008749529320703211
900:0.038189548476856586
c:0.01795901177381222
mentioned:0.024410858463832206
prejudice:0.03895134651335953
my:0.013197420296254184
to:0.004785413750315385
mail:0.02127996878358233
next:0.01859986127603594
she:0.023021822811795017
that:0.0024090598988505334
think:0.019996500382341045
uxa.cso.uiuc.edu:0.030962537081471835
like:0.008087771274365786
supreme:0.03616924593257915
its:0.014359892750237292
me:0.007524921391698226
re:0.0025968090470706285
wait:0.025495831979931372
so:0.0070959069262841665
anyone:0.011617463539176327
93:0.025423718720863898
on:0.003520894619717291
you:0.003859715204227235
a:0.004848972659188872
price:0.021737112512805298
quick:0.05637882250265688
test:0.024832637874858822
immediately:0.02932430233891585
wife:0.08418712556549937
definitely:0.02955452600083877
also:0.010302063414441433
stuff:0.020301503838011263
mind:0.021039276409792616
are:0.008929324744461465
those:0.012888303154774723
reasonable:0.025960466459069773
it:0.002380940484305361
have:0.0035503514801920335
1981:0.038099941498829455
keith:0.02736435464666435
university:0.01632180626110176
anger:0.037183778005478424
cka52397:0.042075769226408134
has:0.01478853435953543
be:0.0040170920634546615
writes:0.004592099937621961
get:0.009127597050632793
dec:0.03444651722176848
if:0.0046538223594681195
of:0.0027005636884130367
but:0.00924004475347792
good:0.011250068412218744
one:0.006828547970664045
in:0.004935547274846957
nissan:0.0404010327207353
and:0.0026513709339638183
for:0.006778101310668208
subject:0.00018539553397234928
car:0.042481157498380405
i:0.003977056400945728
we:0.01871866535713847
marks:0.039473731383065
stupid:0.026817265217128836
body:0.02465056335885105
any:0.00710616157145005
informed:0.035464596903656505
uiuc:0.041767076430777345
the:0.0036640771318912297
judge:0.030294871383187788
got:0.015362179316878985
would:0.0064767336535026115
can:0.006003930503039676
her:0.022961172256456445
may:0.012923788384998825
come:0.016674956072704226
wants:0.048896321702690954
south:0.030011385310130458
is:0.005597346393555498
ignorance:0.03351264281740353
convertible:0.21368822737524643
recent:0.026375660336701533
new:0.02394443840116037
right:0.013471344401321524
illinois:0.033466804733852475
slow:0.028517556285012784
too:0.013559151860170114
nice:0.021942635116352485
opinions:0.01983062608000029
live:0.021504779680192074
understand:0.02080664765927537
by:0.006878024130674764
high:0.01942585990028834
range:0.05554938868735657
s:0.00430858528372235
