some:0.0051433342516887855
mark:0.013231823631243131
fast:0.015338316849991356
say:0.00835922896153103
know:0.005435573240785471
all:0.008405883970451906
true:0.011380091595409017
anyway:0.02685915261360823
own:0.009984540244704826
with:0.0025763320563416186
though:0.010949533927800351
previous:0.015300437972215006
into:0.007889003977895976
companies:0.017518204165584743
from:0.007458786382644719
sell:0.015330714973482679
to:0.0012142723877452254
remember:0.012258255667494415
hardly:0.0192362856854164
design:0.01657782910760107
look:0.02089135087467763
most:0.0163576692860532
us:0.027223035940770874
been:0.006463614040623081
make:0.007753658516959048
that:0.007641071044812265
think:0.025370009295657362
quite:0.01170131886391807
like:0.010261137123424434
really:0.00859645701846223
nt:0.012582881968677332
could:0.006648057952978227
french:0.02202164456415173
re:0.0016473149902122052
so:0.004501368270418151
had:0.006759508747498393
this:0.006938093899181749
mean:0.011645031087356214
something:0.00876943311525781
you:0.009793814791343117
tell:0.010616850456486577
them:0.0064575293900098725
state:0.011707988488725183
8:0.013006569525876064
more:0.005600964871456943
a:0.0036912003326336432
how:0.005794550648586451
other:0.006076246642431326
series:0.031606611108085166
as:0.0035247319833348833
dogs:0.022901803979646085
part:0.010789524724287566
immediately:0.01860220060266028
also:0.006535229654976064
manufacturers:0.02223484518468851
perry:0.021437738590750918
far:0.010966423225204414
are:0.01132883491808327
reason:0.01177185869607281
it:0.004531129027400511
not:0.005311982454413788
have:0.009008821377051153
thou:0.024709224219928518
japanese:0.022056469143478218
buy:0.01324599614644919
real:0.01126693327752532
heard:0.011905935504052311
ford:0.02105949501979765
which:0.005691155649856907
writes:0.0029130501806941076
of:0.0017131329124734683
america:0.017346865878706885
seen:0.011420550178953097
looking:0.011426807689016053
what:0.008109622052833755
but:0.0029307630936141423
aim:0.02612809426032109
easy:0.014597716142109286
they:0.020548890407659552
now:0.007277155937789622
good:0.0142732145494229
one:0.004331766113548998
in:0.003913649821464548
government:0.01185733453134933
or:0.008911605167882185
use:0.00732501994602356
and:0.00336385387216555
for:0.0014332549026963614
subject:0.00011760773961241542
however:0.010559907066946754
car:0.04042259920550735
i:0.005886744276289712
vnet.ibm.com:0.04822601365686354
any:0.004507873419774482
than:0.006302208291715688
em:0.020949357124619598
the:0.00199229870481688
do:0.022150772829715757
thing:0.02991981191795097
strong:0.015905957647447184
essentially:0.019827163658837986
can:0.003808660759637504
joint:0.023948815661924142
7:0.014059597043750247
cars:0.03367468769314103
just:0.005173517900730775
makes:0.012303867322695923
here:0.015862563045140055
people:0.006631159207370562
many:0.008163881178758122
about:0.008678556654818252
n:0.01612782156742027
execution:0.026691236866091508
is:0.009468638833151152
done:0.011668121371897352
unlike:0.020317144430248665
ad:0.01907344342007071
9:0.015686491875000118
does:0.005367792133645486
life:0.012292420058540574
their:0.02000462932046318
unless:0.0135597419636145
too:0.00860140029896254
nice:0.013919557078214795
agencies:0.020412397575681113
article:0.0035697483714387714
very:0.015358964685316718
little:0.010331888554618786
advertising:0.023739000468138878
owns:0.02490504696253131
bad:0.012073132364521516
close:0.0153079877364341
ads:0.024341904356760893
while:0.009560980202108028
plenty:0.020534435472374223
s:0.00546639895027329
