seemed:0.0639254984292984
round:0.06667701048483696
know:0.018695077661489423
porsche:0.09324577194556206
corner:0.0742645148471474
floor:0.07448252602066406
from:0.012826852339851145
turn:0.051840577798704775
pointing:0.07751079672437412
track:0.06893629663328092
next:0.04058151551135114
quite:0.04024544518347578
re:0.005665765193608644
best:0.036896607272142945
on:0.007681951897564999
you:0.016842393618446118
a:0.012695492053149047
other:0.020898605876241073
was:0.040248233368244804
are:0.009741081539412508
those:0.028119934155872123
manual:0.05953935449822368
gas:0.060123782904075794
it:0.010389558476968848
not:0.009135000129938863
shift:0.07342254740540784
call:0.04025691057573799
without:0.03404864370912871
if:0.010153794238839534
years:0.03378447610576354
street:0.0604246739442213
they:0.014135145825874905
in:0.002692116695371068
and:0.00867721396569977
few:0.034630719710701315
subject:0.00040449934684876206
i:0.00867721396569977
back:0.03191449575859905
the:0.005710250075674644
thing:0.03430200659280237
drivers:0.05958035997697736
auto:0.07159252409248906
during:0.04436923499700713
guys:0.058858722871079565
turbo:0.07527125877757396
wanted:0.046138787720395494
change:0.04503044102894678
wont:0.09048332411535064
going:0.0329972073340861
