some:0.01242060505461015
configuration:0.1009198718020603
confusing:0.055511995630178314
where:0.01965379572589108
with:0.01866470351456002
c:0.027511677610946382
ca:0.02187817655417363
from:0.009006087813086974
my:0.020217324709155347
front:0.037414371588999296
nt:0.0151931606749455
re:0.0039780904550869205
had:0.03264698905706671
this:0.005584919557142755
ti:0.040304904853741094
uncle:0.06398360644714828
brain:0.046908280840072265
used:0.021004930939753887
am:0.01738655698618474
sure:0.023213234257012803
a:0.007428213435353165
was:0.01883959859790182
steve:0.06823731589009333
rear:0.050395265198089914
drive:0.030040465412829665
it:0.0072947963774462115
have:0.0054388363100814135
engines:0.05293155268154734
ve:0.019416315947100363
robert:0.03399374498891174
ford:0.050856440101000704
writes:0.021104118862262627
were:0.016503226568854244
lawrence:0.05045993590103015
what:0.009791937265921608
iron:0.05745158665990124
manufactured:0.06115697702445672
called:0.02853462229634823
in:0.013231467162355673
70s:0.0668909823514002
or:0.007173526145777503
use:0.01768914391220583
and:0.0020308373111212227
subject:0.0002840101797023223
v8:0.05823034627717034
car:0.032538758934929676
i:0.006092511933363668
the:0.005613054329705713
do:0.007641679988366986
thing:0.048168775215424606
did:0.017488415355776228
wam.umd.edu:0.11756621891456855
v6:0.057577485145507645
an:0.009552107857039752
sgi.com:0.0660161089659005
just:0.012493495356020063
is:0.002858219435007063
engine:0.04341541510362613
smith:0.08378167137162686
article:0.01724112511311917
s:0.006600385966553386
