another:0.016186170294807144
taken:0.02405022846539168
read:0.016547467605094318
out:0.008599832840003357
there:0.013398233366089743
behind:0.025749944532837212
your:0.00919658556336688
with:0.008537625938533537
much:0.012753261821605338
into:0.026143122671275713
wheel:0.03547075752418027
work:0.014781550832046013
to:0.0040239391535498705
remember:0.020311124354169575
most:0.013551791707788597
that:0.005064301101233238
jeff:0.06153984363256053
think:0.010509109689989454
like:0.008501015062107103
nt:0.010424504404707132
its:0.030187219796119272
attention:0.030983054332282173
re:0.002729492721008544
this:0.007663977202502467
best:0.017775007882930176
you:0.00811385385998134
more:0.009280430845406758
a:0.0030580382317804272
owner:0.03271392873585115
peoples:0.039861852320052196
drive:0.02061170619566415
manufacturers:0.036841677787768555
manual:0.08604957803392912
pushing:0.03853103803688465
gas:0.02896474212897082
reason:0.03901039305121938
it:0.005005188755328058
not:0.004400802982306313
shift:0.03537144619530597
second:0.02007077209235231
develop:0.032887316224961424
has:0.007772076451726649
manuals:0.035673528065107825
converter:0.07866792855865
writes:0.00482673278115009
down:0.017258142897468305
advantage:0.031119493259378177
gear:0.037087054508929025
find:0.01544851633338241
one:0.007177451881573886
in:0.0025938642612334376
recommend:0.03202758603768855
and:0.002786842441538612
gets:0.024359973302137256
still:0.014902986001675526
for:0.0071244276550089195
subject:0.00019486829848188537
drunk:0.04359050650812512
car:0.04465172758953853
i:0.002786842441538612
license:0.034148280500711815
we:0.009837546757036277
pay:0.02432731432115243
driving:0.030562836435775034
than:0.010442345125689497
the:0.004951662109417137
do:0.010486392976737178
when:0.009545068925866686
stupidity:0.07534261569922354
automatic:0.033625244085336375
start:0.041132293253759306
can:0.006310700674727834
peter:0.0537502639536636
because:0.012881184663463606
operating:0.03354800241139085
push:0.03503412617227581
auto:0.03448982912484874
may:0.013584127937517013
an:0.013108002022799076
problem:0.015442082423690396
shifting:0.042465319064130536
just:0.00857217929537143
record:0.028150718228004343
people:0.010987395183015456
lazy:0.04422562604819541
is:0.005883342194686071
today:0.020723549385389436
easier:0.03048666944823796
does:0.008894078936770257
primary:0.033586521076360516
goes:0.023525745956136324
attempting:0.03648841836541928
article:0.005914838542456942
before:0.015519666184106893
by:0.0072294560205632555
range:0.0291938393101436
s:0.004528731977051228
