believe:0.014293893949541713
there:0.006038019641954917
technology:0.02215570845932199
all:0.0062767620437255995
where:0.01215432104101159
with:0.0038475485315101797
from:0.005569554305461681
florida:0.03359803917188511
work:0.013322845157830944
longer:0.02233033558140905
entity:0.036441021771821465
to:0.0009067099737439676
legal:0.02486391574890411
that:0.002282267272595242
problems:0.018046534446656402
cold:0.029066778848944933
re:0.0024601348866984903
patents:0.04016730779103726
used:0.02597978300443244
went:0.02146356095550055
a:0.004593763571863142
how:0.008653703929138975
air:0.12678088768523582
demonstrated:0.034014944526704775
was:0.029127010990177157
as:0.005263908948796174
worked:0.05058110316545197
coming:0.022872565492036808
operation:0.028327408786200634
odd:0.03197035382113616
solved:0.03576566549511039
503:0.039153158581647404
l:0.021743161702324754
product:0.026255907386490515
are:0.008459360284226652
it:0.013533766963419945
only:0.008773264725455832
heat:0.03006645292077162
buy:0.019781849508183985
completely:0.023664431822628094
hm:0.03508053221055383
allen:0.029302820215161396
heck:0.032583889962495255
convex.com:0.07075253005087433
without:0.01478427950527957
which:0.025497874983898376
writes:0.0043504104672208044
get:0.008647197205862647
were:0.020411885493056565
of:0.0025584287574439294
short:0.02278274911592939
effectively:0.03219960863251885
what:0.006055540151293626
but:0.008753726608558028
years:0.029339150302373596
using:0.014502766964769214
well:0.022142998817807166
they:0.006137629108603576
up:0.008838555068107793
called:0.017646411156952195
in:0.00233789081440119
system:0.014705410060806084
better:0.014711946521719756
and:0.006279562738335359
still:0.026864593187230883
for:0.002140453045474171
subject:0.00017563787428959404
al:0.050131765535818835
i:0.0025118250953341434
ago:0.018823458719504235
alan:0.05790371963156893
tobias:0.08350780054019148
actually:0.016081013994086082
pretty:0.018934342479734384
noise:0.030134277721158863
stood:0.03584638978847759
than:0.009411850540917506
the:0.005950681657808312
less:0.018084641819712352
seal:0.03888996559076781
older:0.029066778848944933
auto:0.03108622756647551
an:0.011814449191601798
about:0.006480369607380733
company:0.04429115841620197
unit:0.028224610642101418
is:0.003535166143298209
efficient:0.034014944526704775
today:0.018678462274989163
mostly:0.02684900670882142
days:0.01959376726677745
time:0.010391512959892853
dead:0.022574224571125893
article:0.005331137370503954
very:0.011468700603838469
by:0.006516022860639251
high:0.0184034462213258
s:0.01224545291163194
