since:0.014820900914101343
looks:0.025356336847214004
mark:0.022249066402164373
mustang:0.08541574753504168
know:0.009139815745617052
all:0.007067169115898454
anyway:0.022581583864033587
with:0.008664109285771071
surprise:0.03604716044518858
my:0.007038624158002232
to:0.0010208882667339487
5.0:0.07514690041563508
then:0.011821335924265208
that:0.0025696638921072355
think:0.010664800203915224
provide:0.025014486505803065
really:0.014454783282895747
nt:0.01057894150699909
could:0.011178586335748574
me:0.016053165635622885
anything:0.017194378891254844
re:0.0027699296502086707
anyone:0.01239196110845475
telling:0.03180758753796899
bastard:0.04350228510347341
two:0.013813255056691197
on:0.003755620927698444
impressive:0.03894913276926267
a:0.004137790002507837
how:0.009743429609104626
as:0.023707086228652398
it:0.005079339699851437
not:0.004466000063525666
ve:0.013519508881684699
stay:0.02924961161671246
350:0.041029891180124914
400:0.034006125736847435
32:0.03172162052967041
loves:0.04210531347526934
exciting:0.04123284654448132
soldier:0.044083556328965975
his:0.013662437344483384
ford:0.07082230177028247
without:0.016646003591129593
be:0.008569796402036612
which:0.009569572833463096
if:0.004964077183432661
of:0.0014403006338202864
offered:0.03428270107342257
even:0.01243821813160019
unfortunate:0.04154810294758351
seen:0.01920344363423965
looking:0.019213965521530697
formula:0.04471435490926454
but:0.004928023868521558
years:0.016516854985039953
ok:0.02417666067045135
version:0.023114597093819148
nearly:0.03177882087110678
must:0.017166373536885163
who:0.009578169438769248
up:0.019903116597813107
called:0.01986855182116099
george:0.05899724709711359
in:0.0026322918799183775
valve:0.042583376594806904
and:0.00424219349434211
still:0.015123770979478127
for:0.009639966308505896
subject:0.00019775523623717257
car:0.022656617332469552
i:0.00424219349434211
imo:0.03917943341422587
we:0.009983288190473852
back:0.015602642370870648
will:0.01678970881338199
2000:0.032041833378195
the:0.007816697881367957
do:0.005320873473381457
would:0.006908515897069452
can:0.006404192536575655
home:0.021698985569343323
agree:0.022344853177514366
friend:0.0257274031088356
about:0.007296416150532382
current:0.04684808479601212
is:0.0019901676065975107
new:0.0383111014418566
1994:0.04234048901834031
engine:0.030229992738821158
1970:0.04234048901834031
sold:0.03041872670401364
needed:0.024709797704711267
built:0.027351834326479658
