configuration:0.0385628778430637
andrew:0.03061348096887804
k:0.030802122408550108
porsche:0.050034316653716236
matters:0.03866263469340365
v12:0.05089090621190995
4:0.020197313042103083
ohio:0.041239152667116814
ca:0.016719907285303426
mechanics:0.04805914446989193
to:0.001120487122025066
remember:0.022622959646514083
reserved:0.04634118435877643
then:0.01297463699004718
engineer:0.03624882390025971
that:0.002820362808410381
think:0.02341053703298464
uxa.cso.uiuc.edu:0.03624882390025971
v:0.031273563527658636
nt:0.005805516680670232
months:0.027608085690892847
could:0.012269180124602094
12:0.057778615148163195
re:0.0030401666892534195
flat:0.20072461886514648
this:0.008536299810917383
am:0.013287287452856632
them:0.01191755424009952
state:0.02160742591008631
8:0.024003994165641192
a:0.006812215248031195
how:0.010694008107553858
j:0.024830314305112705
v4:0.046471268434763756
was:0.007198871008954355
as:0.006504993172496086
180:0.09347570472030785
also:0.012060952290077778
talked:0.040084922900690906
columbus:0.04701347473150093
brian:0.060749227882581774
it:0.005574885036422309
examples:0.03567300233466123
choose:0.032307345442172834
term:0.031688453609060634
ve:0.014838485357946622
university:0.019108456110558163
referred:0.03967687619724493
cka52397:0.04925943714311197
degree:0.03602808415175604
usually:0.026810981643793606
be:0.004702937049898141
writes:0.010752234000285568
of:0.0015808177688271436
department:0.02819573644465802
seen:0.021076950330263033
what:0.007483269130053913
order:0.022799324074247906
spencer:0.037851338184392506
in:0.0014445504219064269
po.cwru.edu:0.038763630790952894
firing:0.044501240244341565
opposed:0.036399385264220985
and:0.0031040440202503242
for:0.002645112706602228
known:0.02647909550948259
subject:0.00021704843001640894
however:0.019488608977210678
v8:0.044501240244341565
i:0.009312132060750973
6:0.023889021402920284
back:0.01712485138266291
uiuc:0.04889804069944666
the:0.0018384219755830562
wrong:0.021491236234389113
magnus.acs.ohio-state.edu:0.07481875426766489
can:0.007028991808436694
regards:0.03357209428464768
consensus:0.045840713683984284
v6:0.04400230572095707
here:0.014637405736775579
many:0.01506667502096011
about:0.008008261628633103
is:0.015290312099468677
engine:0.03317926032309639
engineering:0.0314369877497813
vx:0.048220141439779575
s:0.02522098702666741
