looks:0.03140463737957698
out:0.01080896421174734
correct:0.0300203434879032
there:0.008419990693368325
technology:0.03089603381483434
storage:0.04608090676069721
much:0.016029329078531482
except:0.029581297422053336
to:0.0025288057983318
most:0.017032985907954476
formerly:0.05045224752905825
that:0.006365222485036272
like:0.010684762050538288
nt:0.006551179373600354
re:0.003430646814478629
national:0.029854806651261594
voice:0.03327058992143274
this:0.009632705291218699
big:0.025465876640986766
on:0.004651457112287064
you:0.005099073297327724
came:0.027694740664935293
73:0.05010159420043258
why:0.016327730093156023
a:0.005124785782922551
was:0.008123496643131979
canadian:0.04451988821781924
also:0.013610065428252903
science:0.031024148863920326
ontario:0.043572020199213496
display:0.033817627678307136
are:0.005898269555974546
museum:0.1067476827850621
it:0.015727313290824402
have:0.014071117793054666
has:0.009768573154922487
anybody:0.027886193990024725
be:0.005306984010435517
if:0.006148168988655132
of:0.005351575749515743
produced:0.042117678664902784
what:0.008444422963271846
they:0.02567668691305717
exceptions:0.053051902678666184
ottawa:0.09503965703502691
one:0.00902120098876718
in:0.004890267024619004
and:0.005254092859964999
green:0.03860835595735581
for:0.0029848519533217798
subject:0.0002449262100185165
car:0.05612189614464935
room:0.03658741725062941
the:0.0034575826146286837
canada:0.06826802922947976
fan:0.03669317417880435
law:0.05517139679346727
because:0.016190112833894623
put:0.022820727518777794
just:0.010774207004274184
here:0.016517439501132075
paul:0.030046077900083096
is:0.002464886485235449
deal:0.030241421942756964
stays:0.05498121835606399
guys:0.03563922669258029
time:0.014490917155079943
does:0.01117879646181216
nice:0.028988435383071175
every:0.022313289237957765
mike:0.05863141337537071
freenet.carleton.ca:0.05094166019607929
sometimes:0.032151434168053675
pt:0.056931323328391265
s:0.02846037985578066
