all:0.010841679893707854
fluid:0.20503837520563423
with:0.01329153129067153
though:0.028244820472848632
to:0.001566135409194126
stop:0.03777219448387088
cylinder:0.06441719468892496
been:0.016673186218425447
jeff:0.0958063474734181
really:0.022174951627169613
86:0.05432392465334166
hot:0.04754111575865241
re:0.004249323895206484
articles:0.047862370689768945
master:0.05403981894646192
this:0.011931419053895886
hi:0.03580700750016369
these:0.01882540878521526
you:0.018947692820751882
am:0.037144008106849216
seeing:0.04554874619839122
wondering:0.040896971612014735
want:0.021506795087638426
also:0.016857921950904166
steam:0.14424074638760348
brake:0.24823062581123415
it:0.003896084428863318
should:0.018668319798107725
have:0.017428998175488163
only:0.015153820889423712
ve:0.0207401556707663
toyota:0.06046945256218174
writes:0.0075143453524723
if:0.015230691358259302
of:0.0022095521087015756
years:0.025338357079322655
lines:0.040149796866983146
over:0.022794781278629068
in:0.0040381750430566014
better:0.0254115439920614
and:0.00867721396569977
gets:0.03792404934537278
seriously:0.044056291629515236
subject:0.0003033745101365716
i:0.00867721396569977
becomes:0.04892916063071019
water:0.0931840276070807
necessary:0.0819267222154892
the:0.0034261500454047865
when:0.014859936850497
an:0.010203387938201554
about:0.011193365685475814
is:0.0030530980328484533
done:0.030098449447962482
time:0.01794897693072402
2:0.022141017637447826
every:0.02763805144247041
changing:0.09732769935239785
article:0.00920832818541592
luck:0.046849870749018425
