rough:0.036332380296394934
at:0.0059524663003677775
radar:0.03444708293349853
existing:0.029254538218621964
allows:0.02792346881855516
where:0.012482816204282175
your:0.0085130555552788
with:0.003951536329659104
much:0.011805384253783321
4:0.01678560475796405
ca:0.013895598622245414
contract:0.034330584241373495
generate:0.031687897351508475
manufacturing:0.037517844333598935
options:0.09172257585155709
to:0.006518509540970146
add:0.023217705516565667
w:0.020907708479928067
track:0.03074186201213879
make:0.01189243569830881
that:0.009375800687418293
like:0.01573836572309018
really:0.013185106372911662
parr:0.08385830057830605
re:0.0025266250187714226
charles:0.02781251793874213
on:0.010277205917012634
you:0.015021594308343834
fitting:0.040492924329803885
great:0.051106432879716425
size:0.02433025092612073
3:0.015820715842146078
a:0.005661503212890791
how:0.01777517563823141
was:0.005982845500685038
running:0.02045581359761285
lets:0.03130820438972711
acs.ucalgary.ca:0.08218784171388474
gk:0.04503409846062897
d:0.012309758259304294
gas:0.05362391448201355
it:0.002316590741486297
should:0.011100082042118107
fuel:0.06521379142846094
have:0.006908792069562877
plug:0.03204887820741104
systems:0.020273088650558182
left:0.019759494483111904
second:0.01857902551792072
mileage:0.03617881103235739
feel:0.020582950569230932
free:0.019510187798140108
list:0.019673166195416078
be:0.01563408803074247
writes:0.004467989128497043
get:0.00888090523845353
things:0.015099499514461146
of:0.003941363220927135
dr:0.026478679764233116
detectors:0.03761104245611472
ok:0.02205303507101981
san:0.02728355022705773
they:0.006303510976403674
good:0.010946012509185806
in:0.003601615578942375
accurate:0.03021934036752277
5:0.017559951938632995
or:0.00911231699598764
and:0.005159424520145809
for:0.004396606255568568
subject:0.0001803848438649885
car:0.020666509053266145
i:0.0025797122600729047
power:0.01825577892007123
the:0.002037170297267711
would:0.018905060394007623
can:0.011683324222131263
makes:0.018871472177378206
here:0.012164870983941867
about:0.006655514731904538
current:0.021366525160343364
is:0.0018153555870990806
right:0.01310725401209662
engine:0.055149311077579144
keep:0.017901449892742713
spare:0.03444708293349853
2:0.01316492940605006
told:0.020947430856277906
1:0.013233269540031815
engineering:0.026126685765020943
trunk:0.040938586274343054
article:0.005475222164301358
useful:0.025907346061340798
little:0.01584688312093557
full:0.020876097864346306
built:0.02494930833834293
619:0.04288238406117941
diego:0.03506175711056425
