know:0.03629044487230299
tony:0.13596307580713846
so:0.030053252864262355
anyone:0.04920337498945268
couldnt:0.2164174633156774
tell:0.07088308981242508
used:0.05807245612755487
was:0.05208594906478739
it:0.030251949682938706
kind:0.0810449028518547
of:0.01715652225580047
what:0.05414365311744889
they:0.027438812485521873
up:0.0395135403044819
called:0.07888983811343335
in:0.005225873585132073
subject:0.0007852046144711264
car:0.08996009823186439
i:0.005614667860158675
the:0.006650761852844586
road:0.10619565841089736
mad:0.15465096834854297
last:0.12824485600349986
max:0.14004988345695793
does:0.03583790630404486
