school:0.027342289291700038
read:0.017045135803743772
believe:0.016335878799476244
choice:0.028363629131718367
at:0.006623797086123541
know:0.009277256583897006
all:0.007173442335686399
i.e:0.02597397742086769
with:0.004397198321725919
from:0.012730409841055272
to:0.006217439819958635
look:0.017828333265232407
ii:0.027604509812858027
began:0.033697806291816595
that:0.007824916363183687
think:0.010825173139312444
bit:0.020489354872599244
like:0.008756684688035136
talking:0.024508956243325324
need:0.028890255511236633
generation:0.03488040387552058
on:0.0076241928607412015
m:0.030875519822167036
a:0.00630001861284088
how:0.0098899473475874
bigger:0.03504749512954096
price:0.023534918810856863
also:0.011154113772026814
ride:0.0317496205774728
based:0.022713556480455206
college:0.030973799252395882
book:0.023381191809651678
not:0.004533157959217781
should:0.012351970994236688
have:0.003843989572538743
ve:0.013722809767123565
area:0.02412381236585975
kind:0.020718245841827517
second:0.020674404335731325
referring:0.035709400012889254
selling:0.03135170778458301
anybody:0.04570819766786007
be:0.01739733104172846
of:0.004385877869903879
even:0.01262525900575959
looking:0.01950289733388454
what:0.020761851947292433
1978:0.04335009743319784
removed:0.03471694532938219
now:0.01242040900660334
george:0.059884423745190485
one:0.0073933150960573115
in:0.006679688041146258
or:0.005070010960173573
better:0.033627306335359444
and:0.0043059858777156745
for:0.002446232051970481
subject:0.00020072899918810748
i:0.012917957633147025
any:0.007693889220216596
information:0.018337002138975676
unfortunately:0.027683406622751552
than:0.010756400618191437
the:0.0051005842781214105
got:0.01663273550098176
would:0.01402480670833648
can:0.01300099236748441
junk:0.039534834013913236
about:0.00740613669414941
interested:0.0216321519956009
is:0.002020094939027548
done:0.019914763544516528
right:0.014585515742784206
production:0.036087784102269066
carry:0.029266600375438392
does:0.00916157003261297
lot:0.018635739761393915
blue:0.030050087424536156
easily:0.027811389236055542
models:0.03355791766150807
range:0.030071849514959947
s:0.004664934442526453
