some:0.005956820791496704
go:0.009925674754051669
at:0.004494719451298117
there:0.004682545844781364
know:0.012590562506717364
happen:0.01725322564371079
allows:0.021085068291562058
with:0.008951439440656336
into:0.018273509214105983
service:0.018584649124889503
from:0.004319246196072324
my:0.019392127782251044
to:0.003515814183905181
stop:0.016958944462146106
gm:0.025117956513739326
otherwise:0.018129514447000183
band:0.025424938766119187
motor:0.025709588560141713
appreciate:0.019587823139869866
enough:0.01240892105580304
perhaps:0.014737048661428801
that:0.0035398431166783345
technical:0.01957524103530255
hot:0.04268998149756542
its:0.010550125285888622
so:0.005213319374412857
this:0.005356963656851214
reset:0.028400174915841722
off:0.01114008902018546
fingers:0.02900110877123143
getting:0.027675526247190673
age:0.021034635846498066
on:0.005173559441217244
vacuum:0.029867940591616113
you:0.005671418259272671
used:0.010073793409881966
speeds:0.025385540571762497
m:0.006983748531204449
seconds:0.02361308492302065
a:0.0028500084200946837
beer:0.02720531069389889
want:0.009656112080164191
hearing:0.023136901556733813
as:0.01632886041259221
old:0.01350976062419553
worked:0.019613080819256886
drive:0.028814323967408045
weird:0.025117956513739326
likely:0.05060829803463869
d:0.018590247167112606
it:0.008746311983162551
not:0.006152142944652703
due:0.016913992269890217
interesting:0.016673594703680676
properly:0.021968194568890285
transmission:0.07417175707280996
binding:0.030686015336897642
nasty:0.026985834239390265
has:0.01086504565190358
feel:0.015542227980847844
free:0.029464365246170767
be:0.002951332944578935
converter:0.02749363829728329
get:0.0067059896698526645
of:0.003968175215627319
keeping:0.02132724450196473
park:0.0229145013726784
result:0.01803572429087501
years:0.01137640521928772
gear:0.051846188446155884
least:0.012283991748502459
seems:0.012022893313168765
1985:0.027149550129959146
please:0.009772527331149259
miles:0.020480381555667476
in:0.0027195872738952622
or:0.003440364580117782
thoughts:0.021908287334825575
habit:0.02933038694030067
and:0.005843837976899844
gets:0.017027124195881652
for:0.0033198863562456525
subject:0.00027241792746957445
station:0.021101990498837535
car:0.04681596948801106
i:0.008765756965349767
back:0.010746717959528251
any:0.00522085339943269
background:0.02258673469549292
the:0.0030765428979145017
waiting:0.022321633986662762
when:0.02668723352742318
putting:0.020510482178765378
auto:0.024107686684205498
put:0.01269111887523867
an:0.004581112951845595
thought:0.01369686941424343
problem:0.021587400939240654
just:0.00599177838503003
long:0.012144445128105023
is:0.006853893543129181
stuck:0.04852555170702702
either:0.012773279117925296
critical:0.024935068086325368
having:0.013351486696022251
lack:0.01979347479031932
1st:0.022963092604878683
light:0.017817421866358638
behaviour:0.026985834239390265
owns:0.028844110512727585
before:0.02169585986961882
somewhere:0.01979347479031932
father:0.022090161512020666
especially:0.015945386262741536
sometimes:0.01788013430774413
check:0.0168842426764678
3rd:0.04503831401598563
s:0.006330982457714472
