expensive:0.028125602737061727
believe:0.015087999168960697
send:0.02037046611719599
your:0.017499058641406422
with:0.00406130122770519
insurance:0.06167254195345491
into:0.01243613821515546
from:0.005878973989098441
name:0.01918217017937674
my:0.006598710148127092
to:0.0038283310002523076
then:0.022165004857997266
mail:0.04255993756716466
bunch:0.028168076535793923
nt:0.0049588788314058226
along:0.02426362091070302
12:0.02467628355286136
re:0.0025968090470706285
geico:0.09510233512454225
wade:0.03992191555763147
had:0.010655614483903716
you:0.011579145612681705
tell:0.016736285094600366
etc:0.01612724991290441
them:0.030538732740255016
state:0.03691268592973078
lung:0.041617727783409546
more:0.017658597580843413
a:0.003879178127351097
other:0.019157055386554316
j:0.02120922680228377
want:0.013143041442445704
as:0.005556348334840405
fake:0.041328334058405594
quotes:0.06749296917795412
stuff:0.020301503838011263
whole:0.020777190798800624
are:0.008929324744461465
tear:0.06889303444353696
works:0.020660597177435694
burst:0.039366063421009685
it:0.007142821452916082
farm:0.038189548476856586
ve:0.012674539576579404
real:0.017761068430543384
robert:0.022190361312206273
call:0.01845108401387991
usually:0.02290104682074037
aaron:0.03510839347040963
rates:0.031844479378425355
writes:0.004592099937621961
were:0.010772939565779854
if:0.009307644718936239
whatever:0.022951115130231684
of:0.0027005636884130367
but:0.00462002237673896
advantage:0.02960674011482507
anyways:0.03926003930899032
they:0.03887165102115599
up:0.02798875771567468
in:0.003701660456135218
or:0.004682718456271426
use:0.011547080053801027
habit:0.03992191555763147
and:0.003977056400945728
still:0.014178535293260743
for:0.002259367103556069
until:0.01986920642614336
car:0.021240578749190202
i:0.003977056400945728
back:0.014627477222691232
rate:0.026976914649244798
pay:0.023144736541651965
actually:0.033948807320848394
will:0.007870176006272808
yet:0.018264366268653912
than:0.01986946225304807
the:0.0010468791805403512
do:0.004988318881295115
quote:0.08406162317792894
can:0.006003930503039676
return:0.025627553526506447
junk:0.03651481197118375
lower:0.055152536292300235
just:0.008155476135179763
current:0.04392007949626136
garbage:0.03702945066669571
weight:0.030867622923633885
envelope:0.044073561396212164
else:0.017545501564847615
their:0.021023383591412693
almost:0.020986062015726167
article:0.005627311668865285
give:0.016411362995527822
bad:0.019031951713516553
by:0.006878024130674764
elsewhere:0.032896909226530914
sometimes:0.024336849474429514
