expensive:0.030451780407044278
choice:0.028363629131718367
say:0.014267255445620627
all:0.007173442335686399
rides:0.04444567496087749
finish:0.03679955272287868
with:0.004397198321725919
owned:0.03788781472020884
both:0.06753997240024776
my:0.007144468130303017
to:0.0010362399699931058
attractive:0.044156454804277524
near:0.02710357727429718
value:0.02807408135155389
might:0.01599312132239433
control:0.022929580977000177
like:0.017513369376070273
nt:0.0053690116670860035
months:0.02553228977428436
re:0.008434748182966252
dream:0.07493666162645655
so:0.007682786446503158
getting:0.02039249302424576
on:0.0076241928607412015
narrow:0.04125106447993565
great:0.01895677209573441
m:0.010291839940722346
a:0.00630001861284088
uunet:0.028398438439227708
wife:0.03038332351236068
ns1.cc.lehigh.edu:0.08103388129725601
danny:0.04125106447993565
503:0.04474646695045418
sc:0.040430017171928186
computer:0.020155660941092595
are:0.009667840324830458
it:0.007733581121954255
systems:0.022559527220170003
ve:0.013722809767123565
customer:0.04069386168178736
be:0.004349332760432115
which:0.019426952368684476
14:0.02807408135155389
writes:0.004971897676823777
get:0.009882511092414453
down:0.01777718478912149
depends:0.03237418146994358
of:0.0014619592899679597
future:0.026349671611412405
available:0.020308750585069396
but:0.005002129490604588
year:0.018607223430147757
surfaces:0.044901499185061214
saving:0.03968986624852028
excellent:0.029286206115341253
fact:0.018032083673901047
they:0.014028866533951032
now:0.01242040900660334
in:0.006679688041146258
our:0.016765228744213483
or:0.01521003288052072
better:0.033627306335359444
and:0.007176643129526125
gets:0.025092604078141383
for:0.002446232051970481
subject:0.00020072899918810748
car:0.022997318344987888
i:0.0057413145036209
we:0.010133412824917067
than:0.010756400618191437
the:0.005667315864579346
can:0.01300099236748441
her:0.024860216578419005
handles:0.04174918016069656
an:0.006751113823772456
cars:0.02873742145241734
jim:0.05092226687141157
makes:0.02099983370114266
is:0.006060284817082644
having:0.03935175026196032
convertible:0.04627233795794809
article:0.00609272842343309
very:0.013107086404386821
fit:0.030567278791717115
while:0.01631836470585355
driven:0.035393247860682486
