know:0.01272036212018868
all:0.009835750831405064
ever:0.02725177378175114
with:0.00602914821432523
to:0.0042624716291469
most:0.019140159422340597
been:0.01512618955898391
that:0.010729009034055985
13:0.04059524282955116
smooth:0.05669376268729226
nt:0.007361634553839572
clutch:0.10660353748575518
could:0.015557826343567602
re:0.003855056729671861
lightning:0.06344557678770202
scott:0.03940285621826295
anyone:0.017246543810735992
had:0.015818644182290054
30:0.035289747158493714
he:0.04917937755217223
used:0.02035529390038006
why:0.036695310931010444
a:0.0071984748754968814
j:0.03148586246936972
want:0.019511319254764757
quick:0.041848198146302015
was:0.027385395900042856
as:0.016497199179732337
old:0.02729807301383839
said:0.022592833285190024
drive:0.029111378853669986
demonstration:0.05926552412679311
it:0.0035345920591749688
shift:0.09991521914962716
only:0.013747796270817387
ve:0.018815811330179736
amazing:0.05053049463826524
without:0.04633423680005144
get:0.013550247167949715
down:0.024374902855187196
of:0.004009084238468838
seen:0.02672644217136446
years:0.02298737549464323
gear:0.052380685234260586
up:0.013850106910849326
moving:0.04372145960454982
speed:0.034623352235935885
or:0.006951664512402941
use:0.01714205698708606
truck:0.10603340281914674
few:0.023563170112435944
still:0.021048547239479867
for:0.003354111988784268
subject:0.00027522635971152884
i:0.007872111638985357
back:0.021715017732655027
driving:0.043166067955682265
the:0.003885324793758005
do:0.014810678740340137
magnus.acs.ohio-state.edu:0.04743663286042671
would:0.019229889610399505
once:0.02766011541159697
an:0.009256681840842646
shifting:0.11995358168630688
about:0.010154805982699706
having:0.0269782617775295
time:0.016283607937151688
art:0.04754630706872625
