basically:0.037915039113506147
some:0.005640274759098329
go:0.009398223438618972
there:0.004433714906169794
resulting:0.023678540965757142
confuse:0.027691915644191892
case:0.01194015027684423
means:0.013693696717095423
ever:0.02554030972782474
where:0.008924912068762133
your:0.03651977455597862
lawyer:0.025654593765061722
option:0.04048899731644814
much:0.008440564587246045
insurance:0.06435395682099643
into:0.008651226584455973
companies:0.038421568556403246
from:0.004089721035894568
sue:0.10703449873076064
reduction:0.027027078069911465
my:0.004590407059566673
to:0.004660576869872374
that:0.005027603267166331
like:0.0056262756691240244
re:0.0018064758588317417
so:0.004936283079154203
this:0.0025361470452725556
mean:0.01277015486391237
best:0.011764135651987605
you:0.018795134907541318
appeal:0.02614629760230782
medical:0.03886973403061518
etc:0.011218956461150896
asshole:0.02875014543193433
pennsylvania:0.029161535810389917
3:0.011311429684239708
m:0.006612631459497933
more:0.006142120897684665
sure:0.010541275459706297
a:0.00269855869728772
other:0.0066633236127145445
was:0.008555180039626914
as:0.0038652857981498474
following:0.013223740449467445
driver:0.03555348404334678
harder:0.0236441570634921
andrew.cmu.edu:0.01968492467018
exact:0.02063259116107859
are:0.006211704170060149
no:0.005438385198949323
caused:0.019238232749058778
pushing:0.02550121841088501
pain:0.042772946862962444
it:0.0016563064238645988
not:0.002912608737081956
have:0.004939619450701959
only:0.01288440809922016
accident:0.07042744609873473
has:0.00514383803809928
exchange:0.023410087578535833
be:0.005588997653502138
rates:0.022152681306730683
get:0.012699265461749973
if:0.003237441641369127
of:0.0037573060012703117
opinion:0.015987012389312508
but:0.003213928609905363
happening:0.02193137920029931
conditions:0.021907404372559555
ok:0.015767387393772616
who:0.006246632242675595
up:0.01947044015003456
good:0.01565226909526086
chance:0.017367427671558473
one:0.004750294240461944
in:0.0025750681433984127
5:0.012554941482694119
and:0.0036888639081235734
still:0.009863328899659648
for:0.009430401823538376
subject:0.00012897080624163428
costs:0.01988527852625041
drunk:0.05769951103007866
steven:0.02167398129395662
i:0.0036888639081235734
limited:0.09377041214728887
unfortunately:0.017786923095777566
the:0.0036413188888360045
managed:0.022855616493548257
thing:0.010936871667270321
essentially:0.02174283164519914
would:0.00450555384591486
can:0.008353294612924767
substantial:0.02608912630932713
an:0.008675344333929823
actual:0.019624912496273926
people:0.01454370183645524
about:0.0047585322720863354
is:0.003893806186821216
number:0.02417647196519573
save:0.017500049431986926
done:0.0127954760938198
right:0.037485480073242504
entry:0.024111449944934374
suffering:0.045424510589549494
2:0.009412606531861878
unless:0.014869861960098991
1:0.009461468076930959
met:0.022797760498153498
x:0.029421835647788427
guess:0.014474189676017648
every:0.011749509791968097
almost:0.014598999663113855
give:0.011416600344715007
bills:0.027238684942657326
by:0.009569424877460542
giving:0.03665088837960459
s:0.005994553438222399
