screwed:0.042232633535492003
at:0.0069917858131304045
your:0.00999946208080367
10,000:0.04498978676686822
into:0.014212729388749097
o:0.16671328494285148
from:0.006718827416112504
aaa:0.047396026917564615
throw:0.03383627441694294
to:0.00218761771442989
gm:0.039072376799150065
that:0.002753211312972038
r:0.14762951270138713
like:0.009243167170703755
really:0.015487267803102585
through:0.018805264238292277
me:0.008599910161940831
re:0.0029677817680807184
package:0.03085129391314446
these:0.013147904548404307
big:0.022030004395774263
american:0.025611390614192188
m:0.09777247943686229
a:0.009975029470331393
load:0.0356824831095521
as:0.006350112382674749
idea:0.02200298647032346
no:0.00893448996970246
crap:0.03856741095883093
police:0.029171300885973743
buy:0.02386381845431719
always:0.0210869531587199
has:0.008450591062591674
ford:0.03794051880550846
if:0.0053186541251064225
cops:0.0386219576198449
of:0.009259075503130411
but:0.005280025573415954
they:0.029616496016118845
george:0.09481700426321826
one:0.007804054823616051
rest:0.02592564153549848
in:0.004230469092725964
better:0.017747745010328594
and:0.004545207315366545
ooo:0.10173195552437915
subject:0.00021188061025411345
p:0.10686120760734444
i:0.001515069105122182
platform:0.04149190385460137
the:0.004187516722161405
ss:0.08708558056875304
would:0.0074019813182886985
can:0.006861634860616772
mm:0.09098772283091622
instead:0.024347097710989217
imagine:0.03125189328941637
taurus:0.04707204283407053
an:0.007126175702870926
people:0.011946612222802518
about:0.007817588732713265
current:0.025097188283577918
is:0.004264644871280379
save:0.02875008120969281
living:0.029238135031976982
3.0:0.03668844902732308
keep:0.021027099874015246
their:0.012013362052235825
exception:0.03948861866718611
wanted:0.024167936424969064
going:0.017284251460711764
favor:0.03779123839314738
