408:0.10330175341211079
work:0.03970730321549615
sell:0.06823671174471702
my:0.018631652182947083
to:0.005404702588591493
city:0.07215265879385081
1988:0.17921964093950143
this:0.020587546602800745
am:0.03204581091571305
great:0.04943628801436621
a:0.0027382433840125392
low:0.06658420666627098
ride:0.08279803013340946
not:0.011821764874038528
only:0.026147769377829148
mileage:0.1049894908389979
call:0.052097178392131516
toyota:0.20867889511654872
year:0.04852471992567945
must:0.04544040053881367
good:0.031764899046264686
email:0.053801934489567466
leaving:0.09074832637082446
message:0.06367293899136708
and:0.0037431119067724496
for:0.012758778937728392
subject:0.000523469742980751
car:0.05997339882124293
i:0.007486223813544899
fx:0.26304337986634835
the:0.0014779470784099078
do:0.014084665076597974
radio:0.07034020315230718
country:0.06609321780431632
butt:0.21775062593618205
else:0.04954023971251092
blue:0.07836591426398645
sale:0.06225239517850254
nothing:0.05009521571570409
dark:0.09043121148365581
bike:0.07396789557879496
leave:0.06927808086851993
condition:0.07447245271539257
