some:0.010152494566376992
read:0.009856535051730096
go:0.01691680218951415
out:0.005122509126436782
boeing:0.02800827400373425
correct:0.014227032348614993
there:0.00798068683110563
concept:0.018503703235307756
take:0.009242387523198711
ever:0.022986278755042267
own:0.00985430711107824
stand:0.01712060241072375
height:0.023329406904534028
much:0.007596508128521441
though:0.010806713920046434
miss:0.0209818285465483
into:0.007786103926010375
from:0.011042246796915333
kids:0.05734386561984421
turn:0.01487599189006311
rocks:0.04759697869612184
my:0.004131366353610006
to:0.0017976510783793444
job:0.015093428501257288
make:0.007652523840650885
that:0.010557966861049295
gee:0.022017290910476103
protection:0.055173551688690814
like:0.005063648102211622
nt:0.00931406806594485
hot:0.018189644290267006
me:0.004711255132193673
seattle:0.02115811591348025
anything:0.010092352827475668
re:0.0016258282729485676
racial:0.025217604933419492
authorities:0.020242237376870774
mean:0.011493139377521134
off:0.009493293251984133
best:0.010587722086788844
these:0.007202765100430186
big:0.01206861110377199
you:0.014499104071531873
am:0.0071058102465276765
them:0.006373300745792352
state:0.011555275595393984
why:0.015475848523078317
m/s:0.02426269793686834
onto:0.01893114207114933
sure:0.009487147913735668
a:0.0018215271206692108
stronger:0.0221283052670203
uunet:0.01642170570616211
intelligence:0.019652567058185324
steve:0.013944147160149507
services:0.017376789684623084
walked:0.023583738237932327
streak:0.026650123199203152
button:0.02067610464038543
turning:0.020622756411725368
wa:0.021803420283559704
computer:0.011655230022457892
are:0.008385800629581202
no:0.0048945466790543905
those:0.008069198496902436
taking:0.014812826235441763
decides:0.02445040303193446
individuals:0.03710566347282362
d:0.007921061836421894
police:0.031961599231588624
it:0.004472027344434417
ones:0.01475056513207329
cool:0.019960117280323493
have:0.013336972516895291
tom:0.03300633237804135
p.o:0.02002894973778732
against:0.011231655618077594
60:0.017702866432134857
throwing:0.0221283052670203
absolutely:0.0348039890882403
which:0.011233846369717545
composed:0.02654535123581593
greatest:0.021666469557214615
writes:0.0028750538739894015
soon:0.01563910276973683
were:0.006744796945531735
of:0.004226969251429101
even:0.007300693251156633
but:0.002892535748914827
humans:0.03922070964570142
please:0.008327892856109803
they:0.016224689121873803
who:0.0056219690184080365
up:0.0058411320450103684
good:0.007043521092867388
box:0.013776256568289597
rest:0.014202742754229603
in:0.003090081772078095
government:0.011702673646157815
better:0.009722677701310448
and:0.005809960655294629
for:0.004243680820592269
subject:0.00011607372561747085
cause:0.013710874492791594
i:0.00414997189663902
sought:0.025294559616460363
experienced:0.022203921539680597
power:0.011747196870306705
will:0.004927414543057758
shoot:0.02026659500969108
convinced:0.020622756411725368
than:0.006220005574867222
the:0.004915780499928606
wrong:0.011493139377521134
originally:0.01978171990346322
do:0.018738728319299913
interest:0.015881673898556024
responsibility:0.018859864637342044
start:0.012250269947315272
can:0.0037589825758161453
an:0.0039039049502684205
cars:0.016617726318136985
thought:0.01167211480518136
human:0.013938445092332939
during:0.012732041346967263
warning:0.01865278616347572
is:0.004672567424185459
institution:0.02654535123581593
humanity:0.021734405722010616
today:0.012344027242601535
right:0.008434233016479564
their:0.013162466248536644
runs:0.016312132697579716
unless:0.013382875764089093
206:0.025217604933419492
guess:0.013026770708415885
article:0.0035231864361591346
very:0.007579315181667162
earth:0.01530667461997282
somewhere:0.016867482864793854
s:0.00269754904720008
