uiuc.edu:0.06440703975671597
know:0.027727530913669703
thanks:0.022397602751867
v12:0.14066475200145895
to:0.001548538382124529
add:0.03860921816237886
mail:0.03443051129029052
uxa.cso.uiuc.edu:0.050096689210471286
v:0.04322076757193272
nt:0.02407006354120579
its:0.023233983775664834
re:0.004201578682900792
flat:0.05548118678744498
dream:0.05599199997931866
curious:0.048160363380016794
hat:0.06016251722234712
am:0.01836332985057714
legend:0.06620063689819781
knowing:0.04824746424298666
m:0.015379940585573843
more:0.01428560703169355
sure:0.024517348541114644
a:0.004707317278133916
hard:0.03038464497275853
viper:0.07002452235816638
v4:0.12844867455002115
also:0.016668507097523218
ole.cdac.com:0.14797761493257416
it:0.007704616398651055
not:0.006774269759280504
have:0.00574438891177138
engines:0.05590523541646573
university:0.026408315748299476
cka52397:0.0680776490854244
list:0.032714928055298645
be:0.00649956468693788
which:0.014515644185590088
writes:0.007429914505815307
of:0.006554177041541752
but:0.00747509238483607
please:0.021521520864103985
or:0.007576533232618936
subject:0.0002999658077754865
v8:0.12300342809110139
i:0.006434787884676233
any:0.022995219467164207
pretty:0.032337304010332885
yet:0.029551334187484984
than:0.016074171710331025
uiuc:0.06757819107901054
the:0.0033876539774788895
do:0.01614197570576397
may:0.0209103991847172
v6:0.12162435064444312
an:0.010088743129907153
cars:0.04294468599069108
10:0.06495217433474527
about:0.011067597531706422
is:0.009056380681707771
today:0.03190029512132981
devil:0.059311822596103334
illinois:0.05414853799634558
under:0.027273296933771226
construction:0.05874134703010981
vx:0.0666413190684594
s:0.006971194166921554
