some:0.00997894765071243
out:0.010069889735730427
there:0.015688529667985427
form:0.0291741959357427
know:0.010545941244942751
help:0.01829139076958801
all:0.01630885180591951
damn:0.03676783638771459
with:0.00499852458794485
method:0.034110238655953494
damage:0.03802968253135617
much:0.029866613154870623
except:0.027558644606870204
my:0.024364468239238494
to:0.005889740000388166
animal:0.08656370785315391
owners:0.036902969772557685
that:0.0059299935971705445
problems:0.02344507039223738
nt:0.006103235484807167
could:0.012898368848940663
me:0.009261441712859357
happened:0.028823084604601975
so:0.008733423909272823
this:0.013461088163369718
hi:0.026931766324909446
these:0.014159281821358486
big:0.02372462011852613
you:0.009500837425790118
state:0.022715499033680482
europe:0.03515385144912358
a:0.005967966349770919
was:0.007568043881208425
it:0.005860776576751658
choose:0.03396413238792529
civic:0.05218316909604842
stay:0.03374955186543746
be:0.004944113308867276
which:0.011041814807842033
get:0.011233965600778825
if:0.005727781365499225
of:0.00332377069343143
but:0.005686181386755643
never:0.018837087443263765
well:0.01438348641156705
good:0.013846238045807686
over:0.01714479275657571
one:0.008404366733124979
damaged:0.048450539595088854
in:0.007593149653610704
gun:0.03129073073337096
and:0.003263225764878546
for:0.0027807595120690086
known:0.055673995686604416
subject:0.00022817911873519915
car:0.0784267523047023
i:0.004894838647317819
everybody:0.03485392563877085
appreciated:0.028929590762190115
any:0.008746045011015448
the:0.0006442333418709855
waiting:0.03739350650757181
do:0.01227893878472644
would:0.0079713644966186
rid:0.03946456178468232
thought:0.02294518295035652
problem:0.018081754632868242
places:0.03260531523325073
just:0.010037509089452017
long:0.020344540556483635
here:0.015388041928405096
is:0.006889041715145228
night:0.05722794609545342
new:0.014735039016098694
lot:0.02118421699372129
almost:0.02582899940397067
e-mail:0.02350167330472023
very:0.029799016953563205
little:0.04009125986151221
honda:0.04118991351858767
everything:0.026407371657463704
