read:0.017573667146495518
uiuc.edu:0.04443586463835443
radar:0.03952068429579677
where:0.014321370528943889
insurance:0.06884376776199619
companies:0.03082660733013749
to:0.0021367428838617534
might:0.016489032061073224
mail:0.02375438375841749
make:0.013644034754648865
that:0.010756732571611683
considering:0.03104937949887669
uxa.cso.uiuc.edu:0.0345628320909453
esp:0.04125047926722475
re:0.0028987635874276785
worried:0.03899934920270244
geico:0.15924111927830328
funded:0.04348057285212228
this:0.012208893915614395
illegal:0.03185859787304874
you:0.01292555789322609
hat:0.04150747312239452
m:0.02122193352117941
sure:0.016915069923714755
a:0.0032476840135962676
hard:0.020963049632368287
other:0.010692309983193107
was:0.006864039799235547
driver:0.028525469755708462
also:0.01149997776495788
police:0.028492898539788307
pain:0.034317829459818705
it:0.0026577940289920308
not:0.009347441993425812
should:0.01273497784677116
cs.umd.edu:0.04443586463835443
have:0.011889549142968671
try:0.018886741646072812
interesting:0.025333523735824905
ve:0.014148323248274685
states:0.026766354538416148
university:0.01821969071006708
agent:0.03857027869818178
accident:0.037670494424904624
real:0.019826308945722848
cka52397:0.04696830053180443
has:0.00825406568904303
heard:0.04190150944837015
be:0.008968391583526686
g:0.02740311597683335
guns:0.03127874350806658
writes:0.01025213009329554
get:0.01018894554489242
if:0.005194964494289994
of:0.006029165443898873
wayne:0.036221832616146366
3-4:0.044826801488175305
but:0.0051572342810109325
they:0.014463870147406879
policy:0.0297422266892969
david:0.019352288677089102
in:0.0027547240603796974
or:0.005227220602349499
and:0.004439504819660347
for:0.0025220842086207287
subject:0.00020695315420169222
each:0.019736506956283838
car:0.023710413487468135
i:0.0073991746994339115
group:0.020907875463617404
uiuc:0.046623713225053785
the:0.0023372186356249705
do:0.005568355960515478
when:0.010137011184835162
original:0.023923783048631624
specific:0.02841206425170878
claim:0.050623861159689705
last:0.01690048489968603
rid:0.03579343975820024
an:0.006960450686525091
about:0.0152715686871608
purchasing:0.043259073840928045
questions:0.02344322742050784
illinois:0.03735829365639346
issues:0.029497902965882908
smith:0.030525105073383428
switching:0.04108376449807
under:0.018816460675237512
article:0.006281650235012411
construction:0.04052697585798274
by:0.007677794378427644
poster:0.035308785828112386
s:0.004809583572527274
