another:0.025198924208961124
expensive:0.046023713569737376
thanks:0.022652120964956397
own:0.02575557540395449
with:0.01329153129067153
insurance:0.050459352507372206
operate:0.059985820580149965
dealers:0.05594453950787396
post:0.029347475050354323
to:0.009396812455164756
dx:0.06810173637285198
mail:0.03482176710040746
reliable:0.05271697403913906
rob:0.05000775786362772
anyone:0.019010394882288537
this:0.005965709526947943
bell:0.152154649397065
these:0.01882540878521526
knowing:0.04879573088211151
economy:0.05896750059503988
a:0.0015869365066436309
how:0.02989461357338919
air:0.043797033927626926
below:0.0421803853754306
question:0.024806660038035278
are:0.02191743346367814
gas:0.045092837178056844
civic:0.13875979055085602
expect:0.039275239581345316
robert:0.036311500329064814
ex:0.12469071763253277
be:0.006573423376562174
if:0.015230691358259302
what:0.010459569352234447
parts:0.04146244331154956
they:0.021202718738812357
up:0.015266595117640735
good:0.018409202856357946
in:0.0020190875215283007
or:0.02298789060351427
and:0.0065079104742748264
for:0.0036971461694553865
subject:0.0003033745101365716
i:0.004338606982849885
group:0.030649044713711878
info:0.03347040294764088
pay:0.03787320524997594
actually:0.027776296898875962
the:0.0017130750227023932
automatic:0.05234839136012596
saturn:0.06495415928949934
would:0.021196582866008548
radio:0.04076534500872348
an:0.010203387938201554
cars:0.043432693786039846
address:0.036282060840154666
about:0.011193365685475814
maintenance:0.06424370068743872
interested:0.03269404790244227
their:0.017200950211155842
experience:0.03763889516812668
image:0.04205753405606451
honda:0.1095277245835172
live:0.03518963947667794
needed:0.03790707602427297
