keys:0.029028478556344453
seemed:0.06250493179753622
at:0.006525666758921711
out:0.01745447554193274
uhura.cc.rochester.edu:0.04488082050816868
all:0.007067169115898454
small:0.022138858520488972
way:0.012832391255900322
much:0.01294219903377727
both:0.016634845054135098
to:0.0010208882667339487
day:0.03767856349278329
that:0.0025696638921072355
really:0.028909566565791495
smooth:0.040735518375313695
clutch:0.03829830791154908
re:0.0027699296502086707
wade:0.042583376594806904
baby:0.03697088991556604
had:0.01136598878283063
this:0.003888758802751252
ti:0.02806415597223454
on:0.003755620927698444
curious:0.03175016548756663
etc:0.034404799814196085
brand:0.03337453572459048
locks:0.04246093732109424
more:0.01883583741956631
a:0.008275580005015675
j:0.022623175255769352
was:0.026235885454855872
as:0.023707086228652398
also:0.010988867642070863
cheap:0.02752763865486554
no:0.016677714610111256
it:0.007619009549777155
buy:0.022272897224029378
leather:0.04336382485893896
sports:0.07110630052743387
robert:0.023669718733020026
writes:0.004898239933463425
of:0.005761202535281146
key:0.02374698052767834
what:0.006818089651826898
but:0.009856047737043116
seems:0.01745545992134132
they:0.0069105157370943976
one:0.0072837845020416484
in:0.0026322918799183775
door:0.06266625623900686
thoughts:0.03180758753796899
better:0.016564562009640023
and:0.0014140644981140366
for:0.009639966308505896
subject:0.00019775523623717257
twice:0.03341023414263455
car:0.022656617332469552
i:0.00424219349434211
imo:0.03917943341422587
buttons:0.042583376594806904
power:0.020013742816078088
controls:0.07382648886162017
pay:0.024687718977762098
the:0.005025020066593686
strong:0.026745573229411186
would:0.006908515897069452
handles:0.0411306737879455
butt:0.0411306737879455
junk:0.07789826553852534
thought:0.019885825223642316
people:0.011150171407949019
about:0.007296416150532382
is:0.0059705028197925315
either:0.01854490894158043
new:0.012770367147285532
heavy:0.03319857953193783
their:0.011212471248753438
drove:0.07820373646004737
vw:0.08672764971787791
nice:0.04681095491488531
although:0.023405477457442654
article:0.006002465780122971
already:0.021524343120721122
going:0.01613196802999765
s:0.009191648605274346
