thanks:0.07119238017557725
much:0.062399888198568974
matthew:0.15308115502933908
owners:0.1542016951210446
that:0.01238945090837417
nt:0.025502805418658517
hot:0.14941493524147897
re:0.013355017956363232
so:0.03649323562089
ages:0.19880122441089204
fun:0.14700902339049413
silver.ucs.indiana.edu:0.19329584298848995
also:0.05298204041712737
are:0.02296112077147234
laughed:0.19640339216669103
have:0.01825895046955903
ve:0.06518334639383694
writes:0.02361651396491294
in:0.01269140727817789
and:0.006817810973049818
for:0.011619602246859784
subject:0.0009534627461435106
i:0.006817810973049818
cars:0.13650275189898237
too:0.06973278099516059
article:0.02894046001130718
s:0.022158438602000653
