since:0.011368304678430008
out:0.006694188062957159
there:0.010429306654285767
happen:0.019213819466859745
with:0.0033228828226678827
4:0.01411516763737886
ca:0.023369870410140013
from:0.014430208882332537
sell:0.01977313806238959
dealer:0.05025642503691758
my:0.016196833999948316
weather:0.029648452211572508
to:0.002349203113791189
slightly:0.02460040713838665
then:0.009067501987362519
most:0.01054883786344908
been:0.008336593109212724
that:0.003942098016300873
jeff:0.04790317373670905
problems:0.01558564338574871
cold:0.02510312718772517
think:0.00818038652004861
bay:0.02723434315495168
nt:0.004057264498422946
clutch:0.23501234400268758
12:0.020189686543250204
re:0.002124661947603242
started:0.01863207315902787
anyone:0.009505197441144269
comments:0.020931846670619886
wed:0.03275888044667792
this:0.008948564290421915
he:0.009034847770001337
path:0.025204139949209742
amount:0.021127369384243342
apr:0.021177319755897723
on:0.011522927846347498
used:0.011218542661004919
concerns:0.02853874339156816
material:0.023992611004567517
more:0.007223971737617761
a:0.004760809519930892
false:0.023790389725574887
below:0.0210901926877153
rec.autos:0.0351110156613147
surface:0.02593741899596884
also:0.008428960975452083
21:0.023046608074740484
organization:0.021771779705209496
annoying:0.02959301939938294
no:0.006396282591946079
causes:0.024245177837356344
it:0.003896084428863318
have:0.0029048330292480275
area:0.018229926390109927
networks:0.02877259607619036
date:0.020328404487405246
moved:0.025332984884840593
92:0.024906334593050423
stated:0.02205735831191909
accord:0.033814091502331854
environment:0.023850304004987475
writes:0.00375717267623615
things:0.012697306409887782
of:0.0022095521087015756
san:0.022942985418207638
gmt:0.024075558728551338
lines:0.020074898433491573
seems:0.026778262379330432
up:0.007633297558820367
miles:0.022807697641538782
one:0.005586993794179674
in:0.0020190875215283007
point:0.012508727052613982
francisco:0.028358353060235316
5:0.0147663232211232
speed:0.019082188448214667
or:0.003831315100585712
and:0.0010846517457124712
for:0.0018485730847276932
known:0.018505276975377034
subject:0.0001516872550682858
until:0.032513246879143684
car:0.017378655340246532
i:0.004338606982849885
similar:0.0179815811810608
any:0.005814132194822769
information:0.013856939116385029
warm:0.030052406312048252
the:0.004710956312431581
see:0.010053328189836229
when:0.014859936850497
an:0.005101693969100777
problem:0.04808102936467237
shifting:0.033055390407874335
just:0.0066726622924198065
actual:0.023081573220049452
about:0.005596682842737907
different:0.014359186920518453
changed:0.02147338178314446
affected:0.02872504920306243
is:0.0076327450821211335
having:0.014868701093297508
morning:0.02437580009999668
detail:0.02734467318823067
else:0.014355410371238959
days:0.016921889912216888
90:0.022908860281501887
1993:0.017213953426193963
first:0.021335850333989104
significant:0.023652998826727077
article:0.00460416409270796
honda:0.08214579343763789
by:0.005627474288733898
hp:0.0245775426480473
says:0.014551288320611182
james:0.03931356554132986
newsgroups:0.024353820118303948
