some:0.008164593532401078
at:0.012321188985376657
fast:0.024348237237398863
there:0.006418034864175856
traffic:0.030594687142558752
all:0.006671803011512526
tried:0.021663384986270427
ever:0.018485468928880144
4:0.01737251401523552
ca:0.02876291742786463
into:0.012523104216660044
turn:0.023926420522479126
to:0.004818878182135772
important:0.021974610440372185
most:0.012983185062706558
puts:0.03453024911945877
bunch:0.028365056091988288
make:0.012308255128319606
that:0.004851812943139536
really:0.013646124078258224
afternoon:0.03892611387066418
nt:0.009987112611502636
tanks:0.034687401957585046
months:0.023746814964893847
its:0.014460311580658532
anything:0.016232455596639186
re:0.007844905652688893
barry:0.03677016030664658
this:0.003671205862737196
93:0.025601506963667142
he:0.02223962528000329
on:0.0035455162604146146
you:0.011660118658924235
asshole:0.04161734338748536
europe:0.02876224209473747
3:0.0163738877247386
m:0.009572130853958546
more:0.008891042138606475
a:0.004882881558903479
same:0.013581072381318967
was:0.006192035902806892
border:0.033934739970225856
jason:0.03188738932715416
washington:0.026847645702199257
whole:0.02092248583935168
course:0.017105956642657474
andrew.cmu.edu:0.028494960886204616
are:0.004495883787421158
caused:0.027848350902483686
d:0.012740169387251997
it:0.0023975904177620418
rush:0.03571260107780795
have:0.0035751791129206493
ve:0.012763172720471568
energy:0.03206716804540735
amazing:0.03427592992945264
left:0.020450385898605327
be:0.004045183616345953
get:0.009191426400637219
if:0.004686366571772093
of:0.009518070622099094
trying:0.01885544211935941
germany:0.08821144894798504
what:0.006436658062913505
germans:0.039534585038423824
they:0.00652391345809611
up:0.00939482776470199
over:0.01402755770992558
one:0.006876300054374982
in:0.0037275461935907094
and:0.0013349559947230414
still:0.014277685889717113
for:0.002275166873511007
subject:0.0001866920062378902
cause:0.02205245547791655
i:0.0013349559947230414
we:0.009424782557440349
pretty:0.020126014384053332
55:0.03437655047107572
will:0.00792521220212087
jerk:0.04303651012872095
the:0.002635500034926759
waiting:0.030594687142558752
around:0.0165538072248506
can:0.006045916031032961
lane:0.07691321651283006
road:0.02524931738440916
cars:0.026727811560639907
just:0.016425014873648756
mph:0.07655458111963652
including:0.022237536409302306
is:0.0018788295586759714
right:0.013565549606925171
9:0.024900934654720465
keep:0.01852737471416728
65:0.03422615742757248
dc:0.03130856215034392
lot:0.017332541176681055
matter:0.02112519588741638
unless:0.02152490507510833
history:0.02322382940105511
met:0.0330009540078166
too:0.013653971103947529
dave:0.02451940329632582
late:0.026952020878539647
backed:0.03768358815571696
happy:0.026560105513881268
s:0.008677430501482774
