some:0.014968421476068642
ask:0.03736618697892779
know:0.015818911867414125
where:0.023685343567099507
your:0.032305954414904164
from:0.010853490441412508
france:0.06570001963110177
chevy:0.07683272821552531
both:0.028791077978310743
to:0.0035338440002328996
add:0.04405410790322716
us:0.07922601485326908
nt:0.0183097064544215
se:0.06470910072979862
uk:0.11081126883740477
this:0.006730544081684859
these:0.021238922732037726
you:0.007125628069342587
fi:0.07827475364407262
a:0.0017903899049312756
wondering:0.04614017310073457
markus:0.16433623584707402
was:0.011352065821812635
sweden:0.06822194648041016
are:0.032969814441088485
com:0.14871920858170468
fr:0.08347302426084395
have:0.006554495040354523
feel:0.039054829285207406
writing:0.051313573655738895
free:0.037019330693906866
list:0.03732857175540487
of:0.0024928280200735725
what:0.03540161934602428
please:0.02455660713981096
75:0.05983270089675902
extension:0.06492278088986543
205:0.07228727927089829
and:0.0024474193236589093
for:0.008342278536207025
subject:0.00034226867810279864
finland:0.06954179224005685
car:0.03921337615235115
i:0.007342257970976728
the:0.0019327000256129563
do:0.03683681635417931
can:0.022168358780454187
country:0.04321479625666836
just:0.015056263634178025
people:0.01929837359068099
87:0.067810557832314
extensions:0.14827326646088754
ch:0.07827475364407262
switzerland:0.07248007257044367
clue:0.06503097151353036
sometimes:0.044929568260485254
