report:0.025137273003144073
expensive:0.02682176684858867
at:0.011668410760985841
means:0.018772153777740084
existing:0.028673322227523515
your:0.01668784400240083
option:0.08325717660104072
insurance:0.0588135499423676
ca:0.027239054252878425
sue:0.18341176520916766
my:0.012585619355368229
to:0.00547628805334105
cs.cmu.edu:0.03430239277092031
that:0.0022973816253938862
nt:0.009457994062548854
me:0.007176083976189037
re:0.002476427170716361
so:0.00676695759857563
anyone:0.02215781125352836
this:0.003476704889876947
you:0.01840394004664642
hat:0.03546002670721121
medical:0.026642499815686567
am:0.010823419580803746
pennsylvania:0.03997641001821665
m:0.009064998093483921
more:0.008419993548481629
a:0.0018496743388693973
how:0.008711013226682942
nor:0.02287774170182386
oasys.dt.navy.mil:0.07803783687337225
also:0.009824484315758717
others:0.017856478298466198
pain:0.05863576159359752
it:0.020435091838806277
not:0.003992781513748112
choose:0.026316579399915618
should:0.010879550610817745
have:0.006771531299968912
be:0.003830869252566035
rates:0.060736490470109296
writes:0.004379221132566638
if:0.01331424675026641
of:0.001287685997124097
what:0.01219128613240571
but:0.008811698307952453
ignore:0.02980639834805445
least:0.015944783991433658
please:0.012684869913279833
loss:0.02818444863656148
policy:0.02540892213853841
good:0.010728542061983438
george:0.026372941583146802
in:0.002353373535026364
economic:0.030368245235054648
or:0.008931277585471329
and:0.0025284596986145024
still:0.013521252200195677
for:0.015082397618440517
subject:0.00017680103901998871
car:0.04051183231633628
i:0.007585379095843507
limited:0.07712771648141245
will:0.02251600022986658
coverage:0.0306500969861725
the:0.0019966967152027894
do:0.00475707231063905
can:0.011451205197850508
drop:0.028673322227523515
lower:0.0525957961992797
is:0.0017792889198057211
deal:0.02182990060768549
applies:0.031534410844613045
suffering:0.062270686702230106
type:0.04292069550108207
does:0.016138924693212254
every:0.016106943887002623
terms:0.025490986590824265
article:0.00536644291600398
little:0.015532044383433537
bills:0.0373404488949011
understand:0.03968420215808813
s:0.008217699084185673
