bottom:0.016803423699809066
since:0.00749371394533214
simply:0.011455593033271122
at:0.009898483286004843
music:0.03450680479169351
behind:0.013212518355800368
know:0.009242510304556568
all:0.00714657551045911
ever:0.009900457141684872
sounded:0.02178932101792466
your:0.004718847274087125
with:0.008761458828307825
further:0.01328776929243965
ca:0.007702429198847644
turn:0.012814524849118034
chevy:0.022445516107906273
prevent:0.015067481169171055
often:0.01163790407595021
my:0.014235419645397773
to:0.0036132562249572347
sound:0.03877734032728574
changes:0.015273068538337787
abuses:0.02295703496560571
line:0.010576044003018684
noisy:0.02178932101792466
observations:0.01915997222400259
enough:0.009109170512874142
ultb.isc.rit.edu:0.021723030466990572
that:0.0038978047801626605
roads:0.017135738739541967
integrity:0.02146901325223866
think:0.005392314709844776
like:0.008723888116169837
nt:0.005348903009156843
anything:0.008693787079847954
re:0.0014005262276335975
so:0.0038270059827150565
had:0.005746848260981779
this:0.0019662263609416444
balance:0.01878197252890911
describe:0.0350008719661639
off:0.008177743250772848
paying:0.017564826996341775
getting:0.010158058322938899
he:0.00595555508434545
fair:0.015815354070426526
on:0.001898909457825056
characteristic:0.022526063693003515
you:0.006244932465266538
american:0.012086274222427775
market:0.014647397809262256
them:0.00549010925667506
2.2:0.05599199997931866
europe:0.015404496702424938
m:0.005126646861857948
a:0.0020921410125039628
want:0.0070883819015437515
was:0.0033163338355857138
as:0.005993364496007628
ears:0.02045345980467098
red:0.013530408070945885
dogs:0.019470822110036184
oil:0.01678579863974385
also:0.016668507097523218
features:0.016200926988975
mind:0.011347025479438716
annoying:0.01950700904228988
no:0.004216276165477565
those:0.013901989919757005
ear:0.02192552942305902
it:0.012841027331085093
not:0.0022580899197601682
have:0.003829592607847587
engines:0.018635078472155245
shift:0.018149393740662614
japanese:0.01875212919688972
only:0.009989035492653833
mr2:0.14885897927309735
left:0.010952828402623826
referring:0.017787828470839966
towards:0.015617142829024495
his:0.0069079739382219355
heard:0.010122274754381553
toyota:0.03986001367394751
be:0.004333043124625254
which:0.004838548061863362
common:0.012607221122214794
stereo:0.019329472567029264
writes:0.004953276337210205
if:0.005019853331561118
of:0.0014564837870092782
short:0.012969954552888643
describes:0.0187225217830054
what:0.0034473487003619145
but:0.004983394923224047
europeans:0.021289203442551915
well:0.01260575213598011
shut:0.017674668251377434
must:0.0086796270692116
loud:0.020270725107407187
up:0.00503168678034601
good:0.006067452626814604
in:0.0019964011448819156
better:0.00837534034195282
and:0.0014299528632613853
gets:0.012499312143793274
for:0.002437070134172839
subject:9.998860259182883e-05
i:0.007149764316306926
person:0.01050634621375974
we:0.005047729983947453
eliot:0.0447333287761284
any:0.019162682889303506
noise:0.01715509443301928
the:0.005646089962464816
do:0.008070987852881985
when:0.004897657089302382
older:0.033094759438499106
got:0.008285220305732487
would:0.013972279342387657
can:0.0032380748780438703
imagine:0.014748084473657164
just:0.013195377117594224
makes:0.010460591319295784
engineers:0.02045345980467098
about:0.007378398354470948
idle:0.040541450214814374
is:0.008050116161518019
new:0.0064569272093016735
right:0.007265444171499249
engine:0.061139311157166386
turbo:0.03721275714846353
mystery:0.020596610414484455
2:0.014594828105583586
hear:0.012410792375501151
run:0.010025597110065149
guess:0.011221562782530538
too:0.007312801003237815
nice:0.011834230175111454
late:0.014434977474274044
article:0.006069909215854689
very:0.006528998096567218
little:0.00878404008201672
axe:0.022139605879388416
usual:0.016067943137076462
strange:0.01646577914177799
s:0.006971194166921554
