ask:0.015502992469980678
at:0.004685984108800165
out:0.006266899463193936
know:0.006563165562012243
small:0.03179516915176608
tried:0.016478000282109953
your:0.01340353427852407
with:0.00933235175728001
compared:0.04385945346716618
turn:0.018199351780396358
feet:0.023362031643379425
chevy:0.031877408514951994
both:0.011945234480362967
my:0.005054331177288837
to:0.005864677276982259
most:0.009875507787058712
lived:0.02391485570108279
us:0.032870367864654186
that:0.00553571210799697
nt:0.00759658033747275
could:0.008027176358117326
re:0.0019890452275434603
so:0.010870325504094894
anyone:0.008898482710858463
had:0.008161747264266677
this:0.0027924597785713777
on:0.0026968554534004784
you:0.008869132809713645
europe:0.043755325739866575
why:0.028399828406712867
fun:0.021894960930499124
a:0.0037141067176765827
other:0.007336744616127185
bigger:0.024794238575685894
wondering:0.01914326330775158
markus:0.06818205529825411
price:0.016649703201297675
as:0.008511852768266152
drive:0.015020232706414833
question:0.011611628102910129
also:0.007890942189784927
120:0.026980934989656213
popular:0.02249985263900512
cheap:0.01976718733195132
l:0.017579577546560442
are:0.02051844834897528
manual:0.020902113813206186
gas:0.021107285487601074
not:0.0032069681307232176
couple:0.0167871903970985
have:0.0027194181550407068
engines:0.02646577634077367
shift:0.02577600068487722
expect:0.018384154697651
real:0.04081266788295075
always:0.014132745202120784
has:0.011327388020069691
manuals:0.05199226962680609
be:0.0030769215805184643
common:0.017904936381017818
g:0.018803201920273946
writes:0.007034706287420876
of:0.0031027753015809355
what:0.009791937265921608
but:0.0035387405438851607
least:0.012806714801630224
75:0.02482420569120853
they:0.009924676856465357
good:0.008617073677444144
over:0.010669897619783817
in:0.006615733581177836
205:0.02999153076133014
use:0.008844571956102915
and:0.004061674622242445
for:0.0034611581160858933
subject:0.00014200508985116116
however:0.012750526086153792
v8:0.05823034627717034
finland:0.028852445716619334
car:0.032538758934929676
i:0.0010154186555606114
we:0.007168850562308351
rare:0.026980934989656213
turned:0.020887757127199987
the:0.0036083920690965303
do:0.011462519982550478
interest:0.019429707429084498
when:0.013911430243018467
automatic:0.02450350233878236
around:0.01259145975081721
would:0.004960902372895617
can:0.01379626583677202
auto:0.02513354569204403
an:0.004776053928519876
cars:0.0813207883653512
tax:0.023571565695031875
just:0.012493495356020063
note:0.015753665419566475
here:0.01915320112365315
many:0.009857452274351561
is:0.0014291097175035314
87:0.028134167611279213
engine:0.04341541510362613
does:0.006481323480518751
matter:0.01606863304202416
sold:0.04368646920257278
guess:0.031874013435485675
article:0.0043102812782797924
high:0.014879382051284688
while:0.011544375031268737
john:0.01426318297649918
s:0.003300192983276693
