some:0.013267464490151752
though:0.028244820472848632
o:0.2387031125318101
aaa:0.06786249308651297
to:0.003132270818388252
lock:0.11490019681224972
bruce:0.05234839136012596
r:0.21137862045880432
through:0.026925719250282122
along:0.03970410694478676
could:0.017148967674159743
steering:0.06390446246982871
something:0.022621151331403667
american:0.03667085474304791
used:0.022437085322009838
m:0.13999241373914376
a:0.011108555546505415
how:0.014947306786694595
same:0.022069242619643322
those:0.021089950616904093
not:0.006851250097454147
have:0.005809666058496055
ford:0.05432392465334166
without:0.025536482781846535
be:0.013146846753124348
sort:0.03565296940523898
writes:0.0075143453524723
of:0.004419104217403151
key:0.03643002694587018
lines:0.040149796866983146
necessarily:0.044173443557456844
now:0.018771754521343685
george:0.13576071064960796
or:0.007662630201171424
better:0.0254115439920614
ooo:0.1456616635917247
subject:0.0003033745101365716
p:0.1530058199832432
column:0.06571201581789335
the:0.0025696125340535893
thing:0.02572650494460178
would:0.010598291433004274
effect:0.03939060743889098
mm:0.13027787587153913
maybe:0.060179842780507364
living:0.04186369334123977
entry:0.05671670612047063
type:0.036824005799223826
too:0.022187703043914733
james:0.03931356554132986
