ask:0.035543446150687406
radar:0.12434556766238496
know:0.01504725762997929
insurance:0.10830300050362815
companies:0.04849551640960654
to:0.008403653415187992
make:0.021464396138411022
that:0.004230544212615571
esp:0.06489404665209747
rob:0.0536668620975517
re:0.004560250033880129
geico:0.25051346813294056
illegal:0.05011901372711326
you:0.020334109368611773
a:0.005109161436023396
want:0.023080463020880265
was:0.010798306513431532
oasys.dt.navy.mil:0.07185191077975128
also:0.03618285687023333
insure:0.07282804136113588
police:0.044824194044301116
not:0.014705122160389389
have:0.006234763574971377
due:0.04042856688900589
probably:0.029112484329624492
only:0.01626263705206447
money:0.03780755813084305
accident:0.05926211927820362
robert:0.03896843937753297
guns:0.0492068038114706
spend:0.05000118554526282
were:0.01891833289600365
if:0.008172566094675723
detectors:0.06788334492079241
supply:0.04924348089761639
using:0.026883177788352693
they:0.034131205774673545
who:0.015768937490656686
in:0.00216682563285964
or:0.008223310459793723
rather:0.03138394698674224
few:0.02787350610861325
for:0.003967669059903342
subject:0.0003255726450246134
twice:0.05500465377141053
i:0.004656066030375486
group:0.032891657741544456
detector:0.06450272574293284
than:0.01744635710023733
the:0.0018384219755830562
do:0.008759974620810936
risk:0.05231879045852946
would:0.011373776172004586
put:0.03033486950666804
an:0.010949977299533375
just:0.014321811749583975
people:0.0183569895130868
about:0.012012392442949653
questions:0.036880199234701365
their:0.018459556324167244
fault:0.053987804881909914
by:0.012078481400209343
high:0.034113705190750264
refuse:0.06125388825507312
