at:0.009082113530458052
there:0.00946163902656853
stopped:0.02322454805577173
know:0.01272036212018868
knows:0.018010110366707396
exhaust:0.02971939669389337
mentioned:0.018119400096865145
from:0.008727549014744079
work:0.020877035711240242
often:0.016017115403498487
except:0.016620419685586668
my:0.0048980116563417594
to:0.0035520596909557494
garage:0.02834688134364613
she:0.01708836332421898
that:0.014305345378741311
r:0.015980514261490362
bit:0.014046825763173709
like:0.006003294141797284
nt:0.003680817276919786
could:0.007778913171783801
me:0.011171017323758192
so:0.005267064934973815
this:0.002706095043151644
telling:0.022134145967143366
he:0.03278625170144815
amount:0.01916709799807643
on:0.007840342658339536
you:0.00572988648874971
working:0.016332675312920656
a:0.006478627387947194
how:0.006780221635201672
looked:0.01920104744577157
was:0.004564232650007142
owner:0.0693063129403857
as:0.004124299794933084
bring:0.0195534378726241
said:0.011296416642595012
driver:0.018967967002507174
let:0.02376430662631778
wife:0.020829804263628713
given:0.014370038964851964
also:0.007646892431337971
are:0.00331397619382075
no:0.005802813073105721
taking:0.017561598114183532
d:0.009390949599881626
it:0.0070691841183499375
not:0.006215567098721287
3000:0.02705144614632187
have:0.002635312438905427
buy:0.015499181057958587
money:0.015980514261490362
liked:0.026190342617130293
has:0.005488528215910057
anybody:0.01566801621089018
be:0.002981759057409646
of:0.0010022710596172095
what:0.014233640767989143
but:0.006858589920107322
years:0.011493687747321615
never:0.01136051149928794
ok:0.016823964899540887
biggest:0.024909613960952457
seems:0.012146840666912774
well:0.00867457685646054
who:0.006665221001205404
up:0.006925053455424663
good:0.00835056624412113
sounds:0.018364456513200195
one:0.005068612926678466
in:0.000915874752033456
according:0.01772951651848566
bmw:0.02284254819930924
a/c:0.03320568567453029
stories:0.023856518788206427
and:0.0039360558194926785
few:0.011781585056217972
for:0.003354111988784268
subject:0.00013761317985576442
car:0.04729860834871221
i:0.005904083729239018
back:0.010857508866327513
body:0.01829732537976573
will:0.0058417801283674456
practically:0.029547559476019183
the:0.003885324793758005
horn:0.0308915092825308
see:0.009120545161913279
would:0.009614944805199753
hate:0.02075252186885479
radio:0.01849149670498797
auto:0.04871243907323997
wants:0.036294176933956174
an:0.009256681840842646
problem:0.010904975732193734
about:0.005077402991349853
odometer:0.06749756223213096
changed:0.01948100615378054
idle:0.027898369091122262
is:0.00830946268734012
issue:0.016141030966313676
yesterday:0.022661665107498574
does:0.012561740353995104
primary:0.023718316430213354
slow:0.021167670644545573
operational:0.031350001478492116
although:0.01628731678739566
article:0.004176973609879386
81:0.026602933893798007
before:0.01095976426403425
going:0.011225854041493209
despite:0.021976136992447475
by:0.005105337499057557
says:0.013201168785709113
check:0.03411661406791432
strange:0.022661665107498574
s:0.012792500636206563
