some:0.014778947786498154
at:0.011151455853853557
uhura.cc.rochester.edu:0.07669507302028825
all:0.012076807982864445
wonder:0.04671351528882188
unusual:0.06347831221795863
maxima:0.16483280740116021
to:0.005233667696547459
lock:0.06399504632580996
most:0.02350120840464605
enough:0.03078669021439742
that:0.004391197790309833
really:0.024701211939125643
86:0.12102545239225485
me:0.01371631241018411
this:0.006645347321157203
on:0.01925349969263126
a:0.0017677267415777153
how:0.01665016452188765
quick:0.05138323063533286
rear:0.05996398643823357
question:0.02763273523224183
also:0.018778444704804637
brake:0.27651006419479246
emergency:0.2804574840160437
are:0.016276237508891785
have:0.0064715267487044665
only:0.01688020554771249
ve:0.023102958215537144
usually:0.04174368028084321
heard:0.03421072606860601
things:0.028287669976458856
of:0.00246127323500935
but:0.008421306610764687
powerful:0.05824497958811887
nissan:0.14728477751356667
subject:0.00033793616319010504
i:0.009665757328880756
the:0.004770588670816791
would:0.011805691722840203
wheels:0.20983337806271096
simple:0.041761880467800515
an:0.011365799222300464
cars:0.04838072219204439
thought:0.033982106394831804
just:0.014865678018555518
many:0.023458240855418904
about:0.012468559244580651
affected:0.19198513897742991
is:0.0034009193277299227
hear:0.041945336256440605
by:0.01253715790907805
seem:0.03493307031513592
four:0.04440564748130347
