since:0.02151421100434066
out:0.012668570957854407
there:0.009868591242765026
happen:0.03636163684050877
4:0.02671257531374924
from:0.01820585493398227
dealer:0.047554466701599435
to:0.004445803742228486
then:0.017160003761030142
that:0.00746031452547262
bay:0.05154026231474727
clutch:0.38916022555283747
started:0.035260697591278554
anyone:0.017988330641305283
comments:0.039612957140097854
this:0.016934917366819967
amount:0.03998297861964332
on:0.01090341559654387
used:0.02123079041222436
concerns:0.05400880469802147
material:0.04540537136348261
a:0.006006469358479119
surface:0.0490858682074249
no:0.012104792862177527
causes:0.04588334730510448
area:0.03449964564149836
moved:0.04794199290034349
92:0.04713456869222446
stated:0.04174295766556731
accord:0.06399225918720867
environment:0.04513605919223436
things:0.024029311055271504
of:0.00418151796915567
san:0.04341898315703811
seems:0.02533857085355998
up:0.01444581043389661
miles:0.043162954676460495
in:0.001910534428973016
francisco:0.05366742084517651
5:0.027944869751803044
speed:0.0361125286761912
known:0.035020739222218905
subject:0.0002870640526023473
until:0.061530445706766544
i:0.0020526742714558595
similar:0.03402965900931937
any:0.011003088884825886
warm:0.05687337108516659
the:0.006483896860120886
when:0.02812203102889755
an:0.009654818694212223
problem:0.022748013892963274
shifting:0.06255643776113853
about:0.010591571831417974
changed:0.04063779778315511
is:0.0086668589319569
morning:0.046130546425800174
else:0.027167228229441474
first:0.04037752321271056
significant:0.0447626644462792
honda:0.15545870586047603
james:0.03719993298534438
