into:0.07461682929093276
that:0.0289087187862064
re:0.031161708564847544
mean:0.11014258570124419
how:0.05480679155121351
air:0.16058912440129872
bring:0.1580569561370448
they:0.03887165102115599
george:0.16592975746063196
210:0.2463031154081961
gon:0.1991877237289194
or:0.028096310737628555
and:0.007954112801891455
subject:0.0011123732038340957
back:0.08776486333614739
the:0.006281275083242108
ss:0.22859964899297672
na:0.18159597787626575
about:0.04104234084674464
does:0.050770367264063546
going:0.09074232016873676
