school:0.04179913190570236
above:0.03129489689802926
go:0.022361290250507208
out:0.013542265506671952
help:0.024598766897032148
situation:0.04050726768706435
thanks:0.02291249017145015
corner:0.05633859747024975
your:0.014481979565301869
4:0.028554821887111254
insurance:0.0510393450649282
single:0.037372720350716954
to:0.006336547862486578
male:0.05524307816215406
me:0.012455042303500514
anyone:0.019228905168291854
1982:0.05820663114263797
age:0.047388375010501395
on:0.00582768764642862
am:0.018785475364383512
none:0.041638048648520616
a:0.0016051771561452815
wondering:0.04136705174548617
was:0.010177714185073398
houston:0.11565324246318655
advance:0.03636208295030632
sex:0.04972008627650948
kind:0.03167272065474781
university:0.05403080693330238
expect:0.03972667911676308
robert:0.03672887389606556
status:0.05058255967815217
ford:0.05494833758039157
be:0.006648979967097371
rates:0.10541620759754601
walking:0.061290125241427386
if:0.007702878388085164
of:0.004469898518752613
liability:0.06666723143317796
what:0.0105797942873176
please:0.02201626847017534
they:0.010723214074801651
find:0.024326973996245865
rice:0.06193969087663822
in:0.004084590848149206
door:0.04862037121991911
moving:0.048746914731509564
or:0.015501412820760582
and:0.002194238014314884
for:0.007479284204875264
subject:0.0003068615734714747
victoria:0.06964265251267554
car:0.03515681999865965
i:0.006582714042944653
info:0.06771024044580223
similar:0.03637653204444484
pay:0.03830852944825153
will:0.013026498217279131
the:0.003465531080409439
hello:0.04447460678910082
can:0.009937540142962222
auto:0.05431157000119859
here:0.02069426328302754
is:0.006176382227371584
living:0.04234488521872529
graduate:0.06321028713410747
23:0.04976634087765575
e-mail:0.03160569858220996
check:0.03803806396077804
s:0.007131451504092164
