blown:0.03169854768392662
at:0.005182147132084889
know:0.007258088974460599
small:0.035161716473717776
anyway:0.017932434244967845
with:0.017200805199692568
compared:0.02425169779949189
owned:0.029641643281104565
to:0.002432116164866172
psychology:0.03290944212042161
w:0.018202005029584436
most:0.0218422995760828
us:0.02423383983747054
that:0.004081230887464433
cold:0.025989119911997826
think:0.008469106044285619
v:0.022627343022953012
nt:0.00420046206895552
could:0.008877112678388572
joy:0.0339150762271489
australia:0.054577573122873375
re:0.0021996500163421794
flat:0.029046033082838842
scott:0.11241403097563255
so:0.006010650572852471
anyone:0.009840674997890536
something:0.011709772453903075
on:0.002982404854348764
western:0.024061928021737646
you:0.003269405820051305
europe:0.04838824258291127
why:0.020937912707694194
more:0.00747893544600427
sure:0.012835553059760021
a:0.006571784121630095
other:0.00811357639901124
bigger:0.0274195108954644
wondering:0.021170197069748806
was:0.005208594906478739
as:0.00470655388362952
local:0.017978726187740893
wife:0.02377048251261159
oil:0.026363577863597693
closely:0.029268035012149706
fisher:0.07075834124743456
120:0.02983773987091393
popular:0.024882189977252722
town:0.026200168662967836
cheap:0.02186018363768734
l:0.019440944580902134
are:0.018909158282388986
manual:0.04623055761038544
it:0.0040335932910584935
not:0.003546529462211558
have:0.00300735654792737
shift:0.028505224286805398
university:0.013825530009403845
expect:0.02033071225387287
has:0.0062633792581561825
g:0.0207941291824206
writes:0.007779557541383086
battery:0.027724715809399763
of:0.00571884075193349
industry:0.02679313748133234
department:0.020400444604076095
ph:0.03227289162253789
least:0.014162719898273425
fact:0.014107453697816701
they:0.005487762497104374
now:0.009717143516930848
good:0.009529469713879407
over:0.011799651485407986
in:0.006271048302158487
our:0.013116326017531725
and:0.0033688007160952048
subject:0.00015704092289422526
however:0.014100581789393607
finland:0.03190741055720256
car:0.03598403929274576
outside:0.021204563396950146
i:0.001122933572031735
we:0.007927905327729235
rare:0.02983773987091393
than:0.008415301660114477
the:0.002660304741137834
do:0.004225399522979392
interest:0.02148697056863462
when:0.007692202604963152
seal:0.03477220452821592
auto:0.02779474464767222
an:0.00528175375624551
cars:0.11241403097563255
tax:0.02606737853332937
just:0.006908168020387564
note:0.017421700581638222
here:0.0317717806874717
many:0.010901182515165255
e:0.018299351153257804
n:0.021535385269437657
is:0.0015804272170039052
engine:0.02400617070435798
privately:0.03537917062371728
does:0.007167581260808972
matter:0.017770017717062013
61:0.0296900579819076
sold:0.04831209535343342
remote:0.02650330778129244
past:0.03886487584592192
asia:0.035508458310298315
while:0.012766720622814837
john:0.015773402350481445
s:0.00729925036301198
