transmissions:0.03367872711987212
above:0.014959648517189809
at:0.0048404671013979736
vehicles:0.027466556681661772
case:0.01358028080937778
where:0.010150861528756933
own:0.02490649050052742
your:0.020768113552438395
with:0.0032133372351074033
floor:0.027010146798702353
though:0.013656836272586154
into:0.02951874565355582
interior:0.03073958879380041
times:0.015442176601610038
from:0.023257479517312517
turn:0.018799330410519316
2-3:0.031965652262559804
my:0.0052209574798368205
to:0.0030290091430567713
then:0.008768573350416501
owners:0.02372333771092994
nt:0.003923508525947464
worried:0.02764239586345393
lost:0.019255529254493683
this:0.005769037784301308
93:0.02011546975716704
off:0.023994037889630226
getting:0.02980441288158996
on:0.002785762776040055
you:0.009161521803440471
slowly:0.02900413302776482
burning:0.026061725135696896
seconds:0.025429476070945315
a:0.0015346199185125222
below:0.02039491161009831
was:0.00486517106649113
given:0.015317514061435611
drive:0.046546215639659154
starts:0.024573969090073464
helpful:0.02551979874316048
college:0.022634699453673916
are:0.007064960237376105
doors:0.028356973491191283
taking:0.01871950568215168
it:0.0018838210425273186
not:0.009938077064438982
have:0.0028090693030090818
shift:0.026625758949213835
civic:0.03354632299031684
transmission:0.026625758949213835
neutral:0.05812333528484058
32:0.047059546939620944
real:0.014052713483506856
shortly:0.030898860974422675
after:0.010600075206950282
accord:0.03269934123302421
be:0.012713434222801568
if:0.014728580654140865
of:0.0032050645972374506
park:0.04935431064884579
what:0.005057374192289183
gear:0.02791717839408394
fire:0.019763701302414675
they:0.005125932002789801
si:0.029737821998229226
now:0.009076452735594749
degrees:0.055556139118010855
one:0.010805614371160687
damaged:0.03114677545398569
in:0.0019525241966427526
door:0.023241606022708586
required:0.02056473324451082
5:0.014279521356690566
or:0.003705008009357612
use:0.009136151251359055
and:0.002097787991707637
subject:0.00014668657632977087
foot:0.026479230119092072
until:0.015720690798706836
car:0.033611465273443844
i:0.002097787991707637
info:0.016183491535123065
caught:0.024808924361161826
will:0.006226952444523541
than:0.007860446605601435
reverse:0.02755377288581721
the:0.0028990500384194345
do:0.003946801752233498
when:0.014370048822458638
automatic:0.02531131010819277
start:0.01548111037298084
can:0.004750362595811612
panels:0.03354632299031684
push:0.026371842228581247
pedal:0.03487138923656348
may:0.020450829971866275
ny:0.023083479843862196
shifting:0.031965652262559804
note:0.016273017026804934
jonathan:0.02626651301919817
about:0.005412176814955339
is:0.002952446449347955
closing:0.03237283892274508
new:0.028417575245333192
engine:0.11211673131156198
time:0.008678626208262163
sheet:0.02861742535324944
does:0.006694993485371018
appropriate:0.022219822791541246
run:0.029415762949312033
smell:0.03258833734666421
procedure:0.027778069559005428
accelerator:0.08735943330084114
delivery:0.03073958879380041
honda:0.10591692047636829
release:0.0218340851065234
by:0.005441953158336078
hints:0.028564337930657477
3rd:0.024251399854761498
s:0.006817981108307894
