choice:0.048991723045695365
at:0.011441104057849755
technology:0.04373594397164861
with:0.015190321475053179
though:0.03227979482611273
learning:0.0645182218093491
my:0.012340444952341576
city:0.09557884671393226
mercury:0.07265720987625551
day:0.033029909555361975
been:0.019055069963914796
that:0.004505254875772426
like:0.015125182642969782
smooth:0.0714194153333422
tanks:0.06441946077837224
its:0.026854864364080133
re:0.004856370165950267
file:0.03946085561634298
on:0.013169060395825712
state:0.034515758271956055
more:0.016511935400269167
was:0.011499495248069943
sig:0.06128748601451656
21:0.05267796131369254
are:0.01669899692470716
reasonable:0.048549443767611014
not:0.007830000111376167
beware:0.0753253134374868
buy:0.03904988474342813
university:0.03052389742335914
doing:0.03481432344370539
has:0.013828239920604559
mileage:0.0695384939323233
be:0.0075124838589282
were:0.020146796071068823
arizona:0.07303367139408995
highway:0.06855522352017139
but:0.008640041847407926
distance:0.06128748601451656
now:0.021453433738678498
good:0.04207817795738959
bob:0.09568844192283378
in:0.002307528596032344
nissan:0.07555517807514135
quest:0.07728935200532995
and:0.0024792039901999343
few:0.029683474037743983
subject:0.0003467137258703675
p:0.04371594856664091
i:0.0024792039901999343
any:0.013289445016737757
driving:0.054378033658456885
will:0.014718251232510188
the:0.002936700038918388
upgrade:0.05743591432790581
did:0.021349494070687862
v6:0.14057879490071998
here:0.02338182994316099
expressed:0.05337349513796477
about:0.012792417926258072
is:0.003489254894683947
either:0.03251380139108258
average:0.05038339037535827
experience:0.04301588019214478
first:0.024383828953130404
article:0.010523803640475338
opinions:0.03708584617558497
says:0.033260087589968415
