another:0.023342161372511355
ask:0.030679606151119657
bbs:0.042600448965849066
all:0.01004281926996096
saw:0.035761900875110046
your:0.01326244444401329
tm:0.048379750845900495
my:0.010002255382424224
to:0.0014507359579903482
ye:0.05859404508952608
that:0.007303255272304775
like:0.012259358563249192
really:0.02054100782306238
nt:0.015033232667840811
re:0.003936215818717585
comments:0.038779000147674735
this:0.005526130930225463
he:0.033476488579373374
chen:0.05904204103077656
great:0.02653948093402818
impressive:0.05534876761947853
a:0.0014700043429962052
as:0.008422254318073879
worked:0.04046488253236157
houston:0.052957011022617004
oil:0.04717692880854324
jason:0.047998912355611
stuff:0.09231841745285123
demonstration:0.0605132193715677
product:0.08401890363676966
early:0.03687095893466612
works:0.031317115721586734
it:0.010827013570735957
texas:0.04177020707020002
interesting:0.03440025854654118
trial:0.049366408505507935
details:0.04015601981358247
his:0.019415042542160595
heard:0.028448919572840785
writes:0.0069606567475532875
if:0.007054214944877992
of:0.006140229017865431
but:0.014005962573692847
well:0.017714399054245735
who:0.013611082886672086
good:0.017052735277468412
one:0.010350641134480237
in:0.0056109379545628574
and:0.006028380228801945
for:0.0034247248727586736
subject:0.0002810205988633505
i:0.006028380228801945
any:0.010771444908303235
pretty:0.030294947967575016
yet:0.027684934133538563
the:0.0015868484420822168
thing:0.023830867738157437
got:0.023285829701374463
would:0.009817364695835537
friends:0.04185928784829196
home:0.03083540054590893
did:0.03460865354616769
auto:0.04973796410636082
put:0.026183782100492412
ny:0.04422308770087283
an:0.009451559353281439
is:0.0028281329146385673
events:0.042826830073438155
hear:0.03488085857114534
v.32bis:0.12486478730721867
bailey:0.0689185635422811
too:0.02055281966173154
him:0.0252264768775085
show:0.03168493336562982
says:0.026958176257132295
