another:0.010362174441068125
taken:0.01539664158765729
mode:0.017894323581673977
replacement:0.023073951514404688
at:0.004116658936702948
dan:0.018569175184052607
there:0.008577373696982686
thanks:0.009314890864094219
switch:0.019869688887898015
with:0.0054656764185939
way:0.016190400182677974
floor:0.022971246342821626
ca:0.009610040168655706
from:0.003955945114159699
work:0.009462955439207025
my:0.00888050711523646
to:0.002576073196431459
most:0.008675679738163728
that:0.0032420993031259514
considering:0.018716682034369592
think:0.006727794521161473
control:0.028501254859261898
like:0.01088447722905302
nt:0.010010446986763157
could:0.0070519119407759685
me:0.005063498506563293
anything:0.010846921263174783
indiana:0.05471136781267998
this:0.012265944821762126
off:0.010203072186711917
age:0.019265367410811314
blow:0.022772369639930057
two:0.017427938622928144
these:0.0077412895939202924
on:0.002369200117940607
vacuum:0.08206705171901998
fix:0.02032728485598357
a:0.0019577160642706474
air:0.10805997155975242
other:0.012890728858242155
looked:0.0174065570302789
part:0.011444963142118117
let:0.010771671695106656
california:0.01859565059309783
l:0.015443741022211976
are:0.003004258792529091
no:0.005260494094310794
daniel:0.01999336446354364
d:0.008513290758771193
it:0.011214897234485063
should:0.015353384506854948
have:0.004778043113529465
probably:0.022310502009618767
only:0.006231477748921899
kind:0.012876292976462896
operated:0.027443030322284626
has:0.004975581653675472
switches:0.025073661626368347
without:0.021001967147686866
be:0.0027030899866236973
which:0.012073760116986146
if:0.003131544017586024
of:0.006360206069907339
flow:0.048233356779409466
available:0.012621793587916963
but:0.006217600207947759
parts:0.017049976688861497
year:0.011564302412194635
fact:0.011206855741256258
well:0.007863868739034321
now:0.007719226158309552
one:0.004594910783998236
damaged:0.026489313703856987
in:0.0049816738848922565
71:0.023742647045435872
system:0.0104449641553389
or:0.00630197624021575
and:0.005352300203141914
for:0.004560965367926271
subject:0.0001247521350094313
car:0.028585451774611113
outside:0.01684474662374544
i:0.009812550372426843
face:0.01677229715395121
controls:0.06985917754429011
any:0.004781716197611249
will:0.005295819368706936
event:0.01940533153363071
than:0.006685052720651687
warm:0.024715997714581737
reverse:0.023433582547751082
the:0.006692199621398134
do:0.0033566257892826946
putting:0.018785301434757075
around:0.011061656229689885
can:0.004040028002045389
bought:0.01711721377975916
problem:0.019771638243416673
just:0.005487797025541523
about:0.004602879347298465
is:0.010043836519277155
stuck:0.02222198162284415
move:0.01652722016622905
either:0.011698891154735318
right:0.009064829877524763
questions:0.014131665127315474
keep:0.012380441981896827
lot:0.011582025178810237
too:0.009123915270394843
advanced:0.021601610174965924
position:0.01608805120192622
side:0.015048430273697164
live:0.02894101190605288
aware:0.019144379495237753
