looks:0.023937800520097138
week:0.024110760869969116
at:0.006160594492688329
there:0.006418034864175856
cut:0.025601506963667142
damage:0.062230389596764635
insurance:0.03105190923530597
happiness:0.04068355742507611
from:0.005920085695315913
my:0.0066448549743377714
to:0.0038551025457086176
everyone:0.021381208094497225
100:0.023625958733084415
that:0.009703625886279071
guy:0.02368063459404804
liberty:0.034848167819296234
through:0.016569673384789
could:0.010553210876405995
me:0.007577543219612201
re:0.0026149685508962974
so:0.0071455286530413996
had:0.042920517082017766
this:0.003671205862737196
you:0.007773412439282823
guarantee:0.03453024911945877
a:0.005859457870684175
hard:0.01891072309493363
same:0.013581072381318967
was:0.012384071805613784
owner:0.031341316341339916
as:0.005595203917601528
austin:0.03501271675223465
worth:0.04916312753555018
rumor:0.03873451265256547
computer:0.018746174161995213
boyle:0.17285423094801083
improvements:0.04161734338748536
it:0.007192771253286125
not:0.008432307812251258
3000:0.0366991647020031
craig:0.1276919089032312
has:0.007445975341863993
attempt:0.02696956921144472
his:0.012898105185351446
anybody:0.02125591010428458
be:0.008090367232691907
constitution:0.031643219641096614
writes:0.013872637573795015
down:0.016534025013658447
of:0.0054388974983423394
in:0.006212576989317849
thomas:0.02576227282537832
or:0.004715464739182415
and:0.0013349559947230414
for:0.004550333747022014
subject:0.0001866920062378902
car:0.021389114264918806
i:0.0013349559947230414
top:0.047295555610731684
integra:0.047542503250332935
body:0.02482294492080106
will:0.00792521220212087
yet:0.018392089109693453
the:0.005798100076838869
do:0.005023202230115361
would:0.006522025497233399
grants:0.042530771236555735
last:0.015245891972444041
record:0.05393913842288944
about:0.006888225037215885
company:0.023539356920498952
hit:0.025032882097408456
is:0.0018788295586759714
either:0.017507431518275232
cactus.org:0.17285423094801083
else:0.01766819737998641
right:0.013565549606925171
90:0.028195520346463863
does:0.008520900799563113
life:0.01951314233069028
dollars:0.03206716804540735
guess:0.020952148691857717
article:0.01699999049615247
by:0.006926122201518644
tx:0.033126957542800366
happy:0.026560105513881268
check:0.023142038913200623
john:0.018751597199873047
