uhura.cc.rochester.edu:0.3029455384301386
to:0.006890995800454155
that:0.01734523127172384
on:0.025350441261964497
curious:0.21431361704107477
was:0.044273056705069286
as:0.040005708010850925
it:0.0171427714869986
of:0.009722029278286934
what:0.046022105149831564
thoughts:0.21470121588129065
subject:0.001334847844600915
the:0.0075375300998905305
thought:0.13422932025958564
people:0.07526365700365588
about:0.04925080901609358
vw:0.5854116355956759
s:0.031021814042800917
