since:0.0074104504570506715
laser:0.018153548073747142
at:0.0032628333794608557
out:0.004363618885483185
there:0.003399181428063509
radar:0.0188821047191029
800:0.017776575131858468
true:0.009567706637621654
your:0.00933283127541676
with:0.012996163928656608
much:0.006471099516888635
insurance:0.03289202237517595
companies:0.014728267946621246
service:0.013491078623993864
from:0.0031354527941858355
my:0.003519312079001116
to:0.0020417765334678974
remember:0.010306014950078638
0:0.027149305840521724
then:0.011821335924265208
might:0.007878093095846096
been:0.010868447312751403
make:0.006518816604998903
that:0.005139327784214471
liberty:0.018456622215405043
considering:0.014834703538352196
like:0.004313478012995086
esp:0.019708562316562938
re:0.0027699296502086707
worried:0.018633022396846725
geico:0.1521637361992676
anyone:0.006195980554227375
had:0.02273197756566126
this:0.001944379401375626
he:0.01177876450014989
something:0.007372819693198233
these:0.006135688789255344
on:0.001877810463849222
you:0.02264366253146645
state:0.029530148743784627
m:0.015209052356845247
more:0.0047089593548915775
a:0.004137790002507837
how:0.004871714804552313
was:0.006558971363713968
hearing:0.016795676685628994
dramatically:0.022118145894863488
said:0.008116684550605305
immediately:0.03127925582817691
driver:0.0136288355499496
also:0.016483301463106295
based:0.011188529673705714
are:0.0023811532651897243
no:0.008338857305055628
d:0.00674757119398902
police:0.013613273746787747
pain:0.016396296297468936
not:0.0066990000952884985
cs.umd.edu:0.02123046866054712
have:0.009467603947178755
farm:0.06110327756297055
made:0.017226515199392604
try:0.009023665453123678
whether:0.03174953983202027
complaints:0.038799483085429194
stay:0.01462480580835623
agent:0.018428022044686854
accident:0.0539943753423633
real:0.00947256982962314
after:0.007145235880240561
departments:0.022701956799321205
has:0.011830827487628344
speeding:0.022701956799321205
determining:0.02196695332256625
free:0.010694473311573095
heard:0.020019610069776848
be:0.008569796402036612
claims:0.013912317317069357
g:0.013092599855598156
guns:0.014944288564965146
writes:0.0024491199667317125
get:0.01460415528101247
were:0.011491135536831846
things:0.008276762696815739
if:0.009928154366865323
of:0.0007201503169101432
but:0.002464011934260779
years:0.02477528247755993
ticket:0.018755470034850015
they:0.010365773605641598
who:0.004789084719384624
policy:0.028420349947550372
david:0.009246093479053683
good:0.006000036486516664
over:0.01485882038903228
filed:0.02252555661787952
one:0.0036418922510208242
in:0.0026322918799183775
dropped:0.05519892310355424
speed:0.012438759877354745
or:0.014984699060068564
stories:0.017141350536711286
and:0.002828128996228073
for:0.003614987365689711
subject:9.887761811858629e-05
each:0.009429664434668946
car:0.011328308666234776
i:0.005656257992456146
away:0.010255494764161743
detector:0.019589716707112934
20:0.023295054432634223
any:0.003789952838106694
will:0.012592281610036494
than:0.005298523267479486
coverage:0.017141350536711286
the:0.0008375033444322812
do:0.0026604367366907283
when:0.004843238677199022
denied:0.019749040355571047
specific:0.013574652920260862
claim:0.06046738971851826
correctly:0.016141864700112512
increase:0.0467193970354143
rid:0.01710131010669567
an:0.013302194645359063
mutual:0.019046740876772654
satisfied:0.02008985109157198
many:0.006863707509548495
about:0.014592832301064763
interested:0.021311675669740147
limit:0.03289202237517595
issue:0.011597629657277234
recent:0.01406701884624082
questions:0.011200653100909303
tickets:0.020774051473791754
65:0.01812718708201061
trouble:0.014128969934408648
switching:0.019628909704633442
article:0.009003698670184456
enforcement:0.01674107564215787
bad:0.01015037424720883
father:0.016035820949466855
giving:0.014049507212181761
