bottom:0.021364352989757245
seemed:0.02009087093492236
at:0.004195071487878244
out:0.011220734276956761
there:0.00437037612179594
take:0.010122614906360494
wonder:0.017573179561032996
with:0.0027848922704264163
such:0.009157224778418089
from:0.012093889349002507
dealers:0.07033027823847011
dealer:0.08423934101426185
discovered:0.021594441452951564
to:0.003937711885973802
line:0.013446684518123756
then:0.007599430237027635
us:0.009808935172309506
been:0.013973717973537518
that:0.01156348751448256
think:0.006855942988231216
bit:0.012976591419312856
appears:0.018572862035211107
nt:0.010201122167463408
could:0.007186234072981227
me:0.005159946097164499
re:0.0017806690608484312
practice:0.019554895738294484
comments:0.017542881019186194
had:0.03653353537338417
error:0.01793075313891428
this:0.0024999163731972336
lh:0.028961429937273672
pricing:0.027789367701374107
two:0.008879949679301483
these:0.007888742729042584
fair:0.020108093032399445
certain:0.015696738056002427
on:0.004828655478469428
went:0.031071059668915088
etc:0.011058685654563027
them:0.006980281769201148
card:0.0145757540310202
came:0.014374889202275937
a:0.006650019646887595
vision:0.022704412320415267
price:0.04471634574062804
was:0.008432963181917958
said:0.010435737279349678
quotes:0.023140446575298557
spite:0.028339429068620983
walked:0.05165961709261367
business:0.017221732063016987
are:0.0030614827695296457
it:0.004897934710571028
purchase:0.020773626091328774
have:0.004869053458549075
made:0.011074188342466674
ve:0.008691112852511593
kind:0.013121555699824096
leather:0.027876744552175044
binding:0.02864028098110447
worthless:0.026249366963022394
toyota:0.10135832048518083
which:0.006151868250083419
common:0.01602918114110167
writes:0.003148868528655059
if:0.003191192475063854
of:0.0046295377515652054
but:0.003168015344049573
fact:0.01142031966013733
they:0.022212372012089133
up:0.006397430335011356
one:0.009364865788339262
in:0.005922656729816349
weeks:0.017336023263491002
and:0.003636165852293237
for:0.0030985605991626095
subject:0.00012712836615246808
offer:0.01673887437519923
car:0.014564968285158998
i:0.007272331704586474
we:0.025671312489789905
back:0.010030270095559703
similar:0.015070277561270006
any:0.004872796506137178
cost:0.015814321925480386
the:0.002512510033296843
do:0.010261684555807095
when:0.006227021156398743
original:0.014696038158445142
quote:0.09607042648906164
agreement:0.023513455352774305
got:0.0210681316345769
would:0.00888237758194644
extra:0.0369969115189643
auto:0.022500507571925135
bought:0.01744325594699267
v6:0.025772779065131996
an:0.008551410843445113
is:0.0025587869227682277
deal:0.015696738056002427
new:0.0082095217375407
items:0.022064829760379105
their:0.014416034462682992
told:0.014762951270138715
experience:0.015772489403786418
superior:0.023995615989465605
nothing:0.012165980959528137
article:0.003858728001507624
sign:0.020636724123300268
written:0.0682575035896402
included:0.017822768811909376
s:0.002954458480266754
