ducati:0.023737456289021804
large:0.011089015258842873
at:0.0032628333794608557
there:0.003399181428063509
know:0.004569907872808526
story:0.013315027881528163
case:0.009154115212247243
where:0.01368486517210194
increases:0.03894913276926267
i.e:0.012794588877686678
your:0.00466641563770838
900:0.020367759187656848
with:0.004332054642885536
way:0.006416195627950161
mary:0.01736966225193798
previous:0.0128637015544178
into:0.006632607048082912
someone:0.008160955980233408
mentioned:0.013019124514043846
from:0.006270905588371671
lbs:0.022612706608287646
to:0.0030626648002018463
dod:0.012953570524786804
sound:0.0127821603301053
w:0.011460521685293903
calculate:0.044083556328965975
h:0.01308585971960932
100:0.012513007773448414
nasa:0.01588941043555339
make:0.006518816604998903
that:0.007708991676321707
v:0.04274053682113347
smaller:0.01663423062609247
nt:0.0026447353767497725
could:0.011178586335748574
dynamic:0.02041617430457297
re:0.0013849648251043354
so:0.007568967388036445
had:0.005682994391415315
this:0.0058331382041268785
mean:0.009790452062332818
reduced:0.01851449376319423
drag:0.11595839087192804
pieces:0.01885003782005433
on:0.001877810463849222
benefits:0.019080564889969964
you:0.008234059102351435
numbers:0.013065712596291475
rev:0.019628909704633442
magazines:0.019668521886547323
speeds:0.018428022044686854
identical:0.01810101238859175
why:0.006591565111681506
a:0.0051722375031347965
how:0.004871714804552313
air:0.028549177671341998
same:0.007192938335291157
sorry:0.011768209943476387
as:0.0029633857785815497
gary:0.015721031272306143
local:0.011319938710799823
velocity:0.06590085996769875
whole:0.022162336852054
based:0.011188529673705714
cd:0.1487734349660191
are:0.0023811532651897243
complex:0.016651825451124314
pressure:0.032597649570364734
play:0.01185895641770534
d:0.02024271358196706
it:0.0012698349249628592
not:0.002233000031762833
have:0.0018935207894357515
term:0.028871702177144132
area:0.023766422553032202
real:0.00947256982962314
101:0.02148166346180179
mileage:0.019831348269588496
usually:0.012213891637728198
get:0.00973610352067498
if:0.007446115775148992
of:0.0021604509507304297
what:0.003409044825913449
explain:0.013315027881528163
formula:0.02235717745463227
but:0.002464011934260779
density:0.020720759853598794
result:0.013092599855598156
34:0.03663156001903794
huge:0.015918233177931375
sense:0.012171563134677743
well:0.006232844111679055
good:0.006000036486516664
called:0.01986855182116099
one:0.0036418922510208242
in:0.005264583759836755
speed:0.037316279632064235
or:0.007492349530034282
force:0.0661852614595328
world:0.00933796551382473
use:0.006158442695360549
better:0.008282281004820011
and:0.002828128996228073
for:0.004819983154252948
subject:9.887761811858629e-05
al:0.014111163632304562
p:0.02493428177504704
car:0.06796985199740865
i:0.0007070322490570183
top:0.03757369140185906
power:0.030020614224117136
limited:0.014378129862584296
pretty:0.010659333544146766
the:0.0039083489406839785
equation:0.022701956799321205
fancy:0.019789965674780623
put:0.009212812220543628
cars:0.014155840937672247
lower:0.014707343011280065
mahan:0.023984461379757627
note:0.03290765665420553
mph:0.04054557444484453
guitar:0.02252555661787952
f:0.02752763865486554
is:0.012936089442883818
either:0.009272454470790215
1/2:0.03513506647923581
assuming:0.014696924709885194
new:0.012770367147285532
does:0.004512921534583427
girls:0.02041617430457297
article:0.0030012328900614854
little:0.008686439636660978
33:0.03416290211604775
understand:0.011096878751613531
by:0.0036682795363598745
says:0.009485284238620623
yfn.ysu.edu:0.02061642327224066
sometimes:0.012979653053029075
reduce:0.016888506199196462
s:0.011489560756592932
