out:0.02404443059347877
dan:0.20274507598914585
there:0.018730183379125458
hours:0.03996096302602675
ever:0.026973694457447555
fax:0.031210646325340707
your:0.012856451246747577
wonder:0.0376568133450707
with:0.005967626293770891
way:0.035354547337684554
dealer:0.04512821840049741
several:0.028759707878238738
to:0.005625302694248289
dynamic:0.05624864349219083
seat:0.05061529061157818
anyone:0.017070558669810113
this:0.016070890970553642
a:0.0014250042100473418
uunet:0.03854073788180903
was:0.009035317694912098
usa:0.03719001720437474
driver:0.03754883263761624
wa:0.05117129250223195
it:0.00349852479326502
have:0.00521684299130258
only:0.013607512635400882
whether:0.029157740662059433
second:0.028058120169921083
has:0.03259513695571074
dealt:0.05768822102545517
accord:0.06072734800418782
heard:0.027578034279794637
be:0.00590266588915787
summarize:0.05849210753416042
get:0.026823958679410658
spend:0.0418377266807301
if:0.006838269589422543
of:0.0019840876078136595
happening:0.04632444382104038
please:0.039090109324597035
email:0.02799896590783613
in:0.0018130581825968415
st:0.0391504820706051
according:0.03509720616924712
and:0.005843837976899844
subject:0.00027241792746957445
i:0.005843837976899844
appreciated:0.03453838897118615
back:0.021493435919056503
will:0.011564340254115147
the:0.004614814346871753
interest:0.03727331629252944
would:0.00951683312351404
put:0.02538223775047734
an:0.01832445180738238
problem:0.021587400939240654
is:0.008224672251755017
stuck:0.04852555170702702
87:0.05397166847878053
else:0.025781145156510782
time:0.01611744867248687
electronics:0.04602430213526187
easier:0.04261911953478164
advice:0.07938483812720915
honda:0.04917571307831384
side:0.032860857944604006
data:0.029942302277610328
s:0.012661964915428944
