sho:0.07476523184089937
go:0.02343894279270033
at:0.0106140362946317
bbs:0.04875955002115255
shifter:0.08081453236857691
enter:0.11414831153302295
into:0.06472785191502602
from:0.010199665716026212
often:0.03743759503950249
2-3:0.0700933579733239
to:0.0033209618315441706
technique:0.060613446351188136
then:0.019227474093684378
next:0.032269638840351514
nt:0.008603356044848657
months:0.04091318722867253
wait:0.04423373259168817
this:0.012650179237865518
carefully:0.056025825923262926
you:0.006696373366370143
1989:0.057001356797162527
seconds:0.05576101981821744
a:0.001682535091381199
same:0.02339871506660979
running:0.03647542665598436
usa:0.043911104650948496
houston:0.060613446351188136
gk:0.32120706371918495
bonds:0.06579606949213436
it:0.004130788310120145
texas:0.04780927315263858
couple:0.03802399752595805
have:0.012319291883075973
occasionally:0.06506565236181587
edge:0.05678556250118024
ford:0.05759645023486827
be:0.006969412736596041
get:0.015835831027603883
of:0.002342657657418538
trying:0.03248588220564333
never:0.02655348470917904
gear:0.06121598153883467
least:0.029007980514535934
using:0.026559284080059288
they:0.011239995475996913
refuses:0.06988011005646365
david:0.030077653486078243
in:0.00214071929993362
system:0.026930389508946086
use:0.02003348828611263
watching:0.051320531249871494
and:0.006899953273929937
gate:0.07384973898574368
i:0.00919993769857325
review:0.05206794559829863
reverse:0.12083823289683691
the:0.005448816939679901
when:0.015755113769201638
taurus:0.07145876382039623
shifting:0.0700933579733239
1st:0.05422609819947256
trouble:0.04596170942518476
cutting:0.06451161485287824
