go:0.039702699016206676
out:0.02404443059347877
there:0.018730183379125458
thanx:0.09903403705596524
own:0.04625491092955092
someone:0.08993706590461305
my:0.019392127782251044
to:0.008437954041372434
then:0.03256898673011843
mail:0.0625370511190991
that:0.007079686233356669
me:0.04422810940426713
re:0.0076314388322075615
so:0.020853277497651427
file:0.12401983193707791
ps:0.09195025148611663
reply:0.14657944976959772
personally:0.07997642051237756
on:0.010347118882434487
tell:0.04918418476780515
how:0.02684414280059437
other:0.028149142608814504
yeah:0.08069841722832963
has:0.02173009130380716
together:0.0726319641112292
please:0.039090109324597035
in:0.003626116365193683
bmw:0.0904378438911427
and:0.015583567938399585
subject:0.0005448358549391489
person:0.05724886610354797
the:0.0030765428979145017
can:0.017644203927300272
put:0.05076447550095468
just:0.02396711354012012
btw:0.0765671534784354
else:0.051562290313021564
s:0.025323929830857888
