land:0.06976547974715326
read:0.013257327847356268
ability:0.023440290441277354
believe:0.012705683510703744
rough:0.0314455689114997
at:0.010303684356192175
take:0.012431281463951482
with:0.0034200431391201596
85:0.0290075934499103
much:0.010217525552982054
1992:0.023075710730317497
wrote:0.015061841957268193
my:0.01111361709158247
to:0.000805964421105749
been:0.008580353141645843
that:0.004057364040169319
quite:0.01553332971993802
could:0.008825199738748873
anything:0.013574509650990664
re:0.0021867865659542136
had:0.008973149039076813
this:0.003070072739014146
93:0.021409447343885387
he:0.009299024605381493
big:0.01623263481793893
on:0.00592992778057649
you:0.006500572975540606
fall:0.022808777937978548
used:0.011546570224192195
serious:0.02103505050900275
speeds:0.02909687691266345
them:0.008572275856913688
m:0.008004764398339602
more:0.007435198981407753
a:0.003266676317769345
looked:0.02178364447064143
was:0.01035627057428521
as:0.00467903017670771
said:0.01281581771148206
worth:0.020556512390595544
approaching:0.03492338825504761
wife:0.023631473842947195
colorado:0.02756258296840912
also:0.008675421822687523
straight:0.04674458043816735
are:0.0037597156818785114
model:0.02139737726072251
it:0.010025012565496256
not:0.003525789523836052
laughed:0.03215961976998449
have:0.005979539335060267
only:0.007798457533738518
tom:0.022197241072951783
92:0.05126917998101607
has:0.01245350261855615
feel:0.017814483533603376
toyota:0.06223756521019874
which:0.01510985184231015
were:0.00907194910802514
if:0.003919008302709996
of:0.0022741588955057152
highway:0.06173979194214265
but:0.003890545159359124
powerful:0.026908499341879475
order:0.01639951380779235
they:0.005455670318758735
newer:0.02874764162201069
one:0.005750356185822353
in:0.007273438089248148
better:0.013077285797084228
and:0.005581833545186986
subject:0.0001561225549240836
i:0.00781456696326178
6:0.034366662369113385
improved:0.06014760276875575
face:0.020989892344710874
driving:0.048972030312294496
will:0.006627516636861312
the:0.005289494806940722
see:0.010347285154451321
when:0.007647218963998455
once:0.0156902409059936
last:0.012749488608535075
sport:0.029326237808296674
imagine:0.023027710844833113
an:0.005250866307378577
cars:0.022351327796324597
jim:0.039606207566653444
here:0.010528660266803484
about:0.005760328539893986
pickup:0.03504650760708172
is:0.0031423699051539634
broken:0.02626457467277758
col.hp.com:0.03412729366835416
mountains:0.03239201935273019
convertible:0.03598959618951518
new:0.010081868800488577
engine:0.04773156748234919
91:0.027325242149022693
72:0.030515366018928427
run:0.015654002505189443
drove:0.030869895971071325
1993:0.0177172853977201
nothing:0.014940678371350343
article:0.004738788773781292
very:0.010194400536745305
models:0.02610060262561739
difference:0.01875528565400226
magnitude:0.03391841599231861
hp:0.025296184245943418
torque:0.06825458733670832
plenty:0.02725916287853186
s:0.0072565646883744825
