insight:0.1633133147850269
know:0.035253575018808624
all:0.02725908087560832
my:0.027148978895151464
provide:0.09648444795095468
nt:0.020402244334926815
could:0.04311740443788735
anyone:0.047797564275468316
henry:0.13072120695593442
great:0.07203573396379076
m:0.03910899177474492
a:0.003990011788132557
those:0.05302616155107315
pain:0.12648571429476035
ve:0.05214667711506955
royal:0.17444087954964754
always:0.07591303137139165
were:0.0443229513563514
things:0.06384931223257856
shut:0.1348324692319364
subject:0.0007627701969148084
i:0.02181699511375942
stupid:0.11033389117904435
any:0.029236779036823063
the:0.004307160057080302
thing:0.06468378386071304
seal:0.16889356485133447
can:0.02470188549822038
maybe:0.07565465949549496
thought:0.07670246871976322
is:0.007676360768304683
