school:0.019763719977152747
replacement:0.05367201765307177
ask:0.01584001404541504
out:0.0064031364080459775
hours:0.021283556394296858
all:0.005185151253512452
ever:0.014366424221901415
your:0.013694915458491984
much:0.018991270321303603
c:0.014054878779505215
4:0.013501464696623255
from:0.004600936165381389
blew:0.0304054628286504
work:0.02201165721728591
reach:0.02368643189690423
sell:0.018913436407503086
my:0.005164207942012507
to:0.004494127695948361
stop:0.018064962579242595
changes:0.022162550542044503
cylinder:0.030808223546877147
been:0.007974132539246953
make:0.009565654800813606
that:0.001885351225187374
rod:0.030808223546877147
through:0.01287751790230884
smooth:0.029887472721018202
nt:0.01552344677657475
clutch:0.08429790600096401
need:0.010441315171180632
master:0.025845130800481786
had:0.025017529657860898
supposedly:0.025212465844805635
this:0.002853165425931625
slave:0.02974811168507615
th:0.03161819952057545
on:0.002755482745865706
you:0.0030206466815691406
pulled:0.054421940169234295
more:0.006909886009895249
sure:0.02371786978433917
a:0.005312787435285199
j:0.016598525323526427
as:0.004348446522918578
standard:0.01654372032859911
let:0.012527922514961005
oil:0.0487153069218653
andrew.cmu.edu:0.0221455402539525
ride:0.022949454004368926
brake:0.029679748738299733
dual:0.03017739652919914
are:0.006988167191317668
it:0.0037266894536953474
not:0.0032766848292172003
couple:0.034304258637549115
have:0.0027785359410198523
made:0.01263901930390218
try:0.013241248219257568
expect:0.018783810234556456
doing:0.014569037528072365
has:0.00578681779286169
open:0.017961742275833494
usually:0.017922558381448985
uses:0.01855975614041542
sun:0.019720066870102398
be:0.018862867080569716
were:0.008430996181914669
if:0.007284243693080536
of:0.006340453877143651
sit:0.02530279672108847
kit:0.02804874551846094
bearing:0.030808223546877147
they:0.0050702153505855635
up:0.00730141505626296
tim:0.022162550542044503
in:0.0019313011075488096
shock:0.032126493314112534
replacing:0.03048366248871616
replace:0.023893277341601755
pull:0.024565708822731656
world:0.013702449395286287
use:0.009036845259496457
and:0.003112478922479265
for:0.0017682003419134456
subject:0.00014509215702183858
car:0.03324612325960206
i:0.00414997189663902
draft:0.026836008826535886
top:0.01837843601177889
addition:0.02155089467794236
the:0.00860261587487506
do:0.007807803466374963
original:0.01677265224605152
can:0.004698728219770181
because:0.009590882059209315
wheels:0.03003050157056914
arm:0.027210970084617148
road:0.01962311079331799
e:0.01690700921768384
maintenance:0.030725248154861995
hold:0.0188575033312175
unit:0.02331598270434465
is:0.001460177320057956
weight:0.02415727011414826
engine:0.022179614237722044
questions:0.016435740963290823
type:0.017611481034411392
does:0.006622221817051768
light:0.018979427640251595
1970:0.031065032703673594
too:0.021223020302874963
every:0.013218198515964109
replaced:0.023508953837262633
side:0.01750197868788692
lots:0.019829864192480222
mine:0.017745864373912967
