another:0.01945180114375946
saw:0.029801584062591705
thanks:0.01748584776242248
with:0.00513006470868024
4:0.021791837755953326
insurance:0.03895107912849784
vehicle:0.03860247975437929
wheel:0.04262713842818155
work:0.03552758708754919
my:0.016670425637373705
to:0.0012089466316586234
within:0.028389914178270328
experiences:0.0828966068439347
80:0.035058435328625515
front:0.03085044674882398
die:0.03305047694238902
make:0.015439302485523715
that:0.003043023030126989
could:0.01323779960812331
its:0.01813881189503658
seat:0.04351139017486545
me:0.01901032772639552
had:0.01345972355861522
these:0.014531894500867917
on:0.008894891670864736
am:0.014336283830713732
market:0.03430574750064055
3:0.020539174952961575
a:0.003675010857490513
how:0.011538271905518633
other:0.012099192875718515
wondering:0.03156959212155523
price:0.027457405279333005
was:0.023301608792141725
said:0.019223726567223088
drive:0.024770208322859547
are:0.0056395735228177675
early:0.03072579911222176
it:0.012030015078595507
not:0.005288684285754078
namely:0.046870971335006735
have:0.0044846545012952
engines:0.04364531536899517
being:0.017068455525659193
probably:0.020940558903764984
agent:0.04364531536899517
relate:0.05057511367206415
has:0.009340126963917113
usually:0.028927638089356254
anybody:0.02666311530625171
if:0.011757024908129987
ryan:0.038990681587748065
fire:0.03155257576350413
now:0.014490477174370563
good:0.014210612731223676
one:0.00862553427873353
difficult:0.03269480944770174
in:0.0031171877525349207
replace:0.038564587989953714
5:0.022797130586997217
or:0.0059150127868691695
and:0.005023650190668287
for:0.002853937393965561
subject:0.0002341838323861254
car:0.026830204735819204
i:0.005023650190668287
power:0.07110145474133005
any:0.01795240818050539
the:0.002644747403470361
do:0.01890310312911833
last:0.019124232912802613
myself:0.029235456684191957
long:0.020879923202706884
maintenance:0.049591628600829885
engine:0.03579867561176189
window:0.0305876556300451
items:0.04064573903227729
does:0.0213769967427636
expected:0.03639796722559941
2:0.01709131186048604
their:0.013277926478786964
1:0.017180034139690426
opinions:0.05009842378105337
bad:0.024040360059178804
range:0.03508382443411994
s:0.005442423516280862
