some:0.029936842952137284
read:0.058128283638408246
take:0.05450638795732573
to:0.010601532000698698
most:0.047605011896590714
us:0.052817343235512716
enough:0.062362782741984514
that:0.008894990395755815
like:0.02986254008996598
re:0.00958821801995309
this:0.013461088163369718
imho:0.11101722195784745
more:0.03260048784155707
other:0.0353668714828695
old:0.06789520723954677
let:0.05910609596802115
are:0.016484907220544243
it:0.008791164865127486
chuck:0.25555323067483904
get:0.03370189680233647
of:0.00997131208029429
please:0.04911321427962192
and:0.004894838647317819
subject:0.0006845373562055973
back:0.05400914666839839
tired:0.12661091343801548
would:0.023914093489855796
cars:0.09800197572234631
newsgroup:0.0985683036044705
warning:0.11000361070767732
discussion:0.08815056267923567
appropriate:0.10369250636052581
already:0.07450734157172696
s:0.0318172451721035
