radar:0.2124236780899076
know:0.025705731784547953
own:0.047218554907249896
my:0.019796130444381277
to:0.008613744750567693
legal:0.07873573320486302
that:0.0144543593931032
bit:0.05677258745949374
like:0.024263313823097356
nt:0.014876636494217468
uk:0.09003415593039138
off:0.045488696832423965
illegal:0.08561998178381848
a:0.008728150786539969
are:0.013393987116692197
it:0.021428464358748248
not:0.012560625178665935
being:0.04053758187344059
allowed:0.07982985891910148
switches:0.11178674141755887
his:0.038425605031359514
cops:0.10138263875209287
but:0.02772013426043376
detectors:0.1159673809063537
in:0.003701660456135218
gun:0.0762711561625917
use:0.06928248032280616
subject:0.0005561866019170479
detector:0.11019215647751025
the:0.003140637541621054
did:0.03424814673839511
just:0.024466428405539288
is:0.016792039180666494
guys:0.08093074394773439
whenever:0.09881737447285072
