some:0.009811234244818102
there:0.007712428450228129
agate.berkeley.edu:0.049351331840074876
technology:0.028299728452243215
help:0.017983972437326023
access:0.028171234185029623
i.e:0.029029739470381538
own:0.019046139794520967
funny:0.037821564290388424
someone:0.018516454745067395
post:0.021702334491018323
single:0.027322913197582982
to:0.0057907527734908865
gm:0.04137075190498242
software:0.023662066289758456
ai:0.04077872114069157
next:0.022507395157556093
class:0.0333459636274706
that:0.005830329839234904
finds:0.04418599095672656
nt:0.006000660098507886
its:0.017376676941463613
re:0.0031423571662031135
on:0.004260578363355377
henry:0.038447413810568945
ownership:0.044716906096403296
used:0.016592130322158533
market:0.03286432953842876
taxes:0.08002850483254739
temporary:0.044272180033761765
a:0.005867664394312585
was:0.014881699732796396
worth:0.02953919007388099
therefore:0.028848113618108115
mind:0.025459292462270057
reason:0.02245556238662628
it:0.005762276130083562
have:0.008592447279792484
only:0.011206186876212491
hughes:0.04298918137654363
left:0.024574833474794635
mother:0.03579499238436415
ruling:0.04763624481197811
after:0.0162118797282769
heard:0.022711322348066172
salt:0.04666084841489615
writes:0.005556826815273633
were:0.013036162163632766
of:0.0032679090011048513
but:0.005590615313028657
in:0.0074655336930458185
government:0.02261861292954872
seven:0.04049764606449375
or:0.005666482837841053
subject:0.00022434417556317895
purpose:0.031604046152475515
car:0.12851442604552057
i:0.0048125724515645785
we:0.011325579039613192
fees:0.049351331840074876
similar:0.026594607461064713
pay:0.028007076151242715
any:0.008599052657889137
victims:0.04214106441360278
agency:0.0367650442133269
the:0.004433841235229724
can:0.007265260440653053
greece:0.04725708149029349
named:0.03917072985066343
last:0.018320693714785695
tax:0.18619556095235265
different:0.021237116790010484
is:0.002257753167148436
stuck:0.07992443810569157
time:0.013273193024400954
keep:0.022263988101898495
electronics:0.07580473292866662
build:0.03135826103376768
every:0.020438222915440302
afford:0.039706778068103174
article:0.006809520002660512
s:0.010427500518588543
