go:0.04744956711692993
there:0.022384853306759694
with:0.028528164721441335
think:0.03511580554947696
could:0.03680754037380628
re:0.009120500067760258
617:0.12703344912905848
you:0.013556072912407851
other:0.0336416582398027
series:0.087496350262626
40:0.09328066312255606
starts:0.10908444815593585
no:0.02745721307762219
internet:0.06967155958816112
it:0.016724655109266927
be:0.014108811149694422
comparison:0.1138280651206635
listed:0.11072671937712092
if:0.016345132189351446
of:0.00474245330648143
subject:0.0006511452900492268
300:0.2029034456186513
i:0.004656066030375486
any:0.02495822600704408
the:0.005515265926749168
around:0.057736449589113066
can:0.021086975425310083
road:0.08806469234074416
wagon:0.15267271863572984
cars:0.09322139154076846
ma:0.09783458354237845
is:0.00655299089977229
vw:0.1427833257550429
afford:0.11524650219766532
although:0.07706681601840874
laboratories:0.13788891854864896
