believe:0.02311353064181213
there:0.019527212459088242
know:0.013126331124024487
technology:0.03582625197677598
with:0.006221567838186674
v12:0.06659129217090344
such:0.020457629824125516
post:0.027474231962033833
to:0.0014661693192455647
bet:0.04589012037244265
gm:0.052373611454179875
software:0.029955169026396347
that:0.003690474738664647
v:0.04092179057342566
nt:0.00759658033747275
re:0.0039780904550869205
lost:0.03728198217359415
had:0.016323494528533353
on:0.005393710906800957
curious:0.04559864192363292
am:0.01738655698618474
knowing:0.045681109761976736
them:0.015594246505662136
a:0.007428213435353165
hard:0.02876844045293095
v4:0.24323259648833792
therefore:0.036520484261221973
ole.cdac.com:0.14010646520211809
are:0.006839482782991761
no:0.0239520369400534
early:0.03726320317865192
it:0.010942194566169317
ones:0.03609180830188145
have:0.010877672620162827
engines:0.05293155268154734
hughes:0.05442247429583715
60:0.04331552424884061
ford:0.050856440101000704
which:0.013743535452314019
writes:0.014069412574841752
of:0.002068516867720624
find:0.02251539082631266
in:0.009451047973111196
subject:0.0002840101797023223
v8:0.05823034627717034
i:0.012185023866727335
any:0.021772069495506537
the:0.0008018649042436733
do:0.007641679988366986
thing:0.024084387607712303
because:0.018773641477601213
did:0.017488415355776228
joe:0.04233477900981847
v6:0.057577485145507645
friend:0.03694892999673198
cars:0.0813207883653512
about:0.010478895535339058
is:0.002858219435007063
today:0.030203470912748435
recent:0.08081053379755364
electronics:0.09596556615437582
devil:0.05615693841545954
article:0.01724112511311917
era:0.05369478571196055
vx:0.06309656805417964
s:0.006600385966553386
