some:0.01716965992843168
computing:0.06415384528204474
know:0.018145222436151496
where:0.027168482326967083
from:0.012449591976914347
france:0.07536178722391085
both:0.033025060033944675
to:0.00405352694144362
add:0.05053265318311351
us:0.09087689939051453
nt:0.010501155172388801
re:0.005499125040855449
se:0.07422514495476899
uk:0.12710704366643488
this:0.007720329976050279
these:0.024362293722043273
fi:0.08978574682702448
a:0.0020536825380094046
wondering:0.05292549267437201
markus:0.09425166467699833
was:0.013021487266196848
sweden:0.07825458566870577
are:0.03781831656477797
com:0.17058968043195538
fr:0.09574846900508571
have:0.007518391369818424
feel:0.044798186533032025
writing:0.05885968742864168
free:0.042463349913599055
list:0.04281806760178793
writes:0.009724446926728858
of:0.002859420375966745
what:0.013535913279362223
please:0.02816787289566551
in:0.0026129367925660364
extension:0.07447024866778681
system:0.03287091660650772
and:0.0028073339300793373
subject:0.0003926023072355632
finland:0.0797685263930064
i:0.008422001790238012
zealand:0.08012722423306756
the:0.002216920617614862
do:0.01056349880744848
country:0.04956991335323724
just:0.01727042005096891
people:0.02213636970695761
lee:0.1255044499816093
extensions:0.17007815858748865
ch:0.08978574682702448
switzerland:0.08313890677197952
image:0.05442739701373054
article:0.011916660004655896
clue:0.07459434967728483
sometimes:0.05153685771055662
