above:0.013962338616043821
at:0.004517769294638108
there:0.004706558900395627
know:0.03163782373482825
all:0.014677966625327558
take:0.010901277591465145
ever:0.01355601054784544
where:0.009474137426839804
with:0.008997344258300729
much:0.008959983946461187
v12:0.06420083552887101
hell:0.01750451756144562
work:0.01038498699482207
chevy:0.030733091286210126
both:0.011516431191324297
to:0.0007067688000465799
h:0.018118882688689827
engineer:0.022864642767856123
calls:0.020555331617735526
that:0.0035579961583023264
think:0.0073833232180951554
v:0.019726401609753908
european:0.022725406926492272
nt:0.0146477651635372
re:0.001917643603990618
89:0.024262115970074306
he:0.01630905853866908
personally:0.02009663900054616
big:0.028469544142231358
curious:0.02198088379908459
you:0.0057005024554740704
disclaimer:0.01925156680550865
am:0.00838121208564803
legend:0.030214649661228745
knowing:0.022020637526286222
m:0.014039125252472534
more:0.006520097568311414
a:0.0064454036577525926
viper:0.031959910204496456
v4:0.05862529248693273
below:0.019035250836091755
also:0.007607677598356751
ole.cdac.com:0.06753850117435437
promises:0.028617541156306246
whole:0.01534315628219123
sc:0.02757534504546897
straight:0.020495700653657994
are:0.016484907220544243
play:0.016420093501438162
it:0.0017582329730254972
not:0.009275538593476384
have:0.005243596032283619
engines:0.025515722831104874
japanese:0.02567599228497208
only:0.006838647375739931
real:0.01311586591793973
has:0.005460381917366928
dodge:0.059487683432681876
ford:0.024515412151251623
which:0.006625088884705219
callison:0.15716739322606987
writes:0.003391089184705448
of:0.0069799184562060025
even:0.008611074091107824
uokmax.ecn.uoknor.edu:0.0633798846809373
oklahoma:0.031071337274886007
but:0.006823417664106772
killing:0.020754064880798263
exceptions:0.029654653292177507
now:0.008471355886555098
one:0.010085240079749975
in:0.0027335338752998537
gon:0.024515412151251623
use:0.008527074501268451
truck:0.026372410444762136
and:0.004894838647317819
few:0.02344233334262858
still:0.010470302985792549
for:0.001668455707241405
subject:0.00013690747124111947
p:0.03452439015006513
v8:0.05614002615440012
car:0.01568535046094046
i:0.007831741835708509
6:0.015068459654149715
person:0.01438561250807103
away:0.014199915827300874
rare:0.026012388605412145
any:0.020990508026437073
will:0.005811822281555305
the:0.0023192400307355475
do:0.014734726541671727
thing:0.011609909923717725
law:0.015419698078174185
na:0.022350274200155788
v6:0.05551060106336122
an:0.004604605838778137
cars:0.019600395144469263
just:0.00602250545367121
about:0.010102730054583299
is:0.0013778083430290456
today:0.01455962187588899
production:0.024613719413342495
center:0.01675195299216825
devil:0.027070524159247163
man:0.01486179148100102
article:0.004155553232392826
u:0.01939304350560521
vx:0.030415781523553266
range:0.04102108703066332
s:0.01590862258605175
james:0.035483013001405404
