another:0.022175053303885788
at:0.008809650124544311
ideas:0.0359699363703947
there:0.01835557971154295
know:0.024677502513166038
thanks:0.01993386644916163
where:0.01847456798233762
own:0.022664906355479953
your:0.012599322221812625
with:0.005848273767895473
into:0.017908039029823863
maxima:0.26043583569383316
throw:0.042633705765348105
my:0.019004285226606025
to:0.0027563983201816617
then:0.015958803497758033
owners:0.043176474633892487
appreciate:0.03839213335414494
really:0.01951395743190926
need:0.019212019914972362
se:0.05047309856924292
comments:0.036840050140291
89:0.0473111261416449
this:0.01574947315114257
on:0.015210264757178698
you:0.011115979788174437
a:0.0013965041258463952
how:0.013153629972291244
oil:0.13445424710434822
question:0.021829860833471045
drain:0.11635497423571767
also:0.014834971316795665
stuff:0.08770249658020865
hands:0.040053699553550925
manual:0.03929597396882763
it:0.0034285542973997198
should:0.016428121422334796
have:0.005112506131476529
plug:0.047432339746968345
transmission:0.04845888128756918
if:0.013403008395268185
of:0.003888811711314773
gear:0.05080926467723277
again:0.02441869138108018
now:0.016519143978782444
one:0.009833109077756225
in:0.005330391056834714
nissan:0.058177487117858834
or:0.006743114577030853
use:0.016627795277473482
subject:0.000266969568920183
car:0.030586433398833896
i:0.011453922434723695
any:0.030698617988664217
the:0.003015012039956212
hello:0.038692907906517714
got:0.02212153821630574
would:0.00932649646104376
can:0.008645659924377134
7:0.03191528528931306
an:0.008978981385617367
cars:0.03822077053171507
just:0.01174388563465886
mix:0.05160969175396813
is:0.005373452537813278
2:0.01948409552095409
first:0.018775548293910413
changing:0.042824187715055057
