some:0.012289861843508991
know:0.025976318434911615
all:0.01004281926996096
hand:0.03323409953108077
your:0.01326244444401329
with:0.012312155300832576
to:0.0014507359579903482
manufacturer:0.052787228054934014
that:0.010954882908457163
really:0.02054100782306238
finding:0.04693268778665204
me:0.011406196635837312
generally:0.04070262624445368
had:0.016151668270338263
reply:0.03780206862479099
best:0.05126686484129335
big:0.029218742672290077
you:0.011701031355973092
am:0.01720354059685648
market:0.08233379400153731
brand:0.047426971819154895
a:0.004410013028988616
price:0.03294888633519961
as:0.008422254318073879
steve:0.10127854253161221
let:0.024264607818450787
reputation:0.06069013640647698
computer:0.028217925317529632
no:0.02369991023542126
not:0.006346421142904893
have:0.016144756204662724
whether:0.03007851141980868
left:0.03078321245790065
after:0.04061502500347266
exists:0.039280348031772154
heard:0.028448919572840785
sort:0.03302590850169505
if:0.014108429889755985
of:0.008186972023820575
industry:0.04794561444027892
but:0.0070029812868464235
please:0.020162266914792153
who:0.027222165773344173
good:0.034105470554936825
one:0.010350641134480237
in:0.0056109379545628574
or:0.007098015344243003
and:0.002009460076267315
few:0.02405923685164512
subject:0.0002810205988633505
i:0.00401892015253463
power:0.05688116379306404
any:0.010771444908303235
the:0.0023802726631233255
thing:0.023830867738157437
hello:0.040729376743702854
may:0.019589742394103483
makes:0.02939976718159973
interested:0.03028501279384126
ma:0.04222334658144754
is:0.0028281329146385673
object:0.04452602416982066
type:0.03411065800349154
experience:0.0348655028925805
first:0.019763735046221486
taste:0.05422897389780936
regarded:0.05648172197939817
bad:0.028848432071014566
