tv:0.03574208543633644
since:0.03775135138497512
stored:0.046307796881040954
at:0.004155495341766184
cable:0.020366261619760608
there:0.004329146158382771
all:0.009000639911757464
case:0.01165854295899413
stand:0.018574238464464446
with:0.008275859105512462
shape:0.02249021975135474
matthews:0.1469854360820002
o:0.0165140518103768
apparent:0.022826198568752707
work:0.009552228603727847
learning:0.023433505091131512
wire:0.02404796355734803
except:0.015209251976433082
via:0.016123732917998325
to:0.003250469717195356
otherwise:0.01676124920571715
then:0.007527737498942468
mail:0.02890863683807411
been:0.006920945222742637
make:0.008302266430894828
that:0.0032726851456082715
like:0.005493580488248458
nt:0.006736590110589042
attention:0.020022068129823857
harry:0.02461380938319227
winner:0.026001731425635385
voice:0.017106105195453622
this:0.0024763322564689575
bitnet:0.023020074397458137
reply:0.016939606223373323
you:0.002621693346267556
machine:0.01534339318077522
inside:0.03541561817994516
paint:0.023020074397458137
a:0.004611098528738097
was:0.00835340692548477
as:0.003774123397250087
part:0.011552934492515458
local:0.014416903075075245
brake:0.025759781923807314
college:0.019431675946078548
prices:0.020577648486693592
70:0.08116673315778503
are:0.006065201713219108
no:0.015930364191261932
internet:0.013474216712804746
early:0.01652236367355321
d:0.008593604822533185
it:0.009703455558678452
not:0.005687830269584574
have:0.0024115594959794946
completely:0.01696695111811071
has:0.015067563309715344
call:0.01253281178301277
cylinders:0.029271293598087958
disaster:0.02594007066352523
be:0.0054571816711082195
were:0.007317468384303297
if:0.003161086885676459
seen:0.012228607974633739
looking:0.012235308233050206
but:0.021966898847890905
parts:0.03442165105109774
shop:0.022922140475531587
excellent:0.018372950062926354
seems:0.011115505138589991
they:0.004400564266545961
now:0.007792049046595491
good:0.022924667707917443
box:0.014945938729748146
one:0.004638258998941615
in:0.000838111801389106
resources:0.02081959798852166
u.s:0.016640294344333482
or:0.009542143269383283
and:0.004502328001070636
for:0.004603993343095387
subject:0.00012592904194348253
p:0.015877962451091274
car:0.04328268877193476
i:0.000900465600214127
top:0.031902190812899196
collected:0.026886630547780663
will:0.005345779928789077
the:0.0024888071084544204
would:0.0043992907835112074
wheels:0.02606420891030529
fancy:0.025204201566937586
needs:0.03159760908178629
ny:0.03963389935455584
cars:0.018028665345148614
ready:0.019884336268067907
dirt:0.026256765488231026
including:0.014999847672312404
company:0.015877962451091274
priced:0.027196051691581666
is:0.006336618558742074
mg:0.027196051691581666
new:0.016264146838524028
engine:0.038500462450385436
dust:0.025473816726559982
mostly:0.019250231225192718
time:0.014901037451921825
insist:0.024949167504341944
sale:0.014975812047658629
run:0.02525315498478674
sold:0.019370415589820004
too:0.009209989942757058
show:0.014198437121390718
very:0.008222841942374751
little:0.011062918405181435
satellite:0.02308651184973049
passed:0.020385091908767857
three:0.013766452860719211
side:0.01519039659703393
project:0.01816809365760873
by:0.009343730894501566
mine:0.01540207096603767
everything:0.02914775928229484
s:0.020486103613170416
driven:0.02220425455410741
