there:0.009270494803809572
uiuc.edu:0.05790127816512851
know:0.024926770215319232
thanks:0.0201352186355168
v12:0.2529123823864616
ca:0.02077321814234668
from:0.008551234893234097
to:0.001392120363728112
remember:0.02810731350021447
add:0.03470929713587595
mail:0.03095268186702885
uxa.cso.uiuc.edu:0.04503641757304994
v:0.0388550334737577
nt:0.021638743991589045
re:0.0037771767957390967
boulder:0.0556804753761081
curious:0.043295680210318134
hat:0.0540854952806959
am:0.016508448047488543
legend:0.05951370387817784
knowing:0.04337398300632135
inc:0.036979954503074765
a:0.004231830684383015
hard:0.027315488914904137
v4:0.11547406095910993
was:0.008944051859609956
ole.cdac.com:0.19954557165150152
are:0.006494054359608339
yeah:0.03994164085038538
co:0.046110967103944606
have:0.0051641476075520495
engines:0.05025824194005506
university:0.023740809107057108
cka52397:0.06120111887477548
list:0.029410389867894744
which:0.026098835000353898
writes:0.013358836182172977
of:0.005892138956537535
please:0.019347629867729848
in:0.001794744463580712
bmw:0.044762165158242356
or:0.013622453690971422
subject:0.0002696662312325081
v8:0.11057883939503055
i:0.003856539540311009
ago:0.028900663892572166
any:0.02067247002603651
research:0.03118516647006846
uiuc:0.06075211117203978
the:0.005329566737296334
do:0.014511473109222156
country:0.034048021293132655
auto:0.04772834939499271
v6:0.10933906270055999
cars:0.03860683892092431
about:0.009949658387089612
is:0.005427729836175029
today:0.028678043088872254
right:0.019594682765558584
devil:0.05332072940457775
illinois:0.048678988703785425
under:0.02451841845561252
show:0.030404734037725582
article:0.008185180609258597
construction:0.05280787763312903
vx:0.05990987269790795
high:0.028255796218601227
while:0.021922651574530532
s:0.018801099419879345
