folks:0.018609124875853155
say:0.009535401880741425
there:0.004611954701392701
posting:0.016578836969629352
all:0.009588621413530564
take:0.010682156433847756
900:0.05526929628811406
with:0.002938831039143454
someone:0.011072653842527739
from:0.004254131931809927
post:0.025955555823428948
avoided:0.02897267818399655
single:0.016338827490011934
to:0.0013851247840108852
design:0.018910387977012274
experiences:0.023744254221629537
happily:0.029804409030617523
that:0.0034864786475826814
problems:0.013784287617546598
like:0.005852457605571222
through:0.011906850723742849
could:0.007583463092090741
re:0.0037581960078208096
avoid:0.019430901975995472
so:0.005134726620024724
comments:0.018512588010196483
had:0.007710595405437865
this:0.0026381027053840153
comparing:0.053813708872250184
hi:0.015834254572936707
on:0.002547783041403467
western:0.020555415897966833
you:0.002792959745772472
took:0.01696181746943055
etc:0.02333993957244458
more:0.006389040330757417
a:0.003508804336297475
how:0.0066098643076840415
series:0.0180268862350134
was:0.00889910687539081
as:0.008041348343889632
old:0.013306095891167458
82:0.026172720674831142
handling:0.0727510638046147
hands:0.020127487212839662
plus:0.017969345999897843
overall:0.023284493716982973
flaming:0.027700336996154283
are:0.006461420920615332
no:0.005657013749660853
it:0.003445783213467055
comparable:0.02544712014778645
wins:0.024739293852728182
analysis:0.021637015756293954
hundred:0.023122378831464275
have:0.005138197117061837
try:0.012243164182630113
reliability:0.05526929628811406
after:0.009694541144044982
quality:0.019317406234041958
feel:0.030615846072825907
without:0.011292514999007512
be:0.0058136809762559935
comparison:0.023452013416820117
writes:0.0033229265880279513
down:0.011881234055040995
if:0.003367590049062358
of:0.004885441848385393
but:0.0033431317701025642
years:0.011204901623017053
conditions:0.022788104045828282
they:0.004688038314109265
now:0.008301077376272585
in:0.004464314117952022
compare:0.02165683876278147
bmw:0.1781489186197384
5:0.013059662748330066
or:0.00338849978745269
and:0.00863360987541987
still:0.020519689268638664
for:0.006539675636423598
suck:0.027700336996154283
subject:0.00013415556227144873
i:0.007674319889262108
pounds:0.02763464814405703
back:0.010584707136017776
world.std.com:0.023095860956585664
any:0.005142147066777926
sick:0.022569056628366665
driving:0.042081493383931454
noise:0.023017136751839938
tired:0.024813194090867356
the:0.006817866422011535
see:0.008891385735734553
would:0.014060044916146373
edwards:0.06319349086463939
wars:0.02421718533504903
snow:0.05488516349595127
just:0.011802900135335538
jonathan:0.04804528009541775
measures:0.025489526522891298
ma:0.020156873996168424
worry:0.02209227653695841
is:0.004050341108904481
87:0.02657901261769092
new:0.008663314396399733
turbo:0.024964337082009454
their:0.007606450344631728
engineering:0.019430901975995472
nice:0.01587808772238572
article:0.004072024524204025
little:0.011785621617580223
hp:0.021736922140986558
s:0.012471081022231524
