transmissions:0.048647050284259724
believe:0.017243427621669367
go:0.015439938506302596
large:0.023762175554663298
at:0.0069917858131304045
keeps:0.03789044603413334
racing:0.04756311746675376
case:0.019615961169101234
with:0.013924461352132078
c:0.020524584884356822
to:0.0065628531432896705
otherwise:0.02820146691755584
look:0.018818796224411988
that:0.005506422625944076
movement:0.037359539408498184
nt:0.0056672900930352255
could:0.011977056788302042
re:0.0029677817680807184
prefer:0.032591492897157466
something:0.01579889934256764
on:0.00402387956539119
fun:0.0653373437291085
more:0.010090627189053378
a:0.005541683039072996
want:0.01502061879136652
was:0.0070274693182649645
as:0.006350112382674749
granted:0.037359539408498184
drive:0.04482228172707918
plus:0.028380157571267228
far:0.01975696882636033
brian:0.02965140884745062
manual:0.12474912371056389
d:0.014459081129976471
it:0.005442149678412253
not:0.004785000068063213
should:0.03911457481508285
made:0.018456980570777787
shift:0.1153782887799266
only:0.01058362093864513
transmission:0.03845942959330887
able:0.020932263699291024
always:0.0210869531587199
doing:0.021275419882264404
be:0.027545774149403394
stick:0.0335422960702735
if:0.0053186541251064225
of:0.0030863585010434706
available:0.02143701450646214
manufactured:0.045625046351578824
who:0.010262324398681334
speed:0.02665448545147445
or:0.005351678235738772
and:0.001515069105122182
for:0.0051642676652710155
subject:0.00021188061025411345
i:0.006060276420488728
faster:0.03095477005868517
any:0.00812132751022863
driving:0.13292408227622793
allow:0.027827576756941207
physical:0.03386628015376759
normal:0.029939386305702722
the:0.004187516722161405
automatic:0.14624312506955822
would:0.0074019813182886985
can:0.006861634860616772
drivers:0.03120875998794052
radio:0.02847103460926719
road:0.02865597131722627
instead:0.024347097710989217
an:0.014252351405741851
human:0.025443193422512504
people:0.011946612222802518
lazy:0.0480865934016093
is:0.008529289742560758
move:0.02807004059978585
time:0.012535793411934235
