some:0.010241551536257491
there:0.00805069285593989
all:0.0083690160583008
modify:0.046870971335006735
where:0.016205761388015452
height:0.04706810164949848
shape:0.041823917432343906
hell:0.029941937934051713
store:0.03915090393842608
to:0.008462626421610364
width:0.049591628600829885
bunch:0.03558072825573969
bowman:0.05490860933390283
like:0.010216132136040992
through:0.020784765737059882
talking:0.028593782283879546
nt:0.00626384694493367
its:0.01813881189503658
seat:0.04351139017486545
re:0.0032801798489313205
this:0.004605109108521219
set:0.023240478808122113
etc:0.020371263047879257
them:0.012858413785370533
m:0.024014293195018806
more:0.01115279847211163
a:0.007350021714981026
want:0.016601736558878786
looked:0.03267546670596214
as:0.007018545265061565
local:0.026810381157157472
drive:0.024770208322859547
overall:0.04064573903227729
success:0.039314107340452695
are:0.028197867614088837
those:0.01627996187971544
it:0.0030075037696488767
have:0.0044846545012952
ve:0.016009944728310826
tom:0.03329586160942768
without:0.019712372673706097
writes:0.00580054728962774
get:0.02305919254896706
if:0.005878512454064994
of:0.0034112383432585726
looking:0.022753380222865296
what:0.008074053535058167
but:0.023343270956154745
they:0.008183505478138103
find:0.037130644520585794
in:0.006234375505069841
use:0.014585785331117087
and:0.0033491001271121917
for:0.002853937393965561
subject:0.0002341838323861254
summer:0.03948040482944054
car:0.026830204735819204
i:0.01172185044489267
we:0.011822314962403244
the:0.001983560552602771
do:0.006301034376372777
original:0.027071649239241047
would:0.008181137246529614
can:0.007583912214365906
pair:0.04479738556251348
generic:0.04835409703714651
put:0.02181981841707701
68:0.04768755399348052
places:0.03346334984465206
just:0.010301654065490226
about:0.008640492809840979
jerry:0.042809261160185304
seats:0.14685317172315046
type:0.02842554833624295
article:0.007108183160671938
going:0.019103646351313005
concern:0.04040928455869371
s:0.005442423516280862
