another:0.05156989140438555
mode:0.04452773542416547
go:0.02262130525342008
all:0.0110938119842592
thanks:0.023178914475769336
owned:0.058593946020788094
into:0.02082330119746961
led:0.049017201032911586
my:0.011049003038724433
to:0.0016025571628963148
then:0.018556748253207012
lock:0.05878614720626729
remains:0.053690159637300366
enough:0.028280796824853443
been:0.017060934735133013
that:0.004033774714354382
scott:0.04444275643222682
starter:0.06993556983758067
on:0.011790902912541626
relative:0.05724557531038265
etc:0.027003767296025993
a:0.0032476840135962676
want:0.022006953112932343
was:0.01029605969885332
standard:0.03539586674956089
let:0.026803927241311917
question:0.02538355910868726
stuff:0.03399321572876304
others:0.031352653756609256
desired:0.06350085776566454
not:0.007010581495069359
ve:0.021222484872412028
has:0.012381098533564547
which:0.03004400773296553
recommended:0.05707705196965514
get:0.030566836634677262
kill:0.04296083844887658
of:0.004521874082924155
interface:0.04910115740469631
what:0.010702815151123618
but:0.015471702843032797
highly:0.04856597342335582
one:0.03430154329449846
door:0.0491857243736391
and:0.004439504819660347
for:0.007566252625862186
subject:0.0003104297313025383
austin.ibm.com:0.060675902200427456
car:0.10669686069360661
i:0.004439504819660347
we:0.01567144076411593
assumption:0.05515388342670738
any:0.011898689142893108
flash:0.06394529047287616
the:0.005258741930156184
satisfied:0.06307278831074924
about:0.0114536765153706
alarm:0.06968549768384855
is:0.0031241003126821383
discussion:0.0399752551684906
new:0.020046506568413336
2:0.02265592502436522
light:0.0406071475093755
sensor:0.0685099614411582
before:0.024723189153751678
s:0.014428750717581821
