out:0.031004660502117365
existing:0.11393872779884343
with:0.015390194126040719
someone:0.05798573985955315
to:0.007253679789951741
mail:0.08063988170620673
me:0.02851549158959328
contact:0.09158084997317283
you:0.014626289194966363
m:0.03602143979252821
a:0.003675010857490513
low:0.17872602841999052
want:0.049805209676636354
are:0.016918720568453303
buy:0.15825479606547188
92:0.2307113099145723
selling:0.10973097724604053
netcom.com:0.08471145196634576
toyota:0.28006904344589434
if:0.01763553736219498
looking:0.06826014066859588
please:0.050405667286980385
miles:0.2112713044689908
one:0.02587660283620059
or:0.017745038360607507
subject:0.0007025514971583761
i:0.005023650190668287
will:0.05964764973175181
an:0.023628898383203596
wanted:0.08013578919858164
by:0.026064091442557002
