read:0.023371165586576512
fast:0.035894823968536466
thanx:0.050027503255075226
probe:0.11477184089700986
ec:0.12741317023487395
work:0.020877035711240242
both:0.023151588477404516
to:0.007104119381911499
slightly:0.04463579027171186
motor:0.05194927172977089
bit:0.028093651526347418
its:0.02131777892818732
sum:0.057243721251264354
re:0.007710113459343722
so:0.01053412986994763
uk:0.04455298437792563
this:0.005412190086303288
comparing:0.05520066013184426
best:0.02510490804083953
on:0.00522689510555969
you:0.00572988648874971
etc:0.04788296881357187
fun:0.04243559438076119
more:0.05242965054930828
a:0.005758779900397505
as:0.02474579876959851
handling:0.049750727481506274
harder:0.0504571186818852
drive:0.05822275770733997
mazda:0.06270000295698423
are:0.0066279523876415
it:0.0070691841183499375
rated:0.05892748471624682
only:0.013747796270817387
has:0.010977056431820113
ford:0.049283560510248105
be:0.005963518114819292
if:0.006908767214055766
of:0.004009084238468838
even:0.01731092214191779
but:0.013717179840214644
powerful:0.04743663286042671
they:0.009617728087708697
up:0.013850106910849326
in:0.007326998016267648
thoughts:0.04426829193428673
and:0.0019680279097463393
subject:0.00027522635971152884
car:0.031532405565808136
i:0.0019680279097463393
later:0.032942392051110346
the:0.006993584628764409
instead:0.031626126923553
an:0.009256681840842646
cars:0.03940285621826295
just:0.012107098592431814
launched:0.057243721251264354
prepared:0.04908964987151103
is:0.00830946268734012
engine:0.04207267030660677
goes:0.033227084494749246
vw:0.06035171500986349
article:0.008353947219758772
side:0.03319962967599168
