some:0.029188421878333856
folks:0.09258039625736945
fast:0.08704494812370095
mustang:0.14413907396538284
times:0.07026190353732567
that:0.00867261563586192
re:0.009348512569454263
this:0.013124560959285476
93:0.09152538739511004
you:0.013894974735218047
3:0.05853664861594049
a:0.006982520629231975
how:0.03288407493072811
price:0.07825360504609907
test:0.08939749634949178
whole:0.07479788687568226
d:0.04554610555942589
have:0.025562530657382645
selling:0.10424442838373851
war:0.08842062788932543
explain:0.0898764382003151
rather:0.12867418264564318
for:0.00813372157280185
subject:0.0006674239223004575
i:0.004772467681134873
than:0.03576503205548653
the:0.005653147574917897
would:0.023316241152609402
just:0.02935971408664715
is:0.0067168156722665975
discussion:0.0859467986122548
sean:0.2562300765612969
too:0.048812946696612416
s:0.015510907021400459
