where:0.057733024944805054
v12:0.19561192075202885
mainly:0.15039570253526868
its:0.06461951737606782
re:0.01168564071181783
anyone:0.10455717185258695
dont:0.1520739581281393
legislation:0.16803725887082654
a:0.008728150786539969
v4:0.17862393804612317
as:0.05000713501356365
usa:0.11389442768839765
have:0.01597658166086415
strict:0.1781239273790469
heard:0.08445772998187108
of:0.006076268298929333
they:0.02915373826586699
in:0.011104981368405655
and:0.0059655846014185915
subject:0.0008342799028755718
v8:0.17105164218918786
the:0.004710956312431581
v6:0.16913386261492871
middle:0.1255343842231432
east:0.1272393524809693
sold:0.12832900328255753
vx:0.1853461686591527
