mode:0.15630143863176452
since:0.040833094355177166
know:0.025181125013434728
maxima:0.13287542637440466
to:0.0028126513471241443
86:0.09756133407130747
re:0.0076314388322075615
so:0.020853277497651427
anyone:0.034141117339620226
this:0.010713927313702428
on:0.020694237764868974
why:0.03632086898273482
more:0.025947327057565833
stable:0.10250650687583665
a:0.0028500084200946837
how:0.05368828560118874
was:0.018070635389824195
rear:0.09667663119633575
drive:0.05762864793481609
brake:0.11145048505810512
emergency:0.11304153692483393
are:0.013120640440841337
brakes:0.22720139932673378
braking:0.13215927699050117
of:0.003968175215627319
in:0.007252232730387366
nissan:0.11872956554665068
subject:0.0010896717098782978
car:0.062421292650681415
we:0.027504977667632036
than:0.029195944535091042
the:0.006153085795829003
when:0.02668723352742318
wheels:0.11276759773438208
during:0.05976264305719327
about:0.02010237102697697
is:0.01096622966900669
applied:0.09034693878197168
does:0.02486711865994949
