there:0.013301144718509383
thanx:0.07032851906872895
know:0.017882248197946402
further:0.051417889870744735
to:0.005992170261264482
q:0.06151707889163273
that:0.005027603267166331
re:0.01083885515299045
uk:0.1878973688982081
you:0.016110115635035418
performance:0.054942191791255306
them:0.02124433581930784
more:0.018426362693053998
a:0.0020239190229657898
was:0.025665540118880743
as:0.011595857394449542
usa:0.10564120829068768
also:0.021499958430138643
figures:0.0683932814944605
are:0.009317556255090224
manual:0.05695068691134439
not:0.008737826211245869
shift:0.07023026273560751
ve:0.026451213029383105
craig:0.06615921367087704
heard:0.03916880231043297
get:0.019048898192624963
of:0.008453938502858202
but:0.009641785829716091
version:0.04522421170529833
oh:0.04680748092958657
well:0.02438939000222239
up:0.01947044015003456
clear:0.047793489017197294
one:0.014250882721385832
in:0.010300272573593651
nissan:0.08431519872153455
and:0.00276664793109268
subject:0.00038691241872490284
i:0.00276664793109268
any:0.01483025023606967
addition:0.057469052474512956
the:0.0032771869999524044
do:0.010410404621833284
auto:0.13695961130737036
an:0.013013016500894736
is:0.003893806186821216
guys:0.05629964796364132
new:0.02498550094034126
turbo:0.07199859535246204
wanted:0.04413275347168264
japan:0.07506755519433285
confusion:0.07506755519433285
