at:0.004382910509723537
mustang:0.08605317848679572
stephen:0.020257011340253817
knows:0.017382892592742463
take:0.010575866320078127
own:0.011276072813671618
with:0.0029095889392514794
way:0.008618770246500216
compared:0.04102277239715046
1992:0.019631574800419365
cup:0.02178740595768867
turn:0.017022279277186643
both:0.01117265712591163
to:0.0006856712239257864
5.0:0.07570769817993087
look:0.011796857334706022
that:0.0051776809766339825
mach:0.031005883034212978
think:0.007162925510092314
nt:0.0035526296105593954
re:0.0018604005113341817
this:0.00261185292722099
93:0.03642801488362588
youre:0.04207366189751812
big:0.013809853501828643
on:0.0025224319663646262
you:0.0027651691015359295
theodore:0.027046672414212835
vs:0.016998069378424588
a:0.004168669032377299
beings:0.02523589939331029
price:0.015572856725591855
part:0.012185184638872025
rear:0.023567934968260956
course:0.0121699094522389
mazda:0.03025821038222622
tragedy:0.02783385651975957
it:0.003411496813333054
should:0.008173194737479997
have:0.0050870707775885855
buy:0.014959408583303312
mr2:0.0329563411823524
differential:0.05595614624223807
ford:0.023783608803453066
be:0.002877916702176474
breaks:0.027490608402909063
stick:0.02102651395449981
writes:0.0032898626418784195
of:0.0077389287787358665
piece:0.02144134782981847
but:0.003309866777365225
they:0.004641391166705192
now:0.00821847959143405
good:0.008059750504276115
sounds:0.017724898326173324
in:0.0017679572327809997
or:0.013419133486628564
and:0.0018994896243322878
subject:0.0001328206810548174
i:0.0018994896243322878
6:0.014618654888354201
champion:0.032049268760491925
alan:0.021893943741289747
will:0.005638335049270071
masses:0.027359676520733078
the:0.005625022462604872
do:0.0035737209895845604
hello:0.019250202938566028
7:1.1591123513034096
an:0.004467154918217596
definition:0.020272534361827164
is:0.004010039207323342
argument:0.017506176319103093
new:0.017154224526204447
1994:0.028437641877989757
turbo:0.024715935718009358
90:0.020059499549971802
detroit:0.023628607968727715
1993:0.015072914442836502
every:0.012100241427549235
iii:0.022998729241008497
by:0.004927539675707294
s:0.00308674766595034
