at:0.0106140362946317
out:0.007097452404099156
there:0.011057578139483704
small:0.018004493375096454
anyway:0.01836454109424418
thanks:0.012008353282627489
with:0.00704611297336804
exhaust:0.03473230697961032
insurance:0.026749536268968397
from:0.005099832858013106
chevy:0.18051062653045105
both:0.013528337845230349
my:0.01144836459434098
to:0.002490721373658128
hill:0.030019807217827477
1987:0.06131940013752613
within:0.019496688050137455
misc:0.03463105927890923
enough:0.014651497150225278
that:0.004179573800415383
110:0.034835285493822976
pipe:0.03537836439137898
months:0.020456593614336264
consider:0.01939978360585056
se:0.06081096213161798
anyone:0.010077799696634887
93:0.022054310215689165
best:0.014669735421454423
something:0.011991935645563391
two:0.04493468512417618
these:0.009979734777704474
on:0.003054270031561988
you:0.0033481866831850714
american:0.019439971189085636
am:0.009845399739164854
a:0.002523802637071798
as:0.004819964820584449
running:0.01823771332799218
worth:0.02117568445055324
oil:0.026998844800069928
equipment:0.02430697537675054
also:0.00893672970891305
1,000:0.035155224200533505
70:0.02591467986363016
are:0.0038729601301278646
gas:0.02390463657631929
it:0.0020653941550600723
3000:0.06322868135405353
have:0.012319291883075973
only:0.00803335083294751
per:0.042612350790036356
doing:0.016148812681718767
has:0.006414304059557537
attempt:0.046465643340199946
follows:0.02586761637123984
500:0.025119139369575546
dodge:0.10482016508469547
without:0.013537412559051176
get:0.007917915513801941
if:0.004037050721466321
even:0.0202308367200726
wayne:0.028148291611342656
what:0.016634495837288515
year:0.029816394171200626
ingres.com:0.03585108496632775
find:0.012749679142610784
up:0.008093134761158943
replace:0.026484114643703153
valve:0.03463105927890923
use:0.010016744143056314
and:0.0034499766369649686
600:0.05922706888390154
subject:0.00016082504151818252
each:0.015337406008196478
doug:0.07810191839744794
costs:0.04959340548113055
300:0.02505735322399007
car:0.055276686865362454
i:0.005749961061608281
power:0.016276236627533386
import:0.03353273664762035
the:0.0027244084698399506
wrong:0.031848458516022415
see:0.010658950369946844
can:0.010416457740213415
last:0.013133509349756012
cars:0.0690736816838224
problem:0.012744369229190268
note:0.017841500595653603
german:0.02828678268498542
about:0.011867664823155079
middle:0.024199399368316762
maintenance:0.06811380313848925
head:0.02080035985214267
is:0.006474039202184673
87:0.0637255844689216
new:0.010385539547491248
items:0.027913338853491638
knocking:0.035155224200533505
does:0.007340294062274249
2:0.011737406940333789
japan:0.031202778966319074
change:0.017903669324761975
4000:0.03504667898666195
occured:0.03504667898666195
going:0.013119371590660739
needed:0.02009531741045796
s:0.0074751359139279315
