believe:0.012415267887601946
correct:0.01869838537246542
bloody:0.0337787129702669
ever:0.015105268896170632
own:0.012951375060274259
with:0.006683741449023398
much:0.009983982111771036
exhaust:0.03294607404923036
into:0.010233165159899351
someone:0.012591189226645828
from:0.009675111479202006
cylinder:0.03239264647214512
recall:0.022347744086131556
then:0.009119316284433162
most:0.010609116936954502
matthew:0.024492984804694258
motor:0.08638421756207618
perhaps:0.016505494500800258
been:0.00838423078412251
make:0.010057602761998307
that:0.0039646242906797345
think:0.008227131585877458
r:0.017715541524166458
like:0.006655080362906704
nt:0.004080448866985363
could:0.008623480887577471
its:0.011816140320195258
re:0.002136802873018117
had:0.0175360969792244
this:0.008999698943510041
balance:0.028655923801249896
telling:0.024537281815004645
something:0.011375207526648702
used:0.011282648619067803
size:0.020576440783233528
europe:0.023502860683128332
a:0.0063840188610120915
v4:0.09798798887101615
was:0.0202391116366031
developing:0.028173974381628462
awful:0.028748091697992088
singer:0.06496248364755841
reputation:0.03294607404923036
also:0.008477126466740379
straight:0.02283806644264748
worst:0.0246269195073915
van:0.026203457317104294
reasonable:0.021361755257748843
it:0.009795869421142056
not:0.0034452000490055134
application:0.021087815473239593
have:0.00584286415025889
engines:0.028431805440374
made:0.039867078032880025
being:0.02223775919914455
only:0.007620207075824495
transmission:0.027690789307182388
60:0.023266624453662958
chuck:0.028475931418053494
spelling:0.030859709405889807
degree:0.02532259628951996
ford:0.08195152061989829
which:0.0073822419001001015
writes:0.007557284468772141
of:0.0033332671811269485
germany:0.024027118475355925
seen:0.014814085089270589
but:0.011404855238578463
particular:0.019377436846193183
up:0.007676916402013626
commonly:0.029491252430838933
in:0.0040612503290169254
or:0.003853208329731916
1500:0.03205139370242156
and:0.004363399022751884
for:0.007436545437990262
subject:0.00015255403938296168
half:0.02160939133481723
v8:0.031278014571737206
capacity:0.029706911447883774
i:0.003272549267063913
license:0.026733225306271535
power:0.015439173029545955
pretty:0.01644582889668358
later:0.018259497308329733
reverse:0.028655923801249896
the:0.0068914560913284845
did:0.00939377739110266
wagon:0.03576903693751385
v6:0.030927334878158394
cc:0.0646108075485098
different:0.01444123941720713
head:0.01973062705974676
1/2:0.027104194141124766
angle:0.03053308989823296
engine:0.023320280112804893
gave:0.02121070807450224
their:0.008649620677609795
too:0.011157244959225694
designed:0.022454842267901502
under:0.013870419583460795
successful:0.02738996797297998
article:0.009260947203618298
95:0.03059693733022225
shaft:0.030792874892957286
before:0.012149681526986538
ports:0.028132111295388045
96:0.03239264647214512
torque:0.03334724124164892
four:0.020045978005845566
s:0.003545350176320105
