go:0.018887691764991523
at:0.00855305837334399
there:0.008910475588127645
know:0.011979370152022347
rumors:0.05404305129616483
with:0.0056779356969858955
much:0.016963076403494478
rumours:0.058392805883805216
mentioned:0.0341278021241926
im:0.057391017182492295
throw:0.04139194734499815
then:0.015493983978405854
that:0.0033680060721793864
think:0.013978136189597623
along:0.03392195544797315
me:0.010520278450529559
re:0.0036304903182346653
so:0.009920491236746796
supposedly:0.04503974481013822
this:0.005096916877392417
these:0.01608384439901886
on:0.004922415779022232
dont:0.0472462782534025
them:0.01423164244206059
sure:0.021184893399603916
a:0.004067487745183675
was:0.008596710039819277
as:0.015536197285767347
shaped:0.05818400777486383
local:0.029673625746756815
drive:0.027415570376757167
sig:0.04581685847687159
are:0.0062418580737983054
no:0.010929570254199123
it:0.006657386985242174
have:0.009927196371799084
being:0.01889130029053542
ve:0.01771974465075179
heard:0.026239294751649263
anybody:0.029510632474880533
writes:0.0064200232137627405
end:0.02625469322888844
of:0.0018877726753955208
park:0.043604293874222974
but:0.0064590604101981575
released:0.04199657772870218
again:0.04741493472054403
now:0.016038003862895573
called:0.02604130578501683
one:0.00954670784248177
in:0.005175136948383218
and:0.0018533855072368438
gets:0.03240112953779421
still:0.019822418274073272
for:0.006317453648778135
subject:0.0002591937562331873
summer:0.04369675874326429
i:0.005560156521710532
we:0.013084892288485145
top:0.03283138083657587
info:0.02859607242128541
integra:0.19801683392614397
any:0.009934827828046671
175:0.05720249207708354
later:0.031023417756870904
the:0.0014635980776486464
quote:0.03917434866544261
can:0.008393844586773915
increase:0.04082277410861443
an:0.008717457655939191
just:0.011401830713261028
here:0.01747962044294559
people:0.014614302330806964
about:0.009563263886620111
paul:0.03179633486513648
is:0.002608472105734601
new:0.050213579559714956
does:0.011829988488713836
nothing:0.024804427199037946
nice:0.030677082104415124
article:0.007867309517636902
models:0.04333206843670459
94:0.10579905335628337
comes:0.02936093531306322
hp:0.04199657772870218
sales:0.04698207860752984
