read:0.018735562495024147
out:0.019474001637693552
correct:0.02704311934034255
mustang:0.19059712259885334
there:0.007584950294026012
concept:0.03517232846380813
all:0.007884858104514803
remind:0.043626051331018156
existing:0.03578241038310786
with:0.009666568211397476
january:0.04296454135024513
ca:0.01699626938919274
to:0.003417022710969002
job:0.028689988060241128
100:0.02792158759364522
that:0.005733960750983088
mach:0.05150564041220503
nt:0.01180295126813948
anything:0.019183811159664495
re:0.006180834756663976
wait:0.030342147149670394
anyone:0.013825741732573482
this:0.008677395675560645
recently:0.027349682351964374
you:0.004593380077758032
fall:0.03223389278838291
came:0.024948154813867328
a:0.0034624069235861033
runner:0.04918413309430088
jeffrey:0.04544871884849049
old:0.02188357919291177
it:0.011334063793056924
have:0.0042252116789062225
ve:0.030167499157478253
indicate:0.03925082811334108
doing:0.02215456946417616
virginia.edu:0.0794404595059075
minor:0.035916794853122574
ford:0.11852492651638181
be:0.009561343093181345
writes:0.005464978438161672
if:0.005538433221185201
of:0.006427787952586402
seen:0.0214253296745649
looking:0.02143706897030284
but:0.010996416896700997
year:0.02045256790255911
they:0.0077100795413863115
good:0.013388511168260325
in:0.0014684272883842189
suspension:0.04611917789652659
pictures:0.038430938443229944
yes:0.022040048516561064
and:0.0015776752664908673
subject:0.00022063600737205204
car:0.05055608826253536
i:0.006310701065963469
similar:0.026155027172452074
20:0.025990349986823306
will:0.009366159875233756
the:0.004360554603242455
do:0.005936511726499972
around:0.019563590356641618
got:0.01828226298868243
did:0.013586041681346821
an:0.007420645773237494
cars:0.031587413662574435
just:0.009705690607156082
about:0.008140629589436956
is:0.008881739731922774
new:0.014247930288293777
1994:0.047239388574181335
right:0.01603201317182066
hear:0.027385798051725682
nothing:0.04222902481819684
supposed:0.030154504226581495
article:0.00669696595302976
very:0.014406962742011961
iii:0.03820450064002238
everything:0.025534400693580605
s:0.010255145138116005
