another:0.02359048223817637
since:0.0212853364191881
small:0.03179516915176608
much:0.01858720073999927
motorola:0.05184347981856417
to:0.0014661693192455647
covers:0.2288166929304872
lights:0.05221943052542916
that:0.003690474738664647
bit:0.028990257426124464
me:0.03458261745971951
anyone:0.017796965421716927
had:0.016323494528533353
this:0.005584919557142755
he:0.016916310718300374
two:0.019838185453758633
pieces:0.05414372565334754
used:0.021004930939753887
went:0.03470703473655408
inc:0.038946973359621294
a:0.008913856122423798
how:0.013993223374777918
was:0.00941979929895091
40:0.040686246681114875
jay:0.1084716654076124
turning:0.1009198718020603
are:0.006839482782991761
it:0.0072947963774462115
not:0.006413936261446435
have:0.010877672620162827
45:0.04798278307718791
be:0.006153843161036929
asked:0.035875541475940756
of:0.004137033735441248
even:0.017863398380489635
but:0.0070774810877703214
shop:0.05169674234907124
year:0.026327241661804807
they:0.019849353712930715
find:0.02251539082631266
cheaper:0.046908280840072265
one:0.010460754338038537
in:0.0018902095946222392
or:0.007173526145777503
and:0.006092511933363668
for:0.0069223162321717865
subject:0.0002840101797023223
i:0.010154186555606114
signal:0.09586302814510032
actually:0.026003341777671114
cost:0.03532986813139235
the:0.00240559471273102
would:0.019843609491582467
can:0.009197510557848015
did:0.017488415355776228
pair:0.108657488385671
auto:0.05026709138408806
rtsg.mot.com:0.06014303894143199
bought:0.03896897605179213
thought:0.028559429842465026
90:0.042893185207918426
told:0.03298106134818223
wanted:0.03239531903772449
stock:0.05285003275872214
plastic:0.05414372565334754
high:0.029758764102569377
