above:0.014405587460997593
simply:0.01618329809462111
ask:0.015420966054795595
out:0.006233741264975978
take:0.011247349895956103
watch:0.020339491219970102
where:0.009774903694358527
specifically:0.021412924083363285
own:0.011992013944698387
your:0.006666308053869113
much:0.009244427881269477
from:0.008958436554816672
alexander:0.026928625457220468
often:0.01644084861523125
several:0.014912441122049716
to:0.0014584118096199266
most:0.00982325642310602
ultb.isc.rit.edu:0.030688090659716838
make:0.009312595149998432
that:0.005506422625944076
think:0.007617714431368017
like:0.012324222894271673
me:0.005733273441293887
anything:0.012281699208039173
re:0.001978521178720479
so:0.010812810554337778
this:0.0055553697182160735
he:0.01682680642878556
these:0.017530539397872406
on:0.005365172753854919
you:0.002940735393696941
serious:0.0190317123652882
am:0.01729456462117847
market:0.020692355635306994
them:0.007755868632445718
came:0.015972099113639927
a:0.001477782143752799
hurts:0.031073060788195293
owner:0.04742654218848262
as:0.004233408255116499
third:0.019326904744274526
stolen:0.07791470586333875
are:0.01700823760849803
no:0.005956326646468306
those:0.009819659546495026
it:0.003628099785608169
should:0.008692127736685077
statement:0.03675343301262228
made:0.024609307427703717
follow:0.019984086309086165
mr2:0.10514642186750527
party:0.022458616103294485
be:0.006121283144311865
writes:0.0069974856192334635
of:0.007201503169101431
future:0.018542361504327247
seen:0.01371674545302832
but:0.0035200170489439694
saying:0.01596060941251026
fact:0.012689244066819256
please:0.01013447278785849
they:0.009872165338706282
who:0.00684154959912089
net:0.0350808728560686
good:0.008571480695023805
in:0.004700521214139959
or:0.0035677854904925146
and:0.004040184280325819
for:0.003442845110180677
subject:0.00014125374016940898
i:0.005050230350407273
thee:0.03256201560003755
the:0.006779788978737513
see:0.018723658850911915
when:0.02767564958399441
original:0.03265786257432253
benefit:0.0479353907246481
would:0.004934654212192466
thinks:0.02396769536232405
friends:0.021040382780887493
stuart:0.03283340869203517
an:0.009501567603827902
people:0.007964408148535012
many:0.009805296442212135
1/2:0.025096476056597004
having:0.013845986203282335
seats:0.14763017263173855
ad:0.022908315642095504
protest:0.030596070857008537
gave:0.019639544513428
questions:0.016000933001299004
lee:0.022577520102511725
sale:0.03359653073125534
vast:0.027209629823960933
advice:0.020581254329276447
too:0.010330782369653421
nice:0.016718198183887607
article:0.008574951114461386
very:0.01844701049506293
give:0.012503895615640246
majority:0.021813696433405402
before:0.011249705117580128
aware:0.04335340965059131
elsewhere:0.0250643117916426
especially:0.01653595612432456
poster:0.02409964746998147
buying:0.042446750531613925
alex:0.029677216391131075
doubt:0.03682616189397426
s:0.0032827316447408376
