dallas:0.03708464623479679
typical:0.02992352577001305
there:0.0061595905072291774
media:0.026519840206008467
storm:0.0376442543484817
your:0.00845592095423666
with:0.0039250159516077
damage:0.08958670180205378
insurance:0.05960299356575508
companies:0.026688807688508297
from:0.017045078948258567
my:0.006377276921679874
covering:0.03656812918019191
to:0.005549795275533546
stop:0.02230841016497072
important:0.021089726798478002
centers:0.03699575209553491
that:0.004656437925294991
think:0.009662738439788961
like:0.007816369553749484
esp:0.03571350218437579
nt:0.009584947002985752
its:0.013878017154591745
anything:0.01557879966657318
re:0.002509667803880339
accidents:0.03794258832546716
geico:0.04595549079843652
so:0.013715578488388188
had:0.010298043528068021
this:0.003523372069606839
recently:0.022210144728776436
on:0.0034027437935522814
you:0.007460389119580159
them:0.009837981016994905
state:0.03567400519383378
more:0.008533013596112254
a:0.0028117532735162315
was:0.011885384350354168
owner:0.030079249911487298
also:0.009956356588453466
no:0.015110681022584024
reason:0.017934308214822333
co:0.03063748821000346
it:0.004602086305234523
not:0.0040463758964829856
ken:0.027691763094730277
have:0.0034312121687761934
farm:0.07381604000895771
flew:0.041303496298034204
only:0.008949907639391184
area:0.02153333587019696
accident:0.03261405222021944
buck:0.0754844657361735
be:0.007764580632717736
which:0.008670418339043744
claims:0.05042047886723122
writes:0.004438002624278942
get:0.008821301847591424
down:0.015868225348678912
of:0.003914911118773261
future:0.023520176673274162
but:0.0044649880687947
well:0.011294415504384864
who:0.008678207209623142
one:0.0065994020656082045
in:0.0035774436623051773
additional:0.0286896369044291
fully:0.02817217117367648
frequent:0.036166128229983385
clearly:0.024392687090096673
or:0.004525580253040841
tends:0.034890667807917185
destroyed:0.033239941438250195
and:0.005124797509943488
gets:0.022398096257669826
for:0.002183549415517275
subject:0.00017917420732898185
car:0.02052780765022409
i:0.005124797509943488
the:0.003541121523438504
benefit:0.030401975996505005
around:0.015887210960762656
claim:0.04382871201073807
may:0.012490104211005576
an:0.006026162003770045
about:0.013221693695595591
imply:0.03216942547162078
company:0.022591463353230538
different:0.016961187234974816
is:0.0018031719925547913
opened:0.03415778665378972
questions:0.020296485484869207
does:0.008177777277433055
lot:0.01663458649842544
expected:0.027848109152472034
unless:0.020658130374097257
experience:0.04445936610463286
live:0.020783142778172205
fault:0.029711409398098073
respond:0.02714099159772152
by:0.006647217951793061
s:0.020820009424698603
