out:0.020313398260007928
stopped:0.038841054507066514
know:0.010636854531537085
technology:0.029031617981180542
philip:0.10000084714976694
where:0.01592635170891174
fax:0.026367614998994735
with:0.00504161531715127
much:0.015062041978964925
my:0.008191502252847425
to:0.002376205448432467
guy:0.02919250643921439
problems:0.023647183068032526
think:0.012411620926970304
nt:0.006155849583814125
australia:0.03999218720210549
re:0.0032236250239497458
anyone:0.01442167887621889
phone:0.025321957984565248
he:0.06854022446207911
recently:0.028528547970583528
on:0.008741531469642929
you:0.004791370598351051
took:0.02909829031393689
them:0.012636716995967594
causing:0.04231574542577881
8:0.05090502210989425
a:0.0024077657342179226
anymore:0.03820219267815511
old:0.022826836916744173
bring:0.032701439200767894
part:0.021113983727700666
van:0.039531077849079756
are:0.005542339496562289
kevin:0.038841054507066514
it:0.002955650256379069
should:0.014162173639943789
wins:0.04244068514390438
have:0.00881466574392505
won:0.03725551279878264
love:0.02820877103604697
call:0.02290479394826472
hiding:0.05030833808007381
talk:0.029824084203767476
his:0.015900250357803937
ford:0.12363375955588102
writes:0.005700537853599676
po:0.04498385852790312
if:0.005777158791063873
of:0.005028635833596689
cheers:0.03753588514107195
what:0.0158696914309764
but:0.005735200191813882
year:0.02133414410525562
settled:0.05030833808007381
well:0.01450748198408056
court:0.06890795909419498
shut:0.040682210544118746
box:0.027314991471608683
1500:0.048353395671756665
and:0.004937035532208489
subject:0.000230146180103606
i:0.004937035532208489
actually:0.021071673509492107
the:0.0025991483103070794
do:0.012384791705284426
when:0.011273055541756343
law:0.07776313254941292
may:0.016043323512412333
address:0.02752432201666906
south:0.03725551279878264
paul:0.08469885752868252
is:0.0046322866705286875
does:0.010504213916702804
2:0.016796634069788006
trouble:0.03288639553698564
61:0.08702258374007399
him:0.020659614684166445
mouth:0.04165918196917911
little:0.020218437085331588
lots:0.03145426733979621
despite:0.036753194625300085
father:0.037324755658241816
s:0.010697177256138246
