laser:0.0360401322052333
at:0.00647768391510611
out:0.008663066905003382
say:0.006976268287748322
radar:0.037486531427630754
k:0.04178670282630511
know:0.013608916827113625
all:0.003507602318552541
incidentally:0.022032914708863878
much:0.006423517902793865
into:0.006583837878611714
my:0.006986869568605157
to:0.001013381735360905
line:0.01038163142943378
band:0.07328364703175531
then:0.011734414336586788
enough:0.008941722525505133
been:0.005394266129490586
consistently:0.01989810148410926
that:0.008927692566328447
think:0.005293191277678512
quite:0.01953087780962795
nt:0.0052505775861944005
and/or:0.014856551570382244
months:0.012484538749925809
its:0.007602296161890332
me:0.003983781913252002
re:0.0027495625204277245
so:0.0037566566080327944
this:0.0038601649880251397
off:0.008027417088074819
getting:0.009971329309649581
he:0.023384311875297575
best:0.008952853235152332
recently:0.012166586634513563
on:0.0037280060679359553
you:0.0020433786375320655
performance:0.027875082599975117
used:0.029036228063777435
went:0.011994342886897366
etc:0.008537955836243514
concerned:0.014801431038815548
state:0.019542010198092766
8:0.010854747361668625
m:0.005032407029838501
bands:0.02138878202862457
a:0.004107365076018809
how:0.004835893372165898
other:0.005070985249382025
low:0.012484538749925809
was:0.01627685908274606
as:0.011766384709073801
old:0.009734974567435014
said:0.008057003046556736
surrounding:0.04006361211653378
far:0.009152125265152211
plans:0.01711659778191279
spending:0.01802006610261665
model:0.013452027616115992
yeah:0.014537582515397617
not:0.004433161827764448
ones:0.012472904339620795
made:0.008549924823227946
being:0.02146107275652737
ve:0.00671005036407145
area:0.011795834723012304
states:0.025388674525409435
money:0.011397866789445332
real:0.00940291858087591
extended:0.017575387387845833
has:0.003914612036347614
explained:0.017416010766986956
heard:0.00993620352727895
be:0.002126695798299527
which:0.014248812491002035
found:0.019665591950419097
guns:0.014834404090222754
tech:0.016672179062940544
spend:0.015073886818792466
detection:0.021805431606959143
were:0.01140664189317867
end:0.009942034568292313
of:0.004289130563950118
even:0.012346760645338423
what:0.006767956639681111
but:0.0048917883989000755
shop:0.017865785958870208
year:0.009098384986064896
lately:0.01933137104356787
never:0.008102717760521546
least:0.00885169993642089
equal:0.016391931396073325
well:0.012374028751127536
must:0.008520075101027563
they:0.010289554682070703
brands:0.022192786443936446
who:0.004753870861153854
good:0.011911837142349259
called:0.009861229764179169
in:0.0032661709907075456
fully:0.015432549650286013
speed:0.012347298407668312
or:0.0024790862415554607
use:0.006113160028482897
and:0.0035091674125991715
for:0.0059806776270601835
subject:9.81505768088908e-05
i:0.007720168307718178
top:0.012432471419732777
detector:0.07778269869000724
eliot:0.043911024938331926
research:0.011350483384326386
currently:0.013231373168593002
convinced:0.017438360201091303
the:0.0016626904632111464
waiting:0.01608470684333052
when:0.00480762662810197
automatic:0.016936244263570162
nuts:0.02062130109530799
got:0.00813291846187711
would:0.0034288589930307942
photo:0.020077477087673348
did:0.02417516240357302
claim:0.012004555311764654
instead:0.01127843496906118
bought:0.013467219664957574
friend:0.012769115513576493
here:0.026476483906226412
priced:0.021196922641968065
is:0.005926602063764645
usage:0.01897415138013534
cop:0.02003180605826689
ka:0.1641233510957689
guys:0.014281895990776658
right:0.007131888212464336
time:0.005807021948175417
does:0.004479738288005608
lot:0.018224657266657285
2:0.021489811236346423
their:0.0055650133036092425
x:0.011195441138037141
too:0.007178374514207708
art:0.016955852153185465
little:0.008622568756979648
confirmed:0.01960382682354479
going:0.01601335061801237
stands:0.017575387387845833
by:0.003641306892710169
high:0.020568557541481774
s:0.004562031476882488
