some:0.0074365406059449315
round:0.028029826063689423
say:0.03625882116434796
there:0.005845726022784378
know:0.007859077233492369
porsche:0.0783977190879885
true:0.04936205335333465
with:0.011175045416360777
way:0.011034221780551232
v12:0.07973989126197355
4:0.01582337263808076
though:0.01583149173000433
to:0.001755667719860931
dod:0.022276841029888136
cylinder:0.036106453074047105
franklin:0.039525568425443615
heaven:0.027733520231620044
ai:0.03090871220218024
die:0.023998435486830248
that:0.004419167202986966
think:0.009170369602092708
nt:0.009096542060158452
12:0.06789907321551661
re:0.0023817866418991756
flat:0.12580447449891985
wait:0.02338471213445935
had:0.01954660491314822
saints:0.037527749579233154
you:0.00708024190329582
serious:0.022910787497066692
fun:0.026218169776648634
more:0.008098210355546025
a:0.008005437664087615
other:0.008785401196381598
j:0.019453048786808043
v4:0.03640742686290409
ama:0.032096046864890294
was:0.005639879835040673
180:0.03661627923757282
also:0.00944902631643036
popular:0.02694249870148384
are:0.012284930858622143
brian:0.023796672068654642
d:0.011604103327242266
it:0.008735170184457885
not:0.0038401911374265282
examples:0.027947638771740967
ken:0.026280717841495615
cry:0.03672333094659436
term:0.024825985948499732
laugh:0.03230838075194502
only:0.008493861390250233
suspect:0.024726720145845604
degree:0.02822582388959231
writes:0.008423724726338374
but:0.008474945506374653
who:0.008236005568368461
good:0.010318534085092352
in:0.002263435692923446
5:0.01655333048992155
bringing:0.03375672369586643
or:0.0042949774375992695
rather:0.01639161562364881
better:0.014243413193002569
opposed:0.02851671584394383
and:0.0024318306655464325
for:0.0020722857510323185
subject:0.0001700443114141293
v8:0.034864028981235744
i:0.004863661331092865
6:0.018715602755154107
eliot:0.11411272722827659
than:0.009112110077830964
the:0.006241266961692795
do:0.009150546737662378
magnus.acs.ohio-state.edu:0.058615966719253385
got:0.014090151730131046
auto:0.030096220319135527
v6:0.03447314397246955
people:0.009587727006835143
about:0.00627398840969345
is:0.008556453085689933
engine:0.025993942800897174
lot:0.01578696425646746
512:0.03382484655648266
vw:0.03728736532456534
article:0.010322711851166892
lots:0.023240095614116947
vx:0.0377775630388082
sinners:0.075812485406502
bug:0.03159425783397874
while:0.013823837617060653
s:0.01975911722471396
