there:0.019527212459088242
know:0.026252662248048973
where:0.03930759145178216
from:0.018012175626173948
look:0.05045038987821086
that:0.007380949477329294
anything:0.049388109581263905
these:0.10574272168716654
used:0.08401972375901555
am:0.03477311397236948
europe:0.08751065147973315
m:0.02912371727906536
a:0.005942570748282532
wondering:0.07657305323100631
was:0.01883959859790182
should:0.03495344983475488
have:0.010877672620162827
thinking:0.07411758582656713
if:0.01425851956943424
of:0.004137033735441248
good:0.06893658941955315
in:0.0037804191892444783
rep:0.11700627618441167
and:0.004061674622242445
for:0.0069223162321717865
subject:0.0005680203594046446
i:0.01624669848896978
info:0.06266798849771059
do:0.015283359976733971
auto:0.10053418276817612
cars:0.2439623650960536
just:0.024986990712040125
about:0.04191558214135623
90:0.1715727408316737
buying:0.08534506223909609
