know:0.0578378965152329
thanks:0.031146666326815047
v12:0.19561192075202885
to:0.002153436187641923
add:0.0536909440070581
that:0.0054203847724137
v:0.06010387990471894
really:0.030490558487358217
nt:0.022314954741326203
re:0.005842820355908915
this:0.008202850599553422
joke:0.07669728858422409
wan:0.08552582109459393
curious:0.06697300532533586
tell:0.037656641462850825
am:0.025536505573458837
legend:0.09206026068655633
knowing:0.06709412996290333
a:0.0021820376966349923
v4:0.17862393804612317
was:0.01383533022033415
ole.cdac.com:0.20578137076561095
have:0.007988290830432076
engines:0.07774321800102266
domain:0.06973754764032146
list:0.04549419682689968
which:0.020185817695586215
writes:0.010332224859649412
if:0.01047110030880327
of:0.006076268298929333
please:0.029928364951644606
they:0.014576869132933495
subject:0.0004171399514377859
v8:0.17105164218918786
i:0.0059655846014185915
any:0.03197772707152523
em:0.07430475105138513
the:0.0023554781562157906
do:0.02244743496582802
na:0.06809849170359966
v6:0.16913386261492871
cars:0.05971995395580479
about:0.015390877817529243
is:0.0041980097951666235
today:0.044361347903099264
devil:0.0824805032977062
evans:0.17763179122379252
vx:0.09267308432957636
god:0.04145590987148789
s:0.009694316888375286
