effects:0.04727293249849018
liquid:0.06539868246604842
thanks:0.021905347746331464
your:0.027690818069917862
with:0.019280023410644418
work:0.02225354356033301
lu:0.06562526803970485
my:0.010441914959673641
to:0.0045435137145851566
visual:0.056314302540944376
that:0.007624277482076414
id:0.051536360527728066
this:0.005769037784301308
off:0.023994037889630226
reply:0.0394636980148917
on:0.00557152555208011
you:0.018323043606880942
used:0.021697401190515008
dry:0.05681617107757282
paint:0.05362918431056182
how:0.01445453843108928
same:0.021341685170644095
as:0.008792463299088116
question:0.02398885805875939
results:0.04025366756998308
it:0.030141136680437098
have:0.011236277212036327
paste:0.06974277847312696
of:0.006410129194474901
gives:0.039961807426330834
what:0.010114748384578365
but:0.007310804640114399
negative:0.05426182004486378
easy:0.036414083123723164
good:0.017802306058895597
wax:0.25732379586623116
email:0.03015273251613122
in:0.0039050483932855052
wash:0.12907271404327278
and:0.004195575983415274
subject:0.00029337315265954173
car:0.13444586109377538
directly:0.03991758599446572
any:0.011244915014162719
water:0.045056013348478585
the:0.0016566000219539628
can:0.009500725191623224
forward:0.047534587978640935
last:0.023957830242412066
long:0.02615726642976467
people:0.016541463077726568
many:0.020364846456902126
is:0.008857339348043865
type:0.0712200551721252
does:0.026779973941484073
experience:0.03639805247027635
very:0.0191565108987192
s:0.006817981108307894
james:0.038017513930077226
