some:0.008778472745363565
there:0.006900593876519905
radar:0.1916604614345031
knows:0.026270386549934095
ahead:0.0324935299598405
anyway:0.0229211565537183
became:0.03252366545907011
chris:0.05769544726194436
with:0.008794396643451838
destruction:0.03873498135557812
from:0.006365204920527636
syl.nj.nec.com:0.046086679216667106
name:0.020768665457370307
property:0.03436166048088185
band:0.03746833081322828
zx-11:0.04505979549481936
that:0.01043322181757825
re:0.0028115827276554172
pack:0.03873498135557812
anyone:0.012578306388281136
baby:0.03752684314737906
had:0.011536905907384475
this:0.003947236378732473
best:0.018309594586176196
hi:0.02369185458657447
these:0.0124559095721725
1983:0.03794969817236309
detect:0.03853083858064615
you:0.00835787953998078
disclaimer:0.02822598140657283
etc:0.017461082612467937
m:0.010291839940722346
why:0.013381372783112829
a:0.0021000062042802934
other:0.01037073675061587
wondering:0.027059650389904485
was:0.013315205024080986
as:0.006015895941481341
red:0.02716254853340264
capable:0.03299082170799497
114:0.04429967431533537
corn:0.04505979549481936
are:0.009667840324830458
wild:0.03552711721882915
it:0.0025778603739847515
not:0.009066315918435562
have:0.003843989572538743
targets:0.04009203681206152
lady:0.03853083858064615
poor:0.029710196922520762
public:0.0222837939703804
which:0.009713476184342238
writes:0.004971897676823777
get:0.009882511092414453
if:0.015116174881881411
of:0.007309796449839799
raised:0.03402240908779561
but:0.005002129490604588
detectors:0.08370577869932297
up:0.010101205792123192
now:0.02484081801320668
pick:0.030225973737127924
in:0.0026718752164585032
southern:0.03801209518600742
u.s:0.02652437895487743
speed:0.02525161779613369
or:0.005070010960173573
for:0.002446232051970481
subject:0.00020072899918810748
i:0.0043059858777156745
we:0.010133412824917067
detector:0.03976859782646987
cameras:0.04273847608392
any:0.015387778440433191
detecting:0.0459054946183283
will:0.017042185637643373
later:0.02402565435306544
behanna:0.1333370248826325
the:0.001133463172915869
devices:0.031914875515207955
got:0.01663273550098176
would:0.00701240335416824
agree:0.022680866007251423
photo:0.1642428200856286
needs:0.025183056862175538
1975:0.04250711022928276
just:0.008829989198991623
here:0.013536848914461623
many:0.013933842312617243
picture:0.030755847847333834
ka:0.04795010902046094
their:0.011381079838960254
bike:0.028363629131718367
article:0.00609272842343309
wide:0.03234463802528276
by:0.0074468832693020005
rifles:0.04335009743319784
s:0.009329868885052906
1991:0.03264543001485944
