there:0.007648158213142895
knows:0.029116345092843623
where:0.015395473318614681
own:0.01888742196289996
with:0.014620684419738683
from:0.00705476878691813
france:0.04270501276021615
to:0.004593997200302769
0:0.03054296907058694
look:0.019759736035632587
motor:0.041992327981564805
us:0.03433127310308327
100:0.028154267490258927
technical:0.03197289369099417
european:0.03692878625554994
like:0.009705325529238943
could:0.012575909627717145
140:0.047906298669157764
re:0.006232341712969509
uk:0.03601366237215655
240:0.04863139347740468
am:0.027238939278356092
purchased:0.03989045497643937
more:0.010595158548506048
a:0.004655013752821317
was:0.007378842784178213
as:0.006667618001808487
no:0.018762428936375163
manual:0.03274664497402302
book:0.025914154255697278
it:0.005714257162332866
not:0.005024250071466374
have:0.025562530657382645
shift:0.04038240107297431
225:0.04959400087008672
anybody:0.025329959540939126
of:0.001620338213047822
germany:0.03503954777656072
looking:0.02161571121172203
but:0.005544026852086752
version:0.05200784346109308
find:0.0352741122945565
good:0.013500082094662493
called:0.022352120798806115
pleased:0.047112047170788394
one:0.03277703025918741
in:0.005922656729816349
nissan:0.04848123926488236
speed:0.027987209724048175
sec:0.050490923071689765
use:0.013856496064561234
and:0.009544935362269746
for:0.0027112405242672834
subject:0.00022247464076681915
car:0.05097738899805649
i:0.007954112801891455
top:0.028180268551394293
power:0.02251546066808785
than:0.011921677351828842
the:0.004396892558269476
problem:0.017629710767046537
just:0.009786571362215717
here:0.015003340880194968
about:0.008208468169348929
different:0.021060140816760397
is:0.004477877114844399
new:0.014366663040696224
repair:0.04263093819840577
engine:0.0340087418311738
turbo:0.041399192327665674
does:0.01015407345281271
goes:0.026858559966588973
wanted:0.02537633324621752
very:0.01452702076486206
documentation:0.037309369895826505
hp:0.036047062550469376
200:0.034634375384843444
