at:0.006292607231817364
there:0.00655556418269391
know:0.008813393754702156
all:0.00681477021890208
fluid:0.0859208429433134
your:0.008999515872723303
with:0.008354676811279247
remove:0.03155821703599736
alot:0.03617126363863931
except:0.02303115299288438
my:0.006787244723787866
to:0.001968855942986901
job:0.07438904047048235
100:0.024132229277364796
been:0.010480288480153137
that:0.007433670545024503
jeff:0.030110566348788545
problems:0.019593380256369808
bay:0.03423745996622497
nt:0.005100561083731704
re:0.0026710035912726466
so:0.014597294248356001
this:0.01124962367938755
reply:0.0256514037096796
certain:0.023545107084003637
on:0.003621491608852071
you:0.007939985562981741
used:0.014103310773834754
them:0.01047042265380172
more:0.009081564470148042
a:0.002992508841099418
price:0.02235817287031402
was:0.012649444772876937
as:0.0057151011444072745
also:0.010596408083425475
quoted:0.03191301424883477
brake:0.23404601862202076
are:0.009184448308588935
it:0.009795869421142056
not:0.0043065000612568915
ve:0.013036669278767387
left:0.02088860845357544
agent:0.071079513600935
labor:0.03966172115266173
usually:0.023555362444190094
without:0.016051503462874962
be:0.004131866122410509
which:0.009227802375125127
recommended:0.03506161763850244
if:0.00957357742519156
of:0.005555445301878247
but:0.004752023016074359
never:0.015742423077584715
miles:0.02867253417793447
in:0.0038074221834533675
system:0.04789762134091125
use:0.011876996626766771
and:0.0013635621946099638
for:0.004647840898743914
subject:0.0001906925492287021
cause:0.022525008095300475
however:0.01712213502997795
car:0.021847452427738494
i:0.006817810973049818
info:0.02103853899565998
any:0.007309194759205766
driving:0.029907918512151285
necessary:0.02574839841058232
will:0.008095038177880603
the:0.004307160057080302
do:0.010261684555807095
when:0.009340531734598114
start:0.020125443484875088
around:0.01690853166538311
can:0.018526414123665288
agree:0.02154682270688885
problem:0.015111180657468458
just:0.008388489739042042
maintenance:0.04038175471781862
changed:0.026995108527381604
is:0.007676360768304683
having:0.018692081374431152
new:0.01231428260631105
break:0.028030046773199185
unless:0.021986153041003507
agents:0.032534524084474985
changing:0.03058870551075361
s:0.00886337544080026
james:0.024711384054550194
