above:0.015295820393980591
sho:0.03486243956626206
go:0.02185878934600143
at:0.004949241643002421
out:0.006618972466744156
mark:0.016874291934225787
shifter:0.11304954247064972
enter:0.053226459872139906
way:0.009732431570486198
into:0.050303480420853544
from:0.004756023901293121
often:0.017456856113925313
2-3:0.032683981526886986
my:0.005338282367024164
to:0.0023228075731867933
technique:0.028263573298587724
w:0.01738393738780536
then:0.017931239885121384
next:0.015047078785107726
like:0.0065429160871273775
id:0.02634724049451266
nt:0.008023354513735264
months:0.019077497415616967
clutch:0.02904646948347824
re:0.004201578682900792
wait:0.020625841601742235
this:0.008848018624237399
carefully:0.02612440197545406
you:0.012489864930533076
pulled:0.02812819379533458
1989:0.05315856869847741
slowly:0.029655911298051667
sam:0.027699132116769554
great:0.01416432971198133
seconds:0.026000924971415994
more:0.007142803515846775
other:0.007748921279954555
same:0.010910636800722542
nor:0.019407522454917996
rec.autos:0.034716509867367344
let:0.012950212037937217
andrew.cmu.edu:0.022892019138917193
gk:0.14977632746456374
are:0.003611861694388907
no:0.006324414248216347
manual:0.04415277974025576
works:0.016714190975004158
bonds:0.030680189707006467
pushing:0.029655911298051667
it:0.007704616398651055
couple:0.017730290981205158
have:0.00574438891177138
try:0.013687582428895465
ve:0.010253560106895697
occasionally:0.030339601943992787
towards:0.023425714243536743
personal:0.018842109388739977
ford:0.05371354347746142
be:0.00649956468693788
which:0.007257822092795044
writes:0.0037149572529076537
get:0.007384123456691699
if:0.0037648899986708387
jump:0.027866845392891356
of:0.0010923628402569588
trying:0.015147911365552786
but:0.003737546192418035
never:0.012381681072257643
gear:0.0285445307175465
least:0.013526193161272371
using:0.01238438527328607
they:0.00524112148599856
refuses:0.032584545700485856
one:0.01104843716601823
rice:0.03027389385543553
in:0.003992802289763831
point:0.01236817955764079
or:0.003788266616309468
use:0.009341458021052516
watching:0.023930360077187268
and:0.006434787884676233
subject:0.00014998290388774325
gate:0.03443555244840857
car:0.017183389549906683
i:0.005362323237230194
back:0.011833464719480548
favorite:0.027148680384408857
review:0.04855774701863805
will:0.019100651880392432
suggestions:0.022230316691409423
reverse:0.11269183517345464
the:0.005504937713403196
waiting:0.024578877872954503
do:0.008070987852881985
when:0.007346485633953573
can:0.004857112317065805
put:0.013974490446892017
quickly:0.023846508109677853
taurus:0.0333206595342297
cars:0.02147234299534554
shifting:0.032683981526886986
just:0.006597688558797112
is:0.0015093967802846287
right:0.021796332514497748
1st:0.025285203093012482
excerpts:0.032683981526886986
trouble:0.021431583608372665
first:0.010548060839275512
too:0.010969201504856722
position:0.01934181436636074
article:0.004552431911891017
by:0.005564244240545877
says:0.01438779069903128
while:0.012192935426283833
3rd:0.024796375132396582
driven:0.02644551665994815
