read:0.009253073722032334
ask:0.01189617381369946
at:0.007191551122076989
out:0.00961777223739151
say:0.007745081527622627
there:0.007492073351650184
all:0.007788308821602378
situation:0.01438421342356979
take:0.008676527062594709
watch:0.01569046465540551
ever:0.010789477782979024
your:0.020570321994796126
setting:0.035117035570306994
hell:0.013932167038701615
someone:0.008993706590461307
work:0.008265601893837975
turn:0.013965216876385777
to:0.0033751816165489734
line:0.01152572958696322
property:0.037306945664957444
crime:0.016372318062193945
matthew:0.017494989146210185
worse:0.01589822617689954
engineer:0.01819838914176304
calls:0.01636036598146297
honest:0.019142076767441854
that:0.002831874493342668
think:0.017629567684023125
weapons:0.016324718308121117
really:0.01592976116890552
nt:0.005829212667121947
could:0.006159629205412479
anything:0.009474453674773077
re:0.0015262877664415126
carrying:0.018935076389568317
national:0.013282342550969444
89:0.019310663731283633
described:0.01693619699476871
this:0.002142785462740486
mean:0.010789477782979024
off:0.01782414243229674
he:0.012980679245063145
on:0.004138847552973795
you:0.015879971125963482
disclaimer:0.015322675620710968
potentially:0.02339684301366417
defend:0.01848936499379284
m:0.01117399764992712
why:0.007264173796546966
more:0.005189465411513167
a:0.003990011788132557
owner:0.018293094844129013
as:0.0032657720825184427
said:0.00894491766801401
worth:0.02869521321462725
responsible:0.015962674347236826
sc:0.021947723607618163
are:0.0026241280881682677
play:0.013069054011348743
care:0.012922518127648561
reason:0.010906987444932768
it:0.004198229751918024
not:0.007382571533583243
should:0.006705355682585632
discussions:0.01959051136980321
have:0.006260211589563096
shooting:0.01946092484607023
being:0.00794205685683734
whether:0.011663096264823775
argue:0.01738613915811973
university:0.0095932249044843
punishment:0.019360138672231977
has:0.004346018260761433
glad:0.018935076389568317
be:0.0023610663556631484
kid:0.020669293507793892
callison:0.175129381023335
writes:0.005398060334837244
kill:0.015080131047360761
things:0.009121330318939795
if:0.0027353078357690176
of:0.004761810258752783
uokmax.ecn.uoknor.edu:0.07566782150683331
oklahoma:0.024730248035113356
but:0.008146325170413186
killing:0.03303708287147479
again:0.009966812808604156
fire:0.014681606681793758
please:0.007818021864919408
must:0.009459022152977541
they:0.0038078352020724233
over:0.008187513275589217
one:0.004013513909288256
in:0.0014504465460774734
gun:0.029885840782076747
gon:0.019512266814261495
world:0.010290819137684397
and:0.0023375351907599378
for:0.005311818169993045
seriously:0.015824300666927922
subject:0.00010896717098782979
p:0.04121789436283285
car:0.012484258530136285
i:0.0070126055722798146
away:0.011301973821729268
ugly:0.02239343500339364
limits:0.020184737153347437
will:0.004625736101646059
shoot:0.01902578307032224
than:0.005839188907018209
the:0.0024612343183316016
do:0.0029319098730877418
thing:0.009240540551530436
when:0.005337446705484637
got:0.009029199271961528
would:0.007613466498811234
can:0.0035288407854600547
law:0.012272820919363128
did:0.013419681987289515
na:0.017788993751144403
forum:0.020844497771945053
come:0.009800790508038403
quickly:0.017325218136827178
an:0.007329780722952954
thought:0.010957495531394745
people:0.012287944000596879
warning:0.017510778847344557
about:0.01608189682158158
prepared:0.019435494030761512
alarm:0.024461031840044795
is:0.0043864918676026765
issue:0.012781061254958585
right:0.007917851403225713
center:0.01333318707539922
man:0.011828772811408976
life:0.011389303482811062
appropriate:0.016506154073716355
their:0.006178300484006996
every:0.009927136844642434
article:0.003307481144149392
very:0.014230550953334264
u:0.015435279524869453
give:0.009645862332065333
before:0.00867834394784753
going:0.008889043608366051
fit:0.016593665629789294
s:0.005064785966171579
james:0.042362372664943186
