some:0.009492169716531336
out:0.009578675602280163
help:0.017399127805217865
all:0.007756649029644644
existing:0.03520058257200041
ever:0.021491236234389113
with:0.004754694120240223
treatments:0.04729877001451938
ca:0.016719907285303426
into:0.014559381325060053
someone:0.03582858723029301
wheel:0.03950807951880242
throw:0.034661549402722036
added:0.03401315598993018
ground:0.031519948482905215
to:0.003361461366075197
gm:0.08005072319825868
add:0.027936751353266006
nt:0.005805516680670232
its:0.033623163512750735
re:0.0030401666892534195
tail:0.04621314893627123
on:0.004122022969425122
amp:0.044198220774445365
imho:0.03520058257200041
a:0.006812215248031195
jeffrey:0.044709715289978455
was:0.007198871008954355
worst:0.03503830011214239
are:0.0052269218016359805
no:0.009152404359207398
it:0.011149770072844617
being:0.015819544145732913
buy:0.04889172561372303
completely:0.029243850707637974
has:0.008656703039728058
call:0.021601269089420387
minor:0.035332781928681556
of:0.0031616355376542873
style:0.03732379654044231
even:0.013651702827366064
well:0.013681852928075975
now:0.013430198356733694
over:0.016308461402596407
in:0.0014445504219064269
suspension:0.04536927256487576
or:0.021928827892783265
and:0.009312132060750973
few:0.03716467481148434
still:0.06639704332453812
subject:0.00021704843001640894
v8:0.044501240244341565
i:0.0015520220101251621
ugly:0.08920961911921044
body:0.08657758838230614
will:0.027641593778128887
the:0.005515265926749168
ss:0.13381442867881566
start:0.022907008844573275
because:0.014347335763370033
wheels:0.044923677146217256
needs:0.027230459859100383
come:0.019521899792434218
just:0.009547874499722652
about:0.008008261628633103
nose:0.04144852255412832
is:0.002184330299924097
new:0.014016256625069489
engine:0.06635852064619278
detroit:0.038612603265969686
gt:0.044501240244341565
sheet:0.04234448304301949
blank:0.04481599237589189
paper:0.0313548650181837
plastic:0.04137813180011926
going:0.017705818569509615
answer:0.024685130423811846
understand:0.02435900213768824
everything:0.025119207186367915
s:0.005044197405333483
