configuration:0.06776048535281191
andrew:0.05379225941674284
all:0.01362954043780416
v12:0.08942259234378462
4:0.0709791286908194
previous:0.04961713456704008
to:0.003937711885973802
make:0.025144006904995766
that:0.009911560726699338
think:0.020567828964693644
really:0.027877082045584655
nt:0.010201122167463408
could:0.021558702218943675
re:0.005342007182545293
this:0.007499749119591699
them:0.04188169061520688
a:0.005985017682198836
how:0.018790899960416062
v4:0.08165665739251345
as:0.022860404577629098
180:0.16425016686568375
it:0.004897934710571028
engines:0.071079513600935
ve:0.026073338557534773
referred:0.13943587920746073
degree:0.12661298144759978
be:0.016527464489642037
writes:0.009446605585965176
seen:0.03703521272317647
spencer:0.06651020852400397
they:0.013327423207253481
in:0.007614844366906735
po.cwru.edu:0.0681132369612458
or:0.00963302082432979
use:0.023753993253533542
known:0.04652755353809083
subject:0.0003813850984574042
v8:0.07819503642934302
i:0.005454248778439855
eliot:0.25593854535484895
the:0.0010767900142700756
wrong:0.03776317224042658
would:0.026647132745839314
v6:0.07731833719539598
an:0.025654232530335334
is:0.007676360768304683
their:0.021624051694024485
article:0.023152368009045743
vx:0.08472967710132695
says:0.03658609634896526
