at:0.014931610380583576
out:0.00998455168712254
there:0.015555576026731313
take:0.018014823138438166
with:0.004956164210080909
mechanical:0.04482392805864824
to:0.0035038961697224516
job:0.029419394536348953
lock:0.042844141184228704
respect:0.034638628719780684
acceleration:0.04961115555895558
t:0.04366564500000749
that:0.002939869707071837
clutch:0.08763172149252757
its:0.017523936915543815
re:0.0031689873116794113
michael:0.07639055597475482
this:0.004449003715012025
throttle:0.05134670142883705
big:0.023523564015826757
you:0.009420321854385115
performance:0.03212721384403912
vs:0.028954338517485953
more:0.010774737506955304
a:0.004733912291004729
j:0.02588244626719375
mind:0.02567504917805201
are:0.010896803077986874
manual:0.06660334570987733
not:0.005109406852338685
shift:0.041066848548787435
only:0.033903463684812375
settings:0.04263488175549674
converter:0.274004395233942
writes:0.01681175570383633
of:0.004943404717773017
gives:0.030818004032170384
but:0.005637993408901782
advantage:0.036130259123176356
2nd:0.03700539703889426
never:0.018677451108998818
they:0.01581219702555498
up:0.022770514751735332
email:0.046506756931660016
in:0.006023040742186118
additional:0.036226744904745214
purely:0.0422312542216895
and:0.003235571309243982
gets:0.028282341884684783
irrelevant:0.041598529401613064
4th:0.04313144246961584
subject:0.00022624539738998556
vela.acs.oakland.edu:0.04900557111842893
away:0.02346596259596331
eliot:0.10121863375615495
improve:0.04019689809065114
improving:0.050787735600093004
than:0.012123739679825942
locked:0.0958211128897391
the:0.004471416160952009
when:0.011081986803760473
wheels:0.04682722278800612
eric:0.03379685152812378
serves:0.04373702691014249
10:0.024494675914374275
is:0.006830660005694845
does:0.010326176392690891
light:0.029595039710222825
under:0.0205705375178444
article:0.013734455598586458
inherent:0.047783116806187007
occurs:0.04045928983305764
hp:0.036658029712341736
torque:0.049455654383801374
3rd:0.03740470147090332
