out:0.011900778778590505
tony:0.04669438967113847
with:0.011814694480596917
way:0.017498715348954984
service:0.03679385079271054
from:0.008551234893234097
wrote:0.026015908835281428
sell:0.035152245444248165
antonio:0.06191442763451238
my:0.009598123851821226
to:0.001392120363728112
gl:0.06032221607690042
recall:0.07900717606208127
clock:0.043334755733327436
horror:0.05951370387817784
think:0.014542909368975307
like:0.011764030944532053
really:0.019711068113039656
nt:0.007212914663863016
re:0.0037771767957390967
so:0.02064263833100849
fixed:0.04580639096080635
convincing:0.05636788409575473
these:0.01673369669796912
on:0.005121301265043333
you:0.011228262412297412
american:0.0325963153271537
fix:0.04393978746646954
apparently:0.03826930359850165
a:0.002821220456255344
was:0.008944051859609956
also:0.014984819511914814
turning:0.04791145428986702
l:0.03338344018942791
no:0.011371169052348586
d:0.01840246689269733
it:0.0069263723179792324
have:0.010328295215104099
try:0.024609996690337303
only:0.013470063012821078
92:0.044277928165422975
has:0.010755297716025769
accord:0.06011394044858997
free:0.029166745395199353
heard:0.02729946827696843
ford:0.09657586605038518
which:0.013049417500176949
get:0.013276504800920429
were:0.015669730277497972
but:0.006720032547983943
they:0.01884686110116654
in:0.001794744463580712
70s:0.0635126499094103
or:0.013622453690971422
stories:0.04674913782739442
better:0.022588039104054578
and:0.003856539540311009
for:0.00328635215062701
subject:0.0005393324624650162
i:0.003856539540311009
person:0.028335297364382332
yet:0.02656635093622388
than:0.014450518002216781
the:0.006090933414052954
when:0.013208832755997333
would:0.0094207034960038
taurus:0.17972961809372384
cars:0.03860683892092431
thought:0.027117034395875886
problem:0.021369346384298833
many:0.01871920229876862
is:0.0027138649180875143
save:0.036591012448699944
right:0.019594682765558584
late:0.03893069682455727
john:0.05417128079963325
