another:0.009356562575479234
go:0.008208574902084924
ask:0.012297732423444587
at:0.0037171519512845187
out:0.004971211388525147
fast:0.014691130485012815
dan:0.016767103330747924
know:0.005206224158895788
story:0.015169019105538412
wave:0.020772656019801296
watch:0.016220100593140715
nowhere:0.021776241246400055
i.e:0.01457611391128862
your:0.010632339427689978
with:0.00740287818720946
profit:0.04662963956949132
hell:0.014402451158151457
service:0.015369583242524652
dealer:0.24258797570562748
options:0.019092744340408505
my:0.004009342874811398
christ:0.01566191524488562
to:0.002907593164748588
cash:0.021438508302629857
add:0.01449882032258109
most:0.007833736134882016
day:0.010731236437818025
that:0.008782395580619665
terminology:0.02502564302570838
protection:0.01784798437186904
like:0.014742266626692065
nt:0.00301298966971493
huh:0.021092461249208615
re:0.003155616057199751
package:0.016401953725975534
voice:0.015301663719139949
something:0.008399414840352415
two:0.01573661968483807
on:0.004278555487251391
you:0.011725717076133372
numbers:0.02976997806749956
them:0.006185059795494686
guarantee:0.02083470727461014
paint:0.020591796507430905
a:0.0053031802247331455
low:0.01432824700413426
want:0.007985645433384732
price:0.02641471900290264
was:0.0037361229286978293
factory:0.04697412897472555
wife:0.017050557076556835
also:0.012518963136536424
prices:0.018407010460671062
no:0.004749982009208902
reasonable:0.031546895950262006
it:0.01012653168008356
not:0.007631772260455251
mitsubishi:0.05436205080893567
real:0.021583070497875504
absolutely:0.01688801158290141
usually:0.0139145600936144
be:0.002440764798048402
which:0.005451022500073914
stick:0.017832613100651734
writes:0.0027901366709601784
end:0.01141026752141565
of:0.0057429708816884835
piece:0.018184434235415665
what:0.007767443907144567
adjust:0.023371457001336974
saying:0.012728080923900585
find:0.008930155011280127
called:0.011317529518382842
sounds:0.015032508707007754
over:0.016927770063454493
in:0.003748516917605284
according:0.014512768795722438
our:0.009408335118060732
or:0.0028451960240636507
and:0.004832878664440378
few:0.009643997894119351
for:0.0027455600245744637
subject:0.000112645387730035
offer:0.014831914003341088
300:0.017550719979672367
car:0.05162267240309518
i:0.0016109595548134592
we:0.005686683146472447
face:0.015144605868968606
mention:0.015926897950535538
any:0.008635335580496263
actually:0.010313561717726094
will:0.004781879092418921
cost:0.08407614188230078
the:0.0054066671602590296
do:0.003030877294964121
thing:0.009552457532172811
when:0.0055176136828849615
around:0.009988162165205212
got:0.009333982369749257
can:0.0036479577739987903
claim:0.01377737993586492
may:0.00785242838582207
bought:0.015456049573284641
note:0.01249657847628058
actual:0.03428149271501015
is:0.0034009193277299227
deal:0.013908502074938855
does:0.015423909042247155
hear:0.013981778752146866
marketing:0.02089768470168472
dollars:0.019348544432460976
paper:0.01627277804741179
sends:0.025110886516499602
nothing:0.010779983128695816
reflect:0.03992500096341341
him:0.010111878917144757
percent:0.019962500481706703
article:0.003419126077285236
very:0.00735545355182889
three:0.0123142953859598
lots:0.015395337600912913
before:0.008971283827943646
ads:0.04662963956949132
200:0.01753639259992073
while:0.009157563315943132
buying:0.016924970148681502
s:0.005235749205536019
