tv:0.02806415597223454
some:0.008648421297284105
looks:0.025356336847214004
studies:0.03125246589876811
join:0.03396744467032038
tried:0.02294714113360497
saw:0.025165782097299666
own:0.01678881952257774
wonder:0.027336057094940216
with:0.004332054642885536
much:0.01294219903377727
interior:0.04144151970719759
from:0.006270905588371671
wood:0.07465302752278187
wisdom:0.035996250228242196
added:0.03098976434638083
hence:0.03408409916638067
weekend:0.03738748042166142
to:0.0010208882667339487
changes:0.0302067355536014
q:0.031442062544612286
design:0.027875312647595872
otherwise:0.052642738246104236
lights:0.036360196069558086
direct:0.029583523130179066
been:0.010868447312751403
like:0.008626956025990172
nt:0.005289470753499545
along:0.025881195638083224
seattle:0.07209432089037716
re:0.0027699296502086707
pack:0.03816112977993993
phone:0.021758126860811623
this:0.003888758802751252
personally:0.029028478556344453
big:0.041122674872111964
on:0.003755620927698444
largely:0.038725776930961284
a:0.004137790002507837
uunet:0.027977720832720633
looked:0.02759261632947915
was:0.013117942727427936
steve:0.0237566951617362
andrew.cmu.edu:0.06036710232188534
wa:0.03714656789050912
those:0.013747523365093038
internet:0.021159510689737825
d:0.01349514238797804
it:0.005079339699851437
statement:0.0257274031088356
only:0.009878046209402124
uucp:0.03136021190619314
university:0.017409926678508547
has:0.007887218325085564
without:0.016646003591129593
writes:0.004898239933463425
were:0.011491135536831846
dept:0.030394870298828144
if:0.004964077183432661
of:0.007201503169101431
conventional:0.039498080711142095
they:0.020731547211283195
now:0.012236402947246254
in:0.0013161459399591887
morris:0.07282735877576042
or:0.004994899686689521
and:0.00848438698868422
still:0.015123770979478127
for:0.002409991577126474
subject:0.00019775523623717257
half:0.028012173952540857
steven:0.03323343798406682
i:0.00424219349434211
unfortunately:0.027273282080192272
joseph:0.030253323175138905
the:0.007258362318413103
start:0.020870830280611204
problem:0.015670854015152478
just:0.008699174544191748
btw:0.027791040892172852
changed:0.027994927361729073
is:0.0019901676065975107
ad:0.03207164189893371
new:0.025540734294571064
lack:0.0574743860578161
q45:0.052852223714213505
their:0.022424942497506876
206:0.04296332692360358
campaign:0.03822940129923565
slow:0.03041872670401364
too:0.01446309531751479
nice:0.023405477457442654
hood:0.0439339066451325
article:0.006002465780122971
initial:0.03412339584956359
sales:0.03584558590055981
