cleaning:0.029098298944503866
at:0.004736371034701242
out:0.012668570957854407
there:0.004934295621382513
played:0.021807543124485622
ah:0.02530807508317619
pollution:0.031781047149444665
own:0.012185433524451589
with:0.0031442332085459537
ron:0.022781173850672236
shape:0.025634013910146268
cambridge:0.025121593588617642
hell:0.01835151034667686
from:0.009102927466991135
mechanical:0.028436685542583294
to:0.003704836451857072
remember:0.014960344282372216
w:0.033272482312143595
band:0.02679187095784603
us:0.011074604226801055
day:0.01367367223528426
t:0.013850930403228184
that:0.00373015726273631
memory:0.018180818420254385
higher:0.019956311360418776
like:0.018784501024333437
tanks:0.026668271397498184
could:0.016226980164796317
uk:0.023234620885262295
something:0.010702480199803887
on:0.008177561697407902
you:0.0029881666097243114
pump:0.031676648838384974
used:0.01061539520611218
went:0.01754011432922626
1967:0.030731000093956677
brings:0.02789860243206188
great:0.013555111229745575
8:0.015873609045020786
came:0.016229713615472832
m:0.007359218882344474
more:0.006835586160326483
a:0.0067572780282890085
v4:0.12292400037582671
was:0.01904217492691152
owner:0.02409574320866456
worked:0.020667547529969625
shit:0.02590978431007934
180:0.030907289463972754
equipment:0.021693322110433278
died:0.021807543124485622
course:0.01315135376290333
no:0.0060523964310887635
d:0.009794861410629224
gas:0.021334245546607542
it:0.01105985257225716
fuel:0.025945271858634995
engines:0.05350070916199409
terrible:0.027225682308653246
nasty:0.028436685542583294
u.s.a:0.027599839791444616
electric:0.028107418740213837
minor:0.023365226759289415
quit:0.02704793573735815
ford:0.05140328354294695
get:0.007066526748877002
were:0.008340340308990855
fill:0.025980995206584822
if:0.003602959246039835
of:0.005226897461444588
but:0.003576791517475324
gear:0.02731680896625418
up:0.01444581043389661
now:0.008881260203646475
one:0.005286617783739906
in:0.005731603286919048
morris:0.02642928342668725
and:0.008210697085823438
for:0.0017491874350111507
subject:0.0002870640526023473
i:0.0030790114071837893
pounds:0.029566102046598652
we:0.021737804930870484
back:0.022648996989973524
controls:0.02679187095784603
turned:0.02111235666620214
than:0.007691404743115383
the:0.00607865330636333
thing:0.012171679758736327
when:0.0070305077572243874
flying:0.02670915634042947
putting:0.02161319627439793
around:0.01272685179114858
fan:0.02150298916929932
because:0.009487754295131797
put:0.013373437094337524
bat:0.027747146104283943
last:0.011721304043330634
bought:0.019693998649830433
an:0.004827409347106112
people:0.008092866344479126
lab:0.023170488783836093
paul:0.0352152956033232
right:0.010429427923603763
engine:0.04388224752409523
days:0.016012110884678347
spent:0.023343237591270462
time:0.008491989085503837
partition:0.03269838863885737
their:0.00813808397086943
mass:0.02264456247687993
four:0.01886046317754287
s:0.003335678929333432
