andrew:0.04766402733129112
thanx:0.061426174882813885
help:0.02708978126635186
small:0.03783222658564571
previous:0.04396454961636463
mentioned:0.044495742010023265
my:0.024056057248868386
to:0.001744555898849153
next:0.03390354460441994
she:0.0419638289227656
that:0.004391197790309833
think:0.03644931715262165
like:0.014742266626692065
me:0.01371631241018411
re:0.004733424085799627
wait:0.046473415254558455
so:0.012934311359302786
anyone:0.021176136071410015
93:0.046341968301321534
on:0.006417833230877088
a:0.007070906966310861
price:0.03962207850435396
wife:0.15345501368901154
definitely:0.05387154106482004
are:0.016276237508891785
reasonable:0.047320343925393006
it:0.00433994214860724
have:0.0064715267487044665
keith:0.04987932998885654
has:0.026956315794596227
dec:0.0627885883536033
but:0.008421306610764687
spencer:0.05893309616050985
one:0.01244697351614712
in:0.008996440602252681
po.cwru.edu:0.060353501104901335
for:0.01235502011058509
subject:0.00033793616319010504
car:0.03871700430232138
i:0.007249317996660567
we:0.03412009887883468
any:0.012953003370744396
informed:0.06464432853324731
the:0.002862353202490075
would:0.011805691722840203
her:0.041853276011768706
wants:0.08912747247072782
south:0.05470429727416185
is:0.0034009193277299227
convertible:0.15580306198498978
new:0.02182277930232338
right:0.02455536194671265
too:0.024715416048917676
article:0.01025737823185571
opinions:0.036146963993924586
live:0.039198585746172895
says:0.03241806005604517
range:0.050627290955565486
