some:0.01716965992843168
ideas:0.05289696525058045
thanks:0.02931450948406122
with:0.008600402599846284
to:0.00405352694144362
might:0.03128066376291832
reliable:0.06822196640359172
could:0.02219278169597143
me:0.01593512765300801
anything:0.034135899269403
anyone:0.02460168749472634
student:0.059162021649539286
hi:0.04633848029432948
something:0.029274431134757688
on:0.014912024271743821
used:0.05807245612755487
m:0.06038888435806201
a:0.006161047614028214
was:0.013021487266196848
buyer:0.08269989260801362
helpful:0.06830299075375304
not:0.008866323655528896
have:0.015036782739636849
university:0.03456382502350961
suit:0.07809560160834966
anybody:0.04469992860165728
spend:0.060295547275169864
looking:0.1144361181797049
what:0.013535913279362223
they:0.013719406242760936
and:0.005614667860158675
for:0.01435362630494444
subject:0.0003926023072355632
offer:0.05169358262929173
costs:0.06053312727843876
car:0.08996009823186439
i:0.01122933572031735
any:0.03009668430261198
less:0.04042449347935702
just:0.01727042005096891
about:0.014485532063556935
maintenance:0.08313890677197952
time:0.02322808779270167
does:0.01791895315202243
advice:0.1716113412455845
first:0.027611100432221192
useful:0.05638657672174174
models:0.06563533895559667
