out:0.00765050064337961
there:0.01191920760489802
know:0.008012176140638323
watch:0.0249621028608724
i.e:0.02243207140893119
your:0.008181378066112095
way:0.011249174152899633
much:0.011345434217921634
rumours:0.039054928610597006
4:0.016131620157004412
from:0.010994444862729554
throw:0.027684224522953316
to:0.0008949345195395006
most:0.012055814701084662
normally:0.027635400935849246
been:0.009527534981957398
that:0.006757882313658639
think:0.00934901316576984
through:0.015386125285875499
its:0.013427432182040067
me:0.007036290132497044
australia:0.03012398516522232
re:0.0024281850829751335
tells:0.028746753248809178
this:0.003408976872541682
generation:0.03012398516522232
on:0.003292265098956428
set:0.017203990806012474
you:0.0072181686936197646
them:0.019037132097821312
europe:0.0534155924616553
a:0.0018136417218784352
hard:0.01755995715958123
was:0.005749747624034972
as:0.02597773247457852
local:0.039693291583324054
boyle:0.08025375008300503
no:0.007310037247938376
it:0.0022263339593504676
reported:0.026814075305270545
deleted:0.02281415257791128
have:0.006639618352566921
being:0.012635090454059405
japanese:0.03251180841278932
ve:0.011851517526152171
after:0.01252736160821397
craig:0.05928552913364306
has:0.006914119960302279
details:0.024771570664222954
heard:0.017549658178051136
anybody:0.0197376308111214
be:0.0075124838589282
writes:0.004293911629984172
soon:0.023357101539217343
of:0.002525202409944658
seen:0.01683418760144385
but:0.004320020923703963
years:0.014479061188184374
released:0.028088620169196915
well:0.021855427404588894
find:0.013743160634242794
rest:0.021211888529044213
in:0.004615057192064688
u.s:0.022907418188303236
or:0.004378645829240814
world:0.016371757719043357
and:0.003718805985299901
still:0.01325785118330875
for:0.004225309907949013
subject:0.00017335686293518376
half:0.024556126516837765
i:0.004958407980399869
info:0.019125944541509076
integra:0.17658644064409376
any:0.006644722508368879
will:0.007359125616255094
the:0.00489450006486398
see:0.011489517931241405
upgrade:0.028717957163952906
canada:0.02415978956497823
would:0.0060561665331453
can:0.01684219465787753
specific:0.023799716158898913
an:0.005830507393258031
cars:0.02481868216345134
just:0.007625899762765493
people:0.009774500909565697
about:0.006396208963129036
is:0.0017446274473419735
cactus.org:0.040126875041502516
new:0.0559740118468684
engine:0.02650031831000556
does:0.00791226502816575
life:0.01811934644992669
first:0.024383828953130404
japan:0.03363416434031796
every:0.015793172252840236
article:0.005261901820237669
very:0.011319756440152255
models:0.05796367596078667
honda:0.03129363559529063
94:0.0707617045175142
by:0.006431399187124456
sales:0.03142307854919204
appear:0.02564089330036482
