believe:0.02361599869924283
out:0.012806272816091955
block:0.04769325312134056
fast:0.037845629619000405
there:0.009975858538882037
all:0.010370302507024904
small:0.03248636848115229
case:0.02686533812289952
with:0.006356819312929862
lincoln:0.0634322523618322
someone:0.023950631681119782
recall:0.04250929581601111
continental:0.0668937059609467
motor:0.05477260171508452
that:0.011312107351124244
think:0.03129887016366424
nt:0.007761723388287375
its:0.02247635386993663
re:0.004064570682371419
something:0.021637623012646986
big:0.03017152775942997
on:0.005510965491731412
used:0.021461559873226798
sure:0.02371786978433917
a:0.006071757068897369
hard:0.02939384133234249
smoke:0.11026990821859495
it:0.0037266894536953474
engines:0.054082238609407064
probably:0.025948083859013135
hope:0.03139632106130484
ford:0.1558860446574152
be:0.006287622360189905
whatever:0.03592348455166699
of:0.004226969251429101
but:0.007231339372287068
reading:0.035720891808293374
up:0.01460283011252592
called:0.0291549401723558
u.s:0.038345026097811936
tires:0.057153618737505005
or:0.014658944732675767
for:0.0035364006838268913
subject:0.0005803686280873543
car:0.13298449303840823
i:0.01037492974159755
elaborate:0.06050472047288019
later:0.03473273944519243
em:0.10338052320192714
the:0.004096483749940505
do:0.015615606932749927
would:0.010137496153308435
can:0.009397456439540363
may:0.020228538341737292
mad:0.057153618737505005
last:0.023697419044124975
an:0.009759762375671052
cars:0.041544315795342464
unit:0.0466319654086893
is:0.005840709280231824
cop:0.0592244700853108
max:0.10351513125079499
first:0.020408204667293924
built:0.04013584384863862
s:0.006743872618000199
