reference:0.02028061447292584
ask:0.01584001404541504
at:0.0047878533285566904
out:0.0064031364080459775
tommy:0.03017739652919914
all:0.005185151253512452
porsche:0.03344685298047335
send:0.015942103917805556
fax:0.01662306162980103
hand:0.01715891008398192
own:0.0123178838888478
your:0.006847457729245992
literature:0.025712568555241788
from:0.023004680826906945
except:0.01752370336415116
my:0.005164207942012507
to:0.003745106413290301
spell:0.030725248154861995
line:0.030693519008760745
cash:0.027613730802843895
w:0.016817069864289966
owners:0.023465475344506787
t:0.01400148399456762
appreciate:0.02086528986638312
think:0.00782471754091606
its:0.011238176934968315
need:0.010441315171180632
re:0.0020322853411857095
package:0.021126429527479357
complete:0.06037851929828442
voice:0.019709208159979175
phone:0.01596384307722592
this:0.002853165425931625
93:0.01989682334676305
on:0.002755482745865706
you:0.0030206466815691406
used:0.010730779936613399
great:0.013702449395286287
m:0.007439210391935174
includes:0.02047692593169755
a:0.0030358785344486846
how:0.007148711941462632
other:0.007496239064303863
same:0.010554855165916371
series:0.019496469351998186
as:0.004348446522918578
norway:0.03133458129682235
copy:0.018568543179692077
fine:0.017604111836524782
manufacturers:0.02743103183111028
international:0.02155089467794236
those:0.010086498121128044
d:0.0297039818865821
it:0.005590034180543021
have:0.0027785359410198523
partially:0.030978074326790762
money:0.016849020471353966
p.o:0.025036187172234152
after:0.010484856998179084
edition:0.02648525599426648
call:0.014439978793471236
be:0.006287622360189905
writes:0.0035938173424867517
get:0.007143336822234361
of:0.0021134846257145506
kit:0.08414623655538282
looking:0.014097202964166543
what:0.005002402733677343
but:0.003615669686143534
forgot:0.026085191769574925
order:0.015240852506154848
george:0.04328602368538225
over:0.010901851915866075
box:0.017220320710361996
according:0.018693077198838143
5:0.014124309168030886
or:0.014658944732675767
offers:0.024565708822731656
p.s:0.0246458299191295
and:0.00622495784495853
still:0.011096245012117104
completed:0.029223871107969833
for:0.008841001709567227
subject:0.00014509215702183858
guide:0.02555128720662159
car:0.03324612325960206
i:0.00622495784495853
info:0.01600758401843694
possible:0.01400528055959012
leads:0.024672801600336726
body:0.019291745237361692
any:0.011122687677052252
will:0.006159268178822197
capabilities:0.027851095278401836
the:0.005325428874922656
clone:0.029100348004287464
original:0.01677265224605152
would:0.005068748076654217
sequence:0.02825385599662859
an:0.004879881187835526
cars:0.041544315795342464
here:0.009784787530561934
company:0.018294174128431248
entire:0.020268577297221747
is:0.005840709280231824
number:0.013599265480422599
convertible:0.03344685298047335
hardware:0.019291745237361692
karl:0.03191743744004843
wwii:0.0596346910416461
2:0.010589182348344613
1:0.010644151586547329
vw:0.09544754928190367
very:0.018948287954167906
u:0.020552410236918565
close:0.018885397913970328
publishing:0.03133458129682235
happy:0.020641821133070767
7th:0.0299585166425799
s:0.006743872618000199
share:0.022179614237722044
