believe:0.037459860005695525
all:0.016449445355970538
chris:0.06615081453309138
with:0.01008323063430254
to:0.002376205448432467
gm:0.08488137028780876
that:0.0059811142316289105
think:0.02482324185394061
quite:0.04579654107085175
nt:0.01231169916762825
its:0.03565214751783052
australia:0.07998437440421098
re:0.012894500095798983
so:0.017617424092843448
on:0.008741531469642929
a:0.004815531468435845
christian:0.0552731443316651
based:0.05208453468794039
ford:0.08242250637058735
writes:0.011401075707199351
of:0.006704847778128919
parts:0.06290853467959243
they:0.016084821112202476
up:0.023163109833661804
in:0.0030634431361119046
u.s:0.06082314484480514
use:0.02866861254736807
and:0.0032913570214723265
subject:0.000460292360207212
v8:0.09437331982851745
car:0.10547045999597894
i:0.006582714042944653
linked:0.10125531877532605
the:0.0025991483103070794
do:0.012384791705284426
mad:0.18131492840863658
last:0.07517801903653441
an:0.01548100238899546
gb:0.10526604800409765
unit:0.0739679451310244
is:0.013896860011586064
max:0.2462946226312019
first:0.03237163498950071
built:0.06366375231163368
unlikely:0.08220563081529665
s:0.010697177256138246
