screwed:0.027715165757666627
screw:0.05207201370898377
at:0.004588359439866828
say:0.009883046740976788
andrew:0.01961176124568749
know:0.006426432946136988
ever:0.013767823212655524
your:0.006562146990527409
with:0.003045975920778892
way:0.009022775101804912
10,000:0.029524547565757266
previous:0.01808958031090003
into:0.009327103661366595
o:0.1094055932437463
from:0.004409230491823831
chevy:0.062426591675114315
aaa:0.03110364266465178
throw:0.0222050550861188
to:0.002153436187641923
gm:0.02564124727444223
that:0.0072271796965516
quite:0.013834371781819798
r:0.09688186771028531
like:0.012131656911548678
really:0.010163519495786071
through:0.012340954656379306
nt:0.003719159123554367
me:0.01128738208754734
re:0.0019476067853029715
package:0.020246161630501053
these:0.008628312359890325
big:0.02891438076945372
on:0.002640670964787968
you:0.005789572806340852
american:0.01680747509056362
great:0.013131514003816024
m:0.07129243292271209
sure:0.01136481260499585
a:0.0094554966854183
same:0.01011506953400319
load:0.023416629540643566
as:0.004167261251130304
idea:0.028878919742299544
moves:0.02688004778852507
no:0.005863259042617239
crap:0.025309863441732795
d:0.01897754398309412
police:0.019143666206420266
it:0.007142821452916082
not:0.0031401562946664838
have:0.002662763610144025
buy:0.015660630860645654
amazing:0.025528426978706917
always:0.013838313010409935
has:0.0055457003848257864
ford:0.024898465466114926
which:0.006728605898528738
if:0.00349036676960109
cops:0.025345659688023218
of:0.006076268298929333
seen:0.013502421305324754
but:0.00693003356510844
spencer:0.024248513524376448
they:0.019435825510577993
up:0.01399437885783734
good:0.008437551309164057
george:0.06222365904773699
one:0.005121410977998033
rest:0.017013702257670876
in:0.003701660456135218
po.cwru.edu:0.024832950975454196
better:0.01164695766302814
truck:0.026784479357961542
and:0.0029827923007092957
ooo:0.06676159581287382
subject:0.00013904665047926196
p:0.07012766749231979
i:0.001988528200472864
platform:0.02722906190458215
the:0.003925796927026318
thing:0.011791314766275814
ss:0.05714991224824418
would:0.004857550240126959
can:0.004502947877279757
mm:0.059710693107788766
instead:0.015977782872836674
imagine:0.02050905497117949
taurus:0.030891028109858783
an:0.004676552805009045
just:0.006116607101384822
people:0.007839964271214153
drew:0.029941436668223603
about:0.00513029260584308
current:0.01647002981109801
is:0.0041980097951666235
save:0.018867240793860904
living:0.019187526114734895
3.0:0.02407679467418077
keep:0.013799034292322505
break:0.020438575772124407
their:0.00788376884677976
exception:0.025914406000340885
wanted:0.01586020827888595
almost:0.015739546511794624
article:0.004220483751648963
going:0.011342790021092095
says:0.01333868096056025
favor:0.024800500195502968
s:0.006462877925583524
