correct:0.027967670428901272
much:0.014933306577435312
former:0.034110238655953494
exhaust:0.04927831588560098
into:0.015306016264806722
someone:0.018832975339000173
from:0.007235660294275006
recall:0.03342611294934207
matthew:0.03663480633180765
motor:0.08613810868013294
been:0.012540516130097773
bear:0.03850907968221979
make:0.015043422934612853
that:0.0029649967985852723
r:0.026497604843838722
like:0.00995418002998866
nt:0.006103235484807167
could:0.012898368848940663
its:0.01767371415413821
re:0.003196072673317697
had:0.026229204883455304
this:0.013461088163369718
balance:0.04286142448904899
telling:0.03670106254381037
something:0.017014199291995925
used:0.016875756481511673
size:0.03077672766722964
a:0.0071615596197251025
v4:0.09770882081155456
rent:0.047227455461407886
was:0.01513608776241685
owner:0.03830605330608212
singer:0.09716610801985233
reasonable:0.031951343334239726
it:0.005860776576751658
not:0.005153076996375769
have:0.00436966336023635
engines:0.042526204718508126
made:0.019876748306991467
only:0.01139774562623322
transmission:0.04141784725433263
60:0.03480050666146169
chuck:0.12777661533741952
spelling:0.04615768500880955
degree:0.037875678210820454
ford:0.08171804050417208
which:0.011041814807842033
writes:0.005651815307842414
of:0.00332377069343143
germany:0.03593799771954946
seen:0.02215781957796883
but:0.011372362773511287
particular:0.02898334571011801
alone:0.032813789191576875
commonly:0.04411084765296422
in:0.004555889792166422
or:0.005763345792334063
1500:0.04794011878567328
and:0.003263225764878546
for:0.013903797560345042
subject:0.00022817911873519915
space:0.026132587671052167
i:0.003263225764878546
power:0.023092780172397798
pretty:0.024598462024954075
later:0.02731121392271542
the:0.005798100076838869
responsibility:0.03707494757768094
did:0.014050521738828765
wagon:0.05350069627405918
cc:0.09664009676059158
1/2:0.04054046132219517
angle:0.04566915155718606
too:0.016688186904824757
designed:0.03358630253745951
article:0.006925922053988043
iii:0.03951063741404024
95:0.04576464985289653
shaft:0.046057718856987395
ports:0.04207794424523854
96:0.048450539595088854
torque:0.049878352284517626
