some:0.015162816560173431
feeling:0.05670956948817561
out:0.01530100128675922
all:0.012390491307094692
means:0.03681292494076303
knowledge:0.048010014868209556
wonder:0.047926853348271806
way:0.022498348305799266
my:0.012340444952341576
to:0.0035797380781580025
matthew:0.05566587455612331
t:0.03345809162338237
that:0.004505254875772426
bit:0.035390703870853246
seat:0.06441946077837224
re:0.004856370165950267
avoid:0.05021752588601428
dream:0.12943605190024315
michael:0.03902201560615181
had:0.03985476586187364
der:0.1506506268749736
you:0.021654506080859292
took:0.04383638540800883
m:0.017776814443065874
a:0.009068208609392175
viper:0.1618748698669301
test:0.04644025784389183
let:0.02993685380198474
drive:0.03667277595851934
tad:0.07651761927194294
it:0.013358003756102804
his:0.023953623915652686
without:0.029184551750681756
writes:0.008587823259968343
of:0.002525202409944658
what:0.011953793545410795
passenger:0.07176119855824314
ticket:0.06576593388843512
in:0.004615057192064688
or:0.008757291658481627
and:0.0024792039901999343
word:0.03985553917095349
for:0.004225309907949013
subject:0.0003467137258703675
i:0.007437611970599802
room:0.0517925776664754
the:0.002936700038918388
see:0.02297903586248281
dad:0.0748774410209781
home:0.038043675998199335
roy:0.06544258906217892
push:0.06233344526755567
last:0.028313799377396077
bought:0.047572516219070916
just:0.015251799525530987
night:0.04347837463096136
inspired:0.07229135433123349
by:0.012862798374248911
s:0.008057614037091147
