some:0.019788760595480577
since:0.01695611545257357
sells:0.04256626132979658
sleep:0.04172135149739752
at:0.007465805190291788
k:0.064214594173757
all:0.008085320598697383
damn:0.036456244553920394
anyway:0.02583486289529266
ever:0.02240188183754119
storm:0.04753384659257435
your:0.01067739171340053
with:0.004956164210080909
ron:0.10772792380233141
exhaust:0.04886070303911282
to:0.004671861559629935
next:0.022698135794484535
calls:0.03396855648693583
that:0.002939869707071837
like:0.0098698225721074
nt:0.012103026300380314
re:0.0031689873116794113
phone:0.024892772256013294
supposedly:0.03931435352071387
you:0.004710160927192558
used:0.016732741596075133
serious:0.030482996924063307
state:0.022522994804581493
a:0.007100868436507094
viper:0.1584453175392409
looked:0.03156782376677699
also:0.0125720095905048
neighborhood:0.049769563465838225
are:0.010896803077986874
it:0.0029055544893217965
have:0.008665264629621234
made:0.01970830128744069
try:0.02064737010460502
ronald:0.049455654383801374
university:0.01991813645422588
real:0.021674524186425827
writes:0.0056039185679454435
get:0.011138762502467139
were:0.013146638114172026
if:0.005679240845452621
of:0.0016478015725910056
georgia:0.040730066102605114
but:0.005637993408901782
ignore:0.0381420860216629
loud:0.045866810200658636
up:0.011385257375867666
now:0.013999274558290205
over:0.016999497902706422
one:0.008333143286234088
in:0.0015057601855465294
system:0.018942562112224788
or:0.005714503878839706
men:0.029759309768028323
p.s:0.03843078563660871
and:0.001617785654621991
subject:0.00022624539738998556
car:0.12960353135099106
we:0.022843117045999492
house:0.029134508004154163
any:0.008671925985498367
cs.uiuc.edu:0.04741190813959045
the:0.0051101898982308675
do:0.006087439990733023
thing:0.019185868094279294
when:0.011081986803760473
would:0.007903810560206576
because:0.029910547438890066
fancy:0.045282124849074304
county:0.04682722278800612
neighbor:0.04291505855431783
people:0.012756552034517945
e:0.02636347200045616
alarm:0.050787735600093004
is:0.004553773337129897
field:0.03298693093163819
hear:0.028082047154735657
too:0.016546761592072006
sensor:0.04993098884694581
every:0.020611428194384714
dog:0.04216581315309703
passed:0.036624063429311744
s:0.005257934583525579
