transmissions:0.061603299857454524
at:0.004426959861580056
out:0.0059204879350776875
andrew:0.018921900297346726
played:0.020382929754544348
thanx:0.024385265405740188
know:0.006200377515870863
racing:0.03011534070759284
with:0.01763298623486072
way:0.008705391052997705
damage:0.022359160081249604
previous:0.01745326341554174
cup:0.022006374861786044
from:0.004254131931809927
my:0.004774946036835685
to:0.0020776871760163278
engaged:0.026963636120818223
that:0.0017432393237913407
studied:0.028259259785652895
slip:0.029234918149677807
motorcycle:0.02333971543344325
r:0.015578993802658946
nt:0.0035883344307660226
clutch:0.05196252832220228
me:0.005445169248264044
re:0.0018790980039104048
se:0.025363366115197447
ps:0.02264101669758651
had:0.007710595405437865
described:0.02085109680260469
this:0.005276205410768031
weak:0.023509117731645823
something:0.010003323201826748
on:0.005095566082806934
you:0.005585919491544944
used:0.009921927177572188
m:0.013756931780061026
a:0.004912326070816465
how:0.013219728615368083
other:0.00693119591875332
same:0.019518526135965955
was:0.00889910687539081
as:0.004020674171944816
dogs:0.026124168358691763
said:0.011012587078710714
ccwf.cc.utexas.edu:0.028643043598640706
question:0.010969779313302033
fine:0.01627716873326915
are:0.009692131380922998
place:0.01366546541365038
it:0.005168674820200582
not:0.0030296985355576125
being:0.00977790919560376
only:0.013402374253962679
transmission:0.09740478650767674
ve:0.018343052251532002
always:0.026703076361796054
referred:0.02452389835307098
familiar:0.02314903738538233
without:0.011292514999007512
writes:0.0033229265880279513
were:0.015590987914294464
if:0.006735180098124716
of:0.0029312651090312356
what:0.013876011602964288
explain:0.0180656157186563
but:0.0066862635402051285
least:0.012098805943248655
fact:0.012051593611200197
variety:0.02348048445971297
spencer:0.023395550737086827
they:0.004688038314109265
who:0.006497753136853509
miles:0.020171632084979022
sounds:0.017903038007843406
email:0.013788435472200707
in:0.00803576541231364
po.cwru.edu:0.02395943008687038
moving:0.021311465234378553
or:0.00677699957490538
and:0.004796449930788818
for:0.003269837818211799
subject:0.00013415556227144873
each:0.012794017072163896
cause:0.015846739363527974
forth:0.024813194090867356
i:0.003837159944631054
taught:0.02431735726922399
back:0.010584707136017776
any:0.005142147066777926
will:0.005695001733182333
the:0.007575407135568372
can:0.004344552725817655
instead:0.01541575030947056
cars:0.019206417352620637
shifting:0.08770475444903342
just:0.005901450067667769
jonathan:0.024022640047708876
long:0.011961363040746657
here:0.00904724073177586
drew:0.028888220303009707
about:0.004949830051868702
different:0.012699582402066572
is:0.004050341108904481
87:0.02657901261769092
does:0.006123059368530278
first:0.009434948891412267
psuvm.psu.edu:0.050240334834798415
art:0.023175838118926866
dog:0.10001137592091357
article:0.00814404904840805
little:0.011785621617580223
by:0.004977062687523448
says:0.012869481127776724
s:0.003117770255557881
