read:0.013907994244772527
go:0.011935167188921026
at:0.005404693327941295
means:0.017390154726618114
your:0.007729645534854372
with:0.0035878980171137873
much:0.01071899919975418
to:0.0008455209571109392
remember:0.01707131310749222
experiences:0.028988383988369802
that:0.014897744650560355
v:0.023599069410441792
like:0.007145024929501063
nt:0.0043808500105671075
me:0.006647783315365305
account:0.024998646667038407
re:0.0022941135139765063
so:0.00626877667107313
announced:0.02960626113930128
comparing:0.03284947259379689
something:0.012212646117567625
chen:0.034411005508734806
on:0.009331450771275274
you:0.010229429252921262
ownership:0.03264608481884658
great:0.01546779563639679
theodore:0.03335203162734221
shadow:0.032918795018667645
more:0.02340035016847962
magazine:0.025906132127631182
prove:0.02409140085836563
a:0.00428375498725888
other:0.008462012195287796
same:0.011914683132077377
was:0.010864553792655038
ridiculous:0.030620062200008683
part:0.015025902530142805
spending:0.03007029435528668
it:0.006310222633251018
reminds:0.03432273104583849
toyota:0.03264608481884658
ford:0.058656507601154186
which:0.007925719831395815
writes:0.004056824484770322
spend:0.07546191192720646
things:0.013709975019265335
if:0.004111352268487174
5000:0.036146360024169356
end:0.016590388972855884
of:0.004771548112042666
result:0.02168712859516259
year:0.01518258108104081
years:0.013679603821965603
loss:0.026109519902581493
they:0.0057234332791886115
up:0.008242088161671072
over:0.024612769969562673
in:0.00654035712495057
5:0.03188801088242556
or:0.008273760217215771
rather:0.01578824326940407
and:0.002342315426323864
for:0.0019960052939391043
seriously:0.02378499179998369
subject:0.0001637850116074742
costs:0.15151850263560132
car:0.01876468306676926
i:0.004684630852647728
period:0.02325773762942709
than:0.00877669498294148
cost:0.020374279781293747
the:0.004161826435522378
wrong:0.016217313232085036
do:0.004406858398199366
essentially:0.027612062273351057
would:0.011443553939930995
did:0.010085343824803469
correctly:0.02673805809221091
leland.stanford.edu:0.030965091146774797
extra:0.07149709894769174
needs:0.020548138421284338
taurus:0.14554791158510152
an:0.011017155074377139
dozen:0.03160584368277233
about:0.01812913215316328
is:0.003296596648965201
argument:0.021587370798403203
repair:0.06276947955593487
time:0.019380490428266426
their:0.009286402567985975
every:0.014921156606977891
4000:0.14276683955302782
article:0.009942734727811056
initial:0.05652341643792741
buying:0.024608698927837524
doubt:0.021350136803561764
