some:0.013576010175969233
at:0.020487558429172815
there:0.03201554600850514
i.e:0.04016905810436515
my:0.011049003038724433
corp:0.05381586796409357
ground:0.04508085655113187
to:0.0016025571628963148
within:0.03763314205026532
visual:0.059588389897976025
front:0.04089477824844109
enough:0.028280796824853443
width:0.06573774023830939
could:0.017547780875884388
re:0.004348145381141518
this:0.006104446957807198
hi:0.03663972860481866
on:0.011790902912541626
spec:0.061023029678912134
a:0.004871526020394402
how:0.015294918572431678
was:0.01029605969885332
as:0.018607306051558567
old:0.03078968700398051
inspection:0.07379759117505294
turning:0.11030776685341476
brake:0.12700171553132908
are:0.0224271412186474
results:0.04259399707986582
pressure:0.05117072897673534
caused:0.04630597882622287
should:0.01910246677015674
applying:0.06684599814301083
left:0.03400471143605304
able:0.03066820030361243
brakes:0.2589039201630222
disc:0.0727858309774991
be:0.020178881062935045
which:0.015022003866482765
things:0.025985185210933136
end:0.031444574448552434
but:0.007735851421516398
shop:0.11301148327471387
least:0.027996074217517236
suspension:0.06488861076139206
confirm:0.06539061275982472
for:0.003783126312931093
subject:0.0003104297313025383
possible:0.02996478631354165
will:0.013177969126782376
the:0.0035058279534374557
when:0.04561655033175823
can:0.010053092935322248
problem:0.0491991928382694
long:0.027678037733820753
is:0.006248200625364277
applied:0.10295348837945612
by:0.0345500747029244
james:0.040227834507407294
