above:0.02430942884043344
sho:0.1108127543356187
out:0.010519438384646963
shifter:0.11977868190342648
way:0.030935228920473987
method:0.03563301716737999
maynard:0.046947615391521966
into:0.015989320562342733
my:0.016968111809469666
to:0.0012305349643668131
nt:0.006375701354664629
clutch:0.04616313900052791
re:0.003338754489090808
this:0.014062029599234437
you:0.009924981953727175
pulled:0.04470373656758531
1989:0.04224207691218294
slowly:0.04713171617011783
sam:0.08804366994258894
great:0.022511166863684613
more:0.011351955587685052
sure:0.0194825358942786
other:0.012315249891356345
nor:0.030844098187280383
let:0.020581586988864507
equipment:0.03602640993339812
andrew.cmu.edu:0.0727639179772725
are:0.005740280192868085
internet:0.025504767349237553
manual:0.035085691043596094
works:0.026563624942417322
pushing:0.04713171617011783
it:0.006122418388213785
try:0.02175347921735172
only:0.011906573555975773
ve:0.016295836598459235
uucp:0.03780025542264351
towards:0.03723015299419232
personal:0.029945495278533175
ford:0.04268308365619702
without:0.020064379328593705
be:0.005164832653013137
which:0.011534752968906409
writes:0.005904128491228235
if:0.005983485890744726
jump:0.04428837928513091
of:0.001736076656836952
but:0.005940028770092949
one:0.017559123353136113
in:0.006345703639088945
1990:0.03813344973520775
point:0.01965657108267911
and:0.003408905486524909
for:0.002904900561714946
subject:0.00023836568653587764
car:0.02730931553467312
i:0.003408905486524909
back:0.01880675642917444
any:0.009136493449007207
favorite:0.04314700989664979
review:0.03858606682731059
will:0.03035639316705226
suggestions:0.03533032474170426
reverse:0.08954976187890591
the:0.006056943830269176
do:0.006413552847379434
putting:0.03589334381283941
can:0.007719339218193869
taurus:0.052956048188329344
cars:0.03412568797474559
problem:0.018888975821835574
just:0.010485612173802552
ma:0.03581444576104925
is:0.0047977254801904266
right:0.03464059988911249
time:0.014102767588426013
too:0.017433195248790147
every:0.02171561184765532
position:0.03073966926082332
article:0.007235115002826795
corporation:0.04240491251530599
while:0.019378058088201092
driven:0.042029481834560456
