sent:0.02388105550837411
some:0.0075814082800867155
know:0.008012176140638323
all:0.006195245653547346
tried:0.02011600034439397
liquid:0.07728935200532995
with:0.015190321475053179
apparent:0.03142307854919204
post:0.016769985743059615
often:0.020177405118692898
both:0.014582494040962585
approach:0.026728913343726207
name:0.01793657471318345
to:0.0026848035586185016
experiences:0.030682510325352453
us:0.013375820689512962
that:0.002252627437886213
me:0.007036290132497044
re:0.004856370165950267
sample:0.030605205763623116
so:0.013270267498505456
anyone:0.010863082789879165
had:0.00996369146546841
this:0.003408976872541682
off:0.014178295116599678
on:0.006584530197912856
glass:0.0709230359460669
lung:0.03891527792734399
names:0.02660322864922649
paint:0.03168997254715017
a:0.0036272834437568705
wondering:0.04673939612801684
was:0.011499495248069943
let:0.01496842690099237
overall:0.03008840421869878
cover:0.02548186070290835
others:0.017508624825119456
are:0.00834949846235358
hey:0.02502687653007253
d:0.01183015728816257
it:0.006679001878051402
not:0.0039150000556880836
examples:0.02849207329326839
have:0.0033198091762834604
color:0.023991117575346665
completely:0.023357101539217343
quality:0.0249621028608724
coat:0.08129326576707693
minor:0.05644067762633547
aaron:0.032828627660642776
which:0.008388911250113753
stick:0.027443696784769232
recommended:0.03187419785318404
writes:0.004293911629984172
if:0.004351626102359801
what:0.005976896772705398
but:0.004320020923703963
years:0.014479061188184374
never:0.014311293706895198
again:0.015856293104597522
please:0.01243776205782633
they:0.01817375891898202
brands:0.03919764878409555
up:0.008723768638651848
net:0.02152689925258755
good:0.05259772244673698
clear:0.06424189757506389
wax:0.11404122771344334
in:0.002307528596032344
or:0.004378645829240814
better:0.014520882281177943
and:0.004958407980399869
few:0.029683474037743983
still:0.01325785118330875
for:0.004225309907949013
subject:0.00017335686293518376
i:0.004958407980399869
plain:0.02954412712854897
back:0.013677641039399595
ol:0.03680982553652854
any:0.006644722508368879
suggestions:0.025694781630330375
the:0.003915600051891185
do:0.0046644020708214076
magnus.acs.ohio-state.edu:0.05975783620079728
start:0.01829585771352281
just:0.007625899762765493
here:0.011690914971580495
about:0.019188626889387106
is:0.006978509789367894
time:0.010256558246128011
1:0.012717687609900706
although:0.020517788680225704
article:0.005261901820237669
spring:0.03092010413984786
give:0.015345690073740304
bad:0.01779611069315834
thus:0.021632175797898088
upon:0.0225199713161879
s:0.012086421055636721
