bottom:0.045318324523727485
mustang:0.05823800968298297
all:0.009637048794406983
with:0.0059073472402984585
way:0.017498715348954984
much:0.017648453227878096
4:0.05018726271068039
companies:0.04016800349078522
wheel:0.09817159153156964
gain:0.04631924273225507
both:0.02268387961927513
line:0.028523270189959482
5.0:0.051236523010660284
most:0.018753489535020585
make:0.0177785907409061
that:0.0070081742512015524
think:0.029085818737950613
really:0.019711068113039656
re:0.0037771767957390967
wade:0.058068240811100326
this:0.005302852912842617
on:0.005121301265043333
you:0.011228262412297412
numbers:0.03563376162624948
am:0.016508448047488543
etc:0.023457818055133695
them:0.014806658298305464
theodore:0.054912940962189696
more:0.012842616422431575
j:0.030849784439685484
standard:0.030747924651133705
rear:0.09570009956808995
scale:0.04888034440985429
no:0.011371169052348586
it:0.0069263723179792324
have:0.015492442822656147
robert:0.03227688918139095
disc:0.2529123823864616
be:0.005843043001388599
breaks:0.05581426554530023
making:0.031056638291640442
of:0.0039280926376916905
formula:0.06097412033081529
but:0.006720032547983943
parts:0.03685550516582183
they:0.00942343055058327
now:0.016686004018972165
good:0.016363735872318173
point:0.022237736982424858
and:0.011569618620933026
for:0.00328635215062701
subject:0.0002696662312325081
car:0.03089538727154939
seperate:0.057105511722167754
cost:0.033545531357079605
the:0.005329566737296334
when:0.013208832755997333
hello:0.03908374536011891
would:0.028262110488011395
can:0.008732989822603166
orders:0.04943778295093803
just:0.023725021484159312
btw:0.037896873943872075
is:0.0027138649180875143
done:0.026754177287077765
1994:0.05773703047955497
90:0.040726862722670024
models:0.04508285908061185
by:0.02000879747105386
especially:0.03156864351007416
s:0.006267033139959782
