some:0.028476509149594004
out:0.028736026806840485
there:0.011192426653379847
your:0.015365027099771495
my:0.023175957593421982
to:0.003361461366075197
that:0.012691632637846713
cold:0.05387988274438574
think:0.01755790277473848
smooth:0.06706457293496768
grand:0.06115593494169185
along:0.042609285501722376
clutch:0.3152604614670199
re:0.004560250033880129
89:0.0576964952946889
this:0.006402224858188037
onto:0.05309954483371154
a:0.0017030538120077988
drive:0.03443663108299986
also:0.03618285687023333
whole:0.03648677408569866
moves:0.06293864848044894
it:0.004181163777316732
should:0.02003429441748146
couple:0.038487704812859985
being:0.023729316218599368
after:0.02352699619103599
be:0.014108811149694422
stick:0.05154060127871295
found:0.03261610372264631
kinda:0.06227929212349436
if:0.008172566094675723
of:0.002371226653240715
but:0.02433963008233208
again:0.02977889192814656
seems:0.05747529486295313
thin:0.06951177653816465
in:0.00216682563285964
bmw:0.05404212622763406
and:0.002328033015187743
still:0.024898891246701797
for:0.007935338119806684
subject:0.0003255726450246134
i:0.011640165075938715
becomes:0.05250934311588411
suggestion:0.05644103225502497
the:0.0036768439511661124
start:0.03436051326685991
problem:0.025799576732263223
during:0.03571182329027403
about:0.012012392442949653
is:0.00655299089977229
right:0.023656995046223168
experience:0.04039296066823351
already:0.03543641855240672
honda:0.05877097416676533
ups:0.0725765866391513
somewhere:0.0473112324256413
