another:0.01945180114375946
know:0.010823466014546507
estimates:0.10206576687343655
situation:0.03091344112960174
chris:0.10096703270840263
damage:0.07806092730120476
insurance:0.1947553956424892
though:0.021803019312374383
florida:0.04479738556251348
dealer:0.07758886672366222
via:0.02998448577733022
to:0.002417893263317247
declared:0.04790415585830834
everyone:0.02682028734660617
think:0.012629368662531186
anything:0.020361764476485997
this:0.009210218217042439
you:0.00975085946331091
more:0.01115279847211163
other:0.02419838575143703
occurred:0.04472077433471739
driver:0.03227882103935431
question:0.0382980014622299
no:0.009874962598092191
those:0.01627996187971544
place:0.047709256444147814
it:0.0030075037696488767
should:0.01441063282660947
have:0.0044846545012952
accident:0.0852542768563631
nasty:0.04639669746421484
sort:0.02752159041807921
recognize:0.03927302094297527
if:0.005878512454064994
of:0.006822476686517145
even:0.014729468840052856
but:0.011671635478077372
please:0.01680188909566013
they:0.008183505478138103
now:0.014490477174370563
one:0.00862553427873353
in:0.00467578162880238
and:0.0033491001271121917
for:0.002853937393965561
subject:0.0002341838323861254
costs:0.036107479429244166
car:0.18781143315073442
i:0.0033491001271121917
person:0.07382090629141712
pay:0.029235456684191957
than:0.012549134054556677
cost:0.058263291304401416
the:0.003967121105205542
thing:0.01985905644846453
less:0.024112855759616466
hello:0.033941147286419046
because:0.01548002016574135
claim:0.028642447761403386
reports:0.03468616179112414
an:0.007876299461067866
cars:0.0335269916944869
here:0.015792990400205226
people:0.026408300703037145
about:0.008640492809840979
is:0.007070332286596418
involved:0.031586641553209366
repair:0.04487467178779554
drove:0.046304843956606986
e-mail:0.024120138391686547
takes:0.03136754257876904
registered:0.045353259368939705
respond:0.035473752175969354
says:0.022465146880943577
