ask:0.03834950768889957
configuration:0.062410973351274136
at:0.011591644900716198
all:0.012553524087451199
with:0.015390194126040719
v12:0.08236291400085424
from:0.022278217221846724
throw:0.05609698127019487
to:0.0018134199474879353
me:0.01425774579479664
re:0.004920269773396981
this:0.006907663662781828
on:0.006671168753148551
you:0.007313144597483182
brings:0.06827815858373038
8:0.07769713900983859
a:0.00551251628623577
how:0.01730740785827795
exposed:0.0732425563619076
aviation:0.08311499839348514
v4:0.07521007917731501
let:0.030330759773063484
question:0.028723501096672426
are:0.008459360284226652
not:0.007933026428631116
have:0.020180945255828402
always:0.03495994865787773
cylinders:0.16330300638933282
of:0.007675286272331788
seen:0.1023341404193034
but:0.008753726608558028
visible:0.062410973351274136
must:0.03049290036157233
up:0.035354220272431174
one:0.012938301418100295
in:0.00233789081440119
or:0.008872519180303753
subject:0.00035127574857918807
v8:0.07202174407965804
outside:0.04743126023002006
i:0.0025118250953341434
we:0.017733472443604868
similar:0.041641556419298696
circular:0.07654932515507741
images:0.05599804926474715
the:0.005950681657808312
can:0.01137586832154886
planes:0.07235914448246511
v6:0.07121425794312787
discussion:0.04523515716434462
field:0.05121655065701718
engine:0.05369801341764284
center:0.042981984650958004
automobile:0.07479233314686
circle:0.07169277957695518
lots:0.048009144887057376
vx:0.07804049206701166
fashion:0.07218936283988739
