there:0.025493860710476317
help:0.019815673333720342
case:0.022885288030618105
fluid:0.11137887048207291
thanks:0.01845728374922373
with:0.005415068303606919
85:0.04592868962902464
shape:0.04414746840080746
to:0.0012761103334174358
line:0.026146331007462855
recall:0.03621162236178724
nt:0.00661183844187443
could:0.013973232919685715
me:0.010033228522264303
need:0.017788907328678112
had:0.014207485978538287
this:0.004860948503439064
hi:0.02917608018531856
these:0.015339221973138356
on:0.0046945261596230544
you:0.005146286938969647
used:0.018282069521637644
am:0.015132744043531161
more:0.011772398387228943
a:0.0025861187515673983
88:0.09271886102906583
low:0.03144254203685018
was:0.016397428409284917
as:0.029633857785815496
old:0.02451771372539189
also:0.027472169105177153
mistaken:0.049895862095069674
no:0.010423571631319534
it:0.019047523874442886
not:0.005582500079407082
have:0.01893520789435751
only:0.012347557761752653
somewhat:0.03983182275335746
dodge:0.053704158654504466
be:0.005356122751272882
if:0.006205096479290826
of:0.0018003757922753578
but:0.012320059671303892
seems:0.021819324901676648
nearly:0.03972352608888348
please:0.017735327378752358
miles:0.03716809986028542
good:0.015000091216291658
in:0.004935547274846957
5:0.024063637841830396
speed:0.03109689969338686
or:0.012487249216723801
and:0.003535161245285091
for:0.0030124894714080924
subject:0.0004943880905929314
car:0.028320771665586938
i:0.008837903113212727
import:0.051541058180601645
flames:0.04141168865179046
the:0.00279167781477427
can:0.008005240670719567
maybe:0.02451771372539189
an:0.03325548661339765
just:0.021747936360479368
is:0.004975419016493776
days:0.027576413190279373
change:0.027518602851023033
69:0.05091939796914212
very:0.016141134183180066
bad:0.025375935618022073
says:0.023713210596551553
s:0.005744780378296466
