another:0.015726988158784247
go:0.013797391856695937
at:0.006247978811733553
out:0.008355865950925247
mark:0.02130229761909355
dan:0.02818300347083162
know:0.008750887416016324
all:0.013532877030443846
story:0.02549686190079861
true:0.018321140369913804
watch:0.027263573337406734
your:0.008935689519016046
with:0.004147711892124449
profit:0.039188739638189515
funny:0.031920327308909376
service:0.025833980343818033
dealer:0.18819427247867007
often:0.02203773325020359
except:0.022867811482296548
christ:0.02632534690097796
to:0.003909784851321506
add:0.024370357563487363
day:0.018037610182715404
might:0.015085710183535076
that:0.009841265969772391
terminology:0.04206437870278643
really:0.01383968612192146
nt:0.0050643868916484995
re:0.005304120606782561
exactly:0.02281122449129084
anyone:0.011864643614477952
off:0.015485513815293265
on:0.007191614542401276
you:0.011825510412951528
etc:0.01647038288977472
them:0.01039616433710809
a:0.002971285374141266
closest:0.03998870768177352
price:0.0443992085367938
was:0.006279866199300607
factory:0.03947825732982254
prices:0.030939443114744978
are:0.004559655188661174
reasonable:0.02651281680926275
it:0.014589592754892423
not:0.004275957507630957
have:0.003625890873387609
being:0.013800027871809561
probably:0.033861329291194446
his:0.013081057031952175
be:0.008205124214715904
stick:0.02997396670109547
writes:0.009379608383227834
get:0.00932180124319945
depends:0.061074696957482216
things:0.015849120057732265
end:0.019178960301953967
of:0.004137033735441248
even:0.011908932253659757
what:0.006527958177281072
but:0.009436641450360429
find:0.015010260550875107
who:0.009170587760523747
in:0.0037804191892444783
and:0.005415566162989927
for:0.002307438744057262
subject:0.0001893401198015482
offer:0.024930238431147788
until:0.02029195549904003
300:0.029500146348811006
car:0.04338501191323957
paid:0.029333263388455013
will:0.008037626559597761
cost:0.04710649084185646
the:0.005345766028291156
start:0.019982709843138387
pays:0.04126062916160201
actual:0.02881104174984896
is:0.0038109592466760837
does:0.008641764640691668
lot:0.017578392824577238
sticker:0.08412875740557287
volume:0.031397163122812856
article:0.011494083408746114
before:0.015079391966118044
going:0.015445501305316897
200:0.029476064157313565
buying:0.028448354079698694
s:0.013200771933106772
