some:0.00926616567566154
out:0.009350611897463966
radar:0.04046165296950621
know:0.00979265972744684
all:0.007571966909891199
happen:0.026838351001327896
essential:0.08051453615960902
with:0.004641487117377359
ron:0.1008880556244056
option:0.03325881922422526
cup:0.0347560999801224
automotive:0.045237822826424606
my:0.015082766052861924
to:0.0032814265716448352
lights:0.038957352931669374
that:0.008259633938916114
re:0.0029677817680807184
exactly:0.02552684645453975
prefer:0.032591492897157466
these:0.013147904548404307
you:0.013233309271636235
took:0.026788902193783166
great:0.02000992610105299
came:0.023958148670459894
m:0.010863608826318032
a:0.0011083366078145991
j:0.024239116345467163
idea:0.02200298647032346
standard:0.024159083654462194
ns1.cc.lehigh.edu:0.085535763591548
oasys.dt.navy.mil:0.09352153466570802
dumbest:0.047396026917564615
also:0.023547573518723275
evidence:0.025537365353278385
are:0.010204942565098817
concepts:0.04012387825189672
not:0.004785000068063213
should:0.013038191605027616
have:0.00811508909758179
plug:0.07528942816979102
exists:0.02961613542078059
placed:0.0361494712049722
be:0.004590962358233899
writes:0.015744342643275292
of:0.010802254753652147
electrical:0.0375964676874639
detectors:0.044178049869087126
fire:0.028547568547932303
they:0.007404124004029711
in:0.008460938185451928
rather:0.020424473435816375
and:0.006060276420488728
for:0.0025821338326355078
subject:0.00021188061025411345
car:0.024274947141931662
i:0.004545207315366545
818:0.04884302340005632
the:0.0023928666983779458
waiting:0.03472254175703096
would:0.014803962636577397
because:0.01400573253090884
adaptor:0.049043958384058624
instead:0.048694195421978434
forget:0.030469947106464237
an:0.014252351405741851
jet:0.0403929381858307
places:0.030276364145161386
lab:0.034204054871377086
propulsion:0.04231937219050938
is:0.004264644871280379
right:0.015395822172938884
time:0.012535793411934235
type:0.025718353256600764
keep:0.021027099874015246
life:0.022145867883243728
coin:0.05167377692337959
change:0.023587373872305455
mouth:0.03835289768591092
words:0.026252850250058527
article:0.019293640007538117
already:0.02306179620077263
built:0.02930553677837106
favor:0.03779123839314738
