small:0.07865120790173713
important:0.16538785752490645
like:0.030648396408122978
nt:0.018791540834801012
me:0.05703098317918656
re:0.009840539546793961
great:0.06634870233507044
a:0.01102503257247154
handling:0.2539905560897952
rich:0.11946830248584098
civic:0.16066923116414905
buy:0.07912739803273594
safety:0.3262636883010129
whatever:0.08697264680929902
speed:0.17676132457293584
or:0.017745038360607507
for:0.02568543654569005
subject:0.0007025514971583761
car:0.24147184262237284
i:0.005023650190668287
the:0.001983560552602771
when:0.03441248533799305
an:0.023628898383203596
is:0.014140664573192836
buying:0.10555836645361884
