okay:0.06834549421432534
77:0.043960597692990974
content:0.0751929353749278
at:0.013983571626260809
out:0.009350611897463966
vehicles:0.039673915206844775
know:0.00979265972744684
all:0.007571966909891199
probe:0.13253414960726137
from:0.006718827416112504
my:0.015082766052861924
to:0.001093808857214945
most:0.02946976926931806
us:0.06539290114873003
been:0.01164476497794793
that:0.005506422625944076
sources:0.030548722025511614
re:0.0029677817680807184
practice:0.032591492897157466
anyone:0.013277101187630088
aimed:0.04385406578559303
had:0.012177845124461389
89:0.07509702562165856
this:0.004166527288662055
on:0.00402387956539119
american:0.025611390614192188
used:0.015670345304260837
came:0.023958148670459894
a:0.0011083366078145991
timothy:0.0403929381858307
question:0.01732528637577067
mazda:0.04826904989545611
are:0.005102471282549408
it:0.005442149678412253
have:0.004057544548790895
made:0.036913961141555575
japanese:0.07947330945348499
assembly:0.040886924764221344
brakes:0.08835609973817425
has:0.008450591062591674
ford:0.11382155641652537
be:0.009181924716467798
writes:0.005248114214425097
if:0.0053186541251064225
of:0.006172717002086941
parts:0.05791579383200572
year:0.019640958065155967
least:0.019108431608781604
fact:0.01903386610022888
75:0.03703929103132701
plant:0.04440162825771169
they:0.007404124004029711
michigan:0.040886924764221344
tim:0.032364359521715784
bob:0.029238135031976982
in:0.008460938185451928
or:0.005351678235738772
and:0.001515069105122182
for:0.0051642676652710155
subject:0.00021188061025411345
car:0.024274947141931662
plants:0.0480865934016093
i:0.003030138210244364
example:0.022312374156808767
appreciated:0.026863191422033673
import:0.08835609973817425
any:0.01624265502045726
information:0.019355724480029878
will:0.00899448686431178
the:0.006580383420539351
when:0.010378368593997904
may:0.014770043868570086
actual:0.03224092767245002
is:0.006396967306920569
new:0.013682536229234498
engine:0.03238927793445124
told:0.024604918783564522
23:0.03436247346314326
designed:0.031187280927640972
almost:0.02398407087511562
s:0.009848194934222513
