replacement:0.028378308184382778
cleaning:0.031105078182055854
go:0.011180645125253604
out:0.006771132753335976
fast:0.020010332902000216
help:0.012299383448516074
take:0.012216949024917836
your:0.007240989782650934
with:0.0033610768781008465
remove:0.025391668879538105
such:0.011051823008435624
from:0.019461431136325875
bits:0.025341255166475823
several:0.016197996391191932
my:0.005461001501898283
to:0.003960342414054112
dod:0.02010036805570366
most:0.01067008887337378
worse:0.022385433410002223
that:0.0059811142316289105
jeff:0.04845378492908502
higher:0.021332608695620068
bay:0.02754738158202009
like:0.006693327951199271
id:0.026952924184041688
its:0.011884049172610173
happens:0.021471709855050453
re:0.002149083349299831
scott:0.021965960075698312
anyone:0.009614452584145927
national:0.01870214899418111
chances:0.028047446967017962
bitnet:0.028047446967017962
carries:0.031037064057647796
something:0.011440582282548982
starting:0.02253748266021389
on:0.00582768764642862
products:0.02327636088584419
suggest:0.042199997759886414
them:0.00842447799731173
cycle:0.029055222182407973
m:0.007866751219057885
sure:0.012540482874478181
a:0.004012942890363204
how:0.007559557455339795
same:0.011161456037520761
uunet:0.02170685237021428
ama:0.028960226194182623
as:0.004598357242626543
removing:0.0585001173725824
local:0.017565422137448
fine:0.0186158424018423
also:0.01705169116873065
stuff:0.016801244555595528
are:0.0036948929977081925
internet:0.016416861742037967
crap:0.027928125177084463
works:0.01709842525029161
telephone:0.02573059992815621
deep:0.026148250447106558
it:0.007881734017010849
not:0.0034650000492871544
couple:0.018137883877324817
have:0.00881466574392505
made:0.013365399723666673
calling:0.023637934595100333
uucp:0.024331198892736054
area:0.018439465773904293
real:0.014698815252863491
somewhat:0.024723200329670153
chain:0.029933169047651708
without:0.012915002786221236
be:0.0033244899835486856
which:0.007424668577686883
found:0.015370807501476996
writes:0.0038003585690664504
making:0.01767015626938163
of:0.004469898518752613
safe:0.023866327288488344
what:0.0052898971436588
but:0.0038234667945425877
shop:0.027928125177084463
years:0.012814801281496514
excellent:0.022385433410002223
shipping:0.023582226955987353
well:0.009671654656053706
they:0.016084821112202476
called:0.015415255723314562
one:0.011302424227306006
in:0.004084590848149206
or:0.0038753532051901455
recommend:0.025217122340019146
use:0.009556204182456023
and:0.004388476028629768
few:0.0131357902350936
for:0.007479284204875264
i:0.0032913570214723265
face:0.020627997649112412
ago:0.016443481180256576
will:0.019539747325918694
than:0.008221846449537133
the:0.0012995741551535397
do:0.004128263901761475
thing:0.013011105948994003
can:0.004968770071481111
jonathan:0.05494833758039157
tap:0.031991001629338954
is:0.00772047778421448
repair:0.029400647033383288
light:0.020070199343714328
1:0.011255884436348899
stock:0.028551167122528052
plastic:0.14625029343145599
nothing:0.014683080468396026
show:0.017299245228361106
article:0.004657085519060925
replaced:0.02486004313825474
luck:0.023694187505250697
already:0.016699921386766386
needed:0.019171394770896674
sometimes:0.02014084094435546
