out:0.01402591784619595
there:0.01092594030448985
tomorrow:0.060185817377845084
hours:0.046621123530364544
your:0.02999838624241101
with:0.006962230676066039
much:0.020799962732856326
odds:0.06884115942826921
work:0.02410800552369409
to:0.0016407132858224176
reactions:0.06643357768428235
enough:0.028954149130207094
confidence:0.06843756952736824
its:0.024616959000406786
re:0.004451672652121078
you:0.006616654635818117
a:0.004987514735165697
hard:0.03219325479256559
beer:0.06347905828576407
drinking:0.128303645387322
ride:0.1005404651619972
not:0.014355000204189639
should:0.019557287407541424
couple:0.037571330888744266
stay:0.047008304384002164
after:0.045933659230117885
feel:0.0362651986219783
alive:0.05244072730473616
without:0.02675250577145827
judgement:0.05979546234423805
writes:0.015744342643275292
if:0.007977981187659635
of:0.0046295377515652054
even:0.01998999342578602
andy:0.05335485996204294
what:0.021915288166586454
but:0.007920038360123931
drink:0.05969984125260394
in:0.004230469092725964
or:0.008027517353608158
and:0.006817810973049818
for:0.007746401497906523
subject:0.0003178209153811702
half:0.045019565280869235
until:0.03406149673053147
i:0.00909041463073309
any:0.012181991265342943
will:0.01349173029646767
the:0.0008973250118917297
riding:0.1075053388983679
rule:0.047008304384002164
maybe:0.03152277478978957
increase:0.050056496823658175
just:0.013980816231736736
norman:0.06643357768428235
general:0.03510036146532799
is:0.0031984836534602844
length:0.055032673540984615
thumb:0.070141150999281
time:0.018803690117901353
tonight:0.057851116438246385
eskimo.com:0.1497083890721814
article:0.019293640007538117
while:0.02583741078426812
