whats:0.040126875041502516
at:0.01716165608677463
out:0.00765050064337961
cultural:0.03401253387359053
there:0.01787881140734703
all:0.006195245653547346
porsche:0.03996247369095517
harley:0.07868715283899703
with:0.007595160737526589
c:0.01679284217811013
previous:0.02255324298501822
loads:0.03680982553652854
name:0.01793657471318345
to:0.007159476156316005
clock:0.027858057257139066
mail:0.01989815262880426
class:0.025767335530318198
that:0.002252627437886213
need:0.012475337607124912
re:0.0024281850829751335
cs:0.033218912881874625
so:0.006635133749252728
89:0.030721510481587597
best:0.01581283168806126
hi:0.02046114714295068
on:0.006584530197912856
you:0.014436337387239529
used:0.01282119161257705
went:0.021184813410623924
am:0.010612573744814063
why:0.011556640130870172
sure:0.014169117014020804
a:0.009068208609392175
other:0.008956545375531888
said:0.014230550835476833
lucky:0.03092010413984786
sig:0.03064374300725828
walked:0.03522246619950932
ride:0.08226038058708862
cheap:0.024131371548096414
mind:0.019673089629935955
are:0.012524247693530367
it:0.0022263339593504676
couple:0.02049345321204233
have:0.0033198091762834604
johnson:0.029982816420830078
writes:0.008587823259968343
get:0.017069791886897695
coast:0.03476924696616165
if:0.004351626102359801
end:0.01755995715958123
of:0.0037878036149169864
cheers:0.0282737836127555
andy:0.08730795266516118
piece:0.02798513580385398
years:0.014479061188184374
they:0.012115839279321347
who:0.00839644723528473
miles:0.02606594016175861
called:0.017417236986082687
one:0.00638513576477677
rest:0.021211888529044213
in:0.002307528596032344
better:0.014520882281177943
p.s:0.029446965617661223
and:0.003718805985299901
few:0.014841737018871991
subject:0.00017335686293518376
cause:0.0204772800866368
i:0.0012396019950999672
we:0.017503167606674936
back:0.013677641039399595
ago:0.018578998216653535
actually:0.01587216965650055
mile:0.0344837721387518
flames:0.029041963470086817
the:0.004405050058377582
do:0.0046644020708214076
can:0.011228129771918356
home:0.019021837999099667
bought:0.023786258109535458
here:0.011690914971580495
people:0.019549001819131395
bar:0.03272129453108946
about:0.006396208963129036
n:0.023772827894833776
1/2:0.03080022061491451
spare:0.03310498879323236
2:0.012652010078541616
their:0.009829114406374767
fool:0.032112081834870916
told:0.020131297186552793
1:0.012717687609900706
article:0.010523803640475338
very:0.011319756440152255
takes:0.023220128921945915
lots:0.02369282474945689
going:0.014141660286036901
while:0.01409313315505534
s:0.012086421055636721
