another:0.00951719025917845
some:0.005010887876108816
say:0.008143969846641817
there:0.003938965603335396
hours:0.03361523070000534
watch:0.016498557255683905
curtis:0.04852743056218547
i.e:0.014826347626503875
your:0.0054074344299625005
with:0.00250998874158604
way:0.0074350764787405295
hell:0.014649703538548909
into:0.007685853660868611
from:0.003633357315150968
tm:0.019725649486525953
my:0.012234518386227055
to:0.0029575089272335427
dod:0.03002115057246727
most:0.007968220875395013
legal:0.016220236883405258
class:0.017030771123042927
been:0.006297169043868838
make:0.007553993490771261
that:0.0029777221067337064
think:0.006179176083813542
indeed:0.015829366130921098
higher:0.015930789326342884
like:0.009996901832692473
could:0.006476863327579645
me:0.00465059519486929
re:0.0016048948617088865
server:0.017177934528530617
eat:0.038757289559926626
had:0.00658544414455852
paying:0.020127934798383065
empty:0.06553017439589702
starting:0.016830566450116814
on:0.00870401416719811
you:0.019083227104162125
dare:0.0215919143654447
state:0.011406495222921099
helmet:0.02270053008978752
more:0.005456734016397965
a:0.0011987159878509828
beer:0.022885154060103788
want:0.008122738058850564
82:0.02235352538322488
drive:0.01211932939401712
alcohol:0.046156156943059655
minutes:0.03420744418916372
drinking:0.09251078294021502
ride:0.018123173977699067
step:0.017852019893486486
are:0.0027592763158850882
no:0.004831526764731802
those:0.01593060647457133
taking:0.014622103150865259
early:0.015033223599971163
jefferson:0.024463372000555796
individuals:0.018313954074569597
stomach:0.09758312994268431
it:0.002942965062145682
gloves:0.02641296544380728
have:0.004388417280237363
try:0.010456608035808551
650:0.021662274064052755
safety:0.017736795644404134
92:0.018813368619643236
absolute:0.01993392004830561
left:0.012551095208156917
after:0.016559774143046792
public:0.012719933897255767
usually:0.01415343666174512
yourself:0.015048389147530438
be:0.007447999018937399
writes:0.0028380360129509116
justification:0.0221500822978404
down:0.010147491746580077
things:0.009591098404035407
if:0.005752364118140852
cops:0.02088569382017364
of:0.002503526852777751
freedom:0.017116002061453243
gives:0.015607401183674272
but:0.005710585598715968
drink:0.04304537910058997
again:0.010480125056257587
well:0.007222609056452124
adobe.com:0.022838248177991384
jackson:0.022437681912788728
george:0.017091477163326898
over:0.008609187779053038
one:0.004220218488307392
in:0.004575442967240098
thomas:0.015811180317721458
5:0.02230792177611745
world:0.021641636813156024
and:0.0049158465385080235
for:0.001396347051124781
subject:0.00011457921412883389
cause:0.013534339628077539
drunk:0.07689140847570569
i:0.000819307756418004
away:0.011884049726711032
actually:0.010490618571249291
will:0.014591914312059456
later:0.013714214716556667
milk:0.026633108338174453
than:0.018419758998533833
the:0.0035584906050985334
do:0.0030829095232038483
when:0.0056123366645653905
less:0.011797706251486169
riding:0.019378644779963313
would:0.004002788180705477
can:0.011131750975592877
home:0.012572373613138834
put:0.01067579098517931
an:0.011560920238992318
10:0.012405029003846199
about:0.004227537254600307
mix:0.0221500822978404
five:0.03408568766562761
15:0.014342535330389029
lab:0.018496613363920656
general:0.012654207566899361
is:0.003459304208892668
limit:0.019057609530681346
time:0.0067790127463678695
91:0.020054147671600346
food:0.07236874315588664
eating:0.021454563588250822
1:0.008405681939591023
slow:0.017624584141810475
proceed:0.024892914741143704
bike:0.016190397744714778
article:0.003477823520672107
very:0.007481727432546984
before:0.009125297284217357
smart:0.021288834677831166
by:0.004250796029258224
black:0.0151482933744375
especially:0.026826572596543703
hawk:0.024968878591355725
dean:0.08555000855209204
s:0.005325633312068827
