since:0.04349612224790612
large:0.06508769825842556
music:0.10014474868893661
with:0.012713638625859724
my:0.020656831768050027
to:0.002996085130632241
1988:0.19870003669379505
garage:0.11954989088407281
been:0.03189653015698781
asking:0.07794419162257378
file:0.06605404092300889
he:0.06913622641392327
brain:0.09585605215145203
a:0.006071757068897369
given:0.06060407737350611
brian:0.16243815281646862
einstein:0.12225201515967231
mistake:0.0971265651051493
has:0.04629454234289352
kept:0.08682120918639508
excellent:0.08467533507261711
who:0.02810984509204018
miles:0.08726423445458316
michigan:0.11199462000634543
in:0.007725204430195238
fully:0.09125333706256077
albert:0.11159935220018909
and:0.00414997189663902
for:0.021218404102961348
subject:0.0005803686280873543
the:0.0016385934999762022
would:0.02027499230661687
sale:0.13803791974363605
him:0.052098158768767555
already:0.06316926785429025
condition:0.08256728453228307
by:0.02153120597428622
