at:0.007465805190291788
tomorrow:0.042844141184228704
stephen:0.0345055871134832
hours:0.09956375533603277
coffee:0.04830479386550424
your:0.02135478342680106
with:0.004956164210080909
o:0.029669313422032894
work:0.017161631050765284
wrote:0.02182690656519374
to:0.0023359307798149673
badly:0.04430491428542181
think:0.012201254470580977
nt:0.006051513150190157
re:0.0031689873116794113
fixed:0.03843078563660871
throttle:0.05134670142883705
on:0.004296684959654999
you:0.009420321854385115
more:0.010774737506955304
bottle:0.05154152785447009
a:0.003550434218253547
how:0.011147144044314612
other:0.011689050744338228
nor:0.029275754211655958
want:0.016038965828069334
as:0.020341885429246233
steve:0.027179269888427005
blood:0.03539553995261526
usa:0.03088662445787055
alcohol:0.04556942613446144
drinking:0.04566739920565699
ride:0.035785589294948156
it:0.005811108978643593
should:0.01392213679858881
couple:0.02674569317503829
strict:0.04830479386550424
barely:0.048578191002946795
after:0.016349268539533484
feel:0.02581590410378117
which:0.01094824010608066
depends:0.0364895435212076
if:0.005679240845452621
of:0.003295603145182011
what:0.015600713610112393
but:0.005637993408901782
drink:0.042498192078124844
york:0.0318912475205546
they:0.00790609851277749
up:0.011385257375867666
magpie.linknet.com:0.11035416766687846
one:0.008333143286234088
in:0.0015057601855465294
speed:0.02846156921089645
or:0.005714503878839706
and:0.006471142618487964
for:0.005514387506984305
subject:0.00022624539738998556
legally:0.042430665216691144
tricks:0.04844038997860967
twice:0.038223572959793756
drunk:0.05060931687807747
until:0.02424716716410715
i:0.006471142618487964
rate:0.03292098058890891
will:0.019208565167852278
than:0.012123739679825942
the:0.0012775474745577169
riding:0.03826461215026654
level:0.05967008750158896
rule:0.03346353871403544
ny:0.03560333331849932
mr:0.028618268460028927
just:0.009952445453100728
btw:0.03179483491901131
bar:0.042704062354133696
norman:0.04729169936847218
general:0.024986697992267385
is:0.004553773337129897
thumb:0.04993098884694581
new:0.014610165804097856
keep:0.022452665967168824
tonight:0.04118215068485336
fool:0.04190898815737391
ranger:0.05304730054292308
eskimo.com:0.05328603678840355
eight:0.04153777949077736
manes:0.22593378210756226
live:0.026243120965658125
says:0.02170361647819973
specify:0.04438923912316052
