taken:0.031231102367380668
at:0.004175189632485456
out:0.005583777720760474
tank:0.06595867841863844
all:0.004521648486475314
monday:0.023960230614876718
your:0.005971242759152904
way:0.0082102977229694
bikes:0.022777951659276797
from:0.004012190779289932
my:0.0045033851247881585
to:0.004572224701723136
design:0.0178349156750021
perhaps:0.013689391173649505
been:0.006953745911002082
male:0.022777951659276797
that:0.008220488754371489
think:0.006823450367433911
like:0.011039232829466098
really:0.0092483210577769
nt:0.006768517077937806
seat:0.023508523601586076
happens:0.017706528506060564
re:0.0017722298709865903
recommendations:0.02553911424771339
so:0.0096854085060182
had:0.007272078131194954
this:0.01244034214150282
off:0.010348139563774174
getting:0.012854035887320788
drag:0.024730462508231098
on:0.00240288542767436
you:0.005268236866433383
bars:0.026447490642083973
took:0.015997164343207013
brings:0.02459308081688867
brand:0.021353375937534197
cycle:0.023960230614876718
why:0.016869408342692006
onto:0.020635842068077472
a:0.0013237005932193319
how:0.006233947854166467
low:0.0321876259713727
as:0.0037920102379953484
rear:0.022450971225689346
given:0.013212263313655362
manufacturers:0.04784179959169945
step:0.01971336793925285
mind:0.014358558308104915
product:0.018914208164675636
gas:0.03761298266984837
it:0.001624907249952474
should:0.007785839536651563
have:0.009691954751614273
hurt:0.04275243231521956
suddenly:0.02309614740732243
doing:0.012704753105048889
chuck:0.02361747866426238
be:0.005483045091350439
recommended:0.02326363255635233
er:0.0521260187740981
writes:0.006267889962251776
get:0.006229260546403424
of:0.0036860774514831975
unfortunate:0.02658290946883305
but:0.0031530010533194802
year:0.03518617132051637
hd:0.021130830993990258
again:0.011572839517099613
pete:0.02463843366530645
consequences:0.024503656720659368
highly:0.019794662153595266
sounds:0.01688485575147317
one:0.00466024126907878
damaged:0.02686593901718197
in:0.005052503371407312
heart:0.018819822810642737
yes:0.012639079954994735
or:0.0031957888990667553
and:0.007237865677550519
still:0.009676346361277476
rogers:0.02618773596675224
for:0.001541937738919782
subject:0.00012652586204748008
al:0.01805693924512906
steps:0.024548157859758137
i:0.005428399258162889
body:0.016823133287557118
any:0.0048497026838332105
event:0.019681236721312667
the:0.00643012046436159
when:0.006197509207790218
got:0.010484141334742058
would:0.008840281005728683
peter:0.01744973024088131
because:0.008363612790969262
ensure:0.022808826924780087
did:0.00779104759925576
instead:0.014539025173386927
last:0.020665047886819887
an:0.004255441414984534
human:0.015193565740457706
finally:0.01723471315543178
stops:0.025707392392058936
is:0.0012733299852638101
planned:0.02340201717574694
et:0.021563012217045218
new:0.008170614051580791
provided:0.019137276936514427
figure:0.017499988787084142
study:0.017561011130022744
does:0.005774828503969314
their:0.007173856012235612
hear:0.015704651963311885
build:0.01768546475364149
advice:0.018435341555607814
easily:0.017530401745949702
nice:0.014975068515425394
bike:0.017878496087765608
delivery:0.05302943280067938
article:0.007680880382147878
planning:0.043920514214972624
function:0.019492893931504544
rider:0.07550475226589255
close:0.01646878301502626
cbnewsj.cb.att.com:0.07974872840649914
reduce:0.02161088470987225
s:0.008821368922123483
