with:0.02658306258134306
from:0.038480557019553434
re:0.03399459116165187
this:0.023862838107791773
tools:0.20224876618948506
on:0.023045855692694996
was:0.040248233368244804
prevented:0.24389834491103757
it:0.015584337715453271
only:0.06061528355769485
motorcycles:0.2505621391924865
andy:0.20371855621870943
what:0.041838277408937787
in:0.008076350086113203
and:0.00867721396569977
subject:0.0012134980405462863
i:0.00867721396569977
myself:0.15149282099990377
just:0.05338129833935845
is:0.012212392131393813
pink:0.26781166745180024
