seemed:0.04687869884815216
go:0.021615913908823635
at:0.009788500138382568
fast:0.038686643610533755
boy:0.05038703005688698
know:0.013709723618425576
extreme:0.05384320143063242
take:0.02361943478150782
hand:0.0350804383939186
your:0.01399924691312514
with:0.006498081964328304
previous:0.038591104663253405
such:0.021366857816308874
svoboda:0.15004573220361594
cookson:0.14242473773413084
death:0.037282404267071356
she:0.03683491649887203
think:0.031994400611745674
cleveland.freenet.edu:0.047582430794505616
like:0.012940434038985258
talking:0.0362187908929141
nt:0.007934206130249317
me:0.024079748453434326
re:0.004154894475313006
wait:0.0407933311678902
chances:0.05422506413623473
this:0.0058331382041268785
child:0.0440596068971266
he:0.017668146750224836
satan:0.05842369915389401
big:0.06168401230816794
on:0.005633431391547666
a:0.010861698756583073
same:0.021578815005873473
desert:0.06264897536811186
across:0.042879601353709364
ride:0.04691888374226536
fuck:0.06298570147361551
wow:0.05755179231565518
not:0.0066990000952884985
mistake:0.04964246660929853
be:0.006427347301527459
guns:0.04483286569489544
writes:0.0073473599001951375
making:0.03416230212080448
of:0.004320901901460859
ed:0.08818154825931117
must:0.025749560305327747
david:0.027738280437161048
in:0.003948437819877566
minute:0.04969402638214856
and:0.010605483735855273
subject:0.00029663285435575884
i:0.00424219349434211
the:0.002512510033296843
do:0.007981310210072185
her:0.03673787561033031
rtsg.mot.com:0.06281606289438453
makes:0.062066175161154986
here:0.020004454506926624
is:0.0029852514098962658
man:0.03220054820883554
too:0.021694642976272185
nice:0.03510821618616398
article:0.01800739734036891
mike:0.03550457809953004
says:0.02845585271586187
