some:0.01269061820797124
feeling:0.14239033208444093
out:0.012806272816091955
rides:0.06425298662822507
with:0.006356819312929862
much:0.037982540642607206
from:0.009201872330762778
weekend:0.10972412732444112
to:0.0014980425653161205
dod:0.03801591349665692
that:0.007541404900749496
re:0.004064570682371419
this:0.00570633085186325
on:0.011021930983462824
went:0.03546153549169656
m:0.014878420783870349
more:0.013819772019790498
sure:0.02371786978433917
a:0.004553817801673027
same:0.021109710331832742
was:0.019249155089160554
whole:0.03252082038073141
drinking:0.058573403328994834
ride:0.0917978160174757
others:0.02930791546813474
d:0.019802654591054732
have:0.011114143764079409
usually:0.03584511676289797
get:0.014286673644468721
certainly:0.0334321443179961
of:0.0021134846257145506
what:0.010004805467354686
but:0.007231339372287068
now:0.017955591281285262
in:0.0019313011075488096
point:0.023929738709348485
rather:0.027972648401226773
and:0.00829994379327804
subject:0.00029018431404367716
i:0.01037492974159755
away:0.0300976476774312
back:0.022895181739864538
felt:0.04907852427968969
will:0.012318536357644395
the:0.004915780499928606
do:0.007807803466374963
thing:0.024607961251358224
closer:0.05066648752422769
riding:0.19631409711875877
got:0.024045150235114936
home:0.031840902737623356
about:0.010706697612194256
paul:0.07119614111106647
is:0.005840709280231824
90:0.04382564575591665
91:0.050789308776987833
eating:0.16300804291507962
carried:0.048921371201698066
little:0.050985623954314434
corporation:0.05162337175776381
s:0.006743872618000199
