perform:0.02600957875240379
some:0.006522552375046672
sells:0.028060440429698304
there:0.005127256902665628
help:0.01195582525163015
all:0.010659975761411075
happen:0.01889180014618612
with:0.01633596024551808
further:0.019820303916655794
ca:0.011489098302191738
such:0.021486225737070375
wisdom:0.027148009948674286
tm:0.02567640408022652
my:0.010616919121008954
to:0.004619661989131277
experiences:0.02639724352013563
next:0.014963016892453494
make:0.009832851862288848
that:0.005814044001695142
think:0.00804328506999193
like:0.0065063634832886776
really:0.021803304393194705
nt:0.0039892656520806626
12:0.01985131190844713
me:0.006053568046952764
chances:0.027263998727715785
requested:0.029262179980630958
big:0.01550715393222099
on:0.005664903075299329
distribution:0.02483205419554905
you:0.0031050222871995634
state:0.014847560820897297
a:0.0039008495135374162
how:0.014696793265129881
load:0.07535183584028321
was:0.019786840985505823
as:0.004469911509592282
idea:0.030976271455427445
local:0.017074767887798617
given:0.015574232174197102
question:0.012195452979592762
are:0.010775051088288695
no:0.006289082325041955
taking:0.01903324041425478
hoping:0.02674220445347891
it:0.0019153934622344803
have:0.00571229735360506
made:0.012992064535854757
being:0.010870413016341611
frame:0.02699701177890937
leather:0.032704560647803124
able:0.014734442603970218
secure:0.02388131787016724
shall:0.022121664882864548
be:0.009694881404538625
which:0.007217275600656524
thinking:0.019461042088539975
get:0.007342871370341466
if:0.007487714187300662
of:0.0032587807636715975
boots:0.03240250913232672
what:0.01028426930722493
approaches:0.030650232267214757
one:0.010986714053358911
pants:0.03512710805045598
rest:0.018249334265211224
in:0.0009926240329301145
fully:0.02345057823954076
use:0.009289271104733788
p.s:0.02533426092245714
and:0.004265892899338434
still:0.011406195990109202
for:0.003635182825833229
subject:0.00014914501056993463
summer:0.025143944975174425
i:0.009598259023511477
back:0.011767355978030936
any:0.01715006591545487
will:0.006331314775996002
the:0.006316366005494857
do:0.00802589853526812
thing:0.012647667235334953
would:0.015630999655380604
can:0.004829977611383874
arm:0.02797105304787461
increase:0.02349019962674462
shifting:0.03250138945131779
collective:0.03324737488497434
affected:0.02824362379742451
is:0.004502893188111685
right:0.010837282646873182
carry:0.021745574580632997
approx:0.0323053485585174
loaded:0.026072350111436892
bike:0.04214930362590551
afford:0.02639724352013563
very:0.009738784870298589
planning:0.02588611312670174
metal:0.02801556796211582
full:0.01726068426772767
81:0.028832230030149796
give:0.013202437270145289
bad:0.015310620372884828
going:0.024333136134633324
usual:0.023967267137426904
high:0.015627507405818555
trips:0.03220984893081181
