true:0.0437844202060652
thanks:0.033786214320612934
shape:0.0808123150387662
someone:0.03734674770615288
awesome:0.09715638200589359
w:0.1048929103399781
that:0.005879739414143674
think:0.024402508941161954
like:0.0197396451442148
perfect:0.06864553888367608
this:0.00889800743002405
he:0.05390282059390628
hi:0.05340706203414245
great:0.04273306252089283
a:0.0023669561455023644
hard:0.04583446445043236
84:0.08860982857084362
andrew.cmu.edu:0.06906405774114001
bags:0.1019399831530837
it:0.023244435914574372
selling:0.07067418873473798
his:0.031261509178055195
seems:0.03994045914205217
miles:0.06803652177814959
good:0.02745779409083897
in:0.003011520371093059
bmw:0.15021879154799975
and:0.003235571309243982
for:0.005514387506984305
subject:0.0004524907947799711
i:0.003235571309243982
info:0.04992195693885419
the:0.0012775474745577169
got:0.037494132570009726
an:0.030437225035991076
is:0.018215093348519586
deal:0.11173949124611895
assuming:0.06725711307913564
2:0.0330238907134815
wanted:0.051612881178747495
too:0.03309352318414401
condition:0.06437449302516984
says:0.08681446591279891
everything:0.05236716074446192
s:0.03154760750115348
