thanks:0.09060848385982559
to:0.006264541636776504
owners:0.1962567028813295
cleveland.freenet.edu:0.1946553987047957
me:0.049254030927479306
anyone:0.07604157952915415
national:0.14791699659034152
advance:0.14379550984893863
it:0.015584337715453271
tom:0.17253310106703432
kelly:0.2644431232629947
has:0.048398839722115956
if:0.030461382716518604
please:0.08706433440478431
in:0.008076350086113203
subject:0.0012134980405462863
the:0.0034261500454047865
club:0.21965750492839894
address:0.29025648672123733
current:0.14373844198776445
e-mail:0.12498617166601211
