at:0.019151413314226762
cultural:0.11386804818549873
all:0.02074060501404981
with:0.012713638625859724
to:0.002996085130632241
that:0.007541404900749496
like:0.02531824051105811
its:0.04495270773987326
re:0.008129141364742838
michael:0.13063892181189954
getting:0.058960903744014914
you:0.012082586726276563
children:0.07287775800040272
am:0.03552905123263838
market:0.08501859163202222
a:0.0030358785344486846
hard:0.05878768266468498
straight:0.0868839484231154
internet:0.06209856398075231
robinson:0.6537455441339063
uucp:0.09203540450730593
types:0.08906298286914954
writes:0.014375269369947007
andy:0.0974306138437306
bombing:0.12225201515967231
up:0.02920566022505184
in:0.007725204430195238
or:0.029317889465351535
subject:0.0005803686280873543
i:0.00414997189663902
the:0.0032771869999524044
americans:0.09309606025011968
fish:0.11954989088407281
is:0.005840709280231824
keep:0.05759596922012872
barrel:0.13074910882678126
article:0.017615932180795674
little:0.050985623954314434
