seemed:0.02992257373286308
go:0.041392175570087814
pixel:0.03486416111605552
at:0.006247978811733553
fast:0.07408080691378803
know:0.008750887416016324
rd.hydro.on.ca:0.0891879764685336
anyway:0.021620665401734282
stand:0.027927223790542285
with:0.008295423784248898
way:0.012286332053521584
former:0.028304240586855024
to:0.001954892425660753
dod:0.024804709515549198
then:0.01131830035301988
most:0.026334687432156566
helmets:0.04439419478060229
bit:0.019326838284082975
like:0.016519703028491817
could:0.010702901810823102
egreen:0.0403135980082366
re:0.005304120606782561
eat:0.03202286690589682
so:0.007246883669396596
on:0.014383229084802551
you:0.015767347217268704
bugs:0.07194915997241656
why:0.012622145958539051
a:0.002971285374141266
how:0.018657631166370557
same:0.013773711705876683
was:0.006279866199300607
as:0.017023705536532305
said:0.015542587437329307
riders:0.04138841998076994
question:0.015482170803880172
drinking:0.03821810713664911
east.sun.com:0.07856787672789876
no:0.015968024626702267
it:0.009726395169928282
not:0.004275957507630957
being:0.013800027871809561
probably:0.016930664645597223
jody:0.04220766031496742
writes:0.004689804191613917
get:0.00932180124319945
down:0.01676855019115715
of:0.0013790112451470826
highway:0.037437958943639695
levine:0.04101175455301145
wear:0.03476211333270729
least:0.017075619735506965
75:0.03309894092161137
ed:0.056286094633602866
they:0.006616451237643572
who:0.009170587760523747
up:0.009528087732995636
in:0.002520279459496319
or:0.004782350763851669
and:0.005415566162989927
still:0.014480206256947143
green:0.059692351763855074
enjoy:0.03278542253505466
subject:0.0001893401198015482
summer:0.031920327308909376
showed:0.03031741772170167
i:0.005415566162989927
we:0.009558467416411134
um:0.04101175455301145
the:0.004276612822632924
do:0.025472266627889956
thank:0.025748186572833433
would:0.006614536497194156
her:0.046899415672762096
last:0.015462145759287218
snow:0.03873101963012164
people:0.010675696028887358
mph:0.03882023085144689
picture:0.029010835203513476
night:0.023743509550241307
right:0.013757968750285812
keep:0.018790174355502988
does:0.008641764640691668
eating:0.035453285929520864
dead:0.02433533428944068
every:0.017249280332889333
him:0.016996562435200764
supposed:0.025877269584513196
article:0.005747041704373057
919:0.03978009856683527
grateful:0.03821810713664911
stands:0.03390429340066713
biker:0.03864291665140847
