some:0.005867019473031931
week:0.0173258231377165
out:0.0059204879350776875
say:0.01907080376148285
there:0.018447818805570802
know:0.006200377515870863
wave:0.024739293852728182
coffee:0.028643043598640706
with:0.005877662078286908
way:0.008705391052997705
wonderful:0.024151496482951777
into:0.008999014587851187
someone:0.011072653842527739
batch:0.029511600447079955
my:0.014324838110507054
to:0.003462811960027213
bikers:0.030446787781923477
day:0.012780417265140061
that:0.005229717971374022
ran:0.02281304268573848
like:0.005852457605571222
really:0.009806008759753397
nt:0.007176668861532045
stretch:0.02763464814405703
me:0.005445169248264044
re:0.0037581960078208096
this:0.005276205410768031
something:0.010003323201826748
on:0.010191132165613868
you:0.008378879237317415
took:0.01696181746943055
went:0.01639427771475419
great:0.025339202901835948
fun:0.020684686708210227
a:0.00842113040711394
other:0.01386239183750664
same:0.009759263067982978
was:0.00889910687539081
as:0.016082696687779265
local:0.015358710813648
california:0.019997332798607718
ride:0.0636587869869932
no:0.005657013749660853
internet:0.014354441925199026
hey:0.038735065182222805
it:0.008614458033667638
not:0.0030296985355576125
courtesy:0.029905930172916616
miracle:0.028113593771214442
spin:0.029511600447079955
has:0.005350625496917342
his:0.00926848764575506
spend:0.02060350359151533
down:0.04752493622016398
were:0.015590987914294464
kinda:0.025662823890083102
things:0.011229778533368089
of:0.004885441848385393
reasons:0.018273992340683946
what:0.004625337200988096
but:0.0033431317701025642
shop:0.024419566737752245
must:0.011645529786329132
who:0.019493259410560525
good:0.00814075302190703
in:0.0017857256471808089
fellow:0.02418423357351054
or:0.00338849978745269
streets:0.027766895924546342
and:0.001918579972315527
usenet:0.020523611199214833
for:0.006539675636423598
subject:0.00013415556227144873
i:0.003837159944631054
special:0.017566387903844335
bullshit:0.027700336996154283
we:0.006772582440773719
similar:0.015903307979229654
20:0.015803177630178994
leaning:0.030333858858043787
the:0.003030162854227349
thing:0.01137654490012541
riding:0.045379138027451776
can:0.004344552725817655
did:0.008260859514788771
wheels:0.027766895924546342
road:0.03628796367809558
an:0.009024101895092831
long:0.011961363040746657
people:0.02269255990059976
about:0.009899660103737403
norman:0.028042314198390542
is:0.0027002274059363205
today:0.014266966159790718
having:0.01315020800211237
itself:0.016899778093439097
engine:0.020507784018798273
days:0.014966093590704384
time:0.015874472059333806
does:0.006123059368530278
lot:0.02491008430417478
2:0.009791002774348788
run:0.013451429288378869
first:0.009434948891412267
bike:0.037913192708729074
eskimo.com:0.06319349086463939
meet:0.021558496570851335
side:0.016182734063171826
by:0.004977062687523448
while:0.032718731244399835
s:0.018706621533347286
