feeling:0.04080969019242544
with:0.0109313528371878
from:0.007911890228319398
options:0.04228953652968987
my:0.00888050711523646
to:0.006440182991078649
dod:0.032686579828901274
sound:0.03225404943110683
near:0.03368949324749088
most:0.017351359476327457
h:0.03302039368499548
like:0.01088447722905302
rob:0.04112787562616111
me:0.02025399402625317
need:0.01795515879903959
re:0.0034947710540015934
this:0.0098127558574097
yang:0.0611893788459505
hi:0.029448753831910323
something:0.018604311375360026
them:0.02739923685106992
a:0.002610288085694196
hard:0.02527320936986457
other:0.012890728858242155
was:0.016550675403764217
as:0.029910809727739004
bring:0.03545202754475771
ears:0.051038072596702344
dogs:0.09717214025008711
said:0.02048135353891058
82:0.04867636835786352
eff:0.05202275031313063
anywhere:0.03949840471826599
no:0.021041976377243175
curt:0.11806990425990413
it:0.009612769058130055
not:0.011269345954690932
have:0.00955608622705893
reminds:0.052286029537118445
robert:0.02986366382203461
found:0.024995518740719598
writes:0.006180022345958526
kill:0.03452927202433071
if:0.006263088035172048
of:0.005451605202777719
what:0.008602262644828329
fact:0.022413711482512515
they:0.008718874995399473
up:0.012555704395816677
in:0.003321115923261504
cats:0.055245558596230905
and:0.008920500338569856
for:0.0030406435786175137
subject:0.0002495042700188626
i:0.0017841000677139712
silly:0.08733862443893235
will:0.010591638737413872
the:0.00211332619623099
do:0.006713251578565389
because:0.01649273176536929
once:0.02507505789649445
an:0.008391571388427445
just:0.010975594051083046
makes:0.02610259703039228
chase:0.055619440228134635
is:0.0025109591298192887
having:0.024456928901124872
time:0.014761775419660873
their:0.014146575874595457
matter:0.02823273842897703
bike:0.07051145186015968
article:0.007573204488940196
howland:0.2559763786529735
