train:0.05552640961372642
another:0.022175053303885788
ever:0.026434220568298607
such:0.019230172034677986
work:0.020250724639903038
to:0.006890995800454155
dod:0.03497464041692437
remember:0.02782624036521232
discovery:0.058177487117858834
long-term:0.05653445660494607
through:0.02369463294024827
nt:0.007140785517224385
re:0.0037394050277817052
this:0.00524982438371419
off:0.021834574479563506
he:0.015901332075202352
two:0.018647894326533115
on:0.010140176504785799
went:0.032624612652360836
great:0.02521250688732677
them:0.01465859171532241
seeing:0.040082896654584275
a:0.0027930082516927903
richard:0.03736077514778779
hard:0.027042334025755094
practical:0.047996752856017864
was:0.008854611341013856
as:0.008001141602170185
82:0.052083714142913975
oil:0.1792723294724643
question:0.021829860833471045
eff:0.05566434283504978
curt:0.12633479755809743
it:0.0034285542973997198
not:0.006029100085759649
engines:0.0497556595206545
made:0.023255795519180014
channel:0.04845888128756918
writes:0.006612623910175624
of:0.009722029278286934
years:0.022297754229803936
never:0.022039392308618604
requirements:0.04866366660100458
they:0.009329196245077437
one:0.009833109077756225
in:0.0035535940378898095
and:0.007635948289815797
for:0.00650697725824148
subject:0.000266969568920183
i:0.0019089870724539493
power:0.027018552801705422
ago:0.028611657253646443
chamber:0.062321824898768086
water:0.041000972147115504
allow:0.03506274671374592
ways:0.035683383812790945
the:0.006030024079912424
units:0.048594937808126966
an:0.008978981385617367
just:0.01174388563465886
makes:0.027929778822519742
about:0.009850161803218715
is:0.002686726268906639
usage:0.05160969175396813
life:0.027903793532887102
filters:0.06105430784237664
run:0.026768344283873948
fist:0.06259581464064923
change:0.029720091079104876
article:0.00810332880316601
howland:0.2738947251586817
