another:0.0343799276029237
some:0.009050673450646156
know:0.009564923454715518
with:0.004533545556508119
though:0.01926778450860992
such:0.014907110104401539
svoboda:0.20936613795853387
to:0.0010683714419308767
dod:0.027112124354204938
that:0.0026891831429029208
indeed:0.0285910256473226
its:0.01602964772119512
re:0.005797527174855357
this:0.004069631305204799
mean:0.020491643851394268
contact:0.053954609286520426
internal:0.030717576869149867
something:0.015431483078786999
on:0.0039303009708472085
benefits:0.03993606604877434
brand:0.03492683971178074
a:0.0032476840135962676
other:0.010692309983193107
ama:0.0390626306805254
oil:0.0347426995101675
question:0.01692237273912484
84:0.04052697585798274
also:0.01149997776495788
stuff:0.022662143819175366
rz:0.050753980903230266
ride:0.032734104936464205
based:0.046835705610861124
likely:0.025631076007207192
curt:0.048966975797712184
it:0.010631176115968123
not:0.02336860498356453
should:0.01273497784677116
contain:0.03635510703893995
engines:0.03857027869818178
being:0.01508375139476859
350:0.042938258211758625
ring:0.038630139520615205
always:0.020596558899214787
acid:0.040604110205681714
writes:0.01025213009329554
making:0.02383416427032871
if:0.005194964494289994
of:0.007536456804873591
but:0.010314468562021865
surfaces:0.04629379373343521
supply:0.03130205762484143
seems:0.018267341778147893
brands:0.04679409234690476
david:0.019352288677089102
in:0.004132086090569546
rather:0.019949485681495065
use:0.025779527561974387
gets:0.02587066932087445
still:0.015827202187825948
for:0.0025220842086207287
subject:0.00020695315420169222
i:0.0014798349398867823
we:0.010447627176077286
any:0.007932459428595405
than:0.0110899324203059
the:0.004674437271249941
do:0.005568355960515478
greater:0.03270606896382709
1000:0.036221832616146366
rtsg.mot.com:0.043825160158872924
may:0.014426554476277758
forms:0.037107399978083135
btw:0.029083647445297168
about:0.0076357843435804
is:0.004165467083576184
either:0.019407462845839985
having:0.02028597978620435
engine:0.031636038912719815
90:0.031255499298793274
does:0.02833694917064012
chicago:0.032734104936464205
dave:0.027180423809105365
article:0.012563300470024822
metal:0.1166229457027612
howland:0.10616074618553553
thus:0.025824457929273684
by:0.015355588756855288
s:0.009619167145054548
