at:0.013873464763061906
andrew:0.029649276843874004
help:0.016851123779856668
send:0.023097221424222224
take:0.016738182128627585
your:0.029762178476722738
with:0.0046049399747208454
ca:0.016193296032223
someone:0.03470012778996882
alexander:0.04007488355444621
post:0.06100577490782316
my:0.014964004115437815
to:0.0010851961890478983
slack:0.048458432664622804
infante:0.09577795727287354
motorcycle:0.03657168008862368
quite:0.020914955764640957
nt:0.005622665761594004
countersteering:0.04865778548339675
happens:0.029417933187234478
me:0.008532194333894053
need:0.015127574736198711
re:0.00294441340770213
this:0.008267439974353055
on:0.007984390948650234
you:0.004376369995344267
am:0.025737580420493945
m:0.0215561371986783
why:0.028027127246519786
sure:0.034362897955263046
a:0.0010996095479105473
awful:0.03961351218227256
turns:0.03475397459501253
turning:0.0373482990133609
others:0.02123093089030233
pushing:0.04156497803978895
it:0.0026996490530706452
left:0.06908043740552508
has:0.008384050975484654
writes:0.01562037144135974
if:0.005276774958767002
of:0.004593084698403275
explain:0.028307539590650424
least:0.018957971517373877
oh:0.025430836095602153
well:0.013250928426404289
please:0.04524603205288003
they:0.007345823815021604
news.duke.edu:0.045669678225877815
up:0.010578428113010902
in:0.004197158312468279
yes:0.020998786381920386
speed:0.026444607613273864
and:0.003006278854258188
subject:0.00021021225899227005
i:0.012025115417032751
will:0.02677099239929018
the:0.003561037842467967
do:0.005656046605562966
when:0.02059329831249978
would:0.007343698000821858
push:0.07558543756853207
eric:0.031401799057626814
problem:0.01665799442555578
having:0.020605444034805995
right:0.04582378568008581
ux1.cso.uiuc.edu:0.09901972190600974
time:0.012437086377194595
handle:0.06397412420045202
acpub.duke.edu:0.04702282985522158
him:0.018870199239081162
bike:0.08911092931933566
faq:0.061135355321224556
article:0.019141721582281914
convert:0.03368960626140425
side:0.02535719746906451
while:0.017089311069909626
