reference:0.01984911203733167
go:0.010348043892521953
ultimate:0.028023348000093883
know:0.006563165562012243
traffic:0.02327149075205267
all:0.010149657772832884
small:0.01589758457588304
your:0.01340353427852407
with:0.006221567838186674
work:0.02154332408500323
my:0.010108662354577674
to:0.004398507957736694
dod:0.0186035321366619
job:0.03693072931158698
then:0.00848872526476491
areas:0.021894960930499124
mi:0.028362983489383948
think:0.0076582341889816765
motorcycle:0.024705337081144717
really:0.010379764591441095
me:0.005763769576619919
re:0.0039780904550869205
so:0.005435162752047447
anyone:0.008898482710858463
had:0.008161747264266677
this:0.0027924597785713777
map:0.02638456638263118
something:0.010588624027465547
these:0.008811893473930545
you:0.008869132809713645
books:0.019418818686415748
speeds:0.02646577634077367
them:0.007797123252831068
m:0.00728092931976634
sure:0.011606617128506401
a:0.002971285374141266
88:0.05326402654861229
want:0.010067010466554158
was:0.004709899649475455
as:0.004255926384133076
route:0.027211237147918576
local:0.01625735878678698
question:0.011611628102910129
also:0.007890942189784927
stuff:0.015550088046136288
section:0.02186042088097493
are:0.01025922417448764
no:0.00598800923501335
those:0.00987189177812532
likely:0.017587280877285786
compact:0.031138916787004034
police:0.01955097825336538
requires:0.021351887153780988
it:0.005471097283084658
not:0.0032069681307232176
deleted:0.01868818881382094
have:0.00815825446512212
involves:0.027861330939005006
only:0.0070932778631345025
ve:0.009708157973550182
microsystems:0.031877408514951994
amazing:0.02607158499953047
always:0.014132745202120784
motorcycles:0.029321101394865434
has:0.005663694010034846
follows:0.022840554880988368
details:0.020291605756863482
without:0.011953247259587739
sun:0.03860098195849831
which:0.013743535452314019
found:0.014226172900303178
sort:0.01668862397692037
writes:0.007034706287420876
get:0.006991350932399587
if:0.00356462989235856
of:0.0031027753015809355
even:0.008931699190244818
ryan:0.023643285643634465
department:0.01844721054623902
what:0.004895968632960804
but:0.0035387405438851607
again:0.012988665628234138
fire:0.019132944877869523
well:0.008951425054007154
easy:0.017625965767334082
they:0.029774030569396072
good:0.008617073677444144
in:0.0037804191892444783
streets:0.05878310945728427
cross:0.07309165234493852
use:0.008844571956102915
and:0.003046255966681834
for:0.0017305790580429466
subject:0.00014200508985116116
summer:0.04788049096336407
i:0.004061674622242445
vela.acs.oakland.edu:0.030758815914758583
similar:0.016833820680142025
the:0.0028065271648528567
around:0.01259145975081721
extra:0.020663168667506653
may:0.009899071954467185
an:0.004776053928519876
pays:0.030945471871201505
here:0.009576600561826574
people:0.008006772021665517
current:0.016820455977291583
is:0.002858219435007063
done:0.014088635911812225
match:0.02546199253815279
repair:0.027211237147918576
gave:0.01974401017573347
carry:0.02070456303156014
type:0.01723676867197711
experience:0.017618206248910362
sold:0.02184323460128639
japan:0.027551389938345563
bike:0.020065758907013526
supposed:0.019407952188384897
article:0.008620562556559585
little:0.024950411722324085
bin:0.034632424959286326
high:0.014879382051284688
todd:0.10828745130669508
check:0.01760272108823239
john:0.02852636595299836
dangerous:0.022365668793549398
plenty:0.024794238575685894
s:0.003300192983276693
