tv:0.030553718195577926
report:0.030610711479635122
there:0.00740144343207377
porsche:0.04963081410005723
story:0.028992399419456482
pass:0.03273609048541368
rd.hydro.on.ca:0.10141536033921966
reid:0.10390166162675608
with:0.00943269962563786
way:0.013970748544730188
o:0.02823370148225711
name:0.02227606859540525
to:0.002222901871114243
software:0.02270795071355852
t:0.020776395604842273
ivan:0.1622807948369004
make:0.014194197446368578
that:0.0027976179470522323
nt:0.005758697997761601
me:0.008738618390359231
re:0.003015649215952988
this:0.008467458683409984
ti:0.030553718195577926
leading:0.036413098659124614
something:0.01605372029970583
two:0.015038624456881543
recently:0.026687996488610397
on:0.008177561697407902
you:0.004482249914586466
lord:0.03435164591725269
a:0.0022524260094296694
looked:0.030040348423223263
was:0.014281631195183638
said:0.017673426037608325
danny:0.04424509335347936
based:0.024362121063714052
no:0.009078594646633143
d:0.014692292115943834
it:0.00829488942919287
only:0.010754324502171666
ve:0.01471882015344705
lady:0.04132743170343498
earlier:0.03182214947487332
jody:0.0479941943904065
his:0.01487442775407465
writes:0.0159982836536507
were:0.012510510463486283
of:0.0015680692384333762
institute:0.03139078911236537
levine:0.04663433380624689
again:0.01969249304925821
russian:0.03754608545709902
using:0.017777585311652584
up:0.010834357825422457
in:0.00859740493037857
yes:0.021506821536321684
for:0.0026237811525167258
subject:0.00021529803945176046
i:0.0030790114071837893
the:0.005470787975726998
sky:0.03759126493733023
quote:0.03253998316564991
thinks:0.03653140664096166
because:0.014231631442697693
movies:0.04559230371366618
an:0.007241114020659167
just:0.01894175102364332
jonathan:0.15420985062884085
film:0.08369580729618563
e:0.025087820129466344
paul:0.026411471702492396
general:0.09511065687379197
discussed:0.03661125398759643
new:0.013903222297447958
else:0.020375421172081104
does:0.009826522696270365
ch:0.049237345034174713
e-mail:0.022174965940744085
although:0.02548176981253837
article:0.019604827749595186
already:0.0234337606556238
high:0.022559063110012267
says:0.020653441487319096
s:0.015010555182000443
