at:0.008233317873405897
wave:0.046010462398999134
thanks:0.018629781728188438
harley:0.11325066857201442
with:0.0054656764185939
bikes:0.04491726915988228
from:0.015823780456638795
to:0.009016256187510107
dod:0.032686579828901274
remember:0.026005832117020858
bikers:0.05662533428600721
might:0.01987930033531258
that:0.006484198606251903
really:0.018237343394307718
me:0.010126997013126585
re:0.0034947710540015934
started:0.030647148373728086
something:0.018604311375360026
on:0.004738400235881214
them:0.01369961842553496
a:0.006525720214235491
hard:0.02527320936986457
was:0.024826013105646326
as:0.007477702431934751
bring:0.03545202754475771
82:0.04867636835786352
riders:0.05453988053540712
stuff:0.02732165002498712
california:0.03719130118619566
eff:0.05202275031313063
no:0.021041976377243175
curt:0.11806990425990413
it:0.009612769058130055
not:0.005634672977345466
deleted:0.03283532240185361
have:0.004778043113529465
being:0.018185083457244375
miracle:0.052286029537118445
waves:0.11162428769370357
left:0.027330889565425807
common:0.03145914055730233
get:0.012283868927954413
coast:0.10008343986521295
of:0.0018172017342592396
what:0.008602262644828329
street:0.0372712942085851
again:0.022821206898205774
up:0.012555704395816677
in:0.003321115923261504
fellow:0.08995630805847846
moving:0.03963534188449843
and:0.0017841000677139712
for:0.006081287157235027
subject:0.0002495042700188626
i:0.007136400270855885
actually:0.022844057262626956
event:0.03881066306726142
the:0.0035222103270516492
do:0.006713251578565389
when:0.0122212564751751
riding:0.042198357324593004
makes:0.02610259703039228
right:0.018129659755049526
time:0.014761775419660873
told:0.028974016511487195
first:0.05264172418853386
rider:0.04963084962025959
give:0.02208632029304679
howland:0.2559763786529735
refuse:0.04694223212071024
biker:0.050921974278958816
