go:0.02494143912556573
times:0.03603174540375675
my:0.03654670235885774
to:0.0017669220001164498
important:0.040286785807349006
most:0.023802505948295357
day:0.032606449176447075
next:0.034338205432681734
protection:0.054230414052986696
really:0.02501789414347341
re:0.004794109009976545
jacket:0.07553662415307186
had:0.019671903662591476
helmet:0.067810557832314
a:0.0071615596197251025
was:0.04540826328725054
question:0.02798700106855262
gold:0.06628553292383495
cheap:0.04764398997957497
gloves:0.1578005371386435
should:0.021061694131198457
purchase:0.05592899332280823
ve:0.023399149987531207
leather:0.22515832138295228
accident:0.062301202318111495
500:0.05345868122243
be:0.007416169963300914
asked:0.04323462690690296
writes:0.00847772296176362
if:0.008591672048248837
of:0.004985656040147145
boots:0.07435960429085234
what:0.03540161934602428
gear:0.13028016583905838
wearing:0.12879022658758965
good:0.041538714137423056
over:0.02571718913486356
pants:0.08061220950040537
in:0.002277944896083211
yes:0.03419033167312678
better:0.028669434247453884
and:0.004894838647317819
for:0.004171139268103512
subject:0.00034226867810279864
i:0.012237096618294545
the:0.0028990500384194345
got:0.028360946431161205
pair:0.06547310197598125
during:0.037543198843621416
norman:0.0715438528907656
is:0.003444520857572614
eskimo.com:0.16122441900081075
article:0.010388883080982065
