at:0.00389807527634704
fast:0.015406185508619635
there:0.012182906888192223
behind:0.015609479650436717
know:0.0054596244498154945
all:0.004221539073656156
rides:0.02615608305219782
keeps:0.021124761948233636
take:0.009405969603255324
own:0.010028719626318563
your:0.027874606685426163
skill:0.05016560294358757
surprised:0.019472047309731146
from:0.0037458949311069715
several:0.012471023770209718
415:0.023266074884294073
to:0.0018294679116249966
us:0.009114497284004408
might:0.009411881132205513
next:0.011851239043137944
badly:0.023132654361414925
that:0.012279809749892984
control:0.013493956946641697
nt:0.006319279218782642
me:0.0047946401787811715
re:0.0066184159783747
chances:0.043188104179301995
error:0.016661319288371675
getting:0.012000891912498611
two:0.008251280675457131
on:0.006730205644769335
you:0.02705216320130947
tell:0.010663827670895808
more:0.005625747901861619
a:0.0030896108978902543
other:0.006103132689521729
same:0.00859333340941864
was:0.015671878479670543
crash:0.022596911301444856
moreover:0.024569207793684256
riders:0.02582197883756001
lucky:0.021069451493524644
allan:0.04363226121048656
ride:0.01868451122479594
are:0.002844740626554095
those:0.008212016169413982
taking:0.015075000151113297
pushing:0.023357310668376978
pain:0.01958849557662218
it:0.003034118847256389
not:0.002667743400778606
statement:0.015368139025189407
have:0.002262170854635632
made:0.01029017500848673
due:0.014668772057072932
safety:0.018286165421000724
left:0.01293984594469275
hope:0.012780803263894006
holds:0.021719586147744874
chuck:0.04409989378902089
his:0.008161190449138303
personal:0.014840245447768654
knew:0.017177411782733448
deny:0.021237501263724718
be:0.0025595630846790766
thrown:0.021719586147744874
judgement:0.02222486211024777
writes:0.0058518795665271
were:0.013728347765241585
if:0.002965267344085882
of:0.007743209159697556
but:0.00883119321571341
phil:0.058824615274327335
equal:0.019728342211203294
excellent:0.017234802713895516
oh:0.014290779575847228
seems:0.01042693402381008
factors:0.022015778548962167
well:0.007446318186519225
beyond:0.017281257510790293
together:0.015747638236505445
necessarily:0.017200278907328326
good:0.007168185183006633
one:0.008701866440492234
in:0.0031447734848582386
speed:0.01486046534020257
and:0.0033787381813344237
still:0.00903411098331658
for:0.002879193477098
subject:0.00023625625568157783
each:0.011265528306905376
car:0.0135338200879796
combination:0.021948223362542752
i:0.00422342272666803
we:0.005963468609353849
fell:0.022154064139688297
alan:0.03894409461946229
than:0.00633009416911266
the:0.0023346332167802526
do:0.003178397871267684
when:0.01735851030323543
riding:0.0599366048725414
road:0.015976337991019957
may:0.00823462622760987
come:0.010624750771988533
stone:0.022015778548962167
an:0.01191900183931509
just:0.0051964095728579025
insane:0.025663934224276472
circumstances:0.021471981485585385
many:0.008200004546805723
is:0.002377633866289061
involved:0.0159330846772826
envelope:0.028082269208205984
object:0.01871669157580957
living:0.016300907141721683
does:0.005391543426272236
lot:0.010967050390554825
too:0.025918378776962344
nothing:0.01130467257301287
falls:0.021881684082168677
describing:0.023311457628396683
article:0.007171087436430097
very:0.015426924706048206
luck:0.07296971019316144
rider:0.04699558326874139
bad:0.01212655330418754
by:0.008764915706346603
while:0.00960328542424125
plenty:0.020625295806322778
s:0.008235879834371924
