since:0.01710103951627078
looks:0.02925731174678539
confused:0.04130312058482716
at:0.0075296154910635136
out:0.020139779471460853
know:0.010545941244942751
tank:0.07930074727255107
access:0.028652793743748083
with:0.0099970491758897
alot:0.043281853926576956
from:0.014471320588550012
name:0.023608824836155996
my:0.008121489413079499
via:0.02921565280868073
to:0.0023558960001552665
dod:0.02989285505720032
mercury:0.09563427624737905
might:0.018180214836567916
make:0.015043422934612853
jeff:0.03602973751137091
like:0.00995418002998866
through:0.02025182302585322
smooth:0.04700252120228504
nt:0.006103235484807167
me:0.009261441712859357
re:0.00958821801995309
had:0.013114602441727652
followup:0.050357749435381245
off:0.018662029469712398
reply:0.030693987344915765
libertarians:0.05122181881035021
them:0.012528710867796932
vs:0.029201811496267886
a:0.004774373079816736
vision:0.040751509293053045
was:0.01513608776241685
as:0.0068385825659574235
college:0.03520953248349276
gas:0.06783196019947013
it:0.002930388288375829
not:0.005153076996375769
only:0.01139774562623322
ve:0.015599433325020806
stick:0.03612247269106378
claims:0.03210534765477544
550:0.05178556212481002
of:0.004985656040147145
republicans:0.05140563253018751
seen:0.02215781957796883
but:0.005686181386755643
anyways:0.04832004838029579
oh:0.027604411830269005
well:0.01438348641156705
please:0.01637107142654064
1976:0.049878352284517626
they:0.007973672004339691
net:0.028334551152978487
now:0.014118926477591833
over:0.01714479275657571
one:0.008404366733124979
in:0.001518629930722141
yes:0.02279355444875119
better:0.019112956164969257
and:0.003263225764878546
76:0.04557470851285626
i:0.006526451529757092
the:0.010951966811806754
do:0.00613946939236322
see:0.01512295522573655
maybe:0.022631735746515592
maine.maine.edu:0.11069751406041982
about:0.00841894171215275
is:0.002296347238381743
lot:0.02118421699372129
their:0.012937466825484736
wanted:0.026027008457659
guess:0.025608181734492766
e-mail:0.02350167330472023
little:0.020045629930756106
before:0.018172600574552517
s:0.005302874195350585
