cooper:0.26148376787683114
510:0.22307881287255704
this:0.02019163224505458
contact:0.2676978691523514
brand:0.17329085856998905
not:0.023188846483690958
500:0.32075208733458005
end:0.10400897702213498
cheers:0.16746779524478256
please:0.07366982141943287
email:0.10553456380645927
clean:0.16699393046062716
for:0.012513417804310539
subject:0.001026806034308396
top:0.13006277792951212
the:0.0028990500384194345
do:0.02762761226563449
1975:0.21744021771133104
address:0.12280082130513888
paul:0.12596240350419452
new:0.06630767557244412
sale:0.12211046746552422
dave:0.13485671812979202
black:0.13575201370168993
