at:0.007403067331549841
there:0.02313728535068439
know:0.010368698534943712
tank:0.15593592320820965
racing:0.050360947905974576
curtis:0.09501589345369087
with:0.004914515771340734
4:0.020876214320829235
someone:0.018516454745067395
nicholas:0.04904006064948371
spot.colorado.edu:0.04538192559689677
brothers:0.043063878413663347
to:0.002316301109396354
dod:0.029390454131869217
that:0.005830329839234904
think:0.012098722920408027
quite:0.022321003211003373
me:0.009105787230290291
re:0.0031423571662031135
larger:0.03576346003462843
this:0.008823234258343176
two:0.01567049943406144
a:0.0035205986365875507
was:0.014881699732796396
as:0.006723648405185028
modified:0.04149433297548406
solution:0.03268787452296847
no:0.018920096406428735
taking:0.028629832219761387
individuals:0.0358584142804598
d:0.03061923062818547
it:0.005762276130083562
not:0.005066470660302226
have:0.008592447279792484
made:0.019542685310235303
650:0.04241436854558228
safety:0.034728347774337504
decent:0.037861868258989205
92:0.03683625956619222
love:0.027497625547743265
public:0.024905416790425156
be:0.004861018967541776
writes:0.005556826815273633
justification:0.043369488868880784
if:0.005631516132465624
of:0.0016339545005524256
ucsu.colorado.edu:0.045997080252554716
freedom:0.03351284437242526
available:0.022698015359783445
but:0.005590615313028657
least:0.020232456997533465
huge:0.03611699964740732
they:0.007839660710149106
who:0.010865990539780237
adobe.com:0.044716906096403296
jackson:0.043932604081342634
george:0.033464825034077036
in:0.002986213477218327
thomas:0.03095802532797563
for:0.010936096232338622
subject:0.00022434417556317895
firmly:0.048593759596425326
i:0.008020954085940965
away:0.02326876963297202
any:0.008599052657889137
the:0.00190021767224131
did:0.01381437851632744
an:0.007545362508922157
thought:0.022559549623459768
mix:0.043369488868880784
lab:0.03621605809910515
interested:0.024177111053906887
is:0.006773259501445308
91:0.07853136819298959
2:0.016373189513406796
told:0.02605226694730361
first:0.015777771675554966
bike:0.03170052667662641
article:0.006809520002660512
very:0.0146490965696088
honda:0.04049764606449375
by:0.01664597436667506
black:0.029660103833982668
hawk:0.19555457854742464
identify:0.041876369732431605
s:0.0052137502592942715
