bottom:0.03662460512529813
large:0.048882189712450216
at:0.007191551122076989
out:0.01923554447478302
there:0.003746036675825092
inner:0.02272013993267338
know:0.005036225002686946
all:0.003894154410801189
true:0.010544003233297334
switch:0.017355564987796637
i.e:0.014100159171328177
with:0.002387050517508357
way:0.007070909467536912
much:0.014262831588244339
such:0.015698099620145296
from:0.013821587827431439
dealer:0.018051287360198967
my:0.015513702225800839
to:0.004500242155398631
dod:0.014275363435479336
helmets:0.02554931209822418
us:0.016815317438244867
hang:0.021675513915786846
might:0.008681980146442638
ai:0.0396136148223861
make:0.0071840019728559345
that:0.007079686233356669
r:0.02530791646309494
nt:0.005829212667121947
me:0.008845621880853426
re:0.0015262877664415126
so:0.004170655499530287
anyone:0.013656446935848093
this:0.006428356388221457
certain:0.013454346905144935
on:0.0020694237764868977
curious:0.017494989146210185
you:0.006805701911127206
tell:0.009836836953561032
am:0.006670760639597411
size:0.04409237310692899
helmet:0.1511206717405855
m:0.00558699882496356
sure:0.017812604246197582
a:0.002280006736075747
how:0.005368828560118875
same:0.007926911634810664
bigger:0.01902578307032224
want:0.023174668992394058
ama:0.020567670848113374
as:0.0065315441650368854
old:0.010807808499356426
following:0.01117271131852964
jay:0.0208088500986032
let:0.009408725480623775
question:0.008910147278967774
outer:0.02339684301366417
shell:0.019670285231325538
no:0.013784641667540936
it:0.0013994099173060082
not:0.012304285889305405
namely:0.02180934992730926
have:0.006260211589563096
whether:0.011663096264823775
has:0.004346018260761433
willing:0.01459550960808029
stick:0.01725032369328352
writes:0.002699030167418622
were:0.006331850193764487
if:0.01094123134307607
of:0.0023809051293763915
but:0.008146325170413186
particular:0.013841026318709418
fact:0.009788845422974856
shipping:0.016748193838129793
please:0.007818021864919408
they:0.0038078352020724233
good:0.006612285107589793
one:0.008027027818576511
in:0.005076562911271156
additional:0.01744798326024464
replace:0.01794433890144785
or:0.005504583328188452
and:0.0023375351907599378
still:0.008333506458079785
for:0.003983863627494783
subject:0.00010896717098782979
fits:0.020880459525749767
however:0.0097840771599874
i:0.006233427175359835
hangs:0.04825530424323843
ms.uky.edu:0.05087495910103518
any:0.004176682719546153
will:0.009251472203292118
than:0.005839188907018209
cost:0.013555133078983189
the:0.006460740085620454
thank:0.014818344109263325
would:0.007613466498811234
can:0.0035288407854600547
extra:0.015855819222413272
problem:0.017269920751392526
about:0.004020474205395395
different:0.010315171012290809
head:0.028186610085352518
is:0.006579737801404014
write:0.013282342550969444
recent:0.015502428932591924
questions:0.012343576886716376
tonight:0.01983466849311305
2:0.007952692049369017
hear:0.013525230874525746
experience:0.01351927663181693
1:0.007993975069080443
show:0.012285994570346256
e-mail:0.011223248067968436
article:0.003307481144149392
very:0.007115275476667132
little:0.028718433084470987
luck:0.016827708677198457
thus:0.013597367644393085
fit:0.016593665629789294
s:0.010129571932343158
