another:0.011199521870649388
perform:0.02351371008424383
some:0.00589665088451189
dan:0.04013942918572989
radar:0.0257483246169585
help:0.010808549091120188
all:0.004818524397203492
happen:0.017078950637208663
take:0.01073610671886719
harley:0.03060055943738774
with:0.017722041720895376
further:0.017918355561017105
such:0.019424416196644433
from:0.004275617446617049
turn:0.01728019259956826
signals:0.0256612447864812
my:0.014397185777731839
to:0.006264541636776504
experiences:0.023864174697496354
t:0.013011480075759809
next:0.013527171837117049
that:0.0035040871256007762
really:0.009855534056519828
86:0.024143966512596295
12:0.017946388038444627
me:0.005472670103053257
re:0.0018885883978695484
chances:0.024647756425561242
big:0.014019093706401805
on:0.007681951897564999
distribution:0.022449180308097373
you:0.002807065603074353
them:0.014806658298305464
state:0.013422794883538466
a:0.004231830684383015
how:0.013286494921506306
load:0.06812110411823583
want:0.009558575594505968
was:0.017888103719219912
as:0.004040980607156659
idea:0.014001900481114932
rear:0.023925024892022487
local:0.015436280060181577
given:0.014079735147380208
question:0.011025182239126791
fine:0.016359376656164448
ride:0.021326765337393347
are:0.0032470271798041694
no:0.005685584526174293
taking:0.01720681835430104
works:0.015025888856316871
book:0.01570554803375593
d:0.009201233446348664
hoping:0.024176033319054168
it:0.005194779238484424
have:0.0051641476075520495
made:0.011745351272313138
being:0.009827292575379537
frame:0.024406389436488773
probably:0.012056685429440448
won:0.021826462043731246
bag:0.053533390103545755
able:0.01332053144500338
classes:0.02620777804223995
secure:0.021589676256363315
shall:0.019998878858751287
be:0.005843043001388599
thinking:0.01759356835277099
writes:0.0033397090455432443
get:0.006638252400460214
if:0.006769196159226357
of:0.0019640463188458452
what:0.004648697489881976
but:0.0033600162739919714
approaches:0.02770904836278506
they:0.004711715275291635
one:0.009932433411874976
rest:0.016498135522589944
in:0.000897372231790356
fully:0.021200270226655535
or:0.0034056134227428555
use:0.008397876402764385
and:0.0028924046552332564
still:0.01031166203146236
for:0.00328635215062701
subject:0.00013483311561625404
summer:0.022731142174526375
i:0.010605483735855273
back:0.010638165252866353
any:0.010336235013018256
will:0.011447528736396814
yet:0.01328317546811194
the:0.006471616752431263
do:0.003627868277305539
thing:0.011434002197600792
regularly:0.025090419592524654
around:0.011955527440169878
would:0.0094207034960038
increase:0.021236089561551954
shifting:0.05876513850288772
affected:0.025533377069388827
is:0.004070797377131272
carry:0.019658878029966194
keep:0.013380881738009704
approx:0.029205340363508154
wanted:0.015379595906798499
loaded:0.023570457929026283
hook:0.02597282846832635
bike:0.057157010219977926
shoulder:0.027907132772650115
very:0.008804255009007311
planning:0.023402092170099052
metal:0.025327205379892585
full:0.01560435597941037
side:0.016264465043288854
smart:0.025052012524922534
going:0.02199813822272407
usual:0.021667377866663718
high:0.014127898109300614
trips:0.029119004841491485
