some:0.009492169716531336
week:0.028031209791915316
help:0.017399127805217865
seals:0.1477783114293359
from:0.0068827012555298835
turn:0.027816895404183053
dealers:0.04002536159912934
my:0.015450638395614657
to:0.003361461366075197
dod:0.028434667005629573
tool:0.07644612757753452
t:0.041890618780495
mi:0.04335155200003401
considering:0.03256398337687068
like:0.009468610272428239
really:0.031730012084405304
nt:0.005805516680670232
need:0.015619528386156394
this:0.012804449716376074
tools:0.10852372819923589
fork:0.15406682629036272
these:0.026937170294291754
on:0.004122022969425122
m:0.011128574895252619
a:0.002270738416010399
how:0.010694008107553858
88:0.12211752428218428
as:0.013009986344992171
following:0.02225458758568912
oil:0.03643746533993177
are:0.0052269218016359805
no:0.009152404359207398
manual:0.09584383894836007
d:0.014811741645341754
it:0.0027874425182111543
have:0.008313018099961836
only:0.010841758034709648
assembly:0.04188416683164138
always:0.021601269089420387
without:0.0182700039414837
be:0.004702937049898141
get:0.010685967278789614
end:0.021985637419313087
of:0.00474245330648143
looking:0.02108849874314345
bearing:0.04608709863923086
they:0.007584712394371901
in:0.00433365126571928
and:0.0062080880405006485
for:0.002645112706602228
subject:0.00021704843001640894
i:0.0062080880405006485
vela.acs.oakland.edu:0.04701347473150093
appreciated:0.027518391212814988
signal:0.036630587990404195
any:0.008319408669014695
necessary:0.029307120142126223
the:0.005515265926749168
thing:0.01840595475711347
seal:0.04805914446989193
around:0.019245483196371024
would:0.007582517448003058
did:0.013365130434495654
just:0.009547874499722652
here:0.014637405736775579
about:0.008008261628633103
done:0.021533850011550396
type:0.026345630165298346
sold:0.03338640735806375
handle:0.06605458352404396
stock:0.08077891185885987
adapter:0.04064157167530441
bike:0.03066961523998816
changing:0.03481641277646753
refers:0.042916684642708924
says:0.020821355645752587
todd:0.16551252720047704
doubt:0.028293270723419254
