minnesota:0.13619133399426422
all:0.025785617044494356
from:0.04576066240163112
wrote:0.0696101344511584
dod:0.09452605518087669
re:0.01010650007508569
mean:0.07144383937378002
temporary:0.14238890335182838
state:0.07183009153893558
why:0.04810061027443261
more:0.03436267637353313
a:0.011323006425781582
how:0.07110070255292564
steve:0.08667983369822667
standard:0.08227147406654695
doc:0.15007137733439574
should:0.044400328168472426
university:0.06352270544861226
be:0.01563408803074247
of:0.00525515096123618
in:0.0048021541052565
i:0.005159424520145809
stafford:0.5339192322567203
the:0.002037170297267711
about:0.053244117855236306
disclaimers:0.1475965883201933
article:0.021900888657205433
little:0.06338753248374228
john:0.14494477835577546
