week:0.030244200038645468
at:0.007727763267144132
happen:0.029663440580415045
till:0.04385011680756528
take:0.037293844391854444
own:0.019881496803052588
eos.ncsu.edu:0.051032883436718274
someone:0.019328579953184384
from:0.0074260724072822415
work:0.017763793543774595
bits:0.03867875788567362
wrote:0.02259276293590229
my:0.008335212818686853
to:0.007253679789951741
property:0.04008860389436216
enough:0.021334636201205227
that:0.003043023030126989
like:0.010216132136040992
really:0.01711750651921865
nt:0.00626384694493367
re:0.0032801798489313205
wait:0.03220526144833436
had:0.01345972355861522
mean:0.023187912779209303
off:0.019153135508389037
you:0.00975085946331091
used:0.017319855336288294
etc:0.020371263047879257
them:0.012858413785370533
bill:0.027153630488523834
a:0.003675010857490513
same:0.01703590658358432
want:0.016601736558878786
as:0.007018545265061565
oops:0.04858802902909529
ranck:0.3530319045574675
jack:0.037497858761052064
whole:0.026244872587958684
l:0.05798176453953268
no:0.009874962598092191
d:0.015981089669973993
it:0.006015007539297753
feel:0.053443450600810134
be:0.0050742215538374675
writes:0.00580054728962774
get:0.01152959627448353
if:0.005878512454064994
of:0.0017056191716292863
wm:0.0949523439241705
but:0.005835817739038686
shop:0.04262713842818155
least:0.021119845462337562
again:0.02141990472024577
oh:0.02833084372053924
well:0.02952399842374289
damaged:0.049725553794959604
in:0.0015585938762674603
and:0.0016745500635560958
rogers:0.04847028323670809
i:0.010047300381336574
away:0.0242893297045936
stupid:0.033874440274268
body:0.06227510743288687
jerk:0.05398439428427277
the:0.0033059342543379517
do:0.006301034376372777
thing:0.01985905644846453
waters:0.05355641038804968
may:0.032649570656839134
just:0.010301654065490226
long:0.020879923202706884
is:0.004713554857730945
done:0.0464677816038719
having:0.022955187652810186
else:0.022162738818754885
right:0.01701643503324824
type:0.02842554833624295
bike:0.06618180130734286
waited:0.04895105724105015
article:0.007108183160671938
s:0.005442423516280862
