marty:0.2733438331158414
small:0.033581414609730464
take:0.023884821689165208
thanks:0.022397602751867
someone:0.024757956344528313
vehicle:0.04944587294381167
from:0.009512047802586241
both:0.02523263013829481
to:0.003097076764249058
rpm:0.06620063689819781
acceleration:0.06577658826917707
enough:0.027327511538622427
that:0.0038978047801626605
sources:0.04324875253049959
motorcycle:0.05218655473320457
like:0.013085832174254755
me:0.02435030742482123
seattle:0.05467827707978042
anything:0.02608136123954386
on:0.017090185120425504
input:0.04794552021769344
a:0.004707317278133916
88:0.05625638759066916
ama:0.0566188691886267
82:0.11704205425373926
wa:0.05634591758672732
pressure:0.04944587294381167
it:0.011556924597976583
analysis:0.048379394780926926
systems:0.03371255191328776
interesting:0.03671937710024059
towards:0.046851428487073486
get:0.029536493826766794
if:0.0075297799973416775
of:0.004369451361027835
what:0.010342046101085743
particular:0.038101701663863
please:0.021521520864103985
net:0.03724879196515149
email:0.030830322010875738
in:0.0019964011448819156
system:0.02511485763193848
or:0.007576533232618936
and:0.006434787884676233
for:0.003655605201259258
subject:0.0002999658077754865
i:0.00857971717956831
info:0.03309433100440896
any:0.011497609733582104
information:0.02740248634251421
will:0.012733767920261622
later:0.03590350594334498
the:0.0008469134943697224
would:0.010479209506790743
can:0.00971422463413161
forget:0.043137228487803304
record:0.04333312805883815
is:0.0030187935605692573
90:0.04530291471398126
gt:0.061501714045550694
various:0.040051449195002115
sensor:0.06620063689819781
greetings:0.061501714045550694
little:0.02635212024605016
data:0.06594035108327667
fit:0.04567919190222895
hawk:0.06536796305377397
compile:0.058630647070075974
s:0.006971194166921554
