talking:0.2963355618511153
re:0.03399459116165187
tools:1.2134925971369102
drive:0.25670943170963534
what:0.08367655481787557
subject:0.0024269960810925726
the:0.006852300090809573
is:0.024424784262787626
psuvm.psu.edu:0.45444666509658566
