out:0.014368013403420242
there:0.011192426653379847
secondly:0.06516208209988741
with:0.007132041180360334
from:0.02064810376658965
been:0.017893175453919993
that:0.012691632637846713
nt:0.017416550042010696
could:0.01840377018690314
me:0.013214496102494448
re:0.009120500067760258
severe:0.061452187290094835
off:0.026627529853126226
he:0.03878373676878623
on:0.006183034454137682
you:0.013556072912407851
posted:0.04162659664002312
why:0.02170393390431715
more:0.031010220141968924
a:0.0034061076240155977
uunet:0.046060881858747384
j:0.07449094291533812
70:0.10492285017957577
d:0.02221761246801263
it:0.004181163777316732
should:0.02003429441748146
have:0.006234763574971377
interesting:0.03985395807221235
sgi:0.06788334492079241
speeding:0.07475034555874055
charged:0.06424865151241037
if:0.016345132189351446
what:0.01122490369508087
ticket:0.24702326387363432
up:0.03276732610615572
chance:0.043842164975763466
point:0.026847999527561717
speed:0.040956892279094895
subject:0.0003255726450246134
p:0.04105034194672378
i:0.006984099045563228
than:0.01744635710023733
the:0.0036768439511661124
fight:0.05194639138706505
cop:0.06644696643717798
max:0.290347319361986
right:0.023656995046223168
does:0.014859619687042991
beleive:0.06840236460882651
protect:0.05035814142697151
first:0.022897010114524892
show:0.07341630901792275
going:0.05311745570852884
s:0.015132592216000447
