reference:0.03361831588304824
cultural:0.047188560509305776
performing:0.04990121900285462
from:0.0076267770669385185
work:0.01824389607198472
often:0.027993877371880235
to:0.0037248625948400837
dod:0.031508685060292224
honest:0.04225052980201129
make:0.01585658093107841
that:0.0031252668958060975
like:0.010492243815393452
egreen:0.051209165037489734
me:0.009762060183824727
anything:0.020912082435309943
re:0.0033688333583618965
two:0.016799904798678482
these:0.01492464840629678
on:0.004567647074227837
you:0.005007198102781278
am:0.014723750961273563
specified:0.047188560509305776
why:0.0160335367581442
more:0.011454225457844377
a:0.005032447300347369
distinguish:0.05066299727337771
as:0.007208235677630796
skin:0.04632991024079835
chest:0.05209601254031184
local:0.027534986053296864
therefore:0.030927256941935728
obtained:0.04318238193938285
east.sun.com:0.04990121900285462
are:0.01737598328651961
those:0.016719960849437478
it:0.0030887876553150626
probably:0.021506519955218094
whose:0.033718751806315034
minds:0.04428690736363809
neck:0.10450538981417086
usually:0.029709466145825345
writes:0.011914637675992113
get:0.011841206984604705
of:0.01051030192247236
andy:0.040376650782086555
understanding:0.03616355662081825
who:0.0349473749792932
called:0.024164454917628232
in:0.0048021541052565
or:0.0060748779973250925
use:0.014979995745471604
quest:0.053615136075769426
and:0.005159424520145809
for:0.005862141674091423
subject:0.000240513125153318
outside:0.03247545745478851
i:0.0034396163467638723
special:0.03149289362941462
group:0.02429834175501482
back:0.018976186667275113
lives:0.035067187837236995
the:0.0027162270630236144
level:0.03171653299634008
instead:0.027637246050312085
people:0.013561019279937995
is:0.004840948232264214
living:0.03318923436062252
time:0.014229819548682104
questions:0.027244831867076682
blue:0.036005960607777554
sale:0.02860245183877144
their:0.06818394678296008
ignorant:0.045035255099661636
light:0.03146139356582246
1:0.017644359386709087
article:0.014600592438136955
origin:0.04365664980862088
tx:0.04267707142901308
while:0.019552635188094795
check:0.02981361769898819
