bottom:0.019940062790440093
ask:0.0129536114860283
at:0.007830800110706054
out:0.0052363426625798215
minnesota:0.022395908256834563
know:0.00548388944737023
all:0.012720904408617216
50:0.015338592396126359
case:0.010984938254696692
your:0.005599698765250056
with:0.0025992327857313215
much:0.023295958260799086
ca:0.009140215982632538
bikes:0.02136065688936624
such:0.00854674312652355
service:0.016189294348792634
from:0.0037625433530230025
wrote:0.011446999887523826
my:0.004223174494801339
to:0.002450131840161477
dod:0.015544284629744165
rd:0.02302071692626207
w:0.02750525204470537
then:0.01418560310911825
value:0.016594901421140746
100:0.015015609328138096
enough:0.01080954900861065
that:0.006167193341057365
think:0.006398880122349134
r:0.013778754518796133
86:0.042493381062169475
nt:0.0063473649041994535
graeme:0.06132143487426304
re:0.0016619577901252024
transfer.stratus.com:0.025856660941270593
this:0.004666510563301502
he:0.007067258700089935
apr:0.016565370120168885
big:0.012336802461633588
slower:0.0217212148663101
on:0.0067601176698572
performance:0.01684893881598496
am:0.007263717140894958
them:0.006514929651254404
brand:0.02002472143475429
state:0.01181205949751385
communications:0.018751479539260867
cycle:0.04493874364212433
more:0.005650751225869893
sure:0.009697973422929794
magazine:0.018767553496906144
a:0.0024826740015047024
as:0.0035560629342978596
standard:0.01352908684649883
wife:0.017959920120639867
84:0.02323546615857677
based:0.013426235608446855
far:0.011063902542761786
yeah:0.017574321974169565
co:0.020288825525735625
it:0.004571405729866293
not:0.0026796000381153996
couple:0.014026630198464526
being:0.008648017466333991
components:0.021628296267113146
money:0.013778754518796133
university:0.010445956007105127
350:0.024617934708074947
real:0.011367083795547767
always:0.011808693768883145
craig:0.020288825525735625
his:0.01639492481338006
1/4:0.02480186900213208
listed:0.020176868864275367
if:0.002978446310059597
of:0.006049262662045202
what:0.008181707582192277
parts:0.016216422272961602
tend:0.018931573749952597
years:0.019820225982047943
released:0.019225100026917
san:0.017946513038242417
they:0.012438928326769917
miles:0.035681375865874006
now:0.007341841768347752
over:0.008915292233419367
in:0.003948437819877566
1990:0.018981983868192304
according:0.030573566262988607
wash:0.026101371062084048
or:0.0029969398120137125
world:0.011205558616589674
better:0.009938737205784014
and:0.0016968773977368437
for:0.007229974731379422
subject:0.00011865314174230354
i:0.0008484386988684219
faster:0.052004013698591096
stafford:0.08780005152666068
away:0.01230659371699409
back:0.009361585422522389
any:0.004547943405728032
than:0.01907468376292615
cost:0.014760033797115026
mere:0.023602226263856788
2000:0.019225100026917
the:0.004690018728820774
originally:0.020221313679095736
jose:0.020266207439035754
when:0.011623772825277653
got:0.009831794762802552
would:0.008290219076483342
holding:0.02047403750973815
peter:0.016363969248115364
may:0.008271224566399248
7:0.014184571239694693
just:0.010439009453030097
mph:0.024327344666906718
about:0.013133549070958287
odometer:0.02909894905118535
hit:0.01590978728857515
disclaimers:0.02427143896820956
is:0.0023882011279170124
deal:0.014650288852268928
division:0.01761141073831259
itself:0.014946914847086133
new:0.01532444057674264
does:0.010831011683000224
their:0.006727482749252062
run:0.011897041903943978
fat:0.024216227768215973
1993:0.013465136902267276
1:0.008704550630776483
hewlett-packard:0.026828612945558727
first:0.008344688130626849
sold:0.018251236022408183
too:0.008677857190508873
under:0.010788104120469507
almost:0.013431079690064747
bike:0.016766056331193525
dog:0.044227252907248445
article:0.0036014794680737823
initial:0.02047403750973815
comes:0.013440783721091164
apply:0.017775804379954106
john:0.02383536355183863
summary:0.019119274921611584
s:0.005514989163164607
