above:0.012432219315655456
some:0.010662437215829717
trash:0.1557319813468866
out:0.005379804105390227
cultural:0.023917489573209775
say:0.008664588923596088
there:0.012572314870919827
percentage:0.02057334393981605
curtis:0.05162964073511057
ever:0.01207042035082128
boys:0.024768309564951754
hell:0.031172428534081236
work:0.009246906228266226
added:0.019103279391604618
my:0.004338877905617814
to:0.0037758881098378925
dod:0.015970155441517975
then:0.007287124884821018
important:0.01434871823275444
basic:0.017441337029954335
might:0.009712717515426694
been:0.006699727795531686
make:0.016073794368490445
that:0.0031680787710911124
like:0.010635973182727609
me:0.004947893517828971
clarify:0.025481372262464462
anything:0.02119854931798542
re:0.0017074908802656187
so:0.004665801814543014
mean:0.01207042035082128
two:0.00851502024042608
standards:0.01934839422933806
education:0.019751815096147603
more:0.00580556632794852
sure:0.00996367132492787
a:0.0012753462336496757
as:0.014613957264237778
let:0.010525743117592806
are:0.014678342045690079
no:0.005140391489417853
those:0.008474500704509407
taking:0.015556849471011895
individuals:0.019484709129564914
not:0.011012054951159176
have:0.004668955371211442
only:0.0060892065674396645
650:0.02304707697225704
safety:0.01887065472669481
between:0.02121338672188498
92:0.020016049718615862
referred:0.0222842729326992
minds:0.04489357732752354
somewhat:0.01964309067288861
sets:0.021714630444240404
public:0.013533080356441065
usually:0.03011644513412432
be:0.010565502413469796
justification:0.023566069294049374
were:0.0070835767007867536
if:0.0030600475788283526
of:0.00887856555094697
freedom:0.018210175709217378
but:0.00607564586530055
never:0.010063649455990229
understanding:0.0366589478074048
seems:0.010760215020004921
they:0.01277972088366772
who:0.01771305307169655
adobe.com:0.02429822751357074
jackson:0.02387205427251038
george:0.018184083009384323
in:0.0016226456794017393
thomas:0.016821940703329222
or:0.015395238760344413
use:0.015185201166642447
better:0.010211031375805493
and:0.0017433671894556612
for:0.0014856112461738538
subject:0.000121903912748942
outside:0.032920326734991096
i:0.002615050784183492
skills:0.0249938472605206
group:0.03694679362748829
person:0.012809107027734478
away:0.012643760668144613
held:0.01856368985980994
stupid:0.035266540559511894
any:0.009345089189852121
than:0.006532425946207585
the:0.0024092561963120415
see:0.008079387038407196
level:0.032151006051084466
can:0.0039477899198069105
because:0.008058092689016045
did:0.007506443120744133
instead:0.028015838461960194
may:0.025493500375888094
substantial:0.024659585141692766
just:0.010725009712017222
note:0.01352369451542693
people:0.006873393333667203
mix:0.023566069294049374
lazy:0.027666259217364254
lab:0.01967904526846353
is:0.0036804469437077244
living:0.016821940703329222
white:0.0931224423512491
somebody:0.017332092344633582
91:0.021336147979373884
their:0.05529437876097585
ignorant:0.06847826460359509
met:0.02154856814209029
under:0.011083668616920726
primarily:0.021686530601435026
by:0.009045072829380512
fit:0.01856368985980994
high:0.012773168153614253
father:0.01977019021167146
black:0.03223335485154281
hawk:0.026565062610894443
s:0.002833042378337983
confusion:0.04730284299916864
