some:0.009193203741207513
at:0.013873464763061906
there:0.01445321237129366
permits:0.045809044974691994
all:0.007512345123199143
small:0.023533432285559142
curtis:0.08903064032274971
with:0.0046049399747208454
way:0.013640730862571207
hell:0.02687701515340075
from:0.006665923263229729
to:0.0021703923780957966
dod:0.02753908694246013
sound:0.0271746715679404
rpm:0.04639257231448508
next:0.02108960648621398
die:0.029667357255372825
make:0.013858901443698455
110:0.0910654707397577
re:0.00294441340770213
this:0.004133719987176527
getting:0.02135591789153296
these:0.013044377740936556
numbers:0.02777749922046219
rev:0.041730752915362435
state:0.020926877062524538
more:0.010011173431659259
a:0.0010996095479105473
standard:0.02396885464930895
russell:0.041165195950234434
120:0.0798805634339428
are:0.005062294343316736
no:0.017728279309960786
taking:0.026826378221666183
individuals:0.03359961653050958
pain:0.034858267719028446
it:0.0026996490530706452
pipes:0.04702282985522158
3000:0.04132268151485388
have:0.004025595379115377
hughes:0.04028120144731254
650:0.03974259729861647
fail:0.07188953926441756
safety:0.03254073531611152
92:0.03451586526281003
allowed:0.030171915182022606
register:0.040784734711881626
poor:0.031113828273191035
public:0.02333657163827239
free:0.022736281843501856
dartmouth.edu:0.04702282985522158
writes:0.005206790480453247
certainly:0.024218561238233394
justification:0.04063755256217963
if:0.010553549917534004
of:0.004593084698403275
freedom:0.031401799057626814
quietly:0.045950922970776076
but:0.005238450568900868
humans:0.03551481582091073
they:0.007345823815021604
adobe.com:0.0419000931139527
up:0.010578428113010902
jackson:0.041165195950234434
george:0.031356804559489505
in:0.004197158312468279
thomas:0.029007913496292125
gon:0.0376417745629454
or:0.0053095390370321675
and:0.003006278854258188
for:0.005123604140347622
subject:0.00021021225899227005
p:0.026504945193947638
i:0.004509418281387282
away:0.04360604072950662
any:0.008057380049518167
the:0.003561037842467967
start:0.022185528251043404
around:0.01863932624530422
db:0.13785276891232823
her:0.026034714999446675
na:0.0343173501498455
jet:0.04007488355444621
about:0.007756032915920248
mix:0.04063755256217963
lab:0.03393473160467333
is:0.010577662476010389
number:0.01970287282202959
max:0.037493669586902124
right:0.015274595226695272
engine:0.032134244249928
time:0.012437086377194595
91:0.03679225517703056
article:0.006380573860760638
close:0.02736152138716961
live:0.024383372235808335
black:0.027791750836566438
hawk:0.045809044974691994
