some:0.005455779790342776
there:0.008577373696982686
behind:0.01648477757476027
know:0.011531543230451418
damn:0.020102041389544887
wave:0.023005231199499567
curtis:0.052835940752286044
where:0.008632975692681129
with:0.008198514627890851
way:0.008095200091338987
4:0.011608736000834948
vehicle:0.020563937813080555
wheel:0.02270791486361073
name:0.01290762853191706
my:0.01776101423047292
to:0.002576073196431459
dod:0.016343289914450637
within:0.030247198283390814
front:0.03286870027444797
enough:0.022730360064835475
been:0.006856263491688968
that:0.008105248257814878
think:0.006727794521161473
like:0.00544223861452651
trivial:0.026561763173651217
me:0.015190495519689878
need:0.008977579399519795
anything:0.021693842526349566
had:0.007170133110664182
this:0.002453188964352425
sight:0.02476544682360294
he:0.014861058014207805
bastard:0.027443030322284626
two:0.008713969311464072
on:0.004738400235881214
pulled:0.046792696220276216
brain:0.020604571957788753
3:0.021882859295678687
m:0.006396330430448935
a:0.001305144042847098
was:0.016550675403764217
owner:0.020943029143979473
as:0.007477702431934751
course:0.011430615887383266
no:0.015781482282932382
taking:0.015920327262390677
individuals:0.019939959342872505
d:0.017026581517542386
it:0.0032042563527100183
not:0.005634672977345466
slide:0.026635353626773366
made:0.010867194167841127
being:0.009092541728622188
650:0.023585560079085473
suddenly:0.022772369639930057
safety:0.01931155787451478
92:0.020483714431667636
brakes:0.026011375156565316
public:0.013849273822713053
his:0.01723765459350707
edge:0.022024306951392333
be:0.0027030899866236973
get:0.006141934463977206
justification:0.024116678389704733
of:0.009086008671296199
even:0.007846539475542175
freedom:0.01863564710429255
plate:0.02416014751429498
but:0.0031088001039738795
forgot:0.022428389185055075
passenger:0.025820618172825802
tracing:0.02820765379790053
they:0.008718874995399473
adobe.com:0.024865943109682206
up:0.006277852197908339
jackson:0.02442981254990548
miles:0.01875773263977021
good:0.0075701394923341075
george:0.018608944761940034
over:0.01874710983662951
in:0.000830278980815376
door:0.01976622568286431
thomas:0.01721497670107056
5:0.012144265826718143
or:0.0126039524804315
use:0.007769997793211907
truck:0.0240309347510683
and:0.006244350236998899
for:0.006081287157235027
subject:0.0001247521350094313
i:0.00802845030471287
cells:0.025519036298351172
license:0.04372256475324784
away:0.012939175637026496
we:0.006297868718289579
top:0.015802019748445396
back:0.009842788411530549
signal:0.02105402954588652
driving:0.019565927998603645
later:0.014931831911017305
the:0.0031699892943464845
horn:0.028004452340238198
when:0.00611062823758755
would:0.004358175916375589
can:0.004040028002045389
maybe:0.012373425618422074
instead:0.014335207063479632
an:0.004195785694213723
just:0.005487797025541523
address:0.014919725952960797
about:0.00920575869459693
mix:0.024116678389704733
lab:0.020138836045764077
tap:0.026011375156565316
is:0.0025109591298192887
morning:0.02004738699812811
houses:0.023864027823021203
write:0.015206420210222024
right:0.009064829877524763
91:0.021834656109733088
him:0.02239733928376923
plates:0.027622779298115453
existed:0.023663443501913566
little:0.010959526644385346
thus:0.015567079779795817
past:0.015436983396744689
going:0.010176708803970478
live:0.01447050595302644
aware:0.019144379495237753
usual:0.02004738699812811
letter:0.019070322522153533
black:0.01649323530955111
while:0.0101417874106473
especially:0.014604185549052996
hawk:0.027185741643859267
