at:0.006337877787441951
out:0.00847609423798892
fast:0.02504890593487797
till:0.07192681030305673
means:0.04078554274012594
your:0.018128521182464212
much:0.012569761651510298
from:0.006090447873598386
to:0.005949061122694234
stop:0.047826663519145864
everyone:0.02199649465836765
otherwise:0.02556391965188515
day:0.018297144142178937
reactions:0.04014691025524977
thoroughly:0.04266962156181933
next:0.01926892103416673
make:0.012662449520501466
that:0.0024957167297444374
cold:0.03178525456863043
hour:0.03349434961640488
re:0.00807065833334181
had:0.011038909968936224
this:0.011330556223843576
mean:0.019017424869279573
getting:0.019512241526796304
something:0.014321304440025344
on:0.0036475455053186327
you:0.023991323283829722
brain:0.031722146755156784
spec:0.03775525577256434
took:0.024283465297961722
working:0.0227952446813425
more:0.009146899466336157
passing:0.035160239891509154
a:0.00401871690891049
same:0.013971894608119515
as:0.01726865093993565
doesnt:0.04544417178348829
are:0.004625261738138313
begin:0.030023161723313048
insure:0.042963304975634116
yeah:0.028447643483368003
gas:0.028547983249417284
it:0.014799514952804545
not:0.008674964152172157
should:0.011818792390168918
only:0.0095937858868294
stage:0.035906979414398674
danger:0.03526228762526423
usually:0.023724825483356932
yourself:0.05044999527157687
judgement:0.03613538731594242
if:0.009642452082926753
of:0.0013988531335664652
andy:0.032243224725263364
ok:0.0234809294281362
again:0.017567403871280706
up:0.009665182520520753
one:0.007074179192630378
and:0.00824023196742712
for:0.004681278603051424
subject:0.0001920644380720741
half:0.027206068227287883
station:0.029755324732173793
i:0.00824023196742712
pay:0.023977281021567504
body:0.02553727427103994
will:0.008153275862613557
than:0.010292095555535691
warm:0.03805196770446398
the:0.00271134176255055
when:0.009407729804631193
riding:0.03248362758080181
would:0.006709709684204145
once:0.019302382697301484
road:0.02597591644583101
falling:0.039378795324129585
people:0.010829303165993651
about:0.007086447340445119
stops:0.039023451760607446
hit:0.02575325280524755
is:0.0038657931926714233
else:0.01817663471466228
keep:0.019060536576445478
goes:0.023187246014321417
tree:0.037196198331360626
every:0.0174974714168158
leave:0.0254185764337735
wish:0.026878255502005604
dangerous:0.030249969303505663
s:0.008927140731741272
