studies:0.07274280855747749
knows:0.060240713985193706
thanks:0.03436873525717522
with:0.01008323063430254
yamaha:0.18918591640798074
my:0.01638300450569485
us:0.03551511010663786
considering:0.06905810267853608
atmospheric:0.09940625790716058
anything:0.040021399143438
comments:0.06351732782808793
this:0.009051421351231362
1982:0.17461989342791392
on:0.017483062939285858
1983:0.08702258374007399
used:0.03404247428167009
m:0.023600253657173657
a:0.007223297202653767
how:0.04535734473203877
wondering:0.062050577618229255
was:0.015266571277610096
canadian:0.08366668647831546
university:0.04052310519997679
ford:0.08242250637058735
anybody:0.052406812843322326
be:0.009973469950646057
if:0.011554317582127747
of:0.006704847778128919
institute:0.06711134224022941
km:0.09621414699102962
in:0.0030634431361119046
thoughts:0.07403490202803126
and:0.0032913570214723265
for:0.005609463153656448
subject:0.000460292360207212
space:0.05271573719850178
i:0.006582714042944653
any:0.01764288390153116
will:0.019539747325918694
the:0.0012995741551535397
canada:0.06414840677597666
peter:0.06348091518665443
1000:0.08056235185315312
about:0.016983037591756407
turbo:0.25696050410275245
first:0.03237163498950071
bike:0.06504073576756109
buying:0.06915892974547441
