above:0.013820588985424086
say:0.009632207991205803
there:0.009317553153067487
activity:0.06796755912153157
all:0.009685967823820214
paragraph:0.025179180101191172
cnn:0.02638938834202873
your:0.006395595036453109
though:0.012616975642693805
operate:0.026795696502808105
into:0.01818075028408514
to:0.004897154375957267
dod:0.017753624577118966
mc:0.028775193566626372
most:0.009424342456685471
next:0.013595837684005964
that:0.01232656029462608
produce:0.021398372024519777
nt:0.003624764221941312
could:0.00766045256510689
anything:0.011782950001621337
re:0.0018981751410059417
jon:0.021062783064560067
you:0.005642629334098699
used:0.010022657402725205
helmet:0.026848850309241074
a:0.002126656029207708
member:0.02025836509008405
other:0.007001563390009699
as:0.012184479597213478
ridiculous:0.02533538141422038
therefore:0.03485203574167376
also:0.007530442292789677
california:0.02020035140570018
ride:0.02143502302946133
those:0.009420891646129746
play:0.01625339204457077
hey:0.019564157287467864
works:0.015102162403810862
terry:0.10989408332340544
it:0.00870191446040538
not:0.0030604568963246946
ban:0.026848850309241074
absurd:0.02634081244854573
statement:0.01763045390707008
buy:0.01526315292002013
argue:0.02162235580578342
safety:0.02097803748805159
against:0.026226200935612655
left:0.014844696362947012
motorcycles:0.08394467607464014
public:0.03008877764528521
degree:0.04498938427072074
without:0.01140715982133246
be:0.011745406236293833
which:0.006557829099073694
virtually:0.025295878163245487
writes:0.0033566618833378798
things:0.0226875728745203
of:0.007896064388456392
host:0.02429875430036916
even:0.008523652019116881
present:0.01839847859304215
must:0.01176375851512435
they:0.014206897835143305
in:0.0036077096831368624
or:0.0034229008005232753
and:0.0029070869123664204
for:0.0033030341412393295
subject:0.00013551754767521977
valid:0.02179707775444575
any:0.031166109633161646
normal:0.01914904910923118
the:0.002678310187778361
do:0.01823141926158621
riding:0.022919919968179957
would:0.014202786488899128
can:0.008777319720179831
law:0.01526315292002013
an:0.013673575714138124
human:0.016273311529119674
just:0.011922726532648587
people:0.007640980406462525
about:0.005000082133613561
general:0.01496665158927691
is:0.00954674308748552
argument:0.10716979005501691
right:0.009847074080153805
applies:0.02417104587582015
heavy:0.02275029561833303
fly:0.025140869412686697
their:0.007683673190770121
matter:0.015334533055332701
dreams:0.027595843427699388
bike:0.01914904910923118
activities:0.02145344824799219
article:0.004113364874703558
little:0.01190527259846936
skate:0.03136821703751973
homer:0.031500072298449984
says:0.013000135758515573
unlikely:0.024202673031914746
apply:0.020302314647155702
buying:0.020361512310850333
dangerous:0.02134388697049384
favor:0.0966841835032806
s:0.006298845490924044
