at:0.0121512415510956
block:0.030260546808022974
there:0.006329510245359637
tank:0.03199374976168439
all:0.01315955628477643
racing:0.04133070897111017
ec:0.04261750866476818
saw:0.02343021091817555
curtis:0.03898928041720419
with:0.004033292253721016
way:0.011947398755493402
damage:0.030686019697714974
such:0.013262187610122749
times:0.019382594079262253
nicholas:0.040246670464059046
spot.colorado.edu:0.037244476869177354
brothers:0.035342079525696124
my:0.01310640360455588
single:0.022423632210430172
to:0.0009504821793729867
changes:0.028123512411973715
hall:0.031589035955973434
that:0.002392445692651564
think:0.019858593483152484
nt:0.0049246796670513
me:0.007473025382100308
re:0.002578900019159797
joel:0.0376625777092907
so:0.0070469696371373795
this:0.010861705621477634
off:0.015058327227285175
two:0.012860616776919388
on:0.003496612587857172
a:0.006741744055810183
quick:0.02799500151856066
was:0.024426514044176156
crash:0.03522001347673474
route:0.03528077644005995
modified:0.034053969821259335
cover:0.027063493436192316
it:0.01891616164082604
not:0.004158000059144585
made:0.01603847966840001
ve:0.025174257917619784
writes:0.00912086056575948
kinda:0.03522001347673474
of:0.0013409695556257837
ucsu.colorado.edu:0.07549865586281396
seen:0.03575813642237728
available:0.018628026398718828
but:0.00917632030690221
tire:0.039646592002061595
huge:0.029640847986492903
they:0.006433928444880991
adobe.com:0.07339740448926886
jackson:0.036055033694343264
over:0.04150222246591775
in:0.0024507545088895237
and:0.002633085617177861
for:0.011218926307312896
subject:0.0001841169440828848
i:0.014481970894478237
cu:0.04178559150760532
assumed:0.03370533341323981
the:0.0010396593241228317
see:0.012202660423525353
when:0.009018444433405074
would:0.006432066524857766
home:0.020202503805940335
did:0.022674635081971935
imagine:0.027156817617010085
an:0.006192400955598185
thought:0.037028778002644314
just:0.008099231472178524
is:0.00370582933642295
1/2:0.03271195844618507
white:0.023441166522900635
lot:0.017093471643209592
gone:0.027100671702639745
first:0.025897307991600567
bike:0.10406517722809773
article:0.01117700524574622
numerous:0.03323599918396384
honda:0.03323599918396384
by:0.013661178962995395
hawk:0.04012240490886816
parking:0.037837183281596146
identify:0.0343675034355818
s:0.004278870902455299
