out:0.008297021824510281
hours:0.027578692792610014
all:0.02015636261928784
take:0.014970064298138757
though:0.017503832405709012
hell:0.024037893834379546
from:0.005961776439649124
my:0.020074949183034534
to:0.0019411255775927195
stop:0.023408120525215757
retired:0.04149194847844793
100:0.023792338724162476
that:0.0024429903199611044
cold:0.09334120531773867
hour:0.03278672251183295
protection:0.029788537296711007
like:0.008201683545835727
its:0.058248579043216064
cant:0.039602765474260046
re:0.0026333838223814828
so:0.0071958492773585925
had:0.010805693561141798
this:0.003697059425150838
off:0.01537646090110106
getting:0.019100011072004833
certain:0.023213485857468373
on:0.014281938739134928
you:0.015656309560809066
october:0.038114673265336046
relative:0.034669855469668366
a:0.004917268048754912
season:0.02688193259644872
40:0.053866298422884484
minutes:0.028064558084771648
ride:0.029737320681717486
are:0.004527544940853701
no:0.007927786874524717
month:0.02798453161540323
pain:0.03117605634025784
it:0.004828949714647492
not:0.004245845130816654
couple:0.02222529432855295
try:0.01715767374889713
after:0.02717202376992889
kid:0.035661809221193684
comparison:0.03286584978836059
of:0.0027385997967005445
trying:0.018988226923016875
andy:0.03156202983670146
kept:0.028125180440663197
but:0.004685093114439509
years:0.01570264382380559
gear:0.0715623446158208
again:0.01719626153597196
seems:0.016594979502683647
well:0.011851182465868625
who:0.009106006156576396
one:0.006924724702645229
in:0.005005062025196915
and:0.0026887141865548584
few:0.016095968316241455
still:0.02875646594689503
for:0.004582378350874282
subject:0.0001880067386761852
half:0.026631292137978983
i:0.005377428373109717
house:0.024210365806268952
any:0.00720624835414653
warm:0.07449610578761257
the:0.004246495830924242
do:0.005058576893707723
thing:0.015943186162851807
when:0.018417949899207548
riding:0.031797353758672195
wind:0.035661809221193684
got:0.03115709607930386
home:0.020629317266629216
put:0.01751731901089281
may:0.013105813573519936
last:0.015353257408869704
makes:0.019668858325718127
about:0.013873467328477064
mix:0.03634485334786488
hold:0.024435074739042394
is:0.0037841215055023085
living:0.02594369728189507
temperature:0.036476488087387085
first:0.013222217108387615
too:0.013750125830031667
under:0.017093826951448163
bike:0.026565934327595374
afford:0.033275398521861115
going:0.015336730169363962
somewhere:0.02732057083734216
happy:0.026747148510457897
while:0.015284102154074101
