there:0.00874075224359188
all:0.01817272058373888
till:0.04760869824821374
stand:0.037502271947299645
your:0.02399870899392881
way:0.01649878875758613
damage:0.04237593196351116
though:0.02367184953914933
from:0.008062592899335006
my:0.009049659631717156
to:0.005250282514631737
stop:0.03165669632933941
day:0.024221933673932116
speak:0.03414697918703233
cold:0.12623286814398943
like:0.011091800604844508
really:0.018584721363723106
hot:0.039843982731061066
its:0.039387134400650864
re:0.0035613381216968625
had:0.01461341414935367
this:0.004999832746394467
off:0.02079483283767953
youre:0.08054100991810613
best:0.02319215314248985
something:0.018958679211081172
certain:0.03139347611200485
on:0.009657310956938857
you:0.015879971125963482
a:0.003990011788132557
skin:0.04897733368312968
40:0.03642387798118856
fine:0.0308491102659101
also:0.014128544111233968
hands:0.11443914158157407
minutes:0.07590794758166808
far:0.0237083625916324
it:0.006530579614094705
should:0.01564582992603314
after:0.018373463692047155
careful:0.043822413213918006
feel:0.029012158897582647
be:0.005509154829880679
fastest:0.053558025688999304
if:0.006382384950127708
of:0.0018518151006260825
andy:0.04268388796963436
but:0.006336030688099146
up:0.025589721340045425
one:0.009364865788339262
and:0.005454248778439855
still:0.03888969680437233
for:0.006197121198325219
subject:0.00025425673230493616
i:0.003636165852293237
will:0.010793384237174138
the:0.004307160057080302
do:0.02052336911161419
thing:0.02156126128690435
when:0.012454042312797486
can:0.008233961832740128
about:0.01876221295851184
five:0.03781888202900588
hold:0.03304552964708591
is:0.005117573845536455
experience:0.031544978807572836
too:0.03719081653075232
leave:0.03364935356470968
very:0.016602309445556643
by:0.009432718807782535
while:0.041339857254829
