79:0.036291770989363675
small:0.01953428692984321
chris:0.02507677936548562
with:0.0038224011554872377
into:0.011704600673087493
several:0.01842125079782612
my:0.006210550727649028
to:0.0018015675295304978
gm:0.03217725148165299
slightly:0.028298507557882685
most:0.02426922175120311
that:0.006802051479107388
r:0.020262874292347254
appears:0.025492163577740732
really:0.025508441087463085
nt:0.0046671800766172455
account:0.02663254514200824
re:0.004888111147427066
larger:0.02781602447137767
anyone:0.010934083330989485
had:0.02005762726381876
89:0.030922304667741762
this:0.0034312577671334575
tools:0.08724456580722885
on:0.016568915857493136
set:0.0173164351903655
you:0.007265346266780678
took:0.022061448865468493
inside:0.02453631063447181
sure:0.014261725621955578
a:0.003650991178683386
same:0.012693420591690277
ccwf.cc.utexas.edu:0.07450935524352288
drive:0.018456233652326723
attempted:0.03379262462783743
exact:0.027914682159106332
are:0.008404070347728438
annoying:0.03404164323066273
deep:0.08921167799601061
it:0.004481770323398327
not:0.0039405882913461756
60:0.026612152152882467
has:0.013918620573680405
exchange:0.03167247142978378
noticed:0.026511130857217815
writes:0.004321976411879492
of:0.003812560501288993
trying:0.017623060281492783
piece:0.028168045188192894
looking:0.016953498989585907
but:0.0043482563545778445
never:0.014404831574260526
rs:0.04055891661957286
seems:0.015401876401183517
well:0.03299741000300676
one:0.006426868678272042
in:0.003483915723421382
or:0.00440726442943193
and:0.0012477039689241499
for:0.0042529263125761305
subject:0.00034897982865383394
sockets:0.03850886721529154
i:0.0012477039689241499
we:0.008808783697476927
socket:0.10808562867126867
body:0.02320053022009511
any:0.0066881520672471065
behanna:0.07727156561825761
the:0.005911788313639631
nut:0.07890768513399626
nuts:0.036660090836103096
did:0.010744516623810232
extra:0.025390037316936283
an:0.005868615284717234
problem:0.02765444826203378
just:0.007675742244875072
jonathan:0.06249026626789629
pickup:0.03916962614909134
is:0.008780151205577251
threads:0.037050412631538535
bolt:0.03990477636756643
1/2:0.1550076462319227
else:0.01651341323750364
engine:0.026673523004842197
91:0.030539976519495953
sale:0.02075079839283418
too:0.025523109383849628
every:0.015896395600898016
article:0.005296293335402621
67:0.03647333676784129
needed:0.02180276268062759
fit:0.0531431121476912
mine:0.021341431665359387
s:0.008110278181124423
