go:0.015946165998312518
behind:0.02891592131966146
entirely:0.034066598739190275
help:0.017541743606899977
all:0.007820228120051568
cut:0.030008323736101652
with:0.004793667022865143
such:0.01576243609399835
wrote:0.021111270284367715
to:0.005648357213487011
experiences:0.03873038188610064
then:0.013080986473572158
most:0.015217995606287197
next:0.021953934620894882
make:0.014426889207784456
that:0.005686961072696341
motorcycle:0.03807051943651809
like:0.009546221832038305
nt:0.005853102882970807
12:0.029126105177147837
anything:0.019026566805896754
re:0.0030650860883456605
pack:0.042227479674523685
off:0.01789719219636353
big:0.022752299621865226
on:0.012467430128834998
you:0.013667188264148897
rev:0.043441029674188766
bill:0.025373064554850142
sure:0.017885606722616423
a:0.002289351025977697
how:0.010781663911714135
was:0.007257878148372013
rear:0.038829138759184034
given:0.022850717698207224
question:0.017893328552025446
ranck:0.219921514314488
21:0.033247565747166606
whole:0.024523897336289263
l:0.027089840809453796
are:0.005269765422960865
no:0.009227424067069754
manual:0.03220981472854724
hoping:0.03923651309157971
place:0.02229039030587234
it:0.008430871223114065
not:0.004941885316196434
should:0.013465673296995734
have:0.008381157592584473
frame:0.039610369741186695
able:0.04323713485427327
shall:0.03245719683633405
sudden:0.04466107580203766
be:0.009482971428483138
pg:0.051308044787417406
making:0.025201698285839375
if:0.005493036227568929
wm:0.044362980358014094
they:0.00764688216809626
operator:0.04497042275271673
one:0.008059925473570676
leaving:0.037935775777967605
or:0.011054286191853857
and:0.006258974008045736
subject:0.0002188275155083467
i:0.004694230506034301
possible:0.021122718221021165
any:0.01677520108670176
the:0.00803179436873581
thing:0.018556823238729155
would:0.007644669230363738
put:0.020389010652022782
may:0.015254307601965828
cars:0.03132850043583202
just:0.00962613576611382
is:0.004404469293289573
carry:0.031905392212568086
does:0.009987613232274798
break:0.03216562744465481
approx:0.04739883108175914
bike:0.030921005528840518
metal:0.04110480873130108
high:0.022928883816733782
dangerous:0.03446512896055153
