above:0.03679264905579115
at:0.011904932600735555
dan:0.05370004715388187
know:0.016673988184571647
small:0.04038845811170286
sorenson:0.08218784171388474
with:0.007903072659318208
option:0.056629881381788955
insurance:0.12001143299050687
feet:0.059352188499396386
iastate.edu:0.06494794324469465
hence:0.062180451181910686
to:0.005587293892260125
job:0.04691200750390779
that:0.009375800687418293
rod:0.15320846304392963
anyone:0.022606956076235016
ti:0.05119812238177923
getting:0.0366513725976309
game:0.08032457048406724
great:0.03407095525314428
m:0.018497496109676652
a:0.0018871677376302637
was:0.011965691001370076
no:0.03042556043736513
play:0.08653833061568762
recognized:0.06755288264949247
should:0.022200164084236213
viking:0.07599449591006657
ve:0.02466396890577614
secure:0.057766971604864
be:0.007817044015371234
writes:0.008935978256994086
get:0.01776181047690706
if:0.018112173507119172
liability:0.1567580847212563
what:0.012438406797251774
fire:0.04860802212215501
in:0.0048021541052565
required:0.05057812770947256
better:0.03021913339596491
and:0.005159424520145809
still:0.02759066327337226
subject:0.000360769687729977
i:0.007739136780218714
everybody:0.05510688242886742
back:0.02846428000091267
silly:0.06314346496598489
an:0.012133758629212659
is:0.007261422348396322
involved:0.04866050185224146
time:0.021344729323023157
their:0.020455184034888028
too:0.05277075318552694
article:0.010950444328602716
by:0.013384263173204947
s:0.01676854813124374
