lpl.arizona.edu:0.06913064795884628
read:0.027646378803633194
750:0.06629733116166805
know:0.01504725762997929
way:0.02112649779934809
much:0.04261455779414467
modern:0.05007961103709562
to:0.0016807306830375986
that:0.008461088425231142
think:0.01755790277473848
like:0.014202915408642356
nt:0.008708275021005348
re:0.009120500067760258
had:0.0374245972117594
on:0.006183034454137682
fix:0.053049255599762
identical:0.05960089445024113
vs:0.04166599933004076
more:0.015505110070984462
a:0.0034061076240155977
sorry:0.03874898396022713
vision:0.05814544618642934
was:0.021596613026863064
said:0.02672566864223698
cheap:0.045319892907400586
are:0.01568076540490794
it:0.004181163777316732
made:0.028360726242902458
frame:0.058932501322253375
erik:0.06771513367527612
550:0.22166746714400382
er:0.06706457293496768
writes:0.008064175500214175
but:0.008113210027444027
huge:0.052413694610261845
they:0.01137706859155785
bob:0.044926890414989026
in:0.00216682563285964
suspension:0.06805390884731363
installed:0.04884597506530601
and:0.006984099045563228
subject:0.0003255726450246134
i:0.009312132060750973
review:0.05270292054461934
pretty:0.03509780557219057
the:0.008272898890123752
do:0.008759974620810936
fancy:0.06516208209988741
mad:0.06412357224207879
about:0.012012392442949653
is:0.003276495449886145
engine:0.04976889048464459
dave:0.04275944721188527
improvement:0.06217278383119248
nice:0.03853340800920437
article:0.009882108296543915
very:0.02125905477784692
difference:0.03911163227846813
by:0.012078481400209343
springs:0.07388915571466795
