cable:0.01877238027560543
there:0.003990343415552815
liquid:0.025875130888740897
hand:0.013727128067185537
with:0.01017091090068778
much:0.007596508128521441
custom:0.046367312139166804
exhaust:0.025067665037457883
4:0.010801171757298604
such:0.008360944362903472
1992:0.03431257856421124
work:0.008804662886914364
sell:0.015130749126002468
my:0.004131366353610006
415:0.04572289499000401
to:0.002996085130632241
wrap:0.027096445608160036
changes:0.017730040433635602
pound:0.024922724079772703
1988:0.039740007338759015
most:0.008072154191161035
cases:0.015999067819506052
legal:0.016431805190580108
been:0.012758612062795124
510:0.025217604933419492
problems:0.011926405373442492
cold:0.019209349500172307
gee:0.022017290910476103
through:0.010302014321847073
hot:0.018189644290267006
clutch:0.022479441600257073
quiet:0.02190904068603381
steering:0.09780161212773784
so:0.004442654771238783
had:0.00667134124209624
this:0.006847597022235899
reduced:0.021734405722010616
contact:0.015130749126002468
carefully:0.02021801544187314
fork:0.027464086425673356
two:0.00810778014197092
starting:0.01705009557772703
you:0.0024165173452553126
pump:0.02561676819104176
am:0.0071058102465276765
why:0.007737924261539159
a:0.007286108482676843
want:0.00822868681613992
price:0.013609322616712882
kick:0.024082762214421145
quick:0.017649022696483895
250:0.019870003669379507
starts:0.019445488584319
ride:0.018359563203495143
no:0.0048945466790543905
model:0.03181696966594391
tad:0.02561676819104176
it:0.008944054688868833
made:0.010111215443121746
te:0.02815567205449808
buy:0.026146444567338833
hopefully:0.02009888946714221
selling:0.018129465805867568
has:0.013888362702868055
degree:0.019267192828982576
25:0.015989924122998316
500:0.018129465805867568
which:0.005616923184858773
perfectly:0.01942531302102986
minimum:0.021310686869181427
if:0.0029136974772322145
of:0.0016907877005716404
gives:0.015810975981722198
plate:0.044958883200514145
but:0.005785071497829654
year:0.01075982920091153
never:0.00958234448200809
gear:0.022090984642275116
phil:0.019267192828982576
maintained:0.023183656069583402
easy:0.028814622297902676
up:0.0058411320450103684
pro:0.019568548480679227
good:0.014087042185734776
shock:0.02570119465129003
suspension:0.09705079174747336
system:0.00971835795322837
or:0.005863577893070307
douglas:0.01961035482285071
better:0.029168033103931342
and:0.006639955034622432
still:0.008876996009693683
for:0.005658241094123026
subject:0.00011607372561747085
i:0.002489983137983412
pounds:0.02390997817681456
any:0.008898150141641803
water:0.017826509629180656
than:0.03110002787433611
the:0.002949468299957164
when:0.0056855410558423304
start:0.012250269947315272
around:0.010292149709363633
can:0.0037589825758161453
home:0.012736361095049342
increase:0.018281503187770814
cc:0.024580198523889596
just:0.005106037232460374
makes:0.012143382096747713
competitive:0.025964779963535398
dirt:0.024201888189152077
head:0.015012433632416014
is:0.005840709280231824
hills:0.02654535123581593
angle:0.023231698835612036
multiple:0.018669670946199188
engine:0.07097476556071054
time:0.006867434651755277
lot:0.010776319079414742
2:0.016942691757351382
sale:0.027607583948727213
light:0.015183542112201276
1:0.008515321269237864
protect:0.017953772160920277
first:0.00816328186691757
easily:0.016082238123458204
stock:0.021599578605738613
geometry:0.024580198523889596
non:0.021566515130150704
bike:0.06560630738293119
blast:0.025067665037457883
e-mail:0.011955199028922898
very:0.015158630363334324
rider:0.046178268777111106
carbon:0.02654535123581593
honda:0.02095312992032503
by:0.012918723584571731
motion:0.022242228625255184
four:0.030504749139330208
s:0.00269754904720008
