okay:0.02278183140477511
ask:0.015420966054795595
week:0.018242533356643297
at:0.009322381084173872
out:0.006233741264975978
correct:0.017313319789319832
fast:0.03684442248622262
help:0.011323241904983052
establish:0.026928625457220468
times:0.014870244134883737
from:0.008958436554816672
work:0.010714669121641818
wrote:0.013627380818480746
via:0.018085880310135687
to:0.00437523542885978
technique:0.026618603424066745
he/she:0.031708744977835844
next:0.028342645753959526
been:0.015526353303930573
helps:0.022380805799645305
like:0.01848633434140751
nt:0.003778193395356817
12:0.05640293383511168
anything:0.024563398416078346
re:0.001978521178720479
this:0.00833305457732411
off:0.01155268490982196
getting:0.014350272868913683
he:0.00841340321439278
employed:0.029832845413386593
you:0.017644412362181644
pulled:0.026491103151161665
officer:0.026575761041883576
3:0.012388708701786346
sure:0.011545206455868802
a:0.0022166732156291983
looked:0.03941802332782735
was:0.009369959091019953
letting:0.02585858912655964
coming:0.03678973497131846
said:0.023190527287443728
question:0.011550190917180446
volunteer:0.03050562411965774
70:0.045522083146694245
gas:0.020995606728407418
police:0.019447533923982494
it:0.005442149678412253
not:0.00638000009075095
guilt:0.02960108550514113
disagree:0.022478248798514254
admit:0.02169363605667487
have:0.005410059398387861
tissue:0.032303866583268066
stated:0.020540185517977563
hope:0.015282865278518758
doing:0.014183613254842938
apollo.hp.com:0.03159735127837641
speeding:0.0648627337123463
deny:0.02539510733122638
be:0.0030606415721559327
writes:0.0034987428096167317
get:0.006954359657624985
down:0.02501974155505987
were:0.01641590790975978
kinda:0.05404129051985754
if:0.003545769416737615
of:0.0020575723340289804
highway:0.055859811757176685
never:0.0349831623946327
least:0.025477908811708805
ticket:0.026793528621214303
75:0.04938572137510268
must:0.024523390766978806
who:0.00684154959912089
over:0.010613443135023057
in:0.0009401042428279919
or:0.014271141961970059
and:0.0020200921401629093
for:0.0017214225550903385
subject:0.00014125374016940898
station:0.021883545702498182
76:0.02821291479367292
steven:0.04747633997723831
i:0.0020200921401629093
any:0.005414218340152419
information:0.012903816320019919
the:0.003988111163963243
do:0.003800623909558183
when:0.013837824791997204
riding:0.02389007531074842
peter:0.019480915771565906
agree:0.01596060941251026
did:0.008697942028798759
road:0.019103980878150847
may:0.009846695912380058
last:0.0115352515981984
10:0.01529297226400087
just:0.006213696102994105
jerry:0.025821459112492725
is:0.007107741452133966
cop:0.08648652774362847
white:0.017983963734500487
time:0.01671439121591231
9:0.018840389712301727
2:0.010309045249182056
1:0.010362560274733907
hook:0.027209629823960933
him:0.01267997515007041
article:0.004287475557230693
difference:0.01696906797266871
going:0.046091337228564705
by:0.03144239602594178
black:0.018674880191766864
especially:0.01653595612432456
