ducati:0.06891519567780524
statistics:0.05080759774305675
anyway:0.03277971851230682
ec:0.06644665329453105
with:0.006288466417091907
bikes:0.05167900860330542
such:0.020677604338363426
trick:0.05341831268085894
wisdom:0.05225262129906126
to:0.007409672903714144
w:0.033272482312143595
100:0.036328087084205075
that:0.011190471788208929
12:0.038208439049591786
norton:0.056987157207000316
uk:0.04646924177052459
this:0.011289944911213313
restrict:0.059272764110050565
healthy:0.05610889880899744
on:0.005451707798271935
you:0.005976333219448623
market:0.042052206613688414
europe:0.04422581311341353
bill:0.03328509543754535
a:0.010511321377338458
proposal:0.050679588038687745
manufacturers:0.054272148999185935
others:0.02899277659213329
reason:0.028733461548478795
it:0.0073732350481714405
not:0.0064829033180211285
have:0.005497318420942504
accident:0.05225262129906126
has:0.011449187891253237
heard:0.029060724294837362
univ:0.04994197173392696
be:0.006220013517607219
which:0.013891315403414171
sort:0.033736143093129355
end:0.029077778522317306
of:0.006272276953733505
year:0.026610330281824215
talks:0.05147155480830887
who:0.01390379434660052
in:0.001910534428973016
according:0.03698415273748622
bmw:0.04765004678135477
and:0.004105348542911719
few:0.024576639794691255
subject:0.0002870640526023473
example:0.03022966821245059
rare:0.054542105140380305
any:0.011003088884825886
will:0.012186078977454672
the:0.003241948430060443
radio:0.03857365979320072
here:0.019359149522832218
five:0.04269873777468406
is:0.011555811909275867
limit:0.19098593637198943
morning:0.046130546425800174
blue:0.042974856209282895
first:0.02018876160635528
supported:0.046998169127414606
by:0.010649843815238346
hp:0.0465123387747992
dangerous:0.04521231971169126
