another:0.016186170294807144
some:0.008522166971776306
choice:0.027535493974587905
your:0.02758975669010064
with:0.004268812969266769
much:0.012753261821605338
service:0.026588257142177683
from:0.0061793595213881424
item:0.07104184905256143
store:0.06515624889022735
to:0.006035908730324807
mail:0.02236726645865588
like:0.017002030124214206
and/or:0.02949621917623336
me:0.01581881285262109
need:0.014023372200709754
re:0.005458985442017088
lowest:0.04137746812135325
you:0.028398488509934695
friendly:0.07561549355341557
inc:0.026722740845287602
them:0.021399403963974318
more:0.009280430845406758
a:0.0030580382317804272
how:0.009601189760796528
other:0.010067941517021246
price:0.022847767896671263
let:0.01682582293980164
business:0.05279655085012507
staff:0.03512892321991677
reason:0.01950519652560969
purchase:0.03184278451955505
have:0.011195268901043493
being:0.02840589678722844
charge:0.060091279634070585
robert:0.0466483507877037
usually:0.04814234660126442
sacrifice:0.040332936415946874
which:0.009429871040273851
get:0.009593970622562936
fill:0.0352734679447064
if:0.01467482671014765
whatever:0.024123799844915056
of:0.0014192743471951727
offered:0.033782223685489395
future:0.025580338133706932
available:0.019715794363607517
but:0.004856081914236571
shop:0.03547075752418027
never:0.016087147670524528
seems:0.017200635688912978
order:0.020469466139653225
they:0.020428896887030885
now:0.012057769327578424
good:0.011824889425981745
sounds:0.026005142799714144
in:0.005187728522466875
or:0.014765944329264643
and:0.004180263662307919
for:0.0071244276550089195
subject:0.00019486829848188537
i:0.001393421220769306
pay:0.04865462864230486
pretty:0.02100744567094618
will:0.008272301787615214
program:0.02026739731667208
than:0.010442345125689497
the:0.002200738715296505
do:0.010486392976737178
see:0.012915224535848
regularly:0.03626206627240789
would:0.006807661650396905
can:0.006310700674727834
friends:0.02902651347144333
extra:0.028355297149571176
needs:0.024447785128973335
an:0.006554001011399538
just:0.00857217929537143
during:0.021374959925565477
people:0.010987395183015456
save:0.026441680528622582
keep:0.019338792584860737
stock:0.03626206627240789
legitimate:0.03339592878436281
little:0.01711926059779901
understand:0.021869761043325938
by:0.0072294560205632555
elsewhere:0.03457777320160914
sales:0.07064458535146823
