out:0.014194904808198312
concept:0.0512753222183227
essential:0.06111344310910082
ca:0.024777693928823147
someone:0.02654768812847012
to:0.0033209618315441706
psychology:0.06740488145146595
motor:0.06071179949141899
think:0.017346361777452475
nt:0.008603356044848657
its:0.02491354886788157
me:0.013055285306078853
re:0.004505307262387597
so:0.012310971052830364
this:0.0316254480946638
on:0.006108540063123976
you:0.013392746732740286
cage:0.06398193866708166
pilot:0.07031044840106701
a:0.006730140365524796
vital:0.07195059507967641
drive:0.034021731913325165
drinking:0.06492473622009066
ride:0.05087589803378172
are:0.007745920260255729
not:0.014527952013878673
term:0.04695999751704166
judgement:0.060515889601397546
things:0.02692440877277409
if:0.016148202885865284
of:0.004685315314837076
andy:0.053997689600139856
piece:0.05192422787703028
suffer:0.11845413776780309
but:0.008015460509041087
they:0.011239995475996913
in:0.00428143859986724
purely:0.060039614435654955
required:0.04509375241567433
truck:0.06195927755094719
and:0.004599968849286625
for:0.003919865818217759
subject:0.00032165008303636504
i:0.006899953273929937
skills:0.0659476210849881
any:0.012328762244443462
will:0.04096284379168497
the:0.0027244084698399506
do:0.025963298273728792
riding:0.054400291972668095
home:0.03529353074531745
long:0.028678448736248013
people:0.018135820964736354
is:0.006474039202184673
else:0.030440388257085022
bike:0.04545015270504269
understand:0.036098280276333175
needed:0.04019063482091592
biker:0.06564640057648909
