choice:0.031176551029078868
at:0.014561405164536051
knows:0.028875714141663098
faith:0.03095062909384126
with:0.004833284105698738
previous:0.028704127435477737
yamaha:0.09068415827820564
tm:0.037984101903806175
my:0.007853010424217367
dod:0.05780932300318078
us:0.01702377178665286
problems:0.022670026742907218
considering:0.0331022310359925
r:0.025621650964703556
smooth:0.04544871884849049
perfect:0.033471791687081726
anything:0.019183811159664495
re:0.003090417378331988
so:0.008444715680867108
comments:0.030446322429992564
this:0.008677395675560645
1982:0.08370209767619015
on:0.008380311160979998
used:0.016317880234188974
them:0.012114538607704471
m:0.01131251828195101
more:0.010507595254716742
a:0.006924813847172207
same:0.01605035826883151
wondering:0.029743252081465263
was:0.007317860612408146
solved:0.04492876987815521
canadian:0.0401046926920851
official:0.033522339017804346
einstein:0.04647597270532997
not:0.009965454687206032
650:0.0417133046026801
anybody:0.025120621032336324
be:0.014342014639772017
thinking:0.028789475486352526
were:0.012820688408861976
if:0.005538433221185201
of:0.004820840964439801
km:0.04611917789652659
good:0.013388511168260325
in:0.0029368545767684377
albert:0.04242620000998924
recommend:0.03626263873688704
thoughts:0.035487804277899285
and:0.0015776752664908673
for:0.008066500733357207
subject:0.00022063600737205204
i:0.004733025799472602
we:0.033415138158197605
power:0.022329382480748283
face:0.02966340157806248
any:0.008456919556105846
will:0.009366159875233756
the:0.004360554603242455
when:0.010807226800361454
level:0.029095331922262387
would:0.007707848314912199
can:0.014290346982441544
because:0.02916896361809114
1000:0.03861666452465191
about:0.008140629589436956
is:0.006661304798942081
turbo:0.16422820096925228
appropriate:0.033421551636863694
created:0.031389215607314225
eternal:0.03811563459228468
first:0.015516982061082985
too:0.01613651130466526
bike:0.062353102058157736
delivery:0.09247281256977974
significant:0.03440436192978484
article:0.00669696595302976
very:0.014406962742011961
wide:0.03555237072200501
says:0.021165510284525357
yfn.ysu.edu:0.04600358911987585
john:0.022160978508940873
buying:0.03315056136559931
