sent:0.033132275209816334
looks:0.030838788057422437
laser:0.04415727909830386
out:0.010614208099823963
your:0.011350740740371734
with:0.005268715106212138
ca:0.01852746482966055
into:0.016133368495336815
from:0.0076267770669385185
post:0.023266466706587212
my:0.008560488840813524
single:0.029292132166778152
to:0.004966483459786778
technique:0.045323567992329866
look:0.021361876795278473
cookson:0.11547951708172768
bunch:0.03654236955994888
guy:0.030507484206746573
like:0.010492243815393452
cds:0.05380089541993821
nt:0.012866280211215109
re:0.0033688333583618965
getting:0.024434248398420597
he:0.014325524392074192
posts:0.03624340065016821
on:0.004567647074227837
you:0.015021594308343834
great:0.022713970168762854
posted:0.030751179499836898
m:0.012331664073117766
a:0.005032447300347369
as:0.007208235677630796
austin:0.045106472933059055
also:0.013364839024140238
are:0.00579199442883987
hey:0.034721972843524046
it:0.0030887876553150626
not:0.005431621698882567
have:0.004605861379708584
only:0.012013839984407988
copies:0.04067769579938245
rider.cactus.org:0.1894564069855356
500:0.037565559777923786
his:0.04984943355419613
sun:0.032689119856746315
writes:0.017871956513988173
get:0.02368241396920941
of:0.0035034339741574533
using:0.019859644852656944
in:0.006402872140341999
gon:0.043067615941387985
message:0.02925513413116866
and:0.005159424520145809
for:0.0029310708370457114
subject:0.000240513125153318
i:0.0034396163467638723
research:0.02781379712195295
remaining:0.0451782582452138
the:0.003395283828779518
do:0.006471332602761231
na:0.03926399521648989
joe:0.17925537058211422
instead:0.027637246050312085
warning:0.03864991727567041
lab:0.038826224448590206
eye:0.04135880157184147
picture:0.07370320294946667
gifs:0.055220975998348874
keep:0.02386859985699028
their:0.013636789356592018
1:0.017644359386709087
dave:0.0631761202049476
taste:0.0464121848674945
article:0.007300296219068477
fault:0.03988288288573525
tx:0.04267707142901308
s:0.0055895160437479125
