okay:0.07423734716383615
at:0.0151890519388695
there:0.015823775613399094
know:0.02127370906307417
all:0.016449445355970538
case:0.042613984608737165
curtis:0.09747320104301047
chris:0.06615081453309138
times:0.04845648519815563
wrote:0.044406465080911395
to:0.004752410896864934
bikers:0.1044639787690133
then:0.0275151784444104
that:0.017943342694886733
think:0.02482324185394061
me:0.01868256345525077
re:0.0064472500478994915
had:0.026455318718657504
he:0.054832179569663284
you:0.009582741196702101
a:0.0024077657342179226
want:0.03263099944331348
looked:0.06422419318068422
was:0.030533142555220192
driver:0.06344457928424814
definitely:0.07337675420897903
explanation:0.07951709975286976
it:0.005911300512758138
couple:0.05441365163197445
only:0.022992004108091147
knew:0.06693267349823723
kill:0.12740110712425468
of:0.010057271667193378
oh:0.055684761795542645
tracing:0.10407651573708127
adobe.com:0.09174675561158607
jackson:0.09013758423585816
over:0.034585185388264786
in:0.0030634431361119046
subject:0.000460292360207212
i:0.009874071064416979
license:0.08066059359650894
the:0.0025991483103070794
can:0.014906310214443334
wanted:0.05250275844045004
plates:0.10191853051373632
s:0.010697177256138246
