bottom:0.04154179748008353
750:0.05033686254867389
out:0.010909047213707961
your:0.011666039094270948
with:0.005415068303606919
sticks:0.05698352730006571
from:0.007838631985464589
name:0.051152453811671314
my:0.026394840592508368
to:0.0038283310002523076
dod:0.03238392631196701
cookson:0.11868728144510901
us:0.019072929501712924
heaven:0.04031632107744765
been:0.013585559140939252
that:0.0032120798651340443
cold:0.08181759972295612
its:0.019146523666983054
quiet:0.04665814220173867
re:0.003462412062760838
so:0.009461209235045556
this:0.004860948503439064
617:0.04822566124343886
on:0.014083578478869164
you:0.005146286938969647
helmet:0.09794858353556467
a:0.0012930593757836991
how:0.01217928701138078
below:0.034369202898499
part:0.022677982522345156
rich:0.08407028693448068
it:0.0031745873124071474
not:0.005582500079407082
cool:0.04250765717105929
have:0.009467603947178755
1977:0.05338484220940105
open:0.030601486840308913
evil:0.1160187142891278
usually:0.030534729094320492
writes:0.006122799916829281
get:0.02434025880168745
of:0.009001878961376789
but:0.01848008950695584
tend:0.03944077864573457
bd:0.04512302873097252
find:0.01959672905253139
up:0.024878895747266382
frost:0.05795908763023077
in:0.006580729699795943
fear:0.03986820495835645
winter:0.049788817443207865
men:0.06502960282643225
and:0.0017675806226425455
still:0.03780942744869532
subject:0.0002471940452964657
i:0.005302741867927637
the:0.004885436175854973
do:0.013302183683453641
maybe:0.02451771372539189
during:0.027114532498171022
long:0.0220399189361906
about:0.009120520188165476
time:0.014625092313923274
window:0.03228696983171427
keep:0.024531616519684454
protect:0.0382348851575154
x:0.028195925829130577
image:0.03426910182345997
article:0.007503082225153713
rider:0.049171304716368304
dean:0.0461415555385126
s:0.005744780378296466
