another:0.00939620902707025
go:0.008243356999127658
750:0.023035513369732117
at:0.007465805190291788
fast:0.014753381037915413
behind:0.014948061021180924
pass:0.06880127491849654
take:0.009007411569219083
saw:0.014395680437014639
curtis:0.023955278222434775
with:0.0024780821050404546
further:0.015033196614751639
much:0.007403376565931912
ca:0.008714188966492885
into:0.022764456393843897
from:0.003587170569619388
name:0.023408750049408907
my:0.008052663231612724
to:0.004087878864676193
dod:0.014819762888527275
look:0.010047323407948774
then:0.006762204871931369
positive:0.018758474577612767
us:0.008728289771970323
heaven:0.018449841849001468
enough:0.010305714097192357
worse:0.016504514463306724
next:0.011349067897242267
potential:0.0181621709356843
been:0.006217120284836607
make:0.022373904449360642
that:0.007349674267679593
view:0.01442944386773149
nt:0.006051513150190157
so:0.008659411842245085
this:0.004449003715012025
getting:0.011492379543324941
he:0.01347570514847657
617:0.02206937039953982
on:0.0021483424798274995
you:0.030616046026751626
cage:0.02250212249732109
them:0.006211267675984071
seeing:0.016984278243467914
successfully:0.022152457142710906
sure:0.009245949237962727
a:0.0029586951818779553
same:0.008229209112409375
vision:0.02020307875969155
as:0.02373219966745394
rear:0.04014538075102078
driver:0.015592311857993186
also:0.0062860047952524
rich:0.05770926476010963
solution:0.016482445204378172
ie:0.017727195706616152
ride:0.035785589294948156
step:0.017625087437213353
are:0.0027242007694967185
d:0.007719678908377269
missed:0.0184149668526603
it:0.004358331733982695
not:0.0025547034261693426
should:0.006961068399294405
have:0.006498948472215926
made:0.009854150643720345
try:0.01032368505230251
only:0.005650577280802062
ve:0.007733617368760315
area:0.013595199341776894
between:0.009842651890027141
after:0.016349268539533484
1977:0.02443035151955641
robert:0.013539881478634337
attempt:0.016341730496765232
netcom.com:0.027279959107806263
evil:0.053093309928922895
his:0.007815377294513799
1/4:0.02364584968423609
writes:0.008405877851918165
making:0.013027996571493235
if:0.005679240845452621
of:0.004943404717773017
trying:0.011425119589272864
safe:0.01759635994998717
what:0.0039001784025280983
but:0.005637993408901782
never:0.018677451108998818
least:0.020403918497512562
adobe.com:0.022547931463864374
jackson:0.022152457142710906
over:0.008499748951353211
one:0.004166571643117044
bob:0.01561019073741144
in:0.004517280556639589
fully:0.01778666739354998
fear:0.0182447717606038
speed:0.014230784605448224
or:0.002857251939419853
men:0.029759309768028323
and:0.004044464136554977
subject:0.00011312269869499278
space:0.012955562531835184
car:0.012960353135099108
i:0.001617785654621991
possible:0.03275811385124469
driving:0.017741985558055846
eyes:0.018312031714655872
the:0.0035132555550337215
do:0.015218599976832555
thing:0.019185868094279294
when:0.005540993401880237
around:0.01003048488624422
can:0.0036634152221937007
tries:0.021868513455071244
lane:0.046604194751418214
may:0.00788570138745691
is:0.0034153300028474227
either:0.010608316555565076
done:0.011223150641613128
suite:0.02241196402932412
right:0.008219803363518218
applies:0.02017667812515496
keep:0.011226332983584412
protect:0.017497320326320606
x:0.012903220294686874
him:0.010154725861708932
shoulder:0.02341361139400306
article:0.006867227799293229
side:0.01364561050242031
going:0.009228032559532553
aware:0.01735973394907152
by:0.004196760486513415
four:0.01486460233484311
s:0.0026289672917627896
