tip:0.023200196538745933
taken:0.013179525199034642
since:0.008003286493614726
believe:0.008690687521321362
go:0.007781729007176509
750:0.02174552462102712
at:0.0035238600498177244
ultimate:0.0210735576960706
dan:0.015895213957549035
posting:0.013196754227824964
sorenson:0.02432760114730988
ever:0.03172106468195833
ca:0.008226194384369284
into:0.007163215611929546
such:0.015384137627742388
from:0.006772578035441405
post:0.010330311217724722
iastate.edu:0.019224591200429617
several:0.011273805488269586
name:0.02209786004664201
my:0.003800857045321205
to:0.0022051186561453293
dod:0.027979712333539495
then:0.012767042798206426
most:0.007426381855868152
us:0.008239505544739983
heaven:0.017416650705457386
inputs:0.022736869276645442
next:0.010713520094996702
perhaps:0.011553846150560182
that:0.005550474006951629
jeff:0.03372383431064317
think:0.005758992110114221
quite:0.010624797528437606
really:0.007805582972763704
nt:0.008568942620669262
could:0.0060364366213042295
re:0.0029915240222253645
worried:0.020123664188594462
this:0.002099929753485676
he:0.012721065660161882
617:0.020833485657165588
best:0.009740704319845736
personally:0.015675378420426003
joke:0.039269011755122735
something:0.007962645268654091
on:0.00405607060191432
concerned:0.016103956970231315
them:0.005863436686128964
8:0.05904982564747733
particularly:0.01606840118056233
posted:0.013653523697927583
burns:0.036981956619541664
more:0.005085676103282904
a:0.002234406601354232
was:0.024792911754838796
pulling:0.0215550124250701
as:0.00960136992260422
pissed:0.022156141237267453
granted:0.018829207861883086
also:0.005933988526718266
rich:0.03631836395569566
based:0.01208361204760217
third:0.014611139986671543
those:0.007423662617150241
fools:0.022613782641978428
effectiveness:0.02364509907918683
it:0.009599952032719215
not:0.0048232800686077194
have:0.0020450024525906114
made:0.009302318207672005
viking:0.022494370789379704
ve:0.014601069592219474
after:0.007716854750659806
1977:0.023062251834461252
evil:0.05012008457290321
degree:0.01772581740266397
suffered:0.042230017688425575
be:0.0023138450285498853
which:0.005167569330070071
writes:0.005290099128140499
certainly:0.024606058218045127
recognize:0.017908497549996724
were:0.012410426379778393
of:0.005444336395840682
believing:0.019751302496330416
seen:0.010369859562489411
what:0.00736353682397305
but:0.007983398667004923
year:0.02969712859451582
saying:0.012066220715857758
again:0.009767476552432073
who:0.005172211496935393
one:0.00786648726220498
in:0.004975031653045733
fear:0.017223064542009985
rather:0.010293934611651453
men:0.028092788421018734
and:0.0038179741449078986
still:0.008166836328918188
for:0.0039041863549448877
known:0.013027714990665433
subject:0.00010678782756807318
i:0.009163137947778956
group:0.01078846373922658
thee:0.024616883793628388
sick:0.03592993815235973
than:0.005722405128877845
the:0.003316513243951833
do:0.0057465433512519735
thing:0.018111459480999653
would:0.0037305985844175043
did:0.006575644173771862
accused:0.021945566303325767
come:0.009604774697877634
last:0.017441300416475982
an:0.003591592554246947
ready:0.016861917155321586
record:0.01542659358894638
people:0.01806327768087741
about:0.003940064721287486
is:0.0010746905075626556
time:0.006318039879614855
lot:0.009914213553061563
1st:0.01800306460222489
fool:0.019781042410280485
1:0.01566819113539767
protect:0.016517470388046653
x:0.01218063995818441
nice:0.012638957827019032
him:0.03834424485381292
supposed:0.014594780045665444
faq:0.015528380251591038
article:0.0032413315212664042
very:0.00697296996713379
numerous:0.01927687952669903
april:0.06804307723776225
fault:0.017708000001266454
by:0.003961741899268664
