there:0.057361186598571715
yamaha:0.3428994734894651
its:0.12923903475213563
anyone:0.10455717185258695
on:0.06337610315491124
handling:0.3016137853566318
has:0.06654840461790944
who:0.08081580463961552
comment:0.24559983730517268
subject:0.0016685598057511436
the:0.004710956312431581
riding:0.28220151460821574
hello:0.24183067441573572
request:0.24376881421214575
experience:0.20701392342469674
