at:0.021486951523278806
fast:0.028307300202829577
know:0.020063010173305723
all:0.007756649029644644
watch:0.03125336455751504
with:0.004754694120240223
c:0.021025184515682603
ca:0.016719907285303426
previous:0.028237393656039077
into:0.014559381325060053
dod:0.028434667005629573
stop:0.027024009061631202
lights:0.0399075322714662
that:0.005640725616820762
problems:0.022301408421884338
uxa.cso.uiuc.edu:0.03624882390025971
r:0.02520503875389537
nt:0.011611033361340464
hot:0.03401315598993018
happens:0.030374613941290887
re:0.0030401666892534195
so:0.016614806461543417
this:0.008536299810917383
mean:0.021491236234389113
he:0.012927912256262077
on:0.004122022969425122
you:0.004518690970802617
performance:0.06164245908287181
machine:0.052891046411778005
cage:0.043174804141201444
them:0.01191755424009952
a:0.002270738416010399
hard:0.04397127483862617
same:0.015789376833565957
as:0.013009986344992171
following:0.02225458758568912
copy:0.05555466577338768
closely:0.040451755707849195
solved:0.044198220774445365
no:0.009152404359207398
daniel:0.034785203212994636
einstein:0.045720265832072574
not:0.009803414773592926
ones:0.027582357564039487
machines:0.032080866137270674
650:0.04103503948718937
brakes:0.04525556328052828
anybody:0.02471215564969671
be:0.004702937049898141
thinking:0.028321353933728907
were:0.0126122219306691
of:0.00474245330648143
what:0.007483269130053913
latest:0.033872736587420745
in:0.0014445504219064269
our:0.018128255471385316
albert:0.041736343099257715
and:0.0031040440202503242
still:0.01659926083113453
for:0.002645112706602228
subject:0.00021704843001640894
i:0.0015520220101251621
we:0.043829070104519356
face:0.029181069845085856
driving:0.034041533265863254
the:0.007353687902332225
do:0.005839983080540624
see:0.01438525009277379
when:0.010631499535314927
level:0.028622237094258124
can:0.007028991808436694
did:0.013365130434495654
is:0.004368660599848194
cop:0.04429797762478532
does:0.009906413124695328
run:0.021762881531604838
created:0.0308788218576018
eternal:0.03749586817614997
too:0.01587412900702843
bike:0.03066961523998816
significant:0.03384494141060135
although:0.025688938672802916
article:0.006588072197695944
warren:0.04548459480058272
fault:0.03599186992127328
high:0.04548494025433369
says:0.020821355645752587
yfn.ysu.edu:0.04525556328052828
especially:0.0254089081910353
john:0.021800637394974356
