tip:0.057143341228438255
some:0.005751413177996818
since:0.009856264154697937
mirror:0.05297726388045763
week:0.01698442760790928
at:0.0043397291253912855
there:0.004521078746685455
bnr.ca:0.04597980955613008
all:0.004699841530277297
finish:0.024110051783955
watch:0.01893676768755837
your:0.006206562670843658
with:0.005761846076744309
much:0.0086068811308371
remove:0.043528575222065324
compound:0.04219131794586705
tips:0.028001070537740695
into:0.00882169410336151
from:0.01251092001620949
work:0.01995145284719511
both:0.011062581686247477
to:0.002036747527227829
most:0.009145790462891813
sutherland:0.02921713003494033
make:0.00867034720861923
that:0.006835559121861612
motorcycle:0.045759639125667065
through:0.011672232975491758
nt:0.007035256667216143
anything:0.011434685469553714
re:0.0018420714422569978
so:0.010067099481624828
on:0.007492741259693939
you:0.0082137781686018
facing:0.028747621760042176
great:0.012419954131688064
material:0.020801475550758043
glass:0.026901841220921926
cloud:0.028318994287186858
working:0.015608566555204961
more:0.0062631479104469255
bottle:0.02996009993511069
a:0.004127598401516439
other:0.0067946206297138465
bigger:0.02296215198142339
want:0.009323142698089565
price:0.015419429565733807
question:0.010753626026340416
fine:0.015956436344436258
also:0.007307867643741707
stuff:0.02880213352387805
minutes:0.019631365753879675
product:0.019659595678554475
are:0.009501153422678208
compact:0.028838011605698318
works:0.014655793071678523
bgardner:0.06283117733715572
18:0.019048027060212313
it:0.001688943003645182
not:0.0029700000422461324
ones:0.016712462957521462
dial:0.029627876877004623
couple:0.01554675760913556
plug:0.023365684604417902
probably:0.011759722734134032
per:0.017422783820556734
after:0.009503515702783011
nasty:0.02605528823113543
sun:0.017874346325610056
be:0.0028495628430417305
writes:0.006514900404113915
of:0.0038313415875022394
what:0.004534197551707543
parts:0.017973867051312122
years:0.01098411538413987
ok:0.016078074830103112
they:0.004595663174914994
gardner:0.0568035759469489
blaine:0.0622338904227081
clear:0.016245077547717306
over:0.01976296307900845
one:0.00484389609741686
in:0.0008752694674605443
stores:0.02672049159962776
or:0.006643462637468821
clean:0.021388385182149288
use:0.016382064312781754
better:0.011015841730548783
habit:0.028318994287186858
and:0.005642326322523988
few:0.011259248772937372
for:0.006410815032750226
subject:0.0001315121029163463
away:0.01364031323312153
face:0.035362281684192705
will:0.022331139801049938
the:0.005198296620614159
do:0.0070770238315911
see:0.008716186016803823
when:0.006441746023860768
start:0.027759232392931158
can:0.004258945775555238
hate:0.01983245932294497
meant:0.020057434873847375
once:0.013216902438053724
auto:0.023276387143370825
last:0.010739717005219201
10:0.014238284521655983
just:0.011570330674540748
previously:0.023426128410288908
is:0.003970531431881732
bucks:0.026488631940228814
evans:0.028001070537740695
2:0.009598076611307432
1:0.009647900945441915
too:0.019236629240044302
plastic:0.20057183099171108
bike:0.03716613472432062
instruments:0.025952657261170693
article:0.0039917875877665075
very:0.008587401437356883
apply:0.019702246233939277
parking:0.027026559486854392
s:0.0061126727177932836
