another:0.00927826498070535
some:0.00488509152775462
inexpensive:0.02290231192491218
at:0.0036860460772151923
out:0.009859222586447362
say:0.0079395187207847
mess:0.021367790603039904
know:0.005162657429532643
bloody:0.024733367237643123
damn:0.01799931739482262
take:0.008894347825672399
shield:0.025165100443648274
your:0.005271682937996914
with:0.009787905887691168
much:0.007310447152970423
my:0.03180633510729042
store:0.01867448974468859
to:0.005766523682388413
job:0.014525056716691112
then:0.006677323639229301
helmets:0.05238143484573157
front:0.014715275855087587
day:0.010641435296078961
normally:0.017806911063266876
that:0.00435445136528632
realized:0.02191602601059808
church:0.01567897841041342
smaller:0.01879180865709191
like:0.004872966792923318
really:0.008164835745568727
nt:0.008963329101118475
seat:0.02075438694533331
wanting:0.023119716690312642
re:0.003129209228269209
so:0.008550716296108117
had:0.00642011918695454
this:0.0043931584800955565
off:0.009135805221574688
big:0.011614144576851703
certain:0.013792112936236438
on:0.004242751675642593
you:0.006976556352410734
cage:0.022219669076852622
them:0.0061333019729382455
size:0.030132863071680897
helmet:0.04426128461021332
backup:0.020883138655236045
paint:0.061258440655997386
onto:0.01821825387600145
bottle:0.02544728153484297
a:0.0040901794480856755
was:0.014819433206717749
old:0.01107913423574194
running:0.012667198378438082
said:0.009169476270558294
standard:0.012736588035406848
worth:0.014707797568166685
question:0.009133832984715918
minutes:0.016674339949948006
ride:0.017668198898761013
are:0.0026900057807582654
likely:0.01383434646414112
model:0.015309420550558785
yeah:0.016544863783214025
it:0.007172707735145857
not:0.005045272038292593
should:0.013747381943376397
have:0.0021391239043834845
guidelines:0.023984211457521845
heck:0.04144561735815296
get:0.010998945399925708
down:0.009892742999804008
if:0.002803976651729746
end:0.011314784111194598
of:0.004881353612529004
trying:0.011281708046311279
short:0.014489447136490658
what:0.003851222188270423
but:0.002783611808579122
ignore:0.01883165753370804
passenger:0.023119716690312642
ticket:0.02118818790547909
well:0.007041288327001442
who:0.005410263072108151
up:0.016863519293126166
pick:0.01682031174492893
one:0.00822854316130228
in:0.0014868594300794181
gon:0.020002114516711574
dropped:0.020786205352802848
or:0.002821386852314164
use:0.0069572365177713305
and:0.002396218082578179
still:0.00854271582522823
for:0.00408387694031892
subject:0.0001117027485021686
until:0.011971404708638677
i:0.009584872330312716
back:0.017626416067510774
face:0.015017872765462592
20:0.013158294344793387
currently:0.015058299170951032
the:0.004415289598262235
do:0.003005514305048103
when:0.0054714411834465935
wind:0.02118818790547909
rock:0.02039032260646457
can:0.0036174309307017293
did:0.006878288884698599
na:0.018235579368327943
maybe:0.01107913423574194
meeting:0.020275682547100073
an:0.00375689597724576
just:0.009827519359547161
about:0.004121406612225403
norman:0.02334903985556367
is:0.0033724597517656558
switched:0.022797703965893697
chips:0.017375485138899464
el:0.02544728153484297
spent:0.01816670373211843
does:0.005098279557897594
sides:0.01905788021684727
2:0.008152341222156521
1:0.008194660635668236
notice:0.016895252860270056
observation:0.021958077625047877
too:0.024508592483654768
switching:0.02217491891318422
bike:0.03156788848969492
difference:0.01341905375244513
wide:0.01799931739482262
meet:0.017950379989955714
bad:0.011466949986386542
59:0.022086829334950615
fit:0.01701024300961664
while:0.018161861973878847
s:0.012979838511632182
