go:0.02185878934600143
there:0.010312123433451094
know:0.013863765456834851
rd.hydro.on.ca:0.14129780541644088
my:0.010676564734048329
to:0.001548538382124529
dod:0.07859469756612218
us:0.023144678496460628
die:0.04233431878013875
that:0.0038978047801626605
indeed:0.0414409248146586
like:0.013085832174254755
talking:0.03662574359957605
professionals:0.06833595827896034
toronto:0.04513595837236609
re:0.008403157365801585
anyone:0.01879679493979091
national:0.03656375196615184
hypocrisy:0.06641881763816525
this:0.005898679082824932
you:0.02497972986106615
henry:0.10281443243725179
am:0.01836332985057714
m:0.015379940585573843
a:0.0015691057593779719
canadian:0.05452435748025053
stuff:0.06569475399266567
ride:0.09489212442255916
ontario:0.053363485412519895
it:0.0038523081993255275
explorer:0.07201250784309986
deleted:0.03947617412357682
only:0.014983553238980747
ve:0.020507120213791395
92:0.049252976273897464
jody:0.1337366315597844
free:0.032443907799154334
species:0.06178983124345336
writes:0.007429914505815307
showing:0.04824746424298666
if:0.0075297799973416775
of:0.00873890272205567
quietly:0.0655704181717816
what:0.010342046101085743
but:0.00747509238483607
levine:0.12994735712302502
again:0.027436731888854135
in:0.0019964011448819156
our:0.025053656437981946
or:0.007576533232618936
275:0.06459276225054979
subject:0.0002999658077754865
i:0.006434787884676233
the:0.0025407404831091674
canada:0.0418045796967039
got:0.024855660917197462
can:0.00971422463413161
here:0.020229223658689843
religion:0.03990484565126643
about:0.011067597531706422
is:0.006037587121138515
else:0.0283882272509894
91:0.1050026158984917
does:0.013690885554354215
med:0.06914854998210221
bike:0.04238609746650048
leave:0.03969867555387097
article:0.009104863823782033
live:0.03479425026907482
