some:0.0072517818331264226
since:0.012427463499401747
large:0.018596485216693014
out:0.014635740361247948
there:0.005700490593646878
know:0.007663820656262744
all:0.005925887146871373
case:0.01535162178451401
means:0.0176061814934084
watch:0.023876794040834468
much:0.010852154469316344
setting:0.026719483586103144
bikes:0.08955554907032429
from:0.010516425520871746
apartment:0.07367798008811038
often:0.019300126635271465
my:0.005901951933728579
corp:0.028746364254112092
to:0.0025680729691133493
building:0.023605388626327026
rd:0.032171809368999785
most:0.011531648844515763
track:0.028259599862090316
next:0.03327180153725683
that:0.01077343557249928
really:0.012120470454602024
nt:0.004435270507592785
re:0.0023226118184979535
had:0.009530487488708914
this:0.006521520973557999
off:0.013561847502834474
relative:0.030578381842813092
them:0.00910471535113193
a:0.004336969334926693
other:0.008567130359204414
was:0.010999517193806032
steal:0.0669410323759941
usa:0.02263740177657593
worth:0.021833314402433777
demand:0.029423322538015228
cover:0.04874790743165076
nc:0.03253372805299963
stolen:0.0914650894917455
computer:0.016650328603511275
are:0.007986476790077334
no:0.006992209541506272
internet:0.017742446851643515
it:0.006388610492049167
not:0.0037447826619625146
farm:0.03415711168116366
probably:0.014827476490864647
try:0.015132855107722935
ve:0.011336234155449902
decided:0.023177845111915243
bmws:0.042848828716488145
heard:0.033573259123228255
be:0.00359292706296566
writes:0.004107219819984859
down:0.014685500477969925
were:0.009635424207902478
things:0.01388028526795186
cops:0.03022587987640036
of:0.0012077055004083145
looking:0.01611108910190462
but:0.008264387854042363
parts:0.022662701934263108
street:0.024770363231792582
seems:0.014636565772553279
visible:0.029461080588179093
they:0.011589063658481287
up:0.008344474350014812
good:0.010062172989810552
called:0.016659965812774742
one:0.012215042332616428
in:0.004414402531540136
bmw:0.05504912236852164
or:0.004188269923621648
and:0.005928531280912886
for:0.004041600781516446
600:0.03053320942462005
subject:0.00016581960802495836
i:0.0035571187685477317
similar:0.01965688377556957
actually:0.01518207532360922
practically:0.035603891542532434
the:0.00468169571421772
when:0.008122201508346185
would:0.005792854944747677
did:0.010210627599024628
eric:0.024770363231792582
neighbor:0.03145327272925157
sport:0.031147743262228144
an:0.005577007071812029
myself:0.02070088237265766
just:0.007294338903514819
jonathan:0.0593851598694915
about:0.00611811292125386
e:0.019322296248781533
is:0.0066750963202649415
night:0.020794005258285866
easier:0.025942072760301867
stealing:0.036477071360055346
bike:0.04686164813066513
accounts:0.030952099367449446
article:0.005033123480227335
honda:0.029933042743321467
murray:0.033327724149334326
