say:0.03060556410108941
there:0.01480288686414754
raise:0.0760193820580316
own:0.03655630057335476
insurance:0.07161972613949603
navy:0.09272186839191825
my:0.04597810941920812
to:0.002222901871114243
ships:0.0980951659165721
next:0.04319967780240605
nt:0.011517395995523202
re:0.006031298431905976
two:0.030077248913763087
richard:0.12051862950899285
same:0.031324086298848586
uunet:0.12183846169088017
are:0.020739076825845984
no:0.018157189293266287
internet:0.04607312811475171
it:0.01105985257225716
should:0.026496970036023863
have:0.008245977631413756
only:0.021508649004343332
buy:0.04849743750393493
targets:0.08600388541942229
types:0.06607898729001419
be:0.018660040552821656
if:0.010808877738119504
of:0.0031361384768667524
liability:0.09354917959171746
shop:0.07837893194859188
one:0.015859853351219717
in:0.00859740493037857
required:0.060367442750015626
and:0.0061580228143675786
subject:0.0004305960789035209
i:0.009237034221551367
the:0.0024314613225453322
do:0.011585772885588656
thing:0.03651503927620898
would:0.015042736227489936
about:0.01588735774712696
2:0.031425960517667884
fist:0.3028829740676576
opinions:0.04605822831483939
fault:0.07140322581155827
include:0.0542181173103968
