750:0.07711178943626638
at:0.006247978811733553
mark:0.0426045952381871
there:0.013018141639392161
k:0.02686993656916073
know:0.008750887416016324
employees:0.03947825732982254
thanks:0.014137493935575623
with:0.008295423784248898
previous:0.02463261999782132
bikes:0.10225846383207242
wrote:0.018266489182218872
both:0.015926979307150622
hill:0.035342468072052206
stevens:0.04206437870278643
owners:0.030621613215526585
been:0.010405960193059852
like:0.008259851514245908
re:0.0026520603033912803
had:0.010882329685688901
this:0.01116983911428551
two:0.026450913938344842
recently:0.023470294784309852
you:0.003941836804317176
used:0.01400328729316926
took:0.023939018981678575
am:0.03477311397236948
market:0.027736561809028525
snyder:0.08660185509556971
a:0.00792342766437671
price:0.0221996042683969
also:0.01052125625304657
wa:0.03556586287389171
prices:0.030939443114744978
book:0.022054599366550874
care:0.02245402086009856
instrument:0.03751222348170562
co:0.03237578541340791
it:0.0024315987924820705
not:0.004275957507630957
should:0.011651149944918294
ken:0.058525853916522146
have:0.010877672620162827
buy:0.02132511436343238
decent:0.03195434271503344
has:0.015103184026759588
div:0.03830105777326749
be:0.004102562107357952
found:0.01896823053373757
of:0.004137033735441248
but:0.004718320725180214
who:0.009170587760523747
miles:0.08540754861512395
good:0.011489431569925525
in:0.0012601397297481594
1990:0.03029039978966857
and:0.0027077830814949636
for:0.01615207120840084
subject:0.0001893401198015482
car:0.021692505956619784
i:0.009477240785232374
any:0.007257356498502179
the:0.002672883014145578
around:0.016788613001089615
would:0.006614536497194156
can:0.00613167370523201
road:0.025607463730287307
cars:0.027106929455117067
many:0.026286539398270827
about:0.006985930356892706
e:0.022063047489743453
n:0.05192929781282839
is:0.00952739811669021
questions:0.02144805912940079
life:0.01978992449140929
blue:0.028345117925271692
2:0.013818507461669566
206:0.04113510024600343
told:0.02198737423212149
1:0.013890240368260344
advice:0.027587638781796087
hewlett-packard:0.04281161640248733
too:0.013847644452939692
bike:0.10701738083740547
very:0.01236342192754218
honda:0.034178864409040825
give:0.016760540931602882
lake:0.03773980018065243
