some:0.015671635907830255
read:0.015214785650321623
go:0.013056592293920316
out:0.015814457705777985
there:0.0061595905072291774
know:0.016562082223601365
small:0.0401173946344431
thanks:0.026756867716995477
where:0.01239903891432055
your:0.00845592095423666
with:0.0039250159516077
much:0.011726153486979404
insurance:0.02980149678287754
from:0.005681692982752856
uicvm.uic.edu:0.036404428152512984
to:0.0036998635170223644
schools:0.03304107031337522
look:0.015913881370979266
might:0.014275739166969436
enough:0.01632314447608991
been:0.009847250920949256
that:0.0023282189626474955
problems:0.01840988748920653
motorcycle:0.031171834706410786
bit:0.01828915569164899
could:0.010128249364604412
me:0.0072724072510372125
anyone:0.01122761576940531
this:0.003523372069606839
off:0.02930815366384363
getting:0.018202695115601922
programs:0.023712631706674606
on:0.0034027437935522814
am:0.03290610114163823
more:0.008533013596112254
a:0.005623506547032463
as:0.005369893692731667
question:0.014650913311054392
also:0.009956356588453466
others:0.03619232514185766
brian:0.025074345736770327
yeah:0.026538405665692297
tad:0.039542662308319494
it:0.0023010431526172613
not:0.0040463758964829856
should:0.011025584847204561
have:0.006862424337552387
area:0.02153333587019696
buy:0.020180141780160844
has:0.00714613740863457
anybody:0.02039996741552144
be:0.003882290316358868
rates:0.03077587268787417
get:0.01764260369518285
kill:0.024796188634922053
of:0.002609940745848841
looking:0.01740862647923922
what:0.00617746377850088
never:0.014791538462160136
oh:0.021675947544573648
please:0.0128551366235252
who:0.008678207209623142
good:0.010872549337983215
chance:0.024127902872567813
one:0.013198804131216409
email:0.018415427241395575
in:0.0011924812207683925
210:0.039672985032192666
or:0.009051160506081683
p.s:0.03043511882630757
and:0.002562398754971744
for:0.00436709883103455
subject:0.00017917420732898185
i:0.010249595019886976
pounds:0.036908020004478855
group:0.018101449226890234
person:0.018826808315931885
any:0.01373539954750077
yet:0.01765146807171922
the:0.001517623510045073
do:0.004820925630244944
start:0.056729438011057294
home:0.01966015471047885
because:0.023687547636167972
may:0.012490104211005576
an:0.006026162003770045
instruction:0.03708464623479679
myself:0.022368067530187136
just:0.007881802439368361
people:0.010102504295792734
about:0.013221693695595591
crazy:0.03284792290028768
is:0.0036063439851095826
right:0.013019285864364426
does:0.008177777277433055
told:0.020806844072007582
advice:0.05221284655346642
handle:0.027264140179387268
chicago:0.028340265347677064
bike:0.05063574059756434
inherent:0.037841662974027294
before:0.014269760182702311
needed:0.022388071745879336
by:0.013294435903586121
buying:0.08076277701820501
