tv:0.026680711663744104
some:0.008222090669953198
go:0.02740045425062151
at:0.006203978960946698
there:0.006463232292796813
case:0.01740571202328701
saw:0.023925215374193343
curtis:0.07962599521823391
supports:0.030434080877878775
bikes:0.033846111268362
turn:0.024094916441651515
post:0.0181871676368393
to:0.004852813943981799
dod:0.024630028462622796
perhaps:0.020341278434084828
that:0.0024429903199611044
motorcycle:0.06541694889091841
like:0.008201683545835727
egreen:0.04002969943071381
countersteering:0.08703575713227306
need:0.013529591489417157
re:0.0026333838223814828
so:0.014391698554717185
this:0.011091178275452513
carefully:0.032747489800217064
on:0.014281938739134928
you:0.0039140773902022665
sea:0.0355444356121429
a:0.007867628878007859
how:0.009263119698796651
other:0.009713436534027542
lean:0.12075984543963256
riders:0.04109695223442649
theory:0.028651752513919892
east.sun.com:0.039007290910682134
no:0.007927786874524717
those:0.013069828551320847
taking:0.02399260587430708
individuals:0.03005036126320223
care:0.022295893952633077
it:0.004828949714647492
not:0.008491690261633308
have:0.003600356430617274
only:0.018782200539004038
650:0.0355444356121429
safety:0.02910333369821242
92:0.03086982315758362
left:0.06178320810212454
public:0.02087144083141263
which:0.009097833327588154
writes:0.0046567774015321296
watched:0.03509357745182649
justification:0.03634485334786488
were:0.010924671108959854
of:0.0013692998983502722
freedom:0.028084707607877506
but:0.004685093114439509
please:0.013488840541586302
they:0.006569856510617913
who:0.009106006156576396
adobe.com:0.03747402693994361
jackson:0.03681675975830827
george:0.028044466049684278
one:0.006924724702645229
in:0.005005062025196915
thomas:0.02594369728189507
speed:0.023651163147082967
and:0.004033071279832287
for:0.013747135052622844
subject:0.0001880067386761852
i:0.0026887141865548584
away:0.019499884410730074
turned:0.027654213661363364
the:0.003715683852058712
just:0.008270341996238634
mix:0.03634485334786488
lab:0.030350076857700796
is:0.0037841215055023085
morning:0.030212259278869127
ad:0.060981290934592265
right:0.04098324493923168
91:0.03290574934847099
nothing:0.017991943672541613
every:0.03425561305545628
bike:0.07969780298278611
words:0.023294782616249118
article:0.005706569579694373
very:0.012276355575939769
black:0.024856002508760126
hawk:0.04097006135060481
