another:0.012051659404285753
above:0.014797043642002962
large:0.01627192456460639
at:0.0047878533285566904
bnr.ca:0.050727724673339164
nick:0.0811233579141106
bs:0.030808223546877147
coffee:0.061956148653581525
thanks:0.010833623070196538
ever:0.014366424221901415
your:0.006847457729245992
previous:0.018876083802678294
from:0.013802808496144167
my:0.01549262382603752
to:0.003745106413290301
dod:0.01900795674832846
plot:0.030892485430224787
everyone:0.0166169171603973
motor:0.02738630085754226
apart:0.025036187172234152
t:0.0700074199728381
die:0.02047692593169755
that:0.003770702450374748
movement:0.025583162855819408
86:0.025981007442902534
hot:0.04547411072566752
12:0.01931187408484802
re:0.0020322853411857095
so:0.011106636928096957
uk:0.023487171112276013
had:0.0166783531052406
this:0.002853165425931625
mean:0.014366424221901415
93:0.01989682334676305
apr:0.020256566723032603
on:0.011021930983462824
am:0.008882262808159595
contained:0.02789983805004727
purchased:0.026015514115069156
united:0.02131261947215879
posted:0.018550983285227692
a:0.0022769089008365137
was:0.004812288772290139
worked:0.02089219478573016
wasted:0.03115340509971588
question:0.02372810960159896
concise:0.03234391361092612
stuff:0.015888133438443596
course:0.01329430326032619
far:0.013529228652833705
d:0.009901327295527366
it:0.00931672363423837
not:0.006553369658434401
have:0.0027785359410198523
made:0.01263901930390218
try:0.013241248219257568
interesting:0.01776100305392072
sufficient:0.024865446975313614
money:0.016849020471353966
real:0.013899966597816562
has:0.00578681779286169
be:0.0031438111800949527
which:0.007021153981073466
get:0.007143336822234361
of:0.004226969251429101
youth:0.030808223546877147
looking:0.014097202964166543
what:0.005002402733677343
but:0.003615669686143534
ok:0.017738310817994193
gmt:0.023028795305570844
well:0.009146021250833395
slight:0.029223871107969833
must:0.012594893627605963
who:0.007027461273010045
up:0.00730141505626296
miles:0.02181605861364579
good:0.008804401366084234
over:0.010901851915866075
one:0.005344081020519687
difficult:0.020256566723032603
in:0.002896951661323214
point:0.011964869354674243
bmw:0.02408399103622822
england:0.02679589954774446
use:0.009036845259496457
quest:0.06468782722185223
and:0.00207498594831951
for:0.0070728013676537825
subject:0.00014509215702183858
car:0.01662306162980103
i:0.003112478922479265
appreciated:0.018395446299870884
we:0.036623475698749186
info:0.03201516803687388
back:0.011447590869932269
any:0.011122687677052252
water:0.044566274072951634
source:0.016952543270107742
currently:0.019559421205746177
the:0.003686835374946455
would:0.010137496153308435
thought:0.014590143506476699
lower:0.021581427244813135
problem:0.01149763745676948
kingdom:0.026958143912688377
oxford:0.030808223546877147
is:0.001460177320057956
lack:0.02108435358099232
time:0.008584293314694095
strictly:0.028521633436882843
type:0.05283444310323418
keep:0.02879798461006436
npet:0.06966427389169443
luck:0.022406459923443593
metal:0.027254275354449627
three:0.015861347861263437
pettefar:0.07002068500933561
sometimes:0.019046230023466577
biker:0.0296122350426554
