chris:0.14210174973775186
harley:0.2244041025408434
die:0.1395464582011981
clutch:0.19149153955774542
egreen:0.21052656737634667
re:0.013849648251043352
throttle:0.2244041025408434
a:0.0051722375031347965
east.sun.com:0.20514945590062456
requires:0.1486723994411417
it:0.01269834924962859
not:0.02233000031762833
free:0.10694473311573094
writes:0.024491199667317123
if:0.024820385917163304
quietly:0.21613952656624302
but:0.024640119342607784
in:0.006580729699795943
or:0.049948996866895204
subject:0.0009887761811858628
the:0.00558335562954854
microsoft.com:0.20668224168443397
either:0.09272454470790215
live:0.11469215829435772
s:0.022979121513185864
