advocate:0.15007137733439574
pixel:0.1328607220909143
know:0.033347976369143294
former:0.10786210602017726
to:0.0037248625948400837
die:0.10183119922790133
egreen:0.15362749511246923
re:0.01010650007508569
mean:0.07144383937378002
restrictions:0.140247028442257
on:0.013702941222683512
you:0.015021594308343834
a:0.007548670950521055
east.sun.com:0.14970365700856386
ludicrous:0.16140268625981463
it:0.009266362965945189
free:0.07804075119256043
writes:0.017871956513988173
of:0.00525515096123618
quietly:0.15772343830509628
but:0.017980627628389468
ed:0.1072478289640271
sounds:0.0962893125286713
in:0.009604308210513
or:0.01822463399197528
green:0.11373812971221035
for:0.008793212511137136
subject:0.000721539375459954
keeper:0.16566292799504664
i:0.005159424520145809
the:0.002037170297267711
forum:0.1380243771385551
article:0.021900888657205433
live:0.08369427767426105
biker:0.1472608445364485
