go:0.05721859564100374
at:0.01295536783021222
your:0.01852841503207739
from:0.012449591976914347
feet:0.1291782926163333
my:0.013973739137210313
to:0.00202676347072181
line:0.04152652571773512
sutherland:0.08722172642783657
re:0.005499125040855449
laws:0.05458638107408665
on:0.007456012135871911
state:0.1172520611885566
3:0.03443332271525911
a:0.004107365076018809
adam:0.06830299075375304
no:0.016555084355625145
bgardner:0.18756954410945018
it:0.005041991613823117
not:0.008866323655528896
deleted:0.051667345544093184
without:0.0330472130118014
writes:0.019448893853457716
but:0.009783576797800151
gardner:0.16957538113574452
blaine:0.1857864669972021
one:0.014460454526112094
in:0.00783881037769811
5:0.03821871892526004
or:0.009916344966221843
speedy:0.1738610226410796
and:0.0028073339300793373
subject:0.0003926023072355632
i:0.008422001790238012
will:0.016666255072107124
the:0.002216920617614862
engr.latech.edu:0.17272966144026208
would:0.013715435972123177
law:0.1326547555254691
draw:0.0620985226000571
is:0.003951068042509763
save:0.05327220930031314
vary:0.07484573840315689
evans:0.08359143116413766
life:0.04103499048953985
2:0.057306163296923784
bike:0.05547592168409622
article:0.023833320009311793
