tommy:0.11814129705048175
bnr.ca:0.19859364552966824
with:0.024886271352746694
to:0.005864677276982259
cs.utexas.edu:0.11515497029101529
consider:0.13703676930090183
me:0.023055078306479675
re:0.007956180910173841
this:0.02233967822857102
off:0.046456541445879795
you:0.023651020825903056
a:0.005942570748282532
mcguire:0.2770593996742906
marcus:0.12416525994230983
keith:0.16767944974977306
motorcycles:0.11728440557946174
has:0.045309552080278766
writes:0.014069412574841752
ottawa:0.11020555975338225
in:0.0037804191892444783
subject:0.0005680203594046446
however:0.10200420868923034
research:0.06568790384120803
the:0.0032074596169746933
do:0.030566719953467943
canada:0.07916186368099248
unless:0.1309813372655528
vw:0.12455566714801614
nothing:0.10871727665961313
bike:0.1605260712561082
article:0.01724112511311917
