looks:0.016536741422096088
large:0.01446393294631679
know:0.005960749399315467
all:0.004609023336455513
1984:0.05264397340916516
access:0.016195057333422826
with:0.01130101211187531
shape:0.023033461774334324
much:0.008440564587246045
skill:0.02738508759722413
alot:0.02446365656719567
from:0.012269163107683704
yamaha:0.02650430712962049
both:0.010848811991827237
my:0.004590407059566673
to:0.005992170261264482
require:0.01874164762754873
motor:0.024343378540037566
front:0.016990101108047988
us:0.009951093653067613
that:0.00670347102288844
considering:0.019349613310894166
bit:0.013164657961621737
nt:0.0034496548392388333
consider:0.015557314389232817
me:0.005234727924659636
re:0.0018064758588317417
started:0.01584176268593674
effort:0.019624912496273926
comments:0.035594251343276324
had:0.014825202760213865
this:0.010144588181090222
1982:0.02446365656719567
hi:0.015222302705383597
two:0.00900864460218991
on:0.007347953988975216
am:0.015790689436728168
posted:0.01648976292020239
magazine:0.020399514670550158
a:0.0067463967432192995
hard:0.013063929481041106
bigger:0.022518438899656754
price:0.015121469574125425
as:0.0038652857981498474
drive:0.013641564003893663
turns:0.021322486828824115
it:0.0049689192715937965
not:0.002912608737081956
purchase:0.0632240794083919
have:0.004939619450701959
whether:0.013804147753052292
careful:0.022228760325900435
allen:0.021517046728041216
has:0.00514383803809928
mileage:0.02586697600381108
convex.com:0.025976774318195405
heard:0.013056267436810988
anybody:0.01468403451648645
be:0.013972494133755346
considered:0.033264183161470645
writes:0.0031945043044326682
get:0.006349632730874986
were:0.007494218828368595
if:0.003237441641369127
of:0.0037573060012703117
but:0.009641785829716091
shop:0.02347581536624491
again:0.011796469266222308
seems:0.011383995600874773
km:0.02695855326318704
they:0.009013716178818779
now:0.00798026279168234
good:0.03130453819052172
over:0.0096905350363254
one:0.009500588480923888
in:0.0034334241911978835
dropped:0.023999531784154014
weeks:0.017587269977454637
and:0.00276664793109268
word:0.014825490416248399
still:0.009863328899659648
for:0.003143467274512792
subject:0.00012897080624163428
outside:0.017414375736625725
i:0.0064555118392162535
ago:0.013822056644273642
tobias:0.06131973759472997
will:0.005474905047841953
the:0.0040054507777196055
do:0.0034701348739444283
start:0.013611411052572523
level:0.017007416244414247
would:0.00450555384591486
can:0.004176647306462384
friends:0.019210784278201623
1000:0.022573026123105702
once:0.01296150335712515
road:0.01744276514961599
may:0.008990461485216573
just:0.005673374702733748
about:0.014275596816259008
is:0.003893806186821216
deal:0.01592422701333579
picture:0.019761003689349757
having:0.012641987402996914
turbo:0.04799906356830803
heavy:0.04330249504165804
their:0.0073124812491870235
first:0.009070313185463967
too:0.018864906935888853
bike:0.12756781991125507
article:0.003914651595732372
little:0.011330138656514319
honda:0.06984376640108343
realize:0.01890585149338714
