some:0.013419964081992575
go:0.022361290250507208
there:0.04219673496906425
fields:0.16926298170311524
thanks:0.02291249017145015
to:0.006336547862486578
look:0.027254808325010465
been:0.016864832037028037
that:0.003987409487752607
motorcycle:0.10677249129322315
me:0.02491008460700103
pricing:0.06707778410676508
hi:0.036218582299016144
on:0.00582768764642862
etc:0.05338675833237323
a:0.008025885780726409
how:0.01511911491067959
lists:0.05445005665080979
related:0.0443004481107031
also:0.0341033823374613
helpful:0.053386245646611576
book:0.03574366104234107
d:0.020940738188241787
have:0.011752887658566732
reliability:0.06321028713410747
motorcycles:0.1900816228356794
thinking:0.04004053487182362
what:0.0105797942873176
please:0.02201626847017534
now:0.018987521814692463
david:0.028694772866028666
or:0.007750706410380291
cross:0.05264839325995572
and:0.002194238014314884
for:0.011218926307312896
subject:0.0003068615734714747
guide:0.16211851193166804
idiots:0.06817330341486076
i:0.004388476028629768
info:0.03385512022290112
directly:0.04175287730455609
any:0.023523845202041545
information:0.028032428557284654
the:0.0008663827701023598
riding:0.05189912912335002
country:0.03874430009218543
an:0.010320668259330307
jonathan:0.05494833758039157
about:0.022644050122341875
is:0.006176382227371584
questions:0.03476064755454611
lot:0.028489119405349317
blue:0.045938639396129986
respond:0.046482847678856395
needed:0.03834278954179335
process:0.04156969808314445
while:0.0249464655848106
buying:0.13831785949094882
