likes:0.033905278916157
another:0.014214777758901145
go:0.012470719562782865
at:0.011294423236595269
k:0.024286288822126044
help:0.02743708615438201
take:0.013626596989331432
your:0.016152977207452082
with:0.0037488934409586365
85:0.03179678512778629
from:0.005426745220706254
throw:0.027329298567530833
my:0.0060911170598096235
to:0.007067688000465799
sound:0.022122969802105326
rpm:0.07553662415307186
besides:0.025962094834210827
most:0.011901252974147679
that:0.004447495197877908
like:0.007465635022491495
happens:0.023949214838325503
me:0.013892162569289034
need:0.01231539738139254
re:0.0023970545049882726
flat:0.03165272835950387
anyone:0.010723812497701225
had:0.019671903662591476
this:0.006730544081684859
on:0.00650011314409346
set:0.016983426821320008
you:0.0035628140346712937
brain:0.028265246147223033
fix:0.02788486512295182
am:0.010476515107060035
73:0.03500688312722532
m:0.008774453282795334
a:0.006266364667259465
fl:0.0382814063564945
84:0.03351269157487034
250:0.029295518230495424
are:0.004121226805136061
it:0.017582329730254972
not:0.003864807747281826
have:0.006554495040354523
properly:0.027601064971169847
ve:0.011699574993765604
money:0.019873203632879036
yourself:0.022476119688298667
be:0.003708084981650457
which:0.008281361105881523
thinking:0.022330298293901638
writes:0.00423886148088181
get:0.016850948401168235
if:0.008591672048248837
of:0.0012464140100367862
highway:0.03383815519905895
shop:0.09345180347716725
gear:0.06514008291952919
huge:0.02755078819257353
now:0.010589194858193873
in:0.004555889792166422
5:0.01665944158280566
system:0.01432834826437516
or:0.004322509344250547
and:0.004894838647317819
for:0.002085569634051756
subject:0.00017113433905139932
i:0.007342257970976728
back:0.013502286667099598
any:0.01311906751652317
suggestions:0.025365361353018444
the:0.0033822250448226738
did:0.021075782608243145
injection:0.03913737682203631
put:0.01594525192017166
problem:0.01356131597465118
ted:0.028759705947750132
about:0.018942618852343683
cruise:0.037646208262621224
n:0.023468048050028213
is:0.001722260428786307
ninja:0.0382814063564945
done:0.016978612509107042
match:0.030684965366491825
new:0.011051279262074018
right:0.012435087139681406
spot:0.0309347472160648
lee:0.027353533970350744
does:0.007810825732932854
filters:0.03913737682203631
stock:0.06369106511948565
dead:0.021995398300071384
bike:0.024181812016144506
thousand:0.029880236232236845
article:0.005194441540491032
replaced:0.02772850965420721
seem:0.017690465095485497
especially:0.020033946842931676
s:0.003977155646512937
