ask:0.026496023494148792
folks:0.033665598639043434
k:0.03444237323865148
know:0.011217046596893652
all:0.008673343914966283
wonder:0.03354879734379026
damage:0.08089950647579401
work:0.018409749672639125
to:0.008770358291487104
hill:0.0453026181650851
stevens:0.05391888542811715
then:0.014508003179780028
nt:0.012983246394953426
permanent:0.04642638140115034
me:0.03940322474198344
re:0.0033994591161651865
had:0.013949168051655773
off:0.0396992263264791
on:0.004609171138538999
you:0.005052718085533835
serious:0.03269994215490427
cage:0.04827728099425251
etc:0.04222407249924064
snyder:0.1110078324406848
m:0.012443770110146109
more:0.011558354780188415
a:0.0038086476159447137
how:0.011957845429355674
anymore:0.040285948642418114
idea:0.025203420866006875
anywhere:0.03842117549867692
wa:0.04558896968380665
no:0.010234052147113726
reasonable:0.0339846106373277
instrument:0.0480838500992772
co:0.04149987039355014
it:0.009350602629271962
ken:0.07501950365663293
made:0.021141632290163647
nasty:0.0480838500992772
motorcycles:0.05011242783849729
div:0.049094992236642876
chain:0.0946976620780254
get:0.011948854320828385
things:0.02031569025582045
of:0.0017676416869612604
key:0.029144021556696143
what:0.008367655481787556
but:0.006048029293185548
reading:0.029875654966936276
again:0.022198810346436525
seems:0.021422609903464344
who:0.01175502612939862
in:0.0032305400344452813
door:0.03845429360120875
or:0.0061301041609371386
use:0.01511617752497589
for:0.0029577169355643087
subject:0.00024269960810925723
i:0.0052063283794198615
the:0.002055690027242872
do:0.019590488697449907
handles:0.05047855419429675
road:0.03282411259973191
an:0.008162710350561243
cars:0.034746155028831875
ready:0.03832253898936724
just:0.01067625966787169
e:0.02828081541867115
n:0.03328195905276728
is:0.004884956852557526
blocks:0.04888356621696772
carry:0.03538598045393915
206:0.05272771940624075
hewlett-packard:0.05487670829773376
bike:0.034294206131986756
lots:0.03316995464923964
going:0.019798324400451657
lake:0.048375562049745385
s:0.016920989477891408
