ducati:0.052319291412537855
go:0.007940539803241336
750:0.022189310837782777
at:0.007191551122076989
out:0.014426658356087262
behind:0.014398948575504892
technology:0.027491164782179126
all:0.003894154410801189
small:0.012198962858228619
gs:0.025328629562427134
where:0.007540639992790865
with:0.004774101035016714
much:0.007131415794122169
previous:0.014176324162011455
modern:0.016761339204252414
both:0.009166139111462196
to:0.0011250605388496578
remember:0.02271529825731618
cylinder:0.0231376046229608
line:0.01152572958696322
then:0.006513797346023687
h:0.014421151527732722
sutherland:0.0242084791718077
us:0.008407658719122434
been:0.005988736274373222
make:0.0071840019728559345
that:0.007079686233356669
ran:0.05558933258524845
nt:0.011658425334243895
12:0.029007223115200296
re:0.0015262877664415126
exactly:0.013128092462334729
so:0.004170655499530287
balance:0.020468517000892784
these:0.006761779482036501
m:0.00558699882496356
more:0.005189465411513167
a:0.006270018524208304
how:0.005368828560118875
hard:0.02207537471490212
sorry:0.012969047692810714
was:0.007228254155929679
old:0.021615616998712853
course:0.009984293060816406
across:0.01575169029319936
ride:0.017235508313485238
based:0.012330216375104256
far:0.010160726824985313
bgardner:0.07809017754760783
d:0.007436098866845043
place:0.011099704560475208
it:0.008396459503836048
not:0.0049217143557221624
should:0.013410711365171264
have:0.004173474393042064
japanese:0.020435993859467573
only:0.005443005054160354
states:0.014093305042676259
400:0.11242841570141394
second:0.022446496135936873
1/4:0.04555445326922219
writes:0.002699030167418622
things:0.009121330318939795
end:0.01103768735745106
of:0.004761810258752783
even:0.006853712031698065
what:0.007513813085686786
but:0.008146325170413186
2nd:0.017823007553426622
again:0.009966812808604156
latest:0.017005496327562254
75:0.019048778244682464
gardner:0.07059873010549363
good:0.006612285107589793
blaine:0.07734783523965148
in:0.0058017861843098935
indication:0.021379307006256905
mid:0.02346430955224054
speed:0.01370802108932972
or:0.002752291664094226
rather:0.010504014909848423
and:0.0046750703815198755
still:0.01666701291615957
for:0.003983863627494783
600:0.04012936095807207
subject:0.00010896717098782979
i:0.005454248778439855
we:0.005500995533526409
top:0.013802580514968636
paid:0.016881592399070028
any:0.004176682719546153
will:0.009251472203292118
mile:0.021675513915786846
than:0.005839188907018209
the:0.005230122926454654
thing:0.009240540551530436
ss:0.02239343500339364
got:0.009029199271961528
would:0.007613466498811234
specific:0.014959821585593603
did:0.0067098409936447575
wars:0.019670285231325538
put:0.010152895100190937
last:0.00889862266146734
bought:0.014951362240279431
an:0.007329780722952954
btw:0.015313430695687082
78:0.04427967179366886
changed:0.03085155260272184
is:0.005483114834503345
weight:0.018142602861237877
105:0.024548812269518116
touch:0.01948651510326858
new:0.014073465835784057
days:0.012156133161429276
evans:0.02320088701698515
run:0.01092585480974447
wanted:0.01242922444712695
guess:0.024458426636209417
too:0.015938921370322424
article:0.006614962288298784
opinions:0.011655551655183847
three:0.011912195944785604
bad:0.011186126721413813
stands:0.019512266814261495
high:0.011417648267924577
says:0.010453170385418646
seem:0.01126413287712546
yfn.ysu.edu:0.02272013993267338
3rd:0.018015325606394256
s:0.010129571932343158
