looks:0.019560602710707944
king:0.023986591456444547
bbs:0.02312595801003235
minnesota:0.028794739187358722
all:0.005451816175121664
access:0.019156439245820146
with:0.003341870724511699
from:0.009675111479202006
yamaha:0.031350809004751096
work:0.011571842651373164
wrote:0.014717571283959206
my:0.005429795779030293
to:0.0055127966403633235
dod:0.05995652642901321
worse:0.022257516647659355
make:0.010057602761998307
that:0.0019823121453398673
weapons:0.02285460563136956
bay:0.02738996797297998
like:0.013310160725813407
really:0.011150832818233862
nt:0.004080448866985363
along:0.019965493777949914
could:0.008623480887577471
me:0.0061919353165973984
rat:0.03424544457606271
sitting:0.025941688539782615
re:0.002136802873018117
mean:0.015105268896170632
bc:0.06608751305113844
contact:0.019886127422746102
big:0.01586160316495747
on:0.002897193287081657
you:0.003175994225192696
friendly:0.029598064619479808
temporary:0.060210164845916
state:0.015186933639660664
why:0.01016984331516575
more:0.007265251576118434
a:0.0031920094305060457
how:0.022549079952499274
vision:0.027245294784498317
low:0.019404540228456113
want:0.010814845529783896
below:0.02121070807450224
idea:0.015842150258632892
steve:0.01832659341048221
standard:0.01739454023121278
whole:0.0170966598572988
ride:0.072389134916638
doc:0.03172937692212938
are:0.003673779323435574
early:0.02001566342167589
d:0.01041053841358306
it:0.007836695536913645
flame:0.023986591456444547
should:0.009387497955619883
area:0.01833409739805341
university:0.01343051486627802
points:0.020943750219831043
500:0.02382729791628309
be:0.009916478693785223
rates:0.026203457317104294
get:0.007510708430234984
down:0.013510660439732331
coast:0.03059693733022225
if:0.007658861940153249
of:0.0033332671811269485
ryan:0.050799288011466055
but:0.003801618412859487
vancouver:0.028173974381628462
order:0.016024667777899956
easy:0.018935323224336043
up:0.007676916402013626
now:0.009439510845018538
sounds:0.020358311791776218
in:0.003045937746762694
mid:0.03285003337313675
promise:0.028475931418053494
or:0.003853208329731916
for:0.0018591363594975656
seriously:0.02215402093369909
subject:0.00015255403938296168
fits:0.02923264333604967
i:0.008726798045503768
stafford:0.11288578053427802
we:0.007701393746936971
sick:0.02566424153739981
will:0.006476030542304482
than:0.008174864469825491
em:0.027174308955935134
the:0.003015012039956212
waiting:0.025000230065062294
do:0.004104673822322838
canada:0.042521229634361675
start:0.016100354787900072
would:0.005329426549167863
wars:0.027538399323855753
may:0.021268863170740924
shelf:0.031350809004751096
address:0.018244693451049204
replies:0.025610332781780615
about:0.011257327775107103
south:0.02469508276947878
n:0.02092008854745372
dynamics:0.032481241823779206
hit:0.020455440799596623
disclaimers:0.031206135816269433
either:0.014306072612076332
expected:0.02371067579267619
hst:0.03059693733022225
image:0.021148931411049583
bike:0.02155635814010596
afford:0.02700060908631016
article:0.004630473601809149
little:0.013401935439419796
charlie:0.031350809004751096
bad:0.015660577409979337
live:0.03539072313083039
built:0.021099986480427164
black:0.020168870607108216
apply:0.02285460563136956
john:0.03064546742379252
s:0.00709070035264021
