tip:0.02959208742186981
another:0.011313802706064177
since:0.010208273588794291
go:0.009925674754051669
at:0.004494719451298117
out:0.006011107648369693
there:0.004682545844781364
all:0.004867693013501486
anyway:0.015553641947165988
chris:0.0391504820706051
switch:0.021694456234745793
with:0.005967626293770891
turn:0.01745652109548222
signals:0.025923094223077942
longer:0.01731740310394987
both:0.011457673889327743
syl.nj.nec.com:0.03127310375416696
name:0.014093022988929851
my:0.014544095836688285
to:0.005625302694248289
lights:0.025044012598930313
zx-11:0.03057628980005599
front:0.017943627190642516
nyc:0.030260598964759623
make:0.017960004932139832
that:0.0035398431166783345
like:0.005942036038309556
nt:0.0036432579169512164
me:0.005528513675533391
re:0.0019078597080518904
pack:0.02628445163414229
anyone:0.008535279334905057
baby:0.025464643564292934
this:0.008035445485276821
off:0.01114008902018546
paying:0.023927595959302314
ti:0.01932990334822277
getting:0.013837763123595337
on:0.010347118882434487
1983:0.025751580902674955
disclaimer:0.019153344525888707
why:0.009080217245683706
seconds:0.02361308492302065
more:0.006486831764391458
a:0.004987514735165697
other:0.007037285652203626
same:0.019817279087026657
was:0.004517658847456049
red:0.01843172936195179
route:0.026100574407187202
114:0.030060493285406147
question:0.011137684098709716
also:0.007568862916732482
others:0.013756776648308142
corn:0.03057628980005599
are:0.003280160110210334
taking:0.03476479626685311
d:0.009295123583556303
wild:0.024107686684205498
gloves:0.06279817294292955
have:0.00521684299130258
money:0.015817447789434336
lady:0.026145926179724173
transaction:0.0938193112625009
robert:0.016303122596722976
usually:0.016825258888707208
be:0.002951332944578935
writes:0.003373787709273277
get:0.0067059896698526645
making:0.015686771382002057
of:0.0049602190195341496
raised:0.02308663473814702
tend:0.04346534789529932
must:0.011823777691221924
now:0.016856269366104532
good:0.00826535638448724
sounds:0.018177064099800192
one:0.005016892386610319
in:0.0018130581825968415
message:0.016567958615100617
and:0.002921918988449922
for:0.0016599431781228263
subject:0.00013620896373478723
i:0.008765756965349767
back:0.021493435919056503
pay:0.017004296234683077
any:0.01044170679886538
flash:0.02805762745238443
will:0.011564340254115147
later:0.016303122596722976
behanna:0.09047869545607204
than:0.014597972267545521
the:0.0034611107601538148
do:0.021989324048158062
thing:0.023101351378826084
when:0.006671808381855795
hello:0.01974127954414169
automatic:0.023503359386178996
putting:0.020510482178765378
would:0.00475841656175702
agree:0.015390587647777749
needs:0.01708850287076197
nj:0.02489926414418941
1975:0.028844110512727585
just:0.00599177838503003
is:0.0013707787086258362
number:0.01276665738978448
1/2:0.024200173340289968
average:0.01979347479031932
time:0.008058724336243436
2:0.009940865061711268
warn:0.02959208742186981
notice:0.02060186445716604
whenever:0.024200173340289968
coin:0.06643771318720233
bike:0.03849349667876064
article:0.004134351430186739
very:0.008894094345833914
little:0.011966013785196244
wide:0.021948147231441867
takes:0.03648877402020072
before:0.01084792993480941
live:0.015799429969120708
by:0.005053242218454929
s:0.003165491228857236
1991:0.02215225608151176
