read:0.04198153818329484
with:0.010830136607213839
members:0.0683007834908262
to:0.005104441333669743
its:0.03829304733396611
re:0.006924824125521676
this:0.009721897006878128
federal:0.07317511464250484
you:0.010292573877939293
m:0.025348420594742075
a:0.007758356254702194
vote:0.08434876614493514
austin:0.09271886102906583
handling:0.08936704751307609
ride:0.15639627914088453
texas:0.07348462354942596
area:0.0594160563825805
buy:0.11136448612014688
rider.cactus.org:0.38943816991471203
list:0.10783809618228073
writes:0.012245599833658562
were:0.028727838842079613
mailing:0.16347239902098487
gon:0.08852787721285307
bmw:0.24619190837033292
and:0.003535161245285091
for:0.01204995788563237
subject:0.0004943880905929314
i:0.007070322490570182
power:0.05003435704019522
rangers:0.08642501240642969
na:0.08070932350056256
joe:0.29477549829058786
thought:0.049714563059105786
just:0.021747936360479368
cast:0.10308211636120329
superior:0.09331628440347733
going:0.04032992007499412
