408:0.01785894720005983
ducati:0.06517742235290731
24:0.01241723304701173
750:0.05528523208735708
large:0.02029853640601746
feeling:0.014802158815557702
markets:0.01997239553877832
out:0.0039938206748490164
fast:0.03540811449099699
there:0.006222230410692525
79:0.018822511733466583
beth:0.06551087817822586
means:0.019217594714839
where:0.006262565417741565
specifically:0.01371878865001919
900:0.05592503370170185
with:0.007929862736129455
much:0.00592270125274553
vehicle:0.014917568447455048
such:0.01303740476927321
wheel:0.016472860273941344
wrote:0.008730762626077495
lbs:0.020696375539788692
mirrors:0.038226493444949605
single:0.011021785323770761
to:0.0023359307798149673
dod:0.01185581031082182
lock:0.034275312947382966
most:0.012587087891301951
garage:0.018641677900567283
motor:0.034163249883306955
h:0.011976888556930564
randy:0.016999276831249938
sophisticated:0.019215976720764052
us:0.006982631817576257
enough:0.008244571277753885
that:0.0035278436484862045
horror:0.01997239553877832
quite:0.009004065702065767
86:0.016205102947437513
nt:0.009682421040304251
perfect:0.027458215553470434
its:0.01401914953243505
rat:0.0203150942400372
re:0.0012675949246717644
steering:0.05718907827808399
nope:0.018512114467278476
ball:0.015113916405870996
apple.com:0.018641677900567283
fingers:0.01926853328529275
reduced:0.033890937736016556
bell:0.015129501860951095
two:0.012642640221378383
big:0.009409425606330702
certain:0.011173949124611894
on:0.0017186739838619997
disclaimer:0.012725611956183684
them:0.009938028281574513
size:0.024412726352988932
locks:0.019431276401178716
8:0.010008445024996156
impressive:0.017824179402882917
fun:0.013953398830284187
a:0.004260521061904257
other:0.009351240595470581
same:0.026333469159709997
noted:0.03025900372190219
ama:0.017081624941653478
as:0.01356125695283082
rear:0.016058152300408312
riders:0.019782261753520547
fine:0.02196038357912244
far:0.0168771394720095
frank:0.013275167378137701
are:0.010896803077986874
no:0.0038160872412966434
model:0.024806450925990167
it:0.01627110514020206
not:0.002043762740935474
cool:0.015562125337201367
have:0.001733052925924247
tom:0.025733750667625458
400:0.031124250674402734
leather:0.019844462223582233
lady:0.017371530614325212
brakes:0.01886926875764399
somewhat:0.029164995643136314
be:0.00588265685224547
which:0.01313788812729679
writes:0.0022415674271781772
of:0.0013182412580728044
produced:0.015562125337201367
future:0.011879682455314745
but:0.002255197363560713
impression:0.016037669878523692
in:0.002409216296874447
restriction:0.020105347108789445
and:0.005824028356639167
few:0.023243669500741894
still:0.013842095472742693
for:0.004411510005587444
subject:9.049815895599423e-05
fits:0.017341398589182006
i:0.001941342785546389
sees:0.017965442780511962
power:0.018317662916410453
limited:0.02631928856201871
mention:0.025591015690013035
ol:0.019215976720764052
will:0.011525139100711367
than:0.0048494958719303765
the:0.005365699393142411
see:0.005997917835292122
less:0.027954564982335024
responsibility:0.014704301242673457
rule:0.013385415485614177
essentially:0.03051366881733032
gather:0.019321917546201696
an:0.0030437225035991073
tax:0.015021879154799975
just:0.007961956362480583
makes:0.009467721634752454
about:0.0033390378993961747
ma:0.013597348899110224
is:0.008196792006833814
disk:0.011867725368813158
72:0.017688568099107665
sale:0.01076227848848688
wanted:0.0103225762357495
filled:0.01691888182576751
sold:0.01392043425437912
handle:0.02754140262188951
bike:0.012787670083113704
e-mail:0.009321002632719547
very:0.02363718632926708
opinions:0.019360068850983337
takes:0.01212169442027007
meet:0.014542850229150561
give:0.008010970411376293
lewis:0.016866325261238813
going:0.007382426047626042
by:0.006714816778421465
black:0.011964584258454026
sometimes:0.011879682455314745
s:0.012619043000461388
