all:0.025785617044494356
with:0.015806145318636416
my:0.025681466522440577
w:0.08363083391971227
quite:0.07178917248944329
nt:0.019299420316822663
re:0.01010650007508569
this:0.028377429101157786
on:0.027405882445367024
am:0.04417125288382069
reader:0.13923655460248352
a:0.0037743354752605273
was:0.023931382002740153
curt:0.17072269940283438
purchase:0.11790436430213627
being:0.052589295403382384
writes:0.017871956513988173
available:0.07300172507606027
in:0.0048021541052565
subject:0.000721539375459954
i:0.005159424520145809
info:0.07960528268628102
impressed:0.1399908461732153
the:0.002037170297267711
got:0.05978794112515065
newsgroup:0.10389632001552297
is:0.007261422348396322
new:0.04659458283469046
advice:0.10513127211441213
wanted:0.08230162133908385
bike:0.10195574795996062
article:0.021900888657205433
howland:0.37012800697119147
jamie:0.16140268625981463
