large:0.025373170507521827
at:0.007465805190291788
bnr.ca:0.07910085881266446
nick:0.12649743945929112
bs:0.04803994180191013
cut:0.062051110098379686
much:0.014806753131863824
c:0.0219160821646522
post:0.02188625257992526
my:0.008052663231612724
to:0.0035038961697224516
dod:0.02963952577705455
stop:0.02816909419136133
archive:0.04112430352323981
h:0.029942221392326412
t:0.10916411250001873
that:0.002939869707071837
like:0.0098698225721074
86:0.040512757368593784
nt:0.006051513150190157
re:0.0031689873116794113
so:0.008659411842245085
uk:0.036624063429311744
this:0.00889800743002405
contact:0.029492138126953962
on:0.004296684959654999
tell:0.020423941132393666
great:0.021366531260446416
united:0.03323323714302726
them:0.024845070703936285
theodore:0.046071026739464234
3:0.03968586346843423
a:0.0011834780727511822
was:0.0075039079161134375
as:0.00678062847641541
part:0.02075611959672269
idiot:0.04491360695127991
concise:0.05043457715602039
stuff:0.02477471654808154
course:0.020730099999152703
far:0.02109642434001188
no:0.00954021810324161
begin:0.03536626677576706
it:0.011622217957287186
have:0.004332632314810617
nh:0.05154152785447009
has:0.009023512490563991
sites:0.038600282812088965
anybody:0.025759280889090637
writes:0.0056039185679454435
get:0.011138762502467139
if:0.005679240845452621
of:0.0016478015725910056
please:0.03246466706619076
good:0.013728897045419484
bmw:0.03755469788699994
apollo:0.04803994180191013
and:0.003235571309243982
still:0.017302619340928367
for:0.0027571937534921526
subject:0.00022624539738998556
i:0.006471142618487964
any:0.008671925985498367
currently:0.03049943645641777
the:0.0025550949491154338
do:0.006087439990733023
thing:0.019185868094279294
did:0.013931449520703095
last:0.018475953831012693
myself:0.028244424254219348
kingdom:0.04203642779605646
here:0.030515269586837222
people:0.012756552034517945
many:0.01570509345405164
gif:0.03969529748564834
oxford:0.04803994180191013
is:0.0022768866685649483
ver:0.05134670142883705
gifs:0.051945155388277334
mg:0.04886070303911282
else:0.021411459536763194
npet:0.10862903725484555
trouble:0.032328999002460466
too:0.016546761592072006
kaldis:0.05060931687807747
going:0.018456065119065106
by:0.01678704194605366
pettefar:0.10918479696370978
s:0.005257934583525579
biker:0.04617501057498809
