hmmm:0.03047793300196246
at:0.01080938665588259
out:0.007228080362456809
pass:0.04980705791645762
your:0.007729645534854372
with:0.0035878980171137873
much:0.01071899919975418
ca:0.012616862552713626
into:0.01098652701216188
from:0.010387389624910131
name:0.03389242338442026
to:0.0016910419142218784
dod:0.021456834611610045
positive:0.0271595092043964
us:0.012637278442852737
heaven:0.026712654456222985
make:0.03239411932545467
that:0.008512996943177345
like:0.007145024929501063
nt:0.0043808500105671075
re:0.0022941135139765063
this:0.0032207511556528773
getting:0.016639273449231204
on:0.0031104835904250915
you:0.01704904875486877
cage:0.03257976018017041
them:0.008993001052345037
more:0.007800116722826539
sure:0.013386773129811064
a:0.0017135019949035522
hard:0.016590388972855884
vision:0.02925108335759022
as:0.009817351659104521
82:0.03195319886068342
rear:0.029062300175585594
driver:0.022575371769855166
rich:0.05570301220198721
eff:0.03414990357978514
ride:0.025906132127631182
section:0.02521324616946802
curt:0.07750601077183891
caused:0.024431375331626794
book:0.01907790497351947
it:0.006310222633251018
not:0.007397668816883005
being:0.01193744742285367
area:0.019683846899750595
has:0.006532358735500313
attempt:0.023660419614948438
evil:0.07687129535721351
call:0.016300344159501275
his:0.011315515592056789
explosion:0.03731227169832804
1/4:0.034235708745274346
writes:0.004056824484770322
things:0.013709975019265335
if:0.008222704536974348
of:0.013121757308117332
safe:0.025476938332496764
what:0.005646884067463995
but:0.004081492161045462
never:0.013521099575839635
least:0.029541869726459904
policy:0.02353832664367669
good:0.009938710744536805
rings:0.035067276180833995
in:0.00654035712495057
fully:0.025752475490047826
fear:0.026415743162592004
men:0.04308709880524346
sword:0.03547642571763567
and:0.0035134731394857966
for:0.0019960052939391043
subject:0.0001637850116074742
power:0.01657579926484995
possible:0.01580964185867842
driving:0.025687782771172882
eyes:0.02651312567275329
the:0.006473952233034811
do:0.008813716796398733
thing:0.01388915604371139
reads:0.031835215045174906
when:0.008022542594133349
cryptography:0.03007029435528668
strong:0.02215124163172092
can:0.005304085843176156
an:0.005508577537188569
makes:0.017134833633447696
long:0.014603136473058803
five:0.024361856521752254
is:0.0016482983244826006
either:0.015359280411738395
lot:0.015205849007763134
friday:0.030572319007112644
protect:0.025333543539948856
change:0.018233184711107287
article:0.004971367363905528
howland:0.16803357371698263
side:0.01975683483786008
aware:0.025134338723809078
by:0.006076291256547031
check:0.020302524936120794
four:0.021521755527748307
