another:0.02111909838465313
mirror:0.2048454203377695
ahead:0.04115847128246464
where:0.017594826649845352
with:0.0055697845408528325
85:0.04724093790413964
my:0.027148978895151464
to:0.003937711885973802
might:0.02025795367503282
enough:0.02316331930416568
that:0.013215414302265784
me:0.010319892194328998
need:0.018297161823783204
so:0.009731529498904002
this:0.009999665492788934
mean:0.02517544816028439
a:0.009310027505642634
wings:0.04352476994245035
price:0.0298108971604187
equipment:0.038428170595624665
third:0.034788428539694154
likely:0.03148960766599741
supplied:0.05249873392604479
it:0.0032652898070473523
have:0.004869053458549075
keith:0.11258477340341905
safety:0.07871758828849836
left:0.02785147793810059
able:0.02511871643914923
without:0.021402004617166622
be:0.011018309659761359
were:0.014774317118783803
if:0.006382384950127708
of:0.005555445301878247
piece:0.08208973169130501
but:0.006336030688099146
fact:0.02284063932027466
75:0.044447149237592416
now:0.0157325180750309
in:0.0016921876370903856
replace:0.04187012410337832
clearly:0.03461438453737528
and:0.0018180829261466185
for:0.015492802995813047
subject:0.00025425673230493616
i:0.005454248778439855
silly:0.04450110864269411
wing:0.053418989504035945
will:0.010793384237174138
source:0.02970731392095071
the:0.002153580028540151
see:0.016851292965820726
can:0.008233961832740128
convince:0.04500101514385027
come:0.02286851118542294
wants:0.03352890631041666
last:0.020763452876757123
places:0.03633163697419367
here:0.017146675291651394
is:0.005117573845536455
time:0.015042952094321084
their:0.014416034462682992
smith:0.037502271947299645
plastic:0.048471525822996846
afford:0.04500101514385027
faq:0.036972333932359616
luck:0.03926465358012973
honda:0.09179466441285251
black:0.033614784345180365
concern:0.08774587504173494
