another:0.011986515299397723
seemed:0.022805853493695648
some:0.0063110101358559685
go:0.010515850009697986
inexpensive:0.02958731108137304
pixel:0.026572144418182855
at:0.004761973040294222
say:0.010256999860905641
know:0.013339190547657318
small:0.032310766489362285
your:0.013620888888446082
with:0.00948368719118185
former:0.021572421204035453
my:0.01027258660897623
to:0.00223491755690405
dod:0.018905211036175335
helmets:0.06767115096286404
day:0.013747583977096607
that:0.0037503202749673173
church:0.020255545081561126
smaller:0.0242769852380809
like:0.018886038867708215
nt:0.003859884063364533
could:0.008157346785546256
egreen:0.030725499022493843
re:0.0060639000450514145
laws:0.02006418331371834
big:0.04501265763028472
protecting:0.028422340128921413
certain:0.017817918874381132
on:0.0027405882445367025
you:0.018025913170012602
them:0.007923563089363464
size:0.05839260222268975
helmet:0.11436158942530796
backup:0.026978757505953598
a:0.00830353804557316
was:0.00478627640054803
crash:0.027604875427711013
said:0.011845972046829365
question:0.011799924774849214
drinking:0.029128395169013648
ride:0.02282540290164261
east.sun.com:0.05988146280342555
are:0.003475196657303922
likely:0.01787248002664718
yeah:0.02137417537399001
it:0.0018532725931890378
not:0.00325897301932954
should:0.01776013126738897
have:0.005527033655650301
real:0.013824831643233771
guidelines:0.03098500831539309
writes:0.0035743913027976343
get:0.014209448381525647
if:0.010867304104271502
of:0.003153090576741708
what:0.0049753627189007095
but:0.0035961255256778935
passenger:0.08960452360515767
least:0.013014391257872878
ticket:0.02737284815897029
ed:0.04289913158561084
who:0.00698947499585864
up:0.007261947947850728
pick:0.021730024362367647
one:0.010630388192168893
in:0.0048021541052565
gon:0.025840569564832792
or:0.010934780395185167
and:0.001031884904029162
green:0.045495251884884146
for:0.005275927506682281
subject:0.0001443078750919908
showed:0.0231067886419456
i:0.006191309424174971
stupid:0.020873979412251636
event:0.022447248368632284
the:0.002852038416174795
do:0.003882799561656739
can:0.004673329688852505
her:0.053617440079941535
na:0.023558397129893938
maybe:0.014313043688336887
meeting:0.02619398988517253
put:0.013445725943496105
last:0.011784662443564855
an:0.004853503451685064
just:0.006348046289004789
head:0.01866410667813883
norman:0.03016443527286334
is:0.005809137878717057
picture:0.022110960884840002
night:0.018096404576129863
carry:0.021040312702342197
spare:0.027557666346798827
their:0.008182073613955211
primary:0.04974436094552855
observation:0.02836746244533213
dead:0.018547470998979115
him:0.0259082735498736
article:0.004380177731441086
919:0.0303188859347231
meet:0.023189950365402247
grateful:0.029128395169013648
concern:0.04980171286152523
s:0.006707419252497496
biker:0.0294521689072897
