thu:0.0342549807205791
go:0.01131065262671004
week:0.02004557444421851
pixel:0.02858050417071993
fast:0.020243011191558358
bnr.ca:0.02713343412760002
11:0.022466364172208785
rides:0.034367876568585504
nick:0.02892770902363634
take:0.012359006571719205
nowhere:0.030005634740679146
wonder:0.021455626208237957
much:0.020316242669301526
insurance:0.025816412910748567
though:0.014450838381457439
previous:0.040386039763869834
bikes:0.0558854395361326
times:0.016339977566819923
garage:0.03197264523643808
day:0.014786645556760883
perhaps:0.01679338103279096
die:0.021905548671118307
she:0.05782225264357818
that:0.002016887357177191
cleveland.freenet.edu:0.024897783555264567
bit:0.015843512779393602
nt:0.004151619486758363
egreen:0.03304777511140326
re:0.0065222180717122765
eat:0.05250260736897037
chances:0.028373580071285612
off:0.01269452004625785
getting:0.015768613792003987
amount:0.02161870355596993
apr:0.02166981556417441
two:0.010841799027054136
on:0.011790902912541626
you:0.01292555789322609
none:0.021061106002449384
them:0.025567311131376294
vs:0.01986402293641478
imho:0.02517250962997704
m:0.00795822507044228
fun:0.02393170148217346
more:0.007391971080353057
a:0.0032476840135962676
how:0.007647459286215839
same:0.011291240410050071
basis:0.02166981556417441
constantly:0.030337951100213728
was:0.00514802984942666
wife:0.023494081553162616
stuff:0.03399321572876304
ride:0.04910115740469631
quoted:0.02597570927230737
east.sun.com:0.03220369365881897
are:0.003737856869774567
no:0.006545033349898313
fuel:0.056114192624489634
ve:0.010611242436206014
tom:0.02206818734578346
has:0.006190549266782273
annual:0.029344824749559836
which:0.007511001933241382
writes:0.0038445487849858274
spend:0.023837774504136922
down:0.01374631149391371
things:0.012992592605466568
if:0.011688670112152487
of:0.004521874082924155
even:0.009762554928872243
gmt:0.02463545544316881
ed:0.023070753905052338
they:0.02169580522111032
cheaper:0.051271841848451086
in:0.004132086090569546
or:0.003920415451762124
rather:0.014962114261121299
and:0.00332962861474526
green:0.02446692325204525
subject:0.00015521486565126915
i:0.005549381024575434
unfortunately:0.021406355121081144
than:0.01663489863045885
cost:0.01930818374622605
the:0.003067599459257774
do:0.004176266970386608
thing:0.013162397878633467
less:0.015981776491838823
got:0.012861359428084732
can:0.005026546467661124
an:0.005220338014893818
jonathan:0.027793635869151546
here:0.010467447125717419
about:0.0057268382576853
middle:0.023355234274073152
e:0.018086568000312945
five:0.023087108215381496
15:0.01942913216267816
f:0.021605995455853767
is:0.0031241003126821383
horse:0.03153639415537462
having:0.015214484839653264
npet:0.037262286035092365
does:0.00708423729266003
break:0.022815154350278408
matter:0.017563389604072922
1993:0.01761427792447754
too:0.01135184806897963
nice:0.018370578236946267
every:0.014140398412426721
count:0.0247870382356675
bike:0.02193234113092176
article:0.014133713028777924
lots:0.021213343089630004
mike:0.018577976912544786
says:0.029779380749157768
pettefar:0.03745292453987719
built:0.021468009500434614
four:0.020395617157110312
s:0.0036071876793954552
