ask:0.019560822713801124
there:0.012319181014458355
marc:0.06433885094324156
help:0.014363038389542261
own:0.01521134654730198
with:0.0039250159516077
insurance:0.05960299356575508
into:0.012018818140821385
work:0.013591090362351031
post:0.017332736942491142
my:0.006377276921679874
to:0.004624829396277956
h:0.04742526341334921
us:0.027649347465570417
might:0.014275739166969436
she:0.022249278422137465
that:0.0023282189626474955
motorcycle:0.09351550411923235
divide:0.04036549668477811
kinds:0.06120666676218852
european:0.029741304366885855
arrived:0.035427867188276486
finding:0.02992352577001305
so:0.006857789244194094
anyone:0.01122761576940531
had:0.010298043528068021
30:0.02297386224412007
getting:0.018202695115601922
two:0.03754609595946264
am:0.010968700380546077
state:0.03567400519383378
working:0.021265362487963804
europe:0.027604031003674215
a:0.006560757638204541
unlimited:0.041303496298034204
also:0.009956356588453466
washington:0.05153306490489253
are:0.004314841487256547
those:0.02491161952063839
d:0.01222714243206064
it:0.006903129457851784
have:0.006862424337552387
buy:0.020180141780160844
safety:0.02773606298755814
whose:0.025119338593966235
after:0.012947742870234572
personal:0.022509365578494738
be:0.003882290316358868
get:0.008821301847591424
things:0.014998160591545299
if:0.008995307647830996
of:0.003914911118773261
america:0.026427775533331962
even:0.011269526495073998
year:0.01660913232355471
years:0.029929871449401253
who:0.017356414419246284
difficult:0.025014820651261736
in:0.007154887324610355
citizen:0.03275339444470554
world:0.033842291123928545
and:0.0076871962649152316
for:0.0087341976620691
subject:0.00017917420732898185
italy:0.07629821904914579
car:0.02052780765022409
i:0.0076871962649152316
license:0.031398083413406164
info:0.019767754761022802
any:0.006867699773750385
will:0.007606076140290499
the:0.0010117490066967154
got:0.014846669943829357
wants:0.02362775276908556
friend:0.023310063219414805
an:0.006026162003770045
thought:0.018017358424105453
just:0.015763604878736723
here:0.012083227554519436
people:0.010102504295792734
living:0.024724865865967113
obtain:0.030741008145074813
experience:0.02222968305231643
advice:0.02610642327673321
bike:0.02531787029878217
very:0.023399228077630164
lewis:0.06678612016195234
going:0.014616212644628741
north:0.02694063614034111
buying:0.02692092567273501
summary:0.02887138830444702
everything:0.020735989824988275
s:0.00832800376987944
