another:0.009988762749498102
go:0.008763208341414986
large:0.013486640179673763
out:0.005307104049911982
tommy:0.05002379244479858
there:0.0041341395746718355
know:0.005557996061523882
true:0.011636399964674984
chris:0.03456529047675045
your:0.0170261111105576
cut:0.01649106079191172
damage:0.0200426705232823
insurance:0.14001333848892467
sigh:0.025074028304076477
from:0.01144016560040778
longer:0.01528923877646025
syl.nj.nec.com:0.027610487999174437
my:0.004280244420406762
to:0.006828914757206819
cash:0.022887056160915662
job:0.01563733583463593
then:0.01437730044843066
that:0.0015626334479030488
like:0.005246121907696726
nt:0.003216570052803777
cs.utexas.edu:0.04875931174484431
me:0.014643090275737092
re:0.0033688333583618965
pack:0.02320609243374725
wait:0.016537836959955487
off:0.00983539390971329
getting:0.012217124199210299
on:0.0022838235371139184
1983:0.022735629986145457
you:0.017525193359734473
disclaimer:0.016910160031865705
cage:0.023921175267422417
state:0.011971681923155928
independent:0.01870604030719357
a:0.0012581118250868423
other:0.01863929713286366
was:0.003988563667123359
as:0.014416471355261593
red:0.016273058355597076
114:0.026539894972700925
driver:0.016575610803992755
wife:0.01820262174389176
mcguire:0.1466417993771583
no:0.005070926739560855
co:0.04112599768730194
it:0.009266362965945189
should:0.007400054694745403
have:0.002302930689854292
farm:0.024771599012015085
marcus:0.026287239717516044
tom:0.017097874880516915
money:0.01396495390418527
lady:0.02308379068119792
doing:0.012075238311555474
public:0.013350200892164836
willing:0.016107656999908425
call:0.01196827071170589
personal:0.015107637257638359
be:0.002605681338457078
loop:0.023124190095534677
which:0.00581933483115999
writes:0.005957318837996057
get:0.011841206984604705
down:0.010650295391680891
if:0.009056086753559586
of:0.00262757548061809
even:0.007563781296243359
liability:0.026126347453542715
what:0.004146135599083924
but:0.0029967712713982442
seems:0.010614806708923775
who:0.005824562496548866
naive:0.025534743840654933
now:0.007441055846298397
sounds:0.016048218754778548
in:0.00240107705262825
required:0.016859375903157517
or:0.0030374389986625463
total:0.01649106079191172
opposed:0.02016722697071703
and:0.0017198081733819362
word:0.02764753618165242
for:0.005862141674091423
subject:0.000120256562576659
however:0.010797742811697807
austin.ibm.com:0.023505079230796224
i:0.0008599040866909681
pay:0.03002560416214309
information:0.01098568146163858
will:0.005104979031095876
later:0.014393747878187854
behanna:0.05325472765582619
cost:0.014959493713292256
the:0.004753397360291325
do:0.0032356663013806157
less:0.012382277281965214
can:0.003894441407377087
fancy:0.024068877172030486
may:0.008382997871350589
an:0.004044586209737553
pays:0.05241215055662958
just:0.005290038574170658
company:0.030325477834516668
lawyers:0.10004758488959715
is:0.003630711174198161
save:0.016317613659555377
today:0.012788857053145733
having:0.011787799064956583
right:0.01747633868279549
spot:0.021737930476153643
does:0.005488688352871735
appropriate:0.01821625111738967
recover:0.026995282886535923
article:0.010950444328602716
wide:0.019377643501633363
takes:0.016107656999908425
fault:0.03988288288573525
check:0.014906808849494095
security:0.016720152761431947
s:0.027947580218739564
