thanks:0.016075698749323894
tony:0.03728019820518313
with:0.00943269962563786
bikes:0.07751851290495812
from:0.006827195600243351
yamaha:0.04424509335347936
work:0.0163312295483089
throw:0.034382020778506536
my:0.007663018236534687
to:0.002222901871114243
front:0.02836250749488656
appreciate:0.030961397866245917
bit:0.021976485468191125
nt:0.005758697997761601
12:0.02865632928719384
need:0.015493564447558356
re:0.003015649215952988
jon:0.033462647288051074
these:0.026719935049982945
on:0.016355123394815804
etc:0.018728419253695446
m:0.01103882832351671
economy:0.041847903648092814
more:0.010253379240489724
a:0.004504852018859339
vote:0.03673252719214917
rear:0.03820286232758429
ride:0.034054028522611954
70:0.06938446544133237
d:0.014692292115943834
reason:0.021550096161359094
it:0.00829488942919287
rated:0.04609650014093501
only:0.010754324502171666
ve:0.01471882015344705
400:0.03702279818124519
60:0.03283596193057272
feel:0.024566747453598207
writes:0.005332761217883567
get:0.010599790123315501
safe:0.0334898463564272
but:0.005365187276212986
tire:0.09272186839191825
wearing:0.040506603523516094
well:0.027143030808924915
good:0.013064595575479832
newer:0.03964392514003087
in:0.002865801643459524
tires:0.16961719109195034
and:0.004618517110775684
still:0.016465395824431833
for:0.015742686915100355
subject:0.00021529803945176046
costs:0.03319558592688577
i:0.009237034221551367
any:0.008252316663619414
mile:0.04282662023683691
than:0.023074214229346145
cost:0.026782319389926458
the:0.0048629226450906645
do:0.005792886442794328
less:0.022168270617711913
older:0.035630245040642175
got:0.035679900348880224
can:0.00697230639062672
hate:0.03246765518191797
handles:0.044779362591714854
sp:0.03805755179933689
sport:0.04044182794531235
78:0.04374403060261641
about:0.01588735774712696
is:0.00433342946597845
new:0.027806444594895917
72:0.042081674106748075
wanted:0.024557741851178243
article:0.006534942583198395
honda:0.03886467646511901
81:0.041620719156425914
mike:0.051538903692866185
s:0.005003518394000148
