believe:0.01825774689353227
out:0.009900647891432435
say:0.015945756086281876
behind:0.02964489412603948
small:0.10046204706776508
send:0.024649975805682543
tower:0.04621256286275083
your:0.021175331465231303
respected:0.050360947905974576
my:0.015969987585383216
to:0.010423354992283593
dod:0.029390454131869217
remember:0.023383395264884303
obviously:0.030940277990134088
spell:0.04750794672684543
besides:0.06806868561574603
owners:0.03628275179318696
next:0.022507395157556093
that:0.002915164919617452
provide:0.028377778809104314
need:0.016144554550396942
re:0.006284714332406227
so:0.00858664367550353
had:0.01289418895531206
formal:0.04750794672684543
on:0.004260578363355377
you:0.02335289871465218
education:0.03634997904249012
asshole:0.05001075717991938
3:0.01967618440871949
m:0.011502644639630858
why:0.01495565193406728
a:0.0023470657577250335
how:0.011053470564950624
other:0.011590823427158914
sorry:0.026700980544022052
as:0.006723648405185028
wise:0.04112891186674676
drive:0.023729443267277214
jason:0.038318459443555
learn:0.032016925888422115
those:0.01559592986796269
not:0.005066470660302226
flame:0.03527439920065374
made:0.019542685310235303
calling:0.034563030416365194
has:0.008947684654508832
writes:0.005556826815273633
if:0.005631516132465624
of:0.0032679090011048513
what:0.01546961517641397
who:0.021731981079560474
in:0.002986213477218327
and:0.0032083816343763854
subject:0.00022434417556317895
i:0.0048125724515645785
community:0.06837897238616175
flames:0.03758371743187706
the:0.003167029453735517
do:0.006036285032827703
level:0.02958432909742646
would:0.007837391984070387
can:0.007265260440653053
come:0.020178098104784943
jim:0.028456560898729995
lower:0.033369601790299304
just:0.00986881145769652
here:0.03025883874997304
about:0.008277446893461105
f:0.06245766753624954
is:0.004515506334296872
today:0.02385820391427187
remark:0.048593759596425326
triple:0.050915216542880434
bike:0.03170052667662641
article:0.013619040005321024
going:0.01830097213487128
playing:0.03365857105340414
s:0.015641250777882816
james:0.05814443306952986
