some:0.014778947786498154
okay:0.05450336880382907
rough:0.03403286255611677
at:0.005575727926926778
out:0.01491363416557544
correct:0.020710236963173725
computing:0.027610515691006594
there:0.005808727756817389
all:0.006038403991432222
corner:0.06204377189761681
with:0.00370143909360473
damage:0.028161220608662475
ya:0.032322164266623654
turn:0.06496477470976927
wrote:0.016301107434764945
my:0.006014014312217097
ground:0.02453768141390722
to:0.0026168338482737293
design:0.023817513971047106
hole:0.05907532493604055
day:0.016096854656727038
been:0.009286331564692654
like:0.0073711333133460325
me:0.006858156205092055
re:0.0023667120428998135
had:0.009711446111912247
this:0.006645347321157203
path:0.028075497664942495
on:0.003208916615438544
you:0.01758857561420006
pulled:0.031688724655503514
fitting:0.03793008101779098
state:0.016820970803421622
bill:0.019591859972732387
a:0.008838633707888576
how:0.01665016452188765
other:0.008729797391341207
was:0.011208368786093489
part:0.015501405774767576
let:0.014589479384511548
ranck:0.12735961113782057
stuff:0.01850263640932672
turning:0.03002046819428376
l:0.020917472017426348
caused:0.05040904024120465
thread:0.05269528852536665
it:0.00433994214860724
deleted:0.02223657909492618
have:0.0032357633743522332
opportunity:0.029122489794059434
left:0.01850889356645925
types:0.0259297291897524
love:0.020710236963173725
degree:0.02804717943459489
univ:0.02939622386870384
edge:0.029830390427835186
without:0.014222851169636045
sort:0.019857350048487533
were:0.009818375300457588
making:0.03891907836547346
if:0.00424145835293297
of:0.0049225464700187
wm:0.03425495951694759
explain:0.02275352865830762
but:0.0042106533053823435
oh:0.020441241671781477
slight:0.03403286255611677
over:0.012695827547590872
in:0.004498220301126341
suspension:0.03531911724987163
mid:0.03638453063480337
703:0.03670917173852204
and:0.002416439332220189
for:0.002059170018430848
subject:0.00016896808159505252
i:0.0036246589983302837
games:0.021075128427903326
any:0.006476501685372198
the:0.00572470640498015
do:0.004546315942446181
would:0.005902845861420101
can:0.005471936660998186
road:0.022852230290952597
watson:0.03766632977474941
just:0.007432839009277759
here:0.011394942440654405
hit:0.02265634265778107
is:0.0017004596638649614
today:0.017969153581002234
steel:0.03367918876881008
itself:0.021285163548065696
compress:0.03864196698884598
right:0.02455536194671265
90:0.025518730440154
spot:0.030543168137380436
center:0.020674878692865876
mystery:0.03480566443460347
virginia:0.03088769476114636
first:0.011883258413867349
guess:0.018963020651491476
engineering:0.04894619611674809
bike:0.023875713129864196
very:0.011033180327743338
difference:0.020298442068572068
s:0.003926811904152014
