screwed:0.08062593674957565
since:0.03031547914248002
looks:0.05186523446021046
go:0.02947624623930496
out:0.017851168167885755
take:0.03220832015660157
with:0.008861020860447688
much:0.026472679841817143
insurance:0.06727913667649627
companies:0.060252005236177825
to:0.006264541636776504
legal:0.05726235142171856
make:0.026667886111359146
that:0.005256130688401164
higher:0.056240513833907456
like:0.01764604641679808
nt:0.010819371995794523
accidents:0.08565826758325162
michael:0.09105136974768756
this:0.007954279369263925
on:0.007681951897564999
sure:0.03306127303271521
a:0.004231830684383015
surface:0.06916645065591691
are:0.009741081539412508
it:0.010389558476968848
pipes:0.09048332411535064
have:0.007746221411328073
chuck:0.07550436360847518
rates:0.06947886409838261
get:0.019914757201380643
of:0.005892138956537535
what:0.013946092469645928
but:0.010080048821975914
sense:0.04979275827822713
seems:0.035704349839107245
system:0.10160101496556932
for:0.004929528225940515
subject:0.00040449934684876206
costs:0.062367464468694477
we:0.020420362207787424
pay:0.05049760699996793
coverage:0.07012370674109163
the:0.005710250075674644
would:0.028262110488011395
about:0.014924487580634417
imply:0.07262491507987115
save:0.05488651867304991
does:0.018461951732386746
under:0.03677762768341878
majority:0.062466494332024565
fault:0.06707575758055474
seem:0.04181382658932936
