tip:0.036025149904884986
laser:0.030443838384544893
go:0.012083430135367248
all:0.005925887146871373
with:0.003632468178817064
such:0.011944206232719246
wrote:0.03199472018252001
my:0.005901951933728579
to:0.0008560243230377831
dod:0.06517013742284045
w:0.01921950841633139
front:0.13106649426208447
speak:0.022269769035021078
that:0.004309374228999712
motorcycle:0.028848468144442276
perfect:0.05031163719424706
need:0.011932931624206436
re:0.004645223636995907
recommendations:0.03347051618799705
uunet.uu.net:0.037493403184787034
so:0.006346649673198261
balance:0.031147743262228144
weak:0.029057853593773407
la:0.02707020788217626
he:0.009876603773417609
best:0.015125317266841205
on:0.009447369414396707
1983:0.031349750664126035
you:0.0034521676360790175
fall:0.02422547221984057
am:0.010151157495039536
brand:0.02798485914794854
m:0.017003909467280396
burn:0.030268863993447404
a:0.006071757068897369
ama:0.03129862955147687
steve:0.03984042045757002
said:0.013611831233934361
rear:0.029423322538015228
let:0.014317625731384004
given:0.017315450678144603
ns1.cc.lehigh.edu:0.03347051618799705
definitely:0.026433861764725362
are:0.003993238395038667
no:0.006992209541506272
tear:0.030809307328786718
yeah:0.024560387852100324
learned:0.02819748754324197
it:0.004259073661366111
ken:0.025627780752265905
ve:0.011336234155449902
minimal:0.032113488000367243
left:0.018164007350935162
robert:0.019847279682967102
has:0.006613506048984788
poor:0.024543206153386718
writes:0.008214439639969718
down:0.02937100095593985
what:0.00571703169563125
but:0.008264387854042363
tire:0.1785327900713954
equal:0.027693200867900274
good:0.020124345979621105
one:0.012215042332616428
in:0.004414402531540136
system:0.013883368504611956
yes:0.03312852013048309
streets:0.03432057322350759
and:0.0035571187685477317
word:0.019061344820890797
for:0.0060624011722746705
subject:0.00016581960802495836
i:0.001185706256182577
we:0.025113240479142297
back:0.026165921988416614
house:0.02135324189124342
power:0.016781709814723864
any:0.006355821529744145
will:0.007039163632939654
masses:0.03415711168116366
the:0.006554373999904809
thing:0.014061692143633269
riding:0.02804487101696554
william:0.02528980918876408
an:0.005577007071812029
just:0.007294338903514819
reality:0.026028641132002373
is:0.008343870400331178
match:0.05946403226301521
white:0.021111609601370138
new:0.02141614366314965
time:0.009810620931078966
dead:0.02131231139634246
under:0.015076543025500863
almost:0.018770142424003527
article:0.01006624696045467
says:0.01590699841259359
s:0.007707282992000227
