some:0.014778947786498154
go:0.024625724706254775
there:0.04646982205453911
thanks:0.025232742340710924
to:0.006978223595396612
look:0.030014788914884943
been:0.018572663129385308
that:0.004391197790309833
motorcycle:0.11758489547481536
me:0.01371631241018411
pricing:0.07387047110491851
hi:0.039886286835625374
on:0.006417833230877088
etc:0.05879301234071482
a:0.008838633707888576
how:0.01665016452188765
lists:0.05996398643823357
related:0.04878656943836923
also:0.018778444704804637
helpful:0.05879244773740768
book:0.039363272287135105
have:0.012943053497408933
reliability:0.06961132886920694
motorcycles:0.20933039476840642
thinking:0.04409527258036273
what:0.01165116586071685
please:0.02424576401145892
now:0.020910308833901825
or:0.008535588072190953
cross:0.05797987612172339
and:0.002416439332220189
for:0.01235502011058509
subject:0.00033793616319010504
guide:0.17853557643107745
idiots:0.07507692907712515
i:0.004832878664440378
info:0.037283486827751865
directly:0.04598101677843519
any:0.025906006741488793
information:0.03087115549979449
the:0.0009541177341633582
riding:0.05715473713584116
country:0.042667773519242176
an:0.011365799222300464
about:0.024937118489161303
is:0.006801838655459845
questions:0.038280713129690024
lot:0.03137409352234672
blue:0.05059065351219378
respond:0.05118997149443679
needed:0.04222560367260786
process:0.04577928776245022
while:0.027472689947829396
buying:0.15232473133813354
