wheelies:0.1816046303276053
with:0.017722041720895376
from:0.02565370467970229
to:0.004176361091184336
motorcycle:0.14074555670470326
re:0.011331530387217289
on:0.015363903795129998
a:0.00846366136876603
austin:0.15172177259301683
ride:0.25592118404872016
it:0.010389558476968848
texas:0.12024756580815159
area:0.09722627408058628
rider.cactus.org:0.637262459860438
list:0.17646233920736848
writes:0.020038254273259466
mailing:0.2675002893070662
yes:0.08081351122739057
and:0.005784809310466513
subject:0.0008089986936975241
possible:0.07809004918074491
do:0.021767209663833234
joe:0.4823599062936892
is:0.008141594754262543
