another:0.00981197048844504
some:0.0051660923678467
inexpensive:0.024219701548911555
at:0.00389807527634704
out:0.005213173004780796
say:0.008396216700298864
there:0.0040609689627307405
know:0.0054596244498154945
raise:0.020854874723884777
rides:0.02615608305219782
river:0.024164043220562616
saw:0.01503265744750201
own:0.020057439252637126
your:0.005574921337085232
with:0.0025877317557059616
way:0.007665366458170546
from:0.0037458949311069715
navy:0.025436972744685538
my:0.033635903055939866
to:0.002439290548833329
ships:0.026911063216050753
helmets:0.05539452623066304
day:0.011253553255587929
next:0.011851239043137944
she:0.014668772057072932
that:0.006139904874946492
church:0.016580866549065522
gee:0.02240697747526329
smaller:0.019872753402853834
like:0.005153270192516253
nt:0.006319279218782642
seat:0.021948223362542752
me:0.0047946401787811715
anything:0.010270978541236299
re:0.004963811983781025
so:0.004521285829136815
off:0.00966131614139978
two:0.008251280675457131
certain:0.014585464565311986
hull:0.02795017645090651
on:0.004486803763179557
you:0.009837150255021626
them:0.006486102528903721
size:0.0318661693545652
helmet:0.07021093156089149
backup:0.02208438114425405
paint:0.043188104179301995
onto:0.0192662065325856
bottle:0.026911063216050753
a:0.005561299616202458
richard:0.033062632874148484
same:0.00859333340941864
bigger:0.041250591612645555
uunet:0.03342471072935651
question:0.009659230457288073
minutes:0.017633483398396342
ride:0.01868451122479594
are:0.01137896250621638
internet:0.012639530721746044
likely:0.014630127455441275
model:0.0161900509362104
yeah:0.017496559487558194
it:0.004551178270884583
should:0.014538160550738758
have:0.002262170854635632
only:0.005900602824200383
buy:0.013304606748867106
targets:0.023593986265505233
reminds:0.024754890090582626
guidelines:0.025363834240476644
types:0.018127863769826898
heck:0.021914828647341945
writes:0.00292593978326355
get:0.005815814049960718
if:0.002965267344085882
of:0.0060224960130980994
trying:0.011930655854284938
even:0.007429909060911618
what:0.004072752668126687
shop:0.02150218487085264
years:0.009866262933541564
wear:0.02168786716775101
passenger:0.04889922379632498
ticket:0.02240697747526329
they:0.004127962940299751
who:0.005721472894840036
up:0.005944514913063649
pick:0.01778785180105316
over:0.008875844037696274
one:0.004350933220246117
in:0.004717160227287358
gon:0.02115267862607994
dropped:0.021981872032388855
or:0.011934716065541333
and:0.0033787381813344237
few:0.010113396021709232
for:0.005758386954196
subject:0.00011812812784078892
i:0.005912791817335241
ago:0.012660025333471877
20:0.013915187382325752
than:0.00633009416911266
the:0.003335190309686075
do:0.006356795742535368
rock:0.021563217269668283
rule:0.017472113133876914
would:0.0041267683455945845
her:0.02926025491088255
na:0.019284528624028224
maybe:0.01171642956788639
meeting:0.02144198287060583
bought:0.016208335171984337
an:0.003973000613105029
just:0.010392819145715805
people:0.006660500619792555
norman:0.024692126218936804
is:0.002377633866289061
chips:0.018374959947774213
thumb:0.026070162318316836
else:0.011179434625389631
spent:0.019211691114939405
2:0.008621281203961986
runs:0.016600843010811217
unless:0.013619740821860581
fist:0.08309178934599455
wanted:0.013474159245779214
observation:0.023221152886665677
taste:0.02279536513403491
bike:0.03338374048246498
article:0.0035855437182150487
opinions:0.012635443166017885
meet:0.01898292397167883
give:0.010456797660867287
59:0.023357310668376978
while:0.00960328542424125
include:0.014873996784268149
s:0.0109811731124959
