believe:0.02586514143250405
preferably:0.12543784342899167
anyway:0.03629183121005397
chris:0.0913511248314119
thanks:0.023730793391859083
with:0.013924461352132078
way:0.020623485946982656
dealer:0.05264958813391365
syl.nj.nec.com:0.07297057542638959
name:0.03288372030750299
zx-11:0.07134467620013064
that:0.004129816969458057
pack:0.061330387146332016
baby:0.059417501650016843
this:0.006249790932993083
paying:0.05583105723837207
1983:0.06008702210624157
you:0.01984996390745435
disclaimer:0.04469113722707365
am:0.01945638519882578
brand:0.0536376467002347
m:0.016295413239477047
why:0.04237434714652396
a:0.004987514735165697
was:0.010541203977397447
red:0.04300736851122085
114:0.070141150999281
blessed:0.06516253035778585
official:0.048288131204218154
corn:0.07134467620013064
no:0.013401734954553688
those:0.022094233979613808
wild:0.056251268929812824
it:0.0040816122588091894
lady:0.06100716108602307
motorcycles:0.06562341740755598
of:0.011573844378913014
raised:0.053868814389009714
looking:0.03087958744531719
what:0.010957644083293227
cheaper:0.052492599987699916
now:0.01966564759378862
use:0.01979499437794462
and:0.004545207315366545
for:0.007746401497906523
subject:0.0003178209153811702
i:0.006817810973049818
any:0.012181991265342943
behanna:0.21111695606416808
than:0.017030967645469776
the:0.002691975035675189
do:0.008551403796505912
would:0.011102971977433047
can:0.010292452290925158
agree:0.035911371178148084
needs:0.03987317336511127
wants:0.04191113288802082
1975:0.0673029245296977
bike:0.04490907945855408
wide:0.05121234354003103
holy:0.05392731456522912
by:0.011790898509728167
s:0.007386146200666885
1991:0.051688597523527446
