there:0.008268279149343671
raise:0.04246127646484648
own:0.020418834554486443
your:0.04540296296148694
with:0.005268715106212138
from:0.0076267770669385185
wheel:0.04377922325056484
navy:0.051790593155846235
my:0.025681466522440577
to:0.0012416208649466945
w:0.02787694463990409
ships:0.054791894475923156
next:0.024129549763506085
nt:0.012866280211215109
me:0.009762060183824727
re:0.0033688333583618965
so:0.009205500877341623
off:0.01967078781942658
two:0.016799904798678482
on:0.004567647074227837
cage:0.047842350534844834
them:0.01320593848227244
size:0.03244033456816097
imho:0.03900605095816262
a:0.0012581118250868423
richard:0.067316711977996
same:0.01749633649124876
uunet:0.06805391553905019
labels:0.05399056577307185
skin:0.04632991024079835
local:0.05506997210659373
ultra:0.04823841470980985
are:0.01737598328651961
internet:0.025734540028059513
bgardner:0.05745373423172348
dsd.es.com:0.058656719750863326
only:0.012013839984407988
buy:0.027088658785981674
targets:0.04803820627030795
bed:0.0513510421272928
types:0.036908983891719635
motorcycles:0.049660964524636954
be:0.005211362676914156
stick:0.03807503878247263
writes:0.011914637675992113
of:0.00525515096123618
even:0.015127562592486718
what:0.008292271198167849
shop:0.04377922325056484
gardner:0.05194200863617399
good:0.014594683345581073
blaine:0.056907566467611456
one:0.01771731365361482
in:0.008003590175427499
our:0.020088066873697238
use:0.014979995745471604
and:0.0034396163467638723
subject:0.000240513125153318
each:0.02293702159784338
i:0.0034396163467638723
favorite:0.04353572169752051
the:0.003395283828779518
do:0.006471332602761231
putting:0.03621670727061274
instead:0.027637246050312085
may:0.033531991485402354
apple:0.03417447700260428
about:0.008874019642539383
lab:0.038826224448590206
is:0.002420474116132107
printed:0.043841141081986106
window:0.031414349025451725
hospitals:0.0509319428873388
hospital:0.044755883597476405
drawn:0.04525062015239636
2:0.017553239208066746
fist:0.1691778774071601
article:0.014600592438136955
opinions:0.025726217617297677
include:0.03028399345265407
s:0.011179032087495825
