ducati:0.042727421320239246
at:0.005873100083029541
all:0.006360452204308608
tried:0.04130485404048895
with:0.0038988491785969825
much:0.011647979130399543
bikes:0.03204098533404936
from:0.005643815029534504
work:0.013500483093268692
yours:0.028175528699029746
my:0.03167380871101004
weather:0.034787517261578416
to:0.000918799440060554
that:0.0069380925086895365
think:0.009598320183523702
nt:0.00952104735629918
me:0.007223924536030299
re:0.004985873370375608
sucks:0.03866699423124322
michael:0.08012520537796505
off:0.01455638298637567
personally:0.026125630700710008
two:0.012431929551022076
sunday:0.02978547996557912
you:0.01852663298029073
took:0.022502677842777864
them:0.03908957790752643
helmet:0.035261490072803284
more:0.00847612683880484
a:0.0018620055011285268
how:0.008769086648194162
same:0.012947289003524085
sorry:0.0211827778982575
want:0.012617319784747878
as:0.00533409440144679
accepted:0.028079257471331113
let:0.0153675849516855
also:0.009889980877863776
far:0.016595853814142678
are:0.017144303509366014
it:0.0022857028649331465
ones:0.022617533202512377
have:0.010225012262953057
try:0.01624259781562262
only:0.008890241588461911
92:0.05844686517835833
holds:0.03272417646260228
be:0.003856408380916476
writes:0.004408415940117083
if:0.008935338930178791
of:0.005185082281753031
even:0.011194396318440172
saturday:0.033221919987729075
opinion:0.022062077097251262
what:0.0061362806866442085
well:0.0112191194010223
must:0.01544973618319665
they:0.006219464163384958
who:0.017240704989784646
up:0.008956402469015898
good:0.010800065675729996
in:0.00236906269192654
compare:0.028731406091956752
yes:0.01777897247002593
or:0.008990819436041138
use:0.011085196851648988
p.s:0.03023221803413219
and:0.002545316096605266
for:0.008675969677655307
subject:0.00017797971261345532
welcome:0.027890787911742747
i:0.0038179741449078986
we:0.008984959371426467
ugly:0.03657594383887628
house:0.022919146296601276
face:0.0478569545459408
any:0.006821915108592049
em:0.03170336044859099
the:0.004522518059934318
thing:0.015092882900833045
see:0.011795905076074508
when:0.00871782961895824
desirable:0.03954051598061925
would:0.006217664307362507
can:0.00576377328291809
friends:0.026510882303918244
people:0.010035154267154118
nose:0.033987788494385225
is:0.003582301691875519
deal:0.021975433278403393
today:0.018927508438655687
time:0.010530066466024758
contacts:0.03843708639076876
too:0.013016785785763312
article:0.0054022192021106735
complaint:0.03981266261075428
full:0.02059774989282169
give:0.01575490847570671
fit:0.027102987195322514
mine:0.021768260298666575
s:0.004136241872373455
