read:0.03063517651213408
week:0.04659241627575113
out:0.015921312149735946
tavares:0.06961827730124176
codes:0.14862959407209053
suggested:0.059352188499396386
to:0.005587293892260125
w:0.04181541695985613
cookson:0.17321927562259154
h:0.04774570438235833
speak:0.048451794792410734
manufacture:0.07768588973376936
quite:0.035894586244721645
re:0.005053250037542845
anyone:0.022606956076235016
file:0.041060620033221744
getting:0.0366513725976309
on:0.006851470611341756
how:0.03555035127646282
richard:0.050487533983497014
as:0.010812353516446195
old:0.03578260922084222
listen:0.05771549149112525
oasys.dt.navy.mil:0.07961968491810277
jack:0.057766971604864
rich:0.06134858776299943
no:0.015212780218682566
dot:0.077913012954261
it:0.009266362965945189
have:0.006908792069562877
date:0.09669727539954928
list:0.039346332390832156
writes:0.008935978256994086
of:0.00262757548061809
mailing:0.059645334777926926
year:0.03344271238121151
tire:0.15537177946753872
one:0.02657597048042223
code:0.04379070959907698
in:0.00240107705262825
and:0.007739136780218714
for:0.008793212511137136
subject:0.000360769687729977
i:0.005159424520145809
the:0.007130096040436988
simple:0.04458362914805731
is:0.007261422348396322
division:0.05354820832595045
handy:0.07091865611333031
else:0.034142597639703474
does:0.016466065058615205
replaced:0.058454696027788175
check:0.04472042654848229
s:0.00838427406562187
