read:0.013993846061098282
750:0.03355790836578259
out:0.0072726981424719745
tank:0.028636380959532325
all:0.005889307596582044
delete:0.03305224711598082
technician:0.036369485703330894
saw:0.02097148508108305
swap:0.032847603860938226
where:0.011404054310084948
your:0.015554718792361266
from:0.0052257546569763925
yamaha:0.03386661466562618
work:0.012500447308582121
my:0.017596560395005578
to:0.0034029608891131624
dod:0.043178568415956006
declared:0.03371033190029105
attacks:0.028370841545435472
most:0.011460465826957023
a.k.a:0.03686357649143914
that:0.0021413865767560296
nt:0.004407892294582954
re:0.0023082747085072255
anyone:0.020653268514091248
file:0.01875608569418771
had:0.009471657319025524
error:0.023243568883777765
this:0.0032406323356260433
off:0.013478132394792286
98:0.034534599755997986
student:0.024833441186226365
something:0.012288032821997053
on:0.0031296841064153698
you:0.010292573877939293
them:0.01809702680904001
holes:0.02958792836587343
came:0.01863411563257992
a:0.004310197919278997
hard:0.016692798781330304
was:0.016397428409284917
as:0.009877952595271832
minutes:0.02459979782739243
stolen:0.030300163391298405
lose:0.025955220575230163
boom:0.035912029085098045
files:0.020427849164121537
are:0.01190576632594862
log:0.03402695717428828
silver:0.032150440828959244
it:0.002116391541604765
not:0.0037216667196047215
zero:0.028602557096787724
deleted:0.04337505551849798
being:0.012011135369908322
properly:0.026578803305570966
left:0.05415565154630669
real:0.01578761638270523
after:0.0238174529341352
attack:0.02437467634726038
integer:0.03740068375680723
heard:0.016683008391480705
common:0.02077856814587253
sort:0.019367045109018703
end:0.016692798781330304
of:0.002400501056367144
dr:0.024190398796953706
fairly:0.0242234972114067
please:0.02364710317166981
up:0.008292965249088794
one:0.00606982041836804
rest:0.020164387860943263
in:0.002193576566598648
5:0.01604242522788693
speed:0.020731266462257907
tires:0.03245761064105222
or:0.0041624164055746
world:0.015563275856374547
speedy:0.07297870086168774
and:0.001178387081761697
few:0.014108811733989422
for:0.0020083263142720614
subject:0.0001647960301976438
al:0.023518606053840936
foot:0.029748270874535535
i:0.00824870957233188
caught:0.027871754529206493
actually:0.015088358809265954
noise:0.02827413712108733
will:0.006995712005575829
the:0.0023263981789785585
do:0.0044340612278178804
when:0.008072064461998369
engr.latech.edu:0.036251904252894505
moore:0.034897812719102514
got:0.013655270503892432
can:0.0053368271138130455
once:0.01656192095632658
twin:0.03673629694080498
forget:0.023698847749472184
about:0.006080346792110318
hit:0.02209692678968771
is:0.004975419016493776
headed:0.03528374084861692
else:0.015596001390975658
heavy:0.027665482943281527
unless:0.0190003791712376
experience:0.02044581959750091
too:0.012052579431262323
bike:0.023286189348879893
changing:0.02643468377472534
attacked:0.03105503732807787
full:0.01907199064150156
earth:0.021731698534529314
before:0.01312465597051015
going:0.013443306691664707
by:0.012227598454532914
black:0.02178736022372801
check:0.020427849164121537
god:0.03275528681203981
