some:0.009811234244818102
there:0.015424856900456259
lead:0.03247239191277236
beats:0.047766532093792946
both:0.018871462876539815
my:0.015969987585383216
to:0.0034744516640945315
dod:0.029390454131869217
besides:0.034034342807873014
that:0.008745494758852357
like:0.009786882886627506
52:0.04528363954846659
so:0.00858664367550353
this:0.004411617129171588
ra:0.1077161882022838
off:0.018348381915599583
something:0.016728246362718677
two:0.03134099886812288
compuserve.com:0.046546515204343386
on:0.004260578363355377
magazines:0.04462605806191409
formation:0.09870266368014975
m:0.011502644639630858
fun:0.034590358444822146
more:0.021368386988583628
a:0.005867664394312585
richard:0.03139560936788889
member:0.03353695733400469
was:0.007440849866398198
owner:0.037662254090853844
election:0.04725708149029349
question:0.018344420868463062
stuff:0.024566525652719513
organization:0.032200279227872865
it:0.002881138065041781
have:0.008592447279792484
ve:0.015337257975020455
campbell:0.09402697748691888
girl:0.04435926227775796
real:0.021492385327716364
leadership:0.04435926227775796
bmws:0.057971944734072196
of:0.00816977250276213
opinion:0.027809340878888145
years:0.018737608596473894
ok:0.027427304121940603
seems:0.019802412515807378
groups:0.061845136109014986
in:0.005972426954436654
competing:0.04763624481197811
bmw:0.037239112190470526
world:0.02118698057758552
and:0.0048125724515645785
subject:0.00022434417556317895
i:0.0016041908171881927
we:0.011325579039613192
world.std.com:0.07724498034219407
ago:0.024043409456845747
flames:0.03758371743187706
the:0.006967464798218137
got:0.018589527912861965
major:0.02753300817409909
wheels:0.04643371671415732
just:0.01973762291539304
relatively:0.03746727176245331
is:0.004515506334296872
guys:0.03264433369320379
new:0.01448739130154241
history:0.027907626927318324
nothing:0.021469378163873183
art:0.11626870047898605
difference:0.053901745324947674
going:0.01830097213487128
seem:0.023190861805846535
vincent:0.04888864463685616
s:0.010427500518588543
