since:0.028180586245122274
week:0.0485611099212054
help:0.030142150986504183
with:0.008237005306895032
my:0.04014989836606907
to:0.0019411255775927195
cs.cmu.edu:0.07295297617477417
day:0.03582116951778693
thoroughly:0.08353630136750545
that:0.004885980639922209
me:0.015261812400064011
so:0.014391698554717185
this:0.007394118850301676
on:0.007140969369567464
you:0.007828154780404533
causing:0.06913558407592031
a:0.0019669072195019647
was:0.012471283578892755
idea:0.03904755345437685
fine:0.04562192363268395
ride:0.05947464136343497
are:0.009055089881707402
it:0.01931579885858997
have:0.02160213858370364
83:0.07899991405526442
battery:0.1991493670816039
what:0.012963973281642694
seems:0.033189959005367295
please:0.026977681083172604
system:0.03148200463721866
or:0.009497344474691343
and:0.010754856746219434
subject:0.0003760134773523704
i:0.008066142559664573
any:0.01441249670829306
the:0.004246495830924242
do:0.010117153787415446
problem:0.05959338850832632
about:0.013873467328477064
is:0.018920607527511544
new:0.02428168401244432
dead:0.048327917391706145
every:0.06851122611091257
bike:0.05313186865519075
honda:0.06787633636161629
somewhere:0.05464114167468432
checked:0.06339107254304538
charging:0.08533677138877144
