some:0.017044333943552613
appearance:0.0395931371877696
out:0.008599832840003357
say:0.013850693242828784
there:0.006699116683044871
indian:0.08812318120803961
take:0.01551641700974966
way:0.012645057076982068
someone:0.016083635873452698
yamaha:0.0400466538381857
rocks:0.03995366824856943
tm:0.03354800241139085
my:0.013871741041318266
to:0.0040239391535498705
dod:0.0255289346108937
design:0.027468373776828047
besides:0.029562677329466342
next:0.019550219151453833
that:0.010128602202466476
guy:0.0247177426784589
like:0.008501015062107103
really:0.014243764548838874
cds:0.04359050650812512
its:0.015093609898059636
huh:0.03648841836541928
me:0.01581881285262109
re:0.005458985442017088
so:0.00745847151375854
describe:0.03410668910571446
der:0.04233612507070425
something:0.014530374577835932
on:0.011102383034437006
you:0.00811385385998134
tell:0.017591423749068996
used:0.028824284793238914
ray:0.06332509294290029
a:0.005096730386300712
88:0.03654612040561719
ama:0.03678160115173559
idea:0.020236323323071213
57:0.040140839274944155
no:0.00821712216191613
hey:0.02813240135497204
it:0.0075077831329920875
should:0.011991329505353865
frame:0.1410938717788256
probably:0.017424990620651157
relation:0.04094156129871367
has:0.02331622935517995
be:0.00422234494260928
er:0.040140839274944155
writes:0.00482673278115009
if:0.00489160890338255
of:0.0014192743471951727
what:0.01343711099265155
wear:0.035777065546800935
75:0.034065333357278856
they:0.006809632295676961
up:0.009806280075564852
called:0.01957849996975718
in:0.0038907963918501567
bmw:0.03234638212164958
chief:0.07274872990013666
brother:0.033822001822478916
or:0.0049219814430882134
and:0.004180263662307919
subject:0.00019486829848188537
i:0.001393421220769306
employer:0.032993360754617694
shea:0.046325495190179214
any:0.007469250118896403
48:0.03747131533728977
the:0.0027509233941206313
uh:0.037537372530865816
can:0.012621401349455668
an:0.006554001011399538
is:0.005883342194686071
max:0.034756905383478615
time:0.011529269853311777
gt:0.03995366824856943
65:0.03572511322732018
lot:0.018091630571280225
72:0.03808852254917344
their:0.011048785537092803
aluminum:0.04589600248928189
dave:0.05118649155291376
nice:0.02306379165514422
bike:0.027535493974587905
article:0.005914838542456942
give:0.017249899790919756
comes:0.022074279833908843
registered:0.03773920852597903
built:0.0269525374749982
hawk:0.042465319064130536
parking:0.0400466538381857
s:0.004528731977051228
