lpl.arizona.edu:0.02453988369101903
since:0.008661565469280005
dallas:0.02392039951941438
at:0.0038137013526165844
out:0.010200667524506145
boy:0.01963131041177415
behind:0.01527161212553549
traffic:0.0378791364622156
all:0.012390491307094692
ahead:0.018708396037483924
truly:0.018867114584547092
hand:0.013667703270357894
your:0.01090850408814946
cut:0.015848551929889185
with:0.005063440491684393
way:0.007499449435266421
though:0.010759931608704242
into:0.015504795696817198
lbs:0.026430436295401143
yours:0.01829579785651282
my:0.00822696330156105
single:0.014075440132088203
to:0.004176361091184336
dod:0.015140536977023536
proud:0.021885751773761848
front:0.015224895798120924
day:0.011009969851787324
next:0.011594718717528898
been:0.006351689987971598
make:0.0076193960318168994
that:0.0030035032505149506
guy:0.014659440462982119
walks:0.024814833499340785
really:0.008447600619874138
86:0.020694828439368252
nt:0.006182498283311156
its:0.008951621454693377
me:0.02345430044165681
re:0.0016187900553167555
had:0.01328492195395788
this:0.0045453024967222425
finger:0.02153924654573788
off:0.037808786977599144
he:0.041302161234291826
shot:0.01721485863890795
something:0.00861758145958235
on:0.006584530197912856
you:0.004812112462413177
leg:0.024219069958751834
m:0.005925604814355291
why:0.007704426753913448
more:0.005503978466756389
a:0.003022736203130725
how:0.0056942121092169885
other:0.0059710302503545925
was:0.019165825413449904
red:0.0156390430949894
dogs:0.022505235945366495
houston:0.043557714693927406
driver:0.015929807785655375
idiot:0.02294288147294818
act:0.01615425568406214
walked:0.023481644133006213
straight:0.017301565486854152
reason:0.011568016987049904
it:0.004452667918700935
not:0.002610000037125389
texas:0.017178223686878796
hundred:0.019919278733599093
try:0.010547141438715985
only:0.00577288414835189
between:0.010055696303231193
after:0.00835157440547598
doing:0.011604774481235132
anger:0.023179497977441097
has:0.004609413306868186
decided:0.01615425568406214
erik:0.048074813518377855
his:0.023953623915652686
glad:0.02008265677681488
be:0.0025041612863093998
stick:0.01829579785651282
550:0.026229050946332346
writes:0.0028626077533227805
get:0.005689930628965898
down:0.020470697635958077
were:0.006715598690356274
of:0.004208670683241096
again:0.010570862069731679
good:0.007013029659564932
rest:0.014141259019362808
in:0.0038458809933872395
1-2:0.02550587309064764
bmw:0.0383675701356363
cats:0.025589934068384012
speed:0.014538810246258792
total:0.015848551929889185
and:0.008264013300666447
for:0.0028168732719660084
subject:0.00011557124195678917
car:0.026481760518470905
i:0.00909041463073309
back:0.036473709438398914
face:0.015537972255175583
driving:0.01812601121948563
shoot:0.02017886083215995
the:0.0032630000432426537
do:0.0062192027610952095
thing:0.0196011466244585
got:0.009576423470262226
did:0.01423299604712524
once:0.011614853657683576
lane:0.02380647177778073
put:0.010768222075960083
an:0.0038870049288386873
cars:0.01654578810896756
south:0.018708396037483924
is:0.001163084964894649
limit:0.019222610478998935
right:0.008397721185239392
window:0.015095206674567712
90:0.017454369738287154
light:0.015117812492667936
told:0.013420864791035195
meters:0.05068499009486371
eventually:0.018343282840801018
nothing:0.011059982690480124
him:0.05187262561392441
bike:0.03266114869713024
article:0.0035079345468251124
going:0.0094277735240246
says:0.011086695863322806
