some:0.012830075550915981
mirror:0.05909002509743352
at:0.009680934202795947
marty:0.06683406908601616
know:0.013559067314926395
all:0.02096852375046794
harley:0.06658143701761288
your:0.013845409034958931
o:0.038472296525273425
to:0.006058018286113543
bikers:0.06658143701761288
matthew:0.047101893855181265
respect:0.04491602405422111
that:0.003812138741038207
months:0.037316423516261764
re:0.004109236294265611
baby:0.054846924600015556
this:0.005769037784301308
he:0.017473991291431158
wan:0.060150028022571564
you:0.006107681202293647
am:0.01795974018353149
73:0.06001179964667199
a:0.004603859755537567
said:0.024082470644653103
riders:0.06412931008009409
driver:0.040437204378971345
let:0.02533118398629478
250:0.10044177679027004
are:0.007064960237376105
those:0.02039467751964352
it:0.0075352841701092745
should:0.018052880683884394
try:0.026773512882894427
against:0.02838770101272359
war:0.038866210061241954
sun:0.03987354180328397
be:0.006356717111400784
down:0.025982039307177563
of:0.002136709731491634
even:0.018452301623802483
freedom:0.04382448879470996
who:0.028418744488656007
up:0.014763300773103128
good:0.017802306058895597
in:0.0039050483932855052
heart:0.04363717157192986
world:0.027706051524534914
rather:0.0282800401418996
and:0.004195575983415274
for:0.0035752622298030113
subject:0.00029337315265954173
car:0.033611465273443844
we:0.04443111777079022
the:0.0033132000439079256
would:0.010248897209938199
wheels:0.060721014164667284
na:0.047893444714619544
an:0.009867012511667437
ready:0.046323948228905454
is:0.002952446449347955
number:0.027497415916458882
87:0.05812333528484058
ninja:0.1312505360794097
keep:0.05822889195881146
run:0.029415762949312033
amazed:0.06373680367787345
too:0.021456240306203262
by:0.010883906316672156
while:0.02384991764701673
s:0.02045394332492368
