out:0.01900285643678161
mark:0.048445547811164356
there:0.01480288686414754
bikes:0.07751851290495812
from:0.027308782400973404
alexander:0.08208887437765594
my:0.03065207294613875
via:0.05513276417122008
to:0.004445803742228486
that:0.0055952358941044646
guy:0.05461823785401402
pittsburgh:0.07133170005239914
re:0.006031298431905976
snyder:0.09847469006834943
a:0.004504852018859339
other:0.022246903029546947
was:0.014281631195183638
d:0.029384584231887667
it:0.01105985257225716
ken:0.06654955969540018
love:0.05277770064808788
his:0.0297488555081493
writes:0.010665522435767134
andy:0.07228722962599367
san:0.06512847473555716
net:0.10694008015801557
miles:0.12948886402938148
over:0.03235388310515093
in:0.011463206573838095
according:0.05547622910622932
or:0.010875991253275569
600:0.07928785028006174
subject:0.0004305960789035209
i:0.0061580228143675786
away:0.044661025585865655
any:0.016504633327238828
the:0.0012157306612726661
jose:0.07354672054488781
bought:0.11816399189898259
long:0.038392116856590074
about:0.01588735774712696
odometer:0.10560102478252748
living:0.059419435710146774
hear:0.05344647684288399
massachusetts:0.09046764351489957
sold:0.1324686485497368
bike:0.06084455926642811
article:0.01306988516639679
s:0.010007036788000296
