looks:0.03492964769769276
andrew:0.038423042440530596
bnr.ca:0.09524389122341231
where:0.01885159998197716
your:0.012856451246747577
way:0.017677273668842277
insurance:0.09062087797242355
vehicle:0.04490492542856366
sell:0.03551094182633232
to:0.0028126513471241443
us:0.02101914679780608
enough:0.02481784211160608
infante:0.12412041401688714
that:0.010619529350035004
like:0.011884072076619113
me:0.011057027351066782
re:0.0038157194161037807
lost:0.03576026861548826
had:0.01565722944573607
this:0.005356963656851214
bus:0.04129635358934348
on:0.005173559441217244
you:0.005671418259272671
great:0.025727047844210985
m:0.013967497062408898
a:0.0028500084200946837
as:0.008164430206296105
drinking:0.05498727659456658
taking:0.03476479626685311
lay:0.04884545507319106
it:0.00699704958653004
have:0.00521684299130258
keith:0.08041769528815645
expect:0.035267562073044774
somewhat:0.043896294462883734
points:0.037399553963984
1200:0.05723463161146707
list:0.02971049588695489
be:0.01180533177831574
which:0.013182574821607323
writes:0.006747575418546554
showing:0.04381657466965115
of:0.003968175215627319
what:0.009392266357108481
seems:0.02404578662633753
well:0.017172121532176985
news.duke.edu:0.05918417484373962
ottawa:0.05285368682049965
now:0.016856269366104532
in:0.003626116365193683
our:0.02275281043857544
and:0.0077917839691997925
for:0.006639772712491305
subject:0.00027241792746957445
car:0.031210646325340707
i:0.0077917839691997925
driving:0.04272559787450183
research:0.031503382454456906
will:0.011564340254115147
cost:0.033887832697457966
the:0.0030765428979145017
do:0.014659549365438706
canada:0.03796538360210864
start:0.028750633549821554
can:0.008822101963650136
friends:0.040577881077425874
because:0.018007370396882792
collective:0.06072734800418782
bucks:0.054869309019045395
91:0.047679759260029396
keep:0.02703484269516246
acpub.duke.edu:0.06093774889401164
almost:0.03083666255372008
bike:0.03849349667876064
article:0.008268702860373478
