some:0.006210302527305075
large:0.031851426807314634
mark:0.01597672321432016
there:0.0048818031147720604
attitude:0.023384909738588953
tried:0.016478000282109953
stand:0.020945417842906714
your:0.020105301417786103
with:0.00933235175728001
yard:0.032108712301865495
beast:0.028788742572753823
work:0.010771662042501615
my:0.005054331177288837
ground:0.020622093954241173
to:0.002199253978868347
territory:0.05572266187801001
then:0.00848872526476491
important:0.01671473028177246
day:0.013528207637036554
encounter:0.030490566693338945
make:0.00936213023058353
that:0.007380949477329294
really:0.02075952918288219
nt:0.003798290168736375
its:0.010999066787415798
me:0.011527539153239837
re:0.0019890452275434603
larger:0.022637509277238208
this:0.008377379335714133
off:0.03484240608440985
he:0.016916310718300374
something:0.021177248054931094
game:0.03161711816926051
on:0.013484277267002392
you:0.008869132809713645
slowly:0.02807846920772977
etc:0.01235278716733104
apparently:0.020152452426870547
m:0.00728092931976634
sure:0.023213234257012803
a:0.005942570748282532
stronger:0.02707186282667377
was:0.00941979929895091
dogs:0.027652710124359898
advance:0.016827134131258775
success:0.02383940551495536
are:0.006839482782991761
effectiveness:0.03144295090317397
it:0.0036473981887231058
not:0.006413936261446435
have:0.0027194181550407068
probably:0.012697998484197916
ve:0.009708157973550182
hurt:0.023991391538593955
terrible:0.053872094780952166
anger:0.028481191663770708
punishment:0.05045993590103015
chuck:0.026506851054039153
his:0.02943237832189239
be:0.0030769215805184643
which:0.0068717677261570095
stick:0.0224804750258216
writes:0.003517353143710438
kill:0.019652298439379712
depends:0.02290301135905583
if:0.00356462989235856
but:0.0035387405438851607
never:0.011723081015222661
particular:0.01803750770257344
up:0.007146065799746726
one:0.015691131507057803
in:0.0018902095946222392
or:0.007173526145777503
and:0.0020308373111212227
rogers:0.029391554728642137
for:0.0017305790580429466
subject:0.00014200508985116116
i:0.0020308373111212227
taught:0.02574018136476369
hostile:0.03031896636239096
face:0.05727561049381212
stupid:0.020540883996098682
actually:0.013001670888835557
angry:0.056725966978767896
necessary:0.03834867848384601
will:0.012056439839396643
the:0.004009324521218367
greater:0.022441930299647313
can:0.0045987552789240075
road:0.01920559779771548
neighbor:0.026936047390476083
may:0.01979814390893437
mental:0.028362983489383948
measures:0.026980934989656213
newspaper:0.026225774025452026
is:0.005716438870014126
first:0.009986993773356602
him:0.025494843652801146
dog:0.15879465804464202
norm:0.03176542229581458
article:0.0043102812782797924
very:0.0278176993369699
charlie:0.02918293391399703
repeatedly:0.027914790172268316
before:0.022619087949177066
going:0.011584125978987673
playing:0.021305159336995175
understand:0.015937006717742837
cbnewsj.cb.att.com:0.029835073925126455
apply:0.021274233965370603
psychological:0.02918293391399703
s:0.006600385966553386
