another:0.008243514239362745
some:0.004340285781164885
go:0.014464180310737004
at:0.0032749628715778105
out:0.004379840517027732
there:0.0034118177902496185
all:0.014186882240093549
case:0.009188145380322511
means:0.01053752870051581
own:0.00842561574553158
your:0.01873505163094814
with:0.002174079467619135
armored:0.02212371786026173
height:0.01994707653547519
destruction:0.019151496357962414
funny:0.016731472678647667
ca:0.007645162067257699
into:0.006657263579860172
bikes:0.017866720446495923
from:0.0031471087525285334
approach:0.015302054479307938
to:0.0035863918664073664
remember:0.01034432727331313
noisy:0.021627318631174286
otherwise:0.013209609039449947
bikers:0.0450476637070838
then:0.011865281410972513
might:0.007907379687280468
t:0.009577223252789747
legs:0.021189463480035316
next:0.009956803062264591
that:0.005158433091962481
control:0.011336930371527968
bit:0.010130424528088102
like:0.0043295132472441385
really:0.007254259268367754
nt:0.010618268427099457
along:0.01298870413063656
me:0.004028210707823586
re:0.0027802267864547995
avoid:0.02874906686411226
eat:0.016785220199745172
so:0.0037985524066353905
this:0.009758037887944592
tail:0.02113091940208684
sheep:0.022048614859081363
these:0.006158498041260009
game:0.011048360995949767
fair:0.015697767794809973
you:0.014463170728108004
cage:0.019741639068281698
fun:0.015302054479307938
a:0.003634025606291734
sorry:0.011811957935831317
below:0.013798787780810007
dogs:0.019326057633381636
lucky:0.01770147225850026
also:0.005514859225574596
logic:0.015437698692182053
far:0.009254193576659485
boom:0.021627318631174286
are:0.002390005136064035
no:0.004184928387295575
sake:0.01852523419390097
action:0.013687334872958945
it:0.012745555008920892
not:0.002241301147122546
should:0.0061071083354404445
admit:0.015241997080712083
have:0.005701679700531444
only:0.004957383785387682
hurt:0.01676721787827384
safety:0.015363098086045216
between:0.008635189018759872
against:0.019206548640578785
leather:0.02176251433441174
whose:0.013913685689594679
after:0.014343596190817482
attack:0.04403751934858196
worthless:0.02049207086332603
has:0.003958269419652606
attacking:0.019701879629185983
yourself:0.013034478332247555
his:0.020569840611582787
be:0.0043008271906131695
sort:0.011663424935542862
writes:0.0024582245019240234
things:0.016615062662752783
if:0.012456327504896083
of:0.003614137278173581
future:0.013027904551367472
andy:0.01666099716286843
boots:0.021561520946789897
but:0.0024731718299271757
wear:0.01822103338257148
never:0.008193082642609146
least:0.008950417779578
street:0.014825384685199276
order:0.010424969743986958
over:0.007457028819774563
in:0.0019815580136932024
fellow:0.017890938591556126
world:0.018745358280540348
forcing:0.019623614167484003
better:0.008313070153536814
truck:0.019117546604939094
and:0.004967624352110649
gets:0.012406380454991837
still:0.00758999658821393
for:0.004837901307242736
subject:9.924519290713122e-05
foot:0.017915315545259318
i:0.0021289818651902778
away:0.010293619280013645
felt:0.016785220199745172
world.std.com:0.017085785614723223
established:0.01722533178319558
will:0.004213031021945295
reverse:0.018642329610478556
the:0.004763494858666877
users:0.014679173116193985
see:0.006577642235729279
can:0.0032139999718874103
hate:0.02993300552087605
thinks:0.016839756221112438
sequence:0.019326057633381636
road:0.01342249957609855
put:0.009247060593110703
may:0.006918310510928739
fight:0.01583495945628005
just:0.008731513483017738
hit:0.013307442899365833
is:0.0049939149979677305
done:0.009846332904909659
applies:0.01770147225850026
time:0.005871784274734995
does:0.013589094583689872
life:0.010373157447169925
run:0.00995105735459998
dave:0.013034478332247555
every:0.009041444338057234
under:0.018047014327922967
him:0.008908978822911924
bike:0.014023653065124694
dog:0.20346180473130093
saved:0.01722533178319558
comes:0.011242291216526066
teeth:0.020851278430943396
seem:0.02051830895833262
s:0.006919363727018791
biker:0.020255209099808897
