above:0.04391380693755718
there:0.01480288686414754
k:0.06110743639115585
all:0.015388190816875664
thanks:0.03215139749864779
bikes:0.15503702580991624
companies:0.06413923138044736
w:0.049908723468215385
look:0.038244650391546946
that:0.011190471788208929
like:0.018784501024333437
on:0.008177561697407902
particularly:0.06479194024420294
m:0.02207765664703342
a:0.0022524260094296694
hard:0.043616667783475956
other:0.04449380605909389
wondering:0.05804731454608543
series:0.057860489689801065
was:0.014281631195183638
factory:0.08978119812104803
bags:0.09700740332309578
are:0.010369538412922992
comparable:0.08167704692595973
being:0.03138393435363142
has:0.017173781836879853
if:0.010808877738119504
of:0.0031361384768667524
produced:0.07404559636249038
cmu.edu:0.09886336025510847
looking:0.04183686040978458
bmw:0.14295014034406428
installed:0.06460274121540473
or:0.021751982506551137
and:0.012316045628735157
still:0.032930791648863665
for:0.010495124610066903
subject:0.0004305960789035209
i:0.009237034221551367
info:0.09501275675459346
any:0.033009266654477655
rt:0.10286071773744042
than:0.023074214229346145
the:0.003647191983817998
type:0.05226633081180155
by:0.01597476572285752
s:0.010007036788000296
