effective:0.032047344711147174
go:0.015439938506302596
at:0.0069917858131304045
mark:0.023838285430890397
there:0.007283960202993233
wonder:0.029288632601721657
with:0.004641487117377359
such:0.01526204129736348
my:0.007541383026430962
to:0.0065628531432896705
dod:0.027757651124543148
bikers:0.0480865934016093
been:0.01164476497794793
that:0.005506422625944076
think:0.011426571647052025
bit:0.021627652365521426
like:0.009243167170703755
me:0.008599910161940831
re:0.0029677817680807184
had:0.012177845124461389
set:0.021027099874015246
you:0.013233309271636235
moment:0.033399292058347484
great:0.02000992610105299
them:0.023267605897337156
m:0.010863608826318032
more:0.010090627189053378
a:0.008866692862516793
hard:0.02146216986171039
dogs:0.12377879769951572
said:0.017392895465582793
82:0.04133628106580474
reputation:0.04575843617948661
eff:0.044178049869087126
are:0.010204942565098817
no:0.00893448996970246
curt:0.10026571234769636
it:0.0027210748392061264
not:0.004785000068063213
have:0.00811508909758179
interesting:0.02593670287239216
ve:0.01448518808751932
completely:0.028547568547932303
writes:0.005248114214425097
kill:0.02932247703653481
down:0.018764806166294903
whatever:0.026229845863121926
of:0.0030863585010434706
trying:0.021399430341812666
even:0.013326662283857345
never:0.01749158119731635
find:0.01679719633074119
up:0.010662383891685591
in:0.0028203127284839756
fear:0.03417274710716267
or:0.005351678235738772
and:0.003030138210244364
for:0.0025821338326355078
subject:0.00021188061025411345
i:0.006060276420488728
body:0.05634414482023097
actually:0.019399318469056227
unfortunately:0.02922137365734886
the:0.004187516722161405
do:0.005700935864337274
thing:0.017967717739086956
when:0.010378368593997904
less:0.02181639330631966
start:0.02236160387208343
can:0.006861634860616772
agree:0.023940914118765387
road:0.02865597131722627
human:0.025443193422512504
problem:0.01679020073052051
makes:0.02216649112898392
about:0.007817588732713265
language:0.06472871904343157
is:0.004264644871280379
deal:0.026161230093337373
dog:0.03948861866718611
article:0.006431213335846039
howland:0.2173767659989537
majority:0.032720544650108103
before:0.01687455767637019
feelings:0.04231937219050938
s:0.0049240974671112565
biker:0.043243263871814236
