okay:0.018559336790959037
go:0.008385483843940203
out:0.005078349565001982
say:0.008179073164946309
all:0.008224722677985269
beth:0.08330047009731306
anyway:0.013140145782950577
chris:0.049613110899818534
ever:0.01139406058978388
with:0.002520807658575635
previous:0.014970687153848302
sigh:0.023993251222004214
from:0.007298036676122203
syl.nj.nec.com:0.02642038075783071
name:0.01190617459409591
my:0.024574506758542274
discovered:0.019546692694482018
to:0.002376205448432467
look:0.03066165936563677
zx-11:0.025831693106943856
she:0.01428940726249346
that:0.0059811142316289105
like:0.010039991926798907
nt:0.009233774375721187
me:0.004670640863812693
anything:0.0100053497858595
re:0.0016118125119748729
jacket:0.025395933982498297
pack:0.02220582982884435
so:0.013213068069632588
carrying:0.019996093601052745
baby:0.021513233356040582
this:0.004525710675615681
child:0.017092088882506008
best:0.010496448620523423
something:0.008580436711911736
on:0.0043707657348214645
1983:0.021755645935018497
you:0.004791370598351051
disclaimer:0.016181273823595632
dry:0.022285653310599684
them:0.006318358497983797
why:0.0076712180179052
fun:0.017742468340232048
a:0.0036116486013268835
hard:0.011656178459377196
price:0.013492000870017081
was:0.007633285638805048
red:0.015571633426476513
woman:0.018876157747825098
shit:0.062317498469932196
114:0.025395933982498297
dixon:0.056767274693961645
corn:0.025831693106943856
bags:0.025924392267379043
pocket:0.02456881756952371
wild:0.02036683875044947
it:0.005911300512758138
not:0.002598750036965366
have:0.004407332871962525
only:0.005748001027022787
ve:0.007866955599256181
tom:0.016360897514977393
lady:0.022088799703560077
after:0.008315576239935134
has:0.00917909029212544
lips:0.10890930823973917
netcom.com:0.0555006064607093
be:0.0049867349753230285
noticed:0.01748363371187209
writes:0.008550806780399513
things:0.00963243934543211
if:0.0028885793955319367
of:0.0025143179167983446
raised:0.019504225899469034
kept:0.017214550097302474
but:0.002867600095906941
wear:0.021126974051343658
ed:0.01710417961926294
must:0.019978107133443942
they:0.004021205278050619
who:0.005573503768249346
now:0.014240641361019346
clear:0.014214442854252643
over:0.008646296347066196
in:0.0038293039201398814
definite:0.024368300260752616
winter:0.023177552947700214
yes:0.011495025303896072
or:0.008719544711677827
for:0.002804731576828224
subject:0.000115073090051803
fits:0.022050485275037467
until:0.01233261088519243
i:0.007405553298312734
back:0.009079123793394558
pay:0.014365698543094324
any:0.00441072097538279
later:0.013773327711024583
behanna:0.12739816314217042
the:0.0032489353878838493
would:0.004020041578036104
can:0.0037265775536108334
thinks:0.01952540699775537
agree:0.013002393012777756
needs:0.01443683863219546
1975:0.024368300260752616
thought:0.011571493125826346
ready:0.01817016934840688
cache:0.020916671619578865
herself:0.025395933982498297
about:0.004245759397939102
speaks:0.023539111068306685
is:0.0046322866705286875
either:0.010791218565143784
new:0.0074310326072566674
keep:0.011419890448818625
applied:0.01908189655308885
does:0.015756320875054203
life:0.012027497212451336
guess:0.01291447096092954
too:0.00841602529251938
category:0.04498385852790312
stealing:0.025313829693831513
under:0.020925201957807234
bike:0.03252036788378054
natural:0.036095763721561896
although:0.013619566623942923
article:0.010478442417887082
little:0.010109218542665794
wide:0.018542400247252615
past:0.014239286409066222
by:0.00426911842593606
fit:0.017523483100424037
s:0.010697177256138246
1991:0.01871483703438063
