some:0.014968421476068642
since:0.02565155927440617
there:0.01176639725098907
know:0.015818911867414125
help:0.02743708615438201
tank:0.059475560454413295
thanks:0.025556239037386703
your:0.016152977207452082
much:0.04479991973230593
wonderful:0.061617279488556456
from:0.010853490441412508
to:0.0035338440002328996
dod:0.04483928258580047
could:0.019347553273410992
need:0.02463079476278508
getting:0.03477181502852161
used:0.025313634722267508
them:0.018793066301695395
m:0.017548906565590668
a:0.0035807798098625512
how:0.03372725633920831
wondering:0.04614017310073457
was:0.011352065821812635
bags:0.2313253463858438
are:0.008242453610272121
hey:0.049412038277322684
gas:0.05087397014960259
it:0.008791164865127486
kind:0.03532726534568025
motorcycles:0.0706713725927526
love:0.041951505643351907
be:0.007416169963300914
get:0.016850948401168235
of:0.004985656040147145
what:0.011800539782008092
but:0.008529272080133465
they:0.011960508006509534
world:0.03232372677862406
and:0.0024474193236589093
for:0.012513417804310539
subject:0.00034226867810279864
i:0.017131935265612366
pretty:0.03689769303743111
cost:0.042577020568601034
the:0.0019327000256129563
do:0.009209204088544828
riding:0.057887490176044255
would:0.011957046744927898
may:0.023859301633843984
bought:0.04696261216498026
friend:0.044528197688369305
just:0.03011252726835605
about:0.012628412568229122
hold:0.04448436683261564
new:0.04420511704829607
advice:0.049869962413246774
nothing:0.03275456412180652
already:0.03725367078586348
81:0.06616627147944631
