out:0.009204508586566093
there:0.007170148324821464
bikes:0.03754802968833909
from:0.006613845737735747
dealer:0.034551292212880835
my:0.014847097833285958
to:0.002153436187641923
dod:0.027323937825722164
then:0.012467815232623462
day:0.019869554966897438
that:0.00813057715862055
paris:0.04517701087480167
anything:0.01813469648687034
re:0.0029214101779544573
dream:0.03893193748562001
anyone:0.013069646481573369
du:0.04681994375633574
something:0.015552041540340022
two:0.014568667442603996
big:0.02168578557709029
on:0.007922012894363905
serious:0.028101512789370862
size:0.02813185263332709
came:0.02358380259748396
a:0.008728150786539969
bigger:0.03641653790803866
was:0.03458832555083537
as:0.006250891876695456
local:0.023877995718093376
cb:0.09502969198167922
buffalo:0.04003594946270264
manual:0.030699979663146585
pushing:0.0412402516488531
d:0.01423315798732059
it:0.005357116089687062
try:0.019034294315182755
350:0.04327371335403799
real:0.019981201984361308
referred:0.03812699822079004
considered:0.026897210603220405
writes:0.005166112429824706
were:0.012119557011502337
if:0.005235550154401635
of:0.004557201224197
looking:0.020264729260989406
what:0.007190953929661181
commonly:0.0403200716827876
1969:0.047886940123568165
in:0.005552490684202827
un:0.04084359285687323
or:0.005268058263305354
and:0.004474188451063944
for:0.005083575983001156
subject:0.00020856997571889294
i:0.0014913961503546479
back:0.049367735626582906
rare:0.03962824826605756
water:0.06406401897986798
175:0.1380903910298345
the:0.004710956312431581
when:0.010216206584716687
around:0.01849370650901278
thinks:0.03538980018343161
road:0.02820822176539461
maybe:0.020686820955799406
twin:0.0464943758157063
wam.umd.edu:0.08633769201538628
problem:0.016527853844106127
here:0.028131264150365563
maintenance:0.04416754422261412
is:0.0041980097951666235
envelope:0.04958275657073869
representative:0.041404731408211166
smith:0.061527164913538476
first:0.014668397104617509
bike:0.058943166789352235
article:0.006330725627473445
charlie:0.12858730255854942
honda:0.11295046597675211
says:0.020008021440840375
s:0.004847158444187643
