read:0.1416876913686201
mark:0.1877264977682619
members:0.23051514428153846
my:0.05938839133314383
re:0.02337128142363566
this:0.03281140239821369
get:0.08214837345569515
of:0.012152536597858666
bmw:0.5539317938332491
and:0.011931169202837183
subject:0.0016685598057511436
membership:0.3360745177416531
i:0.011931169202837183
the:0.004710956312431581
can:0.054035374527357086
