some:0.013576010175969233
there:0.03201554600850514
lead:0.04493272834441757
small:0.06950571861083747
your:0.014650374676526308
though:0.057803353525829756
companies:0.04623991099520623
to:0.0016025571628963148
dod:0.0406681865313074
bet:0.05015896877918151
make:0.0204660521319733
that:0.008067549428708763
anything:0.026991176166504694
re:0.004348145381141518
phone:0.03415519914197173
this:0.006104446957807198
best:0.02831600092978412
you:0.01292555789322609
tell:0.0280235471351448
1989:0.05501293737400569
numbers:0.04102026047672905
etc:0.027003767296025993
them:0.017044874087584195
size:0.04187066438448683
cycle:0.05878614720626729
magazine:0.04910115740469631
a:0.0032476840135962676
other:0.03207692994957932
as:0.018607306051558567
rear:0.05508319684442386
250:0.05314070748787542
are:0.014951427479098268
no:0.026180133399593252
it:0.003986691043488046
have:0.0059447745714843354
erik:0.129131185148201
yourself:0.04077063571365805
writes:0.007689097569971655
get:0.015283418317338631
available:0.03140771892807244
what:0.010702815151123618
tire:0.06684599814301083
they:0.01084790261055516
one:0.011433847764832819
1990:0.0993243341940295
tires:0.18342324152966724
world:0.029316868473635776
and:0.0022197524098301735
for:0.011349378938793278
600:0.05716100834143986
subject:0.0003104297313025383
possible:0.02996478631354165
any:0.011898689142893108
will:0.013177969126782376
the:0.0008764569883593639
can:0.010053092935322248
instead:0.03567132920447257
long:0.027678037733820753
guitar:0.07071977077706361
is:0.0031241003126821383
ninja:0.0694406906001528
goes:0.03747706041849624
nigel:0.07045245079770665
1993:0.03522855584895508
bike:0.04386468226184352
check:0.03848036703008941
s:0.014428750717581821
biker:0.06335640985870458
