some:0.013419964081992575
looks:0.039346039935332075
behind:0.0405487632298701
rd.hydro.on.ca:0.07227301541415654
curtis:0.06498213402867364
where:0.021235135611882318
bikes:0.05524307816215406
wheel:0.055856250354168926
post:0.029684802349783684
to:0.0015841369656216446
dod:0.04020073611140732
front:0.040424723326045214
connected:0.052238885470953976
perhaps:0.03320070732919592
motorcycle:0.10677249129322315
like:0.040159967707195626
through:0.027235210276147434
toronto:0.04617356661081129
its:0.023768098345220347
re:0.004298166698599662
steering:0.06463899652120604
so:0.011744949395228967
on:0.00582768764642862
you:0.012776988262269468
sea:0.058015055826716
a:0.012841417249162252
turns:0.050732813489271174
ride:0.0485367762851021
ontario:0.05459023220361231
are:0.007389785995416385
it:0.015763468034021698
should:0.01888289818659172
only:0.015328002738727432
ve:0.020978548264683154
has:0.012238787056167252
jody:0.13681103688299784
familiar:0.052950097007943495
be:0.006648979967097371
which:0.014849337155373767
writes:0.007600717138132901
if:0.007702878388085164
of:0.0022349492593763064
looking:0.02981477408513384
but:0.0076469335890851755
levine:0.1329346526890716
please:0.02201626847017534
adobe.com:0.12232900748211477
jackson:0.060091722823905444
one:0.011302424227306006
in:0.002042295424074603
275:0.06607765333676933
subject:0.0003068615734714747
each:0.02926447583173121
i:0.002194238014314884
the:0.003465531080409439
got:0.02542705542104108
can:0.009937540142962222
handles:0.06382345932612232
head:0.03968804293627222
is:0.006176382227371584
angle:0.06141713485276745
bike:0.08672098102341479
changing:0.04922320427017823
article:0.00931417103812185
by:0.011384315802496162
