thu:0.03549311255385305
large:0.018036350119804673
pixel:0.02961353444195077
at:0.00530701814731585
bnr.ca:0.056228321324665105
nick:0.08991986660359247
bs:0.03414887429292407
nowhere:0.03109017575540249
where:0.011129257820685313
your:0.007589953145670257
4:0.014965478940835417
though:0.014973157841028192
previous:0.020922888070438593
bikes:0.028952697591008457
ground:0.04671028510117278
dod:0.021069060492123114
ye:0.03353273664762035
t:0.07759858599398922
that:0.010448934501038457
think:0.008673180888726238
cleveland.freenet.edu:0.025797703442804253
bit:0.01641616986780542
86:0.028798225117434136
nt:0.004301678022424329
egreen:0.03424227300699615
re:0.004505307262387597
eat:0.027200145986334048
uk:0.026033972799149315
off:0.02630671624043796
apr:0.022453061909867462
on:0.003054270031561988
you:0.013392746732740286
none:0.02182235079771864
united:0.023623626402874805
them:0.00883047693694121
vs:0.02058199966905628
3:0.014105216533961564
a:0.003365070182762398
how:0.015847746954567764
was:0.005334103217478227
concise:0.03585108496632775
quoted:0.02691459033034258
east.sun.com:0.033367682586246165
are:0.0038729601301278646
those:0.01118021478486482
log:0.09962109148616931
imagination:0.03414887429292407
lay:0.028836473476944124
18:0.04658734329184457
slide:0.03433714262728615
fuel:0.029071208227145234
tom:0.02286583267153467
which:0.007782483930828421
writes:0.00796701675924774
down:0.028486332252447687
things:0.013462204386387046
if:0.004037050721466321
jump:0.05976263228836942
of:0.007027972972255613
gmt:0.025525893591717082
oh:0.019456121591213696
ed:0.02390463657631929
they:0.0056199977379984565
cheaper:0.026562520475703576
over:0.012083980436863602
in:0.00428143859986724
2.5:0.029315461807834085
bmw:0.026695508136542125
and:0.0011499922123216562
green:0.02535126987561315
for:0.0019599329091088795
subject:0.00016082504151818252
foot:0.02903144507032986
usenet.ins.cwru.edu:0.031375731411393964
currently:0.021680322300345164
the:0.0036325446264532674
do:0.004327216378954799
thing:0.013638147199547932
can:0.010416457740213415
an:0.0054090249310947995
jonathan:0.05759645023486827
kingdom:0.02988131614418471
dirt:0.03353273664762035
here:0.010845788588092748
about:0.023735329646310158
middle:0.024199399368316762
e:0.03748059874763647
15:0.020131389951690625
f:0.022386935050643663
oxford:0.03414887429292407
is:0.004855529401638504
average:0.0233706087885698
90:0.02428891210568875
npet:0.0772182313016372
break:0.023639798483421
matter:0.01819821091506351
1993:0.018250938572350224
too:0.011762155830509016
nice:0.019034575040691316
under:0.014622430283768912
bike:0.022725076352521346
article:0.014644570126203632
little:0.0141285463969787
lots:0.02198009043021904
hp:0.026058117506363405
mike:0.01924947005396207
says:0.015427871954382942
pettefar:0.07761328940793828
s:0.0074751359139279315
biker:0.06564640057648909
