large:0.026263457191996274
at:0.007727763267144132
out:0.01033488683403912
tomorrow:0.04434744438367533
bnr.ca:0.08187632754293339
hours:0.03435240681184756
nick:0.13093594610698553
bs:0.049725553794959604
your:0.011052037036677741
with:0.01026012941736048
work:0.017763793543774595
wrote:0.02259276293590229
my:0.008335212818686853
dod:0.030679509137652956
t:0.1581922051316061
that:0.003043023030126989
like:0.010216132136040992
86:0.04193425762714093
me:0.00950516386319776
generally:0.03391885520371139
re:0.0032801798489313205
uk:0.03790911828648058
two:0.01635780204081852
detect:0.04495264501075384
you:0.004875429731655455
united:0.034399315639273835
a:0.002450007238327009
concise:0.052204211442196544
drinking:0.094539528180132
ride:0.0370412240070516
far:0.02183664975545089
works:0.026097596434655614
wow:0.04543562551235935
it:0.00902251130894663
should:0.01441063282660947
couple:0.02768413854960104
try:0.02137183923108239
machines:0.03461356609547624
money:0.02719491023446605
decent:0.03952247651596241
after:0.03384585416956055
feel:0.026721725300405067
er:0.09647885930995348
if:0.005878512454064994
of:0.006822476686517145
what:0.016148107070116335
drink:0.04398935671244501
breath:0.04999969891341667
find:0.018565322260292897
bmw:0.03887240658478941
or:0.011830025573738339
and:0.005023650190668287
for:0.005707874787931122
subject:0.0002341838323861254
costs:0.036107479429244166
until:0.02509794495933898
i:0.006698200254224383
um:0.15217519452564773
silly:0.04098786322353404
currently:0.03156959212155523
the:0.001983560552602771
riding:0.07921446024090266
rule:0.03463769796715949
can:0.007583912214365906
hits:0.043445186616660345
just:0.010301654065490226
kingdom:0.04351139017486545
norman:0.04895105724105015
general:0.025863424237610098
is:0.004713554857730945
thumb:0.05168295336789127
npet:0.11244058242168221
tonight:0.04262713842818155
their:0.013277926478786964
eskimo.com:0.05515572228975104
three:0.025600771986600636
lots:0.03200609659137158
pettefar:0.11301584247120837
biker:0.047795186384636784
