some:0.016215789932407694
louis:0.021820378183323885
till:0.023143117203992786
take:0.00984143115896159
much:0.008088874396110793
insurance:0.08223005593793987
bikes:0.022250684259756497
such:0.00890285742346203
companies:0.018410334933276554
from:0.003919315992732294
parents:0.021229652918950237
turn:0.015840176549604235
feet:0.020333620134052464
dealer:0.020474839829855308
both:0.010396778158834434
my:0.017596560395005578
ground:0.017948859552765466
to:0.005104441333669743
stop:0.015388671826762209
everyone:0.014155151655153256
otherwise:0.016450855701907574
look:0.010977631130906992
most:0.008595349370217768
might:0.00984761636980762
enough:0.011259946883969425
been:0.006792779570469626
that:0.0032120798651340443
think:0.006665500127447014
motorcycle:0.06450838015632232
nt:0.003305919220937215
me:0.0050166142611321515
need:0.008894453664339056
re:0.003462412062760838
recommendations:0.024947931047534837
so:0.009461209235045556
foundation:0.023035027555858564
on:0.009389052319246109
you:0.02315829122536341
3:0.010840120114063052
m:0.006337105148685519
fun:0.019056725254323312
a:0.008404885942594044
also:0.006868042276294288
washington:0.017774135812104137
learn:0.0176389545403807
course:0.022649553702777953
ride:0.019549534892610566
are:0.002976441581487155
27:0.02045439993073903
taking:0.01577291682477595
insure:0.055295364737158716
month:0.01839723837679286
care:0.014657485839231004
18:0.017901618024181012
it:0.004761880968610722
should:0.015211223539198885
have:0.004733801973589378
only:0.006173778880876326
properly:0.019934102479178224
ve:0.008449693051052936
states:0.015985461738220755
safety:0.01913274715345446
motorcycles:0.025520217880716213
details:0.01766121241801081
call:0.012300722675919942
list:0.01347976202278509
rates:0.021229652918950237
found:0.012382039376189802
writes:0.0030613999584146404
get:0.006085064700421862
depends:0.019934102479178224
if:0.003102548239645413
of:0.0036007515845507157
short:0.016032304933431794
piece:0.019952365341636632
what:0.008522612064783622
up:0.006219723936816596
cheaper:0.020413788884105524
beginning:0.01875040182470782
now:0.007647751842028908
good:0.007500045608145829
one:0.0045523653137760295
in:0.004935547274846957
st:0.017762718717218982
or:0.0062436246083619005
recommend:0.020313792996126533
comprehensive:0.02564368198757807
and:0.0017675806226425455
for:0.006024978942816185
subject:0.00012359702264823285
costs:0.038113450508646625
i:0.006186532179248909
gregory:0.024737457093475777
any:0.009474882095266734
alan:0.02037353098147796
will:0.010493568008363744
than:0.0066231540843493565
the:0.0017447986342339187
do:0.0033255459208634103
see:0.008191600747273963
when:0.006054048346498777
less:0.012726229428686469
riding:0.02090381589690487
can:0.008005240670719567
once:0.012421440717244936
makes:0.012930453158573954
about:0.004560260094082738
e:0.014402267111360308
interested:0.013319797293587591
is:0.004975419016493776
new:0.007981479467053458
dc:0.020727427719903616
break:0.018167622908555028
2:0.0090204145930343
advice:0.01800859753811689
first:0.008692383469402968
bike:0.0873232100582996
article:0.0037515411125768564
luck:0.01908698437922973
rider:0.024585652358184152
difference:0.014847934476085123
give:0.02188181732737043
bad:0.012687967809011037
going:0.02016496003749706
live:0.014336519786794715
teach:0.022758549617425128
buying:0.03714090671516219
s:0.005744780378296466
