read:0.029064141819204123
there:0.01176639725098907
candidates:0.07529241652524245
all:0.01223163885443963
with:0.007497786881917273
work:0.025962467487055173
members:0.047285157801341224
to:0.005300766000349349
dod:0.04483928258580047
obviously:0.047203757446486624
ii:0.047069228270642534
nt:0.00915485322721075
re:0.00958821801995309
this:0.013461088163369718
voting:0.07435960429085234
federal:0.05065969475250335
on:0.00650011314409346
you:0.007125628069342587
m:0.017548906565590668
a:0.0035807798098625512
vote:0.05839529963880125
crash:0.06547310197598125
karr:0.1782750934519197
election:0.0720973422736529
ride:0.05413717354876772
cliff:0.07481752842677643
others:0.03456831055215892
it:0.004395582432563743
not:0.007729615494563652
deleted:0.04504332688459406
ve:0.023399149987531207
buy:0.03854924519543546
cs.cornell.edu:0.1430877057815312
92:0.05619890882534454
details:0.04890797284987609
be:0.007416169963300914
writes:0.00847772296176362
of:0.0024928280200735725
safe:0.05324026856662785
what:0.011800539782008092
but:0.008529272080133465
excellent:0.0499367360684665
well:0.021575229617350575
david:0.03200570819672428
in:0.004555889792166422
bmw:0.11362703463246135
for:0.008342278536207025
subject:0.00034226867810279864
i:0.004894838647317819
rangers:0.05983270089675902
any:0.01311906751652317
alternative:0.05582259841492752
the:0.0019327000256129563
mr:0.04329430356773607
myself:0.04272874438458824
just:0.015056263634178025
cast:0.07136454209621766
about:0.012628412568229122
is:0.003444520857572614
done:0.033957225018214084
does:0.015621651465865707
bike:0.04836362403228901
article:0.010388883080982065
condition:0.048693526775448984
going:0.027920713898072852
seem:0.035380930190970994
