at:0.0043397291253912855
out:0.00580382807428798
minnesota:0.024823051023585105
behind:0.01737804138423004
traffic:0.043103844939762576
all:0.004699841530277297
your:0.006206562670843658
ca:0.010130781261538527
into:0.00882169410336151
from:0.008340613344139661
wrote:0.012687561451688971
my:0.004680858430198528
to:0.002715663369637105
front:0.017324881425447948
day:0.012528586383068335
enough:0.011981027226292592
next:0.013193990264774262
been:0.007227785158726302
make:0.00867034720861923
that:0.003417779560930806
guy:0.016681432250979653
like:0.011474276487770179
nt:0.0035176283336080714
could:0.014868070495823225
its:0.010186327862237292
consider:0.015863862456015728
me:0.005337875272928791
anything:0.011434685469553714
re:0.0018420714422569978
file:0.014967910751026646
this:0.005172240772132207
he:0.02349950552985569
shot:0.019589321899446975
illegal:0.020245118845434912
drag:0.02570506201594464
something:0.009806213385041984
on:0.009990321679591919
athena.cs.uga.edu:0.02770242708051688
you:0.0164275563372036
leg:0.027559631332372776
state:0.013092184172121261
why:0.008767106306177372
beat:0.021408532892747936
more:0.0062631479104469255
a:0.004815531468435845
how:0.006479620676005538
other:0.0067946206297138465
was:0.017447510031554397
red:0.01779615248740173
shit:0.02373999941711703
dogs:0.02560940642058946
standard:0.014995293302769639
driver:0.018127022652642325
drive:0.013910363294610782
idiot:0.05221483369705448
act:0.03676485776372763
walked:0.02672049159962776
allan:0.024287908949679707
reason:0.013163605536987822
it:0.003377886007290364
have:0.005036951853671457
only:0.006569144030883186
university:0.011578030057136224
heck:0.02439778952856788
his:0.009085857347316536
writes:0.0032574502020569574
get:0.0064747486467542975
down:0.011647121068734768
if:0.003301233594893642
of:0.0019156707937511197
ryan:0.021896244832528472
but:0.006554514504930151
well:0.008289989705188891
court:0.019687988312627136
over:0.009881481539504225
one:0.00484389609741686
in:0.003501077869842177
1-2:0.029023924551426626
bmw:0.021829824387517207
clearly:0.01790399200209066
cats:0.029119580146781808
speed:0.016544163383673798
or:0.006643462637468821
total:0.01803455909263252
and:0.005642326322523988
for:0.00480811127456267
subject:0.0002630242058326926
car:0.015067208570854135
i:0.0037615508816826585
stafford:0.09731532804679138
morons:0.029119580146781808
person:0.027637383636195573
away:0.01364031323312153
back:0.010376141478165209
driving:0.02062615069803537
the:0.005198296620614159
wrong:0.01302178353118158
do:0.00353851191579555
thing:0.02230475305541829
can:0.004258945775555238
major:0.01614003927447188
did:0.01619616791569424
put:0.012253494086437337
may:0.009167613435664192
just:0.011570330674540748
disclaimers:0.026901841220921926
arrest:0.05443952994073618
is:0.001323510477293911
foolish:0.028930091078664587
limit:0.021874005027826375
right:0.00955602755561724
window:0.017177304146921882
does:0.006002407952401602
fool:0.02436088966783311
run:0.013186376494519186
light:0.017203028008897996
told:0.015272018555315911
meters:0.057676023211396636
too:0.009618314620022151
nothing:0.012585497544339451
him:0.011805494105237969
bike:0.05574920208648093
article:0.007983575175533015
very:0.008587401437356883
going:0.010728156079062476
citizens:0.04026953880723272
john:0.02641850639982114
s:0.0030563363588966418
