ducati:0.10337279351670785
some:0.01883123992150571
at:0.007104556552051863
say:0.015302782050544705
there:0.00740144343207377
swing:0.047210615773844826
own:0.01827815028667738
with:0.00471634981281893
way:0.013970748544730188
someone:0.017769823505346935
sell:0.02806509918532716
tm:0.037065131696456026
name:0.02227606859540525
my:0.007663018236534687
to:0.002222901871114243
dod:0.028205355174939006
design:0.030348122640527764
besides:0.03266199027529749
next:0.021599838901203025
that:0.008392853841156697
guy:0.02730911892700701
bit:0.021976485468191125
finds:0.042404297772987584
its:0.016676004484146533
huh:0.04031381706501969
me:0.017477236780718462
re:0.003015649215952988
steering:0.04535155401084618
apple.com:0.08869830613979594
der:0.04677458979585873
something:0.01605372029970583
on:0.012266342546111853
tell:0.019435685916310102
obey:0.04511778355219092
more:0.010253379240489724
a:0.0067572780282890085
ama:0.040637736756353036
solution:0.03136981506639717
are:0.005184769206461496
complex:0.03625800703067391
hey:0.031081766013154592
investment:0.04384178351013532
frame:0.19485746404938614
relation:0.045233821757449784
always:0.021427065306441187
has:0.017173781836879853
uses:0.027540283305132557
toyota:0.04291380504412897
er:0.04434915306989797
things:0.018021983291453627
if:0.005404438869059752
what:0.014845840370913407
but:0.005365187276212986
never:0.017773703474692423
street:0.0321615200025694
together:0.0287013406568567
up:0.010834357825422457
in:0.001432900821729762
and:0.0061580228143675786
for:0.0026237811525167258
subject:0.00021529803945176046
i:0.0015395057035918946
similar:0.025522244256989523
any:0.008252316663619414
the:0.004255057314454331
uh:0.04147274223168239
rule:0.0955330056836173
can:0.01394461278125344
sony:0.040975213449381265
arm:0.040377568512657704
twin:0.0479941943904065
apple:0.03059166892975061
head:0.027845643027868412
is:0.0086668589319569
time:0.012737983628255754
gt:0.044142359274629124
lot:0.019988333776333796
2:0.015712980258833942
tied:0.04132743170343498
1:0.031589095031043686
aluminum:0.05070768016960983
nice:0.02548176981253837
bike:0.030422279633214054
comes:0.024388518848754127
hawk:0.1407519849625617
parking:0.04424509335347936
