confused:0.07550726731913714
there:0.014340296649642929
cooper:0.2124555613999253
much:0.027299951086873928
bikes:0.07509605937667818
from:0.013227691475471494
themselves:0.05056953463004402
obviously:0.05752957938790557
cleveland.freenet.edu:0.06691279330477352
weapons:0.06249306227327615
like:0.03639497073464604
nt:0.011157477370663102
egreen:0.08881589561189626
me:0.01693107313132101
re:0.01168564071181783
this:0.008202850599553422
bc:0.09035402174960334
two:0.02913733488520799
on:0.007922012894363905
you:0.017368718419022558
vs:0.053384561641614724
was:0.01383533022033415
east.sun.com:0.08654742670807598
are:0.010045490337519149
fuck:0.0885736426972718
ones:0.10601968688677677
barely:0.08956603966168315
robert:0.04992831295246412
greg:0.13685214367173196
writes:0.010332224859649412
if:0.01047110030880327
never:0.03443655048221657
well:0.026294811096146013
please:0.029928364951644606
ed:0.06200265111982816
one:0.015364232933994101
in:0.005552490684202827
or:0.010536116526610708
green:0.06575485623987161
usenet.ins.cwru.edu:0.08138080334830308
any:0.015988863535762614
start:0.04402440762316426
would:0.014572650720380876
can:0.013508843631839271
wars:0.07530031065116807
maybe:0.04137364191159881
newsgroup:0.060065060008974214
many:0.02895626605590771
average:0.06061751654535292
article:0.02532290250989378
very:0.027238163934116363
by:0.01547555429401822
mike:0.09985662590492823
built:0.057695275532418024
s:0.009694316888375286
