manager:0.019062613300551444
effective:0.01960177394953662
pixel:0.023863333579436055
story:0.017451735572876718
anyway:0.014798610784682203
tried:0.01503817501474112
situation:0.01710743829502232
where:0.00896823688462991
suggested:0.021320689072598698
your:0.006116175835831371
with:0.008516903545478845
way:0.008409576793915258
remove:0.021447331966211795
4:0.012059560699896499
miss:0.023426313425757808
apartment:0.028791637849965468
wheel:0.023589775635013088
to:0.006021258466416251
dod:0.01697798078491474
cs.cmu.edu:0.025143986934024105
job:0.016851886190724155
w:0.01502107211179298
near:0.01749891154117245
then:0.007746991989202927
that:0.01010401821653816
mach:0.030253313057654406
egreen:0.02759328795709398
anything:0.0112681609238806
re:0.0018152451591173326
avoid:0.01877062860787912
so:0.004960245618373398
had:0.0074485848819521114
this:0.0025484584386962087
something:0.00966340445225011
on:0.01230603944755558
mellon:0.02975499192144041
used:0.009584774312314881
cage:0.025779130627998914
them:0.007115821221030295
size:0.01747998610226149
paint:0.023690562001267595
a:0.004067487745183675
factor:0.021965924313965126
vision:0.023145274695568957
labels:0.029092003887431914
jeffrey:0.05339121340453736
was:0.004298355019909638
pulling:0.026158995661492837
local:0.014836812873378407
driver:0.01786303688585627
drive:0.013707785188378584
ultra:0.02599254384848977
logic:0.020158936641732874
east.sun.com:0.026888520919013895
are:0.0062418580737983054
complex:0.021825208115551283
furthermore:0.023863333579436055
no:0.0054647851270995616
taking:0.0165385923987942
it:0.008321733731552717
not:0.002926747614446431
have:0.002481799092949771
only:0.006473476884802361
chooses:0.028508779072664612
has:0.010337616251325737
be:0.0028080643550362685
which:0.0062713220025122215
writes:0.0064200232137627405
were:0.007530598531418927
of:0.0028316590130932815
even:0.008151259455174881
liability:0.056311156647441574
but:0.009688590615297237
ed:0.019262959571208747
they:0.018114944165198904
good:0.007864125492036403
chance:0.017451735572876718
over:0.00973757646854057
one:0.014320061763722658
in:0.002587568474191609
additional:0.02075124222698998
door:0.020533846097732827
our:0.010824152538739773
moving:0.0205872892312686
or:0.003273356590791676
use:0.008071745280326932
and:0.0009266927536184219
damned:0.028241498600902346
green:0.02042869320073681
known:0.015810333726535716
subject:0.00012959687811659365
each:0.012359268919226287
car:0.029695566406634847
i:0.002780078260855266
any:0.004967413914023336
the:0.0054884927911824245
do:0.003486980188866488
enormous:0.028328967074216317
thing:0.010989963277305613
see:0.00858925126898629
less:0.013344007556292607
putting:0.039029655408136056
start:0.013677485863507342
would:0.009054850933052194
can:0.004196922293386958
her:0.016050528179270523
home:0.014220208989618194
instead:0.014891914133906024
put:0.012075045143430966
last:0.010583313359512124
friend:0.016860191357732066
an:0.013076186483908788
problem:0.010269734427405749
about:0.004781631943310056
different:0.012268043194229358
is:0.0013042360528673004
printed:0.02362313912670125
night:0.016251625468854485
assuming:0.019262959571208747
window:0.06770859692864352
hospitals:0.02744391097327479
sticker:0.057583275699930936
japan:0.025143986934024105
nice:0.015338541052207562
article:0.003933654758818451
condition:0.018437354798470973
corporation:0.023055098066574128
live:0.015032467349260477
project:0.018697261434043936
by:0.009615878396283166
seem:0.013396662887843386
while:0.010535643232420011
blame:0.02173361353154942
s:0.009035479818291529
