at:0.007341375103786925
there:0.007648158213142895
all:0.007950565255385759
watch:0.032034698671452914
your:0.010499435184843855
with:0.004873561473246228
way:0.014436440162887861
much:0.014559973912999428
though:0.020712868346755665
someone:0.018362150955525167
from:0.00705476878691813
ship:0.04270501276021615
weather:0.04348439657697301
to:0.0034454979002270774
then:0.01329900291479836
most:0.015471628866391982
might:0.017725709465653716
that:0.00578174375724128
motorcycle:0.03870502809379339
really:0.03252326238651543
nt:0.005950654597686987
seattle:0.04055305550083715
re:0.0031161708564847544
30:0.028525878953115754
on:0.004225073543660749
mellon:0.05107940279847271
you:0.009263316490145364
bill:0.025795948964097645
m:0.011406789267633935
more:0.010595158548506048
sure:0.018183700167993363
a:0.005818767191026646
how:0.021922716620485404
as:0.013335236003616973
route:0.04263093819840577
ride:0.03518916280669902
d:0.015182035186475295
care:0.026383474510615807
gas:0.033068080597241686
it:0.005714257162332866
choose:0.03311502907822715
should:0.013690101185278997
netcom.com:0.05365058624535232
writes:0.005510519925146353
coast:0.08924106721314823
if:0.005584586831361744
of:0.003240676426095644
even:0.013992995398050214
oregon:0.04894007074140759
san:0.03364971194670453
shipping:0.03419422908618166
up:0.022391006172539744
good:0.013500082094662493
over:0.016716172937661315
in:0.004441992547362262
francisco:0.04159225115501179
yes:0.022223715587532406
recommend:0.07312965478605553
better:0.018635132260845025
and:0.006363290241513164
subject:0.00022247464076681915
i:0.004772467681134873
back:0.01755297266722948
possible:0.02147476352470485
howard:0.17493268507954812
any:0.00852739388574006
ways:0.029736153177325784
than:0.011921677351828842
cost:0.05535012673918135
the:0.003140637541621054
got:0.018434615180254785
can:0.007204716603647611
once:0.022358593291040885
maybe:0.0220659423528527
ted:0.037387617732075176
about:0.016416936338697858
cruise:0.04894007074140759
portland:0.050120491716932815
night:0.027898623721533535
nice:0.05266232427924597
bike:0.03143635562098786
article:0.006752774002638341
range:0.033329633212413945
s:0.015510907021400459
