okay:0.26911038346890603
from:0.052910765901885974
to:0.017227489501135385
that:0.0216815390896548
re:0.02337128142363566
he:0.0993833254700147
you:0.034737436838045116
bars:0.34877628284248235
perfectly:0.27923887467730424
subject:0.0016685598057511436
welcome:0.26147613667258823
come:0.15007460465433803
e:0.19443060600336418
s:0.07755453510700229
