some:0.019458947918889236
resident:0.19576028296563036
know:0.020564585427638362
all:0.015901130510771518
became:0.1441882502018775
take:0.035429152172261724
insurance:0.0740070503441459
though:0.04142573669351133
my:0.01583690435550502
to:0.004593997200302769
us:0.06866254620616653
european:0.07385757251109988
nt:0.011901309195373974
could:0.02515181925543429
12:0.05922308052686726
re:0.006232341712969509
had:0.025573474761368918
on:0.008450147087321499
a:0.004655013752821317
sweden:0.08868853042453322
drive:0.04706339581343314
course:0.04076919666500032
it:0.005714257162332866
have:0.008520843552460881
moved:0.0743100889955324
of:0.003240676426095644
even:0.027985990796100427
years:0.03716292371633989
again:0.04069781896846696
in:0.0029613283649081745
and:0.009544935362269746
for:0.005422481048534567
subject:0.0004449492815336383
italy:0.09473695531935601
until:0.04768609542274407
i:0.01590822560378291
license:0.15594381428658396
valid:0.07156707196043022
the:0.002512510033296843
do:0.011971965315108277
road:0.06017753976617517
jonathan:0.07967508949156776
about:0.016416936338697858
different:0.042120281633520794
tests:0.07845503275784618
written:0.05972531564093517
s:0.010340604680933639
