taken:0.03969736505733326
since:0.024106284619321464
read:0.027313289902384602
choice:0.04545015270504269
dan:0.09575430094909057
say:0.02286198764177763
traffic:0.052711328450432554
sorenson:0.14655181414042098
your:0.015179906291340514
with:0.00704611297336804
distant:0.06967057098764595
unusual:0.06041911644841846
post:0.03111539523411061
iastate.edu:0.11581079036403383
to:0.0033209618315441706
dod:0.04213812098424623
front:0.042372902763444985
problems:0.03304907513122619
nt:0.017206712089697315
re:0.004505307262387597
on:0.006108540063123976
you:0.013392746732740286
assume:0.041825163316737066
them:0.01766095387388242
a:0.003365070182762398
how:0.015847746954567764
act:0.044959434494197044
no:0.013563201640753132
action:0.044360157600312734
not:0.007263976006939336
flame:0.050574138612985486
should:0.019792917376306986
have:0.018478937824613958
viking:0.13550825776734762
only:0.01606670166589502
machines:0.04754152451667822
exciting:0.0670654732952407
his:0.022222036644641646
writes:0.00796701675924774
certainly:0.03705731659344146
of:0.004685315314837076
short:0.08344524977400646
what:0.022179327783051355
eh:0.060039614435654955
in:0.00428143859986724
substitute:0.06988011005646365
sword:0.1393411419752919
and:0.004599968849286625
usenet:0.04920721239329822
subject:0.00032165008303636504
half:0.04556196968184357
car:0.03685112457690831
i:0.011499922123216561
the:0.0009081361566133169
do:0.017308865515819196
thing:0.027276294399095864
did:0.03961231429983049
people:0.018135820964736354
right:0.023371971009521684
meet:0.051688443585535135
blame:0.05394125768071303
