read:0.027987692122196563
chris:0.04736724991258395
with:0.007220091071475893
wrote:0.031797221909788405
members:0.04553385566055081
my:0.023462080526674103
to:0.005104441333669743
look:0.02927368301575198
politics:0.12084791388007073
like:0.014378260043316953
publication:0.06773322933125236
me:0.013377638029685735
re:0.004616549417014451
this:0.012962529342504173
on:0.012518736425661479
m:0.03379789412632277
a:0.0051722375031347965
was:0.01093161893952328
owner:0.055330965886563055
as:0.009877952595271832
let:0.02845849065126944
ranck:0.16561990584177488
far:0.030733062618782735
l:0.040801982453745216
fighting:0.0562950206639882
it:0.00846556616641906
money:0.03827431810776703
has:0.013145363875142604
throwing:0.06283345940018109
signing:0.07347259388160995
thinking:0.04300650041788463
down:0.029189698480903182
of:0.002400501056367144
wm:0.06681831609478665
but:0.008213373114202595
up:0.033171860996355176
beginning:0.05000107153255418
now:0.020394004912077088
in:0.002193576566598648
bmw:0.10941862594237019
p.s:0.05598558895209664
and:0.004713548327046788
for:0.008033305257088246
subject:0.0003295920603952876
membership:0.06638508992427715
i:0.009427096654093576
the:0.0037222370863656934
when:0.016144128923996737
level:0.04346339706905863
because:0.021786695048080416
about:0.012160693584220636
current:0.03904007066334343
is:0.006633892021991701
new:0.021283945245475885
right:0.02394905671346049
going:0.05377322676665883
s:0.015319414342123909
