some:0.014778947786498154
go:0.024625724706254775
curtis:0.0715626032974001
thanks:0.025232742340710924
ca:0.02603226071002938
ship:0.06486837381298656
wrote:0.03260221486952989
to:0.001744555898849153
dod:0.04427169673028401
1987:0.06442417989132491
signature:0.06327738374762584
franklin:0.1571016263998645
nt:0.009038969009144792
re:0.004733424085799627
apple.com:0.13922265773841389
off:0.027638701872865195
on:0.006417833230877088
you:0.02110629073704007
pool:0.13363929648235942
a:0.007070906966310861
low:0.04298474101240278
price:0.03962207850435396
said:0.02774056745143585
course:0.06192789366835491
sons:0.07118471768791046
are:0.008138118754445893
lands:0.07235400022121445
650:0.12777999637783016
quality:0.04866030177942215
call:0.03363235567086972
free:0.03655073157119918
floating:0.07235400022121445
of:0.0073838197050280505
tracing:0.07641060649051536
adobe.com:0.1347167550752403
jackson:0.06617696057822497
good:0.020506453814677205
bob:0.04663297486112785
1969:0.07758896627616108
in:0.008996440602252681
un:0.06617696057822497
and:0.004832878664440378
still:0.025844418762399332
for:0.008236680073723392
subject:0.00033793616319010504
license:0.05921916998224707
top:0.04280547121730779
back:0.026662743291994147
the:0.0009541177341633582
imagine:0.049844791828689394
jim:0.17145978465563896
today:0.03593830716200447
win:0.04290475194466255
time:0.01999379708738878
advice:0.049238697066243654
plates:0.07482626290881908
article:0.01025737823185571
comes:0.038280713129690024
