screwed:0.022838248177991384
since:0.008587217267826958
looks:0.014691439804179788
go:0.0166989892857865
out:0.015169662219920084
anyway:0.01308375030748727
take:0.009123386825475121
chris:0.03293345272892103
actions:0.016970911777631555
with:0.00752996622475812
much:0.00749869901098683
insurance:0.05717282859204404
companies:0.017067091611964534
longer:0.014567429220490024
themselves:0.013890344276063595
syl.nj.nec.com:0.026306988565737016
name:0.011855075132318675
to:0.0029575089272335427
caps:0.022110525838162618
zx-11:0.025720827471291736
us:0.00884067118534333
legal:0.016220236883405258
been:0.006297169043868838
bear:0.019337177351157576
make:0.015107986981542521
that:0.010422027373567972
higher:0.015930789326342884
like:0.009996901832692473
through:0.010169370360621575
nt:0.0030647148142593926
re:0.0016048948617088865
accidents:0.024263715281092734
michael:0.012895687560831284
pack:0.022110525838162618
baby:0.02142090188240951
this:0.004506287024647373
paying:0.04025586959676613
two:0.008003388122975585
slower:0.020975422081200738
fair:0.018123173977699067
on:0.0021760035417995277
1983:0.021662274064052755
disclaimer:0.016111826296455738
why:0.00763829433542492
more:0.005456734016397965
sure:0.009364995794674693
a:0.00419550595747844
basis:0.015996602047373385
price:0.013434095286883961
was:0.0038002623781175347
as:0.010301899058588219
red:0.015504802381727687
shit:0.04136669426330263
114:0.02528693855768071
surface:0.019592213490517235
pointed:0.018565010755606546
also:0.006366940479311444
based:0.012965248978113917
corn:0.025720827471291736
are:0.0055185526317701765
no:0.009663053529463604
lie:0.01957037199048517
plan:0.03352415620118975
wild:0.02027942742534025
it:0.004414447593218523
not:0.005175193206660642
have:0.006582625920356046
being:0.008351089828004928
spread:0.0200056517263045
lady:0.021993997988094156
has:0.00456984752741009
speeding:0.026306988565737016
uses:0.01465663145852548
rates:0.05904212485613629
writes:0.0028380360129509116
get:0.005641090022708679
down:0.010147491746580077
end:0.01160615194238416
of:0.00834508950925917
raised:0.01942051677543698
safe:0.017822922524450523
piece:0.03699322672784131
what:0.003950395291831035
but:0.002855292799357984
years:0.009569851600774221
sense:0.014104386465077213
seems:0.01011367849519776
they:0.008007893772598659
up:0.005765924336276329
now:0.02126928409285293
good:0.006952831980083687
rest:0.014019874821771711
in:0.0015251476557466993
system:0.02877968664260762
and:0.001638615512836008
for:0.006981735255623905
subject:0.00011457921412883389
costs:0.017666320407441354
i:0.000819307756418004
faster:0.016739489387958505
we:0.005784308608214463
pay:0.028608086369080542
ago:0.01227968122474096
any:0.004391790842441233
unfortunately:0.015802116226720845
later:0.013714214716556667
behanna:0.07611083394588035
than:0.006139919666177945
coverage:0.019863367574729816
cost:0.028506503041638463
the:0.004852487188770727
less:0.011797706251486169
responsibility:0.01861703376218313
would:0.01200836454211643
drivers:0.11813788115606669
because:0.015147830891798404
agree:0.01294658875092034
needs:0.014374877951370588
1975:0.024263715281092734
about:0.004227537254600307
imply:0.020571864357388395
nose:0.02188055053286602
is:0.003459304208892668
tickets:0.024072935184222204
does:0.01045913145354099
under:0.01041769711204137
bike:0.016190397744714778
article:0.003477823520672107
inherently:0.04934554369355306
wide:0.018462819130311614
majority:0.017694371785037
fault:0.03800000000271771
by:0.008501592058516447
upon:0.01488444456091389
seem:0.011844259892256384
s:0.005325633312068827
1991:0.01863451584539187
