tip:0.1567580847212563
some:0.010518350226426615
ideas:0.03240534808143667
there:0.008268279149343671
bnr.ca:0.042044600630154985
know:0.011115992123047765
finish:0.04409315776705283
true:0.02327279992934997
thanks:0.017958438242487954
tony:0.12493904263358671
with:0.010537430212424276
compound:0.11574104787852718
previous:0.03129008486209735
someone:0.019850974005973153
work:0.01824389607198472
turn:0.030824127339770406
wrote:0.023203378150386134
signals:0.045774112321831324
both:0.020231568309083223
my:0.008560488840813524
recall:0.035232929865522726
then:0.01437730044843066
areas:0.07416671450331234
software:0.025367440436768078
that:0.0031252668958060975
motorcycle:0.08368654722982355
really:0.01758014183054888
smooth:0.04954319802403017
could:0.013595577975910426
me:0.009762060183824727
re:0.0033688333583618965
michael:0.027069326141204407
anyone:0.015071304050823344
oak:0.05325472765582619
mn:0.051641680525655154
you:0.005007198102781278
great:0.022713970168762854
inc:0.03298212158382344
a:0.005032447300347369
how:0.011850117092154272
same:0.01749633649124876
uunet:0.03402695776952509
was:0.015954254668493435
owner:0.040376650782086555
as:0.007208235677630796
letting:0.044029489593871825
ending:0.051641680525655154
drive:0.025439673412666564
panel:0.04441842807914397
far:0.022426829478571185
mcguire:0.058656719750863326
are:0.00579199442883987
instrument:0.04765066226054498
18:0.03483558102002792
it:0.0030887876553150626
19:0.036908983891719635
coat:0.056392625802386694
chuck:0.044894486469904155
which:0.01163866966231998
writes:0.005957318837996057
down:0.021300590783361783
of:0.00525515096123618
reading:0.029606504922189105
well:0.015160972163543647
one:0.00885865682680741
and:0.0017198081733819362
for:0.0029310708370457114
subject:0.000240513125153318
i:0.0017198081733819362
group:0.02429834175501482
any:0.009218804200800066
research:0.02781379712195295
the:0.004074340594535422
when:0.011780850836430053
makes:0.025161962903170937
jones:0.08937474738621012
about:0.008874019642539383
is:0.002420474116132107
division:0.03569880555063363
plastic:0.18340577338431238
nice:0.028466121232024848
bike:0.03398524931998687
useful:0.03454312808178773
side:0.029012288996136875
somewhere:0.034950640170293576
black:0.03179776897517061
s:0.0055895160437479125
