basically:0.022424037418559348
go:0.01111675572453787
ask:0.03330928667835849
dan:0.022707448510784333
computing:0.024928351309594525
there:0.005244451346155128
know:0.014101430007523449
anyway:0.01742007898082591
saw:0.019413603332202597
ever:0.015105268896170632
where:0.01055689598990721
own:0.012951375060274259
your:0.007199612698178644
with:0.006683741449023398
insurance:0.050747691664557185
vehicle:0.02514675823999565
from:0.004837555739601003
work:0.011571842651373164
sue:0.031651630338953504
wrote:0.014717571283959206
my:0.005429795779030293
to:0.0023626271315842816
lived:0.025691387838877512
been:0.00838423078412251
that:0.009911560726699338
mi:0.030469947977166758
bowman:0.03576903693751385
nt:0.004080448866985363
me:0.0061919353165973984
re:0.002136802873018117
happened:0.01927029084993389
tells:0.025297142858952074
so:0.005838917699342401
this:0.00299989964783668
requiring:0.03157492736562698
on:0.005794386574163314
you:0.006351988450385392
medical:0.022988671269535264
state:0.04556080091898199
bill:0.017688650718238386
more:0.007265251576118434
j:0.01745216376873636
colorado:0.02693258107198834
judges:0.03345209346261005
ranck:0.11498753462728943
lets:0.026477795712454923
l:0.018885489021447786
no:0.012865665556371541
insure:0.03412513938064652
reason:0.015269782422905873
it:0.005877521652685234
not:0.0034452000490055134
should:0.009387497955619883
made:0.013289026010960008
only:0.007620207075824495
states:0.01973062705974676
money:0.017715541524166458
400:0.02623329699699659
agent:0.028431805440374
has:0.006084425565066005
heard:0.015443699196684998
univ:0.026540590692886896
be:0.006610985795856815
rates:0.026203457317104294
writes:0.0037786422343860705
get:0.007510708430234984
of:0.0033332671811269485
wm:0.030927334878158394
liability:0.03314313791249419
what:0.00525966915998075
years:0.012741573845602249
never:0.012593938462067774
fact:0.013704383592164795
court:0.02283806644264748
michigan:0.02943858583023937
one:0.005618919473003557
in:0.006091875493525388
government:0.015380656792093128
required:0.02138732257429125
703:0.03314313791249419
point:0.012580205492914633
jersey:0.02923264333604967
system:0.025545398048486
and:0.003272549267063913
for:0.003718272718995131
subject:0.00015255403938296168
i:0.005454248778439855
faster:0.022287434442253326
back:0.012036324114671643
will:0.006476030542304482
the:0.004737876062788333
do:0.004104673822322838
when:0.007472425387678491
got:0.012640878980746138
can:0.004940377099644076
because:0.010084127422254365
increase:0.024027118475355925
rtsg.mot.com:0.0323054037742549
last:0.012458071726054273
nj:0.027887175841492143
an:0.005130846506067067
just:0.006710791791233634
people:0.025804682401253443
many:0.010589720157589105
about:0.005628663887553551
lawyers:0.06345875384425877
changed:0.021596086821905284
jerry:0.027887175841492143
is:0.003070544307321873
max:0.027209691643066115
new:0.00985142608504884
applies:0.05441938328613223
center:0.018666461905558908
does:0.0069627932247858584
their:0.008649620677609795
virginia:0.027887175841492143
every:0.013897991582499407
article:0.004630473601809149
removal:0.032571232435025715
thus:0.019036314702150316
going:0.012444661051712472
fault:0.025297142858952074
by:0.005659631284669521
s:0.003545350176320105
va:0.02852040079200809
