at:0.02481591584378679
your:0.017745524256074122
much:0.02460840661352016
previous:0.04891830168581417
someone:0.03103462133328197
from:0.011923552879298248
ship:0.0721774863552949
to:0.003882251155185439
dod:0.04926005692524559
might:0.029958945575752762
problems:0.03863483430833484
motorcycle:0.06541694889091841
r:0.04366506713703
seat:0.06986335887231918
seattle:0.06854037549437265
re:0.0052667676447629656
them:0.02064590382439776
a:0.005900721658505894
how:0.037052478795186604
same:0.027353427472233977
solved:0.07656874866558845
einstein:0.07920553094852009
it:0.004828949714647492
not:0.008491690261633308
signs:0.07074392728050699
follow:0.05319707482277867
650:0.0710888712242858
be:0.00814734164982354
thinking:0.04906375399786839
were:0.021849342217919707
of:0.0027385997967005445
san:0.05687275258597949
shipping:0.057793063244250695
in:0.005005062025196915
francisco:0.0702967625155129
albert:0.07230380565082674
recommend:0.06179970826990608
and:0.005377428373109717
subject:0.0003760134773523704
we:0.056946925593548026
face:0.05055312099923324
cost:0.046774754990857474
the:0.0053081197886553026
when:0.018417949899207548
level:0.049585002290052804
can:0.02435397161796376
butt:0.07820621072355834
road:0.05085425895733113
put:0.03503463802178562
created:0.05349429702091579
eternal:0.06495763078403445
bike:0.05313186865519075
significant:0.058632785823999514
article:0.011413139159388746
says:0.036070799217289694
yfn.ysu.edu:0.0784004828662673
john:0.03776730140256121
