ask:0.01704422563951092
cat:0.029613900055026336
tomorrow:0.029564962922450217
all:0.005579344038867199
anyway:0.017827566208447568
1919:0.028833014718040822
chris:0.04487423675929006
own:0.01325433120203506
with:0.006840086278240319
eos.ncsu.edu:0.034021922291145514
ignoring:0.031247314223337822
alot:0.029613900055026336
syl.nj.nec.com:0.035845194946296635
name:0.016153406466843573
my:0.016670425637373705
to:0.002417893263317247
dod:0.040906012183537274
w:0.018095560555727214
zx-11:0.03504650760708172
ii:0.021470174298889578
legal:0.022101258443470318
that:0.004057364040169319
quite:0.01553332971993802
afternoon:0.032552247271958934
nt:0.004175897963289114
its:0.01209254126335772
re:0.0021867865659542136
pack:0.0301272077210052
baby:0.029187544670183713
chances:0.028539507440123537
this:0.009210218217042439
he:0.009299024605381493
on:0.008894891670864736
1983:0.029516431911837962
disclaimer:0.02195354109400109
am:0.01911504510761831
concerns:0.029373209572608163
reader:0.0301272077210052
m:0.008004764398339602
why:0.010407734386865534
sure:0.012760491345960254
a:0.003266676317769345
how:0.0076921812703457555
load:0.026292355975459442
was:0.015534405861427817
red:0.021126426637090943
dogs:0.030401809961284564
114:0.034455302245260847
harder:0.02862187434001675
jack:0.04999714501473609
corn:0.03504650760708172
no:0.006583308398728127
taking:0.019923684410243305
wild:0.027632202281311562
it:0.002005002513099251
should:0.01921417710214596
purchase:0.025511470638473928
being:0.011378970350439463
probably:0.01396037260250999
transmission:0.0283385270687539
lady:0.029968430007169228
be:0.010148443107674935
writes:0.007734063052836986
get:0.007686397516322352
of:0.0022741588955057152
raised:0.02646187373495214
available:0.01579569489949842
but:0.003890545159359124
now:0.009660318116247043
one:0.005750356185822353
in:0.004156250336713227
fear:0.02517991892106723
yes:0.015595589885987653
and:0.001116366709037397
still:0.011939819194324837
rogers:0.03231352215780539
subject:0.0001561225549240836
i:0.010047300381336574
info:0.017224534850247938
any:0.005984136060168463
later:0.01868662005238423
behanna:0.10370657490871416
than:0.008366089369704451
impressed:0.030290417008239565
the:0.003967121105205542
waiting:0.025585030768338606
do:0.004200689584248518
when:0.007647218963998455
riding:0.026404820080300886
waters:0.07140854718406625
got:0.012936572056319146
would:0.01090818299537282
agree:0.01764067356119555
road:0.02111492623374567
return:0.021581097706531747
needs:0.019586822003914307
1975:0.03306108573388659
thought:0.01569933570287551
newsgroup:0.02248049029575643
about:0.017280985619681957
press:0.020978657080512667
busy:0.029864923708342324
worry:0.025709725326635808
is:0.0015711849525769817
number:0.01463312776840794
night:0.019577981558970902
new:0.010081868800488577
advice:0.02274770215341081
wanted:0.017807953155240364
too:0.011418233145406412
count:0.024931991675642164
bike:0.044121200871561905
article:0.009477577547562585
wide:0.02515694068633103
comes:0.017685241738277846
by:0.005792020320568222
jamie:0.03492338825504761
s:0.0072565646883744825
1991:0.02539089001155734
