correct:0.021387042092689205
1919:0.03222513409663386
thanks:0.013028670881804988
ever:0.017277268345293206
way:0.011322698166970872
eos.ncsu.edu:0.03802450138422146
themselves:0.021153269387730832
my:0.012421101455298057
to:0.0027023512942957466
dod:0.022859242102564948
ii:0.02399607715758247
t:0.033676771960790094
been:0.009589806452427707
that:0.0045347009860715925
think:0.009410117826984022
protection:0.05529375550500605
provide:0.022071605740414467
like:0.007612020022932505
afternoon:0.03638192342160116
nt:0.009334360153234491
its:0.013515193176693923
re:0.004888111147427066
jacket:0.03850886721529154
so:0.006678500636502746
two:0.012188166226492231
big:0.018142356561225866
m:0.026839504159138668
more:0.016619856546676155
a:0.001825495589341693
as:0.005229504315143911
40:0.02499677900669803
also:0.009696059684180173
jack:0.05587916207529328
advance:0.02067647854037026
no:0.007357815269166731
not:0.0039405882913461756
have:0.0033415072754748552
due:0.02166759794051296
42:0.06361263607974456
kind:0.018009978411523266
call:0.017365726130710506
be:0.007561585060620541
which:0.008443740735408612
scared:0.03715174718406118
writes:0.004321976411879492
if:0.008760136206057638
of:0.003812560501288993
trying:0.017623060281492783
piece:0.08450413556457868
looking:0.016953498989585907
but:0.0043482563545778445
well:0.01099913666766892
please:0.012519054620295783
they:0.006097513885671527
one:0.012853737356544085
pants:0.08219284105923685
in:0.006967831446842764
fear:0.02814226232354573
or:0.00881452885886386
better:0.04384737002551771
and:0.0024954079378482997
still:0.013344503805421877
rogers:0.03611511299990015
for:0.0042529263125761305
seriously:0.025339566427433603
subject:0.00017448991432691697
i:0.0124770396892415
we:0.008808783697476927
than:0.009350335177904975
the:0.005911788313639631
wrong:0.017277268345293206
do:0.009389776717731982
thing:0.014796944020424554
when:0.017093783566584784
waters:0.07980955273513286
got:0.028917043420007504
would:0.01219149864188727
regards:0.026989330699422637
an:0.005868615284717234
just:0.007675742244875072
worry:0.028734398894475315
is:0.005268090723346351
night:0.021881273507085127
does:0.007963979178676635
build:0.024389758581819312
request:0.025492163577740732
1:0.025601619502283773
too:0.012761554691924814
article:0.005296293335402621
opinions:0.018664118663529686
comes:0.019765858413369357
by:0.00647343447592919
fit:0.0265715560738456
