ducati:0.07366796779351593
go:0.011180645125253604
out:0.006771132753335976
say:0.010905430886595078
all:0.005483148451990179
beth:0.22213458692616816
true:0.014846441334240498
chris:0.02205027151103046
ever:0.01519208078637851
1992:0.0226778536487603
from:0.004865357784081469
yamaha:0.06306197213599359
my:0.021844006007593134
discovered:0.026062256925976024
to:0.003168273931243289
dod:0.02010036805570366
look:0.040882212487515696
garage:0.03160514356705373
that:0.0059811142316289105
like:0.006693327951199271
nt:0.01231169916762825
1963:0.035514590553973484
me:0.006227521151750257
anything:0.026680932762291998
rat:0.034442257475925143
re:0.002149083349299831
jacket:0.03386124530999773
so:0.017617424092843448
carrying:0.026661458134736995
this:0.003017140450410454
child:0.022789451843341343
best:0.013995264827364564
something:0.011440582282548982
on:0.008741531469642929
you:0.003194247065567367
dry:0.02971420441413291
them:0.00842447799731173
fun:0.023656624453642732
a:0.004012942890363204
hard:0.015541571279169593
ama:0.028960226194182623
was:0.005088857092536699
woman:0.02516821033043346
shit:0.05539333197327306
250:0.026264947379064863
dixon:0.11353454938792329
pocket:0.032758423426031615
it:0.005911300512758138
not:0.0034650000492871544
have:0.002938221914641683
only:0.007664001369363716
1981:0.03153098606799679
tom:0.021814530019969858
girl:0.0303376563853632
has:0.012238787056167252
lips:0.10890930823973917
netcom.com:0.07400080861427906
be:0.006648979967097371
writes:0.007600717138132901
things:0.012843252460576148
if:0.003851439194042582
of:0.0022349492593763064
wear:0.028169298735124877
ed:0.02280557282568392
must:0.013318738088962627
who:0.0074313383576657946
clear:0.01895259047233686
over:0.011528395129421597
one:0.005651212113653003
in:0.0030634431361119046
definite:0.03249106701433682
or:0.011626059615570436
for:0.003739642102437632
subject:0.00015343078673573735
until:0.016443481180256576
i:0.006582714042944653
back:0.012105498391192744
behanna:0.06794568700915755
the:0.0038987224654606187
can:0.004968770071481111
thinks:0.02603387599700716
thought:0.015428657501101796
just:0.006749359560148769
cache:0.027888895492771824
herself:0.03386124530999773
about:0.005661012530585469
speaks:0.03138548142440891
is:0.006176382227371584
either:0.014388291420191714
new:0.009908043476342223
keep:0.03045304119684967
does:0.014005618555603738
life:0.016036662949935113
1979:0.03266791562736414
handle:0.023346878659360363
too:0.01122136705669251
category:0.02998923901860208
under:0.013950134638538156
bike:0.021680245255853697
natural:0.04812768496208253
article:0.00931417103812185
little:0.013478958056887725
side:0.01850783953201835
project:0.022135838249500293
fit:0.023364644133898715
s:0.003565725752046082
