another:0.022860879694727616
read:0.023371165586576512
preferably:0.054313293031109794
case:0.025480526879451088
chris:0.039554095287827835
wrote:0.026552319326730526
members:0.03802311658252181
longer:0.03499186606571315
my:0.019592046625367038
to:0.0028416477527645994
look:0.024445034270885676
appreciate:0.03957951892179891
that:0.007152672689370656
like:0.012006588283594568
re:0.003855056729671861
so:0.01053412986994763
this:0.005412190086303288
on:0.00522689510555969
3:0.024138824171521852
m:0.01411149187748528
a:0.0028793899501987526
was:0.009128465300014285
owner:0.04620420862692379
as:0.008248599589866169
karr:0.2867104595721595
part:0.025249712499105948
worth:0.03623880019373029
let:0.02376430662631778
ranck:0.1383011584864306
course:0.0252180597927837
organization:0.03950343534141104
business:0.0372841621982842
l:0.0340717585438491
d:0.018781899199763252
it:0.0070691841183499375
not:0.006215567098721287
being:0.02005983432912524
money:0.031961028522980724
cs.cornell.edu:0.05753010851010018
throwing:0.052469177437264626
signing:0.06135340313825161
thinking:0.035912644678852114
writes:0.0068171380517274465
down:0.024374902855187196
of:0.004009084238468838
wm:0.055796738182244524
what:0.009489093845326094
but:0.006858589920107322
years:0.02298737549464323
up:0.02770021382169865
beginning:0.04175347210450401
now:0.017030045338950972
david:0.051473097718443175
in:0.005495248512200737
bmw:0.09137019279723696
and:0.0039360558194926785
for:0.010062335966352804
subject:0.00027522635971152884
membership:0.05543497199862319
i:0.005904083729239018
any:0.010549353260709353
will:0.011683560256734891
the:0.001554129917503202
when:0.013481179823131299
long:0.024539291186686442
about:0.010154805982699706
current:0.03260047137866823
is:0.00276982089578004
new:0.01777319139055203
right:0.019998696843198965
keep:0.027313552413669288
article:0.008353947219758772
going:0.022451708082986417
hints:0.053594943333810936
s:0.012792500636206563
