week:0.022534894146441723
at:0.011515882515744197
out:0.007700503915558561
all:0.012471474910409036
shape:0.03116291887115821
much:0.01141958738274465
insurance:0.029022372683978784
someone:0.014401687023941307
from:0.016599455969219128
reach:0.028485643588433845
ship:0.03349412765507149
mirrors:0.0368523384518305
my:0.006210550727649028
to:0.00810705388288724
add:0.02245895697027267
80:0.026121971421328816
might:0.0139025172279637
that:0.0022673504930357962
think:0.009410117826984022
motorcycle:0.0303568847794458
arrived:0.03450164843825619
perfect:0.02647115551723457
me:0.007082278956892449
seattle:0.03180631803987228
re:0.002444055573713533
had:0.02005762726381876
this:0.0034312577671334575
federal:0.02582651105029583
on:0.003313783171498627
you:0.007265346266780678
used:0.012904990250567749
them:0.009580778898903535
sure:0.014261725621955578
a:0.003650991178683386
how:0.017194287545478748
214:0.03838436920894713
member:0.05216860029734064
ama:0.09880547760368188
was:0.017361983021595796
gary:0.02774299636289319
shipped:0.03656604680046846
also:0.009696059684180173
ride:0.027599343377803155
based:0.019744464130068907
business:0.023637671459042924
gas:0.05187149897606539
co:0.029836508126081802
it:0.011204425808495816
not:0.0039405882913461756
have:0.0033415072754748552
ex:0.035858768469486546
call:0.017365726130710506
500:0.027253445329081964
be:0.0037807925303102704
of:0.002541707000859329
oregon:0.03838436920894713
years:0.014573695575035251
adjust:0.036202845158933745
san:0.026391930938591792
shipping:0.08045700961454508
they:0.006097513885671527
up:0.008780786734329311
miles:0.026236305783730887
pick:0.026274866059071988
in:0.0011613052411404607
become:0.021648514867942142
francisco:0.032621373454911215
or:0.00440726442943193
recommend:0.028678295994531578
and:0.0037431119067724496
for:0.006379389468864196
subject:0.00017448991432691697
i:0.007486223813544899
back:0.013767037386062338
discount:0.037050412631538535
any:0.0066881520672471065
cost:0.06511779616374276
the:0.0049264902613663595
do:0.009389776717731982
can:0.01695227436152379
maybe:0.017306621453217805
an:0.005868615284717234
just:0.007675742244875072
about:0.006438014250469749
company:0.02200083686033562
is:0.007024120964461801
number:0.016354672211750052
either:0.01636315494845332
portland:0.07862037916381619
bike:0.12327982596465828
s:0.0040551390905622115
