pixel:0.04096538931136523
there:0.007648158213142895
il:0.04285516697273847
technology:0.028063897381807857
where:0.015395473318614681
your:0.010499435184843855
4:0.02070224586815566
previous:0.02894332849744005
bikes:0.04005123166756169
followed:0.03704114750836066
feet:0.036600516241294435
ground:0.06461589438995569
dod:0.029145533680770306
ye:0.04638695236254148
that:0.01156348751448256
think:0.011997900229404626
quite:0.02213499485091168
cleveland.freenet.edu:0.035686823095879214
like:0.009705325529238943
nt:0.005950654597686987
egreen:0.047368477659678006
re:0.006232341712969509
off:0.03639095746593917
you:0.013894974735218047
none:0.03018758527017745
vs:0.028471766208861184
3:0.019512216205313498
a:0.0034912603146159877
how:0.021922716620485404
was:0.007378842784178213
incorporated:0.04848123926488236
quoted:0.0372318499569739
east.sun.com:0.046158627577640526
are:0.005357594846676879
those:0.015465963785729668
log:0.13780917655586755
imagination:0.04723927610521163
lay:0.03989045497643937
18:0.06444582488705165
slide:0.04749971396774584
tom:0.031631068528956294
which:0.010765769437645982
writes:0.011021039850292706
down:0.01970304647460965
things:0.018622716067835412
jump:0.08267164133224436
of:0.009722029278286934
oh:0.02691430153451228
ed:0.033068080597241686
over:0.016716172937661315
in:0.004441992547362262
2.5:0.04055305550083715
71:0.04234105389769397
and:0.001590822560378291
green:0.035069256661264855
for:0.0027112405242672834
subject:0.00022247464076681915
foot:0.04016016568062297
usenet.ins.cwru.edu:0.04340309511909498
the:0.003140637541621054
do:0.005985982657554139
can:0.007204716603647611
an:0.007482484488014473
jonathan:0.07967508949156776
dirt:0.04638695236254148
here:0.015003340880194968
about:0.02462540450804679
e:0.051848161600897114
f:0.03096859348672373
is:0.004477877114844399
average:0.032329342157521555
matter:0.025174191765837853
nothing:0.02129046667917424
under:0.020227695225880325
bike:0.03143635562098786
words:0.027565492762561452
article:0.020258322007915025
little:0.0390889783649744
lots:0.030405791761803008
by:0.008253628956809717
mike:0.026628433574647527
says:0.0213418895368964
s:0.010340604680933639
biker:0.04540542706540495
