some:0.005533350119115423
block:0.041590324996808835
pub:0.05933252572573387
there:0.0043496634387542536
29:0.021635003522703866
form:0.0323543215590701
know:0.005847749410702853
all:0.009043296972950627
nick:0.023580881289409716
saw:0.01610132977789315
own:0.02148332355969664
with:0.0027716937288604143
insurance:0.021044658865633906
from:0.016048763117159727
my:0.009006770249576317
to:0.0032658747869450965
matt:0.02326363255635233
cash:0.02408022022617667
ten:0.0190805177372409
born:0.020369303118679957
been:0.006953745911002082
that:0.004932293252622893
wednesday:0.024824313822431002
justice:0.020406474575841216
motorcycle:0.022012338252394348
nt:0.003384258538968903
months:0.01609381298568635
12:0.016840686405744248
re:0.0017722298709865903
started:0.015541444909900027
lost:0.016609034712406875
prefer:0.019462218507307304
had:0.014544156262389907
this:0.0024880684283005642
ti:0.01795573960308845
getting:0.012854035887320788
he:0.015072352677916923
something:0.009434413825419541
two:0.008837864609731334
starting:0.018585412241124255
on:0.00480577085534872
you:0.005268236866433383
tell:0.011421919685414469
bars:0.0793424719262519
serious:0.01704736320871787
leg:0.05302943280067938
ta:0.02188319302752527
m:0.006487273517137783
a:0.0046329520762676615
want:0.008969658614749677
payment:0.028824171975485643
was:0.02098249132941672
said:0.010386278808831433
deserved:0.028015520236003354
wales:0.05882004021606301
no:0.005335287849206208
spending:0.023229658672567436
d:0.008634332807474103
it:0.004874721749857421
ones:0.016078815072876097
admit:0.01943174035408318
have:0.0024229886879035684
probably:0.011313856469332742
malcolm:0.026447490642083973
money:0.014692984676441376
accident:0.02303077621238245
19:0.01941657446436436
ruling:0.02686593901718197
after:0.009143192832535315
his:0.01748273972990765
be:0.0027415225456752196
virtually:0.02361747866426238
writes:0.003133944981125888
get:0.012458521092806847
if:0.003176068340110945
of:0.0018430387257415987
even:0.015916203296360433
losing:0.02333231979475312
what:0.004362284848325267
but:0.0063060021066389605
years:0.031702968099247296
court:0.018941524300773976
who:0.006128212674094068
cares:0.02399989056592182
up:0.006367110759963909
david:0.011831494025329356
chance:0.017038187336552626
one:0.013980723807236337
in:0.00842083895234552
england:0.07010112109172958
and:0.005428399258162889
still:0.009676346361277476
for:0.00925162643351869
subject:0.00012652586204748008
drunk:0.056605681437091396
i:0.006333132467856704
away:0.013123144958879956
any:0.0048497026838332105
than:0.006780100863599342
the:0.00071445782937351
when:0.006197509207790218
less:0.013027798846427857
would:0.004420140502864342
can:0.012292407475417724
convince:0.02239387009528094
did:0.00779104759925576
maybe:0.012549351101148456
put:0.011788906632923125
thought:0.012723158318444136
10:0.01369844435021879
newspaper:0.023367040363909863
is:0.0012733299852638101
humanity:0.023691532303613472
today:0.013455574719423475
done:0.012552907826638381
assuming:0.018806491334924184
right:0.00919371371464597
spent:0.020577451146807136
does:0.005774828503969314
trouble:0.018079724560617703
told:0.014692984676441376
too:0.009253639184191928
every:0.01152677026984548
him:0.022715784866002918
natural:0.019844116548346825
honda:0.022839904652487
give:0.01120017190216117
bad:0.0259772611066008
roberts:0.05276241027018937
s:0.005880912614748989
banned:0.05330419618336423
