at:0.022588846473190538
wheelies:0.07683272821552531
effects:0.05515175458157188
with:0.007497786881917273
previous:0.044528197688369305
wheel:0.062301202318111495
ground:0.04970453414611976
to:0.005300766000349349
dod:0.04483928258580047
front:0.04508911447905043
problems:0.03516760558835606
motorcycle:0.05954619706737445
r:0.03974640726575807
re:0.004794109009976545
off:0.027993044204568593
on:0.00650011314409346
them:0.018793066301695395
a:0.005371169714793828
same:0.024898632699084773
solved:0.06969719429816384
no:0.01443263764336551
einstein:0.0720973422736529
terry:0.06938825132920153
it:0.008791164865127486
not:0.007729615494563652
due:0.04250182672946772
650:0.06470910072979862
tendency:0.07481752842677643
be:0.007416169963300914
thinking:0.044660596587803275
were:0.019888503813747425
of:0.004985656040147145
asks:0.06593102611190534
lift:0.07050378180342755
in:0.002277944896083211
albert:0.0658150025795987
and:0.0024474193236589093
for:0.004171139268103512
subject:0.00034226867810279864
we:0.05183630406592193
possible:0.03303809773031515
face:0.04601630244801999
any:0.01311906751652317
the:0.007730800102451825
do:0.009209204088544828
when:0.016765056959535077
level:0.045135066187099344
can:0.011084179390227093
effect:0.04444068531567187
is:0.006889041715145228
created:0.048693526775448984
eternal:0.05912809981623649
significant:0.05337086914748673
article:0.010388883080982065
shaft:0.13817315657096219
mike:0.08193364176814624
says:0.03283367621060985
yfn.ysu.edu:0.07136454209621766
john:0.03437792819976725
