folks:0.12769709828602682
saw:0.11715105459087774
with:0.02016646126860508
post:0.08905440704935105
t:0.08883700189656696
that:0.011962228463257821
hi:0.10865574689704843
recently:0.11411419188233411
a:0.004815531468435845
was:0.030533142555220192
idea:0.09559918259519849
stuff:0.10080746733357317
have:0.0176293314878501
being:0.0670966872387982
opinion:0.11411419188233411
but:0.022940800767255527
one:0.10172181804575404
subject:0.000920584720414424
any:0.07057153560612464
the:0.0025991483103070794
about:0.033966075183512814
else:0.0871224905288985
man:0.0999327358205241
experience:0.114214578441212
bad:0.09450348437056497
s:0.021394354512276493
