408:0.07982408218208562
wheelies:0.09080231516380265
79:0.08413092365716125
with:0.008861020860447688
to:0.004176361091184336
dod:0.05299187941958238
garage:0.08332265122223256
h:0.053533062489310855
sophisticated:0.0858895929185666
motorcycle:0.07037277835235163
86:0.07243189953778889
rat:0.09080231516380265
re:0.005665765193608644
bell:0.06762428862091778
two:0.02825438534323199
big:0.04205728111920541
on:0.007681951897564999
disclaimer:0.05687962919809374
fun:0.062367464468694477
a:0.00846366136876603
ama:0.07634968723920874
as:0.012122941821469977
no:0.03411350715704575
it:0.010389558476968848
not:0.009135000129938863
cool:0.06955798446173339
tom:0.11502206737802288
lady:0.07764547774584755
humor:0.08413092365716125
writes:0.010019127136629733
but:0.010080048821975914
and:0.005784809310466513
for:0.014788584677821546
subject:0.00040449934684876206
p:0.051001939994414394
possible:0.07809004918074491
ol:0.0858895929185666
the:0.0022841000302698576
do:0.010883604831916617
responsibility:0.06572377070588893
rule:0.05982875103418458
gather:0.08636311630499244
an:0.013604517250935406
ma:0.0607760291702654
is:0.004070797377131272
either:0.03793276828959634
72:0.07906253923086003
sale:0.04810412354702469
e-mail:0.041662057222004036
opinions:0.04326682053818246
takes:0.0541803008178738
lewis:0.07538736291008258
sometimes:0.05309858067148258
s:0.009400549709939672
