manager:0.022061226628728076
at:0.004949241643002421
there:0.005156061716725547
il:0.02889112380184616
technology:0.01891948138099406
all:0.0053599316328443326
tried:0.017403730635037477
where:0.010378970776594167
suggested:0.02467450533120973
your:0.0070782709111306885
with:0.006571094121230869
way:0.009732431570486198
ca:0.011553643798271467
miss:0.02711135149273095
followed:0.024971560117995954
apartment:0.0333206595342297
wheel:0.027300526858498295
feet:0.02467450533120973
reasonably:0.027699132116769554
to:0.003097076764249058
dod:0.019648674391530545
w:0.01738393738780536
near:0.02025154931169396
make:0.009888092603088223
she:0.018624395982575745
that:0.0038978047801626605
quite:0.01492246843881686
like:0.0065429160871273775
nt:0.004011677256867632
egreen:0.03193380516382787
re:0.002100789341450396
so:0.01148101794814517
this:0.002949339541412466
two:0.010476345127265795
on:0.011393456746950335
you:0.003122466232633269
used:0.011092491619870032
serious:0.020207829421570057
cage:0.029834274771729084
them:0.00823516388501259
glass:0.030680189707006467
size:0.020229646837448694
sure:0.012258674270557322
a:0.0015691057593779719
vision:0.02678610442296183
labels:0.033668274161859406
was:0.009949001506757142
pulling:0.03027389385543553
incorporated:0.032683981526886986
local:0.017170693550089617
driver:0.06201885840145604
drive:0.015864066004528027
ultra:0.03008125861117356
cover:0.02204610420363981
east.sun.com:0.031118175895038555
are:0.003611861694388907
complex:0.025258386920244746
yeah:0.02221473283251771
place:0.015277683243350704
it:0.0038523081993255275
probably:0.01341136918555735
laugh:0.02849671785424364
only:0.007491776619490373
expect:0.019416972377294315
able:0.014817220371408252
careful:0.025850299929558375
be:0.00974934703040682
found:0.015025396096949422
writes:0.007429914505815307
were:0.008715187064451119
things:0.012554640045731738
of:0.003277088520770876
even:0.009433480043629358
liability:0.032584545700485856
court:0.022453155210468027
windows:0.01543374821024439
they:0.02096448594399424
who:0.007264341990077799
good:0.01820235788044381
over:0.011269330070333471
one:0.01104843716601823
in:0.003992802289763831
our:0.012526828218990973
71:0.0285445307175465
or:0.003788266616309468
use:0.009341458021052516
damned:0.032683981526886986
for:0.005483407801888887
subject:0.00014998290388774325
each:0.014303423580677613
car:0.017183389549906683
i:0.0021449292948920776
the:0.006351851207772918
enormous:0.0327852090858908
thing:0.012718721545645822
putting:0.04516915176447207
would:0.005239604753395371
her:0.03715066072954751
home:0.016457095796973867
instead:0.017234462424632817
put:0.013974490446892017
friend:0.01951235629040902
an:0.005044371564953577
jonathan:0.05371354347746142
about:0.011067597531706422
e:0.03495381680959356
claimed:0.023909279461352715
printed:0.02733913853989021
night:0.018808060935865307
assuming:0.022293088043084282
window:0.03917969372837238
hospitals:0.03176093067693599
sticker:0.0333206595342297
first:0.010548060839275512
nothing:0.014353123603937689
words:0.01858347826689536
article:0.009104863823782033
little:0.01317606012302508
before:0.011944911613610361
live:0.01739712513453741
fault:0.024870786518632657
by:0.01669273272163763
parking:0.030822424583322704
s:0.006971194166921554
