looks:0.03423105474373891
out:0.011781770990804599
tower:0.05499294980667349
fax:0.030586433398833896
your:0.02519864444362525
from:0.008465722544301757
yamaha:0.05486391575831442
my:0.019004285226606025
to:0.0013781991600908309
dod:0.03497464041692437
helmets:0.06259581464064923
seat:0.04960298479934662
re:0.0074788100555634104
michael:0.03004695201673689
so:0.0102181059738492
phone:0.02937347126209569
off:0.021834574479563506
on:0.010140176504785799
you:0.0055579898940872185
helmet:0.052892235109204926
8:0.029524912823738664
paint:0.0976051154452225
onto:0.04354162676364347
bottle:0.060819002868274706
a:0.0013965041258463952
same:0.019420933505286123
test:0.03575899853979671
as:0.03200456640868074
inform:0.05782657391974614
minutes:0.03985167248037574
model:0.0365895151158355
it:0.02057132578439832
not:0.006029100085759649
heck:0.049527512742992795
writes:0.006612623910175624
of:0.005833217566972159
trying:0.02696328223068396
ok:0.03263849190510932
least:0.024076623827064825
oh:0.032297161841414734
well:0.033657358203066895
now:0.016519143978782444
email:0.027438986589679408
in:0.0017767970189449048
dropped:0.09935806158639762
and:0.0038179741449078986
still:0.020417090822295474
for:0.00325348862912074
i:0.0019089870724539493
group:0.026971159348066452
20:0.0314483234840562
zealand:0.05448651247848594
the:0.004522518059934318
rock:0.04873287102945033
level:0.03520535162593749
db:0.05835767217288562
may:0.01861025527439831
just:0.01174388563465886
ltd:0.05388753106267525
head:0.03452859735455683
norman:0.05580420525479718
chips:0.04152740948196972
save:0.036225102324212936
new:0.01723999564883547
spent:0.043418421919763056
observation:0.052479805523864435
bike:0.03772362674518543
article:0.00810332880316601
passed:0.04321639484658786
before:0.021261942672226444
homer:0.06205514242794648
59:0.05278752211053197
mike:0.06390824057915408
while:0.021703425058785225
s:0.012408725617120366
