at:0.009472742069402485
out:0.012668570957854407
all:0.010258793877917111
programming:0.04718042244261647
your:0.02709531660604866
with:0.006288466417091907
much:0.01878706311354765
someone:0.023693098007129248
from:0.009102927466991135
ship:0.055103242271246654
to:0.005927738322971316
software:0.03027726761807803
might:0.022871883181488667
that:0.00746031452547262
motorcycle:0.04994197173392696
really:0.02098274992678415
nt:0.007678263997015469
seattle:0.05232652322688665
re:0.0040208656212706514
patents:0.06564979337889962
30:0.036807585745955815
contact:0.03742013224710288
on:0.005451707798271935
mellon:0.26363562734695595
you:0.017928999658345865
bill:0.03328509543754535
more:0.013671172320652967
a:0.006006469358479119
how:0.04243106442674594
member:0.04291288088974794
route:0.05500766219149132
ride:0.04540537136348261
d:0.019589722821258447
care:0.03404319291692363
gas:0.042668491093215084
it:0.0073732350481714405
choose:0.04272906977835762
should:0.017664646690682576
if:0.00720591849207967
of:0.00418151796915567
freedom:0.04288202667009254
san:0.04341898315703811
shipping:0.044121585917653756
find:0.02275749180293968
in:0.001910534428973016
francisco:0.05366742084517651
recommend:0.09436084488523294
and:0.0061580228143675786
for:0.0034983748700223014
subject:0.0002870640526023473
i:0.0020526742714558595
back:0.022648996989973524
league:0.041826420088529555
any:0.011003088884825886
program:0.029856273466495435
than:0.015382809486230766
cost:0.10712927755970583
the:0.0016209742150302216
can:0.009296408520835629
maybe:0.02847218368110026
may:0.020011027176772375
ted:0.048242087396226034
about:0.010591571831417974
cruise:0.0631484783760098
night:0.03599822415681747
right:0.020858855847207525
nice:0.033975693083384495
bike:0.04056303951095208
s:0.013342715717333729
