some:0.00667163928647631
obvious:0.0219808475080115
750:0.031065035172895883
at:0.010068171570907784
out:0.0067324405661740565
fast:0.019895988142560214
wheelies:0.03424544457606271
know:0.014101430007523449
help:0.012229101257381697
search:0.024383721710712663
racing:0.03424544457606271
thanks:0.01139078082809236
specifically:0.02312595801003235
previous:0.019846853826816033
bikes:0.0549274034297989
sell:0.019886127422746102
my:0.010859591558060586
to:0.003150169508779042
dod:0.01998550880967107
sound:0.019721047366448176
look:0.01354953328157663
zx-11:0.03424544457606271
make:0.010057602761998307
that:0.007929248581359469
problems:0.015674704205095848
considering:0.022887828316314817
think:0.008227131585877458
motorcycle:0.05308118138577379
r:0.017715541524166458
like:0.006655080362906704
really:0.011150832818233862
me:0.024767741266389594
need:0.010978297094269921
re:0.002136802873018117
sucks:0.03314313791249419
anyone:0.009559512855093663
had:0.0087680484896122
this:0.00299989964783668
starter:0.03436833717732536
on:0.002897193287081657
you:0.006351988450385392
serious:0.02055424935451126
am:0.028017194686309126
them:0.008376338123041376
a:0.0063840188610120915
same:0.011097676288734927
want:0.010814845529783896
question:0.012474206190554882
solved:0.031065035172895883
andrew.cmu.edu:0.0232844537527272
responsible:0.022347744086131556
d:0.01041053841358306
einstein:0.032134815413399576
it:0.0039183477684568225
not:0.0034452000490055134
ve:0.01042933542301391
650:0.028841770610995954
kind:0.015745866839788913
second:0.01571254729515581
love:0.01869838537246542
without:0.01284120277029997
be:0.006610985795856815
thinking:0.019905865907706603
soon:0.02055424935451126
were:0.00886459027127028
of:0.0033332671811269485
even:0.009595196844377289
leo:0.03285003337313675
what:0.00525966915998075
but:0.003801618412859487
never:0.012593938462067774
please:0.010945230610887171
good:0.018514398301251418
one:0.011237838946007115
in:0.0040612503290169254
albert:0.029334686864049705
or:0.003853208329731916
and:0.003272549267063913
for:0.0018591363594975656
600:0.028090552670650446
subject:0.00015255403938296168
however:0.01369770802398236
i:0.008726798045503768
we:0.023104181240810914
face:0.02051012337683177
any:0.011694711614729226
the:0.002153580028540151
do:0.004104673822322838
thing:0.01293675677214261
when:0.007472425387678491
level:0.020117343786249995
would:0.01598827964750359
can:0.004940377099644076
specific:0.020943750219831043
because:0.010084127422254365
put:0.01421405314026731
may:0.010634431585370462
places:0.0217989821845162
including:0.018171244037315598
crazy:0.0279676600693878
interested:0.016440435516656686
is:0.003070544307321873
time:0.00902577125659265
created:0.021703400505628693
eternal:0.026354238775236835
advice:0.04445550935123713
first:0.021457769478754756
bike:0.08622543256042384
significant:0.02378815882002266
article:0.004630473601809149
give:0.013504207264891467
before:0.012149681526986538
answer:0.017350120240736323
says:0.014634438539586103
yfn.ysu.edu:0.03180819590574273
john:0.01532273371189626
buying:0.022921245287071523
james:0.019769107243640154
