hmmm:0.034499326939721395
out:0.008181785410280971
mark:0.041716999504058196
there:0.012746930355238158
andrew:0.026149014994249986
i.e:0.023989854145662518
with:0.00812260245541038
much:0.01213331159416619
edmonton:0.039366063421009685
tips:0.07894746276613
from:0.005878973989098441
my:0.006598710148127092
to:0.008613744750567693
dod:0.024287944733975254
look:0.01646644669636049
remains:0.03206495645005438
sutherland:0.04118803747981171
infante:0.12670625597557228
trip:0.07142527828789745
bare:0.041328334058405594
that:0.0024090598988505334
guy:0.023516185742700483
nt:0.009917757662811645
re:0.0025968090470706285
so:0.0070959069262841665
anyone:0.011617463539176327
this:0.010937134132737895
tools:0.03089911705672688
on:0.010562683859151873
you:0.01543886081690894
used:0.013711552141228232
am:0.022699116065296742
cage:0.03687847853727622
market:0.027158716771340432
cycle:0.03510839347040963
a:0.003879178127351097
how:0.009134465258535585
listen:0.029659349794050473
also:0.010302063414441433
emergency:0.0384655229813671
have:0.007100702960384067
ve:0.012674539576579404
yourself:0.024349129662323554
without:0.015605628366683992
be:0.0040170920634546615
er:0.038189548476856586
writes:0.004592099937621961
get:0.02738279115189838
if:0.0046538223594681195
even:0.011660829498375177
andy:0.03112366831119172
what:0.01917587714576315
but:0.00462002237673896
vancouver:0.03423920497767348
fact:0.016654632837700273
ed:0.027556733831034737
in:0.0024677736374234785
gon:0.033197953954819906
bmw:0.030773988546291615
71:0.035284211581411644
ought:0.03466020929584316
and:0.0026513709339638183
for:0.006778101310668208
subject:0.00018539553397234928
i:0.003977056400945728
everybody:0.02831881458150131
appreciated:0.023505292494279465
any:0.0142123231429001
will:0.007870176006272808
yet:0.018264366268653912
the:0.0020937583610807025
do:0.02494159440647558
thing:0.015721753021701087
got:0.03072435863375797
can:0.006003930503039676
na:0.030265996312710958
maybe:0.03677657058808783
long:0.0330598784042859
clothing:0.044073561396212164
new:0.011972219200580185
somebody:0.026359223774130244
nothing:0.01774205556597853
acpub.duke.edu:0.04147152355286904
bike:0.05239392603497976
article:0.005627311668865285
opinions:0.01983062608000029
dammit:0.04052616123117057
going:0.03024744005624559
respond:0.028083387139309073
by:0.006878024130674764
says:0.017784907947413667
trips:0.04003863165705079
s:0.00430858528372235
