go:0.013895944655672336
large:0.02138595799919697
at:0.006292607231817364
out:0.01683110141543514
there:0.00655556418269391
ever:0.03776317224042658
with:0.0041773384056396235
bikes:0.03432962714362431
someone:0.015738986533307284
such:0.027471674335254263
work:0.014464803314216455
throw:0.030452646975248642
my:0.013574489447575732
dod:0.024981886012088835
then:0.011399145355541452
front:0.025121078066899526
us:0.029426805516928514
ai:0.06932382593917567
legs:0.040714040543782144
make:0.012572003452497883
that:0.0024778901816748344
think:0.010283914482346822
r:0.04428885381041614
nt:0.010201122167463408
could:0.010779351109471837
its:0.014770175400244072
seat:0.035430703428104726
re:0.0026710035912726466
anyone:0.011949391068867079
this:0.0037498745597958497
counts:0.04038175471781862
something:0.014219009408310876
big:0.03965400791239367
on:0.014485966435408284
great:0.01800893349094769
them:0.01047042265380172
board:0.0256514037096796
a:0.004987514735165697
other:0.019704399826170154
ama:0.0359934239841984
was:0.0063247223864384685
owner:0.03201291597722577
as:0.0057151011444072745
assistance:0.037202652959224265
shit:0.03442299915481969
dogs:0.07426727861970943
said:0.015653605919024514
ride:0.03016213954859916
no:0.016082081945464427
d:0.013013173016978824
it:0.007346902065856542
has:0.015211063912665013
love:0.023372981715581775
party:0.030319131739447558
his:0.013174493153608975
personal:0.02395639622282654
heard:0.03860924799171249
seek:0.03471066986294783
writes:0.004723302792982588
get:0.00938838553779373
if:0.00957357742519156
of:0.004166583976408685
seen:0.018517606361588234
lift:0.039280678433338205
they:0.013327423207253481
over:0.014328148232281127
in:0.001269140727817789
yes:0.019048899075027777
and:0.005454248778439855
subject:0.0001906925492287021
each:0.03637156281943736
firmly:0.04130469565696153
i:0.0027271243892199276
away:0.019778454188026217
back:0.015045405143339553
face:0.02563765422103971
the:0.0037687650499452652
would:0.019985349559379487
hate:0.028757066018270206
once:0.019164508535177902
an:0.006413558132583833
actively:0.0402743413080719
eating:0.0357065236861603
bike:0.02694544767513245
dog:0.24877829760327252
article:0.005788092002261436
ass:0.03480919359246452
rider:0.037932149352626975
needed:0.023827304929543006
giving:0.027095478194921967
s:0.01772675088160052
