looks:0.011297377803214161
go:0.006420568487769397
at:0.0029074752886284853
out:0.003888373264291947
mark:0.009912950377201949
k:0.025007663737634737
know:0.004072195134185815
all:0.0031487387150042614
take:0.007015673697477569
where:0.006097217155887002
with:0.0019301233557410802
10,000:0.018708624200083814
exhaust:0.019028260589489483
4:0.008198909254715113
ohio:0.033481292264391865
into:0.005910243904232298
bikes:0.031723747855494415
work:0.006683407471915194
both:0.007411564628079993
my:0.015680103322282198
ground:0.012795226611872412
to:0.001819404831803077
dod:0.011542785616146656
changes:0.013458446533782802
within:0.010681353849250223
motor:0.01663062494319398
owners:0.014249661595344056
sooner:0.018023345768472445
been:0.014527132546746924
consistently:0.017862322124348906
that:0.002289799507818329
v:0.012695208956772317
bit:0.008993677221305939
like:0.003843693278906512
nt:0.007070084670519193
asking:0.011833111599466647
re:0.0012341270718751504
so:0.0033723122025904953
had:0.01012810881638373
this:0.0017326153081564984
ra:0.021152188772395667
amount:0.012272003338702403
on:0.00836648226467475
you:0.001834320097058488
used:0.0065163812156332195
them:0.004837819047961191
corresponding:0.018106902890532812
seeing:0.013228678763889199
m:0.013552620912040318
why:0.005873671881696391
a:0.0018435698030975513
other:0.004552171577003006
low:0.011207242706204027
ama:0.01663062494319398
was:0.005844627947863931
owner:0.02958289265222183
as:0.005281281585590881
coming:0.011474026253431007
local:0.010087074098732515
harder:0.016152938983969852
oil:0.22187169489166375
question:0.0072045745324986945
drain:0.019200490797973212
smoke:0.016740646132195933
also:0.00979206027511265
columbus:0.019084677861302357
manual:0.025937936613087544
reason:0.008819181267354877
place:0.008975008638008005
it:0.00452614428699633
should:0.0054218222515956425
zero:0.015292456269569677
have:0.0016872957529625507
ve:0.018070630683439944
whether:0.009430556385748596
always:0.008768832006596394
after:0.012734083746963375
points:0.012096225374489877
has:0.010542321523629218
degree:0.014625261883386115
25:0.01213756616597232
writes:0.002182384128770833
get:0.004337867905251229
soon:0.011871266128843136
down:0.007803186722617683
of:0.0038503086250641317
gives:0.01200173094322147
seen:0.017111979476055136
but:0.0021956541988462385
sat:0.017157457106863568
using:0.01455063088214469
miles:0.0662401779688255
chance:0.011864876330074601
over:0.006620266509964877
tim:0.026916893067565603
in:0.004104811594922222
bmw:0.02925052376677223
5:0.00857713824065242
or:0.0022254503554557273
consumption:0.05976671200743281
use:0.005487721213687617
and:0.0037801724207008895
few:0.007543325085499295
for:0.0042950344938887655
subject:8.810876862052243e-05
i:0.006930316104618298
top:0.0111605023965918
back:0.006951672343457219
marks:0.018759793132545746
any:0.013508742789291185
normal:0.024900083660188404
the:0.0069653743497338225
do:0.00474137240202308
see:0.005839556968353717
when:0.00431575723710804
level:0.05809463964676153
can:0.00285335311035549
1000:0.015421176262319739
maybe:0.008738987070436714
lower:0.013105553178368373
many:0.006116175008508559
about:0.009752635448731402
stops:0.01790184750734137
idle:0.017862322124348906
is:0.0035468333582925927
max:0.0314303368814295
guys:0.01282071191251238
new:0.011379535081739584
right:0.0064022230818161704
time:0.005212904191101365
window:0.046032907482840155
checking:0.0160379332700089
figure:0.01218646083853054
their:0.004995655506870343
run:0.008834437057384141
approx:0.019084677861302357
told:0.010231748405046634
smith:0.025991673626841336
first:0.012393101184099281
bike:0.07470025098056521
thousand:0.015383884000755604
article:0.002674365941638947
little:0.007740391755440476
charlie:0.07242761156213125
three:0.019263947237442066
side:0.010628264285713509
going:0.007187510508414794
by:0.003268763943290977
data:0.009684308987477928
high:0.009232091833800402
says:0.00845223347995897
s:0.008190577965095952
