graphics:0.2932284533449768
rd:0.43163844236741383
software:0.2346488240401047
re:0.031161708564847544
products:0.3375072328447407
support:0.22824635912779215
johnson:0.3847794774006526
bmw:0.3692878625554994
or:0.05619262147525711
subject:0.0022247464076681914
corporation:0.39577918347618923
mike:0.26628433574647525
