grass:0.09860174150824443
at:0.013553307883914324
79:0.08542524555957912
know:0.018982694240896953
with:0.008997344258300729
from:0.013024188529695009
my:0.014618680943543098
to:0.0021203064001397397
rpm:0.09064394898368623
slightly:0.06661033317470848
front:0.05410693737486052
t:0.03963497007692988
wanting:0.08500941983053419
larger:0.06547464221724282
this:0.00807665289802183
clayton:0.14808192249626456
on:0.007800135772912153
size:0.055398109801013354
more:0.019560292704934246
a:0.004296935771835062
uunet:0.05810757403718901
ama:0.07752429781211964
as:0.012309448618723361
rear:0.07287930659416081
ride:0.06496460825852128
being:0.029935445075771512
reducing:0.08697608708453242
if:0.010310006457898604
of:0.005982787248176574
brooks:0.18311631090493558
rutgers:0.08203447532314127
one:0.030255720239249925
heart:0.0610920402007018
replace:0.0676363543208419
and:0.0029369031883906913
subject:0.00041072241372335844
i:0.005873806376781383
ms.uky.edu:0.19175946122697873
any:0.015742881019827806
the:0.006957720092206643
do:0.011051044906253795
see:0.027221319406325786
can:0.013301015268272515
country:0.051857755508002035
just:0.01806751636101363
blue:0.06148710196097398
1979:0.08744949721786709
changing:0.06588336571546932
u:0.05817913051681563
pot:0.09286827558078022
honda:0.2224255330003734
