mirror:0.07044356703755174
at:0.003847008788010616
there:0.008015536991940152
behind:0.015404988650649336
ahead:0.018871788142614785
where:0.00806749693551861
i.e:0.015085323130896956
with:0.002553831339692346
into:0.007820104379835748
vehicle:0.01921695498689624
work:0.008843111196464208
turn:0.029881905106676987
ship:0.022378172625440777
feet:0.01917930982076564
wrote:0.011247052291235201
hair:0.023847483702389306
my:0.012448221764152417
to:0.002407334777451233
dod:0.015272768741015007
1987:0.02222493542102475
signature:0.021829315790665684
then:0.006968909824348485
cuts:0.023582747362579547
motor:0.02200471335278505
franklin:0.054196630941437965
enough:0.010620735925490812
guy:0.014787470510693752
really:0.00852137879122675
nt:0.0031182469507530066
could:0.013179992622934998
me:0.009463656597419604
re:0.0016329279597300022
lost:0.015303521066890174
so:0.004462055010414498
file:0.02653699460662366
apple.com:0.048028777123732304
had:0.00670047373660321
this:0.006877499192638676
mean:0.01154332775908236
off:0.028604246043096294
he:0.006943813133276136
tail:0.024821909690660962
throttle:0.026458125627086337
something:0.008692844179753374
big:0.012121312462303743
on:0.004428024674578951
you:0.007281209468236531
slowly:0.023051319698922258
went:0.014246555743389011
seconds:0.020210325960314617
a:0.00548844416271509
how:0.005743943219341154
other:0.006023178986165549
same:0.008480756989207914
low:0.014828797117815807
price:0.01366875197311774
looked:0.032532779078425195
was:0.0038666425069929502
operation:0.018802472207434483
let:0.010066103680143339
sons:0.024557173350851204
far:0.010870646603150225
travel:0.022339356261173327
no:0.004915920245338471
d:0.00795565162610059
it:0.005988741130829204
not:0.0026327947972749556
have:0.006697606285777111
follow:0.016493416211429194
650:0.04408130879409861
between:0.010143518978368583
quality:0.016786741661896722
willing:0.0156152832051514
call:0.011602428375540206
his:0.008054275290415967
free:0.01260920434115605
be:0.0025260316905566433
stick:0.018455586484080615
1/4:0.02436864858288086
get:0.005739624346249442
if:0.0029264210470017872
of:0.0033963421059517666
looking:0.01132701024195041
but:0.0029051669093904378
tire:0.0251037372938818
again:0.010663184009205318
tracing:0.026359990885374295
court:0.01745267086228519
who:0.0056465191014578526
up:0.005866639171844474
miles:0.017529060196117142
chance:0.015698941170360716
bob:0.016087358139865063
1969:0.026766499283042467
in:0.0038794694736788314
un:0.0228296064876846
and:0.007502569280386701
still:0.008915760184408502
for:0.004262212177887432
subject:0.00011658059778173928
until:0.012494173473208052
car:0.04006956340458589
i:0.010003425707182266
license:0.02042932064889746
back:0.009198064279770905
room:0.01741497152977557
decide:0.017876451600929166
actually:0.010673860817035304
mile:0.023189960302916056
later:0.01395376431859259
the:0.0016457489301071025
do:0.012547037884829635
around:0.01033709359455736
can:0.007550794693779156
lane:0.024014388561866152
jim:0.05914988204277501
10:0.012621710733171023
jonathan:0.020875569299100723
finally:0.015880019544961158
about:0.021506903500477542
e:0.013584671161807104
head:0.015077990111160188
is:0.0011732429121863051
today:0.012397931291695863
stays:0.02617009956686015
done:0.011566216381749775
morning:0.018734239378163386
right:0.008471063728341919
time:0.006897423449361195
keep:0.011569496000549873
triple:0.026458125627086337
him:0.020930264658194826
change:0.012978205711399508
show:0.013144404671331145
position:0.015034248721450707
plates:0.025813426942343697
article:0.0035385715297668163
complaint:0.05215632656430691
sign:0.01892450683796094
comes:0.026412020412624554
200:0.01814901766891359
check:0.02890228440687938
dangerous:0.018361335079420466
plenty:0.02035509542458056
