some:0.022452632214102965
b.c:0.11187978291895931
posting:0.06344593378762002
to:0.0026503830001746746
bruce:0.0885895853786747
motorcycle:0.17863859120212336
like:0.022396905067474486
really:0.03752684121521012
re:0.007191163514964819
sucks:0.11153940643627852
this:0.01009581612252729
on:0.009750169716140192
serious:0.06917295455845136
am:0.031429545321180107
a:0.010742339429587655
was:0.017028098732718953
andrew.cmu.edu:0.1567222848741254
it:0.01318674729769123
second:0.05287876493562051
environment:0.08072410586303454
without:0.04321558624620183
writes:0.01271658444264543
leo:0.11055299692882561
what:0.01770080967301214
clarke:0.11222629264016466
oh:0.062109926618105264
ed:0.0763109552244039
in:0.003416917344124817
and:0.003671128985488364
green:0.08092905383368813
for:0.0062567089021552695
subject:0.000513403017154198
i:0.011013386956465093
would:0.035871140234783695
put:0.047835755760514985
thought:0.051626661638302165
advice:0.07480494361987017
first:0.03610682364213541
bike:0.07254543604843353
e-mail:0.05287876493562051
article:0.015583324621473098
by:0.019046836054176272
james:0.06653064937763514
