since:0.016266842466696598
join:0.03728134171132725
out:0.009578675602280163
round:0.03577790806503447
there:0.0074616177689198985
send:0.023848350576229457
way:0.01408433186623206
bikes:0.03907437235859678
o:0.08538973131219224
followed:0.03613770488620553
feet:0.03570782072321409
post:0.020996567515700656
to:0.003361461366075197
dod:0.05686933401125915
line:0.022957754055333242
everyone:0.024857827296854502
quite:0.021595116927718712
like:0.009468610272428239
really:0.015865006042202652
talking:0.026501554311888362
nt:0.011611033361340464
me:0.017619328136659264
anything:0.01887187927088946
re:0.0030401666892534195
started:0.026660527447064274
discuss:0.03636148271864529
he:0.012927912256262077
distribute:0.045840713683984284
on:0.008244045938850244
you:0.013556072912407851
am:0.013287287452856632
why:0.01446928926954477
a:0.005676846040025996
song:0.048552027574090585
coming:0.02826528418528126
are:0.0052269218016359805
brian:0.030374613941290887
internet:0.04644770639210742
it:0.008362327554633463
have:0.008313018099961836
second:0.022355250216685097
list:0.07101533163223366
writes:0.005376117000142784
if:0.010896754792900965
of:0.0031616355376542873
trying:0.021921367667222736
what:0.007483269130053913
up:0.010922442035385243
one:0.007994397624192054
in:0.00433365126571928
world:0.020497973079127457
and:0.004656066030375486
for:0.002645112706602228
enjoy:0.03758328924750169
subject:0.00021704843001640894
outside:0.029307120142126223
i:0.004656066030375486
we:0.021914535052259678
locked:0.04596297284954966
the:0.00306403662597176
do:0.005839983080540624
hello:0.03145764870448595
did:0.013365130434495654
maybe:0.021527748636929467
drop:0.03520058257200041
thought:0.021825905733265958
people:0.012237993008724532
about:0.008008261628633103
interested:0.0467817270799174
is:0.004368660599848194
discussion:0.05590035682097873
right:0.015771330030815444
figure:0.03002030596808743
smith:0.06402826917831647
nothing:0.02077118700407243
words:0.026893163670791666
faq:0.031561748478843576
article:0.006588072197695944
little:0.01906779432437776
charlie:0.13381442867881566
by:0.008052320933472896
everything:0.025119207186367915
s:0.010088394810666966
