at:0.008809650124544311
exhaust:0.05765562958615313
kids:0.04396363030854723
work:0.040501449279806076
my:0.02850642783990904
to:0.0027563983201816617
dod:0.03497464041692437
look:0.023711683242759105
die:0.03767754371432349
me:0.010835886804045448
account:0.0407477940672726
re:0.0037394050277817052
had:0.015344084856821353
this:0.00524982438371419
off:0.021834574479563506
ti:0.037886610562516625
two:0.018647894326533115
wan:0.05473652550054012
unix:0.03962567416120333
you:0.016673969682261654
dry:0.05170271568059127
etc:0.04644647974916471
holes:0.04793244395271496
fun:0.04116252654933836
a:0.0027930082516927903
j:0.061082573190577256
was:0.008854611341013856
old:0.05295826164684648
shit:0.04819219881674757
cover:0.11772619644743658
stolen:0.04908626469390342
play:0.032019182327804416
it:0.0068571085947994395
not:0.006029100085759649
couple:0.03155991794654518
92:0.04383514888376874
barely:0.05732226538347722
netcom.com:0.032190351747211396
writes:0.006612623910175624
get:0.013143739752911223
kill:0.03694632106603386
down:0.02364365576953158
if:0.006701504197634093
of:0.0019444058556573865
but:0.006652832222504103
nearly:0.04290140817599416
email:0.027438986589679408
in:0.0035535940378898095
figured:0.0515175252029189
or:0.006743114577030853
weeks:0.07281129770666221
and:0.0019089870724539493
subject:0.000266969568920183
i:0.0038179741449078986
back:0.021063567200675374
ago:0.028611657253646443
the:0.002261259029967159
around:0.023671944331536358
got:0.02212153821630574
na:0.043583034690303786
eric:0.07976056960637211
maybe:0.02647913082342324
put:0.024874592995467792
jet:0.15268530634244004
just:0.01174388563465886
is:0.005373452537813278
today:0.02839126265798353
new:0.01723999564883547
somebody:0.03795728223474755
gone:0.07859194793765525
goes:0.03223027195990677
bike:0.03772362674518543
rider:0.05310500909367777
skate:0.06179538756391387
already:0.029057863212973514
honda:0.04819219881674757
before:0.021261942672226444
