cat:0.07790733706783852
know:0.018982694240896953
take:0.03270383277439544
tony:0.2844765893810897
insurance:0.06831420031767314
to:0.00636091920041922
dod:0.053807139102960574
that:0.0053369942374534894
re:0.01150586162394371
voice:0.0557922200220949
had:0.047212568790219546
off:0.03359165304548232
you:0.01710150736642221
machine:0.05004306698960534
am:0.025143636256944088
none:0.05573092665263529
2.2:0.07666596920245171
as:0.012309448618723361
hey:0.059294445932787224
morgan:0.08950382633516744
calling:0.06327693260842243
ve:0.02807897998503745
points:0.05638701982262204
has:0.03276229150420157
pgp:0.06991973901496917
glad:0.07137067254529596
towers:0.09321401182465804
writes:0.010173267554116345
of:0.005982787248176574
key:0.04932065186517809
order:0.043143336325115265
who:0.019893121142059204
adobe.com:0.1637326715529844
now:0.025414067659665297
in:0.005467067750599707
and:0.0029369031883906913
subject:0.00041072241372335844
i:0.005873806376781383
44:0.06991973901496917
top:0.052025111171804854
the:0.0034788600461033215
road:0.05554849824570016
move:0.05441269408573873
request:0.060004631190682035
e-mail:0.04230301194849641
article:0.012466659697178478
very:0.026819115258206884
little:0.03608213387536099
81:0.07939952577533559
by:0.015237468843341017
