b.c:0.06255643776113853
pub:0.13461465514118115
29:0.0490858682074249
all:0.020517587755834222
saw:0.03653097401220919
insurance:0.04774648409299736
from:0.03641170986796454
to:0.001481934580742829
cash:0.05463361793250836
bruce:0.049533961717108436
been:0.015776778357219776
wednesday:0.056321830285300446
motorcycle:0.04994197173392696
months:0.03651391978472925
12:0.038208439049591786
started:0.035260697591278554
had:0.016499015975076723
this:0.005644972455606656
he:0.034196413064951296
two:0.02005149927584206
on:0.01090341559654387
bars:0.1800135653380554
leg:0.060157044736254564
a:0.009009704037718677
payment:0.06539677727771474
was:0.01904217492691152
said:0.023564568050144435
wales:0.13345191919988492
it:0.0036866175240857202
have:0.005497318420942504
malcolm:0.06000452177935181
accident:0.05225262129906126
after:0.020744233200698403
environment:0.04513605919223436
virtually:0.05358374191569206
of:0.002090758984577835
losing:0.052936768566590416
years:0.04795215963398696
clarke:0.06275018513213508
court:0.042974856209282895
in:0.01719480986075714
england:0.15904662957370905
and:0.0061580228143675786
for:0.006996749740044603
subject:0.0002870640526023473
drunk:0.06421397195282949
away:0.029774017057243772
than:0.015382809486230766
the:0.0008104871075151108
less:0.029557694156949223
put:0.026746874188675048
10:0.031079266213937255
newspaper:0.05301554319123636
today:0.030528239417186593
spent:0.046686475182540925
told:0.03333569641644226
every:0.026152134698251575
e-mail:0.029566621254325447
roberts:0.11970826416139738
s:0.006671357858666864
banned:0.12093747736225649
