ask:0.022419712187356673
cat:0.03895366853391926
tomorrow:0.038889297382607595
all:0.007338983312663779
anyway:0.02345010632034257
chris:0.059026880660296925
own:0.017434543350369196
with:0.008997344258300729
ignoring:0.04110223640146745
alot:0.03895366853391926
syl.nj.nec.com:0.047150217967820963
name:0.021247942352540395
my:0.021928021415314646
to:0.00318045960020961
dod:0.026903569551480287
w:0.02380262196176426
zx-11:0.046099636929315194
legal:0.029071655337180192
quite:0.02043230293930309
re:0.0028764654059859275
pack:0.03962886554070685
baby:0.03839284722001089
chances:0.037540429017393274
this:0.012114979347032748
on:0.01170020365936823
1983:0.03882546043787917
disclaimer:0.028877350208262976
am:0.025143636256944088
concerns:0.0386370679762769
reader:0.03962886554070685
why:0.013690173693492357
sure:0.016784954001224643
a:0.004296935771835062
how:0.010118176901762496
load:0.034584560552335115
was:0.020433718479262748
red:0.027789376576481162
114:0.045321974491843116
harder:0.03764877317032973
corn:0.046099636929315194
no:0.008659582586019307
taking:0.02620730795501235
wild:0.03634697377003291
should:0.025274032957438148
purchase:0.03355739599368494
being:0.014967722537885756
probably:0.018363259346378526
transmission:0.03727606252889937
lady:0.039420011778661064
be:0.013349105933941646
writes:0.005086633777058172
get:0.01011056904070094
of:0.002991393624088287
raised:0.03480754160520628
available:0.020777414060109464
but:0.005117563248080079
now:0.012707033829832648
in:0.0013667669376499268
and:0.0014684515941953457
subject:0.00020536120686167922
i:0.008810709565172074
info:0.02265688814917229
any:0.007871440509913903
later:0.024580092530443874
behanna:0.1364140331491548
than:0.01100462524784201
impressed:0.03984354852622282
the:0.0028990500384194345
waiting:0.03365415585681463
riding:0.03473249410562655
got:0.017016567858696725
would:0.014348456093913478
agree:0.023204270607418764
road:0.02777424912285008
return:0.02838744390628407
needs:0.025764204328225748
1975:0.04348804354226621
newsgroup:0.029570491081341153
about:0.015154095081874947
press:0.027595002775135897
busy:0.03928386118558875
is:0.0020667125145435684
number:0.019248191141521216
new:0.013261535114488823
advice:0.029921977447948066
wanted:0.023424307611893097
too:0.015019368214342282
count:0.032795158281037004
bike:0.05803634883874682
article:0.006233329848589239
wide:0.033091052748943126
by:0.007618734421670509
jamie:0.0459376876277934
s:0.009545173551631052
1991:0.03339878609212543
