some:0.014968421476068642
at:0.011294423236595269
mark:0.07701599908441513
vehicles:0.06408863225721079
say:0.02432749967009671
traffic:0.05609025976135771
someone:0.028249463008500255
to:0.005300766000349349
dod:0.04483928258580047
then:0.02046000448430517
front:0.04508911447905043
re:0.004794109009976545
blow:0.06247803978134657
something:0.025521298937993882
you:0.014251256138685175
m:0.017548906565590668
more:0.016300243920778536
a:0.008951949524656378
how:0.016863628169604156
other:0.01768343574143475
ama:0.06460358151009969
driver:0.04717673844213323
act:0.04784144952587634
probability:0.07287458101488924
are:0.008242453610272121
likely:0.04238985647345805
robert:0.04096682088407312
absolutely:0.051313573655738895
be:0.014832339926601828
writes:0.00847772296176362
of:0.004985656040147145
least:0.0308674664449549
well:0.021575229617350575
in:0.009111779584332845
gun:0.09387219220011285
bmw:0.056813517316230674
u.s:0.04522746667947049
pull:0.05794987722285416
truck:0.06593102611190534
and:0.0024474193236589093
for:0.004171139268103512
subject:0.00034226867810279864
i:0.004894838647317819
example:0.03604306594561416
away:0.035499789568252185
will:0.014529555703888261
than:0.03668208415947336
the:0.0028990500384194345
would:0.035871140234783695
lower:0.05091003350058483
pickup:0.07683272821552531
ninja:0.076562812712989
having:0.033549889646414886
90:0.051691787301850416
unless:0.039462325971031935
guess:0.03841227260173914
article:0.010388883080982065
s:0.007954311293025875
