another:0.014685465764162773
join:0.030368245235054648
agate.berkeley.edu:0.038892771450125235
nick:0.03295076789447318
take:0.014077808810170222
thanks:0.013201236059047437
your:0.008343922001200415
with:0.0038730289853612407
way:0.01147266767911618
much:0.011570840195761135
someone:0.029184875690900926
service:0.024123120718399622
from:0.005606438771060766
nicholas:0.03864746501515604
spot.colorado.edu:0.03576456388099812
ship:0.10181327545481997
post:0.01710316426775616
to:0.004563573377784208
dod:0.023162013521141965
association:0.03157567276349143
remember:0.01842797375179624
might:0.01408665652899633
been:0.009716823756433372
that:0.0022973816253938862
motorcycle:0.030758962723544416
seattle:0.03222759377549972
re:0.002476427170716361
this:0.003476704889876947
on:0.0067153486786660915
you:0.014723152037317135
american:0.021371094154888845
used:0.013075917273754076
a:0.006473860186042891
how:0.017422026453365883
member:0.026429787567858003
other:0.009134489985641793
ama:0.06674277295083147
whole:0.01981400976839265
across:0.025557378290290346
anywhere:0.027988935793738155
step:0.05509298854546161
thread:0.0275690582351256
gas:0.02627926934880134
it:0.006811697279602093
not:0.007985563027496223
hundred:0.030472538989810533
have:0.010157296949953369
only:0.00883136581635289
after:0.012776249587185108
25:0.02435551356483187
call:0.01759573574833581
usually:0.02183940888865307
writes:0.004379221132566638
if:0.004438082250088803
of:0.001287685997124097
san:0.026741492937778437
again:0.016171318795417337
shipping:0.08152266537102913
please:0.012684869913279833
they:0.01235655131798336
pleased:0.03744003748671925
email:0.018171514297800933
in:0.002353373535026364
become:0.021935250164206277
francisco:0.03305344462649944
or:0.0044656387927356645
recommend:0.029058140974591598
and:0.005056919397229005
few:0.030273211932533597
for:0.004309256462411576
subject:0.00017680103901998871
costs:0.02725995135717772
i:0.0025284596986145024
plain:0.030131096541698946
mention:0.024997846452165053
pay:0.022071801735085318
any:0.006776736862839783
will:0.007505333409955526
normal:0.024982534268334723
than:0.009474180676950075
cost:0.021993427843383317
em:0.03149340441913012
the:0.003993393430405579
do:0.00475707231063905
thing:0.01499293003394011
around:0.015676784325520766
can:0.011451205197850508
1000:0.030944479519754178
just:0.007777407705072092
about:0.013046571924793
company:0.022292238673055298
is:0.0017792889198057211
bucks:0.035610544926267876
days:0.019723527314901804
time:0.01046033092651466
2:0.012903374517188138
1:0.012970356900163633
instructions:0.032003080188243556
bike:0.12491267134167362
article:0.00536644291600398
saved:0.030686187083970938
by:0.006559175329915007
s:0.004108849542092836
