all:0.053003768369238397
thanks:0.05537185124767119
fax:0.08496231499676081
bikes:0.13350410555853898
to:0.007656662000504615
dod:0.09715177893590102
spoken:0.16015452662820315
inc:0.10169487488345559
a:0.003879178127351097
responded:0.14549806157035947
gary:0.2358154690845921
stuff:0.08120601535204505
irrational:0.15540569890199094
are:0.01785864948892293
place:0.07553965603656737
completely:0.09991648991776306
suit:0.1475139141491049
electric:0.1452216634911048
ave:0.1452216634911048
who:0.03591813539538467
bmw:0.12309595418516646
and:0.005302741867927637
for:0.018074936828448553
subject:0.0007415821358893971
the:0.0020937583610807025
ma:0.11142272014548656
is:0.0074631285247406635
items:0.12871150693554476
9:0.09891204598958406
sale:0.08819089316954526
gone:0.1091554832467434
three:0.08106911129090201
