some:0.012036462630240764
at:0.009082113530458052
there:0.00946163902656853
technology:0.06943644713024624
all:0.009835750831405064
beth:0.06641137134906058
with:0.01205829642865046
ca:0.021201531918477536
easter:0.06016254863184085
svoboda:0.27843537934691615
to:0.0014208238763822997
dod:0.03605633032672615
besides:0.04175347210450401
hole:0.04811289350461034
that:0.003576336344685328
like:0.012006588283594568
really:0.020117481888566244
nt:0.014723269107679144
need:0.019806206097909652
re:0.003855056729671861
getting:0.02796084095076996
on:0.01045379021111938
you:0.02291954595499884
performance:0.039082590037078514
holes:0.04941489067290202
m:0.01411149187748528
a:0.0028793899501987526
beating:0.05452807743217002
ama:0.05194927172977089
was:0.009128465300014285
old:0.05459614602767678
said:0.022592833285190024
rear:0.04883664874866445
84:0.0538966998523688
ranck:0.1383011584864306
rz:0.06749756223213096
learn:0.039278496708476614
l:0.0340717585438491
hey:0.03973339160444504
it:0.0035345920591749688
morgan:0.05997679084315344
350:0.05710345679708106
ring:0.051374103073807846
real:0.02636694694843554
dig:0.11995358168630688
writes:0.0068171380517274465
of:0.002004542119234419
wm:0.055796738182244524
tire:0.05926552412679311
never:0.02272102299857588
least:0.024821261677386415
using:0.02272598534685485
well:0.01734915371292108
they:0.009617728087708697
up:0.013850106910849326
david:0.025736548859221588
in:0.001831749504066912
use:0.01714205698708606
and:0.0019680279097463393
still:0.021048547239479867
subject:0.00027522635971152884
i:0.005904083729239018
tired:0.050905418804975296
the:0.000777064958751601
wrong:0.02725177378175114
1000:0.048171303169926606
rtsg.mot.com:0.05828294495355265
people:0.01551827979456822
90:0.041566591850972494
stock:0.051215495663091554
chicago:0.04353298491550395
nothing:0.02633872166495782
dave:0.07229432312112562
picking:0.056299729565434546
article:0.008353947219758772
bad:0.028253619038622516
happy:0.03915561946891774
s:0.019188750954309844
