read:0.01049538454582371
out:0.016363570820561942
know:0.005712384841010656
pass:0.018792940834218962
case:0.022885288030618105
ec:0.05721795144806839
watch:0.017797054817473842
where:0.00855304073256371
hand:0.014616849330799413
cut:0.016949145813909265
with:0.005415068303606919
way:0.0080202445349377
much:0.008088874396110793
exhaust:0.026692421104700523
remove:0.02045439993073903
from:0.007838631985464589
work:0.00937533548143659
members:0.01707519587270655
tm:0.04255626231815321
both:0.010396778158834434
my:0.004399140098751394
located:0.022626265485739684
to:0.0038283310002523076
everyone:0.02831030331030651
cuts:0.025002079379771835
that:0.006424159730268089
jeff:0.019516107818659242
considering:0.018543379422940244
r:0.014352869290412637
nt:0.003305919220937215
clutch:0.023936442444718178
me:0.0050166142611321515
need:0.008894453664339056
re:0.001731206031380419
anyone:0.007744975692784218
ps:0.02085908482786905
this:0.004860948503439064
finger:0.023035027555858564
tools:0.020599411371151254
federal:0.01829377866062621
best:0.011273963333154786
on:0.009389052319246109
you:0.00771943040845447
them:0.006786385053390004
m:0.006337105148685519
a:0.0025861187515673983
how:0.01217928701138078
other:0.0063856851288514385
beer:0.024686300444463807
was:0.008198714204642459
let:0.01067193399422604
oil:0.04149822441492229
idiot:0.0245361371307918
drain:0.026934021813823532
also:0.006868042276294288
cheap:0.01720477415929096
are:0.00595288316297431
no:0.005211785815659767
it:0.006349174624814295
should:0.007605611769599442
have:0.007100702960384067
try:0.011279581816404595
only:0.006173778880876326
transmission:0.044869334525527015
area:0.014854014095645124
campbell:0.02590094981699849
after:0.0089315448503007
decided:0.017276078995455343
evil:0.019336452381521298
which:0.005980983020914434
found:0.012382039376189802
writes:0.0030613999584146404
get:0.012170129400843725
end:0.012519599085997727
of:0.006301315272963752
but:0.003080014917825973
wear:0.022691935092183927
never:0.02040684473020241
heads:0.022466054702510632
oh:0.014952389741395709
they:0.008638144671367996
now:0.007647751842028908
one:0.009104730627552059
in:0.0024677736374234785
wash:0.02718892818967088
bmw:0.06154797709258323
yes:0.012346508659740225
murdoch.acc.virginia.edu:0.026934021813823532
or:0.0062436246083619005
clean:0.040202242518299125
and:0.003535161245285091
for:0.0015062447357040462
subject:0.00012359702264823285
i:0.005302741867927637
back:0.009751651481794155
rangers:0.021606253101607423
impossible:0.019056725254323312
the:0.006630234810088892
do:0.0033255459208634103
when:0.012108096692997554
can:0.0040026203353597835
drivers:0.018205109992965304
arm:0.023179715257266458
come:0.011116637381802815
just:0.010873968180239684
is:0.0037315642623703318
mountains:0.02564368198757807
bolt:0.028265883260359555
else:0.011697001043231743
engine:0.03778749092352644
time:0.014625092313923274
does:0.011282303836458566
sale:0.01469848219492421
their:0.007007794530470898
unless:0.014250284378428199
every:0.011259946883969425
under:0.011237608458822403
change:0.013759301425511516
dark:0.021351813822529844
bike:0.034929284023319844
article:0.007503082225153713
rider:0.024585652358184152
somewhere:0.01796074564306753
by:0.004585349420449843
seem:0.012776447013406193
while:0.010047881971659825
giving:0.0175618840152272
s:0.0086171705674447
