at:0.009680934202795947
with:0.006426674470214807
to:0.0015145045715283857
add:0.03776066391705186
1988:0.05022088839513502
day:0.027948385008383213
asking:0.039400360600421916
me:0.01190756791653346
parties:0.05378396167189962
best:0.026760176702872906
on:0.00557152555208011
possibly:0.042603886410959795
am:0.01795974018353149
helmet:0.05812333528484058
more:0.013971637646381603
a:0.006138479674050089
part:0.02691452870783821
also:0.01630216628219304
are:0.007064960237376105
no:0.012370832265741868
it:0.015070568340218549
has:0.011700818394357704
love:0.03595843340858735
call:0.029197319758227556
end:0.029716850577752852
of:0.004273419462983268
but:0.007310804640114399
miles:0.04411159104297611
good:0.017802306058895597
in:0.005857572589928257
or:0.007410016018715224
forcing:0.05800826605552964
and:0.01258672795024582
for:0.007150524459606023
subject:0.00029337315265954173
summer:0.049458968687431014
offer:0.03862817163507515
i:0.00629336397512291
later:0.035114417900634104
than:0.03144178642240574
the:0.005798100076838869
strong:0.039677498746928684
can:0.009500725191623224
pads:0.06562526803970485
hits:0.054425838179112965
last:0.023957830242412066
bought:0.04025366756998308
microsoft.com:0.0613233024777991
during:0.032179884723104075
newspaper:0.054180719964670124
interested:0.0316162221474167
is:0.00590489289869591
max:0.05232633008281946
break:0.0431231488818449
sale:0.06977740998029956
runs:0.04122846725761907
bike:0.08290906976963831
although:0.03472241161268965
very:0.0191565108987192
little:0.025772952768114993
honda:0.10591692047636829
bills:0.0619605250893414
rubber:0.06147917758760082
