some:0.01389924851349231
cleaning:0.06443194766282999
at:0.010487678719695607
folks:0.044085902979699734
all:0.0113579503648368
saw:0.040445006942088746
900:0.065467797388897
with:0.006962230676066039
hell:0.04063548719621304
post:0.030744973862275957
my:0.011312074539646444
dod:0.04163647668681472
t:0.061339834642867665
that:0.004129816969458057
problems:0.032655633760616344
smaller:0.05346716986958293
re:0.004451672652121078
had:0.03653353537338417
1982:0.060285439397732184
hi:0.03751210309540958
recently:0.03939656624509154
on:0.018107458044260352
1989:0.05632276921624392
paint:0.05809828300310863
a:0.0033250098234437974
was:0.010541203977397447
as:0.009525168574012123
idea:0.033004479705485194
part:0.02915740610015806
stuff:0.03480257800801931
solution:0.046307822240872
no:0.013401734954553688
it:0.0040816122588091894
have:0.012172633646372687
being:0.023164332499108906
real:0.030447545880931515
careful:0.054778016517397506
open:0.03934476879468289
1200:0.06677373688004491
be:0.006886443537350849
writes:0.007872171321637646
of:0.0023147688757826027
opinion:0.03939656624509154
but:0.007920038360123931
year:0.02946143709773395
up:0.015993575837528386
one:0.03511824670627223
in:0.002115234546362982
1990:0.05084459964694367
and:0.0022726036576832726
subject:0.0003178209153811702
i:0.004545207315366545
back:0.025075675238899253
improved:0.0612216671039121
ago:0.03406149673053147
any:0.024363982530685887
the:0.003589300047566919
jim:0.12094038381960248
about:0.023452766198139796
is:0.0031984836534602844
new:0.02052380434385175
else:0.030078002682595913
man:0.034500587366609506
experience:0.03943122350946604
article:0.009646820003769058
bad:0.03262620293745695
59:0.06284228822682376
s:0.007386146200666885
