obvious:0.021732476349728882
read:0.025615853806756177
go:0.010991142665503544
ask:0.0493993658365486
out:0.006656367791415027
say:0.010720593074957872
there:0.005185192008910437
all:0.005390213732464922
delete:0.03025120922479601
technician:0.03328732589796387
saw:0.019194240582686185
thanks:0.01126207144020431
where:0.010437609029569275
your:0.02847304456906808
with:0.003304109473387273
active:0.025241932174219592
vehicle:0.024862614079091745
several:0.015923454079476818
my:0.005368442154408482
to:0.003893217966358279
dod:0.0395193677027394
declared:0.030853524112130798
officers:0.05423361904634787
that:0.003919826276095783
r:0.017515365913723897
like:0.013159763429476534
nt:0.008068684200253542
re:0.002112658207786274
so:0.00577294122816339
anyone:0.009451495760685826
had:0.01733794899075859
this:0.005932004953349368
mean:0.014934587891694127
98:0.03160793875972697
student:0.022728912272139388
these:0.00935952527174544
on:0.0028644566397699996
you:0.0062802145695900775
etc:0.01312047450541376
ta:0.02608674423055272
holes:0.02708047680944348
working:0.017901350342975183
came:0.017054953290835857
a:0.003944926909170607
wondering:0.020332957637611847
nor:0.019517169474437306
j:0.01725496417812917
want:0.010692643885379556
was:0.010005210554817916
local:0.01726770311816922
stuff:0.016516477698721027
answered:0.027454767123235576
minutes:0.022515069197952393
stolen:0.02773235293440871
files:0.018696675506145136
are:0.007264535385324582
those:0.010485399176765876
log:0.031143316735789277
police:0.020766010800184698
not:0.006812542469784914
zero:0.0261786115801108
deleted:0.019849601677956706
have:0.0028884215432070782
real:0.0288993655819011
b:0.017293267494430744
motorcycles:0.031143316735789277
bother:0.02590737305363419
integer:0.03423113428589136
writing:0.022612761272020533
be:0.0032681426956919285
found:0.015110285340435013
writes:0.003735945711963629
get:0.007425841668311425
were:0.008764425409448018
things:0.012625570215481637
if:0.007572321127270161
end:0.015278154816810786
cops:0.027493596949720103
what:0.005200237870037465
dr:0.0221403650006017
please:0.03246466706619076
who:0.007305383470247731
code:0.018307980284359867
in:0.005019200618488431
5:0.014682897666201598
brother:0.0261786115801108
speed:0.018974379473930967
or:0.003809669252559804
world:0.014244354173630942
speedy:0.06679406519544302
and:0.002157047539495988
subject:0.00015083026492665705
station:0.023367175919616706
i:0.008628190157983951
face:0.040556741140627794
flesh:0.03229359331907312
any:0.01156256798066449
will:0.0064028550559507595
the:0.0008516983163718113
do:0.012174879981466045
engr.latech.edu:0.03317970897722548
got:0.012498044190003244
would:0.010538414080275435
law:0.016987802967480033
friend:0.01962259559148478
an:0.0050728708393318455
places:0.02155266600164031
just:0.013269927270800971
is:0.004553773337129897
whos:0.04461689408737695
cop:0.09235002114997617
questions:0.051257226055008674
unless:0.01739017754655645
article:0.004578151866195486
full:0.017455720248153974
earth:0.019890029167196323
live:0.017495413977105415
by:0.0055956806486845544
father:0.02446142178732232
black:0.019940973764090042
god:0.029979415048307624
