wave:0.2289823012415306
take:0.02471801314343841
ever:0.0307374657770914
harley:0.1409049015954133
hand:0.03671208669131015
ca:0.02391335576851536
from:0.009843863423606693
my:0.0331470091161733
to:0.0032051143257926296
ccu.umanitoba.ca:0.06896601624526612
most:0.021588319348453927
respect:0.04752742080155954
think:0.016741256134052966
nt:0.008303238973516727
saint:0.06665379695753165
me:0.012599868376797031
re:0.004348145381141518
lost:0.04075007353857965
michael:0.034938316298531266
off:0.0253890400925157
on:0.011790902912541626
you:0.006462778946613045
tell:0.0280235471351448
fall:0.04535233752784107
bars:0.06488861076139206
am:0.019003911124434482
m:0.03183290028176912
a:0.0016238420067981338
other:0.03207692994957932
services:0.04647280962166638
riders:0.06785775834056468
waves:0.0694406906001528
only:0.015506235328712634
craig:0.10616245914629105
writes:0.023067292709914967
down:0.02749262298782742
if:0.007792446741434991
of:0.0022609370414620775
even:0.019525109857744485
what:0.010702815151123618
who:0.015035498537602887
in:0.004132086090569546
or:0.015681661807048497
subject:0.0003104297313025383
each:0.02960476043442576
keeper:0.07127358530019448
i:0.011098762049150867
we:0.03134288152823186
back:0.02449252000078532
the:0.002629370965078092
do:0.008352533940773217
when:0.04561655033175823
cellar.org:0.1462267986286423
can:0.010053092935322248
anonymous:0.05284631437177902
return:0.08582250483295183
people:0.01750317604736183
new:0.020046506568413336
man:0.03369824812552557
article:0.009422475352518616
