wheelies:0.08323545556681909
effects:0.0597477341300362
minnesota:0.069987213302608
all:0.013250942092309599
true:0.0358788998910812
with:0.00812260245541038
previous:0.04823888082906675
bikes:0.06675205277926949
from:0.011757947978196882
wheel:0.06749296917795412
wrote:0.035771874648511955
ground:0.053846578658296396
to:0.0057424965003784615
front:0.048846540685637964
motorcycle:0.06450838015632232
r:0.043058607871237914
re:0.005193618094141257
off:0.030325797888282643
drag:0.07247399429495502
on:0.007041789239434582
state:0.03691268592973078
a:0.005818767191026646
as:0.01111269666968081
standard:0.042278396395308844
no:0.015635357446979303
terry:0.07517060560663498
it:0.009523761937221443
due:0.046043645623590035
university:0.03264361252220352
tendency:0.08105232246234113
of:0.005401127376826073
asks:0.07142527828789745
lift:0.07637909695371317
in:0.004935547274846957
and:0.0026513709339638183
for:0.004518734207112138
stafford:0.2743751610208146
possible:0.03579127254117475
any:0.0142123231429001
the:0.006281275083242108
do:0.00997663776259023
effect:0.048144075758644524
disclaimers:0.07584824677565487
is:0.011194692787110995
article:0.02250924667546114
shaft:0.149687586285209
by:0.013756048261349529
mike:0.0887614452488251
says:0.035569815894827335
yfn.ysu.edu:0.07731158727090247
john:0.11172826664924357
