minnesota:0.07097294870123629
traffic:0.061620285371632416
all:0.013437575079525229
true:0.03638423650926545
ca:0.02896547318439889
into:0.025222590182850512
from:0.011923552879298248
wrote:0.03627570386891354
to:0.0019411255775927195
make:0.024789865962671884
that:0.004885980639922209
nt:0.01005744439045688
me:0.015261812400064011
anything:0.03269353732844231
re:0.0052667676447629656
file:0.042795575809273366
on:0.007140969369567464
athena.cs.uga.edu:0.15841106189704018
you:0.015656309560809066
state:0.037432582914656565
m:0.019279080452339045
sure:0.030733014368439487
a:0.007867628878007859
as:0.011269213524183358
bring:0.053427703482944726
standard:0.042873866767073755
let:0.03246672877116655
allan:0.06944289460260536
it:0.004828949714647492
not:0.016983380523266617
have:0.007200712861234548
university:0.033103381712657094
be:0.00814734164982354
which:0.01819566665517631
of:0.0027385997967005445
but:0.009370186228879017
court:0.0562910088375114
now:0.023266399970116116
in:0.0025025310125984575
better:0.03149599818734371
i:0.0026887141865548584
stafford:0.2782395999084317
morons:0.08325739112389728
person:0.07901956166405213
physical:0.06010072252640446
will:0.015962047111313864
the:0.0031848718731931815
can:0.01217698580898188
disclaimers:0.07691653194150917
arrest:0.15565105039393584
does:0.01716181428644402
article:0.011413139159388746
complaint:0.08411125903680482
citizens:0.11513685039251045
understand:0.042199398069516246
john:0.07553460280512242
s:0.008738539166986173
