there:0.01369819381458429
curtis:0.1687595719550629
my:0.014182302407914944
dod:0.05220095584615578
v:0.11482532280304514
nt:0.010657888831678187
re:0.005581201534002545
so:0.015250904438580896
ball:0.06654634835420813
etc:0.03466155205161545
a:0.008337338064754597
how:0.019632283540733198
cb:0.09077463114667866
frank:0.05845036382911376
no:0.016802175166903133
taking:0.05085000050972545
individuals:0.06368882536380173
it:0.005117245219999581
not:0.008998656844417386
650:0.15066596587833705
safety:0.06168169231561438
92:0.06542559534890857
public:0.04423499400090438
writes:0.009869587925635259
justification:0.07702939067756437
of:0.00290209829202595
freedom:0.05952281313908367
but:0.009929600332095676
street:0.05952281313908367
adobe.com:0.07942256455928347
jackson:0.07802955053253394
called:0.04003364919189155
george:0.05943752506052488
in:0.005303871698342999
thomas:0.05498514946312089
for:0.014567859533376446
subject:0.0003984620431644522
away:0.0413281132287115
the:0.0011250044925209745
twin:0.08882507618522995
about:0.0147017340346548
mix:0.07702939067756437
lab:0.06432404348945542
is:0.004010039207323342
engine:0.060911179399117256
91:0.06974054339526688
gt:0.08169630671722405
type:0.048365858363159646
bike:0.05630392051520213
vt:0.1885593993404439
article:0.012094520601740313
honda:0.143857309900739
black:0.05267988591408862
hawk:0.17366414065032487
s:0.009260242997851019
