hand:0.05957055576325799
your:0.023772306078891744
with:0.01103447880734995
floor:0.09275182485592127
feet:0.1657381867530314
my:0.01792857096849625
like:0.02197432195299383
nt:0.026946360442356168
countersteering:0.34978521262592754
seat:0.09359053735725777
so:0.03855889046735547
on:0.019132408499595844
bars:0.10529095331093806
am:0.030836535032101237
a:0.002634913444993198
how:0.024818169759040082
richard:0.07049202858073167
lean:0.10784841542407436
turns:0.08327839195408664
hands:0.15114603605113558
are:0.024260806852876432
no:0.02124048558834924
only:0.0251610610994205
left:0.05517745629246342
allowed:0.07229874015314851
open:0.062357746768931376
if:0.012644347542705835
clarke:0.2202176308410778
in:0.006704894411112848
and:0.003601862400856508
subject:0.0005037161677739301
i:0.010805587202569524
the:0.0056887019621815315
do:0.013553168281254654
when:0.024673102695164827
is:0.005069294846993659
right:0.03660138856208112
bike:0.07117665423619893
