likes:0.04722520991893296
there:0.008194455228367387
ba:0.05132817714552618
british:0.039808976247606646
rr:0.11563936736668853
know:0.011016742193377694
i.e:0.030844098187280383
owned:0.089983559960496
companies:0.03550564594274764
clause:0.05389676707813137
sell:0.031072074098040782
easter:0.05210506444007644
name:0.04932558046125448
to:0.0012305349643668131
ye:0.04970030610272301
legal:0.03374388565922701
that:0.006194725454187085
motors:0.05517445318206595
think:0.012854893102933529
cds:0.05332053028226019
civilization:0.05210506444007644
re:0.003338754489090808
lotus:0.10989680265012672
firm:0.046678391836426546
on:0.004526864511065088
ownership:0.047511712727428504
why:0.015890380179946484
a:0.006234393418957121
as:0.007143876430509092
a.m:0.05813299903880204
it:0.018367255164641355
not:0.01076625015314223
have:0.0045647376173897575
fundamental:0.043636369151069394
only:0.011906573555975773
minor:0.03880296586810563
regardless:0.04040161079175728
ford:0.04268308365619702
be:0.010329665306026274
outright:0.05163086957120191
writes:0.017712385473684703
end:0.024144941094424187
of:0.0052082299705108566
but:0.005940028770092949
must:0.020691610959638368
who:0.011545114948516502
in:0.006345703639088945
u.s:0.03149770000891695
yes:0.02381112384378472
or:0.0060206380152061185
and:0.003408905486524909
for:0.002904900561714946
subject:0.00023836568653587764
i:0.0017044527432624546
we:0.012033427729589017
20:0.028078860253621607
the:0.0033649687945939864
thing:0.020213682456472825
gods:0.043266858292472475
would:0.01665445796614957
can:0.007719339218193869
jonathan:0.08536616731239403
e:0.0555516017152469
company:0.030054714639565622
general:0.026325271098995993
is:0.0047977254801904266
dave:0.03130602385155886
article:0.021705345008480384
owns:0.15143158019181982
honda:0.04302874894352461
by:0.017686347764592252
happy:0.03391156329004483
s:0.016618828951500488
