another:0.016305186252857196
some:0.00858482996421584
read:0.01666914016101413
week:0.025351755914746938
at:0.00647768391510611
bnr.ca:0.03431581374961179
all:0.007015204637105082
nick:0.036585043765187134
your:0.01852841503207739
4:0.018266687530725582
previous:0.025538231027152986
apparent:0.035582015415996864
wrote:0.018938051284506333
longer:0.02495743388510423
hence:0.033833480790157286
to:0.0070936721475263345
young:0.05520669892756157
most:0.04095431170515525
day:0.018700757615903472
t:0.018943184227944426
sweep:0.04489287341351224
make:0.012941768259924291
that:0.005101538609330541
sarcasm:0.04291005306829825
re:0.0027495625204277245
so:0.015026626432131178
prefer:0.030195059595895888
phone:0.02159814063389389
this:0.007720329976050279
on:0.0037280060679359553
you:0.012260271825192395
serious:0.026448482625290225
apparently:0.027857801884203403
3:0.03443332271525911
a:0.0020536825380094046
same:0.014280098165651562
sorry:0.023363357976019298
was:0.006510743633098424
as:0.011766384709073801
learn:0.02801481015236935
based:0.022212522146327518
far:0.018304250530304423
are:0.009454579141194493
no:0.008277542177812573
internet:0.02100392605231328
thread:0.030609763187529157
missed:0.031955383656086994
it:0.0025209958069115587
have:0.003759195684909212
made:0.017099849646455893
only:0.00980541351668593
interesting:0.02402959236706921
bag:0.03896915897243404
postings:0.033872488527140324
doing:0.019711050773274376
walk:0.03375608069466473
nonsense:0.03866274208713574
were:0.02281328378635734
of:0.004289130563950118
sit:0.03423319556382558
but:0.0048917883989000755
years:0.016395407521914658
eh:0.03664182351587766
pete:0.07645161034381853
well:0.012374028751127536
they:0.013719406242760936
who:0.009507741722307709
in:0.0026129367925660364
or:0.014874517449332766
and:0.004211000895119006
still:0.030025133562199224
for:0.0023922710508240733
subject:0.0001963011536177816
capacity:0.038225805171909266
i:0.005614667860158675
44:0.03341752232333085
group:0.019831734814754743
ago:0.02103798327474003
assumed:0.035935833418527734
the:0.002771150772018577
see:0.013010189422141001
around:0.01740584142024732
can:0.006357102885571422
once:0.01972817055091843
last:0.016030607000437482
people:0.02213636970695761
dust:0.03970918489728468
time:0.02322808779270167
npet:0.047125832338499166
goes:0.023698729382284386
nice:0.023233378358490868
afford:0.034743430809590276
random:0.032817669477798336
pettefar:0.04736693397690351
while:0.015958400778518546
s:0.004562031476882488
news:0.022565268501201607
