read:0.014720799103233258
out:0.00765050064337961
send:0.019047708577118332
ec:0.040126875041502516
hand:0.02050155490553684
your:0.008181378066112095
cut:0.023772827894833776
with:0.011392741106289883
from:0.005497222431364777
members:0.023949625379900103
tm:0.05968930299169542
both:0.014582494040962585
my:0.006170222476170788
to:0.0035797380781580025
dod:0.022710805465535305
everyone:0.019853978944890282
w:0.020093122435255545
ii:0.023840258474741027
might:0.01381224114206783
jeff:0.05474648427052463
like:0.007562591321484891
its:0.013427432182040067
me:0.014072580264994089
re:0.0024281850829751335
this:0.006817953745083364
finger:0.03230886981860682
federal:0.05131761286617223
something:0.012926372189373526
on:0.003292265098956428
you:0.0072181686936197646
them:0.009518566048910656
m:0.008888407221532937
a:0.005440925165635305
other:0.008956545375531888
vote:0.02957684007679544
price:0.020325611700285476
was:0.005749747624034972
old:0.017194240794430677
handling:0.0313364971799098
whole:0.019428022565112273
ride:0.027420126862362875
cliff:0.0378945923200556
no:0.007310037247938376
brian:0.024260243602459604
tad:0.03825880963597147
it:0.006679001878051402
cool:0.029810564769314308
have:0.006639618352566921
buy:0.03904988474342813
campbell:0.07265720987625551
92:0.028464382392057626
rider.cactus.org:0.04551874713288843
coat:0.04064663288353847
evil:0.027121257885770137
be:0.0037562419294641
writes:0.008587823259968343
were:0.010073398035534411
end:0.01755995715958123
of:0.0063130060248616435
safe:0.026965850312967353
but:0.004320020923703963
one:0.00638513576477677
in:0.0034612928940485157
gon:0.03104224265905238
bmw:0.08632703280518167
yes:0.01731718097729798
murdoch.acc.virginia.edu:0.037777589037570676
or:0.01313593748772244
and:0.0012396019950999672
for:0.004225309907949013
subject:0.00017335686293518376
76:0.034624940883144044
i:0.004958407980399869
back:0.013677641039399595
power:0.017544514806302224
rangers:0.060609748960353295
the:0.004405050058377582
when:0.008491392485998285
na:0.02830067187682064
maybe:0.017194240794430677
joe:0.025840709265733352
thought:0.03486475850898328
just:0.02287769928829648
cast:0.036145677165616744
is:0.0017446274473419735
done:0.017199113970264277
time:0.020513116492256022
does:0.00791226502816575
their:0.009829114406374767
superior:0.03272129453108946
every:0.015793172252840236
dark:0.02994799860822368
bike:0.048991723045695365
article:0.010523803640475338
going:0.014141660286036901
somewhere:0.025191695187679136
by:0.006431399187124456
black:0.022919171144441156
seem:0.01792021139542687
giving:0.024632252904474516
range:0.02597114276291996
s:0.008057614037091147
