some:0.03935517556629284
say:0.021320730047949925
there:0.010312123433451094
way:0.019464863140972396
ca:0.023107287596542934
someone:0.024757956344528313
my:0.010676564734048329
to:0.003097076764249058
besides:0.045506593192549315
ccu.umanitoba.ca:0.0666413190684594
next:0.03009415757021545
that:0.011693414340487982
guy:0.03804866007807718
think:0.016176944129534326
nt:0.008023354513735264
huh:0.0561675653490162
me:0.02435030742482123
re:0.004201578682900792
lost:0.03937647555413314
apple.com:0.06178983124345336
der:0.06516909140097171
something:0.022366981091724976
on:0.011393456746950335
you:0.006244932465266538
tell:0.02707893318676913
fix:0.04887684223798296
am:0.01836332985057714
paint:0.05483433451978792
a:0.0031382115187559437
services:0.044906310420936055
hey:0.04330493242282213
it:0.0038523081993255275
frame:0.21718944307527085
only:0.014983553238980747
relation:0.06302240334745812
has:0.011963758133556752
er:0.06178983124345336
writes:0.007429914505815307
if:0.015059559994683355
what:0.020684092202171486
who:0.014528683980155598
up:0.01509506034103803
called:0.0301376909646824
in:0.003992802289763831
and:0.006434787884676233
subject:0.0002999658077754865
i:0.00857971717956831
any:0.011497609733582104
the:0.0025407404831091674
uh:0.05778224760369232
can:0.01942844926826322
anonymous:0.051064977932280854
is:0.006037587121138515
new:0.01937078162790502
time:0.017747303032625995
gt:0.061501714045550694
lot:0.02784891447489203
man:0.032562352121294366
beleive:0.06302240334745812
nothing:0.028706247207875377
nice:0.03550269052533436
bike:0.04238609746650048
comes:0.03397950940725294
hawk:0.06536796305377397
parking:0.06164484916664541
s:0.006971194166921554
