sleep:0.038764720288920536
at:0.006936732381530953
all:0.007512345123199143
means:0.02231964740502955
stand:0.06201163077899941
someone:0.01735006389498441
surprised:0.03465104481889165
to:0.004340784756191593
dod:0.02753908694246013
w:0.024364888622278376
zx-11:0.04718860473079507
lived:0.035401518675618616
randy:0.1974325458747532
enough:0.01915077580265666
normally:0.033510643654494354
perhaps:0.022743791634960986
re:0.00294441340770213
so:0.016091505470628664
this:0.008267439974353055
off:0.017192578330364965
on:0.007984390948650234
went:0.025688671379811682
etc:0.018286015649277444
pilot:0.045950922970776076
m:0.01077806859933915
influence:0.0404218126079425
a:0.003298828643731642
uunet:0.0297400969481676
was:0.020916404742552415
it:0.0053992981061412905
not:0.009494645804345904
being:0.03064258157362438
won:0.034028657359518
ve:0.014371131488404994
states:0.027187871932721912
girl:0.04156497803978895
without:0.01769457074647634
be:0.009109626096653091
writes:0.010413580960906494
what:0.014495151228293405
but:0.005238450568900868
ok:0.025699599925282927
least:0.018957971517373877
court:0.031469776594199285
necessarily:0.030608370339025213
one:0.015485211146072795
email:0.02160550125171607
in:0.006995263854113799
rather:0.020263650810337507
total:0.02882689366775119
speedy:0.09309094125664105
and:0.001503139427129094
for:0.007685406210521432
subject:0.00021021225899227005
i:0.00751569713564547
driving:0.06593871797954613
actually:0.0192465679299298
than:0.011264577025350088
the:0.001187012614155989
when:0.01029664915624989
engr.latech.edu:0.09248517305462851
drugs:0.03415566036683992
got:0.017418534028587198
can:0.013615212479334069
her:0.05206942999889335
thought:0.021138475631430807
here:0.028352770167297574
changed:0.029758387353019094
is:0.002115532495202078
does:0.028783200338681696
beleive:0.04416530628286436
goes:0.025378166897564385
nigel:0.04770795880789584
hook:0.04049307115534344
under:0.019112782890595585
article:0.012761147721521275
little:0.018467233873216252
davis:0.07799608305983118
pot:0.04753100718701349
claiming:0.036314895950129496
by:0.015597409052238836
while:0.03417862213981925
