wave:0.0674399928314097
chris:0.052558181409853424
ever:0.03621126105246384
supports:0.05920054088573679
my:0.01301663371685344
to:0.0018879440549189463
dod:0.04791046632455393
respect:0.05599120806759069
h:0.09679951025464428
t:0.03529141171233482
13:0.053941624033787154
nt:0.009781897968800527
me:0.029687361106973825
re:0.005122472640796856
michael:0.04116020824210533
310:0.07663842685577635
this:0.007191540251663273
these:0.022693643467108802
you:0.007613684786420847
a:0.0038260387009490275
was:0.012129604576731309
are:0.017614010454828095
those:0.02542350211352822
not:0.008259041213369381
being:0.026654848355139014
waves:0.08180684098100194
myers:0.1693024316819558
writes:0.018116777836097598
of:0.005327139330568182
even:0.023002184215972953
what:0.025217591862921402
but:0.01822693759590165
in:0.004867937038205219
cats:0.08097636670954393
or:0.009237143256206648
and:0.007845152352550476
for:0.004456833738521561
subject:0.000365711738246826
each:0.03487684105973445
everybody:0.055861771229262856
20:0.043079895183638625
behanna:0.08097636670954393
the:0.0020650767396960357
do:0.019679942983739634
views:0.05548064101557382
extra:0.053214735746455494
return:0.050552982298862036
an:0.012299974500845709
here:0.02466302610443008
expressed:0.05629807021401763
excuse:0.060643835620775514
jerry:0.0668528187980976
is:0.007360893887415449
reflect:0.06480976183786971
article:0.022200900830591806
mine:0.044729301983561454
especially:0.042812269965717006
