all:0.02446327770887926
knows:0.044794377065913264
true:0.033118984514844185
means:0.036340964364599396
thanks:0.025556239037386703
harley:0.07767834318721502
c:0.033155098659345635
o:0.04488434594615232
proud:0.06481549563767933
motorcycle:0.05954619706737445
v:0.04931600402438477
r:0.03974640726575807
really:0.02501789414347341
me:0.013892162569289034
this:0.006730544081684859
mean:0.03389002636961359
distribute:0.07228727927089829
wan:0.07017503269300014
on:0.00650011314409346
tell:0.030897757097723754
etc:0.029773384454592763
magazine:0.05413717354876772
hard:0.034669659007378326
lists:0.060732755495133996
want:0.024264076509130532
norway:0.07391747382840146
cb:0.07797308060035218
advance:0.04055770790611089
ride:0.05413717354876772
l:0.042371289471196956
are:0.008242453610272121
b:0.03924241469890053
types:0.05252432323052409
free:0.037019330693906866
g:0.045320537961685926
of:0.0024928280200735725
what:0.023601079564016185
but:0.008529272080133465
in:0.009111779584332845
our:0.028586864397184532
or:0.008645018688501094
and:0.007342257970976728
few:0.029302916678285724
subject:0.00034226867810279864
p:0.04315548768758141
i:0.007342257970976728
example:0.03604306594561416
we:0.017278768021973975
the:0.007730800102451825
rock:0.06247803978134657
can:0.011084179390227093
club:0.06195468087724072
na:0.05587568550038947
about:0.012628412568229122
somebody:0.04866318235224045
gt:0.07017503269300014
type:0.04154503218373969
models:0.05722055191000735
already:0.03725367078586348
honda:0.061784870277881494
letter:0.05232114127872892
s:0.007954311293025875
