traffic:0.05028781909638967
take:0.024433898049835673
with:0.006722153756201693
beautiful:0.05900655403688159
into:0.04116790581568704
to:0.003168273931243289
make:0.02023081015344487
along:0.08032095198025828
re:0.004298166698599662
this:0.006034280900820908
off:0.02509721204547529
bell:0.051301184471041074
you:0.012776988262269468
state:0.03054842973494961
communications:0.048495205704984994
pennsylvania:0.06938434382472085
a:0.003210354312290563
same:0.022322912075041522
want:0.02175399962887565
old:0.030435782555658895
route:0.11760258813353315
steve:0.03686383731993548
surface:0.052471100497592134
drive:0.032457514354091825
also:0.01705169116873065
turns:0.050732813489271174
plus:0.04110229717218012
ride:0.0485367762851021
doc:0.06382345932612232
it:0.0039408670085054245
pleasant:0.06913171271301079
vax:0.06817330341486076
minimal:0.05942840882826582
after:0.022174869973160358
mitchell:0.06193969087663822
presently:0.06772249061999545
writes:0.007600717138132901
down:0.027176615827047793
dec:0.05701492505672025
if:0.007702878388085164
reasons:0.04179913190570236
york:0.08650959097529753
up:0.015442073222441203
good:0.018620802889189644
code:0.03724727023369766
in:0.002042295424074603
point:0.025305011048966215
seven:0.05539333197327306
and:0.004388476028629768
for:0.003739642102437632
subject:0.0003068615734714747
back:0.024210996782385488
research:0.03548656874180204
suggestions:0.09096543381772132
the:0.006064679390716518
do:0.00825652780352295
road:0.08300350312575885
may:0.02139109801654978
mad:0.06043830946954552
just:0.013498719120297539
is:0.006176382227371584
hills:0.07017736533606511
new:0.03963217390536889
mitch:0.07260620549315944
chicago:0.0970735525702042
under:0.02790026927707631
article:0.00931417103812185
by:0.011384315802496162
