750:0.037752646911505414
all:0.0066254710461547996
means:0.01968468903082467
fax:0.021240578749190202
with:0.00812260245541038
custom:0.03702945066669571
c:0.01795901177381222
ca:0.01428158747286334
bikes:0.033376026389634744
work:0.014063003222154886
wrote:0.017885937324255977
to:0.0019141655001261538
dod:0.024287944733975254
gl:0.04147152355286904
motorcycle:0.03225419007816116
v:0.08013850653962525
r:0.043058607871237914
really:0.013551359327714762
me:0.007524921391698226
re:0.0025968090470706285
ball:0.06192507416294367
mean:0.055071292850622094
parallel:0.031953842968481874
two:0.012949926615647995
on:0.003520894619717291
tell:0.016736285094600366
used:0.027423104282456465
etc:0.01612724991290441
m:0.009505657723028279
a:0.0067885617228644205
valley:0.04003863165705079
ama:0.034993606651304
was:0.018447106960445533
as:0.005556348334840405
old:0.018388285294043915
drive:0.01960974825559714
cb:0.0844708373170482
also:0.010302063414441433
dual:0.0771200133523978
frank:0.054391310785425306
l:0.04590223026046337
race:0.03035298422812193
it:0.002380940484305361
pipes:0.04147152355286904
only:0.01852133664262898
cm:0.04309384890829616
b:0.021256307961904454
has:0.007394267179767715
cr:0.043469315722673076
be:0.0040170920634546615
g:0.024548624729246543
if:0.0046538223594681195
park:0.03118918242392338
what:0.012783918097175433
but:0.00924004475347792
street:0.08308392667330428
62:0.04027811899087835
now:0.022943255526086725
in:0.0024677736374234785
or:0.009365436912542852
and:0.0026513709339638183
for:0.006778101310668208
subject:0.00018539553397234928
p:0.023375889164106597
purpose:0.05223446516867481
i:0.0013256854669819091
example:0.01952332738720767
house:0.023874110725626327
the:0.0036640771318912297
can:0.012007861006079352
law:0.02088084114752754
home:0.020342798971259363
twin:0.041328334058405594
sport:0.0348249073973523
an:0.01247080748002412
dirt:0.07731158727090247
is:0.00932891065592583
engine:0.056681236385289664
somebody:0.026359223774130244
gt:0.03801147604204175
type:0.02250355909952567
bike:0.20957570413991905
vt:0.04386624915211716
models:0.030994465617920647
honda:0.06693360946770495
letter:0.028340618192644832
high:0.01942585990028834
four:0.024361431604326206
s:0.00430858528372235
