at:0.016017545680989655
bnr.ca:0.1697072970889892
means:0.051538094917068226
take:0.03864998418792188
own:0.04120892064632718
your:0.04581571717022773
ca:0.03739179265622402
my:0.017276622933278203
to:0.0025058166547106014
spell:0.10278992109990194
brains:0.10224713995172592
duke:0.11539259711008276
talking:0.05926711237022306
nt:0.012983246394953426
me:0.01970161237099172
re:0.013597836464660746
michael:0.05463082184861253
so:0.018578374497907637
he:0.028911512864004275
student:0.07314577222124857
you:0.04042174468427068
m:0.024887540220292218
a:0.002539098410629809
idea:0.05040684173201375
no:0.040936208588454905
it:0.006233735086181308
not:0.010962000155926634
hope:0.05251748250254627
has:0.019359535888846383
be:0.010517477402499477
wasting:0.10278992109990194
opinion:0.06016930117432162
what:0.033470621927150224
and:0.010412656758839723
subject:0.00048539921621851447
i:0.006941771172559816
employer:0.08218346224332045
flames:0.08131749771624308
the:0.0013704600181619145
would:0.016957266292806836
about:0.0179093850967613
either:0.0455193219475156
advice:0.07072467396787724
mike:0.058098400526503696
