looks:0.020135914555140532
at:0.005182147132084889
out:0.01386090704800541
pub:0.036821067435676015
say:0.011162029260397313
bnr.ca:0.05490530199937886
knows:0.020552714183183735
nick:0.029268035012149706
where:0.021734785861573666
hand:0.018571996796780434
with:0.0034401610399385136
way:0.020380856700547567
though:0.014620848244768704
ca:0.012097344682896007
such:0.022623731805503512
mentioned:0.020677433051716695
from:0.014939510372297215
to:0.004864232329732344
dod:0.020573317892308454
trust:0.024408048610107844
might:0.02502453101033466
make:0.010353414607939433
that:0.0020406154437322163
like:0.006850818020639254
nt:0.01680184827582208
re:0.004399300032684359
exactly:0.01891989796042358
so:0.006010650572852471
had:0.009025932268718442
he:0.03741489900047612
you:0.003269405820051305
bars:0.03282600309105716
assume:0.02042052091346574
seeing:0.02357817450269663
why:0.020937912707694194
a:0.004107365076018809
how:0.007737429395465437
was:0.010417189812957478
karr:0.16359361516764395
drinking:0.03169854768392662
results:0.02154755146393212
reasonable:0.0219900421770944
it:0.008067186582116987
not:0.003546529462211558
should:0.009663600836667527
have:0.00300735654792737
money:0.03647317372622506
cs.cornell.edu:0.03282600309105716
his:0.010849582597089746
be:0.003402713277279243
dartmouth.edu:0.03512881995066554
perfectly:0.026281305851981573
writes:0.007779557541383086
spend:0.04823643782013589
things:0.02629089327223823
if:0.007884122585451873
of:0.006862608902320187
even:0.009877408516270739
sit:0.02738655645106046
but:0.00391343071912006
drink:0.02949874508952195
present:0.021320589898995903
they:0.016463287491313122
who:0.015212386755692333
david:0.029369943992288164
in:0.004180698868105659
or:0.003966537986488737
and:0.001122933572031735
irrelevant:0.02887427334935495
subject:0.00015704092289422526
i:0.00449173428812694
person:0.016501143759257944
away:0.016288138743080414
we:0.007927905327729235
the:0.003547072988183779
do:0.004225399522979392
settlement:0.03650302495761557
got:0.013012669539003376
would:0.010972348777698543
law:0.035374601473458424
because:0.010380719405261847
did:0.009670064961429208
regards:0.024290397629480372
put:0.01463211352674576
wants:0.020709030368198524
myself:0.0196049533058699
just:0.006908168020387564
here:0.010590593562490565
is:0.0031608544340078104
strings:0.03635022797877286
either:0.014726839453607988
object:0.024882189977252722
detail:0.028309779300756458
npet:0.03770066587079934
does:0.007167581260808972
history:0.039070677698245654
him:0.02819429768662715
legitimate:0.026913189667398262
article:0.014299992005587077
going:0.012810680494409896
fault:0.026041176472450665
pettefar:0.0378935471815228
s:0.00364962518150599
biker:0.03205088969322702
