thanks:0.04861918646136983
alexander:0.12413439540035777
my:0.023175957593421982
to:0.003361461366075197
need:0.046858585158469176
recommendations:0.13143300259189086
off:0.05325505970625245
paint:0.3570918857752043
said:0.05345133728447396
it:0.008362327554633463
pipes:0.14565608272227176
application:0.09000896848333972
has:0.02597010911918417
of:0.00948490661296286
but:0.016226420054888054
seems:0.05747529486295313
miles:0.0979062142661177
in:0.00433365126571928
and:0.009312132060750973
for:0.007935338119806684
subject:0.0006511452900492268
i:0.004656066030375486
any:0.02495822600704408
the:0.00919210987791528
is:0.00655299089977229
solid:0.10989176397121257
header:0.12824714448415758
bike:0.09200884571996447
metal:0.1223118698833837
200:0.10136890356539544
black:0.086086642835218
rain:0.13863944680881368
s:0.015132592216000447
