taken:0.015994569416304175
mark:0.01458069885578733
there:0.004455237794063822
form:0.01656981031301891
all:0.004631397236147044
rd.hydro.on.ca:0.030523069616658342
case:0.011998112171392017
own:0.01100238172596114
your:0.006116175835831371
damage:0.021599382796935296
owned:0.024461550280523183
my:0.004612690588982045
to:0.002007086155472084
dod:0.01697798078491474
job:0.016851886190724155
then:0.007746991989202927
helmets:0.030386317786722926
impact:0.06980453002822568
that:0.006736012144358773
like:0.005653587686935306
nt:0.010399202209550075
toronto:0.019500486869614475
its:0.010037983281719271
consider:0.015632835332869868
re:0.0018152451591173326
had:0.0074485848819521114
this:0.0025484584386962087
getting:0.013166027049634398
bell:0.021666034218352295
two:0.00905237588666656
on:0.007383623668533348
you:0.0053961066932885614
fall:0.018933500132982194
took:0.016385445031148926
helmet:0.15405505371613085
a:0.0027116584967891164
other:0.013391339687688453
same:0.009427637623925303
was:0.004298355019909638
as:0.011652147964325512
question:0.010597019822073322
ratio:0.02588466454370962
ride:0.020498541440795544
ontario:0.023055098066574128
shell:0.09357708508106323
are:0.0031209290368991527
it:0.008321733731552717
have:0.004963598185899542
only:0.006473476884802361
ve:0.008859872325375894
area:0.01557508274106479
energy:0.044520437189254865
buy:0.014596316141960998
assembly:0.025008507380057714
after:0.01873022997732962
quality:0.03732197903470242
minor:0.021096758141882672
jody:0.05777941848942141
be:0.0028080643550362685
scratch:0.027370911568592553
writes:0.0032100116068813703
were:0.007530598531418927
things:0.010848184117185676
if:0.01626578688746139
of:0.0028316590130932815
even:0.008151259455174881
what:0.004468165548527335
but:0.0032295302050990788
levine:0.05614230477645256
ok:0.015843928109276366
gear:0.04932938318177938
order:0.013613188646274232
visible:0.023025407644159387
must:0.011249807900385907
now:0.008019001931447787
one:0.004773353921240885
in:0.004312614123652681
yes:0.01294585374031014
or:0.003273356590791676
seasons:0.028241498600902346
and:0.0018533855072368438
gets:0.016200564768897106
275:0.02790658174902394
subject:0.00012959687811659365
twice:0.021895056355610013
i:0.0037067710144736876
mx:0.032156429988605975
we:0.006542446144242572
eng.umd.edu:0.028418040562896884
the:0.00878158846589188
do:0.006973960377732976
when:0.0063479341885618245
got:0.010738610784614437
would:0.004527425466526097
can:0.004196922293386958
hits:0.02404248191407417
did:0.007980150696325074
maybe:0.012853947001661765
an:0.008717457655939191
just:0.005700915356630514
about:0.004781631943310056
head:0.06704582010593559
five:0.019276614626435033
frequently:0.02265510033954953
is:0.0039127081586019016
scary:0.028155578323720787
object:0.041067692195465653
assuming:0.019262959571208747
new:0.008368929926619159
bike:0.018312440167565742
article:0.003933654758818451
rider:0.05155826125599783
takes:0.017358737155241118
side:0.015632835332869868
high:0.027158483744092438
four:0.017029350247684337
s:0.018070959636583058
