at:0.00937196821760033
help:0.04553388766046376
former:0.04245636088028254
bikes:0.05112923191603621
my:0.010108662354577674
to:0.0014661693192455647
dod:0.0372070642733238
look:0.02522519493910543
80:0.04251767688790754
most:0.019751015574117424
she:0.035267473243600876
aclu:0.06288590180634794
motorcycle:0.049410674162289434
seat:0.10553826553052471
re:0.0039780904550869205
so:0.010870325504094894
had:0.03264698905706671
this:0.01116983911428551
regular:0.043053645231443206
used:0.021004930939753887
great:0.05364363167516334
28:0.04704856811966752
a:0.008913856122423798
was:0.01883959859790182
old:0.028169288110024723
karr:0.2958607933882923
also:0.015781884379569854
far:0.026482745448100017
l:0.035159155093120883
are:0.006839482782991761
no:0.0119760184700267
it:0.0036473981887231058
not:0.006413936261446435
couple:0.033574380794197
have:0.0054388363100814135
only:0.014186555726269005
ve:0.03883263189420073
cs.cornell.edu:0.11873235160595144
which:0.027487070904628038
found:0.028452345800606356
writes:0.007034706287420876
certainly:0.03272082209846427
short:0.036840190059800715
but:0.0070774810877703214
david:0.05311585615626583
in:0.0018902095946222392
bmw:0.04714313139006375
and:0.0020308373111212227
for:0.01038347434825768
subject:0.0002840101797023223
inches:0.05921738599473381
i:0.0020308373111212227
example:0.029908075997424517
we:0.014337701124616702
gregory:0.056843518427561364
boss:0.06115697702445672
unfortunately:0.03916907532793571
than:0.015219162576802777
the:0.0016037298084873467
thing:0.024084387607712303
got:0.023533551293942277
her:0.03517456175457157
needs:0.03563134641137603
friend:0.03694892999673198
an:0.019104215714079505
lower:0.04224449588346401
nra:0.056494690525189115
is:0.005716438870014126
et:0.04840208061485682
first:0.019973987546713205
article:0.008620562556559585
