train:0.033051434293884775
another:0.013199436490408206
thumbs:0.03678296878804397
go:0.011579953879726946
at:0.005243839359847804
stopped:0.02681882335011735
know:0.007344494795585129
all:0.0113579503648368
story:0.021399151952455977
where:0.010996766656153343
with:0.006962230676066039
4:0.01478731847725404
though:0.01479490596196833
ca:0.01224136069102572
bikes:0.028608022619686924
themselves:0.019264584620969152
to:0.0032814265716448352
dod:0.02081823834340736
then:0.009499287796284542
that:0.0020649084847290285
think:0.008569928735289018
really:0.01161545085232694
nt:0.00850093513955284
parr:0.07387516955707914
me:0.02579973048582249
re:0.002225836326060539
started:0.019519314738029196
michael:0.017885090486152912
charles:0.04900300779683137
this:0.0031248954664965414
presume:0.033386868440022456
off:0.02599354104709941
he:0.04732539308095938
resurrection:0.03214553063113521
you:0.006616654635818117
used:0.011752758978195627
went:0.019419412293071925
am:0.00972819259941289
a:0.006650019646887595
other:0.008210166594237563
altogether:0.03330122119328377
advantages:0.03265709271328239
dogs:0.06188939884975786
local:0.018192758642356855
stopping:0.03374234007515116
guard:0.06401419385555297
acs.ucalgary.ca:0.07240357484318416
annoying:0.031002210799353554
no:0.006700867477276844
tear:0.029525586190087272
d:0.010844310847482353
survival:0.03421878476368412
recognized:0.029755436405133583
it:0.006122418388213785
not:0.0035887500510474097
couple:0.018785665444372133
have:0.006086316823186343
ve:0.01086389106563949
after:0.011483414807529471
attack:0.023504152192001082
usually:0.019629468703491745
be:0.006886443537350849
writes:0.003936085660818823
of:0.0023147688757826027
even:0.00999499671289301
what:0.010957644083293227
who:0.0076967432990110015
now:0.00983282379689431
chance:0.021399151952455977
in:0.0031728518195444726
or:0.004013758676804079
weeks:0.021670029079363752
and:0.0022726036576832726
still:0.012153030251366352
for:0.0019366003744766308
subject:0.0001589104576905851
i:0.006817810973049818
rose:0.02934788998086298
we:0.008022285153059345
research:0.018376973098433197
the:0.0013459875178375945
do:0.004275701898252956
when:0.015567552890996855
would:0.011102971977433047
did:0.009785184782398603
regards:0.024579569029831327
road:0.021491978487919703
maybe:0.015761387394894785
may:0.011077532901427564
an:0.005344631777153194
cars:0.022750458649830396
trained:0.09774379553667878
human:0.01908239506688438
just:0.006990408115868368
chase:0.10627285900732868
finally:0.021645979022595862
head:0.02055273652056954
is:0.0031984836534602844
max:0.028343428794860535
match:0.02849318212602812
gave:0.0220944875776065
time:0.018803690117901353
gone:0.023390460695730732
1:0.011657880309075646
handle:0.024180695754337518
too:0.011622130165860098
every:0.014477074565103547
dog:0.1480823200019479
article:0.004823410001884529
titan:0.03742709726804535
by:0.0058954492548640835
mike:0.019020309696176806
s:0.0036930731003334424
