tip:0.06744243179868004
some:0.013576010175969233
out:0.013699733710237905
all:0.0110938119842592
delete:0.062261209683591785
technician:0.0685099614411582
saw:0.039504425385295985
where:0.021482055793415833
tony:0.053752843923752416
your:0.029300749353052616
to:0.0016025571628963148
dod:0.0406681865313074
declared:0.06350085776566454
hole:0.05426686825520004
motorcycle:0.054007015944827985
re:0.004348145381141518
anyone:0.019452497088853386
98:0.0650535483775776
student:0.046779272932193854
these:0.01926320898952259
you:0.006462778946613045
glass:0.06350085776566454
holes:0.055735399945017396
came:0.0351014736334645
a:0.004871526020394402
giant:0.06609555022280653
minutes:0.04633915404694853
stolen:0.05707705196965514
files:0.03848036703008941
are:0.007475713739549134
log:0.06409729142133375
18:0.04496220340957092
not:0.007010581495069359
zero:0.05387923546139083
deleted:0.04085324996509694
real:0.029739463418584272
integer:0.07045245079770665
writes:0.007689097569971655
if:0.007792446741434991
end:0.031444574448552434
of:0.004521874082924155
dr:0.045567960524494196
please:0.044544543183843134
they:0.01084790261055516
in:0.006198129135854319
become:0.03851421831157149
5:0.03021945217346143
speed:0.0390519205451835
world:0.029316868473635776
speedy:0.13747150627434201
and:0.0022197524098301735
subject:0.0003104297313025383
i:0.00665925722949052
will:0.02635593825356475
the:0.0017529139767187279
users:0.04591508800297886
engr.latech.edu:0.06828847080196408
hits:0.057590131096503246
just:0.013655680970533558
note:0.03443824533579648
jones:0.05767788930156583
is:0.009372300938046415
right:0.02255666969523604
unless:0.035791411927215015
light:0.0406071475093755
article:0.009422475352518616
full:0.035926307952595965
earth:0.04093645537899708
by:0.011516691567641466
black:0.041041306467952766
god:0.06170181934360988
