likes:0.07099628873718782
at:0.005912516862110275
block:0.029448183135324373
say:0.012735201169580828
there:0.0061595905072291774
story:0.024127902872567813
watch:0.025799757319290937
ever:0.017741087629730607
hand:0.021189526546662237
whom:0.028243696639944853
wonder:0.024767568508838447
with:0.0078500319032154
beautiful:0.034453491283279854
hell:0.022908596808603326
feet:0.02947692583191498
to:0.002774897637766773
bikers:0.040663830661763566
everywhere:0.03339306008097617
us:0.027649347465570417
hall:0.09222302443522444
that:0.004656437925294991
like:0.007816369553749484
nt:0.004792473501492876
me:0.014544814502074425
re:0.002509667803880339
so:0.013715578488388188
anyone:0.01122761576940531
mean:0.017741087629730607
empty:0.03415778665378972
on:0.006805487587104563
you:0.011190583679370238
bars:0.03745248674818603
why:0.011944446846671184
burn:0.03270662485198008
a:0.0028117532735162315
beer:0.03578685165103478
want:0.012701999783303232
was:0.017828076525531252
as:0.010739787385463334
said:0.014708086098412296
also:0.009956356588453466
town:0.0896784296517691
display:0.024739069912318643
are:0.004314841487256547
no:0.007555340511292012
yeah:0.026538405665692297
deep:0.03053554079058081
not:0.0040463758964829856
signs:0.033710193536348965
couple:0.021181152984258513
money:0.020806844072007582
left:0.019626880426178266
allowed:0.025717001530985713
open:0.022180943481566195
shows:0.02593432642697927
crowd:0.03593600022005969
party:0.028487774788742672
noticed:0.027222839068149835
writes:0.004438002624278942
down:0.015868225348678912
were:0.02082286305331945
if:0.004497653823915498
cops:0.032660178926848714
of:0.002609940745848841
drink:0.033656286343749876
negative:0.03313976928914499
least:0.03231761587525479
lynn:0.20039930844339401
street:0.08029587544265648
they:0.02504482213443607
bodies:0.03204158523691813
one:0.0065994020656082045
in:0.00476992488307357
yes:0.017898294432912007
or:0.009051160506081683
rape:0.03433364150207176
and:0.002562398754971744
still:0.013702745518319109
for:0.002183549415517275
subject:0.00017917420732898185
i:0.001281199377485872
we:0.03618104444869718
20:0.021106257371849797
the:0.0055646195368319355
can:0.005802456325085324
thinks:0.030401975996505005
did:0.01103296002310715
e:0.04175690867186345
is:0.0018031719925547913
bucks:0.03608853881789563
right:0.013019285864364426
2:0.013076574175136971
their:0.01015895046027996
1:0.013144455650501399
filled:0.03349711502417057
thousand:0.03128400571965737
god:0.017806565313927682
main:0.024955818869978712
