wheelies:0.3745595500506859
with:0.03655171104934671
to:0.008613744750567693
motorcycle:0.29028771070345044
on:0.03168805157745562
a:0.017456301573079938
82:0.32552321339321233
terry:0.33826772522985743
it:0.021428464358748248
and:0.011931169202837183
subject:0.0016685598057511436
possible:0.16106072643528638
do:0.04489486993165604
is:0.016792039180666494
mike:0.19971325180985647
