b.c:0.09696247852976472
there:0.01529631642628579
all:0.015901130510771518
post:0.043042963407186344
my:0.01583690435550502
to:0.009187994400605538
bruce:0.07677764066151807
been:0.024454006453690655
think:0.023995800458809252
posts:0.0670502912028112
wan:0.09122754250090019
on:0.016900294174642998
used:0.03290772513894776
etc:0.07741079958194118
m:0.02281357853526787
a:0.01396504125846395
how:0.021922716620485404
learn:0.06350023634537053
have:0.008520843552460881
buy:0.1002280375081322
environment:0.06996089174796326
of:0.003240676426095644
lately:0.087635548730841
clarke:0.09726278695480936
together:0.059316104024170514
good:0.027000164189324986
one:0.016388515129593707
subject:0.0004449492815336383
i:0.009544935362269746
the:0.0012562550166484215
na:0.0726383911505063
put:0.04145765499244632
about:0.016416936338697858
is:0.004477877114844399
new:0.02873332608139245
time:0.026325166165061892
lot:0.041309223137756514
first:0.06258516097970138
bike:0.25149084496790286
faq:0.06470158438162932
e-mail:0.04582826294420444
going:0.03629692806749471
buying:0.06685363208729193
