at:0.018164227060916104
keeps:0.04921851752887424
wave:0.10150761807614243
coffee:0.058762532743603095
means:0.029222631138543842
where:0.019045946373543936
your:0.01298899198125013
bikes:0.09909583093004956
to:0.007104119381911499
bikers:0.062462997614461564
really:0.020117481888566244
me:0.011171017323758192
attention:0.04375957158270782
re:0.011565170189015584
this:0.005412190086303288
getting:0.02796084095076996
carefully:0.04793962424361673
on:0.01045379021111938
you:0.028649432443748547
cage:0.054747432055337907
more:0.02621482527465414
a:0.004319084925298129
how:0.013560443270403344
other:0.0426590099329457
ride:0.04353298491550395
those:0.019133151075129487
likely:0.03408668871061575
hey:0.03973339160444504
it:0.014138368236699875
should:0.016936207651891542
have:0.005270624877810854
be:0.005963518114819292
if:0.006908767214055766
of:0.004009084238468838
reasons:0.037489943049444384
sense:0.033879608725391655
good:0.05010339746472678
one:0.010137225853356932
in:0.005495248512200737
thoughts:0.04426829193428673
habit:0.05926552412679311
watching:0.08782688853070791
and:0.0019680279097463393
for:0.006708223977568536
subject:0.00027522635971152884
each:0.026247519560418715
than:0.014748466827004755
the:0.003108259835006404
see:0.018241090323826557
when:0.013481179823131299
road:0.07444644094784557
just:0.024214197184863628
makes:0.028793586414968805
norman:0.05753010851010018
is:0.00553964179156008
morning:0.04422825585154037
2:0.02008669641335473
1:0.020190967957986687
nice:0.03257463357479132
meet:0.04422825585154037
going:0.022451708082986417
s:0.006396250318103282
