85:0.08131636852351905
much:0.028642571632130024
125:0.0931838904780551
both:0.03681482102144652
to:0.00451868577078961
t:0.04223398450820397
motorcycle:0.07614103887303618
140:0.09424189902129397
re:0.006130172176691321
foundation:0.08156665495189262
3:0.03838468761701016
a:0.002289351025977697
riders:0.19133663007503482
course:0.1203025475360665
ride:0.06922458257055546
are:0.01053953084592173
wow:0.08491248046572077
learned:0.07442287695839275
it:0.005620580815409376
courses:0.09690614376715914
only:0.021861249807693224
safety:0.06774874401878957
60:0.06674851277690193
motorcycles:0.09036667315138856
25:0.06028987784081333
which:0.02117856282815603
were:0.025431201597906544
georgia:0.07878930819848202
years:0.036553695458694975
must:0.03799115454884422
they:0.01529376433619252
cheaper:0.07228489178634087
now:0.027080563899643348
in:0.005825563996540672
and:0.003129487004022868
for:0.01600076374977413
subject:0.0004376550310166934
half:0.06199415546873797
each:0.04173785897312484
i:0.003129487004022868
experienced:0.08371970416600881
ago:0.046904356153518754
the:0.0037069820163396047
when:0.021437285948257966
riding:0.07402006940543364
about:0.01614780623478478
new:0.028262287948910607
time:0.025893606063995305
admittedly:0.09508277269977841
takes:0.058621309081633946
maryland:0.09508277269977841
s:0.010171086571410137
