thumbs:0.03656531808515613
some:0.0069085022197239885
large:0.01771617822418684
at:0.005212810724582432
form:0.02019752026320648
all:0.005645371778972137
tried:0.018330556526844205
with:0.01038155106727007
yard:0.03571856753106931
ca:0.012168926604096575
work:0.011982677301717773
my:0.011245139187340844
to:0.002446507384776623
within:0.038301185991986
territory:0.03099366992031326
day:0.01504913038912942
been:0.00868189578237538
that:0.006158070273984796
really:0.023093440747821607
nt:0.008450633748194538
its:0.01223564826055722
parr:0.07343803837626801
me:0.012823534679343725
re:0.002212665696912252
charles:0.04871304917081462
this:0.0062128099215552545
presume:0.03318931300546611
off:0.012919866555954736
he:0.01881814446769509
game:0.03517170541905902
on:0.006000104440701656
you:0.006577502833239312
apparently:0.022418112758885576
m:0.008099495337964923
sure:0.01291150307786511
a:0.007437004220483761
was:0.01047882998936551
advantages:0.03246385547829255
dogs:0.030761594694554206
acs.ucalgary.ca:0.03598757566170101
success:0.026519575365749157
no:0.006661217373861005
tear:0.02935087857949504
effectiveness:0.034977957217731996
it:0.01014365176745479
not:0.0035675148436447625
have:0.012100606228346814
probably:0.014125584112598866
ve:0.010799607686552866
terrible:0.02996436041070712
attack:0.023365074368379778
punishment:0.02806647322305819
struck:0.03224053992809819
his:0.010913781310681991
heard:0.015991996209585056
which:0.007644333328506022
writes:0.003912795213121671
kill:0.021861728441440152
depends:0.025477906127233708
of:0.0023010720185294513
even:0.009935854720509027
what:0.005446402976311427
but:0.003936587113907753
particular:0.020065393183927853
separate:0.02498638779173895
together:0.021058971842900773
they:0.005520234464542862
one:0.011636815476634586
in:0.004205436731230544
or:0.003990008625462043
weeks:0.021541804055225502
and:0.00225915629876207
few:0.013524423082285719
for:0.0038502824013263194
subject:0.0001579701591243686
i:0.00451831259752414
taught:0.028634047908731208
we:0.007974816010141834
elements:0.029002709940306085
stupid:0.022850214149506227
actually:0.014463397201781565
angry:0.03155172127813126
the:0.0031220538875286223
can:0.005115775103181736
regards:0.024434127792968423
maybe:0.015668124747587716
neighbor:0.02996436041070712
may:0.011011985369466454
last:0.012900370130529573
trained:0.03238847662753853
human:0.018969481486606956
head:0.020431122695004043
unknown:0.027923884160460204
is:0.0015897788573412065
threads:0.03354268125813843
max:0.028175716198441243
match:0.02832458341522322
new:0.010201180857299093
time:0.009346212839666945
handle:0.024037614714371023
dog:0.14720609325637427
norm:0.03533668279061031
article:0.004794869114299414
very:0.010315044330079568
charlie:0.03246385547829255
before:0.025162062333995792
playing:0.023700413937012384
cbnewsj.cb.att.com:0.06637862601093222
apply:0.023666011748459604
psychological:0.03246385547829255
s:0.01101366179034352
