another:0.012528278702760333
manager:0.022185866327195467
at:0.004977203460194525
louis:0.02662825812202237
say:0.010720593074957872
there:0.005185192008910437
percentage:0.02545515436621308
damn:0.02430416303594693
tried:0.01750205679681735
where:0.010437609029569275
suggested:0.02481390931613182
your:0.00711826114226702
with:0.003304109473387273
way:0.009787417059584991
miss:0.02726452297009101
vehicle:0.024862614079091745
such:0.010864503974394342
service:0.02057961146032962
apartment:0.03350891184798241
to:0.0031145743730866234
near:0.02036596484452839
she:0.01872961855874849
that:0.013719391966335242
like:0.006579881714738267
nt:0.012103026300380314
me:0.012243939891576777
re:0.002112658207786274
so:0.00577294122816339
consultant:0.03247884655536119
brad:0.05401700982479171
this:0.005932004953349368
off:0.012335917785064127
something:0.01124667410826849
two:0.010535533517815318
certain:0.018623248541019825
on:0.0028644566397699996
used:0.011155161064050088
serious:0.020321997949375538
glass:0.030853524112130798
state:0.03003065973944199
bugs:0.02865771626019982
why:0.010054929831378567
a:0.0023669561455023644
vision:0.0269374383462554
was:0.015007815832226875
pulling:0.030444932803771328
driver:0.08315899657596365
ice:0.02643115496382779
complex:0.02540108967120658
place:0.015363997837945908
it:0.003874072652429062
not:0.003406271234892457
probably:0.026974279265866763
systems:0.033903018308278084
laugh:0.02865771626019982
only:0.0075341030410694156
ve:0.010311489825013754
barely:0.0323854606686312
mo:0.031527799578981455
be:0.006536285391383857
found:0.015110285340435013
were:0.008764425409448018
of:0.002197068763454674
liability:0.032768639179019676
seen:0.014646694297301428
oh:0.018246984091194764
seems:0.026626972761368113
well:0.009507728305951101
court:0.02258000919470796
windows:0.015520944527816393
must:0.013092996765420889
they:0.021082929367406637
who:0.007305383470247731
good:0.009152598030279657
clear:0.018631360125348096
over:0.01133299860180428
one:0.005555428857489392
in:0.002007680247395373
st:0.021676538095589268
or:0.003809669252559804
and:0.003235571309243982
damned:0.03286863678975075
for:0.005514387506984305
subject:0.00015083026492665705
half:0.021365217421429467
i:0.003235571309243982
stupid:0.02181743610885058
driving:0.047311961488148924
pretty:0.01626000032157981
the:0.005536039056416774
do:0.004058293327155348
enormous:0.03297043625586758
thing:0.025581157459039057
would:0.0052692070401377175
her:0.03736055146813252
home:0.01655007373932965
put:0.014053442370320787
friend:0.01962259559148478
an:0.0050728708393318455
cars:0.02159365566763563
snow:0.030853524112130798
people:0.017008736046023924
claimed:0.024044360136275613
is:0.003035848891419931
night:0.018914321167141382
assuming:0.02241903769304521
else:0.014274306357842128
window:0.019700523965113795
their:0.008551884850744146
sticker:0.03350891184798241
first:0.010607654403339216
nothing:0.014434214697745248
before:0.012012396989958443
live:0.017495413977105415
fault:0.025011299436817024
by:0.011191361297369109
says:0.014469077652133153
parking:0.030996562575318878
s:0.010515869167051158
