obvious:0.03846648313902012
read:0.04534006123795844
go:0.019454322517941273
ask:0.029145625843563675
say:0.018975449742675433
there:0.009177789855771475
your:0.02519864444362525
with:0.005848273767895473
vehicle:0.044006826919992394
several:0.028184513720673966
my:0.009502142613303012
to:0.0055127966403633235
officers:0.09599350571203573
that:0.0069380925086895365
r:0.0310021976672913
like:0.023292781270173465
nt:0.01428157103444877
so:0.0102181059738492
had:0.030688169713642705
this:0.01049964876742838
mean:0.026434220568298607
etc:0.023223239874582354
a:0.006982520629231975
wondering:0.03598933501857297
nor:0.03454538996975403
j:0.030541286595288628
was:0.017709222682027712
local:0.030563834519159522
stuff:0.02923416552673622
answered:0.048594937808126966
those:0.018559156542875602
police:0.03675583911632692
not:0.006029100085759649
have:0.005112506131476529
real:0.025575938539982475
motorcycles:0.05512367062234702
bother:0.04585605030493252
writing:0.04002458745147634
be:0.005784612571374713
found:0.026745205052569974
get:0.013143739752911223
were:0.015513032974722991
things:0.022347259281402496
if:0.013403008395268185
cops:0.04866366660100458
please:0.01915415356905255
who:0.012930528742338483
code:0.032405125103316966
in:0.005330391056834714
brother:0.04633614249679612
or:0.006743114577030853
and:0.0038179741449078986
subject:0.000266969568920183
station:0.04135990137772157
i:0.007635948289815797
face:0.0717854318189112
flesh:0.057159660174759416
any:0.020465745325776146
the:0.000753753009989053
do:0.0215495375671949
would:0.01865299292208752
law:0.03006841125243966
friend:0.03473199419692806
places:0.03814821882290335
just:0.01174388563465886
whos:0.0789719025346572
cop:0.10897302495697188
questions:0.06048352674491023
live:0.03096688273947659
father:0.04329671656356051
