at:0.01206801386923878
thanks:0.02730666636871456
insurance:0.06082771261162676
bikes:0.06583764109736169
yamaha:0.22546814695197703
been:0.020099183386595058
its:0.02832636378129
so:0.01399740544362904
this:0.007191540251663273
two:0.025545060721278236
am:0.06716450780964515
market:0.053573359110589344
vs:0.046802903357032084
shadow:0.0735036107951072
m:0.018750886467343453
more:0.01741669898384556
a:0.0038260387009490275
drive:0.03868224313432861
advance:0.04333563310515958
are:0.008807005227414047
keith:0.05397900094684475
towards:0.057120234730815615
chain:0.07134755362043009
without:0.030783705271267052
costly:0.0826909303116536
looking:0.03553267596447457
years:0.030544868807950595
in:0.009735874076410437
or:0.009237143256206648
and:0.005230101568366984
few:0.03130996576583954
for:0.017827334954086244
seriously:0.053108954293114255
subject:0.000365711738246826
i:0.01307525392091746
power:0.03701171616671975
any:0.014017633784778182
leaning:0.0826909303116536
than:0.019597277838622754
the:0.0051626918492400885
thought:0.03677515623550291
is:0.007360893887415449
new:0.023616432395665025
bike:0.051676201020801955
shaft:0.07381853570229485
opinions:0.07823589467178198
honda:0.19805013212362013
range:0.05478843815739278
main:0.050937219337353803
