rd.hydro.on.ca:0.06164463079442764
case:0.02423148144418388
stand:0.07721055989149926
to:0.0027023512942957466
dod:0.034288863153847424
covers:0.05271757141045538
w:0.030336675049307392
that:0.003401025739553694
like:0.011418030034398757
toronto:0.03938333622686845
me:0.010623418435338674
clarify:0.054710005151761935
re:0.0036660833605702994
so:0.020035501909508237
this:0.005146886650700186
something:0.019516287423171793
on:0.014912024271743821
you:0.010898019400171016
went:0.031984914365059645
influence:0.05032911961969312
a:0.0054764867680250785
was:0.026042974532393695
ride:0.04139901506670473
ontario:0.04656225687955167
it:0.010083983227646235
not:0.005910882437019264
won:0.0423690145554783
ve:0.017893467637523867
girl:0.05175247265738429
second:0.026957801731884966
jody:0.11669176675314522
be:0.005671188795465405
writes:0.012965929235638477
if:0.0065701021545432284
what:0.018047884372482965
levine:0.11338543905832577
ok:0.06399704295119474
court:0.039182957131993226
in:0.005225873585132073
speedy:0.11590734842738641
and:0.0037431119067724496
for:0.012758778937728392
275:0.05636035137547972
subject:0.0002617348714903755
i:0.005614667860158675
driving:0.12315025269709352
when:0.012820337674938587
engr.latech.edu:0.11515310762684139
got:0.02168778256500563
can:0.008476137180761895
her:0.032415772597350276
thought:0.026319474560703063
here:0.052952967812452824
about:0.009657021375704624
changed:0.03705210974346495
hold:0.034017456989647255
does:0.023891937536029906
under:0.023797288501035678
bike:0.03698394778939748
article:0.01588888000620786
little:0.02299351668527906
pot:0.05918076385049719
claiming:0.045215605741827904
by:0.009710151713893785
while:0.04255573540938279
everything:0.030290808665914246
s:0.006082708635843316
