know:0.03629044487230299
fields:0.4331141002403243
to:0.00405352694144362
dod:0.10286658946154226
motorcycle:0.13660598150750608
really:0.057393992446791935
nt:0.021002310344777602
anything:0.068271798538806
this:0.015440659952100559
am:0.048068716373569575
a:0.004107365076018809
as:0.023532769418147602
question:0.12841094607924144
d:0.05358365359932457
it:0.010083983227646235
probably:0.07021246220674142
what:0.027071826558724445
but:0.019567153595600302
david:0.07342485998072042
subject:0.0007852046144711264
i:0.01122933572031735
stupid:0.11357900562548684
the:0.002216920617614862
do:0.02112699761489696
scene:0.162128443006903
jonathan:0.14060309910276667
about:0.02897106412711387
is:0.015804272170039053
new:0.050705869555398436
