likes:0.026985834239390265
believe:0.011085060613930307
large:0.01527568428514069
at:0.004494719451298117
ultimate:0.02687953787764107
there:0.004682545844781364
ba:0.05866077388060134
british:0.022747986427203794
bnr.ca:0.04762194561170616
rr:0.13215927699050117
know:0.006295281253358682
nick:0.0761566217152875
bs:0.028922005778700993
i.e:0.01762519896416022
own:0.01156372773238773
with:0.0029838131468854453
owned:0.07712876568042515
o:0.017862137672448375
companies:0.020288940538712937
from:0.004319246196072324
clause:0.030798152616075065
sell:0.01775547091316616
easter:0.029774322537186537
name:0.028186045977859703
to:0.0028126513471241443
dod:0.017844204294349165
ye:0.028400174915841722
legal:0.019282220376701145
make:0.008980002466069916
that:0.007079686233356669
motors:0.03152825896118054
think:0.014691306403352603
86:0.02439033351782687
cds:0.03046887444700582
nt:0.0036432579169512164
anything:0.011843067093466345
civilization:0.029774322537186537
re:0.0019078597080518904
lotus:0.06279817294292955
uk:0.02204918104417748
this:0.002678481828425607
apr:0.01901636876039795
firm:0.02667336676367231
on:0.005173559441217244
ownership:0.027149550129959146
united:0.02000776521876131
why:0.009080217245683706
a:0.006412518945213039
quick:0.020710587858118856
as:0.004082215103148053
definitely:0.02171352930673869
concise:0.03036367400209391
a.m:0.033218856593601166
it:0.01399409917306008
not:0.006152142944652703
have:0.00521684299130258
fundamental:0.024935068086325368
only:0.006803756317700441
buck:0.02869179947624962
decided:0.019038944199073236
minor:0.022173123353203216
regardless:0.02308663473814702
ford:0.04878066703565374
be:0.00590266588915787
outright:0.029503354040686804
writes:0.010121363127819832
end:0.013797109196813822
of:0.003968175215627319
but:0.0033943021543388274
gmt:0.021618869062372627
must:0.011823777691221924
they:0.009519588005181058
who:0.00659720854200943
in:0.003626116365193683
government:0.027465458557309155
bmw:0.022609460972785676
u.s:0.01799868571938111
yes:0.013606356482162697
or:0.003440364580117782
and:0.002921918988449922
for:0.0016599431781228263
subject:0.00013620896373478723
until:0.014597784313084918
i:0.002921918988449922
we:0.006876244416908009
seperate:0.028844110512727585
tue:0.029503354040686804
20:0.03209012600413898
unfortunately:0.018785168779724266
the:0.00423024648463244
do:0.007329774682719353
thing:0.011550675689413042
gods:0.024723919024269986
would:0.00951683312351404
can:0.004411050981825068
jonathan:0.04878066703565374
kingdom:0.02530764530578909
e:0.03174377240871252
company:0.05152236795354107
oxford:0.028922005778700993
general:0.015043012056569138
is:0.004112336125877508
npet:0.06539911426567231
1993:0.01545742756637825
sold:0.020951674005315512
too:0.009961825856451513
dave:0.01788915648660506
article:0.012403054290560218
owns:0.08653233153818275
honda:0.02458785653915692
by:0.010106484436909858
pettefar:0.06573370429447833
happy:0.019378036165739902
s:0.012661964915428944
biker:0.027799241060452007
