seemed:0.022205699454387866
cable:0.06817338100088288
all:0.01004281926996096
anyway:0.03208961917520562
liquid:0.031322526865317925
with:0.006156077650416288
much:0.018391545995367697
4:0.013075102653571995
into:0.009425283699907297
from:0.004455643444369345
feet:0.023116115520817538
trick:0.0261468583122099
my:0.005001127691212112
store:0.023490542363055648
to:0.0036268398949758705
dod:0.018407705482591772
cobra:0.03390475274136251
w:0.016286004500154494
lock:0.05321693326041039
zx-11:0.03154185684637355
randy:0.13196807013733503
ii:0.01932315686900062
that:0.005477441454228581
think:0.007577621197518712
motorcycle:0.024445280901343194
like:0.01838903784487379
nt:0.0037583081669602027
its:0.010883287137021948
me:0.011406196635837312
re:0.003936215818717585
larger:0.06719765911769658
so:0.005377950512552211
charles:0.021664487657546503
had:0.008075834135169132
supposedly:0.024416282712864404
this:0.0027630654651127316
something:0.010477164827176436
two:0.009814681224491112
standards:0.02230157019065808
used:0.010391913201772976
pilot:0.030714564301518747
locks:0.030169613359724852
8:0.015539427801967718
more:0.006691679083266978
a:0.005880017371984821
other:0.014519031450862219
uunet:0.019878906907459394
was:0.0046603217584283456
worked:0.020232441266180786
cables:0.055456730779133157
fine:0.01704819251537137
it:0.007218009047157304
couple:0.01661048312976062
have:0.005381585401554241
ve:0.009605966836986496
42:0.025612456105791884
decent:0.023713485909577448
secure:0.02249871525663124
has:0.005604076178350268
usually:0.017356582853613755
diameter:0.03201000150961827
be:0.006089065864604961
which:0.006799433329039567
writes:0.0034803283737766437
inch:0.05534876761947853
of:0.0020467430059551437
short:0.018226199292743512
piece:0.022682689019965858
key:0.016872854585455663
but:0.0035014906434232117
year:0.01302505640110343
years:0.011735660120949438
seems:0.037207690884964395
now:0.008694286304622338
one:0.010350641134480237
email:0.014441571889304951
in:0.00467578162880238
useless:0.02526144887158835
or:0.0035490076721215015
better:0.011769557217375805
and:0.0030141901144009726
for:0.005137087309138011
subject:0.00014051029943167525
until:0.01505876697560339
combination:0.02610683410491927
i:0.009042570343202917
actually:0.012864811195268866
pretty:0.015147473983787508
than:0.015058960865468011
the:0.0035704089946849878
disable:0.030714564301518747
got:0.023285829701374463
would:0.0049086823479177685
bought:0.019279388151939265
an:0.004725779676640719
long:0.02505590784324826
about:0.015552887057713762
worry:0.023138752793972227
unit:0.022579688513681136
is:0.004242199371957851
houses:0.026878431337508092
9:0.018741229766447508
easier:0.02198249323372948
does:0.00641309902282908
beleive:0.02952102051538828
goes:0.016963301031529876
nigel:0.031889004045277745
experience:0.01743275144629025
guess:0.01576924875229291
too:0.01027640983086577
article:0.004264909896403163
very:0.009174960483070775
davis:0.05213422393999241
bad:0.014424216035507283
by:0.005212818288511401
mine:0.01718546865684203
