bottom:0.03802130616821204
know:0.010456568861511032
with:0.009912328420161818
yamaha:0.046494843862978315
my:0.008052663231612724
to:0.0035038961697224516
owners:0.036590232740586856
that:0.005879739414143674
think:0.012201254470580977
smaller:0.03806137516139802
nt:0.012103026300380314
could:0.012789060638356418
quiet:0.042704062354133696
me:0.009182954918682582
anything:0.03934307034439667
so:0.008659411842245085
this:0.004449003715012025
getting:0.022984759086649882
extremely:0.037441952415590084
these:0.014039287907618157
on:0.004296684959654999
great:0.021366531260446416
a:0.0023669561455023644
other:0.011689050744338228
steve:0.027179269888427005
are:0.021793606155973748
no:0.00954021810324161
should:0.01392213679858881
have:0.004332632314810617
ve:0.03093446947504126
kind:0.023351921160703896
be:0.009804428087075785
which:0.01094824010608066
if:0.011358481690905241
of:0.0016478015725910056
what:0.007800356805056197
but:0.005637993408901782
years:0.018896401889664353
wear:0.04153777949077736
never:0.037354902217997636
sense:0.027850186833584666
lines:0.029942221392326412
well:0.01426159245892665
they:0.01581219702555498
up:0.011385257375867666
pad:0.09458339873694437
miles:0.06803652177814959
over:0.016999497902706422
system:0.018942562112224788
valve:0.1461548094991254
or:0.005714503878839706
and:0.006471142618487964
still:0.017302619340928367
for:0.0027571937534921526
subject:0.00022624539738998556
until:0.02424716716410715
i:0.009706713927731946
any:0.008671925985498367
the:0.0051101898982308675
can:0.007326830444387401
pads:0.05060931687807747
did:0.013931449520703095
needs:0.028384292903977516
put:0.02108016355548118
last:0.018475953831012693
bought:0.031043082617529326
makes:0.023669304086881136
long:0.020172129195835463
is:0.0022768866685649483
deal:0.02793487281152974
right:0.016439606727036437
2:0.01651194535674075
triple:0.05134670142883705
notice:0.034220046047496136
too:0.016546761592072006
nice:0.02677745302334541
every:0.04122285638876943
change:0.0251865178636482
bike:0.031969175207784264
little:0.019875751711003933
checked:0.0381420860216629
seem:0.023387394533014725
s:0.005257934583525579
