next:0.062287907529050585
re:0.008696290762283036
so:0.023763037148486512
apple.com:0.1278905809457523
you:0.01292555789322609
a:0.0032476840135962676
how:0.030589837144863356
88:0.11643763943185012
question:0.10153423643474904
have:0.023779098285937342
writes:0.01537819513994331
what:0.021405630302247236
thompson:0.40842672250861106
recommend:0.10204137877124027
for:0.015132505251724371
subject:0.0006208594626050766
i:0.008879009639320694
the:0.0035058279534374557
riding:0.10500521473794074
would:0.02168952665359014
apple:0.08821783598346687
paul:0.15232662749344453
is:0.01874460187609283
new:0.04009301313682667
time:0.03673278999776078
advice:0.09046179228449415
wanted:0.07081767417549076
first:0.04366406579979165
bike:0.08772936452368704
rider:0.12350002114808784
honda:0.11207488096918039
hawk:0.13529648166943914
dangerous:0.0977847844927276
