some:0.011913641582993408
large:0.03055136857028138
at:0.008989438902596235
there:0.009365091689562729
bnr.ca:0.09524389122341231
traffic:0.044643267973325525
nick:0.152313243430575
bs:0.057844011557401986
hand:0.03221672913727218
with:0.005967626293770891
c:0.02638875199417306
my:0.009696063891125522
to:0.0014063256735620722
dod:0.03568840858869833
line:0.028814323967408045
within:0.033025002207375684
t:0.131442502806145
been:0.014971840685933052
13:0.04018100565782104
86:0.04878066703565374
nt:0.007286515833902433
along:0.03565266746062484
re:0.0038157194161037807
uk:0.04409836208835496
30:0.03492964769769276
apr:0.0380327375207959
on:0.005173559441217244
united:0.04001553043752262
came:0.030803334004877007
a:0.0028500084200946837
other:0.028149142608814504
concise:0.06072734800418782
no:0.011487201389617447
not:0.012304285889305405
have:0.01043368598260516
only:0.013607512635400882
left:0.02984086921939348
of:0.0019840876078136595
totally:0.04203587041396584
even:0.017134280079245157
gmt:0.043237738124745254
english:0.04508316719428194
must:0.023647555382443848
find:0.021596395282381532
direction:0.04508316719428194
one:0.010033784773220637
in:0.0018130581825968415
fully:0.042833199029365256
bmw:0.04521892194557135
and:0.0038958919845998963
subject:0.00027241792746957445
each:0.02597968772816954
i:0.0019479459922999481
tue:0.05900670808137361
driving:0.04272559787450183
yet:0.026837436149858812
currently:0.036723811243441803
the:0.0038456786223931274
around:0.09662018094504635
got:0.022572998179903814
lane:0.1683457647143066
kingdom:0.05061529061157818
mph:0.11170719489906146
oxford:0.057844011557401986
is:0.0027415574172516724
right:0.03958925701612856
npet:0.13079822853134462
experience:0.03379819157954232
1993:0.0309148551327565
going:0.04444521804183025
pettefar:0.13146740858895667
biker:0.055598482120904014
