incredible:0.062389224285085865
hmmm:0.05581913572269529
there:0.010312123433451094
know:0.013863765456834851
missing:0.04851289284707021
miss:0.0542227029854619
post:0.029017728139676183
to:0.001548538382124529
dod:0.03929734878306109
technique:0.1130542931943509
that:0.0038978047801626605
nt:0.01604670902747053
re:0.008403157365801585
lightning:0.06914854998210221
michael:0.033760620243524594
had:0.017240544782945337
you:0.012489864930533076
bill:0.10434316434915901
sure:0.024517348541114644
ama:0.0566188691886267
was:0.009949001506757142
as:0.008990046744011443
82:0.11704205425373926
others:0.030295822731105572
are:0.007223723388777814
those:0.020852984879635505
not:0.006774269759280504
cs.umd.edu:0.12881407951343193
courses:0.06641881763816525
poor:0.044398384165115296
be:0.00649956468693788
writes:0.007429914505815307
what:0.020684092202171486
hulk:0.07536636164709981
never:0.024763362144515286
eh:0.05599199997931866
well:0.018908628203970167
please:0.021521520864103985
they:0.01048224297199712
mjs:0.2091746373975724
star:0.05158232555589217
rather:0.028915546661942283
and:0.004289858589784155
subject:0.0002999658077754865
76:0.059912819056226765
i:0.004289858589784155
sick:0.050463396281404116
yet:0.029551334187484984
the:0.0025407404831091674
do:0.024212963558645953
mr:0.07588664445580705
thought:0.030163892193165308
68:0.06108293432872786
just:0.013195377117594224
here:0.020229223658689843
many:0.020822483455933634
is:0.0030187935605692573
ignorance:0.0542227029854619
convertible:0.06914854998210221
white:0.038190664559781935
guess:0.03366468834759161
successful:0.05385667859855613
69:0.06178983124345336
leave:0.03969867555387097
little:0.02635212024605016
honda:0.05414853799634558
teach:0.055234232779368855
mike:0.07180701188668996
seem:0.03100800623478357
elsewhere:0.053226459872139906
