another:0.010362174441068125
mirror:0.025127066747039482
comfort:0.056008904680476396
go:0.009090804914925827
at:0.004116658936702948
inner:0.05202275031313063
where:0.017265951385362258
harley:0.028312667143003605
your:0.029437668742552863
missing:0.020175922726117984
from:0.007911890228319398
mirrors:0.052695399842337065
my:0.00444025355761823
to:0.0019320548973235947
dod:0.016343289914450637
look:0.011080225814373413
80:0.018675988913379946
most:0.008675679738163728
helmets:0.08775114201960173
impact:0.04479667659132239
that:0.0032420993031259514
nt:0.0033368156622543854
seat:0.023178964859507763
re:0.0017473855270007967
so:0.004774815875630467
this:0.00490637792870485
93:0.01710754904581496
age:0.019265367410811314
he:0.0074305290071039025
apr:0.0174168611076542
two:0.008713969311464072
on:0.007107600353821821
you:0.007791574617879278
fall:0.01822570573548753
bars:0.026076731427475314
chemistry:0.02502085996630324
suggest:0.017156073855654756
holes:0.022398338295661194
helmet:0.14829598628749044
sharp:0.025127066747039482
a:0.0032628601071177455
hard:0.012636604684932285
other:0.0064453644291210775
want:0.00884391573697281
ama:0.023547099802746618
as:0.0037388512159673756
following:0.012791188191774586
said:0.01024067676945529
objects:0.021914994430015204
cb:0.05684018959651841
ride:0.019732240826186367
video:0.016335099032079543
outer:0.05357221063876375
lose:0.03929668909520829
worst:0.020138836045764077
shell:0.04503943814649305
boom:0.027185741643859267
are:0.003004258792529091
caused:0.018608944761940034
effectiveness:0.055245558596230905
place:0.012707605688394512
18:0.0180689228655285
it:0.0064085127054200365
not:0.002817336488672733
have:0.004778043113529465
hurt:0.021076549575961043
19:0.019144379495237753
has:0.004975581653675472
layer:0.027443030322284626
his:0.008618827296753536
tested:0.02213623798420772
univ:0.021703754071286014
be:0.0027030899866236973
kid:0.023663443501913566
phenomenon:0.02594692038024599
down:0.011048437275482046
dept:0.01917433406701775
if:0.009394632052758074
of:0.004543004335648099
produced:0.02145246249754394
even:0.007846539475542175
ryan:0.04154147384115214
discusses:0.028004452340238198
dr:0.018312357967787386
years:0.010419511322338286
significantly:0.022837725910840056
gmt:0.019800459515070257
properties:0.02523574367304073
up:0.006277852197908339
good:0.0075701394923341075
over:0.009373554918314755
damaged:0.052978627407713974
in:0.0024908369424461283
replace:0.020543752480629545
or:0.00630197624021575
habit:0.026863345048125847
and:0.005352300203141914
for:0.0030406435786175137
seriously:0.01811660590372589
subject:0.0001247521350094313
i:0.004460250169284928
stupid:0.018045262576011925
the:0.004931094457872309
do:0.0033566257892826946
harvard:0.026278470548340774
when:0.00611062823758755
can:0.01212008400613617
major:0.015310411087466317
because:0.008246365882684644
compression:0.04548006224392951
put:0.011623641586667191
long:0.011122949743498058
many:0.008659817885878942
relatively:0.020834604391270765
jerry:0.045609867030477806
is:0.0075328773894578665
detail:0.022489077014619614
time:0.007380887709830437
estimated:0.026076731427475314
type:0.015142581823979888
study:0.01731482873100373
their:0.007073287937297728
advice:0.01817690218800583
under:0.011342632836942238
leave:0.01651019684249774
very:0.0081459929522591
condition:0.01774810789011692
bad:0.012806546947413008
before:0.009935487230012356
by:0.004628203153351243
parking:0.025637343812296452
s:0.005798469914542227
