wheelies:0.15770928423186775
with:0.015390194126040719
wheel:0.12788141528454464
to:0.007253679789951741
dod:0.09203852741295886
front:0.09255134024647194
motorcycle:0.12222640450671597
re:0.009840539546793961
michael:0.15814185271966785
this:0.013815327325563656
on:0.040027012518891306
nelson:0.5590000957229239
a:0.007350021714981026
internet:0.075171945871437
it:0.00902251130894663
writes:0.017401641868883218
in:0.00467578162880238
use:0.04375735599335126
and:0.005023650190668287
subject:0.0007025514971583761
possible:0.06781504270959426
the:0.005950681657808312
do:0.01890310312911833
is:0.007070332286596418
right:0.05104930509974472
accomplish:0.1464851127238152
1993:0.07972778428974045
article:0.021324549482015814
