out:0.010245018252873564
there:0.00798068683110563
il:0.04471843510198797
technology:0.029284066833190806
with:0.00508545545034389
into:0.0311444157040415
followed:0.038651632182637216
from:0.007361497864610223
feet:0.03819184303439419
my:0.016525465414440024
to:0.003595302156758689
dod:0.030412730797325538
venture:0.05249076445870186
then:0.01387722043283307
plugs:0.050589119232920726
that:0.006033123920599597
quite:0.023097385931386098
like:0.010127296204423245
could:0.013122688307183107
12:0.06179799707151367
re:0.003251656545897135
so:0.008885309542477566
off:0.018986586503968266
big:0.02413722220754398
on:0.00881754478677026
you:0.00966606938102125
pump:0.05123353638208352
8:0.02567383723803362
a:0.001214351413779474
as:0.006957514436669725
target:0.041680386045839096
incorporated:0.050589119232920726
volts:0.1592721074148956
question:0.018982487681279168
considerably:0.04770775283331688
it:0.011925406251825112
should:0.014285322975943301
charge:0.03579350134725074
lamp:0.10459928706142502
after:0.016775771197086533
be:0.015090293664455773
noticed:0.03527133061873326
14:0.03246828538918842
writes:0.005750107747978803
battery:0.12295308750255546
spend:0.03565301925836131
of:0.0016907877005716404
trying:0.023446332374507793
but:0.005785071497829654
supply:0.03511274290090908
well:0.014633634001333433
cheaper:0.03834242086058081
in:0.0015450408860390476
replace:0.038229243746562815
71:0.04418196928455023
or:0.01759073367921092
subject:0.0002321474512349417
table:0.03939038629112388
i:0.003319977517311216
power:0.02349439374061341
the:0.005898936599914328
putting:0.03495699571337404
around:0.020584299418727265
would:0.016219993845293497
can:0.007517965151632291
just:0.010212074464920748
jonathan:0.08313922381728811
e:0.05410242949658829
current:0.027497788902007114
15:0.029059223756353426
is:0.0023362837120927296
dc:0.038931516413036354
runs:0.03262426539515943
nothing:0.022216139143486163
wall:0.03901316632912192
words:0.028763992447890213
article:0.007046372872318269
little:0.020394249581725775
by:0.008612482389714488
says:0.022269797777631026
while:0.018872543529378456
charging:0.05268618059654584
s:0.00539509809440016
