screwed:0.05429910025991829
specifically:0.04129635358934348
with:0.011935252587541781
way:0.017677273668842277
tips:0.05800221754246286
into:0.018273509214105983
bikes:0.04904232449089187
service:0.037169298249779006
my:0.019392127782251044
to:0.0014063256735620722
dod:0.03568840858869833
that:0.0035398431166783345
need:0.01960410195405343
re:0.0038157194161037807
michael:0.06132031023823855
this:0.005356963656851214
cap:0.11836834968747924
you:0.005671418259272671
nelson:0.21675513915786843
glass:0.05572524252905256
a:0.004275012630142025
oil:0.09146547422064505
are:0.006560320220420668
internet:0.029148305541985775
manual:0.08019586524250535
it:0.01399409917306008
not:0.006152142944652703
dip:0.06115257960011198
should:0.016763389206464075
couple:0.03220399790463794
have:0.00521684299130258
christopher:0.04937912343444463
ve:0.018623813255381982
hope:0.029474097322857603
after:0.019685853955764807
without:0.022930719232678518
be:0.00590266588915787
stick:0.04312580923320879
g:0.03607144858175002
writes:0.006747575418546554
fill:0.04931086845331405
of:0.0019840876078136595
seen:0.026453723373697478
reading:0.03353389843227541
they:0.009519588005181058
one:0.010033784773220637
in:0.0054391745477905245
1990:0.043581085411666
or:0.006880729160235564
rather:0.02626003727462105
use:0.016967138038238246
for:0.006639772712491305
subject:0.00027241792746957445
i:0.005843837976899844
world.std.com:0.09379747612980707
than:0.014597972267545521
the:0.004614814346871753
when:0.01334361676371159
level:0.03592382818973213
can:0.008822101963650136
maintenance:0.05768822102545517
done:0.027027179096129575
checking:0.04958667123278262
questions:0.030858942216790933
does:0.012433559329974746
1993:0.0309148551327565
designed:0.04009793262125268
bike:0.03849349667876064
article:0.008268702860373478
answer:0.03098235757274343
built:0.03767854728647707
check:0.0675369707058712
