go:0.009630852731654095
there:0.009086920649278688
know:0.006108292701278722
beth:0.06378121802830572
tried:0.01533596065859738
storage:0.02486543978671285
specifically:0.02003486461265179
custom:0.026397232158436548
hell:0.016897925368722255
wrote:0.012750371161845847
my:0.01881612398673864
tight:0.02573618566029535
to:0.0020468304357784614
dod:0.017314178424219985
denver:0.02916760734623567
line:0.013979226479237567
most:0.009191066653302167
software:0.01393953410139236
enough:0.012040339242264338
make:0.00871326971955299
she:0.016411596459893478
that:0.008586748154318733
bowman:0.030988027049826353
like:0.0057655399183597685
86:0.02366586816581221
nt:0.007070084670519193
months:0.01681086405930604
its:0.010236755227891931
re:0.003702381215625451
boulder:0.02728894585264704
jacket:0.05833521469247134
so:0.010116936607771486
anyone:0.016563512372687043
carrying:0.045931620944992445
child:0.019630517924462347
jon:0.06162428114433168
something:0.009854758995859024
on:0.0025099446794024254
serious:0.017806899193264704
inc:0.0181238390881406
m:0.006776310456020159
more:0.00629415359317191
a:0.004839370733131072
how:0.006511698006084774
hard:0.013387294072155987
was:0.0043834709608979484
as:0.003960961189193161
chest:0.028627016791953536
wife:0.020004861520514703
also:0.007344045206334487
arms:0.02006505065160287
stuff:0.02894471834330319
nyx.cs.du.edu:0.023274439831774123
dixon:0.06519805806435199
across:0.019104772880365557
reasonable:0.0370129422782777
pocket:0.02821765186202723
works:0.014728346502726437
mnemosyne.cs.du.edu:0.029563858374322485
couple:0.015623721755715438
have:0.005061887258887652
decent:0.022304763974355026
charge:0.02037748839076156
netcom.com:0.047807453089917906
be:0.002863669589789462
writes:0.009820728579468748
if:0.003317576335462422
of:0.0038503086250641317
looking:0.01284101656141903
what:0.004556644074240748
shop:0.024056899905013352
ok:0.01615766925995511
women:0.07483792463036484
well:0.01666205851636975
ed:0.01964440431519308
must:0.011472576373660878
they:0.013855241948134806
who:0.006401251852642813
now:0.008177794048902199
in:0.006157217392383334
or:0.006676351066367181
men:0.017384151250630406
and:0.004725215525876112
for:0.006442551740833149
subject:0.00013216315293078365
i:0.0018900862103504448
back:0.02085501703037166
mention:0.018686508981568924
any:0.015197335637952582
pretty:0.014247624044156568
addition:0.019630517924462347
will:0.00561042249952121
suggestions:0.01958909094589543
the:0.0018657252722501312
do:0.007112058603034621
riding:0.022352595216492337
specific:0.018144338061734815
wright:0.05627937939763723
did:0.008138173482390917
facilities:0.02618427480653709
come:0.011887097398363407
an:0.004445040289909588
makes:0.027653246358930437
company:0.0166640001961948
jerry:0.02415968204089666
is:0.005320250037438889
handy:0.025980101744487345
assuming:0.01964440431519308
new:0.008534651311304688
does:0.01206424568651015
life:0.013813759174696584
pages:0.022257390454473093
too:0.019331860077866303
mouth:0.02392309459616226
article:0.016046195649833683
dimensions:0.02916760734623567
fit:0.060377941771758065
john:0.013274645542484384
s:0.021500267158376874
