since:0.010208273588794291
at:0.004494719451298117
out:0.01803332294510908
jumped:0.03152825896118054
dan:0.020274507598914582
stopped:0.022987562871529157
pass:0.020710587858118856
ahead:0.02204918104417748
damn:0.021948147231441867
case:0.01261026075156508
sorenson:0.031030103504221786
saw:0.017333574403752317
with:0.0029838131468854453
damage:0.022701392123309544
much:0.008914269742652711
missing:0.022028813588720657
into:0.009136754607052992
from:0.004319246196072324
loose:0.026623099945085518
feet:0.022408479331404753
wire:0.05202212524650798
iastate.edu:0.024521162245445934
rocks:0.027926798724765365
my:0.014544095836688285
to:0.003515814183905181
then:0.008142246682529608
day:0.012976035896749347
next:0.013665204202801914
she:0.016913992269890217
like:0.005942036038309556
me:0.027642568377666956
generally:0.01972831374093418
re:0.0019078597080518904
nope:0.02786262126452628
so:0.005213319374412857
had:0.01565722944573607
off:0.01114008902018546
shotgun:0.03193664012278022
on:0.005173559441217244
pulled:0.025544992324334465
went:0.016645210536918795
them:0.007478873324144085
roger:0.022519157007992816
seeing:0.02045045747682871
came:0.015401667002438503
m:0.006983748531204449
more:0.006486831764391458
passing:0.024935068086325368
a:0.004987514735165697
was:0.004517658847456049
as:0.01224664530944416
ram:0.019846209531802286
guard:0.027434654509522698
casualties:0.03253757397816993
boom:0.02968239138666267
literally:0.02667336676367231
no:0.005743600694808723
d:0.009295123583556303
gas:0.020245763630964295
it:0.00349852479326502
made:0.011865201795500007
being:0.009927571071046673
viking:0.02869179947624962
only:0.006803756317700441
attack:0.020146416164572356
be:0.002951332944578935
noticed:0.020694913373236354
writes:0.006747575418546554
down:0.012063089678332438
were:0.015829625484411212
if:0.006838269589422543
jump:0.02530764530578909
of:0.0049602190195341496
ryan:0.022678253576547344
but:0.0033943021543388274
up:0.02056316893396507
good:0.01653071276897448
over:0.010234391594486518
one:0.005016892386610319
in:0.0027195872738952622
or:0.003440364580117782
and:0.008765756965349767
few:0.011661364800542277
still:0.02083376614519946
for:0.0016599431781228263
subject:0.00013620896373478723
i:0.0077917839691997925
we:0.013752488833816018
concrete:0.027613691855498564
20:0.01604506300206949
turned:0.020035195611804068
mere:0.027094392394733553
the:0.004999382209111066
when:0.01334361676371159
riding:0.02303685833536455
around:0.012077522618130793
got:0.011286499089951907
can:0.004411050981825068
her:0.016869432678212896
road:0.03684339169357663
forget:0.019587823139869866
friend:0.03544081040502863
just:0.017975335155090092
about:0.0050255927567442425
hit:0.01826378642821127
self:0.021694456234745793
actively:0.028767386648622786
guys:0.019819774028016587
field:0.03971895765238067
2:0.009940865061711268
eating:0.025504659775828782
run:0.013657318512180584
guess:0.015286516647630883
nice:0.016121119677320193
him:0.03668135668413226
bike:0.01924674833938032
dog:0.05077108114352499
article:0.004134351430186739
rider:0.027094392394733553
side:0.016430428972302003
bad:0.013982658401767264
walls:0.027376344836953195
