correct:0.04482489644084176
thanks:0.02730666636871456
turn:0.1406086904677198
feet:0.0601652321774703
wrote:0.035281848968395355
to:0.0018879440549189463
dod:0.04791046632455393
been:0.06029755015978517
me:0.014843680553486912
re:0.005122472640796856
michael:0.08232041648421067
had:0.02101929432441281
off:0.02991037599940206
he:0.021782646678359385
you:0.015227369572841693
nelson:0.29098635119823435
a:0.007652077401898055
let:0.03157722935277842
ranck:0.18377003250936666
l:0.0452734325856625
internet:0.039130601960474055
caused:0.05455224902815297
d:0.02495677016954843
it:0.009393299444930739
couple:0.04323276431033587
have:0.014006866113634324
left:0.04006034497945975
edge:0.0645644066794241
writes:0.009058388918048799
were:0.02125073010236026
making:0.1263537201728385
if:0.018360285472970115
of:0.002663569665284091
wm:0.07414087128325642
in:0.0024339685191026093
and:0.002615050784183492
for:0.004456833738521561
subject:0.000365711738246826
the:0.0061952302190881065
would:0.025552045098750028
road:0.04946099158863712
itself:0.04606925809033397
right:0.053147221747679434
1993:0.04150213428781009
guess:0.04104325017720073
engineering:0.05296917114004245
article:0.011100450415295903
playing:0.05486808158020675
