some:0.008339549108095387
go:0.013895944655672336
at:0.006292607231817364
all:0.00681477021890208
hand:0.022551710396090524
with:0.008354676811279247
way:0.012374091568189595
exhaust:0.1647303702461518
nicholas:0.041684051552061153
spot.colorado.edu:0.07714927351472452
alexander:0.07270728873449527
my:0.006787244723787866
to:0.001968855942986901
look:0.01693691660197079
that:0.004955780363349669
quite:0.018972852729352868
hour:0.03325510426200198
nt:0.010201122167463408
re:0.0026710035912726466
so:0.0072986471241780005
had:0.010960060612015252
off:0.015596124628259645
getting:0.019372868373033474
two:0.013319924518952224
these:0.011833114093563876
on:0.003621491608852071
am:0.011673831119295468
great:0.01800893349094769
them:0.01047042265380172
m:0.00977724794368623
why:0.012712304143957189
paint:0.10457690940559554
a:0.002992508841099418
how:0.009395449980208031
same:0.01387209536091866
was:0.0063247223864384685
40:0.027317908485891416
ride:0.03016213954859916
are:0.009184448308588935
determined:0.03401211455383264
month:0.028384310638480417
it:0.004897934710571028
not:0.008613000122513783
pipes:0.12796927267742447
purchase:0.031160439136993155
deleted:0.025095567835702406
able:0.018839037329361923
degree:0.031653245361899944
usually:0.023555362444190094
be:0.004131866122410509
writes:0.009446605585965176
get:0.00938838553779373
if:0.00478678871259578
of:0.004166583976408685
what:0.006574586449975937
parts:0.026062107224402577
ok:0.023313208503649513
they:0.006663711603626741
cheaper:0.03149555999261995
over:0.014328148232281127
pleased:0.04038175471781862
one:0.007023649341254446
in:0.0038074221834533675
clean:0.031013158514116467
1500:0.04006424212802695
and:0.006817810973049818
for:0.004647840898743914
subject:0.0001906925492287021
i:0.01090849755687971
than:0.010218580587281865
the:0.004307160057080302
do:0.0051308422779035474
thing:0.01617094596517826
would:0.006661783186459829
can:0.006175471374555095
bought:0.026164883920489
an:0.012827116265167667
thought:0.019175617179940804
lower:0.028364161521754406
just:0.008388489739042042
about:0.014071659718883878
yesterday:0.031402593077533736
spent:0.031013158514116467
does:0.008703491530982323
plastic:0.03635364436724763
header:0.07511618462643516
article:0.005788092002261436
metal:0.03581990475156237
by:0.0070745391058369
black:0.050422176517770534
s:0.01772675088160052
