lpl.arizona.edu:0.058440341573457684
there:0.00946163902656853
with:0.00602914821432523
way:0.017859513603572613
insurance:0.13733267074171404
ca:0.021201531918477536
bikes:0.04954791546502478
ease:0.05926552412679311
located:0.0503842612878327
to:0.0028416477527645994
dod:0.03605633032672615
job:0.03578854180710491
might:0.021928712741014905
quite:0.027383498784633004
bay:0.04941489067290202
me:0.03351305197127458
re:0.003855056729671861
michael:0.06195247838502452
so:0.01053412986994763
he:0.03278625170144815
two:0.019224633326322797
you:0.00572988648874971
nelson:0.21898972822135163
them:0.015111950221981864
m:0.01411149187748528
a:0.004319084925298129
as:0.008248599589866169
internet:0.02944880353726398
daniel:0.0441090721154468
only:0.027495592541634774
area:0.03307697984184894
per:0.03646211459353626
agent:0.051294494351190205
erik:0.057243721251264354
be:0.005963518114819292
writes:0.0068171380517274465
of:0.004009084238468838
liability:0.059794320976149305
registering:0.062942585404512
san:0.04162850962478911
street:0.041113695673387685
they:0.009617728087708697
good:0.01670113248824226
in:0.007326998016267648
shock:0.06094097700821347
francisco:0.051454331325787785
moving:0.04372145960454982
and:0.009840139548731697
for:0.003354111988784268
subject:0.00027522635971152884
i:0.0039360558194926785
discount:0.058440341573457684
cost:0.06847438359486352
the:0.004662389752509606
can:0.008913051468430034
here:0.01856083407859171
is:0.00276982089578004
done:0.02730580980846081
somebody:0.03913121879870882
1993:0.03123356497948595
him:0.02470634333364235
bike:0.03889033685070663
article:0.008353947219758772
full:0.03185219055590983
by:0.010210674998115114
200:0.04284664996063106
check:0.03411661406791432
s:0.012792500636206563
