school:0.023461448230942615
some:0.0075324959686022845
at:0.005683645241641491
there:0.005921154745659016
know:0.007960484681666463
all:0.006155276326750266
with:0.011319239550765433
into:0.0115535735676283
someone:0.028431717608555094
yamaha:0.035396074682783496
alexander:0.03283554975106238
wrote:0.01661661273995394
weekend:0.03256328939951156
to:0.002667482245337092
w:0.019963489387286155
track:0.029353519856751876
worse:0.0251294542796154
been:0.009466067014331865
make:0.011355357957094862
that:0.004476188715283572
guy:0.02184729514160561
like:0.007513800409733375
nt:0.009213916796418562
its:0.013340803587317226
me:0.006990894712287385
re:0.0024125193727623905
practice:0.026493729709947362
description:0.02822606620248969
anyone:0.010792998384783169
off:0.01408682224487968
he:0.020517847838970777
on:0.016355123394815804
pushed:0.03294775454275185
came:0.019475656338567397
more:0.01640540678478356
a:0.0027029112113156036
hard:0.017446667113390383
jeffrey:0.03547932245591838
was:0.01142530495614691
old:0.017083310208660156
handling:0.09340297869108598
let:0.014871856404856934
guard:0.034691563121719025
injured:0.03591247924841921
straight:0.025784913725569736
race:0.02819890147644876
place:0.017544694305267262
it:0.002211970514451432
not:0.0038897419908126766
have:0.003298391052565502
due:0.021388016031603112
frame:0.06235438849580357
tom:0.0244885691837081
hope:0.01863523572670997
brakes:0.03591247924841921
has:0.006869512734751942
shows:0.024930417016902653
his:0.01189954220325972
writes:0.008532417948613707
showing:0.027703382694360085
get:0.008479832098652402
of:0.0012544553907467009
even:0.01083328675978081
what:0.005938336148365362
but:0.004292149820970388
well:0.010857212323569966
who:0.025026829823880936
up:0.01733497252067593
david:0.016106098318351574
pick:0.02593583552927751
good:0.010451676460383865
sounds:0.022985190732650568
comment:0.02535224127021137
in:0.0034389619721514287
and:0.004926418251494063
for:0.0020990249220133807
seriously:0.025012604279982843
subject:0.00017223843156140837
i:0.004926418251494063
back:0.013589398193984113
than:0.02768905707521538
the:0.0048629226450906645
uh:0.06635638757069183
when:0.016873218617338526
riding:0.02913047892729969
hello:0.024963166391301753
can:0.005577845112501377
hate:0.02597412414553438
did:0.02121175539926407
may:0.012006616306063424
last:0.01406556485199676
an:0.005792891216527334
btw:0.024205100131892483
number:0.016143644183211344
does:0.007861218157016292
2:0.012570384207067154
request:0.025163232434802143
drove:0.03405646587776256
experience:0.02136917919222676
first:0.01211325696381317
too:0.012596889470093527
him:0.030922778107913648
plates:0.038137256579333596
article:0.005227954066558716
rider:0.03426129618946953
conscious:0.03880296132923831
before:0.013717382369178351
s:0.008005629430400237
