ask:0.029440026104609773
cat:0.05115128191322731
at:0.008898636489438698
all:0.009637048794406983
tried:0.03129155609127951
ncsu.edu:0.0597098461595627
own:0.022893844803515105
with:0.0059073472402984585
eos.ncsu.edu:0.05876513850288772
custom:0.0538610191515574
c:0.02612219894372687
o:0.07072684815757337
1980:0.05431507357440858
my:0.038392495407284906
to:0.004176361091184336
dod:0.03532791961305492
w:0.06251193646523948
quite:0.026830296788983854
nt:0.007212914663863016
me:0.010945340206106513
re:0.0037771767957390967
this:0.010605705825685234
he:0.01606195159111349
carefully:0.04697114698616993
on:0.010242602530086665
am:0.016508448047488543
reader:0.05203790424537263
a:0.001410610228127672
how:0.013286494921506306
was:0.008944051859609956
jack:0.04317935251272663
straight:0.04037031946932636
hey:0.03893069682455727
it:0.0034631861589896162
purchase:0.04406526746645497
being:0.019654585150759074
probably:0.024113370858880896
be:0.005843043001388599
writes:0.0066794180910864885
get:0.026553009601840857
even:0.01696120654309117
available:0.02728347300822455
but:0.006720032547983943
1985:0.053750624499717105
1978:0.05823800968298297
in:0.001794744463580712
yes:0.02693783707579686
and:0.003856539540311009
rogers:0.05581426554530023
for:0.00328635215062701
subject:0.0002696662312325081
i:0.007713079080622018
info:0.029751469286791895
impressed:0.05231981119605017
the:0.0007613666767566193
waiting:0.04419232587258487
do:0.007255736554611078
riding:0.04560832559324699
waters:0.06167101802260268
got:0.02234498809727853
would:0.0094207034960038
return:0.0372764414931003
thought:0.027117034395875886
newsgroup:0.038829937783579294
about:0.009949658387089612
press:0.03623586222997643
busy:0.051584868223500384
number:0.025275402509068266
chose:0.05065441075978517
guys:0.03923914858071971
new:0.01741413701902573
advice:0.039291485537709586
wanted:0.030759191813596997
sold:0.04148008186910951
too:0.019722402705701986
count:0.04306434925792738
bike:0.038104673479985286
words:0.03341271850007449
faq:0.039213081443411714
article:0.008185180609258597
very:0.017608510018014622
jamie:0.12064443215380084
s:0.012534066279919563
