folks:0.06857807130175514
k:0.07016038993058635
all:0.017667922789746132
my:0.035193120790011155
dod:0.06476785262393402
front:0.06512872091418395
next:0.04959963006942917
been:0.027171118281878504
choices:0.09506611483719811
me:0.020066457044528606
re:0.006924824125521676
stack:0.1126277830893976
this:0.009721897006878128
set:0.04906323303936891
a:0.010344475006269593
how:0.02435857402276156
hard:0.05007839634399091
wondering:0.06664691670106104
rear:0.08772509127074911
ie:0.07747441086595207
no:0.02084714326263907
hey:0.07137294417835499
should:0.03042244707839777
ve:0.06759754440842348
has:0.019718045812713907
talk:0.06406655125253753
be:0.010712245502545764
comp:0.10875571275868352
if:0.012410192958581652
of:0.007201503169101431
but:0.012320059671303892
tire:0.10645844148701725
they:0.017276289342735993
up:0.024878895747266382
and:0.007070322490570182
for:0.01204995788563237
subject:0.0004943880905929314
i:0.003535161245285091
yet:0.048704976716410435
the:0.00279167781477427
do:0.013302183683453641
got:0.040965811511677296
pair:0.09457225840975068
about:0.018241040376330953
very:0.03228226836636013
