know:0.014688989591170258
anyway:0.03629183121005397
fields:0.11687205879500813
chris:0.0913511248314119
with:0.006962230676066039
syl.nj.nec.com:0.07297057542638959
name:0.03288372030750299
to:0.0032814265716448352
dod:0.04163647668681472
zx-11:0.07134467620013064
motorcycle:0.0552928972768477
really:0.02323090170465388
nt:0.00850093513955284
anything:0.027633823218088136
re:0.004451672652121078
pack:0.061330387146332016
baby:0.059417501650016843
this:0.012499581865986166
1983:0.06008702210624157
disclaimer:0.04469113722707365
am:0.01945638519882578
why:0.02118717357326198
a:0.006650019646887595
same:0.02312015893486443
was:0.010541203977397447
as:0.019050337148024246
red:0.04300736851122085
114:0.070141150999281
question:0.05197585912731201
corn:0.07134467620013064
setup:0.05254469968531657
wild:0.056251268929812824
it:0.0040816122588091894
probably:0.02841932994082391
lady:0.06100716108602307
site:0.04649481187426912
has:0.012675886593887511
be:0.006886443537350849
writes:0.007872171321637646
of:0.0046295377515652054
raised:0.053868814389009714
what:0.010957644083293227
but:0.007920038360123931
now:0.01966564759378862
david:0.029719586182672546
in:0.002115234546362982
subject:0.0003178209153811702
i:0.006817810973049818
stupid:0.04597245465793515
any:0.012181991265342943
later:0.03804061939235361
behanna:0.21111695606416808
the:0.0008973250118917297
do:0.008551403796505912
would:0.011102971977433047
scene:0.06562341740755598
agree:0.035911371178148084
needs:0.03987317336511127
1975:0.0673029245296977
jonathan:0.05691077820826269
about:0.011726383099069898
is:0.006396967306920569
new:0.02052380434385175
bike:0.04490907945855408
article:0.009646820003769058
wide:0.05121234354003103
by:0.011790898509728167
s:0.007386146200666885
1991:0.051688597523527446
