above:0.03679264905579115
folks:0.05004345743641592
wheelies:0.16197169731921554
minnesota:0.06809566699713211
all:0.012892808522247178
true:0.03490919989402496
with:0.007903072659318208
from:0.01144016560040778
wheel:0.06566883487584725
wrote:0.0348050672255792
my:0.012840733261220288
ground:0.05239126572158569
to:0.0037248625948400837
slack:0.08316514795144725
front:0.04752636391035046
that:0.004687900343709146
nt:0.009649710158411332
re:0.005053250037542845
off:0.029506181729139873
on:0.006851470611341756
spirit:0.12393527109441221
state:0.03591504576946779
bill:0.08366253718085723
a:0.0037743354752605273
false:0.056582548536502436
standard:0.04113573703327347
drive:0.038159510118999845
model:0.049445290697075
it:0.009266362965945189
statement:0.09387025458629206
have:0.006908792069562877
university:0.03176135272430613
chain:0.07038339749042428
list:0.039346332390832156
get:0.01776181047690706
of:0.00262757548061809
in:0.00240107705262825
5:0.07023980775453198
and:0.0025797122600729047
i:0.0025797122600729047
stafford:0.26695961612836017
will:0.015314937093287628
the:0.006111510891803133
do:0.019413997808283696
uh:0.06949486536119752
can:0.011683324222131263
because:0.0476951972674193
disclaimers:0.07379829416009664
is:0.007261422348396322
does:0.016466065058615205
article:0.010950444328602716
shaft:0.07282098792253412
john:0.07247238917788773
s:0.01676854813124374
