rating:0.09015237673225163
know:0.020227461076365603
thanks:0.03267846958878956
with:0.009587334045730285
into:0.029357441032498138
my:0.04673184891788367
to:0.002259342885394805
plugs:0.09537292970140793
that:0.011373922145392682
nt:0.011706205765941615
12:0.11650442070859135
off:0.03579438439272706
big:0.04550459924373045
on:0.008311620085889999
a:0.002289351025977697
factory:0.09125302104106521
volts:0.20017805849959555
question:0.03578665710405089
it:0.011241161630818753
charge:0.06747955172022681
lamp:0.0985976886234744
be:0.009482971428483138
noticed:0.06649513149433321
battery:0.23179680430809638
of:0.003187550583044896
but:0.01090628233197394
one:0.016119850947141353
subject:0.0004376550310166934
table:0.07426056431933191
i:0.012517948016091471
the:0.0074139640326792095
do:0.011775703588631094
would:0.015289338460727477
can:0.014173212990782186
arm:0.08207899173064845
just:0.01925227153222764
is:0.008808938586579145
right:0.031801206455578684
dc:0.07339548176228167
runs:0.061504762630218604
wall:0.07354941193195116
81:0.08460605205568547
give:0.03874157821895093
says:0.04198404499061587
