some:0.01883123992150571
effective:0.06512847473555716
method:0.0643693213346219
miss:0.07783581557590498
wound:0.09736190181855989
to:0.004445803742228486
dod:0.05641071034987801
death:0.05411961909736165
randy:0.0808836558906247
perhaps:0.046588089316774925
church:0.06043993290465819
like:0.018784501024333437
talking:0.05257566419939142
cs.utexas.edu:0.08729489683351159
re:0.006031298431905976
so:0.01648081608685355
state:0.0428663449506551
ray:0.2798560559089464
a:0.004504852018859339
88:0.08075513702531541
was:0.014281631195183638
related:0.062163532026309185
plus:0.0576758040964463
team:0.051664912398298346
d:0.029384584231887667
between:0.0374655781620388
real:0.04125151377416528
walking:0.08600388541942229
writes:0.010665522435767134
ok:0.05264272887920858
they:0.015047090717866833
good:0.026129191150959664
in:0.011463206573838095
and:0.0030790114071837893
subject:0.0004305960789035209
i:0.0061580228143675786
shea:0.2047288013243404
the:0.0012157306612726661
is:0.01300028839793535
days:0.048036332654035035
life:0.045006118601430806
food:0.06799160143274832
eating:0.08062763413003939
too:0.03149222367523381
article:0.01306988516639679
very:0.028116814383603986
little:0.037828043579007486
bad:0.04420324268945781
hawk:0.0938346566417078
everything:0.04983326586972989
