some:0.01853233135132308
out:0.009350611897463966
bnr.ca:0.07407858206265402
means:0.022496787463799624
stand:0.03125189328941637
your:0.00999946208080367
ca:0.01632181425470096
someone:0.01748776281478587
my:0.007541383026430962
to:0.00437523542885978
brains:0.04463168807416608
mail:0.024319964324094095
that:0.005506422625944076
really:0.03097453560620517
talking:0.025870564923510066
esp:0.042232633535492003
nt:0.01700187027910568
could:0.011977056788302042
me:0.02579973048582249
re:0.0029677817680807184
off:0.01732902736473294
telling:0.03407955807639534
he:0.025240209643178337
you:0.013233309271636235
serious:0.028547568547932303
posted:0.02709032479747536
m:0.010863608826318032
more:0.010090627189053378
a:0.0011083366078145991
infant:0.09653809979091223
pissed:0.043960597692990974
idea:0.02200298647032346
learn:0.030238207783509774
no:0.01786897993940492
fuck:0.04498978676686822
hey:0.030588404647866423
care:0.050254237163077725
reason:0.021208031142924823
it:0.0027210748392061264
should:0.013038191605027616
have:0.004057544548790895
kind:0.021869259499706823
stay:0.03133886958933478
real:0.04059672784124202
has:0.008450591062591674
network:0.029154679920869654
sending:0.03603012297192029
get:0.010431539486437479
if:0.010637308250212845
of:0.0046295377515652054
opinion:0.02626437749672769
what:0.014610192111057638
but:0.010560051146831909
years:0.017696630341114232
up:0.021324767783371182
net:0.026310654642051446
email:0.021776973483872544
rather:0.020424473435816375
and:0.006060276420488728
few:0.01813990080084354
for:0.0025821338326355078
subject:0.00021188061025411345
i:0.00757534552561091
employer:0.03587373351890972
stupid:0.030648303105290098
grow:0.04165063930465431
flames:0.03549573313010611
the:0.0047857333967558915
do:0.011401871728674549
when:0.010378368593997904
less:0.02181639330631966
agree:0.023940914118765387
maybe:0.021015183193193048
mr:0.026801235541931853
an:0.007126175702870926
just:0.018641088308982316
newsgroup:0.030509236829955155
remarks:0.04451582458669661
e:0.024689600762331957
is:0.004264644871280379
sends:0.04723238178103497
him:0.019019962725105616
give:0.01875584342346037
lots:0.02895789691600286
mike:0.02536041292823574
