expensive:0.029562677329466342
looks:0.02498617134579482
there:0.006699116683044871
know:0.00900638777852775
pass:0.02962974613278318
1984:0.07954235398319115
shape:0.03480238384881172
into:0.013071561335637857
from:0.0061793595213881424
my:0.020807611561977402
ground:0.028298931849615627
to:0.005029923941937338
dod:0.0510578692217874
most:0.013551791707788597
us:0.015035594059744495
jeff:0.030769921816280264
considering:0.029236277046387538
like:0.008501015062107103
nt:0.005212252202353566
me:0.01581881285262109
re:0.002729492721008544
comments:0.026890547547657663
89:0.03453366871652912
this:0.011495965803753701
93:0.026722740845287602
he:0.011606811733724345
carries:0.039419336832340994
hi:0.02300012160594456
big:0.020261171926040565
on:0.014803177379249341
you:0.00405692692999067
am:0.0119294624576742
them:0.010699701981987159
state:0.01939936778788771
magazine:0.03082262435623272
a:0.005096730386300712
factor:0.03302905407793296
want:0.013814583705928331
ama:0.03678160115173559
jeffrey:0.040140839274944155
as:0.011680498689299539
said:0.015996385610681986
82:0.03801730959336786
button:0.0347117085203551
step:0.03036146449038213
thread:0.030386334259153033
it:0.0075077831329920875
purchase:0.0636855690391101
whether:0.020857361933443973
mileage:0.03908367907145178
anybody:0.022186825875275144
be:0.00422234494260928
writes:0.00965346556230018
jump:0.03620655824769826
of:0.0070963717359758625
what:0.006718555496325775
but:0.009712163828473142
parts:0.026632810302309202
david:0.018222228024412365
good:0.02364977885196349
one:0.007177451881573886
in:0.006484660653083594
world:0.036806579397557326
and:0.001393421220769306
for:0.0023748092183363064
subject:0.00019486829848188537
i:0.004180263662307919
top:0.02468344690633077
idaho:0.04589600248928189
the:0.0038512927517688838
do:0.005243196488368589
can:0.006310700674727834
hate:0.029386782792392912
friends:0.02902651347144333
1000:0.03410668910571446
refer:0.03271392873585115
mph:0.03995366824856943
about:0.0071898991264370184
hit:0.026129212700214663
rockies:0.04329253574520355
is:0.001961114064895357
picture:0.02985786688828759
heavy:0.03271392873585115
type:0.0236533759878226
bike:0.027535493974587905
article:0.005914838542456942
honda:0.07035357491495994
lots:0.026632810302309202
dean:0.14549745980027332
s:0.009057463954102457
