out:0.016363570820561942
all:0.013250942092309599
delete:0.07436755601095685
technician:0.0818313428324945
saw:0.04718584143243687
where:0.025659122197691134
your:0.017499058641406422
bikes:0.06675205277926949
dod:0.04857588946795051
declared:0.07584824677565487
w:0.042976956319852135
re:0.005193618094141257
anyone:0.023234927078352653
98:0.07770284945099547
student:0.055875242669009326
on:0.007041789239434582
you:0.00771943040845447
great:0.035017370676842734
trials:0.07770284945099547
holes:0.06657283882321521
came:0.041926760173304815
a:0.0019395890636755486
minutes:0.05534954511163297
stolen:0.06817536763042141
files:0.04596266061927346
are:0.008929324744461465
log:0.07656065364214863
not:0.008373750119110623
zero:0.06435575346777238
deleted:0.04879693745831023
real:0.03552213686108677
integer:0.08415153845281627
writes:0.009184199875243921
end:0.03755879725799318
looking:0.036026185352870055
dr:0.054428397293145844
please:0.053205982136257074
in:0.004935547274846957
5:0.036095456762745594
speed:0.04664534954008029
world:0.035017370676842734
speedy:0.1642020769387974
and:0.0026513709339638183
for:0.004518734207112138
subject:0.00037079106794469857
i:0.007954112801891455
will:0.015740352012545616
the:0.0020937583610807025
engr.latech.edu:0.08156678456901265
scene:0.07656065364214863
movies:0.07852007861798065
jonathan:0.06639590790963981
chase:0.08265666811681119
e:0.043206801334080926
is:0.011194692787110995
unless:0.0427508531352846
bike:0.05239392603497976
article:0.01125462333773057
full:0.04291197894337851
earth:0.048896321702690954
by:0.013756048261349529
black:0.04902156050338802
god:0.07369939532708958
