land:0.034281313324032205
at:0.00759452596943475
79:0.04786759449459174
know:0.010636854531537085
faith:0.03228470793409304
where:0.01592635170891174
your:0.010861484673976402
with:0.00504161531715127
much:0.015062041978964925
though:0.021427105186298964
my:0.01638300450569485
to:0.0035643081726487004
dod:0.03015055208355549
rpm:0.050791867964996594
slightly:0.037324755658241816
front:0.03031854249453391
through:0.020426407707110576
saint:0.04941574602023898
wanting:0.04763458869814415
re:0.0032236250239497458
larger:0.036688377104489515
had:0.013227659359328752
this:0.004525710675615681
clayton:0.0414884696649017
contact:0.03000062326707386
on:0.0043707657348214645
you:0.004791370598351051
great:0.021734919730454112
them:0.012636716995967594
pilot:0.05030833808007381
size:0.03104204428505058
cycle:0.04358283327361196
more:0.010960508843282118
a:0.0024077657342179226
hard:0.02331235691875439
as:0.0068975358639398136
red:0.031143266852953027
rear:0.040837542488107344
promised:0.04606285113957559
ride:0.03640258221382658
cheap:0.03203647602074869
those:0.01599927288178931
hey:0.03322533608302732
have:0.013221998615887574
made:0.020048099585500013
being:0.01677417180969955
shall:0.03413601736235133
craig:0.1180599761195823
reducing:0.04873660052150523
be:0.009973469950646057
which:0.011137002866530325
writes:0.005700537853599676
if:0.005777158791063873
of:0.006704847778128919
even:0.0144755124807416
brooks:0.05130413883112419
institute:0.033555671120114705
wear:0.042253948102687316
supply:0.03481004684141848
well:0.01450748198408056
they:0.024127231668303717
find:0.0182452304971844
who:0.011147007536498691
cheaper:0.03801188274971373
one:0.01695363634095901
replace:0.03789968130047175
ought:0.043026466712081164
and:0.0016456785107361632
for:0.008414194730484673
subject:0.000230146180103606
keeper:0.05284076151566142
i:0.0032913570214723265
ms.uky.edu:0.05372571111962766
any:0.00882144195076558
than:0.0123327696743057
the:0.005198296620614159
do:0.006192395852642213
see:0.01525332552940669
cellar.org:0.10840952312123481
can:0.014906310214443334
just:0.010124039340223155
is:0.0023161433352643437
done:0.02283330647776464
average:0.03344414705950506
1979:0.049001873441046215
changing:0.03691740320263367
honda:0.12463499693986439
