at:0.0587310008302954
from:0.02821907514767252
313:0.40863522238778166
to:0.004593997200302769
1988:0.1523366947985762
asking:0.11951442715461313
this:0.017499414612380634
reply:0.11970655064517148
contact:0.11600240996601892
red:0.12042063183141836
cherry:0.19837600348034687
brian:0.24907183431858523
excellent:0.1298355137780129
miles:0.1338051594970275
michigan:0.3434501680194593
or:0.04495409718020569
for:0.021689924194138267
subject:0.0008898985630672766
days:0.09927508748500574
sale:0.21165814360690863
e-mail:0.09165652588840888
condition:0.12660316961616735
ann:0.18844818868315358
