at:0.01270622614116968
out:0.01132862595269673
know:0.005932091950280298
tank:0.022303335170404986
all:0.004586864570414862
delete:0.025742615542254297
case:0.011882745708205557
essential:0.024386614317573885
technician:0.02832623405740195
saw:0.016333560495843533
actions:0.019010684827827657
where:0.008882003837662317
hand:0.01517903584352247
your:0.006057366452794532
with:0.008435010242156933
into:0.008609634148953781
someone:0.010593548628187597
from:0.004070058915529691
violent:0.023201060412048603
turn:0.0328988282184088
feet:0.021115682446900635
rocks:0.02631563725987506
my:0.009136675589714436
to:0.0026503830001746746
hill:0.02395811537576616
dod:0.016814730969675177
declared:0.026255162345418998
trust:0.01994888588326122
she:0.0637527400942016
that:0.0016678106992042156
like:0.0055992262668686215
me:0.010419121926966776
need:0.009236548036044406
sitting:0.02182593987722095
re:0.0035955817574824093
flat:0.023739546269627904
injury:0.025087151871330586
so:0.004912550948965962
anyone:0.00804285937327592
had:0.022130891620415413
this:0.0025239540306318223
off:0.010497391576713224
98:0.026897140194575356
student:0.019341430154657075
fair:0.020301440080787898
on:0.014625254574210288
you:0.008016331578010412
went:0.03136981985803927
am:0.007857386330295027
causing:0.0235991657182228
holes:0.02304444420803604
came:0.01451310929075936
a:0.002014188643047685
was:0.004257024683179738
crash:0.02455241324099297
as:0.0076934053867021
rear:0.022774783310675253
let:0.011082392994003966
hands:0.01925658632382256
minutes:0.019159457923257565
doc:0.026695389237368472
stolen:0.0235991657182228
moves:0.02481235180479237
files:0.015910151752825428
are:0.003090920103852046
no:0.005412239116262067
log:0.026501764722282224
it:0.0016483434122114037
not:0.0028986058104613697
zero:0.022276991584998136
deleted:0.016891247581722772
have:0.0049158712802658934
left:0.014059640305291162
real:0.012296124298068497
craig:0.021947046842742863
feel:0.014645560981952778
integer:0.029129378695205634
stayed:0.026629977448638764
sudden:0.02619543869157978
writes:0.0031791461106613576
get:0.006319105650438088
soon:0.01729323863961284
down:0.011367142196890183
were:0.014916377860310569
end:0.013001122127766872
of:0.003739242030110359
helped:0.02263125944937871
sit:0.02238324325327057
what:0.004425202418253035
dr:0.018840599063012026
tire:0.05527649846441281
please:0.02762618303228733
in:0.005125376016187225
5:0.012494581187104245
speed:0.032292934296978666
world:0.012121397541984024
speedy:0.05683918047881449
and:0.0027533467391162732
for:0.0031283544510776347
subject:0.0001283507542885495
i:0.0055066934782325465
we:0.025918152032960964
will:0.005448583388958098
normal:0.01813635901210838
the:0.003261431293221864
engr.latech.edu:0.02823465619696592
riding:0.04341561763203319
greater:0.04056810477243937
got:0.010635354911685452
would:0.004483892529347962
her:0.06358478471018708
road:0.0347178114035626
about:0.009471309426171842
prepared:0.02289276941123351
dynamics:0.027327967880583465
is:0.007750171929538382
move:0.017003966901793354
lot:0.011916122058968226
unless:0.014798372239136978
1:0.009415980249638023
advice:0.037402471809935084
bike:0.03627271802421676
shoulder:0.026565443697041936
article:0.0038958311553682744
full:0.014854146557323334
earth:0.016925649820162255
bad:0.013175966570896078
before:0.010222087823185792
by:0.004761709013544068
black:0.01696900171271124
god:0.025511329151684855
