ducati:0.10955749056471603
go:0.008313813041855245
750:0.02323239809938795
at:0.011294423236595269
out:0.010069889735730427
there:0.003922132416996357
know:0.005272970622471376
technology:0.014391742247080954
all:0.004077212951479878
small:0.012772418377205177
where:0.007895114522366504
your:0.005384325735817362
900:0.02350126060114252
with:0.002499262293972425
mary:0.02004191798300536
previous:0.02968546512557954
such:0.008218022237041876
modern:0.017549265406161717
sell:0.0148721038417973
both:0.009597025992770248
to:0.0005889740000388166
dod:0.01494642752860016
remember:0.011891555711629198
cylinder:0.024225269797544427
acceleration:0.025017591264772474
h:0.03019813781448305
us:0.017605781078504242
nasa:0.018333935117946225
been:0.006270258065048886
that:0.0059299935971705445
ran:0.05820250633925586
considering:0.017116965621175612
think:0.00615276934841263
really:0.00833929804782447
quarter:0.02367109106545668
nt:0.006103235484807167
12:0.0151854052632993
re:0.0015980363366588485
peak:0.025520937570996334
exactly:0.013745225013982943
balance:0.021430712244524495
on:0.002166704381364487
you:0.007125628069342587
used:0.008437878240755836
them:0.006264355433898466
m:0.011699271043727113
more:0.010866829280519026
passing:0.020885783525298175
a:0.006564762984748011
hard:0.011556553002459443
sorry:0.013578703780934294
was:0.007568043881208425
old:0.011315867873257796
ride:0.018045724516255912
based:0.012909841931198901
are:0.0027474845367573743
play:0.01368341125119847
bgardner:0.027253694443253446
yeah:0.016898386513624585
it:0.004395582432563743
not:0.005153076996375769
should:0.021061694131198457
have:0.002184831680118175
japanese:0.021396660237476734
400:0.1373324308603454
second:0.011750836652360114
be:0.002472056654433638
1/4:0.02384795096358854
judgement:0.021465037764598276
writes:0.002825907653921207
end:0.011556553002459443
of:0.001661885346715715
what:0.007867026521338728
but:0.011372362773511287
powerful:0.01966390336521962
2nd:0.018660841241835566
oh:0.013802205915134503
latest:0.017804900001080134
well:0.007191743205783525
they:0.003986836002169846
gardner:0.02463915794280049
blaine:0.026994614862841333
over:0.008572396378287855
one:0.0042021833665624895
in:0.006833834688249634
gon:0.02042951012604302
mid:0.02456733265085014
or:0.0028816728961670317
and:0.004079032206098183
still:0.00872525248816046
for:0.0027807595120690086
subject:0.00011408955936759957
al:0.016282111883428343
i:0.003263225764878546
we:0.005759589340657992
top:0.014451419769945793
power:0.011546390086198899
will:0.009686370469258842
than:0.0061136806932455615
the:0.005153866734967884
do:0.00306973469618161
ss:0.023446117845433514
when:0.005588352319845026
got:0.00945364881038707
would:0.0039856822483093
specific:0.015663061061839456
na:0.018625228500129824
maybe:0.011315867873257796
put:0.01063016794678111
come:0.010261511429356447
last:0.018633867966320498
an:0.0038371715323151146
just:0.0050187545447260085
btw:0.016033292822407414
here:0.007694020964202548
mph:0.023391677564333385
guitar:0.025991026866784065
is:0.009185388953526972
weight:0.018995460260697778
maximum:0.02091598509462763
105:0.025702816265093756
max:0.0203491283655409
touch:0.02040254786453334
new:0.007367519508049347
time:0.0067500426064261276
lot:0.010592108496860646
girls:0.023557124197584198
run:0.011439463369176901
wanted:0.0130135042288295
slow:0.017549265406161717
first:0.008023738587141203
guess:0.012804090867246383
too:0.008344093452412379
dog:0.021263102359254063
article:0.010388883080982065
opinions:0.012203462203077104
bad:0.011711970285240958
before:0.009086300287276259
stands:0.02042951012604302
high:0.011954375323254366
says:0.0218891174737399
yfn.ysu.edu:0.04757636139747845
s:0.005302874195350585
