thumbs:0.08077828439727304
at:0.023031765031488394
out:0.007700503915558561
marc:0.03132839474033658
technology:0.02201089990730028
happen:0.022102171412858272
keeps:0.031203896733992167
rd.hydro.on.ca:0.08219284105923685
wave:0.09653175444495898
ever:0.017277268345293206
with:0.0038224011554872377
urge:0.03916962614909134
bikes:0.03141273071965623
times:0.01836912510779756
to:0.0036031350590609956
dod:0.022859242102564948
bikers:0.0792014479555918
that:0.0045347009860715925
really:0.012754220543731543
could:0.009863458531542859
me:0.021246836870677348
re:0.004888111147427066
happened:0.022041182344695626
started:0.02143297304567912
so:0.006678500636502746
anyone:0.010934083330989485
had:0.01002881363190938
this:0.0034312577671334575
240:0.03814226939404289
carefully:0.030393095108698188
something:0.013010858282114528
on:0.006627566342997254
you:0.010898019400171016
cage:0.06941831254075526
inc:0.023928205854930728
santa:0.03443391780403693
why:0.011632173726496775
fun:0.02690361212375056
more:0.008309928273338077
a:0.003650991178683386
how:0.008597143772739374
other:0.018030169775580532
ama:0.0329351592012273
ride:0.027599343377803155
hey:0.02519045088647823
it:0.008963540646796653
not:0.0039405882913461756
have:0.0066830145509497105
try:0.01592411550551237
ve:0.023857956850031822
always:0.017365726130710506
transaction:0.04006227670468448
36:0.03423483801655517
jody:0.03889725558438174
writes:0.008643952823758985
get:0.008590679577066159
of:0.002541707000859329
reasons:0.023768133828732715
what:0.006015961457494322
but:0.0043482563545778445
levine:0.037795146352775255
never:0.028809663148521052
sense:0.021479229061196016
up:0.017561573468658623
good:0.031764899046264686
in:0.004645220964561843
5:0.016986097300115577
or:0.00881452885886386
habit:0.03757356758365315
watching:0.02784054963228323
for:0.0021264631562880653
subject:0.00017448991432691697
each:0.01664058429647461
until:0.018700429577546696
i:0.00623851984462075
6:0.019204899559210422
driving:0.02736672282157634
actually:0.01597590932745807
than:0.009350335177904975
the:0.0024632451306831797
do:0.004694888358865991
thing:0.014796944020424554
when:0.008546891783292392
riding:0.029511269501512758
road:0.023599035202421636
return:0.024120050377888426
may:0.012163565538822424
just:0.007675742244875072
makes:0.018254757400339702
people:0.009838386536425605
norman:0.03647333676784129
paul:0.04281075151776546
is:0.0035120604822309006
done:0.017311526479873846
2:0.025469405909743906
nice:0.020651891874214106
article:0.010592586670805242
meet:0.02804013606274128
give:0.015445988701673246
bad:0.017912425142133228
going:0.014234089438233219
while:0.014185245136460932
s:0.0040551390905622115
