another:0.03261037250571439
at:0.01295536783021222
out:0.017326133810006764
thanks:0.02931450948406122
with:0.008600402599846284
my:0.013973739137210313
to:0.00202676347072181
experiences:0.06948686161918055
most:0.0273028744701035
that:0.005101538609330541
motorcycle:0.06830299075375304
articles:0.06193953853970098
this:0.007720329976050279
magazines:0.07809560160834966
am:0.048068716373569575
assume:0.051051302283664356
cycle:0.14869437234526434
vs:0.050244293309755036
a:0.0020536825380094046
as:0.011766384709073801
following:0.04025462166234944
250:0.06720736535231303
dual:0.08165648472606826
it:0.005041991613823117
have:0.015036782739636849
650:0.07422514495476899
against:0.03798942341408598
always:0.03907288379409864
pit:0.08529484021597769
motorcycles:0.0810642215034515
quality:0.056531821184916904
be:0.008506783193198107
of:0.002859420375966745
safe:0.06106971982642606
seen:0.03812448368562284
looking:0.038145372726568295
equal:0.0655677255842933
well:0.02474805750225507
good:0.023823674284698518
in:0.005225873585132073
or:0.009916344966221843
and:0.0028073339300793373
subject:0.0003926023072355632
i:0.008422001790238012
any:0.01504834215130599
joseph:0.060061744538878706
the:0.004433841235229724
would:0.013715435972123177
sport:0.07374686272380487
people:0.02213636970695761
interested:0.042309944344337054
is:0.007902136085019527
type:0.047654595740172
first:0.027611100432221192
honda:0.07087088061286406
bad:0.040302956569799764
comes:0.044473181430081055
buying:0.05898849890055171
