go:0.010028001297907872
tommy:0.057243721251264354
desire:0.025048937014498437
know:0.00636018106009434
small:0.01540590670240212
anyway:0.03142797754272715
saw:0.017512271047089974
sounded:0.02998839542157672
where:0.009522973186771968
hand:0.016274430182745738
your:0.006494495990625065
with:0.00602914821432523
former:0.020571638777044116
into:0.009230947953517456
mentioned:0.018119400096865145
from:0.004363774507372039
work:0.010438517855620121
signals:0.026190342617130293
post:0.013312256723872064
my:0.0048980116563417594
entity:0.02855172839854053
to:0.007104119381911499
technique:0.025932556944065027
enough:0.012536848076996888
that:0.001788168172342664
think:0.007421381585198738
really:0.020117481888566244
through:0.012213728319715601
cs.utexas.edu:0.055796738182244524
could:0.007778913171783801
egreen:0.029300089274027632
countersteering:0.031853292558718486
re:0.0019275283648359305
exactly:0.0165792920271753
anyone:0.008623271905367996
this:0.008118285129454934
something:0.010261140810121252
on:0.007840342658339536
you:0.00572988648874971
disclaimer:0.019350801685949416
independent:0.021405881176273053
m:0.00705574593874264
a:0.004319084925298129
was:0.009128465300014285
as:0.020621498974665423
copy:0.01761140177867702
given:0.014370038964851964
equipment:0.020798752126497882
drinking:0.027777077867358377
ride:0.04353298491550395
far:0.012831845732584545
mcguire:0.16780659516355229
east.sun.com:0.02855172839854053
march:0.02233872198913946
book:0.04808812129923207
thread:0.02145839068816477
it:0.005301888088762453
not:0.0031077835493606436
should:0.008468103825945771
have:0.002635312438905427
marcus:0.030081274315920423
kind:0.01420374586063433
stay:0.02035411117657826
left:0.01507425352319877
neck:0.029897160488074653
public:0.015277034010621617
his:0.009507366193326065
personal:0.017288120985544927
be:0.002981759057409646
writes:0.0034085690258637232
get:0.006775123583974857
understood:0.02470744533645101
jump:0.025568548865642585
of:0.004009084238468838
what:0.004744546922663047
but:0.006858589920107322
passenger:0.028482537572086197
fire:0.018541204314636444
please:0.009873275035594096
ed:0.0409089656873093
direction:0.02277397105690531
title:0.021655635729808862
author:0.020845400763198487
one:0.005068612926678466
in:0.001831749504066912
cross:0.02361036192585643
and:0.004920069774365848
green:0.02169232370799888
for:0.003354111988784268
subject:0.00013761317985576442
austin.ibm.com:0.026897564892972996
i:0.009840139548731697
away:0.014273111269709642
possible:0.013283358881260731
signal:0.02322454805577173
body:0.01829732537976573
any:0.005274676630354676
information:0.012571243734452396
will:0.0058417801283674456
normal:0.019445168425353314
the:0.003108259835006404
do:0.0037026696850850343
when:0.013481179823131299
hate:0.04150504373770958
last:0.011237951299275762
an:0.004628340920421323
about:0.005077402991349853
is:0.00276982089578004
horse:0.08388030610398611
night:0.01725688065249497
issue:0.016141030966313676
right:0.009999348421599483
does:0.006280870176997552
appropriate:0.041690801526396974
under:0.012511976428379583
article:0.004176973609879386
rider:0.027373716027668953
training:0.023102104313461894
thus:0.017171933365341778
going:0.011225854041493209
wish:0.01925813151947824
s:0.003198125159051641
biker:0.02808583117447729
