there:0.03164755122679819
marc:0.03305685789842411
where:0.01274108136712939
insurance:0.03062360703895692
into:0.012350371744706113
my:0.00655320180227794
weather:0.07197417364464499
to:0.00285144653811896
dod:0.02412044166684439
then:0.01100607137776416
h:0.024366773270996664
director:0.034105245534966355
that:0.004784891385303128
think:0.009929296741576242
divide:0.04147902762780647
kinds:0.15723781633734638
european:0.030561754142524086
like:0.008031993541439126
me:0.007473025382100308
re:0.002578900019159797
math:0.03365693636042155
something:0.013728698739058777
two:0.05144246710767755
on:0.006993225175714344
you:0.011499289436042521
used:0.013616989712668039
why:0.01227394882864832
a:0.000963106293687169
other:0.009512468881599385
low:0.023419272689515998
was:0.006106628511044039
baseball:0.025843281655784884
ride:0.02912206577106126
are:0.022169357986249156
those:0.07679650983258869
it:0.002364520205103255
have:0.0070517325951400395
being:0.013419337447759642
rely:0.034695972738955964
yourself:0.024181204630169602
things:0.015411902952691377
of:0.009386786889380487
america:0.05431363523402017
saturday:0.0343675034355818
1974:0.04118551304560787
nature:0.02629251822248117
phil:0.06112350828504817
who:0.05350563617519372
chance:0.024793500193190373
michigan:0.035529327726150965
in:0.007352263526668571
yes:0.018392040486233715
world:0.06955174313745316
and:0.005266171234355722
for:0.0022437852614625793
enjoy:0.031880997085811776
subject:0.0001841169440828848
i:0.0013165428085889306
league:0.026826600470574127
possible:0.017772218089410912
the:0.003638807634429911
do:0.00990783336422754
major:0.022596054984260636
an:0.006192400955598185
thought:0.018514389001322157
snow:0.0376625777092907
people:0.051905970347348875
is:0.001852914668211475
executive:0.07481737647895773
donald:0.038107670958515326
de:0.05573768313302028
players:0.025599130434744082
honda:0.03323599918396384
three:0.020127503492913604
lewis:0.034314247945278965
high:0.01929188845270015
north:0.027683826102833282
everything:0.021308017130505195
s:0.008557741804910597
