blown:0.056132844856953384
some:0.012161842449305772
large:0.031187855415495576
apologize:0.055893370708779436
mark:0.03128774962804365
there:0.009560197766428618
tank:0.1449716786076324
ncsu.edu:0.061575778852049026
with:0.012183903683115569
way:0.018045550203609824
work:0.02109450483323233
my:0.019796130444381277
to:0.0014356241250946154
owners:0.08995098882060934
sutherland:0.061782056219717565
make:0.01833417170155941
that:0.0072271796965516
quite:0.027668743563639596
could:0.01571988703464643
asking:0.037348258485816604
anything:0.02417959531582712
re:0.003895213570605943
flat:0.051435683584193786
file:0.03165089460894176
this:0.005468567066368947
personally:0.04082129796985938
on:0.005281341929575936
you:0.011579145612681705
am:0.017024337048972556
m:0.014258486584542417
chess.ncsu.edu:0.06520397358400962
a:0.002909383595513323
as:0.016669045004521217
worked:0.04004337333931614
standard:0.03170879729648163
wondered:0.05857909059734298
are:0.0066969935583460986
bgardner:0.13286176041086054
d:0.01897754398309412
gas:0.041335100746552104
not:0.0062803125893329675
follow:0.03934366992101339
bag:0.1104126170885631
has:0.022182801539303146
writes:0.0068881499064329405
if:0.01396146707840436
looking:0.02701963901465254
what:0.009587938572881574
accept:0.03720949969440347
now:0.017207441644565044
gardner:0.12011589497115235
blaine:0.13159874745635147
in:0.001850830228067609
and:0.0059655846014185915
for:0.010167151966002312
subject:0.0002780933009585239
i:0.00994264100236432
any:0.010659242357175075
will:0.011805264009409212
flames:0.046588149733264264
suggestions:0.08243742439730994
the:0.0007851593854052635
would:0.009715100480253917
imagine:0.04101810994235898
is:0.002798673196777749
new:0.01795832880087028
evans:0.059210597074597505
almost:0.03147909302358925
article:0.008440967503297927
already:0.030268607513514074
happy:0.0395634905050523
s:0.006462877925583524
