sent:0.030144938920406664
seemed:0.034582646691259794
some:0.00956997438633897
ask:0.023889857248822685
say:0.015553647330061832
all:0.007820228120051568
take:0.01742417319947298
seals:0.09932640604266839
much:0.014321285816065012
ca:0.03371391141134953
response:0.028783594693666738
times:0.02303668968436907
from:0.013878233679183206
alexander:0.041717296814874336
2-3:0.04768646485070396
my:0.0077886414863139455
to:0.0033890143280922067
bet:0.03535796159843942
competition:0.04277153761669477
apart:0.037759495407303965
day:0.02084674619477764
mail:0.02511734020357259
that:0.005686961072696341
guy:0.02775680940122024
nt:0.005853102882970807
me:0.00888187442954545
re:0.0030650860883456605
so:0.008375496699876394
phone:0.024076615788603026
had:0.012577118735099469
fork:0.1553296691288083
something:0.016316896042323958
two:0.04585547785213061
wan:0.044866004508639444
on:0.004155810042944999
you:0.004555729421382966
card:0.025089412676346245
came:0.024743661741622517
a:0.0011446755129888484
how:0.010781663911714135
richard:0.0306235861867113
oasys.dt.navy.mil:0.0965878144908132
are:0.005269765422960865
it:0.002810290407704688
slide:0.046721030132209025
have:0.0041905787962922365
call:0.021778328672120553
be:0.004741485714241569
which:0.02117856282815603
writes:0.0054201835329308395
get:0.04309422869806959
explain:0.029467684655841018
but:0.00545314116598697
parts:0.059814672318300996
order:0.04597240755954905
they:0.01529376433619252
in:0.002912781998270336
or:0.005527143095926929
weeks:0.0895220873442568
and:0.009388461012068602
for:0.005333587916591377
subject:0.0002188275155083467
guide:0.15414547036125814
i:0.003129487004022868
remaining:0.04110480873130108
later:0.05238380375340498
the:0.0024713213442264033
would:0.007644669230363738
once:0.043984117949588626
na:0.03572379892647851
10:0.023691571786034135
many:0.015190172357197489
days:0.024411906758607972
time:0.012946803031997653
2:0.07985285049571347
1:0.016053474523973023
ordered:0.07678762464436892
delivery:0.045857419348128474
article:0.006642072789480337
understand:0.024558666089636506
fit:0.033323344912281776
