another:0.009599590174842333
some:0.0050542721867244764
since:0.008661565469280005
week:0.01492570910998088
at:0.011441104057849755
all:0.004130163769031563
finish:0.021187621264687727
take:0.009202377187600448
hand:0.013667703270357894
with:0.007595160737526589
way:0.007499449435266421
much:0.007563622811947755
super:0.021778857346963703
exhaust:0.0499182940139854
4:0.01075441343800294
from:0.003664814954243184
alexander:0.02203251173772584
both:0.009721662693975055
my:0.004113481650780525
to:0.004176361091184336
100:0.01462559350143321
next:0.011594718717528898
that:0.009010509751544852
wednesday:0.022675022582393685
considering:0.01733926387599607
think:0.006232675443846559
hour:0.020154608643637568
like:0.005041727547656594
smooth:0.02380647177778073
nt:0.006182498283311156
hot:0.01811090124139139
months:0.014700409263981905
me:0.009381720176662724
this:0.0045453024967222425
off:0.009452196744399786
getting:0.011741132347293013
extremely:0.019126192143028704
two:0.008072681526637713
on:0.0021948433993042855
them:0.01269142139854754
m:0.005925604814355291
paint:0.08450659345906711
a:0.0036272834437568705
how:0.011388424218433977
other:0.017913090751063777
price:0.013550407800190315
was:0.011499495248069943
as:0.003463697663277136
said:0.018974067780635775
stuff:0.012655482912007021
silicon:0.023534117555224155
talked:0.021343919986082167
based:0.013077502216019663
are:0.002783166154117859
determined:0.02061340275989857
month:0.01720261250816995
place:0.011772413927776735
it:0.0014842226395669783
not:0.007830000111376167
pipes:0.10340951327468643
should:0.014223481750939217
comparable:0.021921977962811704
couple:0.013662302141361552
have:0.004426412235044613
kind:0.011928686999840087
able:0.011417598381431467
discover:0.0236410119820223
directed:0.022505235945366495
degree:0.0383675701356363
call:0.011501974450210855
1200:0.024281358865470882
be:0.010016645145237599
get:0.017069791886897695
were:0.006715598690356274
if:0.002901084068239867
of:0.003366936546592877
available:0.023385834007049612
but:0.00576002789827195
parts:0.015795216499637926
shop:0.04207353922781556
least:0.020845561755034478
they:0.012115839279321347
up:0.011631691518202465
sounds:0.015422963478618346
degrees:0.06565725532128555
over:0.008683726201382502
one:0.008513514353035692
in:0.003076704794709792
clean:0.01879585364491907
better:0.00968058818745196
1500:0.024281358865470882
and:0.00909041463073309
for:0.004225309907949013
600:0.021280721720189733
subject:0.00011557124195678917
i:0.005784809310466513
person:0.01214369887044957
back:0.009118427359599729
water:0.017749338591824895
will:0.004906083744170063
than:0.006193079143807191
the:0.002610400034594123
do:0.0062192027610952095
would:0.008074888710860399
can:0.011228129771918356
road:0.015630529809396148
maybe:0.011462827196287117
bought:0.015857505406356973
an:0.0038870049288386873
thought:0.011621586169661094
places:0.016514380442815304
about:0.004264139308752691
interested:0.01245487539140658
is:0.0058154248244732445
yesterday:0.019031874592444688
new:0.007463201579582454
spent:0.01879585364491907
friday:0.02157267531670719
2:0.00843467338569441
handle:0.03517192109721821
header:0.09104992075931534
abuse:0.021007219981568386
supposed:0.015795216499637926
planning:0.020058936145799185
metal:0.021709033182765073
ups:0.025763117335109983
by:0.0042875994580829704
black:0.030558894859254872
while:0.009395422103370226
s:0.002685871345697049
