lpl.arizona.edu:0.027787809473653897
some:0.005723219976143893
rough:0.02635878570522769
at:0.008636911886808147
there:0.0044989165959664085
know:0.006048407478717165
all:0.0046768030914033885
pressing:0.02970054298334692
ever:0.012957951258969905
own:0.011110248213470566
your:0.006176138344025797
with:0.002866800866615428
way:0.008492023625228154
insurance:0.06530033853895226
bikes:0.07067864411922652
work:0.009926825803874037
turn:0.03354390328151485
both:0.02201670668929645
ease:0.02818017568773986
to:0.005404702588591493
city:0.018038164698462703
that:0.003401025739553694
think:0.014115176740476031
bay:0.02349629605525243
smooth:0.026957328336604653
nt:0.010501155172388801
me:0.01593512765300801
need:0.009417656821064883
re:0.0018330416802851497
so:0.005008875477377059
this:0.005146886650700186
two:0.018282249339738346
on:0.00248533737862397
you:0.002724504850042754
great:0.024718144007183106
them:0.021556752522532953
state:0.01302800679872851
m:0.006709876039784667
stable:0.02462166096527449
a:0.006161047614028214
other:0.0067613136658427
low:0.016646051666567744
capable:0.04301744399179737
question:0.01070091217327012
ride:0.020699507533352365
it:0.0016806638712743723
farm:0.026957328336604653
only:0.01961082703337186
area:0.015727779630683072
kind:0.01350748380864245
per:0.01733737801751479
left:0.014335319526963536
agent:0.024390029176791422
brakes:0.027286442566200872
manage:0.02470136940092047
love:0.016040281569516906
erik:0.027218828242022756
anybody:0.014899976200552426
be:0.0028355943977327026
rates:0.022478456031829665
down:0.011590027338005677
things:0.010954538863432596
of:0.006671980877255739
short:0.0169753816942219
liability:0.028431613405325896
but:0.006522384531866767
registering:0.029928582275674825
street:0.039098318434496133
fact:0.011756211414847251
they:0.00914627082850729
now:0.008097619597442374
good:0.007941224761566171
one:0.009640303017408064
in:0.0008709789308553455
shock:0.028976837106846603
moving:0.02078912540020261
offers:0.02215730599697365
use:0.008150880037977197
and:0.008422001790238012
for:0.004784542101648147
subject:0.00013086743574518774
i:0.006550445836851787
discount:0.0833634284209617
power:0.01324438862828697
driving:0.020525042116182255
unfortunately:0.018048495494244886
agency:0.02144627579110736
cost:0.03255889808187138
the:0.005542301544037154
do:0.01056349880744848
start:0.01381157886216918
would:0.004571811990707725
can:0.0042380685903809475
road:0.017699276401816226
simple:0.016172492926256082
an:0.00880292292707585
cars:0.01873567182927209
makes:0.013691068050254775
long:0.011668192377983258
here:0.008825494635408803
is:0.003951068042509763
assuming:0.019451812116024522
right:0.009509184283285782
time:0.015485391861801114
somebody:0.018606510899386055
keep:0.012987326392774123
does:0.011945968768014953
unless:0.015088536400688682
bike:0.01849197389469874
full:0.015145404332957123
wide:0.021087435575306894
going:0.02135113415734983
answer:0.014883681579063023
by:0.009710151713893785
200:0.02037316199108438
s:0.003041354317921658
