andrew:0.08965376569457138
curtis:0.1346058490593954
my:0.022624149079292888
to:0.0065628531432896705
infante:0.28961429937273664
140:0.13687513905473647
re:0.008903345304242156
a:0.0033250098234437974
pens:0.1195909246884761
course:0.05824170952142902
are:0.015307413847648227
only:0.03175086281593539
philadelphia:0.11810234476034909
motorcycles:0.13124683481511196
free:0.06875018557439846
be:0.013772887074701697
writes:0.015744342643275292
what:0.021915288166586454
they:0.022212372012089133
news.duke.edu:0.13809640796872577
jackson:0.12447571156380412
35:0.1075053388983679
one:0.02341216447084815
in:0.008460938185451928
or:0.016055034707216316
subject:0.0006356418307623404
costs:0.09800601559366275
i:0.004545207315366545
the:0.0017946500237834594
would:0.022205943954866095
arm:0.1192099641802275
here:0.04286668822912847
deal:0.07848369028001212
new:0.0410476086877035
right:0.04618746651881665
acpub.duke.edu:0.14218808075269385
article:0.019293640007538117
81:0.12288021846182888
give:0.05626753027038111
