another:0.01979915473561231
read:0.020241098766945728
preferably:0.047039191285871876
case:0.02206795631523889
your:0.011249394840904129
insurance:0.0396466341129353
members:0.03293073489736264
longer:0.03030545543191228
my:0.016968111809469666
to:0.0036916048931004393
look:0.021171145752463486
mc:0.050613510112726745
keywords:0.05132817714552618
appreciate:0.034278690494772265
that:0.006194725454187085
like:0.010398563067041724
nt:0.006375701354664629
re:0.003338754489090808
so:0.0091233089052225
this:0.004687343199744812
sender:0.04957715144082716
on:0.009053729022130176
distribution:0.03968694375895785
3:0.02090594593426446
a:0.0037406360513742723
was:0.007905902983048085
owner:0.04001614497153221
as:0.007143876430509092
part:0.021868054575118544
worth:0.03138538945349855
let:0.020581586988864507
act:0.03331815234837816
universal:0.04389148854789132
course:0.021840641070535884
organization:0.10263839003884476
business:0.03229074761815685
d:0.01626646627122353
it:0.009183627582320678
not:0.005383125076571115
being:0.01737324937433168
money:0.027680533631510087
licensing:0.052956048188329344
throwing:0.045442055459059535
topic:0.03898782902312073
signing:0.05313642950366434
thinking:0.031102915480791565
get:0.011735481922242164
down:0.021110406937081768
of:0.003472153313673904
what:0.008218233062469922
but:0.005940028770092949
years:0.019908709133753512
up:0.02399036375629258
beginning:0.036161489233365075
now:0.014749235695341466
pick:0.03589334381283941
in:0.0031728518195444726
heart:0.035455201902193006
become:0.029573417632099534
bmw:0.07913311340474986
and:0.005113358229787364
for:0.014524502808574731
subject:0.00023836568653587764
membership:0.048010645391664726
i:0.003408905486524909
any:0.009136493449007207
will:0.010118797722350753
program:0.024791369932000668
the:0.0020189812767563917
do:0.006413552847379434
when:0.011675664668247642
an:0.016033895331459585
long:0.021252778974183793
about:0.008794787324302424
dear:0.042912033929530385
current:0.02823433681902516
is:0.0023988627400952133
move:0.03157879567475908
new:0.01539285325788881
right:0.017320299944556247
keep:0.02365548735826715
campaign:0.04608008192318583
training:0.04001614497153221
before:0.018983877385916465
hints:0.046417049137318395
s:0.011079219301000327
