b.c:0.12378188748480602
there:0.019527212459088242
know:0.026252662248048973
thanks:0.042412481806726875
companies:0.08460919884229226
both:0.04778093792145187
experiences:0.10053418276817612
beach:0.11298938105037823
bruce:0.09801400935512944
motorcycle:0.09882134832457887
me:0.023055078306479675
anyone:0.03559393084343385
this:0.02233967822857102
on:0.010787421813601913
am:0.03477311397236948
none:0.07707468579619774
a:0.005942570748282532
let:0.04904548388835797
are:0.013678965565983522
doing:0.057036232024793944
has:0.022654776040139383
environment:0.08931177669952756
thinking:0.07411758582656713
of:0.008274067470882496
clarke:0.12416525994230983
who:0.02751176328157124
good:0.034468294709776574
in:0.007560838378488957
and:0.004061674622242445
few:0.04863037235970822
subject:0.0005680203594046446
i:0.004061674622242445
zealand:0.1159287499542254
the:0.0016037298084873467
can:0.01839502111569603
tour:0.2598055652867091
done:0.0563545436472489
new:0.03668084180603291
their:0.03220603443790881
e-mail:0.05850416546068652
bad:0.058310660569072
going:0.04633650391595069
