monday:0.049564790781754776
your:0.024704553376103187
with:0.011467203466461712
followed:0.043577820598071366
wrote:0.025250735046008443
to:0.0013511756471478733
dod:0.034288863153847424
nt:0.007000770114925867
re:0.0036660833605702994
so:0.010017750954754118
this:0.010293773301400373
he:0.015589541250198385
on:0.00497067475724794
you:0.010898019400171016
holes:0.04699259211050486
3:0.022955548476839407
m:0.026839504159138668
a:0.0027382433840125392
how:0.012895715659109061
hard:0.026512092182112836
ama:0.04940273880184094
as:0.007844256472715867
bring:0.03718987203224584
ar:0.060093415057026714
dogs:0.05096774022921236
82:0.05106246484599409
let:0.022599389634831615
ordering:0.05814781761855771
it:0.006722655485097489
not:0.005910882437019264
couple:0.03094109602602469
have:0.005012260913212283
crack:0.051254704761566405
leather:0.0573932976074192
left:0.08601191716178122
neck:0.05686322681065179
his:0.018082637661816243
be:0.01134237759093081
down:0.023180054676011353
if:0.0065701021545432284
of:0.00571884075193349
wearing:0.04924332193054898
up:0.026342360202987934
one:0.009640303017408064
in:0.003483915723421382
total:0.03589230878239609
speedy:0.11590734842738641
and:0.005614667860158675
subject:0.0002617348714903755
i:0.0037431119067724496
back:0.041301112158187006
will:0.022221673429476164
cost:0.03255889808187138
the:0.0029558941568198155
engr.latech.edu:0.057576553813420694
arm:0.14725936751675162
may:0.018245348308233635
about:0.009657021375704624
hold:0.034017456989647255
is:0.0026340453616731756
right:0.019018368566571565
90:0.039529013819062084
does:0.011945968768014953
life:0.027356660326359902
too:0.01914233203788722
procedure:0.049564790781754776
mouth:0.04737710890612526
dog:0.048780058353582845
by:0.009710151713893785
mike:0.0939827067340501
mine:0.03201214749803908
happy:0.037236226357696287
while:0.021277867704691394
revolution:0.05195887862991205
s:0.006082708635843316
