taken:0.04118601624698326
mark:0.03754529955365238
own:0.02833113294434994
damage:0.05561841070210839
owned:0.06298849197234721
my:0.011877678266628767
to:0.0034454979002270774
job:0.04339360694111471
helmets:0.07824476830081155
impact:0.059915554940893706
nt:0.008925981896530481
its:0.025847806950427127
consider:0.04025455098213992
re:0.0046742562847271315
had:0.01918010607102669
this:0.006562280479642738
bell:0.05579003811225717
two:0.023309867908166394
on:0.01901283094647337
fall:0.04875376284242915
took:0.04219252095520849
helmet:0.1322305877730123
a:0.005236890471923981
other:0.017241349847898886
was:0.011068264176267321
question:0.027287326041838807
ratio:0.06665301120005228
shell:0.06024024852093446
it:0.00428569287174965
have:0.012781265328691322
buy:0.03758551406554958
after:0.02411517109581189
quality:0.048052048007179375
minor:0.05432415221534789
scratch:0.07048009728912584
of:0.004861014639143467
even:0.02098949309707532
what:0.011505526287457891
but:0.008316040278130129
gear:0.06351158084654096
order:0.03505396076415615
visible:0.05929042468371043
now:0.020648929973478055
in:0.002220996273681131
yes:0.03333557338129861
seasons:0.07272185889732355
and:0.004772467681134873
subject:0.00033371196115022873
twice:0.056379770115695796
i:0.00715870152170231
mx:0.08280280722066041
we:0.016846798821424626
eng.umd.edu:0.07317645444945949
the:0.005653147574917897
do:0.017957947972662418
would:0.011658120576304701
did:0.020548888043037068
about:0.012312702254023394
frequently:0.058336883374340044
is:0.0033584078361332988
scary:0.07250061418358104
side:0.04025455098213992
high:0.03496654782051902
