ducati:0.056717815911822005
at:0.00779615055269408
out:0.020852692019123185
mark:0.02658074304683354
there:0.008121937925461481
know:0.010919248899630989
900:0.04866632726254291
mary:0.041502732814365076
previous:0.030736278050378815
bikes:0.042532281416879675
from:0.014983579724427886
alexander:0.04503991337535105
my:0.016817951527969933
via:0.06049967041797602
to:0.0036589358232499932
dod:0.03095100921851714
city:0.03256447432288842
near:0.031900670597181637
young:0.03322173032809015
lived:0.039787547538084646
h:0.03126709844508422
nasa:0.03796584794335766
that:0.006139904874946492
guy:0.02996752873406079
pittsburgh:0.039137746931404836
re:0.00330920798918735
lost:0.031013330303697788
had:0.013578836156479071
you:0.004918575127510813
snyder:0.05403036092245721
a:0.006179221795780509
other:0.012206265379043457
was:0.007835939239835272
as:0.007080656285106357
play:0.0283355595821278
d:0.01612251524227465
it:0.009102356541769167
ken:0.03651391770898063
lady:0.045350456028548126
love:0.028957676461782732
his:0.016322380898276607
salt:0.04913841558736851
writes:0.0058518795665271
andy:0.03966201979479299
san:0.03573420737703136
well:0.0297852727460769
who:0.011442945789680073
net:0.08801263234243759
miles:0.07104698734355444
over:0.017751688075392548
in:0.009434320454574716
according:0.030438284996338213
or:0.005967358032770666
600:0.04350306829525512
subject:0.00023625625568157783
al:0.03371693965240913
i:0.006757476362668847
away:0.024504279524988234
we:0.011926937218707698
any:0.00905563952467971
angeles:0.0419217250320394
turned:0.03475131274259821
the:0.00133407612387443
jose:0.04035306790958446
bought:0.06483334068793735
mutual:0.04550991182945678
long:0.021064701284146767
about:0.008716957347981164
odometer:0.057940385278908886
guitar:0.053822126432101505
living:0.032601814283443366
girls:0.048782009400307094
hear:0.0293246156129098
massachusetts:0.04963711414091835
sold:0.10902287004535861
bike:0.06676748096492996
article:0.014342174872860195
live:0.02740432100838636
lake:0.0470912550926725
says:0.022663953490509453
yfn.ysu.edu:0.049260480384999805
s:0.00549058655624795
