help:0.07926269333488137
bikes:0.17800547407805198
from:0.031354527941858355
re:0.013849648251043352
particularly:0.14878149241261415
j:0.11311587627884676
as:0.029633857785815496
oil:0.16599289765968916
are:0.02381153265189724
second:0.10184058432045431
kelly:0.21547217451058825
spots:0.21751142551736705
boots:0.42963326923603573
gear:0.18818246176752876
well:0.06232844111679055
good:0.06000036486516663
po.cwru.edu:0.17658987360322984
and:0.007070322490570182
subject:0.0009887761811858628
i:0.007070322490570182
the:0.00558335562954854
when:0.048432386771990216
cars:0.14155840937672245
here:0.06668151502308874
parking:0.20319968799375707
