taken:0.012921103136308471
above:0.010677082471092334
some:0.004578575980915114
since:0.007846359307465417
racist:0.021721707095360247
go:0.01525829217093433
out:0.004620302349335137
there:0.003599133276773127
andrew:0.029533005169976458
all:0.0037414424731227105
small:0.023441144315811853
means:0.011116059687995108
where:0.007244928620524556
own:0.03555279428310581
your:0.039527285401765096
with:0.0022934406932923423
navy:0.02254414055019189
my:0.003726330436589417
to:0.0043237620708731946
dod:0.013715545261538968
remains:0.018107269524736593
sutherland:0.023259127047423084
us:0.008077946612490181
infante:0.1669541255207541
class:0.015561449692819616
make:0.006902276405292955
that:0.01088328236657182
think:0.011292141392380826
like:0.01826884805503801
through:0.00929201291774442
nt:0.00840092413791104
me:0.008498734748270939
re:0.0029328666884562396
so:0.004007100381901647
anyone:0.006560449998593691
had:0.018051864537436884
off:0.008562578227279806
weak:0.01834633109253929
blow:0.019110929815470714
you:0.02615524656041044
children:0.013146575953013825
brain:0.017291679995948207
asshole:0.07001506005188714
m:0.0053679008318277335
why:0.013958608471796129
jobs:0.019364022055225895
dd:0.05001854509585338
a:0.0010952973536050158
was:0.006944793208638319
shit:0.01889890149676375
listen:0.016748809295463796
act:0.02926771029818317
daily:0.017484726822478213
are:0.007563663312955595
fuck:0.04446049515784624
yeah:0.015506754683090793
place:0.010664422028691865
it:0.006722655485097489
have:0.004009808730569826
ve:0.028629548220038183
has:0.004175586172104121
call:0.010419435678426304
yourself:0.027500193500977193
writes:0.0051863716942553905
get:0.010308815492479391
spend:0.016078812606711963
of:0.002287536300773396
andy:0.017575718575731796
piece:0.016900827112915736
opinion:0.0259553848202956
what:0.007219153748993186
but:0.002608953812746707
never:0.008642898944556315
fact:0.009404969131877801
listened:0.023760434386677534
they:0.007317016662805833
who:0.010141591170461555
news.duke.edu:0.022745290724260715
up:0.010536944081195173
now:0.012956191355907797
one:0.0038561212069632253
rest:0.012810316994011015
in:0.0020903494340528293
gon:0.018747079880368885
our:0.00874421734502115
bmw:0.017378252355552914
71:0.019925201834208928
yes:0.01045821910001525
or:0.002644358657659158
world:0.009887257602873243
and:0.0037431119067724496
for:0.0038276336813185177
subject:0.00010469394859615018
drunk:0.07025763990133108
i:0.00224586714406347
everybody:0.015991801175436034
we:0.005285270218486157
back:0.008260222431637402
paid:0.016219569167733948
stupid:0.045431602250194734
driving:0.032840067385891604
impressed:0.020312397287878297
the:0.0029558941568198155
do:0.008450799045958784
thing:0.008878166412254732
when:0.005128135069975435
rock:0.019110929815470714
got:0.00867511302600225
can:0.003390454872304758
friends:0.046783909948091014
because:0.0069204796035078975
once:0.010521690960489829
na:0.017091386153060308
jim:0.013279728419407331
people:0.0059030319218553624
belongs:0.02151526108169193
many:0.0072674550101101704
head:0.013540626413551698
provided:0.015835158563155073
2:0.015281643545846343
their:0.005936014190516525
dollars:0.03596552965092746
nothing:0.010019043143140819
acpub.duke.edu:0.046838426600887384
under:0.00951891540041427
article:0.006355552002483145
ass:0.019110929815470714
little:0.0367896266964465
opinions:0.011198471198117812
killed:0.014324647045756414
dammit:0.02288536163642573
give:0.009267593221003947
by:0.007768121371115028
says:0.01004324213501007
s:0.004866166908674654
