some:0.01716965992843168
out:0.017326133810006764
pass:0.05969522382634258
often:0.04569588806292215
my:0.013973739137210313
to:0.00202676347072181
technique:0.0739840595168914
class:0.05835543634807356
that:0.010203077218661082
nt:0.010501155172388801
me:0.01593512765300801
re:0.005499125040855449
this:0.007720329976050279
you:0.02452054365038479
as:0.023532769418147602
shit:0.07087088061286406
said:0.032228012186226944
standard:0.04476536088915054
california:0.05852160627827847
boom:0.08555512811449828
works:0.04375185284633441
it:0.010083983227646235
only:0.01961082703337186
ve:0.0268402014562858
attack:0.058069081886120325
be:0.008506783193198107
recommended:0.07218568337338738
writes:0.009724446926728858
get:0.01932902904839886
of:0.00571884075193349
what:0.013535913279362223
well:0.02474805750225507
must:0.03408030040411025
they:0.013719406242760936
up:0.01975677015224095
in:0.005225873585132073
use:0.024452640113931588
and:0.0028073339300793373
subject:0.0003926023072355632
i:0.005614667860158675
taught:0.07116403083199373
alan:0.06471592194116528
the:0.004433841235229724
do:0.02112699761489696
eric:0.058647477651744204
e:0.04574837788314451
is:0.003951068042509763
illinois:0.07087088061286406
told:0.045591467157781326
slow:0.060390119191791776
strategy:0.07762870898607642
nice:0.046466756716981736
dog:0.14634017506074853
article:0.011916660004655896
s:0.009124062953764975
