some:0.011014498822012775
mark:0.02833607513483198
inner:0.05251353097646205
compound:0.040400177089674576
from:0.015973061404342934
to:0.0013001878868781423
like:0.010987160976496916
re:0.010583221776740676
mean:0.024937943932357175
off:0.020598655169399533
two:0.017592353138238787
pieces:0.04801424727749687
on:0.009566204249797922
you:0.010486773385070224
them:0.013828860108794725
a:0.003952370167489797
factor:0.042688494421479393
hard:0.02551163587335386
old:0.024980312097569093
karr:0.2623671186650894
given:0.02629988263378567
cheap:0.03505878507930988
are:0.012130403426438216
those:0.0350172764959917
not:0.005687830269584574
have:0.004823118991958989
made:0.021939429735075483
grips:0.19524513462324317
tube:0.05030415939626587
kind:0.025995534877009997
campbell:0.0527792939667139
cs.cornell.edu:0.05264547665546903
always:0.02506562356602554
electric:0.04932056495924314
writes:0.012476648887123817
certainly:0.029016578087317366
of:0.009171725734232956
but:0.006276256813683116
wear:0.046240169621808755
ok:0.030791030099159733
comfortable:0.049998166228783295
factors:0.046939301434579715
they:0.04400564266545961
who:0.01219861202107404
cheaper:0.04159790942421503
pad:0.05264547665546903
david:0.04710274036499045
in:0.001676223602778212
bmw:0.08361234623898099
5:0.024517668744506442
yes:0.02515892330664046
and:0.003601862400856508
subject:0.00025185808388696507
summer:0.0424600580241153
i:0.007203724801713016
top:0.031902190812899196
world.std.com:0.08671842132755749
warm:0.04989833500868389
the:0.0028443509810907657
when:0.012336551347582414
an:0.008470737156242799
during:0.027626127450966702
about:0.009292605474734638
days:0.02809672287311483
glove:0.0590526553213672
too:0.018419979885514116
art:0.04350935646855138
article:0.007644649814307556
needed:0.03147002537864171
by:0.009343730894501566
soft:0.05040840313387517
while:0.020474929300740775
panix.com:0.04886472932461289
