408:0.03902510684457519
barbara:0.04577436115845472
read:0.016792615273317938
out:0.026181713312899108
there:0.006798362856127018
79:0.0411306737879455
help:0.015852538666976276
finish:0.03625437416402122
your:0.00933283127541676
way:0.012832391255900322
both:0.016634845054135098
my:0.014077248316004464
to:0.0010208882667339487
dod:0.025907141049573607
line:0.020917064805970286
then:0.011821335924265208
garage:0.040735518375313695
h:0.02617171943921864
sophisticated:0.041990467649077004
that:0.007708991676321707
86:0.035411150885141233
me:0.008026582817811443
rat:0.04439224296897019
re:0.0055398593004173415
bell:0.033060763325782026
tail:0.04210531347526934
two:0.013813255056691197
these:0.012271377578510687
big:0.020561337436055982
on:0.011266862783095332
you:0.008234059102351435
tell:0.01785203743424039
disclaimer:0.02780781871906805
them:0.021716432170848014
fun:0.0304907604069173
paint:0.03615004275748982
a:0.007241132504388715
ama:0.037326513761390935
as:0.0059267715571630995
andrew.cmu.edu:0.06036710232188534
no:0.008338857305055628
those:0.013747523365093038
not:0.004466000063525666
cool:0.034006125736847435
tom:0.05623301071814452
against:0.019135413275243308
left:0.02166226061852268
lady:0.037960011342414356
after:0.014290471760481122
nasty:0.03917943341422587
coat:0.04636727010418462
writes:0.014694719800390275
get:0.00973610352067498
of:0.004320901901460859
but:0.004928023868521558
please:0.014188261903001887
they:0.0069105157370943976
mjs:0.04596677216884924
pick:0.02977818153361492
wax:0.08672764971787791
one:0.0072837845020416484
bob:0.027288926029845187
in:0.0013161459399591887
and:0.00848438698868422
for:0.004819983154252948
subject:0.00019775523623717257
marks:0.04210531347526934
ol:0.041990467649077004
will:0.008394854406690995
the:0.004466684503638832
do:0.005320873473381457
see:0.013106561195638342
responsibility:0.032131621233990146
putting:0.02977818153361492
rule:0.02924961161671246
gather:0.042221967971329634
rid:0.03420262021339134
an:0.0066510973226795314
just:0.008699174544191748
makes:0.020688725053718326
ma:0.02971272537212975
is:0.0019901676065975107
72:0.038652796957309346
sale:0.02351757151187874
nice:0.023405477457442654
bike:0.027943427218655875
e-mail:0.020368116864090863
article:0.006002465780122971
little:0.017372879273321956
opinions:0.02115266781866698
full:0.022886388769801876
takes:0.02648814706651608
lewis:0.03685604408937371
by:0.007336559072719749
mike:0.023669718733020026
while:0.016076611154655723
sometimes:0.02595930610605815
favor:0.03527182250027089
s:0.004595824302637173
