folks:0.1481286340117911
ideas:0.1438797454815788
loads:0.22674852530501582
death:0.13421665536145688
die:0.15071017485729396
problems:0.10972292943567093
re:0.014957620111126821
why:0.07118890320616025
a:0.011172033006771161
yeah:0.1581688977675261
it:0.013714217189598879
deleted:0.14053517987993347
buy:0.12027364500975864
writes:0.026450495640702495
of:0.015555246845259092
mjs:0.2482205697117859
mz:0.26830424746367537
subject:0.001067878275680732
any:0.04093149065155229
did:0.06575644173771862
engine:0.16324196078963424
2:0.07793638208381636
mike:0.12781648115830815
