another:0.00972590057187973
some:0.010241551536257491
inexpensive:0.024007248026552682
large:0.013131728595998137
at:0.003863881633572066
out:0.00516744341701956
say:0.008322565676612033
know:0.005411733007273253
small:0.026217069300579043
your:0.011052037036677741
with:0.01026012941736048
from:0.0074260724072822415
reasonably:0.021624761038530615
my:0.020838032046717133
to:0.002417893263317247
everyone:0.013410143673303085
helmets:0.05490860933390283
cases:0.016139410519677155
day:0.011154837876152948
that:0.004564534545190484
church:0.016435420351266702
smaller:0.019698431004583187
like:0.005108066068020496
through:0.010392382868529941
nt:0.003131923472466835
egreen:0.024930777715620002
re:0.0016400899244656602
michael:0.026356975453277975
best:0.010680596841936113
laws:0.016280148741394263
amount:0.016308846542222928
big:0.036523428340362596
protecting:0.023061986508116056
certain:0.014457521893686442
on:0.004447445835432368
you:0.00975085946331091
them:0.006429206892685267
size:0.04737996232981405
helmet:0.16238844112475195
backup:0.021890658502637786
inside:0.03293031164100164
a:0.009187527143726283
same:0.00851795329179216
was:0.007767202930713909
crash:0.02239869278125674
surface:0.02002186729513384
question:0.009574500365557475
solution:0.017060776615058105
ride:0.0185206120035258
east.sun.com:0.024294014514547643
are:0.0028197867614088838
internet:0.0125286576452395
likely:0.014501793004077754
yeah:0.01734308089556207
not:0.005288684285754078
should:0.01441063282660947
have:0.0044846545012952
robinson:0.13189603083403373
uucp:0.01856854652340383
buy:0.013187899672122657
real:0.011217516903501085
guidelines:0.025141344466437374
noticed:0.017790364127869846
writes:0.00580054728962774
get:0.005764798137241765
were:0.006803961831018855
if:0.00881776868109749
of:0.004264047929073216
what:0.004037026767529084
but:0.002917908869519343
result:0.015504394565839921
passenger:0.12117570809177021
ticket:0.02221042504126975
comfortable:0.023244761492329076
who:0.005671284536113369
up:0.005892370045405195
pick:0.017631818013324623
one:0.00862553427873353
in:0.006234375505069841
gon:0.020967128813570466
5:0.011398565293498608
external:0.0188334399895869
or:0.011830025573738339
and:0.0025118250953341434
gets:0.014637352378915808
for:0.005707874787931122
subject:0.0001170919161930627
i:0.0025118250953341434
stupid:0.016937220137134
event:0.01821377608858321
the:0.004628307956073132
do:0.0031505171881863886
can:0.003791956107182953
her:0.014501793004077754
na:0.0191153660922385
maybe:0.011613653869922472
meeting:0.021253895301565427
put:0.010909909208538505
an:0.003938149730533933
just:0.005150827032745113
many:0.008128074682360058
head:0.015144121646735452
norman:0.024475528620525076
is:0.005891943572163682
else:0.011081369409377442
carry:0.01707218355233906
sheet:0.02284373427320788
spare:0.022360387167358695
their:0.006638963239393482
primary:0.040362749012819214
him:0.010511032032295208
article:0.007108183160671938
dimensions:0.025841476683945635
difference:0.014066464240501694
meet:0.01881640709473428
by:0.0043440152404261665
fit:0.05349273788550495
concern:0.04040928455869371
while:0.009519046078414571
s:0.008163635274421294
