minnesota:0.07521013966847427
played:0.060540343599318286
posting:0.04924162025307822
all:0.014239818367855091
pass:0.060586197316288
user:0.0564424400536271
c:0.03859847306610388
from:0.012635406782539934
wrote:0.03844141753272927
cunixb.cc.columbia.edu:0.07894363449135063
my:0.014182302407914944
to:0.004114027343554719
scanner:0.08308110870902952
256:0.07294437828238466
archive:0.07242787784689995
bunch:0.060540343599318286
me:0.01617296537917231
re:0.005581201534002545
directory:0.06291760132582681
you:0.00829550730460779
state:0.0396673639841883
posted:0.050945983947490975
a:0.004168669032377299
as:0.011942002391298782
standard:0.04543350060391398
cd:0.06661497088030706
are:0.009595692262704859
those:0.027700233646082987
not:0.008998656844417386
have:0.007630606166382879
university:0.03507970300893513
1977:0.08605317848679572
bmws:0.10296509587096406
get:0.019617522019270483
of:0.008706294876077849
but:0.009929600332095676
please:0.028588288909033654
they:0.013924173500115577
in:0.005303871698342999
bmw:0.19842332913429817
and:0.008547703309495294
for:0.004855953177792149
however:0.035777595585028556
stafford:0.29485091930595003
we:0.02011558068229806
the:0.0011250044925209745
scanned:0.09384704986614356
put:0.03712625820219073
gif:0.06991112094487319
disclaimers:0.08150856369921121
gifs:0.09148549754950336
new:0.02573133678930667
article:0.012094520601740313
john:0.08004413133080136
s:0.009260242997851019
