know:0.03593811045606705
all:0.009262794472294089
anyway:0.029597221569364406
take:0.02063834107122042
saw:0.03298427750616946
where:0.01793647376925982
though:0.024131497103016306
work:0.019660897708643724
to:0.004014172310944168
helmets:0.06077263557344585
been:0.014245052303120767
that:0.01010401821653816
motorcycle:0.09018647322825644
like:0.022614350747741225
really:0.018945589739717727
nt:0.02079840441910015
re:0.0036304903182346653
happened:0.03274078542464496
extremely:0.04289466393242359
hi:0.030592394757421402
you:0.016188320079865686
used:0.019169548624629763
them:0.01423164244206059
helmet:0.15405505371613085
m:0.013289463224427884
why:0.017278860001495207
fun:0.03996361800906636
a:0.004067487745183675
was:0.008596710039819277
as:0.007768098642883674
stuff:0.05676536995482761
are:0.0062418580737983054
it:0.006657386985242174
not:0.005853495228892862
have:0.004963598185899542
being:0.01889130029053542
buy:0.05838526456784399
second:0.026696075501478313
list:0.028268238805063878
writes:0.0064200232137627405
get:0.012760912381467206
if:0.006506314754984556
of:0.0018877726753955208
looking:0.025183352868025668
what:0.00893633109705467
but:0.0064590604101981575
never:0.04279493652158952
women:0.036692380522654604
mjs:0.06024771109509366
in:0.0017250456494610725
use:0.016143490560653864
and:0.0037067710144736876
for:0.006317453648778135
seriously:0.037640326829100394
subject:0.0002591937562331873
i:0.00926692753618422
normal:0.036624880335131484
the:0.0014635980776486464
do:0.006973960377732976
risk:0.041651852598052576
would:0.009054850933052194
road:0.03505487753369427
just:0.011401830713261028
does:0.011829988488713836
life:0.05418212336482932
their:0.014695957461958387
paper:0.03744318832268539
past:0.032072955795178285
somewhere:0.03766525299905424
mike:0.031023417756870904
says:0.024864337324539493
unlikely:0.046290549391137914
s:0.018070959636583058
