at:0.0056472116182976345
there:0.017649595876483605
79:0.035593852316491294
know:0.007909455933707062
raise:0.03021283133075615
take:0.013626596989331432
with:0.0037488934409586365
much:0.011199979933076483
response:0.02251024713222655
from:0.005426745220706254
adequate:0.03469412566460076
my:0.0060911170598096235
415:0.033705980281092694
to:0.005300766000349349
hole:0.02991635044837951
slightly:0.027754305489461863
cases:0.023588369221066614
front:0.04508911447905043
apart:0.029529861792891562
enough:0.031181391370992257
next:0.017169102716340867
that:0.0066712427968168625
nt:0.004577426613605375
re:0.0023970545049882726
larger:0.027281100923851175
this:0.0033652720408424296
clayton:0.030850400520055114
off:0.013996522102284296
two:0.011953778414444304
on:0.00325005657204673
you:0.007125628069342587
size:0.023082545750422227
bands:0.03729326097298643
a:0.006266364667259465
bigger:0.029880236232236845
as:0.005128936924468067
adding:0.030289144808360754
rear:0.060732755495133996
guard:0.03446918130683621
given:0.01787043307167488
ratio:0.06836206276928439
overall:0.029702655446664176
far:0.01595755174436796
d:0.011678488604980997
it:0.0021977912162818715
not:0.003864807747281826
have:0.0032772475201772616
being:0.012473102114904796
probably:0.015302716121982104
only:0.008548309219674914
chuck:0.06388830766870976
provides:0.028321476827177117
chain:0.03338699624545767
reducing:0.036240036285221836
be:0.011124254944951372
writes:0.00423886148088181
if:0.008591672048248837
of:0.0024928280200735725
brooks:0.03814923143852825
gear:0.06514008291952919
one:0.025213100199374935
in:0.002277944896083211
replace:0.02818181430035079
5:0.01665944158280566
speed:0.02152862286465244
rather:0.016496690082774764
and:0.0012237096618294546
for:0.004171139268103512
subject:0.00017113433905139932
i:0.003671128985488364
room:0.02556428513024747
power:0.017319585129298345
ms.uky.edu:0.07989977551124113
any:0.01311906751652317
will:0.014529555703888261
than:0.00917052103986834
the:0.005798100076838869
do:0.009209204088544828
see:0.011342216419302411
can:0.005542089695113547
because:0.011312322428810986
7:0.020458516211098114
about:0.006314206284114561
broken:0.02879001454516004
steel:0.03411097324020508
right:0.024870174279362812
engine:0.02616057063936446
keep:0.016983426821320008
1979:0.03643729050744462
too:0.012516140178618566
change:0.019051340435323638
bike:0.024181812016144506
changing:0.02745140238144555
article:0.005194441540491032
honda:0.12356974055576299
inclined:0.03695873691420073
teeth:0.03595508908925496
needed:0.02138347878292321
fit:0.02606056461088703
s:0.01988577823256469
