week:0.033152296196207534
there:0.008824797938241803
know:0.011864183900560595
such:0.018490550033344218
to:0.0013251915000873373
dod:0.033629461939350354
death:0.03226361907727329
might:0.020452741691138903
t:0.024771856298081176
make:0.01692385080143946
that:0.0033356213984084312
church:0.03603149846239238
talking:0.031343184426560276
nt:0.0068661399204080625
cs.utexas.edu:0.05204118849690115
re:0.0035955817574824093
so:0.01965020379586385
mean:0.0254175197772102
you:0.010688442104013882
dare:0.04837419276104438
state:0.02555493641289054
ray:0.25025589614934635
a:0.00402837728609537
how:0.012647721127203118
beer:0.0512715470769633
88:0.04814248553432265
was:0.017028098732718953
bring:0.03647468218547188
related:0.03705902870799201
team:0.03080023623744709
it:0.0032966868244228074
have:0.0049158712802658934
between:0.022335248519676977
b:0.029431811024175403
talk:0.06653064937763514
walking:0.0512715470769633
writes:0.01271658444264543
if:0.006443754036186628
end:0.026002244255533744
of:0.0018696210150551795
ok:0.03138316529337435
up:0.025835776352930474
in:0.006833834688249634
truck:0.09889653916785801
speedy:0.11367836095762898
and:0.007342257970976728
for:0.0031283544510776347
subject:0.000256701508577099
i:0.011013386956465093
pounds:0.052877836352570665
we:0.025918152032960964
shea:0.18307479349195827
grow:0.05046135146525427
the:0.002174287528814576
engr.latech.edu:0.11293862478786368
did:0.01580683695618236
come:0.023088400716052004
an:0.008633635947709007
thought:0.025813330819151083
10:0.027792036133616967
just:0.011292197725633519
about:0.009471309426171842
busy:0.04910482648198594
is:0.0025833906431794607
life:0.026830570704699137
eating:0.0480664741929081
article:0.015583324621473098
little:0.022551333672100618
hawk:0.055939891459479654
everything:0.059416586229293335
