some:0.0050542721867244764
ask:0.01261715404483276
large:0.01296118666617998
at:0.0038137013526165844
bnr.ca:0.0404064993069022
know:0.005341450760425549
help:0.009264470649531589
all:0.004130163769031563
nick:0.06461773963721364
bs:0.02453988369101903
with:0.0025317202458421963
insurance:0.05766783143699681
tips:0.024607001381650912
o:0.015155753176622863
from:0.014659259816972737
bits:0.019088218177345424
dealers:0.021312205526809125
dealer:0.05743591432790581
my:0.004113481650780525
to:0.004176361091184336
dod:0.015140536977023536
sound:0.014940187398824375
bet:0.018673901796578397
owners:0.037382229120253234
apart:0.01994224432766703
enough:0.01052878150189349
next:0.011594718717528898
been:0.006351689987971598
motorcycle:0.020106508100671893
like:0.005041727547656594
86:0.020694828439368252
re:0.0016187900553167555
wait:0.01589350564982735
anyone:0.007242055193252776
wed:0.0249591470069927
uk:0.03741679207496785
getting:0.011741132347293013
age:0.017847569809149876
contact:0.015065248047534925
best:0.02108377558408168
amount:0.01609704334037588
hi:0.01364076476196712
apr:0.016135100766398264
on:0.0021948433993042855
you:0.0072181686936197646
market:0.01693010915616027
united:0.016976285640161112
apparently:0.016401130113643563
m:0.011851209628710582
more:0.005503978466756389
a:0.0036272834437568705
owner:0.01940176725892471
as:0.010391092989831409
old:0.022925654392574234
local:0.039693291583324054
concise:0.025763117335109983
also:0.0064220655051063485
gold:0.02238212800025596
21:0.017559320437897513
section:0.017791165045988256
are:0.002783166154117859
no:0.009746716330584502
d:0.007886771525441712
it:0.0029684452791339565
not:0.002610000037125389
have:0.0022132061175223067
made:0.02013488789539395
massive:0.021606364236369763
has:0.009218826613736372
details:0.03302876088563061
without:0.009728183916893918
be:0.0075124838589282
which:0.005592607500075834
get:0.005689930628965898
if:0.005802168136479734
of:0.003366936546592877
but:0.002880013949135975
parts:0.015795216499637926
year:0.010713249853721437
years:0.009652707458789583
rs:0.026863698020756048
warranty:0.02222324762428008
fairly:0.016987907135272234
maintained:0.02308329392209603
gmt:0.018343282840801018
well:0.014570284936392596
miles:0.017377293441172406
now:0.007151144579559499
good:0.007013029659564932
one:0.004256757176517846
in:0.001538352397354896
bmw:0.13428649547472704
intend:0.02203251173772584
or:0.002919097219493876
yellow:0.02453988369101903
and:0.004132006650333224
for:0.007042183179915021
subject:0.00011557124195678917
until:0.012385998811102356
i:0.005784809310466513
example:0.012170385903713873
any:0.008859630011158505
will:0.014718251232510188
yet:0.011385578972667376
the:0.004568200060539715
see:0.0076596786208276025
bm:0.030345831421925616
would:0.0121123330662906
can:0.0037427099239727853
club:0.0627592871223997
regards:0.017876050203513693
an:0.0038870049288386873
problem:0.009158291307556642
kingdom:0.021473153592790742
here:0.007793943314386996
address:0.013821737462916064
interested:0.02490975078281316
oxford:0.02453988369101903
is:0.003489254894683947
solid:0.019504598800085347
handy:0.022718530529811442
time:0.0068377054974186734
9:0.015414864310065049
keep:0.011469327204008317
npet:0.055490157558752265
ideal:0.023378567731734703
broke:0.021709033182765073
sale:0.013744035299149911
pages:0.019463172605210237
1993:0.01311539308662397
advice:0.03367841617517964
wanted:0.013182510777255855
under:0.010507893623833937
bike:0.01633057434856512
afford:0.020455006883568303
terms:0.0166629392866427
give:0.010230460049160202
pettefar:0.05577405212864829
buying:0.017364579762932972
biker:0.0235872348391714
