some:0.007075981061414267
preference:0.034740766899077104
out:0.007140467267154302
there:0.011124593764571485
indian:0.07316894439697834
take:0.012883328062640627
though:0.030127808504371877
into:0.01085335698777204
from:0.005130740935940458
yamaha:0.03325085803534207
work:0.012273166448426083
rocks:0.03317365181850916
my:0.005758874311092735
to:0.0016705444364737343
dod:0.02119675176783295
motor:0.030539874895683494
front:0.021314854117369296
enough:0.014740294102650885
that:0.006307356826081396
motorcycle:0.028149111340940648
like:0.014116837133438464
cds:0.03619332964614025
nt:0.008655497596635617
its:0.0877258902559951
generally:0.023434845413473328
anything:0.014068128183753963
re:0.004532612154886916
anyone:0.010138877270553886
aimed:0.03348855932718013
fork:0.038283271987302255
firm:0.03168472657987741
on:0.009218342277077999
you:0.006736957447378447
them:0.008883994978983277
magazine:0.025592118404872015
stable:0.03044132628433937
hard:0.016389293348942482
88:0.030344354518603366
ama:0.030539874895683494
idea:0.016802280577337916
handling:0.05849479473583162
straight:0.04844438336319162
57:0.033329060488893024
are:0.0077928652315300065
corners:0.03435583716742664
no:0.00682270143140915
it:0.020779116953937696
not:0.0036540000519755447
loves:0.034449801934311276
has:0.019359535888846383
usually:0.019986368134464323
braking:0.03924730043960339
be:0.0035058258008331595
which:0.007829650500106169
writes:0.004007650854651893
certainly:0.018640953195488735
making:0.018633982974984264
things:0.0135437935038803
of:0.004713711165230028
short:0.04197548928025779
but:0.00806403905758073
tire:0.03484094448666019
wear:0.02970580593885896
never:0.013357207459768851
lines:0.02141322499572434
75:0.028284549514831534
they:0.005654058330349962
who:0.015673368172531496
one:0.011918920094249968
comment:0.023815741799289473
in:0.0021536933562968544
point:0.013342642189454914
bmw:0.02685729909494541
chief:0.06040349088678013
brother:0.02808251060411886
or:0.004086736107291426
and:0.0011569618620933025
for:0.001971811290376206
known:0.019738962107068835
subject:0.00016179973873950483
forced:0.027513912087648227
employer:0.02739448741444015
any:0.0062017410078109535
48:0.03111254667399211
the:0.0031977400423778006
riding:0.027364995355948194
hello:0.023450247216071342
can:0.005239793893561899
an:0.005441806900374162
nicely:0.032729994824428586
about:0.005969795032253767
head:0.020926422639125353
is:0.009769913705115051
either:0.015173107315838534
max:0.057717527727716
65:0.029662669770562818
does:0.0073847806929546985
72:0.03162501569234401
request:0.023638188044814133
experience:0.020074077423000897
too:0.011833441623421192
dave:0.04250029904696476
under:0.014711051073367511
article:0.004911108365555157
give:0.014322644068824282
bad:0.033219406627228894
says:0.015521374208651928
built:0.02237877353984699
soft:0.03238358019509557
s:0.0037602198839758686
