manager:0.031165859840584106
pixel:0.03901465648701451
stephen:0.06462951237128599
all:0.007571966909891199
tried:0.024586222643148182
where:0.01466235554153779
fax:0.024274947141931662
suggested:0.03485763451551851
way:0.013748990631321772
miss:0.03830016321988975
apartment:0.04707204283407053
to:0.0032814265716448352
dod:0.027757651124543148
association:0.03784068720069211
w:0.02455826075420122
near:0.028609331567313687
speak:0.0284558159891936
that:0.002753211312972038
nt:0.0056672900930352255
suppose:0.030588404647866423
could:0.011977056788302042
egreen:0.04511283586636
me:0.008599910161940831
re:0.0029677817680807184
so:0.008109607915753334
this:0.004166527288662055
on:0.01609551826156476
used:0.015670345304260837
market:0.031038533452960492
a:0.0011083366078145991
other:0.010946888792316752
vision:0.03784068720069211
as:0.012700224765349499
driver:0.029204647607034853
east.sun.com:0.043960597692990974
are:0.010204942565098817
complex:0.0356824831095521
place:0.021582758867590677
it:0.005442149678412253
not:0.004785000068063213
only:0.02116724187729026
states:0.027403648694092723
accident:0.03856741095883093
careful:0.036518677678265
public:0.023521782524290425
pgp:0.036069706634706315
be:0.004590962358233899
writes:0.010496228428850195
liability:0.04603213598957526
key:0.025443193422512504
available:0.02143701450646214
but:0.005280025573415954
mag:0.043645198259264675
windows:0.043606463197198436
ed:0.03149341009261113
they:0.022212372012089133
over:0.04776049410760375
one:0.007804054823616051
in:0.005640625456967951
damned:0.04617260882369748
still:0.016204040335155136
green:0.033399292058347484
for:0.0025821338326355078
subject:0.00021188061025411345
cause:0.02502778677255608
i:0.004545207315366545
44:0.07213941326941263
any:0.00812132751022863
the:0.005383950071350378
enormous:0.04631561283562351
thing:0.017967717739086956
putting:0.0319051945003017
drivers:0.03120875998794052
her:0.026241339721664505
home:0.0232489131100107
because:0.01400573253090884
put:0.019741740472593486
friend:0.027565074759466714
an:0.014252351405741851
here:0.028577792152752315
people:0.011946612222802518
about:0.007817588732713265
night:0.02657011783003194
window:0.027674545570040805
sticker:0.04707204283407053
article:0.006431213335846039
side:0.02555844506802534
live:0.024576891063076655
by:0.007860599006485445
security:0.029459316770141998
parking:0.04354279028437652
thats:0.041183651209234194
s:0.009848194934222513
