trash:0.0259553302244811
750:0.02482365824318164
ideas:0.016424628479632285
there:0.004190771623639942
79:0.05070904987554924
stopped:0.02057334393981605
help:0.009772112876903181
tank:0.021183076326229393
all:0.004356474112540142
tried:0.014145497959071556
thanks:0.009102222122904853
corner:0.022381086666263598
with:0.01068177857149858
c:0.03542599582779397
someone:0.010061452578369953
upgraded:0.025417508143858344
my:0.01301663371685344
store:0.02037992259808481
to:0.004405202794810875
0:0.016735873463335306
q:0.07752837339767411
enough:0.011105701036243818
that:0.006336157542182225
think:0.013148383813046166
uxa.cso.uiuc.edu:0.020358928491926685
r:0.014156254642598766
nt:0.01304253062506737
so:0.004665801814543014
had:0.007006431441470937
this:0.004794360167775516
fair:0.019281733044766585
starting:0.017906493072498707
on:0.006945326373140957
am:0.007462723089960573
great:0.011512560222523638
etc:0.01060421912081386
burn:0.02225245252486316
a:0.005101384934598703
want:0.017283999705134077
was:0.004043201525577103
old:0.024181854633263233
idea:0.012659252489775142
oil:0.020464877793660307
question:0.019935945966640223
84:0.02387205427251038
printf:0.03228544146247147
no:0.010280782978835706
plan:0.0178336264723224
z:0.04558054921097183
gas:0.0724779848706667
police:0.016783488180971192
it:0.01722104898237302
not:0.002753013737789794
have:0.004668955371211442
only:0.0060892065674396645
campus:0.02365142149958432
350:0.02529239867267974
after:0.008809194920844527
doing:0.012240652535001438
throwing:0.0232397726548615
which:0.005899051746655332
get:0.006001707649731152
battery:0.02152146889314137
of:0.001775713110189394
what:0.012608795931460701
years:0.010181622935983532
well:0.015368656713729176
up:0.01226904447810397
now:0.007542988118165499
george:0.03636816601876865
code:0.014796860777770302
in:0.0024339685191026093
replacing:0.025611844282756955
ended:0.022684488946666123
clean:0.01982576343368176
and:0.005230101568366984
for:0.005942444984695415
subject:0.000121903912748942
p:0.07685223834774771
i:0.01307525392091746
ago:0.013064683677464127
any:0.0046725445949260605
the:0.0027534356529280474
do:0.022959933481029572
riding:0.020617462254481515
can:0.0039477899198069105
int:0.024713623761085473
did:0.007506443120744133
pray:0.0226497647485601
compiling:0.02726894699366731
7:0.014573189629823314
an:0.004099991500281903
ready:0.01924876387593788
about:0.00899558155545088
is:0.006134078239512874
move:0.01614988637247953
planned:0.022547148968413713
win:0.015477056637572335
new:0.007872144131888342
else:0.01153676815222857
does:0.00556387586455491
lot:0.022635190760414526
72:0.023827066617519457
2:0.00889684726984205
run:0.012222988257476688
first:0.008573309723246762
guess:0.013681083392400243
too:0.008915606702577608
luck:0.018825518839788224
going:0.00994436385410814
parking:0.02505201632799745
main:0.016979073112451268
s:0.002833042378337983
