go:0.013797391856695937
say:0.013457765774947117
there:0.006509070819696081
rd.hydro.on.ca:0.0445939882342668
true:0.018321140369913804
send:0.02080388028990229
chris:0.02721097335403759
where:0.013102530483927387
your:0.01787137903803209
syl.nj.nec.com:0.04347183216891294
my:0.006739108236385115
ground:0.027496125272321568
to:0.006842123489812635
dod:0.024804709515549198
otherwise:0.025201310862496707
helmets:0.04439419478060229
enough:0.034498560665778666
like:0.008259851514245908
nt:0.010128773783296999
toronto:0.028490073015181434
seat:0.07035884368701648
re:0.005304120606782561
exactly:0.02281122449129084
so:0.007246883669396596
off:0.015485513815293265
on:0.010787421813601913
you:0.011825510412951528
fall:0.027661709414144198
helmet:0.11253667044511685
inside:0.02662450728421409
a:0.002971285374141266
as:0.0056745685121774355
ride:0.02994822366527576
ontario:0.033683334763931
shell:0.06835772881808165
boom:0.04126062916160201
no:0.007984012313351134
it:0.019452790339856564
not:0.004275957507630957
have:0.003625890873387609
ve:0.012944210631400242
energy:0.03252202149285994
kind:0.019542742531652908
crack:0.037077871529643786
against:0.03664228073982761
always:0.01884366026949438
has:0.007551592013379794
jody:0.08441532062993484
free:0.020478778681735713
be:0.012307686322073857
writes:0.004689804191613917
down:0.01676855019115715
if:0.01425851956943424
of:0.0027580224902941652
what:0.006527958177281072
but:0.004718320725180214
levine:0.0820235091060229
one:0.006973836225359025
in:0.002520279459496319
or:0.004782350763851669
and:0.0027077830814949636
275:0.04077131801630448
subject:0.0001893401198015482
i:0.005415566162989927
directly:0.025762413656002695
stupid:0.02738784532813158
behanna:0.08384786907513059
the:0.00481118942546204
less:0.019495500401392037
got:0.01568903419596152
can:0.01839502111569603
put:0.017641555315934605
drop:0.030706891179830147
head:0.04897673383625083
is:0.007621918493352167
compress:0.043300927547784855
lot:0.017578392824577238
protect:0.029286295014267116
observation:0.03721972022969108
designed:0.027869485084274913
bike:0.02675434520935137
leave:0.02505802925031572
article:0.005747041704373057
doubt:0.024681363822557218
s:0.008800514622071182
