shield:0.13074910882678126
with:0.012713638625859724
tm:0.09991470283392494
to:0.002996085130632241
motorcycle:0.20193927701109596
me:0.02355627566096836
willie:0.1317154514913646
used:0.042923119746453596
helmet:0.3449493594078582
m:0.059513683135481395
a:0.009107635603346055
not:0.013106739316868801
buy:0.06536611141834708
piece:0.09368936769116332
looking:0.11277762371333235
but:0.014462678744574136
women:0.08215902595290053
please:0.041639464280549016
necessarily:0.08450571810991743
adobe.com:0.2313613837161736
email:0.05964997084712915
in:0.003862602215097619
for:0.0070728013676537825
subject:0.0005803686280873543
adobe:0.12726339904253822
i:0.00829994379327804
face:0.07802764328142521
directly:0.07896739838035609
the:0.004915780499928606
around:0.05146074854681817
interested:0.06254513511771564
thru:0.11219498207384376
full:0.06716657573746203
s:0.026975490472000797
