some:0.014968421476068642
dan:0.10189239716377585
stopped:0.05776361952332968
attitude:0.05636362860070158
posting:0.042297289191746676
story:0.09218096225673343
sorenson:0.07797308060035218
iastate.edu:0.061617279488556456
my:0.012182234119619247
to:0.0035338440002328996
dod:0.04483928258580047
most:0.023802505948295357
officers:0.061534298533356235
us:0.052817343235512716
that:0.004447495197877908
guy:0.04341449675575473
mi:0.06836206276928439
nt:0.00915485322721075
re:0.004794109009976545
so:0.013100135863909231
charles:0.05277246993504917
he:0.02038632317333635
potentially:0.07349008382497078
why:0.022816956155820595
a:0.0071615596197251025
speaking:0.05404460626705636
was:0.011352065821812635
as:0.010257873848936134
usa:0.046725919051650314
let:0.029553047984010573
stuff:0.03747969939325156
hey:0.049412038277322684
police:0.04712287066195758
cool:0.05885675608300517
have:0.006554495040354523
probably:0.03060543224396421
laugh:0.06503097151353036
viking:0.0720973422736529
details:0.04890797284987609
writes:0.00847772296176362
get:0.016850948401168235
of:0.0024928280200735725
never:0.028255631164895646
please:0.02455660713981096
who:0.016577600951716003
in:0.002277944896083211
and:0.007342257970976728
for:0.008342278536207025
subject:0.00034226867810279864
i:0.007342257970976728
55:0.06302367586363881
the:0.0009663500128064781
do:0.018418408177089656
when:0.016765056959535077
an:0.011511514596945343
just:0.015056263634178025
here:0.02308206289260764
warning:0.05500180535383866
either:0.03209695778350459
90:0.051691787301850416
break:0.050310340362152386
wanted:0.03904051268648849
live:0.039701131717277675
answer:0.038926551822164826
share:0.05232114127872892
