some:0.018984339433062672
since:0.016266842466696598
read:0.01843091920242213
at:0.014324634348852538
bnr.ca:0.075885376747109
happen:0.027492944928189558
tried:0.025185886610054237
knowledge:0.030055049958147447
900:0.044709715289978455
wonder:0.030002989494446578
though:0.020207676435859186
o:0.028463243770730746
wheel:0.03950807951880242
1980:0.043717010437938617
my:0.015450638395614657
to:0.003361461366075197
dod:0.05686933401125915
obviously:0.02993409008801591
80:0.03249318396311634
day:0.020677260453356685
enough:0.01977356525965363
that:0.002820362808410381
talking:0.026501554311888362
nt:0.011611033361340464
phase:0.04460480955960522
need:0.015619528386156394
re:0.0030401666892534195
big:0.022567321576159004
you:0.013556072912407851
used:0.016052548848267203
society:0.03021326193826706
am:0.013287287452856632
them:0.01191755424009952
m:0.011128574895252619
onto:0.0353996965558077
a:0.004541476832020798
hard:0.021985637419313087
was:0.007198871008954355
idea:0.022539644676916718
worth:0.02857856600643771
sig:0.0383669627895754
soul:0.034272189340084525
no:0.009152404359207398
it:0.011149770072844617
texas:0.032261542046089456
keith:0.09610895290535773
motorcycles:0.04481599237589189
has:0.02597010911918417
feel:0.024766477107692503
poor:0.03212566008695335
suffered:0.042916684642708924
be:0.004702937049898141
writes:0.005376117000142784
get:0.010685967278789614
were:0.0126122219306691
if:0.005448377396450483
of:0.0015808177688271436
what:0.014966538260107826
must:0.018841141686825182
find:0.017206884046125127
one:0.007994397624192054
in:0.0014445504219064269
better:0.01818061683984881
and:0.0031040440202503242
subject:0.00021704843001640894
i:0.013968198091126456
employer:0.036748702629127036
containing:0.039127337244947956
any:0.008319408669014695
pretty:0.023398537048127048
the:0.0012256146503887041
do:0.017519949241621872
would:0.007582517448003058
hate:0.032731619858193735
did:0.013365130434495654
wheels:0.044923677146217256
an:0.007299984866355584
thought:0.021825905733265958
insane:0.0943097420274225
introduced:0.04211106754804038
about:0.008008261628633103
company:0.02736689463114919
hold:0.028209598479219677
bucks:0.043717010437938617
man:0.02356137673817235
first:0.015264673409683262
article:0.006588072197695944
neither:0.030429117483747718
appear:0.03210323226224539
