at:0.019796966572009685
ahead:0.04855774701863805
my:0.021353129468096657
to:0.006194153528498116
dod:0.03929734878306109
might:0.023899832987398267
t:0.057893776516863865
speak:0.04028576196222915
think:0.016176944129534326
pipe:0.06598661223560574
me:0.02435030742482123
re:0.004201578682900792
so:0.01148101794814517
he:0.0357333305060727
bell:0.05014834886495026
throttle:0.0680776490854244
burned:0.05467827707978042
on:0.017090185120425504
you:0.012489864930533076
seconds:0.05200184994283199
more:0.01428560703169355
a:0.0015691057593779719
was:0.019898003013514284
as:0.008990046744011443
worked:0.04319285214128483
lean:0.06422433727501058
usa:0.04095080546099691
cbnews.cb.att.com:0.06757819107901054
columbus:0.06497367856151251
boom:0.06536796305377397
pipes:0.0670999931641926
have:0.00574438891177138
after:0.02167655828837024
attack:0.04436738840737283
towards:0.046851428487073486
neil:0.06270135421887323
his:0.08289568725866321
if:0.0075297799973416775
of:0.004369451361027835
what:0.020684092202171486
never:0.024763362144515286
again:0.027436731888854135
oh:0.03628894588923004
one:0.01104843716601823
and:0.004289858589784155
few:0.025681207875351532
for:0.007311210402518516
subject:0.0002999658077754865
firmly:0.06497367856151251
i:0.004289858589784155
away:0.03111217512723225
face:0.040328894280287186
turned:0.04412245325745615
than:0.016074171710331025
warm:0.1188589553015841
the:0.0016938269887394448
see:0.019880738892260406
got:0.024855660917197462
just:0.013195377117594224
chase:0.0668683157798922
lawyers:0.062389224285085865
keep:0.02976870319242608
labs:0.05874134703010981
dog:0.11181047083293146
shoulder:0.06208553133690699
teeth:0.06302240334745812
