confused:0.050868053772892385
out:0.03720559260254084
there:0.009660831427127868
andrew:0.03963640167549472
behind:0.0371341305368284
your:0.02652488888802658
with:0.006156077650416288
my:0.010002255382424224
otherwise:0.03740405085907406
that:0.0036516276361523874
its:0.021766574274043896
me:0.022812393271674624
generally:0.04070262624445368
re:0.003936215818717585
scott:0.04023239003338428
deeply:0.05935166087505333
two:0.019629362448982224
detect:0.05394317401290461
you:0.011701031355973092
a:0.0029400086859924105
old:0.027872769287813938
drinking:0.11344743381615842
works:0.031317115721586734
co:0.04805248150832121
it:0.010827013570735957
try:0.02564620707729887
only:0.014037223560729332
machines:0.041536279314571496
money:0.03263389228135926
decent:0.047426971819154895
after:0.02030751250173633
free:0.03039481888552353
writes:0.013921313495106575
get:0.013835515529380235
if:0.007054214944877992
of:0.008186972023820575
andy:0.04717692880854324
sit:0.049007522070318714
what:0.019377728484139604
breath:0.059999638696100005
find:0.022278386712351474
in:0.0056109379545628574
cats:0.062223944945228496
or:0.007098015344243003
and:0.00803784030506926
for:0.0034247248727586736
subject:0.0002810205988633505
costs:0.043328975315093006
car:0.06439249136596609
i:0.002009460076267315
back:0.02217217600071092
silly:0.04918543586824085
the:0.0023802726631233255
riding:0.0950573522890832
can:0.009100694657239087
thinks:0.04768309919451838
hits:0.05213422393999241
an:0.009451559353281439
cars:0.04023239003338428
just:0.012361984878588273
jerry:0.05137111339222237
is:0.011312531658554269
their:0.015933511774544357
article:0.008529819792806327
carbon:0.06426769246565962
three:0.030720926383920766
comes:0.06366687025780024
lots:0.038407315909645905
