bottom:0.025933607675427864
simply:0.01768001930568433
ability:0.04633860884923037
there:0.005305080841486401
entirely:0.024023844197579265
know:0.014264452319749153
among:0.019910436231131937
stand:0.02276149453448822
with:0.003380505068147672
much:0.01009940387028862
themselves:0.018707804718629
to:0.0071698222201257095
line:0.016322565021999934
near:0.02083685420509552
most:0.010731765687670739
been:0.008481158307638377
make:0.010173875626298864
that:0.006015687146262603
motorcycle:0.026847418330954952
countersteering:0.10715963161372347
generally:0.022351153140017913
need:0.011105213823683445
re:0.00216150579640561
practice:0.023737156676542432
accidents:0.06535775330051569
so:0.005906419638063122
these:0.009575930480340708
on:0.008792060553282483
dare:0.029080439578893728
input:0.024665614447252696
a:0.0024216834552249623
hard:0.031262813902607045
basis:0.021544556514670514
was:0.0051182724514530955
as:0.009249874684589808
running:0.017499771170212147
lean:0.033040265996970755
riders:0.06746551696287355
question:0.012618416666746268
brake:0.03156690039218006
thread:0.024063166436439104
it:0.0039636465865892714
not:0.010455086853918464
have:0.002955205856344814
ve:0.010549905774725053
hurt:0.07821470998709242
between:0.013426970208360724
always:0.015358127734096574
after:0.011151524206155786
brakes:0.0321759207139016
has:0.01230953149001793
provides:0.02553844153202098
danger:0.02833212705151288
braking:0.037432396373032126
be:0.0033437066886559032
which:0.007467585737095478
writes:0.0038223259596390884
of:0.00561967010305603
even:0.009706123975526159
exclusive:0.03285674750960324
failure:0.027452891339388847
seen:0.029970692377137027
opinion:0.01912896858143173
what:0.005320474583795556
but:0.0076911355173457825
tend:0.02462198898115222
years:0.012888875277343314
understanding:0.023203206849195523
fact:0.013862815772421036
alone:0.02219198459777164
they:0.005392598985593894
mjs:0.03587002452482455
one:0.005683878079627875
in:0.004108201199872612
or:0.007795508181538558
and:0.0044138429420900556
subject:0.0001543176698960595
i:0.003310382206567542
face:0.02074723462974312
any:0.01774486588940128
will:0.006550897947417828
the:0.005664039959455312
strong:0.020870823040291964
essentially:0.026015989309573537
would:0.005391038416788301
effect:0.020036840778164196
because:0.010200706930026091
agree:0.017436735138522768
did:0.019004751947317516
an:0.0051901626506458765
many:0.010712144668081465
jerry:0.028209570937925577
draw:0.024408667842797008
is:0.006212083858743674
distinction:0.030393831929771447
else:0.014604348123341368
average:0.022424977219090095
conclusions:0.029271542828956665
study:0.06425502916360921
does:0.0070432879441475445
lot:0.014326898198065841
primary:0.026597418424632313
almost:0.01746816722696282
rider:0.030696537048368652
three:0.01686987286978308
understand:0.017318828109454645
by:0.005725060548076104
mike:0.01847058976276129
identify:0.028805132937337347
everything:0.01785932071631938
