believe:0.022631998753441046
out:0.012272678115421456
all:0.0099382065692322
delete:0.055775667008217636
technician:0.06137350712437088
saw:0.03538938107432765
where:0.0384886832965367
your:0.013124293981054818
to:0.0057424965003784615
dod:0.036431917100962885
declared:0.056886185081741154
bikers:0.0631136538396122
legal:0.03936786660243151
concealed:0.061175088426759484
that:0.0036135898482758
weapons:0.04166204151551743
really:0.020327038991572143
re:0.003895213570605943
anyone:0.01742619530876449
charles:0.04287763182222745
98:0.0582771370882466
student:0.04190643200175699
on:0.005281341929575936
you:0.005789572806340852
holes:0.04992962911741142
came:0.03144507012997861
m:0.014258486584542417
more:0.02648789637126512
sure:0.0227296252099917
a:0.0014546917977566614
minutes:0.04151215883372472
stolen:0.051131525722816054
boom:0.06060154908110295
files:0.03447199546445509
are:0.0066969935583460986
log:0.05742049023161148
it:0.003571410726458041
not:0.012560625178665935
zero:0.04826681510082929
deleted:0.07319540618746534
real:0.026641602645815075
allowed:0.03991492945955074
attack:0.041132266336001894
integer:0.0631136538396122
be:0.006025638095181992
writes:0.0068881499064329405
end:0.028169097943494887
of:0.0020254227663097776
but:0.00693003356510844
dr:0.04082129796985938
please:0.039904486602192805
in:0.003701660456135218
5:0.027071592572059197
handguns:0.05742049023161148
ought:0.05199031394376474
speed:0.034984012155060216
world:0.02626302800763205
speedy:0.12315155770409805
and:0.001988528200472864
subject:0.0002780933009585239
i:0.00994264100236432
will:0.011805264009409212
the:0.0007851593854052635
engr.latech.edu:0.061175088426759484
moral:0.0418141123428211
come:0.025012434109056337
is:0.011194692787110995
carry:0.08109287187361054
unless:0.032063139851463446
bike:0.03929544452623482
dog:0.05182881200068177
article:0.008440967503297927
full:0.032183984207533885
earth:0.036672241277018215
by:0.010317036196012146
black:0.03676617037754101
god:0.055274546495317184
