king:0.07364304394522447
my:0.016670425637373705
melbourne:0.10206576687343655
to:0.002417893263317247
front:0.12340178699529591
been:0.02574105942493753
make:0.03087860497104743
conversion:0.08811962871782449
seat:0.0870227803497309
phone:0.05153240572297489
this:0.009210218217042439
abused:0.10629668015092582
fork:0.11081999785798019
big:0.04869790445381679
performance:0.06650896901046695
am:0.028672567661427464
a:0.002450007238327009
price:0.05491481055866601
standard:0.05340429018354801
rear:0.08310798120386757
cover:0.06884572891662957
always:0.0466132648771703
hm:0.09354808589481022
cam:0.1075355848388899
selling:0.07315398483069369
has:0.018680253927834227
chain:0.09137493709283152
battery:0.08268774890522736
kit:0.09054331886661075
never:0.03866560054143615
excellent:0.06833448093579626
heads:0.08513452308319819
miles:0.07042376815633027
in:0.0031171877525349207
tires:0.09224794603246422
valve:0.1008553656192795
or:0.011830025573738339
and:0.020094600762673148
for:0.011415749575862244
subject:0.0004683676647722508
i:0.0033491001271121917
room:0.06996541193541413
than:0.025098268109113354
bar:0.08840490101382063
is:0.004713554857730945
new:0.030245606401465733
blue:0.07011687065725103
sale:0.05569951147550227
condition:0.06663324716640387
springs:0.10629668015092582
