thumbs:0.0858269271721026
at:0.024471250345956416
bnr.ca:0.06481875930482227
wave:0.20512997819553783
ever:0.01835709761687403
with:0.00406130122770519
boys:0.03766847079669746
my:0.013197420296254184
to:0.006699579250441539
matt:0.034087683815210705
bikers:0.042075769226408134
most:0.01289302405532665
cookson:0.08901546108383175
reactions:0.03875292031583137
tough:0.03328641941160761
that:0.0072271796965516
helps:0.02937480761203446
talking:0.02263674430807131
me:0.02257476417509468
re:0.0025968090470706285
happened:0.0234187562412391
started:0.022772533861034065
michael:0.020865938900511728
so:0.0070959069262841665
had:0.010655614483903716
something:0.013824036924746685
on:0.003520894619717291
you:0.003859715204227235
m:0.009505657723028279
more:0.008829298790421707
a:0.003879178127351097
other:0.019157055386554316
old:0.018388285294043915
idea:0.01925261316153303
also:0.010302063414441433
starts:0.031058766488842843
no:0.007817678723489652
yeah:0.027459878084639944
it:0.007142821452916082
have:0.0035503514801920335
ve:0.012674539576579404
always:0.03690216802775982
has:0.01478853435953543
be:0.008034184126909323
kid:0.07033301263068754
noticed:0.028168076535793923
writes:0.013776299812865881
of:0.0027005636884130367
future:0.024336849474429514
reasons:0.025253642193028506
what:0.006391959048587716
year:0.01718583830701147
never:0.015305133547651808
least:0.016719877657683905
seems:0.016364493676257485
up:0.018659171810449786
good:0.022500136824437487
in:0.004935547274846957
5:0.018047728381372797
or:0.009365436912542852
and:0.0013256854669819091
subject:0.00018539553397234928
each:0.01768062081500427
until:0.01986920642614336
i:0.009279798268873365
employer:0.031389516829046005
impossible:0.028585087881484967
than:0.009934731126524035
the:0.0036640771318912297
do:0.004988318881295115
see:0.02457480224182189
when:0.01816214503949633
riding:0.0313557238453573
return:0.025627553526506447
may:0.012923788384998825
sport:0.0348249073973523
people:0.010453285694952203
paul:0.022743211743812896
figure:0.025642344681074677
notice:0.028041426622253778
bike:0.02619696301748988
article:0.01125462333773057
little:0.032574148637478664
give:0.016411362995527822
mike:0.022190361312206273
s:0.00430858528372235
biker:0.03783785588783745
