mans:0.04242436535978796
likes:0.028902860715412527
looks:0.01870549439548574
believe:0.011872523936231368
at:0.004814016461499623
there:0.005015185713536325
ba:0.06282793268086265
british:0.024363963605092593
bnr.ca:0.025502462677307124
rr:0.14154764092971714
nick:0.02718888498396421
means:0.015489591368517774
i.e:0.018877262278554116
own:0.012385194729770465
with:0.003195778015243428
mary:0.025627370535646198
companies:0.021730231396654295
from:0.004626077893061069
clause:0.03298599952322794
wrote:0.014074180189578477
sell:0.038033577038038995
easter:0.031889438345839134
name:0.030188333397051924
to:0.002259342885394805
dod:0.019111825364439547
gm:0.026902292222365617
front:0.019218311089431332
legal:0.02065199559471817
mail:0.016744893469048394
that:0.007582614763595122
think:0.00786747556026533
nt:0.00780413717729441
anything:0.012684377870597834
re:0.0020433907255637735
lotus:0.06725924533778248
so:0.005583664466584263
this:0.002868756493832891
off:0.011931461464242352
posts:0.02198370203370859
apr:0.020367258344469938
management:0.024753521439777302
on:0.008311620085889999
set:0.014477675323092465
ownership:0.029078206696568267
them:0.008010159407280004
a:0.00686805307793309
price:0.017104613124830397
was:0.0048385854322480085
sensible:0.032520656308253584
college:0.0225110125714134
a.m:0.03557866607839251
kevin:0.02462055914109134
it:0.014988215507758336
not:0.0032945902107976224
morgan:0.031790976567135976
have:0.005587438395056315
fundamental:0.026706411720873072
able:0.014412378284757754
minor:0.02374826326354006
list:0.015910538780992238
regardless:0.02472666889987331
be:0.006321980952322091
outright:0.03159922072117276
get:0.007182371449678264
were:0.00847706719930218
if:0.003662024151712619
end:0.014777231708062891
of:0.003187550583044896
but:0.003635427443991313
gmt:0.023154635717076696
must:0.012663718182948073
they:0.005097921445397506
who:0.014131725401462823
david:0.013641777264177563
in:0.0009709273327567785
suspension:0.030494101232129606
u.s:0.019277280879774306
yes:0.029145856508239223
or:0.003684762063951286
use:0.009086226927581136
and:0.0020863246693485784
for:0.005333587916591377
subject:0.0001458850103388978
costs:0.02249318390674227
i:0.0020863246693485784
we:0.007364720796251202
seperate:0.03089314568576288
tue:0.03159922072117276
20:0.017184876220795738
will:0.006192925381985161
the:0.004942642688452807
do:0.007850469059087395
thing:0.012371215492486102
when:0.007145761982752655
would:0.005096446153575826
can:0.014173212990782186
1000:0.025533422991709732
may:0.010169538401310551
last:0.011913456568631136
development:0.021241874497574875
cars:0.020885666957221348
jonathan:0.026122980161169762
long:0.013007165273817404
address:0.017447111223680933
company:0.05518242687920246
is:0.0029363128621930482
write:0.017782371174795156
npet:0.03502247649199938
1993:0.016555496191312226
le:0.029321112502966262
too:0.01066949654570763
dave:0.038319941763656745
him:0.013095712040236655
late:0.021060868773940818
bike:0.020614003685893677
owns:0.03089314568576288
pettefar:0.0704033117033757
happy:0.041509235939727
s:0.016951810952350228
