some:0.06486315972963078
could:0.0838393975181143
me:0.06019937113358581
tell:0.13389028075680293
a:0.007758356254702194
timing:0.3055163878148527
advance:0.17575006759314718
soul:0.23419329382391088
1981:0.30479953199063564
kind:0.15308481649794775
david:0.13869140218580522
in:0.009871094549693914
for:0.018074936828448553
subject:0.0014831642717787943
special:0.19420617738139015
the:0.004187516722161405
canada:0.20670042183370257
bought:0.20350465271491447
