looks:0.04504086150491961
at:0.011591644900716198
small:0.039325603950868565
wave:0.2591115514048899
watch:0.05058110316545197
someone:0.028992869929776576
mentioned:0.04625215287883997
from:0.011139108610923362
kids:0.057846881984930563
both:0.02954873792510839
my:0.025005638456060558
to:0.0054402598424638056
bikers:0.07972251011319435
that:0.004564534545190484
like:0.030648396408122978
nt:0.018791540834801012
re:0.004920269773396981
anyone:0.02201203617949199
on:0.006671168753148551
cage:0.06987501196536548
m:0.018010719896264106
fun:0.054161219143866256
other:0.018148789313577773
wife:0.05317081614663118
town:0.05860564043032279
cliff:0.07678641075379686
are:0.008459360284226652
care:0.04165811764834075
it:0.00902251130894663
mt:0.07342658586157523
open:0.04348632340464951
usually:0.08678291426806876
sort:0.04128238562711881
of:0.0025584287574439294
reasons:0.047849006260475065
but:0.008753726608558028
they:0.012275258217207152
who:0.01701385360834011
good:0.021315919096835514
in:0.00467578162880238
or:0.017745038360607507
subject:0.00035127574857918807
each:0.03350012364948178
i:0.010047300381336574
back:0.02771522000088865
the:0.001983560552602771
do:0.01890310312911833
thing:0.029788584672696794
when:0.017206242668996525
thinks:0.05960387399314797
jim:0.044556983512485125
type:0.042638322504364425
bike:0.04963635098050714
wide:0.05660311654424482
cbnewsj.cb.att.com:0.0738025512884707
while:0.028557138235243713
especially:0.04112231194075449
strange:0.057846881984930563
s:0.008163635274421294
