whats:0.04753491351070298
at:0.006776653941957162
fast:0.053566121922277506
true:0.019871390708906513
corner:0.03770352292239791
ca:0.01581960458532555
bikes:0.036970367693133874
times:0.021619047242254052
wheel:0.0373807213908669
to:0.005300766000349349
dod:0.026903569551480287
line:0.04344313459701521
then:0.012276002690583102
80:0.03074355098048699
zx-11:0.046099636929315194
randy:0.19287641020072047
day:0.019563869505868248
bit:0.020962186138889997
like:0.008958762026989794
nt:0.00549291193632645
re:0.0028764654059859275
dream:0.038332984601225854
brad:0.036773118226877434
this:0.004038326449010915
mean:0.020334015821768157
these:0.012743353639222636
big:0.02135215810667352
standards:0.03259460258634643
you:0.012826130524816659
performance:0.029161624873820124
pilot:0.044890517056065865
state:0.020443949130312434
cycle:0.038889297382607595
more:0.009780146352467123
sure:0.016784954001224643
a:0.005371169714793828
uunet:0.029053787018594505
as:0.012309448618723361
rear:0.036439653297080404
handling:0.11136508997783329
rumor:0.042607963917822025
plus:0.027506921953689777
straight:0.06148710196097398
early:0.026944162298409857
tad:0.045321974491843116
not:0.004637769296738192
have:0.015730788096850856
probably:0.018363259346378526
1/4:0.04292631173445937
er:0.04230226908205653
writes:0.005086633777058172
upset:0.039771319754300975
if:0.005155003228949302
of:0.002991393624088287
but:0.010235126496160159
present:0.027880771406379262
well:0.012945137770410346
they:0.007176304803905721
good:0.012461614241226918
one:0.007563930059812481
email:0.021106912761291854
in:0.004100300812949781
according:0.026457893881432448
world:0.01939423606717444
better:0.017201660548472334
and:0.005873806376781383
gets:0.02567166417225234
seriously:0.029822720487671855
subject:0.00020536120686167922
faster:0.030002315595341018
review:0.033243380651221434
mile:0.040850006995136745
than:0.01100462524784201
the:0.0028990500384194345
can:0.006650507634136257
quickly:0.03265137264248199
sport:0.03857528204014409
just:0.009033758180506815
is:0.004133425029087137
days:0.022909635573462865
goes:0.024792516892235977
request:0.030002315595341018
nigel:0.04660700591232902
art:0.0354768598897419
article:0.006233329848589239
very:0.04022867288731032
davis:0.07619617345075815
by:0.007618734421670509
hp:0.03327421158504865
everything:0.047533268983434664
s:0.004772586775815526
