typical:0.056438042275087905
at:0.011151455853853557
agate.berkeley.edu:0.07433934796163177
all:0.012076807982864445
ever:0.033461038694048865
florida:0.06464432853324731
to:0.001744555898849153
ccu.umanitoba.ca:0.1501538581542503
make:0.022279499789236754
that:0.004391197790309833
cold:0.05592595424100798
through:0.02999320625347882
nt:0.009038969009144792
its:0.026174994380179367
re:0.004733424085799627
michael:0.11410234943064643
invasion:0.06792105807649147
you:0.007035430245680024
straight:0.05059065351219378
are:0.05696683128112125
no:0.028499892055253412
internet:0.03615865750777982
it:0.01301982644582172
robinson:0.5329267473699185
uucp:0.053590235535899665
attempt:0.04881833414223538
writes:0.01674082002576107
get:0.01663764525684965
of:0.0049225464700187
even:0.06376554864934275
andy:0.05673174983305832
canadians:0.14596361920545098
but:0.008421306610764687
they:0.023618218341968193
one:0.01244697351614712
in:0.004498220301126341
our:0.028225005354182195
and:0.004832878664440378
still:0.025844418762399332
subject:0.00033793616319010504
we:0.01706004943941734
yet:0.03329200940109068
the:0.0019082354683267165
when:0.016552841048654884
boring:0.0721514642548038
can:0.010943873321996372
their:0.019160552133945748
first:0.023766516827734698
article:0.01025737823185571
going:0.0275672871398694
aware:0.0518594583795048
s:0.007853623808304028
