another:0.04106491352571442
feeling:0.08086364538128744
join:0.08491861167580095
with:0.010830136607213839
weekend:0.09346870105415354
to:0.0025522206668348716
most:0.03438139748087107
been:0.027171118281878504
like:0.021567390064975427
along:0.1294059781904161
generally:0.07160647209672405
had:0.028414971957076575
jon:0.15368030606364197
more:0.023544796774457886
a:0.0051722375031347965
speaking:0.07806443127463697
other:0.025542740515405754
riders:0.10806976328312151
others:0.04993200413089622
mind:0.05610473709278031
are:0.02381153265189724
those:0.03436880841273259
not:0.011165000158814165
have:0.009467603947178755
of:0.0036007515845507157
in:0.0032903648498979715
our:0.041292137462599875
subject:0.0004943880905929314
welcome:0.15494882173190413
car:0.056641543331173876
i:0.010605483735855273
group:0.14983977415592473
than:0.026492616337397426
the:0.001395838907387135
do:0.013302183683453641
when:0.07264858015798532
riding:0.08361526358761948
may:0.0344634356933302
last:0.0403733805936944
people:0.02787542851987254
distinct:0.11059072947431743
rider:0.09834260943273661
seem:0.05110578805362477
