some:0.0103321847356934
large:0.026495877167146686
at:0.00779615055269408
agate.berkeley.edu:0.05197175653954788
british:0.03945668442240659
all:0.025329234441936934
ever:0.023393115547166908
where:0.01634917520560851
much:0.01546191919964541
ca:0.018199545098162132
florida:0.04519382260288971
to:0.002439290548833329
ccu.umanitoba.ca:0.05248741059374236
us:0.018228994568008815
day:0.022507106511175858
that:0.003069952437473246
cold:0.03909867597380204
think:0.012741132986978364
like:0.010306540385032505
through:0.020968701717033866
nt:0.006319279218782642
could:0.013354948277221746
its:0.01829933235428469
re:0.00330920798918735
lost:0.031013330303697788
michael:0.026590223023660965
so:0.00904257165827363
invasion:0.047484633522502886
you:0.014755725382532439
am:0.01446315359912713
why:0.01574975734649563
a:0.0012358443591561018
how:0.011640380506452427
other:0.012206265379043457
services:0.03536868696870185
straight:0.03536868696870185
are:0.03982636877175733
no:0.00996235164763283
those:0.016424032338827964
it:0.009102356541769167
robinson:0.10645060187667146
only:0.011801205648400766
ve:0.01615162565511004
be:0.005119126169358153
writes:0.0117037591330542
get:0.011631628099921435
were:0.013728347765241585
things:0.019776335647258846
if:0.005930534688171764
of:0.006882852586397828
even:0.014859818121823236
andy:0.07932403958958598
canadians:0.05102268104969304
but:0.00588746214380894
least:0.021306746749614885
well:0.01489263637303845
they:0.008255925880599502
who:0.011442945789680073
up:0.011889029826127297
in:0.0031447734848582386
our:0.01973252586708313
better:0.019789520984968167
and:0.005068107272001635
still:0.01806822196663316
subject:0.00023625625568157783
i:0.005068107272001635
group:0.023868282608908362
we:0.04770774887483079
yet:0.02327494462554127
the:0.00266815224774886
when:0.011572340202156955
can:0.007651026481749676
anonymous:0.040219318902415896
thought:0.023757401815855863
just:0.02078563829143161
new:0.015256633317553512
man:0.025646454325621227
article:0.007171087436430097
going:0.01927270516858126
aware:0.036255727539653795
wish:0.033062632874148484
s:0.00549058655624795
