since:0.01835616168260258
go:0.017848002310037865
at:0.008082247820682854
out:0.01080896421174734
there:0.008419990693368325
andrew:0.03454548769882568
all:0.00875291587748891
with:0.01073077755577151
post:0.02369337435257964
my:0.017435124061106446
to:0.0050576115966636
dod:0.03208682607057282
remains:0.04236104338355809
sutherland:0.0544135541017696
ai:0.04451988821781924
infante:0.1673917510136001
that:0.009547833727554408
nt:0.013102358747200707
me:0.009941180554170136
so:0.018748818300640735
anyone:0.015347841739829279
on:0.004651457112287064
you:0.010198146594655448
apparently:0.03475835831423544
more:0.011664394732300238
sure:0.020018752478524804
a:0.0025623928914612756
was:0.016246993286263958
listen:0.03918299422333274
quotes:0.044582511750575204
plus:0.032806420678712575
course:0.02244175963211027
place:0.024948877223086474
have:0.0046903725976848885
only:0.024468554830629114
ve:0.01674434586263701
yourself:0.03216765753554672
which:0.01185222323410567
get:0.012058476837533232
of:0.0017838585831719143
andy:0.04111750675973952
liability:0.05321145995125214
what:0.008444422963271846
but:0.00610351580046248
ok:0.029943570555146164
fact:0.0220024507213655
called:0.04921567882305934
one:0.00902120098876718
bmw:0.040655544501522874
71:0.04661400429103924
total:0.03358729812664589
and:0.005254092859964999
for:0.00895455585996534
600:0.04509951116847549
subject:0.0002449262100185165
car:0.028060948072324676
i:0.007005457146619998
everybody:0.03741201192418522
will:0.010397296742231967
than:0.013124782405683131
the:0.002766066091702947
do:0.013180145301036637
thing:0.020770022340595932
less:0.025218950060516308
around:0.021717380120675558
got:0.04058997837854265
can:0.007931798095758839
last:0.020001491303298147
places:0.03499836589257188
first:0.017225273664137994
nothing:0.02343904588532944
acpub.duke.edu:0.0547880678129646
bike:0.03460883187631691
little:0.043033737649513105
opinions:0.026198258307523325
dammit:0.05353914878246387
give:0.021681066709688137
bad:0.02514312886923288
says:0.023495658205757507
s:0.005692075971156132
