out:0.014194904808198312
entirely:0.05007379573712305
own:0.027307116090939703
your:0.015179906291340514
to:0.0016604809157720853
that:0.012538721401246148
motorcycle:0.05595907676211093
like:0.01403179594588763
rob:0.0530202733975812
me:0.013055285306078853
re:0.009010614524775194
michael:0.07240229401623348
severe:0.06071179949141899
so:0.012310971052830364
this:0.006325089618932759
blow:0.058714302445120874
on:0.006108540063123976
you:0.013392746732740286
more:0.030636603031824722
a:0.003365070182762398
how:0.015847746954567764
operation:0.051876700427740924
worth:0.04235136890110648
physically:0.06464775407280514
course:0.02947170843253035
ride:0.05087589803378172
those:0.02236042956972964
internet:0.03441607160379044
gas:0.04780927315263858
it:0.01652315324048058
have:0.0061596459415379865
robinson:0.3623168075922854
uucp:0.05100757358236233
whether:0.03442721186604608
personal:0.040408379171032724
writes:0.00796701675924774
down:0.028486332252447687
depends:0.051876700427740924
things:0.02692440877277409
of:0.01171328828709269
never:0.02655348470917904
particular:0.0408560415431784
well:0.020275516989799337
one:0.011847119370790632
in:0.00214071929993362
and:0.0022999844246433124
subject:0.00032165008303636504
i:0.0022999844246433124
experienced:0.06152893920634383
decide:0.09864355220753686
than:0.017236160026740496
the:0.0009081361566133169
do:0.017308865515819196
wind:0.06101176999288559
circumstances:0.05846587729809997
is:0.006474039202184673
matter:0.03639642183012702
trouble:0.04596170942518476
too:0.02352431166101803
article:0.009763046750802423
s:0.014950271827855863
