looks:0.06582895143026712
preferably:0.10131518123110866
thanks:0.03833435855608006
work:0.038943701230582765
reasonably:0.0948162599381727
london:0.09771012437929379
re:0.014382327029929637
dream:0.09583246150306464
anyone:0.03217143749310368
uk:0.08310845162805358
machine:0.06255383373700667
jobs:0.18991637015702323
paint:0.18770214508696637
a:0.005371169714793828
place:0.052296684948392805
it:0.006593373648845615
not:0.011594423241845479
examples:0.08438037090698715
try:0.04685364754506525
ve:0.03509872498129681
area:0.06170128932037206
writes:0.01271658444264543
of:0.003739242030110359
seen:0.049855094050429864
but:0.012793908120200198
they:0.017940762009764303
mjs:0.11933681236143553
good:0.06230807120613459
in:0.01025075203237445
recommend:0.08438037090698715
and:0.003671128985488364
few:0.04395437501742859
for:0.0062567089021552695
subject:0.000513403017154198
i:0.003671128985488364
pretty:0.05534653955614667
the:0.004348575057629152
essentially:0.08655319520300428
can:0.016626269085340643
priced:0.11087621074260219
their:0.029109300357340655
bike:0.07254543604843353
mike:0.06145023132610969
