read:0.011625656727681651
ask:0.014946474791571115
sentence:0.025398724483586047
out:0.006041933841438256
there:0.004706558900395627
andrew:0.019310041841907686
traffic:0.022436103904543085
beth:0.0330354001069686
means:0.014536385745839759
where:0.009474137426839804
your:0.006461190882980834
with:0.005998229505533819
insurance:0.022771400105891047
hell:0.01750451756144562
svoboda:0.1385037528033378
my:0.014618680943543098
to:0.005654150400372639
dod:0.035871426068640376
everyone:0.0156795526026313
besides:0.02076967586736866
remains:0.02367873707080939
sutherland:0.030415781523553266
enough:0.012472556548396904
infante:0.09356769672042263
been:0.007524309678058663
honest:0.02405030157960643
that:0.0035579961583023264
view:0.017463326937357086
nt:0.0036619412908843
me:0.011113730055431228
funds:0.025515722831104874
re:0.001917643603990618
so:0.005240054345563692
anyone:0.008579049998160981
had:0.007868761465036591
this:0.005384435265347887
getting:0.013908726011408646
on:0.005200090515274768
you:0.014251256138685175
m:0.007019562626236267
a:0.0035807798098625512
beating:0.0271242231329256
ama:0.025841432604039878
was:0.009081652657450109
bring:0.01945316383225167
listen:0.021902289078683426
jail:0.02820151272137102
drive:0.014481044865671736
84:0.026810153259896274
rz:0.033575710443675404
learn:0.01953853426011401
dixon:0.03376925058717718
others:0.013827324220863569
d:0.009342790883984797
it:0.005274698919076492
not:0.009275538593476384
should:0.008424677652479383
have:0.005243596032283619
being:0.009978481691923837
ve:0.009359659995012483
safety:0.021193196846903403
350:0.028405309278548015
expect:0.017724210682863527
ring:0.025555323067483905
able:0.013525462698003431
public:0.015198690246464582
yourself:0.017980895750638933
asked:0.017293850762761184
which:0.006625088884705219
writes:0.003391089184705448
get:0.006740379360467294
if:0.00687333763859907
of:0.001994262416058858
andy:0.02298363198364927
opinion:0.016970828536347123
looking:0.013301976130290482
what:0.014160647738409712
but:0.006823417664106772
year:0.012691080595946933
never:0.011302252465958259
fact:0.012298805787840202
consequences:0.026514213169533982
up:0.01377908072156292
david:0.012802283278689713
over:0.010286875653945425
one:0.005042620039874987
in:0.0018223559168665689
bmw:0.022725406926492272
71:0.026056033167811677
and:0.0039158709178542545
for:0.005005367121724215
subject:0.00027381494248223894
drunk:0.030625125085195597
i:0.0039158709178542545
everybody:0.020912355383262506
group:0.013831363768239206
driving:0.021472351752313743
caught:0.023154996070417704
tired:0.025322182687603095
warm:0.0271242231329256
the:0.0023192400307355475
do:0.014734726541671727
thing:0.011609909923717725
got:0.011344378572464483
can:0.004433671756090838
1000:0.023962135422989132
did:0.008430313043297258
genuine:0.030214649661228745
rtsg.mot.com:0.05798405805635495
btw:0.019239951386888898
people:0.007719349436272397
about:0.010102730054583299
is:0.002755616686058091
having:0.013419955858565955
issue:0.032116512897075414
carry:0.019961322307350288
90:0.020676714920740167
life:0.014309637709172872
wishes:0.026759628662752624
too:0.010012912142894854
chicago:0.02165486941950709
nothing:0.01310182564872261
acpub.duke.edu:0.030625125085195597
dave:0.035961791501277866
prison:0.028268549037101038
article:0.004155553232392826
opinions:0.014644154643692524
dammit:0.029927011370710573
close:0.017820067775233542
respond:0.02073850127210516
by:0.005079156281113672
says:0.01313347048424394
