screw:0.03648841836541928
taken:0.02405022846539168
some:0.008522166971776306
at:0.0064304015507622705
out:0.017199665680006714
marc:0.03498718536694523
technology:0.024581515954868193
all:0.006963998763841541
true:0.018856064176334647
gap.caltech.edu:0.03853103803688465
way:0.012645057076982068
into:0.013071561335637857
times:0.06154327317138015
loose:0.07617704509834688
my:0.020807611561977402
tight:0.0379467846962019
to:0.0030179543651624036
dod:0.0255289346108937
hardly:0.031873261683135194
most:0.013551791707788597
been:0.021419567696663346
that:0.015192903303699715
problems:0.020022432378772066
quite:0.019388316657732857
cco.caltech.edu:0.03285230766829359
account:0.029742915377571243
re:0.002729492721008544
so:0.00745847151375854
had:0.022400123878571317
this:0.0038319886012512334
240:0.04259684100210629
best:0.017775007882930176
on:0.014803177379249341
you:0.00405692692999067
inc:0.026722740845287602
inside:0.0548037303222509
santa:0.038455397255603284
fun:0.030045639817035293
a:0.0030580382317804272
same:0.014175863872471623
ama:0.03678160115173559
was:0.019389659870833263
hearing:0.033100968650509696
worst:0.031457743896303014
likely:0.024134370838903123
it:0.005005188755328058
should:0.011991329505353865
have:0.003731756300347831
always:0.019393840131377425
transaction:0.04474108274318778
36:0.03823306727396308
be:0.00422234494260928
writes:0.00965346556230018
were:0.011323381733374445
of:0.0070963717359758625
but:0.004856081914236571
never:0.016087147670524528
least:0.017574177975959723
they:0.006809632295676961
one:0.007177451881573886
in:0.0025938642612334376
5:0.018969875086990384
figured:0.03760403299483131
and:0.001393421220769306
for:0.004749618436672613
subject:0.00019486829848188537
cause:0.023018256447752312
however:0.017497072293408123
i:0.006967106103846529
6:0.021447807536928425
any:0.014938500237792807
turned:0.02866349153221604
the:0.0038512927517688838
do:0.005243196488368589
did:0.01199935068206544
thought:0.019595521205778923
problem:0.015442082423690396
paul:0.07171582097319104
is:0.003922228129790714
time:0.03458780955993534
keep:0.03867758516972147
2:0.01422196753354313
bike:0.027535493974587905
article:0.005914838542456942
very:0.01272439775024414
rider:0.07752556072069747
check:0.02415555886560357
alex:0.04094156129871367
