effective:0.017480369842443912
at:0.007627402705233169
behind:0.01527161212553549
traffic:0.0378791364622156
all:0.008260327538063127
truly:0.018867114584547092
performing:0.023978507832540533
your:0.00545425204407473
with:0.0025317202458421963
ca:0.008902807775291434
from:0.003664814954243184
wrote:0.01114967521512061
yours:0.01829579785651282
my:0.00822696330156105
to:0.004176361091184336
obviously:0.01593893108582665
then:0.006908572942752394
most:0.008037209800723108
front:0.030449791596241848
day:0.011009969851787324
next:0.011594718717528898
that:0.006007006501029901
guy:0.014659440462982119
think:0.006232675443846559
bit:0.011796901290284415
like:0.010083455095313188
nt:0.003091249141655578
its:0.008951621454693377
me:0.014072580264994089
need:0.008316891738083273
re:0.0016187900553167555
behavior:0.018391294471511662
this:0.006817953745083364
mean:0.011443385527401994
he:0.013767387078097274
something:0.0172351629191647
on:0.006584530197912856
you:0.0072181686936197646
brain:0.019088218177345424
great:0.010914505146028904
leg:0.024219069958751834
why:0.007704426753913448
more:0.005503978466756389
a:0.004836377925009161
how:0.0056942121092169885
other:0.0059710302503545925
was:0.015332660330759924
red:0.0469171292849682
dogs:0.022505235945366495
let:0.009978951267328246
bull:0.024219069958751834
idiot:0.04588576294589636
act:0.01615425568406214
walked:0.023481644133006213
brake:0.0472820239640446
mind:0.01311539308662397
no:0.004873358165292251
play:0.013861117890824422
flag:0.023978507832540533
reason:0.011568016987049904
it:0.007421113197834891
have:0.0022132061175223067
only:0.00577288414835189
ve:0.007901011684101447
massive:0.021606364236369763
tom:0.03286344782229225
expect:0.014961996030988692
real:0.011071834865793278
gene:0.023277888674746533
usually:0.028551954477806174
his:0.00798454130521756
free:0.01250003374079972
found:0.011578010845268386
down:0.010235348817979039
kinda:0.022107800667214447
if:0.002901084068239867
of:0.005050404819889316
even:0.007269088518467644
ryan:0.019242154549797746
least:0.010422780877517239
seems:0.010201242811173497
well:0.007285142468196298
sounds:0.015422963478618346
over:0.008683726201382502
difficult:0.016135100766398264
in:0.0038458809933872395
1-2:0.02550587309064764
bmw:0.01918378506781815
cats:0.025589934068384012
yes:0.011544787318198654
speed:0.014538810246258792
total:0.015848551929889185
better:0.00968058818745196
and:0.004958407980399869
usenet:0.017680513543912348
for:0.0014084366359830042
subject:0.00023114248391357833
car:0.013240880259235453
i:0.005784809310466513
morons:0.025589934068384012
back:0.018236854719199457
directly:0.015725109634183464
flash:0.02380647177778073
driving:0.01812601121948563
will:0.004906083744170063
source:0.01350332450952305
jerk:0.02664164912730345
than:0.006193079143807191
the:0.0032630000432426537
wrong:0.011443385527401994
do:0.0062192027610952095
thing:0.00980057331222925
when:0.011321856647997713
closer:0.02017886083215995
can:0.0037427099239727853
did:0.00711649802356262
pedal:0.05494885576670608
put:0.010768222075960083
may:0.008056387564674592
an:0.0038870049288386873
just:0.005083933175176995
about:0.004264139308752691
is:0.003489254894683947
move:0.04593279370874049
limit:0.019222610478998935
right:0.008397721185239392
window:0.015095206674567712
light:0.045353437478003814
told:0.013420864791035195
meters:0.05068499009486371
dead:0.014854035215632623
nothing:0.022119965380960248
strategy:0.022851741173390464
him:0.010374525122784882
amounts:0.021778857346963703
bike:0.03266114869713024
going:0.0094277735240246
by:0.008575198916165941
sometimes:0.030342046097990044
s:0.005371742691394098
