choice:0.028363629131718367
feeling:0.03283185601947009
out:0.008858474429176389
there:0.006900593876519905
andrew:0.028311715482496228
harley:0.04555572006468249
your:0.009473174602866636
with:0.008794396643451838
c:0.01944434357465383
bikes:0.03613644962486769
kids:0.033055361134246036
sell:0.026165957135192236
cunixb.cc.columbia.edu:0.03976859782646987
both:0.01688499310006194
my:0.014288936260606034
to:0.005181199849965529
dod:0.026296722117988246
remains:0.03471694532938219
sutherland:0.044594566895435235
t:0.019370474097747684
infante:0.13718572075550683
tough:0.03603943154339471
that:0.007824916363183687
jeff:0.06339066599744957
mi:0.04009203681206152
think:0.010825173139312444
nt:0.0053690116670860035
re:0.0028115827276554172
so:0.015365572893006316
anyone:0.012578306388281136
recently:0.024882041839005182
you:0.01671575907996156
a:0.0010500031021401467
was:0.013315205024080986
listen:0.03211237872438547
usa:0.027403170571644545
let:0.01733186272746485
wife:0.03038332351236068
ride:0.0317496205774728
are:0.004833920162415229
no:0.008464253655507592
hey:0.02897848861376819
d:0.013698076859977709
it:0.0025778603739847515
have:0.007687979145077486
ve:0.02744561953424713
stay:0.02968945540042242
yourself:0.0263629674539443
twins:0.04572857358516895
writes:0.009943795353647554
get:0.009882511092414453
of:0.0029239185799359193
andy:0.033697806291816595
what:0.0069206173157641444
but:0.005002129490604588
fact:0.018032083673901047
in:0.004007812824687755
become:0.0249039306375575
our:0.016765228744213483
bmw:0.033319205644105204
71:0.038202454644535914
and:0.0043059858777156745
for:0.004892464103940962
subject:0.00020072899918810748
i:0.0043059858777156745
everybody:0.030660972178467583
pretty:0.02163924854826787
the:0.002266926345831738
do:0.01620265982495857
thing:0.017022048384398168
around:0.0177984543846138
got:0.01663273550098176
can:0.01300099236748441
her:0.024860216578419005
home:0.022025286104220665
ma:0.030159533272462527
is:0.002020094939027548
keep:0.01992041040696181
2:0.029299391760833213
sale:0.023871219203786688
1:0.014725743548306079
nothing:0.019209443620307583
acpub.duke.edu:0.044901499185061214
bike:0.08509088739515511
afford:0.03552711721882915
article:0.01218545684686618
opinions:0.02147075304902287
dammit:0.04387794900216964
going:0.016374554015411144
says:0.019255840183665923
father:0.03255392222824098
babies:0.08349836032139311
while:0.01631836470585355
s:0.009329868885052906
