at:0.014806134663099681
opposing:0.04528363954846659
tried:0.026032471033921603
truly:0.03662439889941494
where:0.01552484704398119
your:0.010587665732615652
previous:0.029186549745317696
wheel:0.04083608219170333
members:0.0309936328445766
maxima:0.10942682172009796
my:0.015969987585383216
to:0.002316301109396354
dod:0.029390454131869217
attractive:0.049351331840074876
problems:0.023051035595729186
r:0.02605226694730361
parr:0.10429435702175878
re:0.0031423571662031135
charles:0.034590358444822146
you:0.004670579742930435
them:0.01231814429859026
more:0.010684193494291814
a:0.0023470657577250335
same:0.01632011218931607
swear:0.04904006064948371
solved:0.045683875254258655
acs.ucalgary.ca:0.05110840577165941
ride:0.03548487005717548
einstein:0.04725708149029349
it:0.02016796645529247
not:0.015199411980906678
sex:0.03634997904249012
have:0.004296223639896242
miracle:0.09402697748691888
only:0.022412373752424983
650:0.04241436854558228
stay:0.033182332506354474
tom:0.03189687582751895
after:0.0162118797282769
chain:0.1750713080434083
be:0.004861018967541776
thinking:0.029273332217215592
writes:0.005556826815273633
were:0.013036162163632766
of:0.004901863501657277
seen:0.021785419248927334
but:0.005590615313028657
now:0.013881633595615497
wax:0.0983885101841472
in:0.0014931067386091635
albert:0.043139245388308385
yes:0.022410469500032677
clean:0.03648606884013702
better:0.01879173001093616
and:0.006416763268752771
subject:0.00022434417556317895
i:0.008020954085940965
faster:0.032775638885666654
we:0.03397673711883958
face:0.03016194614239966
the:0.00380043534448262
when:0.010988860864233074
level:0.02958432909742646
can:0.014530520881306106
bought:0.030782216377045885
makes:0.023470402371865328
is:0.006773259501445308
does:0.020478803602311347
created:0.03191676544945396
eternal:0.03875623349299535
too:0.016407713175331903
significant:0.03498258650003332
supposed:0.030661302616944205
article:0.006809520002660512
rider:0.04462605806191409
says:0.02152123314645015
yfn.ysu.edu:0.04677675868491578
john:0.022533431929259207
s:0.0052137502592942715
