some:0.011014498822012775
read:0.02138682133865964
say:0.017901367681769278
all:0.009000639911757464
take:0.020054237078638713
switch:0.040114277566133734
with:0.005517239403674975
much:0.01648298933547105
though:0.023448530203874336
someone:0.02078734070436811
to:0.0026003757737562846
depend:0.04834529746439564
that:0.006545370291216543
technical:0.03619572870678585
really:0.01840939380368798
nt:0.026946360442356168
consider:0.03038079319406786
asking:0.03382483787394711
need:0.018124547089596568
re:0.003527740592246892
practice:0.03874083117964001
he:0.07500628337359601
best:0.022973359244919188
on:0.014349306374696886
you:0.010486773385070224
temporary:0.04970178701903444
a:0.003952370167489797
same:0.0183216353823454
want:0.017854697808605487
was:0.00835340692548477
fine:0.030558080923778867
also:0.013995255959241192
it:0.006468970372452301
not:0.005687830269584574
have:0.004823118991958989
ve:0.017218242443655038
be:0.0054571816711082195
asked:0.031814159422060666
things:0.021082320076794808
if:0.012644347542705835
of:0.003668690293693182
even:0.015841126865717224
what:0.008683416066005955
particular:0.031991051397017044
passenger:0.10425683564122117
who:0.01219861202107404
up:0.012674154437286648
and:0.005402793601284762
still:0.038522812872255605
for:0.006138657790793848
subject:0.00025185808388696507
i:0.007203724801713016
period:0.03576425692072279
mention:0.03561013975732946
will:0.010691559857578154
the:0.004266526471636149
do:0.006776584140627327
writer:0.04809592711469606
riding:0.08519291007040475
would:0.008798581567022415
meant:0.038411879994254876
because:0.016648323574476546
road:0.06812551671642472
is:0.0025346474234968293
type:0.030570872738978266
does:0.03448553248125071
advice:0.11009029438395987
bike:0.035588327118099464
s:0.011706344921811666
