some:0.01883123992150571
ca:0.03317013864665034
someone:0.03553964701069387
from:0.013654391200486702
work:0.0326624590966178
to:0.004445803742228486
ccu.umanitoba.ca:0.2869876159883655
think:0.023221742379492826
nt:0.011517395995523202
re:0.006031298431905976
lost:0.05652429555351371
this:0.008467458683409984
der:0.09354917959171746
you:0.008964499829172932
fix:0.07016191869645942
am:0.02636026381776396
paint:0.07871380277840524
a:0.0067572780282890085
was:0.014281631195183638
services:0.06446228431392434
course:0.039454061288709985
are:0.010369538412922992
it:0.00552992628612858
frame:0.07794298561975446
only:0.021508649004343332
referring:0.07660242260829468
writes:0.02133104487153427
if:0.010808877738119504
of:0.006272276953733505
they:0.015047090717866833
who:0.020855691519900778
called:0.04326216928801183
in:0.005731603286919048
and:0.0030790114071837893
subject:0.0004305960789035209
i:0.012316045628735157
the:0.0024314613225453322
uh:0.08294548446336478
riding:0.07282619731824923
anonymous:0.07330295219311284
jim:0.05461823785401402
during:0.04723176628713662
new:0.027806444594895917
man:0.046742731270890306
beleive:0.09046764351489957
their:0.02441425191260829
nothing:0.041207354862917885
art:0.07438696428494268
article:0.01306988516639679
s:0.010007036788000296
