taken:0.013393826421783174
at:0.0035811585872131345
there:0.0037308088844599492
all:0.003878324514822322
small:0.01214937357831712
chris:0.031193067015604068
fax:0.012433509511721097
with:0.009509388240480445
way:0.00704216593311603
ca:0.008359953642651713
bikes:0.01953718617929839
someone:0.008957146807573252
from:0.0034413506277649417
work:0.008232001886139447
125:0.023106574468135615
longer:0.013797605725098276
both:0.009128878383366823
except:0.013107160239852901
my:0.011587978796710991
tight:0.02113296546089293
discovered:0.018434279289104995
to:0.003361461366075197
dod:0.014217333502814787
stop:0.013512004530815601
movements:0.024276013787045293
line:0.011478877027666621
that:0.008461088425231142
hour:0.018925669092196253
bit:0.011077578040876829
like:0.004734305136214119
really:0.007932503021101326
cds:0.024276013787045293
nt:0.002902758340335116
me:0.013214496102494448
need:0.015619528386156394
sitting:0.018454453229520155
re:0.0015200833446267097
prefer:0.016693203679031876
uk:0.017567640181539782
phone:0.011940435472396623
had:0.006237432868626567
this:0.0021340749527293456
getting:0.011025209643189782
he:0.006463956128131039
recently:0.04035745810472792
on:0.014427080392987924
tell:0.009796849811473387
regular:0.032902785786631396
used:0.008026274424133601
took:0.013721145026084063
great:0.010248986539563729
etc:0.009440341412431852
inc:0.014882176812213016
particularly:0.016329675996506435
m:0.0055642874476263095
onto:0.01769984827790385
a:0.009082953664041596
hard:0.010992818709656543
nor:0.014042841451119526
was:0.007198871008954355
part:0.009956187448834461
usa:0.014815535309059859
also:0.012060952290077778
turns:0.017942092575473953
whole:0.012162258028566221
ride:0.034330890543121
moves:0.020979549493482984
are:0.0026134609008179903
corners:0.02304354931961543
no:0.004576202179603699
it:0.0013937212591055772
couple:0.012829234937619996
have:0.002078254524990459
due:0.013476188963001963
shift:0.01969873223071918
systems:0.012196817562124434
ve:0.014838485357946622
kind:0.011201328036435204
stay:0.016051616131122694
sufficient:0.018598545705112622
occasionally:0.021953045309067956
per:0.014377337868182998
left:0.011887825949189275
real:0.010396722983732714
always:0.010800634544710194
open:0.013434799100623429
sun:0.01474996871584895
be:0.004702937049898141
which:0.005251594847632187
making:0.01249840321492847
of:0.0015808177688271436
short:0.014077145795208405
totally:0.01674599715678314
even:0.006825851413683032
tend:0.01731546379568835
passenger:0.06738551571932588
street:0.01621149788747401
again:0.009926297309382187
fact:0.019498106736819832
sat:0.02113296546089293
who:0.010512624993771126
now:0.006715099178366847
difficult:0.015151253158691053
code:0.013172815082649173
in:0.00216682563285964
substitute:0.023577435506855624
system:0.009086269631067175
moving:0.01723976252699729
or:0.005482206973195816
thoughts:0.017455383404982983
and:0.004656066030375486
few:0.009291168702871085
still:0.01659926083113453
for:0.007935338119806684
subject:0.00010852421500820447
i:0.00853612105568839
we:0.0054786337630649195
back:0.008562425691331454
power:0.010983151545408708
any:0.004159704334507347
the:0.002144825638180232
do:0.002919991540270312
riding:0.07341828022327565
her:0.013440686198901335
meeting:0.01969873223071918
may:0.015130288840974237
friend:0.014118696828019538
solutions:0.01913537384337712
makes:0.011353568627040546
about:0.0040041308143165515
biased:0.021172241521509746
hold:0.04231439771882951
weight:0.018068852443102766
either:0.010177084175257554
having:0.021275539775775298
new:0.007008128312534744
time:0.00642077223538095
their:0.012306370882778164
1:0.007961479235466296
advice:0.015812427106639222
first:0.007632336704841631
nothing:0.010385593502036215
bike:0.046004422859982234
position:0.013995296574033382
very:0.01417270318523128
neither:0.015214558741873859
random:0.018143101825124283
by:0.004026160466736448
periods:0.022461838573108628
trips:0.023437247799249245
s:0.005044197405333483
