some:0.005586300837958632
since:0.009573309202888427
at:0.021075718001302177
out:0.011274422000769951
lead:0.01848906525176991
final:0.018452863144672704
with:0.0027982171138255852
into:0.00856843972718845
from:0.008101169898853355
wheel:0.023251166415371755
my:0.018185918877134954
to:0.002637701741800633
hill:0.02384348324478163
calculate:0.028475024423016297
front:0.05048254922534833
impact:0.022934183709432995
next:0.012815215424637202
she:0.03172385153012902
view:0.01629353470231881
through:0.011337144947487209
nt:0.010249931364436917
me:0.02073853933788602
re:0.001789189008507993
started:0.015690166870760313
so:0.0048890459205020095
had:0.014683334791216604
off:0.010447164822757657
getting:0.01297704101542912
on:0.00727763863979842
brown:0.022222982637584723
you:0.0026593253081757025
went:0.01560986251309131
cage:0.0254090952601329
came:0.014443668576449506
a:0.004677286545897017
richard:0.01787596897023339
other:0.013199119500783835
was:0.016946624576103072
running:0.01448545651888374
coming:0.01663459308511768
local:0.01462384426754044
driver:0.017606629657829626
approaching:0.05714736259916882
ice:0.02238427956266755
course:0.011704075597607746
boom:0.02783611823820997
it:0.0082022830081333
fate:0.026907142092559455
have:0.0048923503650493095
made:0.011127174889559815
probably:0.02284424607683453
mistake:0.02137713873127688
only:0.006380556163967878
left:0.01399236929904575
attack:0.018893289800268814
has:0.005094614707591153
poor:0.018906488950695032
heard:0.012931327078563993
sort:0.01501177659167957
get:0.006288870695172834
of:0.006512364109857276
seen:0.012404138232642836
looking:0.012410934667017435
but:0.00318317331220292
tire:0.027506008805258046
clarke:0.05584466236639772
well:0.008051999570111698
they:0.004463730260802601
up:0.0064280400495329406
direction:0.021139475526505407
now:0.007903896640565762
good:0.007751243307940187
over:0.00959780264363329
comment:0.01880190142049169
door:0.020239101895373025
our:0.010668781928135853
or:0.006452741222039093
habit:0.027506008805258046
and:0.0045669547187893525
still:0.009768942977174866
subject:0.00012773663584697749
car:0.014634657128628657
i:0.0063937366063050935
sees:0.05071584325599071
top:0.016180058498408208
back:0.020156523637009927
actually:0.011695282904789878
pretty:0.01377043089435228
the:0.007212947464010076
managed:0.022636902460117174
see:0.008465960580914717
when:0.025027262063994946
riding:0.021603943702064362
got:0.021168936092158603
would:0.0044624384981070625
hits:0.02369737451817837
her:0.015820137822630278
home:0.014016091157231332
did:0.01573120615734895
lane:0.02631241617544186
road:0.03455169747340201
neighbor:0.024229554590476092
friend:0.016618179041592372
an:0.004296163342400654
just:0.005619084035721942
makes:0.013363530537090785
hit:0.01712776143506894
headed:0.027349119700841824
notice:0.019320408773227483
guess:0.014335680683902648
too:0.009342190755332519
bike:0.01804958217472987
dog:0.07141960696744665
full:0.014783074085757191
side:0.015408440567326282
bad:0.013112923668642985
before:0.02034635662414014
by:0.009477851433657092
sometimes:0.016767972843626078
s:0.0029685946452441066
