looks:0.018403792872977907
at:0.004736371034701242
out:0.01900285643678161
say:0.010201854700363137
there:0.009868591242765026
attitude:0.023636360380939376
rd.hydro.on.ca:0.06761024022614645
means:0.015239759249670715
take:0.011428758765245718
thanks:0.010717132499549264
ever:0.014211946542096026
your:0.01354765830302433
with:0.00943269962563786
shape:0.025634013910146268
ca:0.01105671288221678
such:0.010338802169181713
corporate:0.02878744103649943
hair:0.02936061165509221
my:0.005108678824356459
to:0.002963869161485658
dod:0.018803570116626006
design:0.020232081760351843
add:0.018474303314256552
might:0.011435941590744333
make:0.018925596595158106
that:0.001865078631368155
protection:0.022741786538349264
like:0.00626150034144448
really:0.010491374963392076
nt:0.0038391319985077344
toronto:0.021597313414734316
me:0.005825745593572821
re:0.0040208656212706514
effort:0.0218406284232726
exactly:0.01729237985630112
so:0.01648081608685355
two:0.01002574963792103
you:0.008964499829172932
machine:0.017488168571636275
knowing:0.02308615224530007
imho:0.02327780460406479
fun:0.044260781235847695
a:0.0030032346792395596
how:0.007071844071124325
hard:0.014538889261158653
as:0.012905067100274491
let:0.012393213670714113
question:0.011736484319070454
ride:0.022702685681741306
others:0.014496388296066646
ontario:0.025534140869431565
express:0.05006144727613203
it:0.01290316133430002
have:0.005497318420942504
being:0.010461311451210474
only:0.007169549668114445
ve:0.019625093537929402
able:0.014179920570487468
feel:0.01637783163573214
poor:0.021244388122017538
alive:0.02368290910536472
jody:0.095988388780813
writes:0.003555174145255712
get:0.007066526748877002
things:0.012014655527635752
if:0.00720591849207967
of:0.0010453794922889175
keeping:0.044947741100914915
seen:0.013937983282915878
opinion:0.017791997659073598
but:0.003576791517475324
levine:0.06217911174166252
least:0.012944421412400443
who:0.00695189717330026
up:0.01444581043389661
now:0.008881260203646475
good:0.008709730383653223
in:0.003821068857946032
or:0.0036253304177585235
and:0.005131685678639648
for:0.0052475623050334515
275:0.030907289463972754
subject:0.00014353202630117365
welcome:0.02249257089656673
i:0.005131685678639648
we:0.021737804930870484
boss:0.030907289463972754
stupid:0.041523507432973686
limits:0.02658742259446302
lives:0.02092719274157692
will:0.006093039488727336
the:0.0016209742150302216
thing:0.012171679758736327
see:0.009512826674253636
riding:0.024275399106083076
canada:0.020003266629067994
wind:0.027225682308653246
got:0.01189330011629341
can:0.0046482042604178144
drivers:0.021141418056346808
because:0.009487754295131797
road:0.01941210960199199
maybe:0.01423609184055013
is:0.005777905954637934
deal:0.035444247223231286
move:0.01901518879340332
new:0.009268814864965306
their:0.02441425191260829
trouble:0.02050979506607707
advice:0.020913210044264777
wanted:0.016371827900785497
predict:0.02942823951641942
every:0.013076067349125788
bike:0.02028151975547604
article:0.00435662838879893
little:0.012609347859669164
takes:0.01922526803214877
conscious:0.0323358011076986
before:0.011431151974315294
dangerous:0.04521231971169126
s:0.006671357858666864
share:0.021941123762047616
