mark:0.021454456887801357
computing:0.031160439136993155
where:0.013196119987384012
wrote:0.018396964104949006
my:0.006787244723787866
weekend:0.03605221326374494
to:0.002953283914480352
look:0.01693691660197079
make:0.012572003452497883
like:0.00831885045363338
really:0.013938541022792328
re:0.0026710035912726466
had:0.021920121224030503
mean:0.01888158612021329
off:0.015596124628259645
on:0.003621491608852071
you:0.007939985562981741
tell:0.017214464668731805
great:0.01800893349094769
state:0.01898366704957583
bill:0.02211081339779798
transmit:0.04049080809018139
a:0.005985017682198836
how:0.009395449980208031
same:0.01387209536091866
was:0.0063247223864384685
as:0.017145303433221824
standard:0.021743175289015974
ranck:0.1437344182841118
features:0.030897482186116605
far:0.017781271943724298
l:0.023606861276809735
are:0.01836889661717787
those:0.026513080775536574
month:0.028384310638480417
it:0.002448967355285514
not:0.0043065000612568915
have:0.003651790093911806
only:0.009525258844780619
ve:0.013036669278767387
grips:0.39420922419169097
feel:0.021759119173186982
500:0.029784122395353857
univ:0.03317573836610862
were:0.01108073783908785
of:0.004166583976408685
wm:0.03865916859769799
comfortable:0.03785575443036449
they:0.046645981225387184
who:0.009236091958813203
one:0.007023649341254446
in:0.001269140727817789
compare:0.030783649384239376
703:0.04142892239061773
point:0.01572525686614329
bmw:0.06330649072379989
installed:0.02860978539539352
winter:0.03840851631333178
yes:0.019048899075027777
and:0.006817810973049818
subject:0.0001906925492287021
summer:0.032148329646830155
i:0.006817810973049818
favorite:0.03451760791731983
mile:0.037932149352626975
the:0.006460740085620454
do:0.015392526833710642
got:0.03160219745186534
can:0.006175471374555095
did:0.011742221738878324
last:0.015572589657567842
just:0.008388489739042042
during:0.04183385014003529
center:0.023333077381948633
lot:0.01770395277332422
virginia:0.03485896980186518
stock:0.03548502199514201
bike:0.0538908953502649
difference:0.02290824176310276
already:0.020755616580695368
soft:0.0381663623727912
while:0.015502446470560875
panix.com:0.03699758077434976
