read:0.016309374546028214
feeling:0.03141465360136347
at:0.006337877787441951
there:0.013205453029887014
know:0.00887679946516764
beth:0.046344626049344445
svoboda:0.1943038258751861
to:0.0009915101871157057
dod:0.050323223621473914
bikers:0.04358928610505591
officers:0.03453003802591213
speak:0.02579448068085176
that:0.004991433459488875
think:0.0103578994786227
happens:0.026878255502005604
me:0.007795602017298883
re:0.00269021944444727
so:0.007351155376869929
this:0.007553704149229051
mean:0.019017424869279573
getting:0.019512241526796304
athena.cs.uga.edu:0.08091500283949535
you:0.023991323283829722
enemy:0.11556397193069555
m:0.01969517571390032
a:0.003014037681682867
other:0.009923079049150439
same:0.013971894608119515
beating:0.03805196770446398
ama:0.0362523694804876
as:0.0115124339599571
red:0.02599006442404713
84:0.03761136608402715
also:0.010672641235104795
stuff:0.021031773760241887
rz:0.047102615370623775
learn:0.027410173962030444
allan:0.035470831056007054
ride:0.06075826671660263
are:0.01850104695255325
hey:0.02772761860166309
police:0.0264430497239762
not:0.0043374820760860786
have:0.0036780619650910278
350:0.03984917488717168
ring:0.03585099279251339
after:0.013879235163057203
free:0.020773437367803856
without:0.01616698190505392
writes:0.004757283388615557
certainly:0.022127750196083748
cops:0.035009832087053654
of:0.0027977062671329304
georgia:0.03457660287847053
even:0.012080283796877884
but:0.00478621023201734
never:0.0158556779198695
least:0.017321312105802032
well:0.012106963382398165
who:0.009302538663552866
up:0.009665182520520753
david:0.017960037693125857
in:0.003834813709953032
yes:0.01918594151441647
for:0.004681278603051424
subject:0.0001920644380720741
welcome:0.030097972566628863
i:0.010986975956569493
any:0.014723557788328163
will:0.008153275862613557
tired:0.03552392535311226
the:0.00271134176255055
do:0.005167754812276955
benefit:0.03258916851423918
can:0.0062198992261706
1000:0.03361594537757468
announce:0.04004628980938833
rtsg.mot.com:0.04067227093881012
an:0.006459698838573646
myself:0.023977281021567504
long:0.01712454133171644
here:0.03885757350266322
many:0.01333238149336758
entire:0.02683034692581872
arrest:0.03975260639557354
guys:0.027947307262526987
time:0.011363381078443983
90:0.05801380445387529
goes:0.023187246014321417
chicago:0.030379133358301315
dave:0.05044999527157687
article:0.005829732951917993
give:0.017001699793928106
doubt:0.050072982719144864
biker:0.039198929840637366
