blown:0.039916689676055744
some:0.01729684259456821
large:0.022178030517685746
apologize:0.03974639694846538
mark:0.044498132804328745
there:0.006798362856127018
tank:0.1374546286057552
watch:0.028475287707958145
ncsu.edu:0.04378722051701264
with:0.017328218571542143
way:0.012832391255900322
4:0.03680399265449895
work:0.015000536770298547
my:0.014077248316004464
to:0.0020417765334678974
most:0.013752558992348429
owners:0.06396514760576665
make:0.013037633209997805
that:0.005139327784214471
think:0.010664800203915224
quite:0.01967555097858816
could:0.011178586335748574
asking:0.02655876158991403
anything:0.017194378891254844
re:0.0027699296502086707
flat:0.03657648610431558
so:0.007568967388036445
file:0.022507302833025253
this:0.003888758802751252
personally:0.029028478556344453
on:0.003755620927698444
you:0.008234059102351435
narrow:0.04063993759875142
am:0.01210619523482493
3:0.017344192182500887
m:0.01013936823789683
chess.ncsu.edu:0.04636727010418462
a:0.003103342501880878
as:0.011853543114326199
worked:0.028475287707958145
standard:0.02254847807749805
rear:0.035090036508299643
wondered:0.04165624220255501
nyx.cs.du.edu:0.03482545811865462
are:0.004762306530379449
bgardner:0.04723973703497264
d:0.01349514238797804
gas:0.029393849419770388
mar:0.044083556328965975
not:0.008932000127051332
have:0.003787041578871503
follow:0.027977720832720633
only:0.009878046209402124
bag:0.07851563881853377
has:0.015774436650171128
writes:0.00979647986692685
if:0.009928154366865323
of:0.002880601267640573
looking:0.019213965521530697
what:0.006818089651826898
accept:0.026460088671575805
now:0.012236402947246254
gardner:0.04270787376752084
blaine:0.04679066576225831
in:0.0013161459399591887
and:0.007070322490570182
for:0.009639966308505896
subject:0.00019775523623717257
i:0.009898451486798255
any:0.007579905676213388
will:0.008394854406690995
flames:0.03312935092143237
suggestions:0.05862216846030929
the:0.0033500133777291247
thing:0.016769869889814493
rock:0.03609842298477802
would:0.006908515897069452
because:0.013072017028848252
come:0.01778661981088451
imagine:0.029168433736788613
is:0.007960670426390043
number:0.018535295173316726
new:0.012770367147285532
wanted:0.022556740663304462
almost:0.02238513281677458
article:0.006002465780122971
already:0.021524343120721122
fit:0.030114430217025014
happy:0.02813403769248164
s:0.004595824302637173
