since:0.011909652520260007
believe:0.012932570716252026
there:0.016388910456734775
know:0.007344494795585129
all:0.0056789751824184
50:0.020542757673383517
send:0.017460399529025134
existing:0.02577185509735744
where:0.010996766656153343
split:0.028380515400519078
your:0.0074995965606027525
text:0.021527165078771233
with:0.006962230676066039
bikes:0.05721604523937385
from:0.005039120562084378
via:0.02034661534890265
to:0.0057424965003784615
receive:0.025490587925628007
most:0.011051163475994273
day:0.015138708546207571
mail:0.01823997324307057
technical:0.022837781207852976
r:0.01845368908767339
12:0.02115110018816688
re:0.002225836326060539
had:0.009133383843346042
off:0.012996770523549705
on:0.0030179096740433923
you:0.0033083273179090587
used:0.011752758978195627
a:0.004156262279304747
other:0.008210166594237563
lists:0.02819735076559793
as:0.023812921435030308
failed:0.0252220139061014
riders:0.06947341925343525
also:0.008830340069521228
course:0.014560427380357255
are:0.0038268534619120566
no:0.006700867477276844
it:0.0040816122588091894
only:0.007937715703983848
between:0.013826582416942889
shame:0.031298410261014646
rider.cactus.org:0.041725518205147714
digest:0.070141150999281
command:0.024501503898415686
has:0.012675886593887511
determine:0.025967032614160963
netcom.com:0.019160923659054398
talk:0.020592820045458492
list:0.1386489808057895
be:0.010329665306026274
which:0.007689835312604272
twins:0.03620178742159208
writes:0.003936085660818823
of:0.003472153313673904
mailing:0.05254469968531657
but:0.007920038360123931
version:0.03714845961506648
subscribe:0.03111892789095103
well:0.030051212681309728
toward:0.02662179984757958
bob:0.043857202547965476
in:0.001057617273181491
bmw:0.07913311340474986
message:0.01932928505095072
and:0.003408905486524909
for:0.0038732007489532616
subject:0.0001589104576905851
welcome:0.024902489206913164
i:0.0022726036576832726
we:0.008022285153059345
limited:0.02310770870772476
will:0.01349173029646767
flames:0.02662179984757958
the:0.005832612577296244
would:0.005551485988716524
can:0.005146226145462579
road:0.021491978487919703
joe:0.04737463365384447
needs:0.019936586682555636
an:0.005344631777153194
10:0.03440918759400196
people:0.00895995916710189
address:0.019004889011509585
about:0.017589574648604847
different:0.015042957726257427
is:0.0047977254801904266
readers:0.02708211653450322
mostly:0.024291958450838428
run:0.01593353826421068
unless:0.018321794200836256
bike:0.02245453972927704
e-mail:0.0163672367657873
little:0.013960349416062286
numerous:0.028685832629016406
already:0.017296347150579473
meet:0.025536552485710805
usual:0.025536552485710805
main:0.04426686918603367
s:0.007386146200666885
