effective:0.01725626253677156
appearance:0.023180597413352287
at:0.0075296154910635136
cable:0.018451484886278843
out:0.005034944867865213
there:0.007844264833992714
technology:0.014391742247080954
liquid:0.02543282095901883
where:0.007895114522366504
i.e:0.014762987166561553
with:0.002499262293972425
much:0.014933306577435312
ca:0.008788669214069749
service:0.01556662918153138
post:0.02207331456778787
name:0.011804412418077998
my:0.024364468239238494
to:0.0017669220001164498
hill:0.02129610255623659
dod:0.01494642752860016
cobra:0.027529500089140502
look:0.010133197966991072
80:0.017079750544714997
lock:0.06481549563767933
owners:0.018451484886278843
track:0.019443570845284364
relevant:0.019213644751297287
that:0.0029649967985852723
guy:0.014471498918584914
think:0.01230553869682526
like:0.00995418002998866
talking:0.013930304189582346
nt:0.00915485322721075
me:0.013892162569289034
re:0.003196072673317697
avoid:0.0165245704838594
this:0.004487029387789906
he:0.006795441057778784
hi:0.013465883162454723
on:0.00650011314409346
potentially:0.0244966946083236
link:0.04141784725433263
locks:0.0489933892166472
imho:0.018502870326307912
m:0.0058496355218635564
more:0.010866829280519026
sure:0.009324974445124803
board:0.015346993672457883
a:0.0035807798098625512
other:0.011788957160956504
was:0.007568043881208425
as:0.013677165131914847
handling:0.02062316481070987
cables:0.02251448471802415
also:0.00633973133196396
across:0.016492154366811295
ride:0.018045724516255912
locking:0.053741473000270254
weird:0.02103897212261927
are:0.008242453610272121
those:0.007931263479861369
internet:0.012207410013310284
action:0.01573458581549554
not:0.010306153992751537
have:0.002184831680118175
made:0.009938374153495733
ve:0.007799716662510403
campus:0.022135304736790457
university:0.010044188468370316
between:0.009926777119856435
feel:0.01301827642840247
love:0.027967670428901272
his:0.015764350782096214
down:0.010104126397235718
of:0.0024928280200735725
boots:0.02478653476361745
what:0.007867026521338728
tend:0.018203436298031343
experimental:0.02274064882680339
please:0.00818553571327032
necessarily:0.016612235184000866
they:0.003986836002169846
who:0.005525866983905335
in:0.001518629930722141
point:0.00940827333871821
office:0.015601444072846842
or:0.005763345792334063
p.s:0.019379626944956534
and:0.0057106450885374554
for:0.0027807595120690086
subject:0.00011408955936759957
each:0.02176076408000526
space:0.013066293835526084
i:0.008973870853416001
applicable:0.02463915794280049
away:0.011833263189417397
wider:0.025796743216883394
possible:0.011012699243438387
body:0.01516957745160065
any:0.01311906751652317
information:0.010422313181554552
than:0.0061136806932455615
the:0.005475983405903377
wrong:0.011296675456537867
do:0.00613946939236322
when:0.011176704639690052
around:0.010116215526297588
got:0.00945364881038707
can:0.003694726463409032
effect:0.014813561771890625
did:0.014050521738828765
claim:0.013954013011965754
put:0.01063016794678111
long:0.010172270278241817
btw:0.016033292822407414
finally:0.015540702888017545
expressed:0.017563073186424305
about:0.00841894171215275
head:0.014755810835280698
bulletin:0.023391677564333385
carolina:0.02463915794280049
is:0.004592694476763486
questions:0.012923830501049196
lot:0.010592108496860646
notice:0.01725626253677156
first:0.008023738587141203
almost:0.012914499701985336
bike:0.03224241602152601
e-mail:0.011750836652360114
initial:0.01968657452859438
already:0.012417890261954494
opinions:0.012203462203077104
honda:0.020594956759293834
give:0.0100993003049402
thus:0.014236560140497033
teeth:0.02397005939283664
rain:0.024291527004963082
north:0.017154507627824042
s:0.005302874195350585
