wheelies:0.06888451495185029
effects:0.049446400659340306
with:0.006722153756201693
previous:0.039921832410262134
wheel:0.055856250354168926
my:0.010922003003796567
ground:0.04456268578617633
to:0.004752410896864934
dod:0.04020073611140732
front:0.040424723326045214
been:0.016864832037028037
motorcycle:0.053386245646611576
r:0.035634709962403796
re:0.004298166698599662
off:0.02509721204547529
two:0.021434361294865648
on:0.00582768764642862
a:0.004815531468435845
rear:0.10890011330161958
odd:0.055856250354168926
no:0.012939606163017354
terry:0.06221015636411171
it:0.011822601025516275
have:0.005876443829283366
due:0.03810508603331589
650:0.058015055826716
ring:0.057279172392636336
motorcycles:0.06336054094522646
feel:0.03501467453156526
tendency:0.06707778410676508
which:0.014849337155373767
of:0.0022349492593763064
wayne:0.05370823456876875
gives:0.04179913190570236
but:0.0076469335890851755
asks:0.05911057513481168
gear:0.11680290730398338
lift:0.12642057426821493
well:0.019343309312107412
they:0.010723214074801651
in:0.004084590848149206
and:0.006582714042944653
still:0.023467920485397094
for:0.003739642102437632
subject:0.0003068615734714747
possible:0.029620363482351517
any:0.011761922601020772
will:0.013026498217279131
the:0.006931062160818878
do:0.00825652780352295
effect:0.03984337304163685
last:0.025059339678844803
an:0.010320668259330307
is:0.006176382227371584
does:0.014005618555603738
article:0.0186283420762437
shaft:0.18581907262991465
mike:0.07345774779213111
says:0.05887417803281766
yfn.ysu.edu:0.06398200325867791
john:0.03082159079979133
driven:0.054106919143342196
