out:0.02066977366807824
take:0.018646922195927222
existing:0.03797957593294781
gs:0.10886867092622188
chris:0.033655677569467544
split:0.16729566972937562
your:0.022104074073355483
way:0.015196252803039852
from:0.0074260724072822415
wrote:0.02259276293590229
my:0.008335212818686853
to:0.007253679789951741
make:0.015439302485523715
that:0.003043023030126989
think:0.012629368662531186
nt:0.01252769388986734
re:0.0032801798489313205
server:0.03510928723813714
had:0.01345972355861522
this:0.004605109108521219
you:0.014626289194966363
charter:0.049591628600829885
a:0.004900014476654018
how:0.011538271905518633
sorry:0.027872076181917758
lists:0.041553990601933787
failed:0.0371692836510968
rejected:0.04603491712619687
riders:0.10238188100506249
course:0.021457471928947536
sake:0.04371305261543299
participation:0.05314834007546291
d:0.015981089669973993
it:0.006015007539297753
not:0.005288684285754078
have:0.0044846545012952
between:0.02037601619338952
shame:0.04612397301623211
netcom.com:0.028237150655448587
his:0.016179202118467163
list:0.1277030086369114
be:0.0050742215538374675
get:0.01152959627448353
of:0.005116857514887859
286:0.04847028323670809
mailing:0.03871714713654905
bob:0.03231583345639561
bmw:0.11661721975436823
forcing:0.046304843956606986
better:0.019615928695626342
and:0.0033491001271121917
for:0.002853937393965561
subject:0.0002341838323861254
i:0.0016745500635560958
everybody:0.03577113420821218
plain:0.03991048752453106
ol:0.049725553794959604
the:0.003967121105205542
would:0.03272454898611846
because:0.01548002016574135
joe:0.03490762479756961
needs:0.05876046601174292
just:0.010301654065490226
about:0.008640492809840979
different:0.022168569280800417
readers:0.03991048752453106
issue:0.027468070240919764
unless:0.02700053882228501
changing:0.03756507694303075
meet:0.07526562837893712
burden:0.04758122626951258
needed:0.029261602545052813
by:0.008688030480852333
happy:0.033316623583201935
implication:0.05335000251603044
news:0.026919969440029987
