out:0.008125359304003172
there:0.006329510245359637
andrew:0.025968676959806886
damn:0.029667840395604182
rick:0.06638155146384273
hand:0.02177406521001844
your:0.00868918773918112
with:0.008066584507442033
floor:0.0339023911542333
feet:0.060580164813177
my:0.01310640360455588
to:0.004752410896864934
dod:0.02412044166684439
remains:0.03184381881936436
sutherland:0.04090398204891646
might:0.014669552661230661
infante:0.1258324197274649
that:0.004784891385303128
like:0.008031993541439126
nt:0.014774039001153899
countersteering:0.12785252599430455
seat:0.03420895503403215
me:0.007473025382100308
sitting:0.03130893444456522
re:0.005157800038319594
so:0.014093939274274759
anyone:0.011537343100975112
this:0.0036205685404925446
off:0.015058327227285175
on:0.006993225175714344
you:0.019165482393404203
bars:0.038485658796411845
am:0.011271285218630108
a:0.000963106293687169
how:0.018142937892815507
richard:0.02576605182606054
want:0.01305239977732539
listen:0.029454802554091507
lean:0.03942045529293753
turns:0.030439688093562702
hands:0.055246482142828866
course:0.01687001241310358
are:0.008867743194499662
no:0.007763763697810413
not:0.004158000059144585
have:0.0035258662975700197
only:0.00919680164323646
ve:0.012587128958809892
left:0.0201683116103487
allowed:0.02642643605597842
doing:0.018487606242519414
open:0.0227928315776094
yourself:0.024181204630169602
writes:0.00456043028287974
get:0.009064648105456015
if:0.009243454065702197
of:0.0013409695556257837
andy:0.030909022322838674
what:0.00634787657239056
but:0.004588160153451105
clarke:0.08049334092811809
fact:0.016539773300888547
they:0.006433928444880991
now:0.011392513088815477
sounds:0.024570376300419573
in:0.006126886272223809
bmw:0.030561754142524086
71:0.03504087219119501
moving:0.029248148838905738
recommend:0.030260546808022974
and:0.002633085617177861
complain:0.035100070423549436
subject:0.0001841169440828848
i:0.005266171234355722
everybody:0.028123512411973715
the:0.004158637296491327
do:0.01486175004634131
thing:0.015613327138792803
when:0.009018444433405074
got:0.015256233252624648
would:0.006432066524857766
can:0.011925048171554667
falling:0.03774932793140698
maybe:0.018261469533395337
just:0.008099231472178524
is:0.001852914668211475
right:0.013378438577864134
told:0.021380825977442276
nothing:0.01761969656207523
acpub.duke.edu:0.04118551304560787
bike:0.052032588614048865
article:0.00558850262287311
opinions:0.019693863141517533
dammit:0.040246670464059046
mike:0.022037324337639334
says:0.017662253409845296
while:0.029935758701772723
s:0.004278870902455299
