ducati:0.09356369632169177
obvious:0.028077724918992786
wheelies:0.04374418102781733
know:0.00900638777852775
rides:0.04314799102041392
beth:0.14106356979982942
paragraph:0.03620655824769826
true:0.037712128352669294
owned:0.03678160115173559
ca:0.015011303621111832
1992:0.02880252945171016
yamaha:0.0800933076763714
my:0.006935870520659133
to:0.0030179543651624036
dod:0.0765868038326811
obviously:0.0268751319768318
indicates:0.0358820928274732
garage:0.040140839274944155
day:0.018564255735495416
class:0.02896474212897082
that:0.005064301101233238
like:0.008501015062107103
nt:0.005212252202353566
1963:0.04510612230942618
anything:0.016943366060725575
rat:0.04374418102781733
re:0.002729492721008544
wait:0.026798538723431516
so:0.00745847151375854
brad:0.03489419977732895
this:0.0038319886012512334
on:0.0037007943448123352
you:0.00405692692999067
size:0.026283774723108524
3:0.01709099229662496
stable:0.03666291121836494
a:0.004077384309040569
ama:0.03678160115173559
woman:0.03196546421529505
said:0.015996385610681986
question:0.015934204987935068
also:0.01082844621663917
250:0.0333584003208561
sig:0.03444625126363339
dixon:0.0961314432773657
section:0.02999824179287071
no:0.02465136648574839
plan:0.028507767864515376
lay:0.06988108900982079
1981:0.0400466538381857
tom:0.02770604542682303
girl:0.03853103803688465
lady:0.07481170118578012
minds:0.0358820928274732
netcom.com:0.07048982134425853
writes:0.00482673278115009
of:0.0070963717359758625
who:0.009438342147692323
now:0.012057769327578424
one:0.014354903763147773
in:0.0025938642612334376
minute:0.0326457107619954
clearly:0.02652927282061609
or:0.009843962886176427
and:0.002786842441538612
subject:0.00019486829848188537
i:0.004180263662307919
6:0.021447807536928425
top:0.02468344690633077
ol:0.04137746812135325
any:0.007469250118896403
the:0.0033011080729447575
rule:0.028822609987271403
can:0.006310700674727834
claim:0.047667723281751624
increase:0.03069157469479771
sport:0.03660428222787395
an:0.006554001011399538
just:0.01714435859074286
note:0.021618168604952536
here:0.01314161244980581
people:0.010987395183015456
bj:0.04752478753537101
head:0.02520335573325316
definition:0.029742915377571243
is:0.003922228129790714
multiple:0.031343243194349
keep:0.019338792584860737
their:0.011048785537092803
1979:0.041490637366141316
handle:0.029652240049114622
taste:0.03760403299483131
picking:0.039861852320052196
bike:0.027535493974587905
article:0.005914838542456942
side:0.023506307142855423
project:0.028114130331482124
by:0.014458912041126511
