there:0.01782095117625529
il:0.04992834987115161
technology:0.03269580277492177
where:0.03587294753851964
harley:0.05882437639420166
with:0.0056779356969858955
hell:0.03313962062603782
bikes:0.13998488738176904
followed:0.043154734961196886
feet:0.042641378145197396
angels:0.04992834987115161
store:0.04333206843670459
to:0.002676114873962778
dod:0.03395596156982948
w:0.03004214422358596
then:0.015493983978405854
motorcycle:0.04509323661412822
quite:0.025788343515625256
like:0.011307175373870612
re:0.007260980636469331
big:0.026949325765704437
on:0.004922415779022232
you:0.016188320079865686
a:0.004067487745183675
incorporated:0.05648299720180469
also:0.014402884773588023
jack:0.04150248445397996
video:0.03393894362004876
wild:0.045874821263148326
christopher:0.04698207860752984
robert:0.031023417756870904
virginia.edu:0.09332325825451268
his:0.017907078072866567
found:0.025966218497640747
writes:0.0064200232137627405
get:0.012760912381467206
if:0.006506314754984556
of:0.0018877726753955208
looking:0.025183352868025668
well:0.016338523399547035
over:0.01947515293708114
one:0.00954670784248177
in:0.00690018259784429
71:0.04932938318177938
douglas:0.043790112711220026
better:0.021710833701955368
truck:0.04992834987115161
and:0.007413542028947375
for:0.0031587268243890676
subject:0.0002591937562331873
i:0.0018533855072368438
tape:0.040285128773964396
the:0.00439079423294594
do:0.006973960377732976
see:0.01717850253797258
once:0.02604884655266899
forget:0.03727391587781062
movies:0.05488782194654958
jonathan:0.0928253469804673
dirt:0.05404305129616483
e:0.06040562516609372
jerry:0.04738112400253519
else:0.024529633255709286
documentary:0.061046139233316685
blue:0.038802540072459306
runs:0.03642515068391587
nothing:0.024804427199037946
count:0.04139194734499815
words:0.03211513719910072
article:0.007867309517636902
little:0.022770278659208387
going:0.021143841592715363
playing:0.03888708694519507
by:0.009615878396283166
include:0.03263614828392817
s:0.024094612848777407
