some:0.014968421476068642
read:0.029064141819204123
louis:0.0604256626615123
entirely:0.053283654438220675
own:0.029057572250615324
your:0.016152977207452082
skill:0.07267580939263327
service:0.046699887544594136
to:0.0017669220001164498
motorcycle:0.05954619706737445
nt:0.00915485322721075
me:0.013892162569289034
re:0.004794109009976545
severe:0.06460358151009969
so:0.013100135863909231
consultant:0.0737019979525504
brad:0.1225770607562581
this:0.006730544081684859
getting:0.03477181502852161
blow:0.06247803978134657
on:0.00650011314409346
you:0.007125628069342587
used:0.025313634722267508
more:0.03260048784155707
a:0.0035807798098625512
operation:0.055202129942339695
worth:0.045066200240921
physically:0.06879184087234393
course:0.03136092051153871
it:0.02637349459538246
have:0.013108990080709046
systems:0.07693377231493873
whether:0.03663408442156185
mo:0.0715438528907656
personal:0.04299865988712456
list:0.03732857175540487
be:0.007416169963300914
down:0.030312379191707154
depends:0.055202129942339695
if:0.008591672048248837
of:0.007478484060220718
never:0.028255631164895646
particular:0.043475018565177014
well:0.021575229617350575
ed:0.05087397014960259
st:0.0491890672169141
and:0.004894838647317819
subject:0.00034226867810279864
i:0.0024474193236589093
experienced:0.06547310197598125
than:0.01834104207973668
the:0.0009663500128064781
wind:0.06492278088986543
can:0.011084179390227093
circumstances:0.06221368994541406
is:0.003444520857572614
done:0.033957225018214084
matter:0.038729525793596696
trouble:0.04890797284987609
takes:0.04584486992281629
before:0.027258900861828774
dangerous:0.05390699657932419
s:0.02386293387907763
