religions:0.06724220000423664
out:0.033188087298041125
all:0.013437575079525229
with:0.008237005306895032
4:0.03498971132646027
someone:0.03103462133328197
hence:0.06480779418959705
to:0.003882251155185439
dod:0.04926005692524559
she:0.04669214767462652
think:0.020278141232796552
nt:0.02011488878091376
its:0.029124289521608032
seat:0.06986335887231918
need:0.05411836595766863
re:0.0052667676447629656
on:0.007140969369567464
punished:0.08245234304164449
you:0.03131261912161813
henry:0.12888006319599168
am:0.023018821925371347
3:0.032978393586445345
ride:0.11894928272686994
are:0.009055089881707402
it:0.004828949714647492
explorer:0.09026919997233644
92:0.06173964631516724
has:0.014996823575866916
be:0.00814734164982354
if:0.018877476613053782
of:0.005477199593401089
even:0.023650133067127124
find:0.029809108981315356
for:0.004582378350874282
subject:0.0003760134773523704
i:0.0026887141865548584
will:0.015962047111313864
the:0.002123247915462121
wrong:0.03723129657506846
do:0.02023430757483089
riding:0.06359470751734439
major:0.04614687285518017
her:0.09313827619520361
just:0.016540683992477268
right:0.02732216329282112
91:0.13162299739388397
2:0.027442388057681816
deserve:0.07120575577097166
1:0.027584843548235333
advice:0.05478671927089083
first:0.02644443421677523
med:0.08667916828742389
before:0.029946398129896402
by:0.027899590839920173
four:0.049409100718633435
