believe:0.04260140941824197
sentence:0.0971127700842996
dod:0.06857772630769485
that:0.020406154437322164
re:0.007332166721140599
happened:0.06612354703408688
michael:0.17674677656904053
off:0.04281289113639903
am:0.03204581091571305
nelson:0.41650987524453154
was:0.017361983021595796
course:0.14389128234705995
boom:0.11407350415266439
internet:0.05601046947283542
moved:0.08742363411239107
attack:0.0774254425148271
writes:0.012965929235638477
of:0.007625121002577986
ryan:0.08715564119614273
never:0.08642898944556315
one:0.038561212069632256
in:0.003483915723421382
subject:0.000523469742980751
i:0.007486223813544899
the:0.007389735392049539
thing:0.04439083206127366
did:0.03223354987143069
move:0.06934951207005915
1993:0.0594050157452968
bike:0.14793579115758992
dog:0.09756011670716569
article:0.01588888000620786
says:0.05021621067505035
