read:0.03542192284215503
sounded:0.09090232362165443
your:0.039372881943164455
into:0.027981310984099787
discovered:0.07085676101749731
to:0.002153436187641923
dod:0.05464787565144433
matt:0.15339457716844818
otherwise:0.05552163799393806
that:0.0108407695448274
like:0.01819748536732302
could:0.023579830551969647
me:0.01693107313132101
re:0.005842820355908915
charles:0.06431644773334118
this:0.008202850599553422
best:0.07609925249879482
on:0.007922012894363905
you:0.008684359209511279
possibly:0.06057740099058345
great:0.039394542011448076
a:0.0021820376966349923
course:0.0382211218734378
are:0.010045490337519149
taking:0.05323359428361883
it:0.005357116089687062
have:0.007988290830432076
after:0.030143963869764864
glad:0.0724858393038162
kinda:0.07979534303322715
of:0.0030381341494646664
well:0.026294811096146013
good:0.025312653927492174
yes:0.041669466726623264
few:0.03571292970166073
subject:0.0004171399514377859
i:0.008948376902127887
info:0.04602180405300621
face:0.05608236860852437
will:0.01770789601411382
source:0.04873856190155976
the:0.0023554781562157906
riding:0.07055037865205394
got:0.03456490346297772
butt:0.08676001502144753
makes:0.0436402794101871
btw:0.05862172688192711
here:0.028131264150365563
dear:0.07509605937667818
is:0.008396019590333247
move:0.055262892430828395
save:0.05660172238158272
days:0.04653519725859644
advice:0.06077901669114451
luck:0.06441857227990033
despite:0.06661516525835641
