go:0.009443845882495762
rating:0.02669560670226868
at:0.00855305837334399
out:0.005719306306215824
b.c:0.028241498600902346
say:0.009211383370230792
surely:0.021779194795383594
traffic:0.02123805952129078
till:0.024266569495448746
anyway:0.014798610784682203
means:0.013760170973003654
indian:0.029303096663838412
take:0.01031917053561021
thanks:0.00967663419862215
gay:0.021577367480598443
with:0.0028389678484929477
way:0.016819153587830517
ca:0.009983245612098646
such:0.009335034968290284
work:0.009830448854321862
often:0.015084079554750999
to:0.004014172310944168
dod:0.01697798078491474
antenna:0.02744391097327479
line:0.013707785188378584
rd:0.025143986934024105
near:0.0349978230823449
then:0.007746991989202927
cuts:0.026215772553547165
areas:0.01998180900453318
front:0.017072577327019094
that:0.0033680060721793864
think:0.006989068094798811
really:0.009472794869858863
nt:0.006932801473033383
re:0.0018152451591173326
michael:0.014585899037250917
wait:0.017822329151019986
so:0.004960245618373398
this:0.0025484584386962087
mean:0.012832145906941069
off:0.010599307999788109
getting:0.013166027049634398
apr:0.018093244063291256
joke:0.023828283831991946
big:0.013474662882852219
you:0.008094160039932843
pulled:0.024304944153250265
them:0.007115821221030295
asshole:0.028889709244710706
why:0.008639430000747603
more:0.006171937018547212
a:0.0061012316177755125
how:0.006385257268102545
as:0.003884049321441837
idea:0.013458137355634737
lean:0.027747407851824956
driver:0.01786303688585627
act:0.018114723606885215
21:0.019690305927933617
are:0.0062418580737983054
no:0.0054647851270995616
base:0.018697261434043936
month:0.01929030820090902
it:0.00499304023893163
cool:0.022285567837254383
couple:0.01532034851774038
have:0.009927196371799084
being:0.00944565014526771
try:0.011827134331764041
university:0.011409417968925502
400:0.022285567837254383
real:0.01241550414562256
nasty:0.025675842286021804
has:0.0051688081256628686
usually:0.016008498748478702
heard:0.013119647375824632
list:0.014134119402531939
be:0.0028080643550362685
which:0.0062713220025122215
found:0.025966218497640747
writes:0.0032100116068813703
get:0.006380456190733603
if:0.003253157377492278
of:0.004719431688488802
piece:0.020920926765987925
seen:0.012584781022438605
what:0.004468165548527335
but:0.0032295302050990788
passenger:0.026823360626139426
they:0.004528736041299726
up:0.006521652283264003
over:0.00973757646854057
in:0.002587568474191609
chief:0.0241907184376668
replace:0.021341568110945258
or:0.006546713181583352
female:0.052317991322985674
tends:0.025236453899901264
and:0.005560156521710532
for:0.0031587268243890676
subject:0.00012959687811659365
however:0.01163640244755783
victoria:0.02941218819710083
car:0.014847783203317423
i:0.00926692753618422
back:0.020450065243374147
information:0.011838938274193033
mere:0.05155826125599783
the:0.002927196155297293
do:0.003486980188866488
canada:0.018061201907799255
would:0.004527425466526097
can:0.008393844586773915
drivers:0.019088853196507306
home:0.014220208989618194
did:0.015960301392650148
just:0.005700915356630514
long:0.011554908956837789
here:0.008739810221472796
e:0.01510140629152343
dear:0.02333081456362817
is:0.002608472105734601
done:0.012857590055440283
time:0.015335048251492364
somebody:0.01842586516249881
their:0.007347978730979194
1993:0.014707067004903577
first:0.009114343831995345
eventually:0.020569409399150654
every:0.011806546247268913
takes:0.017358737155241118
offensive:0.024343624588440443
give:0.011472020734737895
past:0.016036477897589142
answer:0.014739179816159497
604:0.05927602703143363
by:0.004807939198141583
mike:0.015511708878435452
wish:0.018136298615430962
while:0.010535643232420011
news:0.014897458816327274
