mark:0.018890716756554658
your:0.00792410202629725
with:0.0036781596024499834
into:0.01126291762882004
bikes:0.030227344654763545
from:0.005324353801447646
work:0.012736304804970464
themselves:0.020355032807061746
my:0.011952380645664168
to:0.0034671676983417127
might:0.013377893936342427
100:0.021248503766233155
that:0.006545370291216543
considering:0.025191006008522598
european:0.027870782079660334
nt:0.017964240294904114
anything:0.014599000945405055
re:0.002351827061497928
so:0.012852963489118492
93:0.02302525469059372
getting:0.0170578715234257
something:0.012519882497883791
on:0.003188734749932641
you:0.006991182256713483
etc:0.014605811241875696
them:0.018438480145059635
inside:0.02361041211996344
why:0.0111932237745535
transmit:0.03565228385298991
more:0.007996346074344188
a:0.0008783044816643994
how:0.008272723253013361
hard:0.017007757248902574
looked:0.023427693109935126
old:0.016653541398379396
austin:0.03148942450043746
coming:0.02186559719993456
standard:0.03828986843348726
fine:0.020372053949185915
also:0.009330170639494128
course:0.01538460251509446
ride:0.053115717444074
are:0.004043467808812739
those:0.0116724254986639
it:0.008625293829936402
texas:0.024957041960182405
have:0.012861650645223972
area:0.020179038016725454
grips:0.30371465385837826
rider.cactus.org:0.1322620199710343
suspect:0.024415692219482765
providing:0.02900623764570092
degree:0.027870782079660334
list:0.03662425908077459
writes:0.004158882962374606
if:0.004214782514235279
end:0.017007757248902574
of:0.002445793529128788
style:0.05774625125125036
mailing:0.0555189279693911
but:0.004184171209122078
comfortable:0.03333211081918887
understanding:0.05049251301774624
fact:0.015083441060558738
they:0.029337095110306403
who:0.008132408014049361
now:0.01038939872879399
in:0.0011174824018521413
compare:0.027105100086751654
bmw:0.11148312831864134
or:0.0042409525641703485
subject:0.00016790538925797672
cause:0.01983334046127086
i:0.004802483201142011
actually:0.015373044824535125
flames:0.028128694178574654
the:0.0056887019621815315
do:0.027106336562509308
see:0.011128212335919346
would:0.01759716313404483
can:0.005437521965017065
joe:0.10011243338170908
bar:0.06338464600990915
save:0.022783083222775436
itself:0.021151294594933208
lot:0.01558838608971944
mass:0.026489865538991617
stock:0.031244673454842022
by:0.006229153929667712
reduce:0.028678595432597768
panix.com:0.032576486216408594
s:0.007804229947874445
aside:0.02839763669013492
