go:0.00868496540979521
at:0.011798638559657558
there:0.004097227614183694
il:0.022958125163967037
technology:0.015034230740254208
wave:0.08791284779808764
ever:0.011800991325133306
with:0.007832509510574294
way:0.007733807230118497
boys:0.07264633653648796
followed:0.019843471879478925
work:0.009040502071385284
feet:0.01960741941497916
often:0.013871966019101366
my:0.01272608385710225
to:0.00553740733965066
dod:0.01561367875755552
matt:0.021913511024064025
bikers:0.027048708788405228
most:0.008288372606995704
cookson:0.057224224982463275
us:0.00919587672404016
reactions:0.02491259163160588
genetic:0.05277923901604202
she:0.014799743236153939
that:0.007743406817733858
think:0.0064274465514667645
motorcycle:0.020734836478817888
quite:0.01185803295584554
helps:0.03776760978690145
like:0.010398563067041724
nt:0.006375701354664629
hot:0.018676866905184872
re:0.001669377244545404
afraid:0.020157251043443982
so:0.00456165445261125
you:0.0024812454884317937
books:0.016297937111813217
them:0.006544014158626075
m:0.006110779964803893
more:0.005675977793842526
a:0.0037406360513742723
other:0.012315249891356345
old:0.023642081092342178
incorporated:0.025972092463329835
let:0.010290793494432253
someday:0.02573912035096122
also:0.006622755052140921
course:0.010920320535267942
ride:0.018851337217874475
daughter:0.02466791200439608
no:0.005025650607957633
those:0.00828533774235518
it:0.006122418388213785
pipes:0.026660265141130096
mothers:0.02656821475183217
admit:0.01830400542281942
have:0.0022823688086948788
try:0.01087673960867586
ve:0.008147918299229617
always:0.011861411151779943
types:0.01828971969634321
motorcycles:0.02460878152783349
points:0.016362304859243
has:0.0047534574727078165
shows:0.017250958203660318
usually:0.014722101527618808
without:0.010032189664296852
be:0.0025824163265065684
kid:0.09042815909659827
noticed:0.018108049201581808
sort:0.014006523694915313
writes:0.005904128491228235
get:0.005867740961121082
things:0.0099764550363404
of:0.007812344955766285
future:0.015645117519276115
even:0.007496247534669757
reasons:0.0162344842669469
what:0.004109116531234961
humans:0.020135632184177066
year:0.02209607782330046
least:0.010748492779939653
seems:0.01052003164902267
now:0.007374617847670733
good:0.01446437367285267
one:0.013169342514852085
in:0.0023796388646583544
71:0.022682707445193198
or:0.0030103190076030593
sir:0.02361260495946648
better:0.009983106568309835
and:0.002556679114893682
for:0.001452450280857473
subject:0.00011918284326793882
each:0.011366113381074175
car:0.01365465776733656
i:0.006817810973049818
sees:0.023659846518977807
any:0.004568246724503604
will:0.005059398861175376
than:0.006386612867051165
the:0.0033649687945939864
do:0.009620329271069152
thing:0.020213682456472825
see:0.015798087155456927
when:0.005837832334123821
can:0.0038596696090969344
convince:0.02109422584867981
her:0.014760753593436284
forget:0.017139345247386133
sport:0.022387440469726478
just:0.005242806086901276
jonathan:0.04268308365619702
e:0.02777580085762345
is:0.0011994313700476066
done:0.011824390854556688
touch:0.021313375894200005
time:0.007051383794213007
figure:0.03296872887566744
girls:0.02460878152783349
notice:0.018026631400020286
nothing:0.011405607149557628
every:0.01085780592382766
bike:0.01684090479695778
words:0.014767228265657921
article:0.0036175575014133973
thier:0.027151340566194063
little:0.06282157237228028
three:0.013028964314609252
side:0.014376625350764255
past:0.014747832352247157
by:0.004421586941148063
says:0.011433155109051643
seem:0.012320145334355971
four:0.015660920317066847
s:0.005539609650500163
