above:0.020019529633298127
know:0.009072611218075748
wave:0.03619940791685962
saw:0.049961479163756685
chris:0.028211376786171326
ever:0.019436926888454855
hand:0.02321499599597554
with:0.004300201299923142
way:0.02547607087568446
ya:0.03755074966269513
though:0.01827606030596088
meaning:0.029014312756502146
work:0.014890238705811057
my:0.013973739137210313
to:0.0030401452060827153
dod:0.025716647365385564
slightly:0.03183582100261802
respect:0.030054104330397947
h:0.025979280325694975
december:0.03735975343914174
guy:0.04979898157277749
nt:0.0052505775861944005
me:0.01593512765300801
re:0.005499125040855449
jacket:0.08664495123440595
michael:0.022093347071130066
he:0.03507646781294637
these:0.012181146861021636
slower:0.035935833418527734
on:0.014912024271743821
you:0.004086757275064131
brings:0.03815544156149639
a:0.005134206345023511
was:0.026042974532393695
as:0.0058831923545369005
40:0.02812137638253528
whole:0.02199937849284772
considerably:0.040341114528172364
are:0.009454579141194493
no:0.008277542177812573
it:0.0025209958069115587
cool:0.03375608069466473
gloves:0.04525162462064041
texas:0.02917771817403678
term:0.028659410249371013
being:0.014307381837684912
waves:0.043911024938331926
left:0.04300595858089061
degree:0.03258422316666171
his:0.027123956492724362
myers:0.04543778497346608
writes:0.014586670390093289
down:0.017385041007008516
kinda:0.03755074966269513
even:0.012346760645338423
what:0.013535913279362223
but:0.014675365196700227
wearing:0.03693249144791173
pants:0.04623347309582073
in:0.006532341981415091
cats:0.0434652556602699
or:0.004958172483110921
and:0.0014036669650396686
for:0.0023922710508240733
subject:0.0001963011536177816
each:0.018720657333533935
i:0.0028073339300793373
everybody:0.029984627203942564
back:0.015487917059320129
similar:0.023270281528431625
body:0.026100596497606997
turned:0.028874252499364688
behanna:0.0434652556602699
than:0.010519127075143096
the:0.002216920617614862
do:0.00528174940372424
riding:0.03320017818920185
home:0.021539434204862856
return:0.027135056675124475
an:0.006602192195306888
excuse:0.03255147059056333
jerry:0.0358842336195671
is:0.00987767010627441
morning:0.03154515307058394
yesterday:0.03232619875628473
new:0.012676467388849609
light:0.02567804916034039
article:0.017874990006983848
april:0.02501583721976553
side:0.02367914763655289
going:0.01601335061801237
mike:0.023495676683512524
especially:0.022980115496303983
