another:0.011795241119088185
go:0.010348043892521953
hmmm:0.02642501637936107
there:0.0048818031147720604
send:0.015602910217426717
versions:0.023619271386429542
your:0.020105301417786103
continue:0.020788330887773643
with:0.003110783919093337
way:0.009214749040141188
4:0.013214199490312122
hell:0.01815628151320157
manufacturing:0.029535324262620438
kids:0.023384909738588953
post:0.013737115981016916
wire:0.0271179163519031
my:0.010108662354577674
to:0.0036654232981139117
dod:0.0186035321366619
revised:0.031138916787004034
cash:0.027026204615549346
pin:0.025921739909282086
software:0.014977584513198174
tough:0.02549598082591221
class:0.021107285487601074
that:0.00553571210799697
grand:0.026674397155418784
along:0.018584901123091673
could:0.008027176358117326
its:0.010999066787415798
me:0.005763769576619919
need:0.010219159529240619
sitting:0.024147848374797644
so:0.010870325504094894
off:0.011614135361469949
ti:0.040304904853741094
pins:0.08358399281701502
hi:0.01676072691497024
on:0.008090566360201435
you:0.005912755206475764
messiah:0.029608692997366903
m:0.01456185863953268
a:0.001485642687070633
other:0.007336744616127185
low:0.018062736914786277
as:0.017023705536532305
coming:0.01849271252547657
cyberspace:0.03199180322357414
wife:0.021494585250765797
computer:0.014259058006198486
no:0.00598800923501335
phrase:0.026033726128419494
place:0.01446504051764056
it:0.009118495471807765
not:0.006413936261446435
rush:0.02716437209641775
made:0.012370103999563837
ve:0.009708157973550182
money:0.03298106134818223
hope:0.015364157115106624
real:0.013604222627650252
after:0.010261774934388039
placed:0.0242278370841835
his:0.009810792773964131
be:0.012307686322073857
er:0.029251569046102918
get:0.006991350932399587
soon:0.019132944877869523
were:0.016503226568854244
if:0.00712925978471712
of:0.006205550603161871
but:0.0035387405438851607
result:0.03760640384054789
seems:0.012534505794580202
order:0.05966631619430834
please:0.02037675911601335
they:0.004962338428232679
now:0.01757355742423664
good:0.008617073677444144
in:0.0018902095946222392
our:0.02372101513808929
5:0.013823791951689802
or:0.010760289218666255
use:0.008844571956102915
weeks:0.019364706836878246
and:0.004061674622242445
word:0.016323811256188397
for:0.0017305790580429466
subject:0.00014200508985116116
keeper:0.03260387412668471
i:0.003046255966681834
we:0.028675402249233404
ol:0.030152729428858487
directly:0.01932181024200202
will:0.006028219919698321
the:0.004410256973340204
got:0.03530032694091341
boring:0.03031896636239096
her:0.017587280877285786
may:0.009899071954467185
thought:0.014279714921232513
company:0.017904936381017818
arrive:0.03154828402708982
beloved:0.03222824876916368
is:0.0014291097175035314
foolish:0.031238343026430377
number:0.013309919406371053
patient:0.026760191740152206
new:0.009170210451508228
right:0.01031847656271436
too:0.010385733339704769
under:0.012911294825029996
bin:0.034632424959286326
bad:0.014577665142268
announcement:0.02430904704232599
dangerous:0.022365668793549398
s:0.006600385966553386
news:0.048971433768565185
