408:0.03736446400012518
go:0.013797391856695937
out:0.008355865950925247
stopped:0.03195434271503344
entirely:0.029476064157313565
search:0.030263484392728482
raise:0.033426962323389785
wave:0.0698314819389065
chris:0.02721097335403759
hand:0.08956707675043045
own:0.016074401670553157
your:0.03574275807606418
with:0.008295423784248898
to:0.005864677276982259
lock:0.03585538056552473
respect:0.02898835594988738
front:0.024942914392666195
apart:0.03267133645170982
like:0.008259851514245908
attention:0.03010410243633091
re:0.005304120606782561
so:0.007246883669396596
this:0.003723279704761837
off:0.015485513815293265
fingers:0.0403135980082366
throttle:0.042970998358884904
starting:0.02781221264451927
you:0.023651020825903056
tell:0.03418475253365181
slowly:0.037437958943639695
orientation:0.03928393836394938
a:0.003961713832188355
how:0.009328815583185279
other:0.009782326154836247
bring:0.026903311682901245
riders:0.04138841998076994
also:0.01052125625304657
straight:0.028345117925271692
are:0.018238620754644694
recognized:0.035453285929520864
it:0.009726395169928282
have:0.003625890873387609
probably:0.016930664645597223
left:0.04148092458866045
doing:0.01901207734159798
open:0.023439436728747255
netcom.com:0.045660073400299844
writes:0.004689804191613917
if:0.0047528398564780795
of:0.004137033735441248
sexual:0.031588855834783915
but:0.004718320725180214
drink:0.03556586287389171
together:0.02524089532943426
easy:0.023501287689778775
they:0.006616451237643572
now:0.011715704949491094
in:0.0037804191892444783
or:0.009564701527703338
use:0.01179276260813722
and:0.00812334924448489
subject:0.0001893401198015482
i:0.0013538915407474818
special:0.02479227796358172
back:0.01493870014232296
pay:0.023637177744665838
actually:0.017335561185114076
the:0.002672883014145578
do:0.010188906651155981
when:0.009274286828678978
riding:0.03202286690589682
around:0.016788613001089615
generic:0.03909480185982058
may:0.013198762605956246
microsoft.com:0.07915490107063429
about:0.006985930356892706
hold:0.02460837314144695
move:0.02508386606789374
thumb:0.041786217616592944
itself:0.02385145986237149
touch:0.03385954751986384
right:0.013757968750285812
food:0.02989701623283969
appropriate:0.02868090601461352
their:0.010735344812636268
easily:0.026233438073726148
bike:0.02675434520935137
position:0.02441732593767526
article:0.005747041704373057
by:0.007024365069625291
seem:0.019572429467345658
while:0.015392500041691648
motion:0.036281649530558104
s:0.004400257311035591
