screw:0.019451024576118452
report:0.014769370519357025
go:0.007569775298809834
out:0.004584346689029027
there:0.007142248914997256
small:0.011629361479634285
swing:0.022778662863644977
stand:0.015321939900647714
with:0.009102371623183616
much:0.006798431399065881
though:0.009671378216383968
times:0.010935704830712167
from:0.0032940554647088545
my:0.014789327024596129
to:0.002681321323133912
cash:0.01977014189775594
then:0.006209651166442814
grade:0.021552666573217368
might:0.008276595859449206
enough:0.018927225890563393
perhaps:0.011239149951906792
been:0.005709106565063966
that:0.004049470335811013
bit:0.0212068809187214
helps:0.01645903617172359
like:0.004531669507815849
really:0.0075929795454899845
nt:0.002778515765456959
its:0.00804600994565825
seat:0.1544061783637249
complete:0.014409400195699525
on:0.009863984926834435
set:0.01030900616391409
went:0.012694401810257135
leg:0.021768891674987058
apparently:0.014741871814208805
8:0.022976585855049542
came:0.023492036828622154
more:0.014841467227479291
a:0.004347094555163876
hard:0.010522308959437779
anymore:0.017243013037610867
test:0.02782801442785736
was:0.0068907481253026115
as:0.0031132846701051303
lean:0.022241112908466698
said:0.00852725614265927
driver:0.01431823190072526
wife:0.015723665475268368
drive:0.010987563224926026
also:0.005772362380076134
ride:0.016430737497291372
frank:0.07619016296791094
section:0.03198256128889718
no:0.004380333603822995
pocket:0.02217885477093191
supplied:0.021448899074843198
pain:0.017225680935084097
it:0.010672542559999127
not:0.009383813363050037
have:0.003978603993366948
systems:0.01167477478709187
try:0.009480115456589076
ve:0.00710168754485383
suitable:0.020010194695442088
color:0.014376000414799167
lady:0.019940083779089252
always:0.010338350575870457
earlier:0.01535387756764316
has:0.012429274014239895
installation:0.01930077229546561
without:0.008744009668492198
found:0.010406694572984425
guns:0.01570022534062486
soon:0.01399608419081506
if:0.002607589181958791
5000:0.02292551238887006
of:0.001513156307904581
short:0.01347462204521894
but:0.012943253351175297
never:0.008575639030590897
passenger:0.06450131076635862
comfortable:0.04124362350389906
again:0.009501436335050654
seems:0.02750763139355344
easy:0.02578740516932924
they:0.0036300374494464735
up:0.005227472258180485
miles:0.015619279318719165
now:0.01285536496403303
over:0.007805216935872988
difficult:0.014502755941782098
in:0.0013827214155213267
5:0.01011234586349293
figured:0.020045729650941205
or:0.002623779991062589
weeks:0.014165622121918717
unable:0.017802499001780953
and:0.0029711861049866914
for:0.001265948882926358
subject:0.00010387920969656924
fits:0.019905496435053276
i:0.00519957568372671
back:0.008195940545009873
wider:0.023488085263621453
review:0.016815717839139245
yet:0.010233730516288574
than:0.005566541954161328
the:0.005865782178903136
wrong:0.010285688937081169
do:0.0027950113576128274
drugs:0.016878478080111555
would:0.00725797389964495
once:0.01043981009698407
put:0.01935765991865198
bought:0.014253244159021248
an:0.003493767076115707
thought:0.020891722997600875
10:0.011246582715549278
just:0.004569605305314731
about:0.007665495566707172
ma:0.015607851849173215
general:0.01147249168516557
is:0.00209083756335147
bolt:0.04751308003297793
angle:0.02079101452214307
new:0.013416339026331105
hardware:0.013811988808072185
time:0.006145953190286824
gt:0.04259651789925301
does:0.00948240322441654
sides:0.01772308704990855
2:0.007581360124884859
first:0.007305660814751133
stock:0.05799108652902585
volume:0.017225680935084097
instructions:0.018803366180641153
improvement:0.019837230638746237
very:0.00678304471511069
give:0.00919547187298057
comes:0.011767223102122614
fit:0.031637728243567136
soft:0.02079101452214307
hawk:0.04527430904113528
s:0.004828297905494306
