week:0.03830932004895093
there:0.010197544284190528
till:0.05554348128958269
football:0.06169601068191825
with:0.006498081964328304
into:0.019897821144248738
someone:0.02448286794070022
turn:0.03801642371905017
to:0.006125329600403693
most:0.020628838488522643
ran:0.050442172160688414
started:0.036436054177654505
so:0.011353451082054667
ball:0.09908011866070987
had:0.017048983174245948
this:0.011666276408253757
off:0.024260638310626116
he:0.03533629350044967
goal:0.0466014018262203
on:0.005633431391547666
cage:0.11801113131928394
onto:0.048379585292937184
a:0.004655013752821317
other:0.015325644309243453
was:0.009838457045570952
collision:0.06444499038540537
as:0.0177803146714893
driver:0.0408865066498488
drive:0.03137559720895543
straight:0.04440735141625899
after:0.021435707640721682
towards:0.04633085705943934
his:0.04098731203345015
pitch:0.11091266974669813
ford:0.05311672632771185
be:0.006427347301527459
soon:0.03996659596710523
down:0.026270728632812868
were:0.017236703305247767
end:0.030047037806394547
of:0.004320901901460859
but:0.007392035802782336
seems:0.02618318988201198
who:0.01436725415815387
mjs:0.06895015825327386
up:0.014927337448359829
one:0.010925676753062472
in:0.001974218909938783
and:0.002121096747171055
subject:0.00029663285435575884
back:0.023403963556305973
unfortunately:0.04090992312028841
the:0.010050040133187372
do:0.007981310210072185
around:0.02630216036837373
an:0.009976645984019298
about:0.010944624225798573
field:0.08649906333185126
carried:0.05000851278395803
wanted:0.033835110994956695
waited:0.0620046725053302
article:0.009003698670184456
players:0.0412430434781988
needed:0.0370646965570669
mike:0.03550457809953004
