ducati:0.10862903725484555
blown:0.09133479841131398
at:0.014931610380583576
your:0.04270956685360212
to:0.004671861559629935
then:0.027048819487725476
badly:0.08860982857084362
that:0.005879739414143674
re:0.006337974623358823
you:0.01884064370877023
how:0.022294288088629224
drive:0.0478610804882371
science:0.057315800443513816
ride:0.14314235717979262
computer:0.045435642460429075
are:0.010896803077986874
d:0.030878715633509076
it:0.011622217957287186
being:0.03297972762584997
university:0.03983627290845176
strength:0.08811372039626543
robert:0.05415952591453735
writes:0.011207837135890887
get:0.022277525004934278
down:0.04007399282971454
of:0.003295603145182011
they:0.01581219702555498
over:0.033998995805412845
nearby:0.0901917258554575
p.s:0.07686157127321742
and:0.003235571309243982
for:0.005514387506984305
subject:0.0004524907947799711
alan:0.14917568447455049
decide:0.06938487146801321
the:0.0012775474745577169
do:0.012174879981466045
see:0.02998958917646061
riding:0.07652922430053308
wind:0.1716602342172713
home:0.049650221217988955
affected:0.08568828236845741
is:0.004553773337129897
days:0.05047885804322326
trees:0.09801114223685786
too:0.06618704636828802
bike:0.06393835041556853
by:0.01678704194605366
check:0.05609002651843541
s:0.021031738334102316
