another:0.00912553633904765
effective:0.016617141702076316
ability:0.04948505759825219
choice:0.015524126232586598
entirely:0.01710339525177454
know:0.01015535082846339
harley:0.024933789171204822
among:0.014174919621340846
specifically:0.01665449650928256
with:0.004813394047650596
much:0.007190110574320706
my:0.003910346754445685
to:0.003970121037298689
dod:0.014392856138652006
technique:0.020703358218718583
important:0.012931560876433016
most:0.007640310551304683
potential:0.017638980826425905
make:0.007243129561109892
that:0.002855182102341373
like:0.004792753347772318
countersteering:0.05086040128717191
me:0.008918425353123826
generally:0.01591254935482757
re:0.0015388498056714839
wed:0.02372659653751158
error:0.01549571258918518
apr:0.015338305666823041
these:0.0068174319880614925
formal:0.023265208479401677
on:0.00417291214188716
am:0.006725664019347184
chemistry:0.022034831410653884
education:0.03560203708688334
more:0.0052321770609906415
a:0.0028734652795193313
how:0.005413016449502569
hard:0.01112853252088687
want:0.007788469002930789
ama:0.020736952089661632
was:0.02186323787904656
as:0.006585301730181222
said:0.00901853838956145
riders:0.024015502951804785
question:0.008983481824473682
cited:0.02135448581219551
21:0.016692193502692697
ride:0.017377364348987172
third:0.015032037023324634
emergency:0.022794383988958285
early:0.014414572423017618
proper:0.01689929261334091
18:0.01591254935482757
it:0.0028218553888063537
not:0.0024811111464031477
have:0.002103911988261946
made:0.00957028622188478
hurt:0.0742449647614101
between:0.0191182374160198
accident:0.01999791679346789
discover:0.02247355460019404
braking:0.05329880306612806
univ:0.019113594120391802
component:0.021853913207274804
be:0.0047609980011314515
which:0.010632858703847885
writes:0.0027212444074796805
outcome:0.02222407055979719
detection:0.024407725913962498
dept:0.016886039054904524
if:0.00275782065746259
of:0.007201503169101431
exclusive:0.02339184081959408
failure:0.0195446510358612
what:0.003787827584348277
but:0.008213373114202595
result:0.014547333172886841
tend:0.017529234953659812
year:0.010184200478229022
years:0.009176030547244418
street:0.01641163983670208
gmt:0.01743744171286023
understanding:0.03303831098692038
well:0.006925382346310061
must:0.009536874187158425
mjs:0.025537095649360693
over:0.01650980043225809
35:0.018581169686137662
one:0.004046546945578693
in:0.001462384377732432
yes:0.010974674364213535
or:0.011099777081532269
and:0.007070322490570182
still:0.00840209498859896
for:0.002677768419029416
subject:0.00010986402013176255
i:0.003927956939205657
example:0.011569379192419361
skills:0.022525319136024742
taught:0.019914214389199894
we:0.005546271216929918
fell:0.02060419133979241
any:0.016844234836029752
than:0.005887248074977207
the:0.004652796357957117
harvard:0.02314235677919723
less:0.011312203936610195
riding:0.018581169686137662
responsibility:0.01785090068555008
essentially:0.018521671401465937
would:0.003838064387260807
specific:0.0452488430675362
agree:0.012413807320841314
did:0.020295198067197102
last:0.008971862354154312
an:0.007390108136310591
people:0.006194539671082788
many:0.01525268335455221
jerry:0.060250071262483024
draw:0.017377364348987172
execution:0.024933789171204822
is:0.0033169460109958504
distinction:0.02163840709403482
else:0.01039733426065044
conclusions:0.02083941114983335
study:0.045745349980676524
lot:0.010199808182162103
amazed:0.023868514957557544
experience:0.013630546398333943
1993:0.012467719353951183
nothing:0.010513810705765058
strategy:0.021723260127790935
significant:0.03426278019344828
rider:0.08741565282909922
practiced:0.023265208479401677
progress:0.02067003636590945
three:0.012010238709763263
teach:0.020229821882155673
mike:0.10519874992453346
everything:0.01271466042766771
s:0.0025532357236873185
