taken:0.05401444753702722
above:0.044633705411943364
since:0.03280035448202757
andrew:0.12345764456301635
all:0.015640456240103136
means:0.04646877410555333
own:0.0371555841893114
your:0.06196387977940635
to:0.00451868577078961
infante:0.19940656678122853
class:0.06505196183063938
that:0.005686961072696341
think:0.02360242668079599
like:0.01909244366407661
me:0.0355274977181818
re:0.006130172176691321
scott:0.06265700087166404
so:0.01675099339975279
had:0.025154237470198938
you:0.009111458842765933
dd:0.1045469590118247
it:0.005620580815409376
made:0.03812425494947543
ve:0.05984044914844047
yourself:0.057479912645485125
writes:0.010840367065861679
of:0.003187550583044896
opinion:0.054251009255535894
what:0.015089214803223464
never:0.03613015132560427
listened:0.09932640604266839
rest:0.05355132513889851
in:0.002912781998270336
yes:0.04371878476235884
world:0.04133197850381438
and:0.006258974008045736
subject:0.0004376550310166934
drunk:0.09789999002644495
i:0.003129487004022868
paid:0.06780311701265831
the:0.0074139640326792095
do:0.011775703588631094
because:0.028929873752369082
many:0.030380344714394977
devil:0.08653692149267536
dollars:0.07517385295890577
acpub.duke.edu:0.09789999002644495
little:0.03844817544095843
