at:0.007403067331549841
folks:0.03111946092684687
wheelies:0.10072189581194915
effects:0.03614988955766896
know:0.010368698534943712
with:0.004914515771340734
exhaust:0.048450108895927005
ca:0.01728192097556572
from:0.007114052558236769
wheel:0.08167216438340666
my:0.015969987585383216
ground:0.06515888509911497
to:0.004632602218792708
dod:0.029390454131869217
slack:0.10343228484717809
front:0.059108418980940054
that:0.002915164919617452
nt:0.012001320197015773
clutch:0.043447660235790976
me:0.009105787230290291
re:0.0031423571662031135
lost:0.029449632977460925
so:0.00858664367550353
had:0.01289418895531206
off:0.036696763831199165
he:0.013362463928741472
posts:0.033806869514022446
on:0.004260578363355377
you:0.004670579742930435
bill:0.07803816493340464
a:0.0011735328788625168
same:0.01632011218931607
was:0.014881699732796396
shed:0.048308872607554044
smoke:0.042625342672734184
no:0.009460048203214368
hey:0.032387722568329155
it:0.005762276130083562
have:0.004296223639896242
due:0.027858340209230944
tendency:0.04904006064948371
his:0.030998807420256413
get:0.011045159456227919
were:0.013036162163632766
of:0.004901863501657277
what:0.007734807588206985
but:0.005590615313028657
lift:0.04621256286275083
good:0.013613528162684867
in:0.002986213477218327
point:0.018500302195462694
bmw:0.037239112190470526
5:0.021839267957291453
or:0.005666482837841053
and:0.006416763268752771
word:0.02578887828708755
for:0.0027340240580846554
subject:0.00022434417556317895
i:0.0048125724515645785
any:0.008599052657889137
the:0.006967464798218137
do:0.012072570065655406
thing:0.019024642311974423
uh:0.04321529442629089
when:0.010988860864233074
can:0.007265260440653053
effect:0.02912918869430593
her:0.055569895881171893
7:0.02681956747001097
about:0.008277446893461105
is:0.002257753167148436
right:0.016301458771347054
engine:0.034294529577654255
does:0.010239401801155673
told:0.02605226694730361
various:0.029954445196262086
every:0.020438222915440302
shaft:0.1358509186453998
mike:0.026852201924014312
mine:0.02743898356974778
john:0.022533431929259207
