above:0.012965028714897835
some:0.005559699405396925
looks:0.01630050225892329
read:0.01079525267570439
at:0.012585214463634729
folks:0.017634361191879895
say:0.009035928448893065
ideas:0.017128541128759386
there:0.00874075224359188
circuit:0.02203887926148594
small:0.014232123334600055
where:0.008797413324922676
own:0.010792812550228549
your:0.005999677248482203
text:0.017221732063016987
o:0.01667132849428515
mentioned:0.01673887437519923
blew:0.02664097695462702
wrote:0.012264642736632672
to:0.0006562853143289671
dod:0.01665459067472589
sound:0.016434206138706817
job:0.016530897882329414
motor:0.023995615989465605
death:0.0159781732573163
been:0.013973717973537518
die:0.017941687483011188
that:0.006607707151132892
rod:0.026993872060120935
think:0.006855942988231216
motorcycle:0.022117158910739083
like:0.027729501512111263
nt:0.006800748111642272
its:0.009846783600162716
me:0.010319892194328998
re:0.0017806690608484312
happened:0.016058575708278244
murphy:0.026249366963022394
so:0.004865764749452001
had:0.02922682829870734
this:0.004999832746394467
seized:0.02864028098110447
two:0.008879949679301483
big:0.01321800263746456
on:0.007242983217704142
you:0.013233309271636235
rev:0.025237169620243
pump:0.028056460399712407
pilot:0.055578735402748214
m:0.00651816529579082
why:0.025424608287914378
a:0.0026600078587550383
low:0.016170450190380097
looked:0.01773811049752231
was:0.016865926363835916
lean:0.027218885797504484
oil:0.04268388796963436
far:0.0118541812958162
are:0.0030614827695296457
those:0.008837693591845525
tear:0.02362046895206982
gas:0.01889604605556668
it:0.017959093938760436
ken:0.019647965243403866
fuel:0.022980097931933854
deleted:0.01673037855713494
have:0.004869053458549075
only:0.00635017256318708
left:0.013925738969050295
doing:0.012765251929358646
mileage:0.02549744777518521
down:0.011258883699776944
were:0.0221614756781757
if:0.003191192475063854
end:0.02575460383405247
of:0.0027777226509391236
but:0.003168015344049573
ok:0.01554213900243301
oh:0.015379600876864161
bearing:0.026993872060120935
they:0.0044424744024178274
who:0.006157394639208802
miles:0.019115022785289648
now:0.00786625903751545
chance:0.017119321561964784
rings:0.027218885797504484
in:0.0016921876370903856
or:0.003211006941443264
total:0.017433407122878105
and:0.003636165852293237
still:0.009722424201093082
for:0.0015492802995813047
subject:0.00012712836615246808
cause:0.015016672063533652
i:0.0027271243892199276
acceptable:0.02203887926148594
we:0.012835656244894952
marks:0.027067701519816006
any:0.004872796506137178
water:0.03904854490201477
the:0.003230370042810227
do:0.006841123037204731
see:0.008425646482910363
when:0.018681063469196228
got:0.01053406581728845
would:0.00444118879097322
because:0.016806879037090612
did:0.03131259130367553
substantial:0.025716424504908176
an:0.012827116265167667
problem:0.020148240876624614
just:0.005592326492694696
btw:0.017865669144968264
about:0.00469055323962796
idle:0.025772779065131996
is:0.0038381803841523415
stuck:0.04529051492655856
done:0.012612683578193803
having:0.012461387582954103
new:0.0164190434750814
time:0.007521476047160542
judged:0.026376358615794588
2:0.009278140724263853
bike:0.017963631783421634
before:0.020249469211644232
by:0.0047163594038912675
giving:0.01806365212994798
plenty:0.022196746915375945
s:0.005908916960533508
