obvious:0.026167675604775592
read:0.03084357907344111
go:0.013234233005402225
ask:0.019826956356165763
say:0.012908469212704377
there:0.012486788919416972
know:0.008393708337811577
thanks:0.013560453366776618
performing:0.03768051230827798
your:0.017141934995663435
with:0.007956835058361188
vehicle:0.029936616952375775
wrote:0.01752091819518953
several:0.019173138585492494
my:0.006464042594083682
to:0.004687752245206908
officers:0.0653017045660107
us:0.014012764531870722
that:0.004719790822237779
r:0.021089930385912448
like:0.023768144153238226
nt:0.009715354445203245
re:0.0025438129440691873
so:0.006951092499217143
had:0.0208763059276481
this:0.007142618209134952
mean:0.017982462971631703
telling:0.029211049779767434
laws:0.025250842945836
you:0.015123782024727125
etc:0.015798122363661467
a:0.006650019646887595
wondering:0.024482540828961202
nor:0.023500265285546957
j:0.020776385438971853
was:0.012047090259882797
local:0.02079172416269355
stuff:0.019887187433153892
answered:0.03305778082185508
mind:0.041219806843675336
are:0.004373546813613779
those:0.01262527655977932
police:0.025003972187977494
it:0.00233234986217668
not:0.004101428629768468
have:0.0034778953275350533
massive:0.03395285808572391
tom:0.05164256086360211
expect:0.023511708048696515
real:0.017398597646246582
gene:0.03657953934603027
motorcycles:0.037499095661460556
bother:0.031194592044171778
writing:0.027227610511208394
be:0.0039351105927719135
found:0.018194017042564608
get:0.008941319559803552
were:0.010553083656274144
things:0.01520221719823299
if:0.009117692785896725
cops:0.0331045351027242
of:0.003968175215627319
what:0.006261510904738987
least:0.016378655664669946
please:0.013030036441532345
who:0.008796278056012572
difficult:0.02535515834719727
code:0.022044302791372084
in:0.006043527275322806
brother:0.03152118537197015
or:0.0045871527734903765
and:0.0038958919845998963
usenet:0.027783664140433685
subject:0.00018161195164638296
station:0.02813598733178338
i:0.005194522646133195
face:0.04883362708769469
um:0.03933780538758241
flesh:0.03888412256786355
any:0.013922275731820507
source:0.02121950994353622
the:0.000512757149652417
do:0.014659549365438706
when:0.00889574450914106
would:0.01903366624702808
law:0.020454701532271878
friend:0.023627206936685755
places:0.05190233853456238
just:0.007989037846706707
different:0.034383903374302686
is:0.0018277049448344482
whos:0.053722382676637544
cop:0.0741313094945387
questions:0.04114525628905458
amounts:0.034223918688085816
live:0.04213181325098855
father:0.02945354868269422
