go:0.023724783558464965
technician:0.07185191077975128
where:0.022529960954070265
from:0.010324051883294825
wrote:0.03140945091088855
my:0.03476393639013297
to:0.0050421920491127955
dod:0.04265200050844435
technique:0.06135263472132458
attacks:0.05604971134586033
that:0.004230544212615571
think:0.01755790277473848
quite:0.032392675391578064
swedish:0.0720887167048379
nt:0.008708275021005348
re:0.004560250033880129
off:0.026627529853126226
student:0.049061188684983804
employed:0.06876107052597642
you:0.013556072912407851
pump:0.07185191077975128
a:0.005109161436023396
was:0.010798306513431532
factory:0.06788334492079241
arms:0.049428539410046095
cbnews.cb.att.com:0.14669412209833996
stolen:0.05986129840719929
boom:0.07094815502177906
hey:0.04700169494672158
bgardner:0.07777273780147935
not:0.007352561080194694
dsd.es.com:0.07940116941885157
mounted:0.13032416419977483
have:0.006234763574971377
frame:0.058932501322253375
ve:0.02225772803691993
attack:0.048154848393368074
writes:0.01612835100042835
of:0.002371226653240715
dr:0.04779078786715245
tire:0.07010677854023088
well:0.02052277939211396
they:0.01137706859155785
gardner:0.07031174339774773
blaine:0.07703341314518136
in:0.00866730253143856
speed:0.040956892279094895
use:0.0202777991188701
speedy:0.1441774334096758
and:0.002328033015187743
subject:0.0003255726450246134
i:0.004656066030375486
the:0.0018384219755830562
do:0.017519949241621872
engr.latech.edu:0.07161961571913306
thank:0.04427432081426237
did:0.02004769565174348
eric:0.04863449366242202
10:0.03524843607190445
long:0.029028185915958352
dog:0.12135526712354756
article:0.02964632488963174
