folks:0.08050469239771256
final:0.08384018254862163
with:0.012713638625859724
bikes:0.10448147391537833
wrote:0.05599076031941002
dod:0.07603182699331384
w:0.06726827945715987
class:0.08626455807976091
that:0.015082809801498991
guy:0.07361588580323629
re:0.008129141364742838
michael:0.13063892181189954
charles:0.08948375336812685
big:0.06034305551885994
am:0.03552905123263838
nelson:0.46178268777111103
imho:0.09412329687730545
a:0.0030358785344486846
was:0.019249155089160554
internet:0.06209856398075231
robert:0.06946547889038486
writes:0.014375269369947007
looking:0.05638881185666617
in:0.007725204430195238
and:0.00829994379327804
for:0.014145602735307565
subject:0.0005803686280873543
i:0.00414997189663902
info:0.06403033607374777
movies:0.12290099261944798
film:0.11280739244268498
1993:0.06586208267413342
dave:0.07622336242118678
criticism:0.1184489401706216
article:0.017615932180795674
little:0.10197124790862887
project:0.0837312142481098
