some:0.020129946122988865
go:0.016770967687880407
out:0.010156699130003964
wheelies:0.05166338621388771
all:0.008224722677985269
knows:0.030120356992596853
tony:0.039851246357264725
o:0.06036170661723934
reach:0.03757158162957223
efficiency:0.05184878453475809
to:0.007128616345297401
job:0.02992662547663083
physics:0.039531077849079756
sutherland:0.051129977561145575
randy:0.043230919527747685
might:0.018336940826538327
that:0.0059811142316289105
sources:0.03318223254495228
motorcycle:0.04003968423495868
me:0.009341281727625385
re:0.0032236250239497458
this:0.009051421351231362
laws:0.031998913043430104
these:0.01428134459568054
on:0.0043707657348214645
you:0.004791370598351051
numbers:0.06082314484480514
used:0.017021237140835047
more:0.021921017686564237
a:0.0012038828671089613
how:0.011339336183009693
running:0.02609879665902329
oil:0.038636277903548344
drive:0.0730294072967066
stuff:0.02520186683339329
those:0.01599927288178931
bgardner:0.10995456034002252
probably:0.020579514784734555
ring:0.042959379294477254
has:0.00917909029212544
open:0.02849103947201175
chain:0.1346992607144327
without:0.019372504179331854
writes:0.011401075707199351
making:0.026505234404072445
of:0.0033524238890644594
maintained:0.04596759393107054
seems:0.02031454387397481
order:0.02417514535459045
well:0.01450748198408056
gardner:0.09940625790716058
blaine:0.10890930823973917
rings:0.04927556911617191
difficult:0.032131105836534474
in:0.004595164704167857
according:0.029651087970570845
or:0.005813029807785218
and:0.0032913570214723265
for:0.002804731576828224
subject:0.000230146180103606
cause:0.027185354597776434
i:0.0016456785107361632
everybody:0.035154390514967146
the:0.0025991483103070794
see:0.01525332552940669
when:0.011273055541756343
closer:0.04018376596749093
around:0.020406848561669272
did:0.01417164692623246
makes:0.02407739553665495
about:0.008491518795878204
is:0.006948430005793032
efficient:0.1337139198635981
dust:0.046555596086471696
average:0.03344414705950506
90:0.0347582707719339
evans:0.049001873441046215
change:0.025620768171642133
article:0.013971256557182775
little:0.020218437085331588
shaft:0.04645476815747866
while:0.018709849188607953
rubber:0.04822935483165236
99:0.09174675561158607
