some:0.005189052778370463
go:0.008646365563529454
at:0.007830800110706054
there:0.004079017713676211
happen:0.015029476560743623
anyway:0.013548950318420152
tried:0.013768284680162982
chris:0.03410441993706045
truly:0.019370237640135016
with:0.005198465571462643
hell:0.015170581886586203
ca:0.009140215982632538
sigh:0.02473970792668879
from:0.007525086706046005
wheel:0.02159775013694532
work:0.009000322062179128
maxima:0.028937315077092574
dealer:0.019655846236661098
syl.nj.nec.com:0.027242348159185446
name:0.012276588914801117
my:0.016892697979205357
ground:0.01723090517065485
to:0.003675197760242216
competition:0.023191678174385607
cookson:0.05696989509365233
zx-11:0.02663534578138211
day:0.022607138095669974
might:0.009453711715015316
been:0.006521068387650841
that:0.0015417983352643413
like:0.010352347231188205
nt:0.00952104735629918
parr:0.05516012660261909
me:0.004815949690686865
anything:0.010316627334752906
re:0.0016619577901252024
happened:0.014988003994393026
pack:0.022896677867963955
charles:0.01829445624415038
baby:0.022182533949339625
this:0.002333255281650751
ti:0.016838493583340722
two:0.008287953034014717
on:0.004506745113238133
1983:0.022432488252996853
you:0.004940435461410861
disclaimer:0.01668469123144083
why:0.007909878134017806
a:0.004344679502633229
test:0.01589288823990965
looked:0.016555569797687488
was:0.00787076563645676
as:0.0035560629342978596
red:0.016056084244189115
114:0.026186029706398245
worth:0.031245898833705227
stuff:0.025985924912654418
acs.ucalgary.ca:0.054061335882910844
ordering:0.026360343987079496
third:0.0162345999851906
corn:0.02663534578138211
bgardner:0.028343842220983583
d:0.008097085432786824
wild:0.02100047373379679
it:0.01523801909955431
dsd.es.com:0.028937315077092574
miracle:0.0497298236486371
try:0.010828398543748412
only:0.005926827725641274
lady:0.022776006805448612
acid:0.02327968985125752
after:0.008574283056288672
has:0.004732330995051338
chain:0.09259326958740262
be:0.0025709389206109838
writes:0.008816831880234166
get:0.005841662112404988
down:0.010508291453125146
if:0.002978446310059597
end:0.012018815122557818
of:0.004320901901460859
raised:0.020111024038563626
breaking:0.022469371821062165
what:0.008181707582192277
but:0.005913628642225869
ut:0.026541775073836184
seems:0.010473275952804792
order:0.012463630493922186
now:0.007341841768347752
gardner:0.025624724260512505
blaine:0.028074399457354984
clear:0.014656669965273837
wax:0.052036589830726745
in:0.003948437819877566
tires:0.023369479661557602
or:0.0029969398120137125
clean:0.03859415281756716
weeks:0.016180288379258268
and:0.0033937547954736875
for:0.0014459949462758844
subject:0.00011865314174230354
i:0.0059390708920789535
face:0.015952318181980264
any:0.004547943405728032
pretty:0.025582400505952237
will:0.005036912644014597
yet:0.011689194411938506
behanna:0.07881699693062276
the:0.003685014715502037
got:0.009831794762802552
would:0.004145109538241671
can:0.007685031043890785
agree:0.013406911906508619
needs:0.014885984722974874
put:0.011055374664652352
bought:0.016280372217193157
1975:0.02512642515775381
is:0.003582301691875519
new:0.01532444057674264
gave:0.01649721739127952
days:0.013236678331334099
does:0.010831011683000224
blue:0.017762940566503595
bike:0.03353211266238705
article:0.010804438404221347
full:0.013731833261881125
wide:0.019119274921611584
ups:0.026450133797379583
three:0.012971057806544324
by:0.004401935443631849
s:0.019302462071076124
1991:0.01929707640878358
