some:0.01577752533963992
effective:0.05456710045411546
frequency:0.06755288264949247
ask:0.03938598086968064
with:0.007903072659318208
method:0.05393105301008863
miss:0.06521379142846094
from:0.01144016560040778
wound:0.08157348530744207
to:0.0018624312974200418
dod:0.04726302759043834
that:0.009375800687418293
like:0.01573836572309018
cs.utexas.edu:0.07313896761726647
re:0.005053250037542845
ps:0.06088597733540156
snyder:0.08250582140861709
loved:0.07091865611333031
why:0.024050305137216305
ray:0.23447399278857675
a:0.0037743354752605273
88:0.06765970939958858
dogs:0.14050566225350436
riders:0.07886171915254814
also:0.06014177560863108
team:0.04328681849587159
d:0.024619516518608588
it:0.004633181482972594
ken:0.05575773920425421
real:0.034562079108084426
motorcycles:0.07449144678695543
bmws:0.09322515436965666
heard:0.03652226161378209
writes:0.017871956513988173
of:0.00262757548061809
produced:0.06203820235776221
what:0.012438406797251774
they:0.025214043905614696
in:0.0048021541052565
bmw:0.05988451825224315
cats:0.07988209148373929
and:0.005159424520145809
subject:0.000360769687729977
i:0.005159424520145809
shea:0.17152953624471765
the:0.002037170297267711
chase:0.16084540822730828
is:0.003630711174198161
days:0.040246657088515846
dog:0.0672373777306142
article:0.021900888657205433
very:0.023557330970046586
bad:0.03703514928035654
high:0.03780167331948002
cbnewsj.cb.att.com:0.1515944296736155
hawk:0.07861822583494438
