some:0.015162816560173431
out:0.01530100128675922
there:0.02383841520979604
tony:0.06003564386289231
own:0.029434943318805133
such:0.024974249395685696
pulse:0.07728935200532995
single:0.04222632039626461
near:0.04681526983742241
sutherland:0.07702697918302451
us:0.026751641379025925
that:0.009010509751544852
re:0.004856370165950267
so:0.013270267498505456
uk:0.05612518811245177
you:0.0072181686936197646
brain:0.05726465453203628
state:0.034515758271956055
why:0.023113280261740345
passing:0.06347108240155548
a:0.005440925165635305
test:0.09288051568778366
let:0.02993685380198474
drive:0.03667277595851934
bgardner:0.16564583116159237
requires:0.10426376064703444
it:0.00890533583740187
only:0.01731865244505567
licensing:0.07702697918302451
iq:0.07898571801074637
usually:0.04282793171670927
writes:0.008587823259968343
but:0.008640041847407926
requirements:0.06319956701429166
gardner:0.1497548820419562
blaine:0.1640711656598668
over:0.026051178604147504
in:0.004615057192064688
subject:0.0003467137258703675
idiots:0.07702697918302451
i:0.0024792039901999343
skills:0.0710863967539482
back:0.02735528207879919
possible:0.033467163934604964
controls:0.06471802595012158
driving:0.10875606731691377
actually:0.0317443393130011
the:0.002936700038918388
do:0.009328804141642815
breaker:0.07992494738191035
because:0.022918471414214468
here:0.02338182994316099
hit:0.04648963818090142
unlike:0.05989599721644736
average:0.05038339037535827
evans:0.07382100414495274
their:0.019658228812749534
dead:0.04456210564689787
every:0.03158634450568047
article:0.010523803640475338
doubt:0.04519574414260478
s:0.016115228074182295
