750:0.04149909278821969
wheelies:0.04574773130390057
minnesota:0.07693250927920268
there:0.007005946454787385
know:0.00941889408899467
all:0.007282960539284665
keeps:0.03644424580382291
tried:0.023647817198753213
watch:0.029344762141788928
with:0.00892866224106179
into:0.013670258801392261
someone:0.016820290951626106
wheel:0.074190744745232
iastate.edu:0.07337630229171609
my:0.01450708795924124
ground:0.05919013226560826
to:0.002104120855100505
harris:0.0444102955098159
front:0.05369390731856387
t:0.01966620652672093
that:0.00794438073514069
roads:0.03492551330883744
motorcycle:0.03545498756683364
clutch:0.039467721893581116
re:0.0028545076547951947
93:0.0279466831740794
off:0.03333522821307405
apr:0.02845197158044274
on:0.011610889127617326
state:0.020287888449928366
a:0.0031981010515566297
air:0.029420908287260836
j:0.046627918466089505
said:0.016729044493613985
standard:0.02323698122490257
82:0.03975856041443815
rear:0.07232297600947254
are:0.009815440940476726
it:0.007851651062747449
not:0.004602366477679121
ames:0.03925664150174516
ia:0.04799810947352381
ve:0.013932318313186521
university:0.017941527493119492
tyre:0.09995822193155272
19:0.03127402451893801
writes:0.005047804511584445
down:0.018048592190482122
if:0.005115652059262666
of:0.0014842792791277758
what:0.007026275595394131
but:0.015235493639322372
never:0.016823963594365346
street:0.030442965498615308
gmt:0.032345788826145305
they:0.00712152385120415
up:0.010255422674445683
in:0.002712667204496038
pull:0.03450450704872232
and:0.0014572420400411827
pop:0.040295818404986236
for:0.002483579106199038
subject:0.00020379356406120838
p:0.025695633890315647
i:0.005828968160164731
stafford:0.15080161521754695
back:0.032158117863626524
possible:0.019671539106599863
pretty:0.021969618755111654
will:0.008651185838956368
the:0.005753839770908801
do:0.005483342892416004
see:0.013506761537489894
maybe:0.02021307696444522
just:0.008964798194396075
people:0.011490634657046698
e:0.02374724958819715
disclaimers:0.041687586014100386
is:0.004101872166269678
figure:0.028187004840265293
easier:0.03188300545350077
eating:0.03815964363406444
admittedly:0.044275184234247957
bad:0.04184123735490662
comes:0.023085315551492454
apply:0.030530961721295217
john:0.04093860152033352
doubt:0.026565437396798227
s:0.004736154815694796
