screw:0.024149339691122908
another:0.010712586137142892
seemed:0.02038204297745746
mirror:0.10390709727278162
go:0.009398223438618972
typical:0.0215391562305891
pixel:0.023748051774704484
there:0.004433714906169794
know:0.005960749399315467
where:0.008924912068762133
own:0.010949230123420266
your:0.05477966183396794
with:0.01130101211187531
much:0.008440564587246045
former:0.019279700109886756
into:0.008651226584455973
such:0.009289938181003857
mirrors:0.027238684942657326
to:0.0033289834784802678
dod:0.016895961554069742
compressed:0.026204153597702583
impact:0.023155770025466163
hang:0.025654593765061722
that:0.010055206534332662
like:0.016878827007372074
nt:0.0034496548392388333
could:0.007290382392879504
egreen:0.027459987049088697
its:0.009989490608860724
re:0.0018064758588317417
this:0.0025361470452725556
on:0.007347953988975216
you:0.013425096362529513
facing:0.028192112160814308
helmet:0.1788626308040746
more:0.006142120897684665
stable:0.02426482529911109
a:0.0033731983716096497
other:0.0066633236127145445
was:0.004277590019813457
crash:0.02467102393297844
as:0.0038652857981498474
said:0.010586979848615613
standard:0.014705529180976989
drinking:0.026032623701775483
across:0.018643304936395374
brake:0.02638199887848865
east.sun.com:0.05351724936538032
place:0.013137331484620414
it:0.006625225695458395
not:0.008737826211245869
should:0.007936290542190721
have:0.0024698097253509797
energy:0.044305362613461366
kind:0.013311723173734588
left:0.014127561272949571
careful:0.022228760325900435
open:0.015965993134074215
be:0.008383496480253208
kid:0.02446365656719567
found:0.01292038891428501
writes:0.0031945043044326682
get:0.006349632730874986
if:0.00971232492410738
of:0.00469663250158789
ryan:0.021473128990354008
balanced:0.027852961152730983
least:0.011631219240127933
fairly:0.037915039113506147
ed:0.03833980359100485
up:0.006490146716678186
good:0.01565226909526086
over:0.0096905350363254
in:0.004291780238997354
or:0.0032575432739279484
and:0.00276664793109268
green:0.04066000772320563
for:0.001571733637256396
subject:0.00012897080624163428
showed:0.020650994679999687
purpose:0.018168509623886893
capacity:0.025114538663669857
i:0.00553329586218536
back:0.010175636328828683
face:0.01733947628476116
any:0.009886833490713114
will:0.005474905047841953
the:0.005097846444370406
do:0.0034701348739444283
less:0.013279543751672836
her:0.03194597879159157
put:0.012016711592013425
last:0.010532186241833323
an:0.008675344333929823
is:0.007787612373642432
weight:0.042946257980708016
picture:0.019761003689349757
night:0.016173115200889005
compress:0.029494834706462143
right:0.009371370018310626
average:0.01874164762754873
spot:0.023313142829498108
does:0.005886419392934904
life:0.013480093494148356
dead:0.016576242197155245
him:0.011577368615281679
bike:0.018223974273036438
article:0.003914651595732372
919:0.027096588878858806
grateful:0.026032623701775483
by:0.004784712438730271
fit:0.019639845793711964
rubber:0.027027078069911465
biker:0.02632198670458258
