at:0.007104556552051863
there:0.00740144343207377
thanks:0.016075698749323894
sounded:0.0469173283208539
way:0.013970748544730188
into:0.014441966959535374
mentioned:0.028348093699934178
from:0.006827195600243351
dealer:0.03566585002619957
to:0.004445803742228486
dod:0.028205355174939006
colors:0.036773360272443906
line:0.02277261087746765
add:0.027711454971384827
look:0.019122325195773473
that:0.011190471788208929
motorcycle:0.03745647880044522
like:0.009392250512166718
nt:0.005758697997761601
months:0.027385439838546934
anything:0.018719686696124224
se:0.04070411174938945
anyone:0.013491247980978961
had:0.012374261981307541
this:0.012701188025114975
he:0.02564730979871347
used:0.01592309280916827
a:0.004504852018859339
other:0.022246903029546947
ama:0.040637736756353036
was:0.042844893585550915
idea:0.022357873348877066
coming:0.02803733834507738
steve:0.05172828785216752
local:0.024648253644483482
turning:0.03825188689271641
across:0.03112229130511163
doc:0.044779362591714854
talked:0.03976165739342726
it:0.00552992628612858
being:0.01569196717681571
only:0.010754324502171666
kind:0.02222198949163758
microsystems:0.04833026452266915
has:0.008586890918439926
regarding:0.0319112610570232
heard:0.02179554322112802
without:0.01812266520002012
sun:0.029262034710474526
be:0.004665010138205414
of:0.004704207715300128
available:0.021782772804953467
one:0.007929926675609858
in:0.005731603286919048
bmw:0.14295014034406428
or:0.005437995626637784
and:0.0015395057035918946
few:0.018432479846018437
subject:0.00021529803945176046
i:0.0030790114071837893
tape:0.1338505891522043
ago:0.023073917140037453
any:0.008252316663619414
source:0.025155386787901808
the:0.004255057314454331
thing:0.01825751963810449
would:0.007521368113744968
come:0.019364465116688778
an:0.007241114020659167
clothing:0.0511822003310851
about:0.01588735774712696
self:0.03429123727427561
night:0.0269986681176131
applied:0.03570161290577913
told:0.025001772312331694
thru:0.041620719156425914
chicago:0.034054028522611954
reflect:0.03815413398519749
nice:0.02548176981253837
bike:0.030422279633214054
supposed:0.02942495976948678
article:0.006534942583198395
aware:0.03303949364500709
black:0.05692826381038609
