another:0.010266228381428604
seemed:0.019532791186730066
some:0.0054052633108025655
at:0.008157083448652139
out:0.0054545236068539804
there:0.004248976785079386
rides:0.0273670128231329
where:0.00855304073256371
carter:0.04628623440798557
with:0.005415068303606919
way:0.0080202445349377
much:0.008088874396110793
followed:0.02057841528242259
from:0.003919315992732294
dealers:0.0227922197995042
members:0.01707519587270655
my:0.004399140098751394
to:0.00319027583354359
dod:0.016191963155983504
stop:0.015388671826762209
look:0.010977631130906992
make:0.008148520756248627
that:0.006424159730268089
hour:0.021554234243890177
could:0.020959849379528574
toronto:0.01859768655157677
me:0.0050166142611321515
re:0.001731206031380419
behavior:0.01966846769869997
89:0.021903299139650414
this:0.009721897006878128
off:0.02021719859218843
he:0.022085183437781045
best:0.011273963333154786
these:0.007669610986569178
on:0.0046945261596230544
you:0.00771943040845447
burning:0.02195941654952238
went:0.015103987339055942
customers:0.025056868535544993
concerned:0.018638839085915872
them:0.02035915516017001
pilot:0.027017440820780378
ta:0.02137663763336959
m:0.012674210297371038
onto:0.020158160538723824
sure:0.030306166946655604
burn:0.02256151436548626
a:0.004525707815242946
how:0.01826893051707117
low:0.01572127101842509
was:0.012298071306963688
as:0.014816928892907748
said:0.01014585568825663
part:0.011338991261172578
worth:0.016273905642554806
drive:0.013073165503731428
stuff:0.01353433589200751
ride:0.019549534892610566
others:0.012483001032724055
computer:0.01241066159798757
display:0.01706537693025684
those:0.017184404206366296
taking:0.01577291682477595
it:0.004761880968610722
not:0.005582500079407082
rush:0.02364306460243767
catch:0.022434667262763507
probably:0.011051961643653742
only:0.006173778880876326
buy:0.01392056076501836
money:0.014352869290412637
university:0.01088120417406784
girl:0.0244386676437648
edward:0.020926344552697335
decided:0.017276078995455343
call:0.012300722675919942
knew:0.017972662328230367
heard:0.01251225629361053
be:0.002678061375636441
writes:0.0030613999584146404
were:0.021545879131559708
making:0.0142342925503352
of:0.0027005636884130367
but:0.006160029835651946
shop:0.02249765639265137
tire:0.07984383111526294
street:0.01846309481628984
well:0.0077910551395988185
yep:0.026244042280673126
they:0.008638144671367996
up:0.024878895747266382
good:0.007500045608145829
hg:0.09820155111501738
one:0.0045523653137760295
in:0.0016451824249489857
point:0.02038459223388945
pull:0.020926344552697335
or:0.0031218123041809502
rather:0.011914276170892885
seasons:0.026934021813823532
and:0.004418951556606363
600:0.045517099234850256
seriously:0.017948859552765466
subject:0.00012359702264823285
i:0.003535161245285091
back:0.009751651481794155
felt:0.02090381589690487
um:0.02677156199988247
stupid:0.017878176811419223
fired:0.02195941654952238
the:0.0034895972684678375
see:0.008191600747273963
riding:0.02090381589690487
around:0.010959233486822387
got:0.010241452877919324
would:0.008635644871336815
her:0.015307448170970963
did:0.007610699275198913
regards:0.0191174425787577
quickly:0.019651289090382676
friend:0.01607962694302225
thought:0.012428640764776447
myself:0.01542982436110131
long:0.0110199594680953
here:0.008335189377886092
ted:0.020770898740041763
about:0.004560260094082738
busy:0.04728612920487534
is:0.001243854754123444
keep:0.012265808259842227
their:0.007007794530470898
engineering:0.017901618024181012
him:0.01109497825631161
bike:0.017464642011659922
article:0.0037515411125768564
understand:0.013871098439516913
rubber:0.02590094981699849
s:0.002872390189148233
