at:0.008233317873405897
out:0.011011000925985606
posting:0.03083353791547888
50:0.03225404943110683
watch:0.03592676486518084
insurance:0.04149928056681078
mentioned:0.03285199643730689
my:0.026641521345709383
to:0.0038641097946471893
officers:0.04485677837011015
that:0.0032420993031259514
really:0.018237343394307718
nt:0.006673631324508771
me:0.04050798805250634
re:0.0034947710540015934
started:0.06129429674745617
fingers:0.053123526347302434
student:0.03759829413241749
on:0.004738400235881214
you:0.01038876615717237
pulled:0.046792696220276216
ownership:0.04973188621936441
why:0.016632921309850526
more:0.011882420802062858
a:0.002610288085694196
looked:0.0348131140605578
was:0.016550675403764217
entering:0.04914142919486412
closely:0.04650061637444346
are:0.006008517585058182
police:0.0343512515105859
it:0.012817025410840073
stefan:0.17880461214171886
after:0.01803003446415842
doing:0.025053298179115096
his:0.01723765459350707
exchange:0.04528867410053194
get:0.012283868927954413
down:0.022096874550964093
if:0.006263088035172048
of:0.0018172017342592396
safe:0.03881066306726142
year:0.02312860482438927
ticket:0.04732688700382713
over:0.01874710983662951
one:0.009189821567996472
in:0.001660557961630752
speed:0.031387524924166174
and:0.007136400270855885
subject:0.0002495042700188626
i:0.008920500338569856
license:0.04372256475324784
the:0.0014088841308206596
thing:0.021158247057242584
riding:0.042198357324593004
canada:0.03477203357950137
can:0.008080056004090778
did:0.015363654611616498
o.k:0.057060100787267885
instead:0.028670414126959264
come:0.02244106237821877
last:0.02037535095382708
snow:0.051038072596702344
68:0.0508073005164185
10:0.02701282016725387
just:0.02195118810216609
german:0.043884167529977376
about:0.00920575869459693
nose:0.04764643246876432
limit:0.04149928056681078
cop:0.10184394855791763
right:0.018129659755049526
told:0.05794803302297439
wanted:0.02845943915463647
little:0.021919053288770692
already:0.02715688150745188
honda:0.04503943814649305
live:0.02894101190605288
answer:0.02837636487970894
checked:0.04206323505192731
