barbara:0.09223192173718488
out:0.052754198466289245
mustang:0.08605317848679572
there:0.02739638762916858
help:0.031941682388683536
tank:0.06924020470812293
finish:0.14609971678038403
thanks:0.029752039476360643
way:0.05171262147900129
custom:0.07958568501498779
yamaha:0.08188644143032002
my:0.028364604815829888
to:0.004114027343554719
dod:0.05220095584615578
me:0.01617296537917231
re:0.005581201534002545
tail:0.08483906446509494
these:0.024725910046252873
on:0.007567295899093879
tell:0.03597052318839482
them:0.04375699019499226
73:0.08150856369921121
a:0.008337338064754597
82:0.07773688678046861
advance:0.04721643606980074
andrew.cmu.edu:0.12163520617096299
pa:0.07730837773744725
not:0.008998656844417386
against:0.0385564297336992
left:0.04364783855970987
nasty:0.07894363449135063
minor:0.06486465936160941
get:0.019617522019270483
ave:0.07802955053253394
of:0.00290209829202595
please:0.028588288909033654
they:0.013924173500115577
wax:0.17474974196885845
in:0.0026519358491714994
412:0.09261961556409921
and:0.005698468872996863
subject:0.0003984620431644522
v8:0.08169630671722405
the:0.0011250044925209745
64:0.07558174491655975
rid:0.06891572729563927
is:0.008020078414646683
1/2:0.07079453693577364
2:0.02908073958351356
while:0.032393171729530185
s:0.018520485995702038
