another:0.010079569683584448
at:0.016017545680989655
out:0.0053553504503657265
behind:0.08017596365906132
rd.hydro.on.ca:0.02858069245923463
ever:0.012015554803772093
where:0.016795061802125106
with:0.002658306258134306
into:0.008140017740829028
such:0.008740987288489993
wheel:0.022088608094603165
turn:0.015552173339611432
wound:0.02743835414886688
mirrors:0.051258252573909695
my:0.025914934399917308
to:0.003132270818388252
dod:0.015897563825874712
stop:0.015108877793548352
near:0.01638534444309784
most:0.008439070290759262
front:0.01598614058802697
that:0.001576839206520349
guy:0.015392412486131225
slip:0.026444312326299468
like:0.005293813925039423
really:0.008869980650867845
clutch:0.04700246880053751
could:0.0068595870696638965
toronto:0.018259546796093554
me:0.00985080618549586
sitting:0.041270868131472335
re:0.0016997295580825932
avoid:0.017576134060104994
so:0.004644593624476909
had:0.0069745840258278865
this:0.002386283810779177
on:0.0023045855692694996
you:0.01768451329936842
am:0.007428801621369843
why:0.00808964809160912
a:0.006347746026574523
was:0.01207447001047344
rear:0.021532522402820234
wise:0.02224700232792211
ride:0.01919408880365401
far:0.011315354873279098
ontario:0.021587955462337594
beside:0.05487670829773376
it:0.007792168857726636
only:0.006061528355769484
ve:0.024888186804919558
suddenly:0.02215130501338651
left:0.013292750834093462
jody:0.05410254640373096
heard:0.012284760724635793
list:0.013234675440552634
be:0.0026293693506248693
writes:0.0030057381409889197
get:0.005974427160414192
if:0.00304613827165186
of:0.0008838208434806302
even:0.007632542944391025
but:0.009072043939778321
levine:0.052569612654314674
never:0.010017905594826638
up:0.012213276094112588
one:0.004469595035343738
in:0.006461080068890563
winter:0.02444178310848386
tires:0.023900604199320274
and:0.0026031641897099307
pop:0.023994328232059985
for:0.0014788584677821544
275:0.026130708364995144
subject:0.00012134980405462862
half:0.03437857712357287
foot:0.021905544916703438
car:0.06951462136098613
i:0.013015820948549653
back:0.009574348727579715
felt:0.020523746516961143
will:0.005151387931378565
suggestions:0.01798634714123126
eyes:0.01964381583935812
the:0.004453995059026222
managed:0.021505057337111316
waiting:0.019886546642663188
do:0.003265081449574985
when:0.011887949480397599
automatic:0.02093935654405038
flying:0.022581377633272184
got:0.010055244643775336
would:0.004239316573201709
can:0.007859690840342848
breaker:0.02797373158366862
because:0.008021464994975063
lane:0.024996795366669766
instead:0.013944246870839278
imagine:0.017898811611211193
an:0.008162710350561243
about:0.004477346274190325
stops:0.02465572633965652
hit:0.016271373363315494
done:0.012039379779184992
right:0.008817607244501362
time:0.007179590772289607
easier:0.018984880520039094
2:0.00885640705497913
hear:0.015062188928449124
light:0.047621109351903994
trouble:0.017340099464956068
1:0.008902381326930492
notice:0.01835438833456611
bike:0.05144130919798013
article:0.003683331274166368
give:0.010741983051618212
before:0.009664519396466564
realize:0.017788687541505175
understand:0.013618896649707515
incident:0.02184612636412456
while:0.009865193208538738
giving:0.01724257703313216
s:0.0028201649129819015
