above:0.03446400038137399
at:0.011151455853853557
all:0.02415361596572889
wonderful:0.06083731392541017
ca:0.02603226071002938
my:0.024056057248868386
to:0.003489111797698306
job:0.04394289310492628
that:0.004391197790309833
nt:0.009038969009144792
me:0.01371631241018411
re:0.004733424085799627
blow:0.06168717851829155
on:0.012835666461754176
you:0.007035430245680024
helmet:0.06695219634076573
bugs:0.0642077946589287
paint:0.06177538952229272
was:0.011208368786093489
ride:0.05345189287093522
are:0.016276237508891785
d:0.023061319270595387
it:0.00867988429721448
robert:0.04044825353111017
johnson:0.05844751555452951
writes:0.008370410012880535
down:0.02992867818928048
of:0.0098450929400374
cheers:0.05511598324511831
happening:0.057465765752683
well:0.0426042508899581
in:0.006747330451689512
for:0.004118340036861696
subject:0.00033793616319010504
victor:0.08033661824119687
i:0.002416439332220189
decide:0.051819081222946574
the:0.008587059607470223
do:0.009092631884892363
see:0.022397288119128812
when:0.08276420524327444
once:0.033962420188922864
road:0.04570446058190519
instead:0.03883207989347647
mph:0.0692867411399242
middle:0.05084937082456433
is:0.010202757983189769
87:0.06695219634076573
their:0.019160552133945748
too:0.024715416048917676
side:0.0815282045207897
past:0.041816638568397006
