b.c:0.05997679084315344
there:0.00946163902656853
all:0.009835750831405064
into:0.01846189590703491
my:0.029388069938050557
to:0.007104119381911499
dod:0.03605633032672615
bruce:0.04749132412052664
been:0.01512618955898391
make:0.018145159622161892
that:0.003576336344685328
think:0.014842763170397476
generally:0.03986339683735154
re:0.003855056729671861
posts:0.04147440692957393
wan:0.056429407732515584
on:0.01045379021111938
you:0.00572988648874971
used:0.02035529390038006
etc:0.04788296881357187
state:0.027399107081862023
m:0.01411149187748528
a:0.012957254775894388
how:0.013560443270403344
want:0.019511319254764757
82:0.05369455066279791
learn:0.039278496708476614
step:0.04288165603280775
it:0.0035345920591749688
not:0.006215567098721287
have:0.005270624877810854
buy:0.061996724231834346
environment:0.043274778400802016
writes:0.0068171380517274465
po:0.05379512978594599
of:0.004009084238468838
lately:0.05420755591598413
clarke:0.06016254863184085
together:0.036690373623198255
good:0.03340226497648452
one:0.010137225853356932
world:0.051984550283147975
subject:0.00027522635971152884
i:0.005904083729239018
the:0.000777064958751601
na:0.04493096359825132
put:0.02564391030460597
about:0.010154805982699706
is:0.00553964179156008
new:0.03554638278110406
time:0.016283607937151688
lot:0.02555209678624114
first:0.07742494141818726
bike:0.2722323579549464
faq:0.04002159858657484
e-mail:0.028347379140745015
going:0.022451708082986417
buying:0.08270552423170137
dean:0.20549641229523138
s:0.006396250318103282
