test:1.1919666179932236
keith:1.3134890230398888
subject:0.008898985630672766
