seemed:0.04261699895286561
go:0.019650830826203305
pixel:0.04965501734710938
there:0.009270494803809572
agate.berkeley.edu:0.05932129786837284
know:0.012463385107659616
with:0.011814694480596917
former:0.12093630068928966
to:0.001392120363728112
dod:0.03532791961305492
die:0.03805812496396312
like:0.023528061889064106
could:0.015243526821475329
egreen:0.11483267311437094
re:0.0037771767957390967
michael:0.03035045658256252
mean:0.02670123289727132
on:0.005121301265043333
you:0.016842393618446118
m:0.01382641123349568
sure:0.022040848688476805
a:0.005642440912510688
was:0.017888103719219912
said:0.02213641241074174
drinking:0.10886369911651567
explanation:0.04658577561279239
east.sun.com:0.16784955482778374
no:0.011371169052348586
reasonable:0.03776067848591968
it:0.0034631861589896162
robinson:0.12150422234407957
free:0.029166745395199353
perfectly:0.045129515099362305
writes:0.020038254273259466
get:0.013276504800920429
of:0.0039280926376916905
quietly:0.05894714360897538
but:0.006720032547983943
least:0.024319822047540227
yep:0.057259728612377735
ed:0.12024756580815159
in:0.005384233390742136
or:0.006811226845485711
and:0.0019282697701555045
green:0.12752456967732675
subject:0.0002696662312325081
showed:0.04317935251272663
keeper:0.06191442763451238
i:0.011569618620933026
the:0.0022841000302698576
her:0.06679613747332784
last:0.0440436879203939
picture:0.0413184622595495
night:0.06763302720371767
dead:0.03465941550314279
him:0.02420722528649806
article:0.02455554182777579
919:0.05665650401943206
grateful:0.05443184955825783
live:0.031279679534824835
s:0.006267033139959782
biker:0.11007376258279988
