another:0.022175053303885788
read:0.04534006123795844
king:0.16790614019511182
there:0.009177789855771475
il:0.051426200367286165
know:0.024677502513166038
technology:0.03367667685816943
own:0.022664906355479953
your:0.02519864444362525
followed:0.0444493770100328
feet:0.04392061948955332
members:0.036882423085046155
to:0.0013781991600908309
dod:0.03497464041692437
trust:0.04149368263718333
that:0.0034690462543447683
think:0.028794960550571104
quite:0.026561993821094015
like:0.011646390635086733
nt:0.007140785517224385
need:0.019212019914972362
re:0.0037394050277817052
he:0.031802664150404704
you:0.027789949470436094
a:0.0027930082516927903
was:0.008854611341013856
incorporated:0.058177487117858834
let:0.023051377427528247
it:0.0034285542973997198
ve:0.01825133699027434
craig:0.04564985743290516
adams:0.04633614249679612
yourself:0.03506274671374592
writes:0.006612623910175624
of:0.0019444058556573865
candidate:0.05748755840298932
what:0.009204421029966312
but:0.006652832222504103
who:0.025861057484676965
rodney:0.06014459006031938
in:0.0017767970189449048
71:0.05080926467723277
or:0.006743114577030853
and:0.009544935362269746
for:0.00325348862912074
subject:0.000266969568920183
editor:0.04617353728807832
i:0.009544935362269746
don:0.13375816019195833
the:0.001507506019978106
do:0.014366358378129933
see:0.017693857614111762
got:0.02212153821630574
o.k:0.06105430784237664
maybe:0.02647913082342324
problem:0.021155652920455844
jonathan:0.09561010738988132
e:0.062217793921076535
draw:0.042226995368038825
is:0.010746905075626556
either:0.025035627071133583
conclusions:0.05063976909409504
nothing:0.02554856001500909
words:0.03307859131507374
article:0.00810332880316601
little:0.023453387018984643
letter:0.04081049019740856
by:0.00990435474817166
s:0.006204362808560183
