k:0.07893043867190963
know:0.012852865892273977
returned:0.049472397934523654
your:0.013124293981054818
way:0.018045550203609824
to:0.0014356241250946154
most:0.019339536082989977
owners:0.17990197764121868
that:0.0072271796965516
like:0.012131656911548678
nt:0.007438318247108734
re:0.003895213570605943
so:0.01064386038942625
on:0.01584402578872781
you:0.017368718419022558
m:0.014258486584542417
more:0.01324394818563256
a:0.0014546917977566614
sorry:0.06619618093205468
was:0.0276706604406683
austin:0.05215435932884953
said:0.02282817529857742
ride:0.08797290701674755
no:0.023453036170468955
it:0.003571410726458041
received:0.04030511240262262
made:0.024224786999145848
area:0.03342153171520153
rider.cactus.org:0.21905897057702553
feel:0.03173204879423101
netcom.com:0.0335316164033452
list:0.12131785820506581
intentionally:0.05904909513151453
be:0.006025638095181992
writes:0.0068881499064329405
end:0.028169097943494887
of:0.0020254227663097776
mailing:0.137929836673956
what:0.009587938572881574
bob:0.03837505222946979
in:0.001850830228067609
bmw:0.13848294845831227
or:0.007024077684407139
and:0.0059655846014185915
subject:0.0002780933009585239
forth:0.051435683584193786
i:0.00994264100236432
felt:0.04703358576803596
than:0.014902096689786053
the:0.001570318770810527
intended:0.04238071726017317
would:0.009715100480253917
meant:0.04241311749365643
did:0.017124073369197555
joe:0.20726402223556958
interested:0.02996954391057208
lack:0.040411677696901946
nothing:0.0266130833489678
bike:0.07859088905246964
s:0.012925755851167047
