seemed:0.04585959669927929
go:0.021146002736892686
pixel:0.05343311649308509
know:0.013411686148459803
allows:0.044920362882023515
stand:0.08560301205361874
with:0.006356819312929862
former:0.0433793252472452
to:0.0014980425653161205
dod:0.03801591349665692
w:0.03363413972857993
like:0.02531824051105811
could:0.016403360383978886
egreen:0.061784970860449574
re:0.004064570682371419
so:0.022213273856193913
on:0.005510965491731412
you:0.012082586726276563
influence:0.11159935220018909
a:0.006071757068897369
was:0.028873732633740833
said:0.02382070465938513
drinking:0.058573403328994834
east.sun.com:0.1204138110721057
it:0.011180068361086043
writes:0.007187634684973503
get:0.014286673644468721
of:0.008453938502858202
what:0.010004805467354686
ok:0.03547662163598839
least:0.02617024329028785
variety:0.050789308776987833
ed:0.08626455807976091
in:0.0019313011075488096
and:0.00207498594831951
green:0.09148501737721267
for:0.014145602735307565
subject:0.00029018431404367716
showed:0.0464647380299993
i:0.01244991568991706
driving:0.09102409981959086
the:0.002457890249964303
drugs:0.047149661593355104
drivers:0.0427424321573968
her:0.07187845228108104
last:0.023697419044124975
thought:0.029180287012953398
here:0.01956957506112387
picture:0.04446225830103696
night:0.036389509202000264
does:0.02648888726820707
dead:0.037296544943599304
under:0.05276790058925303
him:0.026049079384383778
article:0.008807966090397837
little:0.025492811977157217
919:0.06096732497743232
grateful:0.058573403328994834
while:0.02359067941172307
biker:0.0592244700853108
