prism.gatech.edu:0.044576477265134695
since:0.01887567569248756
out:0.011114878293211885
say:0.017901367681769278
there:0.008658292316765542
behind:0.033280588688666964
story:0.03391563705672268
racing:0.05653729057368844
yamaha:0.051758411092749444
wrote:0.02429787711974397
to:0.0026003757737562846
day:0.023993424865687472
horror:0.05558355362207174
its:0.01950777883051104
re:0.003527740592246892
expert:0.04809592711469606
practice:0.03874083117964001
anyone:0.015782214619258408
he:0.0600050266988768
blow:0.045974406631556906
on:0.019132408499595844
took:0.03184341204166678
seconds:0.0436619306123778
ray:0.08184469559601264
a:0.009222197057476194
jeffrey:0.05188014132705046
was:0.00835340692548477
running:0.028560947287233036
riders:0.05505440771026945
handling:0.13657982733130497
international:0.03740910019567353
needless:0.05488442180930079
straight:0.03770435497606895
corners:0.05347842577948486
d:0.01718720964506637
it:0.006468970372452301
deleted:0.03314508959432393
tom:0.03580875682523354
against:0.02437057351092308
1977:0.05439210338316333
has:0.010045042206476895
decided:0.035204085500173156
usually:0.06222171211672855
considered:0.032479650539737843
writes:0.012476648887123817
down:0.022305335631633564
if:0.006322173771352918
they:0.017602257066183843
who:0.01219861202107404
now:0.015584098093190982
david:0.023551370182495226
comment:0.03707167355549776
in:0.006704894411112848
and:0.003601862400856508
for:0.003069328895396924
600:0.04637591242796064
subject:0.00025185808388696507
faster:0.03679529271126728
caught:0.042596455035202374
actually:0.023059567236802685
the:0.003555438726363458
riding:0.042596455035202374
hello:0.03650274330803558
got:0.02086937567576013
can:0.008156282947525597
william:0.038411879994254876
is:0.0025346474234968293
portland:0.056740179302188096
2:0.018381222189579327
request:0.03679529271126728
experience:0.031247384667878752
too:0.018419979885514116
him:0.022608634937389696
article:0.007644649814307556
passed:0.040770183817535714
bad:0.02585472685609796
going:0.020545430981600776
by:0.009343730894501566
