your:0.014156541822261377
with:0.013142188242461737
someone:0.024757956344528313
violent:0.0542227029854619
my:0.010676564734048329
to:0.0046456151463735865
most:0.020860623190640876
acceleration:0.06577658826917707
hang:0.05966854954345817
sooner:0.061360379414012935
that:0.007795609560325321
really:0.021925794867313775
nt:0.01604670902747053
me:0.02435030742482123
need:0.021586539230306026
anything:0.02608136123954386
re:0.004201578682900792
balance:0.05634591758672732
on:0.017090185120425504
you:0.006244932465266538
m:0.015379940585573843
ride:0.04744606221127958
far:0.027970540136195522
taking:0.038280337462377585
place:0.03055536648670141
ones:0.038119437981762434
have:0.00574438891177138
only:0.014983553238980747
writes:0.014859829011630615
upset:0.05809293896695648
if:0.0075297799973416775
of:0.004369451361027835
find:0.02378030042329652
mjs:0.13944975826504824
good:0.01820235788044381
over:0.022538660140666942
in:0.003992802289763831
rather:0.028915546661942283
and:0.0021449292948920776
for:0.003655605201259258
subject:0.0002999658077754865
cause:0.03543259700384344
i:0.00857971717956831
than:0.016074171710331025
the:0.005928394460588057
do:0.01614197570576397
see:0.019880738892260406
riding:0.10146571311756071
would:0.010479209506790743
can:0.01942844926826322
because:0.01982834043701701
here:0.020229223658689843
hold:0.03898629902184292
is:0.0030187935605692573
move:0.03973960804014626
weight:0.04994312023599191
their:0.017007681107659708
unless:0.0345849598397808
advice:0.043706259193632004
bike:0.08477219493300096
article:0.009104863823782033
mike:0.07180701188668996
hanging:0.06478160627657656
