there:0.012076039283909833
know:0.01623519902181976
split:0.06273587614851586
your:0.03315611111003322
way:0.02279437920455978
to:0.0036268398949758705
most:0.024428887683776813
enough:0.03200195430180784
that:0.018258138180761937
suggesting:0.07169277957695518
like:0.015324198204061489
need:0.025278973572332053
re:0.004920269773396981
on:0.006671168753148551
you:0.014626289194966363
am:0.0215044257460706
m:0.018010719896264106
more:0.016729197708167446
a:0.003675010857490513
sorry:0.04180811427287664
nor:0.04545446048651846
was:0.023301608792141725
said:0.028835589850834634
no:0.014812443897138287
it:0.004511255654473315
not:0.023799079285893348
made:0.03059973094628949
feel:0.0400825879506076
netcom.com:0.04235572598317288
list:0.15324361036429365
be:0.007611332330756201
certainly:0.0404704904902058
mailing:0.05807572070482358
what:0.012111080302587252
but:0.008753726608558028
net:0.0436202958539274
one:0.012938301418100295
bob:0.09694750036918684
bmw:0.058308609877184114
and:0.0025118250953341434
for:0.004280906090948342
subject:0.00035127574857918807
i:0.015070950572004862
felt:0.059410845180677
will:0.014911912432937952
than:0.018823701081835013
the:0.0009917802763013855
see:0.023281391597515473
intended:0.053533537591797686
serve:0.05509353410133131
would:0.024543411739588843
joe:0.052361437196354416
just:0.01545248109823534
interested:0.037856265992301574
is:0.007070332286596418
