ask:0.018683093489463894
cat:0.032461390444932715
at:0.0056472116182976345
all:0.01223163885443963
1919:0.031605419979390904
tried:0.019858102904081222
ncsu.edu:0.03789278698587632
own:0.014528786125307662
your:0.008076488603726041
with:0.0037488934409586365
eos.ncsu.edu:0.07458652194597286
my:0.024364468239238494
to:0.0035338440002328996
dod:0.06725892387870071
w:0.019835518301470217
ii:0.023534614135321267
that:0.0066712427968168625
quite:0.017026919116085906
afternoon:0.03568227104810883
nt:0.00915485322721075
its:0.013255285615603655
me:0.006946081284644517
re:0.0023970545049882726
this:0.006730544081684859
he:0.02038632317333635
carefully:0.02980861251045399
on:0.00650011314409346
you:0.0035628140346712937
am:0.010476515107060035
reader:0.0330240546172557
m:0.008774453282795334
a:0.0017903899049312756
how:0.008431814084802078
was:0.011352065821812635
jack:0.08220684420692184
sig:0.03025087450716522
straight:0.025619625817072493
hey:0.024706019138661342
it:0.0021977912162818715
not:0.003864807747281826
purchase:0.027964496661404114
being:0.012473102114904796
probably:0.015302716121982104
after:0.012366754408108662
careful:0.029495855047829426
without:0.014405195415400609
be:0.003708084981650457
writes:0.00847772296176362
get:0.025276422601752353
even:0.021527685227769558
available:0.017314511716757883
but:0.0042646360400667325
one:0.006303275049843734
in:0.005694862240208027
fear:0.027601064971169847
yes:0.01709516583656339
and:0.0024474193236589093
still:0.013087878732240687
rogers:0.07084118319211181
subject:0.00017113433905139932
however:0.015366018616646878
i:0.009789677294635637
info:0.01888074012431024
impressed:0.03320295710518568
the:0.0033822250448226738
waiting:0.05609025976135771
do:0.009209204088544828
when:0.008382528479767538
riding:0.028943745088022128
waters:0.11741213046610893
around:0.015174323289446382
got:0.014180473215580603
would:0.005978523372463949
can:0.005542089695113547
did:0.010537891304121572
return:0.04731240651047344
thought:0.017208887212767386
myself:0.02136437219229412
newsgroup:0.024642075901117624
here:0.01154103144630382
about:0.006314206284114561
press:0.04599167129189315
busy:0.03273655098799062
mentioning:0.037646208262621224
worry:0.02818181430035079
number:0.03208031856920202
chose:0.03214606836678674
night:0.021460479785795027
guys:0.02490176736853366
new:0.011051279262074018
notice:0.025884393805157332
advice:0.024934981206623387
wanted:0.019520256343244245
too:0.012516140178618566
count:0.027329298567530833
bike:0.024181812016144506
words:0.021204225201970347
faq:0.04977044952433025
article:0.010388883080982065
very:0.0111746313575862
comes:0.019385745751573792
jamie:0.0382814063564945
s:0.007954311293025875
