school:0.024738261740109558
some:0.007942427721995606
at:0.00599295926839749
there:0.006243394459708486
know:0.008393708337811577
all:0.006490257351335314
performing:0.03768051230827798
with:0.007956835058361188
into:0.012182339476070655
someone:0.02997902196820435
yamaha:0.03732239167232273
wrote:0.01752091819518953
weekend:0.03433544120356661
to:0.0028126513471241443
w:0.021049937789315333
track:0.030950990325146536
been:0.009981227123955369
that:0.0023598954111188897
guy:0.023036263584686186
like:0.01584542943549215
nt:0.004857677222601622
its:0.014066833714518164
re:0.0025438129440691873
practice:0.027935565340420687
description:0.029762178648883683
anyone:0.011380372446540075
off:0.014853452026913948
he:0.021634465408438573
on:0.020694237764868974
pushed:0.03474082961990842
you:0.0037809455061817814
came:0.020535556003251337
more:0.008649109019188611
a:0.0038000112267929115
hard:0.018396145595751763
jeffrey:0.037410169936512576
was:0.006023545129941399
handling:0.09848613399400222
let:0.01568120913437296
guard:0.03657953934603027
international:0.02697526952885302
injured:0.03786689988778896
mind:0.020609903421837668
straight:0.027188174336485092
race:0.029733535570405156
place:0.01849950760079201
it:0.00699704958653004
not:0.004101428629768468
have:0.0034778953275350533
frame:0.03287391230220937
massive:0.03395285808572391
tom:0.05164256086360211
expect:0.023511708048696515
hope:0.019649398215238402
gene:0.03657953934603027
has:0.007243363767935721
shows:0.026287174405577627
his:0.012547136336770452
writes:0.004498383612364369
get:0.008941319559803552
of:0.005290900287503092
but:0.004525736205785103
least:0.016378655664669946
who:0.02638883416803772
up:0.009139186192873365
now:0.011237512910736354
david:0.016982620675812885
pick:0.02734730957168717
good:0.01102047517931632
sounds:0.02423608546640026
difficult:0.02535515834719727
comment:0.02673195508083512
in:0.002417410910129122
and:0.0038958919845998963
usenet:0.027783664140433685
seriously:0.026373834444879868
subject:0.00018161195164638296
i:0.0025972613230665974
back:0.014328957279371004
source:0.02121950994353622
than:0.009731981511697014
the:0.004614814346871753
when:0.01779148901828212
riding:0.0307158111138194
hello:0.026321706058855587
can:0.005881401309100091
hate:0.0273876819221621
did:0.01118306832274126
may:0.012660037601631502
last:0.014831037769112229
btw:0.0255223844928118
is:0.0036554098896688964
number:0.017022209853045974
portland:0.040914687115863525
2:0.01325448674894836
request:0.02653266005030158
drove:0.03590987898675644
experience:0.022532127719694883
first:0.012772481832592116
too:0.013282434475268683
him:0.03260565038589534
amounts:0.034223918688085816
plates:0.04021275353603202
rider:0.03612585652631141
conscious:0.040914687115863525
before:0.01446390657974588
s:0.008441309943619297
