advocate:0.05443765648404551
read:0.022225520214685508
pixel:0.09638915132085937
at:0.008636911886808147
know:0.02419362991486866
performing:0.054304267738400615
with:0.005733601733230856
former:0.039126450223005475
wrote:0.025250735046008443
to:0.00405352694144362
die:0.03693876834737597
that:0.003401025739553694
like:0.022836060068797515
egreen:0.11145524155218355
me:0.010623418435338674
re:0.010998250081710898
this:0.005146886650700186
mean:0.02591590251793981
restrictions:0.05087392208199519
two:0.018282249339738346
on:0.00497067475724794
you:0.021796038800342032
tell:0.023627696604141695
a:0.0068456084600313485
mind:0.0297025078726484
east.sun.com:0.10860853547680123
no:0.011036722903750096
ludicrous:0.05854803325110923
it:0.006722655485097489
massive:0.048932060182366816
tom:0.07442604359754422
expect:0.03388452042312145
gene:0.05271757141045538
always:0.026048589196065758
free:0.02830889994239937
writes:0.012965929235638477
of:0.009531401253222483
quietly:0.05721340409106433
what:0.009023942186241482
but:0.006522384531866767
least:0.047209066327578084
ed:0.11671087269614712
sounds:0.03492847611334155
one:0.009640303017408064
difficult:0.036541257618019594
in:0.003483915723421382
or:0.006610896644147895
and:0.0018715559533862248
usenet:0.04004116302591914
green:0.08251589802650555
for:0.003189694734432098
subject:0.0002617348714903755
keeper:0.060093415057026714
i:0.0037431119067724496
source:0.030581058448037494
ways:0.034983709620383274
the:0.0007389735392049539
when:0.012820337674938587
can:0.008476137180761895
friends:0.03898659162340918
once:0.02630422740122457
forum:0.050067666216926834
an:0.0176058458541517
is:0.005268090723346351
2:0.01910205443230793
1:0.01920121462671283
amounts:0.049322706344594264
position:0.03375336232560992
live:0.030359688960271164
s:0.006082708635843316
biker:0.05341814948871171
