some:0.010241551536257491
say:0.016645131353224065
help:0.018772743158261374
all:0.0083690160583008
chris:0.033655677569467544
indicated:0.04603491712619687
dealer:0.03879443336183111
my:0.008335212818686853
to:0.004835786526634494
obviously:0.032297307726543475
then:0.013998950436629852
matthew:0.03759888018264469
calculate:0.052204211442196544
enough:0.021334636201205227
latter:0.04074213483557199
that:0.006086046060253978
reliable:0.040693804521440675
like:0.010216132136040992
me:0.00950516386319776
need:0.050557947144664106
re:0.0032801798489313205
so:0.008963250854253684
anyone:0.014674690786327993
had:0.01345972355861522
this:0.004605109108521219
off:0.019153135508389037
starting:0.034399315639273835
set:0.023240478808122113
you:0.014626289194966363
am:0.014336283830713732
cage:0.04658334131024366
a:0.0012250036191635044
same:0.03407181316716864
as:0.007018545265061565
local:0.026810381157157472
question:0.01914900073111495
experts:0.042507790603130854
are:0.011279147045635535
internet:0.025057315290479
it:0.0030075037696488767
have:0.0044846545012952
only:0.011697686300607777
christopher:0.08489744029079954
buy:0.05275159868849063
between:0.02037601619338952
cam:0.05376779241944495
attempt:0.03383024909856662
be:0.0050742215538374675
g:0.062017578263359685
writes:0.00580054728962774
soon:0.03155257576350413
if:0.011757024908129987
of:0.0034112383432585726
what:0.008074053535058167
but:0.005835817739038686
adjust:0.04858802902909529
cheaper:0.03867875788567362
in:0.0031171877525349207
measurements:0.05202699471134111
our:0.01955943353491573
valve:0.05042768280963975
or:0.0059150127868691695
and:0.0033491001271121917
subject:0.0002341838323861254
i:0.005023650190668287
world.std.com:0.04031645903825041
any:0.008976204090252696
cost:0.029131645652200708
the:0.007934242210411084
do:0.01890310312911833
see:0.015520927731676983
would:0.01636227449305923
is:0.0023567774288654727
right:0.01701643503324824
run:0.023481003757784166
advice:0.03412155323011621
stock:0.043578097187016496
full:0.027102302490554852
before:0.01865082690546179
process:0.03172424327397866
s:0.005442423516280862
