cat:0.07672692286984097
out:0.017851168167885755
wheelies:0.09080231516380265
bnr.ca:0.07071137378707884
nick:0.07538736291008258
take:0.03220832015660157
tony:0.2801663380268308
user:0.05729762853928812
from:0.012826852339851145
to:0.004176361091184336
dod:0.05299187941958238
that:0.005256130688401164
re:0.005665765193608644
voice:0.05494688335509346
had:0.04649722683885258
off:0.03308268860539925
these:0.025100545046953675
you:0.008421196809223059
machine:0.04928483870188404
2.2:0.07550436360847518
a:0.004231830684383015
as:0.012122941821469977
hey:0.0583960452368359
it:0.005194779238484424
should:0.02489109306414363
morgan:0.08814770775433158
ve:0.05530708178871013
has:0.016132946574038652
pgp:0.06886034902989388
heard:0.04094920241545265
towers:0.09180167831216321
sort:0.04753729254031864
of:0.005892138956537535
key:0.04857336926116024
never:0.03339301864942213
seems:0.035704349839107245
order:0.04248964941109837
they:0.014135145825874905
now:0.025029006028458246
in:0.002692116695371068
and:0.0028924046552332564
subject:0.00040449934684876206
i:0.005784809310466513
44:0.06886034902989388
top:0.05123685191162599
the:0.0034261500454047865
got:0.03351748214591779
road:0.054706854332886516
move:0.053588259326863896
guys:0.058858722871079565
npet:0.09710777572781647
request:0.059095470112035337
e-mail:0.041662057222004036
81:0.07819650265752748
by:0.015006598103290397
