another:0.020344085599895218
seemed:0.03870718253517151
go:0.017848002310037865
pixel:0.04509951116847549
know:0.011319955281268824
all:0.00875291587748891
hand:0.02896549959130893
with:0.005365388777885755
method:0.07322748482103777
former:0.03661374241051889
feet:0.04029414632069112
my:0.008717562030553223
to:0.0012644028991659
dod:0.03208682607057282
like:0.021369524101076575
nt:0.006551179373600354
could:0.013845038122257408
egreen:0.052148782744599644
countersteering:0.17007904834104734
re:0.003430646814478629
so:0.009374409150320367
on:0.009302914224574127
you:0.010198146594655448
bars:0.051196518582382736
am:0.014993911529370327
a:0.0038435893371919134
how:0.01206755043329472
richard:0.034275940502557604
was:0.008123496643131979
lean:0.0524400552062013
said:0.02010554888682048
turns:0.08098632612048794
hands:0.07349302670376318
drinking:0.04943810189236262
east.sun.com:0.10163367540030942
are:0.005898269555974546
no:0.010327942533784494
it:0.0031454626581648806
left:0.026829405353216162
allowed:0.035154433285475885
open:0.03032073925461801
writes:0.0060666274405280956
get:0.012058476837533232
if:0.006148168988655132
of:0.0017838585831719143
least:0.022088645712903508
clarke:0.10707829756492775
ed:0.07281045269117435
in:0.004890267024619004
and:0.003502728573309999
green:0.07721671191471162
for:0.0029848519533217798
subject:0.0002449262100185165
showed:0.039217944025320514
i:0.012259550006584996
leaning:0.11076032867432503
the:0.004840615660480157
do:0.006590072650518319
when:0.011997013237098494
her:0.060668051466600516
once:0.024614965091054188
last:0.020001491303298147
is:0.004929772970470898
picture:0.03752777764858165
night:0.030714081161321325
itself:0.030853723308205322
right:0.017797005447617427
dead:0.031479652612946205
him:0.021986378929938606
bike:0.10382649562895073
article:0.0074342466084091835
919:0.05145865961397957
grateful:0.04943810189236262
by:0.009086563989148312
biker:0.04998762612705132
