seemed:0.027045403181626248
some:0.007484210738034321
expensive:0.025962094834210827
looks:0.04388596762017808
go:0.02494143912556573
pixel:0.03151183793181941
know:0.007909455933707062
where:0.011842671783549754
your:0.008076488603726041
with:0.0037488934409586365
much:0.011199979933076483
former:0.02558267899196512
beast:0.03469412566460076
turn:0.021932552145605865
post:0.016554985925840898
ground:0.02485226707305988
to:0.004417305000291124
dod:0.022419641292900236
sound:0.022122969802105326
look:0.04559939085145982
front:0.022544557239525215
inputs:0.03643729050744462
enough:0.015590695685496129
like:0.01493127004498299
smooth:0.035251890901713774
nt:0.004577426613605375
could:0.009673776636705496
egreen:0.03643729050744462
re:0.0023970545049882726
off:0.013996522102284296
best:0.015610103076675859
on:0.00650011314409346
you:0.01781407017335647
none:0.023221219438598038
them:0.018793066301695395
a:0.002685584857396914
how:0.008431814084802078
want:0.012132038254565266
was:0.0056760329109063175
said:0.014048107876047641
rear:0.030366377747566998
riders:0.037408764213388214
ice:0.029989195055112296
turns:0.028293299830555077
drinking:0.034543289142740546
ride:0.02706858677438386
east.sun.com:0.07101327319637003
are:0.016484907220544243
annoying:0.03338699624545767
plan:0.025035667932298757
it:0.004395582432563743
ones:0.04349525615867764
cool:0.05885675608300517
have:0.0032772475201772616
only:0.008548309219674914
leather:0.03752638689715871
familiar:0.059059723585783125
intentionally:0.036337904696316634
writes:0.00423886148088181
get:0.008425474200584118
of:0.004985656040147145
produced:0.029428378041502584
america:0.02524191381068245
never:0.014127815582447823
gear:0.032570041459764595
least:0.01543373322247745
yep:0.036337904696316634
please:0.01227830356990548
ed:0.05087397014960259
they:0.005980254003254767
loud:0.03469412566460076
up:0.008611925450976825
sounds:0.02283784976641563
in:0.002277944896083211
better:0.014334717123726942
and:0.006118548309147273
green:0.053952702555792084
subject:0.00017113433905139932
half:0.02424130438200651
showed:0.02740228140230728
idiots:0.03801972690444158
i:0.004894838647317819
the:0.0038654000512259126
do:0.004604602044272414
her:0.04238985647345805
last:0.01397540097474037
just:0.007528131817089012
here:0.01154103144630382
maintenance:0.036240036285221836
hit:0.022946808589291084
is:0.001722260428786307
picture:0.026221331818560255
horse:0.03477089612002843
night:0.021460479785795027
guess:0.01920613630086957
too:0.012516140178618566
dead:0.021995398300071384
him:0.01536227758566223
although:0.020254740107402296
article:0.005194441540491032
dumb:0.03296551305595267
919:0.03595508908925496
give:0.015148950457410298
lots:0.02338907058600231
grateful:0.034543289142740546
black:0.02262533561694832
seem:0.017690465095485497
rain:0.03643729050744462
dangerous:0.026953498289662096
biker:0.03492725158877304
