cat:0.04291505855431783
behind:0.08968836612708556
take:0.018014823138438166
tony:0.15670320601500703
into:0.015176304262562597
such:0.016296755961591514
buffer:0.04491360695127991
wheel:0.04118215068485336
my:0.008052663231612724
to:0.0023359307798149673
dod:0.02963952577705455
stop:0.084507282574084
near:0.030548947266792584
front:0.02980466889293164
that:0.005879739414143674
guy:0.028697718194481945
like:0.0098698225721074
really:0.01653725206094005
nt:0.006051513150190157
re:0.0031689873116794113
avoid:0.03276906350189067
so:0.01731882368449017
voice:0.0307330025545438
had:0.026006923486137885
this:0.004449003715012025
off:0.01850387667759619
you:0.009420321854385115
machine:0.027566096223087685
cage:0.04500424499464218
2.2:0.0422312542216895
why:0.015082394747067851
a:0.003550434218253547
as:0.01356125695283082
rear:0.04014538075102078
acts:0.03711244574148663
far:0.02109642434001188
lose:0.03563343841684141
beside:0.051156253497887404
it:0.00871666346796539
morgan:0.04930295518462613
ve:0.01546723473752063
hopefully:0.03917580150375176
has:0.009023512490563991
pgp:0.03851511047434742
anybody:0.025759280889090637
towers:0.05134670142883705
writes:0.0056039185679454435
of:0.003295603145182011
key:0.027168155688445557
but:0.005637993408901782
order:0.023765397128241456
who:0.010958075205371596
now:0.013999274558290205
in:0.007528800927732647
or:0.005714503878839706
better:0.01895098196018138
still:0.017302619340928367
subject:0.00022624539738998556
however:0.020314397493194178
foot:0.04084084645487082
car:0.025920706270198216
i:0.003235571309243982
44:0.03851511047434742
top:0.028657900221756908
back:0.017850480678538453
suggestions:0.03353386755144811
the:0.003832642423673151
do:0.006087439990733023
would:0.007903810560206576
can:0.007326830444387401
breaker:0.05215441481700929
country:0.02856571277983163
road:0.03059874903364839
simple:0.027959225058951192
an:0.007609306258997769
stops:0.04596830334512233
hit:0.030336458812961094
is:0.0022768866685649483
move:0.029973094199771334
somebody:0.032167188334531825
their:0.01282782727611622
request:0.033053398537240104
drove:0.04473518822926438
bike:0.031969175207784264
e-mail:0.02330250658179887
article:0.006867227799293229
81:0.04373702691014249
understand:0.025391163245217403
by:0.00839352097302683
incident:0.040730066102605114
