some:0.029188421878333856
effective:0.10094913584011361
stand:0.09844346386166157
with:0.014620684419738683
method:0.09977244806866398
miss:0.12064551414265273
wound:0.15091094781876785
dod:0.08743660104231094
like:0.029115976587716832
cs.utexas.edu:0.13530709009194297
re:0.009348512569454263
so:0.025545264934623002
ray:0.433776886658867
a:0.006982520629231975
88:0.12517046238923887
was:0.022136528352534643
team:0.08008061421736244
d:0.04554610555942589
real:0.06393984634995618
writes:0.016531559775439058
ok:0.08159622976277331
they:0.023322990612693592
in:0.004441992547362262
for:0.00813372157280185
subject:0.0006674239223004575
i:0.009544935362269746
shea:0.3173296420527276
days:0.0744563156137543
does:0.03046222035843813
article:0.020258322007915025
very:0.043581062294586186
little:0.058633467547461605
bad:0.0685150261686596
hawk:0.1454437177946471
