at:0.004175189632485456
mark:0.014235184664891898
computing:0.020675172887104465
inner:0.05276241027018937
all:0.004521648486475314
swing:0.02774462727941592
way:0.0082102977229694
much:0.008280553884170292
hell:0.01617716077953505
into:0.00848722228901605
1992:0.018701168411773897
from:0.008024381558579863
wheel:0.02303077621238245
post:0.012239705234270998
dealer:0.02096002560781397
my:0.0045033851247881585
to:0.0032658747869450965
dod:0.016575658965367
cobra:0.21371242249294856
lock:0.1437613836892603
garage:0.02606300938704905
front:0.03333602776650174
centre:0.023728997609334387
next:0.012693744188384717
that:0.0032881955017485956
really:0.0092483210577769
through:0.022459367715875138
nt:0.003384258538968903
12:0.016840686405744248
me:0.010270982752649713
re:0.0017722298709865903
steering:0.026652098091682116
master:0.02253793396819265
had:0.007272078131194954
this:0.0049761368566011285
roll:0.02553911424771339
two:0.026513593829194
on:0.007208656283023079
took:0.015997164343207013
great:0.011949055396837332
them:0.0069471998650817105
locks:0.08150085125612874
a:0.0046329520762676615
other:0.006537004681667824
price:0.014834806643810252
was:0.00839299653176669
steve:0.015199781264617946
rear:0.022450971225689346
also:0.007030792093268088
cover:0.03719627059950603
travel:0.024245083335586223
it:0.003249814499904948
have:0.009691954751614273
academic:0.02651471640033969
stay:0.018714206484626458
mother:0.020187697126726703
after:0.009143192832535315
links:0.13622644171324483
diameter:0.028824171975485643
free:0.01368487106220254
writes:0.003133944981125888
were:0.014704296658505206
end:0.025632544100241794
of:0.005529116177224795
institute:0.018447667535228942
hd:0.021130830993990258
order:0.01329060123759475
using:0.010447490894051758
well:0.007975677299304953
tubes:0.057430433825618694
up:0.006367110759963909
removed:0.02188319302752527
email:0.013004259047241427
in:0.000842083895234552
installed:0.01898279599694357
and:0.007237865677550519
for:0.001541937738919782
subject:0.00012652586204748008
i:0.008142598887244334
special:0.016567351624952716
information:0.0115583947131932
currently:0.01705655688084027
later:0.015144132838662103
the:0.0075018072084218545
when:0.006197509207790218
rock:0.04619229481464486
around:0.01121893096281344
got:0.010484141334742058
home:0.027766474425226055
did:0.00779104759925576
arm:0.023728997609334387
an:0.012766324244953602
just:0.011131645151335412
about:0.009336646258975087
n:0.017350784340305223
alarm:0.028402619909056754
is:0.0012733299852638101
netters:0.02340201717574694
guys:0.018410785353039107
blocks:0.025484323620220142
carry:0.018447667535228942
lot:0.011746698522584791
friday:0.04723495732852476
1:0.00928210375319767
sold:0.019462218507307304
plastic:0.024120901475898904
bike:0.017878496087765608
greetings:0.025941481279876836
shoulder:0.02618773596675224
underground:0.028015520236003354
april:0.016123951952076363
side:0.030524777995935483
by:0.004694006989654816
mike:0.030288265677324205
parking:0.026001855809627685
