out:0.014368013403420242
all:0.011634973544466966
your:0.04609508129931448
with:0.007132041180360334
way:0.02112649779934809
ca:0.025079860927955135
to:0.003361461366075197
dod:0.04265200050844435
ha:0.06894445927432448
that:0.004230544212615571
motorcycle:0.05664150452750253
like:0.014202915408642356
really:0.023797509063303975
nt:0.008708275021005348
seat:0.06049144487725197
me:0.026428992204988896
need:0.023429292579234588
re:0.004560250033880129
so:0.012461104846157563
had:0.0187122986058797
he:0.07756747353757246
you:0.006778036456203926
possibly:0.04727992272435782
friendly:0.06316660132206056
why:0.02170393390431715
a:0.0017030538120077988
was:0.010798306513431532
as:0.009757489758744128
it:0.004181163777316732
frame:0.058932501322253375
his:0.044986074183055044
noticed:0.04946589050188202
writes:0.008064175500214175
if:0.008172566094675723
cops:0.05934593487927388
of:0.00474245330648143
boots:0.07073230652056686
plate:0.06305209229340399
but:0.008113210027444027
one:0.011991596436288079
clothes:0.07116789289376295
in:0.00216682563285964
or:0.008223310459793723
and:0.004656066030375486
for:0.007935338119806684
subject:0.0003255726450246134
car:0.03730052853516329
i:0.009312132060750973
license:0.05705261498289657
actually:0.0298087088670864
turned:0.04788900414528778
em:0.057993952040105476
the:0.002757632963374584
see:0.021577875139160686
around:0.028868224794556533
friends:0.04849551640960654
an:0.010949977299533375
either:0.03053125252577266
cop:0.13289393287435597
figure:0.04503045895213114
life:0.03402901650352085
drove:0.06437502696406339
him:0.029225796382479362
past:0.040286761547601996
s:0.0075662961080002235
