bnr.ca:0.1181506498720811
tony:0.058515754144844404
with:0.00740287818720946
yamaha:0.13889598926155547
wheel:0.061512579503958185
my:0.024056057248868386
ground:0.04907536282781444
cobra:0.08154307621340351
lock:0.12799009265161992
like:0.014742266626692065
talking:0.04126191367547175
re:0.004733424085799627
michael:0.03803411647688214
anyone:0.021176136071410015
had:0.03884578444764899
off:0.027638701872865195
on:0.012835666461754176
took:0.042726603498945304
locks:0.07255982959933825
m:0.01732676850779838
a:0.0017677267415777153
was:0.011208368786093489
idea:0.03509337082608552
no:0.014249946027626706
action:0.04660624152944249
it:0.00867988429721448
hope:0.03656280427392462
real:0.03237460574681326
has:0.026956315794596227
heard:0.03421072606860601
writes:0.008370410012880535
what:0.01165116586071685
but:0.008421306610764687
forgot:0.06075538336204793
up:0.017005827472814997
in:0.004498220301126341
leaving:0.05858436259382338
and:0.002416439332220189
subject:0.00033793616319010504
i:0.01691507532554132
employer:0.05721633447319778
away:0.0350504251433376
back:0.026662743291994147
any:0.012953003370744396
locked:0.0715626032974001
the:0.004770588670816791
when:0.016552841048654884
just:0.014865678018555518
jones:0.0627885883536033
about:0.012468559244580651
broken:0.05685116796259451
new:0.02182277930232338
turbo:0.06288484910531494
drove:0.06681964824117971
experience:0.04192687056702719
nothing:0.03233994938608745
article:0.01025737823185571
mike:0.04044825353111017
security:0.046985745734656865
s:0.007853623808304028
