go:0.022887438256401497
at:0.010364294264169778
attitude:0.051721918010055566
know:0.014516177948921198
your:0.014822732025661912
from:0.009959673581531478
svoboda:0.1588719517450051
to:0.003242821553154896
mc:0.06669074273676935
beach:0.06247648128667973
that:0.008162461774928865
could:0.017754225356777145
re:0.004399300032684359
th:0.06844410249159863
on:0.011929619417395057
books:0.04294985780054307
roger:0.05192652674784226
helmet:0.06222615895200579
a:0.004928838091222571
want:0.022265858443672723
drive:0.0332212205741881
are:0.007563663312955595
no:0.013244067484500115
reasonable:0.0879601687083776
terry:0.12734784949829928
place:0.0319932660860756
it:0.0040335932910584935
not:0.014186117848846233
only:0.01568866162669749
allowed:0.045080390919022016
b:0.03601068642957932
motorcycles:0.1945541316082836
public:0.03486758350659522
writes:0.015559115082766172
of:0.004575072601546792
oh:0.037996660989899685
david:0.029369943992288164
in:0.006271048302158487
point:0.05180084614729554
or:0.01586615194595495
and:0.00449173428812694
for:0.007655267362637035
subject:0.0003140818457884505
blind:0.06039494354363174
i:0.00449173428812694
any:0.012038673721044791
actually:0.028756636789424524
mile:0.06247648128667973
eyes:0.05084281746657395
the:0.0017735364940918894
proposed:0.05192652674784226
law:0.07074920294691685
rtsg.mot.com:0.13302225083516722
17:0.04626239715859418
is:0.009482563302023432
either:0.029453678907215976
article:0.019066656007449435
seem:0.03246720652818515
walls:0.06312663044756266
