basically:0.0274420038339013
case:0.0172839937573899
hand:0.022078597590578137
though:0.017381427983291467
turn:0.07177926156743739
feet:0.03071371992276456
my:0.013289709948675543
to:0.006746429454990081
motorcycle:0.06495948770986304
quite:0.0185748208539119
nt:0.009987112611502636
countersteering:0.1296406732110081
re:0.0026149685508962974
steering:0.07865164611671226
so:0.014291057306082799
something:0.013920708511633026
on:0.007091032520829229
you:0.007773412439282823
bars:0.07804783951719885
serious:0.025153801657618675
am:0.011428925571338221
causing:0.03432605922650588
more:0.008891042138606475
a:0.005859457870684175
how:0.009198342637965904
richard:0.026126416187264186
quick:0.028386540001337734
was:0.006192035902806892
karr:0.09724096006468348
lean:0.07994358066399918
turns:0.030865417996969177
hands:0.08402874032213482
are:0.004495883787421158
no:0.02361704341641629
it:0.0023975904177620418
only:0.009325428239645361
cs.cornell.edu:0.07804783951719885
left:0.06135115769581598
allowed:0.026796036560257842
open:0.023111612438834705
writes:0.009248425049196676
if:0.004686366571772093
of:0.004079173123756755
even:0.011742373760601579
looking:0.01813905835948702
ok:0.02282412021336316
supply:0.02823752051471709
clarke:0.08161912192011975
toward:0.03127596066009349
direction:0.030896156538738673
david:0.034915318032790126
one:0.006876300054374982
difficult:0.026064393545720273
in:0.007455092387181419
yes:0.018649271821705518
and:0.0013349559947230414
for:0.002275166873511007
subject:0.0001866920062378902
i:0.005339823978892166
similar:0.02213117683822868
than:0.010004204770765463
the:0.005271000069853518
do:0.015069606690346085
when:0.01828915304676554
original:0.02158159449841594
would:0.006522025497233399
because:0.012340715376884713
extra:0.027165564402036723
maybe:0.018516874701694573
just:0.008212507436824378
is:0.0056364886760279145
weight:0.031083480426596363
occur:0.0318167522922835
right:0.027131099213850342
heavy:0.031341316341339916
lot:0.017332541176681055
first:0.013129754051685602
bike:0.052760317126133466
article:0.01133332699743498
answer:0.021232664630271725
poster:0.03185198162116432
