at:0.048052637042968964
all:0.017346687829932567
wave:0.08951126321259832
ever:0.048062219215088374
your:0.022907858585113863
way:0.03149768762811897
themselves:0.058844549387687586
my:0.017276622933278203
to:0.0025058166547106014
dod:0.06359025530349885
ha:0.10278992109990194
motorcycle:0.08444733402282194
really:0.03547992260347138
its:0.037596810109712185
re:0.006798918232330373
anyone:0.030416631811661658
on:0.009218342277077999
m:0.049775080440584436
a:0.002539098410629809
other:0.025078327051489286
riders:0.10610485849615567
it:0.012467470172362617
not:0.010962000155926634
should:0.029869311676972356
has:0.019359535888846383
be:0.010517477402499477
guns:0.07336287113710162
writes:0.012022952563955679
if:0.01218455308660744
of:0.0035352833739225207
reasons:0.06611862683265646
fire:0.06539988430980855
good:0.02945472457017271
in:0.006461080068890563
and:0.003470885586279908
subject:0.00048539921621851447
each:0.046291079952011184
car:0.055611697088788895
i:0.006941771172559816
caught:0.08209498606784457
the:0.0013704600181619145
because:0.03208585997990025
once:0.048782385362271016
broken:0.08165895034627212
else:0.045937313187964665
bike:0.06858841226397351
article:0.014733325096665473
while:0.03946077283415495
s:0.011280659651927606
