chris:0.10096703270840263
maxima:0.17133936558804813
syl.nj.nec.com:0.16130337725833485
dod:0.09203852741295886
re:0.009840539546793961
michael:0.15814185271966785
nelson:0.5590000957229239
onto:0.11458322832537753
a:0.003675010857490513
was:0.023301608792141725
internet:0.075171945871437
it:0.00902251130894663
not:0.015866052857262232
chain:0.2741248112784946
be:0.015222664661512402
writes:0.017401641868883218
wax:0.30811138715561887
in:0.00467578162880238
and:0.015070950572004862
subject:0.0007025514971583761
will:0.029823824865875904
behanna:0.31111972472614247
the:0.003967121105205542
regularly:0.1307342915610495
did:0.04326081693270961
problem:0.055672770843304846
1993:0.07972778428974045
article:0.021324549482015814
