since:0.01818928748548801
go:0.017685747743582975
your:0.022907858585113863
with:0.005316612516268612
way:0.015748843814059485
into:0.016280035481658055
such:0.017481974576979985
yamaha:0.0498762870530131
to:0.011276174946197707
cobra:0.0585627547350807
property:0.041546371308702604
lock:0.18384031489959954
that:0.006307356826081396
think:0.013088618432077774
and/or:0.03673620024676336
need:0.017465472649974875
re:0.0033994591161651865
this:0.004772567621558354
off:0.01984961316323955
personally:0.035625860046422736
you:0.005052718085533835
dont:0.044239696910004164
concerned:0.03659990220507117
locks:0.05211115034861565
3:0.021286054042160177
bill:0.028141035233561065
a:0.007617295231889427
want:0.01720543607011074
was:0.00804964667364896
doesnt:0.05742490798095338
minutes:0.036228793163977945
are:0.011689297847295008
no:0.010234052147113726
proper:0.037332073682198555
have:0.0046477328467968435
against:0.023484370837798606
walk:0.04173479067704003
has:0.009679767944423191
glad:0.042173579231311244
be:0.010517477402499477
if:0.01218455308660744
of:0.0017676416869612604
safe:0.03775219043815429
motivation:0.05167470290146691
explain:0.03268234116375095
but:0.006048029293185548
fact:0.021802428442080357
easy:0.030124377856898248
alone:0.03490193941285903
in:0.0032305400344452813
or:0.0061301041609371386
and:0.001735442793139954
subject:0.00024269960810925723
combination:0.04509362254486056
i:0.00867721396569977
person:0.025501767627944098
away:0.02517257805748791
any:0.01860522302343286
the:0.0034261500454047865
see:0.016085325103737964
supplies:0.05035486644833512
would:0.016957266292806836
hate:0.03659990220507117
warning:0.03900128015999469
including:0.028908797332093
contribute:0.0486769457526263
is:0.007327435278836288
type:0.029459204639379056
break:0.03567460498407169
gone:0.035723612698934204
bike:0.06858841226397351
activities:0.03842117549867692
by:0.009003958861974236
especially:0.02841177915906674
motion:0.046506478034624474
