out:0.005747205361368097
music:0.022471504583858947
there:0.004476970661351939
all:0.004653989417786786
knows:0.01704371420068895
programming:0.02140380140079674
switch:0.020742016692732564
your:0.04302207587936019
with:0.0085584494164324
much:0.008522911558828934
someone:0.010748576169087903
sigh:0.027153337968316964
turn:0.01669013724250983
often:0.015157660430627835
my:0.023175957593421982
to:0.005378338185720316
movements:0.029131216544454348
look:0.023133349505130834
most:0.0090565632388636
software:0.013735540919420764
been:0.014314540363135992
she:0.016171426755602354
that:0.0033844353700924566
complaining:0.027432159499243543
nt:0.010449930025206418
stretch:0.026825829173987067
seat:0.02419657795090079
need:0.009371717031693835
re:0.005472300040656155
patents:0.02978258919140324
so:0.014953325815389076
had:0.014969838884703757
this:0.0025608899432752147
off:0.01065101194125049
la:0.021260016922099407
he:0.007756747353757245
contact:0.01697596243405155
best:0.011878907707128947
on:0.012366068908275364
mellon:0.11960055289398488
you:0.00813364374744471
inside:0.01831246598572774
onto:0.021239817933484617
sure:0.010644117171508309
a:0.0020436645744093588
how:0.012832809729064627
member:0.019467794745105165
was:0.004319322605372613
as:0.007805991806995301
ears:0.02663938423340074
lean:0.02788276106085825
guard:0.026230206262763168
act:0.018203088112284656
turns:0.021530511090568742
hands:0.019538390026122402
ride:0.020598534325872598
are:0.006272306161963176
those:0.00905324709408566
works:0.014512809724637758
phrase:0.02387483176655056
it:0.0016724655109266926
should:0.008013717766992584
have:0.0024939054299885507
probably:0.011644993731849797
ve:0.008903091214767973
after:0.009410798476414397
liked:0.02478500715962574
doing:0.013076599537391782
101:0.028292922608226745
be:0.0028217622299388846
which:0.006301913817158623
found:0.013046441489058523
down:0.011533490619283698
were:0.007567333158401459
if:0.003269026437870289
of:0.0066394346290740034
safe:0.02025727291803401
freedom:0.01945379746496881
highway:0.02575001078562535
reasons:0.017739143784371244
but:0.006490568021955222
passenger:0.02695420628773035
comfortable:0.02585271034268795
echo:0.028740764311900514
well:0.008209111756845584
find:0.010324130427675075
good:0.007902487079802435
over:0.019570153683115685
one:0.004796638574515231
in:0.0017334605062877119
bmw:0.04323370098210724
habit:0.02804271141609235
and:0.0018624264121501943
still:0.009959556498680718
for:0.003174135247922673
subject:0.00013022905800984534
i:0.002793639618225292
we:0.006574360515677902
league:0.018974912527967066
pretty:0.014039122228876228
program:0.013544553328702805
cost:0.01620003709439454
the:0.0051475815316325575
originally:0.022194124769739223
riding:0.02202548406698269
would:0.00909902093760367
holding:0.022471504583858947
her:0.0322576468773632
did:0.008019078260697391
butt:0.02708605347011045
may:0.00907817330458454
during:0.014284729316109612
long:0.01161127436638334
ted:0.021885434769995223
about:0.004804956977179861
current:0.015425588896247892
hold:0.016925759087531807
is:0.001310598179954458
right:0.009462798018489265
notice:0.019697392359046557
advice:0.03794982505593413
every:0.011864139155792177
shoulder:0.0539084125754607
describing:0.02569946060496415
rider:0.0777146474541626
aware:0.019984864448687217
while:0.010587036614041572
thats:0.02531287830421224
s:0.0030265184432000892
