tip:0.22307881287255704
choice:0.14509087209686705
ron:0.48891903879519644
miller:0.36628431057973615
compound:0.1647084142886733
work:0.07788740246116553
dod:0.26903569551480283
motorcycle:0.17863859120212336
nt:0.02746455968163225
re:0.028764654059859274
mean:0.1016700791088408
you:0.021376884208027764
stuff:0.1124390981797547
18:0.1487211343547346
magic:0.19814432770353424
of:0.007478484060220718
for:0.012513417804310539
subject:0.001026806034308396
the:0.0028990500384194345
did:0.06322734782472944
plastic:0.19575039274671804
