blown:0.07282098792253412
preferably:0.07119445167591419
thanx:0.06557659210462564
79:0.07503568866719787
take:0.02872633959913113
much:0.023610768507566642
exhaust:0.077913012954261
via:0.04619231592723845
mail:0.04140966898426832
r:0.04189486171255581
really:0.026370212745823324
nt:0.009649710158411332
need:0.02596218907428698
so:0.013808251316012434
had:0.02073524980651534
89:0.06393395424546608
reply:0.04852968269398844
you:0.007510797154171917
etc:0.03138275658727346
m:0.018497496109676652
more:0.017181338186766565
a:0.0037743354752605273
ccwf.cc.utexas.edu:0.1540531263818784
are:0.008687991643259806
no:0.015212780218682566
d:0.024619516518608588
texas:0.05362391448201355
have:0.013817584139125753
area:0.043357662765666855
intake:0.08847653427725276
call:0.03590481213511767
be:0.007817044015371234
get:0.01776181047690706
if:0.009056086753559586
whatever:0.04466162944261302
looking:0.03505250466765735
but:0.017980627628389468
central:0.061897435319137134
rs:0.08385830057830605
please:0.025883991309530473
one:0.013287985240211115
in:0.00240107705262825
or:0.01822463399197528
rather:0.0347768061204441
for:0.004396606255568568
subject:0.000360769687729977
i:0.005159424520145809
we:0.05463826644786365
the:0.002037170297267711
around:0.03198911396153562
can:0.011683324222131263
just:0.015870115722511974
jonathan:0.12920284782416397
here:0.024329741967883733
engine:0.16544793323273743
512:0.07176352580226726
spare:0.06889416586699706
sale:0.042903677758157156
nice:0.042699181848037275
luck:0.05571335980964354
67:0.07541108818215835
needed:0.04507868500183813
