incredible:0.04514342245018409
hmmm:0.040389455929429934
wheelies:0.04872319350252825
effects:0.034974283393191925
saw:0.055241960701389516
your:0.010243351399847665
with:0.009509388240480445
beautiful:0.041736343099257715
wheel:0.03950807951880242
tm:0.03736647423057356
ground:0.031519948482905215
to:0.004481948488100264
dod:0.028434667005629573
obviously:0.02993409008801591
technique:0.04090175648088305
most:0.015094272064772667
front:0.02859309698671491
that:0.002820362808410381
motorcycle:0.03776100301833502
r:0.02520503875389537
could:0.012269180124602094
me:0.017619328136659264
re:0.0030401666892534195
lightning:0.050034316653716236
michael:0.024428416273769835
off:0.01775168656875082
on:0.004122022969425122
you:0.004518690970802617
names:0.0333081074144787
bill:0.0755003384315053
a:0.0034061076240155977
ama:0.040968124860063224
was:0.007198871008954355
owner:0.03643746533993177
as:0.006504993172496086
82:0.08468896608603899
ride:0.068661781086242
others:0.021921367667222736
no:0.009152404359207398
terry:0.04400230572095707
it:0.005574885036422309
cs.umd.edu:0.0932069355828898
due:0.026952377926003926
tendency:0.04744526192917531
get:0.010685967278789614
of:0.0015808177688271436
asks:0.041809918997793634
hulk:0.054533383630828325
never:0.03583641025791643
lift:0.044709715289978455
again:0.019852594618764374
who:0.010512624993771126
login:0.04481599237589189
one:0.007994397624192054
star:0.03732379654044231
pull:0.036748702629127036
and:0.0031040440202503242
for:0.002645112706602228
known:0.02647909550948259
subject:0.00021704843001640894
76:0.04335155200003401
p:0.02736689463114919
i:0.004656066030375486
possible:0.0209509888045901
any:0.008319408669014695
sick:0.03651416478898347
unfortunately:0.02993409008801591
the:0.005515265926749168
do:0.011679966161081247
effect:0.028181898005060213
once:0.02181326174735696
mr:0.054909848427372586
thought:0.021825905733265958
68:0.044198220774445365
replies:0.03643746533993177
is:0.004368660599848194
convertible:0.050034316653716236
guys:0.03158272934545733
white:0.02763389549447636
gave:0.03017783669136498
bike:0.03066961523998816
69:0.044709715289978455
leave:0.028725057921093634
little:0.01906779432437776
shaft:0.08762200172792724
honda:0.03918064944451022
mike:0.05195791917004396
yfn.ysu.edu:0.04525556328052828
john:0.04360127478994871
torque:0.04744526192917531
s:0.005044197405333483
