some:0.014594210939166928
andrew:0.09413645397929997
small:0.037359323753325145
means:0.035432440255484414
your:0.015749152777265782
my:0.023755356533257534
to:0.005168246850340615
dod:0.04371830052115547
then:0.019948504372197542
us:0.02574845482731245
t:0.032203413187505525
infante:0.30409501434137354
perhaps:0.036105769220500565
me:0.013544858505056809
re:0.0046742562847271315
dream:0.06229109997699202
disclaimer:0.04692569408842734
inc:0.04576269369755502
a:0.0017456301573079939
richardson:0.07341010611211139
truth:0.04493821910015755
let:0.028814221784410312
stuff:0.03654270690842028
learn:0.0952503545180558
are:0.008036392270015319
it:0.0085713857434993
not:0.007536375107199561
deleted:0.04391724371247921
amazing:0.06126822474889661
real:0.03196992317497809
shall:0.04949722517540943
has:0.013309680923581889
neal:0.29859496958065707
writes:0.02479733966315859
even:0.02098949309707532
opinion:0.041366394557346114
what:0.011505526287457891
oh:0.04037145230176842
news.duke.edu:0.1450012283671621
up:0.01679325462940481
in:0.006662988821043393
and:0.00715870152170231
subject:0.00033371196115022873
we:0.016846798821424626
howard:0.13119951380966108
fired:0.05929042468371043
the:0.0009421912624863163
jim:0.04232913433686087
here:0.02250501132029245
91:0.058407705093536016
acpub.duke.edu:0.14929748479032853
article:0.030387483011872538
opinions:0.03569512694400053
mine:0.04081548805999983
tx:0.059214436607755654
s:0.007755453510700229
august:0.06248641645078053
