since:0.04547321871372003
much:0.039709019762725714
bikes:0.10923063182062281
dod:0.07948781912937357
look:0.053890189188088876
might:0.04834284399723741
100:0.07678436588252435
that:0.007884196032601746
bit:0.061933731773993174
re:0.008498647790412968
89:0.10752528668555658
sincerely:0.12383298290564987
you:0.037895385641503763
suggest:0.08344090466159358
a:0.0031738730132872617
other:0.03134790881436161
d:0.04140555050856899
not:0.013702500194908294
have:0.02323866423398422
only:0.030307641778847424
has:0.024199419861057978
be:0.013146846753124348
if:0.015230691358259302
they:0.021202718738812357
over:0.045589562557258136
and:0.004338606982849885
for:0.014788584677821546
subject:0.0006067490202731432
i:0.004338606982849885
any:0.023256528779291075
than:0.03251366550498776
the:0.0017130750227023932
did:0.03736161462370376
whereas:0.11433900107155943
an:0.02040677587640311
about:0.022386731370951627
90:0.1832708822520151
advice:0.08840584245984656
bike:0.08573551532996689
