wave:0.14479763166743848
ever:0.07774770755381942
with:0.017200805199692568
to:0.00405352694144362
respect:0.12021641732159179
nt:0.021002310344777602
me:0.03187025530601602
re:0.010998250081710898
these:0.048724587444086545
brain:0.12968759996961157
more:0.03739467723002135
are:0.018909158282388986
being:0.05722952735073965
waves:0.1756440997533277
writes:0.019448893853457716
of:0.00571884075193349
even:0.04938704258135369
what:0.027071826558724445
but:0.019567153595600302
in:0.005225873585132073
cats:0.1738610226410796
or:0.019832689932443685
for:0.009569084203296293
subject:0.0007852046144711264
each:0.07488262933413574
keeper:0.18028024517108016
than:0.042076508300572385
the:0.002216920617614862
do:0.02112699761489696
return:0.1085402267004979
an:0.02640876878122755
excuse:0.13020588236225333
jerry:0.1435369344782684
article:0.023833320009311793
