school:0.027549427846940193
acting:0.03909825132876374
at:0.006673977367079024
out:0.008925584083942877
wheelies:0.09080231516380265
final:0.029217033312398447
know:0.02804261649223413
all:0.007227786595805237
story:0.02723528430312579
true:0.01957030903149884
anyway:0.023094801679125258
means:0.0214742062154451
indian:0.04573059024811147
your:0.009544941077130777
with:0.004430510430223844
much:0.026472679841817143
hell:0.025858946397590118
from:0.006413426169925573
feet:0.03327319658299494
hair:0.04137177096853902
to:0.001044090272796084
cuts:0.040912493530535735
t:0.019517220113639714
that:0.007884196032601746
quite:0.02012272259173789
higher:0.028120256916953728
like:0.00882302320839904
nt:0.010819371995794523
assertion:0.03842739225799521
re:0.002832882596804322
contains:0.0318004053399833
1983:0.03823719588579009
intensive:0.04573059024811147
you:0.0042105984046115295
serious:0.027249951795753565
am:0.012381336035616405
more:0.009631962316823681
a:0.0031738730132872617
was:0.0067080388947074665
as:0.0060614709107349885
buried:0.04449097340127963
drive:0.04278490528493922
course:0.0185314530295456
mind:0.02295193790159195
are:0.009741081539412508
no:0.008528376789261438
hey:0.02919802261841795
thread:0.03153733176896944
have:0.007746221411328073
probably:0.03617005628832134
only:0.020205094519231616
closed:0.03125812652359706
has:0.008066473287019326
chain:0.07891471839835451
be:0.004382282251041449
which:0.00978706312513271
end:0.0204866166861781
whatever:0.02503758014207093
of:0.004419104217403151
what:0.006973046234822964
but:0.005040024410987957
1976:0.04421035770673153
who:0.01959171021566437
now:0.012514503014229123
bmw:0.06714324773736352
pull:0.03424310926805019
and:0.007231011638083142
subject:0.00020224967342438103
doug:0.06547938613119374
i:0.005784809310466513
period:0.028719782072701636
we:0.010210181103893712
zealand:0.041277660968549956
will:0.00858564655229761
than:0.010837888501662585
the:0.004568200060539715
do:0.0054418024159583085
less:0.04164947813024663
start:0.021345167332443276
can:0.006549742366952375
did:0.012453871541234587
thought:0.020337775796906914
ltd:0.040823887168693375
people:0.011403584394493314
maintenance:0.08565826758325162
is:0.002035398688565636
efficient:0.07833744800089586
new:0.013060602764269295
man:0.02195491923329696
nothing:0.01935496970834022
mouth:0.03660958415473316
give:0.017903305086030354
answer:0.023002053349461034
seem:0.02090691329466468
s:0.004700274854969836
