some:0.00858482996421584
okay:0.03166004511398895
confused:0.017766415839796972
rough:0.01976908927892077
at:0.00647768391510611
out:0.017326133810006764
there:0.013496749787899227
extreme:0.017815765179253373
all:0.003507602318552541
corner:0.05406019830784995
where:0.006792120581741771
with:0.008600402599846284
damage:0.03271671217771082
ya:0.018775374831347565
into:0.006583837878611714
such:0.007069916189219848
mentioned:0.012923395657322933
turn:0.01257896373056807
my:0.006986869568605157
ground:0.042760518346294206
to:0.0030401452060827153
dod:0.012858323682692782
changes:0.029984627203942564
design:0.013835173556711187
hole:0.06863162749922358
then:0.005867207168293394
day:0.009350378807951736
impact:0.017622222041439324
100:0.012421000363349527
been:0.010788532258981172
that:0.007652307913995813
quite:0.009765438904813975
bit:0.020037383809233086
like:0.008563522525799068
could:0.005548195423992858
phase:0.020170557264086182
happened:0.01239816506889129
barry:0.01933137104356787
this:0.00579024748203771
contact:0.01279438345213444
path:0.016308561143606303
something:0.007318607783689422
on:0.013048021237775842
you:0.0061301359125961975
pulled:0.018407420939593952
fitting:0.022032914708863878
etc:0.008537955836243514
m:0.010064814059677001
sure:0.008022220662350013
a:0.007701309517535266
how:0.014507680116497695
other:0.005070985249382025
was:0.01953223089929527
part:0.009004493060342931
let:0.008474771113061856
evidence:0.011829808950415724
turning:0.017438360201091303
are:0.0023636447852986233
no:0.008277542177812573
caused:0.014640860952408703
thread:0.04591464478129374
it:0.0025209958069115587
mounted:0.039288902442579175
have:0.003759195684909212
only:0.004902706758342965
opportunity:0.016916740395078643
suddenly:0.017916496702003796
types:0.01506212210287088
accidental:0.022192786443936446
degree:0.016292111583330854
without:0.0165236065059007
which:0.004749604163667345
perfectly:0.016425816157488483
sort:0.011534784219342021
end:0.019884069136584626
of:0.006433695845925176
explain:0.013217123264752221
but:0.0024458941994500378
never:0.008102717760521546
fairly:0.014427229956793698
fact:0.008817158561135439
slight:0.01976908927892077
they:0.003429851560690234
now:0.00607321469808178
over:0.007374782178379992
in:0.006532341981415091
suspension:0.020516251931910725
mid:0.021135131765804897
or:0.0024790862415554607
and:0.0028073339300793373
for:0.0023922710508240733
subject:9.81505768088908e-05
each:0.009360328666766967
i:0.0035091674125991715
back:0.0077439585296600645
any:0.0037620855378264974
turned:0.014437126249682344
event:0.015267429956606515
the:0.007759222161652015
do:0.00264087470186212
when:0.00480762662810197
would:0.0034288589930307942
can:0.003178551442785711
mm:0.021074362273337213
7:0.0117335607681298
lower:0.014599200783255946
just:0.004317605012742228
long:0.008751144283487444
here:0.006619120976556603
about:0.0036213830158892337
hit:0.02632133926418683
previously:0.017483470835620032
is:0.004938835053137205
today:0.010437964212493945
solid:0.016564567363307775
steel:0.019563646417176443
having:0.009620924236839563
compress:0.02244643670675612
right:0.007131888212464336
90:0.01482338018214828
spot:0.017741987373919518
mystery:0.040435992504906974
life:0.010258747622384963
goes:0.011849364691142193
amazed:0.021323710053994423
first:0.013805550216110596
engineering:0.028431981567816907
bike:0.04160694126307217
very:0.00640897974920385
little:0.008622568756979648
difference:0.011791006789832303
side:0.011839573818276446
before:0.007816890688318546
by:0.003641306892710169
s:0.002281015738441244
