at:0.005339181893663218
out:0.007140467267154302
lead:0.023419482652241884
behind:0.021380256975749686
final:0.02337362664991876
all:0.005782229276644189
ever:0.03204147947672558
your:0.007635952861704621
with:0.0035444083441790748
bikes:0.029128168485499414
o:0.021218054447272008
from:0.010261481871880916
im:0.03582590769573762
my:0.005758874311092735
to:0.004176361091184336
dod:0.02119675176783295
plot:0.034449801934311276
stop:0.020145170391397803
w:0.018753580939571843
band:0.030201745443390066
bikers:0.036720671324865284
basic:0.023149410967030302
class:0.02404951316163032
that:0.004204904550720931
justice:0.026095552336378766
like:0.007058418566719232
hot:0.02535526173794795
re:0.002266306077443458
charles:0.02494698578747779
searching:0.03218485399616834
this:0.012726846990822278
off:0.0132330754421597
he:0.009637170954668092
blow:0.029535073351182016
set:0.016057058085611642
children:0.02031743556374864
am:0.009905068828493124
them:0.008883994978983277
a:0.004231830684383015
desert:0.03417216838260646
complex:0.02724844164729433
thread:0.025229865415175547
it:0.006233735086181308
have:0.0030984885645312294
only:0.008082037807692646
date:0.02168363145323226
leather:0.0354794930664046
ring:0.030201745443390066
discover:0.03309741677483122
reporter:0.036068364269153975
ex:0.03325085803534207
absolutely:0.02425732572816748
his:0.02235671565460917
restore:0.03426330703330065
be:0.0035058258008331595
guns:0.024454290379033874
writes:0.004007650854651893
soon:0.02179996143660285
down:0.014329488345170654
of:0.004713711165230028
raised:0.027424123688950402
gives:0.022039542277552154
seen:0.03142381685602852
looking:0.01572051724488875
plate:0.03133497920035834
but:0.004032019528790365
seems:0.014281739935642898
order:0.016995859764439347
fire:0.02179996143660285
easy:0.040165837142531004
they:0.011308116660699924
who:0.007836684086265748
up:0.01628436812548345
one:0.011918920094249968
in:0.005384233390742136
5:0.015750744769198077
world:0.015280307204440466
and:0.00462784744837321
for:0.0059154338711286175
subject:0.00016179973873950483
car:0.01853723236292963
i:0.003470885586279908
info:0.017850881572075136
the:0.0031977400423778006
start:0.01707613386595462
reasoning:0.02904996603194846
wheels:0.06697711865436026
once:0.016260795120757007
road:0.021882741733154607
movies:0.0685266140666013
an:0.005441806900374162
film:0.03144933365068794
head:0.020926422639125353
is:0.009769913705115051
steel:0.03225037469983026
time:0.028718363089158427
man:0.01756393538663757
life:0.016911390019931576
every:0.014740294102650885
him:0.014524335171898835
gang:0.06816475996781729
criticism:0.03302212877483996
article:0.004911108365555157
very:0.010565106010808772
comes:0.018328341437851586
project:0.023343247608563947
by:0.02401055696526463
s:0.007520439767951737
biker:0.03302212877483996
