go:0.02494143912556573
at:0.011294423236595269
though:0.06373190260540204
bikes:0.061617279488556456
times:0.03603174540375675
my:0.012182234119619247
to:0.0035338440002328996
that:0.008894990395755815
quite:0.03405383823217181
nt:0.00915485322721075
along:0.044794377065913264
me:0.013892162569289034
anything:0.02975950192717184
re:0.004794109009976545
off:0.027993044204568593
two:0.023907556828888607
trucks:0.07307648302730128
them:0.018793066301695395
size:0.046165091500844455
vs:0.04380271724440182
a:0.0035807798098625512
factor:0.05801256934201046
running:0.03881359503136797
dogs:0.19995036551460235
also:0.03803838799178375
ride:0.05413717354876772
moves:0.06616627147944631
works:0.0381426409429582
it:0.004395582432563743
have:0.006554495040354523
passes:0.05933544416553906
after:0.024733508816217324
love:0.041951505643351907
be:0.007416169963300914
must:0.029711031121532016
they:0.035881524019528606
up:0.0344477018039073
in:0.002277944896083211
and:0.004894838647317819
few:0.029302916678285724
subject:0.00034226867810279864
exercise:0.06398807870001814
car:0.03921337615235115
i:0.007342257970976728
back:0.027004573334199197
any:0.01311906751652317
will:0.029059111407776523
mile:0.06808334499189457
the:0.0028990500384194345
do:0.009209204088544828
when:0.016765056959535077
riding:0.057887490176044255
can:0.011084179390227093
road:0.04629041520475013
chase:0.152596925754113
1/2:0.060810691983292746
easily:0.04742198421019727
difference:0.04111735701069726
by:0.01269789070278418
seem:0.035380930190970994
john:0.03437792819976725
