ask:0.04700907394123173
typical:0.07191298935051522
know:0.019901211704166158
posting:0.053212718660584524
someone:0.03553964701069387
my:0.015326036473069375
to:0.0066687056133427295
stop:0.05361214700936512
officers:0.07741411750970623
jeff:0.13598320286549664
r:0.05000354462466339
re:0.006031298431905976
these:0.026719935049982945
you:0.008964499829172932
etc:0.03745683850739089
why:0.02870520290570978
a:0.009009704037718677
j:0.04926013966982036
pulling:0.08691537268173427
stuff:0.047151879881832615
are:0.010369538412922992
police:0.05928361147794664
deleted:0.056667411241908654
minor:0.21028704083360472
writes:0.010665522435767134
of:0.0031361384768667524
who:0.020855691519900778
now:0.026643780610939423
over:0.06470776621030186
in:0.00859740493037857
moving:0.06840292873615052
speed:0.05416879301428679
subject:0.0004305960789035209
i:0.0061580228143675786
violation:0.08309278258535306
regards:0.06660270317760747
lane:0.1773966122795919
put:0.04012031128301257
mph:0.08828471854925825
limit:0.07161972613949603
cop:0.08788147173949346
guys:0.06265605983050405
questions:0.048777037697508255
wanted:0.04911548370235649
category:0.08416334821349615
change:0.09587126154549959
article:0.01306988516639679
answer:0.04897211358272349
