since:0.011115675685576008
simply:0.016992462999352163
at:0.019577000276765136
50:0.01917324049515795
thanks:0.011074370249534239
tune:0.032732537132997806
much:0.009706649275332952
beast:0.030068242242653996
work:0.01125040257772391
my:0.010557936237003348
to:0.0030626648002018463
line:0.015687798604477714
rpm:0.06546507426599561
add:0.01909011342473177
slightly:0.02405373142420028
most:0.010314419244261321
appreciate:0.021328962974524968
that:0.00578174375724128
really:0.01084108746217181
nt:0.003967103065124659
and/or:0.022449900150799836
severe:0.027994885321043203
throttle:0.10098184614337953
something:0.01105922953979735
on:0.005633431391547666
rev:0.029443364556950163
speeds:0.02764203306703028
m:0.015209052356845247
more:0.007063439032337366
a:0.004655013752821317
other:0.007662822154621727
load:0.07493321453005941
as:0.004445078667872325
red:0.020070105305236396
worth:0.019528686771065767
fine:0.017995314321780892
lucky:0.026453866875203166
advance:0.01757500675931472
starts:0.02484701319107428
hoping:0.026593636650959582
it:0.005714257162332866
not:0.0066990000952884985
have:0.002840281184153627
try:0.013535498179685515
has:0.005915413743814172
poor:0.021952534392751456
which:0.007177179625097322
5th:0.03284041538775948
down:0.013135364316406434
if:0.007446115775148992
5000:0.06546507426599561
of:0.004320901901460859
standing:0.027473670014278452
park:0.04990269187827741
what:0.005113567238870174
1974:0.033177218842295235
least:0.013375902126147124
drops:0.031081139780398188
well:0.009349266167518583
loss:0.04728724160134204
toward:0.02484701319107428
up:0.014927337448359829
miles:0.022300859916171256
good:0.009000054729774996
in:0.0029613283649081745
point:0.01223075534033367
speed:0.037316279632064235
or:0.003746174765017141
thoughts:0.02385569065347674
and:0.002121096747171055
still:0.011342828234608596
4th:0.028275056730081495
for:0.0018074936828448556
subject:0.00014831642717787942
however:0.013317216134427295
until:0.01589536514091469
i:0.007423838615098692
becomes:0.02392092297501387
top:0.01878684570092953
power:0.06004122844823427
any:0.011369858514320081
suggestions:0.021983313172615985
the:0.0046062683943775455
upgrade:0.024569807795826373
would:0.00518138692280209
can:0.004803144402431741
major:0.018202377626209958
leland.stanford.edu:0.028040610316246068
put:0.01381921833081544
drop:0.02405373142420028
mph:0.0304091808336334
about:0.010944624225798573
hold:0.019276558960800112
is:0.0059705028197925315
engine:0.11336247277057933
run:0.014871302379929972
goes:0.017905706644392647
runs:0.04168656133825928
dead:0.019062678526728535
under:0.04045539045176065
bike:0.04191514082798381
little:0.013029659454991469
purposes:0.024594444446203408
honda:0.05354688757416397
past:0.03670571607670404
range:0.02221975547494263
jets:0.028723730933661814
s:0.010340604680933639
