reference:0.022615957957686998
at:0.010678363787326436
out:0.014280934534308605
dan:0.04816731502287586
there:0.005562296882285742
posting:0.019995082163371154
story:0.04357645488500126
sorenson:0.0368600017383483
take:0.012883328062640627
hell:0.020687157118072095
into:0.01085335698777204
iastate.edu:0.029128168485499414
my:0.01151774862218547
corp:0.02804948269643665
to:0.0025058166547106014
dod:0.02119675176783295
obviously:0.022314503520157312
stop:0.04029034078279561
rd:0.031391886717630095
cookson:0.11652933087337976
officers:0.02908894112485931
that:0.006307356826081396
think:0.008725745621385183
nt:0.004327748798317809
could:0.009146116092885197
re:0.002266306077443458
tells:0.0268303030322219
complete:0.022443732426028956
ps:0.027306438320119485
ball:0.027021850543829964
this:0.006363423495411139
617:0.0315658873593418
something:0.01206461404341529
on:0.0030727807590259994
you:0.016842393618446118
went:0.019772492516582325
sam:0.029881487980515035
why:0.021572394910957655
a:0.005924562958136222
how:0.007971896952903785
88:0.030344354518603366
ama:0.030539874895683494
146:0.03924730043960339
ride:0.025592118404872015
town:0.05398822633581251
are:0.0038964326157650032
d:0.011041480135618396
place:0.01648137949888743
police:0.02227626613110722
it:0.0020779116953937695
not:0.0036540000519755447
have:0.0030984885645312294
ames:0.031167394161991616
viking:0.034082379983908645
pace:0.03777080296895036
92:0.026566756899253783
shall:0.02399865463050154
has:0.006453178629615461
thrown:0.029749251329638435
writes:0.004007650854651893
get:0.015931805761104513
things:0.0135437935038803
if:0.004061517695535814
of:0.002356855582615014
short:0.020987744640128893
even:0.0101767239258547
gotten:0.026119460083597047
least:0.014591893228524135
together:0.02156949237242564
now:0.010011602411383299
one:0.005959460047124984
in:0.005384233390742136
heading:0.03417216838260646
speed:0.04070866868952462
or:0.004086736107291426
and:0.003470885586279908
for:0.003943622580752412
subject:0.00016179973873950483
i:0.006941771172559816
we:0.008168144883114969
back:0.01276579830343962
leads:0.027513912087648227
55:0.029793010408265624
the:0.003654560048431772
do:0.0043534419327666465
did:0.009963097232987668
road:0.06564822519946382
come:0.014552688936178233
thought:0.01627022063752553
just:0.014235012890495587
gilbert:0.07459661755644965
warning:0.02600085343999646
ma:0.024310411668106158
is:0.004884956852557526
limit:0.026911654670598507
having:0.015859947832850677
right:0.011756809659335149
light:0.021164937489735112
1993:0.018361550321273557
wanted:0.018455515088158195
slow:0.024888049121465704
under:0.014711051073367511
bike:0.02286280408799117
show:0.018242840422635347
article:0.004911108365555157
little:0.014214173950899783
dumb:0.031167394161991616
takes:0.02167212032714952
answer:0.018401642679568828
check:0.020056433724773875
dean:0.06040349088678013
