minnesota:0.05360722721050826
traffic:0.04654298150410534
all:0.010149657772832884
true:0.027481710554870708
ca:0.02187817655417363
into:0.01905110535087645
wrote:0.02739973377332831
to:0.0014661693192455647
make:0.01872426046116706
that:0.003690474738664647
think:0.015316468377963353
nt:0.00759658033747275
me:0.011527539153239837
anything:0.024694054790631952
re:0.0039780904550869205
file:0.032324317898493715
ti:0.040304904853741094
on:0.005393710906800957
athena.cs.uga.edu:0.17947636268122102
you:0.011825510412951528
state:0.028273546669581023
m:0.01456185863953268
sure:0.023213234257012803
a:0.01039949880949443
as:0.008511852768266152
bring:0.040354967524351866
standard:0.0323834525581089
let:0.024522741944178986
allan:0.1049030961018081
it:0.0036473981887231058
not:0.01282787252289287
have:0.0054388363100814135
university:0.025003618102113337
between:0.02471133878772772
suspect:0.041298883647848506
be:0.006153843161036929
which:0.013743535452314019
found:0.028452345800606356
writes:0.007034706287420876
of:0.004137033735441248
but:0.0070774810877703214
court:0.04251767688790754
now:0.01757355742423664
in:0.0037804191892444783
better:0.023789530545759607
and:0.0020308373111212227
subject:0.0002840101797023223
i:0.004061674622242445
stafford:0.21015969780317714
morons:0.06288590180634794
person:0.05968498806540108
we:0.014337701124616702
physical:0.09079045317818545
will:0.012056439839396643
the:0.0032074596169746933
can:0.009197510557848015
just:0.012493495356020063
disclaimers:0.058096529445182454
arrest:0.17634932837185283
does:0.012962646961037503
article:0.01724112511311917
difference:0.03411865794504666
complaint:0.06353084459162917
citizens:0.13044760177449322
understand:0.031874013435485675
john:0.05705273190599672
s:0.006600385966553386
