library:0.03876952399723314
looks:0.0316954210590175
go:0.01801326159068636
week:0.031924433374125774
at:0.008157083448652139
andrew:0.0697307066513333
nick:0.04607005511171713
access:0.031040526555727088
1992:0.03653654198966937
nicholas:0.054034881641560756
spot.colorado.edu:0.05000415875954367
dealer:0.12284903897913185
my:0.008798280197502789
to:0.0038283310002523076
dod:0.06476785262393402
bit:0.02523226109310833
like:0.010783695032487713
nt:0.00661183844187443
asking:0.03319845198739253
me:0.010033228522264303
re:0.003462412062760838
this:0.004860948503439064
getting:0.025112977520598944
fair:0.03909906978522113
on:0.009389052319246109
you:0.005146286938969647
am:0.030265488087062323
pennsylvania:0.05589294363658068
a:0.009051415630485893
price:0.05796563336748079
ama:0.04665814220173867
letting:0.04525253097147937
82:0.04822566124343886
local:0.028299846776999555
are:0.00595288316297431
book:0.057587009457105064
it:0.009523761937221443
have:0.004733801973589378
ve:0.01689938610210587
92:0.04058810081830439
mint:0.055295364737158716
univ:0.043005586770881545
writes:0.006122799916829281
of:0.0018003757922753578
looking:0.02401745690191337
miles:0.03716809986028542
good:0.015000091216291658
sounds:0.032988005218155904
in:0.0032903648498979715
and:0.003535161245285091
for:0.0030124894714080924
subject:0.0002471940452964657
i:0.005302741867927637
pretty:0.026648333860366913
than:0.013246308168698713
the:0.001395838907387135
do:0.006651091841726821
less:0.025452458857372937
hello:0.03582676658010899
got:0.040965811511677296
lazy:0.05610102563521085
eye:0.04250765717105929
is:0.0074631285247406635
white:0.06294387307075171
assuming:0.03674231177471298
blue:0.07401225236043164
retail:0.053868043627647064
advice:0.03601719507623378
wanted:0.028195925829130577
too:0.018078869146893484
nice:0.029256846821803312
bike:0.034929284023319844
little:0.021716099091652445
honda:0.0446224063118033
condition:0.07033509423120408
says:0.023713210596551553
buying:0.03714090671516219
s:0.011489560756592932
