j:0.6108257319057726
test:0.7151799707959342
ignore:0.9001532301112445
subject:0.00533939137840366
carl:0.9718987561625394
