wheelies:0.12750963405980797
effects:0.04576422188683624
all:0.010149657772832884
ah:0.0500776804837316
with:0.006221567838186674
wheel:0.05169674234907124
my:0.010108662354577674
ground:0.041244187908482347
to:0.004398507957736694
front:0.037414371588999296
t:0.02740716015957917
been:0.01560894028958978
make:0.01872426046116706
motorcycle:0.049410674162289434
re:0.0039780904550869205
off:0.023228270722939898
two:0.019838185453758633
on:0.005393710906800957
you:0.005912755206475764
more:0.013525734317241763
a:0.002971285374141266
want:0.020134020933108315
rear:0.10079053039617983
odd:0.05169674234907124
feeding:0.06495139132167728
are:0.006839482782991761
no:0.0119760184700267
it:0.010942194566169317
catch:0.05155200136975444
have:0.0054388363100814135
due:0.035267473243600876
ring:0.053013702108078306
motorcycles:0.05864220278973087
chuck:0.053013702108078306
feel:0.03240719876857636
tendency:0.062082629971154914
which:0.013743535452314019
writes:0.007034706287420876
of:0.002068516867720624
wayne:0.049708685185988095
gives:0.038686430593575585
but:0.0070774810877703214
gear:0.10810481846219738
lift:0.11700627618441167
well:0.017902850108014307
they:0.009924676856465357
in:0.0037804191892444783
and:0.00812334924448489
still:0.021720309385420713
rogers:0.05878310945728427
for:0.0034611581160858933
subject:0.0002840101797023223
we:0.014337701124616702
possible:0.027414591733665766
any:0.010886034747753268
will:0.012056439839396643
the:0.007216784138193061
do:0.007641679988366986
effect:0.03687631334704687
last:0.023193218638930826
an:0.009552107857039752
is:0.008574658305021188
does:0.012962646961037503
article:0.008620562556559585
shaft:0.17198148211492098
april:0.03619312619029907
mike:0.03399374498891174
cbnewsj.cb.att.com:0.05967014785025291
driven:0.0500776804837316
