at:0.033883269709785814
rd.hydro.on.ca:0.12091831425060806
wave:0.09467537455178669
ever:0.0508350395544204
urge:0.11524909232328798
my:0.01827335117942887
to:0.005300766000349349
bikers:0.11651751478082253
re:0.007191163514964819
anyone:0.03217143749310368
cage:0.20425003497568373
a:0.002685584857396914
other:0.02652515361215213
was:0.017028098732718953
no:0.021648956465048268
it:0.006593373648845615
ve:0.07019744996259362
has:0.02047643219012598
thinking:0.06699089488170491
writes:0.01271658444264543
get:0.025276422601752353
park:0.08637004363548013
reasons:0.06993316299607895
but:0.025587816240400397
levine:0.11120494984566566
never:0.04238344674734347
mjs:0.11933681236143553
good:0.031154035603067294
subject:0.000513403017154198
each:0.04896171918001183
i:0.014684515941953457
angel:0.11367836095762898
driving:0.08052131907117654
actually:0.047006040905790095
the:0.005798100076838869
riding:0.08683123526406639
done:0.05093583752732113
bike:0.07254543604843353
mike:0.06145023132610969
while:0.04173735588227928
driven:0.09052503779751483
