at:0.012860803101524541
behind:0.051499889065674424
help:0.046863344234491906
all:0.006963998763841541
damn:0.03140026903184384
case:0.018040956987640553
split:0.03480238384881172
your:0.00919658556336688
way:0.012645057076982068
c:0.07550650205632
such:0.014036621923122617
mirrors:0.04115626119073041
to:0.0030179543651624036
stop:0.04852486298657865
line:0.0412234123913283
q:0.18589832599369308
w:0.022586429598754405
near:0.02631223195241989
then:0.011648761677195644
front:0.025671174666904623
t:0.018804912810222205
really:0.014243764548838874
nt:0.010424504404707132
me:0.007909406426310545
re:0.002729492721008544
vi:0.08368213924595214
avoid:0.02822444885564306
so:0.00745847151375854
these:0.012092233380284253
on:0.0037007943448123352
you:0.02028463464995335
disclaimer:0.02740186516112545
m:0.009991348263620964
why:0.012990675767547491
more:0.009280430845406758
a:0.0020386921545202845
hard:0.019738929945806637
also:0.01082844621663917
far:0.01817064286220001
l:0.024123799844915056
no:0.00821712216191613
hey:0.02813240135497204
d:0.039894399030154064
have:0.003731756300347831
always:0.019393840131377425
exit:0.07768338431345974
quit:0.07344402988538123
writes:0.00482673278115009
get:0.01918794124512587
if:0.0097832178067651
of:0.0028385486943903453
even:0.012256638304861501
what:0.006718555496325775
but:0.004856081914236571
least:0.017574177975959723
one:0.007177451881573886
in:0.006484660653083594
pull:0.032993360754617694
and:0.001393421220769306
subject:0.00019486829848188537
car:0.022325863794769266
i:0.008360527324615837
back:0.01537486656983604
possible:0.018810011846456802
suggestions:0.028883185190298373
the:0.0033011080729447575
do:0.005243196488368589
when:0.009545068925866686
can:0.006310700674727834
breaker:0.04492132079129267
lane:0.040140839274944155
an:0.013108002022799076
ready:0.030769921816280264
e:0.04541444811757411
head:0.02520335573325316
hit:0.026129212700214663
eye:0.03350968594506864
worry:0.03209024110112937
right:0.014159661268542331
keep:0.019338792584860737
does:0.008894078936770257
man:0.04230728961744816
x:0.0666823355375059
article:0.005914838542456942
understand:0.021869761043325938
mike:0.0466483507877037
incident:0.035081370803703674
