some:0.007630959968191857
at:0.005757941257872099
there:0.011997110922577091
where:0.012074881034207594
way:0.022645396333941744
from:0.011066303979479419
to:0.00810705388288724
stop:0.021725183755429003
near:0.023560625996611274
then:0.010430590521410479
village:0.03397849348614158
us:0.026926488708300604
might:0.0139025172279637
trip:0.03361189566489292
been:0.009589806452427707
make:0.011503794008821592
that:0.0045347009860715925
roads:0.029903544074886962
grand:0.06555276686560434
12:0.046449474923033154
re:0.002444055573713533
boulder:0.03602854289042289
national:0.02126911062083342
on:0.013255132685994509
you:0.014530692533561356
great:0.016478762671455406
sure:0.028523451243911157
a:0.004563738973354233
utah:0.03790881787376786
lists:0.030961796919087924
want:0.012369921357595959
kim:0.07276384684320232
california:0.026009602790345986
ride:0.027599343377803155
helpful:0.0303568847794458
plans:0.030429507167844958
are:0.012606105521592657
bgardner:0.041682120913211156
d:0.011907478577627683
museum:0.03802450138422146
it:0.004481770323398327
have:0.0033415072754748552
interesting:0.021359637659617077
area:0.020970372840910766
stay:0.0258084808382757
between:0.015182129712721605
towards:0.027253445329081964
june:0.030039714577519916
be:0.0037807925303102704
loop:0.03355274641312875
writes:0.008643952823758985
get:0.008590679577066159
spend:0.026798021011186605
down:0.015453369784007569
things:0.014606051817910129
of:0.007625121002577986
highway:0.03450164843825619
well:0.01099913666766892
up:0.008780786734329311
gardner:0.03768341803016545
blaine:0.041285881554933804
in:0.0023226104822809215
additional:0.02793958103764664
required:0.024462623859483456
mid:0.03757356758365315
point:0.014389123929804319
or:0.00881452885886386
and:0.0024954079378482997
few:0.014938741835988801
subject:0.00017448991432691697
i:0.0012477039689241499
top:0.022102171412858272
back:0.013767037386062338
any:0.0066881520672471065
than:0.009350335177904975
the:0.004433841235229724
do:0.004694888358865991
see:0.02312922563936178
studying:0.037359255016182626
closer:0.03046612321718267
views:0.02647115551723457
around:0.01547185904021984
home:0.019146163737655875
road:0.023599035202421636
sp:0.0308440289092665
an:0.005868615284717234
10:0.0188913186790599
here:0.011767326180545072
hit:0.023396746012610516
is:0.007024120964461801
number:0.016354672211750052
time:0.010323594574534077
lot:0.03239939069627962
maps:0.03889725558438174
close:0.022711851086081966
by:0.00647343447592919
black:0.02306896964865319
hints:0.03397849348614158
s:0.012165417271686633
