barbara:0.059418641888378726
out:0.02265725190539346
there:0.008824797938241803
help:0.020577814615786512
finish:0.04706096646291216
where:0.017764007675324635
way:0.016657430957178303
cambridge:0.04492900391810463
my:0.01827335117942887
to:0.003975574500262012
dod:0.033629461939350354
then:0.015345003363228877
its:0.019882928423405482
me:0.010419121926966776
re:0.010786745272447228
so:0.009825101897931924
he:0.030579484760004525
tail:0.05465593576116693
these:0.015929192049028294
on:0.004875084858070096
you:0.016032663156020824
tell:0.023173317823292818
fix:0.041827297684427736
them:0.028189599452543096
paint:0.04692553627174159
a:0.00402837728609537
surface:0.043894093685485726
science:0.03251569448237803
andrew.cmu.edu:0.0783611424370627
panel:0.04740812996908635
are:0.006181840207704092
ip:0.055438105371301095
hoping:0.04602744804973774
it:0.0032966868244228074
not:0.0057972116209227395
against:0.024839238386133142
left:0.028119280610582324
careful:0.04424378257174414
nasty:0.050857918374235506
has:0.01023821609506299
layer:0.05646931239393184
public:0.028497544212121095
exchange:0.04659507816112421
be:0.005562127472475686
writes:0.006358292221322715
get:0.012638211300876176
if:0.012887508072373256
of:0.005608863045165538
park:0.04318502181774007
please:0.01841745535485822
they:0.008970381004882151
wax:0.05628958034573807
rest:0.03140991186031547
bob:0.07084625026979038
in:0.0017084586720624085
or:0.01296752803275164
use:0.015988264689878347
and:0.0055066934782325465
subject:0.000256701508577099
yet:0.0252891225258285
the:0.004348575057629152
older:0.042482215240765675
colour:0.050857918374235506
road:0.0347178114035626
rid:0.04439763200776761
is:0.0025833906431794607
match:0.04602744804973774
district:0.05436005442783276
does:0.011716238599399282
bike:0.07254543604843353
article:0.007791662310736549
very:0.0167619470363793
wont:0.05742210953474175
planning:0.04455398316999627
before:0.020444175646371583
live:0.029775848787958258
while:0.02086867794113964
s:0.005965733469769407
