lpl.arizona.edu:0.061616447093754294
some:0.01269061820797124
chris:0.04170377437955761
into:0.019465259815025938
maxima:0.07077060752549814
syl.nj.nec.com:0.06662530799800788
my:0.010328415884025013
to:0.0014980425653161205
dod:0.03801591349665692
then:0.017346525541041338
thoroughly:0.06446823257709659
t:0.02800296798913524
bit:0.029620480413648908
86:0.05196201488580507
re:0.004064570682371419
michael:0.032659730452974885
had:0.0166783531052406
off:0.02373323312996033
ti:0.04118109843751807
on:0.011021930983462824
you:0.006041293363138281
took:0.03668914865670304
dry:0.05619860400064268
nelson:0.11544567194277776
onto:0.04732785517787333
a:0.006071757068897369
was:0.009624577544580277
ride:0.04589890800873785
no:0.012236366697635975
deep:0.04945429975865805
it:0.01490675781478139
not:0.006553369658434401
heat:0.04967500917344876
chain:0.16983819829211078
erik:0.12070958611679657
be:0.006287622360189905
550:0.0658577257456823
writes:0.014375269369947007
formed:0.056718778143877845
short:0.037641063756752906
sealed:0.0608109256573008
but:0.007231339372287068
again:0.026542055849000195
up:0.01460283011252592
good:0.017608802732168468
wax:0.12726339904253822
in:0.007725204430195238
bmw:0.04816798207245644
and:0.01244991568991706
subject:0.00029018431404367716
outside:0.03918234540740788
i:0.00414997189663902
water:0.044566274072951634
will:0.012318536357644395
behanna:0.12850597325645013
the:0.004096483749940505
regularly:0.05399894651434653
seal:0.06425298662822507
did:0.0178685982982931
maybe:0.02878166393850352
problem:0.02299527491353896
90:0.04382564575591665
article:0.017615932180795674
live:0.03365965515160498
