750:0.0346266315621451
at:0.005611242117544147
folks:0.023587362103788395
surely:0.028576523107318605
know:0.007859077233492369
all:0.006076865163352174
with:0.003725015138786926
way:0.011034221780551232
much:0.01112864248127345
funny:0.028667300322014155
c:0.03294391968699312
compared:0.026259800165054914
owned:0.032096046864890294
previous:0.02212228929740641
someone:0.014034765061547898
yamaha:0.03494516927281173
wisdom:0.030952189686705076
both:0.014303847658014256
several:0.01795191956730826
my:0.006052320135861792
to:0.005267003159582792
design:0.023969217881690718
nt:0.013644813090237677
me:0.006901838728691368
apple.com:0.035027356564760186
this:0.006687674374158204
he:0.020256473981149496
these:0.01055182148470664
on:0.006458711149545095
you:0.00354012095164791
combined:0.03230838075194502
used:0.01257620069004373
vs:0.02176185952269645
sure:0.027796739110308326
a:0.004447465368937564
hard:0.01722441657691407
was:0.028199399175203362
worked:0.02448512000365828
oil:0.05709309855810966
ride:0.026896175393655304
brake:0.034783909349344916
model:0.023305423640659555
it:0.0021837925461144713
feed:0.03174068788636536
being:0.012393655604618779
ve:0.023250110815636108
keith:0.025098516363819535
site:0.024876205079226794
doing:0.017074540797231308
has:0.006782003018385676
decided:0.023768363458715636
attempt:0.024564639472844554
his:0.011747955678377432
be:0.003684466605971155
writes:0.008423724726338374
get:0.008371808759816066
were:0.019761825445506996
things:0.014233923109173565
of:0.0012384750672976984
what:0.005862688554118671
but:0.004237472753187327
years:0.014202391229174481
never:0.014037829495935418
particular:0.021599053809451
well:0.010718903886327038
they:0.011884326426850238
thompson:0.11186209597369602
removed:0.02940989636183332
in:0.004526871385846892
5:0.01655333048992155
or:0.0042949774375992695
watching:0.027131236265855632
and:0.0036477459983196483
few:0.014558136948447686
for:0.004144571502064637
subject:0.0001700443114141293
p:0.021440305984913057
i:0.0024318306655464325
back:0.013416284841194507
pretty:0.03666267588432646
eyes:0.02752636614432348
filter:0.033299234940635504
the:0.004320877127325782
do:0.009150546737662378
can:0.005506789760749767
pedal:0.040424158223277405
wants:0.02242379084454617
an:0.0057190964239601065
apple:0.024161572912669273
just:0.007480181932903732
about:0.00627398840969345
n:0.02331857003697071
paul:0.04172003173387334
is:0.0017112906171379866
else:0.01609268933336342
unless:0.019605486788155997
nothing:0.016272968162426172
remus.rutgers.edu:0.04147067447354031
change:0.07571997727160479
bike:0.0240277877357869
changing:0.027276552684748444
article:0.005161355925583446
opinions:0.018188599716688167
honda:0.061391336072289894
freenet.carleton.ca:0.03536713988135441
says:0.016312272257500433
s:0.007903646889885584
