seemed:0.057014633734239116
expensive:0.054730902623471474
know:0.016673988184571647
all:0.012892808522247178
with:0.007903072659318208
from:0.02288033120081556
dod:0.04726302759043834
recall:0.052849394798284086
that:0.004687900343709146
nt:0.009649710158411332
re:0.005053250037542845
sample:0.12738382939453946
henry:0.12365519576912716
material:0.05706350725410653
a:0.005661503212890791
other:0.01863929713286366
was:0.011965691001370076
as:0.010812353516446195
steal:0.07282098792253412
ride:0.05706350725410653
lie:0.0616202253213925
silver:0.07038339749042428
it:0.013899544448917783
explorer:0.08660963781129577
92:0.05923668768076858
if:0.009056086753559586
of:0.00788272644185427
what:0.012438406797251774
but:0.008990313814194734
brands:0.08157348530744207
bmw:0.05988451825224315
and:0.007739136780218714
subject:0.000360769687729977
i:0.010318849040291619
tape:0.056072544104301805
we:0.018212755482621218
the:0.0030557554459015664
do:0.009706998904141848
got:0.05978794112515065
did:0.022215014100580615
maybe:0.03578260922084222
is:0.007261422348396322
angle:0.07220663151609147
mostly:0.055149311077579144
91:0.12628692993196977
lot:0.03349396470628906
whoever:0.06809566699713211
too:0.02638537659276347
med:0.08316514795144725
little:0.03169376624187114
fit:0.054938487558086176
black:0.14308996038826774
sometimes:0.04735819357186284
