sells:0.051253253437918325
rd.hydro.on.ca:0.12832147634758406
anyway:0.031107283894331976
chris:0.0783009641412102
with:0.005967626293770891
super:0.051335878032128725
syl.nj.nec.com:0.06254620750833392
name:0.028186045977859703
zx-11:0.06115257960011198
owners:0.044057627177441314
us:0.02101914679780608
re:0.0038157194161037807
pack:0.05256890326828458
carrying:0.047337690973920786
baby:0.05092928712858587
this:0.010713927313702428
two:0.019028463598503177
on:0.005173559441217244
1983:0.05150316180534991
used:0.020147586819763932
disclaimer:0.038306689051777414
great:0.025727047844210985
nelson:0.054188784789467107
why:0.01816043449136741
a:0.0028500084200946837
load:0.04587747828370984
beer:0.05441062138779778
was:0.009035317694912098
red:0.03686345872390358
114:0.060120986570812295
corn:0.06115257960011198
are:0.006560320220420668
wild:0.048215373368410995
not:0.006152142944652703
ones:0.03461867326915159
bag:0.10815929837246997
lady:0.052291852359448346
has:0.01086504565190358
jody:0.06072734800418782
be:0.00590266588915787
writes:0.006747575418546554
of:0.003968175215627319
keeping:0.04265448900392946
raised:0.04617326947629404
levine:0.05900670808137361
using:0.022494087537193067
who:0.01319441708401886
now:0.016856269366104532
depending:0.045926185209757366
in:0.003626116365193683
5:0.026519111090996764
or:0.013761458320471128
and:0.0038958919845998963
for:0.0033198863562456525
subject:0.00027241792746957445
i:0.0019479459922999481
any:0.01044170679886538
later:0.03260624519344595
behanna:0.18095739091214408
suggestions:0.04037751399051915
the:0.0038456786223931274
would:0.00951683312351404
can:0.008822101963650136
agree:0.030781175295555498
extra:0.039639548056033175
needs:0.03417700574152394
reports:0.040349208614164814
convenient:0.05585359744953073
1975:0.05768822102545517
just:0.01198355677006006
is:0.0027415574172516724
wanted:0.03107306111781737
bike:0.03849349667876064
concentrate:0.05334673352734462
article:0.008268702860373478
written:0.03656651978016438
wide:0.043896294462883734
three:0.029780489861964004
side:0.032860857944604006
by:0.020212968873819716
s:0.006330982457714472
1991:0.04430451216302352
