problems:0.13715366179458865
re:0.018697025138908526
had:0.07672042428410676
getting:0.1356100786112343
onto:0.21770813381821733
was:0.044273056705069286
russell:0.26139899428398866
chuck:0.24916439990796807
writes:0.033063119550878116
in:0.008883985094724524
and:0.009544935362269746
subject:0.001334847844600915
i:0.009544935362269746
the:0.0075375300998905305
major:0.16382139863588963
jim:0.33863307469488696
article:0.04051664401583005
before:0.10630971336113222
