some:0.01269061820797124
looks:0.0372076681997162
preferably:0.05726510243497446
know:0.013411686148459803
though:0.027016784800116083
work:0.02201165721728591
reasonably:0.05359179909548892
to:0.0014980425653161205
dod:0.03801591349665692
london:0.05522746160568779
h:0.03840415352494039
ai:0.05274638930154671
nt:0.01552344677657475
re:0.008129141364742838
dream:0.10833234778607306
anyone:0.018183855974362947
uk:0.046974342224552025
on:0.005510965491731412
used:0.021461559873226798
machine:0.07071302944183362
great:0.027404898790572573
roger:0.04797559536485426
jobs:0.16101605295921534
paint:0.159138775182428
a:0.0030358785344486846
are:0.006988167191317668
place:0.02955899584039593
it:0.007453378907390695
not:0.006553369658434401
examples:0.04769325312134056
try:0.026482496438515135
ve:0.019838409772037328
area:0.034874641789775514
203:0.06803892895722742
microsystems:0.06514079131316276
quality:0.04178438957146032
sun:0.039440133740204796
be:0.006287622360189905
writes:0.014375269369947007
if:0.007284243693080536
of:0.004226969251429101
seen:0.028178966202416878
what:0.010004805467354686
but:0.007231339372287068
they:0.020280861402342254
mjs:0.06745124176950704
good:0.035217605464336936
in:0.007725204430195238
england:0.05359179909548892
recommend:0.04769325312134056
and:0.00207498594831951
few:0.024843777183763984
still:0.022192490024234207
for:0.0035364006838268913
subject:0.00029018431404367716
keeper:0.06662530799800788
i:0.00207498594831951
44:0.04939981560840213
pretty:0.031282826705648116
the:0.0032771869999524044
do:0.007807803466374963
around:0.025730374273409084
essentially:0.048921371201698066
can:0.009397456439540363
did:0.0178685982982931
priced:0.0626691625936447
their:0.016453082810670802
art:0.050130345496374414
bike:0.04100394211433199
article:0.008807966090397837
u:0.04110482047383713
mike:0.03473273944519243
