another:0.01774004264310863
with:0.004678619014316379
4:0.019874156033429433
manufacturing:0.04442112769098114
wire:0.04078534619326227
name:0.02209786004664201
my:0.00760171409064241
corp:0.03702531715929638
to:0.003307677984217994
dod:0.05595942466707899
stop:0.026591624916645098
rd:0.04143729046727173
cookson:0.1538187167528613
pin:0.03898629682356026
might:0.017016681087027568
that:0.005550474006951629
think:0.011517984220228442
along:0.02795169128912988
its:0.016542596448273363
re:0.0029915240222253645
so:0.016348969558158722
getting:0.02169761257779749
617:0.041666971314331176
pins:0.08380688346452707
sam:0.039443564134279845
why:0.014237780641232052
a:0.002234406601354232
how:0.010522903977832995
other:0.011034463902655287
88:0.040054547964556445
low:0.02716635631983856
ama:0.04031263486230221
as:0.012801826563472295
are:0.005143291052809805
place:0.021755420938531406
it:0.008228530313759327
not:0.009646560137215439
calling:0.032904004956379664
92:0.035068119107014996
after:0.030867419002639222
shall:0.03167822411226203
placed:0.07287733394922397
be:0.0046276900570997705
writes:0.005290099128140499
get:0.010514991802328979
were:0.012410426379778393
things:0.017877807425121996
of:0.006222098738103637
but:0.005322265778003282
result:0.05656003137618404
seems:0.018851896715048624
order:0.06730360466717981
in:0.0028428752303118476
ours:0.043994359845338796
our:0.01783820338384315
5:0.020790983095341463
speed:0.026867721335086248
or:0.016183474984874047
weeks:0.029124519082664883
and:0.003054379315926319
for:0.002602790903296592
subject:0.00021357565513614637
i:0.003054379315926319
we:0.04312780498284704
the:0.004824019263929939
got:0.017697230573044592
would:0.007461197168835009
orders:0.03915472409714292
road:0.05777043817552816
may:0.014888204219518647
people:0.01204218512058494
about:0.015760258885149946
company:0.0269290243170508
ma:0.03208974340190013
is:0.0021493810151253113
number:0.04003623757436413
done:0.021189308411365588
right:0.015518988750322397
1993:0.024237246424081097
first:0.015020438635128329
under:0.019418587416845115
article:0.0064826630425328085
bin:0.052087167138766634
dean:0.07973260797054978
news:0.02455101212930735
