taken:0.01234037939984517
above:0.02039442719197412
some:0.004372797285143649
since:0.00749371394533214
read:0.008490648171902329
go:0.01457252623066762
sleep:0.018438649725441604
at:0.006598988857336562
andrew:0.014102839547460668
all:0.003573287755229555
small:0.011193804869910154
ahead:0.016185915672879348
means:0.01061646149977061
situations:0.01790451449248714
own:0.04244364486044935
your:0.047188472740871255
with:0.002190364707076956
someone:0.008252652114842772
vehicle:0.03296391529587445
wheel:0.018200351238998866
harm:0.01802495311284119
to:0.003097076764249058
otherwise:0.013308557421767925
then:0.005977079961707128
motor:0.0188729563962089
death:0.012567102561934166
us:0.007714892832153543
enough:0.009109170512874142
infante:0.11389326379826724
class:0.014862058695389521
potential:0.016053454460005598
been:0.0164858470474319
make:0.013184123470784298
that:0.005197073040216881
problems:0.010273682531429861
think:0.016176944129534326
like:0.017447776232339673
talking:0.012208581199858683
nt:0.010697806018313686
could:0.005652094214704335
me:0.008116769141607076
re:0.0014005262276335975
so:0.0038270059827150565
had:0.017240544782945337
off:0.008177743250772848
weak:0.017521776886133027
he:0.00595555508434545
you:0.027061374016154997
children:0.012555718606810958
brain:0.01651452583882694
am:0.00612110995019238
asshole:0.044578877186594805
m:0.005126646861857948
why:0.006665627641026241
dd:0.04777052059716334
a:0.0015691057593779719
sorry:0.011900437021492976
want:0.0070883819015437515
was:0.0033163338355857138
as:0.002996682248003814
drive:0.010576044003018684
idiot:0.019849459251876516
act:0.013976153794076233
drinking:0.020182595903623687
ride:0.015815354070426526
are:0.007223723388777814
taking:0.012760112487459195
fuck:0.04246227065637
it:0.0025682054662170186
have:0.009573981519618968
ve:0.020507120213791395
hope:0.010818208006142492
has:0.003987919377852251
feel:0.011409275970959467
yourself:0.013132114874062144
writes:0.004953276337210205
get:0.004922748971127799
spend:0.015356169343488954
upset:0.019364312988985492
of:0.003641209467523196
opinion:0.012394425335534417
what:0.0034473487003619145
but:0.0024916974616120235
never:0.024763362144515286
listened:0.022692549695141468
well:0.006302876067990055
loss:0.01593951964090181
who:0.009685789320103732
news.duke.edu:0.021723030466990572
up:0.00503168678034601
now:0.012373890620810818
rest:0.01223457241001052
in:0.0019964011448819156
our:0.00835121881266065
yes:0.009988186780913441
or:0.0025255110775396455
world:0.009442886474654221
and:0.0028599057265227706
for:0.002437070134172839
subject:9.998860259182883e-05
drunk:0.0670999931641926
i:0.003574882158153463
we:0.005047729983947453
paid:0.015490599766936917
stupid:0.028926488324094026
body:0.013294685856458995
any:0.0038325365778607017
driving:0.06272821860226487
impressed:0.019399480555838827
the:0.004234567471848612
when:0.004897657089302382
drugs:0.016246325343028726
can:0.0032380748780438703
hate:0.015078611395347673
friends:0.04468126230997456
because:0.013218893624678008
did:0.012313940400321837
eric:0.029872872511749856
falling:0.020500571348516898
bought:0.013719414789769515
mr:0.012647774075967842
an:0.003362914376635718
jim:0.02536577338538479
just:0.00879691807839615
record:0.014444376019612716
people:0.005637727116378717
many:0.006940827818644545
about:0.011067597531706422
head:0.012932058934290948
night:0.012538707290576871
else:0.009462742416996468
right:0.007265444171499249
break:0.01469740280242654
2:0.014594828105583586
dollars:0.03434910135200937
acpub.duke.edu:0.0223666643880642
article:0.0030349546079273446
little:0.02635212024605016
killed:0.013680842684149385
before:0.007963274409073575
by:0.011128488481091754
manner:0.017078264695816647
s:0.0046474627779477026
