read:0.032385758027113166
happen:0.04830903180239022
to:0.003937711885973802
guy:0.04837615352784099
re:0.010684014365090587
so:0.014597294248356001
this:0.007499749119591699
he:0.022716188678860504
on:0.007242983217704142
athena.cs.uga.edu:0.16067407706699788
you:0.015879971125963482
enemy:0.15298468665111123
m:0.01955449588737246
a:0.003990011788132557
sorry:0.04539166692483749
route:0.07308160834012417
stuff:0.04176309360962317
allan:0.1408698719081423
police:0.05250834159475273
not:0.008613000122513783
being:0.027797198998930687
microsystems:0.08561361144015678
between:0.03318379780066293
after:0.027560195538070733
toyota:0.0760187403638856
sun:0.10367120868853832
be:0.008263732244821019
writes:0.009446605585965176
even:0.023987992110943223
but:0.009504046032148718
well:0.02404097014504778
who:0.018472183917626405
in:0.002538281455635578
yes:0.038097798150055553
and:0.0027271243892199276
for:0.004647840898743914
subject:0.0003813850984574042
i:0.005454248778439855
any:0.014618389518411531
driving:0.05981583702430257
the:0.003230370042810227
do:0.010261684555807095
announce:0.07952048976435683
myself:0.04761202945711261
long:0.03400444635869407
here:0.025720012937477086
white:0.04855670208315131
repair:0.07308160834012417
time:0.022564428141481623
goes:0.046043245657009665
unless:0.043972306082007015
article:0.011576184004522871
little:0.06700967719709898
close:0.04964161737386486
while:0.03100489294112175
john:0.0766136685594813
s:0.00886337544080026
