at:0.007830800110706054
out:0.0052363426625798215
lead:0.017174287278310715
behind:0.01567885511554977
final:0.017140659543273755
all:0.004240301469539072
saw:0.0150994692583798
ever:0.02349708494959876
your:0.005599698765250056
900:0.024441311025188216
with:0.0025992327857313215
bikes:0.02136065688936624
o:0.01555990659466614
from:0.01505017341209201
im:0.026272332310207588
my:0.004223174494801339
to:0.0030626648002018463
dod:0.03108856925948833
plot:0.025263188085161602
stop:0.014773124953691721
w:0.013752626022352684
band:0.02214794665848605
bikers:0.026928492304901207
basic:0.016976234709155557
class:0.03527261930372447
that:0.004625395005793024
justice:0.019136738380011096
smaller:0.019961076751310963
like:0.005176173615594103
nt:0.0031736824520997267
hot:0.018593858607828497
months:0.015092420177688089
me:0.004815949690686865
re:0.0016619577901252024
charles:0.01829445624415038
searching:0.023602226263856788
this:0.011666276408253757
1982:0.022506564041820016
off:0.009704255324250446
he:0.007067258700089935
blow:0.02165905379086681
something:0.00884738363183788
set:0.011775175929448538
1989:0.021027167174064398
children:0.014899452746749002
am:0.007263717140894958
moment:0.01870360355267459
them:0.006514929651254404
a:0.0037240110022570536
same:0.008631526002349389
rent:0.0245582768399321
was:0.011806148454685143
as:0.0035560629342978596
desert:0.02505959014724474
video:0.015536494190511212
outer:0.02547656239265654
complex:0.019982190541349178
plan:0.01735806309972714
thread:0.018501901304462068
it:0.010666613369688016
have:0.0022722249473229018
only:0.005926827725641274
date:0.015901329732370323
leather:0.026018294915363373
ring:0.02214794665848605
discover:0.02427143896820956
reporter:0.026450133797379583
ex:0.02438396255925085
absolutely:0.017788705533989486
his:0.01639492481338006
1200:0.024928861768550106
restore:0.02512642515775381
be:0.0025709389206109838
guns:0.017933146277958174
writes:0.005877887920156109
soon:0.01598663838684209
down:0.010508291453125146
of:0.003456721521168687
raised:0.020111024038563626
gives:0.016162331003538245
seen:0.023044132361087582
looking:0.011528379312918417
plate:0.02297898474692945
but:0.008870442963338804
seems:0.010473275952804792
order:0.012463630493922186
fire:0.01598663838684209
easy:0.0441824208567841
they:0.008292618884513277
who:0.005746901663261548
up:0.011941869958687864
called:0.011921131092696595
one:0.008740541402449977
in:0.0055278129478285925
1990:0.018981983868192304
5:0.011550546164078591
world:0.011205558616589674
and:0.00424219349434211
for:0.004337984838827654
subject:0.00011865314174230354
space:0.013588945588947125
car:0.013593970399481731
i:0.00424219349434211
info:0.013090646486188432
improved:0.022856089052127184
ago:0.012716292112731752
actually:0.010863618342671487
the:0.003015012039956212
start:0.012522498168366722
did:0.007306271304190957
reasoning:0.021303308423428872
wheels:0.0736748305197963
once:0.011924583088555138
road:0.016047343937646712
movies:0.05025285031550762
an:0.003990658393607719
jim:0.03010071775065662
about:0.004377849690319429
film:0.02306284467717115
head:0.015346043268691925
is:0.007164603383751038
steel:0.023650274779875524
new:0.00766222028837132
else:0.011229121001502475
time:0.021060132932049516
9:0.01582592735833345
man:0.012880219283534217
life:0.012401686014616489
every:0.01080954900861065
him:0.010651179126059146
gang:0.04998749064306601
criticism:0.024216227768215973
article:0.007202958936147565
very:0.007747744407926432
three:0.012971057806544324
comes:0.013440783721091164
movie:0.022544070124690525
project:0.01711838157961356
by:0.017607741774527397
s:0.005514989163164607
biker:0.024216227768215973
