school:0.04278264089171888
some:0.013735727942745343
fast:0.04096232852880044
chris:0.04513820285787412
thanks:0.023451607587248978
beautiful:0.06039494354363174
bikes:0.05654291529538122
yamaha:0.06454578324507577
work:0.02382438192929769
to:0.003242821553154896
appreciate:0.045167215710758754
nt:0.01680184827582208
asking:0.042181562525157576
need:0.022602376370555722
this:0.018528791942520672
1982:0.059576198934229455
best:0.02864913035248746
am:0.01922748654942783
fun:0.048426501822751
more:0.01495787089200854
a:0.004928838091222571
how:0.015474858790930874
want:0.022265858443672723
factory:0.06548746215888208
ride:0.04967881808004568
it:0.008067186582116987
not:0.007093058924423116
forsale:0.06060885317990458
have:0.00601471309585474
christopher:0.056931224665594984
650:0.0593801159638152
money:0.07294634745245011
details:0.04488025743870982
be:0.006805426554558486
of:0.002287536300773396
kit:0.06071728441643309
seen:0.030499586948498268
but:0.01565372287648024
miles:0.04722535041071559
in:0.0020903494340528293
or:0.007933075972977474
and:0.00449173428812694
few:0.02688973530477984
for:0.011482901043955553
subject:0.0003140818457884505
offer:0.04135486610343339
i:0.00898346857625388
info:0.03465171128696938
the:0.002660304741137834
do:0.02535239713787635
see:0.0208163030754256
can:0.010171364616914275
needs:0.039404077207874665
is:0.006321708868015621
turbo:0.11689183716046779
bike:0.13314221204183094
e-mail:0.03234936207826196
very:0.041017470394904644
little:0.02759222002233487
700:0.06326108569254646
james:0.040701103148670904
