tel:0.17675861214340768
your:0.05477966183396794
with:0.02542727725171945
from:0.03680748932305111
zx-11:0.5211263305053021
you:0.024165173452553125
a:0.006071757068897369
standard:0.2646995252575858
waste:0.18602521718253648
express:0.20242237376870775
of:0.008453938502858202
cheers:0.18931142071149332
what:0.040019221869418746
one:0.0427526481641575
recommend:0.19077301248536224
for:0.014145602735307565
the:0.0032771869999524044
do:0.031231213865499853
instead:0.1333797526775931
time:0.06867434651755276
e-mail:0.11955199028922897
