phoenix:0.14778186924491768
tel:0.10163620198245943
take:0.053143728258392586
4:0.06210673760446698
from:0.021164306360754392
to:0.0034454979002270774
re:0.009348512569454263
93:0.09152538739511004
contact:0.08700180747451419
md:0.12517046238923887
more:0.031785475645518146
buffalo:0.2562300765612969
xv:0.1322305877730123
college:0.10298788251421631
are:0.016072784540030638
d:0.04554610555942589
place:0.06798569043291064
az:0.15943411249303266
university:0.05875850253996634
register:0.12949153271022415
june:0.11490190825901368
of:0.004861014639143467
park:0.11228105672612416
dr:0.09797111512766253
in:0.008883985094724524
or:0.016857786442577134
for:0.00813372157280185
subject:0.0006674239223004575
info:0.07363488648480994
wing:0.2804496948961887
will:0.02833263362258211
than:0.03576503205548653
wam.umd.edu:0.27628061444923613
15:0.0835452682995161
2:0.048710238802385224
maryland:0.1450012283671621
