tv:0.035408047254688435
at:0.008233317873405897
o:0.8507051736336161
212:0.054371483287718535
to:0.002576073196431459
dod:0.09805973948670384
nyc:0.05543062987937277
rob:0.04112787562616111
anyone:0.01563471728636814
phone:0.02745184230102401
two:0.017427938622928144
on:0.004738400235881214
1983:0.047171120158170946
you:0.005194383078586185
them:0.01369961842553496
a:0.003915432128541295
member:0.03729811142753793
usa:0.034061884916156304
given:0.02605408933814281
computer:0.025053298179115096
d:0.017026581517542386
catch:0.09057734820106388
robert:0.02986366382203461
rc:0.05620989725263493
list:0.02721148221422037
which:0.012073760116986146
were:0.014498161658619616
of:0.0072688069370369585
department:0.06482384266715768
least:0.022501517595387682
killing:0.037822828521080945
york:0.07033957397056902
order:0.05241713759126153
they:0.008718874995399473
up:0.012555704395816677
email:0.025643912700634958
in:0.003321115923261504
ended:0.0464290007413073
for:0.009121930735852542
subject:0.0002495042700188626
the:0.00211332619623099
wrong:0.024704879035793086
law:0.0843039567825411
because:0.01649273176536929
last:0.02037535095382708
here:0.01682617668806912
people:0.028135946543422753
is:0.0025109591298192887
today:0.05306778066912809
night:0.03128817613629929
new:0.03222429093240274
hospital:0.0464290007413073
amounts:0.04701790698269733
show:0.02813148289471806
enforcement:0.04224383573254789
virus:0.051517449179763565
live:0.05788202381210576
needed:0.031175912991925427
s:0.005798469914542227
