say:0.0140558886982781
all:0.007067169115898454
anyway:0.022581583864033587
chris:0.08526104984265112
with:0.004332054642885536
maxima:0.048228858461820956
dealer:0.0327597437277685
syl.nj.nec.com:0.09080782719728482
name:0.020460981524668527
zx-11:0.04439224296897019
that:0.0025696638921072355
nt:0.005289470753499545
re:0.0055398593004173415
michael:0.02225700149387918
pack:0.03816112977993993
master:0.03522595605398999
baby:0.03697088991556604
this:0.003888758802751252
ti:0.05612831194446908
on:0.007511241855396888
1983:0.03738748042166142
used:0.014625655617310116
disclaimer:0.02780781871906805
nelson:0.07867408754618929
why:0.013183130223363012
more:0.009417918709783155
onto:0.032253056861958125
a:0.0051722375031347965
other:0.010217096206162303
was:0.013117942727427936
red:0.02676014040698186
114:0.043643382843997075
stuff:0.021654937427212015
corn:0.04439224296897019
are:0.004762306530379449
no:0.008338857305055628
wild:0.03500078955632798
it:0.0025396698499257184
not:0.008932000127051332
have:0.003787041578871503
ve:0.013519508881684699
lady:0.037960011342414356
links:0.042583376594806904
chain:0.11574158698425328
be:0.004284898201018306
writes:0.00979647986692685
of:0.002880601267640573
raised:0.03351837339760605
seen:0.01920344363423965
wear:0.036307096147494285
again:0.018087919541540876
find:0.015677383242025115
miles:0.05946895977645668
now:0.012236402947246254
wax:0.08672764971787791
in:0.005264583759836755
clean:0.032161794014639304
and:0.005656257992456146
few:0.016930574080787308
subject:0.00039551047247434514
i:0.007070322490570182
acceptable:0.03428270107342257
we:0.009983288190473852
back:0.015602642370870648
any:0.015159811352426776
will:0.008394854406690995
later:0.023669718733020026
behanna:0.2189361025850632
than:0.010597046534958972
the:0.004466684503638832
regularly:0.036799282069036154
would:0.006908515897069452
can:0.01280838507315131
agree:0.022344853177514366
1000:0.03461197338876208
did:0.012177118840318262
needs:0.02480997453829146
1975:0.04187737526292302
problem:0.015670854015152478
is:0.0019901676065975107
stays:0.04439224296897019
ninja:0.044236291789726975
bike:0.05588685443731175
thousand:0.03452827297947369
article:0.012004931560245942
wide:0.03186545820268598
by:0.007336559072719749
check:0.024513418996945847
s:0.004595824302637173
1991:0.032161794014639304
