replacement:0.03477341988790566
out:0.008297021824510281
there:0.006463232292796813
roughly:0.035661809221193684
porsche:0.043339584143711946
pass:0.02858644521261476
ever:0.01861564828753423
i.e:0.02432773941531974
reid:0.0907310284628011
your:0.008872762128037061
with:0.004118502653447516
way:0.01219980858835594
much:0.01230420330676008
owned:0.03548647435061814
into:0.012611295091425256
bikes:0.033846111268362
my:0.020074949183034534
to:0.003882251155185439
indicates:0.034618638854674845
ivan:0.141709989857575
that:0.004885980639922209
think:0.010139070616398276
could:0.010627529262859559
me:0.0076309062000320055
anything:0.016346768664221155
re:0.0026333838223814828
so:0.0071958492773585925
this:0.007394118850301676
ti:0.026680711663744104
two:0.026264639896525513
on:0.010711454054351196
employed:0.039707097064296246
you:0.0039140773902022665
tell:0.01697200741987643
used:0.013904672593921589
went:0.022975079332648477
great:0.017755286540370965
bill:0.04359878698157348
m:0.009639540226169523
sure:0.015366507184219743
a:0.005900721658505894
how:0.009263119698796651
was:0.018706925368339133
as:0.005634606762091679
drain:0.04097006135060481
far:0.03506166298762538
are:0.004527544940853701
no:0.007927786874524717
those:0.013069828551320847
d:0.012829888889979123
not:0.008491690261633308
cs.umd.edu:0.04036779252357551
ve:0.012853054218503059
able:0.018573698775427246
always:0.018710958436610615
nh:0.08566056742010522
be:0.00407367082491177
which:0.009097833327588154
writes:0.009313554803064259
were:0.010924671108959854
of:0.004107899695050816
trying:0.018988226923016875
institute:0.027411674999530327
sealed:0.03939862789064559
but:0.004685093114439509
years:0.01570264382380559
biggest:0.034031444425526594
easy:0.02333578566379442
over:0.01412634332760111
one:0.006924724702645229
in:0.0025025310125984575
system:0.01574100231860933
and:0.004033071279832287
pop:0.03717431134544505
subject:0.0001880067386761852
i:0.005377428373109717
held:0.02862991605139702
directly:0.025580988207720985
any:0.00720624835414653
ways:0.025129143530134467
later:0.022502901612378196
the:0.0031848718731931815
do:0.005058576893707723
original:0.02173357755826394
put:0.01751731901089281
may:0.013105813573519936
mr:0.04756275603216076
norman:0.03929873609492759
paul:0.023063538669782096
else:0.017792621305197584
figure:0.026003504465315165
insert:0.036543239805376826
1:0.013792421774117667
beam:0.07899991405526442
too:0.013750125830031667
ch:0.04299599143829341
although:0.02225168631517435
article:0.005706569579694373
honda:0.033938168180808144
by:0.006974897709980043
springs:0.04266838569438572
charging:0.04266838569438572
