some:0.009492169716531336
since:0.016266842466696598
say:0.015427194912744257
all:0.007756649029644644
chris:0.031193067015604068
wonder:0.030002989494446578
wonderful:0.03907437235859678
wheel:0.03950807951880242
maxima:0.05293411294590105
tm:0.03736647423057356
syl.nj.nec.com:0.04983356370582704
my:0.030901276791229313
corp:0.037627354836683315
to:0.001120487122025066
dod:0.05686933401125915
stop:0.027024009061631202
rd:0.04211106754804038
cookson:0.15631983409843628
that:0.005640725616820762
nt:0.005805516680670232
re:0.0030401666892534195
lost:0.02849192133591748
off:0.03550337313750164
617:0.04234448304301949
on:0.008244045938850244
used:0.016052548848267203
sam:0.040084922900690906
great:0.020497973079127457
m:0.011128574895252619
a:0.002270738416010399
88:0.040705841427394765
ama:0.040968124860063224
related:0.03133446329781439
rear:0.03851345470423132
stuff:0.07130284274813713
product:0.032446324575175274
officially:0.044501240244341565
it:0.005574885036422309
not:0.004901707386796463
have:0.004156509049980918
ve:0.014838485357946622
92:0.03563833242582825
shall:0.032193317187258166
chain:0.12703344912905848
found:0.021744069148430877
writes:0.005376117000142784
of:0.0015808177688271436
seen:0.021076950330263033
wear:0.03984925186920105
using:0.017922118525568465
miles:0.03263540475537257
called:0.021806947120786457
wax:0.09518888383669527
in:0.0028891008438128537
recommend:0.03567300233466123
clean:0.07059906003213506
and:0.0062080880405006485
still:0.01659926083113453
green:0.03421390893781938
subject:0.00021704843001640894
i:0.010864154070876134
faster:0.031709764450360424
we:0.010957267526129839
any:0.008319408669014695
behanna:0.09611828893978386
than:0.011630904733491555
the:0.005515265926749168
can:0.007028991808436694
1000:0.03798875128034863
wheels:0.044923677146217256
road:0.058709794893829444
simple:0.02682267119476619
note:0.024078773161613803
ma:0.032611527847459486
is:0.004368660599848194
stays:0.04872319350252825
ninja:0.048552027574090585
gone:0.031947946316120024
1993:0.024631347991952338
bike:0.03066961523998816
article:0.006588072197695944
ups:0.048384391092767536
bug:0.04032762991816798
dean:0.04051453657040131
s:0.005044197405333483
