some:0.008648421297284105
since:0.014820900914101343
read:0.033585230546635876
at:0.006525666758921711
say:0.0140558886982781
there:0.006798362856127018
help:0.015852538666976276
hours:0.029008699085560165
all:0.007067169115898454
take:0.015746289854338544
service:0.026982157247987727
my:0.007038624158002232
to:0.0020417765334678974
encountered:0.0413364483368868
then:0.011821335924265208
matthew:0.03175016548756663
mail:0.022698633369154488
make:0.013037633209997805
that:0.005139327784214471
problems:0.020319061006605726
church:0.027757598815472653
like:0.008626956025990172
could:0.011178586335748574
me:0.016053165635622885
need:0.02846225172588498
anything:0.017194378891254844
re:0.0027699296502086707
so:0.007568967388036445
anyone:0.0247839222169095
had:0.01136598878283063
you:0.012351088653527152
books:0.02704250305960119
am:0.01210619523482493
more:0.009417918709783155
sure:0.016163289038216323
a:0.004137790002507837
richard:0.027674648257620584
other:0.010217096206162303
factory:0.04123284654448132
local:0.022639877421599647
oasys.dt.navy.mil:0.043643382843997075
also:0.021977735284141726
rich:0.03362811477379228
cover:0.029068196653688046
experts:0.03589546762042161
are:0.004762306530379449
manual:0.05821625773159649
it:0.0025396698499257184
not:0.008932000127051332
have:0.011361124736614507
being:0.014413362443889986
careful:0.03408409916638067
has:0.015774436650171128
attempt:0.02856776590545626
disaster:0.040735518375313695
be:0.008569796402036612
writes:0.004898239933463425
get:0.00973610352067498
soon:0.026644397311403487
if:0.009928154366865323
of:0.0014403006338202864
breaking:0.037448953035103615
but:0.004928023868521558
shop:0.035996250228242196
adjust:0.041029891180124914
least:0.017834536168196167
they:0.0069105157370943976
one:0.0072837845020416484
in:0.003948437819877566
our:0.016516854985039953
valve:0.042583376594806904
or:0.004994899686689521
recommend:0.032502068793802456
and:0.005656257992456146
few:0.016930574080787308
subject:0.00019775523623717257
i:0.007070322490570182
6:0.021765552833771813
experienced:0.03782890336390028
any:0.015159811352426776
the:0.002233342251819416
do:0.005320873473381457
when:0.009686477354398045
would:0.013817031794138904
sp:0.0349565660971687
an:0.0066510973226795314
places:0.028257939868817295
about:0.007296416150532382
is:0.003980335213195021
else:0.018715201669170792
questions:0.022401306201818606
run:0.019828403173239962
advice:0.028813756060987027
procedure:0.037448953035103615
bike:0.027943427218655875
falls:0.03663156001903794
very:0.025825814693088107
little:0.017372879273321956
torque:0.04322790531324861
s:0.004595824302637173
