school:0.019656889058357326
obvious:0.020792693588659525
read:0.024508141209707263
go:0.010515850009697986
ask:0.015754392347872258
say:0.010256999860905641
there:0.004960967489606203
79:0.03001427546687915
thanks:0.010775062945492775
your:0.020431333332669124
with:0.003161229063727283
85:0.026812424215863037
vehicle:0.0237874740108067
several:0.015234872281445388
my:0.01027258660897623
to:0.0044698351138081
dod:0.018905211036175335
officers:0.051888381465965264
that:0.005625480412450976
r:0.016757944685022324
like:0.012590692578472144
nt:0.007719768126729066
happens:0.020195013593398804
me:0.011714472220589673
re:0.0020213000150171383
so:0.0055233005264049735
anyone:0.009042782430494008
had:0.016588199845212273
this:0.011350971640463114
mean:0.014288767874756003
athena.cs.uga.edu:0.03039779836402663
etc:0.012553102634909382
enemy:0.05788609765177182
state:0.014366018307787115
m:0.00739899844387066
answers:0.02265195255271558
a:0.005284069665364739
wondering:0.019453694604634038
nor:0.018673183767434612
j:0.01650880356502088
88:0.027063883759835435
was:0.00957255280109606
as:0.004324941406578478
red:0.019527670026716494
local:0.01652099163197812
84:0.028259350733404184
also:0.008018903414484144
stuff:0.015802251636073635
answered:0.026267533950338904
allan:0.026651056847486383
ride:0.02282540290164261
those:0.010031976509662487
police:0.019868021143960496
not:0.00651794603865908
have:0.0027635168278251506
real:0.013824831643233771
after:0.010428182095486224
motorcycles:0.029796578714782175
suit:0.028705410320906902
bother:0.024787054218882443
writing:0.02163491213593316
be:0.003126817606148494
found:0.014456867595983771
writes:0.0035743913027976343
get:0.007104724190762824
were:0.008385423229579995
things:0.012079599611568917
if:0.010867304104271502
cops:0.026304684649191667
georgia:0.02597917729787786
but:0.0035961255256778935
well:0.009096583298126189
please:0.010353596523812188
who:0.00698947499585864
code:0.017516283839630793
in:0.0048021541052565
yes:0.014415383083804805
brother:0.025046563511781687
or:0.003644926798395056
p.s:0.024512609216863938
and:0.0030956547120874855
for:0.0035172850044548542
600:0.026572144418182855
subject:0.0001443078750919908
station:0.022356703447417064
i:0.007223194328204133
face:0.038802936118330376
flesh:0.030897113607978064
any:0.011062565040960079
will:0.006125974837315051
175:0.03184787396724111
the:0.0016297362378141686
do:0.011648398684970217
got:0.01195758822503013
would:0.010082698876804066
law:0.03250639054317801
announce:0.030088833964891773
may:0.010059597445620709
friend:0.018774050917258412
an:0.004853503451685064
myself:0.018015362497285855
places:0.020620658823191
just:0.006348046289004789
long:0.012866547270857216
here:0.009731896787153492
arrest:0.029868174535052555
whos:0.04268751488359849
cop:0.0589043378145794
time:0.008537891729209263
90:0.043588750373452244
questions:0.04904069736073803
gt:0.02958731108137304
goes:0.01742176862697663
history:0.017951392455950708
designed:0.021241067010177098
reflect:0.02557358169818643
bike:0.04078229918398425
committee:0.026014391789884315
article:0.004380177731441086
honda:0.07814951159472579
live:0.01673885553485221
by:0.005353705269281979
high:0.015120669327792009
father:0.023403630574897572
apply:0.021619221543187427
hawk:0.03144729033397775
