okay:0.19571664252284077
help:0.048638470910040844
nichols:0.24655726339656522
tony:0.21012475352012308
i.e:0.07851224993125916
wrote:0.05853579487938321
my:0.021595778666597756
that:0.007884196032601746
jeff:0.1916126949468362
smaller:0.10207368793284015
seat:0.1127340563621514
me:0.024627015463739653
need:0.04366368162493719
re:0.008498647790412968
why:0.040448240458045605
a:0.0031738730132872617
speaking:0.0958063474734181
writes:0.0150286907049446
get:0.029872135802070963
of:0.013257312652209452
adjust:0.1258871661208378
forgot:0.10908352921822242
wear:0.1113967722707211
rice:0.12247166150608012
in:0.008076350086113203
valve:0.13065354182497574
use:0.03779044381243973
and:0.004338606982849885
subject:0.0006067490202731432
i:0.004338606982849885
the:0.005139225068107179
would:0.021196582866008548
about:0.022386731370951627
article:0.03683331274166368
