at:0.013148731529170612
tank:0.06924020470812293
all:0.014239818367855091
take:0.03172759896023438
from:0.012635406782539934
sell:0.05194137759672489
my:0.014182302407914944
to:0.0020570136717773593
look:0.03539057200411807
h:0.05273406155663457
t:0.03845183664179764
motorcycle:0.0693224383769434
asking:0.053513922606543196
me:0.01617296537917231
michael:0.13453859111971742
apr:0.05562997428414924
on:0.007567295899093879
you:0.00829550730460779
posted:0.050945983947490975
m:0.020430070330090627
includes:0.05623513987212461
a:0.006253003548565948
want:0.028247730861375844
was:0.01321583782240874
sig:0.07043487198683245
21:0.060540343599318286
cover:0.058570246988774416
no:0.016802175166903133
it:0.020468980879998325
neat:0.07817806293332748
bag:0.07910157642165715
83:0.08371632683468318
has:0.01589215632666494
if:0.01000224507109566
gmt:0.0632432587496274
oh:0.04820471916629065
well:0.02511743149482604
must:0.034588961604171596
miles:0.05991275798374367
author:0.060358324597918005
and:0.005698468872996863
still:0.03047326988402309
for:0.009711906355584297
subject:0.0003984620431644522
i:0.005698468872996863
is:0.004010039207323342
sale:0.04738615155378551
runs:0.055996873439452755
1993:0.04521874332850951
e-mail:0.04104023547242189
article:0.012094520601740313
700:0.08025660125173804
james:0.2581786393758975
