read:0.011222787435138227
computing:0.021596343956331893
there:0.004543460324639344
attitude:0.021764173420072887
know:0.012216585402557444
your:0.018711864685860335
with:0.0028951850336116206
way:0.008576103067062095
ca:0.010180933644021391
wrote:0.012750371161845847
my:0.00470403099668466
to:0.0013645536238523078
dod:0.017314178424219985
bikers:0.029994607765360257
officers:0.04752153748120581
might:0.010530124435041812
moderate:0.029263736484142114
been:0.007263566273373462
that:0.0068693985234549865
think:0.00712746548281463
nt:0.01060512700577879
consider:0.015942396428570264
happens:0.018495433241479103
me:0.0053643003980423
generally:0.01914232422387673
re:0.0018511906078127255
so:0.010116936607771486
anyone:0.008281756186343522
this:0.005197845924469495
mean:0.013086247806088419
amount:0.018408005008053605
on:0.0025099446794024254
athena.cs.uga.edu:0.02783956780863825
you:0.03301776174705278
tell:0.011930817097140856
them:0.007256728571941787
enemy:0.07952174306122119
state:0.026313993930105112
bill:0.015324326117285729
m:0.006776310456020159
answers:0.020745600110160307
more:0.00629415359317191
a:0.004839370733131072
other:0.0068282573655045085
same:0.009614323517468378
as:0.003960961189193161
red:0.017884252252190848
also:0.007344045206334487
ranck:0.0996179136622557
stuff:0.014472359171651595
allan:0.024408146122697923
course:0.012109662375742668
ride:0.02090445315249447
official:0.02008021297601151
l:0.016361190983927538
are:0.003182729611887255
no:0.005572998693972821
police:0.03639191991715536
it:0.0016973041076236235
not:0.0029847030127523014
flame:0.020780462895434632
should:0.008132733377393463
have:0.007592830888331478
being:0.009632692722401724
try:0.012061335011600954
ve:0.009035315341719972
hope:0.014299314542772501
real:0.012661355712862612
after:0.009550562810222532
suit:0.02628960846221672
univ:0.022993085996312907
get:0.01952040557363053
if:0.006635152670924844
of:0.0028877314687980986
georgia:0.02379281089162081
wm:0.026793483186523363
opinion:0.03276546103552168
what:0.004556644074240748
but:0.006586962596538715
well:0.008331029258184875
in:0.001759204969252381
703:0.028713114528150906
promise:0.024669742565145352
yes:0.013202207279722222
p.s:0.02244966685702885
and:0.0018900862103504448
for:0.009663827611249723
suck:0.02728894585264704
subject:0.00013216315293078365
i:0.006615301736226558
boss:0.028459187328212534
any:0.015197335637952582
will:0.01683126749856363
yet:0.013020142290525564
flames:0.022140902843531533
than:0.0070821845654428775
patches:0.027987354754923796
the:0.0014925802178001049
do:0.0035560293015173103
got:0.010951256542725614
convince:0.023391616782694444
law:0.014885352105168148
because:0.017472498008856575
announce:0.02755660536388603
may:0.009212997660593221
an:0.008890080579819175
myself:0.016499218128702392
just:0.011627609539266198
newsgroup:0.019030514062249256
long:0.011783719035191015
here:0.008912875770412852
people:0.00745184722808474
general:0.014596189916275006
arrest:0.027354516282102587
is:0.0013300625093597223
either:0.012393874787689892
cop:0.026973521028953437
time:0.007819356286652047
90:0.019960195096754122
somebody:0.018790733779577996
questions:0.014971169986363919
center:0.01617143976966737
sale:0.015717188881701136
goes:0.015955580178171665
matter:0.01495496540544823
virginia:0.02415968204089666
ordered:0.023188342095576752
reflect:0.02342134957507173
gang:0.02783956780863825
already:0.01438508079850174
lots:0.018062846591170103
going:0.010781265762622191
while:0.010744269831081794
apply:0.01979978210638452
biker:0.026973521028953437
