another:0.028069687726437705
choice:0.04775142625972839
at:0.022302911707707113
wheelies:0.07586016203558196
tried:0.03921346902578064
truly:0.055168398342156685
wheel:0.061512579503958185
maxima:0.16483280740116021
tm:0.058178181396968946
my:0.024056057248868386
to:0.001744555898849153
dod:0.08854339346056803
problems:0.034722446023946495
r:0.03924328818644468
like:0.014742266626692065
parr:0.1571016263998645
re:0.004733424085799627
charles:0.05210446398650424
them:0.01855517938648406
same:0.024583460133273574
as:0.01012802734451922
solved:0.0688149513323643
acs.ucalgary.ca:0.1539721591601891
official:0.051344342039928166
product:0.05051769522463998
einstein:0.07118471768791046
it:0.01301982644582172
not:0.007631772260455251
miracle:0.07081778684141359
650:0.06388999818891508
after:0.024420426426138623
chain:0.19778625623891383
be:0.007322294394145206
thinking:0.04409527258036273
writes:0.008370410012880535
were:0.019636750600915177
of:0.0049225464700187
wax:0.14820547736599388
in:0.0022491101505631703
albert:0.06498190128112276
clean:0.054960027746535516
subject:0.00033793616319010504
i:0.007249317996660567
we:0.051180148318252024
face:0.04543381760690582
the:0.003816470936653433
when:0.016552841048654884
level:0.04456373623536391
would:0.011805691722840203
can:0.010943873321996372
bought:0.04636814871985393
is:0.010202757983189769
created:0.04807715301879773
eternal:0.058379642856537295
significant:0.05269528852536665
article:0.01025737823185571
yfn.ysu.edu:0.07046119346208833
john:0.03394276455166893
