go:0.028194670315856915
minnesota:0.07303013562011271
there:0.013301144718509383
all:0.013827070009366539
ahead:0.0626324562994027
where:0.0267747362062864
though:0.03602237973348811
from:0.024538326215367407
wheel:0.14085489219746947
turn:0.0495866396335437
wrote:0.03732717354627335
my:0.013771221178700018
to:0.005992170261264482
front:0.10194060664828793
that:0.005027603267166331
paradox:0.09288569852225922
countersteering:0.08955853270132445
re:0.005419427576495225
describe:0.06771907836931712
you:0.008055057817517709
state:0.03851758531797995
a:0.0020239190229657898
standard:0.04411658754293097
therefore:0.049752543776157475
turns:0.06396746048647235
straight:0.05792263228207694
are:0.009317556255090224
university:0.03406290002316889
left:0.042382683818848715
be:0.008383496480253208
trying:0.039077220624179655
even:0.02433564417052211
must:0.03358638300694924
direction:0.06403116500057435
in:0.0051501362867968255
point:0.09571895483739394
i:0.00553329586218536
stafford:0.28630451584780653
actually:0.03542484242175485
turned:0.05691157014367533
the:0.004369582666603206
when:0.03790360703894887
disclaimers:0.07914599663546595
is:0.011681418560463648
right:0.05622822010986376
time:0.022891448839184255
article:0.011743954787197116
going:0.031562546145647574
john:0.07772401158208249
s:0.008991830157333599
