at:0.0106140362946317
rides:0.03561008897467896
bloody:0.03561008897467896
anyway:0.01836454109424418
enhanced:0.033367682586246165
cut:0.022054310215689165
with:0.02113833892010412
from:0.005099832858013106
both:0.013528337845230349
my:0.01717254689151147
to:0.004151202289430213
dod:0.021069060492123114
sound:0.020790260777882114
russ:0.033877064441836906
rpm:0.03549311255385305
garage:0.03312828301606837
been:0.008838797513382164
make:0.010602894478010263
she:0.039941475721668465
think:0.008673180888726238
through:0.0142738752652098
nt:0.004301678022424329
quiet:0.030355899745709496
need:0.011573505972874917
so:0.006155485526415182
had:0.009243424612542983
this:0.0031625448094663795
best:0.014669735421454423
97:0.03610212530609021
two:0.011233671281044045
these:0.009979734777704474
you:0.0033481866831850714
went:0.019653381115880025
state:0.016010321608076004
inside:0.02261479233177221
more:0.0076591507579561804
sure:0.013144843494934961
a:0.004206337728452997
air:0.02321770473271789
other:0.008309084264047657
low:0.020456593614336264
test:0.04308313077083941
as:0.009639929641168898
inspection:0.03823248699430454
riders:0.035155224200533505
variable:0.03199096933354083
town:0.026831498028340558
are:0.0038729601301278646
no:0.006781600820376566
caused:0.02398984445213956
it:0.0020653941550600723
pipes:0.14390119015935282
3000:0.031614340677026766
have:0.0030798229707689933
probably:0.014380865753188003
hughes:0.030817545685594534
meter:0.07220425061218042
closed:0.02485585964526995
92:0.026406716195041414
second:0.016564432389471487
after:0.011621769202800912
doing:0.016148812681718767
nh:0.036637953535105246
points:0.022079254749821885
open:0.01990940107682749
his:0.011111018322320823
free:0.01739462526581166
dartmouth.edu:0.035975297539838205
which:0.007782483930828421
get:0.007917915513801941
if:0.004037050721466321
of:0.002342657657418538
but:0.004007730254520544
reading:0.019797120761222836
hd:0.02685906831163822
well:0.010137758494899668
they:0.011239995475996913
up:0.008093134761158943
in:0.00107035964996681
door:0.02548176082007809
installed:0.024128734670813813
or:0.004062117215078828
and:0.0034499766369649686
subject:0.00016082504151818252
station:0.024915603239591307
i:0.0034499766369649686
away:0.016680624013998016
held:0.024490651080110705
failing:0.03305055166163519
body:0.04276724245391026
any:0.006164381122221731
worlds:0.039441346605522315
noise:0.055185665224290935
the:0.005448816939679901
do:0.008654432757909598
when:0.007877556884600819
level:0.021208043148155116
db:0.07031044840106701
holding:0.027750954455970388
her:0.019918125330901978
did:0.009903078574957622
correctly:0.026254840174881798
problem:0.012744369229190268
about:0.005933832411577539
different:0.01522419818079065
n:0.022054310215689165
is:0.0016185098005461682
done:0.03191160905326143
steel:0.03205609533416863
new:0.020771079094982495
first:0.02262114252278363
stock:0.029927126983854708
very:0.01050146079387619
planning:0.027913338853491638
passed:0.026033972799149315
close:0.020933212145605666
live:0.01865474863823891
high:0.01685134834723808
thats:0.031259879833515115
