go:0.010403381025637043
at:0.004711042847349898
folks:0.019803293317084372
porsche:0.032910272451374845
pass:0.04341470823734006
true:0.013814335786940355
thanks:0.010659821630567716
switch:0.1819085955940182
reid:0.06889735851185964
with:0.006254838254433661
mentioned:0.018797666410651538
both:0.036027338218848744
my:0.0050813596862582956
to:0.002948019593777178
cookson:0.034273332609817575
owners:0.023089023868391702
t:0.013776861256686855
enough:0.013006141855280193
ivan:0.1076086553998698
make:0.009412195098126757
that:0.007420419795389878
bit:0.014572642770351335
like:0.006228016382399322
nt:0.003818601880868655
me:0.0057945918738210945
re:0.001999681833038345
so:0.005464227793502246
this:0.011229570874254951
balance:0.053634081980948996
he:0.008503386136471846
two:0.009972136003493644
wiring:0.031207311322398724
on:0.008133831420951176
you:0.00891656132741265
used:0.010558628386828157
sure:0.011668684599781836
a:0.0029871746007409518
other:0.014751957089111345
low:0.03631865818160235
was:0.00947017255723407
as:0.008557370697508218
standard:0.016278313050600197
lunch:0.029767028254037313
model:0.019566585623441442
d:0.009742482472604468
it:0.007333805983742715
not:0.0032241176929195983
try:0.013028821777237394
expect:0.018482465685338973
left:0.01563853039305113
doing:0.014335309653290456
careful:0.024606167847387114
nh:0.032523530945601446
has:0.005693981143778348
provides:0.02362647264727075
shows:0.020664249399036955
be:0.0030933757066174935
sort:0.016777867955406575
writes:0.0035361625188104935
get:0.007028737835781403
were:0.008295739558675396
of:0.005198946138121354
saturday:0.026648598920638294
institute:0.020815282619964202
but:0.0035576642901091454
reading:0.017573914686433104
well:0.008999293637183662
in:0.002850476500981131
feature:0.025267949679702018
yes:0.01426120786365716
and:0.0030625461055410956
for:0.005219500474525252
subject:0.0001427644753583866
i:0.004083394807388127
world.std.com:0.04915589658139622
any:0.005472124418656723
yet:0.014064538730942051
coverage:0.024749543555679397
the:0.006449223614879597
when:0.013985822918114822
would:0.004987431262590246
country:0.018025423037540813
road:0.019308301529254064
an:0.004801594323859555
actual:0.021723833618870068
current:0.016910404939736993
paul:0.017513489257267686
is:0.0028735040309161913
center:0.017468614082742293
expected:0.022189135100098036
2:0.010419302417622506
light:0.05602483453165177
insert:0.027749412044724645
hidden:0.027309636118323728
beam:0.059989239549986875
eventually:0.022659349391577727
designed:0.021013889822902473
dave:0.01875013193248445
ch:0.03264936248255435
nice:0.016897002442538812
late:0.02061036890711855
position:0.07364369961951255
article:0.004333330910783962
very:0.009322152362478327
honda:0.02577122931376875
three:0.015606887735146912
high:0.029917901878518942
appear:0.021116029776771027
dean:0.05329719784127659
main:0.019884582949876085
