some:0.004926315928832717
replacement:0.02083470727461014
folks:0.01562538333457712
correct:0.013806824642115816
say:0.01601303775753201
all:0.00805120532190963
static:0.024118000073738148
rides:0.024942087636273022
chris:0.016188806932148945
switch:0.01794140684392479
with:0.009870504249612612
several:0.011892199882140913
my:0.008018685749622795
single:0.04115729962673892
to:0.005233667696547459
dod:0.014757232243428002
russ:0.023728239229303484
mc:0.09567448325106152
day:0.010731236437818025
ii:0.01549113841818615
bunch:0.017114780679976054
she:0.027975885948510398
that:0.0029274651935398883
guy:0.014288315387969912
think:0.006074886192103608
like:0.004914088875564021
nt:0.00301298966971493
re:0.0015778080285998755
anyone:0.007058712023803338
comments:0.015544324953709282
had:0.006474297407941498
supposedly:0.019574235086262604
discuss:0.018871149259043752
module:0.023790750139789308
he:0.0067094228165410765
on:0.006417833230877088
set:0.011178964489982788
curious:0.01808553730304428
you:0.0023451434152266743
used:0.008331069655429811
great:0.010638188560053488
them:0.006185059795494686
holes:0.04044931979132064
vs:0.014416084156385409
why:0.0075093779753333595
fun:0.01736815466216808
more:0.005364637239749898
a:0.004713937977540573
how:0.005550054840629216
air:0.01626218981278974
other:0.005819864927560804
was:0.014944491714791317
as:0.00337600911483974
shit:0.020334261104112895
timing:0.046407552579471295
local:0.012896132708506126
fine:0.013667327332998143
also:0.012518963136536424
needless:0.024547462918927777
electronic:0.018201144789070083
are:0.002712706251481964
results:0.015456049573284641
plan:0.016479173828854877
month:0.016767103330747924
it:0.00433994214860724
not:0.007631772260455251
reported:0.017423491970513346
hughes:0.021585285163749756
fail:0.019261543220635086
92:0.03699168682174577
whose:0.015792326795362736
real:0.010791535248937752
always:0.011210785223623237
has:0.013478157897298114
be:0.004881529596096804
dartmouth.edu:0.02519788772832549
seek:0.02050419316798606
writes:0.0027901366709601784
get:0.005545881752283216
recognize:0.018890820200418483
if:0.0028276389019553133
of:0.0041021220583489166
piece:0.018184434235415665
opinion:0.01396333993496915
but:0.008421306610764687
seems:0.00994298349949822
fire:0.04553156502581608
easy:0.013981778752146866
brands:0.025470202163505117
one:0.016595964688196158
in:0.0014994067670421136
gon:0.020170908732042473
required:0.015792326795362736
installed:0.0338005903405493
system:0.009431317844905168
or:0.0028451960240636507
better:0.009435510005491152
and:0.006443838219253837
for:0.0027455600245744637
subject:0.000112645387730035
keeper:0.025862988758720357
i:0.005638358441847108
power:0.0342006997489942
any:0.008635335580496263
yet:0.011097336467030226
the:0.0054066671602590296
club:0.0203901481368134
thinks:0.019113478580081205
friends:0.016779039432859646
modules:0.050221773032999205
na:0.018389466114052226
simple:0.01392062682260017
just:0.009910452012370344
about:0.0041561864148602174
n:0.015447322767107178
is:0.0022672795518199483
chips:0.017522113705472454
done:0.01117579557561476
steel:0.02245279251254005
new:0.02182277930232338
does:0.005141303014082384
run:0.01129466003538985
unless:0.012987600952491523
experience:0.013975623522342395
too:0.008238472016305893
sensor:0.024860154784555295
coin:0.027472134566860037
change:0.01254012281818771
arc:0.07255982959933825
article:0.003419126077285236
very:0.00735545355182889
little:0.009895943889866936
neither:0.015792326795362736
side:0.013588034086798283
needed:0.014075201224202619
says:0.01080602001868172
while:0.009157563315943132
s:0.007853623808304028
