at:0.009898483286004843
out:0.013237944933488312
indian:0.13565029017417332
take:0.023884821689165208
with:0.006571094121230869
bikes:0.054001660675364084
rocks:0.061501714045550694
my:0.010676564734048329
to:0.003097076764249058
dod:0.03929734878306109
w:0.03476787477561072
look:0.02664234072220124
death:0.037701307685802495
that:0.0038978047801626605
like:0.013085832174254755
cds:0.0670999931641926
its:0.023233983775664834
re:0.008403157365801585
eat:0.050732856558780355
two:0.02095269025453159
you:0.012489864930533076
ireland:0.06943301973473469
a:0.0031382115187559437
88:0.05625638759066916
ama:0.0566188691886267
idea:0.031150295452368047
57:0.06178983124345336
no:0.012648828496432694
it:0.0038523081993255275
not:0.006774269759280504
ira:0.06254420543264019
motorcycles:0.06193670856443485
has:0.011963758133556752
mixed:0.06286073214013116
writes:0.007429914505815307
get:0.014768246913383397
of:0.0021847256805139176
looking:0.029144779161872404
but:0.00747509238483607
wear:0.05507256157204189
excellent:0.043764779925172886
75:0.05243764797693487
they:0.01048224297199712
up:0.01509506034103803
in:0.005989203434645746
bmw:0.049791621917595424
chief:0.11198399995863732
brother:0.052063081457074285
or:0.007576533232618936
for:0.003655605201259258
subject:0.0002999658077754865
employer:0.05078753284699578
48:0.057680564058524696
the:0.005081480966218335
essentially:0.050570406186024965
movies:0.06352186135387199
an:0.020177486259814307
about:0.011067597531706422
max:0.05350220266895022
guys:0.04364804167967698
65:0.05499259002407713
life:0.03135257700324393
72:0.058630647070075974
build:0.0419284613822287
dave:0.11818903386655928
wall:0.0504102710994272
article:0.009104863823782033
very:0.019586994289701655
give:0.026553216532089963
movie:0.05699343570848728
process:0.04063554756442211
built:0.04148873746151408
s:0.006971194166921554
