some:0.0051660923678467
typical:0.019728342211203294
pixel:0.02175153414762756
out:0.015639519014342386
there:0.0040609689627307405
andrew:0.016661319288371675
ever:0.011696557773583454
with:0.005175463511411923
faces:0.02405478387281761
from:0.0037458949311069715
wrote:0.011396349445543633
my:0.004204487881992483
08:0.02795017645090651
to:0.004878581097666658
dod:0.01547550460925857
then:0.007061417476884085
remains:0.020430768711539076
sutherland:0.02624370529687118
t:0.0341983148893864
infante:0.08073318964815226
that:0.006139904874946492
like:0.005153270192516253
really:0.008634494438897902
through:0.010484350858516933
nt:0.006319279218782642
could:0.006677474138610873
egreen:0.025151404067085666
re:0.001654603994593675
so:0.00904257165827363
anyone:0.007402277653280492
had:0.006789418078239536
this:0.002322931143236367
he:0.02110796293168454
recently:0.014642971524724288
on:0.0022434018815897785
you:0.004918575127510813
took:0.014935405647861413
them:0.012972205057807442
bill:0.013696964051733262
a:0.00679714397535856
how:0.011640380506452427
kick:0.024509005793437445
was:0.003917969619917636
swear:0.02582197883756001
as:0.010620984427659536
failed:0.01874910768241166
shit:0.02132398177732193
listen:0.018897992789129507
driver:0.01628223716144421
election:0.04976630705614979
course:0.021647361061062114
nc:0.04635336474807913
east.sun.com:0.024509005793437445
no:0.00996235164763283
jesse:0.028503995667517157
d:0.01612251524227465
terry:0.023948157538396984
yeah:0.017496559487558194
it:0.0015170594236281944
have:0.002262170854635632
being:0.008609751902323664
probably:0.010562936792164638
try:0.01078048527585572
ve:0.00807581282755502
07:0.029679673391999485
has:0.009422782954748238
switches:0.023742316761251443
yourself:0.015514489696347753
his:0.008161190449138303
writes:0.00292593978326355
get:0.011631628099921435
if:0.002965267344085882
of:0.0025810697198991855
republican:0.02651749026907511
andy:0.019831009897396494
highway:0.023357310668376978
what:0.004072752668126687
but:0.00588746214380894
result:0.015641601597396027
year:0.01095026865579492
ok:0.014441810577481999
fact:0.010611801454109908
senators:0.025663934224276472
ed:0.01755827288349116
they:0.012383888820899252
good:0.007168185183006633
chance:0.015907334194746034
rest:0.01445411873218057
in:0.003930966856072798
bmw:0.019608205091442444
71:0.022481975520899453
world:0.011155976498817154
and:0.005068107272001635
few:0.020226792043418464
green:0.018620844244919395
subject:0.00011812812784078892
i:0.00422342272666803
everybody:0.018043846459009683
house:0.015211822763230935
lives:0.017223264822713743
will:0.005014625419926037
jerk:0.027231066143394232
the:0.004335747402591897
do:0.012713591485070737
thing:0.010017400155420162
see:0.007829140537217593
when:0.005786170101078477
around:0.010474311651122281
level:0.015577589215016587
got:0.019576582492305965
can:0.003825513240874838
did:0.007273942670101617
senate:0.023003139395485223
maybe:0.01171642956788639
put:0.011006457077640615
an:0.003973000613105029
lower:0.017570719526750517
opposition:0.046714621336753956
many:0.008200004546805723
head:0.015278140422370278
hit:0.01583938999968765
is:0.0011888169331445305
win:0.014997678777116556
having:0.01157916545318744
gave:0.016424220854149966
their:0.006697715126467761
fat:0.024109076317914133
1:0.008666034920020833
votes:0.025291885033079387
nothing:0.01130467257301287
acpub.duke.edu:0.02642433359120859
change:0.013150482778364989
senator:0.026070162318316836
article:0.007171087436430097
little:0.01037760487565692
opinions:0.012635443166017885
dammit:0.02582197883756001
takes:0.015822565725573765
shots:0.02168786716775101
before:0.028223817706495277
past:0.014617320561519308
says:0.011331976745254727
clue:0.0224443176020149
driven:0.020828769758720226
