lpl.arizona.edu:0.06998411274846167
some:0.014414035495473506
at:0.010876111264869518
wonder:0.045560095158233685
wonderful:0.059335158026017326
wheel:0.05999375038040366
maxima:0.08038143076970158
tm:0.056741683090870944
my:0.023462080526674103
to:0.0034029608891131624
dod:0.043178568415956006
most:0.022920931653914046
cookson:0.15824970859347867
that:0.008565546307024118
think:0.01777466700652537
86:0.05901858480856872
re:0.004616549417014451
off:0.053912529579169144
you:0.006861715918626195
great:0.031126551712749095
them:0.01809702680904001
m:0.016898947063161383
more:0.015696531182971922
a:0.0017240791677115988
rear:0.0584833941804994
stuff:0.07218312475737337
product:0.04927034472526615
officially:0.06757595740807422
it:0.01269834924962859
not:0.007443333439209443
selling:0.051478730066043706
chain:0.12860176331583698
erik:0.13710224595981832
be:0.007141497001697176
found:0.03301877166983947
writes:0.00816373322243904
get:0.016226839201124967
of:0.002400501056367144
seems:0.02909243320223553
called:0.03311425303526832
wax:0.07227304143156492
in:0.002193576566598648
recommend:0.05417011465633742
clean:0.05360299002439883
and:0.002356774163523394
green:0.10390890862596995
for:0.004016652628544123
subject:0.0003295920603952876
i:0.009427096654093576
faster:0.04815186453573249
we:0.01663881365078975
than:0.01766174422493162
the:0.00279167781477427
kidding:0.07297870086168774
can:0.010673654227626091
wheels:0.06821743566647805
simple:0.08146144585077138
head:0.04262789796858868
appropriate:0.04992602158099391
gone:0.04851354810966374
although:0.039009129095737755
article:0.010004109633538283
bug:0.061238252838699526
s:0.0076597071710619545
