some:0.019788760595480577
read:0.03842378071013427
reid:0.21836959392741956
to:0.004671861559629935
ivan:0.3410647213521297
european:0.07510939577399987
nt:0.012103026300380314
me:0.018365909837365163
re:0.012675949246717645
brad:0.08102551473718757
getting:0.045969518173299764
blow:0.08259808649059378
you:0.009420321854385115
american:0.0546955121591223
used:0.033465483192150265
ride:0.07157117858989631
d:0.030878715633509076
it:0.01743332693593078
not:0.01021881370467737
have:0.008665264629621234
list:0.09869927447191795
be:0.009804428087075785
writes:0.011207837135890887
down:0.04007399282971454
if:0.022716963381810482
institute:0.06597386186327638
well:0.0285231849178533
yep:0.09607988360382026
ed:0.13451422615827127
degrees:0.08568828236845741
over:0.033998995805412845
in:0.003011520371093059
subject:0.0004524907947799711
the:0.0012775474745577169
wind:0.08583011710863565
strong:0.06119749806729678
can:0.014653660888774803
paul:0.05550885578150944
is:0.004553773337129897
done:0.044892602566452514
too:0.03309352318414401
ch:0.10348187769894346
article:0.013734455598586458
takes:0.06060847210135035
before:0.03603719096987533
dangerous:0.07126687683368282
s:0.03154760750115348
