some:0.013267464490151752
out:0.013388376125914318
there:0.010429306654285767
indian:0.1371917707443344
take:0.024156240117451176
where:0.020993827252656385
rocks:0.062200597159704676
my:0.010797889333298878
to:0.001566135409194126
dod:0.039743909564686784
cookson:0.1456616635917247
might:0.024171421998618704
that:0.003942098016300873
like:0.013234534812598559
cds:0.06786249308651297
its:0.023498006318570117
re:0.008498647790412968
batf:0.05181700765662551
you:0.018947692820751882
classified:0.05907624435658705
a:0.0015869365066436309
88:0.05689566472238131
ama:0.05726226542940655
as:0.009092206366102482
idea:0.031504276082508595
stuff:0.03322064264401843
57:0.06249198841667442
no:0.012792565183892157
it:0.007792168857726636
should:0.018668319798107725
probably:0.027127542216241005
try:0.05537249255325893
interesting:0.03713664274910696
attack:0.04487156327563844
has:0.012099709930528989
be:0.006573423376562174
dartmouth.edu:0.06786249308651297
writes:0.0150286907049446
get:0.014936067901035481
of:0.0022095521087015756
wear:0.05569838613536055
fire:0.040874927693630346
75:0.05303353034030913
they:0.010601359369406179
bd:0.055378262533466276
waco:0.04414404215330967
in:0.0040381750430566014
bmw:0.05035743580302265
chief:0.11325654541271275
brother:0.05265470738272286
or:0.007662630201171424
for:0.0036971461694553865
subject:0.0003033745101365716
i:0.0021693034914249424
employer:0.05136466390207528
48:0.05833602501373521
the:0.004282687556755983
can:0.009824613550428562
an:0.010203387938201554
newsgroup:0.043683680006526705
is:0.0030530980328484533
having:0.029737402186595017
max:0.054110182244733754
65:0.055617505819805284
rocket:0.05602778996346569
72:0.059296904423145017
sale:0.03607809266026852
dave:0.07968806071305892
article:0.00920832818541592
give:0.02685495762904553
built:0.04196020038721311
tx:0.05383130600705059
s:0.007050412282454754
