seemed:0.03486845368870822
simply:0.02527804413126768
cite:0.043288679475478854
go:0.01607795249416634
resident:0.0485356073468505
pixel:0.04062683237490767
at:0.0072807025822680255
there:0.007584950294026012
agate.berkeley.edu:0.0485356073468505
know:0.01019731508808514
access:0.027705593950566328
with:0.004833284105698738
former:0.03298262746071536
to:0.0022780151406460013
dod:0.02890466150159039
beach:0.04388843726750229
like:0.019250232454688813
nt:0.01770442690220922
could:0.012471976490297996
egreen:0.0469770026376972
re:0.006180834756663976
th:0.04808056786599904
on:0.012570466741469999
you:0.027560280466548192
helmet:0.04371259099934292
posted:0.02820975970646195
a:0.008078949488367576
was:0.007317860612408146
said:0.018111610154243243
drive:0.023337221064512303
drinking:0.044535149638574585
east.sun.com:0.09155430263333658
are:0.010626634406631827
it:0.005667031896528462
not:0.004982727343603016
signs:0.0415108994786446
have:0.0042252116789062225
closed:0.034099774389378605
allowed:0.03166804320757745
motorcycles:0.04555675258045208
open:0.02731372379135011
gates:0.04970627277712346
writes:0.005464978438161672
get:0.02172518967423343
if:0.011076866442370402
of:0.0016069469881466005
what:0.015213919057795558
least:0.01989803622071473
ed:0.06558958134990087
they:0.023130238624158934
in:0.0029368545767684377
point:0.036389024153058856
and:0.0031553505329817346
green:0.06955885618763277
for:0.008066500733357207
subject:0.00022063600737205204
showed:0.03532856114677633
i:0.006310701065963469
pay:0.02754414927270978
mile:0.04388843726750229
the:0.001868809115675338
do:0.02374604690599989
law:0.02484992665490881
her:0.05465138520545005
road:0.029840102363392646
last:0.01801787233107023
17:0.03249837816926038
is:0.0022204349329806934
picture:0.033806014575995046
night:0.027668056583339047
sticker:0.049017168571015596
dead:0.028357703593480464
him:0.019805911598043867
bike:0.031176551029078868
article:0.00669696595302976
919:0.04635532147044441
grateful:0.044535149638574585
s:0.0051275725690580025
biker:0.045030175602054495
