read:0.01971307010346019
ask:0.025344022472664065
at:0.007660565325690705
out:0.020490036505747128
fast:0.030276503695200328
ideas:0.03127820553947366
help:0.01860950191340693
thanks:0.017333796912314462
with:0.00508545545034389
bikes:0.04179258956615134
my:0.016525465414440024
to:0.008389038365770275
enough:0.021149117625542575
that:0.009049685880899395
bit:0.023696384330919126
like:0.010127296204423245
through:0.020604028643694147
suppose:0.03351425204896669
me:0.009422510264387346
something:0.03462019682023518
starting:0.03410019115545406
certain:0.028663608624004428
on:0.00440877239338513
used:0.01716924789858144
size:0.03131197510492059
bill:0.026917511962536673
m:0.03570820988128884
answers:0.03644009758480333
a:0.002428702827558948
same:0.016887768265466195
want:0.04937212089683952
also:0.012899975058083187
talked:0.04287343927639114
are:0.005590533753054135
d:0.015842123672843787
it:0.002981351562956278
not:0.005242695726747521
should:0.014285322975943301
encourage:0.04471843510198797
ve:0.015870727817629864
kind:0.023961101712722258
motorcycles:0.04793362662812784
determine:0.037934447645035146
be:0.015090293664455773
get:0.011429338915574978
of:0.003381575401143281
looking:0.02255552474266647
what:0.00800384437388375
but:0.005785071497829654
powerful:0.04001176858662079
230:0.050589119232920726
who:0.011243938036816073
up:0.011682264090020737
in:0.0015450408860390476
and:0.003319977517311216
subject:0.0004642949024698834
i:0.01659988758655608
any:0.008898150141641803
the:0.0019663121999714426
do:0.006246242773099971
when:0.011371082111684661
would:0.008109996922646748
friends:0.034579411700762924
once:0.02333070604282527
satisfy:0.049845448159545405
just:0.010212074464920748
many:0.016114791544157334
about:0.01713071617951081
is:0.0023362837120927296
time:0.027469738607021107
1st:0.039137096961358454
build:0.03244898315668134
advice:0.03382484407159347
first:0.01632656373383514
bike:0.06560630738293119
e-mail:0.023910398057845797
going:0.03787505537477709
s:0.00539509809440016
biker:0.04737957606824864
