screw:0.024747095624071496
mirror:0.10647905512606831
typical:0.022072303662039328
there:0.009086920649278688
behind:0.017464071292072763
beth:0.03189060901415286
where:0.009145825733830503
own:0.011220250671029679
your:0.04366101760034079
with:0.00868555510083486
though:0.012304674265399404
into:0.008865365856348447
wheel:0.024056899905013352
turn:0.016938010567893638
svoboda:0.13370411780520233
mirrors:0.027912909817475576
to:0.0027291072477046156
dod:0.017314178424219985
stop:0.016455213438518006
then:0.015800795542334684
most:0.009191066653302167
hang:0.02628960846221672
that:0.00515204889259124
nt:0.0035350423352595965
re:0.0018511906078127255
getting:0.013426740456557852
on:0.012549723397012127
you:0.011005920582350929
helmet:0.18328992364575966
m:0.006776310456020159
stable:0.0497308795734257
a:0.003456693380807909
other:0.0068282573655045085
beating:0.02618427480653709
ama:0.024945937414790974
as:0.007921922378386322
standard:0.015069527428030876
84:0.025881088542969177
rz:0.03241219572533022
learn:0.018861456340209068
bags:0.029774549534811574
ee:0.02946178269510102
are:0.009548188835661765
no:0.005572998693972821
hey:0.019079895968471136
d:0.00901903080384671
place:0.026925025914024014
it:0.003394608215247247
not:0.0029847030127523014
should:0.008132733377393463
have:0.002530943629443826
350:0.027420966877806253
ring:0.024669742565145352
left:0.014477253383666146
able:0.013056758545102323
dig:0.02880073619695982
secure:0.021162157914653146
be:0.005727339179578924
kid:0.025069192620839127
g:0.017500009707977732
writes:0.003273576193156249
if:0.006635152670924844
of:0.0028877314687980986
ryan:0.02200464208417465
what:0.004556644074240748
never:0.021821180503582775
fairly:0.03885353018067214
up:0.013301587825271135
david:0.012358639798735119
good:0.008019850749304452
over:0.009930399764947315
in:0.001759204969252381
or:0.0033381755331835907
and:0.0056702586310513345
for:0.0032212758704165743
seriously:0.019192839917808617
subject:0.00013216315293078365
car:0.015141798712294006
i:0.004725215525876112
back:0.01042750851518583
pretty:0.014247624044156568
tired:0.024444681307339622
locked:0.027987354754923796
the:0.007089756034550499
do:0.0035560293015173103
thing:0.011207586312499785
putting:0.019901259935831753
can:0.004280029665533235
because:0.008736249004428287
1000:0.02313176439347961
once:0.0132823326481431
butt:0.05497664318190735
rtsg.mot.com:0.027987354754923796
put:0.012314154948251383
long:0.011783719035191015
about:0.004876317724365701
maintenance:0.027987354754923796
is:0.010640500074877778
weight:0.02200464208417465
right:0.009603334622724256
average:0.01920554979654746
90:0.019960195096754122
expected:0.02054142704811056
chicago:0.02090445315249447
dave:0.034715590805689034
bike:0.056025188235423906
leave:0.01749100061531939
article:0.004011548912458421
by:0.004903145914936466
fit:0.020125980590586023
hanging:0.028542390884234225
