750:0.03419107644815585
at:0.005540660455688246
hours:0.024630027525475613
thanks:0.012537022924001025
with:0.0036781596024499834
much:0.0109886595569807
c:0.0325295307601127
compared:0.025929488213293217
remove:0.02778710933987189
insurance:0.02792718880911166
bikes:0.030227344654763545
someone:0.013858227136245408
yamaha:0.1380224295806652
my:0.005976190322832084
to:0.004333959622927141
design:0.02366771828569461
experiences:0.029717651510089798
been:0.009227926963656851
its:0.01300518588700736
me:0.006815023147198395
re:0.002351827061497928
so:0.006426481744559246
had:0.009650367834478838
this:0.01320710536783444
he:0.020001675566292267
two:0.011728235425492525
used:0.012418009486395381
am:0.030836535032101237
market:0.024596573679704543
vs:0.021488125440649954
shadow:0.033746940805300794
m:0.00860889756047844
more:0.007996346074344188
a:0.004391522408321997
was:0.00556893795032318
drive:0.017759772005069112
advance:0.01989623406714874
brake:0.034346375898409755
are:0.004043467808812739
spending:0.030826779747872506
model:0.023012273657758178
probably:0.01501398562911452
ve:0.011478828295770028
keith:0.024782811755469605
after:0.012133419419276424
towards:0.026225013429871324
struggle:0.034039519519985656
decided:0.023469390333448772
chain:0.03275705292007168
his:0.011600182650976457
without:0.014133399275487391
writes:0.004158882962374606
get:0.008266502989252342
of:0.001222896764564394
costly:0.03796501831918688
looking:0.01631374431073361
reading:0.02066869211549051
years:0.014023744798618827
never:0.013861253024288431
particular:0.021327367598011366
who:0.008132408014049361
now:0.01038939872879399
one:0.006184345331922155
in:0.005587412009260707
1-2:0.0370557024147145
or:0.008481905128340697
watching:0.026789962853706505
and:0.0024012416005710054
few:0.014375015728970356
for:0.012277315581587697
seriously:0.02438335637356818
subject:0.00016790538925797672
p:0.02117061660145503
i:0.007203724801713016
power:0.016992800504217247
any:0.006435768970369857
pretty:0.018100755074966206
leaning:0.03796501831918688
than:0.0089974923410029
eyes:0.027180122545023815
the:0.00474058496848461
pedal:0.03991567824562612
wants:0.022141730582350624
bought:0.023038262571499754
friend:0.021844021507501924
thought:0.016884191227620835
just:0.014772183188250139
is:0.005069294846993659
new:0.021685529118032038
else:0.01589026556816388
right:0.024400925708054085
evening:0.033399376788476584
unless:0.01935887689144963
remus.rutgers.edu:0.040949030769470623
him:0.015072423291593131
late:0.0242398678341583
change:0.037383762363653934
bike:0.02372555141206631
very:0.010963789256499669
shaft:0.03389152897023601
opinions:0.03591962459773638
honda:0.12123823601697502
mine:0.02053609462138356
range:0.025154440160312413
main:0.02338627051337628
s:0.0039021149739372225
