wheelies:0.058754439223637
watts:0.11085187569597268
know:0.01209681495743433
all:0.009353606182806777
way:0.016984047250456307
into:0.01755690100963124
o:0.03432332337058707
work:0.019853651607748074
my:0.018631652182947083
to:0.00810705388288724
dod:0.034288863153847424
that:0.003401025739553694
think:0.014115176740476031
like:0.03425409010319627
nt:0.007000770114925867
hot:0.04101586457609227
could:0.014795187797314287
its:0.020272789765040884
12:0.03483710619227486
me:0.010623418435338674
re:0.0036660833605702994
so:0.020035501909508237
this:0.005146886650700186
blow:0.04777732453867679
big:0.027213534841838798
you:0.005449009700085508
a:0.0054764867680250785
other:0.0135226273316854
was:0.008680991510797898
route:0.0501540449393009
120:0.04972956645152322
output:0.040072139107197265
hey:0.03778567632971735
d:0.017861217866441525
voted:0.0573932976074192
tiny:0.051254704761566405
being:0.019076509116913217
per:0.03467475603502958
32:0.041984497759857894
able:0.025857502216771265
chuck:0.048855764687836874
chain:0.05106246484599409
without:0.02203147534120093
be:0.005671188795465405
writes:0.006482964617819238
if:0.0065701021545432284
of:0.0019062802506444965
produced:0.04500810759288631
generator:0.0561982993955659
but:0.006522384531866767
seems:0.023102814601775275
in:0.001741957861710691
sec:0.05940108596669384
and:0.005614667860158675
still:0.020016755708132813
rogers:0.054172669499850216
subject:0.0002617348714903755
i:0.007486223813544899
away:0.027146897905134023
pretty:0.02821588291097673
the:0.0029558941568198155
do:0.007042332538298987
increase:0.04122299738418909
is:0.005268090723346351
engine:0.040010284507263294
does:0.011945968768014953
1:0.01920121462671283
meters:0.0573932976074192
nice:0.030977837811321157
article:0.00794444000310393
little:0.02299351668527906
going:0.02135113415734983
by:0.009710151713893785
hp:0.12722492664871543
cbnewsj.cb.att.com:0.10998027250830929
blame:0.043893376348031185
s:0.006082708635843316
