750:0.09707823491529963
help:0.0382159414293178
nichols:0.09686178204865062
fax:0.05461863106934624
i.e:0.061688196374560765
ca:0.03672408207307716
into:0.031978641124685465
work:0.036162008285541135
wrote:0.04599241026237252
my:0.016968111809469666
dod:0.06245471503022208
cylinder:0.10122702022545349
jeff:0.07527641587197136
smaller:0.0802007548043744
me:0.019349797864366868
need:0.0343071784195935
re:0.006677508978181616
ball:0.15923590499042659
m:0.024443119859215573
why:0.03178076035989297
a:0.0024937573675828484
speaking:0.07527641587197136
valley:0.10295648140384488
ama:0.089983559960496
drive:0.05042506694296408
frank:0.13986337059109363
get:0.023470963844484327
down:0.042220813874163536
of:0.010416459941021713
park:0.0802007548043744
adjust:0.0989113448092297
wear:0.08752603535556658
62:0.10357230597654433
use:0.029692491566916928
and:0.003408905486524909
subject:0.0004767313730717553
i:0.003408905486524909
faster:0.06964823263204163
house:0.06139057043732484
than:0.02554645146820466
the:0.009421912624863162
would:0.01665445796614957
law:0.053693591522213674
home:0.05231005449752408
because:0.03151289819454489
head:0.06165820956170862
