ideas:0.04496242046299338
tel:0.050818100991229714
all:0.011925847883078641
50:0.04313979111410539
your:0.015749152777265782
with:0.014620684419738683
c:0.032326221192862
from:0.010582153180377196
my:0.011877678266628767
to:0.0017227489501135387
problems:0.034288415448647164
cold:0.05522687981299538
think:0.017996850344106943
nt:0.008925981896530481
clutch:0.06462839460073909
could:0.018863864441575718
happens:0.046700968934734736
need:0.024015024893715455
re:0.0046742562847271315
so:0.012772632467311501
this:0.006562280479642738
starter:0.07518073757539923
two:0.023309867908166394
starting:0.04901902478596522
on:0.012675220630982248
you:0.0069474873676090235
nelson:0.06638126136709721
a:0.0034912603146159877
related:0.04817673732038962
waste:0.05348224993997924
express:0.05819643245850348
gas:0.04960212089586253
it:0.012857078615248948
have:0.006390632664345661
always:0.03321195122498385
after:0.02411517109581189
83:0.07011242372404718
has:0.013309680923581889
be:0.007230765714218392
writes:0.008265779887719529
battery:0.0589150210949745
even:0.04197898619415064
what:0.011505526287457891
using:0.02755525723306151
one:0.01229138634719528
system:0.027940279115531565
or:0.008428893221288567
and:0.004772467681134873
still:0.02552136352786934
i:0.004772467681134873
any:0.012791090828610092
the:0.004710956312431581
wrong:0.03304277571037326
when:0.049037791606640097
start:0.035219526098531406
eric:0.04985035600398258
jet:0.06361887764268336
10:0.03612964697370206
problem:0.026444566150569806
f:0.0464528902300856
idle:0.06765354504597149
new:0.02154999456104434
time:0.019743874623796422
bike:0.04715453343148179
e-mail:0.034371197208153334
give:0.029540453391950085
