at:0.019151413314226762
800:0.1043407670782997
bikes:0.20896294783075667
to:0.002996085130632241
like:0.02531824051105811
best:0.05293861043394422
something:0.04327524602529397
these:0.07202765100430185
on:0.011021930983462824
you:0.012082586726276563
dont:0.10579057956740126
am:0.03552905123263838
shadow:0.11664703452267014
want:0.0411434340806996
also:0.03224993764520796
are:0.013976334382635337
plan:0.08490356950953491
have:0.011114143764079409
massive:0.10850152475220468
doing:0.05827615011228946
heard:0.058753203465649446
which:0.028084615924293864
get:0.028573347288937442
if:0.029136974772322143
looking:0.05638881185666617
what:0.020009610934709373
or:0.014658944732675767
better:0.04861338850655224
and:0.00414997189663902
subject:0.0005803686280873543
i:0.01244991568991706
the:0.00819296749988101
riding:0.09815704855937939
about:0.021413395224388513
is:0.005840709280231824
bike:0.08200788422866398
honda:0.10476564960162514
