at:0.011151455853853557
out:0.02982726833115088
switch:0.053824220531774374
with:0.00740287818720946
c:0.03273541386618936
exhaust:0.14596361920545098
both:0.028426633953268835
my:0.024056057248868386
to:0.005233667696547459
dod:0.04427169673028401
then:0.02020101708576966
lights:0.06213451227076382
us:0.026074384635253113
t:0.03261105132911952
perhaps:0.03656280427392462
produce:0.053360497326967044
re:0.004733424085799627
dream:0.06307959491340963
had:0.019422892223824494
on:0.006417833230877088
disclaimer:0.047519690216128944
inc:0.046341968301321534
richardson:0.07433934796163177
truth:0.04550705731661524
coming:0.04400797411126069
let:0.029178958769023097
whole:0.037872347785155566
learn:0.09645605520815777
flaming:0.06977679825613547
are:0.008138118754445893
hey:0.04878656943836923
it:0.00433994214860724
not:0.007631772260455251
pipes:0.07559366318497647
shall:0.05012377232952853
love:0.04142047392634745
his:0.023347203057028566
neal:0.3023746527399059
kill:0.04676749502029603
of:0.0049225464700187
arizona:0.07118471768791046
loud:0.06850991903389518
up:0.017005827472814997
and:0.004832878664440378
subject:0.00033793616319010504
i:0.002416439332220189
we:0.01706004943941734
howard:0.13286026714902388
flames:0.11322689555426252
the:0.00572470640498015
see:0.022397288119128812
night:0.04237765628587373
91:0.05914704313269469
opinions:0.036146963993924586
mine:0.04133213980759476
tx:0.05996398643823357
especially:0.039560705158194195
s:0.015707247616608057
august:0.06327738374762584
biker:0.06897026896010879
