another:0.028798770524527
out:0.01530100128675922
there:0.01191920760489802
andrew:0.04890205401522076
posting:0.042846604635795336
story:0.046689058805358494
with:0.007595160737526589
my:0.024680889904683152
to:0.010739214234474007
dod:0.04542161093107061
remains:0.059965632841660156
officers:0.06233344526755567
sutherland:0.07702697918302451
infante:0.2369571540322391
honest:0.060906607896405895
that:0.009010509751544852
really:0.025342801859622417
re:0.004856370165950267
anyone:0.02172616557975833
these:0.021514752897388866
you:0.028872674774479058
ta:0.059965632841660156
why:0.023113280261740345
a:0.0036272834437568705
listen:0.05546683597848401
honestly:0.06998380657490293
police:0.047734855995229766
have:0.006639618352566921
ve:0.023703035052304342
expect:0.08977197618593216
yourself:0.045536034693176526
be:0.0075124838589282
get:0.017069791886897695
andy:0.05820530177677413
what:0.011953793545410795
but:0.008640041847407926
fact:0.031146326345829083
bmw:0.05755135520345445
71:0.06598605802238022
and:0.0024792039901999343
subject:0.0003467137258703675
i:0.0024792039901999343
everybody:0.05295986103553492
the:0.0019578000259455925
do:0.01865760828328563
thing:0.029401719936687748
got:0.05745854082157335
can:0.011228129771918356
cop:0.1415234090350284
wanted:0.03954753233176757
first:0.024383828953130404
nothing:0.033179948071440375
acpub.duke.edu:0.07755713495601484
opinions:0.03708584617558497
dammit:0.0757891846401112
answer:0.07886418291243784
says:0.033260087589968415
s:0.008057614037091147
