750:0.06969719429816384
know:0.007909455933707062
hours:0.025103681900965524
with:0.0037488934409586365
much:0.011199979933076483
c:0.033155098659345635
compared:0.026428132217395008
remove:0.028321476827177117
owned:0.032301790755049846
previous:0.022264098844184652
someone:0.014124731504250128
yamaha:0.07033835353630052
work:0.012981233743527587
both:0.014395538989155372
my:0.0060911170598096235
to:0.006184227000407575
dod:0.022419641292900236
obviously:0.023601878723243312
design:0.024122866714265657
nt:0.00915485322721075
me:0.006946081284644517
re:0.0023970545049882726
had:0.009835951831295738
this:0.01009581612252729
he:0.02038632317333635
on:0.00650011314409346
you:0.0035628140346712937
used:0.012656817361133754
machine:0.020851277912335556
vs:0.02190135862220091
sure:0.027974923335374404
a:0.004475974762328189
was:0.02270413164362527
as:0.005128936924468067
worked:0.024642075901117624
modified:0.03165272835950387
brake:0.03500688312722532
spending:0.03141960243533159
model:0.023454817381945832
it:0.0021977912162818715
being:0.012473102114904796
probably:0.015302716121982104
ve:0.023399149987531207
keith:0.025259404289228633
after:0.012366754408108662
struggle:0.03469412566460076
has:0.00682547739670866
decided:0.02392072476293817
his:0.011823263086572158
be:0.003708084981650457
writes:0.00423886148088181
get:0.008425474200584118
of:0.0012464140100367862
what:0.005900269891004046
but:0.0042646360400667325
reading:0.02106616696386532
never:0.014127815582447823
particular:0.021737509282588507
who:0.008288800475858001
removed:0.02959842133851174
now:0.010589194858193873
one:0.006303275049843734
in:0.003416917344124817
1-2:0.03776831207653593
5:0.01665944158280566
or:0.004322509344250547
watching:0.054610308894094024
and:0.003671128985488364
for:0.0062567089021552695
subject:0.00017113433905139932
p:0.021577743843790704
i:0.0024474193236589093
pretty:0.018448846518715555
eyes:0.027702817209351194
filter:0.03351269157487034
the:0.004348575057629152
do:0.009209204088544828
can:0.005542089695113547
pedal:0.04068328744265739
wants:0.022567533093549672
simple:0.021148644595873338
bought:0.02348130608249013
friend:0.022264098844184652
just:0.015056263634178025
about:0.006314206284114561
is:0.003444520857572614
new:0.022102558524148035
else:0.016195847598320875
right:0.024870174279362812
evening:0.034041672495947285
unless:0.019731162985515967
stock:0.031845532559742824
nothing:0.01637728206090326
remus.rutgers.edu:0.08347302426084395
him:0.01536227758566223
late:0.024706019138661342
change:0.057154021305970915
bike:0.04836362403228901
article:0.005194441540491032
very:0.0111746313575862
opinions:0.018305193304615653
honda:0.061784870277881494
mine:0.020931019517948627
freenet.carleton.ca:0.07118770463298259
says:0.016416838105304924
s:0.003977155646512937
