above:0.03729665794696637
at:0.02413602773847756
there:0.012572314870919827
stations:0.07515604898399235
ever:0.03621126105246384
10,000:0.07765360455651227
ca:0.028171898576607138
feet:0.0601652321774703
awesome:0.07852365121024275
dod:0.04791046632455393
1987:0.0697193179645845
recall:0.053573359110589344
us:0.05643496948452044
100:0.04628098765522016
bruce:0.06310491013275457
been:0.020099183386595058
make:0.024110691552735666
roads:0.06267455128024253
through:0.03245840128801132
12:0.09735300908526126
re:0.005122472640796856
310:0.07663842685577635
on:0.013890652746281915
you:0.007613684786420847
narrow:0.07515604898399235
seeing:0.05490807760901955
sure:0.02989101397478361
a:0.007652077401898055
lists:0.06489253326877331
ride:0.05784519913429976
college:0.05643171644614592
bgardner:0.08736115753042885
gas:0.10871697730600005
it:0.0046966497224653694
dsd.es.com:0.08919035468966888
between:0.031820080082827475
writes:0.009058388918048799
of:0.002663569665284091
they:0.01277972088366772
up:0.018403566717155952
miles:0.0549884217111072
gardner:0.07898031450157963
blaine:0.08653068325897084
in:0.0073019055573078275
and:0.005230101568366984
subject:0.000365711738246826
station:0.05665739914756379
i:0.005230101568366984
top:0.04632372912557966
any:0.014017633784778182
the:0.0010325383698480178
riding:0.061852386763444546
did:0.0225193293622324
road:0.04946099158863712
put:0.03407478492529834
10:0.03959413366981047
number:0.034277600662982986
x:0.04171452040474113
article:0.011100450415295903
before:0.02912594886606362
s:0.008499127135013948
