go:0.03602652318137272
ask:0.053973381191784575
know:0.022849539364042624
tank:0.08590914287859698
your:0.023332078188541897
post:0.04782551489687371
my:0.017596560395005578
to:0.007656662000504615
dod:0.19430355787180204
1988:0.08463149711032011
day:0.04709820436597911
like:0.021567390064975427
re:0.006924824125521676
so:0.018922418470091112
wed:0.1067696844188021
derek:0.10208087152286485
this:0.009721897006878128
93:0.06779658325563706
apr:0.06902237550070368
on:0.009389052319246109
you:0.020585147755878587
a:0.0051722375031347965
said:0.04058342275302652
21:0.07511487076211713
ride:0.07819813957044226
no:0.02084714326263907
feel:0.05641253118974403
free:0.05347236655786547
fill:0.08949009460045883
if:0.012410192958581652
what:0.017045224129567244
gmt:0.07846848770787102
up:0.024878895747266382
good:0.030000182432583317
and:0.003535161245285091
wpi.wpi.edu:0.10875571275868352
for:0.006024978942816185
subject:0.0004943880905929314
wing:0.10387025736895876
do:0.013302183683453641
would:0.01727128974267363
taurus:0.10983476661283123
is:0.014926257049481327
today:0.05257641232959913
1993:0.05610473709278031
first:0.03476953387761187
