some:0.01556715833511139
at:0.011746200166059081
out:0.015709027987739467
mark:0.08009663904779174
storage:0.13394183565109324
your:0.016799096295750167
several:0.03757935162756529
throw:0.05684494102046414
store:0.05950937398640765
remember:0.0371016538202831
most:0.024754606186227174
that:0.004625395005793024
quite:0.03541599176145869
need:0.025616026553296485
re:0.004985873370375608
anyone:0.02230552999521855
you:0.007410653192116292
dry:0.1378739084815767
m:0.018250862828214295
why:0.02372963440205342
more:0.01695225367760968
nyx.cs.du.edu:0.06268582461357831
fox:0.07558284176833861
are:0.008572151754683007
d:0.024291256298360476
it:0.004571405729866293
not:0.0080388001143462
should:0.021904161896446395
buy:0.040091215003252884
charge:0.10976673746490229
always:0.03542608130664943
after:0.025722849168866017
batteries:0.14076672562808526
be:0.007712816761832952
perfectly:0.11914191986231648
charged:0.07024519232023534
battery:0.0628426891679728
if:0.008935338930178791
of:0.0025925411408765156
even:0.022388792636880345
but:0.008870442963338804
shop:0.06479325041083596
years:0.029730338973071913
ok:0.04351798920681243
well:0.0224382388020446
they:0.012438928326769917
and:0.01781721267623686
subject:0.00035595942522691063
retain:0.07881699693062276
i:0.005090632193210532
the:0.0020100080266374745
wrong:0.03524562742439814
when:0.01743565923791648
come:0.032015915659592116
ready:0.05620639051773862
new:0.02298666086511396
right:0.02586498125053733
their:0.020182448247756186
almost:0.04029323907019424
before:0.02834925689630193
says:0.034147023259034244
