above:0.050419556113491575
go:0.03602652318137272
stephen:0.07540109776650032
tank:0.17181828575719396
continue:0.07237418901669343
ca:0.03808423326096891
bikes:0.08900273703902599
o:0.06483294414444224
to:0.005104441333669743
1988:0.08463149711032011
garage:0.10183879593828424
nyc:0.10983476661283123
nt:0.01322367688374886
seat:0.09185737925804928
so:0.018922418470091112
paying:0.08684831125968988
best:0.045095853332619146
two:0.03453313764172799
steve:0.05939173790434049
usa:0.06749299418571712
it:0.006349174624814295
bag:0.0981445485231672
leather:0.10840956214734737
b:0.05668348789841188
has:0.019718045812713907
of:0.0036007515845507157
york:0.06968828161898967
magpie.linknet.com:0.24114429230910475
miles:0.07433619972057084
one:0.018209461255104118
bmw:0.08206396945677764
tires:0.09737283192315668
and:0.007070322490570182
for:0.01204995788563237
subject:0.0004943880905929314
offer:0.06509562257021922
i:0.003535161245285091
fees:0.10875571275868352
em:0.08806489013497497
ny:0.0777998765107948
new:0.03192591786821383
sale:0.05879392877969684
afford:0.08750197389081996
manes:0.4937071534943027
takes:0.06622036766629019
black:0.06536208067118403
