some:0.009811234244818102
stored:0.04124896192764993
at:0.007403067331549841
out:0.009900647891432435
mark:0.050481075030120844
all:0.008017376728120093
storage:0.08441712330951254
your:0.021175331465231303
prevent:0.033806869514022446
several:0.023684465311490727
throw:0.03582664350029252
store:0.07501181594925334
to:0.002316301109396354
remember:0.023383395264884303
most:0.015601642554344855
that:0.002915164919617452
quite:0.022321003211003373
nt:0.006000660098507886
me:0.009105787230290291
need:0.016144554550396942
re:0.0031423571662031135
so:0.00858664367550353
anyone:0.014058107139843623
on:0.008521156726710754
you:0.014011739228791308
dry:0.08689532047158195
m:0.011502644639630858
why:0.01495565193406728
more:0.010684193494291814
paint:0.04101055270807668
oil:0.07532450818170769
nyx.cs.du.edu:0.039507872655616574
fox:0.09527248962395622
are:0.005402616652111138
d:0.015309615314092735
mnemosyne.cs.du.edu:0.050184028500950766
it:0.008643414195125343
not:0.005066470660302226
should:0.01380514405238218
buy:0.02526757248104173
charge:0.06918071688964429
always:0.022327362168056364
after:0.0324237594565538
batteries:0.08871852455551592
be:0.004861018967541776
perfectly:0.07508944529137593
charged:0.044272180033761765
battery:0.03960673687057109
if:0.005631516132465624
of:0.0016339545005524256
even:0.014110583594672484
wayne:0.03926568409649479
but:0.005590615313028657
shop:0.04083608219170333
years:0.018737608596473894
ok:0.027427304121940603
sense:0.027616151650109163
manufactured:0.048308872607554044
well:0.014141747144145754
must:0.019474457373777287
they:0.015679321420298212
in:0.0014931067386091635
and:0.014437717354693734
subject:0.00022434417556317895
retain:0.04967457789745132
i:0.0032083816343763854
the:0.0025336235629884133
wrong:0.022213630729662693
when:0.032966582592699224
put:0.041806038647845024
come:0.020178098104784943
ready:0.03542419570445711
makes:0.023470402371865328
is:0.002257753167148436
steel:0.044716906096403296
new:0.01448739130154241
right:0.016301458771347054
their:0.012720030408249696
strip:0.045090450319687614
almost:0.02539489857365183
bike:0.03170052667662641
article:0.006809520002660512
metal:0.04214106441360278
before:0.017867178716156673
says:0.0430424662929003
