above:0.016703411227782485
some:0.007162802914928553
at:0.005404693327941295
insight:0.035067276180833995
help:0.013129403190440472
small:0.018335864418809886
take:0.013041405707581003
where:0.011334090786710195
your:0.015459291069708744
way:0.010628054107647505
into:0.01098652701216188
from:0.0051936948124550655
to:0.005073125742665635
city:0.04515074353971033
lived:0.027582778354623097
us:0.012637278442852737
trip:0.03154981617624918
that:0.0021282492357943363
grand:0.09229668708991531
pipe:0.07205899986464921
re:0.0022941135139765063
this:0.0032207511556528773
off:0.02679088893197976
on:0.006220967180850183
you:0.013639239003895015
support:0.01680341294192335
a:0.0025702529923553284
how:0.00806971163944248
richard:0.02292072094956306
utah:0.03558312352568394
valley:0.03537155189334548
fort:0.03775595673869384
route:0.031384739777967435
also:0.009101209396807156
kim:0.06829980715957028
rich:0.027851506100993604
helpful:0.028494499210154647
far:0.045816774333522735
plans:0.02856266623730232
are:0.011832724814746483
corners:0.034777381181750895
no:0.006906415559401901
reason:0.016393938184101398
missed:0.02666216059648976
not:0.0036988344084415026
have:0.009409520487380115
calling:0.02523313263526048
interesting:0.02004923044123566
area:0.019683846899750595
stay:0.0242251384555594
between:0.01425071071194114
real:0.015690759840480045
june:0.028196787302825443
be:0.01419536827331218
breaks:0.03389946189561179
writes:0.004056824484770322
things:0.013709975019265335
of:0.003578661084032
short:0.02124526297927158
highway:0.03238498288989691
gives:0.02230996610917856
but:0.008162984322090923
again:0.0149807922583314
must:0.014217548634843542
they:0.011446866558377223
one:0.006032582256292163
in:0.00436023808330038
additional:0.026225496311410648
required:0.022961849389576496
mid:0.03526844073803026
point:0.01350635559055252
or:0.008273760217215771
and:0.002342315426323864
few:0.014022254606787033
for:0.003992010587878209
subject:0.0001637850116074742
away:0.0339752587278978
any:0.012555671979003771
the:0.004624251595024865
do:0.004406858398199366
see:0.03256538211186214
thank:0.022272971207174936
would:0.005721776969965497
major:0.020100785108698112
country:0.020679473055338234
may:0.03425200357251223
an:0.005508577537188569
just:0.007204837812674147
film:0.031835215045174906
is:0.008241491622413003
mountains:0.03398181171360039
right:0.011901064992578526
too:0.03593591167848767
nice:0.019384904642667226
natural:0.025687782771172882
article:0.004971367363905528
very:0.010694739213395383
side:0.01975683483786008
lots:0.022384631971879513
close:0.021318485988776323
springs:0.07434246341843892
hints:0.03189392333361755
trips:0.03537155189334548
four:0.021521755527748307
