some:0.010424436385119232
at:0.007865759039771705
inner:0.09940061220544602
technician:0.05260586324946076
take:0.037959805898851846
your:0.011249394840904129
with:0.00522167300704953
from:0.007558680843126568
wrote:0.02299620513118626
my:0.008484055904734833
to:0.0036916048931004393
dod:0.06245471503022208
front:0.0314013475836244
that:0.0030973627270935427
like:0.010398563067041724
nt:0.006375701354664629
me:0.009674898932183434
need:0.01715358920979675
re:0.003338754489090808
flat:0.04408772878645181
barry:0.046947615391521966
chances:0.043573712252331476
student:0.03591979885864885
amount:0.03320015188952525
something:0.017773761760388595
on:0.009053729022130176
you:0.004962490976863587
went:0.02912911843960789
m:0.012221559929607786
a:0.0037406360513742723
want:0.016898196140287335
given:0.024890960349832864
lucky:0.0425151431922908
70:0.03840925765502327
care:0.028268008404231222
it:0.006122418388213785
not:0.005383125076571115
tube:0.047609293714323056
money:0.027680533631510087
tyre:0.05845771014747057
second:0.02455085514868095
doing:0.023934847367547456
towards:0.03723015299419232
brakes:0.04970030610272301
be:0.005164832653013137
writes:0.005904128491228235
get:0.023470963844484327
spend:0.03660801084563884
down:0.021110406937081768
of:0.0052082299705108566
safe:0.03707804418033011
dr:0.06997936794833037
tire:0.2053127085821047
instance:0.03816746338178514
tubes:0.054097417576810455
in:0.004759277729316709
speed:0.05997259226581751
speedy:0.10555847803208404
and:0.003408905486524909
for:0.002904900561714946
subject:0.00023836568653587764
al:0.034017983756448496
i:0.008522263716312274
any:0.009136493449007207
the:0.0020189812767563917
do:0.006413552847379434
engr.latech.edu:0.05243579008007956
hello:0.034547239202247955
would:0.008327228983074786
once:0.023955635668972373
long:0.021252778974183793
here:0.016075008085923177
mph:0.04887189776833939
jerry:0.043573712252331476
et:0.04062317480175483
new:0.04617855977366643
bucks:0.048010645391664726
advice:0.034730866680654005
too:0.017433195248790147
waited:0.04982518326321176
article:0.007235115002826795
going:0.019444782893300736
s:0.005539609650500163
