there:0.04830415713563933
all:0.025107048174902398
hell:0.08982581380215514
think:0.037888105987593554
re:0.019681079093587923
so:0.026889752562761052
dont:0.1280622805289594
why:0.0468348047408949
a:0.003675010857490513
how:0.0346148157165559
wondering:0.0947087763646657
was:0.06990482637642517
dogs:0.13680814482578055
not:0.015866052857262232
second:0.07236041517505964
motorcycles:0.1450622911114395
andy:0.11794232202135808
find:0.05569596678087869
in:0.00467578162880238
our:0.05867830060474719
system:0.05882164024322434
for:0.008561812181896684
subject:0.0007025514971583761
i:0.025118250953341435
we:0.035466944887209736
the:0.001983560552602771
do:0.01890310312911833
thought:0.0706470106629398
about:0.025921478429522932
takes:0.09410262773630712
