some:0.012161842449305772
read:0.02361461522810335
mark:0.0625754992560873
pass:0.04228411687699266
someone:0.022952688694406455
post:0.026901852129491463
to:0.004306872375283846
dod:0.036431917100962885
enough:0.02533488048893121
that:0.0108407695448274
european:0.046160982819437424
really:0.020327038991572143
quiet:0.10498081995391201
re:0.003895213570605943
apple.com:0.11456864543056977
getting:0.028252099710673814
these:0.01725662471978065
on:0.010562683859151873
standards:0.04413852433567745
market:0.040738075157010646
apparently:0.039465219335954815
m:0.028516973169084834
sure:0.0227296252099917
a:0.002909383595513323
ama:0.052490409976956004
was:0.009223553480222767
advantages:0.05714991224824418
also:0.015453095121662149
are:0.013393987116692197
results:0.03815712238404646
it:0.007142821452916082
not:0.012560625178665935
systems:0.06250869000588771
kind:0.028703403093365207
be:0.02410255238072797
writes:0.0068881499064329405
soon:0.03746868371916115
were:0.01615940934866978
making:0.0320271582382542
if:0.00698073353920218
of:0.006076268298929333
but:0.00693003356510844
they:0.009717912755288997
thompson:0.1219607574157658
cheaper:0.04593102498923743
called:0.02794015099850764
one:0.010242821955996066
in:0.001850830228067609
system:0.023283565929609635
and:0.001988528200472864
few:0.02380861980110715
for:0.003389050655334104
subject:0.0002780933009585239
i:0.003977056400945728
will:0.011805264009409212
yet:0.02739654940298087
the:0.001570318770810527
start:0.029349605082109504
would:0.029145301440761752
makes:0.029093519606791397
about:0.01026058521168616
paul:0.03411481761571934
ninja:0.06220728532930356
90:0.04199957718275346
light:0.03637723631048222
nice:0.03291395267452873
supposed:0.0760144794045075
article:0.008440967503297927
planning:0.04826681510082929
s:0.012925755851167047
