above:0.022135414879093866
cat:0.04117054397893906
out:0.009578675602280163
there:0.0074616177689198985
k:0.061604244817100216
all:0.007756649029644644
take:0.01728251325476182
tony:0.15033315699000677
bikes:0.07814874471719356
companies:0.03233034427307103
to:0.002240974244050132
dod:0.028434667005629573
competition:0.04242380153851026
look:0.019277791254275697
that:0.005640725616820762
european:0.03602808415175604
like:0.009468610272428239
re:0.0030401666892534195
voice:0.029483693507611125
had:0.024949731474506267
off:0.01775168656875082
on:0.004122022969425122
machine:0.026445523205889002
market:0.03179557085425222
2.2:0.04051453657040131
particularly:0.03265935199301287
m:0.011128574895252619
a:0.0011353692080051994
hard:0.021985637419313087
other:0.02242777215986847
wondering:0.02925962196631949
series:0.05833090017508401
was:0.01439774201790871
as:0.013009986344992171
factory:0.04525556328052828
andrew.cmu.edu:0.033128287859571226
bags:0.04889804069944666
are:0.0052269218016359805
it:0.0027874425182111543
comparable:0.04117054397893906
morgan:0.04729877001451938
being:0.015819544145732913
ve:0.014838485357946622
has:0.017313406079456115
pgp:0.03694945557701623
towers:0.04925943714311197
writes:0.005376117000142784
if:0.005448377396450483
of:0.0031616355376542873
produced:0.03732379654044231
germany:0.03418492466005925
cmu.edu:0.04983356370582704
key:0.02606375911574452
looking:0.02108849874314345
order:0.022799324074247906
now:0.013430198356733694
in:0.00433365126571928
bmw:0.10808425245526812
installed:0.03256398337687068
or:0.010964413946391633
and:0.0062080880405006485
still:0.01659926083113453
for:0.007935338119806684
subject:0.00021704843001640894
i:0.0062080880405006485
44:0.03694945557701623
top:0.027492944928189558
info:0.023946304547905674
any:0.01663881733802939
rt:0.051848491867652904
than:0.011630904733491555
the:0.0049024586015548165
originally:0.036990207949565375
road:0.029354897446914722
move:0.028754675736365996
type:0.026345630165298346
request:0.031709764450360424
designed:0.031947946316120024
e-mail:0.022355250216685097
article:0.006588072197695944
honda:0.07836129888902044
81:0.04195909898696597
by:0.024156962800418687
check:0.026904972069818615
s:0.005044197405333483
