ever:0.06007777401886047
times:0.06387445776120515
then:0.036270007949450074
most:0.04219535145379632
cco.caltech.edu:0.10229013978536869
asking:0.08148710942359987
re:0.008498647790412968
nope:0.12411531290561707
kmr4:0.12619638548574186
rarely:0.11646821661877133
you:0.012631795213834588
them:0.033314981171187294
m:0.031109425275365275
why:0.040448240458045605
same:0.044138485239286644
question:0.049613320076070555
answered:0.22088608094603168
allan:0.11205557992693138
ve:0.0414803113415326
keith:0.2686682092581591
writes:0.0150286907049446
were:0.035256893124370435
ryan:0.10102131138643818
over:0.09117912511451627
po.cwru.edu:0.10836196789289104
and:0.00867721396569977
subject:0.0006067490202731432
each:0.057863849940013985
i:0.004338606982849885
the:0.0017130750227023932
do:0.016325407247874926
because:0.04010732497487532
people:0.03421075318347994
multiple:0.09759146176422302
questions:0.06873128039194346
keep:0.060213967821043664
schneider:0.11547560153916539
ass:0.11075652506693255
answer:0.0690061600483831
