since:0.03126283786568252
all:0.0149073098538483
50:0.05392473889263173
atheists:0.13052105357526878
with:0.018275855524673354
both:0.03508912628606622
to:0.004306872375283846
civil:0.06520655436782052
been:0.022925631050334988
that:0.0054203847724137
cco.caltech.edu:0.07032447110244097
nt:0.011157477370663102
me:0.01693107313132101
re:0.005842820355908915
political:0.05632462152314883
this:0.008202850599553422
something:0.031104083080680044
on:0.01584402578872781
tell:0.037656641462850825
a:0.0021820376966349923
was:0.01383533022033415
as:0.012501783753390913
motto:0.2989389609244362
allan:0.07703821119976532
no:0.017589777127851716
it:0.010714232179374124
ken:0.06446988595491893
keith:0.12313959590998959
war:0.055262892430828395
has:0.03327420230895472
be:0.00903845714277299
which:0.020185817695586215
writes:0.010332224859649412
called:0.041910226497761466
jyusenkyou.cs.jhu.edu:0.0943193423867299
in:0.005552490684202827
atheism:0.07530031065116807
required:0.05848096016407764
and:0.0029827923007092957
subject:0.0004171399514377859
the:0.007066434468647372
do:0.01122371748291401
did:0.025686110053796334
just:0.018349821304154468
schneider:0.0793894760581762
various:0.05569654653679982
arromdee:0.1847273365561471
s:0.009694316888375286
