another:0.009641327523428604
muslims:0.15352190516753364
at:0.0038302826628453523
there:0.003990343415552815
dbstu1.rz.tu-bs.de:0.025294559616460363
all:0.008296242005619923
jaeger:0.050435209866838984
principles:0.021944825464888226
true:0.02246331123615519
benedikt:0.024386929990972927
situation:0.030644628598039986
islamic:0.019937413176057617
buphy.bu.edu:0.02537290094473288
with:0.002542727725171945
into:0.007786103926010375
odds:0.02514198866075919
arguments:0.01808487232687979
tm:0.019982940566784988
to:0.0017976510783793444
psychology:0.024324370262920322
attacks:0.019982940566784988
then:0.006938610216416535
born:0.018686621556702046
basic:0.033214372257043476
direct:0.017364241837279016
make:0.007652523840650885
that:0.007541404900749496
quite:0.011548692965693049
nt:0.00310468935531495
could:0.006561344153591554
sarcasm:0.02537290094473288
re:0.003251656545897135
so:0.008885309542477566
rosenau:0.024922724079772703
islam:0.12219248095582184
this:0.0022825323407453
something:0.008655049205058794
these:0.007202765100430186
principle:0.021700304950440938
standards:0.018423036244456677
you:0.00966606938102125
gregg:0.024082762214421145
used:0.01716924789858144
a:0.004857405655117896
how:0.005718969553170106
want:0.00822868681613992
was:0.011549493053496333
as:0.01391502887333945
prophet:0.024024401256455313
muslim:0.05526910873337002
others:0.035169498561761686
are:0.019566868135689475
annoying:0.022645093105614772
no:0.019578186716217562
deeds:0.025787293030838637
it:0.004472027344434417
not:0.010485391453495042
namely:0.023231698835612036
made:0.010111215443121746
argue:0.01852001779886667
against:0.011231655618077594
attack:0.01716825029676601
party:0.018455123667489817
reject:0.022203921539680597
mohammad:0.027593881917628488
be:0.002515048944075962
phenomenon:0.024141917223359313
considered:0.01496888242266179
writes:0.0028750538739894015
if:0.005827394954464429
of:0.008453938502858202
what:0.004001922186941875
but:0.005785071497829654
double:0.019209349500172307
must:0.01007591490208477
they:0.024337033682810705
one:0.017101059265663
in:0.0007725204430195238
point:0.009571895483739394
or:0.00879536683960546
better:0.009722677701310448
and:0.000829994379327804
word:0.01334294137462356
for:0.002829120547061513
subject:0.00011607372561747085
cause:0.013710874492791594
i:0.001659988758655608
explicitly:0.04479784800253817
mention:0.01641162962729097
victims:0.021803420283559704
than:0.012440011149734444
the:0.002294030899966683
do:0.009369364159649956
when:0.011371082111684661
rule:0.01716825029676601
because:0.007672705647367452
did:0.00714743931931724
named:0.02026659500969108
an:0.011711714850805261
long:0.010349179326559065
people:0.013089331652809717
about:0.004282679044877702
general:0.012819262448206744
is:0.007008851136278188
argument:0.030597751653388888
done:0.01151592848443782
does:0.005297777453641414
attempting:0.021734405722010616
bu.edu:0.023042633131526213
i3150101:0.025294559616460363
whenever:0.041245512823450736
count:0.018536393811020915
change:0.012921778730045599
criticism:0.04737957606824864
article:0.0035231864361591346
bad:0.023831313449968555
understand:0.013026770708415885
by:0.012918723584571731
says:0.011134898888815513
god:0.034606672588372495
identify:0.021666469557214615
