school:0.017826100371549535
some:0.005723219976143893
at:0.004318455943404073
out:0.011550755873337842
bathroom:0.03267179692241709
all:0.0046768030914033885
matters:0.04662258889498675
hand:0.015476663997317027
your:0.006176138344025797
text:0.017728253594282192
with:0.002866800866615428
funny:0.022062579169393245
someone:0.01080126526795598
kings:0.05115811361996825
post:0.012659695119760688
my:0.004657913045736771
to:0.00405352694144362
director:0.024241473542010398
next:0.013129313841907722
hall:0.02245299124321641
been:0.00719235483932078
newsletter:0.028518376038166097
church:0.018368999216121607
like:0.005709015017199379
through:0.011615016147180524
responses:0.02174474819147507
me:0.005311709217669337
vague:0.0286966488037096
re:0.0036660833605702994
so:0.005008875477377059
this:0.007720329976050279
he:0.007794770625099192
separation:0.05686322681065179
recently:0.01622211551268475
on:0.00994134951449588
you:0.008173514550128262
friendly:0.025390496609847872
assume:0.01701710076122145
none:0.01775740310010438
state:0.02605601359745702
bible:0.017641830891457336
defend:0.022205364820976695
apparently:0.018571867922802267
support:0.013426256419281891
inside:0.018402232975853857
a:0.004791925922021944
christian:0.015714913584493017
was:0.004340495755398949
as:0.003922128236357934
copy:0.016748097769918344
question:0.01070091217327012
soul:0.04132822832186663
doors:0.025298868506847122
religious:0.017997057868186853
it:0.0184873025840181
not:0.002955441218509632
have:0.005012260913212283
ve:0.008946733818761933
campus:0.025390496609847872
university:0.03456382502350961
mathew:0.052605525372968885
careful:0.022555653860104854
mantis.co.uk:0.026831630147323586
heard:0.013248271369705267
be:0.0028355943977327026
paste:0.03111074922085565
sort:0.01537971229245603
writes:0.003241482308909619
of:0.007625121002577986
what:0.009023942186241482
but:0.0032611922659333834
saying:0.014787035191002152
well:0.00824935250075169
they:0.004573135414253645
now:0.008097619597442374
sounds:0.017464238056670776
over:0.009833042904506656
one:0.004820151508704032
in:0.0008709789308553455
become:0.032472772301913214
or:0.009916344966221843
thoughts:0.04209827762378248
use:0.008150880037977197
and:0.007486223813544899
for:0.001594847367216049
subject:0.00013086743574518774
each:0.012480438222355957
until:0.01402532218316002
i:0.004678889883465562
back:0.010325278039546752
mention:0.01850330791312217
any:0.00501611405043533
pretty:0.014107941455488365
the:0.004064354465627247
do:0.0035211662691494935
see:0.008673459614760667
strong:0.017699276401816226
can:0.01695227436152379
put:0.0121934279389548
mental:0.026138435764726384
an:0.004401461463537925
just:0.005756806683656303
jesus:0.017025487351435324
religion:0.05222840092592224
about:0.014485532063556935
is:0.0026340453616731756
issue:0.030699607916322088
new:0.008450978259233072
run:0.013121737394055857
ordered:0.022961005408365216
very:0.0085453063322718
luck:0.02020974816624324
entitled:0.025579056809984124
offensive:0.024582287574601625
give:0.011584491526254934
somewhere:0.01901726009265974
by:0.009710151713893785
included:0.01834696789461259
assembled:0.029928582275674825
s:0.009124062953764975
