effective:0.05531459498088416
boy:0.062120995960545586
river:0.0748092296965363
axes:0.08500704442184448
saw:0.04653946004295143
supports:0.05920054088573679
gay:0.06088955754799013
apparent:0.06628978214487087
approach:0.05638702267032651
to:0.0037758881098378925
stop:0.045533604309323794
worse:0.05335706045671763
that:0.0047521181566366685
rob:0.12056664909586956
funds:0.0681584376995267
re:0.005122472640796856
political:0.04938049010248664
this:0.007191540251663273
30:0.04689185581334096
on:0.006945326373140957
more:0.01741669898384556
a:0.0019130193504745137
terrorism:0.06869570774272235
funding:0.07334882236697114
watson.ibm.com:0.15988403335037155
reconcile:0.0826909303116536
rights:0.0475780742423672
p.o:0.06310491013275457
between:0.031820080082827475
writes:0.009058388918048799
end:0.03704429318596588
of:0.002663569665284091
they:0.01277972088366772
policy:0.052558181409853424
box:0.04340464398228229
bob:0.05046582210998767
in:0.0024339685191026093
economic:0.06281650726703084
or:0.009237143256206648
and:0.005230101568366984
for:0.004456833738521561
subject:0.000365711738246826
al:0.05219197507838673
however:0.03283697129036867
until:0.03919405103239238
i:0.005230101568366984
directly:0.04976027843145726
any:0.014017633784778182
research:0.04229221206214763
than:0.019597277838622754
the:0.0020650767396960357
ibm:0.05397900094684475
can:0.01184336975942073
hate:0.11030107513857065
road:0.04946099158863712
ny:0.05755059358332766
is:0.0036804469437077244
et:0.06232596681913069
somebody:0.05199627703390075
2:0.05338108361905229
issues:0.05212643126847801
1:0.05365818881985503
article:0.011100450415295903
contradiction:0.07744446110266584
