at:0.003732902595145894
objective:0.018892395507338747
surely:0.01901065308410602
committed:0.01877734894349997
traffic:0.018538306192313142
all:0.004042660299348692
happen:0.014328950110878454
true:0.0109461050515163
guilty:0.01992134256787446
atheists:0.01769776997630763
with:0.0024780821050404546
much:0.007403376565931912
such:0.008148377980795757
work:0.008580815525382642
members:0.015628145375019557
reasonably:0.020891718291461782
to:0.005255844254583677
then:0.020286614615794108
most:0.00786692993206372
that:0.005879739414143674
cco.caltech.edu:0.01907104301083145
inability:0.02443035151955641
account:0.017266014435285002
re:0.0015844936558397056
bobbe:0.024727827191900687
accidents:0.023955278222434775
so:0.0043297059211225425
political:0.015274473633396292
this:0.004449003715012025
carries:0.022883259093350494
something:0.008435005581201367
society:0.06298696980350589
why:0.0075411973735339255
more:0.005387368753477652
a:0.004142173254629138
factor:0.019173645799478035
member:0.016910584418417623
as:0.003390314238207705
part:0.010378059798361344
blood:0.01769776997630763
accepted:0.01784698568093079
question:0.009249941031131798
also:0.0062860047952524
allan:0.020891718291461782
others:0.011425119589272864
are:0.008172602308490155
those:0.015728098765148815
innocent:0.09388674471749985
likely:0.014010206800549695
decides:0.023828782615868332
reasonable:0.015840284619093422
it:0.00726388622330449
not:0.005109406852338685
should:0.006961068399294405
vice.ico.tek.com:0.024502785559214466
have:0.0021663161574053086
due:0.014047213919061366
being:0.008244931906462492
drives:0.017148485812523987
only:0.005650577280802062
ve:0.007733617368760315
keith:0.03339378872135311
similarly:0.02098623421313254
robert:0.013539881478634337
punishment:0.02009844904532557
absolutely:0.016959570954015398
be:0.017157749152382624
considered:0.029176635230611966
writes:0.0028019592839727218
kill:0.015655220790692315
if:0.008518861268178931
of:0.00906290864925053
totally:0.01745557330749429
what:0.0039001784025280983
but:0.002818996704450891
beauchaine:0.024651477592313065
victim:0.022641062424537152
least:0.010201959248756281
must:0.009819747574065667
they:0.003953049256388745
who:0.010958075205371596
accept:0.015136067672299717
one:0.004166571643117044
in:0.003011520371093059
our:0.009448200944832176
executed:0.047657565231736664
system:0.028413843168337186
and:0.0024266784819329864
gets:0.014141170942342391
for:0.004135790630238229
subject:0.00011312269869499278
each:0.032364526237634944
murder:0.054388728752521265
fatal:0.023705954069795226
i:0.0024266784819329864
acceptable:0.039221734278915656
person:0.05943208557359853
information:0.010333988493575275
driving:0.03548397111611169
necessary:0.015274473633396292
will:0.009604282583926139
than:0.006061869839912971
the:0.003193868686394292
when:0.011081986803760473
risk:0.0363571255728764
would:0.007903810560206576
convince:0.020021638093662194
an:0.011413959388496655
introduced:0.02194771740851257
people:0.012756552034517945
many:0.00785254672702582
collective:0.025217288578010196
is:0.009107546674259793
capital:0.02163941505985821
lack:0.01643864855467198
carry:0.016493465465819094
schneider:0.02152934943950541
their:0.00641391363805811
every:0.030917142291577073
convicted:0.024651477592313065
killed:0.015477902528253753
burden:0.022984151672561164
going:0.009228032559532553
citizens:0.017319314359890342
blame:0.09485433024362672
favor:0.06053003437546488
s:0.0026289672917627896
