religions:0.02460925876443712
large:0.015433165566430802
at:0.009082113530458052
out:0.006073077830311649
say:0.009781159661172904
roughly:0.0261029737598428
all:0.004917875415702532
depression:0.03287301288516137
damn:0.022174416790528898
islamic:0.023637139332439442
your:0.03247247995312532
with:0.00602914821432523
much:0.009006169430721295
former:0.020571638777044116
ca:0.010600765959238768
such:0.009912459811689683
fred:0.023884609534430987
from:0.004363774507372039
blew:0.02883817093026636
members:0.019011558291260906
to:0.0042624716291469
obviously:0.01897883031353586
psychology:0.02883817093026636
prime:0.02589081874698967
social:0.02238062985554797
physics:0.023637139332439442
latter:0.02394125449100622
that:0.008940840861713319
problems:0.014139552762328728
provide:0.03481397606477746
nt:0.007361634553839572
could:0.007778913171783801
me:0.005585508661879096
need:0.009903103048954826
brought:0.01997109712647251
re:0.0019275283648359305
bobbe:0.06016254863184085
this:0.005412190086303288
two:0.009612316663161398
these:0.008539360686077024
rarely:0.02641547181044298
you:0.002864943244374855
society:0.03831166204543142
answers:0.021601088774496815
more:0.006553706318663535
a:0.0028793899501987526
hard:0.013939347435956232
other:0.007109834988824283
same:0.010010790466642333
as:0.016497199179732337
pretend:0.02891233968001945
said:0.011296416642595012
evidence:0.03317224777848533
whole:0.015422244716635515
science:0.017431093949316058
role:0.022751313265807174
are:0.0066279523876415
likely:0.017043344355307875
play:0.01650473315866207
reasonable:0.019269624588175504
religious:0.03784948252690843
it:0.0070691841183499375
not:0.0031077835493606436
guilt:0.02883817093026636
vice.ico.tek.com:0.059615024659532105
have:0.002635312438905427
being:0.01002991716456262
yoyo.cc.monash.edu.au:0.030676701569125806
stay:0.02035411117657826
robert:0.016471196025555173
stage:0.025727165662893892
mileage:0.02760033006592213
ancient:0.023637139332439442
be:0.005963518114819292
phenomenon:0.028621860625632177
writes:0.0034085690258637232
were:0.015992817499714422
if:0.003454383607027883
of:0.003006813178851629
sexual:0.02295891068404398
but:0.003429294960053661
beauchaine:0.05997679084315344
seems:0.012146840666912774
well:0.01734915371292108
darice:0.03159550688565322
beyond:0.020131774213601062
they:0.014426592131563047
bob:0.01898971656716031
rice:0.027777077867358377
in:0.0027476242561003685
our:0.011493687747321615
and:0.006888097684112187
for:0.001677055994392134
cause:0.016255160481144674
however:0.012356179918540789
i:0.005904083729239018
propose:0.02841426320739537
linked:0.030272208706025313
away:0.014273111269709642
any:0.01582402989106403
background:0.022819587630498003
the:0.003108259835006404
do:0.0037026696850850343
greater:0.04349569996220304
level:0.018147088466978087
would:0.009614944805199753
can:0.004456525734215017
may:0.009592915089896036
simple:0.017006126582248662
fundamentalist:0.031350001478492116
just:0.006053549296215907
people:0.00775913989728411
about:0.005077402991349853
general:0.01519809465509047
is:0.00138491044789002
right:0.019998696843198965
request:0.020104644471104802
premise:0.060544417412050626
widespread:0.027658575196097043
article:0.004176973609879386
very:0.008985786040120862
by:0.005105337499057557
upon:0.017876678261303795
thesis:0.031853292558718486
beliefs:0.022444137507032714
psychological:0.02828036894758475
mathematical:0.029063957645000343
