there:0.020395088568381056
surely:0.09970031395220047
atheists:0.09281497143130224
with:0.012996163928656608
into:0.039795642288497475
cco.caltech.edu:0.10001702556791606
re:0.008309788950626012
so:0.022706902164109335
political:0.08010612838847833
on:0.011266862783095332
you:0.024702177307054304
cage:0.11801113131928394
a:0.006206685003761756
as:0.0177803146714893
allan:0.10956545592855513
are:0.014286919591138345
not:0.013398000190576997
guilt:0.12432455912159275
keith:0.17513186973865186
mathew:0.2384783816907923
mantis.co.uk:0.1216367233345336
thrown:0.10908058820867426
writes:0.014694719800390275
get:0.02920831056202494
if:0.014892231550297985
of:0.004320901901460859
rape:0.1136825018624154
and:0.00424219349434211
for:0.007229974731379422
subject:0.0005932657087115177
tiger:0.28074399457354987
the:0.005025020066593686
do:0.01596262042014437
is:0.0059705028197925315
schneider:0.11290947706051727
solely:0.11923919084539615
burden:0.1205391065494319
blame:0.09949165305553737
