at:0.007936621733823703
boy:0.020427174347386612
say:0.008547499884088034
know:0.005557996061523882
all:0.004297602840749059
axes:0.02795276685943535
hand:0.014221799348885917
your:0.005675370370185867
continue:0.017604532463520024
with:0.002634357553106069
from:0.0076267770669385185
implications:0.025604582518744867
yours:0.019037519391236313
to:0.004966483459786778
obviously:0.01658510396768449
otherwise:0.016006237980234397
us:0.009278722460292774
impact:0.021591190969691424
make:0.007928290465539205
that:0.006250533791612195
view:0.01533940879632717
quite:0.011964862081573881
v:0.03465448931443254
provide:0.0152115120643397
nt:0.003216570052803777
funds:0.022412459243538064
re:0.0016844166791809482
so:0.009205500877341623
file:0.013686873344407248
political:0.016237728727394256
this:0.02128307182586834
allergic:0.026627363827913093
on:0.004567647074227837
you:0.005007198102781278
am:0.014723750961273563
knowing:0.019342451881197355
input:0.019221402249435658
why:0.0080167683790721
more:0.005727112728922189
a:0.004403391387803948
want:0.008525216070775592
was:0.003988563667123359
related:0.034721972843524046
part:0.011032532037897645
closely:0.022412459243538064
those:0.008359980424718739
plan:0.017592631519993723
it:0.006177575310630125
not:0.013579054247206415
discussions:0.02162015894415219
have:0.004605861379708584
involves:0.023594280254652888
try:0.010974728253799066
only:0.006006919992203994
decided:0.01680915794152412
feel:0.013721967046153954
call:0.01196827071170589
which:0.00581933483115999
writes:0.0029786594189980284
kill:0.01664248696668192
if:0.009056086753559586
of:0.0035034339741574533
trying:0.012145622626434217
opinion:0.014906808849494095
particular:0.015275006522900031
ok:0.014702023380679873
well:0.007580486081771824
alone:0.01729375376312835
please:0.017255994206353646
groups:0.016575610803992755
who:0.005824562496548866
topics:0.04813775434406097
policy:0.03456529047675045
now:0.007441055846298397
one:0.004429328413403705
comment:0.01770088917514758
in:0.00240107705262825
clearly:0.01637166836227209
or:0.0030374389986625463
world:0.011356985084381427
use:0.014979995745471604
and:0.0034396163467638723
for:0.013189818766705703
subject:0.000120256562576659
al:0.01716222603928933
purpose:0.016940907622272912
i:0.005159424520145809
group:0.02429834175501482
we:0.024283673976828287
stan:0.04978029089175425
established:0.02087213625981807
will:0.005104979031095876
tired:0.022242457766137855
the:0.0027162270630236144
do:0.009706998904141848
thing:0.01019789385191422
when:0.005890425418215026
views:0.018243634207823826
strong:0.0162641999368041
can:0.003894441407377087
did:0.0074050047001935375
forum:0.04600812571285169
continuing:0.02368528344076784
engage:0.026126347453542715
an:0.004044586209737553
myself:0.015012802081071546
newsgroup:0.017316053335920494
people:0.006780509639968998
is:0.009681896464528428
87:0.02382533113027249
discussion:0.07742954829932863
et:0.020494574674759194
time:0.007114909774341052
sides:0.0205172674406599
their:0.006818394678296009
issues:0.017140673345040068
matter:0.013607671224777218
significant:0.01875192699776561
article:0.0036501481095342386
full:0.01391739857623087
give:0.010645208429531561
feelings:0.024019103135153975
wish:0.050487533983497014
seem:0.012431137634665485
especially:0.014077908592330367
apply:0.018016017952656185
s:0.0027947580218739563
