simply:0.08049061420745761
go:0.051195585573529656
dan:0.20914755207301358
know:0.03247039804363952
anyway:0.08022404793801405
take:0.055940766587781666
hand:0.08308524882770194
beautiful:0.27018790532677356
from:0.022278217221846724
0:0.0964514812755377
ds:0.17229640885570272
nt:0.018791540834801012
me:0.02851549158959328
re:0.009840539546793961
this:0.013815327325563656
you:0.014626289194966363
evolution:0.141809292270198
rpi.edu:0.15555986236307123
johnson:0.24301861730567534
writes:0.034803283737766436
but:0.017507453217116057
in:0.00935156325760476
and:0.005023650190668287
for:0.008561812181896684
do:0.01890310312911833
americans:0.11269523082909225
maine.maine.edu:0.34083181960708203
jim:0.08911396702497025
halat:0.3340312021607659
article:0.04264909896403163
