statistics:0.03281324020905748
since:0.027789189213940017
at:0.012235625172978208
say:0.026354791309271434
all:0.013250942092309599
depression:0.08857450694057369
islamic:0.031844479378425355
ever:0.01835709761687403
with:0.00406130122770519
former:0.02771456890796221
ca:0.01428158747286334
fred:0.03217787673388619
from:0.005878973989098441
to:0.0019141655001261538
prime:0.03488068636747219
ten:0.02795825862887381
us:0.014304697126284694
latter:0.03225419007816116
that:0.009636239595402133
problems:0.019049119693692867
reliable:0.03221592857947387
provide:0.02345108109919037
talking:0.02263674430807131
nt:0.009917757662811645
could:0.010479924689764287
me:0.007524921391698226
re:0.0025968090470706285
this:0.007291422755158597
jon:0.02881505738693287
two:0.012949926615647995
these:0.011504416479853768
on:0.003520894619717291
you:0.00771943040845447
society:0.025807161238936442
seconds:0.03214003225633366
a:0.0019395890636755486
other:0.009578527693277158
evidence:0.022345194684118587
whole:0.04155438159760125
course:0.016987165277083466
are:0.01785864948892293
reasonable:0.025960466459069773
crap:0.03374648458897706
d:0.012651695988729412
it:0.004761880968610722
not:0.004186875059555312
sex:0.03003921879205781
have:0.0035503514801920335
being:0.013512527291146862
yoyo.cc.monash.edu.au:0.041328334058405594
probably:0.016577942465480614
centuries:0.037183778005478424
earlier:0.027402406492252028
stage:0.03466020929584316
ancient:0.031844479378425355
be:0.0040170920634546615
noticed:0.028168076535793923
writes:0.004592099937621961
of:0.006751409221032592
sexual:0.0618615093431185
but:0.00462002237673896
seems:0.016364493676257485
well:0.011686582709398227
darice:0.042566168998727255
beyond:0.027121973593323655
who:0.008979533848846168
rice:0.03742189657130225
in:0.0024677736374234785
pull:0.031389516829046005
solntze.wpd.sgi.com:0.035904663667077265
and:0.006628427334909546
for:0.006778101310668208
cause:0.021899313425986573
outside:0.025033165121399477
i:0.009279798268873365
propose:0.038280326821074316
linked:0.04078339228450632
we:0.009359332678569235
any:0.0142123231429001
livesey:0.07117502126702692
the:0.0020937583610807025
do:0.004988318881295115
when:0.009081072519748165
greater:0.0585983735601902
level:0.024448160851345477
can:0.006003930503039676
myself:0.023144736541651965
people:0.020906571389904406
general:0.02047521085477466
having:0.018172856891808063
issue:0.02174555560739481
marriage:0.035776059168693676
request:0.027085423801349526
mozumder:0.041617727783409546
article:0.005627311668865285
very:0.01210585063738505
upon:0.02408385821314539
thesis:0.0429134635860513
defined:0.06070596845624386
psychological:0.038099941498829455
