choice:0.05467192281910932
dan:0.11518270983731184
there:0.013301144718509383
all:0.027654140018733078
your:0.01825988727798931
funny:0.06522849493559743
from:0.012269163107683704
post:0.03742866383233595
association:0.06910038532300299
add:0.09960059178120924
family:0.1142164367860773
perfect:0.058696910059954914
anything:0.03364117609158556
re:0.005419427576495225
sunday:0.06475104340343286
american:0.046768626338959646
m:0.019837894378493797
a:0.0040478380459315795
same:0.028146280442443657
was:0.025665540118880743
adding:0.06847980565368518
local:0.044295412346608
section:0.05956172645830851
are:0.009317556255090224
place:0.03941199445386124
it:0.0049689192715937965
not:0.008737826211245869
deleted:0.050918543434758504
gene:0.07793032295458623
placed:0.06601207785255794
found:0.038761166742855034
writes:0.009583512913298006
parts:0.052879637846613925
in:0.012875340716992064
our:0.032315585840295556
few:0.03312503624501865
for:0.009430401823538376
subject:0.00038691241872490284
values:0.061897773483235774
i:0.00829994379327804
the:0.006554373999904809
e:0.04508535791382358
newspaper:0.07145573212731857
is:0.003893806186821216
ad:0.1882465937546109
article:0.02348790957439423
mine:0.04732230499710125
s:0.008991830157333599
