bottom:0.03647572461665871
school:0.029565239640618746
some:0.009492169716531336
large:0.02434174081209411
at:0.014324634348852538
out:0.009578675602280163
bathroom:0.05418737050547226
there:0.0074616177689198985
matters:0.03866263469340365
thanks:0.016206395487123278
way:0.01408433186623206
kings:0.08484760307702052
post:0.06298970254710197
flyers:0.04608709863923086
my:0.007725319197807328
to:0.002240974244050132
stop:0.027024009061631202
add:0.027936751353266006
most:0.015094272064772667
director:0.040205370752602616
hall:0.03723910742777356
been:0.011928783635946662
newsletter:0.04729877001451938
r:0.02520503875389537
like:0.009468610272428239
re:0.0030401666892534195
uk:0.035135280363079564
separation:0.04715487101371125
these:0.013468585147145877
recently:0.026904972069818615
on:0.01648809187770049
none:0.029451302702612148
apparently:0.030802122408550108
inside:0.03052077664287957
a:0.002270738416010399
as:0.013009986344992171
also:0.012060952290077778
ic:0.048220141439779575
soul:0.06854437868016905
emergency:0.04503280739282003
doors:0.08391819797393194
d:0.014811741645341754
religious:0.059697557806668584
it:0.005574885036422309
deleted:0.02856406095120599
have:0.008313018099961836
campus:0.04211106754804038
university:0.038216912221116325
postings:0.03745250763976491
robert:0.02597895958502198
sort:0.02550781550943927
writes:0.005376117000142784
soon:0.029243850707637974
of:0.00948490661296286
but:0.005408806684962686
easy:0.02694050052242933
please:0.015572482576465487
net:0.026952377926003926
now:0.013430198356733694
email:0.02230811917860115
in:0.0028891008438128537
become:0.05385728089097802
or:0.010964413946391633
thoughts:0.034910766809965965
and:0.004656066030375486
capitals:0.046471268434763756
for:0.002645112706602228
subject:0.00021704843001640894
until:0.023261509962314183
mrs:0.051848491867652904
i:0.0015520220101251621
possible:0.0209509888045901
the:0.0049024586015548165
mr:0.027454924213686293
an:0.007299984866355584
religion:0.02887423791026596
about:0.008008261628633103
is:0.004368660599848194
new:0.014016256625069489
prize:0.048220141439779575
ordered:0.03808166750655695
paper:0.0313548650181837
nice:0.025688938672802916
article:0.006588072197695944
entitled:0.04242380153851026
somewhere:0.031540821617094206
respond:0.03287811177284965
by:0.008052320933472896
assembled:0.04963764865233874
