some:0.0065591959277154725
simply:0.017183389549906683
typical:0.025048344605235643
at:0.009898483286004843
out:0.013237944933488312
there:0.010312123433451094
know:0.006931882728417426
take:0.011942410844582604
atheists:0.09385783627884496
own:0.012733093458134804
wonder:0.020732402852904095
way:0.019464863140972396
from:0.009512047802586241
post:0.014508864069838092
themselves:0.018182304586083244
often:0.017456856113925313
both:0.012616315069147404
my:0.005338282367024164
to:0.0038713459553113222
then:0.008965619942560692
value:0.04195340246917604
might:0.011949916493699133
that:0.0019489023900813303
bit:0.015309461786829773
higher:0.020853224230549954
population:0.022168238960024112
its:0.03485097566349725
so:0.017221526922217754
had:0.008620272391472669
getting:0.015237087484408348
something:0.011183490545862488
on:0.0028483641867375837
am:0.00918166492528857
a:0.003922764398444929
how:0.022169039279142544
other:0.01549784255990911
same:0.010910636800722542
as:0.004495023372005721
ridiculous:0.02803971987978323
minority:0.027866845392891356
adam:0.05218655473320457
question:0.01226396676037699
also:0.008334253548761609
ie:0.023503472959333773
no:0.006324414248216347
care:0.017786612029628633
it:0.005778462298988291
not:0.010161404638920755
laughed:0.03089491562172668
have:0.00287219445588569
only:0.007491776619490373
postings:0.025880103593770135
be:0.00649956468693788
stick:0.02374342306098012
thinking:0.05871112135699981
down:0.013282952679512123
were:0.008715187064451119
if:0.0075297799973416775
of:0.006554177041541752
motivation:0.03193380516382787
but:0.00747509238483607
selfish:0.03416797913948017
lines:0.019849337776935486
again:0.013718365944427068
well:0.009454314101985084
must:0.013019440603817399
who:0.007264341990077799
good:0.009101178940221905
over:0.011269330070333471
one:0.005524218583009115
in:0.0009982005724409578
system:0.01255742881596924
fellow:0.027037429669261787
world:0.01416432971198133
rather:0.028915546661942283
thoughts:0.02412373212149333
and:0.0021449292948920776
for:0.003655605201259258
subject:0.00014998290388774325
i:0.006434787884676233
group:0.015152336712396882
we:0.007571594975921179
face:0.020164447140143593
any:0.005748804866791052
actually:0.013732101837646542
ways:0.020046844838646598
alternative:0.02446158806946262
than:0.016074171710331025
the:0.005081480966218335
would:0.010479209506790743
can:0.004857112317065805
because:0.009914170218508505
thought:0.015081946096582654
myself:0.01872383180897687
many:0.020822483455933634
different:0.014197847741636222
idle:0.06081217532222156
is:0.006037587121138515
argument:0.019768210337863606
core:0.027699132116769554
new:0.01937078162790502
questions:0.01698975470362647
figure:0.02074436873075704
drawn:0.02821808335346065
their:0.008503840553829854
inherent:0.031676448219831836
stance:0.034716509867367344
majority:0.02316173385344731
somewhere:0.021795062128666217
apply:0.02246941564881839
john:0.015064485390909245
beliefs:0.02446158806946262
