out:0.0059204879350776875
tomorrow:0.05081013728380892
know:0.006200377515870863
knows:0.017557595030860476
send:0.014740437793347853
means:0.014244197087631924
watch:0.019317406234041958
with:0.002938831039143454
miller:0.023928120791641055
miss:0.024250354601538234
masters:0.028888220303009707
to:0.003462811960027213
remember:0.013983035359403177
happily:0.029804409030617523
us:0.02070227523804016
been:0.014746134544939088
that:0.005229717971374022
quite:0.02669547117697891
like:0.005852457605571222
nt:0.007176668861532045
me:0.01633550774479213
need:0.01930856272861544
re:0.0018790980039104048
michael:0.015098970862681856
so:0.010269453240049449
file:0.04580631983605642
deeply:0.028333707452914907
this:0.018466718937688104
something:0.010003323201826748
on:0.002547783041403467
you:0.005585919491544944
posted:0.01715266796222058
more:0.006389040330757417
sure:0.010965045327433184
a:0.002105282601778485
was:0.004449553437695405
said:0.011012587078710714
sig:0.07114276014750413
andrew.cmu.edu:0.04095255685153026
far:0.012509437548348752
are:0.009692131380922998
brian:0.01877425886823507
care:0.0159096328707231
missed:0.0218388551619489
it:0.008614458033667638
not:0.01211879414223045
ones:0.017048391861190233
cool:0.023069482283790972
have:0.0077072956755927565
made:0.011686329406623123
west:0.061476019594012894
has:0.005350625496917342
be:0.0029068404881279967
thinking:0.017505158461551033
writes:0.0033229265880279513
were:0.015590987914294464
if:0.010102770147187074
jump:0.024926123014747045
of:0.005862530218062471
park:0.022569056628366665
but:0.0066862635402051285
years:0.011204901623017053
ok:0.016401252213622774
saving:0.05305278604073565
please:0.009625202798518868
who:0.019493259410560525
author:0.020321646975178426
email:0.013788435472200707
lying:0.049260884220218376
or:0.00338849978745269
better:0.011237265684931674
and:0.001918579972315527
for:0.006539675636423598
subject:0.00013415556227144873
i:0.0028778699584732902
we:0.05418065952618975
will:0.005695001733182333
than:0.0071889511669319655
the:0.003787703567784186
do:0.003609637783449732
when:0.006571228355998673
quote:0.08110468165910732
would:0.009373363277430916
planet:0.023774435247057735
nobody:0.02014215912290667
meant:0.020460599393924712
wam.umd.edu:0.027766895924546342
mr:0.016969626524037256
an:0.009024101895092831
myself:0.01674795006029087
here:0.01809448146355172
ourselves:0.02389700536325954
dear:0.024151496482951777
eye:0.046138964567581944
is:0.004050341108904481
keep:0.01331364112626091
theist:0.029804409030617523
does:0.012246118737060555
gone:0.03949344117470113
theists:0.029234918149677807
existed:0.0508942402955729
full:0.015525942130267603
earth:0.07076452588128139
ann:0.028409274675852296
by:0.004977062687523448
s:0.006235540511115762
