some:0.014594210939166928
watch:0.048052048007179375
atheists:0.10441684286021502
your:0.015749152777265782
such:0.024037715043347483
to:0.0017227489501135387
crime:0.10028044813093791
perhaps:0.036105769220500565
potential:0.05357840426026869
cco.caltech.edu:0.05625957688195278
like:0.014557988293858416
nt:0.017851963793060963
could:0.018863864441575718
re:0.0046742562847271315
wait:0.04589249756387648
political:0.04505969721851907
this:0.006562280479642738
criminals:0.058266460652861854
you:0.013894974735218047
them:0.01832323964415301
why:0.04449306450385016
a:0.0017456301573079939
sorry:0.03971770855923281
closely:0.06219457440081813
allan:0.06163056895981226
electronic:0.053920891437620126
are:0.008036392270015319
not:0.007536375107199561
should:0.020535151777918495
have:0.006390632664345661
probably:0.029840296437865108
follow:0.04721240390521607
keith:0.09851167672799167
mathew:0.13414408970107067
mantis.co.uk:0.06842065687567515
device:0.050176934811385326
be:0.007230765714218392
sort:0.03921826634576288
writes:0.008265779887719529
justification:0.06451211469246017
if:0.016753760494085234
of:0.0024305073195717334
what:0.011505526287457891
they:0.023322990612693592
in:0.002220996273681131
and:0.0023862338405674366
for:0.004066860786400925
subject:0.00033371196115022873
until:0.035764571567058055
i:0.0023862338405674366
we:0.05054039646427387
similar:0.03955947859833377
punish:0.07165283172934653
cost:0.04151259505438601
the:0.0018843825249726326
do:0.017957947972662418
devices:0.053058480544033226
would:0.011658120576304701
reasoning:0.059915554940893706
instead:0.03834667889480802
just:0.014679857043323575
people:0.03763182850182794
schneider:0.06351158084654096
commit:0.13045318973091904
especially:0.039066196343716775
