at:0.01295536783021222
all:0.014030409274210164
thanks:0.02931450948406122
cut:0.053838463173594135
continues:0.0728345775632247
from:0.012449591976914347
kids:0.06465239751256946
post:0.037979085359282065
creation:0.06676169844796996
corp:0.06806124477811834
to:0.00405352694144362
remember:0.04092094171354753
she:0.14625628609846247
that:0.005101538609330541
nt:0.010501155172388801
me:0.01593512765300801
started:0.048224189352778016
so:0.015026626432131178
this:0.007720329976050279
on:0.007456012135871911
communications:0.06204533671078963
m:0.020129628119354002
a:0.0020536825380094046
was:0.013021487266196848
as:0.011766384709073801
woman:0.0644010087866974
therefore:0.050484198831689205
california:0.05852160627827847
crap:0.07146314383548083
religious:0.05399117360456056
it:0.005041991613823117
try:0.035829259887402834
netcom.com:0.09467750513885703
be:0.008506783193198107
which:0.05699524996400814
of:0.00571884075193349
what:0.013535913279362223
san:0.05938184461183153
please:0.02816787289566551
must:0.03408030040411025
in:0.0026129367925660364
atheism:0.07087088061286406
or:0.009916344966221843
and:0.0028073339300793373
i:0.01122933572031735
creates:0.08049489044197077
the:0.004433841235229724
do:0.01056349880744848
jose:0.06705730402622125
home:0.04307886840972571
road:0.05309782920544868
is:0.003951068042509763
created:0.05585433953654443
image:0.05442739701373054
s:0.009124062953764975
