some:0.01269061820797124
looks:0.0186038340998581
go:0.010573001368446343
generated:0.026373194650773354
at:0.0047878533285566904
mess:0.027754901924600745
tried:0.016836217679547124
means:0.015405408806732352
where:0.010040526077357401
atheists:0.022699313665264134
your:0.013694915458491984
with:0.003178409656464931
much:0.009495635160651801
generate:0.025488091347952466
from:0.004600936165381389
my:0.005164207942012507
brendan:0.06966427389169443
to:0.004494127695948361
t:0.01400148399456762
that:0.001885351225187374
guy:0.018403971450809072
view:0.03701466035635469
think:0.00782471754091606
cco.caltech.edu:0.024460685600849033
bit:0.029620480413648908
like:0.006329560127764528
really:0.01060541164777677
through:0.01287751790230884
bobby:0.028359389071938922
re:0.0020322853411857095
had:0.0166783531052406
this:0.00570633085186325
he:0.008642028301740408
big:0.015085763879714985
on:0.002755482745865706
you:0.015103233407845702
hat:0.029100348004287464
formation:0.03191743744004843
m:0.014878420783870349
rk:0.037492725126927126
a:0.003794848168060856
false:0.022756024954897716
looked:0.020244582633041765
was:0.004812288772290139
truth:0.01953835613050328
let:0.012527922514961005
stuff:0.015888133438443596
are:0.010482250786976503
deep:0.024727149879329027
bang:0.0320209602388022
it:0.0018633447268476737
dunn:0.030892485430224787
have:0.0027785359410198523
only:0.02174243866743402
theology:0.029223871107969833
facts:0.022011341272483092
has:0.00578681779286169
decided:0.02028061447292584
his:0.01002407087774596
which:0.014042307962146932
thinking:0.01893220942309052
writes:0.0035938173424867517
formed:0.028359389071938922
if:0.003642121846540268
of:0.009510680815715478
but:0.007231339372287068
again:0.013271027924500097
oh:0.017552805348594963
well:0.009146021250833395
please:0.010409866070137254
who:0.01405492254602009
universe:0.04816798207245644
in:0.0019313011075488096
atheism:0.05238282480081257
point:0.023929738709348485
dropped:0.026999473257173265
intend:0.027660381583775373
and:0.00622495784495853
for:0.0017682003419134456
i:0.003112478922479265
we:0.007324695139749837
the:0.006964022374898859
wrong:0.014366424221901415
uh:0.02794902193874248
see:0.009616226964191173
would:0.005068748076654217
maybe:0.01439083196925176
return:0.020056346238135483
mohammed:0.034172567070824014
problem:0.01149763745676948
people:0.008180832283006072
many:0.010071744715098334
turkish:0.02410830777750497
reality:0.04555012198100415
is:0.010221241240405693
write:0.017685727853193008
right:0.010542791270599454
blue:0.02172098710577885
first:0.030612307000940888
too:0.010611510151437482
dark:0.025065172748187207
article:0.004403983045198919
little:0.012746405988578608
close:0.018885397913970328
going:0.011835954804617839
by:0.005382801493571555
god:0.014419446911821874
s:0.013487745236000399
walls:0.029161758630667535
