say:0.013750325900489446
there:0.0066505723592546915
surely:0.032510971940934934
true:0.018719426030129323
gap.caltech.edu:0.03825182761632751
actions:0.028653785827450377
atheists:0.030265751553685515
among:0.024960184550621923
with:0.008475759083906484
4:0.018001952928831007
into:0.025953679753367917
navy:0.04165765101665893
mom:0.08654926654511799
ultb.isc.rit.edu:0.04202934155569915
that:0.015082809801498991
control:0.02209879905754365
cco.caltech.edu:0.032614247467798715
bobby:0.03781251876258523
re:0.0027097137882476125
so:0.007404424618731305
political:0.026121563604938586
kmr4:0.04023652870559886
on:0.007347953988975216
you:0.016110115635035418
cage:0.07696378129518518
etc:0.016828434691726346
m:0.009918947189246899
more:0.009213181346526999
a:0.006071757068897369
was:0.006416385029720186
as:0.005797928697224771
muslim:0.030705060407427792
allan:0.03572786606365928
responsible:0.028339530544007407
mind:0.021954027558044473
are:0.009317556255090224
proper:0.02975745003653508
it:0.0024844596357968983
not:0.008737826211245869
guilt:0.0405406171048672
frame:0.03501786310452737
keith:0.08566232758955797
mathew:0.07776468968178009
left:0.021191341909424358
providing:0.033420230330916276
has:0.00771575705714892
mantis.co.uk:0.039664148913434866
love:0.02371172058102499
be:0.004191748240126604
thrown:0.07113951404913539
writes:0.009583512913298006
get:0.028573347288937442
if:0.00485616246205369
of:0.005635959001905468
ryan:0.032209693485531016
analogy:0.03832770660087313
his/her:0.03948298005687387
over:0.0145358025544881
one:0.014250882721385832
in:0.003862602215097619
po.cwru.edu:0.03455019266150149
rape:0.037070381042091975
men:0.05089273264677307
and:0.00276664793109268
for:0.004715200911769188
subject:0.00019345620936245142
person:0.06098248780595328
tiger:0.13732043212836678
than:0.010366675958112038
the:0.0032771869999524044
do:0.010410404621833284
thing:0.01640530750090548
greater:0.030573064466186194
would:0.00675833076887229
because:0.01278784274561242
human:0.023230741820554898
insane:0.04202934155569915
makes:0.02023897016124619
eg:0.036634845360427444
is:0.003893806186821216
schneider:0.036818307737125196
their:0.010968721873780536
mozumder:0.04342719420877518
1993:0.021954027558044473
solely:0.038882344840890044
article:0.005871977393598558
april:0.024653288854261685
burden:0.03930623039655388
blame:0.06488586068839393
s:0.004495915078666799
