basically:0.022948576305543193
at:0.010303684356192175
cs.ulowell.edu:0.03517227488907566
boy:0.026519489503624726
know:0.014431288019395342
all:0.005579344038867199
axes:0.03628955697540729
where:0.010803840925343635
gay:0.1039751509006615
among:0.04028661366065292
own:0.01325433120203506
your:0.007368024691118494
way:0.010130835202026569
someone:0.012885719968789589
work:0.011842529029183061
my:0.01111361709158247
to:0.003223857684422996
otherwise:0.020780028255041143
camp:0.0336184552064265
respect:0.023902679467450998
civil:0.024404792278014696
male:0.028106127486008207
make:0.010292868323682477
that:0.004057364040169319
guy:0.019803103783326722
nt:0.02087948981644557
me:0.025347103635194025
anything:0.040723528952971995
funds:0.02909687691266345
re:0.0021867865659542136
so:0.005975500569502456
this:0.006140145478028292
he:0.009299024605381493
something:0.011641294252418262
on:0.002964963890288245
you:0.006500572975540606
tell:0.014093713763873993
m:0.008004764398339602
a:0.002450007238327009
other:0.008066128583812343
same:0.01135727105572288
as:0.01403709053012313
old:0.015484871826563298
straight:0.04674458043816735
business:0.021149495515985772
no:0.006583308398728127
care:0.01851471895481811
it:0.004010005026198502
not:0.003525789523836052
due:0.019386798157301065
passes:0.027065290321123082
has:0.018680253927834227
absolutely:0.023406191492091426
yourself:0.02050453024195668
his:0.010786134745644774
be:0.0033828143692249783
writes:0.003867031526418493
down:0.013826699280427823
were:0.00907194910802514
if:0.003919008302709996
of:0.0022741588955057152
what:0.016148107070116335
but:0.003890545159359124
they:0.005455670318758735
one:0.011500712371644706
in:0.0031171877525349207
or:0.007886683715825559
and:0.001116366709037397
few:0.0133662426953584
for:0.001902624929310374
subject:0.0001561225549240836
each:0.014888943844214124
al:0.02228078468258615
summer:0.026320269886293695
i:0.00781456696326178
taught:0.056598293527199695
we:0.00788154330826883
back:0.01231787555595051
boss:0.0336184552064265
gays:0.03423459857284654
the:0.002644747403470361
do:0.033605516673988145
tolerance:0.03342670185658445
push:0.028068276523987055
joe:0.023271749865046407
an:0.010501732614757155
thought:0.01569933570287551
just:0.013735538753986969
long:0.01391994880180459
people:0.026408300703037145
is:0.004713554857730945
involved:0.02105776103547291
et:0.026606991683020706
guys:0.022717401809890358
else:0.02955031842500651
right:0.011344290022165493
does:0.0071256655809212
unless:0.018000359214856675
met:0.02759728902408055
nothing:0.014940678371350343
him:0.014014709376393613
position:0.02013358454510065
article:0.004738788773781292
very:0.010194400536745305
give:0.013820095154128693
comes:0.017685241738277846
before:0.012433884603641195
s:0.0036282823441872412
