simply:0.021240578749190202
read:0.015743076818735567
large:0.020791903610330384
there:0.019120395532857236
know:0.008568577261515985
absence:0.038189548476856586
atheists:0.02900467857228195
from:0.005878973989098441
my:0.006598710148127092
to:0.0038283310002523076
line:0.01960974825559714
martin:0.03225419007816116
positive:0.06148611111550851
that:0.0144543593931032
re:0.0025968090470706285
michael:0.020865938900511728
this:0.0036457113775792984
on:0.003520894619717291
you:0.00771943040845447
evolution:0.03742189657130225
m:0.028516973169084834
a:0.010667739850215519
j:0.02120922680228377
as:0.01111269666968081
belief:0.20025421599986507
also:0.010302063414441433
no:0.023453036170468955
it:0.007142821452916082
not:0.016747500238221247
have:0.0106510544405761
mistake:0.03102654163081158
follow:0.026229113280675592
larry:0.031560993305368025
determine:0.060589742766375576
reject:0.07092919380731301
writes:0.009184199875243921
get:0.009127597050632793
justification:0.03584006371803342
if:0.0046538223594681195
of:0.004050845532619555
lawrence:0.06587824964856714
philosophical:0.03895134651335953
fairly:0.02725143436283254
up:0.009329585905224893
newer:0.03413782442613769
in:0.004935547274846957
atheism:0.1673340236692624
alt.atheism:0.039155609605069905
and:0.0026513709339638183
i:0.0026513709339638183
possible:0.03579127254117475
any:0.00710616157145005
will:0.007870176006272808
the:0.001570318770810527
gods:0.03365200089414526
dictionary:0.03423920497767348
strong:0.025073974902572987
holding:0.031990683608965856
americans:0.02973901924656601
instead:0.021303710497115564
here:0.025005568133658278
definition:0.02829707921338375
is:0.013060474918296162
number:0.01737683922498443
existence:0.028253811506782113
article:0.01125462333773057
greek:0.06622120260121118
inclined:0.04003863165705079
god:0.09212424415886197
defined:0.06070596845624386
s:0.00430858528372235
james:0.024024956719701576
