ask:0.03938598086968064
objective:0.09037713526483672
means:0.019152670408369953
gap.caltech.edu:0.03566724466927836
atheists:0.028220768340598657
ca:0.027791197244490827
from:0.00572008280020389
to:0.004656078243550105
then:0.010782975336322996
apart:0.06225214107690654
might:0.014372196864043554
that:0.016407651202982012
think:0.009728027213030779
cco.caltech.edu:0.030410582098352856
nt:0.028949130475233995
along:0.023607847372575912
could:0.020393366963865643
me:0.007321545137868546
re:0.0025266250187714226
political:0.024356593091091387
this:0.0070943572752894465
mean:0.017860959843445004
jon:0.056072544104301805
carefully:0.031419888862370425
principle:0.033723446882442
on:0.003425735305670878
you:0.011266195731257877
them:0.00990445386170433
a:0.0009435838688151318
as:0.010812353516446195
definitions:0.036255159378667745
whole:0.020215645101535746
allan:0.03331382105935798
religious:0.02480675543993323
it:0.01621613519040408
not:0.00814743254832385
only:0.009010379988305992
keith:0.07987433248215542
able:0.017820710987234253
attempt:0.026058435116463483
be:0.007817044015371234
writes:0.008935978256994086
depends:0.029093014429070925
things:0.015099499514461146
if:0.009056086753559586
implemented:0.033776441324746234
fact:0.03240901525174107
now:0.022323167538895194
one:0.006643992620105558
in:0.00240107705262825
system:0.045308560727889025
solntze.wpd.sgi.com:0.06986853470350171
and:0.003869568390109357
i:0.005159424520145809
person:0.018954016480228722
exist:0.07371333396883997
livesey:0.13850274408718752
the:0.002037170297267711
do:0.009706998904141848
thing:0.015296840777871329
start:0.019037581674881843
can:0.005841662111065632
moral:0.02712266746561369
mr:0.022817268096509552
an:0.012133758629212659
just:0.007935057861255987
long:0.01608318408857152
here:0.012164870983941867
about:0.019966544195713615
is:0.0018153555870990806
does:0.008233032529307602
schneider:0.06866116848274699
hear:0.022389740299045998
define:0.028883485802432
wanted:0.020575405334770962
too:0.013192688296381734
him:0.016192670968671
falls:0.06682784598067731
article:0.005475222164301358
comes:0.020433623900307514
says:0.01730423475964573
seem:0.01864670645199823
apply:0.02702402692898428
s:0.00838427406562187
