since:0.02353907792239625
sleep:0.05791905266697539
all:0.011224327419368131
gap.caltech.edu:0.062102967188861144
atheists:0.04913733781657177
from:0.009959673581531478
unusual:0.1179949803580878
my:0.01117899130976825
to:0.003242821553154896
changes:0.0479754035263081
hardly:0.05137219824222967
that:0.008162461774928865
cco.caltech.edu:0.05295019000654379
nt:0.00840092413791104
re:0.004399300032684359
bobbe:0.0686560849092772
so:0.024042602291409886
political:0.04240912679390029
this:0.006176263980840224
mean:0.031099083021527772
jon:0.04881609722021569
you:0.01961643492030783
occurred:0.05997845028420921
as:0.01882621553451808
allan:0.05800524137394095
dawn:0.0712813031600326
it:0.016134373164233974
vice.ico.tek.com:0.06803126343499546
being:0.02289181094029586
keith:0.0927168722145804
robert:0.03759308269362004
punishment:0.11160550528698433
has:0.012526758516312365
personal:0.03945759377877313
without:0.026437770409441116
be:0.013610853109116972
writes:0.015559115082766172
kill:0.04346626007768689
of:0.002287536300773396
beauchaine:0.06844410249159863
find:0.024899373384392826
in:0.0020903494340528293
solntze.wpd.sgi.com:0.06082672433010737
and:0.00449173428812694
i:0.0067376014321904095
objection:0.06931596098752477
livesey:0.12057885955825737
the:0.0008867682470459447
can:0.02034272923382855
put:0.02926422705349152
long:0.02800366170715982
circumstances:0.0570902095969682
frequently:0.05490530199937886
is:0.009482563302023432
capital:0.06008119946031221
time:0.018582470234161336
schneider:0.05977560550262678
first:0.022088880345776954
cruel:0.2122750237423037
under:0.028556746201242815
article:0.009533328003724717
everything:0.0363489703990971
