at:0.016017545680989655
out:0.04284280360292581
islamic:0.08337463691805912
your:0.022907858585113863
hell:0.06206147135421628
from:0.015392222807821373
blew:0.1017200938267577
ultb.isc.rit.edu:0.210910877624963
that:0.006307356826081396
really:0.03547992260347138
could:0.027438348278655586
bobby:0.09487504707703202
re:0.006798918232330373
bobbe:0.21220971699231134
this:0.009545135243116709
mean:0.048062219215088374
you:0.01010543617106767
said:0.03984554233933513
sig:0.08580248042032317
learn:0.06927298510404058
it:0.012467470172362617
vice.ico.tek.com:0.2102784506172587
stay:0.07179450124102149
peace:0.07002974282569183
robert:0.058098400526503696
writes:0.012022952563955679
get:0.02389770864165677
of:0.0035352833739225207
what:0.016735310963575112
beauchaine:0.21155449861039574
women:0.06871482170606227
they:0.03392434998209977
authority:0.0769085872024175
over:0.036471650045806506
bob:0.06698190934598364
in:0.0032305400344452813
and:0.006941771172559816
for:0.0059154338711286175
until:0.05202119500662989
away:0.05034515611497582
the:0.002740920036323829
2:0.03542562821991652
mozumder:0.10896277819656316
1:0.03560952530772197
article:0.014733325096665473
stands:0.08691827944534665
