c:0.0630755535470478
from:0.010324051883294825
batman.bmd.trw.com:0.07388915571466795
both:0.027386635150100463
to:0.0016807306830375986
t:0.031417964085371244
that:0.008461088425231142
nt:0.008708275021005348
jbrown:0.07361509649695992
re:0.004560250033880129
so:0.012461104846157563
this:0.006402224858188037
93:0.04464653043663904
apr:0.045453759476073156
on:0.006183034454137682
set:0.06461986790551028
logically:0.07416951569301794
a:0.010218322872046793
said:0.02672566864223698
witnesses:0.06412357224207879
therefore:0.12559483611786093
are:0.01568076540490794
works:0.03628202431159439
girl:0.12875005392812677
always:0.03240190363413058
b:0.0746563011344937
which:0.03150956908579312
things:0.054505510442445115
of:0.00948490661296286
visit:0.05986129840719929
5:0.03169357179167906
and:0.002328033015187743
subject:0.0003255726450246134
jehovah:0.07984467727459395
car:0.07460105707032658
the:0.002757632963374584
jesus:0.16942436193623445
belongs:0.06690721433940783
is:0.029488459048975308
logical:0.05740612153013136
eternal:0.22497520905689983
god:0.12942332837927925
everything:0.03767881077955187
s:0.0075662961080002235
