some:0.007033354669478038
there:0.005528789069741852
know:0.007432982684688566
help:0.012892124819528897
anyway:0.01836454109424418
atheists:0.025160685026557838
your:0.007589953145670257
with:0.00704611297336804
much:0.02105056469349315
someone:0.02654768812847012
my:0.00572418229717049
to:0.004981442747316256
that:0.0020897869002076915
think:0.017346361777452475
bit:0.01641616986780542
like:0.007015897972943815
me:0.0065276426530394265
attention:0.05114070413882721
re:0.0022526536311937985
tells:0.02666867470070249
so:0.018466456579245543
paying:0.028251860289296712
these:0.009979734777704474
on:0.003054270031561988
curious:0.02582091771579214
used:0.011894358483957023
etc:0.013989903538905035
bible:0.021680322300345164
m:0.008245871759735374
why:0.021442440724747068
more:0.015318301515912361
a:0.004206337728452997
hard:0.016290562666117527
lists:0.028537077883255737
as:0.009639929641168898
truth:0.021656973060316893
also:0.00893672970891305
are:0.0038729601301278646
native:0.0637255844689216
book:0.037466247116670764
d:0.010974965195042383
it:0.01858854739554065
not:0.007263976006939336
have:0.0030798229707689933
try:0.014677046218936101
interesting:0.01968689495133381
heck:0.02983585104999566
list:0.03507986261351301
be:0.0034847063682980203
which:0.007782483930828421
found:0.016111569308777093
writes:0.00796701675924774
spend:0.04939876162303073
things:0.013462204386387046
of:0.0035139864861278066
believing:0.029745937494473518
what:0.011089663891525678
but:0.004007730254520544
biblical:0.05499982823241585
contradictions:0.07476523184089937
find:0.012749679142610784
up:0.008093134761158943
accept:0.021518746811221286
now:0.009951291553483399
david:0.015038826743039121
over:0.012083980436863602
in:0.00214071929993362
accurate:0.026942544424056445
or:0.004062117215078828
better:0.013471179947598815
and:0.005749961061608281
gets:0.020104315315619303
subject:0.00016082504151818252
purpose:0.022655912603280644
i:0.008049945486251592
special:0.021058501161837488
we:0.024356817573144035
face:0.021622118017744336
pay:0.020077361819264356
the:0.0036325446264532674
do:0.012981649136864396
when:0.007877556884600819
serve:0.02522354573313964
because:0.010630857222256108
americans:0.05159540688560851
leland.stanford.edu:0.03040548106580899
places:0.02298085471259238
people:0.018135820964736354
religion:0.04278953328870738
about:0.011867664823155079
nose:0.03071185707323966
time:0.02854536090187434
christianity:0.02317258020422899
life:0.016809514176438015
under:0.014622430283768912
very:0.01050146079387619
little:0.0141285463969787
s:0.011212703870891896
