say:0.021810861773190155
gap.caltech.edu:0.0606753127707264
ever:0.03038416157275702
your:0.014481979565301869
ca:0.023638489610256563
times:0.03230432346543709
from:0.009730715568162938
then:0.0183434522962736
most:0.02134017774674756
make:0.02023081015344487
cco.caltech.edu:0.05173294425926692
nt:0.016415598890171
asking:0.04121187143262522
re:0.004298166698599662
nope:0.06277096284881782
jon:0.047693888088716475
kmr4:0.06382345932612232
big:0.06381104721534614
rarely:0.05890346587616021
you:0.006388494131134734
them:0.01684895599462346
m:0.01573350243811577
why:0.020456581381080533
answers:0.04816794508336072
a:0.0016051771561452815
same:0.022322912075041522
question:0.05018358812292194
answered:0.11171250070833785
allan:0.05667178754925265
theory:0.09352985878107183
hey:0.0443004481107031
bang:0.1354449812399909
ve:0.020978548264683154
keith:0.13587817479722988
writes:0.015201434276265802
were:0.01783107238473907
if:0.007702878388085164
ryan:0.05109123794256643
what:0.0105797942873176
sense:0.03777381662486196
please:0.02201626847017534
over:0.04611358051768639
in:0.002042295424074603
po.cwru.edu:0.05480375387686443
solntze.wpd.sgi.com:0.05942840882826582
and:0.004388476028629768
for:0.003739642102437632
each:0.02926447583173121
i:0.006582714042944653
livesey:0.11780693175232042
the:0.005198296620614159
do:0.00825652780352295
would:0.010720110874762942
because:0.020284164355109355
did:0.018895529234976612
people:0.01730199011578296
is:0.006176382227371584
multiple:0.049356601352020836
questions:0.03476064755454611
keep:0.03045304119684967
schneider:0.05840145365199169
dollars:0.10541620759754601
article:0.00931417103812185
ass:0.05601479428672451
answer:0.06979933430181279
