read:0.013823189401816597
go:0.011862391779232482
sentence:0.03019970289206878
at:0.005371737880819702
say:0.011570396184558192
british:0.02718661792519478
know:0.01504725762997929
posting:0.04023400679214928
islamic:0.08388301885048631
take:0.012961884941071363
with:0.007132041180360334
fred:0.028253745424875683
from:0.005162025941647413
work:0.012348002829209169
blowing:0.10397958510661025
single:0.01982577238117302
to:0.005882557390631596
trust:0.02530102599828252
next:0.016331585510665703
perhaps:0.017612570351463692
that:0.010576360531538927
think:0.00877895138736924
quite:0.016196337695789032
nt:0.004354137510502674
re:0.004560250033880129
justify:0.0290347319361986
so:0.012461104846157563
anyone:0.010200699692935312
jon:0.05060205199656504
best:0.014848634633911185
something:0.024276357526384424
on:0.003091517227068841
you:0.01694509114050981
more:0.007752555035492231
a:0.002554580718011698
was:0.010798306513431532
attempted:0.03152604614670199
are:0.01568076540490794
care:0.01930498134923108
it:0.006271745665975097
should:0.01001714720874073
have:0.0031173817874856884
yoyo.cc.monash.edu.au:0.03628829331957565
kind:0.016801992054652805
against:0.03150342429460789
dig:0.03547407751088953
doing:0.03269149884347946
has:0.006492527279796043
his:0.011246518545763761
deny:0.029266312717084065
teachings:0.032061786121039396
intentionally:0.03456532397942314
writes:0.008064175500214175
if:0.012258849142013584
of:0.002371226653240715
even:0.010238777120524546
but:0.008113210027444027
fairly:0.023928088708828576
rushdie:0.09967044965576696
seems:0.014368823715738282
darice:0.037375172779370275
they:0.005688534295778925
who:0.007884468745328343
up:0.024575494579616792
fido.asd.sgi.com:0.03708475784650897
rice:0.032858250647972716
in:0.0032502384492894597
solntze.wpd.sgi.com:0.06305209229340399
and:0.004656066030375486
subject:0.0001627863225123067
i:0.005820082537969357
person:0.03420968828138843
we:0.008217950644597379
back:0.01284363853699718
actually:0.0149043544335432
will:0.006910398444532222
yet:0.01603700452857417
livesey:0.12499028124941312
the:0.004136449445061876
do:0.013139961931216401
see:0.010788937569580343
around:0.014434112397278267
law:0.018334397105146134
did:0.01002384782587174
accused:0.033453607169703914
ny:0.025617032509651947
long:0.014514092957979176
is:0.0016382477249430726
2:0.01188054604936225
1:0.011942218853199443
nothing:0.015578390253054322
article:0.0049410541482719575
very:0.01062952738892346
teaching:0.03067631736066229
full:0.018839405389775934
grounds:0.031033598850089442
