at:0.006776653941957162
surely:0.034511647137300164
know:0.009491347120448477
default:0.11076173736004123
gap.caltech.edu:0.04060578623887075
take:0.01635191638719772
where:0.028422412280519414
specifically:0.031131097321197395
interpreted:0.04191270190652765
into:0.01377541463832605
from:0.0065120942648475046
to:0.004240612800279479
changes:0.06273706614978752
that:0.0053369942374534894
cco.caltech.edu:0.03462127808120171
talking:0.02507454754124822
nt:0.00549291193632645
population:0.060706869767450655
consider:0.024772031373624565
account:0.03134445697482508
re:0.0028764654059859275
larger:0.03273732110862141
jon:0.0638364348264359
recently:0.025456242804520687
you:0.008550753683211105
m:0.010529343939354402
why:0.013690173693492357
a:0.002148467885917531
how:0.010118176901762496
as:0.006154724309361681
40:0.058838572123458444
motto:0.0981132999957124
allan:0.03792650397526909
exact:0.032853433618025146
steam:0.048819944931188866
portion:0.03908404975171752
are:0.009890944332326547
no:0.008659582586019307
it:0.010549397838152985
not:0.004637769296738192
have:0.007865394048425428
keith:0.06062257029414873
stay:0.030374596678893712
after:0.02968021057946079
arguing:0.03928386118558875
be:0.0044497019779805485
which:0.00993763332705783
writes:0.010173267554116345
of:0.002991393624088287
seen:0.019942037620171948
but:0.005117563248080079
years:0.05145635591493216
least:0.01852047986697294
sense:0.02527940035663839
notion:0.03804046617361632
now:0.012707033829832648
in:0.0027335338752998537
point:0.016934892009692774
solntze.wpd.sgi.com:0.07954263950860195
and:0.0014684515941953457
few:0.017581750006971437
i:0.004405354782586037
becomes:0.033121277965403824
we:0.010367260813184384
ago:0.02200896711818957
any:0.007871440509913903
livesey:0.15768004711464426
than:0.01100462524784201
the:0.004638480061471095
do:0.011051044906253795
around:0.01820918794733566
just:0.009033758180506815
makes:0.02148444524809211
long:0.01831008650083527
about:0.007577047540937474
is:0.006200137543630706
does:0.01874598175903885
schneider:0.03908404975171752
article:0.006233329848589239
very:0.013409557629103442
ass:0.037486823868807945
little:0.018041066937680494
offensive:0.03857528204014409
before:0.016355340517097264
by:0.007618734421670509
everything:0.023766634491717332
s:0.004772586775815526
