apologize:0.06879184087234393
posting:0.042297289191746676
with:0.007497786881917273
arguments:0.05332718763054297
apparent:0.06204043713558428
from:0.010853490441412508
my:0.012182234119619247
to:0.0017669220001164498
that:0.004447495197877908
think:0.018458308045237886
like:0.01493127004498299
re:0.004794109009976545
complete:0.047477126285830486
description:0.05609025976135771
this:0.006730544081684859
these:0.021238922732037726
used:0.025313634722267508
took:0.0432743804668805
evolution:0.06908657828548109
m:0.035097813131181335
a:0.0035807798098625512
was:0.011352065821812635
definitions:0.13758368174468785
accepted:0.05399857206025214
also:0.019019193995891876
no:0.01443263764336551
care:0.04058996078556278
it:0.004395582432563743
not:0.007729615494563652
should:0.021061694131198457
have:0.006554495040354523
only:0.01709661843934983
larry:0.05826644917914097
be:0.007416169963300914
writes:0.01695544592352724
of:0.0024928280200735725
lawrence:0.12162138396658549
what:0.011800539782008092
they:0.011960508006509534
david:0.03200570819672428
over:0.02571718913486356
commonly:0.06616627147944631
in:0.006833834688249634
atheism:0.061784870277881494
or:0.008645018688501094
alt.atheism:0.07228727927089829
and:0.009789677294635637
for:0.008342278536207025
subject:0.00034226867810279864
i:0.009789677294635637
the:0.0019327000256129563
see:0.022684432838604822
americans:0.0549028047628911
thought:0.03441777442553477
imply:0.06145185122142943
is:0.006889041715145228
words:0.042408450403940694
faq:0.04977044952433025
article:0.02077776616196413
past:0.04235274931927389
going:0.027920713898072852
