believe:0.018569845131028554
correct:0.027967670428901272
form:0.0583483918714854
know:0.010545941244942751
chris:0.032792711477942736
your:0.021537302943269446
with:0.00499852458794485
c:0.0884135964249217
from:0.007235660294275006
wrote:0.02201346132216121
post:0.02207331456778787
yours:0.03612247269106378
batman.bmd.trw.com:0.05178556212481002
my:0.008121489413079499
to:0.0011779480000776333
that:0.0029649967985852723
nt:0.006103235484807167
jbrown:0.05159348643376679
re:0.003196072673317697
comments:0.03148722234212906
this:0.004487029387789906
student:0.03438476471939036
bell:0.03814703460667157
on:0.004333408762728974
you:0.004750418712895059
appeal:0.046258834219467686
am:0.013968686809413383
incorrect:0.043426721946352796
logically:0.20792821493427252
more:0.010866829280519026
a:0.008355152889679286
other:0.011788957160956504
invalid:0.04942442215362918
part:0.02093352232831861
witnesses:0.044941307041456935
therefore:0.0880237312962786
logic:0.035493512377751904
are:0.005494969073514749
not:0.005153076996375769
mathew:0.09172245449645858
b:0.1308080489963351
writes:0.005651815307842414
of:0.004985656040147145
but:0.005686181386755643
year:0.02115180099324489
excellent:0.03329115737897767
who:0.01105173396781067
now:0.014118926477591833
visit:0.041954072387951645
and:0.001631612882439273
subject:0.00022817911873519915
however:0.02048802482219584
jehovah:0.05595951740612568
i:0.006526451529757092
valid:0.03670106254381037
any:0.008746045011015448
will:0.009686370469258842
than:0.012227361386491123
the:0.0038654000512259126
do:0.00613946939236322
see:0.01512295522573655
jim:0.028942997837169828
here:0.015388041928405096
is:0.027556166860580912
logical:0.04023335013222882
argument:0.03007471316358737
first:0.016047477174282405
nothing:0.02183637608120435
successful:0.04096790081428629
faq:0.033180299682886834
construction:0.08936717753298759
apply:0.03418423919221943
poster:0.03893019975920084
s:0.005302874195350585
