say:0.019562319322345808
true:0.026631760743895325
among:0.035510365649338405
4:0.025611025816275043
navy:0.05926552412679311
tm:0.047382230209902544
mom:0.12313194621882766
ultb.isc.rit.edu:0.059794320976149305
that:0.017881681723426638
nt:0.007361634553839572
bobby:0.05379512978594599
me:0.011171017323758192
re:0.003855056729671861
kmr4:0.057243721251264354
contains:0.043274778400802016
you:0.00572988648874971
m:0.01411149187748528
more:0.02621482527465414
prove:0.04048348804034637
fine:0.03339336678268619
muslim:0.04368348800231995
d:0.018781899199763252
it:0.017672960295874843
not:0.012431134197442574
keith:0.0406233718465945
left:0.03014850704639754
west:0.04204030205913597
love:0.03373420041424174
be:0.005963518114819292
writes:0.0068171380517274465
get:0.013550247167949715
if:0.006908767214055766
of:0.010022710596172095
ryan:0.04582410001034309
one:0.0304116775600708
in:0.003663499008133824
po.cwru.edu:0.04915388234316707
or:0.006951664512402941
men:0.07240409386860498
word:0.09491370668546656
for:0.003354111988784268
subject:0.00027522635971152884
i:0.0019680279097463393
dispute:0.054747432055337907
will:0.023367120513469782
than:0.014748466827004755
the:0.005439454711261207
wrong:0.02725177378175114
thing:0.02333950964046347
can:0.008913051468430034
gospel:0.053110850724658654
because:0.01819301339066509
agree:0.03109850699963339
wam.umd.edu:0.05696507514417239
makes:0.028793586414968805
is:0.01107928358312016
their:0.01560498575857437
matter:0.03114333001959322
mozumder:0.0617830185650616
1993:0.03123356497948595
words:0.03410164053100386
article:0.008353947219758772
april:0.03507375115348569
god:0.08205705871469768
