recorded:0.07639802527780894
know:0.0173785228965958
all:0.013437575079525229
islamic:0.06458598634497538
wonder:0.051977009969252516
with:0.016474010613790065
though:0.035007664811418024
tm:0.06473346944169785
to:0.0019411255775927195
important:0.04425872243624257
reactions:0.07859747218985517
that:0.009771961279844418
nt:0.01005744439045688
consider:0.04535724054325624
re:0.0052667676447629656
islam:0.06597246624375358
this:0.014788237700603352
jon:0.05844180653124413
a:0.007867628878007859
as:0.011269213524183358
prophet:0.07782552519696792
woman:0.06167983940134398
said:0.030866265192442708
are:0.009055089881707402
have:0.007200712861234548
being:0.027405689153875326
interesting:0.046028514956639614
after:0.05434404753985778
be:0.00814734164982354
considered:0.048490745876228335
writes:0.009313554803064259
of:0.0027385997967005445
women:0.10645958292488521
code:0.04564102127227741
in:0.0025025310125984575
solntze.wpd.sgi.com:0.07282072631069192
ali:0.08816311921218202
and:0.0026887141865548584
for:0.009164756701748563
subject:0.0003760134773523704
fourth:0.06796930374233956
i:0.005377428373109717
we:0.018982308531182678
livesey:0.1443549727105898
the:0.0031848718731931815
quote:0.0568303931343745
would:0.013135910508512339
may:0.02621162714703987
is:0.0037841215055023085
viewpoint:0.08073558504715102
night:0.09430520694602886
man:0.04081759632105914
article:0.011413139159388746
very:0.024552711151879538
s:0.02621561750095852
