muslims:0.03531003818853274
say:0.015180359794140348
there:0.0036711159423085896
all:0.0076325426451703295
jaeger:0.046400393077491865
principles:0.020189239427697167
islamic:0.018342420121973006
buphy.bu.edu:0.023343068869154247
atheists:0.05012008457290321
with:0.0023393095071581895
sticks:0.024616883793628388
ca:0.008226194384369284
into:0.007163215611929546
odds:0.023130629567898457
from:0.006772578035441405
to:0.0022051186561453293
psychology:0.022378420641886696
then:0.01915056419730964
born:0.017191691832165883
basic:0.03055722247648
direct:0.015975102490296697
bunch:0.0162248120846173
make:0.007040321933398815
that:0.008325711010427443
nt:0.005712628413779508
could:0.0060364366213042295
anything:0.009284964601277614
sarcasm:0.04668613773830849
re:0.0029915240222253645
so:0.016348969558158722
islam:0.16862562371903414
this:0.002099929753485676
jon:0.033194946109746666
he:0.025442131320323764
apr:0.014908833108151996
something:0.007962645268654091
principle:0.01996428055440566
on:0.00202803530095716
you:0.013339175745809324
gregg:0.022156141237267453
dare:0.020123664188594462
none:0.014490040929685175
them:0.005863436686128964
incorrect:0.04064741174178622
temporary:0.10536778848035301
a:0.0033516099020313482
how:0.005261451988916498
same:0.00776837340211445
want:0.0075703918708487266
as:0.003200456640868074
prophet:0.02210244915593889
rejected:0.020991922209545773
acts:0.01751707438998169
muslim:0.03389838668980028
course:0.009784607199600077
no:0.00900596588946008
it:0.0027428434379197755
not:0.0048232800686077194
have:0.0020450024525906114
date:0.014311196759133293
argue:0.017038416374957337
against:0.020666246337262772
expect:0.013824884332633552
always:0.01062782439199483
after:0.007716854750659806
attack:0.01579479027302473
robert:0.012781648115830815
reject:0.02042760781650615
uses:0.013659980519345747
mohammad:0.02538637136421821
his:0.007377716166021027
be:0.0023138450285498853
phenomenon:0.02221056384549057
considered:0.013771371828848848
writes:0.0026450495640702493
were:0.006205213189889197
if:0.005361203358107274
of:0.005444336395840682
defending:0.04257049460377594
even:0.006716637791064102
what:0.003681768411986525
but:0.007983398667004923
never:0.008815756923447441
gmt:0.01694919334490014
using:0.008817682314579684
easy:0.013254726257035231
must:0.00926984170991799
they:0.00746335699606195
who:0.005172211496935393
up:0.005373841481409539
good:0.0064800394054379965
one:0.01966621815551245
in:0.0007107188075779619
atheism:0.01927687952669903
become:0.013248891099180591
point:0.008806143845040243
5:0.010395491547670731
or:0.0053944916616246825
solntze.wpd.sgi.com:0.020681086272236505
clean:0.017367368767905223
better:0.008944863485205613
and:0.003054379315926319
word:0.012275506064653675
subject:0.00010678782756807318
i:0.0015271896579631594
explicitly:0.061821030243502675
psilink.com:0.024928729959507234
will:0.004533221379613137
committing:0.024057836024127754
livesey:0.04099681224980751
later:0.012781648115830815
than:0.01144481025775569
the:0.0018090072239737272
do:0.0057465433512519735
when:0.020922791085499774
rule:0.01579479027302473
would:0.0037305985844175043
can:0.01037479190925256
because:0.007058889195578056
agree:0.012066220715857758
needs:0.013397386250677388
convenient:0.021894610200216047
mr:0.013507822713133655
an:0.007183185108493894
long:0.00952124498043434
people:0.01204218512058494
religion:0.014206125051850852
about:0.003940064721287486
general:0.011793721452350206
is:0.0096722145680639
argument:0.014074965760558888
marriage:0.02060701008116756
does:0.0048739552573501006
attempting:0.019995653264249767
mozumder:0.0239718112032439
bu.edu:0.02119922248100412
1993:0.012118623212040549
whenever:0.01897293589878734
atheist:0.018280403375829146
article:0.0032413315212664042
bad:0.010962404186985537
understand:0.011984629051742614
by:0.007923483798537329
says:0.020488213955420546
god:0.0318381387813027
