land:0.05935272157593636
hide:0.07437743280834867
ca:0.06138951033111406
someone:0.03288743454720925
from:0.012635406782539934
to:0.004114027343554719
that:0.0051776809766339825
think:0.021488776530276945
nt:0.021315777663356374
its:0.030863053075136867
consider:0.04806513550106258
re:0.005581201534002545
so:0.030501808877161793
jon:0.06193086960773632
you:0.01659101460921558
keith:0.05881294133014428
after:0.028794234144253004
without:0.03354045499705216
writes:0.009869587925635259
get:0.019617522019270483
kill:0.055143762785125165
of:0.008706294876077849
years:0.033280230193737215
policy:0.05726488422267612
in:0.0026519358491714994
yes:0.039803669709013265
or:0.010064350114971423
solntze.wpd.sgi.com:0.07716823235909144
and:0.005698468872996863
subject:0.0003984620431644522
austin.ibm.com:0.15576500266378393
jews:0.11028752557025033
i:0.0028492344364984316
back:0.06287632000201604
ways:0.053258781810135734
livesey:0.15297318003659516
the:0.0011250044925209745
when:0.0195175289976677
around:0.03533126019632292
can:0.012903970036383782
1000:0.06974054339526688
come:0.0358387115592449
german:0.07008367053294895
f:0.05546613758816191
remark:0.08630831928320319
their:0.022592292814652446
history:0.04956727767687882
israeli:0.062338413647889564
article:0.012094520601740313
jewish:0.05708219683619102
says:0.03822427976757564
poster:0.06798258763920147
plenty:0.06957189331684997
s:0.018520485995702038
