some:0.010241551536257491
believe:0.00952926263302781
at:0.003863881633572066
corrupted:0.07885464211593388
all:0.012553524087451199
damn:0.018867705514748274
take:0.009323461097963611
versions:0.01947553956424892
text:0.06344848654795732
wonder:0.01618582327989881
with:0.00256503235434012
miller:0.020884631743581447
such:0.008434285980121923
copying:0.024999849456708335
contents:0.021856526307716496
my:0.004167606409343426
to:0.0036268398949758705
obviously:0.016148653863271738
otherwise:0.015585021191280858
then:0.013998950436629852
important:0.01378232146040887
most:0.008142962561258937
death:0.014716738526475535
enough:0.010667318100602613
been:0.0064352648562343824
make:0.023158953728285574
that:0.012172092120507957
really:0.01711750651921865
nt:0.003131923472466835
need:0.008426324524110684
re:0.0016400899244656602
anyone:0.0073373453931639965
this:0.006907663662781828
off:0.009576567754194519
weak:0.020518922932445255
reply:0.015750861926996245
getting:0.011895620930810027
he:0.006974268454036119
something:0.008730970689313696
two:0.00817890102040926
certain:0.014457521893686442
you:0.0024377148658277273
hebrew:0.02395207792915417
bible:0.04735438818233285
seeing:0.017580217830958013
why:0.007805800790149151
a:0.0018375054287452564
how:0.005769135952759317
was:0.011650804396070863
old:0.011613653869922472
theory:0.01784451253059923
are:0.0028197867614088838
literally:0.02292973634070076
likely:0.014501793004077754
it:0.007518759424122192
not:0.007933026428631116
authors:0.022555351038283405
should:0.007205316413304735
cs.umd.edu:0.025141344466437374
being:0.008534227762829596
copies:0.019803615060225665
400:0.020135206028396503
after:0.008461463542390137
has:0.004670063481958557
shows:0.016948309814122417
nonsense:0.023061986508116056
be:0.0050742215538374675
comparison:0.020469081885733348
writes:0.00580054728962774
were:0.006803961831018855
if:0.011757024908129987
of:0.005116857514887859
even:0.007364734420026428
years:0.009779716767457865
fact:0.010518715476442278
well:0.007380999605935723
who:0.005671284536113369
david:0.010949321225195149
good:0.014210612731223676
over:0.0527879145399831
in:0.00467578162880238
wingate:0.026574170037731455
satanic:0.025841476683945635
and:0.007535475286002431
word:0.013459984720014993
for:0.002853937393965561
seriously:0.01700418273419886
subject:0.0001170919161930627
space:0.013410143673303085
p:0.1328734752486059
i:0.0016745500635560958
any:0.004488102045126348
favorite:0.021195022405371827
pretty:0.012622894986489589
the:0.0042977145306393365
originally:0.01995524376226553
merit:0.02592664372717854
intended:0.01784451253059923
would:0.008181137246529614
can:0.007583912214365906
put:0.010909909208538505
sp:0.020697966768060412
makes:0.012249902992333219
jesus:0.015233330788126342
people:0.013204150351518572
changed:0.01657594383260274
is:0.005891943572163682
mangoe:0.02733413372752986
translations:0.026102105721098272
right:0.00850821751662412
time:0.006927675306595235
man:0.012710742714014029
first:0.008234889602592286
too:0.017127349718109617
charley:0.026475604880485584
him:0.010511032032295208
article:0.003554091580335969
very:0.007645800402558979
little:0.020573146507881262
inspired:0.0488283709079384
complaint:0.026192541191285706
ann:0.024795814300414942
by:0.013032045721278501
manner:0.019999546814837912
god:0.023273493261186183
s:0.002721211758140431
