since:0.009905057541602383
all:0.004723108072506392
case:0.012235698551023542
means:0.014032649606132439
your:0.006237288228620112
c:0.025604927677514454
from:0.00838190350920966
members:0.01825862528962681
suggests:0.024408146122697923
both:0.01111734694211999
to:0.0027291072477046156
property:0.045248523207497886
t:0.012753827004952683
that:0.00515204889259124
appears:0.019308420927694712
re:0.0018511906078127255
this:0.0025989229622347476
kmr4:0.027488321590953674
set:0.03934774134840477
logically:0.030108417261522132
philosophy:0.024229408475954776
m:0.006776310456020159
a:0.00414803205696949
same:0.009614323517468378
j:0.04535834642864647
as:0.007921922378386322
witnesses:0.0260303610091607
therefore:0.033989361589652135
are:0.009548188835661765
those:0.009187701258849308
works:0.014728346502726437
desired:0.02703501865270867
it:0.0016973041076236235
not:0.005969406025504603
should:0.008132733377393463
az:0.03157111138475894
contain:0.02321687528724383
have:0.002530943629443826
being:0.019265385444803447
strict:0.02821765186202723
properly:0.04263134787626234
keith:0.019507262718414194
university:0.011635347037617098
second:0.013612355329961716
b:0.030306023232814276
follows:0.021257546126860462
be:0.005727339179578924
which:0.019186519789864125
g:0.035000019415955465
writes:0.006547152386312498
conclusion:0.06555081346881077
dept:0.02031340341753366
making:0.015220827677586157
things:0.02212599928851732
if:0.003317576335462422
of:0.011550925875192394
arizona:0.02783956780863825
ryan:0.02200464208417465
but:0.0032934812982693576
using:0.021825946323217035
they:0.004618413982711602
up:0.006650793912635567
in:0.003518409938504762
po.cwru.edu:0.04720719393353669
visit:0.02430013103658585
identity:0.11255875879527447
rather:0.012740018083727047
and:0.004725215525876112
for:0.0016106379352082872
however:0.01186682625840056
jehovah:0.03241219572533022
than:0.0070821845654428775
the:0.005970320871200419
can:0.004280029665533235
instead:0.015186803522696244
an:0.004445040289909588
jim:0.01676401359875678
eg:0.025027765642272215
here:0.008912875770412852
jesus:0.10316433919879621
belongs:0.027160354335799216
statements:0.04173741870129105
e:0.015400444039870429
is:0.01729081262167639
remark:0.028627016791953536
eternal:0.13698985501979544
first:0.027884477664223382
premise:0.11629323740532496
article:0.008023097824916841
translated:0.05659372294530635
letter:0.04040642593802828
god:0.09194181991300285
s:0.003071466736910982
james:0.017126701819985282
