above:0.03490584654010955
say:0.02432749967009671
all:0.01223163885443963
wonder:0.04731240651047344
4:0.03184960902793178
from:0.010853490441412508
killings:0.07858369661303494
name:0.03541323725423399
to:0.0035338440002328996
add:0.04405410790322716
civil:0.053502813840262994
ultb.isc.rit.edu:0.07435960429085234
that:0.004447495197877908
bobby:0.06689907165688155
anything:0.02975950192717184
re:0.004794109009976545
am:0.02095303021412007
3:0.030018794162020763
more:0.03260048784155707
sure:0.027974923335374404
a:0.0017903899049312756
horrible:0.0660481092345114
million:0.05017322127091203
genocide:0.05776361952332968
standard:0.07805242411441632
accepted:0.05399857206025214
caused:0.05105530998788676
not:0.007729615494563652
war:0.09068782347623121
has:0.01365095479341732
list:0.07465714351080974
be:0.007416169963300914
writes:0.00847772296176362
of:0.004985656040147145
america:0.0504838276213649
what:0.011800539782008092
in:0.01822355916866569
atheism:0.12356974055576299
5:0.03331888316561132
subject:0.00034226867810279864
i:0.004894838647317819
6:0.03767114913537429
will:0.014529555703888261
than:0.01834104207973668
the:0.0028990500384194345
can:0.011084179390227093
people:0.01929837359068099
religion:0.04553245208926555
about:0.012628412568229122
disclaimers:0.07001376625445065
is:0.003444520857572614
else:0.03239169519664175
lot:0.03177632549058193
2:0.02497960964224883
mozumder:0.07683272821552531
1:0.02510928066570139
x:0.07808102537297698
deaths:0.06247803978134657
resulted:0.07084118319211181
by:0.01269789070278418
