another:0.02072434888213625
there:0.008577373696982686
lead:0.036114155491774866
chris:0.035857450868404674
your:0.011775067497021145
apparent:0.04522573922033246
from:0.007911890228319398
to:0.006440182991078649
death:0.03135903162650862
die:0.03521265767693784
nt:0.013347262649017541
suppose:0.03601999051991747
re:0.0034947710540015934
penalty:0.04528867410053194
so:0.009549631751260935
bell:0.041712178027855824
something:0.018604311375360026
you:0.031166298471517112
philosophy:0.04574150011348471
more:0.023764841604125717
a:0.001305144042847098
j:0.02854325850026974
private:0.06634917988176732
no:0.010520988188621587
lacking:0.054043527027800124
reason:0.02497394321503297
not:0.005634672977345466
az:0.05960153738057295
university:0.02196579534204349
against:0.07242843342498635
punishment:0.17731715793259192
without:0.021001967147686866
be:0.016218539919742186
which:0.02414752023397229
writes:0.006180022345958526
kill:0.06905854404866142
dept:0.0383486681340355
if:0.012526176070344097
of:0.0036344034685184792
arizona:0.05255694109668155
seems:0.02202324382599138
in:0.003321115923261504
our:0.02083902264467657
for:0.0030406435786175137
i:0.0017841000677139712
person:0.052433540917268234
we:0.025191474873158315
punish:0.1071444212775275
any:0.019126864790444995
will:0.07414147116189711
than:0.013370105441303374
the:0.0007044420654103298
wrong:0.04940975807158617
do:0.006713251578565389
would:0.008716351832751178
holding:0.04305288261393536
jim:0.0316479509060642
tour:0.057060100787267885
people:0.028135946543422753
hold:0.064855712391477
is:0.010043836519277155
done:0.02475386496654858
their:0.028293151749190913
article:0.007573204488940196
by:0.009256406306702486
james:0.032332652033990904
