taken:0.021395333115315978
obvious:0.024978235804558522
at:0.0057205520289248775
say:0.012321720612126906
axes:0.040295547031134075
true:0.016774550598427578
threatened:0.03579459131321235
case:0.016049422774719192
take:0.013803565781400672
warrants:0.03825880963597147
atheists:0.027121257885770137
both:0.02916498808192517
to:0.0026848035586185016
everyone:0.019853978944890282
tool:0.06105762137686199
been:0.019055069963914796
that:0.011263137189431064
think:0.01869802633153968
cco.caltech.edu:0.029225754224391054
really:0.012671400929811208
nt:0.01854749484993347
could:0.009799410099519854
its:0.013427432182040067
me:0.007036290132497044
re:0.0024281850829751335
so:0.006635133749252728
this:0.010226930617625045
discuss:0.029041963470086817
tools:0.028892680884212152
off:0.014178295116599678
stealth:0.0344837721387518
you:0.010827253040429646
used:0.01282119161257705
a:0.0018136417218784352
said:0.028461101670953667
let:0.02993685380198474
motto:0.12423437337119428
allan:0.03201587997912325
are:0.012524247693530367
no:0.007310037247938376
it:0.0022263339593504676
not:0.0039150000556880836
should:0.02133522262640883
have:0.013279236705133842
try:0.015820712158073978
only:0.008659326222527835
keith:0.07676234550233117
left:0.018989644048704946
talk:0.022464894595045633
without:0.014592275875340878
be:0.011268725788392298
which:0.008388911250113753
guns:0.026201025406107723
writes:0.004293911629984172
certainly:0.019972449852309358
if:0.004351626102359801
of:0.002525202409944658
what:0.005976896772705398
but:0.012960062771111888
saying:0.01958802064262623
least:0.01563417131627586
order:0.018209849747613586
must:0.01504844433428245
in:0.0034612928940485157
or:0.004378645829240814
use:0.010797269660697066
better:0.014520882281177943
and:0.0012396019950999672
for:0.0021126549539745064
subject:0.00017335686293518376
murder:0.027782986981807402
i:0.004958407980399869
away:0.03596082579641131
rare:0.032937764792567326
the:0.002936700038918388
do:0.013993206212464221
see:0.011489517931241405
would:0.0060561665331453
can:0.005614064885959178
individual:0.02507588435887372
here:0.011690914971580495
people:0.02932350272869709
religion:0.09224756527175877
about:0.006396208963129036
subjective:0.034842620701576794
is:0.00523388234202592
schneider:0.06598605802238022
first:0.012191914476565202
objectively:0.038135120058239685
almost:0.01962333071600369
removal:0.03701276413071104
understand:0.03891113328487862
by:0.012862798374248911
mike:0.02074942875946561
poster:0.02957684007679544
s:0.004028807018545574
