some:0.021823119161371102
since:0.018699267508445618
validity:0.11012816231662813
there:0.008577373696982686
atheists:0.039034333779519634
i.e:0.03228541118668601
miller:0.044501832126509995
from:0.007911890228319398
both:0.020987888619703157
to:0.0038641097946471893
janet:0.047485294090871745
death:0.06271806325301724
perhaps:0.026994967641495747
measure:0.043152838586989074
ultb.isc.rit.edu:0.05420606667931292
that:0.0032420993031259514
quite:0.024824293290742067
bit:0.025468076617342985
like:0.01088447722905302
anything:0.021693842526349566
re:0.0034947710540015934
this:0.0098127558574097
weak:0.04372256475324784
principle:0.04664551531403192
on:0.004738400235881214
m:0.01279266086089787
more:0.011882420802062858
a:0.006525720214235491
richard:0.13966644915060852
horrible:0.0962944396316241
as:0.007477702431934751
genocide:0.04210805909177304
underlying:0.05471136781267998
definitely:0.03977431536561479
andrew.cmu.edu:0.03808205053016131
are:0.006008517585058182
internet:0.05339315781522628
causes:0.03987991868574501
caused:0.03721788952388007
religious:0.03431214771130951
thread:0.03890586722900902
it:0.0032042563527100183
arguing:0.047728055646042405
list:0.02721148221422037
be:0.005406179973247395
writes:0.012360044691917052
get:0.012283868927954413
of:0.0072688069370369585
result:0.03303740150478039
seems:0.02202324382599138
atheism:0.0900788762929861
according:0.03214510471575904
rather:0.02405124909264358
and:0.0017841000677139712
few:0.021361004681367163
subject:0.0002495042700188626
i:0.0017841000677139712
than:0.013370105441303374
the:0.00211332619623099
wrong:0.04940975807158617
arbitrary:0.05036217856324789
would:0.008716351832751178
because:0.01649273176536929
wars:0.04503943814649305
moral:0.03751546527954042
here:0.01682617668806912
is:0.012554795649096444
viewpoint:0.05357221063876375
else:0.02361263761998184
mozumder:0.056008904680476396
history:0.03103745424626991
theists:0.10874296657543707
deaths:0.09108947855972023
ann:0.052835940752286044
give:0.02208632029304679
resulted:0.051641236345651605
by:0.018512812613404973
