some:0.013789805611811269
at:0.0034683661907654764
effects:0.016936365580167742
say:0.007470649504990328
british:0.017553564329653323
committed:0.05234001201574007
all:0.0037561725615995714
jaeger:0.045669678225877815
delete:0.02108056705822399
tried:0.012196315169435713
case:0.00973075239097148
islamic:0.036107126224356315
actions:0.015567804898378551
buphy.bu.edu:0.022975461485388038
lawyer:0.020907483895148727
c:0.030544460969633383
into:0.007050409066859789
apparent:0.0190517877817936
hacker:0.02231776823868266
from:0.0033329616316148643
to:0.0027129904726197456
within:0.012741929985522904
crime:0.06316878622421285
us:0.03243899820763773
nasa:0.016890318179525257
that:0.002731532483736038
britain:0.04383019120870061
nt:0.005622665761594004
hot:0.016470937743155164
could:0.011882749254535885
me:0.0042660971669470265
anything:0.009138744686296866
television:0.020582597975117217
re:0.00294441340770213
so:0.024137258205942994
uk:0.017014328679759
authorities:0.036659170052600616
had:0.012081956580174292
islam:0.018441122453962615
this:0.004133719987176527
he:0.006260366958741084
on:0.003992195474325117
gregg:0.021807225627231745
material:0.016624801325999538
united:0.015439062924713453
particularly:0.01581535549267946
m:0.005389034299669575
why:0.014013563623259893
more:0.005005586715829629
legislation:0.021170048361678934
a:0.004398438191642189
was:0.010458202371276207
as:0.006300111497771798
red:0.014222909271427367
said:0.008627971766391466
spite:0.02343023663153703
course:0.009630518897244169
others:0.010615465445151165
files:0.013028785687353106
are:0.005062294343316736
no:0.008864139654980393
pressure:0.017325522409445824
it:0.006749122632676613
not:0.009494645804345904
have:0.004025595379115377
received:0.015233428309652644
ames:0.02024653557767172
ve:0.007185565744202497
similarly:0.019499020764957794
mathew:0.0422501069924632
viewed:0.021970159549132746
has:0.004192025487742327
mantis.co.uk:0.021549813189189023
sites:0.017932414849710622
be:0.011387032620816364
which:0.005086190285502039
writes:0.0026033952402266234
were:0.006107493297135036
if:0.013191937396917505
of:0.0030620564656021836
but:0.005238450568900868
instance:0.01682974763291313
rushdie:0.06435414859663693
they:0.01836455953755401
net:0.013051742066529459
called:0.010560057070302102
in:0.007694790239525178
government:0.010596909207150777
system:0.008800087910403641
rather:0.010131825405168753
and:0.001503139427129094
for:0.0012809010350869055
subject:0.00010510612949613503
p:0.026504945193947638
outside:0.014192030620006004
i:0.004509418281387282
person:0.01104407259477894
actually:0.0096232839649649
physical:0.01679980826525479
research:0.01215484834856999
committing:0.02367897246469267
than:0.005632288512675044
the:0.0032642846889289695
wrong:0.010407173452086065
do:0.005656046605562966
when:0.005148324578124945
automatic:0.0181364505499649
would:0.007343698000821858
can:0.003403803119833517
law:0.023675914371999732
country:0.02654137092929238
did:0.006472090722216399
countries:0.033192750305751154
put:0.009793146848609368
simple:0.025977862653198746
an:0.007070064083163281
kingdom:0.01952873417297111
about:0.007756032915920248
company:0.013252472596973819
lab:0.016967365802336664
is:0.006346597485606234
issue:0.012328189005767138
right:0.015274595226695272
time:0.0062185431885972975
holland:0.043000580849190166
does:0.004797200056446949
their:0.005959384325124858
matter:0.011893318944490324
x:0.035966456569442154
under:0.009556391445297793
legitimate:0.01801276473802246
borders:0.021650767640422633
commit:0.020543809406443944
by:0.003899352263059709
wish:0.014708966593617239
elsewhere:0.01865021625441123
s:0.0048853250461103805
