out:0.006810272249019999
round:0.025437472208088084
say:0.010968468059349961
final:0.022292765301945634
form:0.019730525575039858
all:0.005514842951712666
atheists:0.02414262262663931
method:0.0230687741199223
unusual:0.028987206157333707
to:0.003983234566736505
look:0.013706175284831852
camp:0.03322980254508053
death:0.019395470427956196
us:0.03572039976043345
ii:0.021221964191387964
been:0.008481158307638377
that:0.006015687146262603
through:0.013696319618640616
nt:0.012382865058770608
could:0.008723174308243107
generally:0.022351153140017913
camps:0.033732758481436774
re:0.00432301159281122
happened:0.01949306877883486
so:0.023625678552252487
political:0.02083685420509552
kmr4:0.032096190528165564
these:0.009575930480340708
fair:0.024408667842797008
standards:0.0244930539666187
you:0.006425421842875397
am:0.009447030963591709
them:0.016946348803840935
m:0.007912223769457064
sure:0.025225942429586166
a:0.0024216834552249623
other:0.007972878542380987
was:0.010236544902906191
minority:0.02867224554875527
let:0.013324495622848698
died:0.023446260237886273
solution:0.02248472293776444
step:0.02404347187966677
far:0.0143894686249792
those:0.010727836151951215
caused:0.023019157104365126
it:0.005945469879883906
not:0.00697005790261231
have:0.002955205856344814
japanese:0.028941147373234423
only:0.01541660391062759
trial:0.08132616430098127
keith:0.0227772662954894
mathew:0.06203194899471475
allowed:0.022149325018016596
after:0.011151524206155786
punishment:0.02741753742599326
war:0.040888151625121584
mantis.co.uk:0.03163961011591914
without:0.025979311963034622
be:0.01003112006596771
constitution:0.026155956119519166
stick:0.024429649161008447
considered:0.01990082634226712
writes:0.0038223259596390884
were:0.008967071083654908
if:0.007747403696686812
of:0.003371802061833618
short:0.02001721309607669
ryan:0.025693281508689478
ethnic:0.029885962821151017
what:0.010640949167591111
partly:0.034169218322524314
seems:0.013621312655381954
groups:0.021270436985470473
they:0.010785197971187788
who:0.007474294070715886
up:0.015531333761299244
in:0.0030811508999044586
po.cwru.edu:0.027560269290677487
or:0.003897754090769279
world:0.014573703403079057
total:0.021161939282106367
and:0.00551730367761257
subject:0.0001543176698960595
jews:0.02135625495146466
i:0.003310382206567542
nazis:0.03033514770165574
the:0.003921258433469062
originally:0.02629939640344821
do:0.004152126698881483
intended:0.023517623450731932
would:0.0161731152503649
because:0.020401413860052182
agree:0.017436735138522768
during:0.016926991386141448
people:0.008701000809671199
immediate:0.027743787778045006
prepared:0.027524254552234506
is:0.0015530209646859184
run:0.01547303137796182
insert:0.029995029204413347
history:0.01919657574769295
guess:0.017318828109454645
under:0.01403077125494589
almost:0.01746816722696282
afford:0.02731275485609409
disease:0.02629939640344821
concentration:0.034765658994404265
killed:0.021114364142588934
citizens:0.023626347912913993
by:0.011450121096152208
doubt:0.020116024849598655
s:0.010759010650682398
