some:0.013267464490151752
watch:0.043683680006526705
atheists:0.09492440260019548
your:0.014317411615696166
such:0.021852468221224986
to:0.001566135409194126
crime:0.09116404375539809
look:0.026945094594044438
perhaps:0.03282342656409142
potential:0.048707640236607896
cco.caltech.edu:0.051145069892684344
like:0.013234534812598559
nt:0.016229057993691783
could:0.017148967674159743
re:0.004249323895206484
wait:0.04172045233079679
political:0.0409633611077446
this:0.005965709526947943
criminals:0.052969509684419866
you:0.012631795213834588
them:0.016657490585593647
why:0.040448240458045605
a:0.0015869365066436309
sorry:0.036107007781120734
closely:0.056540522182561934
allan:0.05602778996346569
electronic:0.04901899221601829
are:0.0073058111545593815
not:0.006851250097454147
should:0.018668319798107725
have:0.005809666058496055
probably:0.027127542216241005
follow:0.04292036718656006
keith:0.13433410462907955
mathew:0.24389834491103757
mantis.co.uk:0.12440119431940935
device:0.045615395283077564
be:0.006573423376562174
sort:0.03565296940523898
writes:0.0150286907049446
justification:0.05864737699314561
if:0.015230691358259302
of:0.0022095521087015756
what:0.010459569352234447
they:0.021202718738812357
up:0.015266595117640735
in:0.0020190875215283007
and:0.0021693034914249424
for:0.0036971461694553865
subject:0.0003033745101365716
until:0.032513246879143684
i:0.0021693034914249424
we:0.0459458149675217
similar:0.0359631623621216
punish:0.06513893793576957
cost:0.037738722776714556
the:0.0017130750227023932
do:0.016325407247874926
devices:0.04823498231275748
would:0.010598291433004274
reasoning:0.05446868630990336
instead:0.0348606171770982
just:0.013345324584839613
people:0.03421075318347994
schneider:0.057737800769582695
commit:0.11859380884629003
before:0.024161298491166414
especially:0.03551472394883343
