above:0.010890624120514182
ability:0.01603315866183371
believe:0.008690687521321362
choice:0.015089450698074172
at:0.007047720099635449
out:0.004712708396321839
there:0.0036711159423085896
know:0.004935500502633207
all:0.0076325426451703295
paragraph:0.019841193919738646
benedikt:0.022435975591695093
anyway:0.012194055286578137
strikes:0.04442112769098114
where:0.014779654385870094
text:0.01446625493293427
way:0.006929491278186173
from:0.010158867053162107
batman.bmd.trw.com:0.024235643074411086
my:0.011402571135963616
execute:0.023270994847143536
to:0.003858957648254326
recall:0.01564342086029209
then:0.006383521399103213
most:0.007426381855868152
make:0.007040321933398815
that:0.008325711010427443
choices:0.020534280804834795
like:0.004658556254034693
perfect:0.03240069435309511
eve:0.023567426735758422
could:0.012072873242608459
jbrown:0.024145751651002856
me:0.008668709443236357
re:0.0029915240222253645
had:0.024550535770914164
he:0.019081598490242824
something:0.007962645268654091
satan:0.021032531695401844
big:0.01110312221547023
on:0.00405607060191432
you:0.0022231959576348875
fall:0.04680361232873199
assume:0.013885954221156705
bible:0.014395734007429188
sin:0.017223064542009985
more:0.005085676103282904
a:0.0027930082516927903
how:0.02104580795566599
beings:0.02028966311222147
other:0.0055172319513276434
was:0.01416737814562217
as:0.00960136992260422
mankind:0.022378420641886696
pointed:0.0173025900242253
given:0.011151150236725124
therefore:0.013731702082219464
also:0.005933988526718266
act:0.014926532252073419
speculation:0.021997179922669398
based:0.01208361204760217
mind:0.012118623212040549
are:0.0025716455264049023
christians:0.014387974548157881
d:0.007287376889508142
action:0.014727572323303828
it:0.0013714217189598878
not:0.007234920102911579
choose:0.03179042791509807
have:0.0020450024525906114
being:0.007783215719700593
probably:0.009548894860116834
fundamental:0.01954909337967909
opportunity:0.018405413549845564
theology:0.0215087691354658
genesis:0.021997179922669398
between:0.009291463384185622
discover:0.021844295071388603
b:0.012243633386056968
ex:0.021945566303325767
evil:0.033413389715268804
call:0.01062782439199483
his:0.007377716166021027
free:0.057750155882494714
be:0.0046276900570997705
which:0.010335138660140143
writes:0.0026450495640702493
showing:0.017176097270503253
if:0.002680601679053637
of:0.002333287026788864
offered:0.01851265857964819
what:0.00736353682397305
explain:0.014380230112050417
but:0.015966797334009845
biblical:0.018259942973162063
nature:0.04574898170711724
least:0.00963064953082593
fact:0.009593068514515357
who:0.005172211496935393
one:0.00393324363110249
in:0.004975031653045733
visit:0.019634505877561367
and:0.002290784486944739
still:0.008166836328918188
for:0.001301395451648296
subject:0.00010678782756807318
cause:0.012614004533368266
create:0.015211382764974475
i:0.002290784486944739
we:0.01078195124571176
mention:0.015098699257107691
catholic:0.018622858386721113
will:0.0362657710369051
yet:0.010520274970744654
exist:0.014546097903184422
than:0.005722405128877845
the:0.0027135108359605904
do:0.0028732716756259867
effect:0.013865493818489625
did:0.019726932521315584
moral:0.0160566191396433
may:0.007444102109759323
come:0.009604774697877634
an:0.01077477766274084
thought:0.010738345620766851
salvation:0.041983844419091546
many:0.007412804110312374
about:0.003940064721287486
stops:0.021697039178897738
is:0.005373452537813278
having:0.010467565569681446
representative:0.02119922248100412
time:0.006318039879614855
man:0.011592197355180796
created:0.015192380353940084
first:0.0075102193175641645
words:0.013231436526029499
very:0.00697296996713379
de:0.032327856217151764
origin:0.01938355251502767
conscious:0.024057836024127754
contradiction:0.022613782641978428
by:0.007923483798537329
seem:0.011038850219582952
god:0.0318381387813027
s:0.00744523537027222
roman:0.02042760781650615
