muslims:0.04797559536485426
there:0.004987929269441018
know:0.006705843074229901
all:0.005185151253512452
jaeger:0.03152200616677436
principles:0.02743103183111028
islamic:0.024921766470072017
buphy.bu.edu:0.0317161261809161
your:0.006847457729245992
with:0.003178409656464931
into:0.009732629907512969
odds:0.03142748582594899
mentioned:0.019104150102129555
to:0.003745106413290301
psychology:0.0304054628286504
then:0.017346525541041338
young:0.020402475690620578
born:0.023358276945877558
basic:0.04151796532130435
direct:0.02170530229659877
make:0.009565654800813606
that:0.00942675612593687
nt:0.007761723388287375
could:0.008201680191989443
bobby:0.028359389071938922
sarcasm:0.0317161261809161
re:0.004064570682371419
so:0.016659955392145435
islam:0.12728383432898108
this:0.00570633085186325
off:0.02373323312996033
something:0.021637623012646986
principle:0.02712538118805117
you:0.015103233407845702
fitting:0.03257039565658138
disclaimer:0.020402475690620578
great:0.013702449395286287
a:0.003794848168060856
want:0.0102858585201749
as:0.004348446522918578
prophet:0.03003050157056914
muslim:0.06908638591671253
hands:0.04353662994951188
no:0.006118183348817988
likely:0.01796961307027026
it:0.007453378907390695
not:0.0032766848292172003
being:0.010575021358288849
try:0.013241248219257568
ve:0.009919204886018664
argue:0.023150022248583337
against:0.014039569522596992
attack:0.021460312870957513
punishment:0.025778445514656707
reject:0.027754901924600745
mohammad:0.03449235239703561
be:0.006287622360189905
which:0.007021153981073466
phenomenon:0.03017739652919914
considered:0.01871110302832724
writes:0.0035938173424867517
if:0.007284243693080536
of:0.004226969251429101
but:0.003615669686143534
please:0.010409866070137254
must:0.012594893627605963
find:0.01150242792213799
highly:0.022699313665264134
one:0.02137632408207875
saudi:0.03318168904476991
in:0.002896951661323214
requirement:0.028979570086979253
point:0.011964869354674243
or:0.007329472366337884
succeeded:0.0320209602388022
better:0.01215334712663806
and:0.003112478922479265
word:0.01667867671827945
for:0.0035364006838268913
subject:0.00014509215702183858
i:0.00414997189663902
mats:0.034659589672398405
explicitly:0.055997310003172714
back:0.011447590869932269
than:0.015550013937168055
the:0.0012289451249821515
do:0.007807803466374963
when:0.007106926319802912
rule:0.021460312870957513
would:0.010137496153308435
convince:0.025679927120131944
come:0.01304996562211635
an:0.004879881187835526
long:0.01293647415819883
people:0.016361664566012145
about:0.010706697612194256
general:0.01602407806025843
is:0.010221241240405693
done:0.014394910605547274
assuming:0.043132279039880456
does:0.006622221817051768
attempting:0.02716800715251327
mozumder:0.03257039565658138
bu.edu:0.028803291414407767
arabia:0.03280672778668866
somewhere:0.02108435358099232
understand:0.016283463385519854
by:0.016148404480714664
says:0.013918623611019391
god:0.04325834073546562
s:0.006743872618000199
