boy:0.03359135337125799
say:0.0140558886982781
knows:0.025881195638083224
axes:0.04596677216884924
true:0.019135413275243308
gay:0.03292546445187615
among:0.02551485531841352
morally:0.08592665384720716
specifically:0.059956187433417206
4:0.018401996327249474
alot:0.03751094006970003
navy:0.042583376594806904
to:0.0020417765334678974
everyone:0.02264824264824521
mom:0.08847258357945395
family:0.029188644956441977
ultb.isc.rit.edu:0.04296332692360358
been:0.021736894625502805
that:0.012848319460536177
like:0.008626956025990172
talking:0.024145860595276063
bobby:0.038652796957309346
funds:0.03685604408937371
re:0.0027699296502086707
behavior:0.06293909663583991
kmr4:0.0411306737879455
on:0.003755620927698444
used:0.014625655617310116
them:0.010858216085424007
roger:0.03269447980419698
support:0.020288565255803748
constitutes:0.0439339066451325
m:0.01013936823789683
more:0.009417918709783155
a:0.0010344475006269593
as:0.011853543114326199
implies:0.038438074461951924
answered:0.035996250228242196
muslim:0.03138739508314841
straight:0.11841960377669064
are:0.004762306530379449
no:0.008338857305055628
it:0.005079339699851437
have:0.003787041578871503
try:0.018047330906247355
only:0.009878046209402124
keith:0.029188644956441977
left:0.02166226061852268
stated:0.02875625972516859
has:0.015774436650171128
love:0.02423864770504777
writes:0.004898239933463425
get:0.00973610352067498
of:0.005761202535281146
raised:0.03351837339760605
even:0.01243821813160019
ryan:0.03292546445187615
what:0.006818089651826898
but:0.004928023868521558
saying:0.022344853177514366
they:0.0069105157370943976
one:0.021851353506124944
in:0.003948437819877566
po.cwru.edu:0.03531797472064597
our:0.016516854985039953
point:0.01630767378711156
promise:0.03691324443081009
clearly:0.026922299084625217
men:0.05202368226114581
and:0.002828128996228073
word:0.022732418638247546
for:0.004819983154252948
subject:0.00019775523623717257
al:0.028222327264609125
values:0.03163663978032051
i:0.0014140644981140366
stan:0.04093046139988683
the:0.005025020066593686
thing:0.016769869889814493
violation:0.03816112977993993
because:0.013072017028848252
makes:0.020688725053718326
eg:0.037448953035103615
here:0.01333630300461775
about:0.007296416150532382
is:0.007960670426390043
homosexual:0.03579603784018353
et:0.033702189465159564
issue:0.02319525931455447
their:0.011212471248753438
define:0.03166485850933286
mozumder:0.04439224296897019
1993:0.022441894837112127
position:0.025502540423794164
article:0.006002465780122971
april:0.02520113971768972
live:0.022938431658871546
opposite:0.03574681900523044
