another:0.03959830947122462
read:0.08096439506778291
dbstu1.rz.tu-bs.de:0.311665109559958
posting:0.05891408137421858
benedikt:0.20032121064013475
to:0.007383209786200879
nt:0.012751402709329259
rob:0.0785836194999864
re:0.006677508978181616
rosenau:0.20472237636956148
had:0.027400151530038126
this:0.009374686399489624
carefully:0.08303827770769326
am:0.02918457779823867
more:0.022703911175370104
a:0.0024937573675828484
sorry:0.056739583656046866
watson.ibm.com:0.20842025776030576
jew:0.09042815909659827
not:0.01076625015314223
should:0.029335931111312136
have:0.01825895046955903
mistake:0.07978253562208693
absolutely:0.07147247759192203
writes:0.02361651396491294
of:0.003472153313673904
but:0.011880057540185897
biblical:0.0815176025587592
rest:0.05833269345487158
in:0.006345703639088945
rape:0.09135201042515521
subject:0.0004767313730717553
i:0.013635621946099637
the:0.002691975035675189
did:0.02935555434719581
time:0.028205535176852026
i3150101:0.20777673970663868
article:0.02894046001130718
respond:0.07221442407250904
