there:0.009660831427127868
surely:0.047226464503673904
case:0.02601695902428164
actions:0.04162339414934897
atheists:0.04396498646745896
your:0.01326244444401329
with:0.006156077650416288
ca:0.021647879958866537
into:0.018850567399814593
someone:0.02319429594382126
such:0.020242286352292617
yours:0.044487676893204854
to:0.0014507359579903482
that:0.0036516276361523874
view:0.03584577634510138
cco.caltech.edu:0.04737648579532865
nt:0.0075166163339204055
re:0.003936215818717585
political:0.037945008184016055
finger:0.05237437844279421
something:0.02095432965435287
on:0.005336935002518841
you:0.011701031355973092
m:0.014408575917011284
a:0.0014700043429962052
sorry:0.03344649141830131
was:0.009320643516856691
as:0.025266762954221634
part:0.02578128539382397
allan:0.051899426492473484
responsible:0.04116689700076866
it:0.003609004523578652
not:0.006346421142904893
guilt:0.058890580636543934
keith:0.08295720145515088
against:0.02719242939113523
mathew:0.11296344395879634
whose:0.03939769947895757
mantis.co.uk:0.05761739526372644
his:0.03883008508432119
intentionally:0.05967066455395153
which:0.013598866658079134
stick:0.044487676893204854
writes:0.0069606567475532875
get:0.013835515529380235
if:0.014108429889755985
of:0.004093486011910287
but:0.0070029812868464235
instance:0.04499743051326248
necessarily:0.04091855824269686
accept:0.03760117863855509
in:0.0018703126515209523
or:0.007098015344243003
force:0.03762109598752391
rape:0.05384960614535465
and:0.002009460076267315
for:0.010274174618276021
known:0.034283460501751135
subject:0.0002810205988633505
i:0.006028380228801945
will:0.011929529946350362
the:0.004760545326246651
responsibility:0.04566072491145968
is:0.011312531658554269
schneider:0.05348343650235028
unless:0.06480129317348403
loaded:0.04912579652576003
him:0.0252264768775085
solely:0.11296344395879634
burden:0.0570974715234151
live:0.03259671867313325
fault:0.04660000000333277
especially:0.032897849552603595
