sent:0.01759656721669671
simply:0.029269314257257314
boy:0.02169776413932932
there:0.013173861036992546
axes:0.029691455707151423
gay:0.021267644502408038
morally:0.0277514312664425
i.e:0.01652889472237035
specifically:0.0387276808780446
with:0.0027982171138255852
ca:0.009839945435848426
response:0.016801906950370055
to:0.007253679789951741
that:0.009958984462233785
control:0.04377465459245489
indeed:0.017647092385189547
like:0.005572435710567814
really:0.009336821737755626
nt:0.0034166437881456386
me:0.01036926966894301
need:0.009192354026302566
funds:0.023806535655815548
re:0.001789189008507993
behavior:0.06098166061606499
exactly:0.015389390685512
meaningless:0.026250677396322687
this:0.0025118776955570287
discuss:0.04279868300854899
bitnet:0.023350506087373803
la:0.0625593799382351
comparing:0.025619445132961213
extremely:0.021139475526505407
on:0.009703518186397893
you:0.0026593253081757025
possibly:0.01855001752821694
tell:0.011531220352260538
children:0.01604008070822261
roger:0.06335533167798936
cloud:0.027506008805258046
apparently:0.018127564862448146
support:0.013105054112600507
constitutes:0.028378360751640606
why:0.008515419043799074
a:0.0020045513768130073
other:0.0065995597503919175
worth:0.016818964683214536
que:0.02712302934270524
also:0.0070980724003807
calm:0.028378360751640606
far:0.011910899866609577
considers:0.02857368129958441
straight:0.019122782906523007
no:0.005386343235323014
race:0.0209130609035864
it:0.00328091320325332
not:0.01442368441569294
ban:0.02530728952593537
have:0.0048923503650493095
received:0.01851335306531948
only:0.006380556163967878
left:0.01399236929904575
stated:0.0185746175258266
able:0.012619450842634779
open:0.01581320851078164
his:0.017650038674691452
be:0.0027677572111840733
apples:0.030084939430773297
writes:0.0031639348852514943
of:0.002791013189938832
defending:0.02546082213144494
trying:0.012901091976403808
what:0.004404029200940819
but:0.00318317331220292
minorities:0.026567660102261446
fact:0.022949924675874058
eh:0.02384348324478163
they:0.004463730260802601
es:0.02995015054576518
policy:0.01835764231061866
tim:0.039023055499867836
in:0.002550426342983117
our:0.021337563856271707
point:0.010533664886411774
promise:0.02384348324478163
clearly:0.017390001801073703
or:0.009679111833058642
use:0.007955882907882048
and:0.0018267818875157408
for:0.004670079371943646
subject:0.00012773663584697749
al:0.01822973292211594
i:0.0045669547187893525
stan:0.026438336310931683
detailed:0.023661533983589094
the:0.0025245316124035268
blacks:0.02857368129958441
violation:0.024649533589913345
can:0.012410038168962393
effect:0.016585518921638304
because:0.01688729472626329
did:0.007865603078674475
claim:0.015623153324401846
homosexuals:0.023350506087373803
comparisons:0.0274269212361135
an:0.008592326684801308
myself:0.015946612736831976
people:0.021606791484303122
language:0.019511527749933918
is:0.005142059844797395
homosexual:0.023121842624041992
either:0.011978768933556738
et:0.021769356831562395
issue:0.04494775130332325
else:0.024177533256823508
does:0.005830090020753709
their:0.02172751605619685
nothing:0.01222419139474119
explaining:0.026700576676936448
words:0.01582707718424581
position:0.03294586561925562
article:0.0038771908149119664
very:0.008340873166427978
de:0.01933484223513861
thus:0.015939497956345958
conclude:0.025357921627995356
live:0.014816690305969658
answer:0.029055225283529728
letter:0.019526550333688306
s:0.005937189290488213
