obvious:0.026167675604775592
roughly:0.03444882251298982
all:0.019470772054005943
true:0.035146677444324446
tried:0.042147810245396884
c:0.017592501329448704
brothers:0.034861234906298895
to:0.005625302694248289
everyone:0.02079940651369458
within:0.02201666813825046
otherwise:0.024172685929333578
that:0.004719790822237779
avoid:0.02630441832124557
churches:0.035632178343761506
this:0.003571309104567476
jon:0.028226994991281177
these:0.011269632470060834
on:0.0034490396274781624
you:0.007561891012363563
dont:0.0331045351027242
fall:0.02653266005030158
ownership:0.03619940017327886
theological:0.04048489866945854
m:0.0093116647082726
a:0.0019000056133964558
christian:0.08723380602004288
distinguish:0.0382557326349995
as:0.01088590694172814
rejected:0.03570054797541798
no:0.007658134259744965
phrase:0.06658966683187571
it:0.00466469972435336
not:0.012304285889305405
cs.umd.edu:0.0779894767122139
ve:0.024831751007175974
closed:0.028068521776291232
peace:0.07860481337577654
between:0.015801808476506158
has:0.007243363767935721
attempt:0.07870711014768561
be:0.01180533177831574
which:0.017576766428809766
virtually:0.03389991835482559
writes:0.004498383612364369
certainly:0.020923518892895517
of:0.006613625359378867
but:0.009051472411570206
fact:0.016314742371624755
using:0.014996058358128712
well:0.022896162042902648
they:0.0063463920034540384
one:0.020067569546441275
in:0.003626116365193683
wingate:0.0824341601170445
and:0.0025972613230665974
for:0.002213257570830435
known:0.022155977875281348
subject:0.00018161195164638296
i:0.0025972613230665974
group:0.01834772744766425
similar:0.021528967944671434
yet:0.017891624099905874
livesey:0.034861234906298895
the:0.005640328646176587
do:0.004886516455146235
thing:0.015400900919217392
would:0.0063445554156760274
because:0.012004913597921864
claim:0.02221251050884344
instead:0.020868940895133616
pray:0.03374352707438545
an:0.006108150602460794
different:0.017191951687151343
is:0.0036554098896688964
mangoe:0.12718739775258792
core:0.033540445692414836
else:0.017187430104340522
christianity:0.052335351209551184
issues:0.051771829695223065
vast:0.034983809773664054
charley:0.04106420348810009
position:0.02342070038919872
majority:0.02804618112866409
going:0.014815072680610084
claiming:0.031374093780043855
aware:0.027870049061094415
by:0.006737656291273239
god:0.018048831508675
identify:0.03389991835482559
s:0.004220654971809648
