read:0.014348120644923556
out:0.00745681708278772
all:0.006038403991432222
means:0.017940476078726283
own:0.014344877440177185
your:0.007974254570767484
c:0.01636770693309468
lincoln:0.036935235552459256
someone:0.013945937434576075
from:0.005358052243228959
brothers:0.03243418690649328
wound:0.03820530324525768
my:0.006014014312217097
to:0.004361389747122883
representatives:0.03456375802434906
that:0.004391197790309833
nt:0.004519484504572396
re:0.0023667120428998135
so:0.012934311359302786
prefer:0.025990684209125575
had:0.009711446111912247
this:0.006645347321157203
something:0.012599122260528626
big:0.017568231353592135
recently:0.020945009902453727
you:0.003517715122840012
state:0.08410485401710811
a:0.0026515901123665728
was:0.011208368786093489
song:0.037796831592488235
as:0.00506401367225961
motto:0.16145226581572927
solution:0.024619348533121827
official:0.025672171019964083
mind:0.019175036727912258
business:0.02288964388122511
no:0.014249946027626706
deeds:0.07507692907712515
it:0.00650991322291086
not:0.0038158861302276257
should:0.010397545204009364
cs.umd.edu:0.07255982959933825
have:0.0064715267487044665
only:0.008440102773856244
closed:0.026114384184270957
peace:0.07313232636860223
mathew:0.033960529038245736
whose:0.023688490193044108
walk:0.029055866927053184
personal:0.021227186526555163
be:0.003661147197072603
which:0.024529601250332617
stick:0.026748919650977605
writes:0.004185205006440268
if:0.00424145835293297
of:0.006153183087523375
gotten:0.027276651353123498
but:0.008421306610764687
women:0.023919716416667246
up:0.008502913736407498
now:0.010455154416950913
over:0.012695827547590872
one:0.00622348675807356
aids:0.03425495951694759
in:0.004498220301126341
wingate:0.07669507302028825
seven:0.030501391656169347
or:0.0042677940360954765
and:0.0012082196661100946
for:0.002059170018430848
subject:0.00016896808159505252
i:0.002416439332220189
propose:0.03488839912806774
suggestion:0.05858436259382338
we:0.01706004943941734
ago:0.018108643831421797
translation:0.03002046819428376
yet:0.01664600470054534
the:0.00524764753789847
thing:0.014328686298259218
interest:0.02311889238397396
represents:0.03321506678725597
strong:0.022852230290952597
effect:0.021939072497610162
abraham:0.038950765496247444
pray:0.03139429417680165
problem:0.013389653747123951
long:0.015065261044991044
people:0.009527045190336186
changed:0.023919716416667246
is:0.0034009193277299227
mangoe:0.11833257892171155
carry:0.02463580917679308
charley:0.03820530324525768
change:0.018810184227281566
words:0.04187163457604271
changing:0.0271039162753513
era:0.03194499909445754
refers:0.033409824120589855
maryland:0.03670917173852204
says:0.016209030028022584
god:0.01679226728971661
four:0.022202823740651734
s:0.007853623808304028
