correct:0.0311639756207757
benedikt:0.053418989504035945
with:0.0055697845408528325
c:0.02462950186122819
brothers:0.04880572886881846
to:0.005250282514631737
remember:0.026501181300202212
property:0.04352476994245035
then:0.03039772094811054
description:0.08333410021687432
rosenau:0.05459263369854973
described:0.039517792987793655
this:0.004999832746394467
merely:0.03886713352134149
something:0.018958679211081172
you:0.005293323708654494
great:0.024011911321263592
m:0.01303633059158164
a:0.0013300039293775191
false:0.03987722468286838
as:0.0076201348592097
definitions:0.051102510362312635
are:0.006122965539059291
no:0.010721387963642953
it:0.01306115922818941
not:0.022968000326703427
cs.umd.edu:0.10918526739709947
ve:0.017382225705023187
closed:0.03929593048680773
peace:0.11004673872608717
which:0.012303736500166838
writes:0.006297737057310118
things:0.042566208155052375
if:0.01914715485038312
of:0.005555445301878247
but:0.012672061376198291
authority:0.040285450439361555
one:0.009364865788339262
in:0.005076562911271156
wingate:0.11540782416386233
for:0.0030985605991626095
subject:0.00025425673230493616
i:0.005454248778439855
we:0.012835656244894952
will:0.010793384237174138
yet:0.02504827373986823
exist:0.10390069930846015
contradictory:0.21775108638003587
the:0.002153580028540151
do:0.013682246074409462
thing:0.02156126128690435
can:0.008233961832740128
pray:0.04724093790413964
come:0.02286851118542294
an:0.008551410843445113
reality:0.03991058306907031
language:0.11651169427817681
is:0.01023514769107291
object:0.040285450439361555
mangoe:0.1780623568536231
charley:0.057489884883340135
by:0.01886543761556507
god:0.025268364112145
defined:0.04162694979856722
