say:0.008286222595054774
there:0.016031073983880303
all:0.0041662350683244155
defense:0.01713627313645365
knowledge:0.048429316308106575
truly:0.019031892877861913
dsinc.com:0.056863719583806364
your:0.01650566229931785
with:0.002553831339692346
much:0.007629680653100136
decision:0.018361335079420466
matthews:0.027214770698152
times:0.012272821578572167
several:0.012307647912958063
except:0.014080180869012285
my:0.008298814509434945
to:0.003611002166176849
line:0.012331020737144054
then:0.006968909824348485
indicates:0.02146657955180711
might:0.00928858137938186
enough:0.010620735925490812
that:0.013633806239782931
problems:0.011978485746252284
think:0.006287109290517708
provide:0.014746531346215778
like:0.005085760102657961
nt:0.0031182469507530066
hot:0.018269075051359874
months:0.014828797117815807
me:0.004731828298709802
anything:0.010136424237202636
re:0.0016329279597300022
so:0.008924110020828996
prefer:0.017932437139920702
this:0.006877499192638676
he:0.013887626266552272
these:0.007234218223139487
on:0.0022140123372894754
you:0.014562418936473061
possibly:0.01692992866112376
inc:0.015986967230586905
them:0.006401131753415899
support:0.011960507901893038
a:0.0018294813875716965
other:0.006023178986165549
false:0.018284316994328295
basis:0.032552037354043654
said:0.009569890081499704
belief:0.017989149784142587
advance:0.013814415793347815
perry:0.08500203773101236
nc:0.022873057714117646
are:0.005614946564202842
no:0.029495521472030824
religious:0.048096940678298485
yeah:0.017267346917852193
reason:0.04667619081237603
it:0.004491555848121903
not:0.005265589594549911
should:0.014347704298982354
cs.umd.edu:0.02503155693601625
admit:0.017904354649395417
have:0.008930141714369481
conflicts:0.025327725478980274
ve:0.015940032305916455
hope:0.012613369160000196
call:0.011602428375540206
his:0.008054275290415967
be:0.005052063381113287
asked:0.014726204797984414
which:0.011282902467401901
writes:0.0028876086943998352
if:0.0029264210470017872
of:0.0016981710529758833
explain:0.03139788234072143
but:0.008715500728171312
humans:0.0196959895600684
years:0.009737010580700407
they:0.00407388482317792
up:0.005866639171844474
accept:0.015598742229968267
now:0.007213599990734691
sounds:0.015557661849610646
repeated:0.022618608333663606
in:0.0015517877894715324
atheism:0.021044628304256578
point:0.009613694153974063
wingate:0.05291625125417267
or:0.005889183036708169
rather:0.011237919881715559
and:0.0033344752357274223
few:0.009980906117494701
for:0.00710368696314572
subject:0.00011658059778173928
cause:0.013770747307170596
i:0.004168094044659278
dispute:0.023189960302916056
we:0.005885344566436549
possible:0.011253151191985073
caught:0.0197171363918404
alternative:0.11408286488290863
than:0.012494334342528043
the:0.001316599144085682
do:0.003136759471207409
when:0.005710368746042515
solve:0.021693899909693802
can:0.007550794693779156
effect:0.01513700198525068
claim:0.028517371570305556
rational:0.02230088189574907
may:0.008126749028121532
an:0.003920952570138588
jim:0.029574941021387503
makes:0.012196409966165826
here:0.015724025376623544
is:0.009385943297490441
fee:0.021969065708072555
either:0.010932588240669686
mangoe:0.027214770698152
right:0.008471063728341919
periodically:0.025645451916894806
whatsoever:0.02270178822436533
charley:0.05271998177074859
every:0.010620735925490812
article:0.0035385715297668163
very:0.007612412627875315
opinions:0.012469913342882279
usual:0.018734239378163386
by:0.004325045741559677
happy:0.01658556807198699
s:0.002709328737362525
