some:0.006277079973835238
rough:0.028909635934765858
at:0.004736371034701242
say:0.010201854700363137
concept:0.022880923355488084
perspective:0.052551326289459924
benedikt:0.030155881171633193
case:0.026576463519427482
situation:0.018946947789110744
ordinary:0.054819013700621325
knowledge:0.01987511368200073
with:0.0031442332085459537
establish:0.027362958125885316
c:0.013903751050693334
from:0.009102927466991135
mechanics:0.031781047149444665
brothers:0.027551621135623327
to:0.001481934580742829
obviously:0.019795124090462135
that:0.009325393156840774
problems:0.014747705569310609
reliable:0.049882728123056316
talking:0.017525221399797144
re:0.0040208656212706514
meaningless:0.02949672890231958
so:0.005493605362284517
rosenau:0.030818422249181302
described:0.022308431525367385
supposedly:0.024941364061528158
this:0.008467458683409984
you:0.011952666438897246
particularly:0.021597313414734316
m:0.014718437764688948
a:0.0007508086698098899
how:0.01414368814224865
as:0.008603378066849661
intellectual:0.02872736952790736
no:0.0060523964310887635
phenomena:0.0324539672728533
determined:0.025600516330841778
religious:0.01973870862962429
yeah:0.021259260452624475
it:0.00552992628612858
not:0.009724354977031691
cs.umd.edu:0.061636844498362604
being:0.010461311451210474
reliability:0.029566102046598652
closed:0.022183186565133396
peace:0.06212315895827501
holds:0.026390464889195386
be:0.006220013517607219
writes:0.003555174145255712
get:0.007066526748877002
if:0.003602959246039835
of:0.009408415430600257
trying:0.014496388296066646
available:0.014521848536635646
what:0.009897226913942271
explain:0.019328266279637657
but:0.010730374552425972
least:0.012944421412400443
understanding:0.021581477338230248
well:0.009047676936308306
one:0.015859853351219717
in:0.005731603286919048
context:0.02232656423761813
wingate:0.06514957815701905
rather:0.013835933617811094
better:0.012022665974738727
and:0.005131685678639648
word:0.01649933610840548
for:0.0017491874350111507
subject:0.00014353202630117365
i:0.0020526742714558595
information:0.013111942389697661
yet:0.014140154530570773
quantum:0.02784764144305896
impressed:0.02784764144305896
the:0.0048629226450906645
thing:0.024343359517472653
risk:0.023065273212900087
essentially:0.024197667476108724
can:0.018592817041671258
pray:0.026668271397498184
an:0.009654818694212223
problem:0.022748013892963274
people:0.008092866344479126
many:0.00996344638482846
about:0.010591571831417974
language:0.043848487093937516
is:0.010111335420616385
mangoe:0.10051907241736788
right:0.010429427923603763
revelation:0.05664934864535108
unless:0.016548717342690814
relativity:0.03322332664726552
experience:0.017807649326855635
charley:0.0649079345457066
show:0.03236632978209498
terms:0.020694295565669162
takes:0.01922526803214877
bad:0.014734414229819269
god:0.014264399095565726
s:0.006671357858666864
