muslims:0.053500057861413236
say:0.011500272571318445
posting:0.019995082163371154
principles:0.030589756708632072
essential:0.06148382761279234
islamic:0.05558309127870608
with:0.0035444083441790748
though:0.015063904252185938
fred:0.02808251060411886
from:0.010261481871880916
members:0.02235298368790676
themselves:0.019614849795895863
angels:0.031167394161991616
to:0.00584690552765807
then:0.009672002119853352
might:0.012891425065929975
calls:0.024292664639141984
really:0.011826640867823793
through:0.014360383600150465
bobby:0.03162501569234401
clarify:0.03382073045745283
need:0.011643648433316584
re:0.004532612154886916
tells:0.0268303030322219
exactly:0.019493228201648536
anyone:0.010138877270553886
islam:0.11355260856500615
mean:0.01602073973836279
kmr4:0.0336523694628645
something:0.01206461404341529
satan:0.031867472265760366
them:0.008883994978983277
temporary:0.03192963287283424
m:0.008295846740097406
more:0.007705569853458945
a:0.004231830684383015
contrary:0.02801663380268308
muslim:0.12840297988560714
straight:0.02422219168159581
no:0.00682270143140915
not:0.018270000259877725
should:0.009956437225657451
have:0.0030984885645312294
yoyo.cc.monash.edu.au:0.036068364269153975
keith:0.023881618600725255
suddenly:0.029535073351182016
doing:0.016246684273729183
evil:0.07593952208015638
usually:0.019986368134464323
teachings:0.06373494453152073
be:0.007011651601666319
considered:0.020865714892195224
writes:0.004007650854651893
get:0.007965902880552257
down:0.014329488345170654
things:0.0135437935038803
if:0.004061517695535814
of:0.001178427791307507
ryan:0.026939016369716847
sit:0.028216452101092596
what:0.016735310963575112
rushdie:0.03302212877483996
darice:0.03714865658070743
they:0.011308116660699924
who:0.03134673634506299
clear:0.019986368134464323
one:0.035756760282749905
rice:0.03265910973495469
in:0.0032305400344452813
po.cwru.edu:0.02889652477143761
become:0.020074077423000897
according:0.020845613361128595
or:0.004086736107291426
stories:0.02804948269643665
and:0.005784809310466513
for:0.001971811290376206
i:0.0011569618620933025
example:0.017038540265199423
decide:0.02481034797947139
yet:0.015939810561734324
the:0.0013704600181619145
do:0.02612065159659988
when:0.0158505993071968
would:0.005652422097602279
can:0.005239793893561899
law:0.018223279546933126
claim:0.01978932754424234
mr:0.020466398050202506
here:0.010911520640141795
general:0.017869274927803342
is:0.008141594754262543
ignorance:0.02924739736791581
suffering:0.028493556642535594
does:0.029539122771818794
their:0.009173840112616448
mozumder:0.03632092606552106
him:0.014524335171898835
leave:0.02141322499572434
article:0.004911108365555157
thus:0.02019003074470488
before:0.01288602586195542
contradiction:0.03426330703330065
god:0.016079868071364998
