from:0.01410953757383626
wood:0.08398465596312961
angels:0.08571033394547695
to:0.009187994400605538
within:0.05394083693871363
re:0.006232341712969509
tells:0.07378333333861022
articles:0.07019814367832777
kmr4:0.09254401602287737
something:0.03317768861939205
satan:0.087635548730841
you:0.01852663298029073
them:0.024430986192204015
support:0.04564927182555843
m:0.02281357853526787
following:0.045621904550662694
it:0.005714257162332866
not:0.010048500142932747
have:0.008520843552460881
keith:0.06567445115199444
his:0.03074048402508761
writes:0.011021039850292706
if:0.011169173662723488
of:0.003240676426095644
ryan:0.07408229501672133
what:0.01534070171661052
please:0.03192358928175425
must:0.03862434045799162
they:0.015548660408462395
david:0.041607420655741564
one:0.016388515129593707
sei.cmu.edu:0.20773941632922693
in:0.005922656729816349
po.cwru.edu:0.07946544312145343
and:0.003181645120756582
for:0.005422481048534567
similar:0.05274597146444502
the:0.005025020066593686
do:0.035915895945324836
questions:0.05040293895409186
2:0.03247349253492348
request:0.06500501712323886
mozumder:0.09988254668018291
charley:0.10060729854584523
article:0.013505548005276683
answer:0.05060451736881427
respond:0.06740012913434178
god:0.04421963719625375
include:0.05602538788741002
