read:0.019050445898301863
at:0.022209201994649524
your:0.010587665732615652
from:0.014228105116473539
kings:0.087699623348517
my:0.007984993792691608
to:0.0057907527734908865
association:0.040066609977203405
heaven:0.03658960232238946
speak:0.060259375035939394
could:0.012681589540555104
so:0.00858664367550353
he:0.04008739178622442
you:0.004670579742930435
american:0.027117943003262316
possibly:0.03257944254955748
a:0.0011735328788625168
speaking:0.03542419570445711
was:0.014881699732796396
as:0.013447296810370057
said:0.055248020890674765
kurt:0.050184028500950766
it:0.002881138065041781
have:0.004296223639896242
ve:0.015337257975020455
university:0.03950151431258241
peace:0.03236668786061387
his:0.015499403710128206
which:0.010856238088382502
greatest:0.08375273946486321
if:0.011263032264931248
of:0.00816977250276213
even:0.014110583594672484
opinion:0.027809340878888145
never:0.01852049773833496
isaac:0.05214717851087939
well:0.014141747144145754
highly:0.035098098440408405
up:0.011289582944137686
laughter:0.05072636901471188
now:0.013881633595615497
chance:0.03021056746229079
in:0.0044793202158274915
become:0.05566760966042265
or:0.005666482837841053
recommend:0.03687209485011203
succeeded:0.04951140070537483
and:0.0032083816343763854
until:0.024043409456845747
i:0.0048125724515645785
room:0.06702568874485051
any:0.008599052657889137
stood:0.045786985276038604
the:0.006334058907471034
thing:0.019024642311974423
see:0.014868787911018286
around:0.019892390194568364
got:0.018589527912861965
an:0.007545362508922157
people:0.01264935411826149
about:0.008277446893461105
head:0.029015628029039352
is:0.002257753167148436
living:0.06191605065595126
yesterday:0.07388845430007938
new:0.01448739130154241
time:0.013273193024400954
hear:0.02784606356520006
him:0.020138784061876535
atheist:0.0384042087727503
full:0.025963550285069352
comes:0.02541324653147489
before:0.017867178716156673
going:0.01830097213487128
s:0.02606875129647136
