true:0.0385564297336992
much:0.026077565217312408
from:0.025270813565079868
angels:0.076755522936248
to:0.0020570136717773593
re:0.005581201534002545
tells:0.06607462687039721
this:0.00783555878166297
kmr4:0.08287523822944241
amount:0.0554987613675646
satan:0.07847959587836509
on:0.015134591798187758
them:0.02187849509749613
m:0.020430070330090627
a:0.0020843345161886493
witnesses:0.07847959587836509
reason:0.03988376005982877
not:0.008998656844417386
cs.umd.edu:0.08555561997533913
have:0.007630606166382879
being:0.029041849700375346
energy:0.1368837322535299
keith:0.05881294133014428
writes:0.009869587925635259
spend:0.061195480816590306
of:0.008706294876077849
ryan:0.06634235374631761
what:0.013737941835770614
they:0.013924173500115577
good:0.024179251512828345
one:0.014676282205606305
in:0.005303871698342999
po.cwru.edu:0.07116308339234635
visit:0.07326308163269167
wingate:0.09043150400899659
and:0.0028492344364984316
for:0.004855953177792149
grief:0.08793815946178515
jehovah:0.09772035129129408
group:0.04025546171353202
we:0.02011558068229806
the:0.005625022462604872
do:0.03216348890626104
agree:0.045023211626334915
mangoe:0.09301764910263893
spent:0.0648036148056165
mozumder:0.089447056728522
too:0.029142057729320842
charley:0.09009608825001064
position:0.051385715779286745
article:0.012094520601740313
says:0.03822427976757564
god:0.07919935020224551
s:0.009260242997851019
