go:0.018527926207563116
ask:0.027757738898632072
resident:0.05593150941875154
at:0.008390142975756488
form:0.032508389756970436
know:0.01175119167293621
liquid:0.22671543254896787
fluid:0.05728056196220894
your:0.02399870899392881
with:0.0055697845408528325
from:0.008062592899335006
except:0.030708203990512512
to:0.003937711885973802
think:0.013711885976462432
nt:0.006800748111642272
its:0.019693567200325432
re:0.0035613381216968625
tells:0.04216190476492013
teacher:0.1615270188712745
you:0.010586647417308989
glass:0.20804090544179624
vs:0.032539161381555645
includes:0.035883374966022376
more:0.012108752626864058
a:0.007980023576265115
uunet:0.0719427107127102
tektronix:0.11722325616013518
want:0.018024742549639827
let:0.021953692788122144
science:0.09661806360478044
readily:0.052882294870215646
brian:0.035581690616940755
those:0.01767538718369105
it:0.0032652898070473523
not:0.005742000081675857
deleted:0.06692151422853976
made:0.022148376684933347
try:0.04640742233035034
uucp:0.04032027245081975
fluids:0.06235489082396862
west:0.07767446285211789
b:0.0291515080620404
be:0.011018309659761359
writes:0.006297737057310118
get:0.012517847383724976
if:0.006382384950127708
of:0.005555445301878247
flow:0.049152087384731556
analogy:0.050373557246861836
who:0.012314789278417605
now:0.0157325180750309
accurate:0.042594879756127337
or:0.006422013882886528
and:0.0018180829261466185
for:0.0030985605991626095
we:0.03850696873468486
similar:0.030140555122540012
the:0.0014357200190267677
do:0.013682246074409462
can:0.008233961832740128
here:0.017146675291651394
people:0.014335934667363024
different:0.024068732362011885
principal:0.05507292754261538
definition:0.038807422921212004
is:0.01023514769107291
does:0.011604655374643098
very:0.016602309445556643
takes:0.034056189085520674
high:0.026641179291824014
s:0.005908916960533508
