another:0.008870021321554315
some:0.004670147500533416
resolve:0.022674852530501582
out:0.004712708396321839
correct:0.02617773952145159
there:0.0036711159423085896
dbstu1.rz.tu-bs.de:0.023270994847143536
entirely:0.01662450018472485
concept:0.017023406976483135
form:0.013653523697927583
benedikt:0.022435975591695093
knowledge:0.014787084579408543
existing:0.017318686625424202
wonder:0.014761470831267715
with:0.0023393095071581895
way:0.006929491278186173
though:0.009942176806442719
miss:0.019303282262824437
from:0.006772578035441405
drawing:0.01897293589878734
possibility:0.033927852653130655
to:0.006615355968435988
remember:0.011130496146084929
property:0.018280403375829146
then:0.01915056419730964
important:0.01256947717189289
trust:0.016597473054873333
might:0.008508340543513784
direct:0.015975102490296697
that:0.005550474006951629
trap:0.023416465423827033
need:0.007684807965988945
description:0.05250048313663082
rosenau:0.02292890615339089
described:0.04979241916462
this:0.002099929753485676
merely:0.016324196078963425
something:0.031850581074616365
you:0.004446391915269775
fall:0.015601204109577329
used:0.007897854033347463
am:0.0065373454268054625
m:0.005475258848464289
includes:0.015071017485729397
why:0.007118890320616026
a:0.000558601650338558
false:0.01674843436680472
was:0.0035418445364055425
as:0.01600228320434037
definitions:0.021463054352171305
said:0.008766019314653728
part:0.019593776899306217
implies:0.020756560209454038
question:0.008731944333388418
are:0.01028658210561961
no:0.00450298294473004
it:0.009599952032719215
not:0.019293120274430878
approved:0.020156317431151104
cs.umd.edu:0.02292890615339089
ve:0.007300534796109737
has:0.004259097895546204
be:0.0046276900570997705
which:0.010335138660140143
writes:0.0026450495640702493
things:0.03575561485024399
if:0.010722406716214548
of:0.003888811711314773
presented:0.018259942973162063
but:0.005322265778003282
contradictions:0.02482205697117859
using:0.008817682314579684
well:0.006731471640613379
they:0.003731678498030975
find:0.008465786950693562
one:0.01966621815551245
in:0.005685750460623695
point:0.017612287690080487
wingate:0.024235643074411086
or:0.010788983323249365
use:0.006651118110989392
and:0.0015271896579631594
subject:0.00010678782756807318
forced:0.01815918197784783
i:0.003054379315926319
we:0.01078195124571176
directly:0.01453000130198552
will:0.009066442759226275
source:0.012477071846799298
exist:0.05818439161273769
contradictory:0.20577477662913388
the:0.003919515651943075
wrong:0.010573688227319442
do:0.00861981502687796
got:0.008848615286522296
can:0.01037479190925256
meant:0.01628663711756407
refer:0.017927232947246432
come:0.009604774697877634
drop:0.017318686625424202
an:0.007183185108493894
reality:0.01676244488900953
language:0.06524654879577903
garbage:0.04265792716803346
draw:0.01689079814721553
is:0.0096722145680639
either:0.020028501656906866
object:0.016919889184531852
mangoe:0.024928729959507234
conclusions:0.060767722912914046
drawn:0.020091275347663983
unless:0.012312245702961966
i3150101:0.023270994847143536
charley:0.024145751651002856
article:0.0032413315212664042
neither:0.014971125802003877
stands:0.019122021477976266
by:0.015846967597074657
remain:0.017964969076179865
defined:0.03496663783079647
doubt:0.01392028919592227
