read:0.012664821574848726
believe:0.012137831733689052
go:0.010868336602201828
case:0.01380788328104333
your:0.014077454996438688
way:0.009678060444394097
such:0.010743112868535187
mentioned:0.019637785579842672
wood:0.05630256265684667
post:0.02885561792660537
my:0.010616919121008954
invisible:0.03336256643359297
to:0.0030797746594208512
require:0.021673302005042385
within:0.018080727465490602
otherwise:0.01985131190844713
that:0.013566102670621999
think:0.00804328506999193
nt:0.0039892656520806626
me:0.006053568046952764
re:0.004178106176292409
exactly:0.01796861817470396
so:0.005708439091535867
this:0.0029328627841978716
mean:0.014767720987876317
certain:0.01841516755173469
you:0.01863013372319738
more:0.007102899585590647
a:0.003120679610829933
same:0.010849683522506214
want:0.010573173003978668
was:0.014840130739129367
accuracy:0.027034380427796503
also:0.008287693473070203
evidence:0.017976022539179203
are:0.010775051088288695
those:0.010368243878701453
fools:0.03158349531002574
not:0.010104637015239636
cs.umd.edu:0.03202361194607666
only:0.014899846237645661
ve:0.010196277648197957
argue:0.023796670914744883
constitute:0.03302388139551233
historical:0.025224716389561183
feel:0.017018305498582
dodge:0.03240250913232672
which:0.007217275600656524
claims:0.06295517892081665
writes:0.007388406603548183
making:0.017176576485320692
if:0.003743857093650331
of:0.0076038217819003944
even:0.009380779037799027
miracles:0.033848663511747326
what:0.01028426930722493
but:0.0037166660460916773
biblical:0.025502713649667684
saying:0.03370452713926748
variety:0.026104002276440677
please:0.010700644451984664
they:0.0052118414776968925
now:0.009228572055185721
david:0.027893242897703844
one:0.016480071080038364
sei.cmu.edu:0.03481666195461904
in:0.001985248065860229
context:0.023199670101659062
responding:0.0594559980499664
wingate:0.033848663511747326
and:0.004265892899338434
complain:0.028433017940864072
for:0.0018175914129166144
seriously:0.021658959013392966
subject:0.00014914501056993463
i:0.006398839349007651
person:0.015671477313261736
back:0.011767355978030936
any:0.005716688638484957
the:0.004210910670329904
wrong:0.029535441975752634
do:0.00802589853526812
see:0.009884836655928358
gospel:0.0287807403368262
did:0.018367721155787324
claim:0.03648311781899426
may:0.01039679065608844
an:0.005016190718221993
just:0.00656082996349657
here:0.010058105618007799
jesus:0.038806697426735266
different:0.014118530156487417
is:0.007504821980186142
mangoe:0.03481666195461904
done:0.014797003080562561
issue:0.034987262653238586
questions:0.016894839872879954
attributed:0.030040180356795808
existence:0.045458646446666195
dave:0.01958812665572398
charley:0.06744623366201914
him:0.013388353650074345
pink:0.032915400468936346
answer:0.01696240805658579
included:0.020909393578217705
