some:0.009340295001066833
simply:0.024469146719067116
believe:0.017381375042642724
there:0.007342231884617179
help:0.017120741760334377
wonder:0.02952294166253543
with:0.004678619014316379
way:0.013858982556372346
ca:0.016452388768738568
from:0.006772578035441405
wrote:0.02060459979754289
my:0.00760171409064241
to:0.0022051186561453293
legs:0.04559972540903601
that:0.005550474006951629
nt:0.005712628413779508
assertion:0.04057932622444294
re:0.0029915240222253645
joel:0.08737718028555441
lost:0.1121442023781712
bil:0.04475684128377339
described:0.033194946109746666
evolution:0.0862200497002804
incorrect:0.04064741174178622
bill:0.02476411100553374
more:0.010171352206565808
other:0.011034463902655287
wings:0.03656080675165829
was:0.007083689072811085
whole:0.04787064760043664
are:0.015429873158429412
complex:0.03596794297442852
no:0.00900596588946008
those:0.014847325234300482
reason:0.021377695392068224
it:0.0027428434379197755
have:0.01636001962072489
made:0.01860463641534401
males:0.04847128614882217
conner:0.04239844496200824
okcforum.osrhe.edu:0.044871951183390185
completely:0.028775949096315763
second:0.021997566213218134
quality:0.030753310724594796
explained:0.037897239428963614
be:0.0046276900570997705
which:0.010335138660140143
species:0.043994359845338796
were:0.012410426379778393
if:0.005361203358107274
of:0.009333148107155456
even:0.013433275582128205
but:0.005322265778003282
tend:0.03407683274991467
instance:0.03419804719007949
nature:0.09149796341423448
they:0.00746335699606195
who:0.010344422993870787
in:0.0042643128454677715
point:0.017612287690080487
albert:0.04106856160966959
or:0.010788983323249365
and:0.0015271896579631594
for:0.005205581806593184
known:0.026055429981330865
subject:0.00021357565513614637
i:0.003054379315926319
example:0.022490873150063238
structures:0.046261259135796914
any:0.008186298130310458
limits:0.03956208482056097
later:0.02556329623166163
than:0.01144481025775569
eyes:0.03457311587727029
the:0.003015012039956212
can:0.006916527939501707
law:0.024054729001951727
because:0.014117778391156112
mr:0.02701564542626731
an:0.007183185108493894
fish:0.043994359845338796
statements:0.03372383431064317
many:0.014825608220624748
language:0.032623274397889514
is:0.006448143045375934
their:0.036328406845961135
almost:0.024175943442116547
terms:0.030793111801715713
understand:0.023969258103485228
process:0.02893250986586854
s:0.009926980493696294
