name:0.06004853273544024
my:0.020656831768050027
to:0.005992170261264482
think:0.03129887016366424
could:0.03280672076795777
anything:0.05046176413737834
re:0.008129141364742838
practice:0.08927235010960524
so:0.022213273856193913
bil:0.1216218513146016
this:0.0342379851111795
something:0.04327524602529397
on:0.011021930983462824
you:0.036247760178829684
bill:0.13458755981268336
why:0.03868962130769579
a:0.0030358785344486846
said:0.04764140931877026
are:0.013976334382635337
statement:0.07550433521071317
typing:0.12323289418750859
ve:0.039676819544074655
conner:0.23042633131526213
okcforum.osrhe.edu:0.12193464995486464
if:0.014568487386161072
of:0.004226969251429101
what:0.040019221869418746
explain:0.07815342452201313
using:0.04792218649228088
or:0.014658944732675767
and:0.00829994379327804
subject:0.0005803686280873543
i:0.00414997189663902
any:0.022245375354104504
do:0.015615606932749927
is:0.005840709280231824
position:0.07484441211330896
