believe:0.021093901750780002
there:0.008910475588127645
true:0.02508039604036744
your:0.024464703343325483
much:0.016963076403494478
such:0.037340139873161135
wrote:0.025005582278571466
to:0.004014172310944168
require:0.03766525299905424
then:0.030987967956811708
male:0.04666162912725634
that:0.006736012144358773
nt:0.006932801473033383
need:0.01865244651939064
re:0.0036304903182346653
bil:0.05431655495603566
mean:0.025664291813882138
kmr4:0.0539091355473072
two:0.01810475177333312
argued:0.05377704183802779
you:0.010792213386577123
books:0.03544405740821515
state:0.025803042591656465
bill:0.030053532773705992
m:0.013289463224427884
a:0.004067487745183675
as:0.007768098642883674
truth:0.06980694229150687
evidence:0.06247976766044809
are:0.0062418580737983054
it:0.003328693492621087
not:0.005853495228892862
keith:0.07651392367222654
conner:0.05145442349758281
okcforum.osrhe.edu:0.05445625143615314
bed:0.05533947258378155
be:0.005616128710072537
which:0.012542644005024443
claims:0.03646918131658957
certainly:0.02986172113840428
were:0.015061197062837855
if:0.03253157377492278
whatever:0.032086995910226825
of:0.0037755453507910416
ryan:0.043154734961196886
proposition:0.06024771109509366
what:0.01787266219410934
consequences:0.10039362268075973
one:0.00954670784248177
in:0.005175136948383218
po.cwru.edu:0.046290549391137914
and:0.005560156521710532
subject:0.0002591937562331873
i:0.0037067710144736876
room:0.03871872310988937
than:0.013889332837082146
the:0.0036589951941216163
do:0.013947920755465953
greater:0.04096196986731742
gospel:0.05001701476011543
claim:0.03170134994951443
is:0.02347624895161141
issue:0.0608031069410651
headed:0.05549481570364991
blue:0.038802540072459306
