another:0.0143993852622635
obvious:0.024978235804558522
at:0.0057205520289248775
there:0.01191920760489802
true:0.050323651795282726
benedikt:0.036422038298206325
dsinc.com:0.0422785447554924
your:0.01636275613222419
with:0.007595160737526589
wrote:0.016724512822680917
my:0.006170222476170788
to:0.0044746725976975025
then:0.031088578242385777
began:0.029102650888387066
that:0.011263137189431064
think:0.00934901316576984
nt:0.009273747424966734
me:0.007036290132497044
re:0.0024281850829751335
bil:0.036328604938127756
merely:0.02650031831000556
on:0.003292265098956428
standards:0.02751492426120153
you:0.0072181686936197646
used:0.0256423832251541
bible:0.04673939612801684
bill:0.02010073945254362
a:0.0018136417218784352
same:0.01261099578265333
was:0.005749747624034972
as:0.0051955464949157044
said:0.014230550835476833
part:0.015904039690995308
mistaken:0.06998380657490293
perry:0.06319956701429166
are:0.00834949846235358
it:0.011131669796752335
not:0.0039150000556880836
statement:0.02255324298501822
have:0.0033198091762834604
conner:0.03441432220942227
okcforum.osrhe.edu:0.036422038298206325
historical:0.029319637881373067
has:0.006914119960302279
be:0.0075124838589282
virtually:0.03235901297506079
were:0.020146796071068823
making:0.01996498175891171
if:0.017406504409439204
of:0.008838208434806302
even:0.010903632777701466
what:0.005976896772705398
never:0.014311293706895198
saying:0.01958802064262623
least:0.01563417131627586
seems:0.015301864216760249
fact:0.015573163172914541
must:0.01504844433428245
in:0.001153764298016172
atheism:0.09388090678587188
our:0.028958122376368748
point:0.014295688060130264
and:0.0012396019950999672
known:0.02114888797185947
subject:0.00017335686293518376
i:0.0024792039901999343
objection:0.03825880963597147
pretty:0.018688441928049526
the:0.004405050058377582
do:0.0046644020708214076
gods:0.031466806030889076
century:0.02901183113530434
can:0.005614064885959178
gospel:0.03345293844345383
because:0.011459235707107234
come:0.015592166717333822
jim:0.04397832138894636
here:0.011690914971580495
many:0.012033772906351258
speaks:0.03546151797303345
is:0.012212392131393813
discussion:0.022323843795390853
history:0.06469495333151067
existence:0.026419148421926136
first:0.012191914476565202
nothing:0.033179948071440375
late:0.02502687653007253
existed:0.03288296694421756
says:0.016630043794984208
seem:0.01792021139542687
secular:0.03671068610710784
god:0.034456860152925
s:0.004028807018545574
