believe:0.031261465904033676
technology:0.04845565015563947
all:0.006863797342779074
ever:0.019017424869279573
atheists:0.030048012333874826
gay:0.031977969071966046
your:0.009064260591232106
wrote:0.018529316364696843
organizations:0.03421225947689675
often:0.02235482293725688
single:0.023391558780664568
to:0.002974530561347117
worse:0.028022053333384082
that:0.014974300378466626
problems:0.01973433982655952
duke:0.04565894130255074
really:0.04211645488901279
nt:0.005137255767787328
re:0.00269021944444727
happened:0.0242611575448808
so:0.007351155376869929
anyone:0.012035357911089145
bil:0.04024895798900485
had:0.011038909968936224
this:0.0037768520746145253
on:0.0036475455053186327
etc:0.0334147336324926
them:0.010545749435483748
trials:0.04024895798900485
bill:0.02226988399778214
influence:0.03693215972092589
a:0.0010046792272276224
want:0.013615812717353825
was:0.006370223986340904
operation:0.030976734787787747
whole:0.02152457176278626
plus:0.025725898230069575
accomplished:0.040893649778139286
are:0.004625261738138313
caused:0.02864974229536092
it:0.004933171650934849
not:0.0043374820760860786
have:0.0036780619650910278
made:0.016730788143294973
ve:0.013130458266384419
conner:0.03812809798741748
okcforum.osrhe.edu:0.04035247408578255
facts:0.029137315065733017
types:0.029474080661732946
war:0.02544478500412243
has:0.01532049602714462
troops:0.03365693833523395
regardless:0.03255381588976127
be:0.00832318355593484
stick:0.030405246797514114
virtually:0.03585099279251339
were:0.011160455377498555
things:0.01607716495064928
of:0.006994265667832325
even:0.012080283796877884
seen:0.01865082655123995
opinion:0.023807996867537335
but:0.00478621023201734
please:0.013779966596440683
must:0.033344754352222984
david:0.017960037693125857
in:0.0025565424733020215
our:0.01604154980561434
and:0.00412011598371356
for:0.004681278603051424
subject:0.0001920644380720741
each:0.01831661436950083
i:0.0027467439891423733
we:0.009695999321683238
pretty:0.020705180265608827
the:0.00596495187761121
do:0.005167754812276955
thing:0.01628728370593494
level:0.025327591097796757
club:0.03476593603183293
because:0.01269584387693895
correctly:0.03135470121604589
forget:0.027620239823125857
pray:0.03568560057506951
mr:0.024294645167506575
religion:0.025550584625631027
dear:0.03457660287847053
andy.bgsu.edu:0.042814964779930985
general:0.021211729230845692
is:0.0038657931926714233
interpret:0.03761136608402715
having:0.018826556780002602
theist:0.04266962156181933
does:0.008766106577967808
every:0.0349949428336316
under:0.017462758468385894
bad:0.019716554293139454
claiming:0.03317979701918307
700:0.038684836574578774
god:0.019087613178239028
favor:0.034256806025442954
s:0.004463570365870636
