join:0.034220933063382475
at:0.013148731529170612
there:0.01369819381458429
help:0.031941682388683536
testament:0.03754414960558668
where:0.013786991031595237
hand:0.04712297694705483
stand:0.02938610861542136
your:0.018804958540018842
though:0.018548837325452833
clark:0.03742378108372188
to:0.005142534179443398
everyone:0.022817259384426143
prayer:0.039630603801252065
think:0.010744388265138472
really:0.014562654799932283
through:0.017682561895707664
nt:0.005328944415839094
sitting:0.03387907085419371
re:0.0027906007670012727
so:0.015250904438580896
mean:0.019727030274849705
30:0.025545563241596198
you:0.00829550730460779
bible:0.05371542540085517
m:0.010215035165045313
influence:0.038310225382154464
a:0.0020843345161886493
hard:0.020180846287876933
old:0.019760545390614358
question:0.01629094092050078
nc:0.07817806293332748
terribly:0.04290116298730546
religious:0.02739850600828446
it:0.007675867829999372
not:0.004499328422208693
made:0.017355071282970157
ve:0.013620400739010703
session:0.03596432747518475
left:0.021823919279854935
always:0.03965606116415981
after:0.014397117072126502
b:0.02284259960085255
has:0.00794607816333247
routinely:0.04538731557333933
which:0.009640987556100879
spend:0.030597740408295153
whatever:0.024663884916069873
of:0.0043531474380389245
courts:0.0841553400467174
but:0.004964800166047838
least:0.03593525944338033
court:0.059651666081541925
up:0.03007747097803846
beginning:0.030224528314454394
pick:0.030000406768940405
in:0.009281775472100249
thomas:0.027492574731560446
and:0.004273851654747647
for:0.0024279765888960744
subject:0.0001992310215822261
i:0.004273851654747647
any:0.007636472136483636
the:0.005625022462604872
do:0.00536058148437684
judge:0.03255568268044061
imagine:0.02938610861542136
an:0.006700732377326393
thought:0.020034226904415763
about:0.0147017340346548
hold:0.02589388517122403
is:0.012030117621970024
new:0.012865668394653335
right:0.01447666861037537
days:0.02222576585485203
request:0.05821344817006466
every:0.01815036214132385
him:0.017884442562412745
picking:0.040754281849605604
sometimes:0.02615303227102873
god:0.07919935020224551
