there:0.02739638762916858
thanks:0.029752039476360643
atheists:0.062338413647889564
wonderful:0.07173354925533439
mentioned:0.05246512863868415
post:0.03854593737956986
brendan:0.09565840594083413
to:0.004114027343554719
might:0.031747539341469344
been:0.021899110257036405
that:0.010355361953267965
think:0.021488776530276945
cco.caltech.edu:0.0671756141874063
nt:0.03197366649503456
me:0.01617296537917231
re:0.005581201534002545
this:0.01567111756332594
joke:0.07326308163269167
two:0.027832678099303156
tell:0.03597052318839482
posted:0.050945983947490975
m:0.020430070330090627
a:0.004168669032377299
was:0.02643167564481748
amusing:0.08328985858924952
minutes:0.05948010817966528
not:0.008998656844417386
dunn:0.08483906446509494
have:0.007630606166382879
without:0.03354045499705216
were:0.04630756111857609
of:0.0058041965840519
parts:0.05445813449875165
reading:0.04904958278153717
please:0.028588288909033654
who:0.019299296630355945
good:0.024179251512828345
one:0.014676282205606305
5:0.038789147565935565
or:0.010064350114971423
and:0.0028492344364984316
for:0.004855953177792149
subject:0.0003984620431644522
i:0.008547703309495294
any:0.015272944272967272
yet:0.03925475735352483
the:0.002250008985041949
do:0.01072116296875368
ready:0.06291760132582681
people:0.022466763284673393
hear:0.04945793379490757
whoever:0.07521013966847427
faq:0.11588343471336596
