believe:0.016973999065080785
correct:0.025564198751417567
there:0.007170148324821464
saturn.wwc.edu:0.09147056806182435
where:0.014433256236201264
enter:0.03700902287984728
with:0.0045689638811683385
way:0.01353416265270737
to:0.003230154281462885
then:0.012467815232623462
day:0.019869554966897438
interpretation:0.03663913131268167
make:0.01375062877616956
that:0.00271019238620685
think:0.011248031465066838
r:0.02422046692757133
suggesting:0.04256758787381714
nt:0.005578738685331551
could:0.023579830551969647
12:0.02776081899696903
re:0.005842820355908915
so:0.007982895292069688
had:0.011987566294391681
he:0.012422915683751838
on:0.007922012894363905
you:0.008684359209511279
knowledgeable:0.0464943758157063
used:0.015425496158881762
am:0.012768252786729418
bible:0.02811666798326013
answers:0.03273915017384674
a:0.0032730565449524884
was:0.020752995330501227
said:0.03424226294786613
are:0.005022745168759574
no:0.008794888563925858
it:0.002678558044843531
not:0.004710234441999726
have:0.003994145415216038
covenant:0.09780596037601443
only:0.010418251861478801
whether:0.022323895194389255
determine:0.034081730306086265
familiar:0.03598951906008659
be:0.00903845714277299
which:0.010092908847793108
writes:0.005166112429824706
were:0.012119557011502337
of:0.007595335373661666
kept:0.031201372051360733
but:0.01039505034766266
year:0.019334068095387905
again:0.01907710264146889
in:0.0013881226710507069
or:0.005268058263305354
priest:0.044912155002335405
and:0.0029827923007092957
word:0.047951195565053416
for:0.002541787991500578
subject:0.00020856997571889294
offer:0.027462215771811235
i:0.007456980751773239
the:0.008244173546755267
wrong:0.020651734818983285
when:0.010216206584716687
original:0.048221375207398116
would:0.007286325360190438
once:0.02096118121035083
instead:0.02396667430925501
healy:0.04559193138506689
just:0.009174910652077234
here:0.014065632075182782
about:0.015390877817529243
language:0.031858666404188975
is:0.0041980097951666235
2:0.015221949625745381
created:0.029672617878789227
tammy:0.04827764653430771
too:0.01525404584269138
image:0.0578291093270887
article:0.006330725627473445
holy:0.03538980018343161
high:0.021854092387824386
cbnewsj.cb.att.com:0.04382026482752948
god:0.020727954935743944
dean:0.03893193748562001
