likes:0.02299662396052388
read:0.009856535051730096
believe:0.009446399479697132
choice:0.016401576845732797
dbstu1.rz.tu-bs.de:0.025294559616460363
know:0.005364674459383921
forgive:0.024514816448391593
all:0.004148121002809962
happen:0.02940549761884622
small:0.012994547392460918
benedikt:0.024386929990972927
knowledge:0.01607291802109624
saturn.wwc.edu:0.05090535961701529
own:0.00985430711107824
your:0.02738983091698397
with:0.00508545545034389
way:0.02259616721147665
creating:0.02127974135714289
from:0.0036807489323051113
clark:0.021803420283559704
possibility:0.018439050354962315
christ:0.01613858223059953
to:0.003595302156758689
us:0.008955984287760852
that:0.006033123920599597
jeff:0.018328170821001723
r:0.013479216377083174
nt:0.00310468935531495
along:0.015191136570179283
consider:0.014001582950309536
me:0.009422510264387346
re:0.0016258282729485676
description:0.019021914179938704
rosenau:0.024922724079772703
this:0.0022825323407453
something:0.008655049205058794
satan:0.068584342485006
you:0.012082586726276563
tell:0.01047836979835849
used:0.00858462394929072
great:0.01096195951622903
concerned:0.017504301054599256
them:0.006373300745792352
m:0.00595136831354814
why:0.023213772784617472
sure:0.009487147913735668
a:0.004250229948228159
how:0.005718969553170106
was:0.0038498310178321114
definitions:0.023329406904534028
idea:0.012053809979394592
said:0.009528281863754054
part:0.010648791793101206
adam:0.020193927701109598
let:0.010022338011968803
fine:0.014083289469219827
also:0.006449987529041593
whole:0.013008328152292565
others:0.011723166187253897
ee:0.025875130888740897
are:0.0027952668765270673
book:0.01352042830732032
deletion:0.05268618059654584
care:0.013765291049016944
it:0.008944054688868833
have:0.002222828752815882
being:0.00846001708663108
theology:0.046758193772751734
struggle:0.02353166784207704
has:0.013888362702868055
free:0.025108763427171613
be:0.002515048944075962
writes:0.0028750538739894015
making:0.013367857351619146
if:0.0029136974772322145
of:0.004226969251429101
even:0.007300693251156633
suffer:0.021373246597234035
what:0.0160076887477675
explain:0.015630684904402628
seems:0.010245596040787296
universe:0.057801578486947724
title:0.018266057963403998
one:0.0085505296328315
in:0.0015450408860390476
gon:0.020784805954322028
according:0.014954461759070514
world:0.01096195951622903
and:0.003319977517311216
for:0.002829120547061513
subject:0.00011607372561747085
i:0.003319977517311216
power:0.011747196870306705
sick:0.019527140300195506
pretty:0.012513130682259246
will:0.004927414543057758
agency:0.019021914179938704
the:0.0032771869999524044
do:0.0031231213865499856
when:0.011371082111684661
less:0.011951589376505554
would:0.012164995383970123
can:0.007517965151632291
major:0.014245339011816488
planet:0.02057005484419343
did:0.02144231795795172
na:0.018949145517523386
moral:0.017452846890916633
cosmic:0.026650123199203152
healy:0.02537290094473288
an:0.0039039049502684205
decisions:0.021632895443762828
introduced:0.022520266558299855
about:0.012848037134633106
including:0.013825946550131434
entire:0.016214861837777397
interests:0.021404867289969164
lesson:0.024082762214421145
is:0.004672567424185459
involved:0.015655987552460296
goes:0.014013161721698595
created:0.049540370719369835
i3150101:0.025294559616460363
first:0.00816328186691757
tammy:0.026867559810397335
abuse:0.021098555720618684
every:0.010574558812771287
faq:0.016878674186511997
article:0.0035231864361591346
full:0.013433315147492405
comes:0.013148592770632659
before:0.00924432290096802
going:0.009468763843694272
respond:0.017582642382871768
by:0.017224964779428975
especially:0.01358824220651018
giving:0.016492899770822068
god:0.046142230117829995
millions:0.020703026250159
everything:0.02686663029498481
s:0.00269754904720008
