go:0.05895249247860992
stopped:0.13653219160059743
technology:0.10205053593384675
where:0.05598353934041703
to:0.004176361091184336
cash:0.15396746871888717
nt:0.021638743991589045
re:0.011331530387217289
you:0.050527180855338354
as:0.024245883642939954
brian:0.11321447014481148
writes:0.020038254273259466
of:0.005892138956537535
believing:0.14963107951765467
well:0.05099599727737408
in:0.016152700172226406
subject:0.0008089986936975241
i:0.011569618620933026
back:0.0638289915171981
the:0.0022841000302698576
do:0.021767209663833234
long:0.07213064379116924
either:0.07586553657919268
beleive:0.16996951205829616
belong:0.1487462566481922
article:0.02455554182777579
before:0.06443012930977711
god:0.080399340356825
