some:0.05306985796060701
where:0.08397530901062554
cash:0.23095120307833078
lunatic:0.28328102226712765
next:0.12174454653405342
re:0.016997295580825935
charles:0.18710239340608342
lord:0.19361836789724246
m:0.06221885055073055
brian:0.3396434104344344
book:0.14134993230380336
up:0.06106638047056294
or:0.030650520804685697
thoughts:0.19518292352844605
subject:0.0012134980405462863
i:0.01735442793139954
the:0.0034261500454047865
do:0.03265081449574985
sold:0.1866603684109928
sign:0.196986912086048
