some:0.008648421297284105
read:0.06717046109327175
at:0.013051333517843423
righteous:0.04283449919981196
your:0.00933283127541676
4:0.018401996327249474
such:0.028489143755078498
kids:0.032565652080405356
learning:0.036799282069036154
post:0.019130205958749487
corp:0.03428270107342257
remember:0.020612029900157276
lunatic:0.13849294421948463
considering:0.02966940707670439
think:0.010664800203915224
nt:0.01057894150699909
need:0.01423112586294249
re:0.0027699296502086707
this:0.003888758802751252
these:0.012271377578510687
on:0.003755620927698444
set:0.019625293215747564
you:0.03705326596058146
lord:0.06310524583317532
them:0.010858216085424007
communications:0.03125246589876811
posted:0.02528430314431034
3:0.017344192182500887
a:0.004137790002507837
other:0.010217096206162303
false:0.031015619197786518
as:0.0059267715571630995
possibilities:0.082261347575891
mistaken:0.039916689676055744
california:0.029477549829058786
others:0.01997280165235849
flaming:0.04083234860914594
are:0.004762306530379449
no:0.008338857305055628
book:0.023034803782842027
not:0.004466000063525666
have:0.015148166315486012
try:0.018047330906247355
only:0.009878046209402124
open:0.024481189472247134
netcom.com:0.04768940999586873
without:0.016646003591129593
which:0.009569572833463096
thinking:0.02580390025073078
if:0.019856308733730645
of:0.002880601267640573
even:0.01243821813160019
ignore:0.033339008522638686
san:0.029910855063737366
again:0.018087919541540876
please:0.014188261903001887
up:0.009951558298906553
eliminated:0.04350228510347341
good:0.024000145946066656
in:0.0013161459399591887
5:0.01925091027346432
yes:0.019754413855584362
or:0.014984699060068564
thoughts:0.03180758753796899
and:0.00424219349434211
for:0.002409991577126474
subject:0.00019775523623717257
i:0.0014140644981140366
example:0.02082488254635485
the:0.0033500133777291247
do:0.005320873473381457
jose:0.033777012398392925
liar:0.12888998077081074
home:0.021698985569343323
did:0.012177118840318262
an:0.0066510973226795314
is:0.003980335213195021
logical:0.034868903447931636
discussion:0.02546571810733475
critical:0.0362020247771835
argument:0.07819425422532715
2:0.01443266334885488
1:0.014507584384627471
instructions:0.03579603784018353
leaves:0.03691324443081009
faqs:0.1351533397072771
three:0.04323685935514775
especially:0.023150338574054383
