there:0.007712428450228129
know:0.010368698534943712
islamic:0.03853449605456514
where:0.01552484704398119
atheists:0.035098098440408405
your:0.010587665732615652
with:0.004914515771340734
proves:0.04701348874345944
from:0.007114052558236769
post:0.021702334491018323
my:0.007984993792691608
measure:0.03880129183872127
that:0.008745494758852357
like:0.009786882886627506
through:0.01991145625230947
bobby:0.087699623348517
re:0.0031423571662031135
wait:0.03085209920260603
this:0.004411617129171588
he:0.013362463928741472
kmr4:0.04666084841489615
something:0.016728246362718677
rarely:0.043063878413663347
you:0.014011739228791308
children:0.028171234185029623
disclaimer:0.03154668510146375
m:0.011502644639630858
why:0.01495565193406728
more:0.010684193494291814
false:0.035185786484883866
genocide:0.037861868258989205
said:0.036832013927116505
logic:0.034896982757957745
outer:0.048169970910485055
are:0.010805233304222277
caused:0.033464825034077036
reasonable:0.03141434596727771
plan:0.03281986720536644
atoms:0.05110840577165941
reason:0.02245556238662628
it:0.008643414195125343
have:0.004296223639896242
keith:0.03311316864806443
minds:0.0413096362803683
explained:0.0398080246102559
personal:0.02818399555626652
anybody:0.025542816343804158
which:0.010856238088382502
writes:0.005556826815273633
of:0.0032679090011048513
ryan:0.037352417655489745
humans:0.03790236646433331
killing:0.034008761779459336
women:0.031758951208684244
proving:0.048450108895927005
one:0.008263116872064054
in:0.0074655336930458185
atheism:0.12149293819348127
po.cwru.edu:0.08013321995440681
or:0.005666482837841053
female:0.04528363954846659
men:0.029509231534683544
and:0.0016041908171881927
subject:0.00022434417556317895
space:0.025693384516916835
i:0.0032083816343763854
stupid:0.09735343339327443
favorite:0.04060895049096451
yet:0.02210141800576608
than:0.012021859514449253
the:0.00190021767224131
see:0.014868787911018286
can:0.014530520881306106
agree:0.025349203184575116
maybe:0.02225137043985146
countries:0.03542419570445711
an:0.007545362508922157
just:0.00986881145769652
many:0.015573117878807507
contradict:0.04763624481197811
is:0.009031012668593744
9:0.029922971896008625
does:0.010239401801155673
2:0.016373189513406796
mozumder:0.050360947905974576
existence:0.034189486193080876
contradiction:0.04750794672684543
by:0.00832298718333753
allah:0.05533616692856765
everything:0.025963550285069352
s:0.015641250777882816
