above:0.01582939552400317
some:0.006788005087984617
say:0.011032238222485717
there:0.010671848669501714
your:0.007325187338263154
with:0.010200477502143267
way:0.010071934997363623
ca:0.01195667788425768
response:0.020416270654810127
followed:0.0516853221046893
from:0.004921931711803346
wrote:0.014974273108679425
name:0.016059491312966575
to:0.005608950070137102
kent:0.0535041091565278
might:0.012366774045804918
100:0.019642512202506228
direct:0.023219625712640544
been:0.008530467367566507
that:0.004033774714354382
sandvik:0.08719034853597282
think:0.008370628067026483
really:0.011345324088319337
nt:0.008303238973516727
bobby:0.030337951100213728
me:0.006299934188398516
re:0.002174072690570759
so:0.017822277861364887
this:0.003052223478903599
discuss:0.026002688223217267
mean:0.0153687328885457
he:0.03697984203535431
best:0.01415800046489206
on:0.005895451456270813
you:0.006462778946613045
serious:0.02091275370371785
why:0.010347224303220968
more:0.007391971080353057
sure:0.012686302442786066
a:0.0008119210033990669
member:0.023202894899689294
was:0.00514802984942666
private:0.02063768095159623
no:0.006545033349898313
hey:0.022407784800181216
reason:0.015536115837258882
it:0.007973382086976092
not:0.010515872242604038
statement:0.020193019881934917
have:0.0059447745714843354
interesting:0.019000142801868677
argue:0.049530280159759695
postings:0.02678289790518072
always:0.01544741917441109
bother:0.026660494363332857
his:0.03217027397974285
explained:0.02754159842221193
glad:0.026971475089792075
be:0.006726293687645015
get:0.015283418317338631
upset:0.03005971841894841
newton.apple.com:0.058593946020788094
of:0.0022609370414620775
cheers:0.02531489928118806
but:0.003867925710758199
alink:0.03093785945041856
one:0.0057169238824164095
in:0.004132086090569546
resources:0.025661364962596467
point:0.012799627681744538
and:0.004439504819660347
still:0.01187040164086946
for:0.003783126312931093
subject:0.00015521486565126915
blind:0.02984633837912034
i:0.0022197524098301735
any:0.005949344571446554
actually:0.014211128645936539
will:0.019766953690173564
event:0.04828768544415084
ksand:0.03167820492935229
the:0.0035058279534374557
do:0.004176266970386608
thing:0.013162397878633467
because:0.020520026731331558
agree:0.017538111505607204
may:0.01081991585720832
mental:0.03100140055816385
an:0.005220338014893818
human:0.018638618437421952
just:0.006827840485266779
newsgroup:0.022349789770781104
religion:0.04129687515072922
is:0.006248200625364277
win:0.019706252346676403
argument:0.020457799070579777
done:0.015399206694306385
new:0.010023253284206668
right:0.01127833484761802
time:0.009183197499440195
does:0.01416847458532006
spare:0.029640513221847575
ideal:0.03139796015134137
issues:0.02212342722441218
dave:0.020385317856829024
every:0.014140398412426721
him:0.013933228507926207
activities:0.024571682004967798
article:0.004711237676259308
little:0.013635690127316653
supported:0.025411800749125336
answer:0.017652738617028235
by:0.005758345783820733
