believe:0.013167708365638426
typical:0.027021850543829964
know:0.007478031064595768
true:0.01565624722519907
atheists:0.02531317402671879
ca:0.012463930885408007
into:0.01085335698777204
kids:0.026644624429422566
wrote:0.015609545301168854
to:0.0033410888729474685
kent:0.055773980454077464
direct:0.024204700742873782
make:0.010667154444543659
that:0.008409809101441863
sandvik:0.09088933301931712
indeed:0.04470596737581352
russia:0.03105819109833902
movement:0.028529102821034977
grand:0.0303926464558711
nt:0.012983246394953426
huh:0.030296444339772376
anything:0.014068128183753963
re:0.002266306077443458
mean:0.01602073973836279
he:0.019274341909336183
merely:0.024733630422671855
something:0.01206461404341529
on:0.006145561518051999
you:0.006736957447378447
relative:0.029837087737532776
working:0.019203266731555195
d012s658.uucp:0.03356991096555675
a:0.003385464547506412
how:0.007971896952903785
was:0.021465724463063895
as:0.0048491767285879905
genocide:0.027306438320119485
private:0.02151321893136092
scale:0.02932820664591257
frank:0.04746878032182572
are:0.0077928652315300065
those:0.011247973662348849
caused:0.024135237448819194
not:0.007308000103951089
have:0.0030984885645312294
pleasant:0.036451266703223864
term:0.023622301781299745
only:0.008082037807692646
between:0.01407797482452367
always:0.016102764230295198
presents:0.03494280580978978
mapping:0.03356991096555675
somewhat:0.026071738529470343
be:0.0035058258008331595
were:0.028205514499496345
newton.apple.com:0.06107974979136699
things:0.0135437935038803
of:0.0035352833739225207
cheers:0.026388864705238463
what:0.011156873975716741
but:0.00806403905758073
eh:0.030201745443390066
they:0.011308116660699924
alink:0.03225037469983026
who:0.007836684086265748
notion:0.05994255275842571
rest:0.01979776262710793
in:0.0021536933562968544
atheism:0.02920739322227125
yes:0.016162702245478115
or:0.004086736107291426
world:0.015280307204440466
and:0.002313923724186605
for:0.001971811290376206
subject:0.00016179973873950483
horus.ap.mchp.sni.de:0.03515181293749384
cause:0.01911212808086101
however:0.014527872146647958
i:0.002313923724186605
fanatics:0.035592778721023705
similar:0.019180353259798187
actually:0.014814025012733847
will:0.006868517241838087
ksand:0.03302212877483996
odwyer:0.03348855932718013
the:0.005025020066593686
do:0.0043534419327666465
gods:0.029369018962163138
would:0.005652422097602279
agree:0.01828215259978448
country:0.02042881277587959
during:0.01774769399880285
jesus:0.021049693452683673
people:0.009122867515594652
is:0.006513275803410034
et:0.02757451865331237
gave:0.022496205533562984
does:0.0073847806929546985
man:0.01756393538663757
life:0.016911390019931576
2:0.011808542739972174
communist:0.07118555744204741
1:0.011869841769240658
somehow:0.025770384375819248
supernatural:0.07490350007747136
atheist:0.027697580872468403
change:0.018012176411578713
activities:0.025614116999117947
article:0.004911108365555157
christmas:0.036720671324865284
understand:0.018158528866276686
by:0.006002639241316158
god:0.016079868071364998
defined:0.026489877144542776
