edm:0.06441782322950815
thu:0.05951370387817784
some:0.01179330176902378
read:0.02289902082725174
go:0.019650830826203305
at:0.008898636489438698
out:0.011900778778590505
folks:0.03740622071004827
dan:0.04013942918572989
say:0.01916712095219741
anyway:0.030793068905500345
became:0.04369340915208409
saturn.wwc.edu:0.05913248844400767
tony:0.04669438967113847
to:0.005568481454912448
lunatic:0.06295133828158393
might:0.021485708443216626
that:0.0035040871256007762
re:0.0037771767957390967
effort:0.04103390794675458
off:0.022055125736932836
he:0.04818585477334046
apr:0.03764856845492928
on:0.010242602530086665
you:0.005614131206148706
friendly:0.05231981119605017
m:0.01382641123349568
a:0.004231830684383015
christian:0.09714673852232047
want:0.019117151189011937
was:0.008944051859609956
said:0.02213641241074174
part:0.024739617297103812
book:0.06282219213502371
it:0.0034631861589896162
have:0.0051641476075520495
real:0.025834281353517653
be:0.011686086002777199
writes:0.013358836182172977
of:0.0039280926376916905
destroy:0.04987702650588489
lawrence:0.04791145428986702
but:0.006720032547983943
central:0.046266769834506546
sense:0.033195172185484755
gmt:0.04280099329520238
again:0.024665344829373922
ed:0.04008252193605053
title:0.04243629627861535
one:0.009932433411874976
in:0.003589488927161424
or:0.006811226845485711
thoughts:0.04337398300632135
and:0.0019282697701555045
subject:0.0002696662312325081
i:0.005784809310466513
we:0.013613574805191616
any:0.010336235013018256
the:0.003806833383783096
thing:0.022868004395201584
start:0.02846022310992437
liar:0.05858635489582306
come:0.024254481560297057
an:0.009069678167290271
just:0.011862510742079656
makes:0.028211897800524993
here:0.018185867733569658
15:0.033755663959400446
save:0.036591012448699944
right:0.019594682765558584
christianity:0.0388550334737577
himself:0.037805873237383526
1993:0.030602583868789265
article:0.008185180609258597
little:0.023690289918166307
process:0.03653094680033907
cbnewsj.cb.att.com:0.05665650401943206
s:0.006267033139959782
