simply:0.022084067435981153
ask:0.01052188658612407
say:0.013700685734783707
there:0.003313281536379594
entirely:0.015004061538560336
all:0.0034442881972790297
atheists:0.01507824445634874
hand:0.011397976373475355
your:0.004548491776827663
ca:0.007424363162788163
into:0.012929992079295209
someone:0.01590944487121314
such:0.006942300373529959
led:0.04565501034834364
longer:0.012253469344311103
options:0.016335669345403668
to:0.003980358585099873
then:0.017283902705153103
indicates:0.017746739051854976
might:0.007679007710752513
that:0.008766542881015658
divide:0.021712848397227213
talking:0.011767838196253677
nt:0.0025779009087452654
could:0.005448047492151832
me:0.00782374498487036
anything:0.008379931950611565
re:0.0013499657140006156
worried:0.018162151794760346
so:0.003688846921967221
had:0.005539380814736951
jon:0.04493900646626354
on:0.0073214270792677245
regard:0.016573382579329977
you:0.016051956372815073
assume:0.01253244965808367
ta:0.016669147035407336
d012s658.uucp:0.039993034724309484
more:0.004589960382024281
a:0.004033224912191755
other:0.004979451219609786
false:0.015115915493506065
basis:0.013455625548873643
as:0.002888498773346637
genocide:0.016265567952417744
following:0.00988200098570311
belief:0.059487585567778375
question:0.007880816185368608
deity:0.02204126636908904
course:0.008830872923826784
based:0.010905787046572355
frank:0.05655125453502704
are:0.004641959433943867
no:0.008128128059079493
beside:0.021792194630869004
caused:0.014376585483953673
care:0.022859328095840414
it:0.0024754904674366206
plausible:0.020520640141376754
have:0.0036913401671310677
being:0.007024562923917503
area:0.011582913518625802
whether:0.020631469926944583
dig:0.02100270293063496
doing:0.009677627816481283
tendency:0.02106775168696232
worship:0.0552148188536944
nazi:0.01819162223028078
talk:0.012489508186415262
yourself:0.012658031304601417
be:0.010441538937499483
considered:0.012429035946614484
writes:0.009548915393755414
things:0.008067602628665162
if:0.004838631189627504
of:0.002105854717318469
germany:0.01517958748443064
republican:0.021635208667187635
what:0.006645791357376399
but:0.004803488969317041
extent:0.017669099321815398
present:0.013084838566170773
seems:0.017014347215747856
they:0.003367940882699436
who:0.004668060917811727
fido.asd.sgi.com:0.04391263745001784
one:0.010649576618508546
in:0.005772986704153119
atheism:0.017397905710017172
point:0.015895566507292857
yes:0.009627602420591658
or:0.007303012177289733
world:0.009101988045966344
solntze.wpd.sgi.com:0.05599572095370895
rather:0.009290554703656546
use:0.006002814179593315
and:0.005513320064848951
still:0.007370790910575983
subject:9.637890574735848e-05
horus.ap.mchp.sni.de:0.04187761108076883
i:0.0034458250405305945
person:0.010127055736728703
livesey:0.11100219923233079
than:0.010329251135158564
odwyer:0.039896117609998
the:0.0024490169999644316
gods:0.01749418097024158
when:0.004720846364056809
quote:0.014566635063323428
start:0.010171704288384521
got:0.007986114879532758
would:0.006733932462847481
because:0.012741677248335841
once:0.009686033194674752
forget:0.013859975940124527
sp:0.017036593585262723
an:0.019449057152961805
people:0.005434199061635803
about:0.017780075457073493
is:0.008729435530743592
critical:0.01764358608274286
else:0.009121127167285404
easily:0.0267069658367898
supernatural:0.06692641252409444
nothing:0.00922330686462422
atheist:0.04949567701036772
words:0.01194172971663312
article:0.011701557838506875
behaviour:0.03818933942902883
origin:0.01749418097024158
bad:0.019787733189504577
by:0.0071511586629398275
s:0.006719526507465902
