at:0.010487678719695607
out:0.01402591784619595
stopped:0.0536376467002347
technology:0.04009128197401122
true:0.030753342763783886
hand:0.03758618399348421
much:0.020799962732856326
to:0.0016407132858224176
stop:0.03957087041167425
besides:0.0482153189778201
us:0.024522337930773762
guy:0.040313461273200825
really:0.02323090170465388
nt:0.03400374055821136
re:0.004451672652121078
so:0.01216441187363
this:0.012499581865986166
he:0.01893015723238375
you:0.02646661854327247
more:0.01513594078358007
a:0.0016625049117218987
was:0.010541203977397447
as:0.009525168574012123
listen:0.05084459964694367
business:0.04305433015754247
are:0.007653706923824113
it:0.01224483677642757
being:0.023164332499108906
completely:0.04282135282189845
always:0.03163042973807985
has:0.012675886593887511
writes:0.007872171321637646
of:0.006944306627347808
gotten:0.051306082307065626
believing:0.1175672767638715
but:0.007920038360123931
well:0.020034141787539816
now:0.01966564759378862
one:0.011706082235424076
rest:0.03888846230324772
in:0.008460938185451928
for:0.0038732007489532616
subject:0.0003178209153811702
i:0.004545207315366545
the:0.002691975035675189
do:0.017102807593011825
when:0.03113510578199371
eric:0.047476529527602444
just:0.013980816231736736
long:0.028337038632245057
people:0.01791991833420378
about:0.011726383099069898
is:0.0031984836534602844
either:0.02980431794182569
beleive:0.06677373688004491
first:0.022351843207036204
article:0.009646820003769058
bad:0.03262620293745695
before:0.025311836514555288
by:0.011790898509728167
god:0.0631709102803625
s:0.01477229240133377
