taken:0.01664081464524576
believe:0.01097309030469869
out:0.005950389389295253
there:0.004635247401904786
all:0.014455573191610473
true:0.013046872687665894
ever:0.01335061644863566
your:0.006363294051420518
way:0.017498715348954984
from:0.008551234893234097
via:0.01726379484149316
to:0.002784240727456224
declared:0.027581180645692684
enough:0.01228357841887574
speak:0.0362164930771555
ultb.isc.rit.edu:0.05858635489582306
that:0.010512261376802327
duke:0.03205349919724522
nt:0.014425829327726031
re:0.0018885883978695484
so:0.015481978748256365
islam:0.023656793451042952
mean:0.01335061644863566
something:0.010053845036179409
on:0.0025606506325216664
you:0.008421196809223059
tell:0.012171843705163905
great:0.012733589337033722
state:0.013422794883538466
a:0.007053051140638359
false:0.0634410392681997
was:0.008944051859609956
prophet:0.027907132772650115
also:0.007492409755957407
quran:0.14314932153094434
are:0.0032470271798041694
lie:0.0460595623614449
it:0.0069263723179792324
not:0.0030450000433129543
contain:0.023685903070824518
shift:0.02447418246846928
only:0.006735031506410539
hope:0.014588189584040635
acid:0.026454193012792636
after:0.00974350347305531
be:0.0029215215006942997
which:0.0065247087500884746
dropping:0.02947357180448769
writes:0.0066794180910864885
down:0.011941240287642213
were:0.007834865138748986
if:0.010153794238839534
of:0.0029460694782687674
even:0.008480603271545584
what:0.004648697489881976
but:0.0033600162739919714
years:0.011261492035254513
again:0.012332672414686961
women:0.038174900947812375
must:0.011704345593330796
they:0.004711715275291635
who:0.006530570071888123
errors:0.021686991503160676
one:0.004966216705937488
in:0.00448686115895178
yes:0.01346891853789843
or:0.006811226845485711
and:0.003856539540311009
few:0.011543573236900438
still:0.02062332406292472
conduct:0.02625610860292758
i:0.0009641348850777523
explicitly:0.026018952122686314
20:0.015882991658614242
will:0.005723764368198407
the:0.005329566737296334
see:0.00893629172429887
when:0.006604416377998666
judge:0.04406526746645497
around:0.023911054880339757
eagle.wesleyan.edu:0.09287164145176857
can:0.004366494911301583
because:0.008912738883305626
may:0.028197356476361075
come:0.012127240780148528
during:0.04436923499700713
long:0.024043547930389746
people:0.007602389596328876
contradict:0.028629864306188867
china:0.03016110803845021
is:0.008141594754262543
billion:0.024080437309531345
verses:0.05342650011030801
either:0.012644256096532113
touch:0.024112102021721222
karl:0.02966064893418642
revelation:0.02660802739402854
marriage:0.026018952122686314
life:0.04227847504982894
silence:0.027099816101226398
mozumder:0.030267438387934217
wall:0.022659162261863743
article:0.008185180609258597
written:0.036197160994506164
before:0.021476709769925703
pink:0.02975685193908892
says:0.01293447850720994
s:0.006267033139959782
