some:0.007162802914928553
ability:0.024590734143916732
believe:0.013329275339449942
at:0.005404693327941295
objective:0.027353406992220518
all:0.005853176875130621
jaeger:0.07116624705136788
principles:0.030965091146774797
buphy.bu.edu:0.03580225286680099
your:0.015459291069708744
with:0.0035878980171137873
my:0.0058295353455846705
to:0.007609688613998453
physics:0.05626509239869021
born:0.026367625509456878
might:0.013049602060603963
that:0.008512996943177345
control:0.018709412699024684
nt:0.008761700021134215
consider:0.01975683483786008
inability:0.03537155189334548
re:0.004588227027953013
justify:0.05842571825198246
so:0.00626877667107313
this:0.0032207511556528773
jon:0.05091249403335379
he:0.009755418451044388
empty:0.031223989027083857
soviet:0.0271595092043964
on:0.0031104835904250915
you:0.020458858505842524
gregg:0.03398181171360039
society:0.022798964530103362
am:0.020053206830691603
beings:0.03111911520279367
was:0.005432276896327519
as:0.004908675829552261
muslim:0.02599569531426402
are:0.007888483209830988
atoms:0.03731227169832804
it:0.012620445266502037
not:0.0036988344084415026
against:0.0158483484181463
amazing:0.03007029435528668
abstract:0.03432273104583849
be:0.003548842068328045
writes:0.008113648969540643
certainly:0.018869676547580618
of:0.003578661084032
trying:0.016541890939069916
what:0.01129376813492799
but:0.004081492161045462
saying:0.01850647349057938
rushdie:0.06685461653801957
must:0.014217548634843542
they:0.0057234332791886115
find:0.03895300744184154
fido.asd.sgi.com:0.03731227169832804
difficult:0.045732616896171766
in:0.00436023808330038
according:0.021101387758197657
solntze.wpd.sgi.com:0.06343891494551075
rather:0.01578824326940407
consequence:0.03663741958044872
subject:0.0001637850116074742
i:0.007026946278971593
we:0.008268367519717608
assumption:0.029099594936790395
livesey:0.12575709279082056
than:0.01755338996588296
the:0.0032369761165174054
do:0.004406858398199366
when:0.02406762778240005
closer:0.028597035903245083
start:0.01728565698087431
hate:0.0493986410129795
claim:0.02003214137914102
regime:0.0349691145774816
individual:0.023691326326788668
imagine:0.02415790524212554
human:0.019667744608813348
long:0.014603136473058803
people:0.018469609080651747
is:0.0016482983244826006
living:0.022601257754779756
questions:0.018553229062855902
conclusions:0.031067343002512293
does:0.007475391499003222
life:0.017118891737967545
their:0.009286402567985975
amazed:0.07116624705136788
bu.edu:0.03251414490951552
abuse:0.02977096819473802
under:0.01489155476751926
article:0.009942734727811056
understand:0.018381332901445727
by:0.006076291256547031
seem:0.016930751870526
grasp:0.07277395579255076
