another:0.008905643897142886
infinite:0.10382071421805475
concept:0.0512753222183227
know:0.029731930738754263
all:0.0038315977134389203
small:0.012002995583397635
your:0.005059968763780171
with:0.0023487043244560133
way:0.013914641120855768
from:0.003399888572008737
to:0.0038744554701348657
require:0.015580405859046532
measure:0.018543589272320606
ultb.isc.rit.edu:0.046586740037642425
that:0.0013931912668051277
think:0.005782120592484157
memory:0.01358085231392496
like:0.018709061261183504
really:0.007836930695545887
through:0.009515916843473199
nt:0.017206712089697315
anything:0.009322253615740576
re:0.001501769087462532
so:0.00410365701761012
greeks:0.022085522010712243
had:0.0061622830750286545
something:0.007994623763708925
certain:0.0397146384549459
on:0.0040723600420826496
you:0.008928497821826857
numbers:0.014167640164653404
knowledgeable:0.023900723310885164
used:0.007929572322638013
disclaimer:0.015076528221181471
etc:0.009326602359270022
infinity:0.10055552552714735
a:0.003365070182762398
genocide:0.018094627802488814
idea:0.011134041346428739
outer:0.02302099011384627
based:0.024264281220084675
no:0.004521067213584376
concepts:0.020303649235899546
caused:0.015993229634759708
plan:0.015684996776861873
atoms:0.024425302356736827
it:0.013769294367067147
not:0.00968530134258578
have:0.0020532153138459954
able:0.010592229823737625
minds:0.019742356294633844
has:0.00427620270637169
call:0.03201151925299648
ancient:0.018416084459812253
be:0.006969412736596041
writes:0.0026556722530825796
things:0.01794960584851606
if:0.010765468590576855
whatever:0.013272934051218323
of:0.003123543543224717
even:0.006743612240024199
what:0.02587588241355991
explain:0.02887596408042252
but:0.0026718201696803623
powerful:0.018479330873338917
humans:0.036227964732977215
understanding:0.016121103553858738
continuous:0.04813616707478694
beyond:0.015684996776861873
universe:0.017797005424361415
programmer:0.02047457138215977
good:0.006506063660078309
one:0.0039490397902635435
in:0.003567865499889367
atheism:0.019354296713553237
or:0.005416156286771769
world:0.010125504774026814
and:0.001533322949762208
for:0.0013066219394059196
subject:0.00010721669434545499
space:0.012279167700855836
i:0.0022999844246433124
we:0.04871363514628807
stupid:0.04652633965381389
actually:0.029449567796398613
pretty:0.011558313481604925
yet:0.02112505014205754
the:0.0009081361566133169
do:0.020193676435122394
see:0.007105966913297896
units:0.039032078560744546
would:0.007491161816099406
can:0.02083291548042683
because:0.02834895259268295
agree:0.012114679433592124
imagine:0.047442633186342925
an:0.007212033241459732
just:0.004716419933597935
many:0.014885148815888299
different:0.010149465453860432
reality:0.06731905577915473
is:0.015106091471764236
applies:0.03824655451836602
time:0.006343413533749853
9:0.014300536769578417
mozumder:0.02406808353739347
created:0.015253393929658719
first:0.007540380840927875
by:0.007955305018611775
allah:0.05289159730521727
mathematical:0.04528841592875555
s:0.00249171197130931
