final:0.0771329679447319
atheists:0.08353347428817202
your:0.02519864444362525
way:0.034647456390930864
my:0.019004285226606025
martin:0.09289206742510414
that:0.013876185017379073
anything:0.046424823006388075
re:0.0074788100555634104
scott:0.07644154106343014
political:0.0720955155496305
fingers:0.22736869276645444
these:0.033132719461978856
why:0.03559445160308013
how:0.026307259944582488
are:0.01285822763202451
d:0.03643688444754071
it:0.013714217189598879
should:0.03285624284466959
his:0.036888580830105135
finals:0.11160841050959436
find:0.04232893475346781
in:0.007107188075779619
or:0.013486229154061707
and:0.0038179741449078986
subject:0.000533939137840366
i:0.007635948289815797
the:0.001507506019978106
do:0.014366358378129933
eagle.wesleyan.edu:0.1225905667163345
got:0.04424307643261148
would:0.03730598584417504
just:0.02348777126931772
here:0.03600801811246792
many:0.03706402055156187
is:0.005373452537813278
keep:0.10597658336503685
appropriate:0.08088015496121014
psuvm.psu.edu:0.09997826632124884
words:0.06615718263014748
article:0.01620665760633202
says:0.05122053488855136
doubt:0.06960144597961136
