some:0.02103670045285323
at:0.007936621733823703
there:0.008268279149343671
all:0.008595205681498118
islamic:0.08262351406294147
slavery:0.055220975998348874
i.e:0.03112197294572435
way:0.015606962338257147
such:0.017324479310520707
mechanics:0.05325472765582619
ground:0.03492751048105713
to:0.0012416208649466945
corruption:0.05241215055662958
kent:0.041453634121273786
software:0.025367440436768078
might:0.01916292915205807
engineer:0.040167615673260756
that:0.009375800687418293
sandvik:0.09007051019932327
nt:0.012866280211215109
perfect:0.1459490736625906
re:0.006737666716723793
this:0.004729571516859631
laws:0.033440305522863895
internal:0.03569880555063363
you:0.005007198102781278
state:0.023943363846311856
why:0.0160335367581442
was:0.007977127334246718
standard:0.02742382468884898
forever:0.04251474255061058
stating:0.04908694817881616
evidence:0.02898836067128898
503:0.10723027215153885
are:0.00579199442883987
it:0.009266362965945189
not:0.010863243397765133
sex:0.038969797351858786
only:0.012013839984407988
machines:0.03554906788184047
stay:0.03557385196627191
states:0.031106844463564712
historical:0.04067769579938245
allowed:0.034521020073124964
evaluation:0.051209165037489734
survive:0.047188560509305776
writes:0.005957318837996057
were:0.013975705382633326
newton.apple.com:0.04539711133142141
if:0.012074782338079446
destroy:0.04448491553227571
even:0.030255125184973437
looking:0.0233683364451049
again:0.021998821064036198
in:0.0048021541052565
or:0.0060748779973250925
and:0.005159424520145809
subject:0.000240513125153318
create:0.03425987109228485
i:0.0034396163467638723
will:0.010209958062191752
exist:0.032761481763928874
the:0.0013581135315118072
start:0.025383442233175787
can:0.007788882814754174
home:0.026390658124877012
agree:0.027176172783463414
did:0.014810009400387075
an:0.016178344838950212
thought:0.02418546310983525
rules:0.03711275045557345
people:0.02712203855987599
disclaimers:0.04919886277339776
is:0.012102370580660535
time:0.014229819548682104
marriage:0.0464121848674945
nothing:0.04603344146848484
atheist:0.041172079675290865
article:0.007300296219068477
takes:0.03221531399981685
going:0.019619961117564706
revolution:0.0477459965788381
