large:0.02064851117163845
mark:0.020714648029601313
posting:0.06825907359219809
geoff:0.12111964874393294
where:0.02548216273425878
among:0.023755210124040173
your:0.01737837547836224
wonder:0.025450811778047786
into:0.012350371744706113
such:0.013262187610122749
from:0.04086900538628434
feb:0.038389201955206745
my:0.01310640360455588
christ:0.025599130434744082
near:0.02486052260332086
day:0.01754002093629567
bunch:0.027973813938995347
that:0.004784891385303128
me:0.007473025382100308
re:0.005157800038319594
articles:0.05809501545792644
file:0.041910150102874605
posts:0.02774494808392187
two:0.012860616776919388
on:0.006993225175714344
great:0.01738793578436329
a:0.000963106293687169
j:0.021062956272612846
noted:0.030780710682624644
was:0.018319885533132116
as:0.005518028691151851
following:0.018878029469239735
question:0.015055076436876582
whole:0.020633899827774412
perry:0.06712229876000632
others:0.01859536705564411
east.sun.com:0.07640048702506018
are:0.004433871597249831
lie:0.031447563267469274
tear:0.03420895503403215
early:0.024156835164091593
bos:0.04133070897111017
ken:0.0284556738007918
have:0.0035258662975700197
made:0.01603847966840001
interesting:0.022538100427044225
19:0.028254463530902614
apollo.hp.com:0.04118551304560787
sun:0.050048169711708154
which:0.00890960229322426
kill:0.025480221424850936
were:0.010698643430843442
coast:0.036927338157164785
if:0.0046217270328510985
of:0.0026819391112515674
what:0.00634787657239056
years:0.030755523075591634
they:0.012867856889761982
up:0.009265243933464722
now:0.011392513088815477
over:0.013834074155305916
in:0.0012253772544447619
1990:0.029454802554091507
for:0.004487570522925159
subject:0.0003682338881657696
i:0.003949628425766792
top:0.02332160155977459
rate:0.02679086696200863
ago:0.01973217741630789
48:0.035403932422128956
the:0.005718126282675574
thing:0.015613327138792803
last:0.015035603807306881
an:0.01238480191119637
jim:0.023354005151371513
here:0.012416557969816524
jesus:0.023953099446157283
about:0.006793215036702562
current:0.021808591198143573
is:0.0074116586728459
captured:0.038389201955206745
save:0.02498282918911237
select:0.032670033990485875
guys:0.02679086696200863
average:0.026755317647604047
days:0.02053967327275981
checking:0.03351375021250136
2:0.013437307255830405
first:0.012948653995800283
too:0.01346564046803101
atheist:0.03151793685487784
thousand:0.03214701277399275
article:0.01117700524574622
saved:0.03195596034261801
three:0.020127503492913604
arromdee:0.04076741220549453
by:0.013661178962995395
four:0.024193421731192922
james:0.02385926736301398
