utterly:0.02891328695987307
believe:0.010863359401651703
objective:0.11146513349329862
say:0.02846317461401315
all:0.004770339153231456
true:0.012916403960789233
take:0.03188623695503555
valuable:0.05198709503379661
own:0.011332453177739977
meaning:0.03945946534884292
such:0.009615086017338993
my:0.004751071306651506
to:0.004134597480272492
everyone:0.030575127575131034
value:0.037338528197566674
day:0.01271651517881436
that:0.020814277526068608
bit:0.013625420990278499
nt:0.0035703927586121925
re:0.0018697025138908526
so:0.0051090529869246
this:0.01049964876742838
mean:0.013217110284149304
jon:0.020746841318591665
on:0.007605132378589349
messiah:0.02783217141752489
d012s658.uucp:0.027695176546584314
a:0.0034912603146159877
contrary:0.02311372288721354
christian:0.01602921185618288
want:0.009462989838560908
was:0.004427305670506928
as:0.012001712403255276
following:0.013686571365198809
therefore:0.01716462760277433
morality:0.04321639484658786
act:0.018658165315091773
frank:0.03916174376550622
no:0.005628728680912549
base:0.019258179277065256
wild:0.02362553295052139
it:0.01028566289219916
not:0.006029100085759649
absurd:0.025945700261817545
only:0.0066676811913464334
after:0.009646068438324757
has:0.005323872369432755
personal:0.01676947735597858
be:0.0028923062856873565
writes:0.003306311955087812
were:0.0077565164873614955
if:0.0033507520988170464
of:0.0029166087834860796
even:0.00839579723883013
freedom:0.09970071200796515
candidate:0.02874377920149466
opinion:0.016546557822938446
what:0.004602210514983156
years:0.011148877114901968
assert:0.08308552963975294
highly:0.020883368572043006
good:0.008100049256797496
in:0.002665195528417357
or:0.0033715572885154267
world:0.012606253443663385
solntze.wpd.sgi.com:0.025851357840295634
and:0.0038179741449078986
complain:0.025447551057073345
word:0.04603314774245128
for:0.00325348862912074
subject:0.0001334847844600915
horus.ap.mchp.sni.de:0.029000245673432415
however:0.011985494520984566
values:0.02135473185171634
i:0.005726961217361847
we:0.00673871952856985
assumption:0.023716169873484173
necessary:0.018023878887407627
exist:0.018182622378980526
livesey:0.051246015312259384
odwyer:0.02762806144492361
2000:0.021628237530281626
the:0.002261259029967159
do:0.003591589594532483
thing:0.011319662175624783
see:0.008846928807055881
when:0.019615116642656038
represents:0.026239902761932218
would:0.00466324823052188
can:0.008645659924377134
agree:0.015082775894822197
an:0.008978981385617367
here:0.00900200452811698
people:0.015052731400731174
subjective:0.026828817940214134
is:0.013433631344533195
does:0.006092444071687626
their:0.02270525427872571
x:0.030451599895461024
guess:0.014980786314678267
objectively:0.029364042444844553
every:0.02432148526937396
almost:0.030219929302645682
words:0.01653929565753687
article:0.004051664401583005
very:0.008716212458917237
condition:0.018990475442425107
