above:0.027782204389066787
know:0.012590562506717364
happen:0.03450645128742158
atheists:0.04261911953478164
your:0.012856451246747577
with:0.005967626293770891
someone:0.022484266476153262
such:0.019622624525181615
from:0.008638492392144648
to:0.0028126513471241443
value:0.03810053897710885
measure:0.04711585437559011
ultb.isc.rit.edu:0.11836834968747924
bobby:0.053246199890171035
anything:0.02368613418693269
re:0.0038157194161037807
this:0.005356963656851214
you:0.028357091296363362
disclaimer:0.038306689051777414
m:0.013967497062408898
why:0.01816043449136741
a:0.0014250042100473418
was:0.009035317694912098
as:0.02449329061888832
genocide:0.09195025148611663
outer:0.05849210753416042
no:0.022974402779234893
plan:0.03985269589223067
atoms:0.06206020700844357
not:0.006152142944652703
statement:0.03544081040502863
ve:0.037247626510763965
minds:0.05016170119759008
has:0.01086504565190358
writes:0.006747575418546554
of:0.0019840876078136595
totally:0.04203587041396584
who:0.02638883416803772
good:0.01653071276897448
one:0.010033784773220637
in:0.003626116365193683
atheism:0.04917571307831384
or:0.013761458320471128
and:0.005843837976899844
subject:0.00027241792746957445
space:0.03119910977054187
i:0.0019479459922999481
mention:0.03851708994160125
circular:0.05936478277332534
stupid:0.11821488340611895
yet:0.026837436149858812
the:0.0015382714489572508
wrong:0.05394738891489511
do:0.014659549365438706
see:0.01805495674909363
can:0.035288407854600544
because:0.018007370396882792
agree:0.030781175295555498
an:0.00916222590369119
note:0.030221317335494872
people:0.015359930000746095
many:0.018910214567123402
about:0.010051185513488485
including:0.032448650066635
is:0.008224672251755017
9:0.03633503730229618
theist:0.060521197929519245
mozumder:0.06115257960011198
under:0.024768606399037132
bad:0.027965316803534528
defined:0.08920060671121546
