library:0.021254358333508527
another:0.011256372235475019
above:0.013820588985424086
some:0.005926583122504335
looks:0.017376169920679644
sentence:0.025140869412686697
trend:0.028256011591395826
there:0.009317553153067487
form:0.017326806723258353
all:0.004842983911910107
faith:0.019010284874897424
knowledge:0.01876533576067074
islamic:0.06983154868771449
with:0.002968666887256585
fred:0.02352088451614016
from:0.0042973210884780485
wrote:0.01307398464311097
post:0.013109532002188732
my:0.009646845292693414
to:0.004897154375957267
schools:0.0249904541964107
otherwise:0.01803748645488343
death:0.06813028190936897
legal:0.019184341085448857
that:0.007043748739786331
like:0.005911873418825752
conversion:0.025496542319370537
re:0.005694525423017825
islam:0.07133063609096199
this:0.002664885473966594
best:0.012361299898281391
on:0.0025736488590826895
etc:0.011788446636843834
support:0.027806663040949295
constitutes:0.030106991863415665
more:0.006453903684369166
a:0.002835541372276944
historically:0.030106991863415665
private:0.018018685906977416
belief:0.020911245180551534
stuff:0.02967935586470682
act:0.01894229981227591
quran:0.028775193566626372
are:0.006527019102550513
no:0.005714445361332537
persistent:0.031114357034602663
book:0.015785271627835905
it:0.006961531568324303
not:0.0030604568963246946
should:0.008339147930119185
analysis:0.021856680890875616
deleted:0.03566882738069377
have:0.002595180777399253
proof:0.021254358333508527
yoyo.cc.monash.edu.au:0.030209543677210182
against:0.013113100467806327
punishment:0.024077329820796113
open:0.016776449638341944
public:0.015044388822642606
his:0.00936258396703176
publicly:0.026292696996999827
be:0.0029363515590734583
writes:0.0033566618833378798
of:0.010857088534127538
even:0.008523652019116881
freedom:0.02024379939248023
what:0.0046722949390691935
but:0.0033770721941645187
rushdie:0.08297438448500397
fact:0.012173944815374817
darice:0.031114357034602663
please:0.009722920593427688
they:0.004735632611714434
who:0.006563720173775879
clear:0.016739851483180777
rice:0.027354076681561038
in:0.002705782262352647
according:0.03491904776229663
or:0.010268702401569827
clean:0.022039808081097997
and:0.005814173824732841
reward:0.030314210109711377
for:0.006606068282478659
subject:0.00013551754767521977
i:0.0019380579415776134
offering:0.028256011591395826
khan:0.059815803897864006
criminal:0.023690104923589864
we:0.0068413396229135524
similar:0.016064762882572085
any:0.00519435160552694
yet:0.013350602754752099
the:0.0034435416700007494
see:0.008981653611224244
when:0.0066379413342321615
law:0.045789458760060395
agree:0.015312462837382938
come:0.012188800378017301
an:0.004557858571379374
just:0.005961363266324293
makes:0.01417755270178667
about:0.005000082133613561
five:0.02015727214743968
conscience:0.06151178445282001
is:0.008182922646416159
their:0.007683673190770121
gone:0.019947194908034326
matter:0.015334533055332701
exception:0.025256679959723093
category:0.02648795730577036
under:0.02464287743254456
show:0.015279536394593058
falls:0.025102845698325486
article:0.008226729749407117
demanding:0.030314210109711377
lots:0.018521294474194722
prophets:0.028472050243267884
by:0.010055182485453461
s:0.009448268236386066
