since:0.022736609356860015
large:0.03402311499872245
atheists:0.04746220130009774
your:0.014317411615696166
to:0.006264541636776504
representatives:0.062057656452808536
animal:0.05754519215238072
been:0.016673186218425447
that:0.01576839206520349
produce:0.04790317373670905
think:0.03272154608019444
counter:0.061368740295803595
cco.caltech.edu:0.051145069892684344
nt:0.008114528996845892
re:0.004249323895206484
bobbe:0.0663155365600973
behavior:0.048277147987718115
political:0.0409633611077446
this:0.005965709526947943
certain:0.03745812490636942
you:0.006315897606917294
etc:0.026390045312025403
successfully:0.059408862337270156
a:0.0015869365066436309
as:0.009092206366102482
morality:0.0491095395983953
allan:0.05602778996346569
hypothesis:0.06390446246982871
others:0.030640093443959047
are:0.0073058111545593815
wild:0.10738878613873358
not:0.013702500194908294
examples:0.09972225652643936
vice.ico.tek.com:0.06571201581789335
have:0.017428998175488163
keith:0.08955606975271971
argue:0.048404591974310615
viewed:0.06341386960772406
robert:0.036311500329064814
degree:0.05035743580302265
be:0.006573423376562174
found:0.030392278468829515
writes:0.0075143453524723
of:0.006628656326104726
years:0.025338357079322655
beauchaine:0.06611078081574867
they:0.021202718738812357
thousands:0.04862022721816295
good:0.018409202856357946
in:0.0020190875215283007
or:0.007662630201171424
and:0.0021693034914249424
for:0.0036971461694553865
subject:0.0003033745101365716
animals:0.05577984624307206
i:0.0065079104742748264
will:0.012878469828446414
the:0.0025696125340535893
do:0.008162703623937463
can:0.009824613550428562
moral:0.045615395283077564
kingdom:0.0563670281810757
provided:0.045885970836415275
schneider:0.057737800769582695
change:0.03377283077171009
show:0.03420532579244128
supposed:0.04146244331154956
inherent:0.06407281571738713
