read:0.01730536688471696
out:0.008993718313591297
say:0.014485076139446896
wang:0.04574773130390057
thy:0.05026720507251565
where:0.014102723650639403
atheists:0.03188300545350077
your:0.009617803222757728
text:0.02760735674224097
from:0.006462383621604393
to:0.002104120855100505
death:0.02561386552699559
centre:0.03821998851579813
that:0.005296253823427127
cco.caltech.edu:0.03435699351569635
re:0.0028545076547951947
michael:0.022936604592928924
so:0.007800080896068092
political:0.02751737234718721
this:0.004007499529552817
you:0.021213701885829078
them:0.011189764668185045
sure:0.016656824581367965
a:0.00533016841926105
sorry:0.02425508919647805
samples:0.04339097190199512
as:0.006107741681045942
old:0.02021307696444522
definitions:0.04096002738963989
stuff:0.022316156890638334
allan:0.037636988677747944
are:0.004907720470238363
d:0.01390720780440485
missed:0.03317505478799871
not:0.013807099433037364
mercy:0.04542961911763669
have:0.0078053528724832495
being:0.014853465113932427
keith:0.06015980258197964
punishment:0.0724157858732341
his:0.01407961100385692
be:0.017662939149235765
which:0.009861773530668074
writes:0.005047804511584445
showing:0.032778811584929866
things:0.01705897655068893
of:0.005937117116511103
trying:0.0205826581913618
what:0.007026275595394131
but:0.005078497879774124
reading:0.025086427834831986
sense:0.025086427834831986
well:0.012846319924834693
must:0.017690537614347305
adobe.com:0.040620700957801466
universe:0.03382789580661063
one:0.007506190135691774
in:0.005425334408992076
and:0.004371726120123548
subject:0.00020379356406120838
i:0.004371726120123548
will:0.008651185838956368
eyes:0.06597922877341658
the:0.0034523038625452807
see:0.013506761537489894
when:0.009982247655295694
painful:0.04351118836740077
would:0.014238925894723298
can:0.019799221200863665
because:0.013471162586981021
imagine:0.030059072934858492
an:0.006854184263830051
note:0.022608313731896926
imply:0.036589651872301496
definition:0.06221037262179023
is:0.008203744332539356
object:0.03228986485597681
does:0.009301441330820802
man:0.02212251403660457
schneider:0.03878569822689524
first:0.014332479613672068
cruel:0.22955950404702055
show:0.022977623433090323
supposed:0.02785263367493405
upon:0.02647385940986974
include:0.025660483001867188
