land:0.023119955497603116
muslims:0.025661364962596467
looks:0.03980355202760338
say:0.011032238222485717
know:0.007173692591036639
case:0.014369832019225324
situation:0.020489141213805805
islamic:0.026660494363332857
where:0.021482055793415833
serbs:0.03126274583643285
former:0.04640578979937859
ca:0.01195667788425768
from:0.004921931711803346
my:0.005524501519362217
to:0.0016025571628963148
kent:0.0535041091565278
most:0.010794159674226964
that:0.008067549428708763
problems:0.0159481002086731
sandvik:0.08719034853597282
weapon:0.05642636995049183
like:0.006771157345980658
really:0.011345324088319337
nt:0.01245485846027509
its:0.012022235790896337
re:0.002174072690570759
so:0.011881518574243256
this:0.003052223478903599
something:0.011573612309090249
on:0.005895451456270813
used:0.011479439001958521
a:0.004059605016995335
other:0.01603846497478966
want:0.022006953112932343
as:0.009303653025779283
genocide:0.026195129783835553
private:0.02063768095159623
are:0.018689284348872834
helping:0.03011430993261027
likely:0.019223307005405393
christians:0.02091275370371785
caused:0.023152989413111436
motives:0.035226225398853325
religious:0.042690695408257186
it:0.007973382086976092
not:0.0035052907475346794
calling:0.023912794299694524
against:0.03003814874602147
terrible:0.029441726217497112
accidental:0.035095569260178566
willing:0.020790115430114366
be:0.0033631468438225075
newton.apple.com:0.058593946020788094
end:0.015722287224276217
of:0.0022609370414620775
cheers:0.02531489928118806
even:0.009762554928872243
but:0.007735851421516398
humans:0.0262231488910213
fact:0.013943413538539763
groups:0.02139410231678135
must:0.013473607136508704
they:0.01084790261055516
alink:0.03093785945041856
bosnian:0.03269530637991236
pick:0.02337240992463962
one:0.0057169238824164095
in:0.0030990645679271596
cross:0.026630291939628764
use:0.009667322835740396
and:0.00332962861474526
for:0.0018915631564655464
subject:0.00015521486565126915
each:0.01480238021721288
motivated:0.033326898478765826
leaders:0.025712589553771783
combination:0.028838944650782915
i:0.00332962861474526
example:0.01634511130091805
sad:0.027506468687002846
ksand:0.03167820492935229
the:0.0043822849417968195
do:0.004176266970386608
friends:0.023119955497603116
agree:0.017538111505607204
o.k:0.03549669060603293
maybe:0.04618453050597077
instead:0.03567132920447257
an:0.005220338014893818
just:0.027311361941067116
religion:0.04129687515072922
bosnia:0.05948503004428712
is:0.007810250781705346
yugoslavia:0.033520714875670425
else:0.014689257124058469
mostly:0.023727029184539863
christianity:0.022364234383151233
does:0.00708423729266003
their:0.017600972309089698
matter:0.017563389604072922
guess:0.017419518970556123
too:0.01135184806897963
dead:0.019949314737274047
activities:0.024571682004967798
tragic:0.035226225398853325
side:0.018723046968437167
despite:0.0247870382356675
by:0.005758345783820733
attribute:0.03484274884192427
