some:0.0046889031129853575
believe:0.00872558988084474
at:0.003538012098210566
objective:0.07162418216436858
say:0.03048265018903684
there:0.007371718759655802
raise:0.018928520833726745
principles:0.020270320710539323
means:0.022767833095893593
knowledge:0.014846470461253555
take:0.008537145101749813
your:0.020239875055120683
with:0.004697408648912027
ca:0.008259231309607715
from:0.003399888572008737
wrote:0.010343674597160084
both:0.009018891896820232
hair:0.02193202316404478
my:0.0076322430628939855
to:0.00110698727718139
look:0.009522764354521727
then:0.006409158031228125
ten:0.01616863149621618
cuts:0.021688550787271953
trust:0.016664129573165997
class:0.01593642438421286
that:0.011145530134441022
sources:0.015458389458692625
think:0.011564241184968314
nt:0.008603356044848657
could:0.024242717354635457
huh:0.020075957092620247
re:0.001501769087462532
michael:0.012067049002705579
310:0.022468293817155316
error:0.015122321924385534
this:0.004216726412621839
student:0.01615669667537619
programs:0.014189486442949864
something:0.007994623763708925
two:0.0074891141873626955
on:0.012217080126247951
you:0.02455336901002386
moment:0.0169008465837421
taxes:0.03824655451836602
bible:0.014453548200230107
bill:0.01243178263330007
a:0.002804225152301998
sorry:0.012760709577263551
christian:0.01287486896078946
ears:0.02193202316404478
belief:0.016544238154894184
mac:0.027560499074788237
morality:0.10413589119659726
stuff:0.011740628725596874
dollar:0.022644207964377775
based:0.012132140610042337
others:0.010828627401881107
spending:0.019684570200448708
play:0.01285910936859615
base:0.015468417090012251
it:0.0027538588734134293
have:0.008212861255383981
whether:0.03442721186604608
copies:0.01813343065755603
university:0.009439116873890175
second:0.011042954926314323
after:0.007747846135200607
heck:0.01989056736666377
talk:0.013893950874044285
yourself:0.01408142438303049
be:0.011615687894326734
writes:0.005311344506165159
listed:0.01823211041952593
depends:0.051876700427740924
of:0.004685315314837076
what:0.007393109261017118
explain:0.01443798204021126
but:0.0026718201696803623
years:0.008954921377431297
again:0.009806703365895654
well:0.006758505663266444
please:0.015384862304459877
who:0.005192983430658025
over:0.008055986957909067
one:0.0039490397902635435
in:0.0028542923999114933
atheism:0.019354296713553237
accurate:0.017961696282704293
or:0.0027080781433858844
debate:0.01823211041952593
and:0.006133291799048832
still:0.008199634868391755
for:0.0013066219394059196
subject:0.00010721669434545499
i:0.003066645899524416
acceptable:0.018587006606072477
we:0.016237878382096026
pay:0.013384907879509569
2000:0.0173720783375756
the:0.0018162723132266337
wrong:0.04246461135469655
do:0.005769621838606399
see:0.007105966913297896
would:0.007491161816099406
can:0.003472152580071138
because:0.007087238148170738
reasoning:0.019249977491050185
eric:0.032032357271635385
an:0.003606016620729866
problem:0.008496246152793511
places:0.015320569808394918
just:0.00943283986719587
commandments:0.023900723310885164
jesus:0.02789718409391812
middle:0.016132932912211174
subjective:0.02154925135760171
general:0.011841085795532334
qualified:0.023154871319740214
is:0.0043160261347897815
billion:0.019148299547338172
clinton:0.01471950316654792
new:0.00692369303166083
ux1.cso.uiuc.edu:0.05050403486772385
alexia.lis.uiuc.edu:0.048850604713473654
lot:0.009954029671748556
illinois:0.019354296713553237
define:0.017167694372529862
cobb:0.09434230504367727
first:0.01508076168185575
article:0.0032543489169341404
comes:0.012145286494961893
upon:0.013928014388325045
mike:0.012832980035974712
god:0.010655334264157528
defined:0.017553533047588585
3rd:0.017725922785407997
s:0.00249171197130931
