another:0.028069687726437705
jaeger:0.2936733739081763
islamic:0.05804563329738293
buphy.bu.edu:0.14774094220983702
your:0.015948509141534967
way:0.021928769867677764
such:0.024341989917313907
modern:0.05198136841825115
from:0.010716104486457918
wrote:0.03260221486952989
my:0.012028028624434193
to:0.003489111797698306
could:0.019102647535772878
re:0.009466848171599254
exactly:0.04071370447179758
this:0.006645347321157203
carries:0.13672023154508142
on:0.006417833230877088
you:0.014070860491360047
gregg:0.14022874200802185
iran:0.07175586243829614
economy:0.06568531711852543
more:0.016093911719249693
a:0.0017677267415777153
how:0.01665016452188765
quran:0.07175586243829614
no:0.014249946027626706
have:0.0064715267487044665
leonard:0.07613239248141694
heard:0.03421072606860601
without:0.02844570233927209
which:0.016353067500221745
sort:0.039714700096975065
writes:0.008370410012880535
of:0.0049225464700187
trying:0.034130737000865774
even:0.02125518288311425
opinion:0.041890019804907454
what:0.03495349758215055
explain:0.04550705731661524
rushdie:0.06897026896010879
please:0.02424576401145892
in:0.008996440602252681
and:0.002416439332220189
subject:0.00033793616319010504
i:0.002416439332220189
yet:0.03329200940109068
eyes:0.05470429727416185
the:0.002862353202490075
interest:0.04623778476794792
law:0.038061280066379315
fundamentalist:0.07698607958009455
about:0.012468559244580651
is:0.0034009193277299227
having:0.033125207498991914
ideal:0.06836011577254071
hear:0.041945336256440605
run:0.03388398010616955
article:0.01025737823185571
era:0.06388999818891508
compromise:0.06708614709178518
charging:0.07669507302028825
