jaeger:0.2521760493341949
small:0.06497273696230459
islamic:0.19937413176057614
buphy.bu.edu:0.1268645047236644
among:0.07488055365186576
re:0.016258282729485676
so:0.022213273856193913
uk:0.09394868444910405
off:0.04746646625992066
jon:0.18040731581384056
something:0.04327524602529397
gregg:0.1204138110721057
more:0.027639544039580997
other:0.02998495625721545
muslim:0.09211518122228338
bank:0.10351513125079499
hope:0.06279264212260968
which:0.028084615924293864
writes:0.014375269369947007
rushdie:0.1184489401706216
up:0.02920566022505184
fido.asd.sgi.com:0.13221522362668414
in:0.007725204430195238
solntze.wpd.sgi.com:0.11239720800128536
and:0.00414997189663902
subject:0.0005803686280873543
i:0.00414997189663902
grow:0.11408653374753137
yet:0.05717540744969921
community:0.08844671428210053
livesey:0.22280876222721469
than:0.03110002787433611
the:0.0032771869999524044
law:0.06536611141834708
an:0.019519524751342103
many:0.040286978860393334
is:0.005840709280231824
article:0.017615932180795674
elsewhere:0.1029816288830533
