believe:0.009656319468134847
large:0.013306818310611446
say:0.00843353321896686
know:0.00548388944737023
means:0.01259820097972779
faith:0.01664456053491019
thanks:0.00885949619962739
atheists:0.01856299428626045
own:0.010073291713546645
your:0.016799096295750167
with:0.0025992327857313215
way:0.015398869507080385
much:0.007765319420266361
into:0.007959128457699496
such:0.00854674312652355
arguments:0.01848675837858823
from:0.0037625433530230025
turn:0.015206569487620067
post:0.011478123575249691
possibility:0.01884880702951703
to:0.006125329600403693
us:0.009155006160822205
worse:0.017311401837068387
next:0.011903911216663001
been:0.006521068387650841
that:0.0015417983352643413
view:0.015134883345709473
think:0.006398880122349134
like:0.005176173615594103
nt:0.0063473649041994535
could:0.006707151801449144
its:0.018380662720303736
re:0.003323915580250405
started:0.0145744216710618
so:0.009082760865643734
voice:0.016117752450827413
had:0.006819593269698379
this:0.002333255281650751
something:0.00884738363183788
on:0.0022533725566190664
you:0.007410653192116292
dont:0.021628296267113146
am:0.029054868563579833
why:0.007909878134017806
a:0.0024826740015047024
member:0.017737324101095815
other:0.006130257723697382
sorry:0.014121851932171664
part:0.010885431610725676
nyx.cs.du.edu:0.02089527487119277
official:0.018027568982908113
daily:0.019816023732141974
section:0.018265596113881278
are:0.002857383918227669
religious:0.016317332467156078
care:0.014071186405661764
reason:0.011876497440037902
place:0.01208634496585078
it:0.0030476038199108617
not:0.0026796000381153996
admit:0.01822265428760689
have:0.006816674841968705
try:0.021656797087496824
only:0.017780483176923823
postings:0.02047403750973815
liked:0.022581895412103453
plays:0.022012227885774574
willing:0.01589288823990965
humor:0.0246784042727673
his:0.01639492481338006
list:0.025881143083747376
without:0.01997520430935551
be:0.007712816761832952
writes:0.0029389439600780547
get:0.005841662112404988
down:0.010508291453125146
things:0.009932115236178887
if:0.005956892620119194
of:0.005185082281753031
freedom:0.01772457102363825
but:0.0029568143211129343
reading:0.01460587576161329
never:0.009795285470497158
again:0.010852751724924524
well:0.007479412934014866
they:0.008292618884513277
find:0.009406429945215067
one:0.0043702707012249885
in:0.00236906269192654
heart:0.017648811613536076
fear:0.019136738380011096
alt.atheism:0.02505959014724474
and:0.002545316096605266
known:0.014475238878517146
subject:0.00011865314174230354
welcome:0.018593858607828497
keeper:0.027242348159185446
i:0.010181264386421064
group:0.011987181932473978
we:0.005989972914284311
will:0.010073825288029194
than:0.006358227920975383
the:0.004355017391047862
wrong:0.01174854247479938
do:0.01596262042014437
when:0.005811886412638826
hello:0.01719684795845232
can:0.0038425155219453926
did:0.014612542608381913
an:0.007981316787215437
jim:0.01505035887532831
just:0.0052195047265150485
people:0.020070308534308235
about:0.004377849690319429
different:0.011232075102272213
is:0.0023882011279170124
logical:0.020921342068758984
today:0.012618338959103791
done:0.011771838006314215
having:0.011630628410757161
new:0.00766222028837132
time:0.0070200443106831715
figure:0.016411100595887792
their:0.006727482749252062
followers:0.02133189015823016
history:0.014760033797115026
dead:0.015250142821382826
dave:0.04675032895166123
every:0.01080954900861065
atheist:0.020311559306476826
words:0.014701596140032774
faq:0.017253755835101154
article:0.007202958936147565
capability:0.021816117641734852
sign:0.01926094251508025
comes:0.013440783721091164
past:0.014682286430681615
going:0.00967918081799859
teach:0.021848207632728125
by:0.004401935443631849
seem:0.012265389132869946
happy:0.016880422615488982
god:0.011791903252334333
