muslims:0.022988306112326
all:0.0049691032846161
jaeger:0.12083435697263506
islamic:0.04776671906763803
buphy.bu.edu:0.060789241846755854
sufficiently:0.03002897374278809
your:0.006562146990527409
someone:0.011476344347203227
my:0.004949032611095319
to:0.004306872375283846
obviously:0.03835305292527038
important:0.016366506734235533
respect:0.021288323900698545
relevant:0.09366651816257426
honest:0.02442608754178778
that:0.0036135898482758
think:0.007498687643377891
talking:0.01697755823105348
nt:0.014876636494217468
re:0.0019476067853029715
behavior:0.04425405232207494
anyone:0.026139292963146737
islam:0.024396068246388042
weak:0.024366220982278742
on:0.002640670964787968
you:0.02315829122536341
gregg:0.05769828447205065
seeing:0.02087650867426264
iran:0.029524547565757266
why:0.009269388438302117
more:0.00662197409281628
a:0.0014546917977566614
contrary:0.02407679467418077
nor:0.01799239060924689
j:0.015906920101712824
was:0.004611776740111383
as:0.008334522502260609
capable:0.02285301712064235
muslim:0.06620778650351618
mind:0.015779457307344463
are:0.010045490337519149
decides:0.02928954529867149
care:0.04946901470740464
learned:0.023644768200322692
it:0.012499937542603146
not:0.009420468883999451
should:0.017112626481598746
have:0.002662763610144025
being:0.010134395468360147
only:0.006945501240985867
whether:0.014882596796259502
completely:0.018734341859580575
persecution:0.030587544213379742
be:0.015064095237954983
which:0.006728605898528738
sort:0.01634094431073453
writes:0.0068881499064329405
depends:0.022425865289075503
if:0.00698073353920218
of:0.006076268298929333
even:0.008745622123781382
opinion:0.017235997732227545
what:0.004793969286440787
but:0.00346501678255422
sense:0.03423252131628115
rushdie:0.08513517574763428
well:0.01752987406409734
who:0.026938601546538505
cares:0.02637487973650783
in:0.004627075570169023
required:0.01949365338802588
fear:0.022425865289075503
and:0.003977056400945728
subject:0.00013904665047926196
however:0.012484890126025588
i:0.0029827923007092957
any:0.005329621178587538
than:0.0074510483448930265
the:0.0007851593854052635
do:0.01122371748291401
would:0.014572650720380876
can:0.004502947877279757
thinks:0.023593200122287737
law:0.03132126172129131
reasoning:0.02496481455870571
an:0.004676552805009045
excuse:0.04611458333663138
about:0.00513029260584308
is:0.005597346393555498
does:0.006346295908007943
issued:0.1099740043969416
bu.edu:0.027603154272140776
article:0.008440967503297927
brett:0.0272808865444424
live:0.016128584760144053
ics.uci.edu:0.07432343959811273
understand:0.015604985744456528
by:0.02063407239202429
s:0.006462877925583524
share:0.021255463644483625
