some:0.007097488602634372
since:0.012163049382393199
believe:0.013207731795321219
out:0.0035810854075393915
dan:0.024156860117855675
say:0.005767613903548764
know:0.0037503803211498534
saturn.wwc.edu:0.017793666735430876
stand:0.02393762039189339
your:0.0038295812224354484
with:0.0017775908109104782
ron:0.02575865249984824
someone:0.0200923232340093
modern:0.024963696687184442
from:0.0051463358931925565
to:0.0029323386384911294
obviously:0.022382328758820406
lunatic:0.07577121568239281
day:0.015460808728041776
been:0.013379091676791239
die:0.02290428189320577
make:0.0053497887031905885
that:0.003163264061712554
bit:0.008282930693178418
nt:0.0151931606749455
me:0.006587165230422764
re:0.0011365972728819773
anyone:0.010169694526695387
had:0.004663855579580958
this:0.004787073906122361
he:0.09666463267600214
tell:0.01465060822870792
seeing:0.024366502525583145
m:0.00416053103986648
why:0.01081898225017633
more:0.007728991038423865
a:0.008913856122423798
how:0.00399806382136512
christian:0.009744201736281386
want:0.005752577409459518
was:0.04575331088061871
hearing:0.02756737206759774
as:0.004863915867580659
said:0.01332221780342512
therefore:0.01043442407463485
gathered:0.06873490164735084
are:0.003908275875995292
lie:0.027719736618741914
book:0.018903942314186465
it:0.003126341304619805
should:0.004993349976393555
deleted:0.01067896503646911
have:0.0031079064629036647
made:0.007068630856893621
try:0.007405439733566543
able:0.016033223259031424
real:0.01554768300302886
doing:0.01629606629279827
follows:0.026103491292558133
call:0.016151708802423753
his:0.005606167299408075
sun:0.02205770397628475
be:0.01054944541892045
writes:0.0020099160821202503
get:0.003995057675656907
if:0.004073862734124069
lawrence:0.014417124543151472
kept:0.02427827126184908
reasons:0.022106531767757478
but:0.0060664123609459894
fact:0.014579131481026379
must:0.014087905334221867
who:0.035372267076305884
david:0.007587979450895119
one:0.0029887869537252964
in:0.0010801197683555652
or:0.018446210089142153
thoughts:0.013051745646279067
and:0.0017407176952467622
still:0.012411605363097551
for:0.003955609275526736
subject:8.114576562923495e-05
i:0.0034814353904935244
example:0.01709032914138544
away:0.01683272696853295
house:0.041797835191370106
actually:0.014859052444383493
than:0.008696664329601587
the:0.0013746255501320115
thing:0.013762507204407031
see:0.010756144446268547
start:0.008564018504202166
around:0.014390239715219669
would:0.022678410847522822
liar:0.14103462941486888
did:0.0099933802033007
mad:0.03196433388358943
an:0.005458347346879859
koresh:0.02482795518932372
jesus:0.010556837141923422
people:0.03202708808666207
many:0.011265659742116069
crazy:0.0595056597221017
entire:0.022671235396284507
is:0.003266536497150929
logical:0.028615817419275203
involved:0.010944915310230601
either:0.015219226183059927
right:0.017688816964653187
drawn:0.06106770622390269
fool:0.06012474896741789
nation:0.027245034874234696
him:0.01456848208731494
very:0.010597218795036153
says:0.015568551637857557
