above:0.009864695761335309
since:0.007249353707984353
say:0.006875162950244723
there:0.013301144718509383
posting:0.011953581728102321
gap.caltech.edu:0.019125913808163756
atheists:0.015132875776842757
much:0.006330423440434534
posters:0.01978649915886649
possibility:0.030731750591603855
emphasis:0.019878230347215368
to:0.005492822739492441
significance:0.019125913808163756
then:0.011564350360694226
most:0.006726795159300862
enough:0.008812132343976074
that:0.00879830571754108
think:0.010432956721221414
memory:0.012252290674519259
cco.caltech.edu:0.016307123733899358
like:0.008439413503686037
talking:0.02362095058233528
nt:0.012936205647145626
could:0.0054677867946596286
consider:0.03500395737577384
me:0.003926045943494727
re:0.0027097137882476125
exactly:0.01165356033794206
so:0.007404424618731305
political:0.013060781802469293
this:0.0038042205679088333
jon:0.030067885968973432
starting:0.014208412981439192
on:0.003673976994487608
you:0.01409635118065599
am:0.005921508538773063
intelligent:0.036943248363462196
m:0.004959473594623449
a:0.0010119595114828949
how:0.009531615921950176
beings:0.03675663607286499
other:0.014992478128607725
same:0.014073140221221829
intelligence:0.01637713921515444
was:0.003208192514860093
as:0.0028989643486123855
listen:0.015474443370808943
immoral:0.019280115309681132
acts:0.031733830416633496
given:0.010100679562251018
morality:0.046974342224552025
act:0.054081638594468906
allan:0.01786393303182964
theirs:0.021014670777849576
are:0.01863511251018045
no:0.004078788899211992
place:0.00985299861346531
action:0.026680384643666354
it:0.008695608725289145
not:0.010922282764057335
examples:0.015897751040446852
have:0.0055570718820397045
being:0.007050014238859232
only:0.00483165303720756
keith:0.028554109196519326
murdering:0.02171359710438759
be:0.014671118840443115
species:0.019924981814012133
writes:0.004791756456649003
get:0.004762224548156241
kill:0.013386348212331109
were:0.005620664121276446
things:0.00809683307297192
if:0.00485616246205369
of:0.004226969251429101
trying:0.009769305156044914
short:0.012547021252250969
even:0.006083911042630528
explain:0.013025570753668855
but:0.007231339372287068
saying:0.03278864324961347
order:0.010160568337436565
necessarily:0.028168572703305812
must:0.025189787255211926
they:0.006760287134114085
one:0.003562720680346458
in:0.0019313011075488096
point:0.007976579569782828
solntze.wpd.sgi.com:0.037465736000428455
and:0.00207498594831951
for:0.0035364006838268913
subject:9.672810468122571e-05
each:0.009224671729567447
murder:0.015502101431878041
animals:0.035569757024567696
i:0.00276664793109268
example:0.010186083854195307
person:0.010163747967658879
we:0.014649390279499673
possible:0.018673707412786827
pretty:0.010427608901882705
livesey:0.07426958740907157
than:0.005183337979056019
the:0.003550285916615105
do:0.010410404621833284
see:0.00641081797612745
would:0.00675833076887229
can:0.01252994191938715
because:0.00639392137280621
moral:0.05817615630305545
an:0.013013016500894736
just:0.004255031027050311
people:0.01090777637734143
many:0.013428992953464445
about:0.010706697612194256
is:0.00486725773352652
alternatives:0.03840438855254369
disregard:0.020951657217299326
right:0.00702852751373297
voluntary:0.020951657217299326
schneider:0.018409153868562598
nothing:0.009256724643119234
article:0.002935988696799279
very:0.006316095984722635
seem:0.009998958532230933
happy:0.013761214088713844
s:0.006743872618000199
