out:0.01900285643678161
folks:0.019909762635993433
all:0.0051293969389585555
jaeger:0.06236611972781165
small:0.03213705269103238
islamic:0.07396137145956858
buphy.bu.edu:0.03137509256606754
among:0.01851884660207433
owned:0.05418364900847072
wonderful:0.02583950430165271
into:0.019255955946047166
someone:0.011846549003564624
from:0.004551463733495568
work:0.010887486365539269
often:0.01670602359289627
to:0.004445803742228486
bet:0.023191781263492528
owners:0.023213158405318544
us:0.011074604226801055
next:0.014399892600802018
that:0.0055952358941044646
quite:0.04284192551789357
really:0.010491374963392076
nt:0.011517395995523202
believed:0.023499084563707303
could:0.016226980164796317
me:0.005825745593572821
re:0.0040208656212706514
practice:0.022078108091622802
exactly:0.01729237985630112
so:0.010987210724569034
uk:0.023234620885262295
off:0.011739018537399734
jon:0.06692529457610215
something:0.010702480199803887
these:0.008906645016660983
western:0.02199208475105054
you:0.005976333219448623
gregg:0.059559519455020034
possibly:0.020843836899985705
them:0.015761926575615495
m:0.007359218882344474
why:0.009568400968569929
more:0.006835586160326483
a:0.0007508086698098899
other:0.007415634343182317
sorry:0.017082885401820562
was:0.00476054373172788
steal:0.028971790893911428
operation:0.02314928029840052
pointed:0.0232561693873996
question:0.011736484319070454
muslim:0.022781173850672236
are:0.0034565128043076644
it:0.0073732350481714405
being:0.010461311451210474
try:0.013098869206147274
money:0.01666784820822113
bank:0.10240206532336711
hope:0.015529363105591642
real:0.013750504591388428
nasty:0.028436685542583294
operated:0.0631484783760098
open:0.017768605262114857
be:0.009330020276410828
which:0.006945657701707086
thinking:0.018728637278756212
writes:0.007110348290511424
down:0.012711642886844936
things:0.012014655527635752
if:0.003602959246039835
of:0.0010453794922889175
what:0.0049486134569711356
but:0.003576791517475324
street:0.02144101333504627
rushdie:0.029293823913164485
please:0.010297932026372338
they:0.010031393811911224
who:0.00695189717330026
naive:0.06095390465188598
up:0.007222905216948305
fido.asd.sgi.com:0.03269838863885737
in:0.003821068857946032
solntze.wpd.sgi.com:0.055594317936119644
rather:0.013835933617811094
and:0.008210697085823438
subject:0.00014353202630117365
con:0.031183059863905824
i:0.0020526742714558595
example:0.015114834106225295
actually:0.013141473801618736
grow:0.02821494920637873
will:0.012186078977454672
yet:0.028280309061141547
turned:0.02111235666620214
community:0.021873918585895834
livesey:0.11020648454249331
than:0.015382809486230766
operators:0.034286905912480146
the:0.002026217768787777
do:0.0038619242951962187
law:0.016165812501311647
did:0.00883823141636003
claim:0.017555048627956916
put:0.013373437094337524
an:0.019309637388424446
here:0.009679574761416109
many:0.00996344638482846
is:0.00433342946597845
having:0.014069308561399794
right:0.010429427923603763
time:0.008491989085503837
life:0.01500203953381027
their:0.00813808397086943
bu.edu:0.028493578603500158
savings:0.033506357472455964
article:0.00871325677759786
seem:0.014837164273633
elsewhere:0.025468574885056196
