some:0.01269061820797124
there:0.009975858538882037
all:0.010370302507024904
atheists:0.04539862733052827
often:0.03377522161172507
to:0.0014980425653161205
justified:0.05504322727619025
brains:0.061126007579836154
that:0.007541404900749496
cco.caltech.edu:0.048921371201698066
could:0.016403360383978886
generally:0.0840597715918065
re:0.008129141364742838
so:0.011106636928096957
political:0.03918234540740788
this:0.00570633085186325
set:0.02879798461006436
you:0.006041293363138281
them:0.031866503728961756
intelligent:0.05541487254519329
m:0.014878420783870349
why:0.019344810653847896
more:0.013819772019790498
sure:0.02371786978433917
capable:0.09538650624268112
question:0.02372810960159896
nyx.cs.du.edu:0.05110257441324318
allan:0.05359179909548892
theory:0.04422335714105027
are:0.020964501573953007
no:0.02447273339527195
those:0.02017299624225609
reason:0.02904578178270139
it:0.0037266894536953474
not:0.006553369658434401
follow:0.041054264265405274
keith:0.12849349138433697
ancient:0.049843532940144035
be:0.006287622360189905
writes:0.007187634684973503
if:0.007284243693080536
of:0.004226969251429101
what:0.010004805467354686
but:0.014462678744574136
humans:0.04902588705712677
ok:0.03547662163598839
well:0.01829204250166679
necessarily:0.042252859054958715
they:0.010140430701171127
who:0.01405492254602009
up:0.01460283011252592
good:0.017608802732168468
better:0.02430669425327612
and:0.00207498594831951
subject:0.00029018431404367716
animals:0.1600639066105546
i:0.00414997189663902
than:0.015550013937168055
the:0.0008192967499881011
do:0.007807803466374963
serve:0.04551204990979543
can:0.009397456439540363
meant:0.04425716608033715
thought:0.029180287012953398
trained:0.0594962233701523
just:0.025530186162301866
contradict:0.061616447093754294
is:0.002920354640115912
does:0.013244443634103535
schneider:0.05522746160568779
their:0.032906165621341604
answer:0.033002946110096264
differently:0.05661273276403692
while:0.02359067941172307
s:0.006743872618000199
