some:0.016444181339906397
24:0.01719757628576742
out:0.005531347883006854
correct:0.015362523193340135
dan:0.01865635441026882
say:0.008908661851021332
saturn.wwc.edu:0.02748411434721483
your:0.011830349504049414
way:0.008133205725570625
much:0.008202802204506721
modern:0.01927947467155794
loads:0.02661367667899247
sell:0.016338367600847736
isaiah:0.02901191904409102
to:0.004529293014383012
most:0.01743282125790646
death:0.015753128563551277
day:0.01194038983926231
that:0.0065146408532296115
think:0.02703752164372874
cco.caltech.edu:0.021130357514348462
nt:0.013409925853942507
re:0.0017555892149209884
so:0.004797232851572395
churches:0.024591221673863576
anyone:0.00785405985747132
had:0.007203795707427865
this:0.002464706283433892
he:0.03732707059906655
these:0.0077776336765208575
you:0.007828154780404533
them:0.00688196794146592
m:0.006426360150779681
more:0.005969103407609042
a:0.005245085918671907
other:0.006475624356018361
christian:0.030101806302690853
want:0.008885436468132307
was:0.020785472631487924
said:0.01028875506414757
waste:0.02008723002440535
allan:0.02314763153420179
computer:0.012585459648663453
sake:0.023395718301217658
those:0.008713219034213897
likely:0.015523046032533934
motives:0.02844559046292381
book:0.02919904704867299
it:0.00643859961952999
not:0.002830563420544436
should:0.015425466124258025
disagree:0.01994548837051265
try:0.011438449165931421
psalms:0.02994067840244745
keith:0.03699969078985603
hope:0.013560852289389885
after:0.009057341256642964
his:0.008659291274672567
be:0.00543156109988236
writes:0.0031045182676880862
certainly:0.014440175010589864
things:0.010491671024132627
of:0.004564332994500907
lawrence:0.02226870410655791
what:0.017285297708856926
particular:0.015920429333726793
sense:0.01542874200170418
well:0.02370236493173725
alone:0.01802447575311969
who:0.012141341542101862
now:0.007755466656705372
one:0.004616483135096819
in:0.0025025310125984575
or:0.006331562983127562
rather:0.01208208287752518
alt.atheism:0.026471398042864164
total:0.017187866177485453
thoughts:0.02015973858040288
and:0.004481190310924764
for:0.0015274594502914273
subject:0.00012533782578412345
i:0.007169904497479622
we:0.006327436177060892
any:0.01441249670829306
actually:0.022951306357756662
the:0.0007077493051540404
do:0.010117153787415446
see:0.008306975405686272
start:0.013227991022922594
strong:0.01695141965244371
fame:0.02723027762763607
would:0.004378636836170779
liar:0.02723027762763607
prophecy:0.02748411434721483
koresh:0.0191746414490317
note:0.013904643656706562
makes:0.013112572217145419
here:0.008452586411377446
jesus:0.03261220112387611
people:0.007067010047291631
statements:0.019790982576668528
many:0.008700474307878374
religion:0.016673855694660622
about:0.004624489109492355
crazy:0.022978124470154297
is:0.00630686917583718
weight:0.020868252117386292
either:0.011753815526353795
fulfilled:0.029387706404060673
right:0.009107387764273707
time:0.007415539764806168
lot:0.011636400883875074
attributed:0.0252450341965561
schneider:0.023854114871940266
life:0.026200745101302443
prophecies:0.02925907272242633
first:0.008814811405591743
too:0.009166750553354443
him:0.01125124555569628
significant:0.01954426194133317
convert:0.02008723002440535
arent:0.03644910263305726
give:0.011095005968807543
understand:0.028132932046344164
by:0.004649931806653362
says:0.012023599739096565
elsewhere:0.022240163984133577
god:0.012456235829930632
everything:0.014505457671001188
s:0.008738539166986173
