utterly:0.029503354040686804
believe:0.011085060613930307
objective:0.0682439592816114
say:0.019362703819056564
there:0.004682545844781364
honor:0.02749363829728329
know:0.006295281253358682
all:0.009735386027002971
take:0.032536976484730154
valuable:0.05304805615693531
your:0.0064282256233737884
such:0.009811312262590808
to:0.005625302694248289
everyone:0.03119910977054187
value:0.019050269488554424
us:0.01050957339890304
day:0.012976035896749347
been:0.007485920342966526
that:0.01592929402505251
bit:0.01390349080640663
assertion:0.02587967233701718
re:0.0019078597080518904
so:0.005213319374412857
this:0.010713927313702428
kmr4:0.028329800823329806
laws:0.018938132209376998
on:0.005173559441217244
d012s658.uucp:0.028260384231208482
m:0.006983748531204449
a:0.004987514735165697
contrary:0.023585431517564835
christian:0.016356338628758037
want:0.009656112080164191
was:0.004517658847456049
as:0.01224664530944416
challenge:0.02407722664856007
given:0.014223405914190208
therefore:0.017514926125279925
morality:0.04409836208835496
act:0.019038944199073236
promises:0.028471533293263865
frank:0.03996096302602675
base:0.019651203343944136
wild:0.024107686684205498
it:0.008746311983162551
not:0.009228214416979054
absurd:0.026475204348793413
have:0.00521684299130258
made:0.011865201795500007
only:0.006803756317700441
keith:0.020104423822039114
against:0.013180004041621665
after:0.009842926977882404
heck:0.025269139154588158
willing:0.01824438701010036
his:0.00941035225257784
without:0.011465359616339259
be:0.00590266588915787
writes:0.003373787709273277
were:0.007914812742205606
if:0.006838269589422543
whatever:0.01686204376914981
of:0.0009920438039068297
freedom:0.08138833633303276
ryan:0.022678253576547344
candidate:0.02933038694030067
years:0.01137640521928772
assert:0.056520768462416965
must:0.011823777691221924
in:0.0018130581825968415
po.cwru.edu:0.024326156057587783
or:0.003440364580117782
world:0.012863523922105493
and:0.0019479459922999481
complain:0.025966888833748307
for:0.004979829534368479
subject:0.00013620896373478723
horus.ap.mchp.sni.de:0.02959208742186981
however:0.012230096449984249
values:0.021790542705833
i:0.005843837976899844
we:0.006876244416908009
assumption:0.024200173340289968
any:0.00522085339943269
necessary:0.018391713150415944
exist:0.01855369630508217
event:0.02118745381733149
than:0.007298986133772761
odwyer:0.02819189943359552
2000:0.022069630132940433
the:0.0011537035867179382
see:0.009027478374546816
when:0.006671808381855795
would:0.00951683312351404
can:0.013233152945475205
agree:0.015390587647777749
an:0.004581112951845595
many:0.018910214567123402
subjective:0.027376344836953195
trade:0.021525933144559663
is:0.01096622966900669
broken:0.0229145013726784
keep:0.01351742134758123
man:0.014785966014261218
their:0.023168626815026235
vast:0.02623785733024804
guess:0.015286516647630883
objectively:0.02996330861718832
nothing:0.013034979599494432
every:0.02481784211160608
almost:0.03083666255372008
article:0.004134351430186739
very:0.008894094345833914
shown:0.02106820202556971
condition:0.019378036165739902
majority:0.04206927169299613
citizens:0.020853868310888368
john:0.013681012242764518
security:0.018938132209376998
