another:0.008152593126428598
some:0.00429241498210792
obvious:0.014142089389345632
muslims:0.03245407921740141
positions:0.017791007707998432
there:0.003374187446974807
help:0.03147195176532054
all:0.007015204637105082
slavery:0.02253503064638502
with:0.006450301949884714
further:0.026087017655010196
c:0.02852313634664294
from:0.012449591976914347
work:0.007445119352905529
turn:0.01257896373056807
my:0.013973739137210313
to:0.0025334543384022625
cash:0.01867987671957087
everyone:0.011240855726151116
then:0.005867207168293394
everywhere:0.018292521882593567
cases:0.013528623523847028
wake:0.020077477087673348
t:0.018943184227944426
that:0.0038261539569979064
like:0.012845283788698602
nt:0.0026252887930972003
debt:0.021805431606959143
re:0.0027495625204277245
so:0.0037566566080327944
had:0.011282415335898053
islam:0.01722075405627391
this:0.00579024748203771
off:0.008027417088074819
sight:0.01948457948621702
paying:0.017241944147144316
he:0.017538233906473185
amount:0.013670650778039809
recently:0.012166586634513563
you:0.0020433786375320655
society:0.027325229547109173
inc:0.013459615793398534
them:0.005389188130633238
iran:0.020840857105240425
m:0.005032407029838501
why:0.01308619544230887
more:0.004674334653752669
a:0.0035939444415164575
other:0.005070985249382025
y:0.015674156531377978
price:0.011507883095014569
was:0.006510743633098424
as:0.0029415961772684502
muslim:0.03115660541341938
business:0.039888570587134936
are:0.00709093435589587
no:0.004138771088906286
helping:0.03808574491477181
those:0.006823219317233677
z:0.018349522568387556
d:0.013395913399831143
relatives:0.020516251931910725
it:0.005041991613823117
not:0.002216580913882224
sex:0.01590311583108943
beauty:0.02244643670675612
only:0.00980541351668593
rely:0.01849601487922285
buy:0.011054562960455757
bank:0.01750623543211974
always:0.00976822094852466
allowed:0.014087622162194379
after:0.007092697381121144
has:0.007829224072695228
leonard:0.0884479265592932
free:0.021231674956799527
knew:0.014272408319477056
disaster:0.020217996252453487
without:0.00826180325295035
be:0.002126695798299527
common:0.012375470733938786
g:0.012996330739012876
writes:0.0024311117316822145
if:0.0024637883079537105
of:0.006433695845925176
helped:0.03461251445199096
raised:0.016635957384841235
even:0.006173380322669212
oh:0.011873956559343653
seems:0.008663555475665729
fact:0.008817158561135439
they:0.010289554682070703
up:0.004939192538060237
sounds:0.026196357085006162
clear:0.012124083610980196
one:0.0036151136315280235
rest:0.012009672181885325
in:0.005879107783273582
identity:0.020897857791034414
succeeded:0.021661237808601488
and:0.006316501342678508
few:0.008403042282743701
for:0.0023922710508240733
subject:9.81505768088908e-05
each:0.009360328666766967
i:0.0028073339300793373
example:0.020671758409984593
pounds:0.040435992504906974
khan:0.043322475617202975
power:0.009933291471215229
pay:0.012253095816168688
community:0.04487370062841866
the:0.00360249600362415
interest:0.013429356605396637
when:0.00480762662810197
got:0.00813291846187711
friends:0.014619971858778441
because:0.006487949628288654
did:0.006043790600893255
bought:0.013467219664957574
an:0.006602192195306888
places:0.014025080449596819
just:0.004317605012742228
people:0.02767046213369701
many:0.006813239071978285
e:0.05718547235393064
n:0.04037884738019561
is:0.004938835053137205
save:0.013318052325078286
houses:0.03755074966269513
marriage:0.018940266618720183
does:0.004479738288005608
their:0.0055650133036092425
history:0.012209586780701767
nice:0.011616689179245434
him:0.026432154081212956
e-mail:0.010109175649456861
article:0.002979165001163974
give:0.008688368644691202
going:0.008006675309006185
upon:0.01275027787754756
father:0.04775373150392703
buying:0.014747124725137927
s:0.009124062953764975
