some:0.011675368751333542
go:0.009727161258970636
choice:0.018861813372592715
out:0.005890885495402299
block:0.021938896435816656
say:0.009487724871337717
jaeger:0.11600098269372966
programming:0.021938896435816656
take:0.010628745651678517
buphy.bu.edu:0.05835767217288562
your:0.006299661110906313
much:0.008735984347799658
ca:0.010282742980461605
carson.u.washington.edu:0.027496474903336746
wisdom:0.024297468904063483
my:0.009502142613303012
to:0.0034454979002270774
commitment:0.028192038915650332
then:0.007979401748879017
so-called:0.02507393332609366
relevant:0.022479964359017824
that:0.0034690462543447683
nt:0.0035703927586121925
me:0.010835886804045448
re:0.0018697025138908526
behavior:0.02124194511459597
senses:0.03018218956375357
so:0.0102181059738492
islam:0.02342022551653252
this:0.00524982438371419
he:0.007950666037601176
on:0.0025350441261964497
you:0.013894974735218047
gregg:0.11078070618633726
ta:0.02308676864403916
seeing:0.020041448327292138
m:0.006844073560580361
more:0.01271419025820726
a:0.0027930082516927903
j:0.015270643297644314
was:0.004427305670506928
as:0.012001712403255276
said:0.010957524143317162
wise:0.024471702560714324
waste:0.021392899975991697
muslim:0.04237298336225036
quran:0.028343565663126978
are:0.0032145569080061277
wow:0.025898306542044832
it:0.0034285542973997198
not:0.012058200171519299
being:0.00972901964962574
try:0.012181948361716963
only:0.0066676811913464334
ve:0.00912566849513717
completely:0.01798496818519735
persecution:0.029364042444844553
spin:0.029364042444844553
call:0.013284780489993538
be:0.0028923062856873565
thinking:0.017417632669243278
sort:0.015687306538305152
considered:0.01721421478606106
writes:0.009918935865263434
get:0.006571869876455611
down:0.01182182788476579
of:0.0068054204948008535
even:0.00839579723883013
looking:0.01296942672703322
but:0.0033264161112520514
instance:0.021373779493799677
rushdie:0.05448651247848594
drops:0.02797302580235837
well:0.008414339550766724
accept:0.017860559853313668
over:0.020059407525193577
in:0.0035535940378898095
fear:0.021528830677512482
total:0.01830507747902201
and:0.005726961217361847
gets:0.01668658171196402
few:0.011428137504531434
still:0.010208545411147737
for:0.00325348862912074
subject:0.0001334847844600915
however:0.011985494520984566
i:0.010499428898496721
we:0.00673871952856985
bones:0.029459283419698026
power:0.013509276400852711
than:0.014306012822194611
the:0.002638135534961686
do:0.003591589594532483
around:0.011835972165768179
got:0.02212153821630574
would:0.00466324823052188
can:0.004322829962188567
thinks:0.022649472117396232
maybe:0.01323956541171162
come:0.012005968372347043
myself:0.016664210309989415
ready:0.02107739644415198
btw:0.018758952602216675
here:0.00900200452811698
is:0.0013433631344533196
time:0.007897549849518569
man:0.014490246693975995
himself:0.018713907252504845
issued:0.026393761055265984
bu.edu:0.052998056202510295
somehow:0.02126056711005088
article:0.012154993204749014
brett:0.026189651082664706
realize:0.019567556295655694
ics.uci.edu:0.07135050201418823
understand:0.014980786314678267
by:0.00990435474817166
allah:0.1975501159349865
s:0.0031021814042800915
james:0.017297968838185136
share:0.02040524509870428
