since:0.01563141893284126
say:0.014824570111465183
know:0.019279298838410966
means:0.022145275159677756
thanks:0.015573333163407524
your:0.019686440971582227
with:0.009137927762336677
miller:0.03720075029325445
such:0.015023571902092176
posters:0.04266463881130587
post:0.040352778194237195
to:0.003230154281462885
next:0.020924843935540432
been:0.011462815525167494
that:0.0108407695448274
like:0.00909874268366151
laid:0.04453098184476172
nt:0.005578738685331551
re:0.005842820355908915
so:0.015965790584139376
had:0.023975132588783362
laws:0.028999014945608532
on:0.007922012894363905
you:0.021710898023778197
am:0.025536505573458837
them:0.011452024777595632
a:0.0021820376966349923
member:0.03117889002145749
sorry:0.024823567849520504
prophet:0.04316884600769314
nyx.cs.du.edu:0.03672997535951854
whole:0.023374339648650704
course:0.0191105609367189
andrew.cmu.edu:0.03183421411505672
official:0.03168908610276817
are:0.005022745168759574
should:0.01283446986119906
have:0.003994145415216038
only:0.010418251861478801
has:0.00831855057723868
humor:0.04338000751072377
list:0.09098839365379936
be:0.004519228571386495
writes:0.005166112429824706
down:0.018471606069946547
were:0.012119557011502337
of:0.010633469523126332
years:0.017420120492034324
iron:0.04219100895336497
never:0.017218275241108284
again:0.01907710264146889
one:0.0076821164669970505
frequent:0.04209963364271504
alt.atheism:0.044050060805703645
and:0.0029827923007092957
for:0.002541787991500578
known:0.02544475584114342
subject:0.00020856997571889294
welcome:0.03268451708407353
keeper:0.047886940123568165
i:0.004474188451063944
we:0.01052924926339039
ago:0.022352857229411282
2000:0.03379412114106504
the:0.0076553040077013195
agree:0.02356683733565968
did:0.025686110053796334
once:0.02096118121035083
an:0.007014829207513568
jim:0.026455708960538043
here:0.014065632075182782
people:0.01175994640682123
having:0.020444464003284073
new:0.01346874660065271
time:0.012339921639872763
9:0.02781901293457052
dave:0.027392770870114002
almost:0.023609319767691938
article:0.006330725627473445
sign:0.0338571255147895
written:0.02799624170668836
ann:0.04416754422261412
by:0.01547555429401822
