read:0.017438485091522477
andrew:0.028965062762861527
with:0.0044986721291503644
way:0.013325944765742642
such:0.02958488005335075
to:0.00742107240048909
trust:0.03191821741321795
us:0.015845202970653817
worse:0.059924083282159805
that:0.008005491356180235
think:0.022149969654285468
cco.caltech.edu:0.03462127808120171
nt:0.00549291193632645
re:0.0028764654059859275
supposedly:0.03568533627264798
this:0.00807665289802183
something:0.01531277936279633
on:0.0039000678864560766
you:0.01710150736642221
fall:0.030002315595341018
am:0.012571818128472044
sure:0.016784954001224643
a:0.002148467885917531
other:0.010610061444860854
was:0.006811239493087582
as:0.006154724309361681
motto:0.1471699499935686
allan:0.03792650397526909
others:0.020740986331295355
no:0.008659582586019307
it:0.010549397838152985
not:0.013913307890214575
should:0.012637016478719074
have:0.011798091072638144
only:0.010257971063609898
keith:0.06062257029414873
against:0.019871390708906513
follows:0.033030956289429335
be:0.0044497019779805485
writes:0.005086633777058172
get:0.01011056904070094
things:0.01719019944723269
if:0.005155003228949302
of:0.007478484060220718
even:0.012916611136661737
available:0.020777414060109464
what:0.014160647738409712
but:0.010235126496160159
oh:0.024843970647242104
they:0.014352609607811442
beginning:0.031154513801052993
now:0.012707033829832648
one:0.022691790179437444
in:0.0027335338752998537
or:0.005187011213100657
use:0.012790611751902678
for:0.0025026835608621075
subject:0.00020536120686167922
i:0.0014684515941953457
we:0.010367260813184384
back:0.01620274400051952
than:0.01100462524784201
the:0.0028990500384194345
wrong:0.020334015821768157
do:0.005525522453126898
gods:0.03727606252889937
violation:0.03962886554070685
would:0.02152268414087022
maybe:0.020368562171864033
may:0.014315580980306391
rid:0.03551810560621409
rules:0.03168857923514348
just:0.009033758180506815
e:0.023929920738875593
current:0.024324967105621677
govt:0.037540429017393274
general:0.022680233562211934
is:0.008266850058174274
schneider:0.03908404975171752
unless:0.023677395582619165
psuvm.psu.edu:0.03845317935432648
change:0.022861608522388367
legitimate:0.035194171103520806
ass:0.037486823868807945
god:0.020409063321347884
