at:0.01573151807954341
out:0.021038876769293925
gap.caltech.edu:0.09426343234023565
atheists:0.07458345918586787
blew:0.09990366357985131
been:0.026200721200382842
that:0.01238945090837417
cco.caltech.edu:0.0803708241170754
could:0.026948377773679595
re:0.013355017956363232
bobbe:0.20842025776030576
behavior:0.1517281793899712
political:0.0643709960264558
material:0.0754053488714979
was:0.01581180596609617
said:0.03913401479756129
morality:0.07717213365462118
sig:0.08427029326996026
allan:0.08804366994258894
likely:0.05904301437374514
vice.ico.tek.com:0.20652347828480763
ve:0.03259167319691847
keith:0.1407309667542738
stay:0.07051245657600325
null:0.09915430288165432
robert:0.057060929088530415
writes:0.01180825698245647
what:0.016436466124939843
beauchaine:0.20777673970663868
saying:0.05386705676722212
they:0.0333185580181337
bob:0.06578580382194821
in:0.0031728518195444726
and:0.003408905486524909
subject:0.0004767313730717553
i:0.006817810973049818
away:0.049446135470065544
the:0.002691975035675189
do:0.012827105694758869
moral:0.07168133544483617
here:0.03215001617184635
is:0.009595450960380853
schneider:0.09073082978077279
smell:0.10591209637665869
article:0.01447023000565359
