content:0.0419217250320394
at:0.00779615055269408
out:0.020852692019123185
jaeger:0.10265573689710589
small:0.02644907876341603
islamic:0.08116115098218145
buphy.bu.edu:0.05164395767512002
among:0.03048234927421084
with:0.005175463511411923
miss:0.04270637668766468
blew:0.04950978018116525
work:0.01792099525655136
my:0.008408975763984966
to:0.0012196452744166644
that:0.003069952437473246
bit:0.024115789363324775
could:0.02670989655444349
me:0.009589280357562343
re:0.0066184159783747
bobbe:0.10328791535024004
so:0.00904257165827363
uk:0.03824459720936979
this:0.004645862286472734
off:0.01932263228279956
jon:0.03672007313025074
something:0.01761647183330551
you:0.009837150255021626
gregg:0.09803602317374978
m:0.012113404532000637
more:0.011251495803723238
a:0.0024716887183122037
other:0.012206265379043457
said:0.019393848041269313
given:0.024670686364436114
muslim:0.03749821536482332
it:0.006068237694512778
vice.ico.tek.com:0.10234791844202856
ve:0.01615162565511004
stay:0.03494422626775383
between:0.02055633492076465
bank:0.04213890298704929
hope:0.025561606527788012
robert:0.028277982557147818
which:0.011432675509004581
writes:0.0117037591330542
of:0.003441426293198914
but:0.00588746214380894
reading:0.029082495985513192
beauchaine:0.10296900374842272
rushdie:0.048218152635828265
lines:0.03126709844508422
they:0.016511851761199004
up:0.011889029826127297
good:0.014336370366013266
fido.asd.sgi.com:0.053822126432101505
bob:0.032601814283443366
in:0.006289546969716477
atheism:0.04264796355464386
or:0.005967358032770666
solntze.wpd.sgi.com:0.045754615646540944
and:0.0033787381813344237
subject:0.00023625625568157783
i:0.005068107272001635
away:0.024504279524988234
flesh:0.05058377006615877
pretty:0.025469204043536517
grow:0.046442305773331354
yet:0.02327494462554127
community:0.03600485714138606
livesey:0.09070091205709625
than:0.01266018833822532
the:0.003335190309686075
law:0.02660921349773421
did:0.014547885340203234
maybe:0.02343285913577278
an:0.007946001226210059
just:0.010392819145715805
many:0.016400009093611445
is:0.002377633866289061
bu.edu:0.04690093469248698
article:0.014342174872860195
little:0.02075520975131384
full:0.027342145875427017
by:0.008764915706346603
elsewhere:0.0419217250320394
s:0.00549058655624795
