some:0.024323684898611544
out:0.008181785410280971
there:0.006373465177619079
lead:0.026834823872360494
surely:0.031156348110062643
entirely:0.028861979487369533
case:0.01716396602296358
gap.caltech.edu:0.0366580014656472
atheists:0.02900467857228195
your:0.008749529320703211
with:0.00406130122770519
into:0.01243613821515546
such:0.04006285840557913
to:0.0028712482501892307
social:0.030151681888724344
then:0.011082502428998633
perhaps:0.02005876067805587
that:0.0072271796965516
cco.caltech.edu:0.031255320489973766
re:0.0025968090470706285
behavior:0.02950270154804996
exactly:0.02233599064772228
so:0.014191813852568333
political:0.025033165121399477
jon:0.05763011477386574
laws:0.103107608695497
you:0.00771943040845447
society:0.025807161238936442
etc:0.01612724991290441
why:0.024718369168805644
a:0.0019395890636755486
as:0.005556348334840405
failed:0.029425682890451634
morality:0.060022770620260915
died:0.028168076535793923
allan:0.03423920497767348
are:0.008929324744461465
no:0.007817678723489652
it:0.002380940484305361
not:0.008373750119110623
ones:0.07067979125785118
should:0.022816835308798328
have:0.0106510544405761
keith:0.0547287092933287
left:0.02030836932986501
sort:0.021787925747646042
writes:0.009184199875243921
were:0.010772939565779854
if:0.0046538223594681195
of:0.004050845532619555
even:0.011660829498375177
what:0.006391959048587716
oh:0.022428584612093565
well:0.011686582709398227
groups:0.0255540666561555
must:0.09656085114497905
they:0.019435825510577993
chance:0.04993135455573061
in:0.003701660456135218
system:0.015522377286406423
or:0.004682718456271426
solntze.wpd.sgi.com:0.07180932733415453
and:0.0026513709339638183
subject:0.00018539553397234928
i:0.0013256854669819091
we:0.01871866535713847
marks:0.07894746276613
livesey:0.14235004253405384
the:0.0036640771318912297
do:0.004988318881295115
would:0.0064767336535026115
did:0.01141604891279837
an:0.00623540374001206
rules:0.028607745142837863
about:0.006840390141124107
time:0.010968819235442455
schneider:0.035284211581411644
dance:0.041617727783409546
notice:0.028041426622253778
every:0.016889920325954138
natural:0.058154285995849715
article:0.005627311668865285
function:0.028562504302412903
random:0.030994465617920647
behaviour:0.11019215647751025
going:0.015123720028122794
live:0.021504779680192074
by:0.006878024130674764
wish:0.025944982741519296
s:0.00430858528372235
