at:0.023183289801432395
out:0.031004660502117365
boy:0.05966885138315563
bright:0.06918595952434817
birth:0.06802988905340955
know:0.01623519902181976
ever:0.034781869168813956
c:0.034027601255644205
blew:0.07361322579567992
young:0.14818640238450737
that:0.018258138180761937
really:0.02567625977882797
finds:0.06918595952434817
nt:0.018791540834801012
could:0.019856699412184965
re:0.004920269773396981
bobbe:0.15357282150759372
baptism:0.07857762357385713
on:0.026684675012594205
said:0.028835589850834634
patrick:0.06033690829596383
andrew.cmu.edu:0.10723103701913843
no:0.014812443897138287
christians:0.04732886364525619
vice.ico.tek.com:0.15217519452564773
stay:0.05195654695073924
robert:0.042044895117864516
writes:0.008700820934441609
if:0.00881776868109749
of:0.0025584287574439294
what:0.024222160605174504
beauchaine:0.15309865031015482
they:0.024550516434414305
bob:0.04847375018459342
in:0.00233789081440119
thoughts:0.0565003199687607
priest:0.07564152421445962
and:0.0025118250953341434
subject:0.00035127574857918807
i:0.0025118250953341434
away:0.0364339945568904
later:0.042044895117864516
the:0.005950681657808312
do:0.009451551564559166
when:0.017206242668996525
praying:0.07830631716329481
is:0.007070332286596418
hear:0.043601073213931675
under:0.03193846614612683
article:0.010662274741007907
little:0.030859719761821894
comes:0.03979179391112515
s:0.008163635274421294
