obvious:0.022107174217827655
at:0.0050630173129565005
out:0.013542265506671952
mark:0.017262206691334426
minnesota:0.08688067858254787
there:0.010549183742266063
where:0.010617567805941159
your:0.007240989782650934
with:0.0033610768781008465
though:0.02856947358173195
such:0.011051823008435624
from:0.004865357784081469
florida:0.029350011230612285
wisconsin:0.17476724962147902
both:0.025812690601244113
name:0.015874899458794545
my:0.01638300450569485
to:0.006336547862486578
politics:0.028128393747947497
most:0.01067008887337378
trip:0.02955528756740584
been:0.016864832037028037
that:0.011962228463257821
me:0.006227521151750257
re:0.002149083349299831
this:0.003017140450410454
child:0.022789451843341343
extremely:0.025391668879538105
on:0.00582768764642862
state:0.015274214867474805
support:0.015741128215709804
came:0.017349004209643373
a:0.0024077657342179226
same:0.011161456037520761
sorry:0.018261015429532325
basis:0.021420737224356313
was:0.010177714185073398
coming:0.019980631924078132
question:0.02509179406146097
reputation:0.03313541930238686
california:0.022870512798407676
mind:0.017411814959828374
pa:0.02976816843913199
neighbors:0.031037064057647796
not:0.0034650000492871544
texas:0.02280557282568392
have:0.00881466574392505
being:0.01118278120646637
probably:0.013719676523156369
only:0.007664001369363716
whether:0.0164221757751829
states:0.03968804293627222
between:0.013349803712910377
left:0.01680692634195725
able:0.01515784612707281
always:0.01526986263217648
found:0.015370807501476996
writes:0.0038003585690664504
were:0.008915536192369535
of:0.0033524238890644594
but:0.0038234667945425877
impression:0.027190302380255688
never:0.025332634837492648
least:0.013837140130497024
in:0.004084590848149206
or:0.0038753532051901455
and:0.006582714042944653
few:0.0131357902350936
subject:0.00015343078673573735
summer:0.02586647212963346
however:0.013776430483890306
until:0.016443481180256576
i:0.006582714042944653
held:0.023364644133898715
silly:0.026854117284384374
actually:0.014047782339661407
stood:0.031314087631313756
the:0.003465531080409439
do:0.004128263901761475
views:0.02327636088584419
liberal:0.028169298735124877
insult:0.03303882666838467
neighbor:0.029103315571318986
last:0.012529669839422402
ny:0.0241447892619708
nj:0.028047446967017962
jim:0.019461670959476263
relationship:0.026235550248796067
here:0.01034713164151377
people:0.01730199011578296
about:0.011322025061170938
middle:0.023086783305405645
head:0.01984402146813611
is:0.00772047778421448
stuck:0.02733048314533706
recent:0.02182813269244265
halat:0.07294934300062704
served:0.029055222182407973
their:0.017398662282548435
serial:0.023789183493476047
guess:0.017219294614572722
atlantic:0.035514590553973484
solely:0.03083772177036107
article:0.004657085519060925
very:0.010018635010249697
translated:0.03285037941078127
three:0.016772919577428005
understand:0.017219294614572722
s:0.007131451504092164
