some:0.014325605829857107
muslims:0.02707825014458032
looks:0.021000647082048407
explains:0.03432273104583849
at:0.005404693327941295
say:0.011641380210230328
there:0.005630545923786181
all:0.011706353750261241
tried:0.019005300938875282
means:0.017390154726618114
atheists:0.07687129535721351
among:0.021131935386416105
with:0.0035878980171137873
response:0.02154354940262173
someone:0.013518147942717914
from:0.0051936948124550655
to:0.0016910419142218784
attached:0.030248132004815832
that:0.0063847477073830095
think:0.017665619969675524
like:0.014290049859002125
really:0.011971753025711202
bobby:0.06402610538940812
asking:0.021996520335204873
re:0.0022941135139765063
so:0.00626877667107313
islam:0.02873647302642027
93:0.022460217765671173
apr:0.022866308448085883
something:0.012212646117567625
these:0.010163410877907623
on:0.006220967180850183
you:0.003409809750973754
edt:0.03558312352568394
particle:0.03912493558111231
posted:0.020940987266760094
more:0.015600233445653078
a:0.0025702529923553284
other:0.008462012195287796
was:0.005432276896327519
as:0.004908675829552261
idea:0.034016887058414186
quotes:0.02981284528105949
also:0.009101209396807156
are:0.011832724814746483
no:0.013812831118803801
brian:0.02292072094956306
it:0.006310222633251018
should:0.0100786020995919
deleted:0.021554475441707587
have:0.006273013658253409
area:0.019683846899750595
date:0.021949688280879284
robert:0.019603754778881616
channel:0.029729375023048576
open:0.020275831771493023
bskendig:0.0385751677363903
netcom.com:0.03949736410700785
evil:0.025623765119071173
be:0.003548842068328045
asked:0.02068896256894743
which:0.007925719831395815
writes:0.004056824484770322
things:0.013709975019265335
if:0.004111352268487174
of:0.004771548112042666
what:0.005646884067463995
well:0.010324343007075736
groups:0.022575371769855166
they:0.011446866558377223
one:0.006032582256292163
in:0.003270178562475285
lying:0.03007029435528668
or:0.008273760217215771
world:0.03093559127279358
and:0.001171157713161932
for:0.0019960052939391043
subject:0.0001637850116074742
each:0.015619689554359602
i:0.00585578856580966
we:0.008268367519717608
psilink.com:0.038234248404152196
than:0.01755338996588296
the:0.005086676754527351
gods:0.029729375023048576
when:0.008022542594133349
quote:0.024754343021721407
eagle.wesleyan.edu:0.03760446831789402
got:0.013571495838224382
effect:0.021266094813634392
an:0.005508577537188569
thought:0.016469855246574926
people:0.009234804540325874
religion:0.021788535355599464
about:0.006043044051054427
middle:0.02464478708675204
15:0.020501906331169596
south:0.02651312567275329
unknown:0.02895175719704156
is:0.004944894973447802
east:0.024979504781539985
itself:0.020632244420824418
mozumder:0.03676658160006733
created:0.04660239372374259
guess:0.018381332901445727
nice:0.019384904642667226
atheist:0.0280374284905355
article:0.004971367363905528
little:0.014388580993242112
kendig:0.037033361427918486
by:0.006076291256547031
asia:0.037033361427918486
especially:0.0191735932975297
god:0.016277167066105675
defined:0.02681490631196048
