since:0.007908385863255657
objective:0.052868838020536886
round:0.017394002735174857
tommy:0.021947197475781194
say:0.007500177763903333
true:0.010210596016434176
with:0.004623141318494445
way:0.013694646794834333
concerning:0.018083961436591717
meaning:0.015596626620096015
from:0.0033461353930046463
mechanics:0.02336472241026366
wrote:0.01018013823989273
to:0.0032684565061442627
0:0.014486783748894989
slack:0.024324983985798798
scientific:0.0166905120031774
everyone:0.012085030662107128
observations:0.04044041568228215
value:0.029516623081080374
normally:0.016821548395734322
interpretation:0.018536793707601792
been:0.005799369119452329
that:0.002742329054817998
think:0.0056907036661207715
v:0.015204143533209532
like:0.00460331645655602
agreed:0.056316405553924156
its:0.008173219589067866
re:0.0029560514053610315
so:0.00403877706476253
believes:0.019401685649764196
mean:0.01044830852501921
patterns:0.023066273586120796
something:0.00786822655005345
these:0.0065479682731183495
on:0.006011962354616086
set:0.010471994403659767
you:0.008787335800928409
used:0.007804203590264291
d012s658.uucp:0.02189342019492831
a:0.0011039558307086126
other:0.005451810228584627
false:0.0165498363308347
christian:0.01267131372030267
basis:0.014732048525841892
was:0.0034998463798473736
as:0.009487519686367806
steve:0.025352994836635466
accuracy:0.019127091290812543
also:0.005863625026401448
morality:0.01708157899074619
science:0.10692908225034989
based:0.023880656220557645
far:0.009839439020242693
frank:0.030957900209886337
computer:0.010595663656779901
are:0.02032921364746958
those:0.014671269994368063
it:0.005420639205375051
not:0.009532174048631855
have:0.006062260234952405
recognition:0.02246726213107257
real:0.030327199849781588
after:0.007625350544130242
kelly:0.022995054196782147
has:0.008417189516889731
be:0.0022864081309781474
which:0.005106293804417066
writes:0.002613685339990365
certainly:0.024314286776724432
predictions:0.020663952117311354
making:0.012152597592381041
if:0.002648815888392922
of:0.008453938502858202
what:0.010914333237114203
result:0.013972339766843882
years:0.008813341592807878
never:0.00871122225637099
using:0.017426249633556684
well:0.0066516518187879235
must:0.009159922638258882
they:0.011062288037641229
universe:0.017515629844529614
commonly:0.04079817529957955
shack:0.022529508601302373
in:0.004213747871015584
fully:0.0165915158295565
our:0.017626683185615756
world:0.02989625322607917
rather:0.02034374429180129
and:0.004527242069060749
for:0.0012859638850279604
subject:0.00010552156874315532
horus.ap.mchp.sni.de:0.022925095394017717
values:0.2025745313996807
mrs:0.025206974307198836
i:0.003772701724217291
example:0.01111209147730397
applicable:0.022788786397688984
we:0.005327051010727154
quantum:0.02047296959845441
than:0.01130910104521313
odwyer:0.021840364778595737
2000:0.017097420972554643
the:0.004170965272666696
do:0.0028392012604999866
see:0.013987239220641707
thank:0.014349779868654206
would:0.01105908671270011
can:0.013669027548422344
slick:0.022722355099995775
refer:0.01771465706249647
modeling:0.025332463233343424
different:0.019977999193764803
is:0.006371682851161989
time:0.006243122410686614
experience:0.013091789623696235
1:0.007741201153852602
nothing:0.010098245065220982
change:0.011747071572768724
although:0.012489088761876514
article:0.006405793520289336
interpretations:0.021685342196962217
process:0.014294718313176155
wish:0.014767104801497148
lang:0.049266264742109156
