feeling:0.04851818722877247
know:0.006854861809212788
all:0.01060075367384768
story:0.019972541822292245
guilty:0.02611909358899096
chris:0.02131526246066278
with:0.003249040982164152
c:0.014367209419049778
mary:0.1302724668895348
o:0.019449883243332675
both:0.024952267581202645
knocked:0.0608183616672668
to:0.0038283310002523076
receive:0.023791215397252808
otherwise:0.01974102684228909
respect:0.02270754549407845
been:0.016302670969127103
she:0.07366983299774406
that:0.009636239595402133
think:0.015997200305872837
indeed:0.020490235047247864
finds:0.029211849576947006
nt:0.007934206130249317
could:0.01676787950362286
me:0.006019937113358582
re:0.002077447237656503
happened:0.018735004992991282
so:0.017030176623082
this:0.0058331382041268785
getting:0.015067786512359368
he:0.026502220125337254
on:0.005633431391547666
you:0.009263316490145364
a:0.0007758356254702195
how:0.0073075722068284684
christian:0.017810235395758756
pregnant:0.03378833492681928
occurred:0.028323157078654352
was:0.009838457045570952
ridiculous:0.02772816743667453
local:0.016979908066199735
let:0.012806320793071249
whole:0.0166217526390405
patrick:0.025475583502740286
andrew.cmu.edu:0.022637663370707002
step:0.023108447973235288
missed:0.024144067651265727
it:0.007619009549777155
should:0.009126734123519331
clever:0.03306266724672448
couple:0.017533287748080658
have:0.005680562368307254
being:0.01081002183291749
decided:0.020731294794546416
attempt:0.021425824429092195
his:0.010246828008362538
knew:0.02156719479387644
be:0.006427347301527459
writes:0.0036736799500975688
making:0.01708115106040224
if:0.003723057887574496
of:0.004320901901460859
what:0.01534070171661052
praise:0.03193753244610518
well:0.009349266167518583
they:0.005182886802820799
who:0.007183627079076935
up:0.022391006172539744
one:0.005462838376531236
in:0.0009871094549693915
and:0.002121096747171055
gets:0.01854064634662669
for:0.005422481048534567
known:0.018094048598146433
subject:0.00014831642717787942
gained:0.03232082617658824
keeper:0.03405293519898181
i:0.0010605483735855274
married:0.029384575060669403
paid:0.022977722987623093
ol:0.06298570147361551
improve:0.026351299859426858
circles:0.0310023362526651
will:0.006296140805018247
images:0.02364362080067102
joseph:0.06806997714406253
the:0.002512510033296843
do:0.011971965315108277
thing:0.01257740241736087
around:0.013151080184186864
got:0.01228974345350319
would:0.00518138692280209
can:0.004803144402431741
her:0.03673787561033031
maybe:0.014710628235235133
joe:0.02210816237179409
come:0.013339964858163382
just:0.006524380908143811
jesus:0.019295552331626702
about:0.005472312112899286
is:0.0029852514098962658
today:0.01577292369887974
new:0.00957777536046415
else:0.014036401251878093
somebody:0.021087379019304197
their:0.008409353436565077
1:0.010880688288470603
dave:0.038958607459717694
nice:0.01755410809308199
solely:0.029809797711349038
conspiracy:0.029809797711349038
comes:0.016800979651363953
close:0.019305073423169672
fault:0.024594444446203408
by:0.0055024193045398115
god:0.014739879065417917
s:0.013787472907911519
