some:0.008981052885641187
11:0.029724727981691627
uni:0.047340161141593055
dsinc.com:0.05008381455650638
beautiful:0.03948900154775922
4:0.019109765416759072
o:0.026930607567691396
killings:0.047150217967820963
name:0.04249588470508079
my:0.007309340471771549
catholics:0.04314610690710595
to:0.00318045960020961
alice:0.0485903067531144
mail:0.023571657729506586
civil:0.0321016883041578
make:0.013539080641151568
that:0.0053369942374534894
quite:0.02043230293930309
v:0.029589602414630864
protestants:0.04753491351070298
12:0.02733372947393874
australia:0.03568533627264798
on:0.0039000678864560766
disclaimer:0.028877350208262976
8:0.022711471402875896
3:0.01801127649721246
more:0.009780146352467123
a:0.0032227018288762963
other:0.010610061444860854
j:0.023493297380991252
million:0.1505196638127361
mechanisms:0.04753491351070298
desert:0.08674473512507795
perry:0.0748671793861609
d:0.014014186325977196
it:0.005274698919076492
area:0.024680515728148826
bb:0.08674473512507795
war:0.05441269408573873
list:0.022397143053242922
writes:0.005086633777058172
of:0.007478484060220718
america:0.030290296572818943
good:0.012461614241226918
chance:0.027654288677020033
in:0.017767970189449048
5:0.01999132989936679
massacre:0.07911723133428641
or:0.005187011213100657
few:0.017581750006971437
for:0.005005367121724215
subject:0.00020536120686167922
jews:0.0284202469738722
i:0.0014684515941953457
6:0.022602689481224573
we:0.010367260813184384
any:0.007871440509913903
victims:0.03857528204014409
the:0.0023192400307355475
less:0.04229023933225042
inferior:0.045779077726233894
fight:0.032766185336456415
sp:0.03630104940859827
imagine:0.030290296572818943
7:0.02455021945331774
jim:0.026048698053452845
10:0.04446725781378715
introduced:0.03984354852622282
replies:0.03447544797547391
religion:0.05463894250711866
is:0.004133425029087137
recent:0.029216116065269394
9:0.027391028120192513
wwii:0.08440602424356064
2:0.0149877657853493
communist:0.04517544991514547
1:0.015065568399420836
x:0.07027292283567929
various:0.02741983829503991
disease:0.03499842752151185
article:0.006233329848589239
opinions:0.021966231965538787
john:0.02062675691986035
god:0.020409063321347884
s:0.014317760327446577
