at:0.01710611674668798
there:0.008910475588127645
know:0.011979370152022347
50:0.033506633875033304
much:0.016963076403494478
c:0.025107744615815143
brothers:0.04975341292452367
my:0.00922538117796409
discovered:0.04402750199145464
death:0.032576858097440986
approximately:0.05028797386804821
been:0.014245052303120767
that:0.006736012144358773
re:0.0036304903182346653
complete:0.03595355194460949
this:0.010193833754784835
he:0.015438186480778982
certain:0.06400611634486425
bible:0.06988220391955915
came:0.029308026528912103
a:0.0027116584967891164
was:0.008596710039819277
as:0.023304295928651023
copy:0.03317098975789652
therefore:0.033329373985969565
quoted:0.043376912571231725
far:0.024168719146809722
no:0.010929570254199123
it:0.006657386985242174
cs.umd.edu:0.11130536967665479
have:0.009927196371799084
closed:0.040058958263250594
peace:0.11218356860426362
stated:0.03769024332910446
after:0.01873022997732962
nonsense:0.05104983421214039
which:0.012542644005024443
writes:0.0064200232137627405
were:0.03012239412567571
of:0.011326636052373126
but:0.012918120820396315
years:0.021648305077479547
must:0.022499615800771814
thousands:0.04153961160386737
now:0.016038003862895573
one:0.01909341568496354
in:0.003450091298922145
point:0.02137413554621418
origins:0.059995521906712486
wingate:0.11764875278840332
for:0.0031587268243890676
subject:0.0002591937562331873
i:0.0018533855072368438
we:0.013084892288485145
yet:0.025534647987244308
later:0.031023417756870904
the:0.005854392310594586
thing:0.021979926554611225
meant:0.039530672615446766
pray:0.04815823766926856
jesus:0.03372038271546413
is:0.005216944211469202
mangoe:0.18151987834592645
time:0.0460051447544771
charley:0.058606193327676824
very:0.01692468438624706
by:0.009615878396283166
god:0.025759011958982763
