at:0.017619300249088622
out:0.023563541981609197
atheists:0.08353347428817202
with:0.011696547535790946
blew:0.11189210320943348
to:0.0027563983201816617
that:0.0069380925086895365
could:0.030182183106521147
re:0.0074788100555634104
bobbe:0.2334306886915425
prefer:0.08213056210083682
this:0.01049964876742838
on:0.010140176504785799
you:0.011115979788174437
ta:0.09234707457615664
bill:0.1238205550276687
sorry:0.06354833369477249
shit:0.09638439763349514
said:0.04383009657326865
amusing:0.11160841050959436
d:0.03643688444754071
not:0.012058200171519299
disagree:0.08496778045838388
vice.ico.tek.com:0.23130629567898456
stay:0.07897395136512364
robert:0.06390824057915408
netcom.com:0.12876140698884558
writes:0.013225247820351248
beauchaine:0.23270994847143534
they:0.03731678498030975
one:0.01966621815551245
bob:0.073680100280582
in:0.0035535940378898095
and:0.007635948289815797
subject:0.000533939137840366
half:0.07563286967186032
i:0.0038179741449078986
away:0.05537967172647341
the:0.004522518059934318
got:0.04424307643261148
article:0.01620665760633202
