at:0.0151890519388695
out:0.020313398260007928
damn:0.07416960098901046
saturn.wwc.edu:0.20186608123988822
blew:0.09645870966330472
my:0.01638300450569485
to:0.007128616345297401
look:0.040882212487515696
that:0.0059811142316289105
r:0.05345206494360569
could:0.026019123367690643
wanting:0.0952691773962883
re:0.012894500095798983
bobbe:0.20123335232029524
so:0.017617424092843448
you:0.019165482393404203
said:0.03778456601143849
vice.ico.tek.com:0.19940197903360737
have:0.0176293314878501
stay:0.06808099255614107
robert:0.05509331084409833
writes:0.011401075707199351
if:0.011554317582127747
beauchaine:0.2006120245443408
they:0.03216964222440495
up:0.023163109833661804
bob:0.12703465565617586
in:0.0030634431361119046
gon:0.08242250637058735
and:0.006582714042944653
subject:0.000460292360207212
i:0.0032913570214723265
away:0.04774109631592535
the:0.0012995741551535397
did:0.02834329385246492
na:0.07514316325914445
healy:0.10061667616014762
an:0.01548100238899546
excuse:0.0763275862123554
requests:0.09048242331700765
christianity:0.06632152265348297
tammy:0.10654377166192046
article:0.013971256557182775
convert:0.07376862060686792
hopes:0.09883149204047796
elsewhere:0.08167508497621469
