some:0.010760708526574693
since:0.009220376144717426
apologies:0.02510899192556956
go:0.008965125584304734
large:0.01379739225754643
at:0.008119493202344986
out:0.005429387553366175
round:0.020279643741931978
tried:0.014275871212150558
atheists:0.01924734430603042
stand:0.01814626061966112
with:0.008085171107689595
option:0.019311572452775955
ignoring:0.024623459595349163
though:0.011454120744749677
someone:0.010154184860198248
carson.u.washington.edu:0.025342373182798843
blew:0.025781590601251955
post:0.011901280204751983
both:0.01034886673874764
approach:0.03793781248786945
my:0.021894337818670537
store:0.02056775598608559
to:0.0038106889219101316
most:0.01711147893057178
us:0.009492517908686618
knock:0.02510899192556956
that:0.00799319413443495
think:0.0066347835369979504
nt:0.003290684570149486
could:0.006954420070626992
bobby:0.04809334183628352
responses:0.020442067424243846
sarcasm:0.026892936485200747
re:0.003446456246803415
bobbe:0.053785872970401494
complete:0.01706551083085151
so:0.009417609192487743
anyone:0.0077092845605594065
this:0.004838547819091419
off:0.010062015889199772
appeared:0.021914765287044464
healthy:0.02404667091814176
these:0.015268534314275968
on:0.0023364461992594005
performance:0.01747009785067565
them:0.013510222779098994
bill:0.01426504090180515
m:0.006307901899152406
why:0.008201486544488509
more:0.011718147703416828
sure:0.010055502397047021
a:0.003217751442042385
was:0.004080466055766754
as:0.0036871620286498545
shit:0.022208386551496574
said:0.010099100592919042
character:0.021036800660324956
wasted:0.052831580998596514
let:0.01062275457489781
waste:0.019716958503218154
primitive:0.026052744979237822
amusing:0.0257162236197222
anonymity:0.03523445080730329
chip:0.014895872616604949
flaming:0.02540261319002167
are:0.0029627252608351406
it:0.00157997893889388
not:0.002778387136294769
vice.ico.tek.com:0.05329638149285359
feed:0.02296446082101088
involves:0.024137927265128763
ve:0.008410754373398315
stay:0.018196762987355678
left:0.013476521582951897
whose:0.01724784078571875
doing:0.012353469609056752
robert:0.014725401055104625
types:0.03775942130857953
somewhat:0.01982413298323782
arguing:0.023534110387679896
has:0.004906794810537102
his:0.008499673002328371
be:0.005331440157949044
writes:0.0030472921245048956
attempts:0.02125341836712648
of:0.007168316518552577
cheers:0.02006526578969745
what:0.012725006032211493
but:0.0030658213006931347
beauchaine:0.0536198037952616
breath:0.026267122931472354
they:0.012897506329600144
who:0.005958769005685937
witness:0.02322156386077316
one:0.004531386671777062
rest:0.015053598310934602
bob:0.016976981631470506
in:0.0032752018782394557
system:0.010300563729228227
debate:0.020920716564340816
and:0.005278305269457924
still:0.018817595227922094
for:0.0014993035157238432
subject:0.0001230274511152917
however:0.011046538729018033
i:0.005278305269457924
group:0.024858211380706405
away:0.025520586049066086
felt:0.020807484948071206
circular:0.0268099018976308
than:0.006592632636956042
the:0.0020841097050388565
do:0.006620441648907803
see:0.008153851435074544
when:0.006026149506192332
would:0.008595849272851392
thinks:0.02087508950912095
meant:0.018763406817470126
rational:0.023534110387679896
an:0.004137779440376667
record:0.017772573259154816
long:0.010969176244740022
here:0.008296778366928093
people:0.006936742580982108
is:0.002476245409130543
argument:0.016215398341657705
ad:0.01995240394634125
time:0.007278847787574717
type:0.014933237374800444
their:0.006975500546459511
various:0.016426631236659855
precisely:0.02296446082101088
position:0.015865635747521714
shoulder:0.025463651101312084
leave:0.01628194527324662
article:0.003734252904684797
little:0.010808012451144997
before:0.009798130263698822
process:0.016666192319048697
by:0.004564218777959291
while:0.01000157836810379
s:0.008577460104000253
james:0.01594282842229045
