obvious:0.028493691214088977
all:0.007067169115898454
raise:0.03491260509331822
with:0.008664109285771071
from:0.006270905588371671
my:0.007038624158002232
to:0.0010208882667339487
w:0.022921043370587806
important:0.023276809577579428
most:0.013752558992348429
cuts:0.04000332700763494
legal:0.027994927361729073
class:0.029393849419770388
that:0.0025696638921072355
think:0.021329600407830447
generally:0.028642588838689625
re:0.0027699296502086707
behavior:0.09440864495375988
michael:0.02225700149387918
310:0.04144151970719759
this:0.003888758802751252
programs:0.02617171943921864
merely:0.030229992738821158
these:0.012271377578510687
on:0.003755620927698444
society:0.05505527730973108
taxes:0.07054364500054178
3:0.017344192182500887
bill:0.02292973241253124
a:0.003103342501880878
how:0.01948685921820925
basis:0.027608950200281476
mac:0.02541690470230471
question:0.016170267284052627
morality:0.032012144330805826
dollar:0.041765983578741235
spending:0.036307096147494285
decides:0.04165624220255501
should:0.012168978831359109
disagree:0.031469548317919954
have:0.003787041578871503
university:0.017409926678508547
feel:0.022565012475897612
be:0.004284898201018306
which:0.009569572833463096
thinking:0.02580390025073078
writes:0.004898239933463425
whatever:0.024481189472247134
of:0.004320901901460859
what:0.03409044825913449
fairly:0.029068196653688046
they:0.013821031474188795
who:0.009578169438769248
policy:0.028420349947550372
in:0.0013161459399591887
debate:0.03362811477379228
and:0.002828128996228073
irrelevant:0.036360196069558086
still:0.015123770979478127
for:0.007229974731379422
subject:0.00019775523623717257
i:0.005656257992456146
acceptable:0.10284810322026772
we:0.019966576380947704
news.cso.uiuc.edu:0.03396744467032038
pay:0.024687718977762098
the:0.002233342251819416
do:0.010641746946762913
can:0.006404192536575655
thinks:0.03355477350725367
moral:0.02973447988822834
individual:0.02860508289827076
jonathan:0.035411150885141233
ourselves:0.03522595605398999
middle:0.029756298482522835
is:0.019901676065975104
billion:0.03531797472064597
clinton:0.027149305840521724
new:0.012770367147285532
right:0.014369434028076293
keep:0.019625293215747564
alexia.lis.uiuc.edu:0.09010222647151808
2:0.01443266334885488
illinois:0.03569792504944264
define:0.03166485850933286
cobb:0.17400914041389365
1:0.014507584384627471
position:0.025502540423794164
article:0.006002465780122971
by:0.014673118145439498
mike:0.023669718733020026
3rd:0.03269447980419698
