some:0.011446439952287786
out:0.011550755873337842
say:0.01860338210066219
there:0.008997833191932817
atheists:0.04094778151380981
own:0.02222049642694113
your:0.012352276688051594
with:0.005733601733230856
4:0.024355583374300774
brothers:0.050241191482607236
to:0.0027023512942957466
worse:0.07637383163412524
that:0.010203077218661082
memory:0.033153257119287405
higher:0.03639092071605777
nt:0.007000770114925867
yup:0.057036752076332194
re:0.007332166721140599
eat:0.04426690425226913
anyone:0.016401124996484228
dk:0.06619664656041879
stalin:0.1866644953251339
you:0.010898019400171016
state:0.02605601359745702
loved:0.051450789729278856
more:0.024929784820014234
a:0.0013691216920062696
how:0.025791431318218122
stronger:0.049897158935437926
christian:0.031429827168986034
was:0.017361983021595796
amusing:0.054710005151761935
his:0.054247912985448725
be:0.01134237759093081
apples:0.06164463079442764
writes:0.012965929235638477
of:0.0019062802506444965
but:0.006522384531866767
who:0.012676988963076945
now:0.016195239194884747
david:0.024474953326906804
good:0.015882449523132343
in:0.003483915723421382
heart:0.03893120208868252
and:0.009357779766931125
for:0.003189694734432098
subject:0.0002617348714903755
cause:0.0309166777778634
i:0.0018715559533862248
khan:0.057763300822937305
than:0.042076508300572385
the:0.002216920617614862
do:0.007042332538298987
rule:0.03871272125741355
can:0.025428411542285687
koresh:0.04004116302591914
people:0.029515159609276812
claimed:0.0417240367070665
mix:0.050597737013694244
extermination:0.04812378891559158
right:0.03803673713314313
life:0.027356660326359902
hear:0.032487074159400074
nothing:0.025047607857852046
him:0.023495248072189293
atheist:0.04480491023487536
fraser.sfu.ca:0.05669271952916288
useful:0.03759105114782783
iii:0.045321025269046154
killed:0.035811617614391035
by:0.009710151713893785
millions:0.09336658897130529
s:0.006082708635843316
