some:0.015162816560173431
go:0.02526535391940425
proven:0.03080022061491451
all:0.012390491307094692
mathematica:0.0447965027490558
ammunition:0.03838490110257602
your:0.008181378066112095
with:0.0037975803687632947
miller:0.06184020827969572
compound:0.027807914100685102
hell:0.044329622395868774
sue:0.0359677617488108
my:0.006170222476170788
to:0.0026848035586185016
hole:0.030304874480176647
most:0.012055814701084662
enough:0.015793172252840236
beach:0.0344837721387518
weapons:0.02597114276291996
like:0.015125182642969782
surrounded:0.0376626567187434
me:0.007036290132497044
re:0.0024281850829751335
wait:0.023840258474741027
so:0.01990540124775818
balance:0.03256354977414761
mean:0.017165078291102993
child:0.025749120913905157
big:0.03604909810217607
you:0.01804542173404941
children:0.02176868096115926
disclaimer:0.024376983942040176
m:0.026665221664598806
a:0.008161387748452958
how:0.008541318163825484
coleman:0.04082956065604948
ice:0.03037866512076311
stuff:0.018983224368010535
those:0.02410280070503325
it:0.0022263339593504676
not:0.007830000111376167
deleted:0.02281415257791128
couple:0.02049345321204233
ve:0.011851517526152171
kind:0.01789303049976013
university:0.01526194871167957
has:0.006914119960302279
yourself:0.022768017346588263
be:0.011268725788392298
which:0.008388911250113753
writes:0.012881734889952513
get:0.008534895943448847
things:0.014511207325586037
of:0.008838208434806302
even:0.010903632777701466
believing:0.03206380275378314
what:0.005976896772705398
well:0.010927713702294447
up:0.017447537277303696
one:0.00638513576477677
in:0.0034612928940485157
and:0.0061980099754998345
for:0.006337964861923519
subject:0.00017335686293518376
i:0.009916815960799737
draft:0.06412760550756628
alan:0.028575861636358696
actually:0.01587216965650055
will:0.014718251232510188
yet:0.017078368459001063
the:0.0004894500064863981
do:0.0046644020708214076
got:0.014364635205393338
sony:0.03299302901119011
pair:0.03316170100082167
here:0.011690914971580495
prepared:0.09276031241954356
scary:0.0376626567187434
new:0.022389604738747362
followers:0.031166722633777837
eternal:0.02994799860822368
guess:0.01945556664243931
dead:0.022281052823448937
dave:0.022768017346588263
loaded:0.030304874480176647
psuvm.psu.edu:0.03246047607832755
almost:0.01962333071600369
afford:0.030682510325352453
article:0.005261901820237669
opinions:0.018542923087792484
smart:0.03220973038918612
by:0.006431399187124456
cbnewsj.cb.att.com:0.036422038298206325
god:0.0172284300764625
s:0.008057614037091147
