some:0.009729473959444618
go:0.03242387086323545
proven:0.03952694978914029
all:0.015901130510771518
your:0.010499435184843855
with:0.004873561473246228
miller:0.0793616006256095
hell:0.05688968207469826
sue:0.046158627577640526
to:0.0057424965003784615
enough:0.020267904391144967
beach:0.04425417424473147
like:0.019410651058477887
nt:0.005950654597686987
surrounded:0.04833374278905402
me:0.009029905670037872
re:0.0031161708564847544
so:0.017030176623082
balance:0.041789888876822764
mean:0.022028517140248838
big:0.04626300923112595
you:0.01852663298029073
m:0.011406789267633935
a:0.004655013752821317
how:0.010961358310242702
coleman:0.05239793617526349
ice:0.03898595357164599
those:0.030931927571459336
not:0.010048500142932747
couple:0.026299931622120985
have:0.0042604217762304405
ve:0.015209447491895286
has:0.008873120615721259
decided:0.03109694219181962
yourself:0.02921895559478827
be:0.014461531428436784
which:0.010765769437645982
writes:0.011021039850292706
things:0.018622716067835412
of:0.00810169106523911
even:0.013992995398050214
believing:0.04114854686735503
what:0.023011052574915782
wear:0.08169096633186214
well:0.014023899251277873
up:0.011195503086269872
one:0.016388515129593707
in:0.0029613283649081745
and:0.003181645120756582
for:0.005422481048534567
subject:0.00022247464076681915
i:0.009544935362269746
draft:0.08229709373471006
will:0.01888842241505474
yet:0.04383447904476939
do:0.005985982657554139
got:0.018434615180254785
sony:0.04234105389769397
pair:0.04255751628438781
an:0.007482484488014473
here:0.015003340880194968
prepared:0.11904240093841426
new:0.02873332608139245
does:0.01015407345281271
eternal:0.07686652976110744
dead:0.0285940177900928
dave:0.02921895559478827
loaded:0.03889125558289336
psuvm.psu.edu:0.041657610967187016
article:0.006752774002638341
by:0.008253628956809717
cbnewsj.cb.att.com:0.046741615816031444
god:0.022109818598126874
dean:0.041527399984661345
s:0.0051703023404668196
