some:0.006748768064354648
read:0.013104063941606483
large:0.017306555606286564
mark:0.017361988232902834
say:0.010968468059349961
honor:0.03114886188593945
posting:0.05721136225935677
geoff:0.06767764573360414
where:0.021357882060505914
among:0.019910436231131937
your:0.014565690429841184
wonder:0.021331605247496697
into:0.01035146764729703
such:0.011115706378426581
from:0.039147849915846265
feb:0.0321759207139016
my:0.01098513596913643
christ:0.021455918572473365
to:0.003186587653389204
near:0.02083685420509552
day:0.014701173617126428
might:0.012295289802765582
ai:0.028050102981169348
been:0.008481158307638377
bunch:0.023446260237886273
that:0.006015687146262603
nt:0.00412762168625687
me:0.006263518383841298
re:0.00432301159281122
articles:0.04869235399652794
file:0.035127004421484496
kmr4:0.032096190528165564
laws:0.021455918572473365
posts:0.06976330876593072
these:0.009575930480340708
on:0.008792060553282483
m:0.007912223769457064
a:0.0016144556368166416
j:0.01765392288745007
noted:0.025798861554801
was:0.015354817354359286
as:0.004624937342294904
following:0.015822625855721164
given:0.01611437895480509
question:0.012618416666746268
promises:0.03225676604323536
perry:0.056258574105207605
others:0.015585712272071653
east.sun.com:0.0320175451405599
are:0.0037162507607007254
early:0.020247058374527636
bos:0.0346413456694276
it:0.0019818232932946357
ones:0.019610577921253505
ken:0.023850131220316827
have:0.005910411712689628
made:0.013442656369468215
interesting:0.037780630773657946
keith:0.0227772662954894
19:0.02368148677445595
apollo.hp.com:0.034519649662503704
his:0.010661439546273159
without:0.012989655981517311
sun:0.020973943954328562
be:0.0033437066886559032
which:0.007467585737095478
writes:0.0038223259596390884
kill:0.02135625495146466
were:0.008967071083654908
coast:0.030950659149068745
whatever:0.019103818374296894
of:0.003371802061833618
ryan:0.025693281508689478
years:0.012888875277343314
they:0.005392598985593894
who:0.007474294070715886
now:0.009548638138024533
in:0.002054100599936306
1990:0.02468755127366051
po.cwru.edu:0.027560269290677487
alt.atheism:0.032591952503642004
still:0.011801786602482931
for:0.003761258530775422
subject:0.000308635339792119
i:0.003310382206567542
top:0.019547007087672343
rate:0.022454772887232664
48:0.029673816191957792
than:0.008269371573522897
the:0.003921258433469062
regularly:0.02871620277063515
can:0.004997491285767129
last:0.012602095676644496
an:0.010380325301291753
jim:0.019574166167334504
here:0.010406941651002288
jesus:0.02007629722365784
about:0.005693735146369199
current:0.018278877015785074
is:0.006212083858743674
broken:0.025960937971358185
captured:0.0321759207139016
save:0.020939365505325398
average:0.022424977219090095
days:0.01721533308988539
checking:0.028089559426662986
keep:0.015314535168357925
man:0.016751730282053172
2:0.011262482960089068
first:0.010852918088965555
too:0.011286230450083794
atheist:0.026416767884146163
article:0.014052015265605797
saved:0.026783897396991975
three:0.01686987286978308
arromdee:0.034169218322524314
going:0.0125885299656051
by:0.005725060548076104
especially:0.018065293106921048
john:0.015499875142091592
james:0.01999765183605218
