silent:0.02687953787764107
ask:0.014870217267124322
say:0.009681351909528282
there:0.004682545844781364
honor:0.02749363829728329
gap.caltech.edu:0.026932409240067328
atheists:0.02130955976739082
your:0.0064282256233737884
way:0.008838636834421138
meaning:0.020132380280021896
unusual:0.025585646251115975
both:0.011457673889327743
to:0.004218977020686217
death:0.0171194713471246
us:0.01050957339890304
been:0.007485920342966526
die:0.019223236588940554
that:0.0017699215583391673
quite:0.02710407532764695
cco.caltech.edu:0.022963092604878683
bit:0.01390349080640663
nt:0.0036432579169512164
supreme:0.026573323542303046
consider:0.016430428972302003
need:0.009802050977026714
re:0.0038157194161037807
started:0.016730841204025026
penalty:0.024723919024269986
political:0.018391713150415944
this:0.005356963656851214
implied:0.02731869404484129
kmr4:0.028329800823329806
laws:0.018938132209376998
founding:0.06206020700844357
on:0.005173559441217244
you:0.0028357091296363356
etc:0.011848591772746098
m:0.006983748531204449
why:0.009080217245683706
a:0.0035625105251183547
looked:0.019005118390202472
was:0.004517658847456049
given:0.014223405914190208
question:0.011137684098709716
physically:0.027376344836953195
fathers:0.05816291506254592
promises:0.028471533293263865
whole:0.015264874872588213
allan:0.025155334269311123
no:0.005743600694808723
those:0.00946895741983449
thread:0.021239427517877375
it:0.00174926239663251
not:0.006152142944652703
have:0.00782526448695387
made:0.011865201795500007
being:0.009927571071046673
only:0.006803756317700441
picked:0.02435814387908572
whether:0.014578870331029717
keith:0.06031327146611735
sufficient:0.023343072670702573
whose:0.01909582372704576
allowed:0.019550169531208524
b:0.015616879318950212
punishment:0.048400346680579936
his:0.00941035225257784
without:0.011465359616339259
intent:0.025192987877972466
be:0.008853998833736805
constitution:0.09234653895258808
which:0.019773862232410986
considered:0.017565525291899038
writes:0.003373787709273277
were:0.007914812742205606
whatever:0.01686204376914981
of:0.003968175215627319
ryan:0.022678253576547344
what:0.009392266357108481
but:0.0033943021543388274
sense:0.016766949216137705
court:0.02039113075236382
they:0.019039176010362115
in:0.0027195872738952622
po.cwru.edu:0.024326156057587783
yes:0.013606356482162697
or:0.003440364580117782
clean:0.02215225608151176
and:0.002921918988449922
word:0.031315066491463456
subject:0.00013620896373478723
i:0.0009739729961499741
we:0.006876244416908009
back:0.010746717959528251
meanings:0.03222826468318812
than:0.007298986133772761
the:0.006153085795829003
painful:0.02908145753127296
dictionary:0.025155334269311123
would:0.00951683312351404
can:0.004411050981825068
meant:0.02077377183362764
because:0.009003685198441396
did:0.008387301242055945
refer:0.022866368555161262
imagine:0.02009050282891052
note:0.015110658667747436
makes:0.014249887154346805
about:0.0050255927567442425
definition:0.020789690850649287
is:0.005483114834503345
broken:0.0229145013726784
discussion:0.01754016298209281
days:0.015195166451786592
spent:0.02215225608151176
time:0.008058724336243436
keep:0.01351742134758123
man:0.014785966014261218
schneider:0.025923094223077942
define:0.021809979075305793
cruel:0.18411609202138585
under:0.024768606399037132
words:0.016876832303609052
article:0.004134351430186739
very:0.008894094345833914
already:0.014825440414782403
by:0.015159726655364787
hanging:0.029416137543955678
john:0.013681012242764518
