some:0.012830075550915981
content:0.02602832378362886
folks:0.020347339836784495
say:0.010426071287184306
there:0.005042741678995316
confuse:0.03149575021070177
know:0.0067795336574631975
posting:0.01812740965360572
truly:0.023946722357309772
atheists:0.022948756672574733
i.e:0.018980983499864854
your:0.0069227045174794655
with:0.006426674470214807
urge:0.032928312092367996
compared:0.02265268475776715
though:0.013656836272586154
ca:0.01129971756094682
such:0.010566028590482411
from:0.004651495903462504
carson.u.washington.edu:0.03021590648718324
brothers:0.028157151270472188
post:0.014189987936435059
to:0.007572522857641928
hardly:0.0239925101680743
then:0.008768573350416501
impact:0.026336507666326902
might:0.023374561932730176
appreciate:0.021094578766013703
that:0.00571820811155731
think:0.01582140689591819
memory:0.018580396847073164
church:0.02058942769279565
higher:0.02039491161009831
really:0.010721954632917176
nt:0.007847017051894929
re:0.004109236294265611
had:0.008430815855396347
this:0.002884518892150654
he:0.026210986937146734
certain:0.018111620833848954
on:0.008357288328120164
you:0.009161521803440471
posted:0.01875484024440602
why:0.009778695495351684
more:0.013971637646381603
onto:0.023923970749254654
a:0.0030692398370250444
hard:0.014858425288876426
stronger:0.02796434182095972
basis:0.020479166357351645
was:0.00973034213298226
as:0.004396231649544058
shit:0.07943769035727621
listen:0.02346673829858939
ending:0.03149575021070177
fine:0.017797563614948133
amusing:0.03066165123889955
course:0.01344039450494516
chip:0.017760463504413595
others:0.01481499023663954
are:0.007064960237376105
thread:0.022873229634637175
it:0.0018838210425273186
not:0.006625384709625988
have:0.0056181386060181636
bound:0.02791717839408394
try:0.013386756441447214
only:0.007327122188292784
attack:0.02169614048492408
absolutely:0.021991531566745243
his:0.030402676508328407
be:0.006356717111400784
writes:0.0072666196815116746
were:0.00852364449160604
if:0.003682145163535216
whatever:0.018159124059084413
of:0.0032050645972374506
forgotten:0.029178576425097677
looking:0.01425211728245409
what:0.015172122576867548
fact:0.013177291915543074
who:0.014209372244328004
good:0.008901153029447799
one:0.0054028071855803435
in:0.0039050483932855052
point:0.01209635143549484
and:0.003146681987561455
for:0.0017876311149015057
subject:0.00014668657632977087
i:0.005244469979269091
we:0.007405186295131704
circular:0.031965652262559804
assumed:0.026853150246811938
than:0.007860446605601435
the:0.0016566000219539628
do:0.003946801752233498
would:0.005124448604969099
last:0.011978915121206033
an:0.004933506255833719
jim:0.01860621289532346
just:0.01290536882929545
here:0.009892312668260418
about:0.005412176814955339
interested:0.01580811107370835
sincere:0.032928312092367996
questioned:0.033046478055120544
ad:0.04757880941050605
questions:0.016616353501348966
life:0.04599526406519852
their:0.008316942959240188
first:0.010316235326324403
nothing:0.014037670337917082
shoulder:0.030360507082333642
article:0.004452378463278028
very:0.0095782554493596
useful:0.02106751218174966
iii:0.02539969548045444
initial:0.02531131010819277
past:0.01815117827968881
s:0.01022697166246184
james:0.038017513930077226
