some:0.009729473959444618
out:0.009818142492337166
dbstu1.rz.tu-bs.de:0.04848123926488236
pass:0.03382729350159413
benedikt:0.046741615816031444
absence:0.04582745817222791
atheists:0.03480561428673834
your:0.031498305554531564
continue:0.03256838505751204
wonder:0.03075306423180774
way:0.014436440162887861
mentioned:0.02929303015659865
post:0.021521481703593172
to:0.0034454979002270774
remember:0.023188533637676933
most:0.015471628866391982
that:0.00867261563586192
think:0.011997900229404626
re:0.0031161708564847544
rosenau:0.04776855448623101
convincing:0.04650350437899765
fair:0.03518916280669902
you:0.01852663298029073
d012s658.uucp:0.046158627577640526
more:0.010595158548506048
a:0.0023275068764106585
theism:0.05171261868995539
as:0.006667618001808487
genocide:0.03754635269016429
evidence:0.053628467241884616
daughter:0.046046769074872686
frank:0.06526957294251037
are:0.016072784540030638
no:0.009381214468187581
caused:0.03318595149212639
it:0.002857128581166433
probably:0.019893530958576735
left:0.04874008639167603
open:0.027541338156278024
be:0.004820510476145594
writes:0.005510519925146353
of:0.009722029278286934
but:0.005544026852086752
well:0.014023899251277873
who:0.010775440618615403
in:0.004441992547362262
point:0.018346133010500504
and:0.004772467681134873
still:0.017014242351912894
subject:0.00022247464076681915
horus.ap.mchp.sni.de:0.04833374278905402
i:0.006363290241513164
fanatics:0.19576028296563036
any:0.00852739388574006
actually:0.020369284392509037
than:0.011921677351828842
odwyer:0.046046769074872686
the:0.004396892558269476
when:0.0108972870236978
would:0.0077720803842031335
tries:0.04300807646164011
last:0.018168021267162483
an:0.007482484488014473
many:0.015443341896484112
about:0.008208468169348929
is:0.0022389385574221993
time:0.013162583082530946
questions:0.02520146947704593
theist:0.09885128995154811
lot:0.020654611568878257
light:0.029101789048385777
i3150101:0.04848123926488236
atheist:0.03808417369964405
theists:0.04848123926488236
show:0.025083905581123604
article:0.006752774002638341
feelings:0.044435340800034855
answer:0.025302258684407136
respond:0.03370006456717089
by:0.016507257913619434
dangerous:0.07007909555312145
