believe:0.035617571808694105
bait:0.03323442779687142
there:0.005015185713536325
situations:0.026122980161169762
with:0.006391556030486856
turkey:0.10698012048399705
someone:0.012040754724934535
from:0.004626077893061069
my:0.02076971063017052
to:0.008284257246447617
require:0.021199568627882987
day:0.027795661593036855
enough:0.01329042910894752
she:0.018115532704363294
that:0.007582614763595122
think:0.00786747556026533
provide:0.036906619434791406
like:0.0063641478880255365
could:0.008246498116535833
me:0.023684998478787862
anything:0.012684377870597834
re:0.0020433907255637735
believes:0.02682309546114941
this:0.005737512987665782
he:0.01737850500022115
satan:0.028732966796997054
on:0.005541080057259999
you:0.02126007063312051
am:0.00893079976339544
concerned:0.021999941216163
them:0.01602031881456001
why:0.009725260000841566
a:0.002289351025977697
christian:0.017518264323697134
wings:0.024973228655504297
commercial:0.022766921312856566
given:0.015233811798804814
morality:0.023615516309610854
evidence:0.05274931204119798
personality:0.031790976567135976
flaming:0.030122224383796185
no:0.0061516160447131684
it:0.003747053876939584
not:0.016472951053988112
ken:0.04509369072256624
deleted:0.019198795065564683
have:0.0027937191975281575
made:0.025416169966316956
between:0.012693255989324621
second:0.015025659981706374
after:0.021084302597431163
exists:0.06117431250849762
love:0.0894048480923893
believer:0.03198970686315169
writes:0.0036134556886205592
certainly:0.016807416815604596
believing:0.026982653683511496
what:0.0050297382677411545
3-4:0.03159922072117276
but:0.007270854887982626
instance:0.02335932185114719
again:0.013343547202776055
oh:0.01764872231771297
fact:0.013105284855895297
they:0.005097921445397506
find:0.011565282719526723
jyusenkyou.cs.jhu.edu:0.03298599952322794
in:0.001941854665513557
minute:0.024439685105974697
or:0.003684762063951286
rather:0.014062752201709635
and:0.0020863246693485784
still:0.011156880230762552
for:0.0035557252777275845
subject:0.0001458850103388978
cause:0.01723224663028452
i:0.0020863246693485784
yet:0.014371960342547343
the:0.0020594344535220027
would:0.015289338460727477
because:0.019286582501579386
wants:0.01923789706335382
about:0.005382602078261593
loving:0.028514358411129846
is:0.008808938586579145
days:0.016274604505738647
does:0.006658408821516531
served:0.055252553658349586
request:0.021313120368275037
wanted:0.01664021852210985
first:0.010259862455688749
him:0.05238284816094662
article:0.004428048526320224
difference:0.017525430857018506
christmas:0.06621760402844559
arromdee:0.1292081916895455
by:0.0054122157093834215
god:0.08698945022213853
