some:0.028947195251240187
there:0.007584950294026012
lead:0.03193565816214803
surely:0.03707862915577703
honor:0.044535149638574585
gap.caltech.edu:0.043626051331018156
atheists:0.034517964581889264
into:0.01480003225605278
such:0.0317854083217818
to:0.003417022710969002
social:0.03588299332211823
then:0.013189093799800027
been:0.012125953613400325
that:0.005733960750983088
cco.caltech.edu:0.0371964144674068
like:0.009625116227344407
re:0.003090417378331988
behavior:0.03511065308197681
so:0.016889431361734215
political:0.029791535351086983
jon:0.03429229970015152
kmr4:0.04588959472208795
laws:0.12270657563761628
you:0.009186760155516064
society:0.030712654697577255
etc:0.019192760226927567
m:0.01131251828195101
why:0.014708451075652947
a:0.004616542564781471
as:0.006612513720801805
given:0.023039566604803975
promises:0.04611917789652659
allan:0.04074748360979323
no:0.009303683770103387
reason:0.02208439606618618
not:0.004982727343603016
ones:0.05607652860127035
should:0.013576959853169254
have:0.02112605839453111
made:0.01921966571833059
keith:0.09769753063933058
his:0.015243215219051708
without:0.01857198747770657
be:0.004780671546590672
sort:0.025929432294719258
writes:0.010929956876323345
were:0.012820688408861976
if:0.011076866442370402
whatever:0.02731372379135011
of:0.0016069469881466005
even:0.013877350807983684
ryan:0.03673502232234115
well:0.01390799925746566
groups:0.030411451227160265
must:0.09576282758179741
they:0.023130238624158934
chance:0.029711219239773587
in:0.0029368545767684377
po.cwru.edu:0.039404351961051284
system:0.07389164724768678
or:0.005572821964488308
solntze.wpd.sgi.com:0.04272951709139774
subject:0.00022063600737205204
we:0.011138379386065867
marks:0.0469770026376972
any:0.008456919556105846
livesey:0.0847041575409246
than:0.01182315109272282
the:0.0012458727437835587
do:0.005936511726499972
would:0.015415696629824399
can:0.007145173491220772
moral:0.06634966586629464
rules:0.03404558099643515
broken:0.037117704702850966
keep:0.021895988298561334
man:0.023950820981778503
schneider:0.04199112783242378
article:0.00669696595302976
random:0.0368859756114097
shown:0.034127004933980694
live:0.025592465073947593
john:0.022160978508940873
everything:0.025534400693580605
