some:0.00868057156232977
obvious:0.014299807858371791
feeling:0.016232850745685954
at:0.0032749628715778105
there:0.0034118177902496185
know:0.004586896377911902
all:0.003546720560023387
raise:0.035042391729352855
actions:0.014699711688431791
with:0.006522238402857405
though:0.009239941269928177
from:0.0031471087525285334
my:0.007064790047065437
to:0.0046110752568094705
w:0.01150312585512771
important:0.011681670234101198
most:0.006901841873483412
cuts:0.02007601913022571
legal:0.028098997723668584
might:0.007907379687280468
class:0.029503120235457266
make:0.013086100247953187
that:0.0038688248189718603
think:0.016056669451991322
really:0.007254259268367754
nt:0.002654567106774864
generally:0.01437453343205613
re:0.0013901133932273998
behavior:0.04737980322958209
michael:0.022339741276384304
so:0.007597104813270781
310:0.02079778870063819
this:0.003903215155177836
programs:0.026269012076539155
merely:0.01517118594699203
these:0.006158498041260009
certain:0.012253959077176612
on:0.003769582343786542
you:0.0020661672468725717
society:0.055259943768131564
them:0.005449290600491602
taxes:0.053104416775500776
defend:0.016839756221112438
3:0.0087043343666826
bill:0.023014973053470018
a:0.0025957325759226675
how:0.009779650537019511
hard:0.010052912277232377
basis:0.027711585702884747
want:0.007035680177368705
as:0.0029744020825911463
standard:0.011316150708038054
mac:0.012755695668442884
question:0.008115189900918604
morality:0.03213114858482369
dollar:0.020960623729108053
are:0.00478001027212807
spending:0.01822103338257148
decides:0.020905549060761808
not:0.004482602294245092
should:0.012214216670880889
disagree:0.03158653548638806
admit:0.015241997080712083
have:0.0038011198003542962
being:0.0072334718584578
university:0.01747464759552902
always:0.009877160215608577
feel:0.011324448640320362
anybody:0.011299610204136412
be:0.006451240785919754
which:0.009605147453661842
thinking:0.012949912765236637
writes:0.004916449003848047
kill:0.013734691846109242
things:0.008307531331376392
if:0.004982531001958433
whatever:0.024572197611549166
of:0.0028913098225388646
what:0.02395202498504245
explain:0.013364526126440906
particular:0.01260613921220746
ok:0.024266536732423283
least:0.008950417779578
fairly:0.014588128432148274
they:0.006936205386674674
who:0.009613776016608537
policy:0.014263000903045725
in:0.0026420773515909365
debate:0.03375312635287701
and:0.0021289818651902778
irrelevant:0.018247682042343276
still:0.00758999658821393
for:0.00604737663405342
subject:9.924519290713122e-05
i:0.007806266839031019
acceptable:0.05161521908823844
we:0.015030601178966208
news.cso.uiuc.edu:0.01704685884941729
pay:0.024779494884742626
decide:0.015218243184434122
unfortunately:0.013687334872958945
the:0.0028020557992158106
wrong:0.009826847794906545
do:0.005340653672167261
can:0.00964199991566223
nobody:0.014900705076053632
thinks:0.016839756221112438
because:0.013120611887691553
agree:0.011213959773102003
moral:0.029845016988184574
individual:0.014355710748202797
just:0.004365756741508869
jonathan:0.017771395425628497
here:0.006692940169603702
ourselves:0.01767845378174219
middle:0.029866916692495034
is:0.011985395995122553
billion:0.017724634153484034
clinton:0.027250232628032955
new:0.006408920315552218
right:0.014422851998440888
keep:0.009849124848051751
alexia.lis.uiuc.edu:0.09043717898628208
does:0.00905939638912658
2:0.007243158186228285
illinois:0.035830631090518636
tied:0.019050563313107574
define:0.015891285868996043
cobb:0.17465601454182633
1:0.007280757962545384
position:0.012798672703391122
article:0.003012389889652792
by:0.00736383252652168
mike:0.02375771025247363
seem:0.01025915447916631
everything:0.011485734140978636
3rd:0.032816020621312954
