all:0.014677966625327558
chris:0.059026880660296925
then:0.024552005381166205
direct:0.061442701885756526
that:0.010673988474906979
nt:0.0219716477453058
eve:0.09064394898368623
could:0.023217063928093192
re:0.005752930811971855
he:0.04892717561600724
two:0.02868906819466633
these:0.02548670727844527
you:0.008550753683211105
a:0.004296935771835062
beings:0.07803716581623643
was:0.013622478986175164
seth:0.09587973061348937
adam:0.1429108729616987
sons:0.08651681072838348
are:0.019781888664653094
hundred:0.07079005211479063
have:0.007865394048425428
only:0.020515942127219796
genesis:0.08460453816411306
able:0.0405763880940103
after:0.02968021057946079
free:0.04442319683268824
be:0.008899403955961097
were:0.07159861372949074
of:0.005982787248176574
humans:0.06939048629624098
years:0.03430423727662144
saying:0.04640854121483753
they:0.014352609607811442
who:0.019893121142059204
and:0.017621419130344148
subject:0.00041072241372335844
physical:0.0656484815288418
agency:0.06730831171362926
the:0.0011596200153677738
because:0.02714957382914637
did:0.025290939129891776
moral:0.061756227460166555
human:0.04932065186517809
e:0.047859841477751186
days:0.04581927114692573
their:0.046574880571745046
wives:0.09321401182465804
eight:0.07540704584479582
s:0.009545173551631052
