bait:0.06539677727771474
turkey:0.21050926933947806
led:0.045327734288498886
from:0.01820585493398227
batman.bmd.trw.com:0.1302991563140381
several:0.030305928731907492
my:0.020434715297425837
to:0.005927738322971316
us:0.02214920845360211
day:0.05469468894113704
she:0.03564669338600519
that:0.00373015726273631
jbrown:0.0649079345457066
me:0.023302982374291285
re:0.0040208656212706514
this:0.005644972455606656
on:0.01090341559654387
you:0.011952666438897246
independent:0.04465312847523626
a:0.0030032346792395596
wings:0.0491408692898633
was:0.00952108746345576
commercial:0.044799425809169374
flaming:0.059272764110050565
it:0.01105985257225716
ken:0.08873274626053358
deleted:0.03777827416127244
made:0.02500623174105378
second:0.029566621254325447
after:0.041488466401396806
war:0.07606075517361328
writes:0.007110348290511424
were:0.01668068061798171
3-4:0.06217911174166252
but:0.007153583034950648
years:0.02397607981699348
gulf:0.06095390465188598
well:0.036190707745233225
one:0.010573235567479812
jyusenkyou.cs.jhu.edu:0.0649079345457066
in:0.001910534428973016
and:0.004105348542911719
subject:0.0002870640526023473
until:0.030765222853383272
we:0.014491869953913657
refused:0.05418364900847072
later:0.03435926912857746
the:0.003241948430060443
country:0.03624466782817347
did:0.01767646283272006
americans:0.04604751367210221
an:0.009654818694212223
during:0.03148784419142442
hit:0.03849142085945601
days:0.032024221769356695
served:0.10872276687610727
request:0.04193872072467024
first:0.02018876160635528
eventually:0.04556234770134447
article:0.00871325677759786
christmas:0.1302991563140381
arromdee:0.2542483771955573
going:0.023417372946770782
by:0.010649843815238346
