okay:0.10501868623176822
dbstu1.rz.tu-bs.de:0.28379262008711625
benedikt:0.13680472921765302
ca:0.05015972185591027
learning:0.12116836778828978
my:0.023175957593421982
to:0.003361461366075197
intention:0.13576668984158483
speak:0.08744958084483888
nt:0.017416550042010696
me:0.026428992204988896
re:0.009120500067760258
scott:0.18644278308153692
rosenau:0.13981040337433467
kmr4:0.13543026735055225
you:0.027112145824815703
m:0.03338572468575786
how:0.03208202432266157
was:0.021596613026863064
d:0.04443522493602526
keith:0.09610895290535773
anybody:0.07413646694909012
writes:0.0322567020008567
ryan:0.10841311465861658
up:0.03276732610615572
in:0.00433365126571928
po.cwru.edu:0.11629089237285868
subject:0.0006511452900492268
i:0.004656066030375486
eagle.wesleyan.edu:0.1495006911174811
can:0.021086975425310083
about:0.024024784885899306
sole:0.13509842217846008
hear:0.161643003134576
i3150101:0.14189631004355813
article:0.01976421659308783
