another:0.008305263409695052
since:0.00749371394533214
reference:0.013976153794076233
at:0.003299494428668281
there:0.010312123433451094
stephen:0.030499320444876535
know:0.004621255152278284
all:0.003573287755229555
true:0.009675208959392684
case:0.009256970439351146
where:0.013838627702125557
dsinc.com:0.04877075574790883
i.e:0.012938348303278663
way:0.006488287713657465
further:0.01328776929243965
concerning:0.017135738739541967
decision:0.01574811136025201
matthews:0.023341507452722128
such:0.014404623246949803
arguments:0.015578728970720419
from:0.0063413652017241615
often:0.01163790407595021
my:0.003558854911349443
to:0.0025808973035408816
death:0.012567102561934166
been:0.005495282349143967
die:0.02822287918675917
that:0.0064963413002711015
quite:0.009948312292544574
nt:0.008023354513735264
could:0.005652094214704335
account:0.015261346092611462
re:0.0014005262276335975
so:0.0038270059827150565
believers:0.020500571348516898
had:0.005746848260981779
this:0.007864905443766577
he:0.00595555508434545
these:0.012409258225460244
resurrection:0.02022640129599519
you:0.002081644155088846
inc:0.01371166852361199
bible:0.026958303384698852
apparently:0.014189741783714092
support:0.010258263331586165
ray:0.016246325343028726
sure:0.008172449513704882
a:0.0020921410125039628
how:0.004926453173142787
stronger:0.01906183599780775
as:0.005993364496007628
truth:0.013464634936376793
belief:0.0462866887704343
acts:0.016401755046799336
widely:0.018411410926456286
rumor:0.02074545059669237
evidence:0.06025670476616249
died:0.015191771614810208
tortured:0.04331578570767501
perry:0.07290436943970724
nc:0.019617716166790044
observe:0.021007467782486043
others:0.010098607577035191
are:0.0024079077962592716
no:0.01686510466191026
lie:0.017078264695816647
it:0.0038523081993255275
not:0.0045161798395203364
twist:0.021856806057260533
have:0.007659185215695174
briefly:0.021593868758858853
between:0.008699872082570807
be:0.004333043124625254
found:0.02003386146259923
writes:0.0024766381686051023
certainly:0.011519690176987419
were:0.011620249419268158
of:0.00801066082855103
priests:0.022139605879388416
offered:0.017333949980943997
even:0.018866960087258716
but:0.004983394923224047
happening:0.017002979380007333
biblical:0.017097324881237885
must:0.0086796270692116
they:0.006988161981331413
who:0.004842894660051866
now:0.006186945310405409
good:0.006067452626814604
chance:0.013464634936376793
clear:0.012351126375230762
in:0.003327335241469859
context:0.015553336884632854
or:0.007576533232618936
rather:0.00963851555398076
and:0.0028599057265227706
still:0.00764685049524175
for:0.008529745469604937
subject:9.998860259182883e-05
outside:0.01350103287446264
i:0.0021449292948920776
we:0.010095459967894906
back:0.0078889764796537
held:0.015226397300742983
fell:0.01875212919688972
any:0.011497609733582104
information:0.009134162114171404
than:0.005358057236777008
the:0.005363785464341575
do:0.00538065856858799
see:0.006626912964086802
can:0.0032380748780438703
proposed:0.01653091675493106
did:0.0061569702001609185
claim:0.012229359718352008
450:0.022139605879388416
come:0.017986469471680963
jim:0.03804866007807718
disciples:0.02199553741186858
apostles:0.043713612114521065
jesus:0.026016475053878697
people:0.005637727116378717
jones:0.01857789692859424
claimed:0.01593951964090181
is:0.008050116161518019
fee:0.018842382199058483
solid:0.016874765254006423
itself:0.012595714758780449
documentary:0.02354963423607348
does:0.004563628518118072
himself:0.014017908054310744
life:0.01045085900108131
their:0.022676908143546278
dead:0.012851243950603506
widespread:0.020096492839111708
article:0.006069909215854689
very:0.006528998096567218
little:0.00878404008201672
opinions:0.010695169121797911
deaths:0.018252011621516975
saved:0.01735436048569143
adds:0.020270725107407187
usual:0.016067943137076462
by:0.011128488481091754
says:0.01918372093204171
beliefs:0.016307725379641747
