since:0.019712528309395873
week:0.01698442760790928
at:0.0043397291253912855
out:0.00580382807428798
there:0.004521078746685455
behind:0.05213412415269012
know:0.012156405178899526
posting:0.01625216037909478
800:0.023643720618728013
anyway:0.015017309466229232
tried:0.015260414054367838
where:0.027302317215277264
dsinc.com:0.06414675756005743
monday:0.024904476156349692
with:0.0028809230383721545
funny:0.02217126182540011
decision:0.02071303316841028
hell:0.01681468435705367
matthews:0.030700406354072948
into:0.00882169410336151
from:0.004170306672069831
posters:0.026901841220921926
my:0.018723433720794113
weekend:0.024863595354306857
to:0.006110242581683486
ships:0.02996009993511069
hole:0.02298990477806504
track:0.022412786097519906
us:0.010147174316182247
software:0.013870866445720475
perhaps:0.014228874569655397
been:0.014455570317452603
that:0.001708889780465403
bit:0.013424060088944334
appears:0.01921330555366666
really:0.009612786912270571
nt:0.0035176283336080714
me:0.005337875272928791
re:0.0018420714422569978
articles:0.0207482198064023
anyone:0.01648191871567873
had:0.0075586624910450005
these:0.01632153668077776
on:0.0024975804198979798
curious:0.02111464207301229
you:0.0082137781686018
fall:0.07685322221466664
brings:0.02556226626780054
inc:0.01803455909263252
support:0.013492395613465547
more:0.0062631479104469255
jobs:0.024324264158042383
a:0.004127598401516439
how:0.006479620676005538
want:0.009323142698089565
norway:0.02840178797347445
given:0.013732943641287099
also:0.007307867643741707
perry:0.09588899822858045
nc:0.02580261190410316
athena.mit.edu:0.02407523815231415
far:0.012262946168085723
are:0.009501153422678208
those:0.009142441646736749
deep:0.022412786097519906
it:0.003377886007290364
not:0.0029700000422461324
have:0.005036951853671457
farm:0.027090123057474626
ve:0.017981612798299844
stay:0.01945171215889745
tom:0.018698168588545592
messages:0.021551922469881288
after:0.009503515702783011
minds:0.024215993681595212
has:0.005245194452643109
be:0.005699125686083461
which:0.006364001638017329
writes:0.0032574502020569574
end:0.013321346810716795
of:0.0028735061906266794
but:0.006554514504930151
they:0.018382652699659975
up:0.01323606276209246
now:0.016275018698307823
in:0.0017505389349210885
1990:0.04207828936298787
point:0.010845004735271235
alt.atheism:0.055550815597340555
and:0.0018807754408413293
gets:0.016439981982230564
few:0.011259248772937372
for:0.0016027037581875566
subject:0.0001315121029163463
i:0.004701938602103324
top:0.01665828682841042
room:0.019645460494180325
the:0.002970455211779519
do:0.00353851191579555
when:0.006441746023860768
around:0.01166105632095387
can:0.008517891551110476
claim:0.016084921402955598
once:0.013216902438053724
last:0.021479434010438402
jim:0.033362864501959306
repost:0.02735291113976671
just:0.011570330674540748
newsgroup:0.03787353537511674
long:0.01172567115817037
here:0.01773793995688075
people:0.00741513862104984
many:0.00912906910136992
is:0.001323510477293911
fee:0.024782837670682834
done:0.013047603701579796
days:0.029342390389656872
keep:0.02610260674015686
does:0.006002407952401602
guess:0.014759395383919476
changing:0.021095658972933525
leave:0.017404838050711906
article:0.0039917875877665075
admittedly:0.028571670614219127
opinions:0.014067045101083952
somewhere:0.019110941176860033
while:0.010691342393490259
rubber:0.027559631332372776
s:0.0061126727177932836
news:0.015117618306223737
aside:0.022242483910007153
