positions:0.01722118895578496
correct:0.01164490192235391
mark:0.010689053253708862
say:0.006752829089920083
all:0.0033952591837946304
ultimately:0.019177057317678024
inevitable:0.02006550812501803
enter:0.016858202592955344
your:0.008967489125845284
with:0.0020812362163329084
way:0.0061650278275677695
much:0.012435564907899866
former:0.014202483710841846
from:0.0030127126492177064
scheduled:0.018205382860529154
sell:0.03715379678626941
batman.bmd.trw.com:0.021561960030614846
to:0.003923698676415176
kuwait:0.04495900268971439
then:0.005679289500981506
hunt:0.020967461508681867
us:0.0073305209472775655
potential:0.015253638223564039
been:0.005221496039933948
die:0.013408378546022594
that:0.002469072067149301
civilians:0.0357496002627473
really:0.006944468836978384
nt:0.007623614431200411
suppose:0.013715797101890283
jbrown:0.02148198545462887
me:0.003856187474749269
sitting:0.016155855852177783
camps:0.04153570973159119
re:0.002661498240414025
so:0.018181683227489684
had:0.005460528418797634
error:0.013400206972142342
this:0.0018682649052363665
parallel:0.01637492308705121
he:0.011317674074877118
bastard:0.020899674337967654
you:0.0039558646933005115
tell:0.008576601614314778
etc:0.008264498176007955
them:0.005216580681609398
iran:0.020173356343862615
more:0.009049245735378832
a:0.00198790622896284
how:0.009362014215153909
was:0.0063022144775899324
as:0.002847381353085475
definitions:0.01909524408556166
letting:0.017392431832454706
arms:0.10096790612585928
died:0.014434886196278737
whole:0.010647386032125587
course:0.0087051665476869
military:0.013778784920749361
judgment:0.020578851928735282
no:0.008012425168558789
those:0.019814046131183916
proper:0.014613979021501213
thread:0.01481468965659774
place:0.009677678353439237
it:0.00610063042241943
not:0.006436761657394643
should:0.00584630655599103
statement:0.012360140283604291
deleted:0.025006259765112716
hunting:0.020833154291661063
have:0.001819397199813711
made:0.016552167629309618
mistake:0.01589972240155469
allies:0.02103656501707013
mathew:0.07638097634224664
west:0.014512132739274692
selling:0.029678129077220925
war:0.05034626499036323
mantis.co.uk:0.03895838113917446
be:0.0020585809862543464
which:0.004597481610382625
writes:0.004706493886245995
down:0.02524233712049635
were:0.01656195691251565
things:0.007952761310107649
if:0.004769753877319639
of:0.002075878137712512
sit:0.01656837934761665
what:0.006551189345171752
but:0.004735111902138151
seems:0.008386075051178214
gulf:0.04034671268772523
well:0.005988853772787703
shut:0.01679407979757215
they:0.009959995991185876
who:0.009203223304155503
now:0.023514795699334436
in:0.005058496851088697
u.s:0.012554243419924192
or:0.0023996849028579546
use:0.005917364867428284
hussein:0.10950571082574906
and:0.005434838640438289
for:0.0011578251349184127
subject:9.500696402853486e-05
i:0.0040761289803287176
we:0.019184966629380355
back:0.014991862776281405
power:0.00961514334580264
information:0.008679079304212686
reagan:0.02064074425155332
unfortunately:0.013102822351693796
the:0.003218874064010191
do:0.012781457631788198
because:0.006280150529873714
agree:0.05367535905630675
did:0.017550651709355502
regards:0.014695258352354674
fight:0.015158733429677345
wants:0.012528594884675262
jim:0.01205099909946217
just:0.008358637462390647
many:0.013190042900911697
about:0.0035053956595084393
bush:0.016628528140508473
destroying:0.01996083237695293
is:0.003824521379226532
deal:0.011730658333667291
move:0.012586566247590808
captured:0.019809374674394937
done:0.009425848937440208
right:0.013806929493169392
matter:0.01075054452633645
first:0.0066816897843097545
sold:0.029227958043002426
too:0.006948462163218849
him:0.017057048422514647
position:0.01225211016801499
article:0.0028837469050412845
concentration:0.042807537409479984
killed:0.01299923486358678
bad:0.009753028636108127
supported:0.015554554195194156
by:0.0035246814050432953
especially:0.011122048781129329
grave:0.020967461508681867
s:0.011039791474306377
