simply:0.04369490485547699
believe:0.031038169719004863
at:0.012585214463634729
there:0.01311112836538782
ever:0.03776317224042658
atheists:0.0596667673486943
cooper:0.09712254235425156
themselves:0.046235003090325966
often:0.04439029126112437
to:0.001968855942986901
that:0.009911560726699338
nt:0.010201122167463408
me:0.015479838291493495
had:0.021920121224030503
this:0.007499749119591699
weak:0.06683306326567884
on:0.007242983217704142
utter:0.08076350943563725
a:0.0019950058940662787
was:0.012649444772876937
as:0.022860404577629098
adam:0.13270295346443448
modified:0.07054036605832291
no:0.032164163890928854
those:0.05302616155107315
thread:0.05947039705005665
not:0.008613000122513783
laughed:0.07856135686667641
have:0.007303580187823612
earlier:0.05637066478406132
outcome:0.07714927351472452
get:0.01877677107558746
of:0.00833316795281737
department:0.04954393689561337
but:0.019008092064297436
assert:0.1582581516947675
they:0.013327423207253481
who:0.05541655175287921
good:0.023142997876564275
in:0.002538281455635578
atheism:0.06884599830963938
subject:0.0003813850984574042
i:0.005454248778439855
the:0.004307160057080302
strong:0.10316149674201458
got:0.03160219745186534
because:0.02521031855563591
did:0.046968886955513295
thought:0.03835123435988161
faq:0.05545850089853942
john:0.03830683427974065
god:0.075805092336435
