obvious:0.022627343022953012
simply:0.01799201964637288
out:0.006930453524002705
say:0.011162029260397313
lead:0.022730674338940653
help:0.012588780706128217
story:0.021147397223603554
true:0.015195769365634392
knowledge:0.02174571261677727
hand:0.03714399359356087
profit:0.03250360169991013
followed:0.026146692358842823
equally:0.028195555266302918
from:0.004979836790765739
myth:0.06669074273676935
kings:0.03069486817198095
often:0.01827835522516886
both:0.01321002401357787
to:0.003242821553154896
death:0.03947548687101673
heaven:0.025612721625672626
began:0.026363577863597693
die:0.022163261008425583
that:0.008162461774928865
depth:0.030930193669708592
believed:0.025710763110879754
re:0.0021996500163421794
so:0.012021301145704943
believers:0.06439591235357661
this:0.003088131990420112
he:0.00935372475011903
overwhelming:0.03401563171749773
something:0.011709772453903075
assume:0.02042052091346574
bill:0.01820890515112775
ray:0.051032574901043175
a:0.0016429460304075237
how:0.015474858790930874
was:0.015625784719436216
belief:0.04846488588904297
died:0.02386001777149603
tortured:0.03401563171749773
far:0.014643400424243539
no:0.019866101226750175
pain:0.026041176472450665
it:0.010083983227646235
have:0.00300735654792737
follow:0.022217601837748735
real:0.015044669729401456
second:0.01617468103913098
has:0.0062633792581561825
regarding:0.023276449241593396
be:0.017013566386396214
were:0.01825062702908587
if:0.0039420612927259365
of:0.009150145203093584
even:0.009877408516270739
fire:0.02115878610023218
they:0.016463287491313122
who:0.015212386755692333
one:0.005784181810444838
in:0.005225873585132073
or:0.007933075972977474
debate:0.026704679379187985
men:0.041312924148556966
and:0.0067376014321904095
for:0.0038276336813185177
subject:0.00015704092289422526
con:0.06823587217278215
i:0.001122933572031735
will:0.0066665020288428495
the:0.003990457111706751
when:0.007692202604963152
original:0.018153929489843998
engr.latech.edu:0.03454593228805242
would:0.027430871944246354
can:0.005085682308457138
450:0.03477220452821592
jim:0.019919592629110996
apostles:0.0686560849092772
jesus:0.020430584821722386
religion:0.020891360370368896
jones:0.029178226352556833
about:0.0057942128254227735
is:0.004741281651011716
itself:0.019782681415261058
does:0.007167581260808972
their:0.03561608514309915
fool:0.029089768250412477
1:0.011520728776027698
first:0.011044440172888477
easily:0.021758322167031687
little:0.013796110011167435
difference:0.018865610863731685
shown:0.024290397629480372
hopes:0.03371897963733954
deaths:0.028666394723206073
prophets:0.032994081752492785
says:0.030129726405030213
beliefs:0.025612721625672626
