above:0.010009764816649063
some:0.00858482996421584
okay:0.015830022556994474
read:0.008334570080507066
at:0.003238841957553055
dan:0.014609571652159039
there:0.01012256234092442
behind:0.025939282360284546
all:0.007015204637105082
jaeger:0.08529484021597769
principles:0.037112572477384496
true:0.028492067560564487
islamic:0.016858842023872247
buphy.bu.edu:0.04291005306829825
hand:0.01160749799798777
text:0.013296190195711644
from:0.009337193982685761
implications:0.020897857791034414
post:0.009494771339820516
possibility:0.015591844050151956
practicing:0.02159120768003276
to:0.0030401452060827153
hardly:0.016053811950696772
important:0.011552828282989789
basic:0.028085682423235295
might:0.01564033188145916
relevant:0.01652938555810134
that:0.0038261539569979064
view:0.03755899359688932
think:0.005293191277678512
really:0.007174249055848992
nt:0.007875866379291602
perfect:0.02978004995688889
suppose:0.014169628623644005
could:0.005548195423992858
its:0.015204592323780663
anything:0.00853397481735075
re:0.0027495625204277245
so:0.0037566566080327944
islam:0.08610377028136956
this:0.007720329976050279
presume:0.02062130109530799
he:0.005846077968824394
two:0.020567530507205643
on:0.0018640030339679777
you:0.0061301359125961975
gregg:0.04072820080380046
tell:0.008860386226553135
serious:0.013224241312645112
am:0.006008589546696197
knowing:0.01578685410891843
apparently:0.013928900942101701
constitutes:0.021805431606959143
m:0.005032407029838501
fun:0.01513328181960969
more:0.004674334653752669
sure:0.008022220662350013
a:0.003080523807014107
how:0.014507680116497695
member:0.014672418833627054
other:0.01014197049876405
same:0.007140049082825781
was:0.003255371816549212
responded:0.019257096384312285
as:0.0058831923545369005
idea:0.010192559909046897
said:0.008057003046556736
question:0.00802568412995259
also:0.005454033572351347
muslim:0.01557830270670969
quran:0.04168171421048085
judgment:0.02125976982343608
far:0.009152125265152211
no:0.008277542177812573
religious:0.01349779340114014
it:0.005041991613823117
not:0.002216580913882224
disagree:0.015619077290144095
statement:0.012769115513576493
ken:0.01516938493056916
have:0.003759195684909212
made:0.008549924823227946
ve:0.0134201007281429
sufficient:0.016820743542123914
between:0.008539947963405903
able:0.009696563331289224
worthless:0.020266055375862874
has:0.003914612036347614
be:0.010633478991497634
which:0.014248812491002035
sort:0.011534784219342021
writes:0.007293335195046644
whatever:0.012150590363063834
of:0.007148550939916862
motivation:0.020897857791034414
but:0.0048917883989000755
reading:0.012082066346922759
rushdie:0.02003180605826689
fact:0.008817158561135439
easy:0.012182652809775027
who:0.004753870861153854
one:0.0036151136315280235
jyusenkyou.cs.jhu.edu:0.022192786443936446
in:0.0026129367925660364
point:0.008093882210514929
still:0.007506283390549806
for:0.00358840657623611
subject:9.81505768088908e-05
i:0.005614667860158675
group:0.019831734814754743
room:0.014661869412936051
yet:0.00966937037752266
than:0.005259563537571548
the:0.00360249600362415
do:0.00264087470186212
see:0.013010189422141001
benefit:0.01665402361573252
would:0.010286576979092384
law:0.011054562960455757
because:0.006487949628288654
reasoning:0.017622222041439324
claim:0.024009110623529308
may:0.006842005615587613
an:0.006602192195306888
just:0.004317605012742228
people:0.011068184853478805
many:0.006813239071978285
religion:0.01305710023148056
about:0.021728298095335403
e:0.011437094470786127
is:0.00987767010627441
argument:0.012936549412278389
having:0.009620924236839563
presumably:0.018126637929356548
does:0.008959476576011215
issues:0.027979628548521287
bu.edu:0.01948457948621702
atheist:0.016801841338078258
supposed:0.02682863978982618
article:0.008937495003491924
neither:0.013760225920959445
already:0.010683037945946145
arromdee:0.0434652556602699
by:0.003641306892710169
plenty:0.01713719430966525
