at:0.011441104057849755
there:0.01191920760489802
fred:0.06017680843739756
learning:0.0645182218093491
my:0.012340444952341576
to:0.0017898690390790012
aspect:0.0678958426711659
intention:0.07229135433123349
scientific:0.05484025372472575
positive:0.057493506497618356
that:0.004505254875772426
re:0.009712740331900534
islam:0.06083175458839616
this:0.013635907490166728
kmr4:0.07211222027756678
m:0.017776814443065874
a:0.0018136417218784352
noted:0.05796367596078667
was:0.03449848574420983
genocide:0.05851379640025604
accepted:0.05469985221687879
quran:0.07361965107305708
anywhere:0.054887393569538465
no:0.029240148991753503
caused:0.05171836596175542
yoyo.cc.monash.edu.au:0.07728935200532995
keith:0.051174897001554115
verse:0.13453665736127185
writes:0.008587823259968343
predictions:0.0678958426711659
of:0.007575607229833973
even:0.02180726555540293
ryan:0.057726463649393246
dr:0.050894085780603913
darice:0.07960426410151591
notion:0.19267249100922548
commonly:0.06702557370645212
rice:0.06998380657490293
in:0.006922585788097031
atheism:0.06258727119058126
po.cwru.edu:0.061921124510223455
or:0.017514583316963254
and:0.004958407980399869
for:0.004225309907949013
subject:0.0003467137258703675
the:0.003915600051891185
afterwards:0.07284407659641265
long:0.030913133053358247
is:0.013957019578735788
either:0.03251380139108258
time:0.041026232984512044
sole:0.0719355234976216
article:0.010523803640475338
by:0.025725596748497823
while:0.02818626631011068
