some:0.010241551536257491
go:0.017065195191176552
folks:0.032484349563989275
know:0.010823466014546507
philosopher:0.05335000251603044
take:0.018646922195927222
atheists:0.07327497744576492
among:0.030214960245489694
with:0.01026012941736048
into:0.01570880616651216
someone:0.019328579953184384
carson.u.washington.edu:0.04823942965497674
longer:0.029773780775212064
to:0.008462626421610364
nye:0.10629668015092582
most:0.016285925122517874
been:0.012870529712468765
that:0.003043023030126989
view:0.029871480287584486
like:0.010216132136040992
bobby:0.045773049028392646
re:0.006560359697862641
so:0.008963250854253684
file:0.026653384933845694
this:0.004605109108521219
reply:0.03150172385399249
on:0.004447445835432368
you:0.004875429731655455
a:0.003675010857490513
other:0.012099192875718515
was:0.007767202930713909
old:0.023227307739844945
shit:0.042273858611182075
amusing:0.04895105724105015
learn:0.03342117702387922
wi:0.05168295336789127
clinic:0.050140052784876675
are:0.016918720568453303
no:0.009874962598092191
reasonable:0.03279216815882498
not:0.005288684285754078
absurd:0.04551877238915358
have:0.0089693090025904
nyeda:0.11031144457950208
try:0.02137183923108239
shows:0.033896619628244834
be:0.0050742215538374675
kill:0.032409053566696364
of:0.0017056191716292863
what:0.024222160605174504
but:0.005835817739038686
ignore:0.03948040482944054
latest:0.036546900002217116
must:0.02032860024104822
they:0.024550516434414305
up:0.01178474009081039
david:0.043797284900780595
in:0.0015585938762674603
become:0.029054585743817085
our:0.01955943353491573
and:0.0016745500635560958
for:0.002853937393965561
subject:0.0002341838323861254
i:0.0033491001271121917
cnsvax.uwec.edu:0.10206576687343655
the:0.0033059342543379517
do:0.012602068752745554
when:0.022941656891995364
engage:0.050877623988477914
here:0.03158598080041045
about:0.008640492809840979
is:0.0023567774288654727
threads:0.049725553794959604
time:0.01385535061319047
their:0.013277926478786964
whoever:0.04420245050691032
wishes:0.045773049028392646
before:0.01865082690546179
bills:0.049459717395877775
by:0.008688030480852333
while:0.019038092156829143
s:0.010884847032561724
james:0.03034731375120199
