some:0.01401044250160025
positions:0.019356616386302296
at:0.007047720099635449
mark:0.012014495857168761
entirely:0.01662450018472485
all:0.0076325426451703295
knows:0.01397584564456494
valuable:0.020794838013518644
atheists:0.016706694857634402
with:0.0023393095071581895
ca:0.008226194384369284
from:0.006772578035441405
sell:0.041760867587766815
navy:0.02299502336119573
to:0.0027563983201816617
kuwait:0.05053391902323898
iraqi:0.02482205697117859
everyone:0.012230051030052414
then:0.006383521399103213
hunt:0.023567426735758422
death:0.01342166553614569
us:0.06591604435791987
100:0.013514048395324286
make:0.007040321933398815
that:0.005550474006951629
provide:0.013507822713133655
like:0.004658556254034693
nt:0.01428157103444877
tanks:0.03968238783947729
french:0.019995653264249767
re:0.005983048044450729
penalty:0.01938355251502767
political:0.0144191031099261
had:0.006137633942728541
this:0.002099929753485676
bastard:0.023491233955875643
soviet:0.017708000001266454
on:0.00202803530095716
you:0.011115979788174437
am:0.013074690853610925
them:0.005863436686128964
classified:0.020794838013518644
sure:0.008728176080636814
prove:0.06283037343861757
a:0.000558601650338558
how:0.005261451988916498
hard:0.021633867220604074
other:0.0055172319513276434
same:0.00776837340211445
intelligence:0.0180803616935305
beer:0.02132896358401673
looked:0.01490001281791874
was:0.007083689072811085
as:0.003200456640868074
following:0.010949257092159046
equipment:0.01613983165016236
arms:0.06485024370598047
evidence:0.025741664276104616
stuff:0.023387332421388976
based:0.01208361204760217
are:0.007714936579214706
those:0.014847325234300482
place:0.010877710469265703
it:0.0041142651568796635
not:0.012058200171519299
ones:0.013570519921507426
made:0.009302318207672005
only:0.005334144953077147
mathew:0.04292610870434261
war:0.014147300462292069
has:0.004259097895546204
mantis.co.uk:0.043789220400432094
asked:0.013489203594953723
which:0.010335138660140143
claims:0.015025302702434904
writes:0.0026450495640702493
certainly:0.012303029109022564
down:0.009457462307812633
were:0.006205213189889197
if:0.010722406716214548
of:0.002333287026788864
what:0.003681768411986525
but:0.002661132889001641
drink:0.020059146660874928
never:0.008815756923447441
fairly:0.015696826192991543
again:0.009767476552432073
fact:0.009593068514515357
gulf:0.022674852530501582
they:0.003731678498030975
who:0.005172211496935393
up:0.005373841481409539
now:0.006607657591512977
in:0.0028428752303118476
or:0.0026972458308123413
and:0.004581568973889478
few:0.009142510003625147
subject:0.00010678782756807318
i:0.0038179741449078986
back:0.00842542688027015
power:0.010807421120682168
any:0.008186298130310458
information:0.058531710827610356
program:0.011106533729536301
the:0.0036180144479474544
do:0.0057465433512519735
older:0.01767260154015852
got:0.008848615286522296
can:0.0034582639697508535
iraq:0.13837351100676754
did:0.019726932521315584
countries:0.016861917155321586
just:0.009395108507727087
people:0.00602109256029247
about:0.007880129442574973
including:0.01271987082612092
claimed:0.017023406976483135
interested:0.01150830486165968
is:0.005373452537813278
captured:0.04453147426803982
gave:0.01484749565215157
time:0.006318039879614855
questions:0.012096705348982047
does:0.009747910514700201
their:0.024218937897307422
build:0.014926532252073419
first:0.0075102193175641645
sold:0.06570444968066946
various:0.014258315913420755
almost:0.024175943442116547
article:0.0032413315212664042
very:0.00697296996713379
useful:0.015337148868313753
claiming:0.018447967142665785
especially:0.012501182829989367
include:0.013446093092978407
