some:0.012161842449305772
obvious:0.02003462663490631
read:0.011807307614051675
know:0.006426432946136988
philosopher:0.03167656399389307
posting:0.017183273734147086
all:0.0198764131384644
faith:0.019505344376847877
atheists:0.021753508929211463
with:0.003045975920778892
much:0.009099983695624642
hell:0.017778025648343205
response:0.018289575794934072
post:0.013450926064745732
name:0.014386627634532557
to:0.005024684437831155
line:0.014707311191697856
nye:0.0631136538396122
enough:0.012667440244465604
been:0.007641877016778329
that:0.0036135898482758
think:0.007498687643377891
like:0.006065828455774339
re:0.0019476067853029715
this:0.010937134132737895
reply:0.01870414853830804
posts:0.020953216000878495
merely:0.021255463644483625
on:0.002640670964787968
you:0.02315829122536341
them:0.015269366370127508
bible:0.01874444532217342
m:0.0071292432922712085
burn:0.025381703661172043
a:0.002909383595513323
hard:0.014084548971747443
other:0.014367791539915737
same:0.01011506953400319
false:0.021807857248443644
christian:0.01669709568352383
basis:0.01941254310957291
demonstrated:0.02692849775030795
possibilities:0.028920005007149176
amusing:0.02906469023687353
learn:0.019843823857928287
course:0.0127403739578126
wi:0.03068675356218544
popular:0.022031105709025847
clinic:0.029770656341020527
didnt:0.034713784230068156
are:0.01674248389586525
it:0.003571410726458041
not:0.0031401562946664838
clever:0.0309962505438042
absurd:0.027026771106059944
have:0.00532552722028805
courtesy:0.0309962505438042
probably:0.01243345684911046
nyeda:0.06549742021907937
kind:0.028703403093365207
after:0.010047987956588287
be:0.006025638095181992
which:0.006728605898528738
virtually:0.025954624990413337
of:0.00810169106523911
even:0.008745622123781382
but:0.0173250839127711
reading:0.017116260658140574
instance:0.022264353639374665
must:0.01207010639312238
david:0.02600463790983848
in:0.005552490684202827
atheism:0.025100103550389358
become:0.017251160285391393
and:0.001988528200472864
few:0.011904309900553574
for:0.001694525327667052
subject:0.00013904665047926196
dismiss:0.030587544213379742
i:0.001988528200472864
we:0.007019499508926927
power:0.014072162917554906
cnsvax.uwec.edu:0.06060154908110295
any:0.005329621178587538
will:0.005902632004704606
eternity:0.03167656399389307
creator:0.03002897374278809
the:0.003533217234323686
see:0.018431101681366416
because:0.009191261973408926
an:0.00935310561001809
just:0.012233214202769644
newsgroup:0.04004337333931614
religion:0.018497558661264128
about:0.015390877817529243
is:0.005597346393555498
ignorance:0.02513448211305265
right:0.010103508300991142
time:0.008226614426581841
carry:0.020273217968402635
christianity:0.02003462663490631
theist:0.030891028109858783
whoever:0.026245204988478002
wishes:0.027177747860608132
too:0.010169363895127586
every:0.012667440244465604
atheist:0.0714078256868326
words:0.017228432976600906
faq:0.040438490238518324
very:0.009079387978038787
repeatedly:0.027333232043679392
prophets:0.029213509885019653
by:0.005158518098006073
emotional:0.027715165757666627
soft:0.027829639230160248
god:0.013818636623829296
