some:0.012036462630240764
click:0.058440341573457684
at:0.009082113530458052
there:0.00946163902656853
atheists:0.04305849190111959
kids:0.04532333021499715
brothers:0.05283094362088596
post:0.05324902689548826
my:0.009796023312683519
corp:0.047713037576412855
to:0.0014208238763822997
remember:0.028686845737332288
might:0.021928712741014905
been:0.01512618955898391
ivan:0.0691505792432153
that:0.003576336344685328
memory:0.034862187898632116
higher:0.03826674137152466
really:0.020117481888566244
nt:0.007361634553839572
re:0.003855056729671861
stack:0.06270000295698423
this:0.005412190086303288
he:0.016393125850724076
on:0.00522689510555969
you:0.01145977297749942
dare:0.05186511388813005
contained:0.05292340413617215
communications:0.04349569996220304
more:0.02621482527465414
a:0.0014396949750993763
stronger:0.052469177437264626
was:0.009128465300014285
as:0.008248599589866169
also:0.015293784862675942
amusing:0.05753010851010018
california:0.041025455947659134
frank:0.08074586343403345
shell:0.04968267919252326
no:0.034816878438634326
it:0.0035345920591749688
should:0.016936207651891542
try:0.025117419302509204
ve:0.018815811330179736
keith:0.081246743693189
allen:0.04591782136808796
determine:0.044973829682258167
netcom.com:0.06637185927260081
be:0.005963518114819292
writes:0.0068171380517274465
never:0.02272102299857588
san:0.04162850962478911
please:0.019746550071188192
good:0.01670113248824226
in:0.005495248512200737
and:0.005904083729239018
pop:0.05442012588714636
subject:0.00027522635971152884
half:0.07797203058954671
i:0.0039360558194926785
than:0.014748466827004755
odwyer:0.05696507514417239
the:0.001554129917503202
do:0.007405339370170069
jose:0.04700924405961902
quote:0.041597504252995764
home:0.03019961909135411
named:0.048054812909576784
instead:0.031626126923553
forget:0.03957951892179891
mad:0.05420755591598413
is:0.00276982089578004
theist:0.06114512780508131
schneider:0.052380685234260586
life:0.02876679745658464
nothing:0.02633872166495782
atheist:0.047114441690281304
useful:0.07905746839336986
already:0.029956560013374756
by:0.010210674998115114
s:0.006396250318103282
