train:0.05094166019607929
likes:0.048524986338720114
another:0.040688171199790436
go:0.053544006930113595
at:0.008082247820682854
dan:0.0729138254933442
there:0.008419990693368325
all:0.02625874763246673
take:0.019502285599410123
saturn.wwc.edu:0.05370748950419045
your:0.011559011212672134
hell:0.09394626397656594
from:0.01553343586110414
to:0.0063220144958295
us:0.018897948497110056
heaven:0.03994644657214997
prayer:0.048720191829062176
guy:0.031067254559163943
r:0.028442383181001195
re:0.006861293628957258
apr:0.03419457134897247
these:0.015198495166045345
big:0.025465876640986766
you:0.020396293189310896
them:0.013448249280112302
intelligent:0.04677218600144755
a:0.0012811964457306378
those:0.017026749121904224
it:0.0031454626581648806
not:0.005531284482348302
have:0.0046903725976848885
date:0.03282384577782865
love:0.0300203434879032
be:0.005306984010435517
writes:0.012133254881056191
end:0.02480948075757348
of:0.005351575749515743
believing:0.0453011525145193
gmt:0.03887429666261501
alone:0.03522214069187609
please:0.03514523590651844
one:0.01804240197753436
in:0.004890267024619004
world:0.023130740263602543
better:0.020515741938544985
for:0.0059697039066435595
subject:0.000489852420037033
i:0.0017513642866549995
back:0.019324373578601263
tue:0.053051902678666184
20:0.02885167292115248
will:0.0311918902266959
the:0.00414909913755442
rational:0.046852311505748055
healy:0.05353914878246387
an:0.008237597601483824
people:0.01380984532177172
prepared:0.04368528474804193
dear:0.08818619816710833
is:0.002464886485235449
save:0.033234038829553156
light:0.032038666842259575
1993:0.02779500736706548
eternal:0.0423118512446463
tammy:0.05669301611368245
psuvm.psu.edu:0.09172318011123747
leave:0.032414514901784555
article:0.014868493216818367
letter:0.03744081669487024
god:0.07302325408555665
s:0.005692075971156132
