read:0.02361461522810335
go:0.020264919289522156
at:0.009176718879733656
there:0.009560197766428618
media:0.04116100198640897
saw:0.03538938107432765
ca:0.02142238120929501
from:0.017636921967295324
manufacturing:0.05784001001429835
to:0.0014356241250946154
death:0.03495225400037939
published:0.04270934598657865
consent:0.053568958715923085
really:0.020327038991572143
nt:0.007438318247108734
could:0.03143977406929286
re:0.007790427141211886
penalty:0.05047800134121789
political:0.07509949536419844
this:0.005468567066368947
apr:0.03882508621914582
you:0.005789572806340852
books:0.038028519927564175
great:0.02626302800763205
them:0.015269366370127508
reader:0.05366408875304052
m:0.014258486584542417
a:0.008728150786539969
was:0.009223553480222767
canadian:0.050548623080648926
ordering:0.061782056219717565
book:0.032392692819621594
it:0.014285642905832164
date:0.03726874156024294
mathew:0.16768011212633832
dig:0.06060154908110295
robert:0.03328554196830941
mantis.co.uk:0.05701721406306262
his:0.019212802515679757
be:0.006025638095181992
which:0.013457211797057476
thinking:0.036286734727590156
get:0.01369139557594919
if:0.00698073353920218
of:0.0020254227663097776
gives:0.03788046328954276
year:0.025778757460517207
edited:0.05784001001429835
up:0.01399437885783734
good:0.016875102618328114
called:0.02794015099850764
title:0.043762430537322074
chance:0.03744851591679796
recommend:0.0457060342412847
and:0.003977056400945728
subject:0.0002780933009585239
i:0.007954112801891455
tue:0.06023601449973556
20:0.03275867029589187
any:0.010659242357175075
psilink.com:0.06491856760288342
the:0.003140637541621054
see:0.018431101681366416
film:0.16216062663635966
claimed:0.04433178900125816
having:0.027259285337712096
introduction:0.0538569955006159
1993:0.031558914614688925
by:0.02063407239202429
s:0.012925755851167047
james:0.036037435079552364
