at:0.01874393643520066
there:0.019527212459088242
pass:0.08636755787641055
atheists:0.0888653981789064
your:0.02680706855704814
though:0.05288391918320595
from:0.018012175626173948
to:0.0029323386384911294
remember:0.0592047667344943
that:0.007380949477329294
nt:0.0151931606749455
me:0.023055078306479675
re:0.007956180910173841
93:0.07789394671924259
he:0.03383262143660075
apr:0.07930230376676593
on:0.021574843627203827
you:0.011825510412951528
posted:0.07262512605280629
a:0.002971285374141266
was:0.01883959859790182
amusing:0.11873235160595144
rely:0.10704076696060882
date:0.07612338701666645
doing:0.057036232024793944
robert:0.06798748997782347
what:0.05875162359552965
least:0.0512268592065209
gmt:0.09015528374946884
now:0.03514711484847328
and:0.00812334924448489
for:0.0069223162321717865
subject:0.0005680203594046446
i:0.00812334924448489
20:0.0669113265618217
psilink.com:0.1325996274441874
can:0.01839502111569603
sins:0.10941744758997056
koresh:0.08689784316263302
keep:0.05637052306650896
cook:0.11416518272431544
s:0.013200771933106772
