reached:0.0643233688453093
edm:0.1747223150608577
there:0.012572314870919827
happen:0.04632372912557966
own:0.031047816925315
o:0.04795861621643673
to:0.005663832164756839
12:0.09735300908526126
re:0.005122472640796856
happened:0.046195902722444254
this:0.007191540251663273
93:0.05015089720280002
apr:0.05105764763065752
fair:0.05784519913429976
on:0.013890652746281915
europe:0.05634247424037614
a:0.0019130193504745137
same:0.02660401850039195
million:0.05360974327576902
was:0.024259209153462618
said:0.03002061409127989
given:0.03818887067371618
desert:0.07723846278260364
no:0.015421174468253558
it:0.009393299444930739
not:0.008259041213369381
have:0.014006866113634324
be:0.015848253620204693
were:0.02125073010236026
if:0.009180142736485057
of:0.005327139330568182
together:0.048752962211646995
ed:0.10871697730600005
who:0.01771305307169655
laughter:0.0826909303116536
good:0.022191915772047932
and:0.002615050784183492
for:0.004456833738521561
subject:0.000365711738246826
victims:0.06869570774272235
the:0.0030976151095440533
thing:0.031012773083903513
got:0.030303477008638
would:0.03832806764812504
americans:0.058663270842541165
fight:0.05835074101012786
just:0.016087514568025835
introduced:0.07095426449875296
time:0.021637122875393336
their:0.020735392035365945
matter:0.04138223303973346
x:0.04171452040474113
first:0.025719929169740287
eventually:0.05804518268801418
various:0.04882984901856422
disease:0.06232596681913069
going:0.029833091562324415
s:0.008499127135013948
