edm:0.10122800793208422
at:0.0069917858131304045
out:0.009350611897463966
boy:0.03599073575491927
bright:0.04173121368135286
there:0.014567920405986466
birth:0.04103390133380259
know:0.00979265972744684
football:0.04406857905851303
ever:0.02097954013357032
where:0.01466235554153779
c:0.020524584884356822
o:0.027785547490475248
my:0.007541383026430962
young:0.0893822744541473
day:0.02018494472827676
that:0.011012845251888151
bit:0.021627652365521426
really:0.015487267803102585
finds:0.04173121368135286
nt:0.01700187027910568
sitting:0.03603012297192029
re:0.0029677817680807184
bobbe:0.04631561283562351
so:0.008109607915753334
baptism:0.047396026917564615
93:0.029055678538130167
apr:0.029581018071730147
on:0.02414327739234714
a:0.0022166732156291983
same:0.015413439289909622
beer:0.04231937219050938
was:0.0070274693182649645
said:0.017392895465582793
walked:0.04304968091051139
patrick:0.03639369071820041
andrew.cmu.edu:0.06467903820202
drinking:0.042767881795774
no:0.01786897993940492
christians:0.028547568547932303
it:0.0027210748392061264
not:0.004785000068063213
vice.ico.tek.com:0.045894106285512805
kind:0.021869259499706823
after:0.015311219743372628
robert:0.02536041292823574
be:0.004590962358233899
writes:0.005248114214425097
were:0.012311930932319833
if:0.010637308250212845
of:0.0046295377515652054
priests:0.046914879125370686
opinion:0.02626437749672769
what:0.014610192111057638
beauchaine:0.04617260882369748
never:0.01749158119731635
gmt:0.033629351874801865
ed:0.06298682018522225
they:0.007404124004029711
laughter:0.04790823740278344
in:0.004230469092725964
thoughts:0.03407955807639534
priest:0.045625046351578824
watching:0.033806381696343916
and:0.003030138210244364
for:0.0025821338326355078
subject:0.00021188061025411345
i:0.004545207315366545
later:0.02536041292823574
the:0.004187516722161405
do:0.005700935864337274
thing:0.017967717739086956
when:0.020756737187995807
around:0.018787257405981233
would:0.0074019813182886985
did:0.013046913043198136
forget:0.030469947106464237
praying:0.04723238178103497
about:0.007817588732713265
changed:0.029994565030424004
is:0.004264644871280379
their:0.012013362052235825
hear:0.02629906003380006
16:0.027674545570040805
under:0.03852894328739109
article:0.006431213335846039
little:0.018613799221416382
comes:0.024001399501948503
seem:0.021902480594410616
s:0.0049240974671112565
