some:0.00956997438633897
go:0.007973082999156259
sentence:0.02029816096024295
out:0.004828594668362541
say:0.007776823665030916
there:0.007522778570304488
british:0.03654594540763889
all:0.003910114060025784
jaeger:0.047541386349889206
case:0.01012955371847031
ec:0.025325978509800767
islamic:0.03758692647945289
supports:0.01771163723220814
buphy.bu.edu:0.023917078759379352
inevitable:0.02310822861938552
your:0.010327313296567726
way:0.007099888604698948
times:0.011518344842184535
several:0.01155103021339097
my:0.0038943207431569728
to:0.00451868577078961
require:0.01589967647091224
respect:0.01675146798743492
born:0.03522887670525796
us:0.02532634901047126
might:0.017435124064577427
she:0.04075994858481741
that:0.007108701340870426
think:0.01770182001059699
r:0.012705818716102992
nt:0.008779654324456211
could:0.01236974717480375
consider:0.013198213436767185
re:0.0030650860883456605
so:0.008375496699876394
this:0.004303134740749336
certain:0.013509487671149628
you:0.004555729421382966
gregg:0.022700964382446162
american:0.013225554169623836
children:0.04121774837727695
am:0.01339619964509316
state:0.010892267979264821
iran:0.04646486174283111
particularly:0.016463525799756486
more:0.010421467424760049
sure:0.008942803361308212
a:0.0011446755129888484
how:0.0053908319558570676
other:0.005652901589475044
same:0.007959398977576282
vote:0.018667349884534827
was:0.0036289390741860066
as:0.003279156394332043
said:0.00898157716665341
pointed:0.017728063549411168
international:0.016251494347300794
third:0.029940860628425294
daughter:0.022645952004035748
are:0.0026348827114804326
citizenship:0.0773084304225199
it:0.002810290407704688
not:0.002470942658098217
examples:0.01798270199657103
application:0.015124457818921841
have:0.008381157592584473
try:0.00998520357517784
only:0.005465312451923306
interesting:0.026787086573126333
rights:0.09964096695840018
whose:0.01533926823975807
has:0.008727659622020911
talk:0.014178662982118964
be:0.0023707428571207844
writes:0.0027100917664654198
making:0.012600849142919687
of:0.004781325874567343
germany:0.03446512896055153
but:0.008179711748980453
central:0.018772173006623556
fairly:0.016082813722327404
rushdie:0.02233053790101883
fact:0.009828963641921472
beyond:0.01600641064524019
they:0.00382344108404813
who:0.005299397025548559
now:0.006770140974910837
good:0.006639384636719259
in:0.005097368496973087
citizen:0.020001048246971825
compare:0.017662749646694724
or:0.0027635715479634644
world:0.02066598925190719
and:0.000782371751005717
for:0.006666984895739221
subject:0.00010941375775417335
i:0.005476602257040018
example:0.02304392740785168
we:0.0055235405971884016
any:0.00419380027167544
will:0.009289388072977741
the:0.0024713213442264033
do:0.011775703588631094
would:0.003822334615181869
her:0.04065256727372616
country:0.013814566016475953
propaganda:0.02082346913001343
once:0.010996029487397157
countries:0.051829663387258966
come:0.009840957682251674
an:0.007359820807883088
human:0.03941609472831856
german:0.01924428658076877
eg:0.020719707621881096
here:0.007378692236161459
people:0.018507456640243246
many:0.007595086178598744
about:0.00807390311739239
norman:0.022870575924097206
govt:0.020001048246971825
is:0.003303351969967179
right:0.007950301613894671
lack:0.01589967647091224
obtain:0.018772173006623556
applied:0.018143442624248416
does:0.004993806616137399
their:0.01240724277525995
almost:0.012385216927313805
article:0.0033210363947401684
purposes:0.018143442624248416
full:0.012662551163619891
give:0.009685394554737733
live:0.012691345385031388
citizens:0.01675146798743492
by:0.012177485346112698
secular:0.046339718528644325
s:0.005085543285705069
