edm:0.1045469590118247
since:0.03280035448202757
out:0.009657189336725082
say:0.015553647330061832
there:0.015045557140608975
posting:0.027042529155379025
50:0.028288387615806813
where:0.015143088510112802
much:0.014321285816065012
though:0.020373313127956393
into:0.014678720516249069
o:0.028696549047540015
my:0.015577282972627891
to:0.00451868577078961
1987:0.041717296814874336
then:0.013080986473572158
been:0.012026560550995404
me:0.0177637488590909
re:0.0030650860883456605
started:0.0268790563605648
so:0.01675099339975279
on:0.004155810042944999
brings:0.042533934855438604
posted:0.02797853216788439
more:0.020842934849520097
a:0.0011446755129888484
how:0.02156332782342827
as:0.006558312788664086
stuff:0.023962430759619853
athena.mit.edu:0.04005961758130961
hmm:0.040658184261759524
are:0.005269765422960865
no:0.009227424067069754
d:0.014933149363746193
it:0.008430871223114065
not:0.009883770632392867
deleted:0.05759638519669405
have:0.0041905787962922365
probably:0.019567407500239414
ve:0.029920224574220236
stay:0.03236637351029658
tom:0.031112526421924223
messages:0.03586098574906477
barely:0.04698546342907969
after:0.015813226948073373
be:0.004741485714241569
which:0.010589281414078016
writes:0.0054201835329308395
were:0.012715600798953272
if:0.005493036227568929
of:0.003187550583044896
reading:0.026937065953795004
never:0.018065075662802136
ed:0.06505196183063938
they:0.00764688216809626
find:0.017347924079290086
up:0.011011970248790038
laughter:0.04947899928484192
now:0.013540281949821674
in:0.002912781998270336
1990:0.03500775713396122
point:0.018045376731639844
or:0.005527143095926929
alt.atheism:0.09243291447754208
usenet:0.033477037939702886
for:0.0026667939582956887
subject:0.0002188275155083467
i:0.010953204514080037
top:0.02771829693579767
than:0.011726240018192306
the:0.0018534910081698024
around:0.058209699175909076
got:0.0181324083740211
would:0.007644669230363738
can:0.014173212990782186
people:0.024676608853657665
many:0.015190172357197489
collective:0.04878098446238038
is:0.0022022346466447863
switched:0.04466107580203766
done:0.021710356978858186
write:0.026673556762192734
right:0.015900603227789342
time:0.025893606063995305
keep:0.021716512984638697
engineering:0.03169466797723852
article:0.006642072789480337
understand:0.024558666089636506
s:0.005085543285705069
