edm:0.16352216665952066
there:0.01176639725098907
o:0.04488434594615232
post:0.033109971851681796
to:0.005300766000349349
remember:0.03567466713488759
that:0.004447495197877908
feds:0.06369106511948565
nt:0.00915485322721075
re:0.004794109009976545
he:0.02038632317333635
apr:0.04778472150048716
on:0.01300022628818692
bible:0.04614017310073457
m:0.035097813131181335
a:0.0017903899049312756
hearing:0.05813888083486959
running:0.03881359503136797
finished:0.0634007769560272
said:0.028096215752095283
also:0.019019193995891876
no:0.01443263764336551
it:0.008791164865127486
not:0.007729615494563652
mathew:0.13758368174468785
mantis.co.uk:0.07017503269300014
writing:0.051313573655738895
be:0.014832339926601828
get:0.016850948401168235
were:0.019888503813747425
if:0.008591672048248837
seems:0.030211372940783052
latest:0.0534147000032404
ed:0.10174794029920518
up:0.01722385090195365
laughter:0.07739022965065016
now:0.021178389716387747
office:0.04680433221854052
for:0.004171139268103512
subject:0.00034226867810279864
i:0.0024474193236589093
will:0.014529555703888261
the:0.004831750064032391
do:0.009209204088544828
would:0.011957046744927898
can:0.011084179390227093
once:0.03439783583237059
fri:0.07458652194597286
last:0.02795080194948074
koresh:0.1047230417600962
tax:0.056813517316230674
about:0.012628412568229122
is:0.003444520857572614
night:0.042920959571590055
himself:0.04798437757052524
1993:0.03884174106423253
16:0.04470503515160438
him:0.06144911034264892
give:0.030297900914820597
god:0.03401510553557981
s:0.01590862258605175
news:0.039344570720043825
