religions:0.0868035672781964
since:0.03637857497097602
there:0.016686890646857227
to:0.005011633309421203
cleveland.freenet.edu:0.07786215948191828
son:0.0775845690795403
re:0.006798918232330373
mean:0.048062219215088374
kmr4:0.1009571083885935
you:0.01010543617106767
bible:0.13087030915844716
m:0.024887540220292218
a:0.002539098410629809
other:0.025078327051489286
starts:0.08131749771624308
frank:0.07120317048273858
are:0.011689297847295008
d:0.033124440406855186
only:0.048492226846155874
keith:0.07164485580217576
his:0.03353507348191376
sun:0.06597258734725166
be:0.010517477402499477
which:0.023488951500318503
writes:0.024045905127911358
of:0.0035352833739225207
ryan:0.08081704910915054
must:0.04213564413599086
pope:0.09776713243393544
accept:0.06494749037568606
in:0.006461080068890563
atheism:0.08762217966681375
po.cwru.edu:0.17337914862862566
subject:0.00048539921621851447
i:0.003470885586279908
usenet.ins.cwru.edu:0.0946976620780254
will:0.02060555172551426
the:0.004111380054485744
when:0.047551797921590394
orbit:0.0822723710668512
does:0.022154342078864093
article:0.029466650193330945
earth:0.06400973022897725
john:0.048754152719669916
god:0.048239604214095
