some:0.00956997438633897
manager:0.032187691310767194
there:0.007522778570304488
know:0.010113730538182802
knows:0.02863902796017406
football:0.04551345050305445
fax:0.025070847048224505
from:0.013878233679183206
w:0.025363449631388146
software:0.02308021220066604
bruce:0.15103798162921586
bear:0.25851587098145906
that:0.005686961072696341
r:0.05082327486441197
re:0.0030650860883456605
anyone:0.013712415980667142
voice:0.02972536312652597
apr:0.03055088751670491
two:0.015285159284043537
you:0.004555729421382966
inc:0.030008323736101652
8:0.024200748216179232
a:0.0057233775649442415
was:0.007257878148372013
shit:0.07900360461761896
those:0.015212423395799674
it:0.005620580815409376
not:0.004941885316196434
should:0.013465673296995734
systems:0.024593582953136153
date:0.02932622286707642
university:0.019265082799988963
between:0.01903988398398693
always:0.043556657344241106
atlanta:0.03923651309157971
connection:0.03529316504510243
robert:0.02619190187670249
heard:0.022152847208359628
be:0.014224457142724705
writes:0.0054201835329308395
of:0.003187550583044896
park:0.036813461221680055
but:0.00545314116598697
saying:0.02472586212265934
gmt:0.034731953575615045
lines:0.028960509215528826
oh:0.026473083476569455
must:0.01899557727442211
ga:0.04518333657569428
pope:0.2644520795344155
david:0.020462665896266347
email:0.02249097261449132
in:0.002912781998270336
and:0.001564743502011434
subject:0.0002188275155083467
i:0.003129487004022868
tue:0.04739883108175914
20:0.025777314331193606
catholic:0.11448478516426913
psilink.com:0.05108346303177712
the:0.006178303360566007
because:0.014464936876184541
may:0.015254307601965828
thought:0.02200480659993207
paul:0.026844446648434897
is:0.011011173233223929
executive:0.04446114585839701
suite:0.04335429107311879
does:0.02996283969682439
1993:0.02483324428696834
woods:0.10130391403920307
instruments:0.043183519868997135
little:0.019224087720479215
jewish:0.03134841957397376
god:0.02174736255553463
