another:0.06522074501142879
simply:0.08996009823186439
at:0.02591073566042444
your:0.03705683006415478
themselves:0.09518971224478875
often:0.0913917761258443
t:0.0757727369117777
me:0.03187025530601602
had:0.04512966134359221
utter:0.16627781354395904
am:0.048068716373569575
test:0.21034705023409828
adam:0.13660598150750608
no:0.03311016871125029
laughed:0.1617439700196279
have:0.015036782739636849
of:0.00571884075193349
department:0.10200222302038048
ignore:0.13237547501635946
beyond:0.11486953521878254
who:0.038030966889230834
good:0.047647348569397036
one:0.02892090905222419
fear:0.1266401804559558
subject:0.0007852046144711264
i:0.016844003580476025
the:0.002216920617614862
because:0.051903597026309235
thought:0.07895842368210919
understand:0.08812227243928393
john:0.07886701175240722
