all:0.011778615193164088
chris:0.04736724991258395
my:0.011731040263337052
to:0.0017014804445565812
then:0.019702226540442014
direct:0.04930587188363177
that:0.008565546307024118
nt:0.017631569178331814
eve:0.07273897140666179
could:0.01863097722624762
me:0.013377638029685735
re:0.004616549417014451
happened:0.04163334442886951
he:0.03926254833383297
two:0.02302209176115199
these:0.020452295964184474
utter:0.06979562543820503
you:0.006861715918626195
a:0.0034481583354231977
beings:0.06262241701302923
was:0.01093161893952328
seth:0.07694052456638034
adam:0.17202234708352618
sig:0.05826094349528116
sons:0.06942707033759168
are:0.015874355101264826
it:0.00423278308320953
hundred:0.05680683194396778
have:0.006311735964785838
only:0.016463410349003536
genesis:0.06789253062552282
able:0.03256129908778604
after:0.0238174529341352
free:0.03564824437191031
be:0.007141497001697176
writes:0.00816373322243904
were:0.057455677684159226
of:0.007201503169101431
department:0.042815747934480695
what:0.011363482753044829
humans:0.055683723571057574
years:0.02752809164173325
saying:0.03724142196252394
they:0.011517526228490662
who:0.015963615731282077
in:0.002193576566598648
and:0.014140644981140364
still:0.02520628496579688
subject:0.0003295920603952876
physical:0.052680880239194025
agency:0.054012842733159275
the:0.0009305592715914234
because:0.021786695048080416
did:0.020295198067197102
moral:0.04955746648038056
human:0.039578300879463894
e:0.03840604563029416
is:0.0033169460109958504
days:0.0367685509203725
their:0.037374904162511456
wives:0.07480136751361446
article:0.010004109633538283
eight:0.06051182691249047
s:0.0076597071710619545
