some:0.04025989224597773
sentence:0.04269613167499379
mark:0.02589331003700164
know:0.010636854531537085
gap.caltech.edu:0.0455064845780448
ah:0.040580189357506645
atheists:0.036005807882832766
such:0.016577734512653437
to:0.002376205448432467
social:0.03742967406876126
that:0.0059811142316289105
complaining:0.048479247390904534
cco.caltech.edu:0.038799708194450194
assertion:0.04372772222461524
happens:0.03220756478257568
re:0.0032236250239497458
behavior:0.03662404330102753
so:0.017617424092843448
political:0.031075653254151077
this:0.004525710675615681
jon:0.10731124819961206
laws:0.06399782608686021
m:0.011800126828586829
why:0.0153424360358104
a:0.0036116486013268835
was:0.007633285638805048
as:0.0068975358639398136
modified:0.04256746227657417
allan:0.04250384066193949
hey:0.03322533608302732
it:0.002955650256379069
have:0.0176293314878501
only:0.011496002054045574
warned:0.04913763513904742
keith:0.06793908739861494
writes:0.017101613560799027
of:0.0016762119445322297
but:0.005735200191813882
languages:0.10000084714976694
english:0.03808750331930716
well:0.01450748198408056
groups:0.03172228964212407
must:0.15982485706755153
they:0.024127231668303717
fido.asd.sgi.com:0.052430174886443706
one:0.008476818170479504
in:0.012253772544447619
system:0.019269158010711423
solntze.wpd.sgi.com:0.08914261324239874
word:0.02645583203589154
subject:0.000230146180103606
i:0.004937035532208489
we:0.011618481945810086
back:0.018158247586789116
containing:0.0414884696649017
livesey:0.17671039762848062
the:0.0032489353878838493
do:0.006192395852642213
just:0.010124039340223155
about:0.016983037591756407
is:0.01158071667632172
schneider:0.04380109023899376
article:0.020956884835774164
live:0.026695588568514297
by:0.00853823685187212
