some:0.006379982924225979
reference:0.020391437502832538
at:0.01444204938449887
infinite:0.0565057001973675
say:0.041476392880164886
there:0.005015185713536325
true:0.014116288481736867
take:0.02323223093263064
thanks:0.010892823196263186
ever:0.01444492927229432
enter:0.02588609250612269
own:0.012385194729770465
with:0.006391556030486856
further:0.019387073229952933
much:0.009547523877376674
into:0.009785813677499379
from:0.004626077893061069
reach:0.07144759785295703
wrote:0.014074180189578477
iastate.edu:0.05252620546565468
to:0.00451868577078961
look:0.01295720395779186
hole:0.07650738803192138
heaven:0.02379323866865763
ai:0.026517310468537142
die:0.020588821701816116
that:0.003791307381797561
indeed:0.02015432955467003
nt:0.00780413717729441
re:0.004086781451127547
wait:0.020062294016995177
excessive:0.031889438345839134
so:0.005583664466584263
math:0.05333612865859153
this:0.002868756493832891
saints:0.0321959381636044
particle:0.06969797267454979
infinity:0.034205363191611604
holes:0.026192592323887955
fun:0.02249318390674227
more:0.006947644949840032
a:0.004578702051955394
was:0.0048385854322480085
as:0.004372208525776057
let:0.012596381107938934
travel:0.027954713572725096
are:0.0035131769486405765
those:0.010141615597199782
caused:0.021761279666968128
d:0.009955432909164128
it:0.00936763469234896
not:0.0032945902107976224
cry:0.03150580851702357
frame:0.02640691316079113
laugh:0.02771811900576704
only:0.014574166538462148
towards:0.02278566740628164
has:0.00581843974801394
of:0.0021250337220299308
even:0.009175734687246043
gives:0.019871718446973254
but:0.007270854887982626
years:0.012184565152898326
distance:0.025787630727419533
approaches:0.02998028183514449
they:0.005097921445397506
who:0.007065862700731411
universe:0.02421559754462291
good:0.008852512848959012
rest:0.017850441712966167
in:0.001941854665513557
rather:0.014062752201709635
better:0.01221975885957051
and:0.003129487004022868
for:0.0017778626388637922
subject:0.0001458850103388978
space:0.0167077199864104
i:0.0020863246693485784
faster:0.021313120368275037
we:0.007364720796251202
walker:0.05325996833819707
gravity:0.02957532023867606
will:0.012385850763970321
event:0.045385146974830294
than:0.007817493345461536
2000:0.023637418065881557
the:0.008649624704792412
do:0.003925234529543698
see:0.009668774652520088
can:0.004724404330260729
peter:0.04023926864290663
forget:0.02097930784379505
drop:0.023659407958229784
curve:0.031323642286053124
an:0.004906547205255392
observer:0.030810971492514026
object:0.023114602711109086
time:0.025893606063995305
does:0.006658408821516531
nothing:0.013960961756835567
predict:0.029910669672426293
article:0.004428048526320224
very:0.009525915255647253
takes:0.019540436360544648
warren:0.030571612898752317
by:0.0054122157093834215
sinners:0.06504131261650717
says:0.013994681663538623
black:0.07714868538238115
s:0.016951810952350228
