out:0.006889924556026081
say:0.01109675423548271
played:0.023720485503826463
sacred:0.03297314493058518
gap.caltech.edu:0.030869895971071325
document:0.026636452466821624
absence:0.03215961976998449
where:0.010803840925343635
atheists:0.02442499248192164
from:0.004950714938188161
clause:0.03530080650731411
unusual:0.029326237808296674
both:0.013132772411159285
to:0.003223857684422996
prime:0.029373209572608163
next:0.01566304107455658
that:0.008114728080338638
quite:0.01553332971993802
cco.caltech.edu:0.026320269886293695
bit:0.015936164900910522
like:0.006810754757360662
re:0.004373573131908427
political:0.02108056010223114
this:0.003070072739014146
jon:0.04853062296746589
on:0.008894891670864736
society:0.04346469261294558
went:0.019078720849333822
great:0.014744156074460097
apparently:0.022155912609658844
bill:0.018102420325682555
a:0.004900014476654018
was:0.01035627057428521
as:0.00935806035341542
belief:0.024090732751863464
widely:0.02874764162201069
also:0.008675421822687523
allan:0.028833014718040822
role:0.025811431424366035
furthermore:0.02874764162201069
model:0.02139737726072251
book:0.01818537140750686
it:0.004010005026198502
try:0.014247892820721593
keith:0.04608733414175049
rights:0.02031110771750179
binding:0.03517227488907566
strongly:0.027292109180977797
heard:0.01580495531824488
constitution:0.05292374746990428
writes:0.01160109457925548
get:0.007686397516322352
were:0.00907194910802514
of:0.010233715029775717
america:0.023027710844833113
but:0.003890545159359124
english:0.02583713675461772
fact:0.014024953968589703
using:0.01289134841312819
well:0.009841332807914296
they:0.005455670318758735
good:0.009473741820815784
fido.asd.sgi.com:0.035566668344020294
rest:0.01910310428931467
in:0.006234375505069841
according:0.020114188330913555
u.s:0.041260145040920446
solntze.wpd.sgi.com:0.06047101249191961
rather:0.015049612005338381
douglas:0.026376500638922006
and:0.004465466836149588
for:0.001902624929310374
subject:0.0001561225549240836
each:0.014888943844214124
i:0.002232733418074794
example:0.016440696747122247
held:0.023774550171335534
graham:0.028498754987982645
livesey:0.11987372002867691
than:0.008366089369704451
the:0.00705265974258763
wrong:0.015458608519472868
do:0.004200689584248518
invented:0.0326340381607001
original:0.018047766159494032
would:0.00545409149768641
law:0.017583866229496876
chinese:0.03231352215780539
btw:0.02194029544118909
jerry:0.028539507440123537
is:0.0015711849525769817
right:0.011344290022165493
spent:0.02539089001155734
time:0.01847380081758729
figure:0.02159355341564183
study:0.043337699981693546
lot:0.014494464258861934
schneider:0.02971302027908349
goes:0.01884811225725542
cruel:0.07034454977815131
successful:0.02803066897819588
significant:0.02434460697955535
article:0.014216366321343876
by:0.005792020320568222
s:0.0072565646883744825
