believe:0.016459635457048035
at:0.003336988683539512
out:0.004462792041971439
say:0.021563011071222084
there:0.006952871102857178
all:0.0036138932979026183
true:0.00978515451574942
faith:0.12767134501209518
knowledge:0.014002921003227788
take:0.016104160078300785
inevitable:0.04271521047825808
your:0.009544941077130777
with:0.002215255215111922
wrote:0.009755965813230535
posters:0.02068588548426951
both:0.008506454857228174
single:0.012316010115577179
to:0.008874767318766713
require:0.014695155526146163
everyone:0.011581487717852664
day:0.028901170860941728
enough:0.009212683814156804
speak:0.013581184903933312
nyc:0.02246620226171548
make:0.0066669715278397865
that:0.010512261376802327
think:0.00545359101336574
nt:0.008114528996845892
me:0.004104502577289942
re:0.001416441298402161
so:0.0038704946870640913
this:0.001988569842315981
he:0.012046463693335115
overwhelming:0.021904005272631113
posts:0.015238702546093453
merely:0.01545851901416991
something:0.030161535108538223
on:0.0019204879743912498
you:0.016842393618446118
assume:0.01314957786094385
bill:0.01172543134731711
ray:0.032861885352944466
more:0.0048159811584118405
a:0.0005289788355478769
render:0.02083066280555814
christian:0.01214334231529006
as:0.0060614709107349885
said:0.008301154654028153
stuff:0.011073547548006143
dogma:0.13572498617302595
mind:0.011475968950795975
are:0.009741081539412508
no:0.029849318762415034
christians:0.013624975897876783
reason:0.020244029727337333
it:0.007792168857726636
not:0.011418750162423578
deleted:0.013308255670448245
admit:0.015530671267846782
have:0.0038731107056640367
proof:0.015860259817049926
only:0.010102547259615808
interesting:0.024757761832737975
expect:0.013091746527115106
exists:0.014134973723554373
his:0.006986473642065366
sun:0.01374428903067743
writes:0.002504781784157433
kill:0.013994818585618888
whatever:0.012518790071035466
of:0.0036825868478359593
even:0.006360452453659188
but:0.005040024410987957
lately:0.019917170166100232
fact:0.009084345184200149
necessarily:0.014724481185818948
up:0.005088865039213578
good:0.006136400952119315
in:0.003365145869213835
or:0.005108420134114283
and:0.0065079104742748264
for:0.004929528225940515
subject:0.00010112483671219052
forced:0.017196195054780143
i:0.0014462023276166282
will:0.004292823276148805
exist:0.013774713923470096
than:0.0054189442508312926
the:0.0022841000302698576
do:0.008162703623937463
thing:0.008575501648200593
interest:0.04150892041668052
engr.latech.edu:0.022245486700639815
serve:0.015860259817049926
agree:0.0114263453748653
put:0.009422194316465073
come:0.009095430585111397
jim:0.025654020810218708
just:0.008896883056559743
many:0.014039401724076465
religion:0.026905539870929644
about:0.0037311218951586044
different:0.009572791280345636
is:0.008141594754262543
either:0.009483192072399085
morning:0.016250533399997786
else:0.009570273580825973
halat:0.09616049759173564
applied:0.016768939395138686
does:0.018461951732386746
existence:0.03082233982558049
every:0.018425367628313608
show:0.022803550528294185
position:0.02608214361524403
article:0.0030694427284719736
very:0.006603191256755482
takes:0.0270901504089369
give:0.008951652543015177
understand:0.01134908054142293
todd:0.019278447770510108
sometimes:0.013274645167870644
god:0.0401996701784125
dangerous:0.015927067171163965
s:0.002350137427484918
