some:0.007119127287398501
say:0.011570396184558192
k:0.023101591806412577
case:0.015070799434797291
discussing:0.02967296743963694
atheists:0.05093504529766586
hand:0.01925146009422362
someone:0.013435720211359877
led:0.12852071002531695
from:0.005162025941647413
subsequent:0.03377460554461502
to:0.003361461366075197
indicates:0.029974675105877
that:0.0148069047441545
indeed:0.022489282368930583
me:0.006607248051247224
re:0.0022801250169400644
discuss:0.027271112038983962
jon:0.05060205199656504
these:0.010101438860359406
on:0.006183034454137682
you:0.006778036456203926
d012s658.uucp:0.03377460554461502
sure:0.013305146464385388
a:0.0034061076240155977
factor:0.02759134395534644
other:0.008410414559950676
was:0.005399153256715766
genocide:0.027472940992803143
belief:0.02511899573517471
also:0.018091428435116665
frank:0.04775822410427588
are:0.01568076540490794
beside:0.03680754824847996
caused:0.04856480706164838
care:0.01930498134923108
not:0.01102884162029204
have:0.006234763574971377
area:0.0195638234430448
whether:0.06969411182638596
tendency:0.035583946446881475
worship:0.06217278383119248
be:0.010581608362270817
writes:0.008064175500214175
if:0.008172566094675723
what:0.01122490369508087
but:0.0040566050137220136
seems:0.014368823715738282
they:0.017065602887336773
fido.asd.sgi.com:0.03708475784650897
one:0.017987394654432116
in:0.0054170640821491
atheism:0.05877097416676533
point:0.013423999763780859
or:0.012334965689690584
solntze.wpd.sgi.com:0.06305209229340399
rather:0.03138394698674224
and:0.009312132060750973
subject:0.0001627863225123067
horus.ap.mchp.sni.de:0.03536615326028343
cause:0.03845733089441545
i:0.002328033015187743
person:0.017104844140694214
we:0.016435901289194758
concrete:0.0660034585814356
livesey:0.12499028124941312
than:0.01744635710023733
odwyer:0.03369275785966294
the:0.0018384219755830562
would:0.011373776172004586
may:0.022695433261461354
an:0.010949977299533375
about:0.006006196221474826
is:0.008191238624715363
critical:0.029800447225120565
their:0.009229778162083622
easily:0.11277179171937156
supernatural:0.03768011436824017
atheist:0.02786646856071516
show:0.018354077254480686
article:0.009882108296543915
behaviour:0.03225136287146642
by:0.006039240700104672
