some:0.012622020271711937
go:0.02103170001939597
say:0.030770999582716924
there:0.009921934979212406
proven:0.025639102565928835
all:0.010314246817797744
your:0.006810444444223041
with:0.00948368719118185
much:0.009444307403026656
miller:0.05147779500039536
hell:0.03690141539980428
sue:0.029940731401712776
wrote:0.013922026890231682
to:0.0044698351138081
heaven:0.04707202893366861
enough:0.013146748794256195
ai:0.026230636841850258
beach:0.028705410320906902
die:0.020366239845580267
like:0.012590692578472144
tie:0.02864759794730286
nt:0.011579652190093598
surrounded:0.03135161694425126
me:0.005857236110294837
re:0.0020213000150171383
wait:0.019845404351946584
so:0.011046601052809947
expression:0.029656170680169954
balance:0.02710695494712828
mean:0.014288767874756003
saints:0.03184787396724111
big:0.030008438420189812
you:0.012017275446675068
m:0.00739899844387066
fun:0.022250014350993705
more:0.006872535274706626
a:0.004529202570312633
how:0.0071100702552925645
coleman:0.03398785049206281
ice:0.02528818610052713
are:0.003475196657303922
those:0.030095929528987462
d:0.009847806607443435
it:0.0037065451863780756
not:0.00651794603865908
couple:0.017059415106240643
have:0.0027635168278251506
cry:0.0311652051817044
laugh:0.027418463665164153
only:0.014416607981289586
ve:0.009865587562310455
has:0.00575553769668406
decided:0.020170989529828945
yourself:0.018952836061484284
be:0.00938045281844548
which:0.006983201797391988
writes:0.007148782605595269
things:0.012079599611568917
of:0.00525515096123618
even:0.009076537555492032
believing:0.026690949319365425
what:0.01492608815670213
but:0.0035961255256778935
wear:0.05298873491796464
well:0.009096583298126189
they:0.005042808781122939
who:0.00698947499585864
up:0.007261947947850728
good:0.008756810007348645
one:0.010630388192168893
code:0.017516283839630793
in:0.0038417232842051998
rather:0.01391072244817764
better:0.012087653358385964
and:0.0030956547120874855
for:0.005275927506682281
subject:0.0001443078750919908
i:0.008255079232233295
draft:0.05338189863873085
walker:0.026342092448351527
will:0.018377924511945153
yet:0.02843317559660718
than:0.007732979903888979
the:0.0016297362378141686
do:0.007765599123313478
got:0.01195758822503013
peter:0.019902124761221388
sony:0.027464467393098796
pair:0.027604875427711013
forget:0.02075250451575402
an:0.004853503451685064
here:0.009731896787153492
prepared:0.07721669250059303
is:0.0014522844696792643
new:0.018637833133876184
does:0.006586426023446082
eternal:0.049859370655853476
dead:0.018547470998979115
dave:0.018952836061484284
loaded:0.025226760378092992
psuvm.psu.edu:0.027021153059796986
article:0.008760355462882173
by:0.005353705269281979
sinners:0.06433816329092332
black:0.019078661385102367
cbnewsj.cb.att.com:0.0606377718694462
god:0.014341503955541757
dean:0.026936691881942493
s:0.010061128878746243
