feeling:0.026954548460429148
dan:0.02452965116905715
there:0.005665302380105848
all:0.005889307596582044
means:0.01749750136073304
faith:0.02311744518737526
atheists:0.025781936508695064
with:0.010830136607213839
way:0.010693659379916934
much:0.010785165861481058
miller:0.029393185416892405
someone:0.013601593300389011
often:0.019180990051103124
harm:0.029707793093386406
my:0.005865520131668526
to:0.0017014804445565812
lies:0.027841861785528787
fantasy:0.03569541599984329
besides:0.02500053576627709
important:0.03879468262929904
that:0.014989706037292208
think:0.008887333503262686
really:0.012045652735746456
nt:0.01322367688374886
believed:0.02698043042499727
re:0.0023082747085072255
hypocrisy:0.03648935043084387
beaten:0.03602325442770717
this:0.0032406323356260433
mean:0.016317420103888026
extremely:0.02727253324098537
on:0.0031296841064153698
santa:0.03252092237047932
more:0.007848265591485961
a:0.004310197919278997
theism:0.03830564347404103
noted:0.027550636104818352
as:0.009877952595271832
said:0.013527807584342173
belief:0.10171642717453462
amusing:0.03444704028073899
andrew.cmu.edu:0.05030591860157111
no:0.0069490477542130235
causes:0.026340440119597013
reason:0.016495135333385973
it:0.014814740791233355
not:0.007443333439209443
should:0.010140815692799256
admit:0.02530924206612068
have:0.003155867982392919
after:0.0119087264670676
free:0.017824122185955155
be:0.003570748500848588
which:0.007974644027885912
writes:0.00816373322243904
if:0.004136730986193884
of:0.002400501056367144
trying:0.016644001376965405
believing:0.03048040508692965
what:0.011363482753044829
but:0.004106686557101297
years:0.013764045820866625
who:0.007981807865641039
over:0.012382350324193566
one:0.00606982041836804
in:0.007677517983095267
atheism:0.029748270874535535
force:0.022061753819844265
and:0.004713548327046788
still:0.01260314248289844
for:0.006024978942816185
subject:0.0001647960301976438
however:0.014796906816030327
i:0.004713548327046788
person:0.017316015056011425
than:0.00883087211246581
the:0.0023263981789785585
do:0.0044340612278178804
agree:0.01862071098126197
extra:0.0239794796882176
an:0.005542581102232942
people:0.009291809506624182
many:0.011439512515914156
religion:0.0438460649748483
e:0.01920302281514708
head:0.02131394898429434
interested:0.017759729724783454
is:0.009950838032987552
deal:0.020347623405929067
itself:0.020759603954286294
else:0.015596001390975658
lack:0.023947660857423374
does:0.007521535890972378
leaves:0.030761037025675068
article:0.005002054816769142
takes:0.0220734558887634
ann:0.034897812719102514
bad:0.016917290412014716
comes:0.01866775516818217
especially:0.019291948811711982
god:0.049132930218059714
psychological:0.06773322933125236
s:0.0076597071710619545
