edm:0.07165578089574501
some:0.013118391855430945
at:0.009898483286004843
out:0.013237944933488312
boy:0.050953176462020536
bright:0.05908014521180293
surely:0.0504102710994272
birth:0.05809293896695648
know:0.013863765456834851
ever:0.02970137142505461
way:0.019464863140972396
further:0.03986330787731895
c:0.029057277476729884
wrote:0.02893904465947035
young:0.12654119754182652
that:0.011693414340487982
really:0.021925794867313775
finds:0.05908014521180293
nt:0.01604670902747053
re:0.004201578682900792
bobbe:0.0655704181717816
bil:0.06286073214013116
this:0.005898679082824932
baptism:0.0670999931641926
93:0.04113500557083597
apr:0.04187874468582021
on:0.02848364186737584
bill:0.034781054783053
as:0.008990046744011443
said:0.024623649760263284
patrick:0.05152365202801406
andrew.cmu.edu:0.09156807655566877
no:0.012648828496432694
christians:0.04041565884314011
it:0.0038523081993255275
not:0.006774269759280504
statement:0.03902471258081804
vice.ico.tek.com:0.06497367856151251
conner:0.05954837775562954
okcforum.osrhe.edu:0.06302240334745812
robert:0.03590350594334498
writes:0.007429914505815307
if:0.0075297799973416775
of:0.0021847256805139176
what:0.020684092202171486
beauchaine:0.06536796305377397
gmt:0.04761009366544983
ed:0.044586176086168564
in:0.003992802289763831
thoughts:0.04824746424298666
priest:0.06459276225054979
subject:0.0002999658077754865
cause:0.03543259700384344
i:0.0021449292948920776
later:0.03590350594334498
the:0.005081480966218335
do:0.008070987852881985
when:0.014692971267907145
intended:0.045714032100860946
praying:0.0668683157798922
is:0.006037587121138515
does:0.013690885554354215
hear:0.03723237712650346
16:0.03917969372837238
under:0.027273296933771226
atheist:0.05134944768491333
article:0.009104863823782033
little:0.02635212024605016
comes:0.03397950940725294
s:0.013942388333843108
