some:0.011335309467314116
believe:0.042187803501560005
there:0.01782095117625529
posting:0.03203095686365282
anyway:0.029597221569364406
means:0.027520341946007307
with:0.011355871393971791
someone:0.021392797229738057
wrote:0.05001116455714293
both:0.021802952255419783
to:0.001338057436981389
kent:0.044673333858848446
lunatic:0.06050662611530881
cases:0.03572607377171254
that:0.006736012144358773
sandvik:0.09706627798179499
think:0.013978136189597623
nt:0.006932801473033383
could:0.014651545197340361
me:0.010520278450529559
re:0.0036304903182346653
bobbe:0.056657934148432634
so:0.01984098247349359
anyone:0.016241890773217388
bil:0.05431655495603566
this:0.010193833754784835
lord:0.041355379550867315
bill:0.030053532773705992
m:0.013289463224427884
a:0.0027116584967891164
christians:0.034922268320771555
reason:0.025943805087461434
it:0.003328693492621087
absurd:0.05038000050838358
statement:0.06744076543092827
vice.ico.tek.com:0.11228460955290512
properly:0.041803554713616464
conner:0.05145442349758281
okcforum.osrhe.edu:0.05445625143615314
connection:0.041803554713616464
robert:0.031023417756870904
somewhat:0.041765406382161224
be:0.005616128710072537
which:0.012542644005024443
newton.apple.com:0.048923100561046366
if:0.006506314754984556
of:0.0018877726753955208
but:0.0064590604101981575
beauchaine:0.05648299720180469
who:0.012553911400328624
accept:0.034680698744298376
notion:0.048012238859904084
clear:0.032016997496957404
one:0.00954670784248177
in:0.005175136948383218
fellow:0.046724878457559196
or:0.006546713181583352
thoughts:0.04168955648180401
and:0.0018533855072368438
subject:0.0002591937562331873
i:0.00926692753618422
similar:0.030725808620065055
than:0.013889332837082146
the:0.0014635980776486464
wrong:0.025664291813882138
do:0.013947920755465953
original:0.029962796245373586
less:0.026688015112585214
can:0.008393844586773915
liar:0.056311156647441574
because:0.017133226202859356
did:0.015960301392650148
may:0.0180682090042702
here:0.01747962044294559
is:0.007825416317203803
attributed:0.052205750328800475
article:0.007867309517636902
neither:0.0363376839854463
lewis:0.04830646555403349
understand:0.02908890546539469
by:0.009615878396283166
s:0.006023653212194352
