some:0.005808641169817682
since:0.009954336434844186
simply:0.030434262088391933
cite:0.02605935431110916
choice:0.018767973505067377
out:0.011723155214730944
say:0.00944052226003753
form:0.01698199464916366
all:0.004746606122618364
case:0.012296572673167938
ordinary:0.02536402126446658
take:0.021151732640156254
your:0.012536639026679229
with:0.005819177878502959
way:0.008618770246500216
much:0.008692521739104135
kids:0.021872452889824492
wrote:0.01281380584424309
to:0.0027426848957031458
kent:0.022892305410255675
social:0.0648036148056165
important:0.015633678074493645
that:0.001725893658877994
sources:0.019149945150320716
sandvik:0.049740431005596435
think:0.007162925510092314
quite:0.013214922299051747
indeed:0.018349464221415996
nt:0.0035526296105593954
re:0.0018604005113341817
so:0.010167269625720598
bil:0.02783385651975957
this:0.00783555878166297
weak:0.02327519616217671
overwhelming:0.02876943976106773
something:0.009903787647579715
on:0.0025224319663646262
western:0.020350884396494528
you:0.00829550730460779
american:0.01605490157904585
independent:0.02066040272734812
bill:0.015400566545729936
more:0.0063254677901528646
amateur:0.023628607968727715
a:0.004863447204440182
factor:0.0225123403416757
other:0.006862228795183636
want:0.009415910287125281
was:0.0044052792741362465
as:0.011942002391298782
accepted:0.020954669754724712
also:0.007380582744674459
are:0.009595692262704859
culture:0.02353787370231089
pressure:0.021893943741289747
christians:0.035790981463079304
early:0.017426572630812345
reason:0.013294586686609591
it:0.008528742033332636
not:0.005999104562944924
should:0.016346389474959994
hurt:0.022439709498784394
conner:0.026367192140552383
okcforum.osrhe.edu:0.027905442278227728
status:0.021893943741289747
anybody:0.015122363905038284
get:0.006539174006423494
newton.apple.com:0.02507004655615809
if:0.016670408451826102
of:0.0077389287787358665
proposition:0.030873205188033073
but:0.0132394671094609
seems:0.01172381636507999
fact:0.011931677256859896
gift:0.027424711752411454
they:0.009282782333410384
up:0.0066838824395641025
good:0.008059750504276115
in:0.0035359144655619994
our:0.011093410064579071
fear:0.0214217220671766
point:0.010952915230149556
promise:0.02479247760278289
or:0.013419133486628564
world:0.025087071529678377
thoughts:0.02136330506281499
and:0.0018994896243322878
for:0.0032373021185280993
subject:0.0001328206810548174
however:0.011925865195009518
passive:0.030495165849834454
i:0.0009497448121661439
example:0.013986861411730868
improve:0.023598178978591216
lives:0.0193654619399667
the:0.004125016472576907
do:0.007147441979169121
around:0.01177708673210764
would:0.004640047990569035
major:0.01630063668018802
just:0.005842729171472069
long:0.011842344503027786
people:0.014977842189782263
religion:0.03533861953196729
is:0.008020078414646683
involved:0.01791481162719337
today:0.014125006297504242
new:0.017154224526204447
average:0.019301099795535258
christianity:0.038275107601015046
does:0.006062133404664305
life:0.01388248434471995
their:0.01506152854310163
too:0.019428038486213897
very:0.02601854465348429
little:0.011668351750738628
majority:0.02051138619857523
slaves:0.030495165849834454
rapidly:0.02820255289863381
s:0.00308674766595034
