divine:0.02673770656610753
out:0.006168466487332251
confusing:0.027320039734223884
there:0.004805125578937945
know:0.006460079191928282
all:0.004995119532179535
estimates:0.03045941733919311
increases:0.027529491747908173
i.e:0.018086591607201063
way:0.009070014762023787
much:0.009147627589319012
such:0.010068152897737166
simpler:0.03137671623461243
wrote:0.013484685731376237
post:0.013521349761419794
often:0.016268693132349247
to:0.0036078512044262585
scientific:0.022108374538240223
next:0.014022932061514008
tough:0.025095520394091603
that:0.0036325091668531605
considering:0.020970523326466456
nt:0.007477262321700927
its:0.010826306576095132
me:0.0056732391644217
performed:0.02597014910960556
re:0.0019578036794668614
so:0.005349793703585969
bil:0.029291126494616095
this:0.005497198307554126
you:0.005819884705850491
evolution:0.028213367048521076
apparently:0.01983592176047991
independent:0.021742099205219752
bill:0.01620687893032313
m:0.007166569173382577
more:0.013313288228489277
sure:0.022848628483342445
a:0.0014623079851794714
how:0.013773434525959418
same:0.010168028013238808
as:0.008378158745727941
running:0.01585057807563718
odd:0.025442375815773282
primitive:0.02959919193976234
evidence:0.016846638924152234
cited:0.0271682725254634
science:0.017704880765273903
explanation:0.024146553851656788
probability:0.02976030010032126
complex:0.023539229695306623
no:0.005893956733939843
it:0.014360436847747517
not:0.003156596903539083
due:0.01735676693664127
being:0.05093727565249079
interesting:0.017110076240426243
conner:0.027747673404455653
okcforum.osrhe.edu:0.02936646019855379
robert:0.016729905910773318
has:0.005574735465374613
explained:0.024801858265028547
pitch:0.05226251454032896
component:0.055607339365107616
without:0.011765499920431912
be:0.003028592969306133
which:0.013527668403324795
phenomenon:0.029071418645930065
thrown:0.025699615022986084
things:0.011700135749425392
end:0.014158290065840363
of:0.008144108295947168
even:0.017582821442576186
exclusive:0.02976030010032126
kept:0.02090982001347735
what:0.004819068602076603
but:0.003483158231677541
nature:0.019960288702930734
again:0.012784655173340409
seems:0.01233762874021507
necessarily:0.020352162476734045
one:0.005148224648039909
in:0.002790780658028646
fully:0.02197724348103558
and:0.01099416638586044
subject:0.00013977464341370836
i:0.0009994696714418583
away:0.014497296263474716
any:0.005357524954391662
will:0.005933535837189971
yet:0.013769993417205046
the:0.004340985921402923
do:0.007521653601115149
law:0.015742623692376785
because:0.009239383763845622
americans:0.022421040688510502
complexity:0.03137671623461243
maybe:0.013863419279279185
william:0.02131758785021475
an:0.0047010373746687786
here:0.009426182751954953
religion:0.01859440451812939
is:0.011253303744111577
weight:0.02327192513614283
scientists:0.026213709400887724
argument:0.01842273005308755
simultaneously:0.02892990727217132
detail:0.025197185765071194
else:0.01322802212218878
partition:0.031842409878677855
theist:0.031052761241324014
too:0.010222606638034013
atheist:0.023927229549514588
falls:0.025891416767382835
very:0.009126924040751033
condemned:0.05843372277989234
thus:0.017441649596211025
quantity:0.03036674939626431
everything:0.016176243371325935
s:0.019490144948356596
