out:0.05747205361368097
islamic:0.11184402513398176
wrote:0.0628189018217771
to:0.003361461366075197
re:0.018241000135520515
bil:0.13645378440174816
kmr4:0.13543026735055225
you:0.040668218737223545
bill:0.1510006768630106
m:0.06677144937151572
sure:0.05322058585754155
how:0.03208202432266157
idea:0.06761893403075016
mind:0.073894043975857
no:0.02745721307762219
have:0.012469527149942754
keith:0.09610895290535773
conner:0.12926355171343976
okcforum.osrhe.edu:0.13680472921765302
ryan:0.10841311465861658
what:0.02244980739016174
but:0.016226420054888054
women:0.09217841936179086
authority:0.103170056003243
over:0.04892538420778922
po.cwru.edu:0.11629089237285868
subject:0.0006511452900492268
i:0.013968198091126456
would:0.022747552344009173
refer:0.10931239601979531
cop:0.13289393287435597
right:0.047313990092446336
explaining:0.13610781769462726
