some:0.0065591959277154725
read:0.012735972257853492
believe:0.012206021799608655
at:0.004949241643002421
contributions:0.03151120167372906
out:0.006618972466744156
say:0.010660365023974962
all:0.0053599316328443326
own:0.012733093458134804
your:0.014156541822261377
whom:0.02364219550197631
with:0.006571094121230869
though:0.013963731469722919
surprised:0.024722936471905835
wrote:0.014469522329735175
posters:0.030680189707006467
im:0.033209408819082624
name:0.01551816014511377
my:0.032029694202144986
to:0.005419884337435852
important:0.017653760072883273
most:0.020860623190640876
cases:0.020672952800485346
us:0.011572339248230314
been:0.00824292352371595
make:0.009888092603088223
that:0.0038978047801626605
considering:0.022502078400871307
think:0.008088472064767163
like:0.013085832174254755
through:0.013311591539465319
nt:0.008023354513735264
could:0.008478141322056501
bobby:0.08794597060511396
anything:0.01304068061977193
re:0.002100789341450396
exactly:0.01806956546782027
anyone:0.009398397469895455
bil:0.03143036607006558
wade:0.032296381125274894
this:0.002949339541412466
getting:0.015237087484408348
posts:0.022601221753756583
something:0.011183490545862488
you:0.009367398697899806
am:0.01836332985057714
bill:0.069562109566106
m:0.007689970292786921
sure:0.012258674270557322
a:0.0007845528796889859
how:0.007389679759714181
as:0.004495023372005721
also:0.008334253548761609
nyx.cs.du.edu:0.026412566550665015
mind:0.017020538219158072
no:0.006324414248216347
those:0.020852984879635505
it:0.0038523081993255275
not:0.006774269759280504
have:0.01148877782354276
being:0.010931482752388472
only:0.007491776619490373
conner:0.05954837775562954
okcforum.osrhe.edu:0.03151120167372906
command:0.023125014915358625
love:0.018383244045963195
netcom.com:0.018084467273714263
his:0.010361960907332901
environment:0.02358232306111121
be:0.00324978234346894
writes:0.0037149572529076537
if:0.0075297799973416775
of:0.004369451361027835
what:0.010342046101085743
but:0.011212638577254104
oh:0.01814447294461502
well:0.009454314101985084
find:0.01189015021164826
who:0.007264341990077799
up:0.007547530170519015
one:0.01104843716601823
in:0.002994601717322873
point:0.01236817955764079
or:0.003788266616309468
p.s:0.025476588231010268
and:0.0032173939423381166
for:0.001827802600629629
subject:0.00014998290388774325
i:0.012869575769352467
we:0.007571594975921179
hostile:0.03202227907937922
circular:0.032683981526886986
the:0.0012703702415545837
do:0.008070987852881985
start:0.01582900049372198
would:0.015718814260186113
agree:0.01694693920766539
btw:0.02107747483395132
many:0.010411241727966817
is:0.006037587121138515
patient:0.028263573298587724
new:0.00968539081395251
insist:0.029714738825396023
appropriate:0.022719144652025316
mozumder:0.033668274161859406
very:0.009793497144850827
offensive:0.02817295879336366
comes:0.01698975470362647
before:0.011944911613610361
close:0.019521984360508653
respond:0.022719144652025316
wish:0.02098919952122909
check:0.018591638003301623
s:0.006971194166921554
