since:0.011839181203572078
click:0.06708536251627686
sentence:0.0293062205579839
at:0.005212810724582432
know:0.007301036246498827
all:0.011290743557944275
nowhere:0.03053827914435984
atheists:0.02471404564738817
with:0.0034605170224233568
into:0.010596472798712345
kids:0.026013982431093038
post:0.03056305094001397
my:0.016867708781011265
corp:0.027385589614864186
to:0.0032620098463688302
remember:0.016465230985332733
then:0.009443078992756232
might:0.012586302579162401
calls:0.023717690328156377
honest:0.05550069595293791
that:0.010263450456641326
guy:0.02003746004111757
like:0.006891355405376764
nt:0.008450633748194538
believed:0.02586289780384354
bobby:0.030876494610868412
me:0.012823534679343725
re:0.004425331393824504
stack:0.03598757566170101
this:0.0031064049607776273
weak:0.027682333897026738
something:0.01177906104830487
on:0.006000104440701656
you:0.013155005666478623
am:0.009670629329593878
contained:0.030376155036737858
names:0.024241995337164965
communications:0.024964987552270383
3:0.013854828074778815
bill:0.018316650152021996
why:0.010530902841147967
more:0.007523189501897786
a:0.0016526676045519467
below:0.021963750964721255
was:0.005239414994682755
swear:0.03453116696620451
failed:0.02507277122026648
shit:0.028516093974406843
coming:0.020571774880411803
said:0.012967484193274747
possibilities:0.032855863676761195
also:0.008778089536565482
amusing:0.033020239795737975
california:0.023547155188893113
chip:0.0191266530047531
mind:0.017926957414261164
frank:0.0463452588940902
shell:0.028516093974406843
are:0.0038042093585871333
reasonable:0.02212016076985827
it:0.002028730353490958
not:0.007135029687289525
signs:0.029720821520212992
have:0.0030251515570867034
try:0.0288330138738863
keith:0.0233163731900572
attack:0.023365074368379778
exists:0.022080669011942926
allen:0.02635519924677238
determine:0.025813381533603796
netcom.com:0.03809509082510224
be:0.01369139070147861
writes:0.003912795213121671
recognize:0.026491860281060244
of:0.0011505360092647257
what:0.005446402976311427
but:0.003936587113907753
ok:0.01931271710361498
huge:0.025431496793144798
san:0.023893286589376
please:0.01133381867991275
must:0.013712783594553237
they:0.005520234464542862
one:0.005818407738317293
in:0.003154077548422908
atheism:0.028516093974406843
ended:0.02939587620899338
and:0.00451831259752414
pop:0.031235220183746727
subject:0.0001579701591243686
i:0.007907047045667246
exist:0.021517896306485828
odwyer:0.03269593070405161
the:0.0013380230946551236
do:0.00850080377404138
thing:0.013396049911981992
jose:0.026981637122976593
see:0.010469738233202226
strong:0.021364807017576985
home:0.01733350918261153
did:0.009727284280727605
claim:0.019320941093491042
maybe:0.015668124747587716
afterwards:0.03318931300546611
just:0.006949044754236011
newsgroup:0.022746531601031655
makes:0.03305299268937247
here:0.010653259796588143
people:0.00890694165723738
warning:0.025385448624848615
theist:0.035095132527176845
does:0.007209992984245711
schneider:0.030064653655167316
2:0.011529050604114844
mozumder:0.0354612591763963
first:0.011109791889887817
guess:0.017728741200802683
nice:0.018696683176063655
atheist:0.027042016828149624
shoulder:0.03269593070405161
three:0.017269159801612265
by:0.005860564939746545
seem:0.01632966008814046
god:0.03139855895591982
include:0.019890670255885215
