know:0.013863765456834851
anyway:0.03425296428814083
ca:0.023107287596542934
into:0.02012139216834142
wrote:0.02893904465947035
smiley:0.07002452235816638
my:0.010676564734048329
to:0.001548538382124529
kent:0.206802399436467
that:0.0038978047801626605
problems:0.030821047594289584
sandvik:0.280837826745081
nt:0.02407006354120579
re:0.004201578682900792
bobbe:0.0655704181717816
avoid:0.04344662351936066
mean:0.02970137142505461
on:0.017090185120425504
you:0.018734797395799613
more:0.01428560703169355
hard:0.03038464497275853
sorry:0.03570131106447893
was:0.009949001506757142
as:0.008990046744011443
private:0.039884057569376984
christians:0.04041565884314011
it:0.0038523081993255275
not:0.006774269759280504
vice.ico.tek.com:0.12994735712302502
keith:0.04427491088898502
robert:0.03590350594334498
writes:0.007429914505815307
get:0.014768246913383397
newton.apple.com:0.16985660756588009
cheers:0.04892317613892524
but:0.00747509238483607
beauchaine:0.06536796305377397
ignore:0.050570406186024965
smoking:0.06733654832371881
fire:0.04041565884314011
alink:0.05979002051092126
comment:0.04415277974025576
in:0.003992802289763831
thoughts:0.04824746424298666
subject:0.0002999658077754865
passive:0.06887110489681714
i:0.006434787884676233
any:0.011497609733582104
physical:0.04794552021769344
ksand:0.06122080053762465
em:0.05343262996953538
the:0.0025407404831091674
see:0.019880738892260406
did:0.036941821200965515
just:0.026390754235188447
today:0.03190029512132981
unlike:0.05182013242321849
right:0.021796332514497748
christianity:0.08644153514386543
guess:0.03366468834759161
activities:0.04748684612196024
article:0.018209727647564067
by:0.011128488481091754
s:0.006971194166921554
