some:0.00956997438633897
okay:0.03529316504510243
cite:0.04293385423387657
believe:0.017808785904347053
at:0.007221024692249435
folks:0.030354228281104737
dan:0.03257215974907589
true:0.021174432722605302
your:0.020654626593135453
from:0.006939116839591603
wrote:0.021111270284367715
to:0.002259342885394805
look:0.019435805936687794
that:0.01706088321808902
nt:0.029265514414854036
assertion:0.04157717850865056
account:0.033399831202682466
re:0.0030650860883456605
so:0.008375496699876394
bil:0.045857419348128474
fallacy:0.0482939072454066
this:0.012909404222248008
mean:0.021667393908441482
you:0.013667188264148897
great:0.04133197850381438
reader:0.042227479674523685
support:0.02245046155355333
bill:0.025373064554850142
why:0.014587890001262349
a:0.004578702051955394
hard:0.02216584756209434
christian:0.026277396485545706
basis:0.06110177503340982
was:0.014515756296744026
whole:0.049047794672578526
logic:0.03403886023112272
it:0.01967203285393282
admit:0.03360735421894714
conner:0.043441029674188766
okcforum.osrhe.edu:0.04597535981904732
yourself:0.028739956322742562
be:0.004741485714241569
writes:0.0054201835329308395
things:0.01831742564049385
if:0.005493036227568929
of:0.009562651749134687
in:0.002912781998270336
st:0.031448747892781154
thoughts:0.035196920636277156
and:0.001564743502011434
for:0.0026667939582956887
subject:0.0002188275155083467
i:0.001564743502011434
face:0.02942025894217672
silly:0.0383001344875646
the:0.0024713213442264033
can:0.007086606495391093
because:0.028929873752369082
koresh:0.033477037939702886
just:0.028878407298341457
here:0.029514768944645838
many:0.030380344714394977
e:0.025499095869293664
is:0.013213407879868716
argument:0.05768428590392987
does:0.019975226464549595
words:0.02711359943858504
article:0.006642072789480337
very:0.014288872883470879
aware:0.03358112468836787
s:0.010171086571410137
james:0.02835732596423793
