above:0.012546801982159194
know:0.005686060486904617
posting:0.015203633903024151
jaeger:0.05345667405240998
principles:0.023259492428222544
true:0.05952259889764624
islamic:0.04226364083403918
buphy.bu.edu:0.026892936485200747
your:0.011612278545449424
with:0.0026950570358965312
ca:0.009477182470471525
fred:0.02135306105843139
from:0.007802509257420973
wrote:0.011869009099967102
practicing:0.027063633589718483
to:0.002540459281273421
kent:0.04240878698121097
basic:0.01760208668
that:0.00639455530754796
sandvik:0.06910940068289091
view:0.04707855418596265
think:0.0066347835369979504
really:0.008992607111478921
nt:0.006581369140298972
could:0.006954420070626992
re:0.003446456246803415
anyone:0.0077092845605594065
islam:0.04317092261111985
this:0.007257821728637129
he:0.007327802799632421
something:0.009173554456974759
two:0.008593499689646596
on:0.0023364461992594005
you:0.010245142661911923
gregg:0.025525508337865727
tell:0.011106106237891487
am:0.00753150394793256
knowing:0.019788130495971487
m:0.006307901899152406
more:0.005859073851708414
sure:0.010055502397047021
a:0.0038613017304508623
how:0.012123161264784556
member:0.018391234667034833
other:0.006356258008441985
same:0.008949738942528167
false:0.01929543129816212
was:0.004080466055766754
as:0.007374324057299709
private:0.016357977528454155
said:0.010099100592919042
also:0.006836392311887403
answered:0.022393980556740536
muslim:0.039053440886866686
are:0.005925450521670281
innocent:0.020421448620580613
square:0.023375187917305845
early:0.016141664049738623
it:0.00473993681668164
not:0.008335161408884307
ken:0.01901415991297148
have:0.0023559936089753587
only:0.006145328286955238
ve:0.008410754373398315
able:0.012154217631846402
real:0.011786146792618652
evil:0.01924734430603042
believer:0.080932484183734
be:0.013328600394872612
which:0.011906841774355003
writes:0.0030472921245048956
newton.apple.com:0.04644312772154632
of:0.0044801978240953605
cheers:0.02006526578969745
but:0.0030658213006931347
reading:0.015144341227479218
rushdie:0.02510899192556956
seems:0.010859387508668562
necessarily:0.017913654530212913
alink:0.02452217431093084
who:0.023835076022743748
good:0.007465483185988476
one:0.009062773343554124
rice:0.02483296362335265
jyusenkyou.cs.jhu.edu:0.027817686233874254
in:0.0032752018782394557
point:0.010145327010415026
or:0.0031074260723644486
hussein:0.028360465200032704
and:0.00439858772454827
still:0.009408797613961047
known:0.015008888238093815
subject:0.0001230274511152917
i:0.00439858772454827
group:0.024858211380706405
person:0.012927163313704382
we:0.006210801408820138
back:0.009706712995702938
assumption:0.02185822108155223
yet:0.012120132454774947
ksand:0.02510899192556956
the:0.0027788129400518084
do:0.0033102208244539014
see:0.008153851435074544
benefit:0.02087508950912095
would:0.008595849272851392
nobody:0.01847138094681303
law:0.01385641071540998
claim:0.015047184538248784
may:0.017152309008662034
an:0.008275558880753334
problem:0.009749148811269974
many:0.008540096901281536
about:0.004539245070607703
is:0.009904981636522172
argument:0.016215398341657705
define:0.019699335938985877
bu.edu:0.024423067374428706
atheist:0.021060372552798554
activities:0.01947617191177171
words:0.015243590467775918
supposed:0.01681426272542102
article:0.007468505809369594
neither:0.01724784078571875
already:0.013390720374642172
arromdee:0.0544817951133337
by:0.009128437555918582
god:0.012226627796199192
defined:0.020142072483177686
