ask:0.05499174687464844
at:0.016621981367064737
help:0.040379107925316925
all:0.03600255964702986
times:0.05302785172628352
to:0.005200751547512569
t:0.048608925566046075
been:0.02768378089097055
that:0.006545370291216543
liberty:0.09402430185206341
re:0.007055481184493784
so:0.019279445233677736
you:0.020973546770140447
a:0.002634913444993198
swear:0.1101088154205389
california:0.0750843250362818
ve:0.034436484887310076
states:0.06514829689539024
has:0.02009008441295379
heard:0.05099334640414858
without:0.04240019782646217
of:0.003668690293693182
what:0.01736683213201191
court:0.0754087099521379
they:0.017602257066183843
in:0.013409788822225696
thomas:0.13901905713317358
priest:0.10846709132639494
and:0.003601862400856508
green:0.15880418110761443
subject:0.0005037161677739301
i:0.003601862400856508
hostile:0.10754652219112265
mention:0.07122027951465892
any:0.01930730691110957
actually:0.04611913447360537
the:0.0028443509810907657
nations:0.08926627573895263
god:0.1501798999118052
include:0.06342496741970946
james:0.130550708212718
