at:0.016621981367064737
there:0.017316584633531085
all:0.01800127982351493
happen:0.031902190812899196
guilty:0.04435317779262616
islamic:0.04326042481597407
take:0.020054237078638713
times:0.02651392586314176
from:0.007986530702171467
often:0.02931434328564817
to:0.006500939434390712
q:0.040044136259647714
crime:0.03784167853997657
t:0.024304462783023038
been:0.013841890445485274
male:0.045341016982145314
that:0.0032726851456082715
liberty:0.047012150926031705
re:0.003527740592246892
this:0.004952664512937915
kmr4:0.05238340529596832
two:0.017592353138238787
m:0.01291334634071766
a:0.005269826889986396
how:0.012409084879520041
woman:0.04131385469335304
witnesses:0.09921005516698983
act:0.035204085500173156
quran:0.05347842577948486
are:0.012130403426438216
it:0.006468970372452301
not:0.005687830269584574
have:0.004823118991958989
only:0.0251610610994205
proved:0.04970178701903444
keith:0.0371742176332044
moslem:0.05347842577948486
has:0.010045042206476895
be:0.0054571816711082195
if:0.018966521314058755
ryan:0.04193337453776679
seen:0.024457215949267478
least:0.0227137960632687
women:0.03565391692295684
authority:0.03990539902012229
witness:0.04753848450743185
over:0.018923969363390167
one:0.00927651799788323
in:0.001676223602778212
thomas:0.06950952856658679
po.cwru.edu:0.04498043950270948
or:0.012722857692511044
rape:0.09652287893978664
men:0.033128288232333415
priest:0.05423354566319747
and:0.005402793601284762
green:0.07940209055380722
subject:0.00025185808388696507
however:0.022614140605631255
hostile:0.053773261095561325
the:0.004266526471636149
can:0.008156282947525597
an:0.008470737156242799
actual:0.03832412157291229
many:0.017483028562057485
five:0.037462100123071856
is:0.005069294846993659
presumably:0.046513636950801705
does:0.022990354987500475
verdict:0.056740179302188096
commit:0.04922761876638454
nations:0.044633137869476314
four:0.0661895500193014
s:0.005853172460905833
james:0.065275354106359
