cite:0.07591203212366582
read:0.032855116839100314
at:0.012767608876151174
all:0.027654140018733078
tried:0.04489658047879233
with:0.008475759083906484
times:0.04073153828250763
arguments:0.06028290775626597
post:0.03742866383233595
trick:0.07199859535246204
to:0.005992170261264482
receive:0.06206404016674646
t:0.03733729065218032
been:0.02126435343799187
that:0.005027603267166331
liberty:0.07222156519071538
nt:0.0103489645177165
this:0.007608441135817667
you:0.024165173452553125
bible:0.05215845654865647
want:0.027428956053799733
as:0.011595857394449542
logic:0.18055395426943358
are:0.009317556255090224
those:0.02689732832300812
fools:0.08193399507963199
made:0.033704051477072484
has:0.01543151411429784
if:0.00971232492410738
of:0.008453938502858202
please:0.027759642853699345
who:0.018739896728026787
in:0.0025750681433984127
thomas:0.106782754029829
priest:0.08331530203331786
and:0.00276664793109268
green:0.1219800231696169
subject:0.00038691241872490284
i:0.00276664793109268
example:0.04074433541678123
hostile:0.08260819820477537
will:0.01642471514352586
the:0.002184791333301603
do:0.010410404621833284
see:0.0256432719045098
can:0.01252994191938715
simple:0.047814326912409284
an:0.026026033001789472
jesus:0.10067244694761757
him:0.03473210584584504
e-mail:0.03985066342974299
answer:0.044003928146795025
nations:0.06856684948064477
james:0.10027808022136311
