above:0.019039552658241574
feeling:0.03053592203209456
means:0.019822344198872396
inevitable:0.03942942505685361
your:0.00881071484042841
way:0.012114495241584219
ca:0.014381458713932316
wrote:0.018011013809040986
both:0.015704224351805858
my:0.0066448549743377714
to:0.004818878182135772
kent:0.06435459283162784
cases:0.02573276642298176
direct:0.027928500857162055
that:0.007277719414709304
sandvik:0.1048723073299813
nt:0.004993556305751318
acknowledge:0.03997179033199959
me:0.007577543219612201
re:0.0026149685508962974
practice:0.028716979755537348
bil:0.03912311301029142
had:0.010730129270504441
he:0.011119812640001645
on:0.0035455162604146146
you:0.007773412439282823
bill:0.02164695017966236
a:0.001953152623561392
how:0.009198342637965904
hard:0.03782144618986726
same:0.013581072381318967
christian:0.022418478120535493
as:0.005595203917601528
truth:0.025140262433654574
private:0.02482294492080106
given:0.019495017896372594
question:0.015265636946483249
morality:0.03022125513747403
evidence:0.045002909573609466
are:0.013487651362263472
early:0.02449469299855441
it:0.007192771253286125
not:0.012648461718376885
statement:0.024288107830019622
have:0.0035751791129206493
only:0.009325428239645361
conner:0.037061577763993214
okcforum.osrhe.edu:0.0392237335519145
mother:0.029787441214960377
free:0.06057708659002942
newton.apple.com:0.07047663437465422
if:0.004686366571772093
of:0.004079173123756755
cheers:0.03044869004450592
even:0.011742373760601579
freedom:0.05577662210235812
believing:0.03453024911945877
ignore:0.06294777832945765
consequences:0.0361557452311827
well:0.011768307064009404
alink:0.037211970807496456
who:0.009042327791845092
accept:0.07493941197194545
in:0.004970061591454279
and:0.002669911989446083
for:0.002275166873511007
known:0.02277572550815635
subject:0.0001866920062378902
outside:0.025208222220150525
i:0.004004867984169124
we:0.028274347672321048
preferred:0.03571260107780795
gravity:0.03784813708865538
agency:0.030594687142558752
ksand:0.038102456278661496
the:0.005271000069853518
her:0.023121739894613483
agree:0.021094791461289786
moral:0.05614202496378777
an:0.006279007961970187
about:0.006888225037215885
is:0.0056364886760279145
itself:0.04703574602229902
provided:0.02823752051471709
life:0.01951314233069028
told:0.021679858508595315
nothing:0.01786612588462174
atheist:0.031958747160540465
activities:0.029554750383597634
position:0.024075824875609872
article:0.00566666349871749
says:0.017909277933059915
god:0.03710738785699615
