above:0.019039552658241574
out:0.00823900069287035
benedikt:0.0392237335519145
case:0.0172839937573899
means:0.059467032596617196
ever:0.018485468928880144
atheists:0.08762252547710352
your:0.00881071484042841
wrote:0.018011013809040986
to:0.0038551025457086176
kent:0.06435459283162784
then:0.011160002445984637
death:0.023464450238016937
that:0.002425906471569768
sandvik:0.1048723073299813
control:0.021326113775811353
like:0.008144329115445267
suppose:0.026952020878539647
population:0.055188063424955136
me:0.007577543219612201
re:0.005229937101792595
penalty:0.033887329571726695
bil:0.03912311301029142
political:0.025208222220150525
this:0.011013617588211589
something:0.013920708511633026
on:0.0035455162604146146
defend:0.03167758338097375
biological:0.039859899833073434
bill:0.04329390035932472
m:0.009572130853958546
why:0.012445612448629415
a:0.000976576311780696
how:0.009198342637965904
sorry:0.022219697096074298
basis:0.026064393545720273
was:0.006192035902806892
as:0.005595203917601528
private:0.02482294492080106
abortion:0.03912311301029142
homosexuality:0.033519191575325145
logic:0.029040146490887916
are:0.004495883787421158
it:0.0023975904177620418
not:0.004216153906125629
being:0.01360702048898705
only:0.009325428239645361
conner:0.037061577763993214
okcforum.osrhe.edu:0.0392237335519145
argue:0.029787441214960377
growth:0.0380166514353621
punishment:0.13267787341809326
war:0.049466085532489754
heard:0.018899631884055065
which:0.009034212115507118
newton.apple.com:0.07047663437465422
if:0.004686366571772093
of:0.00815834624751351
cheers:0.03044869004450592
controlling:0.04147606571393627
what:0.019309974188740517
but:0.004652330225527345
killing:0.028300997564724904
excellent:0.027238219673709
please:0.013394512985351431
alink:0.037211970807496456
in:0.0024850307957271396
according:0.024052630801302224
or:0.00943092947836483
and:0.005339823978892166
for:0.004550333747022014
subject:0.0001866920062378902
values:0.02986675783456831
i:0.004004867984169124
condemn:0.03864064537751554
exist:0.025430241089483253
ksand:0.038102456278661496
the:0.0031626000419121107
would:0.006522025497233399
can:0.012091832062065922
an:0.012558015923940374
just:0.008212507436824378
here:0.012590216123240532
statements:0.029478876145667108
questioned:0.042059153888335234
is:0.007515318234703886
capital:0.10713780323342387
object:0.029580225847083655
insist:0.036987576999444
atheist:0.031958747160540465
activities:0.029554750383597634
article:0.00566666349871749
understand:0.020952148691857717
stands:0.03343010747897948
secular:0.039534585038423824
check:0.023142038913200623
