some:0.006450479973112454
believe:0.03601113613807194
there:0.010141204260520965
posting:0.018227561088156024
anyway:0.01684261779914107
means:0.015660747074247253
tune:0.032551694386406656
your:0.006960951503763881
with:0.006462180959000523
someone:0.012173801738469723
wrote:0.04268908797833471
both:0.012407204874631149
to:0.003045744000200731
kent:0.07626552575902856
lunatic:0.03443194745788292
cases:0.020330307173957965
might:0.011751851579438928
appreciate:0.021211123400080075
that:0.0057498004215659135
sandvik:0.13809152806802324
think:0.023863226975611412
nt:0.003945185368632257
could:0.008337619642685399
me:0.005986677792290302
need:0.010614375643631139
re:0.002065969628608677
bobbe:0.03224180783032354
so:0.011290724832982543
anyone:0.00924262292619553
bil:0.030909420776086594
this:0.005800910921231149
on:0.0028011537306038116
you:0.006141425297333943
books:0.020169822724011938
lord:0.02353372427480295
bill:0.034204573212063175
m:0.007562512221635757
a:0.003086196963196453
theism:0.03428460907621352
private:0.019611497920853874
related:0.04258717111194662
belief:0.02275975304181576
fine:0.0178958926956937
christians:0.019872893022317515
reason:0.014763601790102363
it:0.0018942288935910052
not:0.003330994522519143
absurd:0.028669282057256957
statement:0.038377894140252
vice.ico.tek.com:0.06389676676215043
couple:0.017436418754997338
have:0.002824589022915209
systems:0.01657689016730724
properly:0.023788763179571803
conner:0.02928069403453607
okcforum.osrhe.edu:0.03098891656311477
hope:0.01595835103668533
connection:0.023788763179571803
robert:0.017654210104738693
somewhat:0.023767054460566886
without:0.012415527540345276
be:0.003195918547720836
which:0.0071375266989918106
newton.apple.com:0.08352065233902392
if:0.0037024885069801617
of:0.005371286894081178
cheers:0.02405614738322843
but:0.003675597912985692
reading:0.018156475394270667
beauchaine:0.0321422580761651
instance:0.023617435904751023
understanding:0.044355301490727354
fact:0.013250094633308503
alink:0.02939951284791156
who:0.007143938531678719
accept:0.03947085050456059
notion:0.027321881782155364
clear:0.018219617360147034
one:0.005432656949036588
in:0.005889934869430623
atheism:0.026625524208147826
fellow:0.026589295475848606
or:0.0037254776668678743
thoughts:0.023723891257601177
and:0.0021093779806120984
for:0.0017975075299009613
subject:0.000147496999403416
values:0.023596388786426895
i:0.008437511922448394
similar:0.017484852419153044
directly:0.020069062571803204
ksand:0.030103045568224275
than:0.007903874487400337
the:0.0020821906353288757
wrong:0.014604541750441218
do:0.007937214573552448
original:0.0170506520070358
less:0.015187102522631366
would:0.0051527604757147846
can:0.004776607693026041
liar:0.032044470357383885
because:0.009749846955218308
did:0.009082381455485997
reasoning:0.026482013233544176
may:0.010281908991380281
here:0.009946966329411028
about:0.005442078344319732
imply:0.026482013233544176
is:0.004453137462276197
lack:0.042867636009973335
does:0.006731982399654835
attributed:0.029708244662245576
issues:0.021023367307176216
automatically:0.026039788329270494
activities:0.023349885662179343
article:0.008953954478636474
neither:0.02067835055525397
lewis:0.027489314652295302
understand:0.01655335504384339
by:0.005472019197884895
god:0.014658443269476379
s:0.0034278247561105985
