muslims:0.029622515258836187
know:0.016562082223601365
true:0.03467490996185029
islamic:0.03077587268787417
atheists:0.02803136721079598
your:0.025367762862709982
with:0.0078500319032154
ca:0.013802339571089403
fred:0.031098082212614845
wrote:0.017285738085186988
to:0.0018499317585111822
kent:0.06176313271760256
that:0.006984656887942486
sandvik:0.10064926139723036
nt:0.009584947002985752
could:0.010128249364604412
re:0.002509667803880339
so:0.013715578488388188
anyone:0.01122761576940531
this:0.010570116208820516
something:0.040080429204634685
on:0.0034027437935522814
you:0.014920778239160317
them:0.01967596203398981
why:0.011944446846671184
a:0.003749004364688309
beings:0.03404305891312327
as:0.005369893692731667
private:0.02382336324613793
belief:0.027647753695091627
muslim:0.028438243867282116
it:0.0023010431526172613
not:0.016185503585931942
have:0.0034312121687761934
being:0.026118173556042255
yoyo.cc.monash.edu.au:0.039941477210808096
only:0.008949907639391184
between:0.03117940732948195
real:0.05149517826842109
open:0.022180943481566195
believer:0.11786811454946493
be:0.011646870949076602
claims:0.02521023943361561
considered:0.023106328571894038
newton.apple.com:0.0676386490978225
cheers:0.02922256829774729
totally:0.027647753695091627
women:0.02536453150223775
well:0.011294415504384864
darice:0.041137774065884064
necessarily:0.026089013644672497
they:0.006261205533609018
alink:0.03571350218437579
who:0.026034621628869426
authority:0.028389075812972904
over:0.013462689614223877
rest:0.021923696868945023
rice:0.036166128229983385
in:0.0011924812207683925
door:0.028389075812972904
hussein:0.041303496298034204
and:0.0076871962649152316
still:0.027405491036638217
for:0.002183549415517275
known:0.021858582199103072
subject:0.00017917420732898185
person:0.03765361663186377
assumption:0.031833785065079424
ksand:0.03656812918019191
the:0.003541121523438504
do:0.009641851260489888
judge:0.029278264960933168
rule:0.026501325961450887
because:0.011843773818083986
may:0.012490104211005576
human:0.02151572061232601
problem:0.014198424778829424
about:0.013221693695595591
is:0.01262220394788354
argument:0.023615714363353836
et:0.03053554079058081
their:0.01015895046027996
leaves:0.033444885893686986
activities:0.028364626207076922
article:0.005438475706822825
by:0.006647217951793061
apply:0.026842657620736062
god:0.053419695941783044
