some:0.005613158053525741
say:0.009122812376286267
k:0.018214716616594535
case:0.011882745708205557
discussing:0.02339599355817528
atheists:0.04016032417700578
hand:0.01517903584352247
someone:0.010593548628187597
such:0.009245275016672109
led:0.10133363675073069
from:0.008140117831059382
subsequent:0.026629977448638764
to:0.0033129787502183435
indicates:0.02363387844886456
relevant:0.021615350345209446
that:0.016678106992042155
indeed:0.01773193417550296
me:0.005209560963483388
re:0.0017977908787412046
discuss:0.02150222295381428
jon:0.03989777176652244
merely:0.019620427979523347
these:0.007964596024514147
on:0.004875084858070096
you:0.005344221052006941
d012s658.uucp:0.05325995489727753
m:0.013161679924193
sure:0.010490596250765403
a:0.002685584857396914
factor:0.021754713503253927
other:0.006631288403038033
was:0.004257024683179738
genocide:0.02166135732124863
belief:0.03961072404392935
also:0.014264395496918908
frank:0.09413880712862073
are:0.012363680415408184
beside:0.029021336118993817
causes:0.02051515047776306
caused:0.038291482490915074
care:0.015221235294586044
it:0.0016483434122114037
not:0.017391634862768218
have:0.0049158712802658934
area:0.015425322330093015
whether:0.054951126632342785
arguing:0.02455241324099297
tendency:0.028056573160041166
worship:0.049020848789978685
be:0.008343191208713529
which:0.006211020829411143
writes:0.009537438331984073
if:0.006443754036186628
of:0.0018696210150551795
what:0.00885040483650607
but:0.0031984770300500496
seems:0.011329264852793645
they:0.013455571507323226
fido.asd.sgi.com:0.05847981045026414
one:0.014182368862148402
in:0.00597960535221843
atheism:0.09267730541682224
point:0.010584307506057985
or:0.00972564602456373
solntze.wpd.sgi.com:0.04971414969287622
rather:0.024745035124162148
and:0.007342257970976728
subject:0.0001283507542885495
horus.ap.mchp.sni.de:0.02788485160906963
cause:0.030322126282135257
i:0.003671128985488364
person:0.013486511726316592
we:0.012959076016480482
concrete:0.05204118849690115
livesey:0.09855002944665266
than:0.013755781559802512
odwyer:0.10626177478816774
the:0.0018119062740121466
gods:0.023297539080562105
would:0.008967785058695924
may:0.01789447622538299
an:0.008633635947709007
about:0.004735654713085921
definition:0.019590285609265675
is:0.009041867251128112
critical:0.023496506465960444
lack:0.018651543552416282
their:0.007277325089335164
easily:0.0889162203941199
supernatural:0.029709320944189363
atheist:0.02197163867287157
show:0.014471483989109772
article:0.011687493466104823
behaviour:0.050857918374235506
by:0.009523418027088136
