objective:0.045965003502391175
say:0.019562319322345808
all:0.019671501662810127
true:0.07989528223168599
meaning:0.08135972236874829
wrote:0.026552319326730526
to:0.0028416477527645994
0:0.03778511637598384
scientific:0.04353298491550395
kent:0.09487326572085342
then:0.016452374739956734
value:0.038493328038728535
that:0.007152672689370656
sandvik:0.154605566476158
v:0.03965616818455683
need:0.019806206097909652
re:0.007710113459343722
on:0.00522689510555969
you:0.00572988648874971
other:0.02843933995529713
false:0.08633213591136453
christian:0.03304992135295439
was:0.009128465300014285
private:0.03659465075953146
steve:0.033063441719942126
accuracy:0.04988818656263478
also:0.015293784862675942
morality:0.04455298437792563
science:0.034862187898632116
computer:0.02763611242438469
are:0.0066279523876415
not:0.006215567098721287
statement:0.03580617958446192
states:0.03559649211809983
mathew:0.11063430078438817
after:0.019888800903762383
mantis.co.uk:0.11285881546503117
considered:0.03549322636301249
writes:0.0068171380517274465
newton.apple.com:0.10389854345954178
of:0.004009084238468838
cheers:0.04488827501406543
what:0.009489093845326094
years:0.02298737549464323
again:0.025173908640288845
alink:0.054858884798680334
one:0.020274451706713863
in:0.005495248512200737
or:0.006951664512402941
and:0.0039360558194926785
for:0.003354111988784268
subject:0.00027522635971152884
values:0.08806074990398491
example:0.02898308395626706
we:0.013894267069216185
ksand:0.05617166234895458
2000:0.044594304186147675
the:0.003885324793758005
can:0.01782610293686007
refer:0.04620420862692379
is:0.0138491044789002
define:0.04406964844082408
1:0.020190967957986687
activities:0.04357040520468517
article:0.008353947219758772
defined:0.045060100297418124
lang:0.06424930401934854
