looks:0.024626658089020797
at:0.006337877787441951
there:0.013205453029887014
dbstu1.rz.tu-bs.de:0.041854307279035136
benedikt:0.04035247408578255
own:0.016305688025525147
with:0.004207391199924801
way:0.012463113809687362
fred:0.03333535431424181
surprised:0.03165958771222474
to:0.0019830203742314113
aspect:0.03761136608402715
scientific:0.030379133358301315
most:0.013356801899043438
positive:0.031848920865587146
day:0.03659428828435787
that:0.012478583648722187
its:0.014876435654922087
me:0.007795602017298883
re:0.00538043888889454
rosenau:0.04123903984422821
islam:0.03369816621083816
this:0.007553704149229051
am:0.011757815515837163
a:0.002009358454455245
noted:0.03210937445309765
was:0.012740447972681809
as:0.00575621697997855
genocide:0.032414117430357665
accepted:0.030301356983450843
quran:0.0407821088678086
anywhere:0.030405246797514114
no:0.008098890188363381
caused:0.02864974229536092
deletion:0.04358928610505591
it:0.0024665858254674243
yoyo.cc.monash.edu.au:0.042814964779930985
verse:0.07452750084041679
without:0.01616698190505392
sun:0.05220852236113441
found:0.01924115471407912
writes:0.004757283388615557
certainly:0.022127750196083748
predictions:0.03761136608402715
if:0.004821226041463377
of:0.0027977062671329304
but:0.00478621023201734
dr:0.028193126655442453
saying:0.021701835819888052
well:0.012106963382398165
darice:0.04409732615695486
who:0.009302538663552866
notion:0.07115482881395858
sounds:0.025630968083171498
commonly:0.03712927464314254
one:0.007074179192630378
rice:0.038768007958759176
in:0.007669627419906064
atheism:0.03467064663075365
or:0.004851161566209247
and:0.006866859972855932
for:0.004681278603051424
subject:0.0001920644380720741
each:0.01831661436950083
i:0.0013733719945711867
translation:0.03412398542947363
the:0.00596495187761121
an:0.019379096515720937
afterwards:0.04035247408578255
long:0.01712454133171644
different:0.01818141653245502
moon:0.03306529734072336
is:0.01353027617434998
move:0.02544478500412243
orbit:0.09766144766928381
night:0.04817028556236007
time:0.022726762156887965
does:0.008766106577967808
hear:0.023839435714092142
created:0.02732442509701454
i3150101:0.041854307279035136
too:0.014046891135715804
article:0.005829732951917993
33:0.03317979701918307
earth:0.025327591097796757
by:0.021376305211881285
while:0.015613974862435414
god:0.019087613178239028
motion:0.036803687653299944
everything:0.022227787654124125
