another:0.017057733310681375
some:0.008981052885641187
go:0.01496486347533944
at:0.006776653941957162
jaeger:0.08923152514902281
islamic:0.03527388484994809
supports:0.033243380651221434
buphy.bu.edu:0.044890517056065865
where:0.014211206140259707
atheists:0.032128259341604626
sufficiently:0.044350484297040874
your:0.02907535897341375
with:0.008997344258300729
ca:0.01581960458532555
previous:0.026716918613021588
arguments:0.03199631257832578
wrote:0.019812115189945086
my:0.014618680943543098
to:0.004240612800279479
look:0.01823975634058393
most:0.014281503568977215
basic:0.02938194468892308
that:0.0053369942374534894
quite:0.02043230293930309
really:0.015010736486084046
nt:0.0109858238726529
re:0.005752930811971855
anyone:0.01286857499724147
this:0.01615330579604366
best:0.01873212369201103
posts:0.030946288247451322
something:0.01531277936279633
you:0.008550753683211105
gregg:0.042607963917822025
more:0.009780146352467123
want:0.01455844590547832
responded:0.040291770896407245
as:0.012309448618723361
given:0.021444519686009855
modes:0.0382146390716914
quran:0.04360548563557997
mind:0.023305044638539517
straight:0.03074355098048699
are:0.009890944332326547
examples:0.03375214836279486
should:0.012637016478719074
have:0.007865394048425428
made:0.01788907347629232
being:0.014967722537885756
facts:0.062309027602105986
has:0.008190572876050392
manage:0.03876214890605982
without:0.01728623449848073
be:0.008899403955961097
which:0.00993763332705783
get:0.01011056904070094
if:0.005155003228949302
of:0.002991393624088287
even:0.012916611136661737
what:0.007080323869204856
but:0.010235126496160159
saying:0.023204270607418764
rushdie:0.04191270190652765
they:0.007176304803905721
who:0.009946560571029602
clear:0.050734626802870976
in:0.0027335338752998537
advocates:0.046099636929315194
clearly:0.02795777212634157
and:0.004405354782586037
for:0.0025026835608621075
subject:0.00020536120686167922
i:0.0014684515941953457
example:0.021625839567368497
condemn:0.04250470991526709
back:0.01620274400051952
yet:0.0202312980206628
the:0.0023192400307355475
wrong:0.020334015821768157
do:0.005525522453126898
less:0.02114511966612521
views:0.031154513801052993
can:0.006650507634136257
law:0.023129547117261277
claim:0.025117223421538357
about:0.007577047540937474
interested:0.02213135550319169
is:0.006200137543630706
having:0.020129933787848935
bu.edu:0.040767735540392536
dead:0.026394477960085663
supposed:0.028066884703202778
article:0.006233329848589239
already:0.02235220247151809
respond:0.031107751908157743
checked:0.03462127808120171
by:0.007618734421670509
poster:0.035037179783280754
s:0.004772586775815526
