above:0.014254743613238457
read:0.01186912597852315
know:0.012920158383856564
help:0.011204673926920403
true:0.013525030325433753
1915:0.030011657268836242
thanks:0.02087315858550956
ever:0.013839906056700841
stand:0.0206164322223375
with:0.0030619234386887297
invaded:0.09876050797431862
occupied:0.026557150670446953
such:0.010068152897737166
times:0.0147145347722148
mentioned:0.01840399800414575
from:0.004432315468220815
batman.bmd.trw.com:0.0951661377267451
several:0.014756289906112025
to:0.0014431404817705036
remembered:0.031489314167706485
then:0.016710789002887992
us:0.05392346560693707
civil:0.02184931664680897
that:0.0036325091668531605
r:0.016231517103293874
really:0.010216731639743069
could:0.007901095054063128
jbrown:0.06320877395550485
re:0.0019578036794668614
happened:0.01765602564784519
wait:0.019221988508429936
invasion:0.05618600615751651
had:0.0160671045621166
this:0.010994396615108253
mean:0.013839906056700841
jon:0.06517332351390052
he:0.008325304751414844
two:0.019526590917835724
you:0.0029099423529252454
october:0.028336563370040414
them:0.0076746553483363405
february:0.02692471223418124
landed:0.02921686138994617
more:0.006656644114244639
a:0.0014623079851794714
how:0.006886717262979709
was:0.009271844336140164
as:0.016756317491455883
far:0.01303339304775603
are:0.0033660281759226468
learned:0.023768562798230145
place:0.01423784092835825
expecting:0.029291126494616095
war:0.03703481796411537
has:0.005574735465374613
troops:0.024493792819882298
knew:0.020325105041349528
which:0.0067638342016623975
writes:0.010386320277762758
get:0.006881539137649856
were:0.016244013586097374
things:0.011700135749425392
if:0.0035086409411696825
of:0.003054040610980188
forgotten:0.027803669682553808
but:0.003483158231677541
forgot:0.025129189976972704
never:0.023077897705359795
again:0.012784655173340409
gulf:0.02967912634882406
order:0.014682287231060168
corrected:0.029842752231044507
republic:0.02692471223418124
good:0.008481726970468582
fido.asd.sgi.com:0.031842409878677855
one:0.010296449296079818
in:0.010232862412771703
context:0.021742099205219752
minute:0.023416033373787278
u.s:0.018469855502610988
solntze.wpd.sgi.com:0.027069484649524224
douglas:0.023614563399244313
better:0.011707936498960226
and:0.005996818028651149
subject:0.00013977464341370836
doug:0.022626384736433438
twice:0.023614563399244313
i:0.009994696714418582
we:0.007056250815256388
ol:0.02967912634882406
graham:0.02551459216201588
informed:0.02673770656610753
livesey:0.053660749018072655
than:0.007490059069211839
the:0.005524891172694629
when:0.006846463051537885
century:0.046783476385726365
regards:0.021619725638804523
countries:0.0220705721928293
an:0.0047010373746687786
jim:0.01772948035051764
about:0.005157152776554302
including:0.016649045583927907
bush:0.024463960248601473
done:0.013867348436757585
recent:0.01988531459939802
new:0.009026175732374592
build:0.01953734587967725
created:0.01988531459939802
first:0.009830129996811734
article:0.012727741575653418
replaced:0.022647369141656153
by:0.010371052092326347
s:0.003248357491392766
