bottom:0.07121450996585747
some:0.01853233135132308
lawyer:0.08429366522805995
wrote:0.040882142455442236
near:0.057218663134627375
that:0.016519267877832228
think:0.02285314329410405
through:0.037610528476584554
could:0.023954113576604083
re:0.005935563536161437
anyone:0.026554202375260176
this:0.00833305457732411
mean:0.04195908026714064
he:0.025240209643178337
on:0.01609551826156476
hebrew:0.08668371060074842
letters:0.1488828193023255
was:0.04216481590958979
interview:0.08499149258395068
shows:0.061336740279681126
writing:0.06353109119281959
of:0.009259075503130411
what:0.014610192111057638
david:0.15850445964092025
one:0.031216219294464203
in:0.0028203127284839756
subject:0.0004237612205082269
i:0.003030138210244364
the:0.0047857333967558915
see:0.028085488276367872
did:0.026093826086396273
page:0.06674199576487756
koresh:0.1944856489830358
during:0.04648205571115032
paul:0.05198448398585805
is:0.008529289742560758
today:0.04506549628251354
morning:0.06809747329522882
else:0.04010400357679455
him:0.03803992545021123
show:0.04777886777356877
written:0.05688125299136682
by:0.01572119801297089
god:0.04211394018690833
s:0.009848194934222513
