religions:0.03510438382574119
some:0.00858482996421584
at:0.00647768391510611
say:0.041857609726489935
there:0.013496749787899227
cults:0.043911024938331926
with:0.008600402599846284
much:0.01284703580558773
ca:0.015121680853620008
from:0.006224795988457174
wrote:0.037876102569012665
knocked:0.04024744522098538
to:0.00202676347072181
heaven:0.03201590203209078
ai:0.035681380998105125
die:0.027704076260531976
that:0.005101538609330541
produce:0.030996171241399972
nt:0.015751732758583204
re:0.0027495625204277245
wait:0.02699558680228028
so:0.007513313216065589
anyone:0.01230084374736317
this:0.0038601649880251397
saints:0.043322475617202975
vs:0.025122146654877518
bill:0.022761131438909687
fun:0.03026656363921938
ray:0.06379071862630396
more:0.009348669307505338
a:0.008214730152037619
how:0.009671786744331796
test:0.026293381279262285
challenge:0.03469953252292481
cult:0.10449606460192173
are:0.009454579141194493
no:0.008277542177812573
those:0.013646438634467354
d:0.013395913399831143
it:0.0075629874207346764
cry:0.04239384528393613
laugh:0.037297174838642415
only:0.00980541351668593
has:0.007829224072695228
be:0.008506783193198107
which:0.02849762498200407
conclusion:0.03245407921740141
down:0.017385041007008516
of:0.0014297101879833724
but:0.0048917883989000755
they:0.006859703121380468
who:0.019015483444615417
good:0.011911837142349259
clear:0.024248167221960392
one:0.007230227263056047
in:0.0026129367925660364
thomas:0.027088272161978677
clearly:0.02672434100312062
or:0.004958172483110921
rather:0.018922673918476934
better:0.03288552751913828
and:0.0014036669650396686
green:0.030943461759939582
for:0.0023922710508240733
subject:0.0001963011536177816
i:0.004211000895119006
walker:0.03583299340400759
will:0.008333127536053562
stood:0.04006361211653378
than:0.010519127075143096
the:0.002771150772018577
do:0.00528174940372424
engr.latech.edu:0.04318241536006552
got:0.01626583692375422
essentially:0.033093868754089865
can:0.006357102885571422
peter:0.05414548648273466
forget:0.02822950981922422
people:0.011068184853478805
religion:0.07834260138888337
about:0.007242766031778467
is:0.007902136085019527
logical:0.03461251445199096
distinction:0.03866274208713574
argument:0.025873098824556778
time:0.011614043896350835
their:0.011130026607218485
easily:0.02719790270878961
article:0.005958330002327948
shown:0.030362997036850466
by:0.007282613785420338
sinners:0.08751882506485892
s:0.009124062953764975
james:0.025438189467919318
