read:0.02851576178487952
ability:0.025209368965147343
at:0.011081320911376492
out:0.014819837724282515
there:0.005772194877843695
all:0.00600042660783831
strikes:0.034922270197312213
your:0.00792410202629725
with:0.01103447880734995
method:0.0501999738710259
c:0.01626476538005635
mathematics:0.03346736997152197
such:0.012094447820552193
objections:0.03636891441493468
achieved:0.03396508896874664
work:0.012736304804970464
wrote:0.01619858474649598
mechanical:0.033265556672455926
to:0.0017335838491708564
physics:0.02884028321064938
most:0.011676701031239233
ii:0.023090564812013322
been:0.009227926963656851
that:0.004363580194144363
problems:0.03450406586027388
think:0.027165057123180285
indeed:0.023196492506318337
re:0.004703654122995856
scott:0.024038220460198156
this:0.00330177634195861
game:0.018691881181826967
recently:0.02081328028042572
you:0.013982364513426966
tell:0.01515739027435505
am:0.010278845010700413
great:0.015856922570645766
chemistry:0.033675874420055936
them:0.009219240072529817
working:0.019927918306330863
m:0.01721779512095688
sure:0.013723547296598766
a:0.002634913444993198
hard:0.017007757248902574
as:0.015096493589000348
truth:0.022610424704481786
worked:0.024177131072794653
part:0.015403912656687278
anthony:0.033818819395386474
petri:0.12154534001620522
are:0.004043467808812739
consciousness:0.07839223257706678
kevin:0.056673739909681956
d:0.011458139763377582
it:0.004312646914968201
not:0.015167547385558866
deleted:0.022096726396215956
have:0.003215412661305993
ve:0.022957656591540056
networks:0.06369782275986798
expect:0.021737239516719423
has:0.006696694804317931
algorithms:0.03200949818499792
heard:0.016997782134716193
writes:0.004158882962374606
of:0.00611448382282197
what:0.011577888088007941
but:0.008368342418244155
saying:0.018972045150719746
seems:0.014820673518119989
please:0.012046637464812923
they:0.017602257066183843
who:0.008132408014049361
up:0.008449436291524432
in:0.0011174824018521413
or:0.0042409525641703485
and:0.003601862400856508
subject:0.00016790538925797672
finland:0.03411484147625431
i:0.007203724801713016
example:0.017681504048791853
back:0.013247526541305269
will:0.00712770657171877
impressed:0.032576486216408594
the:0.003318409477939227
solve:0.031244673454842022
eagle.wesleyan.edu:0.038550492678092615
rule:0.02483457590098228
once:0.016874410030974254
put:0.015644398110357102
come:0.015101847009241564
newsgroup:0.024177131072794653
people:0.009467126667126525
many:0.011655352374704992
about:0.0061950703164897584
15:0.02101767755962669
is:0.00844882474498943
horse:0.03411484147625431
itself:0.021151294594933208
dead:0.0215803907849757
show:0.018931249495187628
little:0.014750557873575248
models:0.02807045942755078
phoenix.oulu.fi:0.07873687376182294
