bnr.ca:0.056228321324665105
happen:0.040742556941774886
islamic:0.05524825337943677
with:0.00704611297336804
my:0.01144836459434098
to:0.0016604809157720853
hearts:0.06793262389313333
problems:0.03304907513122619
think:0.017346361777452475
through:0.0285477505304196
bobby:0.0628690070992381
anything:0.027966760847221734
re:0.009010614524775194
this:0.006325089618932759
you:0.006696373366370143
them:0.01766095387388242
m:0.016491743519470747
more:0.015318301515912361
sure:0.026289686989869922
a:0.001682535091381199
also:0.0178734594178261
are:0.007745920260255729
base:0.04640525127003676
not:0.007263976006939336
charge:0.04959340548113055
allowed:0.04616666539899845
ruling:0.06829774858584814
love:0.03942430650821022
be:0.013938825473192081
writes:0.00796701675924774
if:0.008074101442932642
of:0.007027972972255613
opinion:0.0398712236697312
but:0.008015460509041087
rushdie:0.13129280115297817
again:0.029420110097686965
please:0.023077293456689817
david:0.030077653486078243
in:0.00428143859986724
heart:0.0478431640125978
or:0.008124234430157655
use:0.02003348828611263
p.s:0.05463653861590154
and:0.004599968849286625
subject:0.00032165008303636504
i:0.004599968849286625
lives:0.046897082529316944
yet:0.031687575213086315
the:0.004540680783066584
can:0.02083291548042683
hate:0.048505894488648546
law:0.03622700150896345
may:0.022421994306503986
people:0.018135820964736354
about:0.011867664823155079
applies:0.05736983177754904
their:0.03647430406220998
define:0.05150308311758959
mozumder:0.07220425061218042
under:0.029244860567537823
change:0.03580733864952395
words:0.03985372447599247
describing:0.06347457137370663
article:0.009763046750802423
full:0.03722484920389462
before:0.025616798400272825
john:0.06461393733932158
dangerous:0.050659587146834786
