at:0.0030273711768193504
say:0.013041546214897205
ideas:0.012360802876424297
there:0.015769398377614218
activity:0.01533746752227001
roughly:0.01740198250656187
all:0.006557167220936709
gaza:0.019274893120012966
case:0.00849350895981703
means:0.019481754092362562
atheists:0.05741132253482613
with:0.0020097160714417435
way:0.011906342402381741
much:0.006004112953814197
interpreted:0.018723887449651526
such:0.019824919623379365
mentioned:0.03623880019373029
from:0.011636732019658771
often:0.010678076935665656
to:0.0018944318351763996
social:0.02984083980739729
latter:0.015960836327337483
that:0.008344784804265766
view:0.023404458782024958
think:0.004947587723465825
nt:0.0024538781846131907
along:0.012006740244471598
need:0.006602068699303217
re:0.0012850189098906203
tells:0.015213058420332003
this:0.0018040633621010961
mean:0.009083924593917046
best:0.008368302680279842
on:0.0017422983685198967
set:0.018209034942446193
you:0.0019099621629165698
society:0.03831166204543142
took:0.011599318475658692
etc:0.023941484406785934
mosque:0.021235528372478992
more:0.00436913754577569
a:0.005278881575364379
other:0.009479779985099043
democracy:0.019081240417088117
as:0.008248599589866169
part:0.008416570833035316
standard:0.010460634159664044
belief:0.014156409967589871
therefore:0.011796994915996102
quran:0.07792045543127692
based:0.010381110006531073
are:0.0198838571629245
no:0.007737084097474294
those:0.012755434050086323
christians:0.012360802876424297
it:0.0023563947061166456
not:0.014502989897016339
have:0.005270624877810854
term:0.013394088638881299
only:0.004582598756939129
reject:0.03509898250258789
uses:0.011735378453046175
personal:0.011525413990363284
be:0.0019878393716064304
thinking:0.011970881559617372
common:0.011567450308011512
assumptions:0.037197825454829685
writes:0.004544758701151631
things:0.007679470543437284
if:0.002302922404685255
of:0.0066818070641147306
looking:0.008913695345040013
what:0.003163031281775365
but:0.004572393280071548
fact:0.008241467795975392
order:0.009636827701486227
they:0.03526500298826522
who:0.004443480667470269
one:0.006758150568904621
code:0.011135781822445692
in:0.004884665344178432
government:0.009249535871533668
ours:0.018897920895764087
protocols:0.02074377289605056
atheism:0.06624357225669769
minute:0.030738573019885702
point:0.022696247023299594
or:0.009268886016537255
and:0.003280046516243899
consequence:0.020521991036471277
word:0.010545967409496284
for:0.001118037329594756
subject:9.174211990384295e-05
however:0.008237453279027192
jews:0.012696330263241877
i:0.0013120186064975597
example:0.009661027985422352
we:0.00926284471281079
any:0.003516451086903118
community:0.0279625350994957
exist:0.024993295366296256
than:0.00983231121800317
the:0.004403368099592406
do:0.007405339370170069
thing:0.007779836546821156
see:0.006080363441275519
gods:0.01665253652493786
when:0.01797490643084173
level:0.01209805897798539
can:0.008913051468430034
because:0.01819301339066509
did:0.005649178843446616
reasoning:0.016471630224300673
conflict:0.01623747969107999
needs:0.011509782002300161
put:0.008547970101535324
individual:0.01327039928270293
human:0.011016640450984796
people:0.01034551986304548
religion:0.012204574786813445
about:0.003384935327566569
different:0.008684594151241402
definition:0.014002678373633197
is:0.006462915423486761
insist:0.01817602581072334
does:0.00837449356933007
history:0.011412397265810587
nation:0.015401402875641262
atheist:0.015704813896760435
natural:0.014388689318560756
article:0.0027846490732529243
jewish:0.013142636384964943
progress:0.017260545831326447
by:0.003403558332705038
represent:0.016515971821674927
sometimes:0.012042977059511512
beliefs:0.04488827501406543
s:0.0021320834393677604
