obvious:0.014909489588767488
preference:0.022217932319177215
simply:0.011855206743734067
muslims:0.03421515328346195
read:0.008786833573247759
out:0.004566577903412635
jaeger:0.08992324239824004
tried:0.024014450023540086
islamic:0.08886831454444286
take:0.008239337714479471
buphy.bu.edu:0.04523850556037645
your:0.00488345822550877
decision:0.016297464082121266
response:0.013610847103206751
such:0.014907110104401539
from:0.0032812878078688976
violent:0.018704730874829878
post:0.010009991490043335
often:0.012043877473948474
my:0.0036830010129081446
to:0.004807671488688945
then:0.006185582751069004
important:0.012179725941756677
legal:0.029297017006460657
been:0.005686978245044338
that:0.004033774714354382
really:0.007563549392212891
re:0.0028987635874276785
uk:0.05025162191463705
authorities:0.01804540541348945
islam:0.03631042715741476
this:0.010174078263011995
laws:0.0575484327602774
these:0.006421069663174196
you:0.00430851929774203
gregg:0.042938258211758625
am:0.006334637041478161
a:0.0016238420067981338
was:0.0034320198996177736
as:0.003101217675259761
question:0.00846118636956242
course:0.01896241705348852
judgment:0.044826801488175305
are:0.007475713739549134
no:0.008726711133197751
beside:0.02339704617345238
religious:0.014230231802752394
thread:0.03227075808917803
recognized:0.01937563300799396
it:0.006644485072480077
not:0.011684302491782265
should:0.00636748892338558
absurd:0.020112945939393445
have:0.007926366095312448
only:0.005168745109570878
ve:0.007074161624137342
against:0.010012716248673824
whose:0.01450690484690298
referring:0.018408334115171593
doing:0.01039032133785006
points:0.01420603212585439
decided:0.0144636940427068
be:0.017936783167053372
which:0.010014669244321843
sort:0.012160702742872209
writes:0.00512606504664777
making:0.02383416427032871
if:0.002597482247144997
whatever:0.012809924723850244
of:0.005275519763411514
breaking:0.0195953824020891
but:0.01289308570252733
ignore:0.01744483004091559
rushdie:0.02111880328623486
fact:0.01859121805138635
consequences:0.04007962455859788
well:0.006522743837803662
court:0.01549093654055546
they:0.0036159675368517196
authority:0.0163952414578797
notion:0.019167676754147756
over:0.007774964157051774
in:0.006886810150949243
economic:0.01777366290888857
point:0.008533085121163025
or:0.007840830903524248
world:0.01954457898242385
and:0.0022197524098301735
wherever:0.022619252780188226
for:0.0025220842086207287
subject:0.00010347657710084611
i:0.0014798349398867823
example:0.0108967408672787
explicitly:0.01996803302438717
person:0.01087284666307694
similar:0.0122665049917314
any:0.0039662297142977025
decide:0.01586708301012705
physical:0.016539346121607425
persons:0.018808789983497276
community:0.03153913842617538
the:0.005258741930156184
do:0.002784177980257739
thank:0.014071683359571761
would:0.00722984221786338
can:0.0033510309784407495
law:0.04661769186424753
effect:0.01343555602566824
country:0.026129876806357612
countries:0.01633906701097053
may:0.02163983171441664
an:0.010440676029787635
about:0.0038178921717902
arrogant:0.021469129105879312
is:0.007289567396258322
itself:0.026070200314685116
does:0.004722824861773354
their:0.017600972309089698
bu.edu:0.020541882249035
distinct:0.023146896866717604
article:0.006281650235012411
before:0.00824106305125056
despite:0.033049384314223336
by:0.003838897189213822
apply:0.015502154982518114
s:0.004809583572527274
isles:0.02415574608479383
