religions:0.0502546968452716
since:0.02106128024635454
sentence:0.05213422393999241
there:0.009660831427127868
take:0.022376306635112666
into:0.018850567399814593
from:0.00891128688873869
wrote:0.027111315523082748
my:0.010002255382424224
to:0.0029014719159806963
that:0.0036516276361523874
think:0.015155242395037424
son:0.04491738209868122
re:0.003936215818717585
file:0.031984061920614835
mean:0.027825495335051163
he:0.016738244289686687
kmr4:0.05844885222497518
you:0.005850515677986546
great:0.02653948093402818
bible:0.07576702109173256
m:0.014408575917011284
a:0.007350021714981026
other:0.029038062901724438
sig:0.04967512024334499
starts:0.047078551309403895
are:0.006767488227381321
no:0.01184995511771063
it:0.007218009047157304
only:0.028074447121458665
keith:0.04147860072757544
b:0.03222008785804465
has:0.011208152356700536
his:0.05824512762648179
sun:0.038194655832619384
be:0.006089065864604961
which:0.013598866658079134
writes:0.0069606567475532875
if:0.007054214944877992
of:0.004093486011910287
ryan:0.04678881790529768
must:0.024394320289257865
up:0.01414168810897247
accept:0.03760117863855509
one:0.020701282268960473
in:0.0056109379545628574
atheism:0.10145726066683698
po.cwru.edu:0.10037740183762538
rather:0.027089301609609085
subject:0.0002810205988633505
i:0.00401892015253463
imo:0.05567603695705781
will:0.011929529946350362
the:0.0023802726631233255
when:0.02752998827039444
can:0.009100694657239087
simple:0.03472830059953937
an:0.009451559353281439
thought:0.02825880426517592
religion:0.03738453961013382
head:0.03634589195216509
deal:0.034698052544847466
orbit:0.04763137272291385
does:0.01282619804565816
man:0.030505782513633672
vos.stratus.com:0.11272555858502933
him:0.0252264768775085
article:0.017059639585612654
opinions:0.06011810853726404
earth:0.03705826486940788
god:0.02792819191342342
