wang:0.24970636670045726
from:0.0705476878691813
like:0.04852662764619471
you:0.02315829122536341
bible:0.2999111251547747
a:0.005818767191026646
are:0.026787974233384394
those:0.07732981892864833
being:0.08107516374688117
free:0.1203128247551973
list:0.12131785820506581
of:0.01620338213047822
contradictions:0.25856309344977696
well:0.07011949625638936
who:0.05387720309307701
in:0.007403320912270436
subject:0.0011123732038340957
i:0.007954112801891455
the:0.003140637541621054
would:0.03886040192101567
christianity:0.1602770130792505
