believe:0.03601113613807194
at:0.009734420027120785
out:0.0065092657407760214
correct:0.01807854939326767
say:0.020967347781961805
know:0.013633979289042008
atheists:0.023075545383472933
continues:0.027363266708835796
into:0.0197878884307446
mentioned:0.019420793473988056
blew:0.030909420776086594
my:0.02099921019514478
to:0.0038071800002509137
pride:0.03234318428705391
that:0.013416200983653799
trap:0.06468636857410782
nt:0.007890370737264514
could:0.016675239285370798
me:0.011973355584580604
re:0.002065969628608677
bobbe:0.09672542349097063
so:0.005645362416491271
supposedly:0.025630352019028933
he:0.008785266339890803
on:0.005602307461207623
you:0.015353563243334858
tell:0.013315055544875429
fall:0.04309724892148433
m:0.007562512221635757
why:0.009832721437314952
a:0.0007715492407991132
how:0.007267198879718918
christian:0.01771183630517445
as:0.004420520222193472
said:0.012107761484328355
morality:0.023876461241208763
based:0.033380143777906546
soul:0.02328994082226738
are:0.003551996583432185
it:0.0037884577871820104
not:0.009992983567557429
should:0.009076310178085523
vice.ico.tek.com:0.12779353352430087
mistake:0.04936819883797644
stay:0.021816008664398794
after:0.010658639158369896
robert:0.03530842020947739
love:0.01807854939326767
his:0.01019021569892407
free:0.015953081735495776
be:0.006391837095441672
found:0.014776356382635344
writes:0.007306766751575274
if:0.0037024885069801617
of:0.0032227721364487066
years:0.02463840246387175
beauchaine:0.0964267742284953
never:0.012176459839015804
they:0.010308504138207112
bob:0.020353618862039225
in:0.0039266232462870825
atheism:0.026625524208147826
better:0.012354783819344769
and:0.0021093779806120984
for:0.007190030119603845
subject:0.000147496999403416
i:0.006328133941836295
away:0.015298251858141826
we:0.007446098926596519
news.cso.uiuc.edu:0.02533483442261465
any:0.011307041616450908
actually:0.013504497939784997
than:0.007903874487400337
2000:0.023898605005836047
the:0.0020821906353288757
wrong:0.04381362525132365
do:0.019843036433881123
when:0.007224720678694673
would:0.0051527604757147846
can:0.009553215386052081
because:0.019499693910436617
myself:0.018413492055236923
speaks:0.030171678275398624
is:0.004453137462276197
ignorance:0.07998597622717307
time:0.008726574419357534
alexia.lis.uiuc.edu:0.03360165904324569
their:0.00836289292034096
unless:0.017005864230610446
cobb:0.06489291148031945
existence:0.022478170480533837
eternal:0.025480617600367107
him:0.013240416040681258
position:0.019021231807802276
article:0.004476977239318237
mike:0.017654210104738693
wish:0.020641312236346843
while:0.011990842573914489
god:0.058633773077905516
s:0.0034278247561105985
