go:0.15563458014353018
all:0.0763254264517033
your:0.0503972888872505
hell:0.27307047395855166
to:0.011025593280726647
you:0.06669587872904661
not:0.024116400343038597
be:0.02313845028549885
believing:0.19751302496330414
in:0.007107188075779619
for:0.02602790903296592
subject:0.001067878275680732
will:0.09066442759226276
prepared:0.19046784150146281
eternal:0.18447967142665786
psuvm.psu.edu:0.1999565326424977
god:0.106127129271009
