all:0.018525588944588178
saturn.wwc.edu:0.05683608112579377
with:0.0056779356969858955
post:0.05014714183361515
several:0.02736360555405239
weekend:0.04900300831965331
to:0.005352229747925556
appreciate:0.03727391587781062
been:0.014245052303120767
church:0.036381318835813664
r:0.030099221036205142
nt:0.013865602946066766
me:0.010520278450529559
greatly:0.037892516017481566
so:0.01984098247349359
getting:0.026332054099268795
best:0.023642486213217805
sunday:0.043376912571231725
on:0.014767247337066696
you:0.021584426773154246
a:0.004067487745183675
coming:0.03375368888145237
far:0.024168719146809722
27:0.04289466393242359
it:0.016643467463105435
have:0.014890794557698627
fundamental:0.047449255775920116
hope:0.05608663179883583
list:0.056536477610127756
be:0.011232257420145074
asked:0.03274078542464496
soon:0.034922268320771555
if:0.006506314754984556
of:0.005663318026186563
saturday:0.0483814368753336
what:0.00893633109705467
reading:0.03190603928507758
up:0.013043304566528005
now:0.032076007725791146
one:0.00954670784248177
in:0.0017250456494610725
point:0.02137413554621418
and:0.0037067710144736876
subject:0.0002591937562331873
however:0.02327280489511566
i:0.01482708405789475
the:0.00219539711647297
do:0.013947920755465953
would:0.01810970186610439
healy:0.056657934148432634
long:0.023109817913675577
is:0.002608472105734601
readers:0.04417277259996641
touch:0.046351419420396126
time:0.015335048251492364
keep:0.02572247169054292
sabbath:0.059749717945699964
warn:0.056311156647441574
tammy:0.059995521906712486
going:0.021143841592715363
beliefs:0.04227342404237229
s:0.024094612848777407
