school:0.02424349650530737
since:0.01333881082269121
read:0.015113353745986146
at:0.011746200166059081
out:0.015709027987739467
there:0.01835557971154295
jaeger:0.07733398846248644
islamic:0.061141400406576694
buphy.bu.edu:0.038905114781923746
though:0.01657029467740453
from:0.005643815029534504
wrote:0.01717049983128574
to:0.000918799440060554
most:0.012377303093113587
make:0.011733869888998025
that:0.0069380925086895365
view:0.02270232501856421
church:0.024981838933925388
like:0.007764260423391155
esp:0.035475412169813286
nt:0.00476052367814959
re:0.0074788100555634104
islam:0.031226967355376695
error:0.02510305439447999
this:0.006999765844952254
teacher:0.03768963773663071
two:0.012431929551022076
you:0.007410653192116292
gregg:0.036926902062112424
ages:0.037109561890033185
them:0.009772394476881607
why:0.01186481720102671
sin:0.028705107570016646
more:0.00847612683880484
a:0.0018620055011285268
false:0.02791405727800787
series:0.023915669071784443
was:0.011806148454685143
also:0.009889980877863776
are:0.01285822763202451
works:0.039668346580676535
wow:0.03453107538939311
should:0.010952080948223197
have:0.0034083374209843524
free:0.01925005196083157
teachings:0.035054219492336405
which:0.008612615550116786
assumptions:0.036081890691184795
floating:0.03810644011650628
of:0.014258976274820834
even:0.011194396318440172
least:0.01605108255137655
present:0.024163335218862027
rushdie:0.03632434165232396
who:0.008620352494892323
good:0.010800065675729996
saudi:0.040702871894917766
in:0.00473812538385308
point:0.014676906408400405
advocates:0.03995301867207317
or:0.004495409718020569
and:0.0038179741449078986
for:0.002168992419413827
seriously:0.025846357755982274
subject:0.00017797971261345532
leaders:0.029483769354991647
group:0.01798077289871097
yet:0.01753379161790776
than:0.009537341881463076
the:0.008542534113209266
do:0.004788786126043311
original:0.020574453421823197
views:0.02700057862757926
around:0.015781296221024237
law:0.020045607501626442
claim:0.021768260298666575
propaganda:0.03387284311815518
come:0.016007957829796058
makes:0.018619852548346496
people:0.010035154267154118
many:0.012354673517187291
about:0.026267098141916575
middle:0.02678066863427055
general:0.019656202420583677
is:0.0017911508459377595
done:0.017657757009471323
twelve:0.07855808911919474
their:0.010091224123878093
matter:0.020139353412670286
bu.edu:0.0353320374683402
him:0.01597676868908872
although:0.021064929711698387
article:0.0054022192021106735
arabia:0.040242919418338095
by:0.006602903165447775
four:0.02338697434015316
revolution:0.0353320374683402
plenty:0.03107544568152632
