another:0.04348049667428586
some:0.022892879904575572
there:0.017995666383865634
thanks:0.03908601264541496
where:0.03622464310262278
post:0.05063878047904275
to:0.0027023512942957466
been:0.02876941935728312
asking:0.07030260420859596
me:0.021246836870677348
anyone:0.032802249992968456
this:0.010293773301400373
contact:0.06823671174471702
recently:0.064888462050739
on:0.01988269902899176
a:0.0027382433840125392
same:0.03808026177507083
question:0.04280364869308048
not:0.011821764874038528
have:0.030073565479273697
has:0.02087793086052061
notes:0.09173165546269645
if:0.013140204309086457
seen:0.05083264491416378
please:0.037557163860887345
net:0.13000558764307774
email:0.053801934489567466
or:0.01322179328829579
and:0.0037431119067724496
for:0.006379389468864196
subject:0.000523469742980751
i:0.007486223813544899
the:0.005911788313639631
hello:0.07586844687552494
an:0.0176058458541517
fish:0.21565862669283722
is:0.005268090723346351
obtain:0.08981196497286564
request:0.0764764907332222
gang:0.1102665234773515
answer:0.05953472631625209
john:0.05257800783493815
