some:0.005926583122504335
since:0.010156454941135437
believe:0.033086373812137165
wilson:0.02533538141422038
out:0.005980594411575938
ultimate:0.02674309352293223
there:0.004658776576533743
surely:0.022774183390096552
all:0.029057903471460648
true:0.013113100467806327
means:0.014388808225577424
faith:0.019010284874897424
atheists:0.021201389413241626
sadly:0.029015055926273813
i.e:0.03507146189822744
your:0.006395595036453109
with:0.002968666887256585
meaning:0.04006037091253088
to:0.004197560893677657
movements:0.030314210109711377
psychology:0.05679802193372257
otherwise:0.01803748645488343
that:0.0017609371849465828
really:0.009905562148177288
pipe:0.0596224212078062
me:0.0055004501543377896
re:0.0018981751410059417
dream:0.025295878163245487
spiritual:0.07777008051969346
brad:0.02426652471824399
this:0.002664885473966594
on:0.005147297718165379
spirit:0.02327718289590483
etc:0.03536533991053151
material:0.02143502302946133
e.g:0.02060545797051419
a:0.001417770686138472
richard:0.01896486048111055
false:0.021254358333508527
was:0.004494726569042566
as:0.008122986398142318
vital:0.030314210109711377
following:0.013894996309846504
belief:0.04182249036110307
empirical:0.03099203443775464
science:0.0343312916362164
based:0.015334533055332701
soul:0.021398372024519777
mind:0.046136890401169604
processes:0.02811693050414651
are:0.013054038205101025
no:0.005714445361332537
those:0.009420891646129746
premises:0.03323484028688682
phenomena:0.030641816815993466
concepts:0.02566298812050247
consciousness:0.06327088822209957
reason:0.02712905506607642
it:0.0034807657841621517
not:0.009181370688974086
have:0.005190361554798506
energy:0.04655436579180966
theology:0.027295392303890605
facts:0.020558816213892835
be:0.005872703118146917
writes:0.0033566618833378798
if:0.00340177878052492
of:0.00987008048557049
industry:0.02312098158287562
even:0.008523652019116881
measured:0.028546155824085918
what:0.009344589878138387
but:0.0067541443883290374
instance:0.021699268521624036
fact:0.012173944815374817
well:0.008542476701286014
they:0.004735632611714434
who:0.006563720173775879
sounds:0.0180847947388875
over:0.020364880736237132
in:0.0036077096831368624
or:0.010268702401569827
rather:0.013063368796511996
thoughts:0.02179707775444575
and:0.006783202795521648
for:0.0016515170706196648
subject:0.00013551754767521977
space:0.031040738654955363
purpose:0.0190907689956578
we:0.0068413396229135524
yet:0.013350602754752099
the:0.004974004634445527
do:0.0036462838523172417
when:0.0066379413342321615
major:0.016631614074709603
an:0.004557858571379374
human:0.016273311529119674
satisfied:0.027534313678804236
cast:0.028256011591395826
reality:0.021272138184022245
hold:0.017613099558091472
is:0.006819102205346799
self:0.04316866418284442
time:0.016035634212220443
drawn:0.025496542319370537
does:0.006185222407804696
matter:0.030669066110665402
dreams:0.027595843427699388
atheist:0.023198481441407542
terms:0.019538776523931288
article:0.004113364874703558
full:0.015683565908239862
feelings:0.02706721267007199
understand:0.015208920116424636
seem:0.014008693172059581
god:0.013467909805965607
