mark:0.029738851131605844
entirely:0.04114975293248726
differences:0.0453505961744173
such:0.019039774291760382
wrote:0.025500742323691695
sell:0.06891232275209044
to:0.005458214495409231
been:0.014527132546746924
client:0.04957246035217382
that:0.01030409778518248
weapons:0.07919912842553808
nt:0.007070084670519193
re:0.003702381215625451
lost:0.03469808241898861
political:0.0356908492819953
recently:0.03276546103552168
you:0.005502960291175464
state:0.026313993930105112
a:0.0027653547046463268
how:0.013023396012169548
other:0.013656514731009017
as:0.015843844756772644
border:0.04804621599744849
arms:0.08026020260641148
popular:0.041880913823098644
are:0.00636545922377451
it:0.01018382464574174
not:0.005969406025504603
should:0.016265466754786927
mistake:0.04423586133501849
west:0.08075067920269681
selling:0.04128492213217367
war:0.03501807045121799
has:0.021084643047258437
heard:0.02675888474673143
aaron:0.05005553128454443
soon:0.03561379838652941
of:0.0019251543125320659
effectively:0.04845881695190955
gulf:0.05612587260025144
please:0.018964508484210444
they:0.01847365593084641
now:0.016355588097804397
one:0.009735751562134876
saudi:0.1813494292347821
in:0.003518409938504762
or:0.006676351066367181
and:0.0037801724207008895
for:0.0032212758704165743
subject:0.0002643263058615673
half:0.03744201468903976
i:0.0018900862103504448
we:0.013343999066474951
possible:0.025514570524401804
any:0.010131557091968389
will:0.01122084499904242
the:0.0029851604356002097
managed:0.04684269915014346
regime:0.05643530372405446
countries:0.04173741870129105
put:0.024628309896502765
an:0.008890080579819175
during:0.02899375752279674
about:0.009752635448731402
including:0.03148482877752703
is:0.010640500074877778
sale:0.03143437776340227
arabia:0.1793001360222984
thus:0.0329837135928347
claiming:0.04566328500659848
answer:0.030062089526028284
grave:0.05833521469247134
north:0.03974410678129531
aside:0.044705190432984675
