report:0.08827274938313384
simply:0.023710413487468135
believe:0.016842417676979384
mark:0.02328390669993946
damage:0.03449203764471838
such:0.014907110104401539
from:0.006562575615737795
wrote:0.019965697478239234
post:0.02001998298008667
to:0.0032051143257926296
death:0.07803293916363772
that:0.010756732571611683
permanent:0.03958838724129099
its:0.01602964772119512
me:0.008399912251198021
re:0.0028987635874276785
penalty:0.037565024253929595
so:0.007921012382828838
deliberately:0.04223760657246972
july:0.03816371687358843
this:0.008139262610409597
mean:0.020491643851394268
on:0.007860601941694417
prove:0.03044107240243099
a:0.0032476840135962676
was:0.02745615919694219
failed:0.03284727392422508
copy:0.026485363915219707
attempted:0.04007962455859788
cb:0.047146513851375735
also:0.01149997776495788
it:0.0026577940289920308
not:0.004673720996712906
have:0.007926366095312448
due:0.025698778952701413
date:0.0277348774401808
reliability:0.0426301936485841
war:0.027417248957930365
june:0.03562849868496548
be:0.008968391583526686
aaron:0.0391907648041782
er:0.0426301936485841
get:0.01018894554489242
of:0.004521874082924155
bureau:0.04359374183988315
seen:0.020096627059088008
but:0.015471702843032797
never:0.017084800239239226
bombing:0.04359374183988315
gulf:0.04394351265601082
latest:0.032297260467075595
please:0.014848181061281045
now:0.012805537968048404
author:0.06269779454357374
in:0.0027547240603796974
system:0.01732730487784903
or:0.005227220602349499
and:0.0029596698797735646
subject:0.00020695315420169222
i:0.0073991746994339115
any:0.007932459428595405
research:0.0239328021747037
source:0.07254111538836801
later:0.02477063588339305
the:0.007011655906874911
when:0.010137011184835162
would:0.00722984221786338
can:0.006702061956881499
proposed:0.03421515328346195
long:0.018452025155880503
excuse:0.034317829459818705
about:0.0076357843435804
is:0.004165467083576184
figure:0.08587203800173845
judged:0.042938258211758625
matter:0.023417852805430562
civilian:0.04092055977560618
count:0.033049384314223336
leave:0.027389008715461367
disease:0.03526973316121349
deaths:0.03777741940267467
claiming:0.035751874307491834
by:0.007677794378427644
says:0.01985292049943851
