statistics:0.03150071060069519
sentence:0.03301834182866187
mark:0.020024159761947935
say:0.01265029982845029
all:0.019081356612925825
your:0.016799096295750167
with:0.007797698357193965
such:0.012820114689785325
from:0.005643815029534504
wrote:0.01717049983128574
organizations:0.03170336044859099
to:0.001837598880121108
then:0.010639202331838689
80:0.05328882169951079
most:0.012377303093113587
death:0.022369442560242817
that:0.009250790011586048
indeed:0.049176564113394876
higher:0.024745826086919283
anything:0.015474941002129358
re:0.002492936685187804
penalty:0.03230592085837945
had:0.020458779809095138
this:0.006999765844952254
off:0.01455638298637567
bomb:0.10621001818735554
you:0.003705326596058146
used:0.013163090055579104
took:0.022502677842777864
came:0.02012484488318631
a:0.0018620055011285268
how:0.008769086648194162
other:0.018390773171092147
below:0.024745826086919283
was:0.005903074227342571
target:0.06390992527028662
international:0.02643576413827596
ratio:0.035548272640027884
figures:0.09438272846235549
far:0.033191707628285355
70:0.02867891238241738
success:0.029878721578744053
plane:0.03446847712039418
are:0.004286075877341504
answering:0.03683741525989815
lie:0.030399311158553634
place:0.01812951744877617
missed:0.028972881181518875
it:0.004571405729866293
not:0.0040194000571731
have:0.006816674841968705
whether:0.03809944779842433
between:0.015485772306976038
war:0.023578834103820116
regardless:0.06033307211569089
without:0.014981403232016634
aaron:0.033704057731593254
which:0.008612615550116786
if:0.008935338930178791
of:0.005185082281753031
aircraft:0.03749061798229951
seen:0.03456619854163137
explain:0.023967050186750695
never:0.014692928205745737
initially:0.036081890691184795
gulf:0.037791420884169306
they:0.012438928326769917
35:0.030101494891543016
accurate:0.029816415829289133
dropped:0.06623870772426509
or:0.013486229154061707
and:0.002545316096605266
still:0.013611393881530315
subject:0.00017797971261345532
al:0.02540009453814821
until:0.019074438169097627
i:0.002545316096605266
back:0.014042378133783584
rate:0.02589783806327501
than:0.009537341881463076
the:0.0055275220732530555
do:0.004788786126043311
intended:0.02712365904651083
meant:0.027144395195940117
last:0.014534417013729987
long:0.015868741634057233
claimed:0.028372344960805224
hit:0.07159404279858818
is:0.005373452537813278
having:0.017445942616135742
methods:0.02966315237445781
time:0.010530066466024758
figure:0.07384995268149507
does:0.008123258762250169
their:0.010091224123878093
explaining:0.03720280350319812
close:0.023166088107803604
somewhere:0.025863473726017248
pressed:0.03799977117419667
