rough:0.025976774318195405
all:0.009218046672911026
means:0.027387393434190846
with:0.0028252530279688276
damage:0.021495037952505656
destruction:0.024887693334743426
much:0.008440564587246045
such:0.009289938181003857
wrote:0.012442391182091115
to:0.001331593391392107
kuwait:0.030515651584081503
remember:0.013442628195754744
death:0.0162097409856832
us:0.009951093653067613
that:0.010055206534332662
weapons:0.05796457949985034
me:0.005234727924659636
re:0.0018064758588317417
penalty:0.023410087578535833
had:0.0074126013801069325
this:0.010144588181090222
93:0.01768606519712271
on:0.002449317996325072
you:0.0026850192725059027
regular:0.019550930684809956
used:0.038153884219069865
m:0.006612631459497933
sure:0.010541275459706297
a:0.00269855869728772
how:0.0063544106146334505
air:0.018619028916092604
other:0.0066633236127145445
same:0.009382093480814552
was:0.029943130138694197
as:0.011595857394449542
following:0.013223740449467445
also:0.007166652810046214
stuff:0.028245570557233063
figures:0.022797760498153498
estimate:0.02810506624051151
success:0.02165124752082902
no:0.005438385198949323
missed:0.04198968287176648
not:0.002912608737081956
fuel:0.023313142829498108
have:0.004939619450701959
follow:0.018246339673513454
try:0.011769998417117839
area:0.015499840795455782
tube:0.02575961785509267
tons:0.0840586831113983
war:0.017086111669434866
25:0.017766582358887017
heard:0.013056267436810988
aaron:0.024423230240284963
which:0.006241025760954192
were:0.02997687531347438
of:0.016907877005716405
aircraft:0.027167114479927177
forgotten:0.025654593765061722
what:0.004446580207713194
but:0.003213928609905363
iron:0.05217825261865426
again:0.023592938532444617
gulf:0.05477017519444826
launch:0.022254388597541468
35:0.021812677457639863
rest:0.015780825282477335
in:0.0025750681433984127
massacre:0.024843575056659982
dropped:0.09599812713661605
or:0.0032575432739279484
rather:0.01243228817832301
and:0.0064555118392162535
subject:0.00012897080624163428
each:0.012299562306089928
i:0.00276664793109268
bullshit:0.026629792571182136
we:0.006510840124222077
rate:0.01876654932121377
ol:0.02738508759722413
than:0.006911117305408025
the:0.007282637777672009
sky:0.022518438899656754
when:0.006317267839824811
around:0.011435721899292926
rounds:0.05750029086386866
iraq:0.027852961152730983
7:0.030836024434118894
an:0.004337672166964911
just:0.005673374702733748
long:0.011499088140621182
here:0.008697588916055052
many:0.008952661968976296
including:0.015362162833479371
hit:0.05187974115839723
definition:0.01968492467018
is:0.002595870791214144
number:0.012088235982597865
90:0.0194780647804074
65:0.0236441570634921
told:0.01497690708564797
mass:0.020347288022703705
successful:0.046311540050932326
very:0.008421461312963513
passed:0.02087748543313423
dumb:0.024843575056659982
full:0.014925905719436005
smart:0.07188838376716901
by:0.004784712438730271
defined:0.021115119463041343
s:0.0029972767191111995
