religions:0.05304662444778668
some:0.012972631945926157
go:0.021615913908823635
at:0.009788500138382568
all:0.01060075367384768
true:0.028703119912864963
chris:0.04263052492132556
atheists:0.09281497143130224
your:0.02799849382625028
funny:0.05000851278395803
myth:0.06298570147361551
to:0.006125329600403693
look:0.026346314714176783
make:0.01955644981499671
think:0.015997200305872837
nt:0.015868412260498635
need:0.021346688794413735
re:0.008309788950626012
so:0.011353451082054667
kmr4:0.06169601068191825
you:0.01852663298029073
fall:0.04333667808215925
m:0.015209052356845247
a:0.001551671250940439
pretend:0.062322154421375266
jack:0.04749728776399929
cheap:0.04129145798229831
are:0.014286919591138345
religious:0.0407933311678902
absurd:0.11531422338585576
have:0.005680562368307254
keith:0.043782967434662964
open:0.0367217842083707
free:0.03208341993471928
be:0.012854694603054918
which:0.028708718500389287
writes:0.0073473599001951375
were:0.017236703305247767
of:0.0021604509507304297
ryan:0.049388196677814224
must:0.025749560305327747
0m:0.15450508099166374
now:0.01835460442086938
in:0.003948437819877566
po.cwru.edu:0.052976962080968956
watching:0.04732893437488149
and:0.00424219349434211
subject:0.00029663285435575884
create:0.04225384101381799
i:0.00424219349434211
we:0.029949864571421556
any:0.011369858514320081
agency:0.04861155845984335
event:0.04614156609107747
the:0.002512510033296843
do:0.007981310210072185
would:0.01036277384560418
friends:0.044184803839863736
moral:0.04460171983234251
refer:0.049797869297906756
just:0.026097523632575243
actual:0.045137298741430035
religion:0.03946145847736347
is:0.0029852514098962658
does:0.01353876460375028
created:0.042201056538722456
theists:0.06464165235317648
article:0.009003698670184456
appear:0.043874417425068694
