another:0.014588850857819597
king:0.027616141479459178
at:0.011591644900716198
know:0.00811759951090988
all:0.0062767620437255995
saturn.wwc.edu:0.07702784678890472
mentioned:0.023126076439419985
wrote:0.06777828880770687
my:0.006251409614015139
to:0.0009067099737439676
kent:0.09081618527884323
interpretation:0.030854005315942457
been:0.009652897284351574
make:0.011579476864142787
that:0.006846801817785726
sandvik:0.09866276281702188
r:0.02039618267584954
like:0.0076620991020307444
could:0.009928349706092483
re:0.0024601348866984903
prince:0.14404348815931609
so:0.006722438140690263
this:0.003453831831390914
he:0.03138420804316253
satan:0.06918595952434817
on:0.006671168753148551
you:0.007313144597483182
assume:0.02283874049532353
bible:0.023677194091166424
m:0.009005359948132053
more:0.008364598854083723
a:0.0009187527143726282
sorry:0.02090405713643832
was:0.04077781538624802
private:0.023353165287332577
said:0.014417794925417317
mistaken:0.0354523230675495
talked:0.03243714155779592
it:0.0022556278272366577
not:0.003966513214315558
have:0.0033634908759714002
calling:0.027059214602285907
tyre:0.34459281771140543
stated:0.025540099098011575
real:0.01682627535525163
war:0.023268586286664585
his:0.012134401588850372
free:0.018996761803452205
newton.apple.com:0.06630367576036547
if:0.004408884340548745
of:0.007675286272331788
cheers:0.02864580708134438
but:0.004376863304279014
instance:0.028123394070789048
saying:0.019845757756344992
again:0.016064928540184327
alink:0.03500863043073679
over:0.013196978634995775
in:0.0035068362216017857
israel:0.050006152221561205
or:0.004436259590151877
and:0.0025118250953341434
for:0.002140453045474171
subject:0.00017563787428959404
i:0.0025118250953341434
explicitly:0.03389310868613085
we:0.008866736221802434
ezekiel:0.22524237266338953
agency:0.02878315961438093
ksand:0.03584638978847759
the:0.0049589013815069275
do:0.004725775782279583
when:0.017206242668996525
moral:0.02640891305862385
mad:0.034592979762174084
healy:0.03839320537689843
human:0.021091068231819575
about:0.032401848036903665
is:0.005302749214947313
time:0.010391512959892853
man:0.019066114071021045
tammy:0.08130972047883403
him:0.015766548048442814
activities:0.027804798058253033
article:0.005331137370503954
written:0.023575782489842826
by:0.006516022860639251
s:0.004081817637210647
