go:0.02992972695067888
all:0.014677966625327558
your:0.038767145297885004
funny:0.06924255616240342
to:0.0021203064001397397
t:0.03963497007692988
think:0.022149969654285468
nt:0.0109858238726529
re:0.005752930811971855
kmr4:0.08542524555957912
you:0.03420301473284442
fall:0.12000926238136407
m:0.021058687878708803
a:0.004296935771835062
pretend:0.0862922138142119
idea:0.042651943004011636
jack:0.06576547536553748
are:0.009890944332326547
it:0.015824096757229476
not:0.009275538593476384
keith:0.06062257029414873
open:0.05084554736543635
free:0.04442319683268824
be:0.008899403955961097
writes:0.010173267554116345
were:0.02386620457649691
if:0.010310006457898604
ryan:0.068383656938512
0m:0.3208951682134555
now:0.025414067659665297
good:0.024923228482453836
in:0.0027335338752998537
po.cwru.edu:0.14670543345499096
thoughts:0.06606191257885867
watching:0.06553237067291283
and:0.005873806376781383
subject:0.00041072241372335844
i:0.0029369031883906913
gravity:0.08326590159504184
agency:0.06730831171362926
the:0.0011596200153677738
would:0.014348456093913478
law:0.046259094234522555
friends:0.06117895916288825
moral:0.061756227460166555
just:0.01806751636101363
does:0.01874598175903885
too:0.030038736428684563
article:0.012466659697178478
cbnewsj.cb.att.com:0.0862922138142119
dean:0.07666596920245171
s:0.019090347103262104
