since:0.028583166048624018
ask:0.020818304173974053
paragraph:0.035430703428104726
faith:0.026750186573962803
islamic:0.03275432164638037
your:0.008999515872723303
with:0.0041773384056396235
though:0.017753887154362
into:0.025582912899748376
such:0.013735837167627132
objections:0.04130469565696153
from:0.006046944674501254
wrote:0.018396964104949006
awesome:0.0409444752739123
my:0.013574489447575732
to:0.0049221398574672524
she:0.023679589177846305
that:0.01238945090837417
really:0.013938541022792328
nt:0.010201122167463408
generally:0.027619639237307852
need:0.0137228713678374
re:0.0026710035912726466
scott:0.05460110075959295
bil:0.03996146543194053
had:0.021920121224030503
this:0.007499749119591699
posts:0.028735839086919082
on:0.003621491608852071
you:0.007939985562981741
bill:0.02211081339779798
same:0.01387209536091866
was:0.012649444772876937
as:0.0057151011444072745
part:0.017494443660094835
are:0.009184448308588935
no:0.008041040972732214
those:0.013256540387768287
reasonable:0.026702194072186054
works:0.02125089995393386
d:0.013013173016978824
it:0.004897934710571028
absurd:0.03706528608831078
statement:0.04961713456704008
unreasonable:0.041684051552061153
have:0.003651790093911806
made:0.016611282513700008
ve:0.013036669278767387
conner:0.03785575443036449
okcforum.osrhe.edu:0.04006424212802695
absolute:0.03317573836610862
earlier:0.02818533239203066
doing:0.019147877894037966
has:0.007605531956332507
feel:0.021759119173186982
evil:0.0596667673486943
deny:0.034283394897155615
if:0.00478678871259578
of:0.0027777226509391236
seen:0.018517606361588234
what:0.006574586449975937
never:0.015742423077584715
again:0.017441922415057272
seems:0.01683205063843627
women:0.026995108527381604
well:0.01202048507252389
authority:0.03021408782952116
over:0.014328148232281127
in:0.001269140727817789
point:0.01572525686614329
accurate:0.0319461598170955
or:0.004816510412164895
and:0.0013635621946099638
for:0.002323920449371957
subject:0.0001906925492287021
cause:0.04505001619060095
until:0.020436898038318885
i:0.006817810973049818
power:0.019298966286932444
saves:0.038831293966119854
any:0.007309194759205766
the:0.004307160057080302
do:0.015392526833710642
eagle.wesleyan.edu:0.04378234525583375
would:0.006661783186459829
claim:0.023323136034285614
last:0.015572589657567842
an:0.006413558132583833
statements:0.030110566348788545
religion:0.07610424134920099
is:0.0038381803841523415
discussed:0.03242711067472827
write:0.023244099464196526
christianity:0.02747605938501437
history:0.04744296577644115
little:0.016752419299274745
comes:0.021601259551753654
before:0.015187101908733174
everything:0.02206901774230895
s:0.00443168772040013
