confused:0.028426265343675157
means:0.016674089531992665
morally:0.034117936086391076
your:0.007411366012830956
way:0.020380856700547567
though:0.014620848244768704
into:0.021068281211557485
to:0.002432116164866172
then:0.00938753146926943
that:0.018365538993589947
think:0.0423455302214281
nt:0.00840092413791104
me:0.012748102122406409
re:0.0021996500163421794
behavior:0.024990523664230553
this:0.003088131990420112
mean:0.031099083021527772
reply:0.021124685407971435
jon:0.07322414583032352
you:0.022885840740359136
want:0.044531716887345446
as:0.00470655388362952
idea:0.016308095854475037
said:0.025782409748981557
are:0.0037818316564777973
it:0.008067186582116987
not:0.007093058924423116
between:0.013663916741449443
decided:0.043901565447274755
writes:0.011669336312074629
kill:0.06519939011653034
if:0.01182618387817781
what:0.07038674905268356
ok:0.038398225770716846
sounds:0.02095708566800493
fido.asd.sgi.com:0.03577588404016159
translate:0.1410106541367288
in:0.0031355241510792435
solntze.wpd.sgi.com:0.06082672433010737
and:0.001122933572031735
still:0.012010053424879688
for:0.0057414505219777765
subject:0.00015704092289422526
i:0.01796693715250776
acceptable:0.027224497911247335
news.cso.uiuc.edu:0.0539482944763912
decide:0.024080631862428113
livesey:0.12057885955825737
do:0.004225399522979392
would:0.005486174388849271
can:0.005085682308457138
because:0.03114215821578554
just:0.006908168020387564
is:0.01738469938704296
right:0.04564408455977175
alexia.lis.uiuc.edu:0.07155176808032318
does:0.03583790630404486
cobb:0.13818372915220967
automatically:0.027724715809399763
article:0.009533328003724717
mike:0.03759308269362004
seem:0.016233603264092573
apply:0.02352679991464514
