obvious:0.022896716154178643
there:0.005462970152244925
know:0.007344494795585129
all:0.0113579503648368
jaeger:0.06904820398436289
case:0.04413591263047778
islamic:0.27295268038650305
buphy.bu.edu:0.03473670962671763
with:0.0034811153380330194
from:0.010078241124168757
to:0.0024610699287336262
next:0.015942738236602232
hoped:0.10627285900732868
make:0.010476669543748235
that:0.010324542423645142
think:0.008569928735289018
through:0.014103948178719206
me:0.0064499326214556224
re:0.004451672652121078
so:0.006082205936815
anyone:0.009957825890722567
this:0.009374686399489624
jon:0.04939724123474206
something:0.023698349013851462
on:0.0030179096740433923
you:0.013233309271636235
gregg:0.03297044826974323
ownership:0.031674475151619
why:0.01059358678663099
more:0.007567970391790035
sure:0.0129883572628524
a:0.0033250098234437974
other:0.016420333188475127
was:0.021082407954794893
said:0.052178686396748386
given:0.016593973566555245
therefore:0.020434080479493247
muslim:0.0252220139061014
are:0.007653706923824113
care:0.018845338936154147
reason:0.031812046714387233
it:0.0020408061294045947
not:0.01076625015314223
only:0.015875431407967697
bank:0.19840400156402374
hope:0.017193223438333603
writes:0.007872171321637646
jump:0.029525586190087272
explain:0.021399151952455977
but:0.011880057540185897
saying:0.017955685589074042
banks:0.02809009775665342
rushdie:0.03243244790386068
now:0.00983282379689431
called:0.015965800570575797
fido.asd.sgi.com:0.03620178742159208
one:0.011706082235424076
in:0.0052880863659074545
yes:0.015874082562523147
solntze.wpd.sgi.com:0.061550852000703885
and:0.0011363018288416363
subject:0.0001589104576905851
i:0.00909041463073309
yet:0.01565517108741764
livesey:0.12201432217204614
than:0.017030967645469776
the:0.0013459875178375945
when:0.007783776445498427
would:0.01665445796614957
law:0.017897863840737892
because:0.01050429939818163
an:0.02672315888576597
bosnia:0.030450670141718403
tap:0.03313353740181534
is:0.009595450960380853
bu.edu:0.03154646202530374
x:0.0362519046374536
article:0.009646820003769058
bad:0.03262620293745695
by:0.0058954492548640835
s:0.0036930731003334424
