some:0.00634530910398562
since:0.01087403056197653
believe:0.011807999349621415
content:0.025745407220763326
out:0.0064031364080459775
say:0.020625488850734168
dbstu1.rz.tu-bs.de:0.03161819952057545
know:0.006705843074229901
posting:0.017930372592153482
jaeger:0.12608802466709745
benedikt:0.06096732497743232
case:0.01343266906144976
situation:0.01915289287377499
islamic:0.024921766470072017
buphy.bu.edu:0.0634322523618322
your:0.02738983091698397
with:0.003178409656464931
miss:0.026227285683185372
someone:0.011975315840559891
my:0.020656831768050027
to:0.0014980425653161205
lies:0.024512943528563386
that:0.005656053675562122
quite:0.014435866207116312
bit:0.014810240206824454
could:0.008201680191989443
its:0.011238176934968315
me:0.01177813783048418
re:0.004064570682371419
meaningless:0.02981734552082305
so:0.005553318464048478
rosenau:0.03115340509971588
this:0.002853165425931625
he:0.008642028301740408
you:0.012082586726276563
gregg:0.09031035830407928
suggest:0.019953259810381076
them:0.007966625932240439
seeing:0.021784182964447976
m:0.007439210391935174
more:0.006909886009895249
sure:0.011858934892169585
a:0.0015179392672243423
dealing:0.02561522656303239
was:0.014436866316870417
as:0.004348446522918578
it:0.011180068361086043
not:0.016383424146086
have:0.0027785359410198523
being:0.010575021358288849
after:0.010484856998179084
has:0.00578681779286169
be:0.006287622360189905
writes:0.007187634684973503
making:0.01670982168952393
if:0.003642121846540268
of:0.005283711564286376
never:0.01197793060251011
rushdie:0.0296122350426554
again:0.013271027924500097
necessarily:0.021126429527479357
up:0.0365070752813148
bob:0.020021766380592936
in:0.004828252768872024
atheism:0.026191412400406285
or:0.003664736183168942
and:0.001037492974159755
subject:0.00014509215702183858
i:0.0072624508191182855
flesh:0.031065032703673594
yet:0.014293851862424803
the:0.002867538624958354
original:0.03354530449210304
difficulty:0.028803291414407767
would:0.005068748076654217
law:0.01634152785458677
because:0.009590882059209315
did:0.00893429914914655
insult:0.031243238262494193
maybe:0.01439083196925176
accused:0.02981734552082305
may:0.010114269170868646
just:0.0063825465405754666
about:0.005353348806097128
head:0.09382771020260008
is:0.001460177320057956
having:0.056888943313486116
time:0.008584293314694095
does:0.013244443634103535
their:0.016453082810670802
light:0.018979427640251595
qualify:0.03133458129682235
bu.edu:0.057606582828815533
i3150101:0.03161819952057545
nothing:0.013885086964678852
position:0.01871110302832724
article:0.008807966090397837
ass:0.1324262799713324
full:0.016791643934365507
takes:0.019434238336846037
before:0.023110807252420047
answer:0.016501473055048132
by:0.005382801493571555
while:0.011795339705861534
poster:0.02475452919470923
s:0.006743872618000199
