above:0.02118798467026105
some:0.004542945039429393
since:0.007785298145539616
large:0.023299876419358566
out:0.009168693378058054
objective:0.017348658909462817
say:0.007383443479640247
there:0.007142248914997256
dbstu1.rz.tu-bs.de:0.02263715452056764
benedikt:0.021824878980248145
football:0.06481682056077015
theories:0.020228441647391675
sufficiently:0.022434097115234683
your:0.004902460008487403
with:0.002275592905795904
further:0.027609606234096393
such:0.007482557211936959
arguments:0.01618490519526207
objections:0.022500612420134684
to:0.0032175855877606945
social:0.016894327595238543
perhaps:0.011239149951906792
make:0.006848562192022193
that:0.010798587562162702
its:0.00804600994565825
me:0.004216298367332859
re:0.0014550214115882122
so:0.003975916721342102
rosenau:0.022304383417695417
fallacy:0.02292551238887006
something:0.007745763880013708
two:0.007255990010324169
on:0.009863984926834435
set:0.02061801232782818
you:0.01946377783921594
evolution:0.02096791091932889
d012s658.uucp:0.021552666573217368
m:0.005326127284498335
a:0.006520641832745814
same:0.007556783465091877
christian:0.012474094829714302
pointed:0.016831313253137452
given:0.010847422409265685
question:0.016988218547448284
morality:0.03363143567827849
evidence:0.03756079417719545
theory:0.015830929404578305
frank:0.030476065187164374
are:0.0075048021198586634
deletion:0.02357552828250106
phrase:0.01904412650639247
reason:0.010397711766570148
it:0.0053362712799995635
not:0.011729766703812547
deleted:0.013670737342405979
have:0.005967905990050423
proof:0.03258450265915315
being:0.007571221517218476
desk:0.020834490399956784
only:0.005188856958246251
between:0.009038388506017143
against:0.010051676234077225
absolute:0.01807238665858057
expect:0.013448331062873105
real:0.01990345411671788
ideally:0.0230781221676766
after:0.007506668045388916
morals:0.10699017472115466
somewhat:0.01673866481464049
usually:0.012831714950142464
personal:0.02610035386144526
be:0.0022508220122080596
which:0.00502681841446505
species:0.02139803494423093
writes:0.002573005412519698
if:0.002607589181958791
of:0.006809203385570614
even:0.006533694349284146
analogy:0.020580636229262615
explain:0.013988550692656048
but:0.0025886506702350594
humans:0.017550122993212697
years:0.008676168961013205
ignore:0.017512708757028102
never:0.017151278061181795
fact:0.009331778710618051
alike:0.021997843036943996
who:0.005031334140987736
good:0.006303540277663421
one:0.011478337444851624
rest:0.012710625811178244
in:0.00207408212328199
point:0.008566287787004127
competing:0.022057249543289477
essence:0.02217885477093191
clearly:0.014142063721495736
and:0.0014855930524933457
for:0.003797846648779074
subject:0.00010387920969656924
horus.ap.mchp.sni.de:0.022568284570764523
motivated:0.022304383417695417
i:0.0007427965262466729
we:0.0052441397109492995
odwyer:0.02150043692211954
2000:0.016831313253137452
the:0.003519469307341882
see:0.013769538999308764
would:0.00725797389964495
can:0.013456280037941065
agree:0.0586878439487245
moral:0.03123855863743833
makes:0.010867618218879277
here:0.007005450994643564
people:0.023428375720982372
many:0.014421797879985163
hold:0.013501091879159611
is:0.00627251269005441
number:0.009736439098823962
logical:0.018316350060197554
unlike:0.017945493329441425
time:0.006145953190286824
does:0.00948240322441654
lot:0.01928835321607308
their:0.005889819527555308
i3150101:0.02263715452056764
first:0.007305660814751133
nice:0.01229470605741151
supposed:0.014197256853760158
article:0.0031530462269128445
testing:0.01915610691320198
difference:0.024958395695209235
opinions:0.02222264712466959
give:0.01839094374596114
answer:0.01181428421061812
upon:0.013494457520205979
seem:0.010738181147454232
while:0.01688982494847099
sometimes:0.013636211378668677
s:0.002414148952747153
