since:0.01266342799622583
read:0.04304436193477067
go:0.012312862353127388
sleep:0.03115898402970195
round:0.027852422101261005
there:0.017426183270452165
british:0.028219021137543952
anyway:0.019294391276231226
ever:0.033461038694048865
dsinc.com:0.041208201850290054
your:0.007974254570767484
wonder:0.02335675764441094
my:0.006014014312217097
to:0.006105945645972035
line:0.01787217562535436
software:0.017821429673932004
enough:0.01539334510719871
perhaps:0.01828140213696231
through:0.01499660312673941
nt:0.009038969009144792
could:0.009551323767886439
me:0.01371631241018411
sitting:0.0287328828763415
re:0.0023667120428998135
anyone:0.010588068035705007
this:0.006645347321157203
illegal:0.0260111337064765
on:0.006417833230877088
more:0.016093911719249693
a:0.0026515901123665728
how:0.01665016452188765
was:0.005604184393046744
following:0.01732477387999849
copy:0.021624126234578114
perry:0.061599577975955166
far:0.015755557418489885
are:0.008138118754445893
book:0.039363272287135105
it:0.01301982644582172
have:0.0064715267487044665
only:0.008440102773856244
interesting:0.020683699758996282
ve:0.011551479107768572
mathew:0.10188158711473722
has:0.006739078948649057
manage:0.03189290732777074
mantis.co.uk:0.0346433705699621
talk:0.0218961630863103
be:0.007322294394145206
writes:0.004185205006440268
get:0.008318822628424824
soon:0.02276578251290804
making:0.01945953918273673
things:0.014143834988229428
if:0.00424145835293297
of:0.0073838197050280505
what:0.005825582930358425
particular:0.021462350937239284
rushdie:0.03448513448005439
fact:0.015178905877397716
beyond:0.024718760743282317
nearly:0.027152789984806427
find:0.02679046503384038
who:0.008183878950847141
one:0.00622348675807356
rest:0.020674878692865876
in:0.0022491101505631703
government:0.017035537586179098
atheism:0.030501391656169347
satanic:0.07458046435366589
thoughts:0.02717736909889755
and:0.0012082196661100946
still:0.025844418762399332
for:0.004118340036861696
subject:0.00016896808159505252
however:0.015171512051879197
i:0.01087397699499085
than:0.01810887699011976
the:0.0033394120695717537
do:0.009092631884892363
when:0.008276420524327442
got:0.014000973554623887
can:0.005471936660998186
did:0.010404500274955477
maybe:0.016758943559128634
bought:0.023184074359926966
shelf:0.03472399731538887
jim:0.02143247308195487
many:0.011729120427709452
interests:0.03115898402970195
is:0.0017004596638649614
discussion:0.021758683192975893
verses:0.06695219634076573
time:0.01999379708738878
nothing:0.016169974693043727
seem:0.01746653515756796
s:0.011780435712456044
