edm:0.06931917934479681
some:0.00634530910398562
go:0.010573001368446343
studies:0.022929798349639645
there:0.009975858538882037
know:0.013411686148459803
anyway:0.016568009900242032
take:0.011552984403998387
ever:0.014366424221901415
where:0.010040526077357401
such:0.01045118045362934
o:0.01902705969456457
discovered:0.0246458299191295
to:0.003745106413290301
that:0.005656053675562122
church:0.020365629565700042
really:0.01060541164777677
talking:0.01771571293675146
nt:0.0038808616941436876
civilization:0.0634322523618322
re:0.0020322853411857095
mormons:0.02886141798569444
lost:0.019046230023466577
had:0.0083391765526203
93:0.01989682334676305
off:0.011866616564980165
he:0.008642028301740408
apr:0.020256566723032603
personally:0.021298068506013592
big:0.015085763879714985
on:0.008266448237597118
them:0.007966625932240439
came:0.016406123546075797
independent:0.022569244283679197
more:0.006909886009895249
prove:0.021341838803878247
a:0.0030358785344486846
other:0.022488717192911588
was:0.009624577544580277
said:0.011910352329692566
amusing:0.030328372421085423
college:0.022388670111786153
are:0.006988167191317668
no:0.012236366697635975
native:0.0574915599013097
ot:0.02716800715251327
book:0.0169005353841504
it:0.007453378907390695
not:0.006553369658434401
only:0.00724747955581134
historical:0.024539262139844847
real:0.013899966597816562
has:0.00578681779286169
topic:0.02373172201407349
be:0.0031438111800949527
found:0.029070875057141274
writes:0.0035938173424867517
were:0.016861992363829337
dept:0.022300584186640212
things:0.024290499218915757
if:0.003642121846540268
of:0.007397196190000927
america:0.021400753013404685
but:0.003615669686143534
asks:0.02794902193874248
mormon:0.09485459856172636
gmt:0.023028795305570844
seems:0.01280699505098412
ed:0.043132279039880456
up:0.00730141505626296
laughter:0.03280672778668866
one:0.010688162041039374
in:0.002896951661323214
israel:0.02065471504803615
or:0.010994208549506826
use:0.009036845259496457
and:0.005187464870798775
few:0.012421888591881992
for:0.0017682003419134456
subject:0.00014509215702183858
i:0.003112478922479265
mention:0.02051453703411371
tue:0.03142748582594899
20:0.01709148015437837
any:0.005561343838526126
persons:0.026373194650773354
later:0.017366369722596215
than:0.007775006968584027
the:0.004915780499928606
do:0.011711705199562446
would:0.010137496153308435
listening:0.026836008826535886
did:0.00893429914914655
americans:0.04654803012505984
claim:0.017745864373912967
wars:0.026191412400406285
leland.stanford.edu:0.02743103183111028
once:0.014581691276765793
grants:0.033053805906671035
places:0.020732727621143122
about:0.016060046418291382
head:0.037531084081040035
is:0.002920354640115912
grant:0.024592284829765304
steel:0.0289201729645217
events:0.022111678570525133
their:0.008226541405335401
plates:0.032126493314112534
although:0.017172497047580206
existed:0.027521613638095126
very:0.009474143977083953
metal:0.027254275354449627
lots:0.019829864192480222
by:0.005382801493571555
while:0.011795339705861534
north:0.02181605861364579
giving:0.020616124713527584
