there:0.006118526570514316
proven:0.03162155983131223
raise:0.0314213445839864
theories:0.10397419006759322
into:0.011938692686549244
from:0.005643815029534504
themselves:0.021576334775485453
my:0.0063347617422020094
to:0.001837598880121108
scientific:0.05630266049071844
continental:0.04102813965604731
class:0.02645446447779335
that:0.009250790011586048
think:0.009598320183523702
could:0.010060727702173717
vague:0.03902744237304506
started:0.021861632506592704
michael:0.020031301344491263
comments:0.02456003342686067
had:0.010229389904547569
he:0.021201776100269805
programs:0.023554547495296778
on:0.0067601176698572
used:0.013163090055579104
etc:0.015482159916388238
taxes:0.0317446402502438
bill:0.020636759171278118
m:0.009125431414107148
a:0.004655013752821317
other:0.009195386585546073
as:0.01066818880289358
mac:0.02287521423207424
question:0.014553240555647363
science:0.09017685936446175
explanation:0.03074661190444298
section:0.027398394170821915
are:0.008572151754683007
book:0.020731323404557824
religious:0.02447599870073412
not:0.0080388001143462
examples:0.029251861914422212
term:0.02598453195942972
being:0.025944052399001976
ve:0.01216755799351623
university:0.015668934010657692
per:0.023578834103820116
stated:0.025880633752651733
his:0.02459238722007009
tested:0.03158103285746968
without:0.014981403232016634
anybody:0.0202639676327513
be:0.007712816761832952
were:0.010342021983148661
if:0.0044676694650893954
of:0.007777623422629546
measured:0.03749061798229951
explain:0.023967050186750695
but:0.004435221481669402
parts:0.024324633409442405
nature:0.025416100948398468
fact:0.015988447524192262
necessarily:0.02591508688704135
explanations:0.039675200696069376
called:0.017881696639044892
one:0.006555406051837484
in:0.00118453134596327
point:0.014676906408400405
or:0.013486229154061707
debate:0.03026530329641305
and:0.007635948289815797
for:0.004337984838827654
subject:0.00017797971261345532
i:0.00890860633811843
pay:0.02221894707998589
the:0.0020100080266374745
quote:0.02689971941693726
got:0.014747692144203827
can:0.017291319848754268
nobody:0.026721931103056186
come:0.016007957829796058
middle:0.02678066863427055
is:0.0017911508459377595
clinton:0.02443437525646955
threads:0.037791420884169306
gave:0.024745826086919283
christianity:0.025644322092680083
alexia.lis.uiuc.edu:0.08109200382436628
events:0.02712365904651083
illinois:0.03212813254449838
cobb:0.1566082263725043
various:0.023763859855701258
plates:0.03940849846531138
terms:0.02566092650142976
give:0.01575490847570671
by:0.006602903165447775
mike:0.021302746859718023
god:0.0176878548785015
everything:0.04119549978564338
3rd:0.029425031823777283
