another:0.024368190443830536
land:0.043699256544920184
all:0.01048426187523397
chris:0.04216205761449781
from:0.009302991806925008
cash:0.05583435678816788
then:0.017537146700833003
direct:0.04388764420411181
that:0.007624277482076414
nt:0.015694034103789858
eve:0.06474567784549017
could:0.016583617091495136
re:0.004109236294265611
he:0.034947982582862316
two:0.02049219156761881
these:0.03640958182635039
set:0.02911444597940573
you:0.006107681202293647
apparently:0.04163363798078751
came:0.033172821236021395
a:0.004603859755537567
beings:0.05574083272588317
was:0.00973034213298226
seth:0.06848552186677812
adam:0.10207919497264192
sons:0.06179772194884535
are:0.01412992047475221
brian:0.041055796865700864
yeah:0.0434529938921775
not:0.006625384709625988
hundred:0.050564322939136166
have:0.0056181386060181636
being:0.021382460768408225
only:0.014654244376585569
genesis:0.06043181297436648
able:0.0289831343528645
after:0.021200150413900564
free:0.0317308548804916
be:0.006356717111400784
writes:0.0072666196815116746
were:0.06818915593284831
of:0.006410129194474901
but:0.007310804640114399
humans:0.049564633068743556
years:0.02450302662615817
saying:0.03314895801059824
they:0.010251864005579602
who:0.014209372244328004
in:0.0019525241966427526
and:0.01258672795024582
subject:0.00029337315265954173
developed:0.0465637179804949
physical:0.04689177252060128
agency:0.04807736550973519
the:0.002484900032930944
gods:0.05325151789842767
because:0.01939255273510455
did:0.018064956521351268
moral:0.04411159104297611
human:0.03522903704655578
e:0.034185601055536564
days:0.03272805081923267
their:0.03326777183696075
wives:0.19974431105283863
article:0.008904756926556056
eight:0.05386217560342559
by:0.010883906316672156
s:0.006817981108307894
