sent:0.01718543246864305
some:0.005455779790342776
frequency:0.023359408018983372
go:0.009090804914925827
at:0.012349976810108847
infinite:0.02416014751429498
say:0.026601097770105747
there:0.004288686848491343
probe:0.10404550062626126
gap.caltech.edu:0.024667066406790637
ever:0.012352439517896543
with:0.008198514627890851
way:0.008095200091338987
much:0.008164471353083791
from:0.003955945114159699
wrote:0.012035397078004023
iastate.edu:0.04491726915988228
longer:0.03172159820910444
approach:0.019234825490345026
single:0.015193582572487731
to:0.0038641097946471893
stop:0.015532491189629145
hole:0.021808180700687865
respect:0.019099804621187478
heaven:0.020346554562450214
t:0.012038659135516083
ai:0.02267601783057148
die:0.01760632883846892
that:0.0032420993031259514
quite:0.012412146645371033
cco.caltech.edu:0.021031617525963654
nt:0.010010446986763157
suppose:0.018009995259958736
re:0.0034947710540015934
wait:0.017156073855654756
saints:0.027532040579157032
on:0.002369200117940607
detect:0.02394673612722401
detected:0.027715314939686386
particle:0.029800768690286476
holes:0.022398338295661194
fun:0.019234825490345026
more:0.011882420802062858
a:0.0032628601071177455
was:0.008275337701882109
as:0.0037388512159673756
red:0.016881396985712855
given:0.013027044669071406
allan:0.023039465031705515
observe:0.026210251859456885
are:0.003004258792529091
those:0.008672503057418504
d:0.008513290758771193
it:0.008010640881775045
not:0.002817336488672733
zero:0.021652403035886034
precise:0.026417970376143022
cry:0.026941882984183707
shift:0.02264433705026597
laugh:0.02370287746754845
only:0.006231477748921899
energy:0.02142806089015538
keith:0.03682679503850156
kind:0.012876292976462896
able:0.012324603860330229
towards:0.019484939884810936
be:0.005406179973247395
writes:0.003090011172979263
get:0.006141934463977206
of:0.0009086008671296198
what:0.0043011313224141645
but:0.012435200415895518
years:0.010419511322338286
distance:0.02205203936036343
never:0.02059756290525103
well:0.007863868739034321
they:0.004359437497699736
who:0.006042303150625459
universe:0.02070773061058875
good:0.0075701394923341075
rest:0.015264630062957049
in:0.0049816738848922565
yes:0.012461896591139667
reaching:0.025820618172825802
rather:0.01202562454632179
better:0.0104496068752402
and:0.0017841000677139712
for:0.0015203217893087569
subject:0.0001247521350094313
outside:0.01684474662374544
i:0.002676150101570957
period:0.017715005764470167
away:0.012939175637026496
walker:0.022772369639930057
any:0.014345148592833748
actually:0.011422028631313478
will:0.010591638737413872
event:0.07762132613452284
than:0.006685052720651687
2000:0.020213306103066937
the:0.006692199621398134
constant:0.023178964859507763
do:0.0033566257892826946
see:0.008268157763603626
closer:0.02178185444966798
got:0.010337167390797075
would:0.030507231414629122
peter:0.034410215708653796
meant:0.019026445230799147
bh:0.03114507744006115
increasing:0.02382321623438216
forget:0.01794024923090885
an:0.008391571388427445
radiation:0.026143014768559222
observer:0.13173849960584266
is:0.0012554795649096443
having:0.012228464450562436
time:0.007380887709830437
keep:0.024760883963793653
schneider:0.023742647045435872
unless:0.014383464606263977
position:0.01608805120192622
article:0.007573204488940196
warren:0.026143014768559222
close:0.016237912225095984
sinners:0.055619440228134635
black:0.03298647061910222
s:0.00869770487181334
