mark:0.06985172009981838
there:0.010671848669501714
know:0.014347385182073277
all:0.0110938119842592
happen:0.0393213049554339
atheists:0.04856597342335582
further:0.04125388838466729
followed:0.0516853221046893
from:0.009843863423606693
to:0.006410228651585259
apart:0.05356579581036144
been:0.03412186947026603
that:0.008067549428708763
think:0.016741256134052966
nt:0.008303238973516727
its:0.024044471581792674
re:0.004348145381141518
anyone:0.019452497088853386
this:0.012208893915614395
appeared:0.05529655892196103
something:0.023147224618180497
recently:0.03848036703008941
on:0.005895451456270813
great:0.029316868473635776
letters:0.054532660558409926
m:0.01591645014088456
sure:0.025372604885572133
a:0.006495368027192535
idea:0.06447386733164549
religious:0.042690695408257186
should:0.01910246677015674
have:0.0059447745714843354
due:0.03854816842905212
university:0.027329536065100624
gene:0.0625254916728657
types:0.04763833967419627
has:0.024762197067129094
be:0.006726293687645015
writes:0.007689097569971655
get:0.030566836634677262
if:0.007792446741434991
of:0.004521874082924155
what:0.010702815151123618
central:0.05326058387925753
up:0.015621632213399822
now:0.019208306952072606
in:0.004132086090569546
atheism:0.056037440484590195
or:0.007840830903524248
subject:0.0003104297313025383
i:0.004439504819660347
suggestion:0.05381586796409357
we:0.03134288152823186
possible:0.02996478631354165
mention:0.0438915676078712
column:0.06724020223226296
any:0.023797378285786215
the:0.002629370965078092
do:0.008352533940773217
start:0.03276234985909898
would:0.01084476332679507
needs:0.03894589026359706
about:0.0114536765153706
done:0.03079841338861277
does:0.01416847458532006
s:0.0072143753587909105
