go:0.04388193049159685
music:0.06927305924347495
bbs:0.030428892118463616
there:0.006900593876519905
all:0.014346884671372798
damn:0.03234463802528276
ncsu.edu:0.08889134992175499
your:0.009473174602866636
with:0.004397198321725919
hell:0.05132903645837437
someone:0.016567354245586616
wrote:0.019365225373630533
post:0.019417878228805866
except:0.024243318939878297
my:0.007144468130303017
to:0.005181199849965529
stop:0.02499212868105742
slack:0.04627233795794809
most:0.013959364390729607
legal:0.028415903713033267
v:0.028922167773699336
terminal:0.03589621203233685
re:0.0028115827276554172
had:0.011536905907384475
you:0.01253681930997117
used:0.014845590288247109
state:0.019982807420606135
bible:0.027059650389904485
28:0.03325237145299809
arts:0.044901499185061214
a:0.0010500031021401467
was:0.006657602512040493
part:0.018415203852731404
nc:0.03938293395889429
are:0.004833920162415229
reason:0.02009181897750773
place:0.020446824190349062
it:0.005155720747969503
not:0.009066315918435562
probably:0.03589810097788283
try:0.018318719340927762
left:0.02198800889850046
departments:0.046086679216667106
be:0.004349332760432115
writes:0.004971897676823777
po:0.03923404202433655
of:0.0014619592899679597
even:0.01262525900575959
safe:0.031223616151856932
wayne:0.035132454191600604
believing:0.0371265084517489
year:0.018607223430147757
again:0.018359918331639233
they:0.02104329980092655
david:0.018770264957477398
box:0.023823601584260203
one:0.0073933150960573115
bob:0.027699285819767668
in:0.006679688041146258
satanic:0.04429967431533537
consumption:0.04538675122368957
use:0.012502101712386075
and:0.001435328625905225
for:0.009784928207881924
subject:0.00020072899918810748
i:0.0043059858777156745
group:0.020279067178997332
will:0.017042185637643373
the:0.0051005842781214105
rock:0.07328251282624108
did:0.012360233409345604
liberal:0.036853067518133296
wam.umd.edu:0.041545957060035506
william:0.030613979544293363
countries:0.03169533299872478
just:0.008829989198991623
jesus:0.02611428135107373
people:0.011317843158444491
warning:0.032256697876687335
prepared:0.035802225846139624
is:0.006060284817082644
their:0.011381079838960254
run:0.020126574649529282
temple:0.041958049063757274
eternal:0.03467662996741689
mass:0.03166833549398246
loaded:0.035089854661257164
psuvm.psu.edu:0.03758581440648452
leave:0.026565279130033956
article:0.00609272842343309
919:0.042172886450554684
holy:0.034059356567513126
playing:0.03011556357409844
god:0.019948708509588155
s:0.004664934442526453
