read:0.022009738465028364
believe:0.042187803501560005
choice:0.036624880335131484
there:0.008910475588127645
someone:0.021392797229738057
entity:0.10755408367605558
to:0.005352229747925556
that:0.006736012144358773
think:0.013978136189597623
nt:0.013865602946066766
could:0.029303090394680723
me:0.010520278450529559
anything:0.0450726436955224
re:0.0036304903182346653
so:0.009920491236746796
he:0.04631455944233695
you:0.04316885354630849
them:0.01423164244206059
why:0.017278860001495207
a:0.004067487745183675
christian:0.03112468321588908
morality:0.041957664899599866
sig:0.04581685847687159
kevin:0.08748664704504301
d:0.017687807984243062
it:0.003328693492621087
not:0.005853495228892862
have:0.009927196371799084
made:0.022578442251631078
whether:0.027742316358075964
between:0.022552095592683546
exists:0.03622944721377043
love:0.12707640544393975
free:0.028034056253638206
writes:0.0064200232137627405
of:0.0018877726753955208
believing:0.04794005460274372
but:0.0064590604101981575
fact:0.02328414687989164
they:0.009057472082599452
in:0.005175136948383218
minute:0.043421964799935625
or:0.013093426363166703
rather:0.02498527818362003
and:0.0037067710144736876
still:0.019822418274073272
for:0.0031587268243890676
subject:0.0002591937562331873
cause:0.030616515857689965
i:0.0018533855072368438
directly:0.03526699345142116
the:0.0014635980776486464
do:0.006973960377732976
would:0.009054850933052194
because:0.03426645240571871
wants:0.03417995303489076
an:0.008717457655939191
about:0.019126527773240223
loving:0.05066143290521127
is:0.005216944211469202
does:0.011829988488713836
existence:0.03950047433957888
wanted:0.029564660092680602
him:0.02326713886760493
show:0.029223967667328467
article:0.007867309517636902
difference:0.031137415988683362
god:0.051518023917965526
s:0.006023653212194352
