some:0.007630959968191857
okay:0.02814226232354573
cite:0.03423483801655517
believe:0.04260140941824197
at:0.005757941257872099
folks:0.024204025165325348
all:0.006235737455204518
true:0.016884188184038213
your:0.00823485112536773
arguments:0.027186409380276808
equally:0.03132839474033658
from:0.0055331519897397095
wrote:0.01683382336400563
to:0.0027023512942957466
look:0.015497832184809874
then:0.010430590521410479
that:0.013604102958214776
son:0.027889877773690955
nt:0.009334360153234491
suppose:0.02519045088647823
me:0.007082278956892449
account:0.02663254514200824
re:0.002444055573713533
bil:0.03656604680046846
fallacy:0.03850886721529154
this:0.006862515534266915
mean:0.017277268345293206
you:0.018163365666951696
tell:0.015751797736094465
great:0.016478762671455406
8o:0.08659117094971022
bill:0.040464233669172775
why:0.03489652117949032
a:0.001825495589341693
hard:0.017674728121408557
same:0.025386841183380554
y:0.027865167166894186
christian:0.02095321811265736
basis:0.024360838412013065
as:0.005229504315143911
ar:0.04006227670468448
sig:0.0308440289092665
whole:0.01955500310475353
logic:0.05428419540126761
reason:0.017465437411820443
it:0.01568619613189414
not:0.007881176582692351
should:0.01073733426296392
admit:0.026798021011186605
conner:0.03463925241994137
okcforum.osrhe.edu:0.036660090836103096
yourself:0.022916827917480995
be:0.007561585060620541
writes:0.004321976411879492
things:0.014606051817910129
if:0.004380068103028819
of:0.006354267502148322
in:0.003483915723421382
st:0.02507677936548562
thoughts:0.028065518415854987
use:0.010867840050636263
for:0.0042529263125761305
subject:0.00017448991432691697
dismiss:0.03838436920894713
i:0.0037431119067724496
possible:0.016842951784082235
face:0.023459291444088627
silly:0.030539976519495953
any:0.013376304134494213
the:0.0029558941568198155
do:0.014084665076597974
gods:0.03167247142978378
can:0.0056507581205079305
because:0.023068265345026328
koresh:0.10677643473578437
just:0.023027226734625213
here:0.011767326180545072
jesus:0.022700649801913764
many:0.012112425016850285
different:0.016517757503341488
ma:0.026217110622467427
is:0.012292211687808152
argument:0.022998310066272693
does:0.01592795835735327
words:0.021619994323577613
article:0.005296293335402621
very:0.0113937417763624
by:0.00647343447592919
god:0.034682068389218626
s:0.008110278181124423
james:0.022611723971483838
