at:0.012585214463634729
bbs:0.05781489502508087
andrew:0.05379225941674284
50:0.049302618416120436
shield:0.0859208429433134
ncsu.edu:0.08444678242566724
with:0.008354676811279247
wrote:0.03679392820989801
my:0.013574489447575732
to:0.001968855942986901
slack:0.08791744212010137
trust:0.05927668948169047
legal:0.05399021705476321
100:0.04826445855472959
perhaps:0.041263736252000645
been:0.020960576960306274
considering:0.05721957079078704
debt:0.08472967710132695
re:0.005342007182545293
this:0.007499749119591699
possibly:0.055385052334247724
used:0.028206621547669508
28:0.06317950576069638
more:0.018163128940296085
a:0.003990011788132557
nc:0.07482757452189916
doing:0.03829575578807593
has:0.015211063912665013
be:0.008263732244821019
po:0.07454467984623944
of:0.005555445301878247
freedom:0.05697183543312294
wayne:0.06675166296404116
what:0.013149172899951874
years:0.03185393461400562
beginning:0.05785838277338413
good:0.023142997876564275
box:0.04526484301009439
in:0.005076562911271156
government:0.03845164198023282
our:0.06370786922801124
replace:0.06280518615506747
or:0.00963302082432979
consumption:0.08623482732501019
for:0.004647840898743914
subject:0.0003813850984574042
i:0.005454248778439855
we:0.01925348436734243
ol:0.08098161618036279
the:0.002153580028540151
risk:0.06128772596570594
start:0.040250886969750176
would:0.013323566372919657
countries:0.06022113269757709
warning:0.06128772596570594
is:0.007676360768304683
appropriate:0.05777153925800724
temple:0.07972029322113883
mass:0.060169837438566666
dog:0.071079513600935
919:0.0801284842560539
holy:0.06471277747827495
past:0.0471930635271909
