some:0.013118391855430945
at:0.009898483286004843
out:0.026475889866976625
mark:0.03374858386845157
there:0.010312123433451094
all:0.010719863265688665
take:0.023884821689165208
ever:0.02970137142505461
atheists:0.04692891813942248
with:0.006571094121230869
blew:0.06286073214013116
to:0.003097076764249058
that:0.0038978047801626605
vice:0.06054778771087106
laid:0.06404455815875844
could:0.016956282644113002
re:0.004201578682900792
bobbe:0.1311408363435632
this:0.005898679082824932
on:0.017090185120425504
you:0.006244932465266538
bible:0.040437455077048275
m:0.015379940585573843
more:0.01428560703169355
paint:0.05483433451978792
sure:0.024517348541114644
a:0.0031382115187559437
christian:0.03602070080041096
as:0.008990046744011443
said:0.024623649760263284
likely:0.03715066072954751
religious:0.04125168320348447
einstein:0.06318643480162839
vice.ico.tek.com:0.06497367856151251
have:0.00574438891177138
due:0.07449758393030298
stay:0.04436738840737283
robert:0.03590350594334498
types:0.046032552943605386
writes:0.007429914505815307
get:0.014768246913383397
of:0.0021847256805139176
beauchaine:0.13073592610754795
biggest:0.054297360768817714
they:0.02096448594399424
up:0.01509506034103803
now:0.018560835931216227
bob:0.04139331476437191
in:0.003992802289763831
context:0.04666001065389856
atheism:0.05414853799634558
and:0.004289858589784155
subject:0.0002999658077754865
i:0.0021449292948920776
group:0.030304673424793763
away:0.03111217512723225
we:0.015143189951842358
ago:0.032147929498479146
any:0.011497609733582104
eyes:0.04855774701863805
the:0.0033876539774788895
do:0.008070987852881985
quote:0.04533660575888302
would:0.020958419013581486
an:0.010088743129907153
discussion:0.03862777465719316
right:0.021796332514497748
time:0.017747303032625995
him:0.026927138240037164
atheist:0.05134944768491333
theists:0.06536796305377397
article:0.009104863823782033
god:0.02981099136826095
s:0.006971194166921554
