read:0.029064141819204123
chris:0.0491890672169141
myth:0.14535161878526653
to:0.007067688000465799
speak:0.0459670873671589
nyc:0.07603945380888316
make:0.04513026880383855
nt:0.0183097064544215
need:0.04926158952557016
re:0.004794109009976545
kmr4:0.07118770463298259
posts:0.051577147079085534
you:0.02850251227737035
friendly:0.06640591421037136
bill:0.03968607532938099
m:0.017548906565590668
christian:0.041100543220981736
absurd:0.13305487313752587
have:0.006554495040354523
only:0.051289855318049485
keith:0.05051880857845727
conner:0.06794622590065422
free:0.037019330693906866
which:0.016562722211763047
writes:0.01695544592352724
kill:0.047367078289787
whatever:0.042371289471196956
of:0.0024928280200735725
ryan:0.05698638078209333
in:0.004555889792166422
po.cwru.edu:0.12225452787915911
for:0.004171139268103512
subject:0.00034226867810279864
i:0.004894838647317819
any:0.02623813503304634
will:0.014529555703888261
agency:0.05609025976135771
the:0.0019327000256129563
do:0.009209204088544828
serve:0.053680879380784356
moral:0.05146352288347212
refer:0.05745907995912317
jim:0.08682899351150947
religion:0.0910649041785311
is:0.003444520857572614
halat:0.3254662995412591
does:0.015621651465865707
created:0.048693526775448984
article:0.02077776616196413
appear:0.10124865559631237
s:0.01590862258605175
