some:0.015464064571302704
obvious:0.025474492145046438
out:0.007802497344903707
dan:0.026316579399915618
committed:0.02934737980573505
posting:0.021848930840769807
all:0.006318330004280074
saturn.wwc.edu:0.07753796497955971
where:0.01223481323333617
your:0.008343922001200415
900:0.03641917205739966
way:0.01147266767911618
correction:0.035842937772700124
my:0.0062928096776841145
to:0.004563573377784208
die:0.049904031409699984
make:0.011656162141388766
that:0.0022973816253938862
technical:0.02540892213853841
think:0.02860426544758719
nt:0.004728997031274427
re:0.002476427170716361
this:0.006953409779753894
he:0.010530683493511491
suicide:0.03424020905999421
you:0.003680788009329284
tell:0.01596043081869174
disclaimer:0.024861294881286005
support:0.01813878350684441
more:0.008419993548481629
a:0.004624185847173494
contrary:0.03061420249962058
was:0.011727962041077955
accepted:0.027893302123838854
belief:0.027281558281911606
widely:0.032555276273932635
also:0.009824484315758717
died:0.02686227166327368
are:0.008515382537764576
lie:0.09059397365131877
it:0.004541131519734728
conviction:0.037050365301136916
not:0.011978344541244336
texas:0.02627926934880134
try:0.016135030942671474
aix:0.038295744317712675
able:0.017466657126560724
earlier:0.02613209625751187
be:0.003830869252566035
writes:0.013137663397699915
were:0.010273531771339729
if:0.008876164500177607
end:0.01790883048063251
of:0.002575371994248194
lawrence:0.0314121455277936
but:0.008811698307952453
1978:0.03818253614977029
alone:0.02542525387691718
they:0.00617827565899168
waco:0.05145265840385763
now:0.010939830449524797
clear:0.02183940888865307
one:0.006511992766725976
in:0.009413494140105456
point:0.014579708352715633
thoughts:0.02843724713659479
and:0.0012642298493072512
for:0.0064638846936173645
subject:0.00017680103901998871
austin.ibm.com:0.034557136352561336
1972:0.038768982489779856
i:0.005056919397229005
example:0.018618272475217912
employer:0.029934373664785595
back:0.013949382252102897
any:0.006776736862839783
actually:0.01618751077550387
than:0.009474180676950075
the:0.001497522536402092
do:0.00475707231063905
would:0.006176487722545537
liar:0.03841092142176479
did:0.010886828102271293
thought:0.017778717915176906
just:0.007777407705072092
people:0.0199373925837499
expressed:0.02721694785180985
f:0.049221605541812555
is:0.0035585778396114423
yesterday:0.029114986959302803
questions:0.020027657862553058
events:0.02694403216540811
light:0.023127249574876114
guess:0.019842101079044064
solely:0.035534858198959116
article:0.01609932874801194
very:0.011544652263466538
opinions:0.018911325533245312
killed:0.024190629117005865
answer:0.02010775524588647
mike:0.04232333813189011
mine:0.021624099634436993
represent:0.03182879337819473
s:0.004108849542092836
