read:0.019543129843947602
inner:0.04798650244400843
discussing:0.04195143672500395
with:0.01008323063430254
fred:0.07988990085654503
post:0.022263601762337763
to:0.005940513621081168
kent:0.03966683954708095
most:0.016005133310060673
been:0.012648624027771027
that:0.0059811142316289105
sandvik:0.04309408031088312
quite:0.022898270535425876
really:0.0168223770964735
re:0.0032236250239497458
complete:0.031924274571506706
islam:0.28265789416504766
reply:0.030958590684096073
path:0.0764815281217399
recently:0.028528547970583528
on:0.008741531469642929
am:0.014089106523287634
a:0.0036116486013268835
how:0.011339336183009693
was:0.007633285638805048
as:0.013795071727879627
related:0.03322533608302732
others:0.023244208819555138
are:0.005542339496562289
it:0.008866950769137205
not:0.010395000147861464
discussions:0.04137651108277402
have:0.00881466574392505
yoyo.cc.monash.edu.au:0.05130413883112419
things:0.01926487869086422
if:0.005777158791063873
of:0.006704847778128919
short:0.029853257462252307
seen:0.0223488352639858
but:0.005735200191813882
associated:0.03922237567065984
fact:0.020674716626110683
darice:0.10568152303132285
they:0.008042410556101238
who:0.011147007536498691
one:0.01695363634095901
rice:0.09290953631495733
in:0.006126886272223809
or:0.005813029807785218
and:0.0032913570214723265
word:0.02645583203589154
subject:0.000230146180103606
i:0.0016456785107361632
the:0.0045485095430373886
different:0.02178635256906248
general:0.025417503130065095
is:0.01621300334685041
number:0.021571248693084123
move:0.030489871685974286
lot:0.021366839554011988
somehow:0.03665615018974289
him:0.020659614684166445
submission:0.15729052465933113
seem:0.023790625473239117
god:0.06861667840797996
strange:0.0757993626009435
s:0.005348588628069123
