basically:0.015093102108645716
seemed:0.01622724190897575
some:0.0044905264428205935
trash:0.02186237430446677
dewey:0.0795999395002453
go:0.01496486347533944
feeling:0.01679475711765201
at:0.003388326970978581
there:0.007059838350593442
all:0.007338983312663779
take:0.00817595819359886
atheists:0.016064129670802313
hell:0.013128388171084214
such:0.014792440026675374
from:0.0065120942648475046
reach:0.01676270565011684
post:0.00993299155550454
my:0.0036546702358857745
to:0.006890995800454155
us:0.023767804455980725
enough:0.018708834822595357
offset:0.02376745675535149
make:0.006769540320575784
that:0.008005491356180235
really:0.007505368243042023
nt:0.002746455968163225
could:0.005804265982023298
its:0.007953171369362194
re:0.004314698108978891
started:0.01261248029226502
greatly:0.015011265960771545
cease:0.022735672191525797
this:0.0020191632245054577
these:0.006371676819611318
certain:0.012678134583694265
on:0.007800135772912153
mainstream:0.021984484682599777
them:0.005637919890508619
came:0.011610487432607489
posted:0.013128388171084214
m:0.005264671969677201
why:0.006845086846746179
more:0.009780146352467123
stable:0.01931853398813845
a:0.004834052743314445
other:0.005305030722430427
want:0.00727922295273916
was:0.006811239493087582
bring:0.014589872874188753
standard:0.0234157272343249
let:0.008865914395203173
also:0.005705758198767563
frankly:0.021744021771133104
learn:0.014653900695085507
sci:0.021984484682599777
are:0.0049454721661632735
those:0.007138137131875231
it:0.005274698919076492
being:0.014967722537885756
postings:0.05315375122720482
mathew:0.02063755226170318
real:0.009836899438454798
sites:0.017518589891640377
status:0.016925702661535535
talk:0.01330612987552703
johnson:0.017759052803107044
be:0.006674552966970823
which:0.004968816663528915
writes:0.002543316888529086
get:0.01011056904070094
watched:0.019166492300612927
if:0.002577501614474651
of:0.0044870904361324305
even:0.006458305568330869
opinion:0.012728121402260343
what:0.003540161934602428
but:0.005117563248080079
tend:0.016383092668228207
selfish:0.023391924180105658
groups:0.042459064597919906
must:0.01782661867291921
they:0.010764457205858582
find:0.01628035952056454
now:0.006353516914916324
in:0.0020501504064748904
fear:0.016560638982701912
or:0.0025935056065503285
world:0.00969711803358722
alt.atheism:0.043372367562538976
and:0.008076483768074402
risc:0.0229688438138967
few:0.008790875003485719
usenet:0.01570845626401443
for:0.0012513417804310538
subject:0.00010268060343083961
i:0.00513958057968371
suggestion:0.01780063324966172
group:0.02074704565235881
we:0.020734521626368768
established:0.01782159326799851
grow:0.020184540586101706
will:0.013076600133499436
exist:0.01398663259921579
than:0.005502312623921005
the:0.0034788600461033215
see:0.006805329851581447
when:0.010059034175721047
level:0.013540519856129803
would:0.0035871140234783696
agree:0.011602135303709382
regards:0.015882183065429475
forward:0.016637105792524327
put:0.009567151152102998
come:0.009235360286420802
imagine:0.015145148286409471
rules:0.01584428961757174
places:0.014672391854962828
here:0.02077385660334688
many:0.0071276962599157445
garbage:0.02050861883078532
is:0.003100068771815353
core:0.018963251987634544
having:0.010064966893924467
else:0.009717508558992527
hardware:0.013652619706440584
time:0.006075038345783514
lot:0.01906579529434916
512:0.020425003497568373
warn:0.022307881287255703
x:0.011712153805946549
first:0.007221364728427082
too:0.015019368214342282
volume:0.03405384615628164
every:0.018708834822595357
psuvm.psu.edu:0.03845317935432648
show:0.011577187191287818
article:0.0031166649242946195
already:0.011176101235759045
bad:0.010540773256716861
past:0.012705824795782169
going:0.016752428338843713
needed:0.012830087269753928
while:0.008347471176455856
john:0.010313378459930175
s:0.009545173551631052
