edm:0.03188682249860653
go:0.009727161258970636
know:0.0061693756282915095
help:0.010700463600208985
send:0.02933347120876223
thanks:0.009966933224580815
your:0.006299661110906313
miller:0.023808480187682852
though:0.0124277210080534
into:0.017908039029823863
from:0.004232861272150878
my:0.004751071306651506
to:0.0055127966403633235
look:0.011855841621379553
most:0.009282977319835189
depend:0.025623007656129692
enough:0.01216074263468698
mail:0.01532157752417928
been:0.007336201936107197
that:0.0034690462543447683
pittsburgh:0.022112827016243734
kinds:0.022799483368915224
nt:0.0035703927586121925
could:0.007545545776630287
me:0.005417943402022724
wanting:0.02762806144492361
re:0.0018697025138908526
anyone:0.008364573748206957
this:0.00524982438371419
largest:0.026828817940214134
age:0.020613943129568105
these:0.008283179865494714
on:0.007605132378589349
you:0.019452964629305267
books:0.07301475826092321
went:0.016312306326180418
none:0.018112551162106468
them:0.01465859171532241
sure:0.010910220100796017
a:0.0020947561887695925
hard:0.013521167012877547
want:0.009462989838560908
classic:0.025578562919043462
was:0.004427305670506928
copy:0.01708305972531671
andrew.cmu.edu:0.0407477940672726
section:0.020548795628116436
are:0.0032145569080061277
reason:0.013361059620042639
it:0.0034285542973997198
not:0.006029100085759649
authors:0.025713100183643083
fate:0.028117963486724632
have:0.0025562530657382643
ve:0.027377005485411512
area:0.016042335223296737
kind:0.0275552669696306
has:0.005323872369432755
topic:0.02183318425294761
list:0.029116285969215797
be:0.005784612571374713
noticed:0.040562030211543254
writes:0.003306311955087812
if:0.006701504197634093
of:0.012638638061773013
what:0.018408842059932623
but:0.006652832222504103
year:0.012373803581048259
street:0.019940142401593027
order:0.01402158430566246
please:0.009577076784526274
ed:0.01984084835834501
find:0.03174670106510085
up:0.006717301851761923
pick:0.02010027253519007
box:0.015842695053533036
author:0.020220038740302534
email:0.013719493294839704
in:0.002665195528417357
and:0.0028634806086809237
for:0.00325348862912074
subject:0.0001334847844600915
i:0.006681454753588823
appreciated:0.016923810595881213
we:0.00673871952856985
any:0.010232872662888073
chamber:0.031160912449384043
actually:0.012221570635505424
alternative:0.021770813381821734
the:0.004522518059934318
do:0.007183179189064966
quote:0.020174789562702945
got:0.01106076910815287
would:0.00466324823052188
can:0.004322829962188567
country:0.016853770540100663
once:0.013415155974624532
drop:0.04329671656356051
an:0.008978981385617367
thought:0.013422932025958564
entire:0.01864709111344401
is:0.0013433631344533196
deal:0.016481574958802547
else:0.012632761126690284
carry:0.01946228924966653
does:0.006092444071687626
man:0.014490246693975995
paper:0.019283241986182975
various:0.017822894891775944
every:0.01216074263468698
atheist:0.022850504219786433
supposed:0.018243475057081803
written:0.01791759469228055
ann:0.028267228302473035
bad:0.01370300523373192
by:0.00495217737408583
seem:0.01379856277447869
while:0.021703425058785225
s:0.006204362808560183
