seals:0.06885125873412241
with:0.006645765645335765
from:0.009620139254888358
to:0.006264541636776504
that:0.003942098016300873
along:0.03970410694478676
re:0.004249323895206484
so:0.011611484061192274
30:0.03889892584515785
2.0:0.05329328190935516
he:0.03613939108000535
apr:0.042354639511795446
something:0.022621151331403667
messiah:0.06325493503982929
bible:0.040896971612014735
a:0.0031738730132872617
was:0.010062058342061201
finished:0.056196143211024105
those:0.021089950616904093
it:0.003896084428863318
have:0.005809666058496055
date:0.04065680897481049
decent:0.051199571850224036
mathew:0.18292375868327815
expect:0.039275239581345316
robert:0.036311500329064814
has:0.012099709930528989
mantis.co.uk:0.062200597159704676
writing:0.09096497148062806
be:0.006573423376562174
which:0.014680594687699066
of:0.0022095521087015756
lines:0.040149796866983146
seems:0.026778262379330432
latest:0.047344847730144905
up:0.015266595117640735
over:0.022794781278629068
seven:0.1095277245835172
or:0.015325260402342849
and:0.0021693034914249424
for:0.0036971461694553865
subject:0.0003033745101365716
i:0.0021693034914249424
any:0.011628264389645537
psilink.com:0.07082025556678191
will:0.025756939656892828
the:0.004282687556755983
around:0.026899936740382224
would:0.010598291433004274
once:0.03048899085141939
fri:0.06611078081574867
maybe:0.030089921390253682
come:0.02728629175533419
an:0.010203387938201554
koresh:0.13923404415830973
is:0.0030530980328484533
himself:0.04253160739205646
pages:0.05109082808867687
1993:0.034427906852387925
16:0.039624917520740245
first:0.021335850333989104
already:0.03302029910565172
written:0.04072180611881943
give:0.02685495762904553
assistant:0.06357505864172357
built-in:0.06424370068743872
handed:0.06459337862683365
god:0.030149752633809375
s:0.014100824564909508
news:0.034873596774584306
