go:0.01835313445088799
say:0.035802735363538556
dbstu1.rz.tu-bs.de:0.10976884361860158
jaeger:0.10943488933370722
benedikt:0.052915036772865784
situations:0.045099107259377984
buphy.bu.edu:0.05505440771026945
someone:0.02078734070436811
to:0.005200751547512569
he/she:0.05653729057368844
that:0.009818055436824815
re:0.003527740592246892
happened:0.031814159422060666
so:0.009639722616838868
rosenau:0.054077608852337
had:0.014475551751718255
this:0.004952664512937915
on:0.004783102124898961
you:0.005243386692535112
gregg:0.05225505008789493
assume:0.032749892031029966
why:0.01678983566183025
a:0.006587283612482996
member:0.07529996080653883
was:0.00835340692548477
as:0.015096493589000348
question:0.02059420833346325
prevents:0.056144151928400055
are:0.012130403426438216
no:0.01062024279417462
those:0.01750863824799585
religious:0.06927169443603995
not:0.005687830269584574
disagree:0.04007914172565277
being:0.018356640848350453
has:0.010045042206476895
free:0.027240639567214484
which:0.012187663514316206
claims:0.03543703467555402
charged:0.04970178701903444
writes:0.0062383244435619085
if:0.006322173771352918
of:0.005503035440539773
even:0.015841126865717224
rushdie:0.05140237026272258
they:0.008801128533091921
who:0.03659583606322212
in:0.003352447205556424
for:0.003069328895396924
subject:0.00025185808388696507
i:0.003601862400856508
event:0.03917680139808464
the:0.006399789707454223
when:0.037009654042747246
law:0.05673285141969747
here:0.0169849142039943
religion:0.1675250595737129
is:0.007603942270490488
right:0.01830069428104056
applies:0.08984332146295415
judged:0.05225505008789493
followers:0.045279955524545154
define:0.040327885837357885
i3150101:0.05488442180930079
nothing:0.02410241510849914
article:0.007644649814307556
