out:0.01707503042145594
entirely:0.060233696321466856
atheists:0.06053150310737103
with:0.008475759083906484
such:0.027869814543011573
to:0.003994780174176322
perhaps:0.04186176141507312
that:0.020110413068665324
cco.caltech.edu:0.06522849493559743
huh:0.07244801907336873
re:0.005419427576495225
political:0.05224312720987717
jon:0.060135771937946864
you:0.008055057817517709
a:0.0040478380459315795
failed:0.061410120814855584
morality:0.2505298251976108
died:0.05878555103122211
allan:0.07145573212731857
are:0.01863511251018045
ones:0.0491685504402443
keith:0.1142164367860773
left:0.042382683818848715
naturally:0.0743995681334594
writes:0.009583512913298006
of:0.002817979500952734
what:0.013339740623139583
chance:0.05210228301467542
point:0.03190631827913131
yes:0.03864994015223027
solntze.wpd.sgi.com:0.07493147200085691
and:0.00276664793109268
subject:0.00038691241872490284
we:0.019532520372666232
developed:0.061410120814855584
livesey:0.14853917481814313
the:0.004369582666603206
did:0.02382479773105747
an:0.013013016500894736
about:0.014275596816259008
entire:0.05404953945925799
is:0.003893806186821216
time:0.022891448839184255
schneider:0.07363661547425039
dance:0.08685438841755036
every:0.035248529375904294
natural:0.18204819963918173
behaviour:0.2299662396052388
going:0.031562546145647574
by:0.014354137316190813
s:0.008991830157333599
