since:0.016135658253255494
atheists:0.03368285253555323
way:0.013970748544730188
much:0.014090297335160736
from:0.006827195600243351
clause:0.048680950909279944
unusual:0.04044182794531235
to:0.002222901871114243
that:0.0055952358941044646
quite:0.021420962758946786
cco.caltech.edu:0.03629650121416308
bit:0.021976485468191125
like:0.009392250512166718
nt:0.011517395995523202
re:0.006031298431905976
injury:0.042081674106748075
political:0.029070772399044556
described:0.033462647288051074
this:0.012701188025114975
mean:0.021317919813144036
jon:0.033462647288051074
on:0.012266342546111853
bill:0.02496382157815901
sure:0.017597129194832285
a:0.0033786390141445043
looked:0.030040348423223263
was:0.014281631195183638
as:0.012905067100274491
said:0.017673426037608325
belief:0.033221897585231065
widely:0.03964392514003087
allan:0.03976165739342726
not:0.009724354977031691
mercy:0.0479941943904065
have:0.004122988815706878
keith:0.06355592046967204
rights:0.028009672739458112
sufficient:0.036897114866594395
intent:0.039821174387762934
be:0.004665010138205414
constitution:0.036491777489329164
writes:0.005332761217883567
spend:0.03306530011864154
of:0.009408415430600257
america:0.031755956084406955
but:0.010730374552425972
english:0.035630245040642175
fact:0.019340863940555154
they:0.015047090717866833
rest:0.02634379704413555
in:0.005731603286919048
or:0.010875991253275569
solntze.wpd.sgi.com:0.04169573845208973
and:0.0015395057035918946
word:0.024749004162608213
subject:0.00021529803945176046
grief:0.04751497325757746
i:0.0015395057035918946
we:0.010868902465435242
held:0.03278587160724497
livesey:0.08265486340686996
the:0.00607865330636333
dictionary:0.07952331478685452
can:0.01394461278125344
because:0.014231631442697693
did:0.013257347124540042
an:0.007241114020659167
just:0.00947087551182166
people:0.012139299516718688
counted:0.04649647547270414
is:0.006500144198967675
lack:0.031286460152440215
spent:0.03501485638690569
time:0.02547596725651151
does:0.009826522696270365
lot:0.019988333776333796
schneider:0.040975213449381265
define:0.034473837893225286
cruel:0.19401480664619156
already:0.0234337606556238
elsewhere:0.03820286232758429
