objective:0.06369436199617064
there:0.02622225673077564
posting:0.04713126509937487
your:0.017999031745446606
into:0.025582912899748376
someone:0.03147797306661457
to:0.003937711885973802
speak:0.051220468780548485
that:0.004955780363349669
think:0.020567828964693644
cco.caltech.edu:0.06429665929366031
re:0.005342007182545293
so:0.014597294248356001
on:0.007242983217704142
you:0.015879971125963482
cage:0.07586429870525395
a:0.005985017682198836
how:0.018790899960416062
was:0.012649444772876937
morality:0.12347541384739388
evidence:0.04596725763590109
allan:0.07043493595407115
desert:0.0805486826161438
d:0.026026346033957648
it:0.009795869421142056
keith:0.2251695468068381
decent:0.06436517604028165
absolute:0.13270295346443448
thrown:0.07012323527700488
writes:0.009446605585965176
if:0.00957357742519156
one:0.014047298682508891
or:0.01926604164865958
better:0.031945941018591474
weeks:0.052008069790473004
few:0.032651821441518375
for:0.004647840898743914
subject:0.0003813850984574042
i:0.005454248778439855
ago:0.04087379607663777
the:0.0010767900142700756
start:0.08050177393950035
did:0.023484443477756647
claim:0.04664627206857123
an:0.038481348795503
human:0.04579774816052251
just:0.016776979478084084
about:0.014071659718883878
different:0.036103098543017825
is:0.011514541152457024
schneider:0.07258466382461824
s:0.00886337544080026
