say:0.03953218696390715
jaeger:0.24166871394527012
buphy.bu.edu:0.12157848369351171
to:0.0057424965003784615
family:0.08209306393999305
re:0.007790427141211886
this:0.010937134132737895
kmr4:0.1156800200285967
laws:0.07733070652162274
on:0.010562683859151873
gregg:0.1153965689441013
traditional:0.10398062788752949
m:0.028516973169084834
as:0.016669045004521217
local:0.063674655248249
are:0.013393987116692197
no:0.023453036170468955
those:0.03866490946432417
d:0.03795508796618824
religious:0.07648749593979412
being:0.04053758187344059
keith:0.08209306393999305
writes:0.013776299812865881
ryan:0.09260286877090165
rushdie:0.11351356766351237
who:0.026938601546538505
in:0.003701660456135218
po.cwru.edu:0.09933180390181678
subject:0.0005561866019170479
i:0.007954112801891455
event:0.08651543642077025
the:0.004710956312431581
when:0.027243217559244498
law:0.06264252344258261
religion:0.07399023464505651
applies:0.19840400156402374
does:0.025385183632031773
judged:0.1153965689441013
bu.edu:0.1104126170885631
too:0.04067745558051034
article:0.016881935006595853
john:0.055864133324621784
