believe:0.01957362054351658
out:0.010614208099823963
dan:0.0716000628718425
keeps:0.0430107765792865
faith:0.03373897405725038
your:0.02270148148074347
into:0.016133368495336815
from:0.0076267770669385185
both:0.020231568309083223
name:0.02488497753000226
my:0.008560488840813524
invisible:0.16140268625981463
to:0.0012416208649466945
then:0.01437730044843066
that:0.01250106758322439
me:0.019524120367649455
re:0.0033688333583618965
spiritual:0.04600812571285169
you:0.025035990513906387
concerned:0.03627017335637684
bill:0.027887512393619075
m:0.012331664073117766
christian:0.028881462803933115
morality:0.038933689050980054
logic:0.03741208061438714
soul:0.03797729089036393
are:0.00579199442883987
not:0.010863243397765133
should:0.014800109389490806
deleted:0.031652067540525554
have:0.004605861379708584
being:0.017529765134460792
shall:0.035673675802096884
danger:0.04415727909830386
love:0.029479436398031068
be:0.010422725353828311
which:0.01163866966231998
writes:0.005957318837996057
of:0.0035034339741574533
believing:0.04448491553227571
saving:0.04755632622570448
fact:0.021606010167827382
must:0.02087802186918466
accept:0.03218118892488949
one:0.00885865682680741
in:0.006402872140341999
heart:0.0357746181355461
brother:0.04174427251963614
or:0.0060748779973250925
better:0.02014608893064327
and:0.005159424520145809
for:0.005862141674091423
subject:0.000240513125153318
i:0.006879232693527745
mighty:0.1527958286620164
exist:0.032761481763928874
the:0.004074340594535422
can:0.007788882814754174
because:0.03179679817827953
named:0.04199384551557611
william:0.036681615129648806
pray:0.08937474738621012
cast:0.050148056608152955
is:0.004840948232264214
does:0.01097737670574347
too:0.01759025106184231
nice:0.028466121232024848
simon:0.09751862348968862
article:0.007300296219068477
pink:0.2123191597816074
demon:0.1029903786932602
grave:0.05307978994540185
