another:0.030798685144285815
ask:0.04048003589383843
dan:0.055191715130378585
say:0.026354791309271434
ultimately:0.0748437931426045
actions:0.05491975616927989
with:0.00812260245541038
hitler:0.07092919380731301
my:0.013197420296254184
to:0.0038283310002523076
make:0.04889112453749177
that:0.004818119797701067
nt:0.009917757662811645
me:0.015049842783396453
re:0.005193618094141257
on:0.007041789239434582
society:0.051614322477872884
why:0.024718369168805644
a:0.003879178127351097
democracy:0.0771200133523978
basis:0.10353356325105552
as:0.01111269666968081
question:0.030319251157598672
morality:0.060022770620260915
are:0.008929324744461465
it:0.009523761937221443
per:0.04912257104962524
personal:0.04658188154438494
be:0.008034184126909323
writes:0.009184199875243921
of:0.0027005636884130367
opinion:0.09192532123854692
what:0.025567836194350865
sense:0.04564336175504153
comment:0.0545777416233717
in:0.004935547274846957
better:0.06211710753615008
for:0.009037468414224276
subject:0.00037079106794469857
example:0.03904665477441534
we:0.01871866535713847
news.cso.uiuc.edu:0.06368895875685071
than:0.01986946225304807
the:0.0020937583610807025
wrong:0.03671419523374806
would:0.012953467307005223
can:0.012007861006079352
maybe:0.03677657058808783
makes:0.03879135947572186
e:0.043206801334080926
right:0.02694268880264305
alexia.lis.uiuc.edu:0.0844708373170482
does:0.0338469115093757
2:0.0270612437791029
cobb:0.1631335691380253
1:0.027201720721176506
article:0.01125462333773057
majority:0.05726095313768918
mike:0.04438072262441255
