there:0.006078006527000976
surely:0.02971201409171537
all:0.012636660008560148
gap.caltech.edu:0.034958623914259586
atheists:0.027660090823898018
your:0.008343922001200415
way:0.01147266767911618
meaning:0.02613209625751187
unusual:0.03321050771668034
both:0.01487221246561747
to:0.0018254293511136832
then:0.021137488076500704
most:0.012295334198457205
family:0.026095808404766007
die:0.024952015704849992
that:0.0045947632507877725
think:0.00953475514919573
cco.caltech.edu:0.02980639834805445
re:0.004952854341432722
political:0.023872687268089568
this:0.010430114669630841
kmr4:0.036772456697832065
laws:0.02458194644395955
these:0.010971099159595647
founding:0.04027748534322828
on:0.0033576743393330458
traditional:0.03305344462649944
medical:0.026642499815686567
used:0.013075917273754076
etc:0.015379629056014804
m:0.009064998093483921
a:0.0036993486777387946
quick:0.026882617352260236
was:0.0058639810205389775
as:0.005298769272960387
local:0.020240950012688424
physically:0.035534858198959116
fathers:0.037748117060460266
allan:0.032651957064801194
are:0.008515382537764576
those:0.012290832147599736
causes:0.028259280128309378
d:0.012065193525675732
pain:0.02931788079679876
it:0.002270565759867364
not:0.023956689082488672
being:0.012886118741226147
whether:0.018923566787296852
keith:0.07828742521429802
allowed:0.05075275798830293
punishment:0.0628242910555872
shows:0.0511816508294028
be:0.01532347701026414
constitution:0.0599335153467128
considered:0.06840085345454726
writes:0.004379221132566638
were:0.020547063542679458
things:0.014799509457882448
if:0.004438082250088803
ryan:0.029436673516578013
well:0.011144820597042018
must:0.015347420049533093
in:0.003530060302539546
po.cwru.edu:0.03157567276349143
firing:0.07249870927223856
or:0.0044656387927356645
clean:0.02875392180116759
and:0.007585379095843507
subject:0.00017680103901998871
i:0.0037926895479217537
back:0.013949382252102897
physical:0.028259280128309378
the:0.0019966967152027894
painful:0.07549623412092053
would:0.018529463167636612
refer:0.029680849250408
imagine:0.05215547754260215
just:0.007777407705072092
note:0.01961383509191058
different:0.01673653574841886
definition:0.02698529408428649
execution:0.0802504737563281
is:0.0035585778396114423
either:0.016579885477571908
today:0.018802160700651344
days:0.019723527314901804
does:0.008069462346606127
schneider:0.03364851965379653
too:0.025861163812774788
cruel:0.19915427172291186
under:0.032149979166962106
article:0.00536644291600398
very:0.023089304526933075
by:0.006559175329915007
hanging:0.07636507229954058
john:0.017758135096568515
