religions:0.03978496833584001
some:0.009729473959444618
large:0.02495028433239646
at:0.007341375103786925
u.washington.edu:0.05626714957635597
cultural:0.04364941847110784
there:0.007648158213142895
birth:0.04308559640049272
all:0.007950565255385759
stand:0.03281448795388719
way:0.014436440162887861
ca:0.01713790496743601
times:0.023420634512441887
clark:0.041789888876822764
to:0.0034454979002270774
doctrines:0.047112047170788394
that:0.00578174375724128
control:0.025413618916175194
nt:0.005950654597686987
population:0.032882887790702434
its:0.0344637426005695
re:0.0031161708564847544
larger:0.03546543120100653
fixed:0.03779027254266523
had:0.012786737380684459
he:0.013251110062668627
these:0.013805299775824521
on:0.004225073543660749
burning:0.03952694978914029
a:0.005818767191026646
other:0.022988466463865178
same:0.016184111254405102
as:0.006667618001808487
old:0.0220659423528527
part:0.020410184270110644
adam:0.03870502809379339
based:0.025174191765837853
pat:0.03377616859686483
are:0.010715189693353758
survival:0.047906298669157764
it:0.002857128581166433
not:0.005024250071466374
have:0.0042604217762304405
only:0.011112801985577387
war:0.029473542629775144
writes:0.005510519925146353
of:0.012962705704382576
trying:0.0224694018589033
looking:0.02161571121172203
seems:0.019637392411508983
using:0.018370171488707673
universe:0.03692878625554994
notion:0.041210505021417675
now:0.013765953315652035
in:0.0029613283649081745
resources:0.0367812897797216
and:0.004772467681134873
for:0.0027112405242672834
subject:0.00022247464076681915
we:0.022462398428566167
any:0.00852739388574006
than:0.011921677351828842
the:0.006909402591566319
wrong:0.022028517140248838
devices:0.035372320362688815
start:0.023479684065687605
because:0.014706019157454283
country:0.028089617566834434
leland.stanford.edu:0.0420609154743691
just:0.009786571362215717
people:0.02508788566788529
religion:0.05919218771604521
about:0.008208468169348929
is:0.0067168156722665975
number:0.020852207069981317
right:0.01616561328158583
days:0.024818771871251435
christianity:0.0641108052317002
non:0.04133582066612218
very:0.01452702076486206
live:0.02580573561623049
high:0.02331103188034601
god:0.022109818598126874
share:0.0340087418311738
