above:0.01930961723495422
land:0.028203066280764084
there:0.006509070819696081
stephen:0.028877016165893738
all:0.013532877030443846
saw:0.02409489775273372
where:0.013102530483927387
among:0.02442911679422571
own:0.016074401670553157
your:0.01787137903803209
much:0.012391467159999513
hitler:0.03621916279522367
to:0.0009774462128303765
remember:0.01973492224483143
martin:0.03294044944152629
day:0.018037610182715404
that:0.0049206329848861955
justice:0.030537348478741108
hour:0.033019252458725376
like:0.016519703028491817
writings:0.037007997086785545
re:0.0026520603033912803
justify:0.03377089388323808
so:0.007246883669396596
shot:0.028203066280764084
extremely:0.031334399893898086
something:0.014118165369954062
on:0.003595807271200638
you:0.003941836804317176
none:0.025691561932065912
europe:0.02917021715991105
3:0.016606141451330634
more:0.00901715621149451
sure:0.015475489504675201
a:0.003961713832188355
other:0.02934697846450874
theism:0.08802147862120067
was:0.006279866199300607
as:0.0056745685121774355
genocide:0.06390868543006688
truth:0.02549686190079861
worth:0.024930238431147788
evidence:0.045641248716497544
course:0.01734859432553205
truths:0.04347183216891294
college:0.029216420571408882
l:0.023439436728747255
are:0.009119310377322347
caused:0.05648672594404493
doctrine:0.033553990171379354
religious:0.02603829649014268
should:0.011651149944918294
treatment:0.030909953681066513
university:0.016669078734742222
persecution:0.0416511240352405
centuries:0.0759498444367219
heck:0.03512589556240624
war:0.02508386606789374
his:0.013081057031952175
be:0.004102562107357952
writes:0.004689804191613917
were:0.01100215104590283
deer:0.04501129674506775
of:0.009653078716029578
certainty:0.04382651600277579
reading:0.02330724855576589
supporters:0.03556586287389171
rice:0.07643621427329822
in:0.0037804191892444783
use:0.01179276260813722
and:0.00812334924448489
for:0.002307438744057262
subject:0.0001893401198015482
jews:0.10481225834335847
i:0.0027077830814949636
catholic:0.033019252458725376
will:0.008037626559597761
later:0.022662496659274493
than:0.02029221676907037
the:0.006414919233949387
quote:0.02861672278397581
would:0.006614536497194156
about:0.006985930356892706
is:0.005716438870014126
karl:0.0416511240352405
history:0.02355324542092823
show:0.02134800474989243
widespread:0.03805506090810515
article:0.005747041704373057
de:0.028659447001021066
holy:0.032126910804817346
by:0.014048730139250582
doubt:0.024681363822557218
