some:0.007033354669478038
believe:0.013088384821267111
say:0.011430993820888816
percentage:0.027141941703733227
your:0.007589953145670257
wonder:0.0222311307699815
with:0.00352305648668402
way:0.010435980840641828
my:0.01144836459434098
to:0.004981442747316256
us:0.0124088938926807
make:0.010602894478010263
that:0.014628508301453841
think:0.008673180888726238
like:0.007015897972943815
really:0.01175539604331883
nt:0.008603356044848657
population:0.02377076225833911
me:0.013055285306078853
re:0.0022526536311937985
larger:0.02563766110916135
these:0.02993920433311342
big:0.01672156960161179
on:0.006108540063123976
you:0.013392746732740286
etc:0.02797980707781007
bill:0.018647673949950105
ray:0.052262275501068316
a:0.005047605274143596
richard:0.02250649105288421
hard:0.016290562666117527
was:0.005334103217478227
no:0.020344802461129696
place:0.03276418816043886
it:0.0020653941550600723
statement:0.020922888070438593
have:0.0030798229707689933
proof:0.10089418293255856
only:0.00803335083294751
facts:0.024398113217692103
exists:0.022479717247098522
placed:0.027438755251966856
loves:0.03424227300699615
attempt:0.023232821670099973
writes:0.00398350837962387
were:0.009345200587182525
if:0.016148202885865284
of:0.008199301800964882
what:0.005544831945762839
but:0.008015460509041087
testimony:0.0670654732952407
they:0.0056199977379984565
who:0.007789475145987038
up:0.008093134761158943
in:0.00214071929993362
replace:0.026484114643703153
and:0.0011499922123216562
for:0.0019599329091088795
subject:0.00016082504151818252
space:0.03683750310256751
foot:0.02903144507032986
i:0.008049945486251592
we:0.016237878382096026
back:0.012688895904021311
will:0.006827140631947497
exist:0.0438135479011579
than:0.008618080013370248
the:0.0009081361566133169
do:0.004327216378954799
engr.latech.edu:0.03537836439137898
can:0.010416457740213415
claim:0.019670114727710762
reaction:0.028428532669384183
people:0.02720373144710453
about:0.005933832411577539
different:0.01522419818079065
reality:0.025244645917183027
is:0.004855529401638504
insist:0.09558837670338238
does:0.022020882186822743
lot:0.014931044507622837
blue:0.024076274864236802
their:0.009118576015552495
experience:0.019953149245753903
give:0.056945452321831486
burden:0.1307050552945647
respond:0.024361492458195824
by:0.005966478763958832
upon:0.04178404316497514
sometimes:0.021111483881432833
god:0.03196600279247259
beliefs:0.07868968692224722
