some:0.017962105771282374
at:0.004517769294638108
infinite:0.026514213169533982
resulting:0.025135681948265275
all:0.004892655541775853
truly:0.022350274200155788
with:0.005998229505533819
creating:0.02509918211355315
concerning:0.023462780735680536
ca:0.010546403056883698
into:0.009183609758884033
such:0.009861626684450248
followed:0.02279455231283733
from:0.004341396176565003
post:0.013243988740672721
creation:0.023281002535702346
entity:0.05681061855709603
to:0.0007067688000465799
recall:0.08022267107842097
then:0.008184001793722067
us:0.010563468647102543
might:0.010908128901940749
enough:0.012472556548396904
potential:0.02198088379908459
make:0.018052107521535424
that:0.010673988474906979
think:0.0073833232180951554
like:0.005972508017993196
nt:0.0109858238726529
could:0.0077390213093643965
so:0.005240054345563692
comments:0.018892333405277437
had:0.007868761465036591
this:0.0026922176326739434
something:0.020417039150395104
vacuum:0.030021109517726966
went:0.016730570590954275
great:0.012929490711449625
them:0.007517226520678159
potentially:0.029396033529988316
more:0.013040195136622829
a:0.005013091733807572
other:0.007073374296573901
christian:0.016440217288392695
was:0.0045408263287250545
as:0.012309448618723361
given:0.014296346457339904
stuff:0.029983759514601253
universal:0.02520947034545553
others:0.013827324220863569
place:0.013945782652904746
it:0.014065863784203977
energy:0.023515923233298725
states:0.017706973002336836
always:0.01362541588717286
has:0.010920763834733857
open:0.016948515788478783
heard:0.013859730048307048
be:0.005932935970640731
if:0.003436668819299535
of:0.002991393624088287
density:0.028690282874213713
years:0.011434745758873812
nature:0.019550846883383436
least:0.01234698657798196
in:0.0009111779584332844
or:0.006916014950800875
force:0.01832822625033216
and:0.0019579354589271273
for:0.001668455707241405
subject:0.00013690747124111947
p:0.017262195075032565
i:0.006852774106244946
we:0.00691150720878959
power:0.013855668103438678
ago:0.014672644745459713
any:0.005247627006609268
limits:0.025360310782410876
necessary:0.03697205925622077
yet:0.013487532013775198
exist:0.018648843465621054
quantum:0.026562365684148544
contradictory:0.029312646243466366
hunter:0.029654653292177507
than:0.007336416831894672
the:0.001546160020490365
do:0.0036836816354179317
gods:0.024850708352599577
benefit:0.023230227812714083
would:0.0047828186979711595
can:0.013301015268272515
correctly:0.022350274200155788
an:0.004604605838778137
problem:0.02169810555944189
during:0.015017279537448566
reality:0.02149031396026863
observer:0.028914911708359317
is:0.013778083430290456
discussion:0.03526022507169427
living:0.037784666810554875
itself:0.05173932062452893
assuming:0.020349588059841037
else:0.012956678078656702
questions:0.015508596601259035
does:0.012497321172692566
ideal:0.027694611005285724
nothing:0.01310182564872261
existed:0.05193822471189234
by:0.010158312562227344
upon:0.017785002988168905
god:0.23130271764194266
