believe:0.022170121227860613
know:0.012590562506717364
thanks:0.020340680050164928
ever:0.026973694457447555
atheists:0.04261911953478164
such:0.019622624525181615
from:0.008638492392144648
my:0.009696063891125522
to:0.004218977020686217
otherwise:0.036259028894000365
us:0.02101914679780608
that:0.007079686233356669
like:0.011884072076619113
nt:0.007286515833902433
could:0.015399073013531196
generally:0.03945662748186836
re:0.0038157194161037807
happened:0.03441123366059623
scott:0.039000786256852105
so:0.020853277497651427
this:0.005356963656851214
weak:0.04773790233262774
you:0.005671418259272671
regular:0.04129635358934348
a:0.004275012630142025
as:0.03265772082518442
let:0.023521813701559435
modified:0.05038597575594493
those:0.03787582967933796
d:0.018590247167112606
not:0.006152142944652703
try:0.02486111910554482
stay:0.04029283232914471
postings:0.04700671877235799
mathew:0.16425806902171916
mantis.co.uk:0.05585359744953073
writes:0.006747575418546554
if:0.006838269589422543
of:0.003968175215627319
but:0.01357720861735531
ignore:0.045926185209757366
version:0.03184153681291413
assert:0.11304153692483393
they:0.009519588005181058
who:0.02638883416803772
in:0.007252232730387366
atheism:0.04917571307831384
yes:0.027212712964325394
and:0.0019479459922999481
word:0.031315066491463456
i:0.009739729961499742
possible:0.02629562880576104
the:0.0023074071734358764
see:0.01805495674909363
when:0.01334361676371159
strong:0.07368678338715326
eagle.wesleyan.edu:0.06254620750833392
got:0.022572998179903814
would:0.00951683312351404
can:0.008822101963650136
did:0.01677460248411189
once:0.02737786933596843
current:0.032267813507457326
is:0.0027415574172516724
their:0.015445751210017488
notice:0.04120372891433208
change:0.030326623550107012
faqs:0.06206020700844357
faq:0.03961321492752815
while:0.022146352100801247
god:0.05414649452602499
