another:0.012671459030791879
at:0.005034085785453892
there:0.005244451346155128
know:0.007050715003761724
traffic:0.025000230065062294
with:0.006683741449023398
method:0.022805130987123192
though:0.014203109723489598
several:0.016105436411813695
to:0.004725254263168563
remember:0.015900708780121325
city:0.021027346277065095
been:0.01676846156824502
that:0.009911560726699338
think:0.008227131585877458
church:0.021413004800507476
european:0.02532259628951996
nt:0.012241346600956089
believed:0.024976169879140333
could:0.008623480887577471
phase:0.031350809004751096
re:0.002136802873018117
lightning:0.10550093054412166
had:0.0087680484896122
this:0.01199959859134672
jon:0.02371067579267619
he:0.009086475471544201
on:0.002897193287081657
you:0.003175994225192696
am:0.009339064895436375
them:0.008376338123041376
europe:0.047005721366256664
santa:0.030105082422958
m:0.007821798354948983
more:0.007265251576118434
sure:0.012468822972338306
interference:0.031969172345552424
a:0.0023940070728795345
how:0.007516359984166425
was:0.025298889545753874
as:0.009144161831051639
said:0.012522884735219612
widely:0.028090552670650446
russell:0.029874170775312993
science:0.019323612720956087
are:0.003673779323435574
no:0.0064328327781857705
book:0.017769705775335275
it:0.0039183477684568225
not:0.006890400098011027
couple:0.018034238826597247
have:0.002921432075129445
being:0.011118879599572275
against:0.014761604526616267
after:0.011024078215228293
writing:0.022871192829415053
which:0.0073822419001001015
boston:0.02382729791628309
common:0.019235017369322
writes:0.007557284468772141
get:0.015021416860469969
down:0.027021320879464662
making:0.017569183947842307
of:0.005555445301878247
but:0.003801618412859487
result:0.02020001120578001
years:0.012741573845602249
san:0.023074088192025968
fact:0.013704383592164795
eastern:0.05695186283610699
they:0.010661938565802784
up:0.015353832804027252
over:0.011462518585824902
in:0.009137813240288081
according:0.01965443545477839
francisco:0.02852040079200809
solntze.wpd.sgi.com:0.029544408960337866
and:0.002181699511375942
subject:0.00015255403938296168
i:0.004363399022751884
ago:0.01634951843065511
walker:0.027847354873971615
any:0.005847355807364613
actually:0.013967509297720483
will:0.006476030542304482
livesey:0.05856687464258215
the:0.0038764440513722725
do:0.004104673822322838
century:0.025530411399067816
putting:0.022971740040217223
peter:0.02103938903329118
because:0.010084127422254365
did:0.01878755478220532
road:0.020632299348402914
william:0.023266624453662958
countries:0.024088453079030837
an:0.005130846506067067
people:0.008601560800417813
measures:0.028985233017459245
about:0.011257327775107103
requests:0.029988460299351104
attributed:0.030726813050665425
article:0.009260947203618298
sinners:0.03400731488234518
seem:0.03153957205595129
god:0.045483055401861
s:0.010636050528960314
banned:0.032134815413399576
