some:0.0248412101092203
there:0.019527212459088242
islamic:0.19513212895715965
fred:0.19717507445445157
post:0.054948463924067666
to:0.0029323386384911294
look:0.05045038987821086
re:0.015912361820347682
am:0.03477311397236948
etc:0.04941114866932416
more:0.027051468634483527
it:0.021884389132338634
received:0.08232533597131428
yoyo.cc.monash.edu.au:0.12662298094490226
whether:0.06079699116769839
bank:0.10131268164971426
regarding:0.08419141215044419
of:0.004137033735441248
rushdie:0.1159287499542254
darice:0.2608309930134777
now:0.03514711484847328
rice:0.22930864281989466
heading:0.11996612304532056
and:0.004061674622242445
for:0.0069223162321717865
subject:0.0005680203594046446
i:0.00812334924448489
information:0.051889814563484356
yet:0.05595890941885455
the:0.0032074596169746933
law:0.06397534309029715
an:0.019104215714079505
just:0.024986990712040125
about:0.020957791070678116
is:0.005716438870014126
issue:0.0666246810098905
new:0.03668084180603291
under:0.051645179300119984
