school:0.021142584161605263
some:0.006788005087984617
know:0.007173692591036639
hours:0.022768455677619894
all:0.0055469059921296
pass:0.02360043732669358
saturn.wwc.edu:0.03403556020905092
with:0.003400159167381089
from:0.004921931711803346
kids:0.025560250179387924
feet:0.025535243889275187
learning:0.028883157437906284
name:0.016059491312966575
store:0.025948854935933567
to:0.007211507233033418
job:0.020183072995867305
design:0.02187887911293862
ten:0.02340691420091761
us:0.04790410200430223
hang:0.03087500528702196
might:0.012366774045804918
r:0.09012266763747472
like:0.006771157345980658
rise:0.028838944650782915
re:0.008696290762283036
practice:0.023875163401406052
so:0.011881518574243256
charles:0.02393170148217346
getting:0.015768613792003987
he:0.009244960508838577
these:0.009631604494761295
big:0.016138259034113703
on:0.005895451456270813
employed:0.03278144059959341
you:0.01292555789322609
tell:0.0140117735675724
them:0.008522437043792097
size:0.020935332192243417
a:0.004059605016995335
was:0.00514802984942666
swear:0.03392887917028234
lucky:0.027684279288003315
those:0.010790207292369536
d:0.010592117571959509
it:0.003986691043488046
signs:0.05840487019669763
have:0.0059447745714843354
try:0.014165056234554609
doing:0.015585482006775089
careful:0.0267520545782639
netcom.com:0.037430641566524876
alive:0.0256105877534758
knew:0.022570320133126508
be:0.010089440531467523
stick:0.024571682004967798
writes:0.007689097569971655
soon:0.02091275370371785
things:0.012992592605466568
if:0.0038962233707174956
of:0.0011304685207310387
highway:0.030690419831704632
seen:0.015072470294316005
what:0.005351407575561809
but:0.007735851421516398
again:0.014196913593651267
lazarus:0.07452457207018473
well:0.009784115756705493
they:0.01084790261055516
who:0.0075177492688014436
up:0.007810816106699911
over:0.011662446235577661
in:0.002066043045284773
stores:0.03153639415537462
seven:0.028018720242295098
or:0.007840830903524248
thoughts:0.024965257660615192
and:0.0011098762049150867
for:0.003783126312931093
subject:0.00015521486565126915
i:0.005549381024575434
we:0.007835720382057964
the:0.004820513435976502
thing:0.013162397878633467
see:0.010287126519832419
studying:0.03323236056672059
closer:0.027100679373424117
start:0.01638117492954949
can:0.010053092935322248
because:0.010260013365665779
once:0.015599018575144803
healy:0.203573275021694
an:0.010440676029787635
just:0.006827840485266779
is:0.0031241003126821383
move:0.020562936718447774
new:0.010023253284206668
tammy:0.2155653054555135
dead:0.019949314737274047
article:0.004711237676259308
give:0.013739745763697714
going:0.025323438186624216
by:0.005758345783820733
cbnewsj.cb.att.com:0.032610429639091706
dean:0.0289726046404614
