above:0.029810102519655605
simply:0.011162931897384633
read:0.008273733802547159
believe:0.007929459417264017
comfort:0.021872090513908666
dan:0.01450293244301919
know:0.013509581667791627
posting:0.01204083414947533
tried:0.011306073186265222
faith:0.027335957082881696
weakness:0.021365388160426126
where:0.006742543059247305
atheists:0.01524333472411898
your:0.00919658556336688
with:0.0021344064846333844
further:0.012948300733873673
such:0.014036621923122617
arguments:0.015180732245191064
from:0.0030896797606940712
trick:0.018131033136203945
both:0.016392000600790057
my:0.006935870520659133
to:0.006035908730324807
brains:0.020524060939215057
then:0.011648761677195644
growing:0.019460733197095556
trust:0.015143679794592456
that:0.005064301101233238
higher:0.040640955252239694
like:0.0042505075310535516
tells:0.03231386861544973
senses:0.022030795302009902
wait:0.013399269361715758
so:0.00745847151375854
had:0.005600030969642829
this:0.0057479829018768505
he:0.011606811733724345
on:0.0018503971724061676
you:0.010142317324976675
them:0.0053498509909935795
bible:0.013134793802398893
more:0.004640215422703379
prove:0.02866349153221604
a:0.002548365193150356
how:0.004800594880398264
low:0.012393410729853357
was:0.009694829935416632
altogether:0.020418267009020708
as:0.005840249344649769
wise:0.03572511322732018
wife:0.02949621917623336
given:0.010174407150296647
therefore:0.01252892525749951
morality:0.015772406878316738
act:0.01361909877013998
logic:0.12124791089626195
science:0.02468344690633077
irrational:0.040836534018041416
worst:0.015728871948151507
are:0.0023463919036541075
no:0.004108561080958065
those:0.013546829593339854
reasonable:0.013643456825204554
fools:0.02063301335946937
reason:0.01950519652560969
place:0.009924918311373815
it:0.006256485944160072
not:0.0022004014911531566
ones:0.0123818612422513
made:0.00848751661283942
try:0.008891933110742309
only:0.009733841155250268
rely:0.01836100747134531
against:0.009428032088167324
able:0.009625785496754266
has:0.0038860382258633247
his:0.0201944785566269
heard:0.009863676494233118
be:0.00422234494260928
asked:0.012307667513643908
writes:0.002413366390575045
things:0.00815593404430748
if:0.00489160890338255
of:0.0028385486943903453
converted:0.018512466343267767
what:0.0033592777481628875
never:0.024130721505786795
nature:0.013913923876860473
they:0.010214448443515442
who:0.009438342147692323
now:0.006028884663789212
clear:0.012035586650316106
one:0.01076617782236083
in:0.0038907963918501567
tactics:0.01975285986743693
or:0.0024609907215441067
and:0.0020901318311539593
still:0.007451493000837763
subject:9.743414924094269e-05
until:0.010442210676513299
i:0.002786842441538612
person:0.020475871818057306
we:0.004918773378518138
similar:0.011550212729440514
silly:0.01705334455285723
will:0.012408452681422823
than:0.005221172562844749
the:0.0035762004123568204
do:0.0026215982441842945
see:0.012915224535848
invented:0.02036649826817415
would:0.010211492475595359
can:0.006310700674727834
her:0.024134370838903123
tries:0.03767130784961177
country:0.012302022292044277
once:0.009792084653010607
simple:0.01204083414947533
friend:0.012675910290849657
an:0.003277000505699769
jesus:0.012675910290849657
people:0.005493697591507728
religion:0.01296179293052085
about:0.0035949495632185092
is:0.007844456259581427
disregard:0.02110458902180516
christianity:0.028077724918992786
man:0.03173046721308612
life:0.010183866252878503
their:0.03314635661127841
fool:0.036096792719489935
goes:0.011762872978068162
thru:0.018835653924805885
met:0.017223125631816695
him:0.017492812433308816
atheist:0.01667920016042805
show:0.010985652079324205
article:0.002957419271228471
very:0.00636219887512207
convert:0.015615255456928245
u:0.027603237106518363
answer:0.011081281175652762
understand:0.021869761043325938
by:0.0072294560205632555
emotional:0.019420846078364935
god:0.009683132232756294
rapidly:0.020688734060676624
s:0.002264365988525614
