some:0.040966206145029965
mark:0.05269515726828403
with:0.01026012941736048
to:0.002417893263317247
make:0.03087860497104743
think:0.025258737325062373
re:0.006560359697862641
complete:0.06496869912797855
anyone:0.029349381572655986
dying:0.08928965283183629
more:0.04461119388844652
a:0.009800028953308036
how:0.023076543811037267
blood:0.07327497744576492
place:0.047709256444147814
ken:0.07238724037043529
have:0.0089693090025904
stones:0.10405398942268222
list:0.05108120345476455
writes:0.02320218915851096
get:0.02305919254896706
of:0.006822476686517145
instance:0.07499571752210413
jyusenkyou.cs.jhu.edu:0.10590241952194233
in:0.00935156325760476
thoughts:0.0753337599583476
for:0.005707874787931122
subject:0.0004683676647722508
fatal:0.09815096772757322
i:0.0033491001271121917
we:0.02364462992480649
ways:0.06260242774173849
can:0.030335648857463624
cancer:0.09137493709283152
maybe:0.04645461547968989
about:0.017280985619681957
else:0.04432547763750977
lot:0.0434833927765858
article:0.028432732642687752
very:0.030583201610235915
kidney:0.11188358771440887
killed:0.0640839473099629
arromdee:0.2074131498174283
bad:0.04808072011835761
cbnewsj.cb.att.com:0.09840340171796093
