some:0.014354961579508453
at:0.0036105123461247176
out:0.004828594668362541
say:0.015553647330061832
there:0.007522778570304488
behind:0.01445796065983073
all:0.007820228120051568
anyway:0.024987818210201098
hand:0.012939505964969974
own:0.00928889604732785
with:0.0023968335114325713
way:0.007099888604698948
skill:0.023232430871415556
from:0.006939116839591603
wood:0.020651964581097446
my:0.0077886414863139455
to:0.0011296714426974025
building:0.015575686757535458
most:0.007608997803143599
ai:0.019887982851402856
make:0.007213444603892228
that:0.00853044160904451
think:0.011801213340397994
like:0.004773110916019153
really:0.00799752353766773
nt:0.008779654324456211
assertion:0.02078858925432528
me:0.004440937214772725
anything:0.009513283402948377
re:0.0030650860883456605
so:0.008375496699876394
anyone:0.006856207990333571
this:0.004303134740749336
tools:0.018235544492494555
getting:0.0111155802140356
he:0.032584696875414654
these:0.006789491693028454
on:0.0020779050214724997
carpenter:0.14843699785452574
ta:0.0189235808557698
bible:0.014749727466628266
jc:0.0759779355294023
seeing:0.016427416661714867
independent:0.01701943011556136
m:0.005609896361131443
more:0.020842934849520097
sure:0.008942803361308212
a:0.006295715321438667
christian:0.013138698242772853
test:0.014655327270408487
was:0.007257878148372013
drive:0.011572966183631102
stuff:0.011981215379809926
anywhere:0.01732102174120681
plans:0.01908079752737819
no:0.004613712033534877
beside:0.02473949964242096
it:0.002810290407704688
ken:0.016910134020962343
have:0.0020952893981461183
being:0.007974606270185034
probably:0.009783703750119707
interesting:0.013393543286563166
real:0.020963884049165965
always:0.010889164336060277
holds:0.020117321595862058
nonsense:0.02154972509774779
talk:0.014178662982118964
his:0.00755913541600515
list:0.011932904085744179
ford:0.01959223512087732
writes:0.0054201835329308395
applications:0.01598484027620628
get:0.010773557174517397
if:0.0027465181137844644
of:0.003187550583044896
but:0.008179711748980453
instance:0.017519491388360394
again:0.020015320804164082
fact:0.009828963641921472
they:0.00764688216809626
find:0.008673962039645043
up:0.005505985124395019
good:0.006639384636719259
jyusenkyou.cs.jhu.edu:0.02473949964242096
shack:0.023360515066104513
in:0.002184586498702752
point:0.009022688365819922
or:0.0027635715479634644
cross:0.018772173006623556
thoughts:0.017598460318138578
use:0.013629340391371706
better:0.009164819144677882
and:0.0023471152530171505
for:0.006666984895739221
subject:0.00010941375775417335
table:0.018565141079832977
fatal:0.022928709674064237
i:0.004694230506034301
away:0.01134829338657242
we:0.0055235405971884016
back:0.01726521901694703
house:0.01408963911676308
boss:0.023560474755323493
possible:0.010561359110510583
concrete:0.022181490179007047
any:0.00838760054335088
actually:0.010017680848774937
pretty:0.011795164167703388
source:0.012783885088933708
ways:0.014624337628193011
the:0.0030891516802830036
do:0.0029439258971577734
when:0.005359321487064491
got:0.00906620418701055
would:0.003822334615181869
can:0.007086606495391093
friends:0.01629767354749072
cancer:0.02134578448480081
did:0.0202120210259381
maybe:0.010852102796484936
william:0.016687128194225482
an:0.003679910403941544
record:0.01580593605424834
about:0.004036951558696195
meets:0.024925820847653567
pickup:0.024561281970536784
is:0.008808938586579145
else:0.010354722234992036
keep:0.010858256492319349
lot:0.010158005689612257
prophecies:0.05108346303177712
build:0.015293578127124405
him:0.00982178403017749
norm:0.024474997506611237
leave:0.014480254607764413
article:0.006642072789480337
jewish:0.01567420978698688
killed:0.029940860628425294
arromdee:0.04845307188357957
says:0.010496011247653968
built:0.015133187024896532
cbnewsj.cb.att.com:0.02298767990952366
sometimes:0.014362730837368238
dean:0.020423311467866235
include:0.013776734726412302
s:0.007628314928557602
