above:0.0275015760619045
some:0.003931100589674593
reference:0.037693263262811666
looks:0.023051215315649094
at:0.0029662121631462324
out:0.003966926259530168
there:0.00618032986920638
dbstu1.rz.tu-bs.de:0.01958837950096257
form:0.011492865065595607
benedikt:0.018885501339810686
where:0.012440786520092671
own:0.007631281601171701
text:0.012176982266779688
with:0.0019691157467661524
way:0.011665810232636655
fred:0.015601394780066032
surprised:0.014817113441074878
from:0.011401646524312128
possibility:0.014279399264785629
my:0.0031993746172737417
to:0.00464040121242704
scientific:0.01421784355826223
most:0.006251163178340195
day:0.0342532395388939
latter:0.015638395189411472
perhaps:0.009725459722693754
interpretation:0.031581204094432686
that:0.0070081742512015524
think:0.004847636456325102
its:0.006962372242539293
me:0.007296893470737674
re:0.002518117863826064
so:0.003440439721834748
rosenau:0.019300426055042834
islam:0.015771195634028633
this:0.010605705825685234
two:0.006278752298495998
on:0.0017071004216811108
set:0.0089205878253398
am:0.005502816015829514
more:0.008561744281621049
a:0.001410610228127672
other:0.004644134639164682
was:0.002981350619869985
as:0.005387974142875545
genocide:0.015170243511177493
objects:0.015790602047216343
given:0.00938649009825347
quoted:0.015043171699787434
are:0.008658739146144451
those:0.006248874256860472
caused:0.013408465249343996
deletion:0.04080074591651698
it:0.004617581545319487
not:0.0020300000288753024
zero:0.015601394780066032
have:0.0017213825358506829
being:0.006551528383586357
frame:0.048812778872977546
yoyo.cc.monash.edu.au:0.020037980149529986
only:0.004490021004273692
interesting:0.011003449703439099
indicate:0.01599107812025007
referred:0.016431837617040826
after:0.006495668982036872
west:0.013730334342546089
edition:0.016408374083990006
without:0.0075663652686952685
sun:0.03665143741513981
be:0.0019476810004628662
found:0.018010239092639713
writes:0.0022264726970288294
certainly:0.010356085108604852
predictions:0.017602625877709673
understood:0.016138870017749146
heavens:0.02147260774316938
if:0.004512797439484237
of:0.0013093642125638965
what:0.003099131659921317
but:0.008960043397311922
saying:0.010156751444324711
lines:0.02379247221747149
seems:0.007934299964246053
order:0.009442144313577414
well:0.016998665759124697
darice:0.020638142544837458
find:0.007126083291829596
who:0.004353713381258748
sounds:0.023991276522295206
one:0.006621622274583316
rice:0.018143949852752608
in:0.004785985236215232
atheism:0.016226329567928473
yes:0.00897927902526562
and:0.005784809310466513
still:0.013748882708616478
for:0.00219090143375134
subject:8.988874374416935e-05
each:0.008572422213335405
however:0.008071040081471087
i:0.003856539540311009
group:0.009081198433692407
translation:0.03194096952657801
any:0.003445411671006085
information:0.008211519476376312
will:0.0038158429121322706
the:0.006852300090809573
see:0.005957527816199246
allowing:0.01582975369029755
when:0.008805888503998221
quote:0.013585716877241041
would:0.003140234498667933
can:0.005821993215068776
meant:0.013709290503000057
maybe:0.008915532263778869
refer:0.015090263423608107
an:0.009069678167290271
thought:0.00903901146529196
just:0.003954170247359885
belongs:0.01847269890852337
about:0.0066331055913930745
different:0.008509147804751675
moon:0.03095000895865688
is:0.010855459672350057
move:0.02381700414527284
mountains:0.018649950536420414
translations:0.020037980149529986
orbit:0.09141374562983468
east:0.013709290503000057
night:0.04508868480247844
does:0.004102655940530388
hear:0.011157176984036388
created:0.012788198951128017
i3150101:0.01958837950096257
too:0.019722402705701986
article:0.002728393536419532
33:0.015528591870930794
earth:0.08297557622274829
supported:0.014716598413634875
checked:0.015154094783017583
by:0.013339198314035907
appear:0.013295278007596573
god:0.008933260039647221
motion:0.01722462149430536
everything:0.02080580797254716
s:0.006267033139959782
