there:0.010549183742266063
know:0.014182472708716113
atheists:0.09601548768755404
such:0.02210364601687125
mentioned:0.08080835905268594
from:0.019461431136325875
to:0.003168273931243289
childhood:0.06990689984859161
that:0.011962228463257821
view:0.039141939687179675
nt:0.0246233983352565
me:0.012455042303500514
television:0.060091722823905444
re:0.004298166698599662
why:0.020456581381080533
a:0.006420708624581126
how:0.01511911491067959
part:0.028151978303600885
quran:0.065157622214085
mind:0.03482362991965675
are:0.01477957199083277
no:0.012939606163017354
deep:0.052296500894213116
it:0.007881734017010849
not:0.006930000098574309
probably:0.027439353046312738
writes:0.007600717138132901
of:0.006704847778128919
but:0.0076469335890851755
one:0.011302424227306006
in:0.004084590848149206
minute:0.05140761349877437
point:0.025305011048966215
or:0.015501412820760582
and:0.002194238014314884
subject:0.0003068615734714747
i:0.004388476028629768
away:0.03182739754395023
exist:0.04179913190570236
the:0.003465531080409439
do:0.0165130556070459
thing:0.026022211897988007
see:0.020337767372542254
can:0.009937540142962222
because:0.020284164355109355
reasoning:0.11018952632808036
substantial:0.06207412811529559
jim:0.038923341918952525
just:0.013498719120297539
religion:0.04082219842485876
is:0.003088191113685792
either:0.028776582840383428
scientists:0.057549637880109826
halat:0.14589868600125408
stock:0.057102334245056105
guess:0.034438589229145444
article:0.00931417103812185
very:0.020037270020499393
takes:0.04110229717218012
progress:0.05773354984960915
s:0.021394354512276493
