taken:0.016230942363343156
above:0.013412098670583966
some:0.011502826355993636
go:0.009583410107360232
choice:0.01858306736216031
all:0.004699841530277297
islamic:0.04517837468466258
slavery:0.030194720866092244
i.e:0.017017433482637453
your:0.01861968801253097
fred:0.022825685959012867
from:0.01251092001620949
to:0.0006789158424092762
then:0.00786147955554583
might:0.010478251900879044
make:0.01734069441723846
that:0.001708889780465403
its:0.04074531144894917
re:0.0036841428845139955
so:0.010067099481624828
getting:0.013360598877954119
amount:0.018317325180427724
on:0.0124879020994899
set:0.01305130337007843
you:0.0164275563372036
more:0.0062631479104469255
a:0.002751732267677626
other:0.0067946206297138465
was:0.004361877507888599
as:0.011824347195325395
standard:0.014995293302769639
also:0.014615735287483413
lose:0.02071303316841028
business:0.017815584892776196
no:0.005545545498436009
taking:0.03356601018868577
bonds:0.026901841220921926
investment:0.08034060820576522
it:0.011822601025516275
not:0.01188000016898453
have:0.005036951853671457
being:0.00958524103411403
calling:0.040522173591600576
yoyo.cc.monash.edu.au:0.029316650760642396
money:0.04581605566594773
bank:0.0703698921803434
has:0.005245194452643109
call:0.03926536105416809
his:0.009085857347316536
explained:0.02333573856463277
free:0.028448352651475228
heard:0.013313533790245687
returns:0.026003705473168458
floating:0.02815746806638395
writes:0.006514900404113915
down:0.011647121068734768
if:0.003301233594893642
of:0.0047891769843778
even:0.00827172141756663
but:0.006554514504930151
banks:0.02324697745378214
well:0.008289989705188891
darice:0.030194720866092244
loss:0.02096478691685115
up:0.00661803138104623
called:0.013213076334269625
one:0.00484389609741686
rice:0.02654558180427352
in:0.007002155739684354
or:0.006643462637468821
rather:0.012677259373954992
and:0.0018807754408413293
still:0.030173040624081975
for:0.0016027037581875566
subject:0.0001315121029163463
i:0.0009403877204206646
back:0.010376141478165209
practically:0.028237569154422274
than:0.014094593913492229
the:0.004084375916196839
thing:0.02230475305541829
interest:0.07197605904764307
when:0.006441746023860768
greater:0.020783659587850712
risk:0.08453479443545647
can:0.004258945775555238
return:0.07271660508013653
instead:0.030223983365365924
junk:0.025902132629805227
an:0.013269430619138966
just:0.005785165337270374
company:0.016581911525277587
different:0.02489868865035712
disclaimers:0.026901841220921926
shared:0.024625188749076068
is:0.011911594295645199
does:0.006002407952401602
words:0.016294872569001844
e-mail:0.013545299392375696
article:0.0039917875877665075
difference:0.015798787422829492
usual:0.021133698608864118
by:0.009757984973568138
wish:0.018404322732900387
