some:0.010152494566376992
cite:0.04554721927419949
read:0.01971307010346019
played:0.03527133061873326
all:0.008296242005619923
from:0.007361497864610223
wrote:0.02239630412776401
my:0.008262732707220012
to:0.002396868104505793
remember:0.02419673075235854
kent:0.04001176858662079
experiences:0.04108788339221111
social:0.03775514949544614
sandvik:0.08693762288804247
church:0.03258500730512007
re:0.00650331309179427
bil:0.048648740525840645
wed:0.05013533007491577
this:0.0091301293629812
mean:0.022986278755042267
apr:0.03241050675685216
two:0.01621556028394184
on:0.00881754478677026
you:0.00966606938102125
m:0.01190273662709628
bands:0.050589119232920726
why:0.015475848523078317
sure:0.018974295827471337
a:0.0036430542413384216
christian:0.055753780369331755
as:0.020872543310009175
old:0.023025331150802818
joined:0.05013533007491577
truth:0.06252273961761051
sig:0.0410359688966763
21:0.03527133061873326
are:0.005590533753054135
christians:0.06255641107894731
early:0.03045861825037636
book:0.02704085661464064
reason:0.02323662542616111
it:0.002981351562956278
not:0.005242695726747521
choose:0.03455481295119355
have:0.008891315011263529
being:0.01692003417326216
conner:0.04608526626305243
okcforum.osrhe.edu:0.048773859981945854
newton.apple.com:0.04381808137206762
if:0.011654789908928858
of:0.005072363101714921
raised:0.03934765572762449
even:0.029202773004626533
but:0.005785071497829654
ignore:0.039137096961358454
gmt:0.036846072488913355
well:0.014633634001333433
talks:0.04162482258411065
one:0.0085505296328315
in:0.004635122658117143
thoughts:0.037339341892398376
and:0.003319977517311216
still:0.03550798403877473
subject:0.0002321474512349417
i:0.004979966275966824
addition:0.034481431484707774
source:0.027124069232172386
the:0.004588061799933366
do:0.006246242773099971
rock:0.04237640959082637
educated:0.052886089450673655
friends:0.034579411700762924
many:0.016114791544157334
about:0.008565358089755405
is:0.004672567424185459
having:0.022755577325394447
lot:0.021552638158829483
1993:0.026344833069653364
article:0.007046372872318269
mike:0.05557238311230789
s:0.016185294283200476
