some:0.010378105556740926
choice:0.03353211266238705
all:0.004240301469539072
happen:0.030058953121487247
benedikt:0.024928861768550106
case:0.010984938254696692
means:0.037794602939183373
atheists:0.09281497143130224
with:0.0025992327857313215
such:0.00854674312652355
wrote:0.011446999887523826
to:0.0030626648002018463
death:0.014912961706828542
that:0.004625395005793024
think:0.006398880122349134
control:0.027107860177253543
like:0.005176173615594103
talking:0.014487516357165636
suppose:0.017129506602805197
population:0.0350750803100826
could:0.006707151801449144
me:0.004815949690686865
re:0.003323915580250405
penalty:0.021537280572252966
bil:0.02486491182431855
political:0.016021225677695667
this:0.009333021126603004
best:0.010823004799828596
apr:0.016565370120168885
something:0.00884738363183788
recently:0.014708051398167507
on:0.0022533725566190664
you:0.007410653192116292
went:0.014499827845493706
education:0.019225100026917
defend:0.020132864104352204
biological:0.025333180782797782
bill:0.027515678895037487
m:0.006083620942738098
why:0.007909878134017806
a:0.0012413370007523512
how:0.005846057765462775
sorry:0.014121851932171664
basis:0.016565370120168885
was:0.00393538281822838
as:0.01066818880289358
old:0.011768502588188106
truth:0.03195606691566759
abortion:0.0497298236486371
sig:0.02097393965830122
homosexuality:0.021303308423428872
logic:0.01845662643643099
far:0.011063902542761786
are:0.014286919591138345
no:0.005003314383033377
thread:0.018501901304462068
action:0.016363969248115364
it:0.0030476038199108617
not:0.0026796000381153996
choose:0.017661348841721148
sex:0.019225100026917
courses:0.026272332310207588
have:0.0022722249473229018
being:0.008648017466333991
mistake:0.01985698664371941
only:0.005926827725641274
conner:0.02355469164556013
okcforum.osrhe.edu:0.024928861768550106
argue:0.018931573749952597
growth:0.024161694023363465
punishment:0.10540519943770743
war:0.04715766820764023
be:0.0025709389206109838
which:0.0057417437000778565
making:0.013664920848321794
if:0.005956892620119194
of:0.007777623422629546
even:0.007462930878960114
controlling:0.026360343987079496
what:0.012272561373288417
but:0.0029568143211129343
ignore:0.02000340511358321
victim:0.023747958809736746
killing:0.01798685623002516
gmt:0.018832437049889045
excellent:0.017311401837068387
again:0.010852751724924524
mistakes:0.04655937970251504
in:0.0007896875639755133
according:0.015286783131494303
yes:0.011852648313350617
or:0.005993879624027425
and:0.00424219349434211
still:0.018148525175373752
for:0.0014459949462758844
subject:0.00011865314174230354
values:0.018981983868192304
i:0.005090632193210532
condemn:0.0245582768399321
tue:0.025700699519887172
oppose:0.025777996154162146
assumption:0.021081039887541488
20:0.013977032659580533
necessary:0.016021225677695667
exist:0.016162331003538245
the:0.005025020066593686
around:0.010520864147349492
would:0.004145109538241671
can:0.01537006208778157
specific:0.016289583504313032
because:0.0156864204346179
an:0.007981316787215437
just:0.0052195047265150485
here:0.00800178180277065
people:0.0066901028447694105
about:0.004377849690319429
questioned:0.0267309289156975
is:0.00955280451166805
capital:0.11348671009170083
involved:0.01600389838695941
homosexual:0.02147762270411012
object:0.018799876871702058
insist:0.023507660048535522
1993:0.013465136902267276
leaves:0.02214794665848605
atheist:0.020311559306476826
resolution:0.01985698664371941
understand:0.013316254501936237
mike:0.02840366247962403
sometimes:0.015575583663634889
s:0.0027574945815823037
