some:0.013419964081992575
there:0.010549183742266063
where:0.021235135611882318
with:0.006722153756201693
someone:0.025327104766241608
wrote:0.029604310053940933
to:0.006336547862486578
like:0.013386655902398542
me:0.012455042303500514
this:0.006034280900820908
93:0.04208063788280921
weak:0.0537737290643393
apr:0.04284147444871263
on:0.00582768764642862
you:0.012776988262269468
a:0.0016051771561452815
hard:0.031083142558339185
sorry:0.03652203085906465
old:0.030435782555658895
truth:0.0826450006439679
sig:0.054242947392158326
are:0.007389785995416385
it:0.0039408670085054245
choose:0.04567590217686504
discussions:0.05516868144369869
deleted:0.040383672379291226
probably:0.027439353046312738
writing:0.04600527293273143
be:0.006648979967097371
writes:0.007600717138132901
get:0.015107746842426693
if:0.007702878388085164
of:0.006704847778128919
future:0.04028168188871092
even:0.019300683307655466
but:0.0076469335890851755
ignore:0.05173294425926692
gmt:0.048704578577299255
using:0.025338167570631273
rest:0.03754748084451504
rather:0.029580271872561646
and:0.004388476028629768
still:0.04693584097079419
for:0.003739642102437632
subject:0.0003068615734714747
i:0.002194238014314884
we:0.015491309261080114
back:0.024210996782385488
20:0.03614749825753586
than:0.016443692899074266
the:0.006064679390716518
strong:0.04150175156287943
can:0.019875080285924444
because:0.020284164355109355
descriptions:0.06938434382472085
imagine:0.04526136269501681
is:0.006176382227371584
else:0.029040830176299503
atheist:0.2626494737906486
terms:0.04424297672660303
mike:0.07345774779213111
seem:0.03172083396431882
soft:0.1228342697055349
confusion:0.05953633687826398
