religions:0.10378687391958263
form:0.07420393314091077
cults:0.12982389981767697
true:0.05615827809038797
media:0.0859012215368535
to:0.002996085130632241
spoken:0.1253383251872894
re:0.008129141364742838
terrorist:0.11475548284898254
relative:0.10702433644984582
vs:0.07427417271876831
a:0.0030358785344486846
other:0.02998495625721545
same:0.042219420663665484
as:0.017393786091674312
cult:0.1029816288830533
no:0.02447273339527195
cs.umd.edu:0.12461362039886352
have:0.011114143764079409
being:0.042300085433155395
mathew:0.23329406904534028
mantis.co.uk:0.1189924467403046
writes:0.014375269369947007
of:0.004226969251429101
in:0.003862602215097619
government:0.05851336823078908
wingate:0.1317154514913646
yes:0.05797491022834541
and:0.00829994379327804
subject:0.0005803686280873543
each:0.055348030377404676
group:0.05863295510449228
the:0.004915780499928606
an:0.019519524751342103
just:0.025530186162301866
religion:0.07720720136875463
about:0.021413395224388513
is:0.005840709280231824
mangoe:0.13548222804080018
charley:0.2624538222935093
words:0.07190998111972553
