seemed:0.024247602852492497
some:0.006709982040996288
at:0.0050630173129565005
out:0.013542265506671952
effects:0.049446400659340306
say:0.010905430886595078
there:0.0052745918711330315
attitude:0.025266454200314502
know:0.007091236354358057
posting:0.01896085377561058
all:0.010966296903980358
small:0.017176700576241443
decades:0.03096984543831911
your:0.014481979565301869
cambridge:0.05370823456876875
ca:0.011819244805128281
someone:0.012663552383120804
reach:0.025047721086381484
wrote:0.014802155026970467
my:0.005461001501898283
to:0.003168273931243289
technique:0.028913310615796637
otherwise:0.0204217519058163
pointing:0.029400647033383288
important:0.018059593637777142
hang:0.030520120168780328
perhaps:0.01660035366459796
been:0.008432416018514018
make:0.010115405076722435
that:0.0059811142316289105
kinds:0.02620630272289106
like:0.013386655902398542
really:0.011214918064315666
nt:0.0082077994450855
re:0.008596333397199323
so:0.011744949395228967
this:0.006034280900820908
on:0.00291384382321431
chemistry:0.06154556359527464
sure:0.012540482874478181
a:0.0016051771561452815
was:0.015266571277610096
science:0.019434667966478823
anywhere:0.024289248878473915
petri:0.037022431154361365
are:0.011084678993124578
book:0.017871830521170536
atoms:0.034953449924295804
it:0.0039408670085054245
not:0.006930000098574309
ones:0.019497873450441704
probably:0.013719676523156369
university:0.013507701733325595
between:0.026699607425820754
mathew:0.12335088708144427
stated:0.022310891166079077
real:0.014698815252863491
after:0.011087434986580179
doing:0.015406338535432846
discover:0.03138548142440891
has:0.012238787056167252
mantis.co.uk:0.06291554655234496
ir:0.03375177292510868
be:0.0033244899835486856
which:0.014849337155373767
common:0.019345563446157184
writes:0.0038003585690664504
get:0.015107746842426693
if:0.003851439194042582
of:0.0011174746296881532
what:0.0052898971436588
tend:0.024480483297352494
years:0.02562960256299303
ignore:0.05173294425926692
never:0.012666317418746324
oh:0.01856158726518088
they:0.021446428149603302
who:0.0074313383576657946
now:0.009493760907346232
in:0.004084590848149206
yes:0.015326700405194764
and:0.004388476028629768
few:0.0131357902350936
still:0.011733960242698547
for:0.001869821051218816
subject:0.00015343078673573735
i:0.004388476028629768
taught:0.027811230440089506
blah:0.10840952312123481
yet:0.015115337601644619
2000:0.02486004313825474
the:0.0012995741551535397
originally:0.026148250447106558
do:0.00825652780352295
when:0.015030740722341791
original:0.01773659777743379
would:0.005360055437381471
specific:0.021064116600404786
maybe:0.015217891277829448
put:0.014295743100843559
last:0.012529669839422402
just:0.006749359560148769
people:0.00865099505789148
about:0.005661012530585469
general:0.016945002086710063
is:0.0046322866705286875
scientists:0.028774818940054913
methods:0.025571683081429146
difference:0.01843191865996774
teaching:0.028913310615796637
atomic:0.0668706748481136
answer:0.017449833575453197
phoenix.oulu.fi:0.03597460611531565
by:0.005692157901248081
data:0.01686405530578053
four:0.0201611847759941
revolution:0.06091730597989689
