some:0.008648421297284105
out:0.004363618885483185
objective:0.1486201779910648
say:0.0281117773965562
there:0.010197544284190528
all:0.007067169115898454
situations:0.017705575442570617
take:0.007873144927169272
way:0.006416195627950161
c:0.009578139612699852
ca:0.015233693304387565
from:0.0031354527941858355
theoretical:0.020995233824538502
my:0.003519312079001116
to:0.0020417765334678974
within:0.023973705306094946
observations:0.018947083643735898
physics:0.13586977868128153
then:0.005910667962132604
displays:0.0188821047191029
value:0.027658169035234575
us:0.007629171800685171
might:0.007878093095846096
perhaps:0.01069800569496313
measure:0.03420262021339134
that:0.01670281529869703
like:0.008626956025990172
really:0.007227391641447874
nt:0.007934206130249317
location:0.017003062868423718
population:0.014614616795867749
could:0.005589293167874287
consider:0.011927274365078493
anything:0.008597189445627422
re:0.0027699296502086707
error:0.04183842399079998
this:0.003888758802751252
mean:0.009790452062332818
two:0.006906627528345598
on:0.001877810463849222
vacuum:0.02168191242946948
you:0.012351088653527152
books:0.013521251529800596
answers:0.031041564609276907
sure:0.008081644519108162
a:0.0010344475006269593
christian:0.01187349026383917
awful:0.018633022396846725
odd:0.017998125114121098
morality:0.016006072165402913
course:0.009059821481111181
science:0.012524563800619688
based:0.011188529673705714
are:0.0023811532651897243
no:0.02084714326263907
d:0.00674757119398902
it:0.008888844474740013
not:0.002233000031762833
ken:0.015281750744869671
have:0.0018935207894357515
only:0.004939023104701062
argue:0.01577631145829383
mathew:0.03974639694846538
relate:0.02135393688376042
real:0.028417709488869417
after:0.007145235880240561
towards:0.015443619019813113
mantis.co.uk:0.020272787222422265
call:0.019681156281471907
which:0.004784786416731548
writes:0.0024491199667317125
get:0.01460415528101247
if:0.009928154366865323
of:0.005041052218371002
even:0.006219109065800095
looking:0.009606982760765348
what:0.006818089651826898
conventional:0.019749040355571047
but:0.014784071605564672
years:0.008258427492519977
instance:0.01583242925466643
sense:0.012171563134677743
understanding:0.01486723994411417
fact:0.00888247084677348
experimental:0.019708562316562938
find:0.015677383242025115
sounds:0.013195202087262364
jyusenkyou.cs.jhu.edu:0.02235717745463227
in:0.0013161459399591887
yes:0.009877206927792181
or:0.0024974498433447605
world:0.02801389654147419
rather:0.009531420936714309
total:0.013559316651127412
and:0.002121096747171055
gets:0.012360430897751127
word:0.011366209319123773
for:0.004819983154252948
subject:9.887761811858629e-05
murder:0.015846592574808666
i:0.002828128996228073
we:0.03993315276189541
any:0.007579905676213388
will:0.004197427203345498
2000:0.0160209166890975
the:0.002233342251819416
wrong:0.009790452062332818
do:0.0026604367366907283
when:0.009686477354398045
start:0.010435415140305602
can:0.006404192536575655
agree:0.011172426588757183
simple:0.012219216877615707
an:0.013302194645359063
people:0.005575085703974509
statements:0.04683865876478218
different:0.018720125170453687
f:0.01376381932743277
is:0.006965586623091286
stuck:0.017612978026994994
usage:0.019114700649617827
length:0.01712127621275077
either:0.009272454470790215
applied:0.03279259259493787
lot:0.009179827363945892
1:0.0072537921923137355
objectively:0.06525342765521013
bias:0.019831348269588496
models:0.016530381662891013
arromdee:0.04378722051701264
doubt:0.012889156662890993
s:0.018383297210548693
