24:0.06208616523505865
ask:0.0493993658365486
stephen:0.0345055871134832
story:0.030466589220445796
saturn.wwc.edu:0.09922231111791116
leader:0.03969529748564834
with:0.004956164210080909
to:0.0035038961697224516
r:0.026273048870585847
quiet:0.042704062354133696
me:0.009182954918682582
re:0.009506961935038234
this:0.004449003715012025
telling:0.03639003659004926
kmr4:0.04705627933366646
two:0.015803300276722977
children:0.05681994691556823
am:0.013850308107638692
them:0.012422535351968142
m:0.011600124678949763
why:0.030164789494135702
seconds:0.039221734278915656
a:0.0023669561455023644
as:0.020341885429246233
truth:0.030466589220445796
said:0.01857207481918163
cult:0.04014538075102078
guard:0.04556942613446144
course:0.020730099999152703
cover:0.03325598769701598
official:0.0343746018741892
officials:0.041066848548787435
not:0.005109406852338685
have:0.012997896944431852
proof:0.07096794223222339
only:0.011301154561604123
keith:0.03339378872135311
closed:0.03496671780605772
mathew:0.0909451455600479
second:0.02330250658179887
mantis.co.uk:0.04638688601740688
armed:0.03763070356481995
writes:0.01681175570383633
were:0.013146638114172026
of:0.006591206290364022
ryan:0.037668963567824405
they:0.01581219702555498
who:0.010958075205371596
up:0.011385257375867666
david:0.021156315587665203
in:0.006023040742186118
po.cwru.edu:0.0404061575193831
lying:0.04153777949077736
quoting:0.04566739920565699
or:0.005714503878839706
subject:0.00022624539738998556
space:0.025911125063670368
forced:0.03847284317340642
i:0.001617785654621991
bullets:0.04844038997860967
fired:0.04019689809065114
yet:0.02228871815835732
flames:0.03790222351180822
the:0.003832642423673151
do:0.006087439990733023
maybe:0.022439941375782407
may:0.03154280554982764
fbi:0.12931599600984187
healy:0.049455654383801374
koresh:0.06922370557023308
watson:0.10086915431204078
many:0.01570509345405164
window:0.02955078594767069
followers:0.040675214284760904
tammy:0.052368972511791415
article:0.006867227799293229
eight:0.04153777949077736
killed:0.030955805056507506
burden:0.04596830334512233
by:0.00839352097302683
remain:0.03806137516139802
s:0.005257934583525579
