library:0.04407482728106505
taken:0.03468296105009116
some:0.012289861843508991
king:0.08837165273426938
computing:0.04592064714925307
ever:0.027825495335051163
where:0.019446913665618543
your:0.01326244444401329
with:0.006156077650416288
francis:0.11632867976809941
such:0.020242286352292617
from:0.00891128688873869
iastate.edu:0.050591029474814773
re:0.003936215818717585
he:0.033476488579373374
books:0.038428820137328006
went:0.03434169752880088
a:0.0029400086859924105
other:0.014519031450862219
nor:0.03636356838921477
was:0.009320643516856691
following:0.02881383445305012
jack:0.04499743051326248
phrase:0.05151937381203015
magic:0.05422897389780936
not:0.006346421142904893
tom:0.03995503393131321
atlas:0.06532120255573313
university:0.02474042212209109
connection:0.04532385405792101
neck:0.122106297572347
has:0.011208152356700536
heard:0.028448919572840785
list:0.030648722072858733
pg:0.0658903312006834
writes:0.013921313495106575
of:0.014327201041686005
catalog:0.05748498702997001
congress:0.04596459842725813
well:0.017714399054245735
please:0.020162266914792153
they:0.009820206573765722
who:0.013611082886672086
author:0.042568502611163225
in:0.0037406253030419045
or:0.014196030688486006
world:0.02653948093402818
and:0.00401892015253463
for:0.0034247248727586736
known:0.034283460501751135
subject:0.0002810205988633505
i:0.00401892015253463
room:0.04197924716124848
information:0.025671802994565944
the:0.0071408179893699755
wrong:0.027825495335051163
do:0.007561241251647333
quote:0.04247324118463778
e:0.03274620732688239
is:0.0056562658292771345
center:0.03438558772076641
article:0.008529819792806327
neither:0.03939769947895757
earth:0.03705826486940788
warren:0.058890580636543934
answer:0.0319607478118827
checked:0.04737648579532865
by:0.010425636577022801
john:0.028226088416651005
s:0.006530908219537035
