since:0.00749371394533214
reference:0.013976153794076233
go:0.00728626311533381
at:0.003299494428668281
there:0.0034373744778170316
perspective:0.01830439455026132
principles:0.018903782235671504
true:0.01935041791878537
discussing:0.03645218471985362
islamic:0.017174550676004686
actions:0.01480982188834514
dsinc.com:0.04877075574790883
your:0.00943769454817425
with:0.006571094121230869
decision:0.01574811136025201
matthews:0.023341507452722128
such:0.007202311623474901
fred:0.03470872097138286
from:0.0031706826008620808
post:0.009672576046558728
my:0.007117709822698886
to:0.006194153528498116
remember:0.010421812870866038
look:0.017761560481467493
most:0.006953541063546958
might:0.007966610995799423
relevant:0.033677849226993
perhaps:0.021636416012284984
that:0.005197073040216881
like:0.004361944058084918
could:0.005652094214704335
its:0.007744661258554945
consider:0.01206128868378724
re:0.002801052455267195
so:0.0038270059827150565
anyone:0.006265598313263637
islam:0.10525944052374166
contend:0.02199553741186858
this:0.0019662263609416444
getting:0.010158058322938899
these:0.006204629112730122
soviet:0.016580524345755104
you:0.006244932465266538
used:0.007394994413246688
inc:0.01371166852361199
concerned:0.015078611395347673
them:0.01098021851335012
support:0.010258263331586165
influence:0.0192268546861749
more:0.009523738021129033
a:0.0026151762656299532
how:0.004926453173142787
practical:0.017976311931092833
sorry:0.011900437021492976
was:0.0033163338355857138
as:0.011986728992015257
possibilities:0.020796408095028623
muslim:0.015870031221816613
perry:0.07290436943970724
quran:0.04246227065637
nc:0.019617716166790044
are:0.004815815592518543
no:0.004216276165477565
those:0.020852984879635505
it:0.0038523081993255275
not:0.013548539518561008
disagree:0.01591156937422919
have:0.003829592607847587
yoyo.cc.monash.edu.au:0.022289438593297402
only:0.0049945177463269165
whether:0.021404184156418163
argue:0.047860720154374536
against:0.029025626878178053
teachings:0.019693381737267642
intent:0.01849372892914833
be:0.008666086249250507
writes:0.0024766381686051023
if:0.002509926665780559
of:0.0050976932545324745
what:0.0034473487003619145
but:0.00747509238483607
sense:0.012308322271022437
rushdie:0.02040693351254155
consequences:0.019364312988985492
darice:0.02295703496560571
necessarily:0.01455903757698952
must:0.0173592541384232
they:0.0034940809906657067
who:0.004842894660051866
up:0.00503168678034601
supporters:0.01878197252890911
one:0.0036828123886727434
rice:0.020182595903623687
in:0.003327335241469859
fear:0.016126464926975642
point:0.008245453038427194
bringing:0.019849459251876516
or:0.015153066465237872
force:0.013385783216534724
world:0.037771545898616886
and:0.0007149764316306926
for:0.0060926753354320975
subject:9.998860259182883e-05
i:0.0021449292948920776
we:0.005047729983947453
judging:0.02134818605291948
any:0.0038325365778607017
lives:0.01457849381997493
yet:0.009850444729161661
unfortunately:0.013789861725939913
community:0.015238010700286984
the:0.005646089962464816
when:0.004897657089302382
around:0.017731793506768807
can:0.00971422463413161
law:0.011261577248104742
did:0.0061569702001609185
claim:0.012229359718352008
chinese:0.02069517711230233
reaction:0.017674668251377434
jim:0.02536577338538479
here:0.006743074552896615
people:0.005637727116378717
religion:0.053206460868355246
is:0.006037587121138515
fee:0.018842382199058483
discussion:0.012875924885731053
today:0.010633431707109935
itself:0.012595714758780449
else:0.009462742416996468
right:0.007265444171499249
their:0.0056692270358865695
followers:0.017976311931092833
matter:0.011314243490264204
under:0.009091098977923743
precisely:0.018663999993106223
show:0.011273665429718473
article:0.0030349546079273446
purposes:0.016580524345755104
opinions:0.010695169121797911
by:0.007418992320727836
represent:0.018000553558454695
s:0.0023237313889738513
