your:0.032305954414904164
from:0.021706980882825015
to:0.0035338440002328996
trust:0.21278811608811965
horror:0.15107324830614371
uxa.cso.uiuc.edu:0.11432321383928062
me:0.027784325138578068
re:0.00958821801995309
this:0.026922176326739437
carpenter:0.15478045930130033
a:0.0035807798098625512
steve:0.16446942804278905
hey:0.09882407655464537
writes:0.01695544592352724
spend:0.10513069781311668
of:0.004985656040147145
piece:0.1105054080459875
they:0.02392101601301907
in:0.009111779584332845
replace:0.11272725720140316
subject:0.0006845373562055973
we:0.0691150720878959
the:0.0019327000256129563
eric:0.10225714052098989
quickly:0.10883790880827328
just:0.03011252726835605
is:0.013778083430290456
paper:0.09888842044196397
dog:0.12757861415552435
live:0.07940226343455535
john:0.0687558563995345
god:0.06803021107115961
s:0.01590862258605175
