24:0.020579122184654273
go:0.010929394673000714
objective:0.050096689210471286
round:0.024722936471905835
say:0.010660365023974962
thanx:0.027262178740125265
all:0.010719863265688665
saw:0.0190864077704239
with:0.0032855470606154343
way:0.009732431570486198
further:0.019931653938659474
tongue:0.03443555244840857
from:0.004756023901293121
to:0.0023228075731867933
day:0.014288219302038607
that:0.005846707170243991
hour:0.026155699981349877
nt:0.008023354513735264
its:0.011616991887832417
re:0.002100789341450396
so:0.005740508974072585
certain:0.018518623549216344
on:0.0028483641867375837
brown:0.05218655473320457
you:0.009367398697899806
them:0.00823516388501259
d012s658.uucp:0.031118175895038555
arts:0.0335499965820963
more:0.007142803515846775
a:0.004707317278133916
how:0.007389679759714181
other:0.007748921279954555
christian:0.01801035040020548
basis:0.020939372342910104
morality:0.024278873509319024
science:0.018997933854872556
frank:0.04400195928708564
are:0.018059308471944535
model:0.02055590736844691
atoms:0.1366719165579207
gas:0.022293088043084282
deep:0.02556064931346371
not:0.006774269759280504
sex:0.0243013904834625
deleted:0.01973808706178841
made:0.013065053662460682
real:0.028737009595485925
after:0.01083827914418512
morals:0.03089491562172668
has:0.005981879066778376
love:0.018383244045963195
call:0.014926719651678131
be:0.00324978234346894
aaron:0.028402295841230264
which:0.007257822092795044
walking:0.029956409528113383
writes:0.007429914505815307
get:0.007384123456691699
were:0.008715187064451119
of:0.005461814201284793
even:0.009433480043629358
describes:0.0280837826745081
what:0.010342046101085743
explain:0.02019695240456519
tend:0.023930360077187268
years:0.012526828218990973
never:0.012381681072257643
properties:0.030339601943992787
fire:0.020207829421570057
they:0.00524112148599856
who:0.007264341990077799
david:0.014024973254744348
rest:0.01835185861501578
in:0.004991002862204789
our:0.012526828218990973
logo:0.0318467029922775
sensitive:0.030018487259498697
or:0.003788266616309468
world:0.01416432971198133
men:0.01972808175633338
better:0.01256301051292923
and:0.004289858589784155
subject:0.00014998290388774325
horus.ap.mchp.sni.de:0.032584545700485856
values:0.0479881614645311
i:0.0010724646474460388
specifics:0.03299330611780287
we:0.022714784927763538
any:0.005748804866791052
physical:0.02397276010884672
than:0.008037085855165512
warm:0.029714738825396023
odwyer:0.031042765668453494
2000:0.0243013904834625
the:0.0033876539774788895
thing:0.012718721545645822
see:0.009940369446130203
ibm:0.02213745544449251
can:0.004857112317065805
major:0.018406898723133662
photo:0.030680189707006467
liberal:0.027536280786020946
forget:0.021568614243901652
needs:0.0188165537228615
an:0.005044371564953577
jim:0.01902433003903859
subjective:0.06028947851733513
is:0.007546983901423143
partners:0.030339601943992787
scientists:0.02812819379533458
halat:0.07131003192196127
their:0.017007681107659708
desires:0.03391257254354333
trees:0.032486839280756255
guess:0.016832344173795807
nothing:0.014353123603937689
article:0.009104863823782033
difference:0.01801771824064262
before:0.011944911613610361
by:0.005564244240545877
rain:0.03193380516382787
mathematical:0.031676448219831836
