go:0.04229200547378537
all:0.02074060501404981
anyway:0.06627203960096813
hell:0.07420393314091077
from:0.018403744661525556
wrote:0.05599076031941002
longer:0.0737871958342212
to:0.005992170261264482
young:0.08160990276248231
been:0.03189653015698781
could:0.03280672076795777
re:0.008129141364742838
so:0.022213273856193913
mean:0.05746569688760566
you:0.012082586726276563
possibly:0.08428160137820306
disclaimer:0.08160990276248231
great:0.054809797581145146
came:0.06562449418430319
how:0.02859484776585053
no:0.02447273339527195
it:0.022360136722172085
have:0.011114143764079409
be:0.01257524472037981
writes:0.014375269369947007
of:0.004226969251429101
what:0.020009610934709373
who:0.02810984509204018
cares:0.1100864545523805
in:0.003862602215097619
fellow:0.10462309741583908
and:0.00414997189663902
subject:0.0005803686280873543
until:0.06219925489923139
i:0.00414997189663902
mats:0.13863835868959362
any:0.022245375354104504
will:0.02463707271528879
the:0.0016385934999762022
importance:0.10766850596302781
psuvm.psu.edu:0.21734405722010616
s:0.013487745236000399
