at:0.006525666758921711
say:0.0140558886982781
there:0.013596725712254036
with:0.004332054642885536
wonderful:0.0356010948156104
o:0.0259331776577769
from:0.006270905588371671
iastate.edu:0.0712021896312208
my:0.007038624158002232
to:0.0010208882667339487
bruce:0.03412339584956359
hall:0.0339289645453048
been:0.010868447312751403
make:0.013037633209997805
that:0.007708991676321707
view:0.025224805576182455
huh:0.03702898752638846
me:0.008026582817811443
re:0.0027699296502086707
math:0.03615004275748982
generation:0.0343636571514388
knowing:0.03180758753796899
state:0.01968676582918975
a:0.0010344475006269593
christian:0.02374698052767834
was:0.013117942727427936
said:0.03246673820242122
forever:0.0349565660971687
morality:0.032012144330805826
theory:0.09041219682170278
others:0.01997280165235849
l:0.024481189472247134
are:0.004762306530379449
no:0.008338857305055628
kurt:0.044236291789726975
it:0.005079339699851437
have:0.007574083157743006
ames:0.03809348175354531
ia:0.046575943266900885
try:0.018047330906247355
energy:0.03396744467032038
university:0.017409926678508547
genesis:0.040735518375313695
400:0.034006125736847435
stated:0.02875625972516859
after:0.014290471760481122
has:0.015774436650171128
be:0.004284898201018306
thinking:0.05160780050146156
writes:0.014694719800390275
heavens:0.04723973703497264
if:0.004964077183432661
of:0.007201503169101431
department:0.02568944876068842
what:0.013636179303653797
but:0.004928023868521558
years:0.016516854985039953
never:0.01632547578416193
supply:0.029910855063737366
least:0.017834536168196167
beginning:0.030000642919532514
now:0.012236402947246254
in:0.006580729699795943
world:0.01867593102764946
better:0.016564562009640023
and:0.00848438698868422
subject:0.00019775523623717257
i:0.002828128996228073
we:0.009983288190473852
news.cso.uiuc.edu:0.06793488934064076
2000:0.032041833378195
the:0.00279167781477427
do:0.005320873473381457
would:0.02072554769120836
can:0.006404192536575655
did:0.012177118840318262
an:0.0066510973226795314
many:0.01372741501909699
is:0.003980335213195021
alexia.lis.uiuc.edu:0.09010222647151808
life:0.02066947669102748
cobb:0.17400914041389365
created:0.05626807538496328
1:0.014507584384627471
existed:0.03751094006970003
article:0.012004931560245942
earth:0.02607803824143518
warren:0.08288303941439518
mike:0.04733943746604005
god:0.019653172087223888
