some:0.006748768064354648
read:0.013104063941606483
believe:0.012558796996129135
know:0.0071322261598745764
posting:0.01907045408645226
all:0.005514842951712666
atheists:0.02414262262663931
performing:0.0320175451405599
own:0.026202203879167572
establish:0.029419134170026985
arguments:0.02404347187966677
from:0.004893481239480783
myth:0.06553425586850167
post:0.014928195401336303
to:0.003186587653389204
within:0.018707804718629
then:0.009224741906218515
us:0.011906799920144486
representation:0.034400463031274024
that:0.006015687146262603
really:0.01127974418029437
nt:0.00825524337251374
bobby:0.09048776166306521
re:0.00216150579640561
so:0.005906419638063122
bil:0.03233875815301546
believers:0.03163961011591914
mean:0.030559792564507058
jon:0.02398478765155106
you:0.012850843685750794
tell:0.013930780656777183
used:0.011413083863218876
bill:0.01789314379012553
why:0.010287413758115644
a:0.008072278184083207
christian:0.018530880758592924
as:0.009249874684589808
target:0.02770661500156934
ridiculous:0.05770023281620133
wondered:0.0650126323392477
therefore:0.019843500118814254
course:0.014139605779768895
jew:0.029271542828956665
ludicrous:0.034519649662503704
made:0.02688531273893643
conner:0.06126942913585005
moslem:0.06553425586850167
okcforum.osrhe.edu:0.032421930045802155
argue:0.02462198898115222
against:0.014932258914207205
thereby:0.03322980254508053
real:0.029567559005760084
attack:0.02282484143500683
minds:0.02841529894429958
free:0.01669079649783084
be:0.0033437066886559032
writes:0.0038223259596390884
of:0.006743604123667236
presented:0.026387200828268873
his/her:0.03149509391819996
fact:0.013862815772421036
easy:0.019154228695137616
they:0.010785197971187788
who:0.007474294070715886
in:0.001027050299968153
atheism:0.0278567623218194
point:0.012725641394566825
or:0.007795508181538558
solntze.wpd.sgi.com:0.029885962821151017
and:0.00551730367761257
subject:0.0001543176698960595
create:0.0219817670014082
away:0.01600568547007902
we:0.015580854401317571
livesey:0.05924394833787212
agency:0.02528925006581446
the:0.004356953814965624
do:0.004152126698881483
devices:0.024535713546373746
can:0.004997491285767129
did:0.009502375973658758
moral:0.023203206849195523
mr:0.019519975018979268
an:0.0051901626506458765
here:0.04162776660400915
many:0.010712144668081465
religion:0.12317449466922702
about:0.011387470292738398
is:0.00931812578811551
issue:0.01810034686395869
itself:0.0194396291363837
new:0.009965315403951137
their:0.026248848877139547
fool:0.028585321402139426
mozumder:0.10392403700828279
too:0.011286230450083794
supposed:0.021090722609343124
article:0.004684005088535266
by:0.005725060548076104
seem:0.015952095693038945
appear:0.02282484143500683
beliefs:0.025168570383608938
everything:0.01785932071631938
