another:0.02132216663835172
mark:0.02888099965665568
technology:0.03238142005593214
atheists:0.04016032417700578
with:0.005623340161437955
further:0.03411379231809026
invaded:0.06045915712530403
to:0.003975574500262012
kuwait:0.060737883441393
death:0.03226361907727329
family:0.03788910643384295
make:0.01692385080143946
that:0.0066712427968168625
weapon:0.04666026745906055
think:0.027687462067856834
could:0.014510664955058246
re:0.007191163514964819
penalty:0.04659507816112421
deliberately:0.05239087738315956
political:0.034661305552706974
kmr4:0.053390778474736944
laws:0.03569109531767204
roll:0.05181493371411082
principle:0.04799105902501361
on:0.004875084858070096
you:0.016032663156020824
traditional:0.04799105902501361
etc:0.022330038340944575
support:0.026336118360899097
m:0.013161679924193
a:0.00402837728609537
was:0.008514049366359477
old:0.02546070271483004
local:0.02938830242226877
let:0.022164785988007932
play:0.030787675315196557
d:0.017517732907471495
it:0.0032966868244228074
not:0.0057972116209227395
should:0.015796270598398842
have:0.009831742560531787
made:0.0223613418453654
being:0.018709653172357194
systems:0.028850164618102025
only:0.025644927659024742
ve:0.017549362490648406
keith:0.03788910643384295
call:0.02554765478844911
heard:0.025986993840575717
comparison:0.04487452567256927
writes:0.006358292221322715
of:0.0018696210150551795
ryan:0.04273978558657
reasons:0.034966581498039474
but:0.012793908120200198
never:0.021191723373671735
oh:0.031054963309052632
over:0.01928789185114767
in:0.0017084586720624085
po.cwru.edu:0.04584544795468467
point:0.02116861501211597
yes:0.025642748754845086
ought:0.04799105902501361
or:0.00648376401637582
hussein:0.059175201426991314
and:0.003671128985488364
known:0.03131662257371498
subject:0.000256701508577099
i:0.007342257970976728
we:0.025918152032960964
tired:0.04747909253925581
the:0.002174287528814576
do:0.006906903066408622
iraq:0.055438105371301095
country:0.03241109719250127
did:0.01580683695618236
an:0.008633635947709007
bush:0.04492900391810463
gave:0.03569109531767204
too:0.018774210267927853
him:0.04608683275698669
article:0.007791662310736549
supported:0.04202720893124575
john:0.025783446149825442
