above:0.02927587129170479
read:0.012188188504827538
confused:0.025980995206584822
at:0.009472742069402485
all:0.0051293969389585555
take:0.011428758765245718
own:0.024370867048903178
your:0.02032148745453649
with:0.0031442332085459537
from:0.004551463733495568
post:0.027769653811087962
possibility:0.02280097624538351
my:0.005108678824356459
to:0.002963869161485658
then:0.008580001880515071
owners:0.023213158405318544
been:0.007888389178609888
that:0.00373015726273631
like:0.00626150034144448
esp:0.02860920336275265
and/or:0.02172570982335468
me:0.017477236780718462
inability:0.030997650315136096
account:0.021907416165200325
sarcasm:0.03137509256606754
re:0.0040208656212706514
larger:0.022880923355488084
avoid:0.020788975770016663
bil:0.030078522368127282
this:0.011289944911213313
discuss:0.024045496636523497
kmr4:0.029852908394476574
something:0.010702480199803887
on:0.0027258538991359674
you:0.02390533287779449
tell:0.012957123944206736
assume:0.018663916963920304
bill:0.016642547718772674
m:0.007359218882344474
why:0.009568400968569929
more:0.013671172320652967
a:0.0015016173396197798
exposed:0.029927066040349344
as:0.004301689033424831
private:0.01908430711652985
following:0.01471674340343958
said:0.011782284025072217
given:0.01498810515688861
stuff:0.015717293293944206
are:0.0034565128043076644
play:0.01721461415473356
not:0.012965806636042257
contain:0.025214025849587388
have:0.005497318420942504
keith:0.021185306823224018
conner:0.028493578603500158
okcforum.osrhe.edu:0.030155881171633193
against:0.01388860640945079
real:0.013750504591388428
attack:0.021229556818581626
humor:0.029852908394476574
yourself:0.01885093909341179
dodge:0.031183059863905824
free:0.015524235452283526
be:0.006220013517607219
loop:0.027599839791444616
which:0.013891315403414171
thrown:0.026390464889195386
writes:0.003555174145255712
recognize:0.02407056122311388
if:0.003602959246039835
of:0.006272276953733505
even:0.00902773896648401
ryan:0.02389751452152301
what:0.014845840370913407
but:0.010730374552425972
result:0.019005386887158617
particular:0.01823145939830004
seems:0.01266928542677999
please:0.010297932026372338
find:0.01137874590146984
one:0.015859853351219717
in:0.003821068857946032
po.cwru.edu:0.025634013910146268
or:0.010875991253275569
alt.atheism:0.030314020339408963
and:0.0030790114071837893
for:0.0034983748700223014
subject:0.00014353202630117365
i:0.0020526742714558595
away:0.014887008528621886
we:0.007245934976956829
any:0.011003088884825886
allow:0.01885093909341179
classical:0.032106985976414745
agency:0.023521721835408075
than:0.007691404743115383
the:0.003647191983817998
do:0.007723848590392437
thing:0.012171679758736327
risk:0.023065273212900087
can:0.009296408520835629
moral:0.021581477338230248
may:0.020011027176772375
note:0.015923059671389773
is:0.0014444764886594834
right:0.010429427923603763
christianity:0.02068090491345168
life:0.01500203953381027
issues:0.04091644604945049
guess:0.016108372381374483
nothing:0.013735784954305962
leaves:0.02679187095784603
picking:0.02936061165509221
article:0.00435662838879893
aware:0.022026329096671397
usual:0.023065273212900087
by:0.010649843815238346
god:0.014264399095565726
doubt:0.01871006612355144
confusion:0.02784764144305896
