feeling:0.06150192747309186
truly:0.061384555901836314
wrote:0.03627570386891354
my:0.013383299455356356
to:0.0019411255775927195
kent:0.1296155883791941
that:0.004885980639922209
sandvik:0.14081445960739272
me:0.015261812400064011
re:0.0052667676447629656
bil:0.07879725578129118
had:0.021611387122283596
you:0.015656309560809066
apparently:0.05336142332748821
bill:0.04359878698157348
a:0.005900721658505894
hard:0.07617558880494392
truth:0.050634613070600056
are:0.009055089881707402
early:0.0493343816731448
reason:0.03763678766209194
it:0.004828949714647492
not:0.016983380523266617
statement:0.04891830168581417
suitable:0.07243126812293826
conner:0.07464514958100041
okcforum.osrhe.edu:0.07899991405526442
mother:0.05999442385548358
free:0.04066912386091177
newton.apple.com:0.07097294870123629
if:0.009438738306526891
of:0.008215799390101633
even:0.023650133067127124
believing:0.06954683977581132
opinion:0.046610022036446326
find:0.029809108981315356
who:0.01821201231315279
accept:0.050311436206517374
in:0.0025025310125984575
substitute:0.08169083288290821
for:0.004582378350874282
subject:0.0003760134773523704
outside:0.05077148982368345
i:0.008066142559664573
preferred:0.07192819653699349
agency:0.061620285371632416
the:0.0031848718731931815
her:0.046569138097601805
agree:0.042486692661470975
moral:0.05653739133677219
company:0.04741025407931479
is:0.007568243011004617
itself:0.04736698367034338
provided:0.05687275258597949
life:0.03930111765195366
told:0.04366506713703
plenty:0.06565235003139364
