okay:0.055202129942339695
all:0.01223163885443963
truly:0.05587568550038947
your:0.016152977207452082
from:0.021706980882825015
parents:0.05878980808324681
direct:0.05120225157146376
bunch:0.05200260283531186
that:0.004447495197877908
really:0.02501789414347341
nt:0.00915485322721075
re:0.004794109009976545
bil:0.14345141437106856
this:0.006730544081684859
jon:0.05319702902202991
on:0.00650011314409346
set:0.033966853642640016
you:0.021376884208027764
apparently:0.04857257764425209
bill:0.15874430131752396
a:0.005371169714793828
are:0.016484907220544243
base:0.049379946864269886
race:0.05603627857499433
reason:0.03425912723087856
suitable:0.06593102611190534
conner:0.27178490360261687
okcforum.osrhe.edu:0.14382035635701984
free:0.037019330693906866
writes:0.01695544592352724
of:0.012464140100367862
opinion:0.04242707134086781
but:0.008529272080133465
humans:0.05782540524686748
find:0.027133932534274232
thousands:0.05485358968202999
one:0.012606550099687468
in:0.004555889792166422
substitute:0.07435960429085234
solntze.wpd.sgi.com:0.06628553292383495
for:0.004171139268103512
subject:0.00034226867810279864
livesey:0.13140003926220353
agency:0.05609025976135771
the:0.0019327000256129563
do:0.009209204088544828
did:0.021075782608243145
moral:0.05146352288347212
human:0.041100543220981736
company:0.04315548768758141
is:0.003444520857572614
atheist:0.05859103646099085
article:0.02077776616196413
meet:0.05500180535383866
plenty:0.05976047246447369
