say:0.0421676660948343
to:0.0030626648002018463
that:0.015417983352643414
re:0.008309788950626012
kmr4:0.1233920213638365
two:0.04143976517007359
you:0.012351088653527152
bible:0.07997630004127326
m:0.030418104713690493
christian:0.07124094158303503
morality:0.09603643299241747
starts:0.09938805276429712
are:0.014286919591138345
only:0.02963413862820637
keith:0.08756593486932593
after:0.042871415281443365
sun:0.08063316231330758
writes:0.014694719800390275
ryan:0.09877639335562845
years:0.04955056495511986
accept:0.0793802660147274
in:0.007896875639755132
po.cwru.edu:0.21190784832387582
subject:0.0005932657087115177
each:0.05657798660801368
i:0.00424219349434211
we:0.029949864571421556
will:0.025184563220072988
2000:0.096125500134585
the:0.005025020066593686
when:0.029059432063194134
around:0.05260432073674746
can:0.019212577609726965
did:0.03653135652095479
forget:0.08531585189809987
is:0.0059705028197925315
orbit:0.20111024038563627
article:0.01800739734036891
earth:0.07823411472430554
