some:0.011335309467314116
looks:0.022156022487856898
believe:0.007031300583593335
at:0.0028510194577813304
say:0.018422766740461585
all:0.006175196314862726
produces:0.01704980396122217
ah:0.015233986943271105
pardon:0.019005852715109746
hand:0.010217603415704445
your:0.016309802228883657
way:0.005606384529276839
much:0.005654358801164826
previous:0.02248025514364276
someone:0.007130932409912686
drawing:0.030700543525545854
my:0.006150254118642727
to:0.0008920382913209261
death:0.04343581079658799
been:0.004748350767706923
die:0.012193379842823137
that:0.01122668690726462
slip:0.0188276657339349
think:0.032615651109061124
counter:0.01747718170236478
cco.caltech.edu:0.014565586247754765
really:0.006315196579905909
nt:0.02079840441910015
suppose:0.012472941701071747
could:0.004883848399113455
anything:0.007512107282587067
re:0.001210163439411555
so:0.01653415206124466
this:0.005096916877392417
he:0.005146062160259661
shot:0.012869360341707884
kmr4:0.017969711849102402
on:0.003281610519348155
you:0.0053961066932885614
incorrect:0.016443127727259796
particularly:0.013000324579742985
sharp:0.01740191677626683
m:0.004429821074809295
includes:0.012193379842823137
why:0.017278860001495207
seconds:0.014977879109747726
more:0.004114624679031475
a:0.003163601579587303
how:0.00425683817873503
other:0.004463779895896152
was:0.008596710039819277
as:0.0025893662142945583
blood:0.013516743412325569
allan:0.015956134358527448
are:0.0062418580737983054
no:0.003643190084733042
d:0.017687807984243062
gas:0.0128419730474725
pain:0.07163430421224293
it:0.005547822487701811
not:0.005853495228892862
admit:0.02653784604991295
made:0.00752614741721036
term:0.012613850465742583
probably:0.007725643090709413
only:0.004315651256534908
ve:0.005906581550250597
keith:0.03825696183611327
stated:0.03769024332910446
null:0.017969711849102402
punishment:0.015350271762772927
has:0.0034458720837752463
electric:0.016919028756245222
sudden:0.017633175559380564
be:0.009360214516787561
which:0.004180881335008148
sort:0.010153596464922428
considered:0.01114188659291978
writes:0.002140007737920914
if:0.004337543169989704
of:0.0025170302338606947
even:0.005434172970116588
ryan:0.014384911653732298
what:0.0029787770323515574
but:0.0064590604101981575
instance:0.013834161484659987
victim:0.017292203016798603
nature:0.012337913081746829
again:0.007902489120090674
well:0.005446174466515679
loss:0.013772982990682147
must:0.007499871933590606
up:0.004347768188842669
now:0.005346001287631859
depending:0.014565586247754765
chance:0.011634490381917812
over:0.01298343529138743
one:0.006364471894987848
in:0.0011500304329740483
po.cwru.edu:0.015430183130379306
or:0.008728950908777804
and:0.004324566183552636
gets:0.010800376512598072
subject:8.639791874439578e-05
i:0.009884722705263168
example:0.009098249656174449
away:0.008961111929850068
any:0.006623218552031115
chamber:0.020168875371769607
than:0.004629777612360716
the:0.00219539711647297
managed:0.015311044058784756
do:0.011623267296221628
original:0.009987598748457862
painful:0.07378596344504208
arbitrary:0.017439330440995226
would:0.012073134577402927
did:0.005320100464216717
may:0.006022736334756734
forms:0.015491438825801698
quickly:0.013736823441820901
imagine:0.012743490467529005
an:0.005811638437292795
just:0.0038006102377536764
long:0.030813090551567442
eg:0.016361193073588957
relatively:0.014429143494278138
about:0.003187754628873371
head:0.011174303350989267
changed:0.012230793507551537
execution:0.03921625092946778
is:0.0060864349133807364
right:0.006277908070518769
suffering:0.015215005974169492
schneider:0.016443127727259796
involve:0.015980018200914575
somehow:0.013760884860874355
guess:0.009696301821798231
too:0.012637656102682826
non:0.01605274588975619
cruel:0.1557141490234806
although:0.010225694034805043
very:0.011283122924164708
stance:0.11999104381342497
by:0.006410585597522111
chair:0.018604387832682628
hanging:0.018658779801344057
twenty:0.0188276657339349
void:0.017797071134845792
s:0.0020078844040647844
