school:0.11988542227899249
at:0.009680934202795947
boy:0.2491666321494411
default:0.052743684457162494
with:0.006426674470214807
supporting:0.054020293597404706
to:0.0015145045715283857
discrimination:0.18739177975257235
she:0.03643013719668663
that:0.003812138741038207
wednesday:0.05755967270915321
son:0.04689177252060128
its:0.022723346769606266
me:0.01190756791653346
pack:0.056612665058152635
charges:0.055556139118010855
believes:0.05394095021308068
this:0.005769037784301308
3:0.0257303949960178
m:0.01504191991336343
board:0.0394636980148917
a:0.006138479674050089
milwaukee:0.06517667469332843
said:0.04816494128930621
organization:0.08421611490366751
files:0.03636606114931527
are:0.007064960237376105
not:0.006625384709625988
ban:0.05812333528484058
mother:0.09361767238987548
has:0.011700818394357704
of:0.004273419462983268
short:0.038054701820013935
over:0.022043304972740197
filed:0.06683406908601616
president:0.041378661089802184
in:0.0019525241966427526
and:0.00629336397512291
subject:0.00029337315265954173
i:0.002097787991707637
any:0.011244915014162719
kadie:0.3009832144600898
cs.uiuc.edu:0.06147917758760082
the:0.004969800065861888
do:0.007893603504466997
her:0.03633416269153548
because:0.01939255273510455
homosexuals:0.05362918431056182
carl:0.10680206111676258
just:0.01290536882929545
is:0.00590489289869591
followups:0.06412931008009409
show:0.033077677689393764
complaint:0.1312505360794097
meet:0.047144404589004575
upi:0.13581403860200852
by:0.021767812633344312
represent:0.05281481099019125
s:0.013635962216615788
newsgroups:0.047101893855181265
