since:0.012053142309660732
believe:0.013088384821267111
out:0.007097452404099156
say:0.011430993820888816
there:0.005528789069741852
know:0.007432982684688566
help:0.012892124819528897
all:0.005747396570158381
true:0.04668579744863578
knowledge:0.022269705691880335
take:0.012805717652624721
atheists:0.025160685026557838
stand:0.023721316593171463
wonder:0.0222311307699815
with:0.00704611297336804
way:0.010435980840641828
ca:0.012388846964411573
times:0.016930579165620643
from:0.005099832858013106
wrote:0.015515511895740129
both:0.013528337845230349
several:0.01697862272329757
my:0.00572418229717049
creation:0.027348165629288903
to:0.004151202289430213
scientific:0.02543794901689086
direct:0.024058889292615505
been:0.008838797513382164
derived:0.031737285686853314
that:0.004179573800415383
view:0.04102829822632086
nt:0.004301678022424329
me:0.0065276426530394265
re:0.0022526536311937985
so:0.006155485526415182
bil:0.033702440725732974
on:0.009162810094685963
you:0.013392746732740286
tell:0.01451822321459309
knowing:0.02586761637123984
evolution:0.03246236811004533
concerned:0.024252947244324273
8:0.01778609206249317
vs:0.04116399933811256
came:0.018185100798059923
bill:0.018647673949950105
more:0.0076591507579561804
a:0.001682535091381199
how:0.007923873477283882
christian:0.019312303441184193
wondering:0.021680322300345164
want:0.011401192576579408
as:0.004819964820584449
truth:0.04331394612063379
pointed:0.026058117506363405
question:0.013150518574380148
morality:0.026033972799149315
whole:0.01802358719895958
based:0.01819821091506351
no:0.006781600820376566
christians:0.021668636367707654
discussions:0.0289137065397698
have:0.0061596459415379865
ve:0.02198956263888475
conner:0.0319265398810303
okcforum.osrhe.edu:0.033789119867010685
after:0.011621769202800912
be:0.01045411910489406
which:0.007782483930828421
outcome:0.032532826180907935
if:0.004037050721466321
of:0.007027972972255613
philosophical:0.033789119867010685
seen:0.015617258377243091
what:0.011089663891525678
years:0.013432382066146949
nature:0.022966356278673314
consequences:0.031146214265416427
in:0.00214071929993362
context:0.02501651173612634
point:0.013262264826867836
or:0.004062117215078828
rather:0.015502913571764237
debate:0.027348165629288903
and:0.005749961061608281
still:0.012299452302587634
for:0.0019599329091088795
subject:0.00016082504151818252
i:0.004599968849286625
we:0.008118939191048013
actually:0.014724783898199307
than:0.008618080013370248
2000:0.026058117506363405
the:0.0027244084698399506
would:0.005618371362074555
can:0.015624686610320121
human:0.019312303441184193
makes:0.01682516796537334
subjective:0.03232387703640257
hold:0.020902292849060363
is:0.00809254900273084
length:0.027847858900257278
either:0.030163406109799496
itself:0.020259372533701085
time:0.009515120300624782
alexia.lis.uiuc.edu:0.036637953535105246
sides:0.027438755251966856
cobb:0.07075672878275796
observation:0.031614340677026766
first:0.011310571261391815
objectively:0.03537836439137898
very:0.01050146079387619
difference:0.01932020389659269
inherently:0.03463105927890923
mike:0.03849894010792414
seem:0.01662477442708276
elsewhere:0.028537077883255737
