some:0.012830075550915981
at:0.009680934202795947
mark:0.03300685675046363
all:0.01048426187523397
own:0.02490649050052742
way:0.019037063951060917
someone:0.048427650871714724
times:0.030884353203220076
from:0.009302991806925008
to:0.0045435137145851566
death:0.03687270751688376
born:0.047229922615840345
that:0.003812138741038207
me:0.01190756791653346
re:0.004109236294265611
so:0.01122868788335077
anyone:0.018383678567487818
this:0.005769037784301308
he:0.05242197387429347
something:0.021875399089709043
m:0.01504191991336343
sure:0.023978505716035204
a:0.0030692398370250444
closest:0.0619605250893414
was:0.01946068426596452
said:0.024082470644653103
quotes:0.05340103055838129
no:0.012370832265741868
judaism:0.06373680367787345
religious:0.04034505280340789
not:0.006625384709625988
have:0.0056181386060181636
due:0.03643013719668663
types:0.04502084848330637
absolutely:0.043983063133490485
his:0.04053690201110455
which:0.014196619038654042
writes:0.0072666196815116746
get:0.014443670058144202
converted:0.05574083272588317
what:0.010114748384578365
sense:0.03611342908091199
ed:0.17442504051292318
good:0.017802306058895597
in:0.005857572589928257
atheism:0.052958460238184145
point:0.02419270287098968
confirm:0.06179772194884535
quoting:0.05921706710184094
or:0.007410016018715224
stories:0.05085895214189063
and:0.002097787991707637
subject:0.00029337315265954173
until:0.03144138159741367
i:0.002097787991707637
judging:0.06263698545197253
felt:0.04961784872232365
any:0.011244915014162719
the:0.0016566000219539628
would:0.010248897209938199
can:0.009500725191623224
makes:0.030692064640131588
many:0.04072969291380425
about:0.010824353629910678
paul:0.035989258144055576
right:0.021317292239453844
christianity:0.042270860592329804
does:0.013389986970742037
life:0.030663509376799014
told:0.068136698169871
atheist:0.05022088839513502
article:0.01780951385311211
jewish:0.04202755151675603
s:0.006817981108307894
