above:0.010978451734389294
some:0.004707809980376428
since:0.016135658253255494
out:0.004750714109195402
say:0.015302782050544705
there:0.00740144343207377
activity:0.035993572975649785
know:0.0049753029260415395
all:0.003847047704218916
knowledge:0.029812670523001093
thanks:0.008037849374661947
your:0.005080371863634123
way:0.013970748544730188
interpreted:0.021970367934873364
such:0.023262304880658852
from:0.010240793400365027
myth:0.02285771424445724
wrote:0.02077076592494243
trick:0.020031867255322102
both:0.009055258396404186
my:0.0038315091182673437
paranoid:0.021456902522064485
to:0.002778627338892804
significance:0.0212852911736016
kent:0.0371076886085596
then:0.006435001410386303
potential:0.0172833562129899
that:0.009791662814682812
sandvik:0.04031381706501969
think:0.011610871189746413
re:0.001507824607976494
so:0.004120204021713388
bil:0.04511778355219092
this:0.006350594012557487
on:0.0020443904243519755
you:0.002241124957293233
assume:0.013997937722940227
great:0.01016633342230918
bill:0.03744573236723851
m:0.01103882832351671
influence:0.02069987984358346
sure:0.008798564597416143
a:0.0028155325117870866
how:0.005303883053343243
other:0.005561725757386737
same:0.007831021574712146
christian:0.012926783754986192
as:0.019357600650411734
truth:0.014496199709728241
given:0.011241078867666456
also:0.005981843272901477
morality:0.01742596566394672
ethical:0.024080239482311055
whole:0.012064175302529396
learn:0.01536296040613803
science:0.013635613815190788
observe:0.022616910878724892
are:0.007777153809692244
no:0.004539297323316572
d:0.007346146057971917
it:0.00552992628612858
not:0.0048621774885158455
statement:0.014004836369729056
conner:0.04274036790525024
okcforum.osrhe.edu:0.045233821757449784
suspect:0.01565360912458774
always:0.021427065306441187
chooses:0.02368067939100367
after:0.0077790874502619
abstract:0.02255889177609546
nonsense:0.021202148886493792
scientist:0.01988082869671363
be:0.004665010138205414
species:0.022174576534948986
claims:0.030292948996844565
depends:0.017361960223800387
newton.apple.com:0.020318868378176518
whatever:0.01332645394658614
of:0.003920173096083441
what:0.014845840370913407
distortion:0.024618672517087357
humans:0.018187022617966384
years:0.008991029931372555
ignore:0.01814825060708154
nature:0.061490566810641446
extent:0.019735244000576066
well:0.006785757702231229
find:0.00853405942610238
accept:0.014403677301059408
one:0.003964963337804929
in:0.000716450410864881
atheism:0.019432338232559503
our:0.008991029931372555
point:0.008877161134113147
yes:0.010753410768160842
or:0.005437995626637784
and:0.0038487642589797363
for:0.0013118905762583629
subject:0.00021529803945176046
values:0.017221557944932533
i:0.0061580228143675786
special:0.014095609648649284
we:0.021737804930870484
any:0.004126158331809707
2000:0.017442127040549697
the:0.003343259318499832
do:0.002896443221397164
see:0.014269240011380451
when:0.01054576163583658
can:0.024403072367193523
claim:0.013166286470967686
moral:0.016186108003672685
pure:0.020352055874694724
human:0.07756070252991715
here:0.00725968107106208
statements:0.01699790035818708
religion:0.0286413811529251
about:0.00397183943678174
arrogant:0.02233481979563251
reality:0.01689762589617896
observer:0.02273551525455672
is:0.01300028839793535
deal:0.01329159270871173
either:0.010095010915779669
scientists:0.020188784256328852
done:0.010680094965406041
their:0.006103562978152072
observation:0.021161211904784046
although:0.012740884906269186
article:0.0032674712915991976
very:0.0070292035959009964
little:0.009457010894751872
understand:0.01208127928603086
by:0.00399369143071438
concern:0.01857523564391566
s:0.005003518394000148
