believe:0.010395559236030336
appearance:0.025953396147006865
at:0.004215143600260435
objective:0.021333039903023657
mark:0.014371406527713829
say:0.009079162556304036
there:0.004391287012330849
all:0.004564917849982255
anyway:0.014586190534184373
with:0.0055964342276511704
physicist:0.03326664423265487
wrote:0.012323325237764885
several:0.013485413263480366
to:0.0013188508709003166
obviously:0.017616713305387353
then:0.007635791147252646
most:0.00888323188500975
us:0.009855867876483234
that:0.009958984462233785
sources:0.018416932895762985
really:0.009336821737755626
nt:0.010249931364436917
me:0.005184634834471505
re:0.001789189008507993
so:0.0048890459205020095
bil:0.026768445743883606
this:0.007535633086671086
overwhelming:0.027668217186481405
certain:0.03154368413167951
on:0.0024258795465994733
you:0.0026593253081757025
tell:0.011531220352260538
used:0.009447193819793614
am:0.007819791180389309
moment:0.020135458370104223
deserves:0.026978027670478785
cloud:0.027506008805258046
size:0.01722907721084147
bill:0.014811071175558455
more:0.0060833446211517985
a:0.003340918961355012
christian:0.015338958714050601
was:0.004236656144025768
as:0.007656594834612616
perceived:0.028099562148176604
resolutions:0.027506008805258046
question:0.010444909489699063
morality:0.02067770088353486
evidence:0.030791464445101214
scale:0.02315384735203624
are:0.01845678607467633
no:0.005386343235323014
those:0.008879979207117512
model:0.01750694503150024
atoms:0.1455000068619012
it:0.00328091320325332
not:0.008654210649415763
have:0.012230875912623274
interesting:0.01563648115751872
conner:0.025357921627995356
okcforum.osrhe.edu:0.026837291377625708
real:0.03671187350236719
after:0.00923068750078924
bother:0.02194069392580503
call:0.01271270860286463
be:0.005535514422368147
which:0.006181303026399606
writes:0.0031639348852514943
if:0.006412922677161811
of:0.008373039569816497
even:0.016068511461875844
describes:0.023918245531399242
seen:0.012404138232642836
what:0.013212087602822458
conventional:0.02551311433494824
but:0.00954951993660876
years:0.010668781928135853
nature:0.018241220776362536
sense:0.015724028929966462
fairly:0.018776107886353522
seems:0.011275057843928602
properties:0.025839469598233092
they:0.008927460521605202
observed:0.02439314963711858
now:0.007903896640565762
in:0.0008501421143277056
our:0.021337563856271707
subject:0.00012773663584697749
i:0.0027401728312736115
we:0.012897070868076267
any:0.009792222643912031
physical:0.02041699186303692
images:0.0203629270053626
than:0.013689964423152737
2000:0.02069687801940825
the:0.002163884239203023
thing:0.01083221260825338
less:0.013152466777972618
would:0.013387315494321188
can:0.008273358779308262
orders:0.023417897187286433
because:0.008443647363131645
may:0.008904428360956129
an:0.021480816712003272
jim:0.032405078918171
thought:0.025689822059250838
lower:0.018999916808830702
just:0.005619084035721942
subjective:0.025673509990635533
eye:0.021965679303705278
is:0.01028411968959479
scientists:0.02395606935679213
object:0.04047820379074605
carry:0.01862420023891534
halat:0.09109941877111798
does:0.011660180041507418
light:0.016709161176106664
nothing:0.01222419139474119
image:0.017708435392027162
resolution:0.02137713873127688
article:0.0038771908149119664
useful:0.01834587185204994
give:0.011307350580650749
atomic:0.02783611823820997
magnitude:0.0277514312664425
mathematical:0.026978027670478785
