since:0.020416547177588583
obvious:0.03925151340716339
at:0.008989438902596235
your:0.012856451246747577
with:0.005967626293770891
ca:0.02098518975604409
previous:0.03544081040502863
kids:0.04486084725361962
post:0.07905850421728103
my:0.009696063891125522
corp:0.0472261698460413
to:0.0014063256735620722
remember:0.02839412282164522
that:0.007079686233356669
gee:0.051673233769484725
really:0.019912201461131894
nt:0.0218595475017073
re:0.0076314388322075615
bil:0.05708780775991503
this:0.005356963656851214
you:0.028357091296363362
communications:0.04305186628911933
bill:0.031586876282568545
a:0.0014250042100473418
california:0.0406068288461524
talked:0.05031066853862225
are:0.006560320220420668
annoying:0.05314664708460609
fuck:0.057844011557401986
it:0.00699704958653004
being:0.019855142142093347
try:0.02486111910554482
only:0.013607512635400882
conner:0.054079649186234986
okcforum.osrhe.edu:0.05723463161146707
netcom.com:0.06569459540247222
free:0.029464365246170767
writes:0.006747575418546554
of:0.003968175215627319
what:0.009392266357108481
nerve:0.06182562008778338
nature:0.03890219532918132
san:0.04120372891433208
please:0.019545054662298517
shut:0.04815445329712014
find:0.021596395282381532
up:0.013708779289310045
or:0.013761458320471128
substance:0.05498727659456658
still:0.02083376614519946
subject:0.00027241792746957445
i:0.005843837976899844
agency:0.044643267973325525
the:0.0030765428979145017
do:0.014659549365438706
jose:0.04652955789574535
see:0.01805495674909363
got:0.022572998179903814
can:0.008822101963650136
home:0.0298914597128709
because:0.018007370396882792
moral:0.04096076311133495
substantial:0.05510662393908894
an:0.00916222590369119
about:0.010051185513488485
entire:0.03805528798662042
is:0.0027415574172516724
ignored:0.05238336940008875
argument:0.035905524899384915
lot:0.02529136110474888
claiming:0.047061140670065775
fault:0.04517346939098584
understand:0.030573033295261766
respond:0.04126538518429088
by:0.020212968873819716
grasp:0.060521197929519245
s:0.006330982457714472
