basically:0.017287253516510514
some:0.015430002755066355
obvious:0.01694558728591195
at:0.011642709415697327
out:0.005190207484935947
mark:0.013231823631243131
corrupted:0.026400673131325884
there:0.00808615846323478
know:0.005435573240785471
situations:0.02105949501979765
existing:0.01907344342007071
theories:0.022901803979646085
where:0.00813857620367296
text:0.047795996474452436
c:0.01139250086092053
though:0.010949533927800351
such:0.008471441424968277
from:0.007458786382644719
brothers:0.022575337141964486
added:0.018430036065028247
to:0.0054642257448535144
changes:0.017964358148617573
most:0.0081788346430266
us:0.009074345313590292
began:0.019743648620315454
make:0.007753658516959048
that:0.004584642626887359
like:0.005130568561712217
nt:0.003145720492169333
obscure:0.025871403035105336
re:0.0032946299804244104
lost:0.015438353851620486
exactly:0.014169086578290788
so:0.004501368270418151
this:0.006938093899181749
jon:0.0182791553467768
begins:0.023538725692470345
these:0.007297955828629704
game:0.01309255113616955
texts:0.11974407830962071
you:0.0024484536978357794
tell:0.010616850456486577
took:0.01486961090932458
am:0.007199719633045664
material:0.01860220060266028
includes:0.016598036878556606
why:0.007840187577770955
a:0.0036912003326336432
same:0.00855547731510402
accurately:0.025324915596030537
as:0.014098927933339533
perceived:0.025871403035105336
part:0.010789524724287566
copy:0.06020461577204128
are:0.014161043647604087
no:0.009918464635969251
ot:0.02202164456415173
telephone:0.019723014922903882
it:0.003020752684933674
cs.umd.edu:0.05050419857575086
transmission:0.04269504959257196
closed:0.01817653172297274
peace:0.05090267650325618
real:0.01126693327752532
mt:0.02458335033250977
be:0.0025482874763765257
which:0.005691155649856907
writes:0.0029130501806941076
end:0.01191292247830621
of:0.009422231018604076
trying:0.01187809789897972
what:0.0040548110264168775
but:0.01172305237445657
tend:0.018764775743345084
least:0.010606442214566003
seems:0.010381000393749243
well:0.00741351502270196
they:0.012329334244595732
errors:0.01891640668557627
one:0.004331766113548998
in:0.0015654599285858193
point:0.0193967926102208
accurate:0.01970247742023511
wingate:0.053382473732183015
clearly:0.016011058926979755
yes:0.011748219693849732
rather:0.011336932391686623
satanic:0.0259553157882802
use:0.00732501994602356
and:0.00336385387216555
for:0.004299764708089084
subject:0.00011760773961241542
i:0.0008409634680413875
we:0.005937197822528503
yet:0.011586205914917023
source:0.013741268553743722
livesey:0.022575337141964486
the:0.007637145035131373
wrong:0.011645031087356214
do:0.0031643961185308226
thing:0.009973270639316991
when:0.005760680364950379
would:0.004108588749358485
did:0.0072418988697927995
correctly:0.019199574753437792
pray:0.02185153515389719
may:0.00819835034114463
substantial:0.023790524872382014
problem:0.009319670890068655
mountain:0.02002107064305285
places:0.016805382741367114
people:0.013262318414741124
is:0.005917899270719469
number:0.011023193164747834
mangoe:0.08236364524066267
time:0.0069581937000163605
presumably:0.02172002430301754
lot:0.010918737393239607
mystery:0.024225969077829732
matter:0.013307942783702831
too:0.00860140029896254
reflect:0.020841905789270882
charley:0.026592237501104468
transmitted:0.02384265904703841
very:0.007679482342658359
little:0.010331888554618786
before:0.009366494569262751
appear:0.017395143472494195
god:0.011688009831608922
