some:0.006991238773253618
since:0.023961935609624927
all:0.0057129810218340795
happen:0.020249294767468954
gaza:0.03358678980792679
atheists:0.15006013345180602
own:0.04071540063858674
with:0.007003920680114339
further:0.02124451737174483
themselves:0.03875988283021339
my:0.0056899057564688705
to:0.002475806874414666
hearts:0.03376292085706627
look:0.014198612720215035
most:0.011117338107587055
respect:0.02447519873613246
make:0.010539404091914393
that:0.0041545464123889445
problems:0.016425588238872895
think:0.017242491347647368
control:0.03652256610707813
like:0.013947773215672733
through:0.014188402958232496
nt:0.008551838942783696
bobby:0.031246272989441687
me:0.006488554972482304
anything:0.013899647606703017
re:0.004478329374588869
this:0.012574429661590876
you:0.0033281376611300714
ownership:0.06372828533499393
etc:0.013906131661426561
mosque:0.03700322608617597
a:0.0016724600309537666
was:0.005302162479649016
mankind:0.0335006297034232
also:0.008883216357362674
logic:0.024866712264652528
quran:0.033944390015720936
others:0.016145677982445487
are:0.02309861251261888
base:0.02306368775696438
it:0.0020530265253890538
not:0.003610239572311167
should:0.009837198456487903
have:0.0030613809170518137
decent:0.026979415106704884
allowed:0.022945109150400426
has:0.006375895053212881
love:0.019594116408272147
be:0.010391519589295892
comparison:0.027945812394893434
writes:0.003959655036033308
things:0.013381592384073352
if:0.00802575353010071
of:0.0034929446508815327
opinion:0.01981623691369874
but:0.003983731869762936
tend:0.025506611339756492
saying:0.01806320466445772
they:0.011172690113865194
who:0.007742831582238613
now:0.009891702981306852
david:0.014948773888290384
over:0.012011621272571006
in:0.0053197515537272595
heart:0.02377833900027316
yes:0.015969136949125082
or:0.0040377931598987145
and:0.008001742219866853
subject:0.00015986201731747483
i:0.003429318094228651
any:0.00612746866041202
lives:0.02330813083792399
the:0.001354047323333628
do:0.012903914710895149
would:0.01675418525936005
can:0.010354083741769023
hate:0.02410772001531634
claim:0.15641863687664606
myself:0.019957138095795707
people:0.01802722323440859
arrogant:0.13267150441477518
is:0.001608818125093796
self:0.10184702807210003
their:0.01812794752792472
mozumder:0.03588594491503578
theists:0.0348368186334484
change:0.017796461724014896
describing:0.03154724205998593
article:0.004852292696506593
very:0.010438577795110463
jewish:0.022901240646855083
full:0.018500972957624272
going:0.013040812479339418
john:0.032113513767447255
god:0.01588729480104925
dangerous:0.025178118162798125
