some:0.021521417053149385
utterly:0.026648190746426794
out:0.01085877510673235
form:0.015729866011437308
know:0.005686060486904617
all:0.008793251895357523
send:0.013517728667632362
where:0.008513625798312266
your:0.017418417818174138
followed:0.02048358387559115
surprised:0.020279643741931978
from:0.007802509257420973
post:0.011901280204751983
possibility:0.019543693924614434
tm:0.02118007525511773
my:0.004378867563734107
via:0.015752218334634308
to:0.002540459281273421
look:0.010927042969013413
most:0.01711147893057178
so-called:0.023109615968749914
genetic:0.02724089755666685
been:0.0067614764388084754
that:0.00639455530754796
like:0.005367000292666697
justify:0.021943299712150092
so:0.004708804596243872
this:0.0024192739095457096
sight:0.024423067374428706
ti:0.034918535080660486
these:0.007634267157137984
fair:0.019459444870063975
you:0.005122571330955962
them:0.020265334168648494
bible:0.03316989402633453
seeing:0.01847138094681303
bill:0.0285300818036103
why:0.008201486544488509
sin:0.019842240255771873
more:0.005859073851708414
a:0.0019306508652254311
how:0.012123161264784556
christian:0.014773467148555649
was:0.004080466055766754
truth:0.016567085382546563
quotes:0.022393980556740536
local:0.014084716368276276
question:0.01005984370206039
hypothesis:0.02591517372048353
science:0.01558355864593233
organization:0.017658217641091573
far:0.01147178835078987
are:0.0029627252608351406
taking:0.015700230572127213
crap:0.022393980556740536
deeds:0.027332153903653855
it:0.00315995787778776
not:0.008335161408884307
choose:0.01831245847643898
have:0.0023559936089753587
proof:0.01929543129816212
try:0.011227602176697661
able:0.012154217631846402
atlanta:0.022059237774989512
has:0.004906794810537102
manage:0.02322156386077316
reject:0.023534110387679896
highest:0.021747172456763938
be:0.005331440157949044
were:0.021446589365976487
if:0.0030882507823198585
of:0.006272276953733505
humans:0.020785168706247296
ignore:0.020740857836664617
they:0.008598337553066762
ga:0.02540261319002167
who:0.005958769005685937
pick:0.018525596806626795
good:0.007465483185988476
code:0.014933237374800444
in:0.0032752018782394557
context:0.01913705506081554
according:0.015850351173208377
point:0.010145327010415026
origins:0.02847713712622759
albert:0.023657005535523957
alt.atheism:0.02598344600520768
better:0.010305142264061765
and:0.002639152634728962
for:0.0014993035157238432
subject:0.0001230274511152917
i:0.0017594350898193082
person:0.012927163313704382
we:0.006210801408820138
info:0.013573250964941923
any:0.004715609522068237
alan:0.020279643741931978
than:0.006592632636956042
creator:0.026569414555830936
the:0.005210274262597141
do:0.006620441648907803
when:0.006026149506192332
would:0.008595849272851392
agree:0.013901175939928291
regards:0.019029343765030706
put:0.011462946080860735
an:0.004137779440376667
myself:0.015358719179713747
problem:0.009749148811269974
rules:0.018983941477274897
just:0.005411928863898092
record:0.017772573259154816
jesus:0.01600552727969035
about:0.004539245070607703
interested:0.013258415739239263
is:0.012381227045652714
scientists:0.02307289629294726
detail:0.02217816811579999
man:0.01335506607739723
supernatural:0.02847713712622759
premise:0.027063633589718483
e-mail:0.01267140910899662
br:0.5221465056541128
little:0.010808012451144997
shown:0.019029343765030706
needed:0.015372454793253554
says:0.011801966564182342
god:0.03667988338859758
s:0.005718306736000169
newsgroups:0.019752407100559883
