above:0.039458783045341235
read:0.016427558419550157
confused:0.03501786310452737
at:0.006383804438075587
out:0.00853751521072797
technology:0.024403389027659005
all:0.0069135350046832696
take:0.015403979205331184
pollution:0.04283532441881672
own:0.0328476903702608
your:0.02738983091698397
with:0.004237879541953242
from:0.012269163107683704
post:0.018714331916167976
possibility:0.030731750591603855
options:0.03278971310635374
to:0.003994780174176322
owners:0.03128730045934238
perfect:0.029348455029977457
and/or:0.029282478457565004
its:0.014984235913291089
me:0.007852091886989454
inability:0.04177944172909647
account:0.029527387005270002
sarcasm:0.04228816824122147
re:0.0027097137882476125
this:0.0114126617037265
kmr4:0.04023652870559886
you:0.0040275289087588545
burning:0.034371260686208945
assume:0.02515571416876215
them:0.01062216790965392
working:0.022960427613815993
crisis:0.04118998057363305
m:0.009918947189246899
more:0.009213181346526999
a:0.0040478380459315795
private:0.025722326983148924
following:0.01983561067420117
unlimited:0.04459580397396447
solution:0.02818737005966122
are:0.004658778127545112
model:0.026514141388286592
not:0.008737826211245869
fuel:0.03496971424424716
contain:0.03398412179726996
energy:0.09968706588028807
keith:0.028554109196519326
kind:0.019967584760601884
call:0.019253305057961648
humor:0.04023652870559886
talk:0.02506952005534078
yourself:0.02540778747372893
free:0.020923969522643013
environment:0.030417779020853592
be:0.008383496480253208
loop:0.0371997840667297
which:0.01872307728286258
thrown:0.035569757024567696
writes:0.004791756456649003
recognize:0.032442930344196964
making:0.022279762252698575
if:0.00485616246205369
of:0.011271918003810937
ryan:0.032209693485531016
result:0.025615956239213783
associated:0.032969533172438704
supply:0.0292606190840909
please:0.013879821426849672
universe:0.03211198804830429
one:0.007125441360692916
in:0.0025750681433984127
po.cwru.edu:0.03455019266150149
or:0.009772629821783846
and:0.00414997189663902
for:0.004715200911769188
subject:0.00019345620936245142
we:0.009766260186333116
cnsvax.uwec.edu:0.08431519872153455
any:0.022245375354104504
allow:0.02540778747372893
the:0.004369582666603206
do:0.010410404621833284
when:0.009475901759737218
risk:0.0310879769391262
devices:0.030758539445816364
can:0.006264970959693575
may:0.026971384455649724
note:0.021461515209264474
tap:0.04033648031525346
build:0.027040819297234453
stock:0.03599929767623102
article:0.005871977393598558
aware:0.029687660956383182
doubt:0.025217915210004115
confusion:0.037533777597166425
