believe:0.009446399479697132
out:0.005122509126436782
say:0.008250195540293668
there:0.003990343415552815
help:0.009304750956703465
all:0.004148121002809962
story:0.031261369808805256
saw:0.01477121992667589
where:0.00803242086188592
your:0.005477966183396794
beast:0.04706333568415408
unto:0.024201888189152077
name:0.012009706547088049
my:0.004131366353610006
creation:0.03947648256053876
ground:0.016856320275640612
to:0.0005992170261264482
mc:0.07393973651250516
us:0.008955984287760852
make:0.01530504768130177
that:0.009049685880899395
view:0.014805864142541876
brought:0.016845186271894207
he:0.006913622641392328
on:0.002204386196692565
you:0.0024165173452553126
thereof:0.026443044725336828
lord:0.03704003559773334
them:0.019119902237377053
bible:0.03129507392919389
sea:0.021944825464888226
why:0.007737924261539159
how:0.005718969553170106
air:0.03351425204896669
christian:0.013938445092332939
was:0.007699662035664223
following:0.011901366404520702
said:0.019056563727508108
adam:0.040387855402219196
let:0.020044676023937606
morality:0.01878973688982081
theory:0.03537868571284022
others:0.011723166187253897
are:0.0027952668765270673
it:0.004472027344434417
not:0.005242695726747521
should:0.014285322975943301
have:0.002222828752815882
made:0.010111215443121746
kind:0.03594165256908339
genesis:0.02390997817681456
stated:0.016878674186511997
after:0.041939427992716334
call:0.011551983034776989
his:0.016038513404393537
be:0.002515048944075962
which:0.005616923184858773
were:0.006744796945531735
formed:0.022687511257551137
heavens:0.02772767173791872
things:0.009716199687566303
of:0.010144726203429842
even:0.007300693251156633
what:0.004001922186941875
years:0.009694675752088667
order:0.012192682004923879
alone:0.016692231893106497
accept:0.015530921611577101
beginning:0.017609073017986473
good:0.014087042185734776
called:0.011661976068942322
over:0.0436074076634643
one:0.00427526481641575
in:0.003862602215097619
our:0.019389351504177334
and:0.01410990444857267
for:0.0014145602735307565
subject:0.00011607372561747085
i:0.000829994379327804
example:0.012223300625034367
we:0.011719512223599739
alan:0.019133403008692342
will:0.004927414543057758
2000:0.018807163069810107
the:0.00819296749988101
do:0.0031231213865499856
thing:0.019686369001086577
see:0.0076929815713529396
would:0.004054998461323374
can:0.007517965151632291
agree:0.013115457299845389
an:0.007807809900536841
places:0.0165861820969145
fish:0.02390997817681456
many:0.016114791544157334
is:0.005840709280231824
living:0.016017413104474347
itself:0.01462198191562774
field:0.016923729782318722
man:0.02520042903300173
their:0.006581233124268322
created:0.03302691381291323
1:0.008515321269237864
whatsoever:0.022603084797302872
every:0.052872794063856435
him:0.020839263507507023
image:0.016091578247537725
earth:0.0765333730998641
meet:0.01865278616347572
upon:0.030157178979938578
god:0.06921334517674499
