seemed:0.035454478120451216
go:0.016348170183143926
at:0.007403067331549841
ideas:0.030226837286045968
dbstu1.rz.tu-bs.de:0.04888864463685616
committed:0.037239112190470526
all:0.008017376728120093
jaeger:0.09747981738968878
benedikt:0.09426880500712224
islamic:0.03853449605456514
buphy.bu.edu:0.04904006064948371
your:0.010587665732615652
with:0.004914515771340734
suits:0.05001075717991938
someone:0.018516454745067395
possibility:0.035638500686061614
several:0.023684465311490727
my:0.007984993792691608
to:0.0034744516640945315
aspect:0.043932604081342634
us:0.017309885598193242
make:0.014790592297056333
that:0.008745494758852357
protection:0.0355459856817896
crimes:0.08286463053420136
along:0.02936102026169105
re:0.006284714332406227
rosenau:0.048169970910485055
islam:0.07872344711439502
this:0.004411617129171588
posts:0.033806869514022446
you:0.01868231897172174
gregg:0.09309303040868677
tell:0.020252311374978595
violate:0.05001075717991938
theodore:0.045683875254258655
a:0.0011735328788625168
basis:0.03132107795830251
was:0.007440849866398198
as:0.006723648405185028
those:0.01559592986796269
religious:0.03085209920260603
deletion:0.050915216542880434
it:0.005762276130083562
not:0.005066470660302226
choose:0.03339330663350637
mercy:0.05001075717991938
have:0.017184894559584968
only:0.011206186876212491
ve:0.015337257975020455
punishment:0.039859109031065834
feel:0.025598963733161156
regarding:0.03325207034513342
which:0.010856238088382502
writes:0.005556826815273633
certainly:0.025846699808870933
kill:0.03104732862691921
justification:0.043369488868880784
of:0.006535818002209703
even:0.014110583594672484
central:0.03849084213122813
rushdie:0.09157397055207721
who:0.010865990539780237
in:0.002986213477218327
and:0.0032083816343763854
for:0.0027340240580846554
subject:0.00022434417556317895
contradictory:0.04803332787794909
the:0.0025336235629884133
wrong:0.022213630729662693
would:0.015674783968140774
can:0.007265260440653053
law:0.02526757248104173
did:0.01381437851632744
typically:0.043606218927424445
an:0.007545362508922157
statements:0.03542419570445711
religion:0.029844800529098426
about:0.008277446893461105
current:0.026573493476729562
is:0.004515506334296872
argument:0.02956925579949346
done:0.022257676902694944
bu.edu:0.044536181682781756
i3150101:0.04888864463685616
whenever:0.039859109031065834
under:0.02039767585803058
show:0.025294694703654055
article:0.006809520002660512
give:0.019859128330722745
s:0.0052137502592942715
