media:0.04541903667465818
thanks:0.02291249017145015
to:0.004752410896864934
signature:0.17237632124353247
measure:0.05307303136560726
been:0.016864832037028037
that:0.003987409487752607
produce:0.04845378492908502
lance:0.06840551844149892
signed:0.05684207589161059
re:0.004298166698599662
derek:0.1900816228356794
this:0.012068561801641816
93:0.04208063788280921
student:0.04624158013986979
on:0.00582768764642862
2.2:0.057279172392636336
m:0.01573350243811577
board:0.0412781209121281
a:0.0016051771561452815
science:0.03886933593295765
processing:0.054519930743641774
computer:0.030812677070865692
begin:0.0959360799894371
not:0.006930000098574309
have:0.005876443829283366
try:0.02800447899245279
safety:0.047501992932714523
able:0.03031569225414562
mit:0.17671039762848062
pgp:0.2611944273547699
signing:0.06840551844149892
writes:0.007600717138132901
get:0.015107746842426693
end:0.06216628511667837
of:0.0022349492593763064
electrical:0.05445005665080979
key:0.036848762887776734
available:0.03104671066453138
what:0.0105797942873176
version:0.03586747824902971
secretary:0.05870002246122457
sat:0.05975528164804208
in:0.002042295424074603
message:0.07465103192091313
and:0.002194238014314884
enjoy:0.05313499514301963
subject:0.0003068615734714747
i:0.004388476028629768
group:0.031001332583984426
information:0.028032428557284654
research:0.03548656874180204
will:0.013026498217279131
the:0.003465531080409439
do:0.00825652780352295
can:0.009937540142962222
laboratory:0.05502131720888189
btw:0.04312402897061304
is:0.003088191113685792
disk:0.040241137744826225
2:0.022395512093050674
request:0.044831046291888874
speech:0.05459023220361231
procedure:0.058110444364815945
engineering:0.044445396473828724
article:0.00931417103812185
upon:0.03986293773210271
