some:0.004542945039429393
simply:0.023802671905707312
at:0.0034278794258927278
fast:0.013547851848046839
proven:0.018456163325668618
know:0.009602141055706628
technology:0.013103765314462813
posting:0.012837309560141015
all:0.007424652378570359
keeps:0.018576638911676272
damn:0.01673866481464049
means:0.011029553386921217
essential:0.019737026373756295
i.e:0.01344178598044904
own:0.008819029710303483
your:0.004902460008487403
with:0.004551185811591808
way:0.013481500541218236
much:0.006798431399065881
ca:0.008002134615145219
generate:0.018248283299701375
from:0.0032940554647088545
wrote:0.010021692508532534
longer:0.02641409345038269
both:0.008738148180187696
my:0.003697331756149032
to:0.00429011411701426
property:0.017782493556254032
then:0.018628953499328443
perhaps:0.011239149951906792
that:0.008098940671622026
equivalent:0.018362398533532196
really:0.015185959090979969
talking:0.012683623269892095
nt:0.008335547296370878
could:0.011744040119268929
clarify:0.021713698542722638
re:0.0014550214115882122
so:0.007951833442684204
comments:0.014334649860035409
this:0.004085466446470187
mean:0.010285688937081169
on:0.001972796985366887
rsa:0.08752673458902609
2.2:0.03878045134754367
computers:0.016878478080111555
m:0.005326127284498335
fun:0.016016547295462393
a:0.005977255013350329
factor:0.017606927660221074
same:0.007556783465091877
was:0.0034453740626513058
as:0.012453138680420521
harder:0.01904412650639247
also:0.005772362380076134
stuff:0.011375161683554949
sig:0.018362398533532196
course:0.009518100388716028
computer:0.020861501207512182
are:0.0025016007066195546
it:0.006670339099999455
not:0.007037860022287528
should:0.006392265144877353
cryptanalysis:0.026272599023979444
admit:0.015953685660356227
have:0.007957207986733897
probably:0.009288808229685636
follow:0.014696468141701498
only:0.010377713916492502
closed:0.016054757591886425
hope:0.011239149951906792
algorithm:0.015879568170197884
public:0.011532080148095696
pgp:0.035367961369439656
be:0.006752466036624179
structure:0.017924741010471142
writes:0.002573005412519698
get:0.005114295623700865
things:0.008695431627004863
if:0.005215178363917582
of:0.004539468923713743
even:0.006533694349284146
safe:0.01615852509026059
key:0.03742228448914291
breaking:0.01967162902622174
available:0.010509975983712958
what:0.007162973564176119
but:0.005177301340470119
advantage:0.01658899057017436
using:0.008577511979163116
alone:0.01493857328955056
please:0.014905956084865796
find:0.008235201313904242
up:0.005227472258180485
in:0.0034568035388033167
speed:0.013067957847804595
or:0.002623779991062589
use:0.006469959251935206
better:0.008701229071211685
repeat:0.01829352858372908
and:0.0029711861049866914
still:0.007944393316068277
for:0.003797846648779074
subject:0.00010387920969656924
cipher:0.0231567319237759
outside:0.014026364892924222
i:0.008913558314960074
faster:0.015176268589083004
group:0.010494614532321577
away:0.010774255199702999
we:0.0052441397109492995
will:0.013229245271244566
flames:0.017402577332269922
than:0.005566541954161328
the:0.0026396019805064114
users:0.015364581977650515
do:0.0027950113576128274
when:0.00508822740406123
benefit:0.017626048340386172
start:0.010963276606546741
would:0.003628986949822475
hate:0.01566532779205381
meant:0.01584303221552925
because:0.006866623731107058
increase:0.016360878339250144
come:0.009343166048519098
convenient:0.021298258949626506
thought:0.010445861498800437
just:0.004569605305314731
note:0.023048164193606984
long:0.027785734378699436
people:0.011714187860491186
about:0.007665495566707172
general:0.01147249168516557
is:0.005227093908378676
broken:0.017475650852315044
new:0.0067081695131655525
time:0.012291906380573647
keep:0.01030900616391409
request:0.015176268589083004
first:0.007305660814751133
somehow:0.016545188412490957
nothing:0.009941073935801202
every:0.009463612945281696
leave:0.013747790366904733
little:0.009125831524896749
lots:0.014197256853760158
while:0.008444912474235495
s:0.002414148952747153
