some:0.01716965992843168
sentence:0.0728345775632247
folks:0.05445905662198203
all:0.014030409274210164
where:0.027168482326967083
with:0.025801207799538855
violent:0.07096794949567807
to:0.00810705388288724
most:0.0273028744701035
threat:0.06790226071776223
trip:0.07562676524600907
that:0.010203077218661082
really:0.028696996223395967
happens:0.05494231639380557
me:0.01593512765300801
merely:0.06001542676089494
a:0.006161047614028214
other:0.0202839409975281
beating:0.07778269869000724
part:0.036017972241371723
jail:0.08087198500981395
also:0.02181613428940539
are:0.009454579141194493
phrase:0.07197559576680683
it:0.005041991613823117
cryptanalysis:0.09929496984062819
left:0.04300595858089061
liked:0.07471950687828348
without:0.0330472130118014
be:0.008506783193198107
get:0.03865805809679772
if:0.009855153231814842
of:0.00571884075193349
even:0.024693521290676847
mizzou1.missouri.edu:0.09164974249818836
up:0.01975677015224095
one:0.014460454526112094
in:0.005225873585132073
subject:0.0003926023072355632
cells:0.08030990835069339
sick:0.06604768042713186
actually:0.03594579598678065
locked:0.08313890677197952
the:0.003325380926422293
can:0.012714205771142843
county:0.08125900424977532
just:0.01727042005096891
long:0.03500457713394978
people:0.02213636970695761
too:0.028713498056830832
prison:0.0810642215034515
give:0.034753474578764806
especially:0.045960230992607966
john:0.03943350587620361
s:0.009124062953764975
