simply:0.014993349705310733
out:0.005775377936668921
there:0.0044989165959664085
all:0.0046768030914033885
modify:0.026192601628386117
where:0.009056160775655695
your:0.012352276688051594
way:0.008492023625228154
user:0.03707493611365702
ca:0.010081120569080006
someone:0.01080126526795598
from:0.004149863992304782
simulation:0.029073908809278855
wrote:0.012625367523004222
single:0.015938366031923407
to:0.0027023512942957466
interrupt:0.028788276906710347
stop:0.01629388781657175
otherwise:0.01741855309613743
w:0.015168337524653696
assumes:0.026530801978812347
areas:0.02017770909281292
trust:0.020340040508423203
software:0.0138028720023591
might:0.010426887920972775
memory:0.016576628559643702
like:0.011418030034398757
nt:0.0035003850574629337
could:0.0073975938986571435
finding:0.021855908528097767
anything:0.011378633089800999
sitting:0.022253899482656655
re:0.0018330416802851497
this:0.005146886650700186
module:0.055278507677745746
reply:0.017603904506642863
he:0.007794770625099192
on:0.00994134951449588
you:0.005449009700085508
kenneth:0.04819457566042969
machine:0.015945094874138956
trek:0.029172941688286304
a:0.0068456084600313485
load:0.02203918074413512
senior:0.025979439314956027
as:0.019610641181789668
running:0.04452147665362797
said:0.010742670728742314
step:0.020389807035207607
college:0.020193702453767903
files:0.01622211551268475
it:0.008403319356371862
ken:0.04045169314818443
application:0.018090037783416318
being:0.009538254558456609
kind:0.01350748380864245
stay:0.019356360628706774
robert:0.01566378445567502
device:0.019677229337798165
be:0.005671188795465405
which:0.00633280555155646
writes:0.003241482308909619
get:0.006443009682799619
depends:0.021106696742659296
of:0.003812560501288993
ok:0.015999260737798685
using:0.010805983228651572
please:0.009389290965221836
now:0.008097619597442374
clear:0.01616544481464026
one:0.009640303017408064
code:0.063539460986896
in:0.00783881037769811
star:0.022504053796443154
st:0.018807584524114216
sensitive:0.026192601628386117
system:0.01095697220216924
or:0.009916344966221843
and:0.0028073339300793373
few:0.0112040563769916
for:0.003189694734432098
subject:0.00013086743574518774
table:0.022205364820976695
i:0.0009357779766931124
vnet.ibm.com:0.026831630147323586
person:0.013750953132714955
elaborate:0.027286442566200872
valid:0.02104913881189124
ng:0.06058371329795477
program:0.05444379279184461
practically:0.02809914969778295
the:0.005911788313639631
can:0.01695227436152379
trace:0.02689407635211491
an:0.00880292292707585
instruction:0.054172669499850216
long:0.023336384755966517
is:0.0026340453616731756
either:0.01227236621133999
object:0.020735158314377267
write:0.015951832965625065
hardware:0.01740039766507133
type:0.015884865246724
run:0.013121737394055857
runs:0.018391130002173208
instructions:0.04737710890612526
every:0.011922296700673511
under:0.011898644250517839
him:0.011747624036094646
change:0.014568672097600429
article:0.00794444000310393
little:0.01149675834263953
before:0.01042252091775806
project:0.018880567918691426
by:0.014565227570840677
todd:0.024948579467718963
processor:0.023957222279018493
check:0.01622211551268475
s:0.006082708635843316
