out:0.011781770990804599
scheme:0.04590826974474403
tel:0.04065448079298377
fax:0.030586433398833896
own:0.045329812710959906
your:0.02519864444362525
54:0.05473652550054012
encryption:0.03866749493223099
c:0.0258609769542896
except:0.032243614190038135
to:0.0055127966403633235
slightly:0.04329671656356051
been:0.014672403872214393
that:0.0069380925086895365
bontchev:0.2538637136421821
re:0.0037394050277817052
afraid:0.04515224233731452
this:0.00524982438371419
30:0.03423105474373891
on:0.0050700882523928995
regard:0.04590826974474403
you:0.0055579898940872185
2.2:0.049832879981593615
m:0.013688147121160722
a:0.0027930082516927903
test:0.03575899853979671
whole:0.029919154750272903
obtained:0.04793244395271496
permission:0.04998913316062442
it:0.0034285542973997198
interesting:0.03268024561921413
date:0.03577799189783323
university:0.023503401015986535
strength:0.05198709503379661
algorithm:0.04081049019740856
has:0.02129548947773102
public:0.02963744598060594
pgp:0.04544783035972996
list:0.029116285969215797
writes:0.006612623910175624
of:0.009722029278286934
key:0.03205842371236576
available:0.0270106382781423
in:0.0017767970189449048
world:0.02521250688732677
subject:0.000266969568920183
rm:0.051426200367286165
twice:0.045103816092556634
i:0.0019089870724539493
license:0.04678314428597519
nsa:0.04505562322819715
limited:0.0388209506289776
information:0.02438821284483765
program:0.027766334323840753
the:0.002261259029967159
uh:0.051426200367286165
denied:0.053322408960041826
regards:0.041293675970116635
countries:0.04215479288830396
note:0.029616890988784977
about:0.009850161803218715
draw:0.08445399073607765
is:0.005373452537813278
fbihh.informatik.uni-hamburg.de:0.12693185682109104
export:0.10378280104727018
vesselin:0.1964179060955011
center:0.03266630833472809
conclusions:0.10127953818819008
their:0.01513683618581714
request:0.03900301027394332
e-mail:0.027496957766522667
very:0.017432424917834474
opinions:0.02855610155520042
virus:0.05512367062234702
by:0.00990435474817166
s:0.006204362808560183
