public-key:0.03823248699430454
believe:0.013088384821267111
at:0.0106140362946317
there:0.011057578139483704
concept:0.02563766110916135
know:0.007432982684688566
all:0.005747396570158381
means:0.0170758748219202
supports:0.026033972799149315
i.e:0.020810475885393996
such:0.023168881969491552
themselves:0.019496688050137455
my:0.00572418229717049
to:0.0033209618315441706
within:0.019496688050137455
then:0.009613737046842189
depend:0.030871093561602038
us:0.0124088938926807
consent:0.030979638775473595
that:0.008359147600830766
nt:0.004301678022424329
its:0.012456774433940785
fixed:0.02731826930795077
consultant:0.03463105927890923
this:0.0031625448094663795
rsa:0.033877064441836906
size:0.021692030946179927
bill:0.018647673949950105
more:0.0076591507579561804
a:0.004206337728452997
other:0.008309084264047657
same:0.011699357533304896
as:0.004819964820584449
avenue:0.03205609533416863
speculation:0.06625656603213674
are:0.007745920260255729
literally:0.03149385473301069
those:0.01118021478486482
motives:0.03649946246146248
49:0.02997328886786416
it:0.012392364930360432
not:0.01815994001734834
probably:0.014380865753188003
targets:0.032121933108458935
against:0.015561932482878595
licensing:0.035729381910198116
strongly:0.028114160662332553
has:0.03848582435734522
104:0.036637953535105246
uses:0.02057225981829179
which:0.007782483930828421
if:0.008074101442932642
of:0.004685315314837076
key:0.019312303441184193
implementations:0.036637953535105246
least:0.014503990257267967
sense:0.019797120761222836
they:0.011239995475996913
rest:0.01967849899682415
in:0.00749251754976767
system:0.013465194754473043
or:0.008124234430157655
and:0.0034499766369649686
subject:0.00016082504151818252
however:0.014440354844559718
welcome:0.025202519197357904
i:0.0011499922123216562
nsa:0.054283883407466454
limited:0.02338611483673349
oppose:0.034940055028231824
any:0.01849314336666519
information:0.014691694484841958
institutions:0.035155224200533505
actually:0.014724783898199307
will:0.013654281263894993
than:0.008618080013370248
the:0.0018162723132266337
do:0.008654432757909598
interest:0.06601418668676902
would:0.005618371362074555
william:0.02452806794813866
an:0.016227074793284398
interests:0.059314692490276
is:0.004855529401638504
number:0.015073884628902159
implementation:0.05940295803355399
maximum:0.02948397898881244
new:0.010385539547491248
executive:0.03267626382364117
suite:0.0318627922344608
right:0.03505795651428252
does:0.014680588124548498
their:0.009118576015552495
legitimate:0.027561700261793404
natural:0.02522354573313964
meaningful:0.034835285493822976
supported:0.02633029957138288
by:0.011932957527917664
upon:0.02089202158248757
security:0.022360686223119833
murray:0.03232387703640257
include:0.020250140200268687
s:0.0037375679569639658
