computing:0.027436864648924794
tel:0.02556885584464388
all:0.01800127982351493
access:0.021084131245399533
fax:0.01923675056530434
own:0.014254658085207518
into:0.02252583525764008
such:0.012094447820552193
companies:0.02501026632445117
my:0.005976190322832084
to:0.0026003757737562846
job:0.02183326135401998
everyone:0.019229639984359143
look:0.014913008328779313
then:0.01003698333192329
perhaps:0.018166424765031733
that:0.010908950485360907
r:0.019498237526598305
could:0.028473757647661458
its:0.01300518588700736
need:0.012083031393064379
re:0.002351827061497928
wait:0.023090564812013322
so:0.006426481744559246
crypto:0.057167082213496805
internal:0.024921807648555554
you:0.006991182256713483
disclaimer:0.02361041211996344
inc:0.02302525469059372
state:0.016715178534217712
a:0.002634913444993198
was:0.00556893795032318
truth:0.04522084940896357
idea:0.017436328901011048
budget:0.029680103290048897
given:0.017533255089190448
equipment:0.025377093789563456
course:0.01538460251509446
far:0.015656465862398754
computer:0.016859766699152928
files:0.02081328028042572
are:0.008086935617625478
no:0.007080161862783081
those:0.0116724254986639
telephone:0.028158015015718123
508:0.07273782882986936
have:0.003215412661305993
fundamental:0.030737568207042595
ve:0.011478828295770028
money:0.019498237526598305
licensing:0.03730237356662193
historical:0.02839763669013492
after:0.012133419419276424
has:0.006696694804317931
sw.stratus.com:0.03153953877496058
public:0.018639903132456566
uses:0.021477956791424134
talk:0.021758451368786336
wiretapping:0.03919611628853339
be:0.007276242228144294
writes:0.004158882962374606
spend:0.025786774935292772
making:0.019337152143851597
of:0.004891587058257576
future:0.02204092027872862
even:0.010560751243811483
key:0.020162530636708025
available:0.0169878228164417
what:0.0057889440440039705
implementations:0.03825094520017277
they:0.017602257066183843
good:0.020377482407037725
in:0.0022349648037042827
government:0.016928395840354073
distributed:0.03043493142500361
world:0.015856922570645766
and:0.004802483201142011
for:0.006138657790793848
subject:0.00016790538925797672
i:0.0012006208002855027
nsa:0.028336869954840978
we:0.008476376765496667
any:0.006435768970369857
55:0.030917274951973762
will:0.01425541314343754
agency:0.08254792946011134
the:0.003792467974787688
do:0.004517722760418218
magnus.acs.ohio-state.edu:0.057878658961778504
when:0.016448735130109887
would:0.005865721044681611
can:0.005437521965017065
convince:0.029717651510089798
maybe:0.03330708279675879
increasing:0.03206395140979738
carl:0.0611257079347509
people:0.01893425333425305
expressed:0.025847541670586713
tap:0.035009020650974707
ma:0.025227785693317715
is:0.0016897649489978862
opened:0.03200949818499792
time:0.009934024967947885
break:0.024680544328603057
guess:0.01884375637066449
article:0.005096433209538371
opinions:0.01795981229886819
delay:0.03466897523418052
process:0.02274568385681489
by:0.006229153929667712
functions:0.02945940316544971
s:0.0039021149739372225
james:0.021758451368786336
