gtoal.com:0.07444450049802237
out:0.01530100128675922
posting:0.042846604635795336
generate:0.060906607896405895
bits:0.11452930906407256
my:0.012340444952341576
to:0.0035797380781580025
that:0.009010509751544852
like:0.015125182642969782
need:0.024950675214249825
re:0.004856370165950267
programs:0.045885482133695026
on:0.006584530197912856
toal:0.07382100414495274
more:0.016511935400269167
a:0.007254566887513741
hard:0.03511991431916246
as:0.010391092989831409
drive:0.03667277595851934
files:0.04297807226737259
reason:0.034704050961149716
it:0.00890533583740187
couple:0.04098690642408466
have:0.006639618352566921
targets:0.06924988176628809
per:0.04593279370874049
without:0.029184551750681756
which:0.016777822500227507
writes:0.008587823259968343
gtoal:0.07382100414495274
of:0.002525202409944658
but:0.008640041847407926
fact:0.031146326345829083
good:0.021039088978694796
sounds:0.046268890435855047
over:0.026051178604147504
in:0.004615057192064688
minute:0.058083926940173634
for:0.004225309907949013
subject:0.0003467137258703675
i:0.007437611970599802
graham:0.06328944289539004
pretty:0.03737688385609905
program:0.03606017444654643
than:0.018579237431421574
the:0.0009789000129727962
do:0.009328804141642815
joe:0.051681418531466704
fbi:0.04954314132844591
long:0.030913133053358247
interested:0.03736462617421974
is:0.006978509789367894
hardware:0.04609975485291626
disk:0.045467259529868596
time:0.041026232984512044
keep:0.03440798161202495
matter:0.039232506648058996
article:0.010523803640475338
useful:0.04979593788413556
random:0.11592735192157334
takes:0.04644025784389183
security:0.04820615471477782
s:0.008057614037091147
conservative:0.0684206418703591
