basically:0.028854459913587396
some:0.00858482996421584
read:0.01666914016101413
traffic:0.03216941368666104
x11r5:0.035483974747839035
pass:0.02984761191317129
your:0.009264207516038694
with:0.004300201299923142
establish:0.037422869201578446
c:0.01901542423109529
ca:0.015121680853620008
work:0.014890238705811057
brothers:0.037680893611955424
bits:0.16210949996201446
reasonably:0.036253275858713095
my:0.006986869568605157
to:0.0070936721475263345
real-time:0.04375941253242946
bet:0.03171817143389419
then:0.011734414336586788
clock:0.03154515307058394
value:0.027454800145269614
bunch:0.02982502221437004
client:0.036814841879187904
that:0.005101538609330541
ran:0.03338084922398498
configure:0.04318241536006552
quite:0.01953087780962795
nt:0.0052505775861944005
need:0.014126485231597326
re:0.0027495625204277245
server:0.02942984371432084
so:0.015026626432131178
file:0.02234180795925301
this:0.007720329976050279
off:0.016054834176149637
best:0.017905706470304664
these:0.012181146861021636
unix:0.029136525118531858
on:0.007456012135871911
you:0.012260271825192395
tell:0.01772077245310627
inc:0.026919231586797068
came:0.02219652009174961
a:0.005134206345023511
want:0.013916161527295452
was:0.006510743633098424
as:0.0058831923545369005
secret:0.029387217848994916
output:0.030054104330397947
are:0.0047272895705972465
application:0.027135056675124475
only:0.00980541351668593
connection:0.03166004511398895
decided:0.027438478404546725
network:0.02701095345609983
be:0.008506783193198107
which:0.00949920832733469
stick:0.031075950770988688
writes:0.004862223463364429
applications:0.028678684024958323
of:0.004289130563950118
what:0.013535913279362223
settled:0.04291005306829825
they:0.013719406242760936
up:0.01975677015224095
over:0.014749564356759984
in:0.0026129367925660364
distributed:0.035582015415996864
and:0.0028073339300793373
for:0.00717681315247222
subject:0.0001963011536177816
i:0.005614667860158675
back:0.015487917059320129
source:0.02293579383602812
the:0.002216920617614862
do:0.00528174940372424
when:0.00961525325620394
greater:0.031022668355394814
can:0.01907130865671427
because:0.012975899256577309
encrypt:0.043610863213918286
ny:0.0308911274381097
an:0.013204384390613775
is:0.0019755340212548817
expected:0.030510060762634805
x:0.044781764552148565
guess:0.022030568109820983
article:0.005958330002327948
workstation:0.039127292834352886
u:0.027806202085242763
random:0.032817669477798336
by:0.014565227570840677
todd:0.037422869201578446
security:0.027293190537043325
