go:0.015080870168946723
feeling:0.03384989806658544
at:0.006829186143057605
there:0.007114565779667809
know:0.009564923454715518
ahead:0.0335010812764247
where:0.014321370528943889
your:0.029300749353052616
wonder:0.028607501610983944
with:0.004533545556508119
someone:0.017081070656302478
such:0.014907110104401539
my:0.007366002025816289
to:0.0010683714419308767
then:0.012371165502138008
80:0.03098187308111092
been:0.011373956490088676
bunch:0.03144343427251415
that:0.0053783662858058415
really:0.015127098784425782
nt:0.005535492649011151
pem:0.05234153448963347
re:0.0028987635874276785
afraid:0.03500173824598025
patents:0.047328920808043906
charles:0.031908935309564616
you:0.01723407719096812
tell:0.0373647295135264
disclaimer:0.029101205636234004
am:0.012669274082956322
them:0.022726498783445594
state:0.02060242935612881
m:0.010610966760589705
why:0.01379629907096129
a:0.005412806689327113
was:0.006864039799235547
as:0.006202435350519522
are:0.01993523663879769
crap:0.037670494424904624
it:0.0053155880579840616
not:0.004673720996712906
flame:0.03253994965021547
tiny:0.04052697585798274
have:0.003963183047656224
proof:0.03245820613721845
between:0.018006711984855858
hope:0.022391174710387946
facts:0.03139602165997588
pgp:0.035230876247852684
be:0.004484195791763343
writes:0.00512606504664777
end:0.020963049632368287
of:0.0015072913609747182
but:0.0051572342810109325
oh:0.025036559566988165
fact:0.01859121805138635
shut:0.03658245289238585
they:0.014463870147406879
up:0.031243264426799644
bob:0.05711635680665272
in:0.004132086090569546
or:0.005227220602349499
and:0.0073991746994339115
for:0.0025220842086207287
subject:0.00020695315420169222
offer:0.027249330378231303
i:0.008879009639320694
any:0.007932459428595405
grow:0.04068201978594142
yet:0.020388129788264837
the:0.0005843046589062426
wrong:0.0614749315541828
do:0.011136711921030955
interest:0.028316162764867328
see:0.013716168693109891
correlation:0.04613395429775509
cryptography:0.07599159658777874
strong:0.027989553379616356
once:0.020798691433526403
put:0.0192826302290448
an:0.006960450686525091
here:0.013956596167623224
is:0.006248200625364277
right:0.015037779796824028
days:0.023087229647675754
first:0.014554688599930551
every:0.018853864549902295
article:0.006281650235012411
while:0.01682436051068622
check:0.025653578020059607
s:0.009619167145054548
