report:0.022197241072951783
comfort:0.03504650760708172
at:0.010303684356192175
there:0.010734257141253185
know:0.007215644009697671
technology:0.01969396307495288
all:0.005579344038867199
paragraph:0.0290075934499103
means:0.016576580236483934
watch:0.02248049029575643
access:0.019604543087827633
with:0.01026012941736048
way:0.010130835202026569
ca:0.012026599977148077
from:0.004950714938188161
bits:0.02578583859044908
both:0.013132772411159285
several:0.016482171766476
respected:0.03504650760708172
to:0.006447715368845992
look:0.02773296285702819
make:0.010292868323682477
that:0.0020286820200846596
think:0.008419579108354124
nt:0.01252769388986734
its:0.01209254126335772
confidential:0.03660573955593522
re:0.0021867865659542136
this:0.009210218217042439
key-escrow:0.034021922291145514
best:0.014240795789248152
crypto:0.026577678572941497
on:0.00592992778057649
des:0.08237905132820314
took:0.019739191090156018
them:0.008572275856913688
more:0.007435198981407753
a:0.0016333381588846726
how:0.015384362540691511
same:0.01135727105572288
was:0.005178135287142605
as:0.01403709053012313
secret:0.023372290219083675
hands:0.023423216113187675
learn:0.02228078468258615
chip:0.01890294946083786
experts:0.0566770541375078
are:0.011279147045635535
no:0.006583308398728127
effectiveness:0.034568858302904716
it:0.006015007539297753
purchase:0.025511470638473928
have:0.0029897696675301334
algorithm:0.04773156748234919
details:0.022308899896434704
public:0.017331839754740314
25:0.021506915487073758
achieve:0.030458312364277176
publicly:0.030290417008239565
be:0.0033828143692249783
get:0.015372795032644705
soon:0.02103505050900275
if:0.003919008302709996
of:0.006822476686517145
offered:0.027065290321123082
findings:0.033716742448042764
even:0.00981964589336857
piece:0.02520298779996206
flow:0.03018110628887025
well:0.009841332807914296
they:0.005455670318758735
good:0.009473741820815784
one:0.005750356185822353
in:0.0020781251683566135
government:0.015740438237522206
our:0.013039622356610487
and:0.005581833545186986
still:0.011939819194324837
for:0.001902624929310374
subject:0.0001561225549240836
outside:0.02108056010223114
we:0.03152617323307532
actually:0.014294234661409852
addition:0.023189266787961366
will:0.013255033273722624
capabilities:0.029968430007169228
the:0.003967121105205542
devices:0.024822680956272852
around:0.013843242299144068
level:0.020587924927448823
sci.crypt:0.0336184552064265
clipper:0.04180121776391545
may:0.01088319021894638
jim:0.039606207566653444
just:0.006867769376993484
long:0.01391994880180459
finally:0.021266225004655585
general:0.0172422828250734
is:0.0015711849525769817
done:0.015489260534623966
new:0.020163737600977154
attorney:0.0301272077210052
time:0.009236900408793646
demonstrate:0.03165078130805683
their:0.008851950985857976
1993:0.0177172853977201
handle:0.02375647302180528
faqs:0.035566668344020294
thousand:0.02725916287853186
planning:0.02709715935485153
going:0.025471528468417336
says:0.014976764587295719
everything:0.0180682016603699
s:0.0072565646883744825
