obvious:0.03594998424207488
markets:0.11012816231662813
all:0.008916521781741038
knowledge:0.03454926303600127
text:0.033799661058257637
way:0.016190400182677974
encryption:0.10841353719317101
c:0.04833827468091513
ca:0.019220080337311412
from:0.007911890228319398
name:0.05163051412766824
q:0.03966989199553886
that:0.0032420993031259514
higher:0.03469041040222329
need:0.01795515879903959
re:0.006989542108003187
so:0.009549631751260935
escrow:0.043253875186093894
this:0.0098127558574097
crypto:0.04247460781283174
on:0.004738400235881214
fall:0.03645141147097506
used:0.018452929984456686
more:0.011882420802062858
a:0.001305144042847098
timothy:0.09513103198905921
was:0.016550675403764217
as:0.007477702431934751
chip:0.06041877304305184
digital:0.07718444106563856
it:0.0032042563527100183
ones:0.031706822246512674
zero:0.04330480607177207
trial:0.04382998886003041
networks:0.04732688700382713
money:0.028974016511487195
doing:0.025053298179115096
netcom.com:0.060168881770488576
public:0.027698547645426105
pgp:0.04247460781283174
be:0.005406179973247395
making:0.02873464664366732
of:0.0036344034685184792
raised:0.04228953652968987
key:0.05992228731283319
what:0.008602262644828329
present:0.03387383441896545
seems:0.02202324382599138
well:0.015727737478068642
they:0.008718874995399473
now:0.015438452316619104
system:0.0208899283106778
and:0.0035682001354279424
for:0.006081287157235027
subject:0.0002495042700188626
balloon:0.06353811182053841
governments:0.043669312219466176
i:0.0017841000677139712
house:0.03212964434102982
power:0.025250983926827494
collapse:0.05342024315398076
information:0.022792722284894998
the:0.004931094457872309
when:0.0122212564751751
clipper:0.1002057229574235
denning:0.04993729656253054
anonymous:0.04247460781283174
conflict:0.04415987467387175
may:0.06957104775476003
last:0.02037535095382708
white:0.03176606678337002
professor:0.04789347225444802
already:0.02715688150745188
by:0.009256406306702486
black:0.03298647061910222
schemes:0.053883765968367414
processor:0.04567545182168011
announcement:0.0427112228407223
doubt:0.03252404017738848
intergraph:0.05488606064456925
