above:0.033203122318640796
scheme:0.055985694810663456
k:0.046203183612825154
your:0.015365027099771495
with:0.007132041180360334
encryption:0.09431096324934389
compared:0.050277910072117335
remove:0.05387988274438574
wisdom:0.05926211927820362
to:0.003361461366075197
then:0.01946195548507077
important:0.038321576743575884
bunch:0.04946589050188202
make:0.021464396138411022
provide:0.04118238632052944
this:0.006402224858188037
you:0.006778036456203926
des:0.2290539475954917
relative:0.060038042398694
a:0.0034061076240155977
as:0.009757489758744128
running:0.03692024893227685
harder:0.0596870794163764
straight:0.097479551889349
it:0.004181163777316732
have:0.006234763574971377
crack:0.06375585226438749
after:0.02352699619103599
of:0.007113679959722145
what:0.01122490369508087
significantly:0.05960089445024113
using:0.026883177788352693
net:0.04042856688900589
in:0.00216682563285964
message:0.03960146205560636
for:0.003967669059903342
subject:0.0006511452900492268
addition:0.04835810513099261
than:0.01744635710023733
the:0.006434476914540696
constant:0.06049144487725197
greater:0.05145223044309384
thank:0.04427432081426237
would:0.011373776172004586
sequence:0.06339889638267879
compression:0.05934593487927388
about:0.012012392442949653
e:0.03793767922016862
current:0.038563972240619734
is:0.00655299089977229
privacy:0.11524650219766532
methods:0.054261864099617946
compress:0.1489129459570162
provided:0.04924348089761639
questions:0.036880199234701365
does:0.014859619687042991
header:0.06412357224207879
before:0.025929198380763956
by:0.012078481400209343
data:0.0715694054440442
john:0.06540191218492307
