another:0.01928265504685721
content:0.04119265155322132
block:0.03815460249707245
say:0.06600156432234934
there:0.00798068683110563
marc:0.20840193022919548
50:0.030010289470682006
specification:0.04929315767500344
such:0.016721888725806943
contents:0.04333293911442923
themselves:0.028143045359328846
to:0.003595302156758689
attractive:0.051067899904077486
day:0.022115678571851063
mail:0.026646221781181357
format:0.03495699571337404
that:0.006033123920599597
really:0.016968658636442834
esp:0.04627227674323472
pem:0.05871354738402363
re:0.003251656545897135
2.0:0.040780946156723945
on:0.00440877239338513
you:0.00966606938102125
suggest:0.03192521569660972
support:0.02381701138724788
a:0.006071757068897369
as:0.006957514436669725
adding:0.04108788339221111
standard:0.05293990505151716
worth:0.030566640163407287
nc:0.04554721927419949
no:0.009789093358108781
begin:0.036288865039482726
individuals:0.03710566347282362
log:0.04793362662812784
it:0.005962703125912556
not:0.005242695726747521
sufficient:0.039784715160501784
messages:0.03804382835987741
formatted:0.05123353638208352
edward:0.03930513411637065
provides:0.038418699000344614
public:0.05154338431409728
pgp:0.07903970497344341
exchange:0.0421381576413645
be:0.005030097888151924
thinking:0.03029153507694483
writes:0.005750107747978803
get:0.011429338915574978
if:0.005827394954464429
end:0.023515073065873995
cheers:0.03786228414229866
key:0.055753780369331755
analogy:0.04599324792104776
but:0.005785071497829654
version:0.027134527023178995
fire:0.03127820553947366
box:0.027552513136579193
postscript:0.04374709606216187
in:0.0015450408860390476
and:0.001659988758655608
few:0.01987502174701119
for:0.008487361641184538
subject:0.0002321474512349417
i:0.004979966275966824
containing:0.04184923896633563
the:0.0032771869999524044
thing:0.019686369001086577
would:0.016219993845293497
put:0.02163008086562417
an:0.007807809900536841
problem:0.018396219930831167
just:0.010212074464920748
people:0.013089331652809717
about:0.008565358089755405
is:0.007008851136278188
readers:0.03956343980692644
article:0.007046372872318269
by:0.008612482389714488
data:0.025516048897441846
s:0.00539509809440016
news:0.05337176549849424
