preference:0.05118059409239037
looks:0.030563441735481162
week:0.030784275039335566
case:0.02206795631523889
take:0.018979902949425923
ca:0.01836204103653858
from:0.007558680843126568
password:0.05008030266003369
work:0.018081004142770567
turn:0.030548911917093885
post:0.023058730396706965
suggests:0.04402183497129447
to:0.0049221398574672524
amendment:0.0408044718210472
most:0.01657674521399141
legal:0.03374388565922701
that:0.0030973627270935427
think:0.012854893102933529
provide:0.030151389984673333
like:0.010398563067041724
nt:0.012751402709329259
months:0.030319594106962677
could:0.013474188886839798
re:0.003338754489090808
anyone:0.01493673883608385
convincing:0.04982518326321176
he:0.014197617924287814
two:0.016649905648690278
you:0.004962490976863587
m:0.012221559929607786
a:0.004987514735165697
contrary:0.04127450515573846
overall:0.041371555800710814
ie:0.037353733810369744
d:0.01626646627122353
it:0.01224483677642757
fifth:0.04470373656758531
bound:0.045365414890386396
trial:0.04187329292877905
has:0.019013829890831266
be:0.01549449795903941
which:0.011534752968906409
writes:0.005904128491228235
outcome:0.04821829594670282
if:0.005983485890744726
of:0.003472153313673904
key:0.02862359260032657
but:0.005940028770092949
reveal:0.05021064908343684
order:0.025038543402968676
court:0.03568447881663669
up:0.02399036375629258
over:0.017910185290351408
one:0.008779561676568057
in:0.006345703639088945
or:0.018061914045618355
and:0.0017044527432624546
for:0.002904900561714946
forced:0.04053388834341033
i:0.003408905486524909
actually:0.021824233277688256
will:0.010118797722350753
yet:0.02348275663112646
kadie:0.12227443087441145
em:0.042459857743648646
cs.uiuc.edu:0.09990366357985131
the:0.004037962553512783
when:0.011675664668247642
can:0.007719339218193869
peter:0.06574809072903494
law:0.026846795761106837
carl:0.043388337328684794
come:0.042878458472668
an:0.008016947665729792
btw:0.033498129646815485
actual:0.036271043631506274
current:0.02823433681902516
interested:0.02568818049477607
argument:0.0314173342869618
issue:0.0279585714952219
s:0.011079219301000327
