with:0.01559539671438793
c:0.034481302605719466
download:0.07665007787065244
added:0.055781575823485495
my:0.012669523484404019
via:0.04557641838154194
to:0.003675197760242216
signature:0.06665217754749923
that:0.004625395005793024
problems:0.03657430981189031
think:0.019196640367047404
need:0.025616026553296485
re:0.004985873370375608
file:0.04051314509944546
error:0.05020610878895998
this:0.006999765844952254
two:0.024863859102044153
you:0.014821306384232584
2.2:0.1328876799509163
3d:0.062377525714633585
standard:0.04058726053949649
oops:0.07385380412422485
modified:0.06583767498776805
works:0.039668346580676535
01:0.07962532522150856
supplied:0.0734982274964627
ftp:0.05057822596385434
between:0.030971544613952077
netcom.com:0.12876140698884558
end:0.03605644536767346
of:0.007777623422629546
port:0.055597028471327206
using:0.029392274381932277
please:0.051077742850806795
one:0.026221624207349935
in:0.00236906269192654
yes:0.03555794494005186
or:0.017981638872082276
grady:0.2563645279214355
and:0.010181264386421064
subject:0.00035595942522691063
i:0.002545316096605266
will:0.030221475864087584
source:0.04159023948933099
the:0.006030024079912424
anonymous:0.06059710714630662
58:0.0740352128183019
15:0.04455747642640859
ad:0.05772895541808068
fc:0.08545484264047849
cutting:0.07139285377051859
ac:0.06856826715638156
s:0.00827248374474691
