sent:0.027651748483380544
at:0.006623797086123541
tel:0.030567278791717115
all:0.007173442335686399
fax:0.022997318344987888
own:0.017041282974045075
noting:0.04505979549481936
response:0.026402996636295802
from:0.006365204920527636
my:0.014288936260606034
to:0.005181199849965529
been:0.011031882610687513
that:0.005216610908789125
think:0.010825173139312444
like:0.008756684688035136
re:0.0028115827276554172
so:0.007682786446503158
voice:0.02726687444688848
had:0.011536905907384475
reply:0.08100443276740926
crypto:0.10251390306706006
des:0.035305307712087064
rsa:0.04228265185973629
disclaimer:0.02822598140657283
inc:0.02752643229928121
passing:0.03674641612721633
a:0.005250015510700733
how:0.0197798946951748
freely:0.07832137465099845
want:0.014230059907610388
was:0.006657602512040493
as:0.006015895941481341
let:0.0346637254549297
given:0.02096080871564873
course:0.036784237592481485
chip:0.024303792163934388
computer:0.020155660941092595
are:0.014501760487245687
those:0.01395425303975609
care:0.023804638656194713
508:0.08695725401465584
it:0.0025778603739847515
not:0.009066315918435562
received:0.029092411959787755
due:0.02492588334510137
against:0.019423163850810877
hope:0.021717755922105602
always:0.019977113518787275
snail:0.04273847608392
has:0.008005823111928954
sw.stratus.com:0.03770516289638144
algorithms:0.03826699407078698
uses:0.025676655111552156
network:0.027620223082929145
be:0.004349332760432115
which:0.009713476184342238
get:0.009882511092414453
if:0.005038724960627137
of:0.0029239185799359193
available:0.04061750117013879
fact:0.018032083673901047
who:0.009722202061908634
in:0.004007812824687755
system:0.016806182926635525
and:0.00287065725181045
for:0.004892464103940962
subject:0.00020072899918810748
i:0.0057413145036209
house:0.05169732247353671
55:0.03696125351401374
will:0.008521092818821687
the:0.002266926345831738
do:0.005400886608319524
automatic:0.03463652962173747
would:0.00701240335416824
law:0.022607828009353126
clipper:0.026872211419659932
country:0.025344015849775428
needs:0.025183056862175538
carl:0.07307509444831123
expressed:0.03090044455355855
address:0.024006175593485793
about:0.01481227338829882
ma:0.030159533272462527
export:0.0390160906192745
white:0.05111231798226454
protect:0.031047876669260625
met:0.035482228745246425
nice:0.023757439524471863
already:0.021848017453363542
opinions:0.02147075304902287
by:0.0074468832693020005
included:0.02814121391354112
s:0.009329868885052906
