looks:0.026953586412392837
ability:0.03156133594849155
believe:0.017107652601026303
help:0.016851123779856668
tel:0.03201140219919982
all:0.007512345123199143
fax:0.02408380582585346
own:0.01784638295707083
further:0.02793570394552273
encryption:0.09134053920999446
super:0.03961351218227256
from:0.006665923263229729
gain:0.036107126224356315
my:0.0074820020577189075
to:0.007596373323335288
civil:0.032859995901893806
that:0.005463064967472076
justice:0.033903670358287376
like:0.009170386326839947
need:0.015127574736198711
funds:0.03917768466193268
re:0.00294441340770213
injury:0.04108761881288789
this:0.004133719987176527
management:0.03566846002739564
used:0.015546956758557997
disclaimer:0.029559492339166823
inc:0.02882689366775119
communications:0.03322112516798185
a:0.0010996095479105473
adding:0.037205563701608484
equipment:0.03177132214598889
course:0.019261037794488338
chip:0.025452002817348614
electronic:0.0339659158662174
computer:0.021107896891065476
are:0.005062294343316736
administration:0.03507109191105931
508:0.0910654707397577
it:0.0026996490530706452
not:0.004747322902172952
wiretap:0.03837233939326797
should:0.012935528679003777
purchase:0.03435009038723655
decent:0.0354768686836198
secure:0.03365949526582626
shall:0.03117935444120279
sw.stratus.com:0.03948650917495064
public:0.02333657163827239
talk:0.027240895808165567
be:0.009109626096653091
writes:0.005206790480453247
of:0.006124112931204367
department:0.02730768175348769
extent:0.038538114268841454
fact:0.018883993138809757
continued:0.03759209606536064
one:0.0077426055730363975
in:0.0013990527708227596
government:0.021193818414301555
use:0.026185504373973986
and:0.004509418281387282
for:0.007685406210521432
subject:0.00021021225899227005
conduct:0.040934720499052446
i:0.001503139427129094
preserve:0.044052009137572234
house:0.027069857830631427
pay:0.026242850881873094
55:0.038707454467431714
will:0.017847328266193455
the:0.004154544149545961
devices:0.06684532981925445
fund:0.04132268151485388
law:0.023675914371999732
effect:0.027294279170255165
clipper:0.05628352943015388
insult:0.045265794018101824
instead:0.024155388280194028
carl:0.07652746111516058
expressed:0.03236030807577391
surveillance:0.04702282985522158
about:0.007756032915920248
ma:0.031584393112106424
general:0.0464319742218512
white:0.026763536581264506
attorney:0.08112996094947858
sheet:0.04101079853772754
csrc.ncsl.nist.gov:0.05126689679012464
article:0.006380573860760638
opinions:0.02248511933480348
enforcement:0.03559126317624114
needed:0.02626632039477182
by:0.007798704526119418
announcement:0.035985046015411706
s:0.0048853250461103805
