keys:0.032121677091036895
selected:0.04053492297188624
simply:0.025070847048224505
large:0.024541263277767015
all:0.007820228120051568
split:0.03908136546956726
whom:0.03449435081435888
with:0.004793667022865143
80-bit:0.1553296691288083
divided:0.046721030132209025
to:0.00451868577078961
obviously:0.030179451482179976
then:0.013080986473572158
produce:0.034553108924839315
technical:0.031448747892781154
bit:0.02233675572176803
could:0.01236974717480375
re:0.0030650860883456605
started:0.0268790563605648
escrow:0.07587155155593521
voice:0.02972536312652597
crypto:0.03725231996699177
two:0.015285159284043537
on:0.004155810042944999
xor:0.05086487084257908
them:0.012015239110920008
sequences:0.14634295338714112
independent:0.03403886023112272
why:0.014587890001262349
a:0.0011446755129888484
partial:0.046339718528644325
40:0.03134841957397376
separately:0.04621645723877104
eff.org:0.10261608957483481
danny:0.04497042275271673
eff:0.045626510520532605
it:0.008430871223114065
should:0.02693134659399147
statement:0.02846884770240005
between:0.01903988398398693
links:0.047120949510646985
be:0.014224457142724705
writes:0.0054201835329308395
get:0.010773557174517397
of:0.006375101166089792
key:0.1313869824277285
parts:0.029907336159150498
easy:0.027161324297203342
they:0.00764688216809626
who:0.010598794051097118
policy:0.031448747892781154
in:0.005825563996540672
system:0.01832149450198791
or:0.005527143095926929
and:0.004694230506034301
subject:0.0002188275155083467
each:0.04173785897312484
i:0.001564743502011434
will:0.009289388072977741
the:0.005560473024509407
when:0.010718642974128983
an:0.007359820807883088
places:0.03126903182205193
actual:0.06659601453653612
people:0.012338304426828832
relatively:0.03654594540763889
n:0.060016647472203304
hold:0.02844082469626246
is:0.004404469293289573
1/2:0.03887896700571176
having:0.021449929446068536
keep:0.043433025969277395
break:0.03216562744465481
2:0.015970570099142697
somehow:0.034853388705001445
designed:0.03220981472854724
agents:0.037334699769069654
conspiracy:0.0439816687544494
article:0.006642072789480337
random:0.0365836315490211
earth:0.02885684559503073
data:0.024052013304965675
doubt:0.028525182778529244
