say:0.011362544756093076
traffic:0.026197845876562285
all:0.0057129810218340795
perspective:0.029265109849818997
pass:0.024307037246654468
way:0.010373489937404452
encryption:0.0463083771643485
from:0.005069294936707639
acm:0.07675584668306452
my:0.0056899057564688705
to:0.0008252689581382221
scientific:0.025285625968885526
clients:0.031995752887369874
80:0.02393210555367251
legal:0.02263062990319416
been:0.017571741164328615
she:0.03970230520836506
that:0.008309092824777889
vice:0.03226798267226063
suggesting:0.032626654178734095
like:0.006973886607836367
need:0.011504203541899618
re:0.0022391646872944346
so:0.006118626331646228
anyone:0.010017453590667014
voice:0.06514660421741619
this:0.003143607415397719
generation:0.02777900428409723
big:0.016621440442320702
on:0.006071961978913652
you:0.0033281376611300714
used:0.011823134780460274
am:0.009786445249708776
8:0.017679588517208782
modem:0.02552916512895096
a:0.0050173800928612995
want:0.011332921962348393
was:0.005302162479649016
as:0.00479110275579053
old:0.015855766960133678
truth:0.04305458117380365
idea:0.01660105566024405
worth:0.021048883944861308
stating:0.032626654178734095
chip:0.038711429434769754
output:0.02447519873613246
computer:0.016052113204582726
no:0.006740992432230598
digital:0.024726752077914155
telephone:0.026809128068857373
it:0.0041060530507781075
not:0.0108307187169335
have:0.015306904585259068
only:0.007985246935744232
whether:0.01711053044839416
robert:0.019134203766213796
iq:0.03641856459178126
arguing:0.030580251222314597
points:0.021947043643535526
has:0.012751790106425761
netcom.com:0.038551319457738195
screen:0.022385072874886516
scientist:0.029523625849011862
without:0.013456350208398174
analog:0.03226798267226063
if:0.004012876765050355
of:0.0034929446508815327
even:0.010054846992610932
key:0.01919666090560824
ethics:0.0696736372668968
what:0.005511629359261265
but:0.003983731869762936
understanding:0.024036854999466024
using:0.013200123225418688
now:0.009891702981306852
clear:0.01974701043225517
in:0.002127900621490904
external:0.02571272046482523
or:0.0040377931598987145
world:0.015097309513369324
debate:0.027184404158454835
pcs:0.03324934707408768
registration:0.029612338937545637
and:0.004572424125638202
for:0.0019481967839046347
subject:0.00015986201731747483
membership:0.032198756190817066
i:0.008001742219866853
we:0.008070322788706407
any:0.00612746866041202
will:0.013572519100638137
capabilities:0.030686236713927773
portable:0.030633009483884387
the:0.002708094646667256
behalf:0.034944713875979416
can:0.015531125612653534
convince:0.028294051437750167
effect:0.02075672727318806
her:0.01979885511933969
clipper:0.04280244453670385
denning:0.06399150577473975
maybe:0.015855766960133678
newsgroup:0.02301894515313982
current:0.018935603136112682
previously:0.028476072259213465
is:0.008044090625468979
deal:0.019738413124314427
desktop:0.0299809490752668
checking:0.02909876515456705
somebody:0.022728911517812908
their:0.00906397376396236
full:0.018500972957624272
consulting:0.03588594491503578
lewis:0.029793808096200303
