sentence:0.030384977142940365
correct:0.020074953620745083
there:0.005630545923786181
traffic:0.026840737799913507
own:0.013904850524834327
your:0.007729645534854372
with:0.0035878980171137873
from:0.015581084437365196
work:0.012423757447793275
my:0.017488606036754013
to:0.006764167656887514
look:0.014547044934208041
us:0.05054911377141095
that:0.0021282492357943363
think:0.008832809984837762
appears:0.02392822716192842
like:0.007145024929501063
nt:0.0043808500105671075
pem:0.04142366839977127
re:0.0022941135139765063
patents:0.07491326115629036
so:0.01253755334214626
this:0.006441502311305755
distribute:0.069182917584418
restrictions:0.031835215045174906
compuserve.com:0.03398181171360039
on:0.0031104835904250915
arthur:0.09834277421210004
rsa:0.17250284347683822
a:0.0017135019949035522
other:0.008462012195287796
was:0.005432276896327519
therefore:0.021060892764140283
l:0.020275831771493023
are:0.011832724814746483
furthermore:0.030158568818182994
no:0.006906415559401901
those:0.011385985609126136
it:0.012620445266502037
not:0.01479533763376601
only:0.008181203915762495
whether:0.017530420766146162
similarly:0.030384977142940365
patent:0.03791128071405759
allowed:0.023508179313600438
pgp:0.027882104515171754
personal:0.02057604583555654
without:0.0275731347828527
be:0.003548842068328045
claims:0.02304494279514556
writes:0.004056824484770322
of:0.004771548112042666
even:0.010301591704086047
fact:0.02942659053532318
beginning:0.024847158246238583
one:0.012065164512584325
code:0.03976088969732143
in:0.003270178562475285
citizen:0.029940219461724697
yes:0.016361017610453308
or:0.004136880108607886
use:0.05100550698611497
message:0.019922207905274367
and:0.002342315426323864
for:0.003992010587878209
i:0.002342315426323864
license:0.05740263102573643
any:0.006277835989501886
research:0.01894068392967348
will:0.0069527935270140145
yet:0.01613539105942432
than:0.00877669498294148
the:0.0023121257975124323
rubin:0.07750601077183891
wrong:0.016217313232085036
do:0.013220575194598098
cryptography:0.09021088306586003
can:0.005304085843176156
law:0.03689375613796277
agree:0.01850647349057938
encrypt:0.03638697789627538
last:0.013375230380733115
jonathan:0.029328253800577093
is:0.008241491622413003
average:0.023800742692653906
under:0.02978310953503852
change:0.018233184711107287
although:0.019384904642667226
widespread:0.032918795018667645
purposes:0.0271595092043964
opinions:0.017519080708711915
represent:0.029485569325812293
charging:0.03717123170921946
s:0.011419072653791749
