some:0.0075814082800867155
expensive:0.02629926489699279
threats:0.039492859005373186
know:0.008012176140638323
means:0.018406462470381513
text:0.023484180085932258
with:0.0037975803687632947
user:0.024556126516837765
encryption:0.05021752588601428
though:0.016139897413056364
programmers:0.03732958337856449
dealers:0.031968308290213694
to:0.005369607117237003
q:0.02756284703586142
track:0.02954412712854897
tracking:0.037777589037570676
might:0.01381224114206783
that:0.004505254875772426
nt:0.004636873712483367
re:0.0024281850829751335
prince:0.0355431983769741
brad:0.06208448531810476
this:0.003408976872541682
clarinet.com:0.03919764878409555
child:0.025749120913905157
something:0.02585274437874705
on:0.003292265098956428
you:0.0036090843468098823
modem:0.027684224522953316
m:0.008888407221532937
sure:0.014169117014020804
a:0.0027204625828176525
hard:0.01755995715958123
other:0.008956545375531888
j:0.019832004282654952
lists:0.06152149257948639
want:0.03686879157880873
as:0.020782185979662818
also:0.009633098257659524
act:0.024231383526093213
wales:0.040295547031134075
chip:0.020989638687034247
business:0.023484180085932258
d:0.01183015728816257
telephone:0.029072236282462218
reason:0.017352025480574858
police:0.023867427997614883
it:0.004452667918700935
not:0.0039150000556880836
boards:0.03037866512076311
probably:0.015501452694994861
only:0.008659326222527835
marcus:0.0378945923200556
ve:0.011851517526152171
kind:0.01789303049976013
decent:0.02925689820012802
customer:0.07028939745035999
secure:0.02775815518675283
configured:0.03838490110257602
be:0.0037562419294641
which:0.008388911250113753
writes:0.004293911629984172
things:0.014511207325586037
of:0.007575607229833973
interface:0.027420126862362875
but:0.004320020923703963
saying:0.01958802064262623
they:0.012115839279321347
over:0.039076767906221256
one:0.00638513576477677
code:0.021042289028127898
world:0.016371757719043357
use:0.010797269660697066
better:0.014520882281177943
and:0.007437611970599802
subject:0.00017335686293518376
i:0.0024792039901999343
person:0.018215548305674355
house:0.022323843795390853
similar:0.02055037849264092
stupid:0.02507588435887372
any:0.006644722508368879
drug:0.055615828201370204
pretty:0.018688441928049526
will:0.007359125616255094
phones:0.09648216768115479
the:0.003915600051891185
do:0.0046644020708214076
start:0.01829585771352281
got:0.014364635205393338
would:0.0060561665331453
can:0.005614064885959178
because:0.011459235707107234
clipper:0.023207818953342674
imagine:0.02556973087315885
fbi:0.024771570664222954
long:0.015456566526679124
people:0.009774500909565697
is:0.003489254894683947
purchasing:0.03623649691869947
white:0.022071228219614235
soundblaster:0.040295547031134075
nice:0.020517788680225704
civilized:0.03919764878409555
lords:0.04327952319592914
cellular:0.03407779579471717
announcement:0.029675979506216147
favor:0.03092010413984786
s:0.008057614037091147
