effective:0.1048822190546635
sector:0.13849976353257618
encryption:0.05021752588601428
decision:0.05460708744399074
equally:0.12449985442263627
from:0.03298333458818866
prevent:0.1044939603160694
both:0.02916498808192517
to:0.0035797380781580025
that:0.009010509751544852
rob:0.05715172327271739
re:0.004856370165950267
escrow:0.12021206869901423
this:0.006817953745083364
key-escrow:0.07555517807514135
he:0.020651080617145913
management:0.058829797707522676
a:0.0036272834437568705
other:0.03582618150212755
private:0.09219950970583252
developing:0.128063519916493
are:0.01669899692470716
yeah:0.05135353823620977
not:0.015660000222752334
have:0.006639618352566921
secure:0.05551631037350566
public:0.03849018958520252
algorithms:0.06609753521317752
applications:0.050653260096030286
making:0.03992996351782342
of:0.002525202409944658
key:0.08326863301913184
but:0.017280083694815852
fact:0.031146326345829083
in:0.006922585788097031
government:0.03495603816384802
system:0.058057722837468184
intend:0.13219507042635503
or:0.017514583316963254
and:0.0024792039901999343
subject:0.0003467137258703675
i:0.0024792039901999343
house:0.04464768759078171
the:0.003915600051891185
do:0.01865760828328563
privacy:0.12273004130140981
white:0.04414245643922847
sheet:0.06764118719858958
does:0.0158245300563315
security:0.04820615471477782
