tv:0.01633043558729165
since:0.008624231135360694
at:0.00759452596943475
out:0.005078349565001982
say:0.008179073164946309
threats:0.026215087443221853
entirely:0.017914332095608675
all:0.0041123613389926345
case:0.010653496152184291
warrants:0.025395933982498297
suggested:0.01893130150411781
text:0.01558863678117917
with:0.00504161531715127
encryption:0.03333404735537154
programmers:0.0247791200012885
ca:0.008864433603846212
from:0.0036490183380611016
dealers:0.02122034257195219
both:0.009679758975466543
corp:0.019948985538413996
to:0.002970256810540584
stop:0.014327384114571712
q:0.01829602777380456
look:0.010220553121878924
most:0.008002566655030336
trust:0.01788520803326868
might:0.009168470413269163
aclu:0.02547963262843408
that:0.007476392789536139
indeed:0.01589759615734748
really:0.00841118854823675
need:0.008281043066798431
re:0.0032236250239497458
prince:0.04718665991425872
escrow:0.05984695661524199
brad:0.06181687977794051
this:0.006788566013423521
clarinet.com:0.026019128934270316
child:0.017092088882506008
two:0.016075770971149237
on:0.006556148602232197
you:0.007187055897526576
moment:0.018139270686861133
assume:0.014963312738315415
them:0.006318358497983797
names:0.017659039706814136
communications:0.01818570213936937
independent:0.01789974546636626
m:0.005900063414293414
a:0.0018058243006634418
how:0.005669668091504846
hard:0.011656178459377196
other:0.01189058610199923
j:0.013164347670383028
was:0.003816642819402524
as:0.010346303795909721
old:0.011413418458372087
pointed:0.018645032353691054
let:0.029807815639045148
eff:0.023993251222004214
wales:0.05349581243788489
chip:0.013932777404324456
step:0.017928968255096343
business:0.01558863678117917
are:0.0027711697482811445
those:0.007999636440894655
digital:0.017798998262981307
it:0.005911300512758138
not:0.005197500073930732
systems:0.025865664830022506
marcus:0.025154169040036905
ve:0.007866955599256181
viewed:0.024053536747757405
secure:0.018425671977413516
has:0.00458954514606272
public:0.012774761198537042
willing:0.015413361439567546
wiretapping:0.02686285555981383
without:0.009686252089665927
anybody:0.026203406421661163
be:0.0024933674876615143
writes:0.002850268926799838
get:0.00566540506591001
things:0.00963243934543211
of:0.005028635833596689
even:0.0144755124807416
key:0.013818286082916275
saying:0.013002393012777756
oh:0.013921190448885661
easy:0.014283110190770722
they:0.004021205278050619
now:0.02136096204152902
over:0.017292592694132393
one:0.008476818170479504
in:0.0015317215680559523
system:0.019269158010711423
or:0.002906514903892609
world:0.010867459865227056
and:0.004937035532208489
for:0.002804731576828224
subject:0.000115073090051803
i:0.0008228392553680816
person:0.012091355340835564
house:0.01481841355383703
warrant:0.020290094678753322
stupid:0.016645199100286865
drug:0.018458701601316834
will:0.004884936831479674
phones:0.04269613167499379
the:0.005198296620614159
do:0.0030961979263211064
got:0.009535145782890405
violation:0.02220582982884435
would:0.008040083156072207
can:0.007453155107221667
because:0.007606561633166008
clipper:0.01540519016730505
imagine:0.016973011010631305
an:0.011610751791746596
just:0.005062019670111577
people:0.006488246293418609
about:0.008491518795878204
current:0.027260738997679463
worry:0.018949840650235875
is:0.00579035833816086
houses:0.06603752526887764
white:0.014650729076812898
right:0.02508457233349525
lot:0.010683419777005994
hear:0.028566220381541444
unless:0.013267506145433152
nothing:0.01101231035129702
civilized:0.026019128934270316
cellular:0.022620605829251912
article:0.003492814139295694
very:0.007513976257687273
decode:0.026019128934270316
going:0.009387136569179666
by:0.00426911842593606
announcement:0.019698710534298648
security:0.015999456521715052
s:0.010697177256138246
