keys:0.03880044163471783
since:0.019810115083204766
ask:0.028857055290657102
out:0.011665119792875841
know:0.02443317080511489
your:0.012474576457240224
with:0.005790370067223241
encryption:0.03828464844775346
ca:0.020361867288042783
corp:0.04582341232586185
to:0.008187321743113846
then:0.015800795542334684
think:0.01425493096562926
re:0.007404762431250902
escrow:0.04582341232586185
phone:0.05816528962791226
brad:0.14199520899487325
clarinet.com:0.05976671200743281
on:0.005019889358804851
you:0.011005920582350929
classified:0.0514723713205907
communications:0.04177309798350193
a:0.0013826773523231634
how:0.013023396012169548
course:0.024219324751485336
chip:0.03200400354260667
magic:0.05100745069595931
not:0.005969406025504603
have:0.005061887258887652
only:0.013203329091775115
algorithm:0.04040642593802828
yourself:0.034715590805689034
end:0.13387294072155986
of:0.0038503086250641317
key:0.03174101357659976
what:0.009113288148481497
present:0.03588614141415152
court:0.03957090720260702
they:0.02771048389626961
over:0.01986079952989463
and:0.007560344841401779
for:0.006442551740833149
subject:0.0002643263058615673
however:0.02373365251680112
i:0.0018900862103504448
house:0.0340383360840613
warrant:0.0932139003063519
will:0.02244168999808484
later:0.03163774286096736
phones:0.04903714132969584
the:0.005224030762300368
do:0.007112058603034621
when:0.012947271711324117
can:0.00856005933106647
orders:0.04845881695190955
radio:0.03551832040364026
clipper:0.03538617939420566
come:0.023774194796726815
here:0.017825751540825704
actual:0.04022135531414558
company:0.0666560007847792
is:0.007980375056158333
number:0.024774899489086715
their:0.014986966520611029
cellular:0.05196020348897469
sign:0.04290804025636689
identify:0.049339485130290704
main:0.03681601001610721
