week:0.1499060349741558
there:0.03990343415552815
with:0.02542727725171945
appreciate:0.16692231893106496
bruce:0.20028949737787322
next:0.11645130538039893
me:0.04711255132193672
anyone:0.07273542389745179
93:0.1591745867741044
getting:0.11792180748802983
them:0.06373300745792351
if:0.029136974772322143
in:0.015450408860390476
subject:0.0011607372561747086
i:0.00829994379327804
the:0.0032771869999524044
would:0.04054998461323374
conference:0.37898291035046766
is:0.011681418560463648
touch:0.20757374783916527
va:0.21700304950440935
