keys:0.04858071824512191
okay:0.017792422047530978
go:0.024116928741249512
at:0.0072807025822680255
out:0.004868500409423388
there:0.003792475147013006
traffic:0.018078678766057444
all:0.007884858104514803
became:0.01787457647130713
case:0.010213269038457668
your:0.005206331496616787
with:0.004833284105698738
such:0.00794635208044545
from:0.006996464912646079
work:0.008368068033017784
prevent:0.01662403914119286
name:0.011414183908389467
my:0.007853010424217367
to:0.006264541636776504
receive:0.01769594533679961
look:0.00979821621601616
attacks:0.018992050951903088
garage:0.022724359424245246
format:0.016611795483628157
that:0.011467921501966176
broadcast:0.02099556391621189
think:0.011898744029161613
r:0.012810825482351778
bit:0.011260678504362395
like:0.004812558113672203
nt:0.00590147563406974
suppose:0.0159261941555007
rob:0.01818463922313735
me:0.008955278350450784
generally:0.01597830369100454
need:0.015877702409068068
re:0.001545208689165994
master:0.01965084325325888
so:0.004222357840433554
phone:0.060688990210941506
this:0.006508046756670484
criminals:0.019261639885243587
two:0.0077057414572450885
big:0.011470167577965113
you:0.002296690038879016
used:0.008158940117094487
access.digex.com:0.01848124948096434
m:0.005656259140975505
a:0.005770678205976839
old:0.010941789596455885
secret:0.033030261383994286
idea:0.01145610039363949
listen:0.03529707744085346
part:0.010120752530633378
standard:0.025157392896382122
local:0.012629683685603108
let:0.00952536257335878
chip:0.02671408560167995
town:0.018405077159936084
are:0.0026566586016579566
likely:0.013662846301362512
encrypted:0.01988703504598594
it:0.002833515948264231
only:0.005510480323426804
buy:0.02484992665490881
able:0.010898616636820947
register:0.021403559125656887
types:0.016929327322235038
secure:0.017664280573388164
has:0.004399894520192359
bogus:0.024508584285507798
call:0.010979157429746726
access.digex.net:0.0204971011567548
be:0.002390335773295336
writes:0.002732489219080836
get:0.005431297418558357
of:0.0008034734940733003
even:0.006938675403991842
key:0.06623641262885488
what:0.0038034797644488894
registering:0.025229052827428364
saying:0.0124651040453076
order:0.011588086203026827
court:0.016515130691997143
they:0.0077100795413863115
one:0.0040632682139488535
shack:0.023553577174088847
in:0.004405281865152657
government:0.02224475155881238
system:0.03694582362384339
brother:0.01914716632099013
or:0.005572821964488308
registration:0.02043496116764513
and:0.004733025799472602
for:0.0013444167888928677
subject:0.00011031800368602602
i:0.002366512899736301
becomes:0.017792422047530978
we:0.0055691896930329336
possible:0.010648643070101578
leads:0.01875948551430561
will:0.004683079937616878
phones:0.04093182871321718
the:0.0056064273470260145
do:0.002968255863249986
when:0.005403613400180727
peter:0.015214434218289078
because:0.007292240904522785
radio:0.014823761821353993
country:0.013928735983554265
may:0.007690188129916657
quickly:0.017539993568275448
simple:0.01363301056593488
friend:0.014352063717738868
just:0.019411381214312164
about:0.004070314794718478
is:0.006661304798942081
number:0.01033993739007338
either:0.020690600885234365
right:0.00801600658591033
figure:0.015258254686259312
2:0.008051279140890119
sale:0.013119306421915824
1:0.008093073933573176
serial:0.01710461953663154
every:0.02010040104906939
under:0.010030262095477848
article:0.00334848297651488
very:0.007203481371005981
comes:0.024993192869797617
registered:0.06409427563709662
by:0.0040927085736246534
built:0.015258254686259312
buying:0.016575280682799655
mw:0.02553528411731978
s:0.007691358853587004
