some:0.009894380297740289
since:0.01695611545257357
believe:0.01841247356212153
with:0.004956164210080909
though:0.02106393391195491
wonderful:0.040730066102605114
except:0.02732509677121876
my:0.008052663231612724
to:0.0011679653899074837
hole:0.03955042940633223
most:0.01573385986412744
threat:0.03913011634582908
beach:0.04500424499464218
that:0.005879739414143674
liberty:0.0422312542216895
feds:0.08420174710711663
nt:0.006051513150190157
re:0.006337974623358823
anyone:0.01417724364102874
phone:0.024892772256013294
this:0.004449003715012025
key-escrow:0.04930295518462613
crypto:0.03851511047434742
you:0.004710160927192558
sternlight:0.04184597986510681
concerns:0.04256626132979658
great:0.021366531260446416
m:0.011600124678949763
sure:0.018491898475925455
a:0.005917390363755911
anymore:0.03755469788699994
secret:0.03387001379206194
listen:0.03619446076562092
proposal:0.039942387183033556
also:0.0125720095905048
chip:0.027393257269519272
others:0.022850239178545728
no:0.00954021810324161
plan:0.033098001673208526
clip:0.049769563465838225
have:0.004332632314810617
plug:0.04019689809065114
algorithm:0.034585161184244546
secure:0.036226744904745214
netcom.com:0.10911983643122505
glad:0.03931435352071387
be:0.004902214043537892
writes:0.0056039185679454435
of:0.004943404717773017
least:0.020403918497512562
oh:0.02737047613679215
find:0.017935989302316865
up:0.011385257375867666
now:0.013999274558290205
david:0.021156315587665203
in:0.004517280556639589
and:0.008088928273109953
subject:0.00022624539738998556
offer:0.02978952219315117
threatening:0.04930295518462613
i:0.006471142618487964
leads:0.03847284317340642
any:0.008671925985498367
jerk:0.10430882963401858
than:0.012123739679825942
phones:0.04197246842626508
the:0.003832642423673151
do:0.006087439990733023
less:0.02329547081861252
would:0.007903810560206576
can:0.014653660888774803
nobody:0.03396855648693583
clipper:0.030288170498430265
americans:0.036291684504283946
pair:0.04327883011971642
expressed:0.034828467166299046
many:0.03141018690810328
right:0.016439606727036437
man:0.024559740159281345
too:0.016546761592072006
cellular:0.044474411460902065
article:0.006867227799293229
by:0.00839352097302683
john:0.045448786433590606
security:0.03145655858506688
news:0.026007428103079818
strnlght:0.04263488175549674
share:0.034585161184244546
