keys:0.041689836224537244
escrowed:0.12706168918325833
there:0.009763606229544121
where:0.01965379572589108
access:0.03566358370232474
my:0.010108662354577674
to:0.005864677276982259
been:0.01560894028958978
make:0.01872426046116706
like:0.012389777271368864
rob:0.09363154663828167
escrow:0.049235794094809014
had:0.016323494528533353
this:0.01116983911428551
crypto:0.04834875570184038
protecting:0.0559375842962815
on:0.005393710906800957
why:0.03786643787561716
a:0.001485642687070633
was:0.00941979929895091
as:0.017023705536532305
secret:0.08503535377581509
standard:0.0323834525581089
compatible:0.04793151407255016
chip:0.06877456080432498
no:0.0119760184700267
likely:0.07034912350914314
it:0.0036473981887231058
not:0.006413936261446435
algorithm:0.1302462453108784
secure:0.045476126582552505
public:0.03152919785170844
be:0.006153843161036929
which:0.013743535452314019
sort:0.03337724795384074
applications:0.0414925641212163
if:0.00712925978471712
of:0.006205550603161871
key:0.03410470607698485
what:0.009791937265921608
represented:0.06115697702445672
factors:0.05293155268154734
they:0.009924676856465357
code:0.03447353734395422
economic:0.04878303223928991
become:0.035236412497820724
system:0.023778960949388563
or:0.007173526145777503
secrecy:0.06421742460373099
thoughts:0.045681109761976736
use:0.01768914391220583
and:0.0020308373111212227
for:0.0034611581160858933
subject:0.0002840101797023223
will:0.012056439839396643
the:0.008820513946680408
when:0.013911430243018467
would:0.009921804745791234
an:0.009552107857039752
many:0.019714904548703123
is:0.017149316610042376
chips:0.04417809519358481
release:0.04227450520624743
security:0.03948802035146694
