uni:0.10430882963401858
text:0.06129769039378928
surprise:0.08248079084916031
im:0.10019109779316453
to:0.004671861559629935
q:0.07194370243258742
that:0.005879739414143674
me:0.055097729512095496
re:0.006337974623358823
this:0.026694022290072155
on:0.008593369919309998
you:0.009420321854385115
more:0.043098950027821215
as:0.01356125695283082
chip:0.054786514539038544
no:0.01908043620648322
it:0.005811108978643593
systems:0.05085452746241713
public:0.050232959289162604
writes:0.011207837135890887
if:0.011358481690905241
of:0.003295603145182011
what:0.015600713610112393
in:0.006023040742186118
government:0.04562059217993725
monitoring:0.09688077995721935
and:0.003235571309243982
subject:0.0004524907947799711
amanda:0.3211901632832986
house:0.058269016008308326
walker:0.16519617298118755
any:0.017343851970996735
than:0.07274243807895565
the:0.0012775474745577169
less:0.04659094163722504
clipper:0.06057634099686053
interested:0.048764003651100334
is:0.01366132001138969
white:0.05760964653933207
does:0.020652352785381783
bu.edu:0.08982721390255982
article:0.013734455598586458
very:0.029546482911583852
says:0.04340723295639946
announcement:0.07745933633825909
