go:0.02262130525342008
bs:0.06591526898401623
your:0.043951124029578924
much:0.020316242669301526
someone:0.02562160598445372
wrote:0.02994854621735885
name:0.03211898262593315
then:0.018556748253207012
that:0.004033774714354382
provide:0.039266926491667596
really:0.022690648176638673
nt:0.016606477947033453
pack:0.05990409907316151
charles:0.09572680592869384
you:0.019388336839839135
tell:0.0560470942702896
them:0.03408974817516839
a:0.0016238420067981338
other:0.01603846497478966
was:0.01029605969885332
private:0.04127536190319246
bags:0.06993556983758067
lose:0.0488923922463638
are:0.0224271412186474
it:0.003986691043488046
flame:0.0488099244753232
proof:0.09737461841165534
made:0.027041622696720946
has:0.012381098533564547
bother:0.05332098872666571
pgp:0.05284631437177902
writes:0.01537819513994331
if:0.007792446741434991
oh:0.03755483935048225
well:0.019568231513410986
shut:0.05487367933857877
they:0.02169580522111032
up:0.046864896640199466
bob:0.2141863380249477
in:0.006198129135854319
or:0.007840830903524248
and:0.00665925722949052
for:0.003783126312931093
subject:0.0003104297313025383
fits:0.05948503004428712
offer:0.04087399556734695
i:0.004439504819660347
any:0.023797378285786215
pretty:0.033465349499065426
will:0.013177969126782376
the:0.0008764569883593639
wrong:0.0307374657770914
do:0.016705067881546434
see:0.020574253039664838
home:0.03406236106815522
put:0.0289239453435672
article:0.018844950705037233
ass:0.056666129104012
wish:0.04344276179975324
