pc:0.06943420962495589
know:0.025705731784547953
thanks:0.04152888843575339
i.e:0.07196956243698756
password:0.23370807908015723
to:0.0057424965003784615
produce:0.08782248518396658
me:0.02257476417509468
anyone:0.03485239061752898
e.g:0.08456823375398533
more:0.02648789637126512
a:0.005818767191026646
as:0.016669045004521217
it:0.007142821452916082
secure:0.08905741455749866
nonsense:0.10954443591355126
be:0.02410255238072797
if:0.01396146707840436
of:0.004050845532619555
generator:0.23884277243115506
but:0.02772013426043376
well:0.03505974812819468
please:0.039904486602192805
george:0.24889463619094795
email:0.057164555395165434
force:0.0744584191419744
p.s:0.09447568135666308
word:0.06393492742007122
still:0.08507121175956446
for:0.006778101310668208
subject:0.0005561866019170479
possible:0.05368690881176212
will:0.023610528018818425
program:0.0578465298413349
users:0.08226453267200379
bolt:0.127196474671618
does:0.025385183632031773
wanted:0.0634408331155438
s:0.012925755851167047
