keys:0.028397424674684788
since:0.014498707415968705
ask:0.021120018727220052
out:0.00853751521072797
know:0.017882248197946402
all:0.0069135350046832696
fax:0.02216408217306804
your:0.009129943638994656
with:0.004237879541953242
c:0.037479676745347246
ca:0.014902526058640009
my:0.013771221178700018
corp:0.03353742496313078
to:0.003994780174176322
then:0.011564350360694226
re:0.008129141364742838
escrow:0.03353742496313078
phone:0.06385537230890367
brad:0.10392402977161014
clarinet.com:0.04374230371558488
federal:0.028633740512284504
on:0.003673976994487608
curious:0.031059944498706485
you:0.012082586726276563
them:0.01062216790965392
communications:0.030573064466186194
a:0.0020239190229657898
how:0.009531615921950176
steve:0.023240245266915843
drive:0.020462346005840498
course:0.017725737680434922
chip:0.023423219984081697
are:0.009317556255090224
those:0.02689732832300812
magic:0.037331540002115145
not:0.013106739316868801
have:0.00370471458802647
systems:0.021742153045526163
ve:0.013225606514691552
copies:0.032719016186459796
u.s.a:0.0371997840667297
decided:0.027040819297234453
yourself:0.02540778747372893
johnson:0.20075450994816657
writes:0.004791756456649003
of:0.007044948752381835
destroy:0.03578134510204785
key:0.046461483641109795
park:0.032545233833659176
what:0.006669870311569791
present:0.026264494803110897
court:0.02896131614103847
they:0.02704114853645634
who:0.009369948364013394
703:0.0840586831113983
and:0.00829994379327804
for:0.002357600455884594
subject:0.00019345620936245142
steven:0.06502194388186987
employer:0.06550855686061775
criminal:0.03381848311555945
house:0.024912115539783994
warrant:0.06822176761551842
any:0.01483025023606967
will:0.00821235757176293
the:0.0032771869999524044
do:0.005205202310916642
when:0.009475901759737218
views:0.058696910059954914
can:0.006264970959693575
orders:0.03546623559523815
clipper:0.025898580571121533
once:0.019442255035687726
forget:0.027820386488510825
myself:0.04830205886953454
just:0.008510062054100622
makes:0.02023897016124619
expressed:0.05956172645830851
company:0.04878446434248333
number:0.018132353973896797
today:0.020573378737669224
virginia:0.03536417226276178
1:0.042576606346189316
sign:0.03140371062241345
identify:0.03611078259535769
