looks:0.0186038340998581
believe:0.011807999349621415
hmmm:0.026999473257173265
at:0.009575706657113381
final:0.02096004563715541
technology:0.018302541770744255
help:0.01163093869587933
all:0.005185151253512452
principles:0.02743103183111028
small:0.016243184240576147
fax:0.01662306162980103
own:0.0123178838888478
your:0.006847457729245992
text:0.019655237680617214
defeat:0.0317161261809161
encryption:0.021014942897951625
into:0.009732629907512969
followed:0.04831454022829652
from:0.004600936165381389
work:0.011005828608642954
to:0.0022470638479741806
remember:0.015122956720224087
aspect:0.028412934161303117
line:0.015346759504380372
q:0.02306890458436227
us:0.02238996071940213
t:0.02800296798913524
that:0.001885351225187374
guy:0.018403971450809072
think:0.00782471754091606
control:0.03314819858631547
like:0.012659120255529056
believed:0.02375450939592151
me:0.01177813783048418
re:0.004064570682371419
wait:0.019953259810381076
this:0.008559496277794875
bell:0.024256538309677028
on:0.002755482745865706
you:0.0030206466815691406
tell:0.013097962247948113
defend:0.04923798286390484
support:0.014885632117029923
bill:0.05047033492975626
m:0.007439210391935174
more:0.006909886009895249
a:0.0015179392672243423
other:0.007496239064303863
was:0.004812288772290139
as:0.004348446522918578
cyberspace:0.032687277206695314
let:0.012527922514961005
election:0.030563003789918077
chip:0.01756741498806127
democrats:0.06636337808953982
step:0.06781827122579921
no:0.006118183348817988
hey:0.020946407530604182
it:0.0018633447268476737
clever:0.03234391361092612
only:0.00724747955581134
ve:0.019838409772037328
peace:0.02093280356202745
feel:0.01655585154481618
netcom.com:0.034989512768708035
reject:0.027754901924600745
personal:0.018227692778237586
free:0.01569297714198226
writes:0.0035938173424867517
of:0.0031702269385718257
america:0.021400753013404685
republicans:0.06537455441339063
ok:0.017738310817994193
version:0.016959079389486872
fact:0.013034060481678473
they:0.010140430701171127
now:0.008977795640642631
over:0.010901851915866075
one:0.005344081020519687
bob:0.020021766380592936
in:0.002896951661323214
wcs:0.06898470479407122
gun:0.01989682334676305
minute:0.024306860730398748
our:0.012118344690110834
fear:0.023400902910339656
jersey:0.02780278578156898
pull:0.024565708822731656
better:0.01215334712663806
and:0.001037492974159755
for:0.0070728013676537825
subject:0.00014509215702183858
i:0.005187464870798775
we:0.007324695139749837
house:0.05605225996451399
stupid:0.02098742495253561
lives:0.021154662227898403
firearms:0.025811685878881906
stood:0.0296122350426554
than:0.007775006968584027
eyes:0.023487171112276013
the:0.0032771869999524044
when:0.007106926319802912
got:0.012022575117557468
clipper:0.019423935428341147
nj:0.02652312919707133
just:0.0063825465405754666
here:0.009784787530561934
about:0.005353348806097128
stewart:0.06020690553605285
bush:0.025394654388493917
is:0.005840709280231824
clinton:0.01991932765473061
privacy:0.05135985424026389
white:0.05541797520359661
new:0.009369562852627971
time:0.008584293314694095
labs:0.028412934161303117
speech:0.05162337175776381
wanted:0.01654978255188099
first:0.010204102333646962
nothing:0.013885086964678852
every:0.013218198515964109
article:0.004403983045198919
by:0.01076560298714311
says:0.013918623611019391
while:0.011795339705861534
announcement:0.02483750458672438
john:0.014573252171640466
god:0.014419446911821874
s:0.0033719363090000997
