keys:0.020844918112268622
some:0.006210302527305075
read:0.02411705384997789
typical:0.023715985849638
at:0.004685984108800165
out:0.006266899463193936
there:0.0048818031147720604
technology:0.01791312598838799
access:0.03566358370232474
medium:0.02918293391399703
with:0.006221567838186674
ca:0.02187817655417363
such:0.010228814912062758
times:0.014949341178154397
unusual:0.026674397155418784
corp:0.024617897047404507
to:0.002199253978868347
designing:0.031877408514951994
corruption:0.030945471871201505
design:0.020016846848007672
then:0.00848872526476491
enough:0.025873920499334
worse:0.02071843304968291
been:0.00780447014479489
make:0.00936213023058353
that:0.007380949477329294
think:0.0076582341889816765
memory:0.017987405458336783
protection:0.02249985263900512
nt:0.003798290168736375
could:0.008027176358117326
database:0.053872094780952166
cant:0.02991272711353684
re:0.0039780904550869205
complete:0.03939591330100827
escrow:0.049235794094809014
brad:0.07628466015150105
clarinet.com:0.032108712301865495
key-escrow:0.030945471871201505
crypto:0.02417437785092019
something:0.021177248054931094
on:0.005393710906800957
you:0.002956377603237882
communications:0.022441930299647313
backup:0.0796447362542779
fun:0.021894960930499124
a:0.005199749404747215
hard:0.02876844045293095
want:0.010067010466554158
as:0.004255926384133076
secret:0.04251767688790754
copy:0.054520403378670354
also:0.007890942189784927
course:0.013011445744149037
chip:0.017193640201081245
computer:0.014259058006198486
databases:0.031655745236225566
are:0.0034197413914958804
no:0.00598800923501335
it:0.0072947963774462115
not:0.0032069681307232176
always:0.014132745202120784
algorithm:0.021707707551813064
has:0.005663694010034846
danger:0.02607158499953047
be:0.009230764741555392
which:0.013743535452314019
greatest:0.026506851054039153
were:0.008251613284427122
if:0.00712925978471712
of:0.009308325904742808
even:0.008931699190244818
kept:0.021243487354117945
sealed:0.029758538087615284
but:0.0035387405438851607
humans:0.023991391538593955
sense:0.017480436416824417
consequences:0.0550028890219056
chance:0.019122646425598955
boxes:0.026225774025452026
in:0.0009451047973111196
or:0.014347052291555007
rather:0.02737748566928578
use:0.008844571956102915
and:0.0010154186555606114
for:0.0034611581160858933
subject:0.00014200508985116116
however:0.012750526086153792
i:0.0010154186555606114
example:0.014954037998712259
we:0.007168850562308351
warrant:0.0250388402418658
possible:0.013707295866832883
actually:0.013001670888835557
necessary:0.019174339241923005
than:0.015219162576802777
the:0.0032074596169746933
when:0.013911430243018467
copied:0.031238343026430377
would:0.004960902372895617
can:0.0045987552789240075
clipper:0.019010660206461548
once:0.01427144252619631
may:0.01979814390893437
an:0.004776053928519876
is:0.007145548587517657
involved:0.01915360179290355
disk:0.018622228637233413
paper:0.04102817443868718
slow:0.02184323460128639
somehow:0.02261762458516051
leaves:0.026506851054039153
very:0.01854513289131327
hundreds:0.02497662726440202
comes:0.016086044347050594
lots:0.019407952188384897
by:0.005268273802218969
data:0.031216442800061833
millions:0.025328170412428564
s:0.003300192983276693
