say:0.015945756086281876
wonder:0.0310114933429994
with:0.004914515771340734
ron:0.03560754904390786
much:0.014682326634957405
encryption:0.06498738644072435
into:0.015048772293969632
from:0.007114052558236769
to:0.002316301109396354
then:0.013410759241813472
remains:0.03880129183872127
that:0.005830329839234904
satellites:0.047766532093792946
re:0.0031423571662031135
had:0.01289418895531206
requested:0.044016220306999504
on:0.008521156726710754
size:0.030259471740049306
28:0.03716441515335081
more:0.010684193494291814
how:0.011053470564950624
other:0.011590823427158914
intelligence:0.11395185941300735
secret:0.03358539182742276
coming:0.029215377771341134
budget:0.03965660859762835
promised:0.04490160279151906
boost:0.048308872607554044
official:0.034085739673565756
officials:0.08144349796230113
spending:0.08237744504053325
administration:0.07485762475133667
it:0.005762276130083562
approved:0.042345204687292234
spy:0.10145273802942376
hughes:0.04298918137654363
money:0.05210453389460722
crack:0.043932604081342634
has:0.008947684654508832
asked:0.02833866301460866
writes:0.005556826815273633
spend:0.034454598442954204
if:0.016894548397396875
of:0.004901863501657277
congress:0.03669442731587833
key:0.02693985185913089
years:0.018737608596473894
they:0.007839660710149106
authority:0.0355459856817896
up:0.011289582944137686
over:0.016856644979154265
president:0.03164250553926049
in:0.002986213477218327
total:0.03076483609919665
and:0.0048125724515645785
for:0.005468048116169311
subject:0.00022434417556317895
p:0.02828679024900294
than:0.012021859514449253
the:0.00380043534448262
would:0.007837391984070387
can:0.007265260440653053
extra:0.03264433369320379
increase:0.03533399775787636
7:0.02681956747001097
an:0.007545362508922157
about:0.008277446893461105
is:0.002257753167148436
billion:0.08013321995440681
clinton:0.1539981633811106
yesterday:0.03694422715003969
1994:0.04803332787794909
right:0.016301458771347054
congressional:0.10036805700190153
goes:0.027084262151182155
vast:0.04321529442629089
1993:0.025459292462270057
easily:0.03108331738147384
agencies:0.03893793487125724
activities:0.03551537230970136
although:0.026552432409703848
comes:0.02541324653147489
registered:0.043447660235790976
by:0.01664597436667506
schemes:0.048450108895927005
nations:0.03975724885852512
four:0.029479379420361124
