keys:0.03958428894046971
out:0.02380155755718101
take:0.02147221343773438
your:0.012726588102841037
ron:0.04280099329520238
wonderful:0.04854694747583237
such:0.019424416196644433
surprised:0.04445134032322464
from:0.008551234893234097
except:0.032569307262664784
to:0.002784240727456224
that:0.0070081742512015524
sources:0.03888019166883297
feds:0.05018083918504931
think:0.014542909368975307
nt:0.007212914663863016
could:0.015243526821475329
database:0.05115128191322731
anything:0.023446880306256607
re:0.0075543535914781934
anyone:0.016898128784256478
escrow:0.04674913782739442
this:0.005302852912842617
key-escrow:0.05876513850288772
crypto:0.04590689935326259
on:0.005121301265043333
you:0.005614131206148706
great:0.025467178674067444
a:0.004231830684383015
as:0.008081961214313317
secret:0.04037031946932636
listen:0.04314087242770979
chip:0.03265054906871994
police:0.03712711021851204
it:0.010389558476968848
not:0.006090000086625909
algorithm:0.041222717371119766
secure:0.04317935251272663
netcom.com:0.032515506815365046
anybody:0.030702981261744398
be:0.005843043001388599
writes:0.0066794180910864885
get:0.013276504800920429
if:0.013538392318452714
of:0.0019640463188458452
key:0.06476449234821366
oh:0.03262339579940882
using:0.022266874531766876
please:0.019347629867729848
they:0.03769372220233308
who:0.013061140143776247
pick:0.04060661118220217
in:0.001794744463580712
and:0.007713079080622018
subject:0.0002696662312325081
secondary:0.05581426554530023
warrant:0.04754850470172496
will:0.011447528736396814
turned:0.03966563979710705
the:0.003806833383783096
would:0.0094207034960038
can:0.0261989694678095
nobody:0.04048777439856998
clipper:0.03610105170519971
just:0.023725021484159312
company:0.0340012933296096
is:0.0027138649180875143
keep:0.02676176347601941
primary:0.046478317045064554
under:0.02451841845561252
going:0.02199813822272407
john:0.027085640399816625
plenty:0.047084008608373216
s:0.012534066279919563
news:0.03099875268851938
