another:0.010125595115929583
since:0.009136171796363841
looks:0.015630618604446988
believe:0.009920876165891965
hide:0.022754739717622652
know:0.005634132993873524
traffic:0.03995470558343289
search:0.019484709129564914
small:0.013647241553726078
send:0.013394279090759006
your:0.011506230339554908
way:0.015820756342890804
fm:0.026647338891728593
ca:0.01878126571773809
longer:0.015498680403535046
corp:0.02113317189457556
to:0.005034517479783856
receive:0.01955442361418039
important:0.02869743646550888
trust:0.018946887048942162
worse:0.017785686818905876
perhaps:0.013189322089680572
calls:0.01830269253633985
that:0.006336157542182225
think:0.006574191906523083
indeed:0.01684128907992975
really:0.008910482845620666
nt:0.009781897968800527
could:0.00689090938505049
confidential:0.02858256376285353
attention:0.01938209334941853
re:0.0034149817605312375
started:0.014973720894926507
avoid:0.01765639038001415
tells:0.020214611873591838
so:0.004665801814543014
anyone:0.007638880135348818
chances:0.0222842729326992
phone:0.013412543955294835
brad:0.06548637492457625
this:0.002397180083887758
clarinet.com:0.02756364343721787
he:0.007260882226119795
crypto:0.08300973581685837
illegal:0.018766023404672545
something:0.009089777703943026
detect:0.023400006991899258
you:0.005075789857613898
possibly:0.01770298476437142
them:0.006693420874576442
classified:0.023738399558811234
communications:0.019265218704720064
more:0.01161113265589704
a:0.0012753462336496757
how:0.006006223731639837
j:0.013945792965885216
want:0.017283999705134077
as:0.0036534893160594445
listen:0.01950203822074552
stuff:0.026697868060946317
are:0.005871336818276032
no:0.005140391489417853
likely:0.015097757100135743
reason:0.012201880931545788
police:0.016783488180971192
it:0.007827749537442282
tiny:0.02387205427251038
have:0.002334477685605721
being:0.008884949451713005
only:0.012178413134879329
marcus:0.026647338891728593
suddenly:0.02225245252486316
suspect:0.017726461474418993
secure:0.019519433327670938
has:0.004861983899025347
bother:0.020938835755676947
his:0.016844100835664445
heard:0.01234085552246518
be:0.005282751206734898
sending:0.02072965979206373
which:0.005899051746655332
writes:0.003019462972682933
down:0.010796189849101178
if:0.0030600475788283526
of:0.007102852440757576
fraction:0.02699212223651464
even:0.007667394738657651
but:0.003037822932650275
least:0.010993892158477087
fact:0.010950991454926206
using:0.03019754217321809
easy:0.01513096604684387
please:0.008746188844316232
must:0.010582011084381265
they:0.02129953480611287
highly:0.01907156947218539
naive:0.025884534852170755
up:0.006134522239051985
good:0.007397305257349311
over:0.018319093630313768
in:0.0024339685191026093
government:0.012290479171763916
use:0.0075926005833212235
and:0.006101785163094815
for:0.0014856112461738538
subject:0.000121903912748942
cipher:0.02717479499730779
we:0.006154081761251004
house:0.015698045408631008
warrant:0.021494529522697585
any:0.0046725445949260605
information:0.011136170248784313
will:0.005174910250699928
normal:0.01722540034026732
phones:0.045230605244742275
eyes:0.019733513628578933
the:0.003785974022776065
do:0.003279990497289939
cryptography:0.022381086666263598
risk:0.019589684098627467
level:0.032151006051084466
sci.crypt:0.02625002666803165
nobody:0.01830269253633985
extra:0.017738245248818497
may:0.008497833458629363
an:0.004099991500281903
people:0.020620180001001607
tap:0.025417508143858344
is:0.0036804469437077244
clinton:0.016735873463335306
today:0.012964046875791566
figure:0.016860719790295676
does:0.00556387586455491
nice:0.014428034049108484
him:0.010942992252800491
cellular:0.047926763035492634
article:0.003700150138431968
sign:0.019788639570287925
going:0.00994436385410814
understand:0.013681083392400243
by:0.004522536414690256
millions:0.021742904280988903
s:0.005666084756675966
