since:0.011909652520260007
rough:0.032007096927776486
mark:0.0178787140731678
warrants:0.0350705754996405
i.e:0.02056273212485359
your:0.0074995965606027525
with:0.0034811153380330194
parents:0.027295268038650306
clause:0.03593117805208758
added:0.024902489206913164
emphasis:0.03265709271328239
to:0.004101783214556044
obviously:0.021916030243011645
within:0.019264584620969152
positive:0.026351190478075076
relevant:0.026761862332164075
normally:0.025332450857861805
that:0.0020649084847290285
like:0.006932375378027816
laid:0.033928367119818455
re:0.002225836326060539
practice:0.0244436196728681
complete:0.022042951489849867
charges:0.030092908688922542
brad:0.028455389104131344
had:0.009133383843346042
this:0.009374686399489624
clarinet.com:0.07186235610417516
federal:0.02352057256366227
on:0.006035819348086785
set:0.015770324905511435
you:0.0033083273179090587
assume:0.020663622352911762
etc:0.013823357068203783
8:0.03514870574254603
more:0.007567970391790035
a:0.0024937573675828484
serving:0.03383462689977
judges:0.034845930690218796
course:0.014560427380357255
step:0.024759051399894948
are:0.0038268534619120566
no:0.02010260243183053
d:0.021688621694964706
police:0.021878475664480306
18:0.023016366031089874
it:0.0020408061294045947
wiretap:0.029007661327053763
choose:0.02365359219873368
targets:0.06347905828576407
always:0.015815214869039924
after:0.011483414807529471
directed:0.03094469942487893
ex:0.03265709271328239
without:0.02675250577145827
be:0.013772887074701697
which:0.007689835312604272
sort:0.01867536492655375
showing:0.025559668557296505
if:0.007977981187659635
of:0.006944306627347808
even:0.00999499671289301
reveal:0.033473766055624556
jurisdiction:0.03606494505120697
order:0.016692362268645785
groups:0.02190348570527614
must:0.013794407306425577
they:0.011106186006044566
good:0.01928583156380356
george:0.023704251065804566
code:0.019288764942450572
in:0.004230469092725964
required:0.02227846101488672
sec:0.03606494505120697
few:0.013604925600632657
subject:0.0001589104576905851
cause:0.018770840079417064
i:0.0011363018288416363
period:0.022565543057122713
any:0.006090995632671472
limits:0.029436075015298338
tapped:0.029090912767379594
ways:0.02124010941237556
normal:0.02245453972927704
the:0.005832612577296244
do:0.008551403796505912
reads:0.030887738406925647
judge:0.051934065228321925
start:0.016771202904062574
would:0.01665445796614957
law:0.035795727681475785
once:0.015970423779314916
moral:0.023893778481612057
may:0.011077532901427564
an:0.005344631777153194
opposition:0.03142114411341188
many:0.011030958497488651
dates:0.03330122119328377
tap:0.06626707480363069
govt:0.029049141501554316
is:0.0031984836534602844
select:0.02819735076559793
followups:0.03473670962671763
itself:0.020018189527347498
right:0.011546866629704163
days:0.017727694193751024
time:0.009401845058950677
90:0.023999758390144833
extensions:0.034420579714134605
unless:0.018321794200836256
involve:0.029391819190967877
notice:0.02403550853336038
every:0.014477074565103547
under:0.014448353732771662
before:0.012655918257277644
by:0.011790898509728167
panix.com:0.06166263462391626
