another:0.01583932378848985
all:0.00681477021890208
your:0.008999515872723303
with:0.0041773384056396235
ca:0.014689632829230864
someone:0.015738986533307284
from:0.012093889349002507
simulation:0.042364838550663475
via:0.02441593841868318
to:0.002953283914480352
amendment:0.06528715491367551
then:0.011399145355541452
legal:0.026995108527381604
might:0.015193465256274614
that:0.007433670545024503
like:0.00831885045363338
nt:0.015301683251195112
could:0.010779351109471837
its:0.014770175400244072
sitting:0.03242711067472827
re:0.0026710035912726466
file:0.021703470588988635
deliberately:0.038918937484632814
this:0.01124962367938755
reply:0.0256514037096796
federal:0.028224687076394726
illegal:0.029355422325880624
contains:0.02998323932055568
on:0.003621491608852071
you:0.01984996390745435
kenneth:0.0702263816766261
state:0.01898366704957583
m:0.00977724794368623
a:0.003990011788132557
how:0.009395449980208031
same:0.01387209536091866
running:0.021624717231762153
ie:0.029882987048295798
are:0.004592224154294468
learned:0.03242711067472827
not:0.008613000122513783
should:0.02346874488904971
fifth:0.03576298925406825
ken:0.05894389573021159
try:0.017402783373881375
trial:0.03349863434302324
hm:0.038087434971458445
doing:0.019147877894037966
device:0.02867253417793447
copyright:0.03666835858006213
be:0.012395598367231529
writes:0.004723302792982588
get:0.00938838553779373
justification:0.036864065538548665
whatever:0.023606861276809735
of:0.0027777226509391236
even:0.011993996055471612
key:0.022898874080261256
what:0.006574586449975937
but:0.004752023016074359
saying:0.02154682270688885
oh:0.023069401315296237
double:0.03155821703599736
court:0.028547583053309348
please:0.013681538263608963
they:0.0333185580181337
now:0.023598777112546345
in:0.0038074221834533675
st:0.027405337449423573
or:0.00963302082432979
use:0.011876996626766771
and:0.004090686583829891
for:0.002323920449371957
subject:0.0001906925492287021
table:0.03235638873913747
mechanism:0.03432962714362431
i:0.004090686583829891
we:0.009626742183671214
elaborate:0.039760244882178414
ng:0.08827912509130552
will:0.016190076355761206
the:0.003230370042810227
judge:0.15580219568496578
peter:0.026299236291613976
may:0.013293039481713077
an:0.006413558132583833
is:0.0038381803841523415
grant:0.03232128863340583
under:0.017338024479325993
article:0.005788092002261436
little:0.016752419299274745
s:0.00443168772040013
