keys:0.09008838172658623
ask:0.03350071936041801
know:0.014182472708716113
means:0.0325815542579167
encryption:0.044445396473828724
hence:0.052889119396107936
to:0.009504821793729868
make:0.02023081015344487
that:0.003987409487752607
think:0.016548827902627072
nt:0.0082077994450855
me:0.012455042303500514
need:0.022082781511462486
re:0.008596333397199323
brad:0.10989667516078314
clarinet.com:0.1387686876494417
decryption:0.07260620549315944
classified:0.05975528164804208
link:0.055699863548930084
how:0.03023822982135918
are:0.007389785995416385
not:0.006930000098574309
only:0.015328002738727432
hal:0.06750354585021737
algorithm:0.04690860942230869
has:0.012238787056167252
be:0.006648979967097371
writes:0.007600717138132901
end:0.15541571279169594
kept:0.04590546692613993
what:0.0105797942873176
sense:0.03777381662486196
they:0.03216964222440495
over:0.023056790258843194
in:0.002042295424074603
and:0.004388476028629768
for:0.007479284204875264
subject:0.0003068615734714747
however:0.02755286096778061
i:0.002194238014314884
will:0.013026498217279131
later:0.03672887389606556
phones:0.056928175566658384
the:0.005198296620614159
do:0.0165130556070459
radio:0.08246782438546359
clipper:0.04108050711281346
come:0.027599927292751823
just:0.013498719120297539
here:0.02069426328302754
actual:0.046693757318720726
is:0.009264573341057375
does:0.014005618555603738
their:0.017398662282548435
cellular:0.06032161554467176
article:0.00931417103812185
going:0.02503236418447911
murray:0.12335088708144427
main:0.04274042542099802
