some:0.007033354669478038
bellovin:0.03649946246146248
at:0.00530701814731585
say:0.011430993820888816
entirely:0.025036897868561524
own:0.013653558045469852
such:0.023168881969491552
from:0.010199665716026212
acm:0.0772182313016372
to:0.0008302404578860427
scanner:0.03353273664762035
scientific:0.02543794901689086
clients:0.032188498386691376
legal:0.022766958998996535
been:0.017677595026764328
she:0.039941475721668465
that:0.016718295201661532
produce:0.025394453547171063
technical:0.023112935198309037
suggesting:0.03282320028824454
need:0.011573505972874917
re:0.0022526536311937985
so:0.006155485526415182
anyone:0.010077799696634887
this:0.006325089618932759
on:0.003054270031561988
you:0.010044560049555213
used:0.011894358483957023
suggest:0.022116866295844084
8:0.01778609206249317
came:0.018185100798059923
more:0.0076591507579561804
a:0.002523802637071798
was:0.010668206434956454
as:0.009639929641168898
old:0.01595128362856822
truth:0.04331394612063379
idea:0.01670106201964311
proposal:0.02839278125059012
given:0.016793900958923382
stating:0.03282320028824454
evidence:0.019383783340440223
solution:0.02343287390501957
computer:0.016148812681718767
it:0.006196182465180216
not:0.010895964010409003
ban:0.0318627922344608
have:0.0061596459415379865
robert:0.01924947005396207
arguing:0.030764469603171914
has:0.012828608119115074
attempt:0.023232821670099973
netcom.com:0.038783556321941436
scientist:0.029701479016776996
be:0.0034847063682980203
which:0.007782483930828421
writes:0.00398350837962387
of:0.0035139864861278066
key:0.038624606882368386
ethics:0.0700933579733239
what:0.005544831945762839
year:0.014908197085600313
understanding:0.02418165533078811
fact:0.014447392341137587
up:0.016186269522317887
notion:0.029790726521506754
now:0.009951291553483399
clear:0.01986596832642538
in:0.00642215789980086
external:0.02586761637123984
or:0.008124234430157655
world:0.015188257161040223
debate:0.054696331258577806
registration:0.029790726521506754
and:0.0034499766369649686
for:0.0019599329091088795
subject:0.00016082504151818252
membership:0.03239272460160512
steven:0.027027193541259164
until:0.01723593810460629
i:0.004599968849286625
we:0.008118939191048013
back:0.012688895904021311
possible:0.015523925439545675
any:0.006164381122221731
than:0.008618080013370248
the:0.004086612704759926
behalf:0.035155224200533505
can:0.015624686610320121
convince:0.028464497530748662
proposed:0.026588884178112
her:0.05975437599270592
claim:0.019670114727710762
denning:0.06437699677338275
maybe:0.01595128362856822
last:0.013133509349756012
newsgroup:0.023157613497435843
measures:0.03055672155455041
previously:0.028647614863184633
is:0.006474039202184673
unless:0.01854253870928007
article:0.0048815233754012114
passed:0.026033972799149315
consulting:0.03610212530609021
lewis:0.02997328886786416
s:0.0037375679569639658
