some:0.008712961754726523
looks:0.025545563241596198
there:0.01369819381458429
technology:0.05026369680323795
means:0.021153695674916064
with:0.004364383408877219
encryption:0.05771267900332984
though:0.018548837325452833
meaning:0.029447362200629046
noting:0.044723528364261
to:0.006171041015332078
then:0.011909554849073158
mail:0.022868026155491463
next:0.019987910624993846
that:0.010355361953267965
nt:0.005328944415839094
its:0.015431526537568433
re:0.008371802301003817
so:0.007625452219290448
file:0.022675267779540365
this:0.003917779390831485
key-escrow:0.04341603516258122
crypto:0.03391629131323131
used:0.02946960460204277
sternlight:0.036849444955840326
toal:0.04241953223254747
a:0.0020843345161886493
other:0.010293343192775454
secret:0.029825833040770963
standard:0.02271675030195699
worth:0.026232564319342073
proposal:0.03517314692237283
chip:0.024122420580621445
electronic:0.032191576977683656
computer:0.02000524556093519
are:0.0047978461313524295
it:0.010234490439999163
not:0.004499328422208693
applying:0.04290116298730546
try:0.01818201248017457
only:0.01990352594431771
argue:0.031788090251786076
between:0.017334819746614966
algorithm:0.030455589699558628
netcom.com:0.048045301115240885
network:0.027414102015146095
be:0.008633750106529423
which:0.009640987556100879
writes:0.004934793962817629
gtoal:0.04241953223254747
if:0.00500112253554783
end:0.020180846287876933
of:0.0043531474380389245
reading:0.024524791390768585
particular:0.025306354090177664
lines:0.026367030778317285
they:0.013924173500115577
exceptions:0.043154159641601596
thin:0.04253705728454851
david:0.037260376706634235
over:0.014969707108353415
in:0.003977903773757249
government:0.02008667864639028
intend:0.03798141948816917
or:0.005032175057485711
and:0.004273851654747647
few:0.017056921648554376
for:0.004855953177792149
subject:0.0001992310215822261
purpose:0.028066279792123783
limited:0.05794171735668298
any:0.007636472136483636
graham:0.03636781420108233
the:0.003937515723823411
do:0.00536058148437684
strong:0.02694516705948142
because:0.013169569394735178
clipper:0.026671672528468443
may:0.013888250204774856
an:0.006700732377326393
about:0.0073508670173274
current:0.023598848684558343
nose:0.038046031896699875
is:0.010025098018308354
does:0.009093200106996456
civilian:0.0393936732168149
improvement:0.038046031896699875
extend:0.04185816341734159
article:0.0060472603008701565
by:0.007391309513560941
hints:0.038796339577460155
s:0.0046301214989255095
strnlght:0.03754414960558668
