keys:0.03014495850081924
since:0.015390935564643703
ask:0.022419712187356673
out:0.009062900762157385
know:0.018982694240896953
all:0.007338983312663779
saw:0.02613369679334965
your:0.009691786324471251
with:0.0044986721291503644
to:0.00636091920041922
line:0.021721567298507605
then:0.012276002690583102
re:0.008629396217957781
lost:0.026957740956291155
escrow:0.03560126649932344
phone:0.04518995578783953
brad:0.07354623645375487
clarinet.com:0.04643413779039011
he:0.01223179390400181
on:0.0039000678864560766
curious:0.03297132569862689
you:0.012826130524816659
appeal:0.04163295079752092
them:0.011275839781017238
a:0.004296935771835062
how:0.010118176901762496
was:0.006811239493087582
steve:0.02467041420641836
lets:0.03564318653599702
course:0.018816552306923223
chip:0.02486464890617903
magic:0.03962886554070685
it:0.002637349459538246
not:0.004637769296738192
have:0.003932697024212714
ve:0.014039489992518726
copies:0.03473249410562655
against:0.019871390708906513
hope:0.022218934904923427
decided:0.028704869715525806
yourself:0.026971343625958405
johnson:0.07103621121242817
writes:0.010173267554116345
tech:0.034883328500921754
of:0.0044870904361324305
destroy:0.03798327403140465
key:0.04932065186517809
what:0.007080323869204856
years:0.01715211863831072
present:0.027880771406379262
court:0.03074355098048699
they:0.028705219215622885
who:0.019893121142059204
good:0.012461614241226918
in:0.0013667669376499268
and:0.005873806376781383
for:0.0025026835608621075
subject:0.00020536120686167922
criminal:0.03589962053805541
house:0.026445168803770704
warrant:0.1086300453570178
ago:0.02200896711818957
refused:0.03876214890605982
fired:0.036486415189975654
will:0.008717733422332957
the:0.005798100076838869
do:0.011051044906253795
when:0.010059034175721047
can:0.006650507634136257
orders:0.03764877317032973
clipper:0.02749233937549824
once:0.020638701499422357
forget:0.029532410272419186
just:0.009033758180506815
makes:0.02148444524809211
company:0.051786585225097694
tap:0.0428187252577306
paul:0.025192480700838904
number:0.019248191141521216
today:0.021839432813833486
type:0.02492701931024382
unless:0.023677395582619165
told:0.023847844359454848
him:0.036869466205589355
article:0.006233329848589239
luck:0.03171375866087401
sign:0.033336246660715815
telecom:0.04503166427659045
identify:0.038332984601225854
