mark:0.05090888075071509
there:0.015555576026731313
thanks:0.033786214320612934
mentioned:0.05957904438630234
from:0.014348682278477552
to:0.0023359307798149673
that:0.005879739414143674
need:0.032562745618597226
so:0.01731882368449017
fixed:0.07686157127321742
finger:0.08433162630619406
2.0:0.23846485464525022
two:0.031606600553445954
on:0.008593369919309998
2.2:0.337850033773516
vs:0.057908677034971906
a:0.004733912291004729
was:0.015007815832226875
mac:0.05815732431883281
d:0.030878715633509076
it:0.005811108978643593
ve:0.03093446947504126
site:0.06619600334641705
has:0.018047024981127983
netcom.com:0.10911983643122505
public:0.050232959289162604
pgp:0.15406044189738968
be:0.009804428087075785
if:0.011358481690905241
seen:0.043940082891904285
available:0.04578074284430898
what:0.015600713610112393
or:0.022858015515358824
use:0.028182703860124544
for:0.016543162520952916
subject:0.0004524907947799711
i:0.009706713927731946
review:0.07324812685862349
platform:0.08860982857084362
source:0.05286894850338685
the:0.0012775474745577169
would:0.015807621120413153
changed:0.06405618972599025
is:0.004553773337129897
nice:0.05355490604669082
although:0.05355490604669082
