know:0.02127370906307417
from:0.014596073352244407
manufacturing:0.09573518898918348
to:0.002376205448432467
consent:0.08866586270221753
mail:0.05283302594544579
guy:0.11677002575685756
nt:0.01231169916762825
re:0.0064472500478994915
national:0.056106446982543336
reply:0.061917181368192145
on:0.008741531469642929
you:0.009582741196702101
board:0.061917181368192145
a:0.004815531468435845
was:0.015266571277610096
video:0.12054176527120768
month:0.06851385326529756
it:0.005911300512758138
be:0.009973469950646057
asked:0.05814311894376605
writes:0.022802151414398703
get:0.02266162026364004
if:0.023108635164255494
of:0.0033524238890644594
available:0.04657006599679707
what:0.0158696914309764
reading:0.05666072493729294
in:0.006126886272223809
thomas:0.06351732782808793
yes:0.04598010121558429
and:0.0032913570214723265
subject:0.000460292360207212
i:0.006582714042944653
yet:0.045346012804933854
the:0.0025991483103070794
do:0.012384791705284426
canada:0.06414840677597666
about:0.016983037591756407
film:0.08946793193730188
paul:0.11293181003824336
is:0.013896860011586064
told:0.05345206494360569
fraser.sfu.ca:0.09970098951680369
article:0.013971256557182775
going:0.037548546276718664
bothered:0.09597300488801686
