keys:0.034076909609621744
cia:0.04852539587373668
dallas:0.048048802512910625
where:0.01606484172377184
your:0.03286779710038076
though:0.021613427840092868
spot.colorado.edu:0.04696042735678884
password:0.048773859981945854
2.1:0.04563461349901255
saddam:0.05396099341560563
trick:0.04319915721147723
goals:0.040150901989633316
to:0.004793736209011586
sparc:0.04727287961092852
that:0.009049685880899395
through:0.020604028643694147
nt:0.0062093787106299
months:0.029528648173737564
re:0.003251656545897135
phone:0.02554214892356147
had:0.01334268248419248
this:0.0091301293629812
on:0.00440877239338513
you:0.014499104071531873
des:0.04083135587571808
m:0.01190273662709628
more:0.0110558176158324
sure:0.03794859165494267
a:0.002428702827558948
want:0.01645737363227984
was:0.007699662035664223
as:0.006957514436669725
failed:0.036846072488913355
advantages:0.04770775283331688
course:0.021270885216521904
mind:0.026344833069653364
no:0.009789093358108781
works:0.025870660813484696
it:0.002981351562956278
couple:0.02744340691003929
only:0.011595967289298145
expect:0.03005409637529033
has:0.01851781693715741
routinely:0.052886089450673655
algorithms:0.0442566105340406
pgp:0.039519852486721706
regardless:0.03934765572762449
get:0.011429338915574978
if:0.011654789908928858
of:0.008453938502858202
what:0.00800384437388375
but:0.005785071497829654
seems:0.040982384163149185
they:0.016224689121873803
login:0.04793362662812784
good:0.014087042185734776
one:0.0085505296328315
tim:0.035460080867271204
code:0.028178369655058228
government:0.02340534729231563
system:0.01943671590645674
for:0.002829120547061513
suck:0.04793362662812784
subject:0.0002321474512349417
station:0.035965131632801364
i:0.00829994379327804
any:0.008898150141641803
tapped:0.04249802908625889
the:0.0026217495999619235
do:0.012492485546199942
would:0.008109996922646748
can:0.007517965151632291
once:0.02333070604282527
is:0.004672567424185459
involved:0.03131197510492059
new:0.014991300564204755
does:0.010595554907282829
their:0.013162466248536644
wanted:0.026479652083009585
every:0.021149117625542575
change:0.07753067238027359
admitted:0.04781995635362912
inherent:0.049029632896783186
security:0.03227716446119906
