out:0.006618972466744156
concept:0.023909279461352715
where:0.010378970776594167
with:0.006571094121230869
encryption:0.02172331175968033
ca:0.011553643798271467
continues:0.027824445361231905
work:0.011376811595451144
corp:0.026000924971415994
to:0.0038713459553113222
then:0.008965619942560692
might:0.011949916493699133
next:0.015047078785107726
perhaps:0.016227312009213738
that:0.005846707170243991
slip:0.032683981526886986
through:0.013311591539465319
nt:0.004011677256867632
could:0.016956282644113002
its:0.011616991887832417
re:0.004201578682900792
so:0.005740508974072585
escrow:0.07800277491424798
phone:0.01650195014724477
brad:0.08057031521619212
this:0.005898679082824932
mean:0.014850685712527305
clarinet.com:0.03391257254354333
key-escrow:0.032683981526886986
carefully:0.02612440197545406
crypto:0.025532488966140427
programs:0.019849337776935486
on:0.0028483641867375837
rsa:0.06318643480162839
communications:0.023702712900751093
more:0.007142803515846775
a:0.0031382115187559437
same:0.010910636800722542
as:0.017980093488022885
secret:0.022453155210468027
shipped:0.03143036607006558
chip:0.09079787521919308
are:0.010835585083166722
it:0.005778462298988291
not:0.006774269759280504
patent:0.034716509867367344
algorithm:0.022927241683937394
has:0.011963758133556752
provides:0.024821069578874325
follows:0.02412373212149333
public:0.03330050110180442
be:0.01299912937387576
get:0.007384123456691699
of:0.0021847256805139176
produced:0.025791162777946085
key:0.09005175200102741
but:0.003737546192418035
particular:0.0190508508319315
manufactured:0.032296381125274894
well:0.009454314101985084
they:0.00524112148599856
now:0.009280417965608113
filed:0.03416797913948017
one:0.01104843716601823
boxes:0.027699132116769554
in:0.002994601717322873
system:0.02511485763193848
yes:0.014982280171370162
or:0.003788266616309468
and:0.006434787884676233
known:0.018297352514979538
subject:0.00014998290388774325
half:0.042490376220146245
until:0.016073964749239573
paid:0.023235899650405376
house:0.03862777465719316
impossible:0.023125014915358625
than:0.008037085855165512
locked:0.03176093067693599
the:0.008045678196512362
thing:0.012718721545645822
would:0.005239604753395371
clipper:0.020078674824802085
last:0.012248104225053359
n:0.020567502785417986
general:0.01656421552296377
is:0.006037587121138515
number:0.028115335375255707
chips:0.02333000532694928
implementation:0.027699132116769554
done:0.014880132311352238
houses:0.02869046041644122
does:0.013690885554354215
2:0.010946121079187689
goes:0.018106894359498183
blank:0.030968354282217427
serial:0.023254595100364227
paper:0.04333312805883815
first:0.010548060839275512
handle:0.022822229700723052
almost:0.016977488372272854
cellular:0.029483036811159793
by:0.005564244240545877
