bellovin:0.04696830053180443
choice:0.02924312150789568
there:0.014229131559335619
technology:0.026105951052844516
means:0.021973606359990332
differ:0.04223760657246972
your:0.00976691645101754
with:0.004533545556508119
encryption:0.05994960454609456
meaning:0.06117746565712081
to:0.005341857209654383
relevant:0.03485265792095787
next:0.020762635843016863
make:0.013644034754648865
that:0.008067549428708763
provide:0.026177950994445066
pem:0.10468306897926694
re:0.008696290762283036
this:0.008139262610409597
key-escrow:0.045098827223146384
crypto:0.035230876247852684
on:0.0039303009708472085
you:0.00430851929774203
used:0.030611837338556054
them:0.011363249391722797
toal:0.04406370014853768
m:0.010610966760589705
a:0.0010825613378654226
how:0.010196612381621119
other:0.010692309983193107
as:0.006202435350519522
secret:0.03098187308111092
chip:0.025057398122506
mind:0.02348570389930339
computer:0.02078064267570012
are:0.004983809159699423
d:0.02824564685855869
phrase:0.03794062412513848
it:0.0053155880579840616
not:0.004673720996712906
applying:0.04456399876200722
systems:0.023259047444051245
try:0.018886741646072812
only:0.020674980438283513
between:0.018006711984855858
algorithm:0.031636038912719815
technologies:0.03827771801614421
love:0.025366026668073246
algorithms:0.03945356753034627
network:0.02847666410875641
without:0.01742023631629841
be:0.008968391583526686
which:0.010014669244321843
mandate:0.046623713225053785
writes:0.00512606504664777
certainly:0.04768615933729676
gtoal:0.04406370014853768
of:0.004521874082924155
but:0.0051572342810109325
reading:0.0254753647004883
particular:0.02628722052778145
saying:0.02338414867414294
lines:0.027389008715461367
they:0.02169580522111032
david:0.019352288677089102
in:0.004132086090569546
protocols:0.04679409234690476
system:0.01732730487784903
intend:0.03945356753034627
and:0.004439504819660347
for:0.012610421043103642
subject:0.00020695315420169222
steven:0.03477917928565132
i:0.004439504819660347
example:0.0217934817345574
any:0.007932459428595405
graham:0.03777741940267467
actually:0.018948171527915385
will:0.00878531275118825
the:0.002921523294531213
see:0.013716168693109891
strong:0.027989553379616356
clipper:0.027705458285385825
is:0.002082733541788092
new:0.013364337712275557
multiple:0.06657402042830718
does:0.009445649723546707
explicit:0.0446942865008939
article:0.006281650235012411
hints:0.04030007366960977
doubt:0.026977304643260213
