read:0.028696241289847112
apologies:0.06897026896010879
form:0.043207353474454376
all:0.012076807982864445
tried:0.03921346902578064
53:0.06944799463077773
where:0.023385529091566604
my:0.012028028624434193
to:0.003489111797698306
w:0.03916887158265005
h:0.08944764871631687
mail:0.03878880385868172
re:0.004733424085799627
so:0.012934311359302786
math:0.2471015580891709
certain:0.08345101244963314
on:0.02567133292350835
1983:0.06388999818891508
you:0.007035430245680024
ax:0.08154307621340351
8:0.07474661474364218
posted:0.043207353474454376
m:0.03465353701559676
a:0.0035354534831554306
question:0.02763273523224183
are:0.016276237508891785
49:0.06298184749449937
not:0.007631772260455251
have:0.0064715267487044665
1981:0.06944799463077773
of:0.01230636617504675
but:0.008421306610764687
factors:0.06298184749449937
who:0.032735515803388564
pp:0.2511543534144132
and:0.002416439332220189
subject:0.00033793616319010504
i:0.002416439332220189
the:0.004770588670816791
peter:0.04660624152944249
mr:0.0427462744086508
interested:0.03641868627107493
n:0.09268393660264307
type:0.041019145700401216
1:0.07437432500979906
x:0.1156389869447887
e-mail:0.03480627565382616
james:0.0875846523452412
