school:0.049476523480219116
out:0.008014810197826258
say:0.012908469212704377
know:0.016787416675623154
technology:0.02290930398514927
all:0.012980514702670629
with:0.003978417529180594
compared:0.02804618112866409
wonderful:0.032694882993927914
kids:0.029907231502413083
except:0.02193443142179465
my:0.006464042594083682
to:0.0037502017961655257
scanner:0.03786689988778896
corruption:0.03957652184888356
enough:0.016545228074404054
beach:0.03612585652631141
calls:0.027267276635771616
that:0.004719790822237779
guy:0.023036263584686186
feds:0.10138577712897716
really:0.013274800974087932
could:0.010266048675687464
happens:0.02541549329781482
re:0.005087625888138375
worried:0.06844783737617163
so:0.006951092499217143
phone:0.03996390647904175
key-escrow:0.03957652184888356
getting:0.01845035083146045
crypto:0.030916891401176844
something:0.013541913722200835
on:0.0034490396274781624
you:0.0037809455061817814
am:0.011117934399329017
great:0.01715136522947399
state:0.018079682904357932
why:0.012106956327578274
a:0.0038000112267929115
other:0.009383047536271501
same:0.013211519391351104
as:0.00544295347086407
secret:0.027188174336485092
listen:0.029054056941110667
chip:0.021989145291178732
far:0.016934544708308855
are:0.004373546813613779
hey:0.026218632555314078
plan:0.026568463928153783
d:0.012393498111408404
it:0.00233234986217668
have:0.0034778953275350533
systems:0.02041100081824905
only:0.009071675090267255
targets:0.036273747591865184
algorithm:0.027762238229529633
open:0.02248272502553308
netcom.com:0.06569459540247222
status:0.05987323390475155
without:0.015287146155119013
be:0.0039351105927719135
writes:0.008996767224728738
get:0.008941319559803552
of:0.001322725071875773
implemented:0.034006213034438376
what:0.006261510904738987
but:0.004525736205785103
oh:0.021970858395520227
who:0.008796278056012572
good:0.01102047517931632
in:0.002417410910129122
door:0.028775321742401105
better:0.030424705731991877
and:0.005194522646133195
subject:0.00018161195164638296
amanda:0.12891305873275247
i:0.0025972613230665974
we:0.018336651778421358
back:0.014328957279371004
power:0.01837996789231661
walker:0.0663032258904086
than:0.029195944535091042
the:0.004102057197219336
do:0.004886516455146235
less:0.01869976569113114
can:0.011762802618200181
nobody:0.027267276635771616
clipper:0.02431295318921613
about:0.02010237102697697
is:0.0018277049448344482
done:0.018018119397419718
man:0.01971462135234829
their:0.030891502420034977
abuse:0.03301134568532175
cellular:0.03570054797541798
article:0.005512468573582319
corporation:0.03230850477356647
high:0.03805882755974859
john:0.05472404897105807
s:0.004220654971809648
news:0.020876710994308968
