some:0.007033354669478038
at:0.02653509073657925
block:0.02643240534435742
reserve:0.0318627922344608
andrew:0.022683482886578305
all:0.017242189710475142
programming:0.02643240534435742
actions:0.02382061713366357
your:0.007589953145670257
with:0.00352305648668402
c:0.01557890177969253
implications:0.03424227300699615
antonio:0.03692486949287184
to:0.002490721373658128
w:0.018640607560417796
threat:0.027815383908480915
that:0.004179573800415383
nt:0.004301678022424329
decade:0.033966311946566664
re:0.0022526536311937985
file:0.01830413182203861
had:0.009243424612542983
this:0.006325089618932759
he:0.009579115707953225
student:0.02423504501306429
federal:0.023803952955995553
two:0.011233671281044045
facing:0.035155224200533505
etc:0.013989903538905035
united:0.04724725280574961
them:0.00883047693694121
state:0.016010321608076004
more:0.0076591507579561804
a:0.005047605274143596
timothy:0.030659700068763066
was:0.010668206434956454
as:0.004819964820584449
local:0.018411948505517785
permit:0.03289803474606718
attempted:0.031146214265416427
also:0.00893672970891305
sig:0.028428532669384183
business:0.021786528513455226
are:0.0038729601301278646
no:0.013563201640753132
those:0.01118021478486482
administration:0.026831498028340558
police:0.04428414351364689
not:0.003631988003469668
texas:0.02390463657631929
being:0.011721710421235832
hughes:0.030817545685594534
states:0.04160071970428534
campus:0.031202778966319074
university:0.028317350621670526
stated:0.02338611483673349
whose:0.022546876207837165
netcom.com:0.038783556321941436
deny:0.0289137065397698
greatest:0.030019807217827477
writes:0.00796701675924774
get:0.007917915513801941
affairs:0.032188498386691376
of:0.005856644143546345
result:0.02129519253621387
san:0.02432509297352135
who:0.007789475145987038
good:0.009759095490117465
filed:0.036637953535105246
tim:0.024565718673109572
code:0.019521159700793354
in:0.005351798249834051
government:0.016214547822989745
weeks:0.02193111376706693
and:0.0022999844246433124
for:0.0019599329091088795
subject:0.00016082504151818252
create:0.022908708983395296
i:0.004599968849286625
boss:0.03463105927890923
ago:0.01723593810460629
any:0.012328762244443462
refused:0.030355899745709496
tapped:0.029441405692287786
the:0.006811021174599877
interest:0.022004728895589673
photo:0.03289803474606718
once:0.016162838523644012
regime:0.03433714262728615
william:0.02452806794813866
may:0.03363299145975598
just:0.0070746299003969036
here:0.010845788588092748
about:0.005933832411577539
is:0.004855529401638504
levels:0.027624126689718385
new:0.010385539547491248
right:0.011685985504760842
time:0.009515120300624782
him:0.014436839176887397
article:0.009763046750802423
little:0.0141285463969787
conducted:0.03232387703640257
complaint:0.035975297539838205
opinions:0.017202470816385797
registered:0.031146214265416427
citizens:0.024622639692374222
by:0.011932957527917664
mine:0.019670114727710762
concern:0.027750954455970388
