at:0.0050054830253092675
out:0.006694188062957159
there:0.01564395998142865
with:0.0033228828226678827
ohio:0.02882054419349641
to:0.002349203113791189
technique:0.05716950053577972
0:0.0416495032780731
then:0.027202505962087554
worse:0.022131053484888565
that:0.0019710490081504364
think:0.00818038652004861
r:0.017614885038233694
nt:0.012171793495268837
could:0.008574483837079871
database:0.02877259607619036
re:0.004249323895206484
complete:0.021040999149402148
so:0.005805742030596137
escrow:0.02629639002790936
phone:0.016689472308008914
brad:0.05432392465334166
this:0.005965709526947943
finger:0.028270261091280967
clarinet.com:0.0342979426860836
key-escrow:0.033055390407874335
crypto:0.129113154431051
on:0.0028807319615868745
you:0.009473846410375941
state:0.015100644243980775
backup:0.08507505918070593
a:0.003967341266609077
hard:0.015364962514633576
secret:0.06812491410448822
copy:0.01941256786967808
course:0.013898589772159199
chip:0.018365933851154967
are:0.0073058111545593815
no:0.019188847775838236
it:0.005844126643294976
not:0.0034256250487270734
catch:0.02753345527702794
have:0.008714499087744082
university:0.013354205122719624
algorithm:0.023187778521254865
secure:0.04857677157681745
arguing:0.029016488375718963
danger:0.027849193067680276
be:0.003286711688281087
greatest:0.028314136353178188
writes:0.00375717267623615
were:0.008814223281092609
if:0.015230691358259302
of:0.004419104217403151
effectively:0.055617505819805284
kept:0.04538381389288834
consequences:0.058753086000671896
chance:0.02042646322734434
in:0.0010095437607641504
government:0.01529326669668351
become:0.01881944758406334
use:0.009447610953109932
better:0.0127057719960307
and:0.0010846517457124712
for:0.0018485730847276932
subject:0.0001516872550682858
however:0.01361988013748246
i:0.0010846517457124712
warrant:0.08023810168416086
information:0.013856939116385029
will:0.012878469828446414
yet:0.014943572401625931
normal:0.06430163649747515
than:0.01625683275249388
the:0.005567493823782778
magnus.acs.ohio-state.edu:0.052288106675697624
when:0.022289905275745498
would:0.005299145716502137
law:0.034168649150499615
clipper:0.04061368316834967
jim:0.019240515607664033
just:0.0066726622924198065
btw:0.02131699159342804
techniques:0.02701990947323096
is:0.010685843114969586
privacy:0.026847196534683395
disk:0.01989192604431751
somehow:0.024159735352330545
e-mail:0.015623271458251514
article:0.00460416409270796
enforcement:0.05136466390207528
bad:0.015571596856513546
thus:0.018928153823160827
comes:0.051548460293957585
data:0.05001725494100816
poster:0.02587973506719601
s:0.003525206141227377
james:0.01965678277066493
