another:0.009641327523428604
at:0.0038302826628453523
all:0.004148121002809962
tried:0.0134689741436377
scenario:0.024580198523889596
your:0.005477966183396794
secondly:0.023231698835612036
with:0.002542727725171945
lawyer:0.023089134388555553
ca:0.008941515635184005
someone:0.009580252672447912
from:0.011042246796915333
oliver:0.025294559616460363
via:0.014861875559198457
to:0.003595302156758689
amendment:0.039740007338759015
crime:0.017440077935815288
then:0.006938610216416535
officers:0.02086815341565994
us:0.008955984287760852
legal:0.016431805190580108
civil:0.018144432519741363
that:0.006033123920599597
like:0.005063648102211622
nt:0.00931406806594485
could:0.006561344153591554
its:0.008990541547974653
brought:0.016845186271894207
re:0.0016258282729485676
file:0.01321080818460178
deliberately:0.02368978803412432
charges:0.04396181443251294
had:0.01334268248419248
this:0.006847597022235899
federal:0.034360488614741405
illegal:0.017868517937492553
contains:0.018250667412512155
on:0.015430703376847954
you:0.012082586726276563
kenneth:0.021373246597234035
enemy:0.02328027840342997
state:0.02311055119078797
m:0.00595136831354814
rk:0.029994180101541704
more:0.0055279088079162
a:0.0030358785344486846
how:0.005718969553170106
factor:0.019673827863812245
same:0.008443884132733098
was:0.007699662035664223
california:0.017302040117056244
ie:0.018189644290267006
team:0.027854126684299978
probability:0.02471398834417983
are:0.0027952668765270673
no:0.0048945466790543905
learned:0.01973824128026938
police:0.015980799615794312
it:0.001490675781478139
not:0.005242695726747521
should:0.014285322975943301
fifth:0.02176877606769372
ken:0.017939446526586137
try:0.010592998575406055
trial:0.040780946156723945
rights:0.015100867042142635
against:0.011231655618077594
hm:0.023183656069583402
doing:0.011655230022457892
his:0.008019256702196768
free:0.012554381713585807
heard:0.01175064069312989
copyright:0.02231987044003782
be:0.005030097888151924
which:0.011233846369717545
walking:0.023183656069583402
writes:0.005750107747978803
get:0.005714669457787489
justification:0.022438996414768753
were:0.006744796945531735
whatever:0.014369393820666796
of:0.006763150802286562
even:0.007300693251156633
key:0.013938445092332939
reasons:0.015810975981722198
what:0.004001922186941875
but:0.002892535748914827
saying:0.013115457299845389
least:0.01046809731611514
oh:0.014042244278875972
double:0.019209349500172307
court:0.017376789684623084
testimony:0.048403776378304154
they:0.020280861402342254
up:0.0058411320450103684
now:0.007182236512514106
one:0.00427526481641575
in:0.0023175613290585713
government:0.011702673646157815
or:0.005863577893070307
use:0.0072294762075971655
and:0.00414997189663902
still:0.008876996009693683
subject:0.00011607372561747085
mechanism:0.02089629478307567
i:0.003319977517311216
criminal:0.020291089869335668
we:0.0058597561117998695
similar:0.013759818642898701
ng:0.026867559810397335
will:0.009854829086115516
later:0.013893095778076972
the:0.005898936599914328
judge:0.09483611911258787
strong:0.01569848863465439
around:0.010292149709363633
peter:0.032016461572399624
senate:0.045206169594605744
reports:0.017192271496470228
may:0.008091415336694916
an:0.0039039049502684205
during:0.012732041346967263
about:0.004282679044877702
different:0.010987899556570643
is:0.005840709280231824
grant:0.019673827863812245
today:0.012344027242601535
itself:0.01462198191562774
first:0.00816328186691757
under:0.021107160235701212
him:0.010419631753753511
article:0.007046372872318269
by:0.008612482389714488
north:0.017452846890916633
s:0.00539509809440016
