looks:0.043330449042707476
out:0.01491363416557544
ideas:0.04553156502581608
rumors:0.07046119346208833
way:0.021928769867677764
odds:0.0731981948351217
to:0.003489111797698306
1987:0.06442417989132491
1988:0.05784937777161122
sooner:0.06912751604869811
been:0.018572663129385308
that:0.004391197790309833
like:0.014742266626692065
nt:0.009038969009144792
re:0.004733424085799627
this:0.006645347321157203
on:0.006417833230877088
working:0.040108088743121606
a:0.0017677267415777153
other:0.017459594782682414
was:0.011208368786093489
joined:0.07298180960272549
dorothy:0.0731981948351217
proposal:0.05966078085567037
plan:0.049437521486564634
d:0.023061319270595387
administration:0.056380109781070026
lay:0.06059309616674335
it:0.01301982644582172
have:0.012943053497408933
digest:0.07458046435366589
has:0.013478157897298114
heard:0.03421072606860601
writes:0.01674082002576107
of:0.0049225464700187
even:0.02125518288311425
gotten:0.054553302706246996
years:0.028225005354182195
phil:0.05609435886918978
risks:0.07046119346208833
in:0.008996440602252681
government:0.034071075172358196
battle:0.06091977824213415
pull:0.05721633447319778
or:0.008535588072190953
for:0.004118340036861696
subject:0.00033793616319010504
i:0.004832878664440378
nsa:0.05703243446607235
we:0.01706004943941734
similar:0.04006023149198356
any:0.012953003370744396
than:0.01810887699011976
the:0.003816470936653433
around:0.02996448649561564
peter:0.04660624152944249
did:0.020809000549910955
denning:0.06763659154671858
just:0.014865678018555518
long:0.030130522089982088
is:0.0034009193277299227
clinton:0.046394383398359905
first:0.023766516827734698
article:0.02051475646371142
s:0.007853623808304028
