obvious:0.026528609061393187
looks:0.023607623961199243
ideas:0.024806852669237725
your:0.00868918773918112
ron:0.029222747146379555
to:0.003801928717491947
prime:0.03464012990976549
proud:0.034866266618889565
might:0.014669552661230661
speak:0.02472712285957513
sooner:0.0376625777092907
been:0.030356697666650466
that:0.007177337077954693
quite:0.0183186164283407
like:0.008031993541439126
really:0.013457901677178799
nt:0.0049246796670513
along:0.024096285594077484
re:0.002578900019159797
so:0.014093939274274759
had:0.010582127487463
this:0.007241137080985089
off:0.015058327227285175
two:0.012860616776919388
on:0.006993225175714344
you:0.007666192957361681
pump:0.04063349437199728
working:0.021851993177286946
m:0.009440101462869463
more:0.008768407074625695
sure:0.015048579449373817
a:0.003852425174748676
as:0.005518028691151851
joined:0.03976250316286423
idea:0.019119836519039698
dorothy:0.03988039580672147
also:0.010231014701238389
far:0.017168124635320012
lose:0.02899824643577439
neighborhood:0.040502127510130416
administration:0.09215231736630067
it:0.011822601025516275
not:0.004158000059144585
catch:0.03341991812935805
have:0.0035258662975700197
opportunity:0.03173347163766476
whether:0.01970661093021948
money:0.021380825977442276
has:0.022029816701101056
judas:0.0456843074320885
free:0.01991384685603266
be:0.003989387980258423
kid:0.03492397868558278
writes:0.00456043028287974
spend:0.028276532515252074
if:0.0046217270328510985
whatever:0.0227928315776094
totally:0.02841045034874933
even:0.01158040998459328
gotten:0.02972214423305871
what:0.00634787657239056
phil:0.030561754142524086
smoking:0.04133070897111017
order:0.019340116283672357
using:0.015202900542378764
who:0.008917606029198954
in:0.0012253772544447619
government:0.018562861645629637
battle:0.03319077573192136
or:0.009300847692456348
and:0.003949628425766792
for:0.0067313557843877376
subject:0.0001841169440828848
al:0.026275959867049874
i:0.0013165428085889306
nsa:0.031072843605653207
we:0.009294785556648068
paid:0.028524069915670046
possible:0.035544436178821824
drug:0.029533922562106935
will:0.01563179786073496
later:0.022037324337639334
than:0.019732431478889118
the:0.005718126282675574
did:0.011337317540985967
denning:0.07370056182332094
wants:0.02427955284547413
just:0.008099231472178524
bush:0.03222494074126125
is:0.0074116586728459
et:0.03137790053652787
new:0.023779304343221334
days:0.02053967327275981
does:0.008403371133362243
matter:0.020833813875176153
whoever:0.03475227143301915
article:0.00558850262287311
while:0.029935758701772723
s:0.004278870902455299
