some:0.020848872770238464
out:0.010519438384646963
say:0.03388473168334899
defeated:0.056666007509415646
your:0.011249394840904129
way:0.015467614460236994
statistical:0.05021064908343684
to:0.006152674821834066
then:0.014248931694426814
think:0.012854893102933529
communication:0.04297020072436248
nt:0.006375701354664629
could:0.026948377773679595
plaintext:0.05370052683957087
re:0.003338754489090808
michael:0.026827635729229367
so:0.0091233089052225
voice:0.03237941340568007
this:0.014062029599234437
finger:0.04442469600058437
illegal:0.07338855581470155
detect:0.18302148325806922
you:0.004962490976863587
input:0.038099565172988535
a:0.0012468786837914242
how:0.011744312475260038
adding:0.04218845169735962
encrypted:0.08594040144872496
wiretap:0.043511491990580645
should:0.014667965555656068
probably:0.02131449745561793
try:0.02175347921735172
public:0.026462005339826726
be:0.010329665306026274
which:0.023069505937812818
thinking:0.031102915480791565
writes:0.005904128491228235
of:0.01562468991153257
key:0.02862359260032657
measured:0.05021064908343684
but:0.005940028770092949
properties:0.04821829594670282
they:0.008329639504533425
beginning:0.036161489233365075
clear:0.029444203055237615
one:0.008779561676568057
in:0.004759277729316709
use:0.059384983133833856
for:0.002904900561714946
subject:0.00023836568653587764
cipher:0.05313642950366434
i:0.003408905486524909
signal:0.08045647005035206
the:0.005383950071350378
do:0.012827105694758869
would:0.01665445796614957
can:0.015438678436387738
increase:0.03754237261774363
put:0.02220945803166767
may:0.016616299352141345
an:0.024050842997189376
just:0.020971224347605105
techniques:0.042459857743648646
spectrum:0.048539117457649814
article:0.007235115002826795
function:0.03672321981738802
by:0.017686347764592252
