keys:0.06187649376483949
believe:0.01143511515963337
there:0.004830415713563934
all:0.02008563853992192
anyway:0.01604480958760281
ever:0.041738243002576746
fax:0.01609812284149152
own:0.011928898081831554
with:0.003078038825208144
ca:0.010823939979433268
miss:0.02539905560897952
someone:0.01159714797191063
from:0.004455643444369345
ship:0.026971587006452306
dealer:0.023276660017098667
my:0.005001127691212112
corp:0.024358761289010773
to:0.005802943831961393
remember:0.014645389665901221
obviously:0.019378384635926088
100:0.017781642625426693
510:0.0610531487861735
that:0.007303255272304775
quite:0.013979996747944218
bit:0.014342548410819472
really:0.01027050391153119
talking:0.01715626937032773
trivial:0.029916933258744
nt:0.0037583081669602027
me:0.01710929495375597
effort:0.021380825719624755
submit:0.027674383809739266
phone:0.015459721716892468
authorities:0.024503761035159357
something:0.010477164827176436
you:0.002925257838993273
inc:0.01926850260949685
m/s:0.02937063434463009
a:0.002205006514494308
lists:0.024932394361160272
million:0.02059742767963757
as:0.021055635795184695
whole:0.01574692355277521
ciphertext:0.03445928177114055
organization:0.02016754330587827
others:0.01419120117404419
are:0.013534976454762641
d:0.009588653801984396
it:0.005413506785367978
not:0.0031732105714524467
choose:0.02091475520730136
discussions:0.02526144887158835
have:0.008072378102331362
after:0.010153756250868165
secure:0.02249871525663124
technologies:0.02598855591622423
be:0.012178131729209922
if:0.007054214944877992
of:0.005116857514887859
key:0.06749141834182265
but:0.0070029812868464235
manufactured:0.09076982905735156
seems:0.012402563628321463
shipping:0.02159635521232526
they:0.004910103286882861
cares:0.026652510049523702
universe:0.023323443950873646
now:0.008694286304622338
good:0.008526367638734206
email:0.014441571889304951
in:0.0009351563257604761
ours:0.028943657792986046
office:0.019214410068664003
chosen:0.02591115514048899
or:0.010647023016364505
use:0.008751471198670252
and:0.002009460076267315
irrelevant:0.025834876154686007
for:0.0017123624363793368
subject:0.00014051029943167525
governments:0.024592717934120423
i:0.0030141901144009726
we:0.014186777954883894
any:0.010771444908303235
will:0.005964764973175181
the:0.006347393768328867
landing:0.02937063434463009
users:0.020782618780295695
do:0.0037806206258236665
att:0.03226067545166698
would:0.0049086823479177685
can:0.009100694657239087
convince:0.02486898205318041
nobody:0.021096261397149617
clipper:0.03762109598752391
did:0.008652163386541923
here:0.009475794240123138
about:0.010368591371809174
including:0.01673667213963279
is:0.004242199371957851
chips:0.021856531306299852
run:0.014088602254670499
1:0.010308020483814255
eventually:0.02230157019065808
various:0.018760941991343098
almost:0.015905225948760884
opinions:0.01502952713431601
full:0.01626138149433291
bad:0.014424216035507283
going:0.011462187810787802
by:0.005212818288511401
wish:0.01966356586725673
security:0.07814471395869246
