keys:0.025447042890301957
at:0.0057205520289248775
desire:0.03155515442086167
technology:0.021867971985824304
your:0.008181378066112095
with:0.0037975803687632947
encryption:0.07532628882902141
ignoring:0.034696693066173824
into:0.011628596772612899
such:0.024974249395685696
harmful:0.034696693066173824
from:0.005497222431364777
cryptographic:0.03743872051048905
prevent:0.02612349007901735
to:0.006264541636776504
receive:0.027807914100685102
stop:0.021584111133640504
look:0.015397196910882536
tool:0.030528810688430996
areas:0.026728913343726207
regulations:0.03562591932358079
make:0.011429094047725349
that:0.004505254875772426
think:0.00934901316576984
control:0.03960563986936395
appears:0.025326630048015143
nt:0.0139106211374501
me:0.007036290132497044
re:0.0024281850829751335
batf:0.05921943732185773
tobacco:0.03980213205075796
this:0.003408976872541682
federal:0.05131761286617223
illegal:0.026686747568982386
on:0.006584530197912856
you:0.0036090843468098823
moment:0.027326693502284307
taxes:0.03092010413984786
bands:0.037777589037570676
interference:0.036328604938127756
a:0.0027204625828176525
other:0.008956545375531888
as:0.0051955464949157044
bring:0.024632252904474516
private:0.02304987742645813
following:0.0177747680067517
question:0.014175234307448732
chip:0.020989638687034247
athena.mit.edu:0.03173554120077774
based:0.019616253324029498
enforce:0.036516835697044975
processes:0.0359677617488108
are:0.00417474923117679
likely:0.021470187044998236
it:0.004452667918700935
has:0.006914119960302279
public:0.01924509479260126
be:0.0075124838589282
writes:0.004293911629984172
if:0.004351626102359801
of:0.0037878036149169864
what:0.005976896772705398
using:0.014314419341850135
they:0.012115839279321347
over:0.013025589302073752
in:0.002307528596032344
government:0.05243405724577203
replace:0.028547811888667035
or:0.008757291658481627
and:0.0024792039901999343
for:0.0021126549539745064
subject:0.00017335686293518376
becomes:0.027959520360405825
house:0.022323843795390853
any:0.013289445016737757
allow:0.022768017346588263
firearms:0.030839936374767993
will:0.007359125616255094
grenades:0.03701276413071104
agency:0.0284093523466617
the:0.005873400077836776
do:0.009328804141642815
can:0.01684219465787753
radio:0.023294482862127704
wright:0.03691050207247637
clipper:0.023207818953342674
claim:0.02120285094025965
once:0.017422280486525367
put:0.016152333113940126
fight:0.02765976684246321
fbi:0.024771570664222954
an:0.011661014786516061
tax:0.05755135520345445
makes:0.01813622001462321
f:0.024131371548096414
is:0.00523388234202592
logical:0.030566895879680332
right:0.012596581777859089
receiver:0.0353808522587571
sale:0.02061605294872487
matter:0.019616253324029498
nothing:0.016589974035720188
supposed:0.02369282474945689
article:0.005261901820237669
process:0.023484180085932258
john:0.03482439479976423
