simply:0.014030474036162338
looks:0.01570231868978849
gtoal.com:0.026294617148384047
ask:0.013369553139249393
at:0.008082247820682854
out:0.01080896421174734
apologize:0.024613594440563425
ideas:0.01649997081210766
there:0.012629986040052488
british:0.020452318072164882
involvement:0.025534102217912743
true:0.011849911890632324
with:0.0026826943889428777
way:0.01589332861969306
odds:0.026525951339333092
such:0.01764235966484219
equally:0.02198735961133714
from:0.003883358965276035
to:0.0037932086974976995
us:0.009448974248555028
sooner:0.02505079710021629
been:0.006730460491841465
honest:0.021512884440473643
that:0.006365222485036272
think:0.006604348750130988
like:0.005342381025269144
nt:0.009826769060400531
could:0.006922519061128704
re:0.0017153234072393145
happened:0.015469270177699225
this:0.0072245289684140235
he:0.029176756101288722
these:0.007599247583022673
on:0.006977185668430596
went:0.014965418647871945
working:0.014534582617920217
toal:0.026074391372299822
m:0.006278966569339781
more:0.005832197366150119
sure:0.010009376239262402
a:0.004484187560057232
other:0.01265420172322854
was:0.024370489929395934
joined:0.026447536507409695
private:0.016282940934286935
said:0.01005277444341024
misleading:0.02758926149555935
dorothy:0.053051902678666184
question:0.010013697630032589
therefore:0.01574736477318746
turns:0.020246581530121984
experts:0.02222884462732531
business:0.016589741895566824
are:0.002949134777987273
answering:0.02534684536231524
no:0.015491913800676741
lie:0.02091695721918828
likely:0.015167012866650129
plan:0.017915432098342232
d:0.008357083588885485
phrase:0.02245110326671039
administration:0.020431324186718038
lay:0.02195804861088406
it:0.009436387974494642
couple:0.01447702658098403
have:0.007035558896527333
only:0.0061171387076572785
employee:0.053878976963017536
agent:0.022823697027823168
careful:0.02110712563055684
arguing:0.023426155752874028
has:0.004884286577461244
his:0.016921367353259237
be:0.005306984010435517
asked:0.015469270177699225
writes:0.0060666274405280956
gtoal:0.026074391372299822
if:0.003074084494327566
of:0.0017838585831719143
america:0.018063020892047994
parliament:0.03140994554572038
even:0.007702566274156082
gotten:0.019769316118318867
but:0.00915527370069372
years:0.02045665525670086
instance:0.019608972012660257
phil:0.020327772250761437
seems:0.010809573804500358
brief:0.023426155752874028
they:0.004279447818842861
up:0.0061626622493228655
in:0.004075222520515837
battle:0.022076433399672468
pull:0.02073435974028727
system:0.010253313436892317
or:0.0030931718243260796
and:0.0026270464299824993
for:0.00447727792998267
subject:0.00012246310500925824
i:0.0026270464299824993
suggestion:0.021230113050055264
nsa:0.02066771707715466
person:0.012867864399421334
we:0.00618231149410078
paid:0.01897243182464292
possible:0.011820970747543956
ago:0.013124613419103873
any:0.004693978285728474
graham:0.0223545279951607
than:0.0065623912028415655
the:0.0013830330458514735
wrong:0.012125789251513122
start:0.012924596733406022
around:0.010858690060337779
would:0.00427820938579989
can:0.003965899047879419
her:0.030334025733300258
country:0.0154621748074318
did:0.007540876346068649
abroad:0.02811710245787489
denning:0.07353152383748764
return:0.016928292237692336
an:0.016475195202967648
afterwards:0.025729329806989786
just:0.010774207004274184
long:0.010918858922516445
people:0.00690492266088586
about:0.004518422845513173
south:0.019824034333297186
is:0.003697329727853173
clinton:0.016812643525093728
involved:0.016517785032412236
length:0.02120525035524178
questions:0.013872368519474826
guess:0.013743840655668136
article:0.0074342466084091835
very:0.00799652519166719
killed:0.016755894480127917
answer:0.013927848817104847
while:0.009955699568250103
s:0.005692075971156132
