know:0.03163782373482825
thanks:0.051112478074773406
where:0.09474137426839803
encryption:0.09914742290315638
someone:0.05649892601700051
from:0.021706980882825015
need:0.04926158952557016
hi:0.08079529897472833
you:0.014251256138685175
am:0.04190606042824014
advance:0.08111541581222179
algorithm:0.2092845651149157
get:0.03370189680233647
of:0.014956968120441436
please:0.04911321427962192
find:0.054267865068548464
email:0.07035637587097283
in:0.009111779584332845
or:0.017290037377002188
subject:0.0006845373562055973
i:0.014684515941953457
source:0.23994368936152496
the:0.0038654000512259126
can:0.04433671756090837
about:0.025256825136458244
interested:0.07377118501063896
does:0.031243302931731415
documentation:0.11479806121792771
