out:0.011781770990804599
there:0.009177789855771475
andrew:0.037654581591719985
all:0.009540678306462913
text:0.03616563733233567
encryption:0.03866749493223099
ca:0.02056548596092321
into:0.017908039029823863
work:0.020250724639903038
wrote:0.02575574974692861
sell:0.03480072298980568
to:0.004134597480272492
q:0.042446784435226585
tool:0.04701436846018373
us:0.041197527723699924
ii:0.03671399805110118
enough:0.02432148526937396
make:0.017600804833497036
that:0.0069380925086895365
nt:0.02856314206889754
perfect:0.04050086794136889
re:0.0037394050277817052
so:0.0102181059738492
anyone:0.016729147496413913
on:0.0050700882523928995
you:0.011115979788174437
concerns:0.05022818836915996
them:0.01465859171532241
why:0.017797225801540063
a:0.0027930082516927903
richard:0.03736077514778779
false:0.0418710859170118
want:0.018925979677121816
as:0.008001141602170185
let:0.023051377427528247
chip:0.03232404357803274
anywhere:0.04226329304854461
are:0.01285822763202451
no:0.011257457361825098
it:0.0034285542973997198
ben:0.11217987795847548
buy:0.06013682250487932
safety:0.041326733851461635
after:0.019292136876649515
russians:0.05552640961372642
of:0.005833217566972159
sense:0.032863220463629904
easy:0.03313681564258807
they:0.009329196245077437
in:0.0017767970189449048
government:0.026916149386162977
rather:0.025734836529128634
p.s:0.04534832705119828
and:0.0019089870724539493
for:0.00976046588736222
subject:0.000266969568920183
i:0.0019089870724539493
house:0.034378719444901916
mention:0.03774674814276923
stupid:0.03861686191266553
will:0.011333053449032845
the:0.002261259029967159
do:0.007183179189064966
would:0.00932649646104376
because:0.017647222988945138
clipper:0.03574004118814771
country:0.033707541080201325
leland.stanford.edu:0.05047309856924292
forget:0.03839213335414494
apple:0.03793366947289076
about:0.009850161803218715
interests:0.04923119476692908
is:0.002686726268906639
white:0.03398969145820592
does:0.012184888143375252
notice:0.04037965433604544
arc:0.05732226538347722
decode:0.06036437912750714
announcement:0.045701008439572866
security:0.07423747826075784
s:0.006204362808560183
