school:0.015674674464638383
mode:0.016505970889992373
pc:0.014365698543094324
at:0.003797262984717375
out:0.005078349565001982
there:0.003955943903349773
laissez:0.056767274693961645
all:0.012337084016977903
knows:0.015060178496298426
enhanced:0.023875152195331307
wonderful:0.020716154310807772
into:0.00771898234044132
companies:0.017140656662016102
from:0.007298036676122203
work:0.008728760620647862
turn:0.014747750580666014
theoretical:0.024434108330281878
except:0.01389810956467161
my:0.012287253379271137
to:0.0017821540863243502
scanner:0.023993251222004214
building:0.016381325727752808
slightly:0.018662377829120908
ten:0.017353401907576848
software:0.012137008140005416
metzger:0.025313829693831513
calls:0.03455422125395196
that:0.0029905571158144553
feds:0.06424012602568811
like:0.005019995963399453
its:0.00891303687945763
me:0.009341281727625385
anything:0.0100053497858595
re:0.0032236250239497458
worried:0.02168498296184748
political:0.015537826627075538
phone:0.037982936976847875
had:0.006613829679664376
this:0.004525710675615681
key-escrow:0.0250765030680426
crypto:0.05876874615482322
restrictions:0.04473396596865094
certain:0.01420825427482978
on:0.006556148602232197
you:0.007187055897526576
society:0.03203647602074869
am:0.007044553261643817
great:0.010867459865227056
none:0.015614268243195232
working:0.027314991471608683
m:0.011800126828586829
a:0.0030097071677724035
want:0.00815774986082837
as:0.0034487679319699068
secret:0.017226989773548744
listen:0.018409251596307193
chip:0.013932777404324456
perry:0.04195143672500395
far:0.010730077897075007
are:0.011084678993124578
no:0.004852352311131508
hey:0.01661266804151366
d:0.00785277682059067
it:0.0014778251281895344
have:0.004407332871962525
algorithm:0.017590728533365758
netcom.com:0.013875151615177325
status:0.03793691975861413
free:0.012446154285020411
be:0.0024933674876615143
scared:0.024500936720523107
sort:0.027047080238457154
writes:0.005700537853599676
applications:0.016811642359458326
get:0.01699621519773003
of:0.005028635833596689
what:0.0039674228577441
but:0.002867600095906941
years:0.009611100961122386
least:0.010377855097872769
oh:0.013921190448885661
well:0.01450748198408056
groups:0.015861144821062035
they:0.008042410556101238
who:0.01672051130474804
now:0.02136096204152902
in:0.006126886272223809
point:0.00948937914336233
yes:0.011495025303896072
or:0.002906514903892609
rather:0.011092601952210618
use:0.007167153136842018
better:0.01927772302846037
and:0.004937035532208489
for:0.002804731576828224
subject:0.000115073090051803
amanda:0.10890930823973917
i:0.004114196276840408
we:0.005809240972905043
walker:0.042011095715043384
any:0.00441072097538279
tapped:0.02106583338327488
addition:0.017092088882506008
will:0.004884936831479674
yet:0.011336503201233463
than:0.01849915451145855
phones:0.021348065837496894
the:0.0022742547715186943
see:0.007626662764703345
less:0.023697116867209288
would:0.004020041578036104
can:0.011179732660832501
nobody:0.01727711062697598
listening:0.021283731138287083
friends:0.017140656662016102
clipper:0.01540519016730505
an:0.003870250597248865
just:0.005062019670111577
about:0.004245759397939102
e:0.013409007310576839
maintain:0.019698710534298648
five:0.017116304366575935
is:0.003474215002896516
number:0.010785624346542061
snark.shearson.com:0.02574094565350492
today:0.012237613214648073
privacy:0.02036683875044947
right:0.02508457233349525
their:0.013048996711911327
le:0.023128291327770802
first:0.008092908747375177
improvement:0.0219748632506801
cellular:0.022620605829251912
article:0.003492814139295694
de:0.017418025979068837
opinions:0.012308664463448457
high:0.012057430282937593
pmetzger:0.025652069415562095
john:0.011558096549921749
s:0.0026742943140345616
va:0.021513233356040582
news:0.01322791601794577
