basically:0.03667482755371856
statistics:0.04415987467387175
believe:0.02030534467598449
mark:0.056142504005461495
traffic:0.04088822674192431
take:0.019866814302202836
suggested:0.04104730793416198
your:0.011775067497021145
though:0.02322938506178205
into:0.01673648507460174
from:0.015823780456638795
brothers:0.04789347225444802
reach:0.040731808121779234
bits:0.041209143915577506
wrote:0.024070794156008046
several:0.026340667028667254
my:0.00888050711523646
to:0.005152146392862918
bet:0.0403146851870057
that:0.006484198606251903
sources:0.035973261450602464
me:0.010126997013126585
re:0.0034947710540015934
this:0.00490637792870485
finger:0.04650061637444346
requiring:0.051641236345651605
something:0.018604311375360026
unix:0.0740666806751464
on:0.014215200707643642
you:0.005194383078586185
inc:0.03421509809162992
seconds:0.043253875186093894
more:0.023764841604125717
a:0.006525720214235491
related:0.03601999051991747
also:0.013864459174575386
obtained:0.04479667659132239
solution:0.03635380437601166
output:0.038199609242374956
are:0.006008517585058182
missed:0.04061618857222272
systems:0.02804128149796832
only:0.012462955497843799
call:0.024831365401857076
uses:0.03191584233491997
network:0.03433167915915492
without:0.021001967147686866
of:0.0018172017342592396
available:0.025243587175833925
seems:0.02202324382599138
they:0.008718874995399473
one:0.009189821567996472
code:0.030285163647959776
system:0.0208899283106778
or:0.00630197624021575
and:0.005352300203141914
few:0.021361004681367163
subject:0.0002495042700188626
however:0.02240279349716741
i:0.0035682001354279424
favorite:0.04516322531238109
source:0.08745611107569601
cf:0.052978627407713974
the:0.0035222103270516492
when:0.0122212564751751
kernel:0.055812143846851785
can:0.016160112008181557
quickly:0.03966989199553886
ny:0.039263489080214195
an:0.008391571388427445
i/o:0.048233356779409466
is:0.005021918259638577
hardware:0.03317458994088366
unless:0.028766929212527954
easily:0.034569296900891465
strategy:0.049334132813581275
workstation:0.04973188621936441
ripem:0.06268790828590545
random:0.041712178027855824
by:0.009256406306702486
todd:0.04756551599452961
aside:0.042198357324593004
