taken:0.029158241590784603
some:0.0103321847356934
andrew:0.03332263857674335
send:0.025958824078550644
i.e:0.03057114156615401
your:0.011149842674170464
with:0.005175463511411923
encryption:0.03421902206392123
into:0.015847822150286604
to:0.0036589358232499932
that:0.003069952437473246
really:0.017268988877795804
nt:0.006319279218782642
anything:0.020541957082472598
re:0.0066184159783747
effort:0.035950060944501795
justify:0.04213890298704929
had:0.040736508469437216
this:0.009291724572945468
he:0.014071975287789692
you:0.009837150255021626
used:0.01747312839236164
more:0.011251495803723238
a:0.0012358443591561018
richard:0.033062632874148484
want:0.01674865458152373
as:0.014161312570212714
private:0.03141310728915532
question:0.019318460914576147
no:0.00996235164763283
those:0.016424032338827964
individuals:0.037762400879422266
it:0.003034118847256389
not:0.005335486801557212
ban:0.046807287707260996
have:0.004524341709271264
neat:0.04635336474807913
term:0.034492741539066
probably:0.021125873584329276
whether:0.025287244113998446
kind:0.024385192008522655
against:0.022860891965998643
real:0.02263357392918803
evil:0.07392342857360355
be:0.005119126169358153
writes:0.0058518795665271
if:0.011861069376343528
of:0.003441426293198914
but:0.00588746214380894
they:0.016511851761199004
good:0.014336370366013266
code:0.028677101861342445
in:0.0031447734848582386
gon:0.04230535725215988
system:0.019780728577367478
yes:0.023600405933662732
use:0.01471486307741016
and:0.0016893690906672118
for:0.002879193477098
subject:0.00023625625568157783
al:0.06743387930481826
i:0.0016893690906672118
any:0.00905563952467971
tapped:0.04325020659221037
decide:0.036227499262059995
will:0.010029250839852073
the:0.00533630449549772
got:0.019576582492305965
would:0.008253536691189169
can:0.007651026481749676
clipper:0.03162835503375904
once:0.023743638893140764
na:0.03856905724805645
fbi:0.06751897136797053
people:0.01332100123958511
is:0.007132901598867183
issue:0.05542230101707705
methods:0.03937586598379355
guys:0.06875532229188056
else:0.022358869250779262
abuse:0.04294396297117077
nixon:0.05117395922101428
already:0.025714923197321694
by:0.008764915706346603
s:0.00549058655624795
news:0.02715819925808335
intergraph:0.05197175653954788
