ask:0.018683093489463894
at:0.0056472116182976345
folks:0.023738563142915243
louis:0.03021283133075615
there:0.017649595876483605
laissez:0.08442312646794295
scheme:0.029428378041502584
became:0.02772850965420721
your:0.008076488603726041
much:0.011199979933076483
encryption:0.0743605671773673
c:0.016577549329672817
to:0.0008834610000582249
slightly:0.027754305489461863
then:0.010230002242152585
most:0.011901252974147679
us:0.013204335808878179
legal:0.02422637944765016
worse:0.0499367360684665
metzger:0.037646208262621224
produce:0.02702230313352818
think:0.009229154022618943
could:0.019347553273410992
me:0.006946081284644517
re:0.0023970545049882726
happened:0.02161731345345148
phone:0.018829148244933133
this:0.01009581612252729
restrictions:0.06652743656876293
on:0.00650011314409346
you:0.0035628140346712937
etc:0.014886692227296381
more:0.008150121960389268
a:0.0017903899049312756
timothy:0.03262506545778634
standard:0.01951310602860408
course:0.015680460255769354
perry:0.06238931615513407
are:0.008242453610272121
no:0.01443263764336551
place:0.01743222831613093
it:0.010988956081409356
not:0.011594423241845479
couple:0.02023071663240076
have:0.0032772475201772616
argue:0.027305154447047012
has:0.00682547739670866
netcom.com:0.04126968172719409
uses:0.02189099442202844
writes:0.00847772296176362
if:0.0042958360241244185
of:0.007478484060220718
what:0.005900269891004046
but:0.0042646360400667325
they:0.02392101601301907
good:0.010384678534355764
code:0.020772516091869846
in:0.006833834688249634
government:0.017253941914207035
citizen:0.03128369084782773
u.s:0.022613733339735244
system:0.02865669652875032
use:0.031976529379756695
for:0.0062567089021552695
subject:0.00017113433905139932
i:0.0012237096618294546
becomes:0.027601064971169847
any:0.01311906751652317
tapped:0.03132867528794726
yet:0.016859415017218996
than:0.00917052103986834
the:0.004348575057629152
wrong:0.016945013184806797
cryptography:0.03141960243533159
strong:0.023145207602375064
proposed:0.028293299830555077
because:0.022624644857621973
clipper:0.0229102828129152
once:0.017198917916185295
may:0.011929650816921992
excuse:0.028378205130234698
e:0.01994160061572966
current:0.020270805921351397
nose:0.032680565859985786
is:0.0051667812863589214
clinton:0.02349459159275918
snark.shearson.com:0.0382814063564945
export:0.03326371828438147
their:0.00970310011911355
le:0.03439592043617196
cellular:0.033640900976836176
article:0.010388883080982065
de:0.025903730943230577
already:0.055880506178795225
pmetzger:0.03814923143852825
concern:0.029529861792891562
main:0.02383600648478736
s:0.007954311293025875
va:0.03199403935000907
