keys:0.02702651451797587
above:0.01877693813881755
bellovin:0.04178559150760532
there:0.006329510245359637
knows:0.04819257118815497
own:0.015630969900331002
with:0.004033292253721016
user:0.05216059977369677
c:0.08917578260099861
ca:0.014183093766153938
into:0.012350371744706113
someone:0.015196262859744965
from:0.005838429340897762
work:0.027932033986073156
to:0.0019009643587459735
otherwise:0.02450610228697956
then:0.01100607137776416
global:0.03528077644005995
plugs:0.04012240490886816
that:0.002392445692651564
technical:0.02646032581323655
nt:0.0049246796670513
its:0.014260859007132207
happens:0.02576605182606054
re:0.002578900019159797
escrow:0.03191837686146239
phone:0.0202575663876522
described:0.028616332853229884
he:0.010966435913932657
possibly:0.0267376114717058
apparently:0.02612869693966664
m:0.028320304388608386
a:0.005778637762123014
how:0.009071468946407753
j:0.021062956272612846
as:0.016554086073455553
whole:0.020633899827774412
ciphertext:0.04515354163114968
plus:0.024661378303308074
chip:0.1337546630815148
encrypted:0.03319077573192136
d:0.012564442912945072
it:0.00472904041020651
choose:0.027405541306119025
only:0.00919680164323646
session:0.03323599918396384
details:0.026309116429588515
call:0.018323835158611777
be:0.003989387980258423
g:0.07313797160713453
get:0.01812929621091203
if:0.0046217270328510985
of:0.0013409695556257837
short:0.023882605969801844
key:0.08843703093066416
what:0.01269575314478112
one:0.0067814545363836035
government:0.018562861645629637
useless:0.033101208866219214
system:0.030830652817138277
message:0.04479061915254788
and:0.003949628425766792
for:0.004487570522925159
subject:0.0001841169440828848
each:0.03511737099807745
p:0.02321467613538862
nsa:0.031072843605653207
bullshit:0.03801632456713588
information:0.01681945713437079
the:0.005718126282675574
when:0.009018444433405074
can:0.017887572257332
receiving:0.10530021127064831
clipper:0.02464830426768808
needs:0.046197883623025474
makes:0.01926191642932396
here:0.012416557969816524
e:0.042908823393845885
is:0.011117488009268851
new:0.011889652171610667
every:0.01677343811680963
three:0.020127503492913604
says:0.05298676022953589
summary:0.029667840395604182
s:0.008557741804910597
