another:0.014882586109990461
some:0.007835817953915128
ask:0.019560822713801124
at:0.005912516862110275
marc:0.12867770188648311
know:0.016562082223601365
c:0.01735636037200644
someone:0.014788309494382684
from:0.005681692982752856
added:0.02807797440779471
my:0.012754553843359748
to:0.002774897637766773
mail:0.020565875871381582
that:0.013969313775884971
nt:0.004792473501492876
re:0.002509667803880339
so:0.006857789244194094
this:0.007046744139213678
off:0.014654076831921815
he:0.032016104849400706
joke:0.03294380180798887
on:0.010208231380656843
them:0.009837981016994905
m:0.009186675920242094
why:0.011944446846671184
sure:0.014644590739323513
a:0.0028117532735162315
same:0.013034183560594714
timothy:0.03415778665378972
was:0.029713460875885424
as:0.005369893692731667
idea:0.018606552317186283
proposal:0.03163222609126148
theory:0.027305697026688756
others:0.03619232514185766
no:0.007555340511292012
it:0.004602086305234523
not:0.012139127689448956
should:0.011025584847204561
received:0.025968394568132692
interesting:0.02193305075115042
suspect:0.026054329281193018
has:0.00714613740863457
netcom.com:0.04320852583518307
nist:0.04147341447242541
heard:0.01813857288201258
list:0.09770565761481811
be:0.007764580632717736
writes:0.004438002624278942
of:0.006524851864622102
reasons:0.02440620453554433
saying:0.020245336771573415
least:0.016158807937627397
together:0.023885679472820342
one:0.0065994020656082045
in:0.002384962441536785
point:0.014775409135973562
yes:0.017898294432912007
and:0.002562398754971744
for:0.002183549415517275
subject:0.00017917420732898185
i:0.008968395642401105
person:0.018826808315931885
fired:0.031833785065079424
source:0.020934684306710232
the:0.0040469960267868615
clipper:0.04797320964852042
did:0.01103296002310715
put:0.016694357715079055
may:0.012490104211005576
just:0.007881802439368361
newspaper:0.03309023836768443
is:0.0018031719925547913
morning:0.02879289139328467
protest:0.03880978115419204
right:0.013019285864364426
applies:0.031957691527091076
does:0.01635555455486611
mitch:0.04239422736848907
friday:0.033444885893686986
first:0.012601039123429806
guess:0.040216876012559105
various:0.0239233488480214
conspiracy:0.03601183616136125
article:0.005438475706822825
initial:0.03091717073618177
already:0.01950192161944531
bad:0.018393295615747544
letter:0.027389590736515812
says:0.017188098955889717
represent:0.03225602550407653
happy:0.02549057106365786
announcement:0.030671817744679773
s:0.00416400188493972
