keys:0.014900549829302284
since:0.0076076867810025905
trash:0.02161299360897856
ask:0.011081987012761854
at:0.0033496768534389014
out:0.008959521666011102
there:0.003489653937555694
stopped:0.01713141567612059
know:0.0046915404017425924
technology:0.03841446029448984
knows:0.01328502437696287
uni:0.07020023895521403
means:0.03233378578447246
take:0.008082696313063511
hand:0.012004712758375185
i.e:0.013135129266066171
own:0.03447134046460829
your:0.02395308407188712
way:0.006586968895614233
much:0.0066433341047906136
encryption:0.014702469555981366
my:0.0036129819822444914
to:0.005764331087832372
crime:0.01525177918341261
otherwise:0.013510968941490632
day:0.009670353748147802
software:0.010706410222362192
enough:0.009247713030180214
bruce:0.03503162311552155
honest:0.017831972654080812
make:0.006692321229466554
that:0.003957086982142321
think:0.010948654201738062
control:0.01159556756631568
through:0.009009366136976527
nt:0.00271512757308912
and/or:0.015364950673551217
re:0.0014218270067611048
anyone:0.006360892584187799
escrow:0.01759758420118649
this:0.003992261888756038
finger:0.01891850171888004
mean:0.010051034436615439
carefully:0.017681154188710354
something:0.007569054437884117
big:0.010554298683907061
on:0.005783370630105969
you:0.014793128995669402
sternlight:0.018775002372937655
am:0.006214206679472873
holes:0.018225263860347892
classified:0.05930086885984404
m:0.0052046186772474225
a:0.0021239606476751256
how:0.005001380217601233
as:0.018253554985939585
wise:0.01860965974198808
proposal:0.017920918964250798
drive:0.010736896383292732
stuff:0.011115652291534684
chip:0.012290510866172144
based:0.01148632323916556
foreign:0.016782337542078297
van:0.017435760572217688
are:0.014667179808392978
no:0.004280402038716768
it:0.011732695314295619
not:0.006877300478052832
wiretap:0.01852960875644499
buy:0.022865711979041567
algorithm:0.015517296653007058
secure:0.04876147413034147
quality:0.04384977764913707
has:0.004048572144055327
open:0.012566390033282748
netcom.com:0.024479354940845164
public:0.03380697260145164
yourself:0.026663685713875226
pgp:0.017280543863015193
be:0.00219947246059875
writes:0.005028611338536596
get:0.009995239355826024
soon:0.013676781889883917
making:0.011690521638298113
if:0.012740502276870899
whatever:0.012566390033282748
of:0.0007393178158393105
even:0.00638463668352101
key:0.03656854415859212
available:0.01027020466849517
they:0.01064166872062065
powers:0.020151352168254866
now:0.006281043337940092
david:0.009492187221842183
over:0.015254302300527435
one:0.007477649488788003
in:0.0020267646603934274
brother:0.01761830513186164
use:0.006322355618811209
and:0.0014517011957824709
subject:0.00010150934179474638
i:0.0021775517936737064
nsa:0.08565707838060295
any:0.003890826107562005
will:0.008618291596222695
the:0.0022927848212594766
do:0.005462493679897313
when:0.004972146170508502
less:0.010451960291240599
units:0.01847716266468706
cryptography:0.018636722357078816
can:0.006574646330324816
agree:0.011469791554997867
clipper:0.013589369273059967
fight:0.016196213284179976
simple:0.01254444318234312
mr:0.012840135658872294
archives:0.020316694799204442
an:0.006828122726705222
long:0.009050613099272185
here:0.013691261639721643
about:0.0037453086704253673
interested:0.010939453290551026
is:0.006129413541231876
clinton:0.013935955469469324
export:0.019730570541306117
write:0.012373284885884081
right:0.007375945223537261
voluntary:0.0439745809275636
easier:0.015880888647941446
unless:0.011703655611180575
request:0.014830041929256015
sold:0.0156141753043416
dark:0.017536090439796374
article:0.006162227226742213
convert:0.016268365000754143
already:0.011048617191244682
sign:0.0164779926459812
comes:0.011498769343138827
past:0.012560891433092638
going:0.016561336000377815
process:0.013751192902028773
letter:0.015517296653007058
by:0.003765914352916981
high:0.03190863679438998
especially:0.011883253640674302
s:0.0047181466224792265
strnlght:0.019128958354177245
