another:0.014124237773175662
some:0.0074365406059449315
know:0.007859077233492369
all:0.006076865163352174
with:0.011175045416360777
method:0.0254197319920163
much:0.01112864248127345
someone:0.028069530123095796
work:0.025797101452105783
iastate.edu:0.030612406370110853
to:0.003511335439721862
remember:0.017723719977842244
everyone:0.019474603551038874
then:0.010164842992202569
that:0.008838334405973931
like:0.007418083207061613
nt:0.004548271030079226
could:0.01922432045001347
me:0.013803677457382736
cryptosystems:0.041247162882385724
phone:0.01870921736439216
had:0.00977330245657411
this:0.013375348748316408
mean:0.016837083164521406
on:0.0032293555747725474
you:0.00354012095164791
des:0.02990831799813745
used:0.01257620069004373
assume:0.022111392071905583
a:0.002668479221362538
how:0.02513432478781766
other:0.035141604785526394
same:0.012370021340946577
as:0.00509626853641413
question:0.02780873991524974
also:0.00944902631643036
chip:0.04117712557711177
explanation:0.029375743857748066
it:0.015286547822801297
have:0.013025493328602622
calling:0.026197456175461518
fundamental:0.03112912958547626
only:0.008493861390250233
secure:0.027227744578088763
has:0.006782003018385676
party:0.08110850529024187
talk:0.022035629093229474
be:0.011053399817913465
sort:0.019983829985102102
get:0.008371808759816066
if:0.017073896044927626
end:0.01722441657691407
of:0.0012384750672976984
key:0.040838756321485044
but:0.004237472753187327
decrypt:0.03740642349661727
seems:0.01500947190688585
york:0.047938435763381436
one:0.01252625360223723
code:0.02064020707217641
use:0.03177285721810219
for:0.006216857253096955
subject:0.0001700443114141293
i:0.007295491996639297
appreciated:0.0215589943896576
developed:0.026989161377229526
later:0.020352942859603207
than:0.018224220155661927
the:0.003360682210142274
do:0.004575273368831189
thing:0.014419951816082527
would:0.029702218028801786
can:0.005506789760749767
receiving:0.032417262493087066
clipper:0.045528714889360146
an:0.0057190964239601065
about:0.00627398840969345
different:0.03219384583453819
else:0.01609268933336342
does:0.031044301002229942
experience:0.04219392069802736
very:0.022206910723356017
little:0.02987692613883394
give:0.015052460327108323
by:0.006308506209026536
data:0.018690099510865046
