some:0.0212279431842428
know:0.04486818638757461
with:0.010633225032537224
2.1:0.09541782822520806
to:0.0025058166547106014
enough:0.04422088230795265
nt:0.025966492789906852
could:0.05487669655731117
asking:0.06518968753887988
me:0.01970161237099172
finger:0.09046483549209909
these:0.03012065405634441
possibly:0.07049006660722437
am:0.029715206485479373
classified:0.09452199097053927
how:0.07174707257613405
secret:0.07266657504478743
worked:0.06989388801044272
brian:0.13585736417377375
it:0.006233735086181308
clever:0.10820509280746192
stay:0.14358900248204298
layer:0.2135566723261422
pgp:0.08263241883587265
hackers:0.10334940580293382
down:0.04298846503551196
things:0.0406313805116409
of:0.0035352833739225207
what:0.016735310963575112
but:0.012096058586371096
and:0.003470885586279908
for:0.0059154338711286175
subject:0.00048539921621851447
i:0.006941771172559816
the:0.002740920036323829
do:0.01306032579829994
thing:0.041162407911362844
see:0.03217065020747593
can:0.015719381680685696
clipper:0.06498189306935948
maybe:0.048143874224405886
just:0.02135251933574338
about:0.0179093850967613
by:0.018007917723948472
millions:0.086576291591574
