keys:0.03135075684085201
ability:0.03206631732366742
go:0.015563458014353018
800:0.038397402284814294
method:0.03192718338197247
further:0.028382675208651093
much:0.01397757495647945
profit:0.04420489831187778
encryption:0.061867991891569586
super:0.040247328377188925
operations:0.03729053481783159
from:0.006772578035441405
to:0.006615355968435988
then:0.012767042798206426
nasa:0.034321126540795326
that:0.005550474006951629
justice:0.03444612908401997
really:0.015611165945527408
me:0.008668709443236357
need:0.01536961593197789
funds:0.0398045276165236
re:0.0029915240222253645
this:0.008399719013942705
state:0.02126170709552493
communications:0.03375266317066956
more:0.020342704413131615
a:0.002234406601354232
part:0.019593776899306217
chip:0.02585923486242619
electronic:0.03450937052007688
likely:0.026451270439437825
curt:0.10106783804647795
determined:0.03809356830029256
it:0.0027428434379197755
not:0.009646560137215439
wiretap:0.03898629682356026
approved:0.04031263486230221
purchase:0.034899691833432334
hundred:0.03681082709969113
ames:0.04114096029382893
only:0.010668289906154293
absolute:0.037156826970041655
secure:0.03419804719007949
shall:0.03167822411226203
has:0.008518195791092408
absolutely:0.03201966996118107
without:0.01797768387841996
be:0.0046276900570997705
making:0.024596857526979227
if:0.010722406716214548
of:0.0015555246845259092
department:0.027744604661543493
years:0.01783820338384315
nature:0.03049932113807816
extent:0.03915472409714292
using:0.017635364629159368
one:0.00786648726220498
in:0.0014214376151559238
government:0.02153291950893038
and:0.007635948289815797
few:0.018285020007250293
for:0.002602790903296592
subject:0.00021357565513614637
conduct:0.04158967602703729
person:0.02244155551259081
preserve:0.04475684128377339
house:0.02750297555592153
power:0.043229684482728674
will:0.009066442759226275
persons:0.03882134252593838
the:0.006030024079912424
devices:0.03395742754818126
fund:0.041983844419091546
can:0.006916527939501707
law:0.024054729001951727
effect:0.02773098763697925
human:0.025646738969892606
surveillance:0.04777519513290513
changed:0.0302345215506674
general:0.047174885809400824
is:0.006448143045375934
white:0.027191753166564737
attorney:0.08242804032467024
sheet:0.041666971314331176
center:0.02613304666778247
life:0.02232303482630968
very:0.01394593993426758
enforcement:0.036160723387061
howland:0.21911578012694535
needed:0.02668658152108817
s:0.004963490246848147
