screwed:0.019210512005314054
keys:0.02829490689607582
another:0.008005434405734941
since:0.007223182755969969
believe:0.007843580795416392
stored:0.017720673174694376
at:0.009541137319001058
know:0.0044544228363115595
search:0.015404878337092838
knows:0.012613579101592906
ever:0.009543039916353288
pardon:0.02120147468941845
access:0.012102443566853882
own:0.008182276662628142
your:0.009096983553655326
text:0.013056186762576055
with:0.008445160675661334
way:0.012508107000336053
funny:0.016248253251105495
hell:0.012322674817624172
into:0.012929992079295209
divided:0.020577493415629967
o:0.03791673989674962
bits:0.03183666714055446
organizations:0.017167884719453606
my:0.0034303763946942284
to:0.008458261993337228
sound:0.01245914544811708
everyone:0.0220759043863762
look:0.017120348911739428
80:0.028856762653164687
bunch:0.014643332206333305
make:0.006354081167327451
that:0.007514179612299136
quite:0.009589167444438274
like:0.008408946306921829
nt:0.0025779009087452654
seeds:0.02195631872500892
me:0.00782374498487036
brought:0.013986977770886887
re:0.0013499657140006156
so:0.003688846921967221
this:0.009476217299123086
two:0.013464183629265786
on:0.0036607135396338622
standards:0.015297105906949587
you:0.006019483639805652
tell:0.008700451457120768
used:0.007128027105909263
roger:0.015934132756558094
classified:0.018767904344330906
support:0.009887928915283416
a:0.003024918684143816
want:0.013664967275900228
as:0.011553995093386548
standard:0.010989330470982805
stuff:0.010553850370662896
chip:0.04667731924625666
based:0.010905787046572355
others:0.009734036906384101
neighborhood:0.02120147468941845
computer:0.009677627816481283
are:0.004641959433943867
no:0.0040640640295397466
those:0.006700056513673502
begin:0.030131548588740172
plan:0.014099509738045512
fighting:0.016461720843982112
it:0.006188726168591552
not:0.0021765704280720757
have:0.007382680334262135
made:0.008395594050245493
being:0.007024562923917503
probably:0.017236272310680204
only:0.009628420492919038
42:0.017568110686283243
rights:0.012538626063872946
kind:0.009947749808530902
crack:0.01887357359451182
against:0.009325923437392948
able:0.019043070224625768
has:0.007687902338531055
personal:0.024215851777586398
be:0.0062649233624996895
scared:0.020520640141376754
if:0.002419315594813752
of:0.004211709434636938
even:0.012123894929718597
key:0.023146876326617875
what:0.006645791357376399
but:0.0024017444846585207
separate:0.015244402659941815
well:0.006075335415716046
easy:0.01196274932945418
they:0.006735881765398872
find:0.007640601941059171
who:0.004668060917811727
one:0.010649576618508546
comment:0.014186272190912503
code:0.011698601120331035
in:0.0006414429671281245
government:0.009717021439048006
citizen:0.017618251885419225
point:0.007947783253646428
or:0.002434337392429911
message:0.011723176492995384
and:0.006202485072955069
for:0.0035236338943545917
subject:9.637890574735848e-05
i:0.004134990048636713
we:0.004865501464671372
warrant:0.016993869911446826
any:0.0036941778566382936
the:0.004625920999932816
do:0.010372821933667823
thing:0.008173041282039554
cryptography:0.01769479415130588
can:0.006242353736012371
hate:0.014534257193349564
ralph:0.019996517362154742
clipper:0.051610167780718724
maybe:0.009559253004845935
may:0.006718503709169064
mr:0.01219117573387514
movies:0.020409551120919158
places:0.013771920152672689
long:0.0085931813902837
people:0.005434199061635803
many:0.006690256417249435
about:0.0071120301828293975
is:0.00387974912477493
number:0.009033447106129092
chips:0.01499184457832842
privacy:0.017058146534672483
easier:0.01507824445634874
break:0.014166810643494175
their:0.005464561799933986
easily:0.0133534829183949
article:0.0029253894596267187
very:0.00629329419416407
little:0.01693385344331021
already:0.010490203325983218
by:0.0071511586629398275
seem:0.009962861209009884
everything:0.011154016187448568
s:0.006719526507465902
