some:0.006788005087984617
since:0.011632683856998147
ability:0.023304009682897833
at:0.005121889607293204
form:0.019845237933034277
all:0.0055469059921296
anyway:0.017723917567700778
take:0.012359006571719205
fax:0.0177828101156011
with:0.006800318334762178
way:0.010071934997363623
extensive:0.030812823373552494
into:0.010411650598734805
from:0.009843863423606693
to:0.006410228651585259
spell:0.032868870119154694
make:0.0204660521319733
that:0.004033774714354382
provide:0.019633463245833798
crimes:0.028665380911540587
like:0.006771157345980658
communication:0.05596119164103021
nt:0.004151619486758363
michael:0.017469158149265633
phone:0.0512327987129576
this:0.006104446957807198
finger:0.02892770902363634
he:0.009244960508838577
crypto:0.02642315718588951
on:0.011790902912541626
products:0.023547016244981914
market:0.02273753032019199
state:0.015451822017096606
card:0.017795978758803732
modem:0.049574076471335
a:0.0016238420067981338
as:0.009303653025779283
said:0.012741307143392047
part:0.014239663444263239
compatible:0.026195129783835553
proposal:0.05480467078602279
therefore:0.019958869305551546
equipment:0.023459057631049936
chip:0.037586097183759
cheap:0.021605995455853767
step:0.02418325950687414
officials:0.028173768190447195
electronic:0.025079484389590755
databases:0.034600465723316313
no:0.006545033349898313
care:0.018407075239964515
it:0.005980036565232069
not:0.007010581495069359
wiretap:0.028333064552006
examples:0.025510344692810067
encourage:0.02989895370191056
disagree:0.024699936179762755
made:0.013520811348360473
systems:0.017444285583038434
public:0.017231073244538334
be:0.010089440531467523
making:0.03575124640549306
of:0.00904374816584831
key:0.018638618437421952
but:0.003867925710758199
particular:0.03943083079167217
version:0.01814227097479991
banks:0.027436839669289385
seems:0.01370050633361092
they:0.00542395130527758
find:0.012304922893449944
who:0.0075177492688014436
now:0.009604153476036303
one:0.011433847764832819
in:0.002066043045284773
government:0.04694677218516798
or:0.007840830903524248
thoughts:0.024965257660615192
use:0.009667322835740396
for:0.0018915631564655464
subject:0.00015521486565126915
i:0.0022197524098301735
person:0.032618539989230824
away:0.016098741780951574
we:0.007835720382057964
will:0.019766953690173564
the:0.0043822849417968195
do:0.008352533940773217
when:0.007602758388626372
can:0.010053092935322248
clipper:0.0623372811421181
transactions:0.03607857117903865
may:0.02163983171441664
note:0.01721912266789824
people:0.008751588023680914
about:0.0057268382576853
logical:0.0273680346829696
cards:0.02287800851367501
new:0.030069759852620004
else:0.014689257124058469
various:0.04144859277157196
natural:0.024343654602913836
side:0.018723046968437167
thus:0.019368343446955264
citizens:0.02376371040077977
by:0.011516691567641466
wish:0.02172138089987662
poster:0.02648158937108429
