read:0.015853168265020433
out:0.00823900069287035
know:0.008628497382225887
all:0.006671803011512526
your:0.04405357420214205
with:0.00408970193559124
encryption:0.02704020624631538
ca:0.014381458713932316
from:0.011840171390631826
my:0.0066448549743377714
to:0.0019275512728543088
amendment:0.06391749432108093
day:0.01778533591442568
make:0.012308255128319606
that:0.002425906471569768
studied:0.03932582305835613
think:0.010068168024675212
terminal:0.03338598741469092
like:0.008144329115445267
nt:0.009987112611502636
could:0.02110642175281199
re:0.0026149685508962974
had:0.021460258541008883
off:0.01526893320249196
trucks:0.039859899833073434
you:0.0038867062196414116
classified:0.07270922382349175
m:0.009572130853958546
more:0.008891042138606475
sure:0.015259049092022402
a:0.0029297289353420876
how:0.009198342637965904
as:0.011190407835203055
stuff:0.020443472396319034
far:0.017408238266583227
computer:0.018746174161995213
are:0.008991767574842316
no:0.007872347805472097
probably:0.016693872133071386
rights:0.048576215660039244
second:0.019228641794771094
craig:0.0319229772258078
fraering:0.0860730202574419
call:0.018580112573417535
ancient:0.03206716804540735
yourself:0.02451940329632582
pgp:0.031781699552258715
g:0.02472029343364687
writes:0.004624212524598338
if:0.009372733143544186
of:0.004079173123756755
phil:0.0619783825267971
seems:0.016478930694972575
they:0.01957174037428833
find:0.014800326836876855
up:0.01878965552940398
good:0.022657480438594394
one:0.006876300054374982
code:0.022660926645676198
system:0.01563092537931836
or:0.004715464739182415
douglas:0.03154113013465499
better:0.015637873225883937
and:0.0013349559947230414
still:0.014277685889717113
subject:0.0001866920062378902
half:0.026445059325825283
i:0.006674779973615208
tempest:0.08411830777667047
we:0.009424782557440349
top:0.023647777805365842
any:0.007155855009012639
tapped:0.034176736677760645
the:0.002108400027941407
do:0.005023202230115361
once:0.01876245590856578
regime:0.039859899833073434
come:0.016791564157128732
just:0.008212507436824378
note:0.020711112579569913
dozen:0.03602624140064258
measures:0.035471439007380194
surveillance:0.04176153420708491
about:0.006888225037215885
e:0.02175447339897781
head:0.024145872275913867
is:0.0018788295586759714
pgf:0.0860730202574419
sorts:0.03479416749696119
new:0.012055941013171657
right:0.013565549606925171
cs.colostate.edu:0.04147606571393627
holland:0.11456798114364652
break:0.0274420038339013
2:0.013625241623044817
their:0.010585200129942055
1:0.01369597127220076
protect:0.05775339296519809
first:0.013129754051685602
advanced:0.032326885156942015
every:0.017008031656904867
e-mail:0.019228641794771094
very:0.012190506935548582
little:0.016400969943345903
comes:0.021148086274444138
by:0.006926122201518644
