keys:0.020734627540246034
another:0.011732832435918406
above:0.014405587460997593
selected:0.026165400013598523
read:0.011994725195227098
say:0.010039920498770071
there:0.009711946937324311
versions:0.02349430169655425
with:0.00309432474491824
though:0.013151027521749627
contract:0.02688320882393268
someone:0.01165850854319058
cryptographic:0.03050562411965774
my:0.005027588684287308
to:0.003646029524049817
design:0.019910937605425623
then:0.008443811374475148
published:0.02169363605667487
been:0.0077631766519652865
that:0.014683793669184203
justice:0.02278183140477511
feds:0.026285201477882967
equivalent:0.024968975783691928
quite:0.014053964984705828
church:0.019826856296766178
r:0.016403279189043014
provide:0.017867490361287902
nt:0.011334580186070451
could:0.007984704525534694
me:0.005733273441293887
re:0.001978521178720479
escrow:0.024487643623873265
this:0.0027776848591080368
goal:0.02219114372677157
identical:0.02585858912655964
classified:0.055012798977562546
why:0.018833043176232873
a:0.0022166732156291983
occurred:0.02697443531300414
as:0.008466816510232998
secret:0.06343907345179856
let:0.01219649599340119
physically:0.028390283534618126
danny:0.08708558056875304
military:0.040971836642651534
chip:0.05130800567941705
official:0.021461391646319182
are:0.006803295043399211
no:0.005956326646468306
proprietary:0.030596070857008537
it:0.007256199571216338
not:0.003190000045375475
made:0.012304653713851858
being:0.010295258888492847
only:0.007055747292430087
ve:0.009656792058346212
patent:0.06539194451207817
able:0.013954842466194016
hope:0.015282865278518758
algorithm:0.0863714078252033
has:0.005633727375061116
public:0.01568118834952695
publicly:0.027405615388407228
be:0.0030606415721559327
writes:0.0034987428096167317
po:0.027609140683792388
were:0.01641590790975978
things:0.01182394670973677
if:0.003545769416737615
of:0.004115144668057961
keeping:0.02211714244648194
available:0.014291343004308095
reasons:0.019240870242307435
but:0.007040034097887939
levine:0.030596070857008537
box:0.016764756670405327
one:0.005202703215744034
in:0.0009401042428279919
government:0.01424134888156771
st:0.020300249962535977
quoting:0.02851192119718267
or:0.007135570980985029
and:0.0010100460700814546
for:0.0051642676652710155
subject:0.00014125374016940898
station:0.021883545702498182
i:0.003030138210244364
nsa:0.0238389540889932
developed:0.02241956791653458
valid:0.022719705384263558
similar:0.01674475284585556
ways:0.01888009725544494
the:0.004386922280359568
clone:0.028330497527983563
users:0.020892579726223184
do:0.003800623909558183
see:0.009361829425455957
would:0.019738616848769864
because:0.009337155020605893
clipper:0.03782014940544731
just:0.01242739220598821
here:0.009525930717584105
is:0.011372386323414344
chips:0.021972174329084507
houses:0.02702064525992877
new:0.01824338163897933
else:0.01336800119226485
lot:0.013114039091351273
matter:0.01598361381957959
build:0.019744090280520394
too:0.020661564739306842
every:0.012868510724536486
shown:0.021848505804294514
bad:0.02900106927773951
compromise:0.02804129957804777
protocol:0.02776709286976954
reduce:0.024126437427423514
john:0.014187716399903945
panix.com:0.054811230776814455
