land:0.021970344450760973
read:0.012524878795016141
ask:0.016102555714676062
at:0.004867210013560393
access:0.018521419160323346
fax:0.01689858198830602
your:0.013921903007527762
with:0.0032310904795002614
encryption:0.021363256868635907
ca:0.01136214693973658
from:0.004677194775857324
work:0.011188245657404993
to:0.0038071800002509137
amendment:0.025249175933465668
line:0.015601125684010985
besides:0.022376170133352975
then:0.008817018507048635
legal:0.020880194441068645
t:0.02846710558011538
calls:0.02214524677048855
that:0.0057498004215659135
think:0.023863226975611412
nt:0.007890370737264514
covered:0.025510241595623376
re:0.002065969628608677
so:0.011290724832982543
brad:0.052823263751315644
clarinet.com:0.06670097141161009
bell:0.02465858038110814
illegal:0.022705851522780592
you:0.009212137946000915
bill:0.05130685981809476
m:0.007562512221635757
more:0.0070244145072968275
a:0.003857746203995566
how:0.007267198879718918
listen:0.023596388786426895
cyberspace:0.033229055281944406
evidence:0.017777392455873352
no:0.0124391794053316
those:0.01025367764799757
permission:0.02761830561360465
encrypted:0.026589295475848606
hey:0.02129358555597331
police:0.02030709343443476
it:0.01136537336154603
not:0.006661989045038286
have:0.005649178045830418
only:0.007367603526349649
peace:0.021279756107254424
without:0.03724658262103583
be:0.009587755643162508
writes:0.003653383375787637
if:0.0074049770139603234
cops:0.026886003646963856
of:0.0010742573788162357
even:0.01855424804161354
but:0.003675597912985692
they:0.010308504138207112
good:0.00895033067049447
code:0.017903384034981748
in:0.0019633116231435412
wcs:0.07012809769121052
conversation:0.027574973141444283
jersey:0.028263605435407138
and:0.0010546889903060492
for:0.0035950150598019225
subject:0.000147496999403416
fourth:0.026661992075724356
i:0.004218755961224197
becomes:0.023788763179571803
plain:0.025136992142522324
we:0.014892197853193038
house:0.018993767649117078
warrant:0.07802157953818957
any:0.005653520808225454
tapped:0.027001510192926917
drug:0.02365977221826246
will:0.006261355496703229
the:0.004164381270657751
do:0.003968607286776224
judge:0.04820399424507228
rule:0.021816008664398794
would:0.010305520951429569
can:0.014329823079078121
hits:0.027363266708835796
because:0.009749846955218308
once:0.029646753535081834
nj:0.026962739073265886
record:0.0852297988339579
long:0.013150890856953507
stewart:0.06120481004770014
is:0.0029687583081841316
today:0.0313715609480481
privacy:0.02610556127129435
white:0.018778835059782277
new:0.009524859474494734
conversations:0.030103045568224275
tapes:0.02882943419467824
labs:0.028883866771711453
unless:0.017005864230610446
exception:0.054978629304590604
ordered:0.02587870222821273
cellular:0.02899436769274278
supposed:0.020158535974676026
article:0.004476977239318237
give:0.013056553985392301
before:0.011746929653163781
usual:0.02370243545635036
by:0.005472019197884895
s:0.013711299024442394
