keys:0.03998821025618878
above:0.013891102194533394
bellovin:0.06182562008778338
there:0.004682545844781364
knows:0.03565266746062484
where:0.00942579999098858
own:0.01156372773238773
with:0.0029838131468854453
user:0.038588198812173624
c:0.06597187998543265
though:0.012681347967401425
ca:0.010492594878022045
into:0.009136754607052992
someone:0.011242133238076631
from:0.008638492392144648
work:0.020664004734594933
via:0.017439956013345127
to:0.0014063256735620722
otherwise:0.018129514447000183
then:0.008142246682529608
global:0.026100574407187202
plugs:0.02968239138666267
that:0.0017699215583391673
technical:0.01957524103530255
nt:0.0036432579169512164
its:0.010550125285888622
happens:0.019061619973361112
re:0.0019078597080518904
escrow:0.0472261698460413
phone:0.014986464929640658
described:0.021170246243460884
he:0.008112924528164464
you:0.008507127388909007
possibly:0.0197803758336599
rsa:0.02869179947624962
etc:0.011848591772746098
apparently:0.03865980669644554
m:0.020951245593613346
a:0.004275012630142025
how:0.0067110357001485925
j:0.01558228907922889
was:0.004517658847456049
as:0.01224664530944416
secret:0.02039113075236382
said:0.011181147085017511
whole:0.015264874872588213
ciphertext:0.03340440579855461
plus:0.01824438701010036
course:0.012480366326020504
chip:0.11544301277868835
encrypted:0.024554400413921415
d:0.009295123583556303
it:0.008746311983162551
choose:0.06082352279674375
only:0.006803756317700441
session:0.07376356961747077
details:0.01946337695046089
call:0.013555898459177079
usually:0.016825258888707208
exchange:0.024723919024269986
be:0.002951332944578935
g:0.05410717287262503
writes:0.003373787709273277
get:0.013411979339705329
if:0.0034191347947112715
of:0.0019840876078136595
short:0.017668254416435037
key:0.09813803177254823
what:0.009392266357108481
but:0.0033943021543388274
one:0.005016892386610319
in:0.0009065290912984207
government:0.013732729278654578
useless:0.02448813921225401
system:0.02280839111471964
chosen:0.025117956513739326
message:0.033135917230201234
and:0.0038958919845998963
for:0.0033198863562456525
subject:0.00013620896373478723
each:0.02597968772816954
however:0.024460192899968498
p:0.017174122651180356
steven:0.02289037820331133
nsa:0.022987562871529157
bullshit:0.028124321746095415
information:0.012442965737162064
will:0.005782170127057573
the:0.005383950071350378
when:0.01334361676371159
can:0.013233152945475205
receiving:0.07790066650124493
clipper:0.018234714891912095
needs:0.03417700574152394
makes:0.014249887154346805
here:0.009185718906241817
about:0.0050255927567442425
e:0.03174377240871252
shared:0.025504659775828782
is:0.008224672251755017
new:0.008795916147365034
nothing:0.013034979599494432
header:0.026827208795155412
every:0.01240892105580304
article:0.004134351430186739
three:0.014890244930982002
comes:0.015429471108395466
says:0.03919938894531992
summary:0.021948147231441867
s:0.012661964915428944
