ability:0.025694164522169407
large:0.01919252640953574
say:0.012163749835048355
traffic:0.05609025976135771
all:0.01223163885443963
existing:0.027754305489461863
with:0.0037488934409586365
further:0.02274252821206017
encryption:0.024786855725789095
super:0.03224946184069625
from:0.005426745220706254
several:0.018066995974791004
to:0.007067688000465799
us:0.013204335808878179
that:0.002223747598938954
justice:0.027601064971169847
like:0.007465635022491495
need:0.036946192144177624
funds:0.03189465353888109
re:0.007191163514964819
so:0.006550067931954616
this:0.006730544081684859
something:0.012760649468996941
these:0.010619461366018863
curious:0.027476104748855736
decryption:0.040491922294261996
classified:0.06665012183820078
communications:0.027045403181626248
bill:0.019843037664690494
why:0.011408478077910298
a:0.0008951949524656378
standard:0.03902621205720816
compatible:0.05776361952332968
course:0.015680460255769354
chip:0.020720540755149192
scale:0.03102021856779214
readily:0.035593852316491294
electronic:0.02765173919877955
are:0.008242453610272121
it:0.0021977912162818715
not:0.007729615494563652
wiretap:0.031239019890673285
purchase:0.027964496661404114
hundred:0.029495855047829426
buy:0.01927462259771773
secure:0.05480456280461456
shall:0.02538319239764586
has:0.00682547739670866
be:0.007416169963300914
writes:0.00423886148088181
of:0.004985656040147145
department:0.02223125373521113
available:0.017314511716757883
extent:0.03137397764194144
phil:0.028406758658115337
they:0.02392101601301907
up:0.008611925450976825
in:0.004555889792166422
government:0.03450788382841407
wcs:0.04068328744265739
clearly:0.023298143438617976
office:0.02340216610927026
and:0.004894838647317819
word:0.019672285360021913
for:0.010427848170258781
subject:0.00017113433905139932
conduct:0.03332506091910039
example:0.01802153297280708
preserve:0.03586285359276714
house:0.022037640669808917
will:0.021794333555832393
exist:0.023311054332026314
phones:0.06349681120896512
the:0.0038654000512259126
users:0.025312163899078092
thing:0.014512387404647158
devices:0.02720947720206832
fund:0.033640900976836176
law:0.03854924519543546
effect:0.022220342657835936
clipper:0.0229102828129152
fbi:0.024453986424938044
surveillance:0.0382814063564945
stewart:0.03550663659818502
general:0.03780038927035322
is:0.001722260428786307
unlike:0.029564049908118246
white:0.021788263755260207
new:0.011051279262074018
hardware:0.02275436617740097
attorney:0.0660481092345114
sheet:0.03338699624545767
does:0.007810825732932854
unless:0.019731162985515967
civilian:0.03383815519905895
agencies:0.029702655446664176
every:0.015590695685496129
thousand:0.029880236232236845
article:0.005194441540491032
very:0.0111746313575862
already:0.01862683539293174
enforcement:0.05794987722285416
needed:0.02138347878292321
s:0.003977155646512937
