above:0.017795137451820556
some:0.015261919936383714
at:0.005757941257872099
out:0.007700503915558561
there:0.005998555461288546
with:0.0038224011554872377
way:0.011322698166970872
c:0.0338051986330583
ca:0.013441494092106675
into:0.011704600673087493
someone:0.014401687023941307
from:0.0055331519897397095
work:0.026471535476997436
to:0.0027023512942957466
otherwise:0.023224737461516577
then:0.010430590521410479
plugs:0.03802450138422146
technical:0.02507677936548562
broadcast:0.03320866972368155
cco.caltech.edu:0.029416772225857663
nt:0.009334360153234491
happens:0.02441880728613581
re:0.002444055573713533
description:0.028595034388143148
escrow:0.030249442123608153
described:0.054240108022461875
something:0.013010858282114528
management:0.029607153094635595
possibly:0.025339566427433603
corresponding:0.035858768469486546
m:0.008946501386379556
a:0.003650991178683386
how:0.008597143772739374
other:0.009015084887790266
j:0.01996162522567884
as:0.005229504315143911
secret:0.026121971421328816
operation:0.02814226232354573
ciphertext:0.0427925721340961
chip:0.12676095520797154
are:0.004202035173864219
those:0.012130167675082093
d:0.011907478577627683
it:0.006722655485097489
wiretap:0.03185154969245119
components:0.03180631803987228
only:0.00871592312594305
whether:0.018676199901188396
hal:0.11515310762684139
details:0.02493347635483879
public:0.019370879725886234
exchange:0.03167247142978378
be:0.01134237759093081
which:0.008443740735408612
writes:0.004321976411879492
get:0.017181359154132318
if:0.004380068103028819
of:0.003812560501288993
implemented:0.0326726360526957
key:0.1047660905632868
what:0.006015961457494322
result:0.023104587980467335
aspects:0.03149816916127292
beyond:0.025526563381951677
must:0.030293600359209114
they:0.006097513885671527
clear:0.02155392641952035
in:0.0011613052411404607
useless:0.03137042670327965
protocols:0.03945384256699813
system:0.04382788880867696
or:0.01322179328829579
message:0.042448625994244725
and:0.0012477039689241499
subject:0.00017448991432691697
bullshit:0.03602854289042289
similar:0.020684694691939225
information:0.015940008395318724
the:0.006897086365912903
when:0.008546891783292392
can:0.011301516241015861
receiving:0.09979431787087585
clipper:0.04671900808908198
needs:0.04378230800874963
here:0.023534652361090144
is:0.014048241928923602
either:0.03272630989690664
provided:0.026391930938591792
leaves:0.03257050979189125
by:0.00647343447592919
summary:0.02811658076707586
s:0.0040551390905622115
