libertarian:0.09040432991207391
another:0.03695842217314298
objections:0.0963776231995769
paranoid:0.08868853042453322
to:0.004593997200302769
sound:0.057519721485473845
us:0.03433127310308327
that:0.01156348751448256
technical:0.12789157476397667
nt:0.02380261839074795
re:0.006232341712969509
worried:0.08384860078581025
on:0.016900294174642998
market:0.06518092025121704
access.digex.com:0.07454103957322283
a:0.006982520629231975
as:0.013335236003616973
idea:0.04620627158767927
steve:0.05345256411390644
standard:0.05073407567437061
manufacturers:0.0841218309487382
chip:0.053873405963387896
flaming:0.09187278437057837
are:0.010715189693353758
fighting:0.07599827789638408
plays:0.08254585457165466
of:0.003240676426095644
result:0.058916699350191705
saying:0.050275919649407315
least:0.04012770637844137
loss:0.07093086240201306
difficult:0.062120137950633314
in:0.005922656729816349
initiative:0.09277390472508296
and:0.003181645120756582
for:0.005422481048534567
subject:0.0004449492815336383
yet:0.04383447904476939
the:0.005025020066593686
do:0.011971965315108277
would:0.015544160768406267
specific:0.06108593814117388
clipper:0.05956673531357952
people:0.02508788566788529
about:0.016416936338697858
is:0.004477877114844399
lots:0.060811583523606015
understand:0.04993595438226089
concern:0.07677764066151807
