sentence:0.030572538730242464
out:0.0072726981424719745
there:0.011330604760211697
ca:0.012694744420322968
from:0.0052257546569763925
corp:0.028568917561185476
to:0.0017014804445565812
then:0.019702226540442014
worse:0.02404361366259498
that:0.0021413865767560296
think:0.008887333503262686
r:0.019137159053883517
nt:0.004407892294582954
could:0.00931548861312381
database:0.06251823344950004
me:0.006688819014842868
re:0.004616549417014451
complete:0.022859357100585048
escrow:0.028568917561185476
brad:0.1475464620214218
this:0.0032406323356260433
clarinet.com:0.07452392484877424
key-escrow:0.035912029085098045
crypto:0.1402710813571912
on:0.0031296841064153698
you:0.01372343183725239
brain:0.027218385178807362
communications:0.026043721582306754
backup:0.12323629971855346
a:0.0025861187515673983
hard:0.016692798781330304
as:0.004938976297635916
secret:0.07401225236043164
copy:0.04218039438349805
course:0.015099702468518635
chip:0.019953113319773296
are:0.01190576632594862
no:0.03474523877106512
it:0.00423278308320953
not:0.0037216667196047215
have:0.006311735964785838
algorithm:0.025191660615684296
secure:0.05277476418222143
arguing:0.031524086136583564
has:0.006572681937571302
danger:0.030255913456245235
his:0.011385364453736151
be:0.003570748500848588
greatest:0.030761037025675068
writes:0.00816373322243904
were:0.009575946280693203
if:0.012410192958581652
of:0.007201503169101431
effectively:0.06042395694003536
kept:0.04930587188363177
gear:0.03136374362792146
consequences:0.12766102637183027
easy:0.02045482447073338
chance:0.02219171313588027
in:0.0032903648498979715
better:0.027607603349400038
and:0.001178387081761697
subject:0.0001647960301976438
however:0.014796906816030327
i:0.002356774163523394
warrant:0.05811483907988606
than:0.026492616337397426
the:0.006048635265344252
wrong:0.016317420103888026
magnus.acs.ohio-state.edu:0.05680683194396778
when:0.016144128923996737
would:0.00575709658089121
can:0.0053368271138130455
meant:0.025133699255500106
clipper:0.022061753819844265
an:0.005542581102232942
is:0.006633892021991701
disk:0.021610981381480748
first:0.011589844625870623
somehow:0.026247613716112193
article:0.010004109633538283
thus:0.020563920202940154
comes:0.03733551033636434
data:0.0362264891753804
poster:0.0562325107632901
s:0.0038298535855309773
james:0.02135551708417918
