say:0.0156821898699797
entirely:0.034348140877530686
text:0.02988895647300469
method:0.03298262746071536
encryption:0.03195660738200908
from:0.006996464912646079
both:0.018559537870316018
to:0.0011390075703230007
q:0.035079987136550896
trust:0.03429229970015152
aclu:0.09770702098837532
that:0.002866980375491544
bit:0.02252135700872479
really:0.016127237547032446
could:0.012471976490297996
re:0.003090417378331988
so:0.016889431361734215
escrow:0.07649858917209995
brad:0.07901661767758787
this:0.013016093513340968
clarinet.com:0.04988791663430342
reply:0.02967931007731524
hi:0.02604146000011905
two:0.030822965828980354
on:0.004190155580489999
you:0.009186760155516064
moment:0.034779428093816386
assume:0.028689988060241128
names:0.033858654644470076
independent:0.034320173125594815
m:0.02262503656390202
a:0.004616542564781471
other:0.011399239568858768
test:0.029552891355203892
as:0.019837541162405416
let:0.03810145029343512
eff:0.0920071782397517
chip:0.02671408560167995
those:0.015338145903202977
internet:0.023607718538137243
d:0.015056563821297815
not:0.004982727343603016
secure:0.03532856114677633
be:0.014342014639772017
writes:0.005464978438161672
get:0.010862594837116714
of:0.006427787952586402
even:0.027754701615967367
key:0.02649456505154195
reading:0.027159686333578435
excellent:0.032190623250747
anyways:0.04672269140904634
who:0.010686387390362383
one:0.008126536427897707
system:0.018472911811921695
message:0.02683735445090679
and:0.006310701065963469
for:0.005377667155571471
subject:0.00022063600737205204
i:0.004733025799472602
appreciated:0.027973240654349116
stan:0.0913324345286731
house:0.02841216483049745
the:0.006852300090809573
would:0.015415696629824399
clipper:0.029537224122436128
about:0.008140629589436956
is:0.008881739731922774
houses:0.08441160254754608
white:0.028090654097690845
new:0.014247930288293777
figure:0.030516509372518624
unless:0.02543852417967348
very:0.014406962742011961
announcement:0.037769428462456914
s:0.010255145138116005
