gtoal.com:0.11942138621557753
ask:0.060720053840757654
with:0.012183903683115569
work:0.04218900966646466
to:0.0028712482501892307
published:0.0854186919731573
that:0.0072271796965516
technical:0.07993223422748541
nt:0.014876636494217468
me:0.02257476417509468
re:0.007790427141211886
description:0.09114667211220628
so:0.042575441557705
incorrect:0.10585263474423492
toal:0.11842119414919501
how:0.027403395775606756
idea:0.05775783948459909
chip:0.06734175745423487
far:0.05186204316919586
no:0.023453036170468955
it:0.014285642905832164
hope:0.06017628203416761
details:0.15895091176209727
be:0.012051276190363985
get:0.02738279115189838
gtoal:0.11842119414919501
of:0.004050845532619555
system:0.04656713185921927
or:0.014048155368814277
subject:0.0005561866019170479
i:0.003977056400945728
graham:0.10152681464468817
actually:0.050923210981272594
the:0.003140637541621054
would:0.019430200960507835
clipper:0.0744584191419744
denning:0.11131855692064099
just:0.024466428405539288
is:0.005597346393555498
either:0.05215755639819496
easier:0.08701403571684585
request:0.08125627140404858
leaves:0.10381849996165335
full:0.06436796841506777
