report:0.021689875562712888
at:0.005034085785453892
search:0.024383721710712663
hours:0.022378139294574984
your:0.014399225396357287
with:0.003341870724511699
times:0.016059863665674436
mentioned:0.020086649250239074
cryptographic:0.03294607404923036
often:0.017756116504449748
reasonably:0.028173974381628462
name:0.03156837149520287
to:0.003937711885973802
tool:0.10746141362327709
been:0.01676846156824502
that:0.0019823121453398673
docs:0.031350809004751096
like:0.019965241088720113
finds:0.030046473850574063
me:0.0061919353165973984
re:0.002136802873018117
lost:0.02002575042467343
ps:0.025746070416112658
starting:0.02240869704501267
directory:0.024088453079030837
you:0.006351988450385392
burning:0.05420838828224953
m:0.007821798354948983
fun:0.02352144374247906
more:0.014530503152236867
a:0.0031920094305060457
how:0.022549079952499274
other:0.007881759930468062
3d:0.026733225306271535
as:0.004572080915525819
running:0.017299773785409724
immediately:0.02412971163887933
copy:0.019523496828933385
files:0.01891035179764394
are:0.003673779323435574
missed:0.024833898155587605
01:0.03412513938064652
it:0.0019591738842284112
not:0.0034452000490055134
ftp:0.021676382555937575
have:0.002921432075129445
directions:0.03366775247965489
ve:0.02085867084602782
suitable:0.02938640020987781
optional:0.031969172345552424
always:0.015182606274278329
after:0.011024078215228293
references:0.047192772537276155
netcom.com:0.036788973425384446
uses:0.01951425788477964
asked:0.01927029084993389
dropping:0.03334724124164892
7.1:0.03304375652556922
things:0.012769862446515711
if:0.007658861940153249
of:0.0044443562415025974
powerful:0.05258689585670161
macintosh:0.02683203386118617
supply:0.023074088192025968
pattern:0.029762122367379414
please:0.010945230610887171
up:0.007676916402013626
good:0.009257199150625709
postscript:0.028748091697992088
in:0.0040612503290169254
purely:0.028475931418053494
system:0.012772699024243
grady:0.07324700797755299
and:0.002181699511375942
few:0.013060728576607351
for:0.011154818156985394
subject:0.00015255403938296168
i:0.006545098534127826
example:0.016064909392902314
automated:0.03531165003652221
research:0.01764189417449587
will:0.006476030542304482
source:0.017824388352570424
than:0.008174864469825491
the:0.004737876062788333
users:0.022563986104321043
do:0.004104673822322838
see:0.010110775779492435
would:0.005329426549167863
can:0.004940377099644076
specific:0.020943750219831043
anonymous:0.025970188776988548
archives:0.03053308989823296
note:0.01692393770787713
58:0.03172937692212938
many:0.010589720157589105
about:0.005628663887553551
15:0.01909606132560368
interested:0.016440435516656686
is:0.00460581646098281
having:0.014953665099544922
ad:0.024740980893463146
write:0.01859527957135722
fc:0.03662350398877649
request:0.022287434442253326
1:0.011191565096712621
too:0.011157244959225694
under:0.013870419583460795
picking:0.031206135816269433
e-mail:0.03142509459031162
ac:0.02938640020987781
lots:0.02084968577952206
before:0.012149681526986538
documentation:0.02558356792856675
usual:0.024515090386282377
upon:0.01981757475824535
included:0.02138732257429125
john:0.01532273371189626
s:0.003545350176320105
