keys:0.01484410835267614
above:0.010313091023214186
some:0.008844976326767834
since:0.007578869785620005
stephen:0.015422951815875066
all:0.014455573191610473
true:0.00978515451574942
incidentally:0.02270057879095066
versions:0.03363956833824813
with:0.011076276075559608
80-bit:0.023927044992063908
mathematics:0.02015648418739391
from:0.0032067130849627863
work:0.007670729030266302
my:0.0035992964444329597
to:0.003654315954786294
attacks:0.017409380039244495
then:0.01209000264981669
important:0.011902913988534934
most:0.00703255857563272
published:0.015530671267846782
make:0.0066669715278397865
that:0.009198228704702037
duke:0.02404012439793391
r:0.02348651338431159
provide:0.012791498781376568
nt:0.005409685997897261
could:0.011432645116106496
its:0.007832668772856705
me:0.004104502577289942
re:0.001416441298402161
escrow:0.017530926685272907
uk:0.03273969306559687
this:0.001988569842315981
mean:0.010012962336476744
laws:0.014060128458476864
personally:0.01484410835267614
big:0.010514320279801353
certain:0.012486041635456474
on:0.0019204879743912498
tell:0.009128882778872928
knowing:0.016265243627370505
identical:0.037024798067574034
them:0.005552496861864549
why:0.020224120229022802
a:0.0026448941777393845
other:0.020898605876241073
occurred:0.019311243462718876
was:0.0033540194473537332
as:0.0030307354553674943
secret:0.0908332188059843
steve:0.012148310025887827
physically:0.040649724151839595
tate:0.047213503711187946
course:0.0185314530295456
chip:0.012243955900769977
science:0.012809212977906497
nc:0.019840644759594475
official:0.04609321614948097
computer:0.01015417767108074
sk:0.12078341855532777
are:0.004870540769706254
those:0.007029983538968031
reason:0.010122014863668666
it:0.005194779238484424
not:0.006851250097454147
wiretap:0.01845942084448876
being:0.007370469431534653
only:0.010102547259615808
whether:0.010823706760916003
university:0.008902803415146415
algorithm:0.10820963309918938
feel:0.011538926834265825
absolutely:0.015160828580104676
details:0.01445008288746339
exchange:0.01835563685135196
without:0.008512160927282178
be:0.006573423376562174
sort:0.01188432313507966
writes:0.002504781784157433
were:0.005876148854061739
dept:0.015542831402809846
if:0.0025384485597098835
of:0.0073651736956719185
even:0.006360452453659188
key:0.04857336926116024
what:0.003486523117411482
but:0.005040024410987957
levine:0.021904005272631113
extent:0.01853916860660176
comfortable:0.020075021288829657
order:0.010622412352774592
using:0.008350077949412579
court:0.015138869800997382
necessarily:0.029448962371637896
they:0.0035337864564687262
up:0.005088865039213578
called:0.010160054908548235
one:0.007449325058906231
in:0.0020190875215283007
system:0.016933502494261555
or:0.0025542100670571414
secrecy:0.04573059024811147
and:0.0014462023276166282
for:0.0012323820564851288
subject:0.00010112483671219052
i:0.0007231011638083141
special:0.013241330276003873
sciences:0.038556895541020215
held:0.015399424542796882
impossible:0.031183732234347238
necessary:0.02730890740516307
the:0.004568200060539715
clone:0.04056412146052192
do:0.0027209012079791543
units:0.018407173412169308
would:0.014131055244005698
clipper:0.027075788778899785
may:0.014098678238180538
places:0.01445008288746339
just:0.004448441528279871
makes:0.010579461675196872
people:0.005701792197246657
many:0.007019700862038233
is:0.004070797377131272
number:0.009478275940900598
deal:0.012486041635456474
chips:0.047190238047692866
guaranteed:0.01947962135124476
houses:0.019344325583812643
keep:0.010035661303507278
does:0.0046154879330966864
build:0.014134973723554373
too:0.0073959010146382445
procedure:0.019150032802041618
words:0.012529769437527934
article:0.0030694427284719736
release:0.015052285944648707
before:0.008053766163722139
compromise:0.020075021288829657
by:0.003751649525822599
happy:0.01438672382001902
while:0.008220994340448949
john:0.010157115149931234
security:0.014060128458476864
main:0.014084912922828895
s:0.007050412282454754
share:0.01545851901416991
