obvious:0.015961196323244862
ask:0.012093620681976629
grass:0.026593830697244344
at:0.003655456483213407
out:0.009777403311871036
say:0.007873630598620512
there:0.0076164231168228
traffic:0.018153694030646896
uni:0.025536186507913262
means:0.011761805893936734
where:0.007665795843293617
access:0.013910277460657781
sector:0.022125480896282915
own:0.009404525458705374
your:0.0052279345318724585
with:0.007280008839703908
much:0.0072497795417424534
kids:0.018242170252509224
my:0.007885595529712044
entity:0.022983549001314784
to:0.0062905355854768205
important:0.013038876734328724
worse:0.01616209715078999
channels:0.022818651372063688
make:0.007303238520123252
that:0.0028788765596222143
really:0.008097077772576455
nt:0.008888944627250272
could:0.006261863715045881
me:0.008992437181780454
re:0.001551620343477886
master:0.0197323820219446
so:0.004239877997447801
phone:0.024376324698834596
this:0.002178350366686386
off:0.018119978821214525
crypto:0.03771604179230702
personally:0.016260765996292535
on:0.0021037710590841906
you:0.004612439746130472
des:0.03896768403076829
am:0.0067814786585118905
them:0.006082403201378593
m:0.005679729095917312
why:0.007384740996489653
more:0.005275597617513385
a:0.004635698343058573
how:0.01091587549567738
other:0.005723269659053572
want:0.007853103600465483
was:0.007348225179264611
as:0.0066399515370706924
listen:0.017721769171548832
budget:0.01958147893409865
private:0.014728967318151666
local:0.025364178024198773
stuff:0.012130359139724572
cheap:0.015420046549406007
reconcile:0.025047460218882628
mind:0.012571185904606378
no:0.009342288267074771
encrypted:0.01996955386360414
neighbors:0.02240850268062538
it:0.0028452732758503896
not:0.005003402560796389
have:0.0021213718387869413
systems:0.012449863569637388
only:0.005533345387009488
buy:0.02495303838376735
partially:0.02365130985945851
second:0.011409526044200275
providing:0.01913689537620932
b:0.01270086450835785
secure:0.01773757634340222
talk:0.014355160861564428
yourself:0.014548857557570922
personal:0.013916578718654423
without:0.009324524833205373
be:0.002400254178993657
writes:0.0027438273486205906
get:0.005453833922369802
making:0.012757706186192546
if:0.008342121407843269
of:0.0016136148179729348
even:0.006967466588240771
key:0.01330225050305633
available:0.01120773372537025
but:0.005521022591289712
least:0.009990300343180424
seems:0.009777954727722317
order:0.023272339096535203
court:0.016583658205241946
they:0.0038710357863391853
now:0.006854416588706408
good:0.0067220325782551835
one:0.004080128248031629
code:0.013446110001376334
in:0.00147452034767212
u.s:0.01463793527385352
sensitive:0.022171330838965844
system:0.02782434434741732
or:0.0055959457070795466
men:0.014570948351150796
use:0.013799000230268449
better:0.018557808060592557
and:0.0015842216368912442
still:0.008471821917964925
for:0.0040499858453785145
known:0.013514227168740074
subject:0.00011077575473866513
amanda:0.07863161673740504
purpose:0.015605317394790817
fourth:0.020024151724921613
i:0.006336886547564977
example:0.023330781275999208
walker:0.04044221662195047
any:0.01273801576293121
tapped:0.020279142510040548
than:0.011872209810949885
cost:0.013780114540875023
the:0.0034403664356346814
do:0.008941716832860954
would:0.01160974663200468
can:0.010762232271008879
law:0.012476519191883676
friends:0.016500549151816334
agree:0.012516826468732112
clipper:0.04448967782756976
once:0.011132909522509985
come:0.009963459230163521
fbi:0.015829136441038734
an:0.003725718417268617
bar:0.020909042978372518
about:0.004087204067725608
worry:0.018242170252509224
is:0.005574120889847799
self:0.01764362415771857
hardware:0.014728967318151666
keep:0.010993421510895938
does:0.0050559701839731335
blue:0.016583658205241946
triple:0.025140708583413992
wall:0.018616241194394277
cellular:0.02177585291446657
enforcement:0.01875556192274948
sign:0.017982207742294837
answer:0.012598635029580318
by:0.008219381533752415
data:0.012175707980107104
wish:0.031004792653765798
