keys:0.01689157157373492
some:0.020129946122988865
since:0.008624231135360694
at:0.003797262984717375
effects:0.018542400247252615
there:0.003955943903349773
technology:0.014515808990590271
traffic:0.01885793216114613
tel:0.017523483100424037
access:0.014449900293183299
fax:0.013183807499497368
your:0.0162922270109646
54:0.02359332995712936
way:0.014934248444366752
c:0.011146972825124826
from:0.010947055014183305
prevent:0.01734059255245117
to:0.004158359534756817
implement:0.0219375440147184
mom:0.02574094565350492
respect:0.017617923228164314
might:0.009168470413269163
civil:0.017988014998019455
badly:0.02253439605896454
that:0.004485835673721683
view:0.014678227382692378
think:0.006205810463485152
indeed:0.01589759615734748
bit:0.011746052577826292
like:0.005019995963399453
could:0.013009561683845322
database:0.02182748667848924
bontchev:0.10942401450094055
re:0.0016118125119748729
wait:0.015824999159957404
so:0.008808712046421724
comments:0.015879331957021982
phone:0.012660978992282624
child:0.051276266647518026
telling:0.018508725507007814
30:0.014754764975749528
he:0.0068540224462079104
posts:0.01734059255245117
two:0.024113656456723854
on:0.010926914337053662
you:0.007187055897526576
sternlight:0.021283731138287083
them:0.006318358497983797
state:0.02291132230121221
2.2:0.021479689647238627
approval:0.024239623695452267
a:0.0030097071677724035
want:0.01631549972165674
test:0.015413361439567546
copy:0.014726775625273027
local:0.039522199809258
proposal:0.04063104903101689
course:0.010543757758189738
chip:0.013932777404324456
are:0.0027711697482811445
those:0.01599927288178931
police:0.04752910230559515
magic:0.02220582982884435
it:0.004433475384568603
should:0.0070810868199718945
have:0.0022036664359812623
try:0.010501679622169796
interesting:0.01408631276690264
university:0.010130776299994197
between:0.030037058354048348
netcom.com:0.013875151615177325
public:0.012774761198537042
pgp:0.01958958205160774
be:0.007480102462984543
which:0.0055685014332651625
writes:0.002850268926799838
get:0.01133081013182002
if:0.00866573818659581
cops:0.020975718362501974
of:0.005028635833596689
key:0.013818286082916275
available:0.011642516499199267
what:0.0039674228577441
reading:0.04249554370296971
ok:0.014068315476340224
decrypt:0.025313829693831513
least:0.010377855097872769
lines:0.03045846658874583
they:0.020106026390253096
removed:0.019902386762102722
david:0.01076053982476075
good:0.006982801083446117
one:0.004238409085239752
difficult:0.016065552918267237
in:0.0015317215680559523
conversation:0.021513233356040582
additional:0.018425671977413516
point:0.00948937914336233
or:0.002906514903892609
message:0.013997068485171214
and:0.0032913570214723265
for:0.002804731576828224
subject:0.000115073090051803
rm:0.022166465675554383
meanwhile:0.023993251222004214
until:0.01233261088519243
propose:0.023760202854459924
tape:0.01788520803326868
warrant:0.020290094678753322
actually:0.010535836754746054
will:0.009769873662959347
later:0.013773327711024583
the:0.0038987224654606187
do:0.0030961979263211064
thing:0.009758329461745503
because:0.007606561633166008
clipper:0.01540519016730505
liberties:0.023993251222004214
regards:0.017798998262981307
instead:0.013222992722347593
here:0.007760348731135328
about:0.008491518795878204
different:0.01089317628453124
tap:0.023993251222004214
worry:0.018949840650235875
is:0.0023161433352643437
fbihh.informatik.uni-hamburg.de:0.054712007250470276
new:0.014862065214513335
right:0.01672304822233017
vesselin:0.08466289055840566
center:0.01408030531669314
request:0.016811642359458326
guess:0.01291447096092954
too:0.00841602529251938
agencies:0.019972475214136257
e-mail:0.011852136968328734
very:0.015027952515374546
little:0.010109218542665794
virus:0.023760202854459924
burden:0.023380430149674288
hints:0.02240823061801578
s:0.0026742943140345616
strnlght:0.02168498296184748
