another:0.0119220716687558
basically:0.02109788466799939
some:0.006277079973835238
since:0.01075710550217033
believe:0.01168103161467925
ask:0.031339382627487825
at:0.004736371034701242
marc:0.05154026231474727
know:0.006633737234722053
traffic:0.023521721835408075
with:0.0031442332085459537
someone:0.011846549003564624
from:0.004551463733495568
members:0.019829259723143096
several:0.015152964365953746
added:0.02249257089656673
my:0.005108678824356459
to:0.003704836451857072
within:0.017400269980230202
might:0.011435941590744333
mail:0.01647481454212826
been:0.007888389178609888
that:0.00746031452547262
through:0.012739049967875414
communication:0.025874529468433324
nt:0.0038391319985077344
me:0.005825745593572821
re:0.0020104328106353257
so:0.005493605362284517
harry:0.05610889880899744
had:0.016499015975076723
this:0.002822486227803328
he:0.05129461959742694
contact:0.01871006612355144
joke:0.026390464889195386
these:0.017813290033321966
on:0.01090341559654387
contained:0.027599839791444616
m:0.007359218882344474
why:0.009568400968569929
sure:0.011731419463221525
board:0.03861501633715209
a:0.0015016173396197798
same:0.010441362099616196
was:0.028563262390367276
idea:0.01490524889925138
private:0.01908430711652985
alias:0.03561411063254211
also:0.01595158206107061
theory:0.021873918585895834
others:0.014496388296066646
are:0.0034565128043076644
it:0.0036866175240857202
not:0.0064829033180211285
should:0.008832323345341288
ftp:0.020394445953167074
have:0.002748659210471252
received:0.02080263865941813
domain:0.023995715317099858
site:0.02099765697547638
placed:0.024488351461432786
nist:0.03322332664726552
list:0.14088525468975385
be:0.012440027035214438
which:0.013891315403414171
writes:0.003555174145255712
of:0.005226897461444588
institute:0.02092719274157692
mailing:0.047459728748027875
saying:0.016218038596583006
administrator:0.029636382055025282
in:0.001910534428973016
and:0.0020526742714558595
for:0.0034983748700223014
subject:0.00014353202630117365
however:0.012887628517187706
i:0.007184359950095508
we:0.007245934976956829
will:0.006093039488727336
community:0.021873918585895834
source:0.016770257858601208
the:0.00607865330636333
when:0.0070305077572243874
clipper:0.05764522772281889
did:0.00883823141636003
habs:0.06421397195282949
just:0.006313917007881108
people:0.016185732688958253
about:0.005295785915708987
right:0.010429427923603763
applies:0.025600516330841778
addresses:0.02590978431007934
does:0.00655101513084691
mitch:0.06792193417102013
their:0.00813808397086943
first:0.01009438080317764
guess:0.03221674476274897
him:0.012884490878297355
conspiracy:0.028848191333563585
accounts:0.02679187095784603
initial:0.024766980858554218
bad:0.014734414229819269
says:0.013768960991546066
wish:0.02008643825149881
happy:0.02041986606712377
announcement:0.02457043464493165
security:0.019956311360418776
panix.com:0.05569528288611792
s:0.003335678929333432
