train:0.1233920213638365
some:0.025945263891852314
k:0.08419246791670362
help:0.04755761600092882
fields:0.10908058820867426
thanks:0.044297480998136955
encryption:0.08592776651606887
yours:0.09391842899676581
my:0.021115872474006696
to:0.009187994400605538
that:0.007708991676321707
like:0.025880868077970517
me:0.04815949690686865
reply:0.07980436709678099
student:0.08940038827041492
on:0.011266862783095332
am:0.03631858570447479
phd:0.1472049906145074
posted:0.07585290943293102
a:0.003103342501880878
also:0.03296660292621259
be:0.012854694603054918
get:0.02920831056202494
please:0.04256478570900566
in:0.003948437819877566
subject:0.0005932657087115177
i:0.012726580483026328
group:0.0599359096623699
directly:0.08072222945547511
any:0.022739717028640163
research:0.0686073662341506
the:0.0033500133777291247
would:0.02072554769120836
can:0.03842515521945393
sci.crypt:0.1277501297844207
applied:0.09837777778481363
simon:0.12027296897061598
schemes:0.12812362130256252
