simply:0.018098481301085143
correct:0.03872446674770945
there:0.005430644885071878
case:0.01462491779471453
take:0.012578397220921323
dna:0.037205635154033245
actions:0.023397765941941727
sadly:0.03382228412707657
your:0.007455220249593269
with:0.0034605170224233568
damage:0.026328241752477343
someone:0.013038213696230887
from:0.005009303280651927
drawing:0.02806647322305819
both:0.013288189836143419
to:0.005708517231145453
amendment:0.05408403365629925
expand:0.03188611305483743
that:0.00821076036531306
view:0.020149992620027406
nt:0.004225316874097269
permanent:0.030218354758145192
rob:0.07811862766862554
me:0.006411767339671862
re:0.002212665696912252
so:0.006046216552573491
voice:0.02145854616234419
this:0.0062128099215552545
on:0.003000052220350828
standards:0.02507277122026648
you:0.003288751416619656
am:0.03868251731837551
posted:0.02019752026320648
sure:0.02582300615573022
a:0.0033053352091038934
how:0.007783213001355765
other:0.00816158572681604
as:0.0094688066297872
truth:0.04254505950310774
blood:0.04942809129477634
eff.org:0.03703894357434866
also:0.017556179073130965
judges:0.034639741751223425
cover:0.023220157090224177
are:0.007608418717174267
results:0.021675051768452427
no:0.006661217373861005
permission:0.029579368734097288
it:0.004057460706981916
not:0.010702544530934287
choose:0.023513630114717503
fifth:0.0592522898883971
have:0.0030251515570867034
neat:0.03099366992031326
being:0.023027265442901162
fundamental:0.02891877718887439
rights:0.02055147585617045
viewed:0.033020239795737975
technologies:0.029217903101080495
yourself:0.020747187404583384
personal:0.019845535332519027
without:0.013297103460369792
be:0.006845695350739305
5th:0.034977957217731996
if:0.007930774198383542
of:0.004602144037058903
what:0.005446402976311427
but:0.01180976134172326
one:0.011636815476634586
point:0.01302684000745598
and:0.005647890746905175
for:0.0019251412006631597
subject:0.0001579701591243686
forced:0.026862695233502706
i:0.00451831259752414
acceptable:0.027385589614864186
we:0.01594963202028367
pretty:0.01702970447881436
will:0.006705948786409966
the:0.0035680615857469965
wrong:0.015641550632129353
do:0.012751205661062071
thing:0.013396049911981992
violation:0.060967485447241294
would:0.005518636959197492
can:0.005115775103181736
radio:0.021226925211642995
carl:0.028754401069897614
come:0.01420824659449354
many:0.01096568655371653
about:0.005828498108413441
different:0.014953946142078388
is:0.007948894286706032
tests:0.027853857783850716
ruled:0.03269593070405161
new:0.010201180857299093
right:0.01147854197509053
does:0.014419985968491422
ham:0.03453116696620451
difference:0.01897724169724489
opinions:0.016897101511952912
give:0.013983646576071046
mike:0.03781552696991365
while:0.025684526696787245
s:0.0036712205967811733
