taken:0.04576224027442583
case:0.03432793204592716
your:0.017499058641406422
text:0.05023005185046621
encryption:0.053704854072543044
meaning:0.10960962596900811
to:0.0019141655001261538
amendment:0.06347362283274008
q:0.05895386727114803
that:0.009636239595402133
assertion:0.07045021913965789
re:0.010387236188282514
off:0.030325797888282643
on:0.021125367718303745
you:0.02315829122536341
access.digex.com:0.062117532977685685
a:0.0019395890636755486
same:0.026973518757341837
as:0.01111269666968081
steve:0.04454380342825537
evidence:0.044690389368237174
chip:0.044894504969489914
exact:0.059318699588100945
term:0.1082688831642905
rights:0.04823888082906675
second:0.038190219120170364
has:0.01478853435953543
topic:0.06064773403596558
if:0.009307644718936239
of:0.00810169106523911
find:0.029395093578797084
topics:0.07421237128042733
in:0.007403320912270436
gun:0.050847437441727796
and:0.005302741867927637
subject:0.00037079106794469857
fourth:0.06702528563480706
house:0.047748221451252654
any:0.0284246462858002
will:0.015740352012545616
the:0.00837503344432281
clipper:0.0496389460946496
people:0.020906571389904406
is:0.0037315642623703318
white:0.04720790480306378
issues:0.052850409480540206
first:0.026077150408208905
devoted:0.07961425747705168
opposite:0.06702528563480706
check:0.04596266061927346
announcement:0.06347362283274008
