some:0.0075324959686022845
bait:0.03923806636662884
at:0.005683645241641491
andrew:0.02429327844627096
microphone:0.040753160502612074
anyway:0.01966783110738409
your:0.024385784945443793
with:0.003773079850255144
turkey:0.12630556160368683
from:0.005461756480194681
my:0.012260829178455501
to:0.005334964490674184
job:0.022396700356704363
day:0.03281681336468222
calls:0.02585993332553824
make:0.011355357957094862
she:0.021388016031603112
that:0.002238094357641786
nt:0.004606958398209281
me:0.01398178942457477
re:0.009650077491049562
effort:0.026208754107927116
phone:0.018950626620706897
mean:0.017054335850515228
on:0.006542049357926322
you:0.014343199726676694
them:0.009457155945369297
more:0.00820270339239178
a:0.0009009704037718678
want:0.024420618938221696
wings:0.029484521573917975
commercial:0.02687965548550162
listen:0.027554492711892056
flaming:0.03556365846603034
no:0.007262875717306515
those:0.011973649382500388
it:0.008847882057805729
not:0.0038897419908126766
ken:0.053239647756320146
deleted:0.02266696449676346
made:0.015003739044632267
probably:0.015401443322769087
second:0.017739972752595267
after:0.02489307984083808
evil:0.053892564056885174
writes:0.004266208974306854
get:0.008479832098652402
if:0.012970653285743407
3-4:0.03730746704499751
fact:0.015472691152444125
using:0.014222068249322069
they:0.030094181435733666
good:0.010451676460383865
code:0.02090653232472062
jyusenkyou.cs.jhu.edu:0.038944760727423956
in:0.0034389619721514287
gon:0.06168394025153634
point:0.014203457814581037
system:0.014420789220919517
yes:0.017205457229057346
and:0.0061580228143675786
for:0.004198049844026761
subject:0.00017223843156140837
i:0.0012316045628735157
any:0.006601853330895531
tapped:0.03153079577367595
decide:0.026411015591050187
the:0.0038903381160725315
do:0.009268618308470925
got:0.01427196013955209
can:0.011155690225002754
hate:0.02597412414553438
because:0.011385305154158155
once:0.017309878676934877
na:0.056236173793940365
fbi:0.07383526223787745
just:0.015153400818914657
head:0.02227651442229473
is:0.00520011535917414
guys:0.050124847864403244
days:0.019214533061614015
easier:0.026946282028442587
does:0.015722436314032584
served:0.06523366012566435
first:0.01211325696381317
somehow:0.027432989819420488
abuse:0.03130753429511159
article:0.005227954066558716
christmas:0.07817949378842286
arromdee:0.15254902631733439
smart:0.03200192567699782
news:0.01979920333008657
