out:0.01996910337424508
text:0.06129769039378928
though:0.04212786782390982
to:0.007007792339444903
ward:0.09388195439520107
q:0.07194370243258742
territory:0.08877847824632104
re:0.006337974623358823
this:0.00889800743002405
getting:0.045969518173299764
federal:0.06697383374059765
on:0.017186739838619996
a:0.0023669561455023644
false:0.07096794223222339
as:0.02712251390566164
chip:0.054786514539038544
individuals:0.07232459829448672
it:0.005811108978643593
not:0.01021881370467737
have:0.008665264629621234
systems:0.05085452746241713
robert:0.05415952591453735
writes:0.011207837135890887
of:0.009886809435546033
courts:0.09556623361237401
militia:0.0974365396660836
occasions:0.09660958773100849
handguns:0.09342995020736783
and:0.006471142618487964
for:0.005514387506984305
subject:0.0004524907947799711
amanda:0.3211901632832986
house:0.058269016008308326
walker:0.16519617298118755
grenades:0.09660958773100849
the:0.0025550949491154338
sci.crypt:0.0974365396660836
clipper:0.06057634099686053
people:0.02551310406903589
many:0.03141018690810328
is:0.004553773337129897
white:0.05760964653933207
right:0.032879213454072874
carry:0.06597386186327638
refers:0.08947037645852876
assault:0.08070671250061984
rifles:0.09772140607822564
announcement:0.07745933633825909
