believe:0.02361599869924283
bnr.ca:0.050727724673339164
uni:0.0668937059609467
access:0.03643887900020136
own:0.0246357677776956
your:0.013694915458491984
with:0.006356819312929862
much:0.018991270321303603
wrote:0.02799538015970501
wound:0.06561345557337732
my:0.020656831768050027
to:0.002996085130632241
amendment:0.04967500917344876
that:0.003770702450374748
think:0.01564943508183212
me:0.02355627566096836
re:0.004064570682371419
crypto:0.04939981560840213
you:0.012082586726276563
well.sf.ca.us:0.0634322523618322
more:0.013819772019790498
how:0.014297423882925264
reconcile:0.06561345557337732
mind:0.03293104133706671
are:0.006988167191317668
no:0.012236366697635975
encrypted:0.05231154870791954
it:0.0037266894536953474
have:0.0055570718820397045
only:0.01449495911162268
second:0.029887997572307243
providing:0.050130345496374414
allen:0.09682671027618547
heard:0.029376601732824723
without:0.02442620092176625
writes:0.007187634684973503
get:0.014286673644468721
making:0.03341964337904786
if:0.007284243693080536
of:0.0021134846257145506
courts:0.061287041120978984
available:0.02935938943276337
well:0.01829204250166679
eliminated:0.06383487488009686
good:0.017608802732168468
code:0.035222962068822784
in:0.0019313011075488096
u.s:0.038345026097811936
system:0.024295894883070924
and:0.00414997189663902
subject:0.00029018431404367716
amanda:0.13732043212836678
purpose:0.04087914665374551
fourth:0.10490914273274149
i:0.00414997189663902
walker:0.05297051198853296
any:0.011122687677052252
tapped:0.05312253635782361
pretty:0.031282826705648116
will:0.012318536357644395
the:0.006554373999904809
do:0.007807803466374963
got:0.024045150235114936
can:0.009397456439540363
law:0.03268305570917354
clipper:0.038847870856682294
once:0.029163382553531587
come:0.0260999312442327
jim:0.036807942901618144
is:0.002920354640115912
self:0.04621862415228452
words:0.035954990559862766
already:0.031584633927145125
opinions:0.031039240820870024
enforcement:0.04913141764546331
data:0.03189506112180231
