keys:0.021414451394024595
tip:0.031694257566592804
ask:0.01592657149921512
there:0.005015185713536325
remind:0.028845640497558455
take:0.01161611546631532
watch:0.021006359784559288
your:0.006884875531045151
with:0.006391556030486856
way:0.009466518139598597
ca:0.011237970470449842
bold:0.03502247649199938
from:0.004626077893061069
both:0.012271607007148841
to:0.0037655714756580074
trust:0.02267414351758652
that:0.0018956536908987804
like:0.0063641478880255365
nt:0.019510342943236024
me:0.011842499239393931
re:0.004086781451127547
political:0.019698228292248772
this:0.002868756493832891
mean:0.02888985854458864
key-escrow:0.031790976567135976
he:0.01737850500022115
crypto:0.049669759955989025
laws:0.04056692801134308
illegal:0.022457700140017963
you:0.018222917685531866
american:0.017634072226165115
used:0.010789418078343528
sternlight:0.026982653683511496
them:0.008010159407280004
m:0.007479861814841924
sure:0.02384747563015523
a:0.0007631170086592323
richard:0.0408314482489484
intelligence:0.02469994766875751
was:0.0048385854322480085
secret:0.021839681024389667
private:0.01939716461024345
following:0.014958001492020555
let:0.012596381107938934
act:0.020391437502832538
course:0.013366949726229612
chip:0.01766341179127472
foreign:0.02411887854407974
are:0.01053953084592173
those:0.010141615597199782
it:0.001873526938469792
not:0.006589180421595245
being:0.010632808360246711
only:0.007287083269231074
restricted:0.03089314568576288
domestic:0.029640763905598003
algorithm:0.022300814315523804
doing:0.014648649755001722
craig:0.04989055457148104
directed:0.02840824865234787
netcom.com:0.03518071229203431
ford:0.026122980161169762
be:0.006321980952322091
writes:0.0072269113772411185
watched:0.027231081957154978
of:0.006375101166089792
saying:0.016483908081772893
1978:0.03150580851702357
they:0.005097921445397506
beginning:0.02213162182588464
david:0.013641777264177563
one:0.005373283649047118
president:0.04115254818767211
in:0.003883709331027114
citizen:0.026668064329295766
according:0.018795225161673323
douglas:0.049293788079296866
and:0.003129487004022868
subject:0.0001458850103388978
conduct:0.05681649730469574
i:0.003129487004022868
nsa:0.09848223656436536
explicitly:0.028151653116349123
drug:0.02340119547270768
the:0.0045307557977484056
users:0.02157758234019772
interest:0.01996057375228353
when:0.007145761982752655
would:0.015289338460727477
because:0.019286582501579386
clipper:0.019530077151993286
did:0.008983120455972488
just:0.00641742384407588
people:0.008225536284552554
surveillance:0.09789999002644495
govt:0.026668064329295766
is:0.0029363128621930482
broken:0.024542307481120035
cs.colostate.edu:0.06482051800101515
holland:0.11936773263053882
does:0.006658408821516531
issued:0.028845640497558455
nothing:0.013960961756835567
nixon:0.18959532432703655
supposed:0.01993822410610033
widespread:0.029321112502966262
article:0.008856097052640448
by:0.0054122157093834215
s:0.0033903621904700456
strnlght:0.027491344519937788
