keys:0.027597497219059866
taken:0.023203389434920143
cia:0.03929873609492759
dallas:0.03891276259848396
ask:0.02052508862222794
take:0.014970064298138757
sufficiently:0.04060255604658672
your:0.026618286384111182
with:0.004118502653447516
though:0.017503832405709012
spot.colorado.edu:0.03803133201430082
2.1:0.036957609523848196
saddam:0.04370080452672287
trick:0.03498523295295691
goals:0.03251657555498473
to:0.002911688366389079
trust:0.029220903265622065
been:0.010332678783249572
that:0.004885980639922209
through:0.016686361225526948
nt:0.00502872219522844
me:0.0076309062000320055
need:0.013529591489417157
re:0.0052667676447629656
this:0.007394118850301676
mean:0.01861564828753423
omissions:0.04048419605844318
key-escrow:0.04097006135060481
crypto:0.064011028675676
you:0.015656309560809066
sternlight:0.06954683977581132
great:0.017755286540370965
m:0.009639540226169523
sure:0.015366507184219743
richard:0.02631040503365337
was:0.006235641789446377
as:0.005634606762091679
secret:0.0281455044187557
failed:0.02984012912834532
private:0.024997754392074308
accuracy:0.034078549975884324
course:0.017226421126056473
chip:0.022763410970445593
no:0.007927786874524717
works:0.02095159150387845
care:0.022295893952633077
it:0.002414474857323746
not:0.008491690261633308
statement:0.024459150842907083
have:0.003600356430617274
only:0.009391100269502019
algorithm:0.02873978182916096
doing:0.018878189472995178
craig:0.0321477869245811
has:0.014996823575866916
netcom.com:0.04533852358762168
pgp:0.032005514337838
personal:0.023618982191519127
be:0.00814734164982354
writes:0.009313554803064259
conclusion:0.031082780095539383
if:0.0047193691532634455
of:0.008215799390101633
seems:0.016594979502683647
they:0.006569856510617913
david:0.0527418008312217
errors:0.03023960787060432
one:0.006924724702645229
tim:0.028717671124902738
president:0.05303462196016899
in:0.0025025310125984575
citizen:0.03436799839620511
our:0.01570264382380559
douglas:0.03176325076940608
and:0.0026887141865548584
for:0.004582378350874282
subject:0.0001880067386761852
i:0.004033071279832287
information:0.017174797778054682
the:0.0026540598943276513
interest:0.02572383800470342
boring:0.040140603353024655
would:0.01970386576276851
meant:0.028673656897119842
clipper:0.02516904309024487
ensure:0.033891989303722524
just:0.008270341996238634
is:0.0037841215055023085
logical:0.03315001384134346
privacy:0.033275398521861115
cs.colostate.edu:0.041768150683752725
holland:0.07691653194150917
life:0.01965055882597683
their:0.010659743792828972
nothing:0.017991943672541613
nixon:0.16289175752041166
admitted:0.03872742944131936
article:0.011413139159388746
excepted:0.051254584824362646
strnlght:0.03542898624752546
