there:0.009868591242765026
lead:0.04155069502817109
laissez:0.14161298633332367
continue:0.042023722654854254
extensive:0.056987157207000316
such:0.020677604338363426
from:0.01820585493398227
to:0.010373542065199802
stop:0.035741431339576746
then:0.017160003761030142
might:0.022871883181488667
metzger:0.0631484783760098
been:0.015776778357219776
that:0.00373015726273631
view:0.03661665325574873
could:0.016226980164796317
re:0.0040208656212706514
escrow:0.049765211235613414
this:0.005644972455606656
joke:0.05278092977839077
these:0.017813290033321966
used:0.02123079041222436
sternlight:0.053094899183683916
more:0.013671172320652967
prove:0.04222471333240428
a:0.0030032346792395596
proposal:0.050679588038687745
given:0.02997621031377722
evidence:0.03459901112379653
eff:0.05985413208069869
perry:0.1046530464537733
far:0.02676750615184303
are:0.006913025608615329
no:0.012104792862177527
likely:0.07110556569741351
police:0.03952240765196443
being:0.02092262290242095
develop:0.04844690669698619
has:0.011449187891253237
netcom.com:0.06922656289722881
be:0.018660040552821656
which:0.013891315403414171
writes:0.007110348290511424
things:0.04805862211054301
of:0.002090758984577835
key:0.03447142334662985
what:0.009897226913942271
must:0.024918929327736532
david:0.026843497197252625
in:0.003821068857946032
point:0.023672429690968395
for:0.0034983748700223014
subject:0.0002870640526023473
example:0.03022966821245059
we:0.014491869953913657
information:0.026223884779395322
will:0.012186078977454672
the:0.0008104871075151108
forum:0.05491292423791976
put:0.026746874188675048
simple:0.03547514577372302
about:0.010591571831417974
e:0.033450426839288463
is:0.002888952977318967
discussion:0.03696636499451819
snark.shearson.com:0.06421397195282949
done:0.028480253241082783
time:0.03396795634201535
matter:0.03248282808495207
le:0.05769638266712717
article:0.00871325677759786
de:0.04345141964670936
going:0.023417372946770782
pmetzger:0.06399225918720867
va:0.05366742084517651
strnlght:0.0540958714747163
