correct:0.027268478668178737
take:0.017714576086130862
dna:0.05239793617526349
sadly:0.04763305014563284
your:0.010499435184843855
way:0.014436440162887861
though:0.020712868346755665
arguments:0.03466267195985293
to:0.0057424965003784615
obviously:0.030682442340216304
amendment:0.11425252109893216
that:0.00578174375724128
suppose:0.03211782488025974
could:0.012575909627717145
supreme:0.04340309511909498
rob:0.03667235576666032
re:0.0031161708564847544
voice:0.030220785845301402
this:0.004374853653095158
crypto:0.037873191966441636
on:0.008450147087321499
you:0.004631658245072682
am:0.027238939278356092
sure:0.036367400335986726
a:0.0023275068764106585
as:0.006667618001808487
truth:0.029958812733438367
related:0.03211782488025974
blood:0.03480561428673834
question:0.018191550694559203
also:0.01236247609732972
evidence:0.08044270086282693
whole:0.02493262895856075
it:0.005714257162332866
not:0.010048500142932747
fifth:0.04172348746307963
made:0.019379829599316677
whether:0.023812154874015206
hope:0.024070512813667046
call:0.022141300816655895
yourself:0.02921895559478827
be:0.02410255238072797
5th:0.09852124616327845
considered:0.057380715953536866
writes:0.005510519925146353
of:0.003240676426095644
key:0.026715353093638133
what:0.01534070171661052
but:0.005544026852086752
phil:0.03692878625554994
court:0.06661102712438847
they:0.007774330204231197
find:0.01763705614727825
in:0.0029613283649081745
point:0.018346133010500504
opposed:0.037309369895826505
and:0.006363290241513164
subject:0.00022247464076681915
i:0.006363290241513164
any:0.00852739388574006
limits:0.041210505021417675
pretty:0.023983500474330222
physical:0.03555959416145597
the:0.002512510033296843
violation:0.042931271002432415
would:0.03886040192101567
can:0.014409433207295222
is:0.004477877114844399
number:0.020852207069981317
tests:0.03922751637892309
either:0.020863022559277983
ruled:0.046046769074872686
right:0.01616561328158583
does:0.01015407345281271
article:0.006752774002638341
difference:0.05345256411390644
opinions:0.02379675129600035
give:0.01969363559463339
mike:0.026628433574647527
