keys:0.019210022574051473
above:0.013346353088865417
some:0.005723219976143893
believe:0.021300704709120984
at:0.004318455943404073
stephen:0.01995911411466185
know:0.01209681495743433
all:0.014030409274210164
knows:0.01712726181931978
with:0.002866800866615428
mathematics:0.02608486188956859
someone:0.01080126526795598
turn:0.016771951640757427
wire:0.024991020951753838
longer:0.016638289256736154
batch:0.028788276906710347
to:0.0027023512942957466
family:0.01931601504470425
that:0.006802051479107388
technical:0.018807584524114216
duke:0.03111074922085565
r:0.015197155719260442
bit:0.013358255872822057
like:0.005709015017199379
seeds:0.02981323670013466
its:0.010136394882520442
me:0.005311709217669337
re:0.0018330416802851497
so:0.010017750954754118
uk:0.02118450727773915
this:0.002573443325350093
laws:0.018195460358028884
certain:0.016158406822355437
you:0.002724504850042754
used:0.01935748537585162
m:0.013419752079569334
why:0.00872413029487258
more:0.006232446205003558
a:0.0027382433840125392
other:0.0135226273316854
low:0.016646051666567744
steve:0.01572134238644307
dorothy:0.02834635976458144
let:0.011299694817415808
tate:0.06109982833212557
course:0.023981880391176658
science:0.016576628559643702
nc:0.02567612851241638
far:0.012202833686869615
straight:0.019591478565996613
s1:0.08877114577574578
computer:0.013140700515516251
sk:0.06252318136981673
are:0.012606105521592657
no:0.005518361451875048
those:0.009097625756311569
taking:0.016700735461527477
pushing:0.025876236328692143
reason:0.013099078058865333
it:0.005041991613823117
not:0.008866323655528896
have:0.005012260913212283
made:0.011399899764303927
being:0.009538254558456609
probably:0.011702077034456904
transmission:0.023754353572337832
university:0.011521275007836536
s2:0.08910162895004076
nasty:0.025927566230002412
has:0.005219482715130152
absolutely:0.019619895809547226
details:0.03740021453225818
willing:0.017528920852841523
be:0.0028355943977327026
writes:0.003241482308909619
get:0.006443009682799619
dept:0.02011425240363627
if:0.009855153231814842
of:0.008578261127900236
kept:0.019577331483206735
key:0.015714913584493017
what:0.004511971093120741
but:0.0032611922659333834
extent:0.023991865255602277
fairly:0.019236306609058264
court:0.019591478565996613
easy:0.016243537079700037
they:0.00914627082850729
who:0.006338494481538472
now:0.008097619597442374
one:0.004820151508704032
in:0.0008709789308553455
government:0.013194190875570085
and:0.005614667860158675
word:0.015043512334134404
for:0.004784542101648147
subject:0.00013086743574518774
i:0.0028073339300793373
special:0.017135839180710894
person:0.013750953132714955
sciences:0.049897158935437926
any:0.00501611405043533
actually:0.011981931995593552
necessary:0.017670469497458454
will:0.011110836714738082
agency:0.02144627579110736
the:0.0048033280048322
do:0.0035211662691494935
see:0.008673459614760667
around:0.011603894280164881
can:0.0042380685903809475
orders:0.023991865255602277
denning:0.026192601628386117
needs:0.016418365503281112
just:0.005756806683656303
people:0.007378789902319203
unit:0.06309030614116788
is:0.003951068042509763
number:0.036798012476437617
serial:0.040581548312400316
easily:0.018131935139193076
too:0.00957116601894361
every:0.011922296700673511
change:0.014568672097600429
article:0.003972220001551965
little:0.01149675834263953
while:0.021277867704691394
s:0.006082708635843316
