freedoms:0.025537095649360693
believe:0.008941036544569302
go:0.00800589404030505
at:0.003625370421623173
there:0.003776868253403899
final:0.015870981058586812
geoff:0.02409101381052164
means:0.011665000907155363
your:0.02073962505648169
with:0.007220091071475893
ron:0.01743744171286023
ignoring:0.02198885074975625
supporting:0.020229821882155673
previous:0.01429300172713089
from:0.003483836437984262
goals:0.038002911348212605
themselves:0.013318725170052748
both:0.00924158058563061
reduction:0.04604613300799732
to:0.005104441333669743
obviously:0.015151823377884597
hardly:0.017969698973619434
been:0.01207605256972378
that:0.005710364204682746
horror:0.0242463238022206
quite:0.0109308616547712
bit:0.011214338263603704
really:0.01606087031432861
nt:0.005877189726110605
consider:0.013252527072309438
brought:0.01594400346722497
re:0.006155399222685935
so:0.00840996376448494
anyone:0.006884422838030417
political:0.014834468220088581
had:0.006314438212683684
this:0.0064812646712520865
parties:0.020141318980011792
tools:0.018310587885467786
voting:0.023868514957557544
merely:0.0167944404104562
personally:0.016126932531302474
two:0.007674030587050665
big:0.011422965242253324
you:0.011436193197710326
support:0.011271425142113194
more:0.0052321770609906415
paint:0.020083357087494345
a:0.0034481583354231977
as:0.013170603460362444
denial:0.0239413527233987
let:0.009486163550423149
given:0.011472376786754244
evidence:0.013241596849848054
chip:0.013302075546515532
responsible:0.016094054383016553
career:0.019886687688990854
considers:0.024575717660959433
no:0.004632698502808683
those:0.007637512980607244
plan:0.016072280647895502
geoffrey:0.025430200643585955
proper:0.01689929261334091
administration:0.07331734440665898
lay:0.019698990111821912
it:0.00846556616641906
not:0.0024811111464031477
limiting:0.022739145222159352
have:0.006311735964785838
being:0.008007423579938881
calling:0.016925928475503945
only:0.005487803449667847
ve:0.015021676535205222
whether:0.011759088826674176
rights:0.01429300172713089
doing:0.02206339839642235
has:0.004381787958380868
feel:0.012536118042165341
party:0.03493562504956921
regardless:0.018621318554225583
be:0.0023804990005657257
writes:0.0027212444074796805
kill:0.01520424735227731
were:0.0063839641871288036
things:0.009196402996461933
if:0.008273461972387769
of:0.005601169131523336
even:0.006910121184222328
freedom:0.01641163983670208
presented:0.018785949560866322
reasons:0.014965121299572452
what:0.007575655168696554
but:0.005475582076135064
result:0.014547333172886841
surprising:0.022422433118718495
excellent:0.016029075775063323
they:0.015356701637987552
good:0.006666707207240738
one:0.004046546945578693
code:0.013335442429348546
in:0.000731192188866216
door:0.017407293399724126
and:0.007855913878411313
for:0.006694421047573539
subject:0.00010986402013176255
costs:0.01693931133717628
i:0.001571182775682263
bullshit:0.02268463811619219
stupid:0.015891712721261535
body:0.014607741249689514
any:0.004211058709007438
tapped:0.020112235987324166
actually:0.01005890587284397
the:0.0043426099340933095
do:0.0029560408185452538
when:0.005381376307998914
start:0.01159490571145067
would:0.003838064387260807
can:0.0035578847425420308
major:0.01348324268608145
worthy:0.022630843541840945
once:0.011041280637551056
instead:0.012624421035327743
imagine:0.016204685409327006
excuse:0.01821810699718771
bush:0.019228874104867823
is:0.0033169460109958504
clinton:0.07541473844589368
either:0.010302727189766906
privacy:0.038889766173697764
new:0.00709464841515863
does:0.005014357260648253
man:0.011926128966235388
their:0.01245830138750382
nothing:0.010513810705765058
criticism:0.022422433118718495
gore:0.050652024266725076
supported:0.01798695361666485
seem:0.011356841789694394
favor:0.01959545694459494
s:0.005106471447374637
