taken:0.02477354360720797
since:0.030087543209077913
out:0.008858474429176389
effects:0.03234463802528276
there:0.01380118775303981
know:0.009277256583897006
true:0.019423163850810877
encryption:0.029073304460324054
remove:0.03321917582736564
meaning:0.029668770938979638
hacker:0.04262190325282252
from:0.012730409841055272
themselves:0.04866842430560628
both:0.01688499310006194
to:0.006217439819958635
family:0.02962757194826817
calls:0.03013751628164231
class:0.029835862193000016
been:0.011031882610687513
that:0.01043322181757825
technical:0.02884772363097218
its:0.015547553052888496
joy:0.04335009743319784
consider:0.024213263748655588
attention:0.031914875515207955
re:0.0028115827276554172
this:0.003947236378732473
criminals:0.03504749512954096
decryption:0.04749428479627723
used:0.014845590288247109
well.sf.ca.us:0.08775589800433928
them:0.0110214975303176
more:0.009559541547524255
a:0.004200012408560587
same:0.014602205643072273
as:0.006015895941481341
immediately:0.0317496205774728
pointed:0.03252366545907011
widely:0.03696125351401374
chip:0.024303792163934388
it:0.007733581121954255
not:0.004533157959217781
calling:0.03092481668832675
able:0.019830565609854654
after:0.014505366072668805
robert:0.02402565435306544
has:0.008005823111928954
details:0.028682871295416048
be:0.013047998281296345
hackers:0.04273847608392
recognize:0.03366258937969309
skipjack:0.046086679216667106
of:0.004385877869903879
key:0.09641631191688949
but:0.010004258981209177
decrypt:0.044156454804277524
fact:0.018032083673901047
separate:0.0317496205774728
must:0.017424514492327046
who:0.009722202061908634
limitations:0.043223728122548356
bob:0.027699285819767668
in:0.0013359376082292516
useless:0.036087784102269066
system:0.03361236585327105
or:0.005070010960173573
use:0.012502101712386075
and:0.0057413145036209
irrelevant:0.036906965935265726
word:0.023074259520025703
for:0.002446232051970481
known:0.024488186072679382
subject:0.00020072899918810748
i:0.0043059858777156745
person:0.021091687511833462
any:0.02308166766064979
will:0.008521092818821687
ways:0.0268296118893165
the:0.003967121105205542
benefit:0.034059356567513126
would:0.00701240335416824
nobody:0.03013751628164231
pays:0.04374247151718709
just:0.008829989198991623
is:0.008080379756110192
goes:0.024233287187899823
every:0.018286831029604482
almost:0.02272175135537269
appear:0.02968945540042242
s:0.004664934442526453
