since:0.012583783794991707
read:0.02851576178487952
there:0.005772194877843695
posting:0.02074961356576252
text:0.02274568385681489
way:0.010895426538028575
interpreted:0.03426824684181506
encryption:0.024319179202661002
to:0.007801127321268854
amendment:0.028742772603504947
ward:0.034836700058596626
q:0.02669609083976515
us:0.012955197397389913
interpretation:0.029495652880649398
bear:0.08501060986452293
that:0.0021817900970721813
bontchev:0.03991567824562612
re:0.002351827061497928
so:0.012852963489118492
this:0.00330177634195861
talk.politics.guns:0.03782678620145873
on:0.003188734749932641
you:0.010486773385070224
american:0.04059163795456875
why:0.0111932237745535
more:0.007996346074344188
a:0.002634913444993198
want:0.011903131872403659
as:0.010064329059333566
guarantees:0.03730237356662193
part:0.015403912656687278
arms:0.0764743439929015
chip:0.020329587155995435
are:0.004043467808812739
no:0.007080161862783081
individuals:0.026837429555815827
it:0.006468970372452301
not:0.015167547385558866
have:0.006430825322611986
second:0.034587368259776936
robert:0.020096930999733986
shall:0.02490426423919971
craig:0.028710602159059847
shows:0.02430323671459064
talk:0.021758451368786336
yourself:0.02205204195833077
be:0.007276242228144294
constitution:0.05691799256197253
writes:0.008317765924749213
formed:0.03281841251092303
if:0.008429565028470557
of:0.00611448382282197
militia:0.07231139421759664
again:0.015357667535270554
well:0.01058407490662481
please:0.012046637464812923
in:0.004469929607408565
context:0.0261178675987231
gun:0.02302525469059372
handguns:0.03466897523418052
douglas:0.028367179932425556
and:0.006003104001427513
for:0.0020462192635979496
subject:0.00016790538925797672
i:0.0024012416005710054
applicable:0.03626140225544223
house:0.02162183612886913
grenades:0.03584884073037422
the:0.0056887019621815315
do:0.004517722760418218
can:0.005437521965017065
clipper:0.022478013325879065
may:0.011704563065659314
an:0.005647158104161867
people:0.009467126667126525
belongs:0.0345056073951663
is:0.0016897649489978862
fbihh.informatik.uni-hamburg.de:0.03991567824562612
white:0.02137716443912322
right:0.04880185141610817
cs.colostate.edu:0.03730237356662193
carry:0.02448086698071262
keep:0.016662984805823403
holland:0.06869275179681951
matter:0.0189993900119531
easily:0.023263614895568475
every:0.030593063231916934
e-mail:0.017293684129888468
article:0.010192866419076742
entitled:0.03281841251092303
refers:0.03319969944058615
before:0.013372290988821664
assault:0.029947773820984718
regulated:0.03936843688091147
by:0.006229153929667712
says:0.01610708644294068
rifles:0.03626140225544223
announcement:0.028742772603504947
