some:0.0054052633108025655
ability:0.01855689659934457
at:0.004078541724326069
there:0.004248976785079386
where:0.00855304073256371
access:0.015520263277863544
fax:0.014160385832793469
own:0.010493012201611088
your:0.005833019547135474
with:0.005415068303606919
much:0.008088874396110793
into:0.00829075881010364
sigh:0.025770529090300823
service:0.01686384827999233
from:0.003919315992732294
kids:0.020353532550253347
work:0.00937533548143659
my:0.004399140098751394
to:0.0057424965003784615
obviously:0.017045801300120168
amendment:0.02115787427758003
line:0.013073165503731428
legal:0.01749682960108067
t:0.023854380138892982
worse:0.018032710246946235
make:0.008148520756248627
weapons:0.018516462895785523
really:0.009034239551809842
nt:0.009917757662811645
me:0.0050166142611321515
re:0.001731206031380419
so:0.004730604617522778
phone:0.054395317152029055
off:0.010108599296094214
crypto:0.04208132440715737
bell:0.020662977078613764
illegal:0.01902666261862633
on:0.0023472630798115272
you:0.0025731434694848234
fall:0.018056949200899685
used:0.009141034760818822
am:0.007566372021765581
them:0.006786385053390004
bill:0.04299324827349607
m:0.012674210297371038
more:0.005886199193614472
a:0.0012930593757836991
how:0.01217928701138078
want:0.008762027628297137
as:0.007408464446453874
definitions:0.024841498092790862
listen:0.019772899862700314
cyberspace:0.02784471762051823
local:0.028299846776999555
given:0.012906423885098522
equipment:0.01868036070620643
course:0.011324776851388977
reconcile:0.02794647181829034
mind:0.014026184273195078
no:0.015635357446979303
encrypted:0.022280844820039804
neighbors:0.025002079379771835
it:0.0015872936562035737
have:0.004733801973589378
probably:0.011051961643653742
only:0.012347557761752653
area:0.014854014095645124
buy:0.01392056076501836
peace:0.017831647478764125
second:0.02546014608011358
providing:0.021351813822529844
talk:0.016016637813134383
without:0.010403752244455994
be:0.005356122751272882
making:0.0142342925503352
things:0.010345953371019673
if:0.006205096479290826
of:0.0036007515845507157
available:0.025009850257539167
tend:0.019720389322867286
order:0.012982948431168944
now:0.007647751842028908
good:0.007500045608145829
code:0.015002372733017112
in:0.0024677736374234785
government:0.012461180271371747
wcs:0.05876474852828289
jersey:0.02368385455466987
u.s:0.01633214074536434
system:0.010348251524270949
or:0.0062436246083619005
men:0.016257400706608062
and:0.004418951556606363
for:0.004518734207112138
subject:0.00012359702264823285
purpose:0.01741148838955827
fourth:0.02234176187826902
i:0.007954112801891455
example:0.01301555159147178
we:0.0062395551190461565
house:0.01591607381708422
any:0.004737441047633367
tapped:0.022626265485739684
will:0.005246784004181872
than:0.0066231540843493565
cost:0.01537503520532815
phones:0.02292940404768185
the:0.0034895972684678375
do:0.013302183683453641
would:0.008635644871336815
can:0.008005240670719567
law:0.01392056076501836
friends:0.018410334933276554
agree:0.013965533235946476
clipper:0.0330926307297664
did:0.007610699275198913
once:0.012421440717244936
gray:0.02661461037175431
increasing:0.023602630898878624
may:0.00861585892333255
come:0.011116637381802815
nj:0.022593776723431134
an:0.004156935826674707
upgrading:0.02590094981699849
people:0.006968857129968135
about:0.004560260094082738
stewart:0.05128736397515614
worry:0.020353532550253347
is:0.0037315642623703318
self:0.019685710287084147
white:0.015735968267687927
new:0.007981479467053458
does:0.005641151918229283
blue:0.01850306309010791
labs:0.0242036105818508
define:0.019790536568333034
cellular:0.048592412522096694
enforcement:0.020926344552697335
assault:0.06613466718800791
data:0.013584933440767648
while:0.010047881971659825
especially:0.014468961608783987
s:0.002872390189148233
