keys:0.3918844605106501
text:0.12055212444111892
encryption:0.1288916497741033
such:0.06410057344892661
q:0.14148928145075526
gee:0.16879923031365013
re:0.012464683425939017
on:0.016900294174642998
a:0.004655013752821317
as:0.026670472007233947
also:0.04944990438931888
chip:0.10774681192677579
should:0.05476040474111599
have:0.017041687104921762
safety:0.1377557795048721
of:0.006481352852191288
they:0.03109732081692479
and:0.006363290241513164
for:0.010844962097069134
subject:0.0008898985630672766
car:0.10195477799611298
i:0.006363290241513164
house:0.22919146296601275
clipper:0.11913347062715904
white:0.11329897152735308
guess:0.09987190876452177
announcement:0.1523366947985762
