another:0.03213775841142868
there:0.013301144718509383
wonder:0.053483589968361285
with:0.008475759083906484
to:0.001997390087088161
remember:0.04032788458726423
trust:0.18040731581384056
t:0.03733729065218032
make:0.02550841280216962
r:0.04493072125694391
nt:0.0103489645177165
re:0.005419427576495225
you:0.008055057817517709
great:0.036539865054096766
more:0.018426362693053998
a:0.0020239190229657898
how:0.038126463687800705
was:0.012832770059440371
watson.ibm.com:0.08457633648244293
chip:0.04684643996816339
are:0.009317556255090224
reason:0.03872770904360185
it:0.0049689192715937965
not:0.017475652422491737
list:0.042197515897414196
be:0.008383496480253208
writes:0.009583512913298006
if:0.00971232492410738
of:0.005635959001905468
key:0.09292296728221959
registering:0.08848450411938644
lynn:0.08654926654511799
eh:0.07222156519071538
well:0.02438939000222239
bodies:0.06919124927972177
in:0.0025750681433984127
still:0.029589986698978946
for:0.004715200911769188
known:0.04720186590820809
subject:0.00038691241872490284
i:0.00553329586218536
nsa:0.1305960093570932
we:0.019532520372666232
the:0.0032771869999524044
do:0.010410404621833284
would:0.02703332307548916
clipper:0.051797161142243066
regards:0.05984590720306759
many:0.02685798590692889
unknown:0.0683932814944605
grant:0.13115885242541497
either:0.0362835174943965
does:0.017659258178804715
their:0.021937443747561073
article:0.011743954787197116
security:0.053795274101998435
s:0.008991830157333599
