libertarian:0.043394078357795476
another:0.03548008528621726
some:0.009340295001066833
believe:0.017381375042642724
at:0.007047720099635449
recorded:0.043394078357795476
there:0.014684463769234359
small:0.02390996720212809
ca:0.032904777537477135
from:0.006772578035441405
work:0.01620057971192243
to:0.003307677984217994
stop:0.026591624916645098
building:0.030403740550709213
look:0.018969346594207286
make:0.01408064386679763
that:0.005550474006951629
newsletter:0.04654198969428707
technical:0.030693977943354402
like:0.009317112508069386
nt:0.022850513655118032
me:0.017337418886472715
anything:0.01856992920255523
re:0.0029915240222253645
flat:0.03950260499266083
so:0.008174484779079361
supposedly:0.0371127497235539
this:0.008399719013942705
two:0.029836630922452985
these:0.013253087784791541
specs:0.03876710503005534
well.sf.ca.us:0.09337227547661699
state:0.02126170709552493
posted:0.027307047395855166
more:0.010171352206565808
a:0.002234406601354232
how:0.010522903977832995
member:0.03192718338197247
other:0.011034463902655287
occurred:0.04078534619326227
was:0.007083689072811085
ridiculous:0.03992856110881132
far:0.019915024576971214
others:0.02157062578454717
it:0.005485686875839551
voted:0.04683293084765407
have:0.008180009810362446
only:0.021336579812308586
robert:0.02556329623166163
operated:0.046982467911751286
details:0.03051857505832268
party:0.03395742754818126
be:0.0046276900570997705
sort:0.02509969046128824
if:0.005361203358107274
of:0.006222098738103637
even:0.013433275582128205
but:0.005322265778003282
central:0.03664328170892918
fact:0.019186137029030714
they:0.00746335699606195
box:0.025348312085652858
one:0.03146594904881992
comment:0.0314367791750621
bob:0.0294720401122328
in:0.0014214376151559238
conversation:0.03992856110881132
or:0.010788983323249365
and:0.003054379315926319
for:0.002602790903296592
subject:0.00021357565513614637
each:0.020368075178884924
editor:0.03693882983046265
i:0.006108758631852638
objection:0.047134853471516844
phones:0.039622010194394236
the:0.0018090072239737272
do:0.011493086702503947
thing:0.018111459480999653
see:0.014155086091289409
would:0.014922394337670017
listening:0.03950260499266083
did:0.013151288347543724
county:0.04420489831187778
fbi:0.03051857505832268
about:0.007880129442574973
is:0.0021493810151253113
number:0.020018118787182064
build:0.029853064504146837
decode:0.04829150330200571
side:0.025762912628569546
by:0.007923483798537329
blame:0.03581699509999345
