keys:0.041689836224537244
public-key:0.03375847255880081
some:0.006210302527305075
stored:0.02610971526271458
infinite:0.0275014445109528
bbs:0.08610729046288641
send:0.015602910217426717
access:0.03566358370232474
with:0.003110783919093337
user:0.020115124912728807
encryption:0.041135632906628715
into:0.009525552675438226
someone:0.011720521886505424
such:0.010228814912062758
service:0.019375485257863524
gain:0.024391516119644956
to:0.005864677276982259
wrap:0.03314990686104685
amendment:0.02430904704232599
basic:0.02031730217851064
that:0.007380949477329294
through:0.012603528159706525
nt:0.003798290168736375
re:0.0039780904550869205
so:0.005435162752047447
anyone:0.008898482710858463
this:0.005584919557142755
ti:0.020152452426870547
contains:0.02232794417488189
on:0.013484277267002392
set:0.01409263076662724
you:0.002956377603237882
used:0.021004930939753887
friendly:0.027551389938345563
answers:0.022290485224746713
a:0.005199749404747215
was:0.004709899649475455
as:0.004255926384133076
private:0.056643847718210925
ccwf.cc.utexas.edu:0.03031896636239096
authentication:0.034632424959286326
question:0.011611628102910129
files:0.03520544217646478
setup:0.023477419008332934
are:0.0034197413914958804
encrypted:0.025599268516641478
police:0.01955097825336538
it:0.0018236990943615529
fifth:0.026632013274306143
bound:0.027026204615549346
systems:0.01595966553341814
only:0.0070932778631345025
session:0.02563414830678062
register:0.05510277987669113
public:0.03152919785170844
uses:0.01816486771189594
personal:0.017839869527636786
be:0.006153843161036929
writes:0.003517353143710438
things:0.0118868400432992
if:0.00712925978471712
of:0.004137033735441248
even:0.008931699190244818
key:0.05115705911547727
what:0.004895968632960804
but:0.0035387405438851607
reveal:0.02991272711353684
using:0.011725641375770854
they:0.009924676856465357
up:0.007146065799746726
in:0.0018902095946222392
system:0.023778960949388563
or:0.0035867630728887516
use:0.008844571956102915
and:0.003046255966681834
still:0.010860154692710356
for:0.0069223162321717865
subject:0.0002840101797023223
space:0.016263365731452678
i:0.003046255966681834
appreciated:0.01800405382540555
possible:0.013707295866832883
ago:0.015218966624280022
any:0.005443017373876634
revealed:0.02707186282667377
impossible:0.021894960930499124
the:0.00601398678182755
users:0.06301113140834333
when:0.0069557151215092336
would:0.009921804745791234
law:0.015993835772574287
sequence:0.027652710124359898
did:0.008744207677888114
jim:0.01801239759015356
just:0.006246747678010031
during:0.015576433562779098
general:0.03136628045837821
is:0.007145548587517657
disk:0.037244457274466826
time:0.008401648776083582
run:0.014238481002060611
designed:0.04180422762641237
switzerland:0.030071519470715995
greetings:0.02911517313858517
instruments:0.028023348000093883
article:0.0043102812782797924
thier:0.03235053344057165
condition:0.02020263344938841
comes:0.016086044347050594
by:0.005268273802218969
data:0.015608221400030917
s:0.003300192983276693
