some:0.009894380297740289
partner:0.05043457715602039
at:0.007465805190291788
know:0.010456568861511032
technology:0.028539556659465618
all:0.008085320598697383
take:0.018014823138438166
your:0.02135478342680106
uicvm.uic.edu:0.04596830334512233
to:0.004671861559629935
design:0.0318912475205546
t:0.021832822500003745
feds:0.042100873553558314
like:0.0098698225721074
this:0.00889800743002405
he:0.040427115445429714
crypto:0.07703022094869484
you:0.004710160927192558
took:0.028605098952683723
market:0.03314284080570358
great:0.021366531260446416
support:0.023211494148589033
a:0.003550434218253547
how:0.011147144044314612
y:0.036130259123176356
want:0.016038965828069334
stuff:0.02477471654808154
chip:0.027393257269519272
computer:0.022717821230214538
pushing:0.04473518822926438
d:0.015439357816754538
it:0.00871666346796539
not:0.005109406852338685
have:0.004332632314810617
has:0.018047024981127983
call:0.022516577101683963
exchange:0.041066848548787435
be:0.004902214043537892
sort:0.026588655149669745
if:0.005679240845452621
of:0.004943404717773017
key:0.08150446706533668
but:0.011275986817803564
using:0.018681530327499328
who:0.010958075205371596
policy:0.0325148071433839
over:0.016999497902706422
one:0.008333143286234088
government:0.022810296089968624
initiative:0.04717317189410998
point:0.018657084417458142
system:0.018942562112224788
message:0.027519660072540014
and:0.003235571309243982
gets:0.028282341884684783
for:0.008271581260476458
subject:0.00022624539738998556
i:0.001617785654621991
stupid:0.03272615416327587
any:0.008671925985498367
agency:0.037076612384626284
the:0.006387737372788584
thing:0.03837173618855859
intended:0.03447922760149682
clipper:0.030288170498430265
industrial:0.04638688601740688
needs:0.028384292903977516
just:0.019904890906201456
btw:0.03179483491901131
people:0.012756552034517945
about:0.016695189496980872
garbage:0.04518848216952697
govt:0.04135809976492479
is:0.004553773337129897
clinton:0.031060646512461293
dollars:0.03886105958045129
whenever:0.04019689809065114
designed:0.033301672854938666
going:0.018456065119065106
by:0.00839352097302683
s:0.021031738334102316
