another:0.011032364827803875
sent:0.036593856201886696
some:0.017425923509453045
bellovin:0.03014383466966553
at:0.008765821019447074
block:0.06548924309199002
say:0.00944052226003753
k:0.056547179944054664
form:0.01698199464916366
where:0.009191327354396825
with:0.008728766817754438
previous:0.017279599102949284
into:0.008909472154141226
from:0.004211802260846644
my:0.004727434135971648
to:0.0027426848957031458
then:0.03175881293086175
manufacturer:0.024949187389147916
derived:0.02621089265680423
manufacture:0.05720155064974061
that:0.001725893658877994
bit:0.04067289847844328
plaintext:0.059845363244098886
anyone:0.008322958953439758
voice:0.01804226020615009
this:0.00783555878166297
something:0.009903787647579715
big:0.027619707003657287
des:0.023361223510982982
arthur:0.0265835359810486
rsa:0.027978073121119034
used:0.019646403068028513
digitized:0.058435905362874734
products:0.020149685542969597
etc:0.011553850683871818
well.sf.ca.us:0.029033667747704286
communications:0.020990462170814402
link:0.02410889616296974
consists:0.027046672414212835
m:0.013620046886727084
a:0.004168669032377299
how:0.006544094513577733
dealing:0.023448764614915223
other:0.006862228795183636
samples:0.028279688155031645
was:0.0044052792741362465
as:0.003980667463766261
part:0.0487407385554881
question:0.010860627280333853
equipment:0.020074417475326314
chip:0.0643264548816572
are:0.006397128175136572
encrypted:0.09577437773390245
insure:0.02971094224683155
it:0.001705748406666527
reported:0.02054411739806798
application:0.018360038347347903
session:0.04795243663357967
postings:0.022918698704930764
regarding:0.01968654910980536
be:0.002877916702176474
which:0.0064273250374005855
if:0.0033340816903652203
of:0.0038694643893679333
key:0.04784839360054591
what:0.004579313945256872
using:0.021934533120844982
they:0.004641391166705192
beginning:0.040299371085939194
over:0.009979804738902278
in:0.0017679572327809997
required:0.018620803236323227
brother:0.04610561442467275
message:0.0807791017054657
and:0.00474872406083072
still:0.010157756628007697
for:0.0016186510592640496
subject:0.0001328206810548174
each:0.012666713419704554
example:0.013986861411730868
we:0.0067051935607660195
any:0.005090981424322424
will:0.005638335049270071
the:0.00487501946759089
users:0.019645261533612846
do:0.0035737209895845604
can:0.00860264669092252
64:0.07558174491655975
clipper:0.03556223003795792
encrypt:0.059015695493461556
an:0.004467154918217596
just:0.011685458342944138
e:0.0154770631644469
is:0.017376836565067815
number:0.02489815769550008
done:0.013177430604083077
blocks:0.026752200417246016
questions:0.015045653419131898
does:0.006062133404664305
serial:0.020593621531665832
speech:0.023628607968727715
header:0.05231973058557672
transmitted:0.026926784097899097
three:0.058079363312885025
by:0.009855079351414588
facility:0.02540747240858974
