another:0.02423503093320851
apologies:0.02977405053469177
at:0.004814016461499623
folks:0.02023615218740316
form:0.03730470955717918
all:0.005213485413367711
means:0.015489591368517774
defense:0.02144375162976987
your:0.006884875531045151
with:0.003195778015243428
encryption:0.04225955730298469
my:0.00519242765754263
to:0.005271800065921211
sound:0.03771785015440908
that:0.007582614763595122
think:0.00786747556026533
helps:0.023114602711109086
like:0.012728295776051073
nt:0.003902068588647205
could:0.008246498116535833
consider:0.01759761791568958
so:0.005583664466584263
expression:0.08994084550543346
this:0.005737512987665782
finger:0.02718888498396421
on:0.005541080057259999
standards:0.04630927143415339
set:0.02895535064618493
you:0.012148611790354575
libertarians:0.03274837596071571
digitized:0.03209184966649678
etc:0.012690295013432981
working:0.017314420823533374
independent:0.045385146974830294
m:0.007479861814841924
more:0.006947644949840032
how:0.007187775941142756
j:0.0333784552953974
want:0.010342065397334326
looked:0.020355208767648552
was:0.0048385854322480085
as:0.004372208525776057
worked:0.021006359784559288
ascii:0.02878901324599809
character:0.02494527728574052
also:0.00810654170316703
ie:0.02286130156700225
based:0.016507666731696954
far:0.013603158864051374
others:0.01473403400583823
express:0.025441063369837588
are:0.0035131769486405765
encrypted:0.026298702082669934
d:0.019910865818328256
it:0.003747053876939584
not:0.0032945902107976224
should:0.008977115531330489
have:0.005587438395056315
area:0.017532606801417196
rights:0.018979231801600032
hope:0.03156788565726826
technologies:0.026982653683511496
has:0.00581843974801394
decided:0.040782875005665076
public:0.01619532567246226
pgp:0.024834879977994512
free:0.015778731115435714
be:0.009482971428483138
soon:0.019655702934641913
entities:0.03241025900050758
if:0.003662024151712619
whatever:0.036119787745938395
of:0.010625168610149652
defending:0.029078206696568267
freedom:0.021792505356932272
what:0.0050297382677411545
particular:0.037060671563757454
continuous:0.03274837596071571
using:0.012046014090955851
well:0.009195999509034672
up:0.007341313499193359
one:0.010746567298094235
in:0.001941854665513557
government:0.044124835059283565
heart:0.02169935854123288
system:0.01221432966799194
or:0.003684762063951286
and:0.004172649338697157
still:0.011156880230762552
for:0.005333587916591377
subject:0.0001458850103388978
i:0.003129487004022868
example:0.015362618271901118
info:0.016095057155149712
any:0.005591733695567253
agency:0.023907323832709847
than:0.007817493345461536
the:0.002883208234930804
do:0.003925234529543698
jr:0.025533422991709732
would:0.010192892307151652
can:0.009448808660521458
clipper:0.019530077151993286
instead:0.016763575473140117
just:0.01283484768815176
note:0.01618409343649452
long:0.013007165273817404
qualified:0.03150580851702357
is:0.0029363128621930482
right:0.01060040215185956
their:0.008271495183506634
desires:0.03298599952322794
speech:0.025952733342700932
little:0.012816058480319477
by:0.010824431418766843
upon:0.018951232692311127
mine:0.01784283631038244
reduce:0.02491746816274888
