out:0.012876252448966775
block:0.02397693599542804
there:0.005015185713536325
scheme:0.025086486199313678
means:0.015489591368517774
take:0.01161611546631532
your:0.020654626593135453
turkey:0.026745030120999262
contract:0.027764625506684574
manufacturing:0.03034230033536963
name:0.015094166698525962
to:0.002259342885394805
significance:0.028845640497558455
remember:0.015205595827984874
fascist:0.03123478698074285
day:0.013897830796518428
been:0.008017707033996936
that:0.009478268454493902
think:0.00786747556026533
european:0.02421559754462291
months:0.018556254316829616
re:0.0020433907255637735
started:0.017919370907043198
anyone:0.009141610653778094
political:0.019698228292248772
believes:0.02682309546114941
this:0.014343782469164453
fingers:0.031061296826018363
carefully:0.025410620500714878
big:0.015168199747910149
on:0.008311620085889999
you:0.009111458842765933
more:0.006947644949840032
a:0.003052468034636929
other:0.030148808477200237
labels:0.03274837596071571
was:0.02419292716124004
as:0.008744417051552114
secret:0.021839681024389667
steve:0.017525430857018506
developing:0.026942325228333227
let:0.012596381107938934
sig:0.025787630727419533
eff:0.03041767368035507
democrats:0.033363009749932594
no:0.0061516160447131684
d:0.009955432909164128
it:0.001873526938469792
made:0.012708084983158478
ve:0.009973408191406744
whose:0.020452357653010757
has:0.00581843974801394
topic:0.023861403555134
talk:0.01890488397615862
johnson:0.050462882282052805
personal:0.01832729765680719
heard:0.014768564805573085
be:0.006321980952322091
14:0.020403567321074685
writes:0.0036134556886205592
get:0.014364742899356528
if:0.007324048303425238
of:0.0042500674440598615
republican:0.03274837596071571
what:0.0050297382677411545
parts:0.03987644821220066
years:0.012184565152898326
fact:0.013105284855895297
increasingly:0.03263333000881498
who:0.007065862700731411
beginning:0.02213162182588464
good:0.008852512848959012
tim:0.02228365737560759
comment:0.021473209819031492
code:0.01770771863569233
in:0.002912781998270336
according:0.018795225161673323
point:0.01203025115442656
or:0.003684762063951286
world:0.02755465233587625
and:0.003129487004022868
for:0.0035557252777275845
known:0.03559484970127167
subject:0.0001458850103388978
i:0.0010431623346742892
nsa:0.02462055914109134
house:0.018786185489017438
ago:0.01563478538450625
any:0.011183467391134506
tapped:0.026706411720873072
the:0.004942642688452807
do:0.003925234529543698
thing:0.012371215492486102
when:0.007145761982752655
got:0.0120882722493474
would:0.010192892307151652
can:0.009448808660521458
once:0.029322745299725752
regime:0.031147353421472682
may:0.020339076802621103
just:0.00641742384407588
note:0.01618409343649452
about:0.010765204156523185
head:0.018868085986096628
bush:0.025533422991709732
f:0.02030727441752376
is:0.0058726257243860965
clinton:0.02002817643972914
privacy:0.025820254590733758
white:0.01857360188973001
new:0.009420762649636868
remark:0.03159922072117276
fool:0.02702328198125749
him:0.013095712040236655
woods:0.03376797134640102
announcement:0.049946457311008594
john:0.014652887429408993
four:0.019169651098486198
s:0.0033903621904700456
