another:0.016548547241705812
know:0.027624069977424667
send:0.021890650155792706
your:0.028207437810028265
with:0.004364383408877219
way:0.012928155369750323
method:0.05956564063800834
encryption:0.11542535800665968
to:0.0010285068358886797
lock:0.03772842283387304
most:0.01385519002960476
front:0.026245902457954728
might:0.015873769670734672
make:0.013134928980221668
that:0.012944202441584955
think:0.021488776530276945
like:0.008691336294840845
nt:0.010657888831678187
me:0.008086482689586155
so:0.007625452219290448
opponents:0.08737487098442923
this:0.003917779390831485
you:0.01659101460921558
tell:0.01798526159419741
m:0.010215035165045313
a:0.004168669032377299
other:0.010293343192775454
eff.org:0.09342658901589437
also:0.01107087411701169
eff:0.04154055435451476
cover:0.058570246988774416
are:0.014393538394057288
those:0.013850116823041493
encrypted:0.07183078330042683
not:0.004499328422208693
only:0.01990352594431771
kind:0.020563632066888507
safety:0.03084084615780719
layer:0.04382692902215605
usually:0.04922016033114348
be:0.004316875053264712
sending:0.03387907085419371
which:0.009640987556100879
get:0.009808761009635241
of:0.0072552457300648745
using:0.032901799681267475
double:0.03297127153014649
they:0.006962086750057789
who:0.009649648315177973
good:0.024179251512828345
clear:0.02461008016557174
box:0.047291627025471746
in:0.0013259679245857497
use:0.012408802445875732
message:0.04846746102327942
few:0.017056921648554376
for:0.004855953177792149
subject:0.0001992310215822261
i:0.0014246172182492158
containing:0.035915391650213416
information:0.01820015883943108
will:0.016915005147810216
kadie:0.25549881078235226
currently:0.026857712700427586
the:0.0011250044925209745
do:0.01072116296875368
when:0.00975876449883385
would:0.006960071985853552
can:0.006451985018191891
because:0.013169569394735178
clipper:0.10668669011387377
ends:0.035306810553466336
carl:0.10879463688386634
an:0.013401464754652787
just:0.017528187514416208
is:0.008020078414646683
itself:0.025097431646226714
2:0.01454036979175678
1:0.01461584993973663
represent:0.03586677462766719
