some:0.012622020271711937
since:0.010815252018398279
mark:0.01623580521239022
say:0.010256999860905641
there:0.014882902468818607
all:0.005157123408898872
ever:0.014288767874756003
ca:0.011116478897796331
contract:0.027464467393098796
such:0.010394687586312425
beast:0.02925558704690659
my:0.005136293304488115
to:0.00223491755690405
design:0.020341444364461853
lock:0.0273276143769675
born:0.02323201598941336
legal:0.020428730777477973
software:0.015220464262060847
been:0.023793087360347666
bear:0.0974175637366425
that:0.01312612096238561
feds:0.026853530158485846
equivalent:0.02550884553036635
protection:0.022864715114232232
trivial:0.030725499022493843
nt:0.003859884063364533
months:0.018355646162053083
re:0.0020213000150171383
patents:0.033002328563446835
so:0.0055233005264049735
this:0.005675485820231557
something:0.010760331444127151
you:0.009012956585006301
performance:0.020491952614035764
state:0.014366018307787115
classified:0.08430339735210261
communications:0.022805853493695648
why:0.009620122054886522
a:0.005284069665364739
historically:0.03205987782212372
exposed:0.030088833964891773
same:0.010497801894749257
as:0.004324941406578478
secret:0.04320715272933307
let:0.012460204014880134
danny:0.029656170680169954
learn:0.0205946712471472
military:0.04185771419168185
declare:0.030725499022493843
no:0.006085112087473026
proprietary:0.0625152150483742
18:0.020901348612016753
it:0.007413090372756151
should:0.008880065633694485
encourage:0.02779794614447901
have:0.0027635168278251506
only:0.007208303990644793
patent:0.13361164878684081
algorithm:0.044119448862063315
develop:0.024354390934160624
has:0.017266613090052178
publicly:0.027998169234643062
copyright:0.027749028114641614
which:0.006983201797391988
writes:0.0035743913027976343
get:0.007104724190762824
of:0.001051030192247236
industry:0.024620720928791882
available:0.014600345015212055
but:0.007192251051355787
years:0.02410568024843669
code:0.017516283839630793
in:0.0038417232842051998
government:0.014549269938466475
required:0.020231251083789023
or:0.007289853596790112
and:0.002063769808058324
still:0.011036265309348904
for:0.005275927506682281
subject:0.0001443078750919908
however:0.012957291374037368
nsa:0.024354390934160624
developed:0.02290431533094614
similar:0.017106801556036222
pretty:0.015556865172538523
eternity:0.0328751366855539
exist:0.019656889058357326
the:0.0032594724756283373
thing:0.012237472622297064
can:0.004673329688852505
major:0.01771042147415023
law:0.016253195271589006
because:0.009539039453483859
clipper:0.01931894118278255
development:0.021012232611114606
an:0.009707006903370128
rules:0.02226765027334407
people:0.008136611567962797
17:0.02125569599178652
including:0.017189014629893137
trade:0.022805853493695648
is:0.01307056022711338
new:0.009318916566938092
applies:0.02573889750019768
hardware:0.019187465533375955
does:0.006586426023446082
unless:0.01663816986886752
civilian:0.02853379573542269
too:0.010554150637105388
every:0.013146748794256195
change:0.016064914096813446
art:0.024929685327926738
article:0.004380177731441086
takes:0.01932918839989011
three:0.01577561084579715
while:0.011731581112856878
everything:0.016700878291477046
panix.com:0.055996338469286124
s:0.006707419252497496
