some:0.017425923509453045
simply:0.045651393132587904
at:0.013148731529170612
followed:0.06634235374631761
look:0.03539057200411807
been:0.04379822051407281
quite:0.039644766897155244
control:0.045516929402104826
this:0.01567111756332594
on:0.015134591798187758
you:0.00829550730460779
took:0.050379129498756406
working:0.047291627025471746
defend:0.06761036452954099
bill:0.04620169963718981
a:0.0020843345161886493
how:0.019632283540733198
chip:0.04824484116124289
democrats:0.09112583260056215
works:0.04440486557538418
administration:0.06647803989111242
it:0.015351735659998743
have:0.015261212332765757
reject:0.07622241722576921
free:0.043097131255593064
credit:0.07212634490186234
writes:0.009869587925635259
republicans:0.08976804486614832
version:0.0465741881741132
must:0.06917792320834319
depending:0.0671756141874063
in:0.005303871698342999
wcs:0.0947252662843963
or:0.010064350114971423
for:0.009711906355584297
subject:0.0003984620431644522
the:0.004500017970083898
clipper:0.053343345056936886
did:0.024535985723029334
gilbert:0.18370808801215213
stewart:0.08267216879577408
bush:0.13948108679053375
is:0.004010039207323342
clinton:0.05470382520105123
time:0.02357477567020468
speech:0.14177164781236629
article:0.012094520601740313
by:0.014782619027121881
while:0.032393171729530185
john:0.08004413133080136
blame:0.06682275205222658
