some:0.009340295001066833
simply:0.024469146719067116
at:0.007047720099635449
cut:0.029288123966435212
with:0.004678619014316379
ron:0.03389838668980028
extensive:0.04239844496200824
name:0.02209786004664201
my:0.00760171409064241
to:0.003307677984217994
look:0.018969346594207286
been:0.023475846195543028
that:0.0027752370034758145
quite:0.021249595056875212
really:0.015611165945527408
nt:0.005712628413779508
asking:0.028683462517107152
re:0.0029915240222253645
exactly:0.025731061226176067
this:0.008399719013942705
he:0.025442131320323764
on:0.01622428240765728
you:0.004446391915269775
took:0.027003213411333434
went:0.02609969012188867
working:0.025348312085652858
more:0.010171352206565808
a:0.001117203300677116
how:0.010522903977832995
budget:0.0377530913849422
chip:0.02585923486242619
science:0.05410611561867704
are:0.005143291052809805
innocent:0.03545163480532794
works:0.023801007948405922
administration:0.03563222938163626
it:0.010971373751679102
not:0.0048232800686077194
have:0.008180009810362446
ve:0.014601069592219474
rights:0.027785595357542447
money:0.024801758133833042
left:0.023395241468004493
has:0.008518195791092408
his:0.04426629699612616
without:0.01797768387841996
credit:0.03865972086739822
writes:0.005290099128140499
of:0.0015555246845259092
even:0.013433275582128205
what:0.00736353682397305
must:0.03707936683967196
they:0.00746335699606195
now:0.013215315183025954
depending:0.03600612920444978
in:0.0014214376151559238
initiative:0.04453147426803982
or:0.0053944916616246825
and:0.004581568973889478
for:0.010411163613186367
subject:0.00021357565513614637
i:0.0015271896579631594
back:0.0168508537605403
body:0.028397448989396414
than:0.01144481025775569
the:0.0036180144479474544
do:0.0057465433512519735
clipper:0.02859203295051817
did:0.026302576695087447
individual:0.03089348953013242
an:0.007183185108493894
just:0.028185325523181263
here:0.014403207244987169
actual:0.032498855093829625
people:0.01204218512058494
gilbert:0.049233767587256776
bush:0.11214279377958915
is:0.008597524060501245
clinton:0.05864250061552692
implementation:0.039443564134279845
assuming:0.03174535737335202
time:0.01263607975922971
history:0.026568060834807047
wanted:0.02436127991636882
nothing:0.02043884801200727
him:0.01917212242690646
consulting:0.0479436224064878
while:0.017362740047028178
john:0.021451827196654765
blame:0.03581699509999345
