markets:0.07602395721212393
at:0.005683645241641491
correct:0.02111108025923515
ultimate:0.03398960918721065
andrew:0.02429327844627096
surely:0.02894525243773562
know:0.007960484681666463
all:0.018465828980250797
knowledge:0.023850136418400874
your:0.008128594981814598
encryption:0.024946770924019996
c:0.033369002521664
ca:0.013268055458660137
from:0.005461756480194681
wrote:0.01661661273995394
to:0.004445803742228486
then:0.010296002256618085
that:0.002238094357641786
higher:0.02394757363250253
nt:0.009213916796418562
its:0.013340803587317226
re:0.004825038745524781
89:0.030523307188157996
this:0.0033869834733639935
crypto:0.029321180877245136
on:0.003271024678963161
you:0.0035857999316691734
fall:0.025163232434802143
more:0.00820270339239178
a:0.0009009704037718678
timothy:0.06567109950212476
was:0.01142530495614691
secret:0.025784913725569736
border:0.03130753429511159
course:0.015781624515483993
turning:0.030601509514173127
theory:0.078746106909225
no:0.007262875717306515
reasonable:0.024118110774877726
digital:0.05328216254208598
it:0.004423941028902864
not:0.0038897419908126766
zero:0.029894285481803947
follow:0.024367692338176036
networks:0.03267081877038389
kind:0.017777591593310063
money:0.020001417849865356
attempt:0.024881602562816744
netcom.com:0.04153593773833728
public:0.019120932890713507
pgp:0.029321180877245136
salt:0.035823490073371884
writes:0.004266208974306854
captain:0.03628124320867694
of:0.010035643125973607
key:0.020682854007977907
but:0.008584299641940777
year:0.015966198169094527
mining:0.04020762896694715
particular:0.021877751277960045
fact:0.015472691152444125
pick:0.02593583552927751
good:0.010451676460383865
rings:0.03687720011274801
one:0.006343941340487887
code:0.02090653232472062
in:0.008024244601686666
our:0.028771295780392173
and:0.004926418251494063
for:0.006297074766040142
subject:0.00017223843156140837
al:0.02458073664982085
summer:0.029037200971330467
governments:0.030145912306341168
we:0.008695121972348193
power:0.017431324388197045
collapse:0.11063160033824403
any:0.006601853330895531
information:0.015734330867637192
tapped:0.03153079577367595
will:0.007311647386472803
later:0.020615561477146473
the:0.005835507174108798
when:0.008436609308669263
country:0.02174680069690408
vietnam:0.0383953555123252
once:0.017309878676934877
anonymous:0.029321180877245136
neighbor:0.03267081877038389
may:0.048026465224253696
mr:0.021786810827634926
is:0.00346674357278276
et:0.029353519856751876
ussr:0.03923806636662884
dave:0.022621126912094145
wall:0.02894525243773562
falls:0.03190490711335562
article:0.005227954066558716
little:0.015131217431602995
before:0.013717382369178351
black:0.022771305524154437
