statistics:0.04144830342196735
out:0.01033488683403912
mark:0.10539031453656807
script:0.050140052784876675
take:0.018646922195927222
your:0.011052037036677741
with:0.00513006470868024
c:0.022685067503762806
though:0.021803019312374383
buffer:0.04648952298465815
from:0.014852144814564483
bits:0.03867875788567362
several:0.024723257649714003
to:0.002417893263317247
sources:0.03376437697556547
r:0.02719491023446605
re:0.0032801798489313205
file:0.026653384933845694
stack:0.05335000251603044
this:0.004605109108521219
finger:0.04364531536899517
unix:0.03475936329930116
on:0.022237229177161838
you:0.00975085946331091
e.g:0.03560767737009909
seconds:0.040597935481684624
more:0.02230559694422326
a:0.004900014476654018
other:0.012099192875718515
crash:0.13439215668754045
following:0.0240115287108751
also:0.013013132734031284
obtained:0.04204600346729382
output:0.10756205760352949
are:0.0056395735228177675
systems:0.02631944842353167
aix:0.05072506484188258
call:0.02330663243858515
usually:0.028927638089356254
writes:0.00580054728962774
get:0.01152959627448353
of:0.008528095858146432
even:0.014729468840052856
key:0.056242848618185536
gives:0.03189933750698338
available:0.023693542349247632
one:0.00862553427873353
code:0.02842554833624295
in:0.0015585938762674603
system:0.03921442682881623
or:0.011830025573738339
better:0.019615928695626342
and:0.005023650190668287
few:0.0200493640430376
subject:0.0002341838323861254
socket:0.04835409703714651
favorite:0.042390044810743654
source:0.05472399932806709
cf:0.049725553794959604
the:0.0033059342543379517
can:0.02275173664309772
friends:0.03488273987357663
quickly:0.03723402143440928
an:0.007876299461067866
relatively:0.039110573155543366
about:0.008640492809840979
busy:0.04479738556251348
alternatives:0.04648952298465815
le:0.04706810164949848
easily:0.03244662077539813
various:0.03126823665223849
article:0.007108183160671938
workstation:0.046678173907649056
ripem:0.11767730151915584
random:0.03915090393842608
lots:0.03200609659137158
by:0.008688030480852333
data:0.02573987388777028
include:0.02948704625653159
