rating:0.041979350997460675
at:0.00672492375919413
fast:0.026578610114107157
know:0.00941889408899467
raise:0.035978638836625644
your:0.009617803222757728
way:0.013224219996538498
from:0.006462383621604393
to:0.005260302137751263
look:0.018100521559358096
software:0.021494548767032492
enough:0.018566019289598442
that:0.0026481269117135634
think:0.010990442958233246
nt:0.005450981310858309
re:0.0028545076547951947
had:0.011713041875436146
this:0.008014999059105634
1982:0.03865631228556873
pricing:0.0445478413533478
something:0.0151958879172788
you:0.012728221131497446
sternlight:0.03769332537467636
classified:0.039684805369310384
bill:0.16540913839574062
more:0.009705488746723098
sure:0.016656824581367965
a:0.0031981010515566297
how:0.010040938910145987
uunet:0.02883200238486477
want:0.01444731273062734
price:0.0238942305484272
as:0.012215483362091883
mac:0.026192993395504852
equipment:0.030801205439241138
far:0.019002886046728257
wa:0.03828081423831093
are:0.004907720470238363
no:0.008593478902156563
internet:0.021805602619195466
model:0.027930927569340073
reason:0.02039856430540861
approved:0.03846625463960134
have:0.0078053528724832495
uucp:0.032317775628519646
buy:0.04590597137777047
money:0.047331599492047786
campbell:0.08541381924384235
craig:0.03484721941443141
netcom.com:0.049145575186582274
macs:0.04037575199175948
yourself:0.026765455506676274
be:0.004415734787308941
writes:0.01009560902316889
if:0.005115652059262666
of:0.0029685585582555516
even:0.01281801105164905
but:0.005078497879774124
years:0.017021186434964836
island:0.039187558787852655
david:0.01905683388812591
good:0.012366487414958008
one:0.007506190135691774
code:0.024736736720089282
shack:0.04351118836740077
in:0.004069000806744057
speed:0.025637138678517413
douglas:0.03443039396378369
still:0.01558556551320265
for:0.002483579106199038
subject:0.00020379356406120838
costs:0.031421775991861335
i:0.004371726120123548
tempest:0.18364760323761642
any:0.015622706355554308
tapped:0.03730743011389139
the:0.0005753839770908802
do:0.005483342892416004
around:0.01807018651262317
would:0.007119462947361649
can:0.013199480800575775
radio:0.027384353898989817
once:0.020481154159732107
10:0.022063906548825684
note:0.022608313731896926
measures:0.03872073113019365
surveillance:0.04558701825658887
about:0.007519207483373065
is:0.002050936083134839
east:0.031081368544969595
cs.colostate.edu:0.045275399977808294
type:0.024736736720089282
holland:0.08337517202820077
206:0.044275184234247957
protect:0.03152189005352415
article:0.0061857471779893205
iii:0.03528812654536418
strnlght:0.038403939291210804
