another:0.03890360228751892
true:0.045320715651892045
way:0.030392505606079704
method:0.07001575303064138
further:0.06224270879090152
encryption:0.13567542081484557
such:0.03373714392048769
to:0.004835786526634494
attacks:0.08063291807650082
might:0.03731728308558677
make:0.03087860497104743
plaintext:0.10551682466722698
re:0.006560359697862641
traditional:0.08756263401055114
m:0.024014293195018806
more:0.02230559694422326
a:0.004900014476654018
other:0.02419838575143703
as:0.01403709053012313
eff.org:0.21963443733561133
cover:0.13769145783325915
encrypted:0.08443267510751926
partially:0.09999939782683334
layer:0.10303172787664755
be:0.02029688621534987
writes:0.01160109457925548
of:0.006822476686517145
but:0.011671635478077372
good:0.056842450924894705
in:0.0031171877525349207
priest:0.1008553656192795
use:0.029171570662234175
for:0.005707874787931122
known:0.05713910083625189
subject:0.0004683676647722508
will:0.019882549910583934
kadie:0.24025853084094884
the:0.0013223737017351805
when:0.022941656891995364
would:0.01636227449305923
clipper:0.18810547993761953
wam.umd.edu:0.09694056647341617
carl:0.0852542768563631
article:0.014216366321343876
by:0.017376060961704666
schemes:0.1011502273441283
