some:0.01242060505461015
gtoal.com:0.030490566693338945
out:0.012533798926387871
there:0.0048818031147720604
technology:0.01791312598838799
all:0.005074828886416442
encryption:0.041135632906628715
into:0.009525552675438226
from:0.004503043906543487
trick:0.02642501637936107
to:0.007330846596227823
stop:0.035361203346602525
then:0.00848872526476491
everywhere:0.02646577634077367
enough:0.012936960249667
metzger:0.031238343026430377
perhaps:0.015364157115106624
been:0.00780447014479489
plugs:0.030945471871201505
that:0.00553571210799697
indeed:0.019618310151620296
need:0.010219159529240619
anything:0.012347027395315976
re:0.0019890452275434603
so:0.005435162752047447
voice:0.019289863305511534
uk:0.022987444067333968
phone:0.06249674736616104
had:0.008161747264266677
crypto:0.04834875570184038
big:0.014764790180146582
on:0.0026968554534004784
market:0.020802421356771395
none:0.019268671449049434
them:0.015594246505662136
toal:0.03023519850617745
m:0.00728092931976634
approval:0.02991272711353684
sure:0.011606617128506401
a:0.002971285374141266
how:0.006996611687388959
wondering:0.01914326330775158
was:0.014129698948426365
as:0.012767779152399229
old:0.014084644055012361
perry:0.02588492904308754
cheap:0.05930156199585395
are:0.006839482782991761
book:0.016540949524913157
reason:0.014213893212811317
it:0.014589592754892423
not:0.009620904392169652
approved:0.02680361360525413
have:0.0027194181550407068
systems:0.01595966553341814
try:0.01295951953374145
real:0.027208445255300504
doing:0.014259058006198486
secure:0.045476126582552505
device:0.021351887153780988
network:0.01953983867037009
be:0.009230764741555392
get:0.006991350932399587
gtoal:0.03023519850617745
were:0.016503226568854244
of:0.001034258433860312
generator:0.030490566693338945
never:0.011723081015222661
well:0.017902850108014307
must:0.012326917167444133
they:0.009924676856465357
now:0.00878677871211832
good:0.008617073677444144
in:0.0037804191892444783
government:0.014317100737320732
our:0.011860507569044646
system:0.011889480474694281
and:0.0010154186555606114
for:0.01038347434825768
subject:0.00014200508985116116
sockets:0.031339663212444704
outside:0.019174339241923005
i:0.0020308373111212227
nsa:0.02396575703627508
we:0.007168850562308351
possible:0.04112188760049865
ago:0.015218966624280022
any:0.010886034747753268
graham:0.025921739909282086
noise:0.024363884114979507
impossible:0.021894960930499124
phones:0.026344421671804678
the:0.004009324521218367
do:0.003820839994183493
devices:0.022578076827248182
strong:0.01920559779771548
would:0.01488270711868685
clipper:0.019010660206461548
mask:0.02854129568107886
just:0.006246747678010031
e:0.01654728561730759
company:0.017904936381017818
is:0.002858219435007063
snark.shearson.com:0.03176542229581458
white:0.01807962311606698
right:0.02063695312542872
time:0.008401648776083582
build:0.01984911203733167
speech:0.025262501072948248
designed:0.020902113813206186
every:0.012936960249667
cellular:0.027914790172268316
pmetzger:0.031655745236225566
fashion:0.02918293391399703
security:0.01974401017573347
everything:0.01643437491448539
s:0.003300192983276693
