screw:0.05745877374784416
since:0.022997949694295187
at:0.010126034625913001
all:0.010966296903980358
case:0.028409323072491444
companies:0.04570841776537628
to:0.003168273931243289
line:0.06491502870818365
keywords:0.06607765333676933
re:0.004298166698599662
this:0.006034280900820908
crypto:0.052238885470953976
on:0.01165537529285724
distribution:0.1532737138276993
you:0.012776988262269468
letters:0.053905848368083376
a:0.0016051771561452815
want:0.02175399962887565
as:0.027590143455759254
africa:0.06463899652120604
chip:0.03715407307819855
foreign:0.050732813489271174
electronic:0.04958242890815644
are:0.007389785995416385
no:0.02587921232603471
wiretap:0.11202958857344902
being:0.02236556241293274
only:0.015328002738727432
spy:0.06938434382472085
domestic:0.062347813732464764
univ:0.053386245646611576
hackers:0.06533583125472828
writes:0.007600717138132901
dept:0.047164453911974706
of:0.004469898518752613
what:0.0105797942873176
well:0.019343309312107412
please:0.02201626847017534
in:0.004084590848149206
government:0.030938102742716064
distributed:0.05562246088017901
u.s:0.0405487632298701
sensitive:0.06141713485276745
or:0.007750706410380291
world:0.08693967892181645
and:0.002194238014314884
for:0.003739642102437632
subject:0.0003068615734714747
governments:0.05370823456876875
hart:0.0664673263445358
alan:0.10116511935630434
the:0.003465531080409439
wrong:0.03038416157275702
allowing:0.05403950397722267
thank:0.04172981961804039
put:0.028591486201687118
jim:0.038923341918952525
people:0.03460398023156592
south:0.04967401706504352
is:0.01544095556842896
capital:0.05870002246122457
issue:0.03599264376396383
article:0.00931417103812185
citizens:0.04698112860843817
