gtoal.com:0.034740766899077104
at:0.010678363787326436
out:0.007140467267154302
scheme:0.02782319378469335
means:0.017179364972356077
ordinary:0.0308979895403502
stand:0.02386508214828159
text:0.021918568080203437
encryption:0.046869690826946656
though:0.030127808504371877
wrote:0.015609545301168854
hence:0.027886990227038732
to:0.007517449964131804
bet:0.026143462515209756
line:0.01711396211397569
q:0.02572532390013732
then:0.009672002119853352
track:0.05514903730662474
make:0.010667154444543659
that:0.004204904550720931
like:0.007058418566719232
nt:0.008655497596635617
happens:0.022642894028962295
re:0.002266306077443458
phone:0.01780210379520951
this:0.006363423495411139
crypto:0.08263241883587265
merely:0.024733630422671855
on:0.0030727807590259994
detect:0.03105819109833902
you:0.0033684787236892234
etc:0.014074690833080215
them:0.008883994978983277
toal:0.034449801934311276
more:0.007705569853458945
a:0.003385464547506412
how:0.007971896952903785
lists:0.057420059740853964
want:0.03441087214022148
as:0.0048491767285879905
listen:0.02588452345662587
private:0.02151321893136092
said:0.013281847446445044
worth:0.021304021932071746
closely:0.03015494516403303
chip:0.03918065888246393
reason:0.016195223781869866
police:0.02227626613110722
it:0.006233735086181308
have:0.012393954258124918
only:0.008082037807692646
ve:0.011061416357742026
left:0.017723667778791283
customer:0.06560343762033599
has:0.006453178629615461
be:0.010517477402499477
modems:0.06436970799233668
gtoal:0.034449801934311276
whatever:0.020030064113656744
of:0.0035352833739225207
seen:0.01571190842801426
looking:0.0314410344897775
what:0.005578436987858371
they:0.016962174991049885
in:0.0010768466781484272
substitute:0.03515181293749384
or:0.004086736107291426
and:0.005784809310466513
subject:0.00016179973873950483
scan:0.03174503161535116
i:0.002313923724186605
person:0.017001178418629397
house:0.020835587542364795
any:0.01860522302343286
graham:0.029535073351182016
will:0.02747406896735235
exist:0.022039542277552154
phones:0.0300166743896926
the:0.003654560048431772
do:0.008706883865533293
devices:0.05145064780027464
start:0.01707613386595462
would:0.005652422097602279
effect:0.02100832396740852
because:0.010695286659966751
clipper:0.04332126204623965
once:0.016260795120757007
fbi:0.023120132619941423
just:0.0071175064452477935
press:0.021741517337985856
trade:0.025570199371719362
is:0.003256637901705017
thumb:0.0357082223269067
white:0.020599813004973287
new:0.010448482211415436
eliminate:0.06531821946990939
easily:0.022417665263002345
guess:0.018158528866276686
too:0.011833441623421192
already:0.017610826189680916
data:0.03556782573582803
announcement:0.027697580872468403
s:0.007520439767951737
