keys:0.019304653227125622
some:0.011502826355993636
since:0.009856264154697937
scheme:0.022614911204307406
tel:0.020026837829056045
true:0.012725521143634714
fax:0.015067208570854135
54:0.026963805665290698
way:0.008533856253923859
encryption:0.038096054120424626
c:0.012739397514428374
from:0.008340613344139661
dh:0.0324384426822638
avoided:0.02840178797347445
theoretical:0.02792469523460786
my:0.004680858430198528
to:0.002715663369637105
us:0.010147174316182247
that:0.006835559121861612
produce:0.02076590782675072
view:0.03355023401758258
provide:0.016635249646716324
like:0.005737138243885089
bontchev:0.1250560165725035
re:0.0036841428845139955
master:0.023426128410288908
this:0.010344481544264414
mean:0.01302178353118158
key-escrow:0.028658860649191546
30:0.016862588543713745
crypto:0.02238809377326599
contains:0.02067809608314185
joke:0.02418042595758789
on:0.007492741259693939
you:0.0027379260562006005
rsa:0.02770242708051688
used:0.009726421223334314
e.g:0.01999642965611476
2.2:0.024548216739701288
a:0.005503464535355252
other:0.0067946206297138465
practical:0.023643720618728013
test:0.017615270216648625
old:0.0130439068095681
secret:0.05906396493788141
hands:0.01973088647958174
chip:0.01592317417637081
features:0.02130860840421835
hmm:0.024434967881451535
mind:0.014924412822710035
pat:0.03993241607511113
are:0.006334102281785473
those:0.009142441646736749
reason:0.013163605536987822
it:0.006755772014580728
should:0.008092670651396452
couple:0.01554675760913556
have:0.005036951853671457
probably:0.011759722734134032
only:0.006569144030883186
kind:0.013574023137749063
session:0.02373999941711703
university:0.011578030057136224
real:0.01259898450245442
algorithm:0.08041475900967204
details:0.018792226021134655
public:0.014599727084042334
pgp:0.02238809377326599
exchange:0.02387137009239861
be:0.011398251372166922
writes:0.0032574502020569574
skipjack:0.030194720866092244
if:0.006602467189787284
of:0.0047891769843778
keeping:0.02059182227775905
key:0.07896163475952157
available:0.01330573314194202
what:0.004534197551707543
released:0.02130860840421835
easy:0.01632355450373797
must:0.011416061219110823
good:0.01596068819073398
one:0.00484389609741686
in:0.0008752694674605443
door:0.020837301951393904
point:0.02169000947054247
or:0.006643462637468821
and:0.0018807754408413293
for:0.0016027037581875566
known:0.01604398397865201
subject:0.0001315121029163463
however:0.01180836898619169
rm:0.025333103629205007
myrto:0.028838011605698318
becomes:0.0212106706182389
back:0.010376141478165209
pay:0.0164179411921078
any:0.005040823971866046
information:0.012013897953121995
will:0.016748354850787454
the:0.0018565345073621995
users:0.01945171215889745
can:0.008517891551110476
because:0.008693213295046867
agree:0.014859877728888863
clipper:0.0176059316197772
regards:0.020341712300550065
needs:0.016499244151080526
may:0.009167613435664192
rwing.uucp:0.028930091078664587
here:0.008868969978440375
is:0.006617552386469555
fbihh.informatik.uni-hamburg.de:0.06252800828625175
chips:0.04091370392312288
either:0.012332821217307183
privacy:0.023276387143370825
bucks:0.026488631940228814
vesselin:0.09675758920960646
center:0.01609177750479216
2:0.009598076611307432
their:0.014913139099327231
unless:0.015162864166209317
request:0.01921330555366666
1:0.009647900945441915
e-mail:0.013545299392375696
virus:0.0271545175479542
give:0.011641557986975403
lots:0.017973867051312122
built-in:0.027849486012288704
by:0.004878992486784069
says:0.012615895292746641
while:0.010691342393490259
protocol:0.05170424189543294
