keys:0.05024159750136539
libertarian:0.03477089612002843
another:0.014214777758901145
obvious:0.024658002012192384
choice:0.04836362403228901
at:0.0056472116182976345
with:0.01124668032287591
user:0.02424130438200651
much:0.011199979933076483
encryption:0.024786855725789095
ca:0.013183003821104622
objections:0.037068316615221884
paranoid:0.03411097324020508
to:0.0035338440002328996
sound:0.022122969802105326
most:0.011901252974147679
us:0.013204335808878179
global:0.03279302938338905
expand:0.034543289142740546
that:0.008894990395755815
technical:0.0491890672169141
control:0.019548937627827074
nt:0.013732279840816125
could:0.009673776636705496
re:0.0023970545049882726
worried:0.03224946184069625
this:0.006730544081684859
on:0.01300022628818692
you:0.010688442104013882
american:0.062058369565158
market:0.025069584712006553
access.digex.com:0.028669630605085702
a:0.005371169714793828
faced:0.037646208262621224
as:0.005128936924468067
secret:0.025619625817072493
idea:0.01777164291833818
steve:0.02055867850534863
standard:0.01951310602860408
manufacturers:0.09706365109469793
chip:0.020720540755149192
flaming:0.0353356862963763
success:0.028729539979561586
are:0.008242453610272121
fighting:0.029230106883224645
it:0.0021977912162818715
not:0.003864807747281826
choose:0.025473099290943962
have:0.0032772475201772616
probably:0.015302716121982104
japanese:0.032094990356215096
between:0.01489016567978465
whose:0.02399218878526262
algorithm:0.05232114127872892
plays:0.03174840560448256
war:0.022671955869057802
has:0.00682547739670866
public:0.01899836280808073
deny:0.030767149266678118
which:0.008281361105881523
if:0.008591672048248837
of:0.004985656040147145
result:0.022660268980842963
saying:0.01933689217284897
least:0.01543373322247745
loss:0.027281100923851175
pick:0.025769580173320605
difficult:0.02389236075024358
in:0.002277944896083211
government:0.017253941914207035
initiative:0.03568227104810883
or:0.004322509344250547
and:0.003671128985488364
for:0.002085569634051756
subject:0.00017113433905139932
example:0.03604306594561416
held:0.02606056461088703
any:0.006559533758261585
yet:0.016859415017218996
the:0.00531492507043563
do:0.009209204088544828
drugs:0.027806210683260703
would:0.011957046744927898
can:0.005542089695113547
specific:0.02349459159275918
clipper:0.0229102828129152
simple:0.021148644595873338
an:0.005755757298472671
people:0.01929837359068099
about:0.012628412568229122
is:0.003444520857572614
chips:0.05324026856662785
2:0.012489804821124415
history:0.021288510284300517
1:0.012554640332850696
under:0.015559765558369482
already:0.01862683539293174
lots:0.02338907058600231
citizens:0.02620101403162898
understand:0.01920613630086957
by:0.00634894535139209
concern:0.029529861792891562
