some:0.0082804033697401
read:0.01607803589998526
bbs:0.11480972061718188
there:0.006509070819696081
laissez:0.0934043101347454
entirely:0.029476064157313565
search:0.030263484392728482
all:0.006766438515221923
access:0.023775722468216492
your:0.008935689519016046
with:0.008295423784248898
such:0.027276839765500688
service:0.025833980343818033
to:0.004887231064151882
amendment:0.03241206272310132
basic:0.027089736238014184
legal:0.05360730771394929
metzger:0.0416511240352405
that:0.0049206329848861955
nt:0.0050643868916484995
anything:0.016462703193754636
re:0.0026520603033912803
this:0.003723279704761837
restrictions:0.036802411718890135
on:0.007191614542401276
you:0.015767347217268704
united:0.02781221264451927
a:0.005942570748282532
was:0.006279866199300607
as:0.0056745685121774355
let:0.01634849462945266
question:0.015482170803880172
equipment:0.02861672278397581
perry:0.06902647744823344
are:0.018238620754644694
no:0.015968024626702267
encrypted:0.034132358022188634
proper:0.029124312801715183
police:0.07820391301346152
not:0.004275957507630957
fifth:0.03550935103240819
have:0.003625890873387609
bound:0.03603493948739912
systems:0.021279554044557523
states:0.024488366918125413
domestic:0.03846992762215911
public:0.021019465234472293
be:0.004102562107357952
writes:0.004689804191613917
if:0.019011359425912318
of:0.004137033735441248
but:0.004718320725180214
order:0.019888772064769446
well:0.01193523340534287
court:0.028345117925271692
they:0.013232902475287144
up:0.009528087732995636
in:0.0037804191892444783
use:0.01179276260813722
and:0.0013538915407474818
for:0.002307438744057262
subject:0.0001893401198015482
i:0.0027077830814949636
ago:0.02029195549904003
yet:0.01865296980628485
the:0.004276612822632924
users:0.028004947292597036
cryptography:0.03476211333270729
would:0.006614536497194156
can:0.00613167370523201
law:0.02132511436343238
did:0.011658943570517484
problem:0.01500400916344386
just:0.008328996904013375
e:0.022063047489743453
snark.shearson.com:0.042353896394419444
time:0.011202198368111444
keep:0.018790174355502988
their:0.010735344812636268
run:0.037969282672161625
le:0.03805506090810515
switzerland:0.040095359294287994
under:0.01721505976670666
show:0.02134800474989243
article:0.005747041704373057
de:0.028659447001021066
condition:0.026936844599184547
comes:0.02144805912940079
by:0.007024365069625291
data:0.062432885600123667
pmetzger:0.04220766031496742
wish:0.02649700365091332
thats:0.036802411718890135
va:0.03539766055745685
