read:0.01971307010346019
resistance:0.04249802908625889
there:0.00798068683110563
your:0.03286779710038076
with:0.00508545545034389
encryption:0.0336239086367226
ca:0.01788303127036801
from:0.014722995729220445
my:0.008262732707220012
to:0.004793736209011586
attacks:0.039965881133569976
that:0.0030165619602997985
studied:0.04890080606386892
provide:0.029364831985073163
terminal:0.041514749567833055
nt:0.0124187574212598
could:0.026245376614366215
rob:0.11480041805215406
re:0.003251656545897135
so:0.008885309542477566
had:0.01334268248419248
off:0.018986586503968266
standards:0.036846072488913355
trucks:0.04956491892286522
used:0.01716924789858144
m:0.01190273662709628
more:0.0110558176158324
a:0.006071757068897369
computer:0.023310460044915784
are:0.005590533753054135
no:0.009789093358108781
reasonable:0.032507018870487375
choose:0.03455481295119355
neat:0.04554721927419949
being:0.01692003417326216
probably:0.02075846708721051
second:0.023910398057845797
call:0.023103966069553977
yourself:0.030489344968474715
pgp:0.039519852486721706
if:0.011654789908928858
of:0.005072363101714921
monitor:0.03258500730512007
they:0.016224689121873803
up:0.023364528180041474
good:0.02817408437146955
one:0.017101059265663
code:0.028178369655058228
system:0.01943671590645674
or:0.005863577893070307
better:0.019445355402620896
and:0.003319977517311216
subject:0.0002321474512349417
half:0.0328838563790697
i:0.004979966275966824
tempest:0.10459928706142502
top:0.02940549761884622
similar:0.027519637285797403
any:0.008898150141641803
tapped:0.04249802908625889
the:0.0026217495999619235
thing:0.019686369001086577
would:0.008109996922646748
radio:0.031194350963197098
once:0.02333070604282527
come:0.02087994499538616
just:0.010212074464920748
note:0.02575381825111737
dozen:0.04479784800253817
measures:0.04410796328743798
many:0.016114791544157334
about:0.01713071617951081
e:0.027051214748294146
head:0.030024867264832028
is:0.0023362837120927296
right:0.016868466032959127
type:0.028178369655058228
break:0.03412353520215553
2:0.016942691757351382
their:0.013162466248536644
protect:0.035907544321840554
advanced:0.04019777893428442
ham:0.05074580188946576
e-mail:0.023910398057845797
very:0.015158630363334324
little:0.020394249581725775
