some:0.017962105771282374
text:0.0556394420497472
encryption:0.059488453741893835
longer:0.05221863089806424
to:0.0021203064001397397
q:0.06530274528496398
been:0.06771878710252797
that:0.01601098271236047
months:0.05224299292276646
re:0.005752930811971855
this:0.00807665289802183
something:0.03062555872559266
on:0.007800135772912153
3:0.03602255299442492
as:0.012309448618723361
considerably:0.08440602424356064
chip:0.09945859562471612
works:0.04577116913154985
it:0.005274698919076492
not:0.009275538593476384
have:0.023596182145276288
has:0.03276229150420157
noticed:0.06240312340237424
of:0.002991393624088287
seems:0.03625364752893966
must:0.03565323734583842
over:0.030860626961836276
president:0.057930125525723054
in:0.005467067750599707
and:0.0029369031883906913
for:0.01001073424344843
subject:0.00041072241372335844
house:0.05289033760754141
than:0.02200925049568402
the:0.004638480061471095
would:0.014348456093913478
nobody:0.06166599485320658
clipper:0.10996935750199296
development:0.05980404666240311
ted:0.13804658854920066
bush:0.0718864062689674
changed:0.058143310674360384
is:0.004133425029087137
clinton:0.11277403964524409
choosing:0.17489899443573417
white:0.052291833012624495
under:0.03734343734008676
announcement:0.07030924375318902
