keys:0.06531407675177502
bellovin:0.10098184614337953
all:0.015901130510771518
where:0.030790946637229363
from:0.01410953757383626
that:0.00578174375724128
technical:0.06394578738198833
nt:0.011901309195373974
need:0.032020033191620605
re:0.006232341712969509
off:0.03639095746593917
you:0.027789949470436094
why:0.029662043002566772
a:0.0023275068764106585
was:0.02951537113671285
as:0.013335236003616973
secret:0.06661102712438847
said:0.03652508047772387
chip:0.053873405963387896
sk:0.21257881665737688
reported:0.06882279328352772
being:0.03243006549875247
ve:0.03041889498379057
date:0.05962998649638872
secure:0.07124593164599893
details:0.06358036470483891
public:0.049395743301009896
device:0.06690257974851375
which:0.021531538875291963
writes:0.011021039850292706
if:0.022338347325446976
key:0.053430706187276265
anderson:0.08087779692903828
in:0.0029613283649081745
use:0.02771299212912247
subject:0.0004449492815336383
steven:0.07477523546415035
the:0.0012562550166484215
do:0.011971965315108277
ross:0.09040432991207391
got:0.03686923036050957
can:0.014409433207295222
clipper:0.05956673531357952
maybe:0.0441318847057054
jim:0.05643884578248116
just:0.019573142724431433
about:0.016416936338697858
e:0.051848161600897114
is:0.004477877114844399
chips:0.0692123491366162
nothing:0.04258093335834848
article:0.013505548005276683
comes:0.05040293895409186
s:0.010340604680933639
share:0.0680174836623476
