keys:0.02665880683745919
there:0.006243394459708486
encryption:0.02630441832124557
to:0.004687752245206908
attacks:0.03126582537660236
then:0.010856328910039476
manufacturer:0.03411419500148797
that:0.007079686233356669
really:0.013274800974087932
id:0.06380692255813951
could:0.010266048675687464
rob:0.08980985085712732
me:0.007371351567377855
re:0.0025438129440691873
so:0.006951092499217143
phone:0.03996390647904175
authorities:0.03167152786857332
this:0.010713927313702428
on:0.0034490396274781624
standards:0.02882515874983017
detect:0.034861234906298895
used:0.013431724546509288
vs:0.0232422581296826
modem:0.029002520928808232
access.digex.com:0.03042491411151952
a:0.0019000056133964558
other:0.009383047536271501
practical:0.03265085228300535
as:0.00544295347086407
old:0.01801301416559404
idea:0.018859702688848682
standard:0.020707785989539023
proposal:0.03206259651427183
capture:0.037235731633020484
therefore:0.02335323483370657
chip:0.06596743587353619
are:0.004373546813613779
no:0.007658134259744965
place:0.01849950760079201
it:0.00233234986217668
choose:0.027032676798552778
neat:0.035632178343761506
made:0.015820269060666674
probably:0.016239617109042235
completely:0.02446934446965626
register:0.07047158242733287
device:0.027307175407556637
access.digex.net:0.03374352707438545
be:0.0039351105927719135
loop:0.03492224626672584
which:0.008788383214404883
writes:0.004498383612364369
of:0.002645450143751546
key:0.08723380602004288
decrypt:0.03995107815625109
order:0.019076985449880898
they:0.0063463920034540384
code:0.04408860558274417
in:0.003626116365193683
system:0.015205594076479761
or:0.0045871527734903765
use:0.011311425358825497
registration:0.033641228588912386
and:0.0025972613230665974
for:0.002213257570830435
seriously:0.026373834444879868
subject:0.00018161195164638296
combination:0.03374352707438545
outside:0.024522284200554592
i:0.0012986306615332987
leads:0.030882962547360254
any:0.006961137865910253
will:0.015419120338820196
the:0.009229628693743505
thing:0.015400900919217392
when:0.02668723352742318
serve:0.028483731916334555
would:0.01903366624702808
can:0.005881401309100091
peter:0.025046891706299024
radio:0.02440374395080045
simple:0.022443459571130888
individual:0.026269974090248657
an:0.006108150602460794
makes:0.018999849539129074
during:0.019920881019064425
surveillance:0.040625165929341095
many:0.012606809711415602
about:0.006700790342325656
is:0.0036554098896688964
implementation:0.033540445692414836
2:0.01325448674894836
ham:0.039699096716248716
cellular:0.03570054797541798
article:0.005512468573582319
difference:0.021817373107716913
data:0.01996153485174022
remain:0.030552668496904533
apply:0.027207863846868525
doubt:0.02367396121755488
