another:0.010172042799947609
report:0.017411597355388785
apologies:0.02499381306352566
at:0.004041123910341427
out:0.00540448210587367
there:0.0042099953466841625
posting:0.015133892463102023
knows:0.016027345922666216
case:0.011337665629847504
access:0.015377875541369384
much:0.008014664539265741
encryption:0.017737382996436235
from:0.011650076895828105
signals:0.02330700214551962
respected:0.027490609178031995
to:0.0050576115966636
everyone:0.014025287878500475
design:0.051786704689340955
look:0.021753837837393677
us:0.009448974248555028
might:0.029271813796492376
ai:0.02225994410890962
make:0.01614752737018077
that:0.004773916863777204
view:0.015620865838461614
think:0.013208697500261976
indeed:0.016918542699562458
nt:0.003275589686800177
its:0.00948543374327601
confidential:0.028713676440664786
re:0.0017153234072393145
dsp:0.02758926149555935
voice:0.04990588488214911
phone:0.013474069386282428
this:0.0024081763228046746
parallel:0.02110712563055684
best:0.011170532476887313
something:0.009131473931942765
on:0.002325728556143532
you:0.005099073297327724
specs:0.02222884462732531
thereof:0.027898625168933353
them:0.013448249280112302
m:0.006278966569339781
why:0.016327730093156023
a:0.0012811964457306378
how:0.00603377521664736
horrible:0.023631892294916926
secret:0.018333310217721603
idea:0.012717322455324571
part:0.011234963818409528
given:0.012788016326519639
widely:0.022549755584237746
chip:0.044482628777109276
experts:0.06668653388197593
panel:0.022616722554059547
computer:0.01229680231727209
reason:0.02451570572484888
it:0.012581850632659522
not:0.008296926723522453
should:0.0075358355148324755
have:0.0023451862988424443
only:0.0061171387076572785
recognition:0.026074391372299822
algorithm:0.03744081669487024
details:0.03499836589257188
public:0.013595158706699972
network:0.016850870046007233
publicly:0.023759914258756728
be:0.021227936041742067
kid:0.023229251878025246
if:0.003074084494327566
whatever:0.015160369627309005
of:0.0044596464579297855
offered:0.021230113050055264
findings:0.026447536507409695
effectively:0.02245110326671039
but:0.00610351580046248
seems:0.010809573804500358
well:0.007719577569510756
they:0.004279447818842861
good:0.014862475700545864
in:0.0032601780164126697
government:0.012346857516588521
become:0.015193682453188752
point:0.010098788813119545
or:0.006186343648652159
secrecy:0.055380164337162516
and:0.005254092859964999
for:0.0059697039066435595
known:0.0149400401269099
subject:0.00012246310500925824
outside:0.016535668704043695
i:0.0008756821433274997
nsa:0.04133543415430932
criminal:0.02140803059608809
possible:0.011820970747543956
addition:0.03637949193340729
will:0.010397296742231967
capabilities:0.02350734647351348
the:0.005877890444868762
when:0.005998506618549247
would:0.00855641877159978
clipper:0.016394514306489777
did:0.007540876346068649
once:0.012307482545527094
put:0.011410363759388897
may:0.01707362869210854
just:0.005387103502137092
note:0.013585729811369256
here:0.016517439501132075
is:0.0012324432426177245
implementation:0.022616722554059547
new:0.007908254884786912
else:0.011589689107055308
easier:0.038318107471638545
insist:0.024262493169360057
life:0.012799905290315184
their:0.006943502837530798
first:0.008612636832068997
widespread:0.024613594440563425
thus:0.01528144528842342
past:0.015153735994969558
documentation:0.020537267832565053
god:0.012170542347592775
s:0.011384151942312263
