keys:0.019594223025532504
screw:0.02499456658031221
go:0.009727161258970636
inexpensive:0.02736826275027006
out:0.005890885495402299
say:0.009487724871337717
know:0.0061693756282915095
true:0.012916403960789233
allows:0.020663366925730817
with:0.005848273767895473
encryption:0.019333747466115495
into:0.017908039029823863
from:0.004232861272150878
to:0.0034454979002270774
real-time:0.029756400522052032
front:0.017584754646829667
that:0.005203569381517152
talking:0.03259691180362268
nt:0.010711178275836578
could:0.007545545776630287
need:0.02881802987245854
re:0.005609107541672558
so:0.0102181059738492
anyone:0.008364573748206957
phone:0.044060206893143536
this:0.01049964876742838
crypto:0.04544783035972996
two:0.009323947163266557
on:0.0050700882523928995
you:0.013894974735218047
rsa:0.028117963486724632
market:0.019554276075365112
them:0.007329295857661205
communications:0.021095414481668472
link:0.02422944064378459
economy:0.025945700261817545
sure:0.010910220100796017
a:0.006982520629231975
how:0.006576814986145622
was:0.004427305670506928
as:0.0040005708010850925
private:0.035496811236745515
standard:0.015220222702311183
compiler:0.02797302580235837
silicon:0.0271819057762839
international:0.01982682310370697
chip:0.08081010894508185
business:0.018082818666167837
are:0.006429113816012255
care:0.015830084706369485
it:0.0085713857434993
not:0.0030145500428798246
wiretap:0.024366435514725164
being:0.00972901964962574
systems:0.015002085601413053
kind:0.0137776334848153
absolute:0.023223016856276035
expect:0.01728110541579194
real:0.012787969269991237
wiretaps:0.06287752341031619
has:0.005323872369432755
talk:0.017297968838185136
which:0.006459461662587589
hackers:0.028421086595806805
writes:0.003306311955087812
of:0.0019444058556573865
even:0.00839579723883013
believing:0.024689128120413018
gives:0.018182622378980526
what:0.004602210514983156
but:0.0033264161112520514
saying:0.015082775894822197
fact:0.011991335643144196
who:0.006465264371169241
up:0.006717301851761923
in:0.0008883985094724524
use:0.008313897638736741
and:0.0038179741449078986
still:0.010208545411147737
for:0.00650697725824148
subject:0.0001334847844600915
amanda:0.09475109816857306
i:0.0019089870724539493
example:0.014056795718789523
hart:0.02891328695987307
we:0.02021615858570955
walker:0.04873287102945033
alternative:0.021770813381821734
phones:0.024763756371496397
the:0.0018843825249726326
do:0.01077476878359745
allowing:0.023507184230091866
when:0.01307674442843736
start:0.014087810439412563
strong:0.01805326192985255
would:0.00466324823052188
agree:0.015082775894822197
clipper:0.017870020594073856
instead:0.015338671557923208
put:0.024874592995467792
come:0.012005968372347043
an:0.004489490692808683
jim:0.016931653734744347
just:0.00587194281732943
here:0.00900200452811698
people:0.015052731400731174
about:0.009850161803218715
including:0.01589983853265115
company:0.01683064019815675
is:0.0067168156722665975
privacy:0.14175319770312833
mostly:0.02040524509870428
somebody:0.018978641117373775
does:0.006092444071687626
their:0.00756841809290857
build:0.018658165315091773
very:0.008716212458917237
de:0.02020491013571985
give:0.011816181356780033
smart:0.02480149239967331
announcement:0.022850504219786433
