at:0.013983571626260809
marc:0.15216648873877764
access:0.05321233123838929
your:0.07999569664642936
times:0.044610732404651215
displays:0.08092330593901242
control:0.04840689317366704
like:0.01848633434140751
nt:0.011334580186070451
re:0.005935563536161437
this:0.00833305457732411
unix:0.06289789549397354
on:0.00804775913078238
a:0.0044333464312583965
crashes:0.09234521764739496
chip:0.05130800567941705
computer:0.08510167952905762
it:0.04353719742729802
proof:0.06646204113811396
messages:0.06944508351406192
screen:0.05933820904930234
writes:0.010496228428850195
down:0.03752961233258981
version:0.04953127948675531
windows:0.043606463197198436
up:0.021324767783371182
sounds:0.05655086608826727
over:0.031840329405069166
in:0.0028203127284839756
replace:0.0697835401722972
or:0.010703356471477543
subject:0.0004237612205082269
space:0.04853194853195402
silly:0.07416851440449017
the:0.0023928666983779458
do:0.011401871728674549
wright:0.09022567173272
clipper:0.05673022410817097
fight:0.06761276339268783
is:0.008529289742560758
disk:0.11114218996190099
widespread:0.08517085060385438
article:0.012862426671692078
very:0.0276705157425944
random:0.07084449284096148
takes:0.056760315142534455
virus:0.0874978898767413
