gtoal.com:0.12196226677335578
out:0.025067597852775743
stand:0.08378167137162686
text:0.07694816453688441
though:0.05288391918320595
to:0.0029323386384911294
q:0.09031230730899273
make:0.03744852092233412
like:0.02477955454273773
happens:0.07949101095273997
re:0.007956180910173841
this:0.01116983911428551
crypto:0.09669751140368076
on:0.010787421813601913
toal:0.1209407940247098
a:0.002971285374141266
as:0.017023705536532305
private:0.0755251302909479
chip:0.13754912160864996
it:0.0072947963774462115
systems:0.06383866213367256
be:0.012307686322073857
writes:0.014069412574841752
gtoal:0.1209407940247098
whatever:0.07031831018624177
of:0.008274067470882496
and:0.004061674622242445
subject:0.0005680203594046446
amanda:0.4031961624194599
house:0.07314621158489769
walker:0.2073739192742567
graham:0.10368695963712835
will:0.024112879678793286
the:0.0016037298084873467
effect:0.07375262669409374
clipper:0.07604264082584619
thumb:0.12535865284977882
white:0.07231849246426791
new:0.03668084180603291
does:0.025925293922075005
already:0.06182524087866705
announcement:0.09723618816930396
