involving:0.026943765531337625
gtoal.com:0.02866113269173861
say:0.009487724871337717
there:0.009177789855771475
scheme:0.04590826974474403
marc:0.02396622197635748
all:0.004770339153231456
true:0.012916403960789233
means:0.014172976102193764
text:0.018082818666167837
with:0.0029241368839477365
encryption:0.05800124239834649
work:0.020250724639903038
possibility:0.02120490790820666
suggests:0.024652227583924904
to:0.006201896220408738
q:0.021223392217613293
positive:0.022135000001583065
front:0.017584754646829667
puts:0.024689128120413018
make:0.017600804833497036
that:0.005203569381517152
docs:0.02743195787915721
really:0.00975697871595463
nt:0.0035703927586121925
its:0.01033912278017085
need:0.009606009957486181
re:0.0037394050277817052
anyone:0.008364573748206957
phone:0.014686735631047845
this:0.01049964876742838
parallel:0.023006766937306952
on:0.010140176504785799
you:0.0027789949470436092
them:0.007329295857661205
toal:0.028421086595806805
m:0.013688147121160722
sure:0.010910220100796017
a:0.004887764440462383
how:0.006576814986145622
hard:0.013521167012877547
other:0.006896539939159554
same:0.009710466752643062
was:0.004427305670506928
as:0.0040005708010850925
manufacturers:0.02523654928462146
whole:0.014959577375136451
chip:0.06464808715606549
no:0.005628728680912549
digital:0.020646837985058317
d:0.018218442223770354
telephone:0.022385621937495905
lay:0.023934272985863623
it:0.01199994004089902
have:0.0025562530657382643
only:0.013335362382692867
ve:0.00912566849513717
hint:0.02736826275027006
left:0.014622025917502808
suspect:0.0388209506289776
spin:0.029364042444844553
be:0.00867691885706207
which:0.006459461662587589
sort:0.015687306538305152
gtoal:0.028421086595806805
analog:0.026943765531337625
if:0.006701504197634093
end:0.027042334025755094
of:0.0068054204948008535
seen:0.012962324453111764
but:0.006652832222504103
seems:0.01178243544690539
easy:0.016568407821294037
loss:0.02127925872060392
they:0.004664598122538719
in:0.0017767970189449048
purely:0.024916439990796808
and:0.0019089870724539493
few:0.011428137504531434
for:0.00325348862912074
subject:0.0001334847844600915
i:0.005726961217361847
nsa:0.022527811614098576
back:0.010531783600337687
house:0.017189359722450958
signal:0.022527811614098576
any:0.010232872662888073
graham:0.024366435514725164
will:0.005666526724516422
later:0.01597706014478852
suggestions:0.019784981855354388
phones:0.024763756371496397
the:0.004145641554939791
putting:0.02010027253519007
intended:0.020342744284883123
would:0.00932649646104376
clipper:0.03574004118814771
compression:0.02433183330050229
come:0.012005968372347043
just:0.00587194281732943
here:0.00900200452811698
about:0.009850161803218715
different:0.01263608449005624
tap:0.02783217141752489
language:0.020389546498680945
is:0.004030089403359958
discussion:0.017189359722450958
white:0.01699484572910296
new:0.008619997824417735
bucks:0.02688596141933225
conversations:0.02724325623924297
does:0.012184888143375252
bandwidth:0.02671645366095384
speech:0.04749350201714271
designed:0.019647986984413814
primarily:0.023746751008571355
majority:0.020613943129568105
announcement:0.022850504219786433
s:0.009306544212840275
