keys:0.18086975100491542
large:0.04606206338288578
tel:0.06254535506612888
where:0.028422412280519414
fax:0.04705605138282138
54:0.08421003923160018
c:0.07957223678242954
enough:0.037417669645190714
bit:0.041924372277779995
nt:0.0109858238726529
bontchev:0.39055955944951093
re:0.005752930811971855
anyone:0.02573714999448294
30:0.052663161144213703
on:0.015600271545824307
rsa:0.08651681072838348
used:0.03037636166672101
2.2:0.07666596920245171
a:0.002148467885917531
how:0.02023635380352499
test:0.05501384390737955
commercial:0.06409764000388848
secret:0.06148710196097398
are:0.02967283299697964
it:0.005274698919076492
not:0.009275538593476384
sufficient:0.07038834220704161
university:0.03615907848613313
algorithm:0.06278536953447471
secure:0.06576547536553748
public:0.04559607073939375
pgp:0.06991973901496917
writes:0.010173267554116345
depends:0.06624255593080765
of:0.005982787248176574
even:0.025833222273323474
key:0.04932065186517809
available:0.04155482812021893
for:0.005005367121724215
subject:0.00041072241372335844
rm:0.07911723133428641
the:0.0011596200153677738
can:0.013301015268272515
regards:0.0635287322617179
finally:0.05594653039686316
fbihh.informatik.uni-hamburg.de:0.19527977972475546
vesselin:0.30218139399307864
128:0.08870096859408175
center:0.05025585897650475
request:0.060004631190682035
e-mail:0.04230301194849641
virus:0.08480564711130312
