believe:0.009167391900128018
go:0.008208574902084924
at:0.0037171519512845187
out:0.009942422777050293
round:0.01856828140084067
there:0.007744970342423185
scheme:0.01937057795136879
il:0.021698818720373908
know:0.005206224158895788
case:0.010428738849395592
knowledge:0.015598190484608166
fax:0.012905668100773794
versions:0.018735962112442
own:0.02868975488035437
your:0.010632339427689978
way:0.007309589955892587
encryption:0.03263079741116539
though:0.01048752827683831
meaning:0.016649563438330347
from:0.003572034828819306
except:0.013604900502125794
corp:0.01952812086460779
to:0.005815186329497176
receive:0.018069277516900864
rd:0.021855111005945005
implement:0.02147472663044164
slightly:0.01826865677787363
then:0.006733672361923219
been:0.006190887709795102
that:0.008782395580619665
r:0.013081096062148226
bontchev:0.05355774549413124
re:0.0015778080285998755
effort:0.017140746357505076
afraid:0.019051579045280386
michael:0.01267803882562738
had:0.006474297407941498
this:0.008860463094876269
2.0:0.019788222818663517
he:0.0067094228165410765
management:0.019113478580081205
on:0.0021392777436256955
regard:0.01937057795136879
you:0.0023451434152266743
fall:0.016456966360313637
assume:0.014647631034975427
identical:0.020621406518648827
them:0.006185059795494686
roger:0.055870313589450535
m:0.00577558950259946
sure:0.009206936793920689
a:0.0011784844943851433
sorry:0.013406821454593352
j:0.012886618816577478
was:0.026152860500884806
as:0.00337600911483974
part:0.010334270516511717
question:0.009210911744080608
whole:0.012624115928385188
obtained:0.02022465989566032
no:0.009499964018417803
permission:0.04218492249841723
d:0.01537421284706359
reason:0.011275155797504335
it:0.00433994214860724
not:0.005087848173636834
choose:0.016767103330747924
should:0.006931696802672909
interesting:0.013789133172664187
date:0.0150961991130098
second:0.011602091884608718
strength:0.021935483136623038
referring:0.020039452327908314
algorithm:0.0688784644682001
has:0.008985438598198742
list:0.012285352729626917
writes:0.005580273341920357
applications:0.016456966360313637
prior:0.01939272713232298
were:0.013091167067276784
attempts:0.0194598809521791
if:0.00848291670586594
of:0.006563395293358266
even:0.014170121922076164
key:0.013526761060069939
treat:0.020362112091586955
version:0.013166542648377993
least:0.010158913007200347
phil:0.03739623924612652
clear:0.0139145600936144
in:0.0014994067670421136
our:0.018816670236121463
point:0.009289181271139495
or:0.0028451960240636507
world:0.010638188560053488
and:0.0032219191096269184
for:0.0054911200491489275
subject:0.000112645387730035
twice:0.03806229206122923
i:0.005638358441847108
license:0.03947944665483138
nsa:0.05703243446607235
we:0.005686683146472447
limited:0.016380147944716282
any:0.0043176677902481315
information:0.020580770333196326
program:0.0117157528792577
than:0.00603629233003992
the:0.0034984316919323137
do:0.003030877294964121
uh:0.021698818720373908
original:0.013021805963179237
denied:0.04499781346838972
less:0.011598588846397794
would:0.003935230574280068
countries:0.017786832442322344
an:0.0037885997407668213
myself:0.014062624734168283
just:0.004955226006185172
note:0.01249657847628058
about:0.0041561864148602174
efforts:0.020475391627604627
draw:0.035634595247290145
is:0.0034009193277299227
fbihh.informatik.uni-hamburg.de:0.02677887274706562
export:0.08758042282470056
cis:0.025662026526698186
suite:0.02231739878025524
vesselin:0.02762558454226457
cook:0.022640352692163822
conclusions:0.0427339823578861
their:0.006386850711315248
designed:0.03316115946736509
very:0.00735545355182889
past:0.013938879522799002
lake:0.02245279251254005
by:0.01253715790907805
security:0.01566191524488562
s:0.007853623808304028
