some:0.010424436385119232
ahead:0.03858606682731059
text:0.03229074761815685
with:0.00522167300704953
ron:0.0378330208591521
encryption:0.034524549046634816
lincoln:0.05210506444007644
longer:0.03030545543191228
to:0.0024610699287336262
q:0.03789891467430945
been:0.03930108180057426
that:0.018584176362561256
like:0.010398563067041724
along:0.031196084028046737
months:0.030319594106962677
me:0.009674898932183434
re:0.003338754489090808
this:0.009374686399489624
something:0.017773761760388595
on:0.004526864511065088
you:0.004962490976863587
apparently:0.03382733085938985
3:0.02090594593426446
how:0.011744312475260038
other:0.012315249891356345
was:0.007905902983048085
as:0.007143876430509092
considerably:0.04898563906992358
chip:0.057721506389344174
are:0.01148056038573617
no:0.010051301215915265
works:0.026563624942417322
it:0.006122418388213785
not:0.005383125076571115
have:0.01825895046955903
probably:0.02131449745561793
ve:0.016295836598459235
has:0.019013829890831266
noticed:0.036216098403163616
writes:0.005904128491228235
if:0.005983485890744726
of:0.001736076656836952
what:0.008218233062469922
seems:0.02104006329804534
must:0.020691610959638368
who:0.011545114948516502
over:0.017910185290351408
president:0.06724032427092853
in:0.0031728518195444726
and:0.0017044527432624546
still:0.018229545377049527
for:0.005809801123429892
subject:0.00023836568653587764
mrs:0.056940754461797374
i:0.0017044527432624546
house:0.03069528521866242
than:0.02554645146820466
the:0.004037962553512783
got:0.01975137340741584
would:0.01665445796614957
nobody:0.03578830058445024
clipper:0.06382150212169234
did:0.014677777173597905
development:0.034707705652287514
people:0.013439938750652834
ted:0.08011632371158965
bush:0.08343957870505143
changed:0.03374388565922701
is:0.0047977254801904266
clinton:0.09817382915545801
choosing:0.10150388069931
white:0.030347938801969572
time:0.014102767588426013
gone:0.035085691043596094
amazed:0.05178615298827217
under:0.021672530599157493
going:0.019444782893300736
announcement:0.0408044718210472
s:0.005539609650500163
