say:0.012908469212704377
andrew:0.051230723254040794
know:0.008393708337811577
your:0.025712902493495154
corporate:0.036424925393121727
stream:0.036348916545515426
my:0.019392127782251044
to:0.0028126513471241443
then:0.010856328910039476
relevant:0.030584985522473226
approximately:0.035235791213666434
that:0.007079686233356669
nt:0.004857677222601622
could:0.010266048675687464
need:0.013069401302702286
plaintext:0.08182937423172705
re:0.005087625888138375
voice:0.049340058522941065
phone:0.019981953239520876
off:0.014853452026913948
ti:0.025773204464297025
something:0.013541913722200835
you:0.015123782024727125
des:0.03194289745379306
digitized:0.03995107815625109
machine:0.0221278867641112
am:0.011117934399329017
a:0.006650019646887595
was:0.006023545129941399
idiot:0.036053099457489995
acceptance:0.03549746659344736
whole:0.020353166496784286
chip:0.021989145291178732
cheap:0.025280484478958146
d:0.012393498111408404
it:0.00932939944870672
not:0.004101428629768468
wiretap:0.0331516129452043
couple:0.021469331936425296
probably:0.03247923421808447
interesting:0.022231459604907567
session:0.06556761743775179
copper:0.04479594465645952
exists:0.02538525893209765
be:0.0039351105927719135
which:0.017576766428809766
stick:0.02875053948880586
sort:0.021343274201775713
writes:0.004498383612364369
get:0.017882639119607104
were:0.010553083656274144
if:0.009117692785896725
of:0.006613625359378867
short:0.02355767255524672
even:0.01142285338616344
key:0.04361690301002144
available:0.018374583862681836
but:0.004525736205785103
in:0.006043527275322806
office:0.04966990357885933
force:0.02431295318921613
message:0.022090611486800825
and:0.0025972613230665974
for:0.00442651514166087
known:0.022155977875281348
subject:0.00018161195164638296
inches:0.03786689988778896
i:0.0012986306615332987
the:0.003589300047566919
do:0.00977303291029247
can:0.005881401309100091
shelf:0.03732239167232273
an:0.006108150602460794
just:0.007989037846706707
different:0.017191951687151343
is:0.005483114834503345
chips:0.05649987684621731
morning:0.02918463141224092
time:0.010744965781657916
easier:0.028412746356521093
lot:0.016860907403165922
hear:0.022542051457542907
every:0.016545228074404054
change:0.020217749033404675
article:0.005512468573582319
very:0.011858792461111886
going:0.02963014536122017
by:0.006737656291273239
bug:0.10123058122315635
s:0.016882619887238593
