at:0.037223873765680184
know:0.0173785228965958
damn:0.06058925151214939
take:0.029940128596277513
with:0.008237005306895032
though:0.035007664811418024
o:0.049309563152111005
both:0.03162963496208786
my:0.013383299455356356
to:0.0019411255775927195
look:0.03339673696163254
trust:0.05844180653124413
me:0.015261812400064011
re:0.010533535289525931
key-escrow:0.08194012270120962
crypto:0.064011028675676
you:0.007828154780404533
m:0.019279080452339045
a:0.0039338144390039295
j:0.08603179322616515
was:0.012471283578892755
as:0.011269213524183358
secret:0.0562910088375114
chip:0.045526821940891186
reason:0.03763678766209194
not:0.016983380523266617
have:0.007200712861234548
whether:0.04024589556171584
algorithm:0.05747956365832192
doing:0.037756378945990356
be:0.00814734164982354
stick:0.05952576485710509
scared:0.08005939886142761
of:0.0027385997967005445
what:0.012963973281642694
they:0.013139713021235826
good:0.022817040159992946
in:0.0025025310125984575
quoting:0.07589793107419049
and:0.008066142559664573
for:0.009164756701748563
subject:0.0003760134773523704
i:0.008066142559664573
any:0.01441249670829306
the:0.004246495830924242
clipper:0.05033808618048974
record:0.05431899151037458
fish:0.07745485888263871
paul:0.09225415467912838
does:0.01716181428644402
records:0.06944289460260536
history:0.046774754990857474
x:0.04288957731755074
every:0.03425561305545628
nixon:0.08144587876020583
article:0.011413139159388746
