keys:0.03392939052040261
escrowed:0.02585237831867161
perform:0.020154608643637568
at:0.0038137013526165844
there:0.007946138403265345
with:0.005063440491684393
encryption:0.016739175295338093
from:0.010994444862729554
to:0.007756099169342339
line:0.012224258652839777
might:0.02762448228413566
civil:0.018065885192816076
that:0.0030035032505149506
view:0.014741769492574162
think:0.006232675443846559
like:0.010083455095313188
nt:0.003091249141655578
suppose:0.033369168706763375
happens:0.016173495734973068
generally:0.016739175295338093
need:0.016633783476166546
re:0.0016187900553167555
political:0.031210179891614936
national:0.014087333008603955
escrow:0.020035344783169037
phone:0.012715788425149649
tiff:0.0235872348391714
this:0.006817953745083364
mean:0.011443385527401994
federal:0.06842348382156298
two:0.024218044579913136
on:0.0021948433993042855
possibly:0.016783349192196283
great:0.010914505146028904
them:0.01269142139854754
state:0.011505252757318686
bryan:0.02294288147294818
a:0.007859114128139886
want:0.00819306479529083
broad:0.0238630608754749
old:0.022925654392574234
idea:0.012001628983812797
local:0.01323109719444135
proposal:0.04080694101816415
quoted:0.01934122075686956
based:0.013077502216019663
moves:0.022341857902150708
d:0.007886771525441712
reason:0.011568016987049904
police:0.06364647466030635
it:0.005936890558267913
wiretap:0.02109648096513001
only:0.00577288414835189
fail:0.019761843044547686
between:0.010055696303231193
able:0.011417598381431467
suspect:0.016805606332890733
layer:0.025423413372159788
crowd:0.023179497977441097
without:0.009728183916893918
be:0.010016645145237599
which:0.005592607500075834
writes:0.0028626077533227805
get:0.005689930628965898
if:0.002901084068239867
of:0.005050404819889316
even:0.014538177036935288
key:0.02775621100637728
looking:0.01122894088920625
what:0.011953793545410795
but:0.002880013949135975
parts:0.015795216499637926
ok:0.014129217274939099
decrypt:0.025423413372159788
understanding:0.017377293441172406
seems:0.010201242811173497
order:0.01213989983174239
court:0.017301565486854152
they:0.008077226186214231
who:0.00559763149018982
up:0.0058158457591012324
now:0.014302289159118999
good:0.007013029659564932
olson:0.07627024011647937
in:0.001538352397354896
point:0.02859137612026053
system:0.01935257427915606
bringing:0.02294288147294818
or:0.002919097219493876
force:0.015471879302228448
opposed:0.01938149085497481
unable:0.01980624347817188
still:0.008838567455539166
for:0.0014084366359830042
subject:0.00011557124195678917
i:0.0016528026601332895
becomes:0.01863968024027055
power:0.01169634320420148
warrant:0.020377930586453555
pay:0.01442788771427655
will:0.014718251232510188
agency:0.0189395682311078
the:0.00424190005621545
do:0.0031096013805476047
start:0.012197238475681872
level:0.015240411959280298
law:0.026033256495618752
liberties:0.02409711811041116
denning:0.023131128710782545
may:0.008056387564674592
ny:0.018186984119406578
fbi:0.016514380442815304
just:0.01016786635035399
here:0.007793943314386996
people:0.01303266787942093
tap:0.02409711811041116
is:0.004652339859578596
deal:0.014269761869093112
unlike:0.019965332405482452
houses:0.022107800667214447
days:0.0257857370090924
request:0.016884420032010097
too:0.008452458302443708
agencies:0.06017680843739756
article:0.0035079345468251124
enforcement:0.03913498202062878
give:0.010230460049160202
bad:0.011864073795438891
needed:0.014440790866389702
by:0.0042875994580829704
identify:0.02157267531670719
range:0.017314095175279973
s:0.005371742691394098
