since:0.008406813543712947
gtoal.com:0.024084985455242527
at:0.007403067331549841
out:0.009900647891432435
sector:0.04480874702524523
your:0.010587665732615652
continue:0.016421034482779182
cut:0.015382418049598326
such:0.016159808432502507
from:0.010671078837355154
my:0.007984993792691608
to:0.004632602218792708
building:0.015968351129574166
prime:0.021104280827378134
permitted:0.02483728894872566
centers:0.023161206143843285
software:0.011831033144879228
been:0.030824377882803348
that:0.001457582459808726
think:0.006049361460204013
really:0.008199141778113133
along:0.014680510130845524
could:0.006340794770277552
re:0.004713535749304671
wait:0.015426049601303015
national:0.013672999684821484
had:0.00644709447765603
this:0.004411617129171588
key-escrow:0.02444432231842808
carefully:0.01953841828416312
federal:0.016602757103761603
crypto:0.019095727041903342
restrictions:0.043606218927424445
on:0.004260578363355377
you:0.007005869614395654
machine:0.027334448355666778
toal:0.023883266046896473
posted:0.014341936657486955
m:0.005751322319815429
a:0.004107365076018809
was:0.003720424933199099
commercial:0.05251697395276578
as:0.003361824202592514
secret:0.01679269591371138
listen:0.017945152816568354
private:0.029829253140122282
usa:0.015313536495919012
chip:0.013581530915139806
success:0.018831127045426922
no:0.014190072304821553
internet:0.036006730375394196
ip:0.048450108895927005
it:0.012965121292688014
not:0.002533235330151113
have:0.004296223639896242
involves:0.022008110153499752
desk:0.02249774803692812
systems:0.01260679462303618
only:0.005603093438106246
ve:0.0076686289875102275
completely:0.015113418643022984
algorithm:0.017147264788827127
connection:0.018091454350850824
has:0.008947684654508832
attempt:0.01620440503040586
network:0.01543483054634276
his:0.007749701855064103
exchange:0.020360874490575283
without:0.01888412172102937
intent:0.02074716648774203
be:0.007291528451312664
writes:0.0027784134076368166
gtoal:0.023883266046896473
if:0.008447274198698437
of:0.0032679090011048513
even:0.007055291797336242
sit:0.019561826036471757
opinion:0.013904670439444072
but:0.0027953076565143285
years:0.018737608596473894
networking:0.051716142423589045
least:0.010116228498766732
oh:0.013570236067821316
universities:0.024369954347422194
find:0.008892633351568867
now:0.0069408167978077485
professional:0.02008615701468095
in:0.0007465533693045818
our:0.009368804298236947
point:0.018500302195462694
vendor:0.023106281431375414
or:0.0028332414189205265
use:0.013972937207960907
and:0.0048125724515645785
few:0.009603476894564228
irrelevant:0.020624480963824965
for:0.0027340240580846554
subject:0.00011217208778158947
amanda:0.07962277157022947
however:0.010071844135281147
until:0.024043409456845747
i:0.0032083816343763854
example:0.011812433377134052
back:0.008850238319611502
ago:0.012021704728422873
walker:0.04095199246172296
graham:0.02047599623086148
will:0.004761787163459178
the:0.005067247125976827
wrong:0.011106815364831346
see:0.007434393955509143
upgrade:0.018582207576675405
would:0.007837391984070387
major:0.013766504087049545
hits:0.04161975860755697
clipper:0.015016824028633493
gateway:0.020276556998765162
drop:0.018191897715781724
development:0.016333037954017655
an:0.007545362508922157
just:0.00986881145769652
long:0.010001307752557078
dear:0.020193898319779007
five:0.016684800895149652
is:0.003386629750722654
regulation:0.024154436303777022
right:0.008150729385673527
appropriate:0.01699162919353154
first:0.007888885837777483
too:0.008203856587665951
under:0.01019883792901529
late:0.016193861284164578
article:0.003404760001330256
very:0.0146490965696088
data:0.012329183290780723
while:0.009119086159153455
s:0.007820625388941408
aside:0.01897153039382963
