some:0.006243512701247882
looks:0.03661075373661915
gtoal.com:0.030653617852126853
there:0.009815818027563074
increased:0.025950095271349182
know:0.00659826270405509
means:0.01515826321090242
take:0.011367642408212317
your:0.00673760546620996
ron:0.022659349391577727
way:0.009264025772976166
work:0.010829264513317132
dealers:0.02632684212135245
throw:0.022798773136549787
to:0.0036850244922214726
been:0.007846205279259033
bunch:0.021690925246814572
she:0.01772803467860151
that:0.003710209897694939
think:0.007699187312986926
like:0.018684049147197967
consider:0.017221198281129373
me:0.0057945918738210945
re:0.001999681833038345
this:0.0028073927185637377
child:0.021205158399686598
paying:0.025079191486755366
management:0.024224034350156395
used:0.010558628386828157
am:0.008739766613376287
toal:0.030396884059686418
terrorists:0.02764851105913971
m:0.007319864770674182
why:0.009517233048951905
more:0.02719612889456098
jobs:0.026405484620762584
sure:0.011668684599781836
a:0.00373396825092619
hard:0.014461141190243365
tossed:0.033473697668796376
as:0.004278685348754109
truth:0.01922490656691232
dorothy:0.030923301561361572
connections:0.029994619774993438
harder:0.026172943915202484
funding:0.028633497501544883
also:0.00793313974160196
whole:0.03199909598959668
plus:0.0382449182243815
career:0.051684118806682104
are:0.003438028778616179
no:0.006020030674772779
it:0.011000708975614075
not:0.006448235385839197
limiting:0.08864618645430036
academic:0.08975302396478622
probably:0.012765902219407531
only:0.00713120983031704
ve:0.009760073256831198
completely:0.01923526009112016
decent:0.02409391616481131
against:0.013814335786940355
always:0.028416642759344465
arguing:0.027309636118323728
has:0.011387962287556695
usually:0.017635030706880283
be:0.009280127119852481
which:0.006908515147152501
writes:0.0035361625188104935
gtoal:0.030396884059686418
if:0.003583692084296306
of:0.0010397892276242707
institute:0.020815282619964202
seen:0.013863448612953758
what:0.004922150283404445
saying:0.016131311117456894
least:0.012875199907521295
well:0.017998587274367324
must:0.012392836510585545
find:0.01131789699290583
who:0.020744163757762273
good:0.01732630857068983
code:0.01732894390551709
in:0.0009501588336603768
government:0.04318098832004756
yes:0.01426120786365716
chosen:0.02632684212135245
and:0.005104243509235158
few:0.01222260695671811
for:0.005219500474525252
seriously:0.02073237253153658
subject:0.0001427644753583866
p:0.01800068470391096
i:0.0030625461055410956
nsa:0.02409391616481131
away:0.014807398857345831
any:0.010944248837313446
graham:0.026060358839278246
tapped:0.02613515157711108
drug:0.02290063514174067
actually:0.01307119854064751
circles:0.029841820991870147
the:0.002015382379649874
thing:0.012106590562165542
can:0.004623347553142852
major:0.03504201040339884
her:0.03536266101529121
because:0.009437017641147133
denning:0.057147494461933346
once:0.014347760400667946
wants:0.018826391243816836
an:0.004801594323859555
just:0.006280152745806876
intervention:0.029994619774993438
people:0.016099177968696442
is:0.008620512092748575
move:0.03782700658366863
their:0.008094564805249806
almost:0.016160390001414802
very:0.009322152362478327
going:0.01164607317673627
by:0.00529644638939661
high:0.014958950939259471
s:0.0066356821481927085
