at:0.014931610380583576
say:0.032161779224873614
own:0.03841509551776263
your:0.02135478342680106
wonder:0.06254860521723608
with:0.009912328420161818
such:0.03259351192318303
from:0.014348682278477552
to:0.0023359307798149673
design:0.0637824950411092
she:0.11237771135249093
that:0.005879739414143674
nt:0.012103026300380314
its:0.03504787383108763
re:0.006337974623358823
access.digex.com:0.07580444702361644
landed:0.09458339873694437
more:0.043098950027821215
a:0.0023669561455023644
steve:0.05435853977685401
no:0.01908043620648322
cooperation:0.0909451455600479
taking:0.05774491583307805
care:0.10732260817877617
it:0.005811108978643593
have:0.008665264629621234
which:0.02189648021216132
if:0.011358481690905241
of:0.006591206290364022
totally:0.06982229322997716
least:0.040807836995025125
good:0.02745779409083897
code:0.0549239408530796
in:0.003011520371093059
or:0.011429007757679412
and:0.003235571309243982
subject:0.0004524907947799711
i:0.003235571309243982
nsa:0.1527309261972785
any:0.03468770394199347
tapped:0.08283514143931818
the:0.0051101898982308675
once:0.04547510499872722
is:0.01366132001138969
fee:0.08526976351099348
does:0.041304705570763565
fat:0.09235002114997617
