damn:0.13035869264735173
with:0.017722041720895376
my:0.028794371555463678
like:0.03529209283359616
re:0.022663060774434578
sucks:0.17575906468746919
key-escrow:0.17629541550866315
crypto:0.13772069805978776
a:0.004231830684383015
as:0.024245883642939954
secret:0.12111095840797906
chip:0.09795164720615981
vax:0.17972961809372384
systems:0.09092173091765487
algorithm:0.12366815211335928
stick:0.12807058499558974
writes:0.020038254273259466
and:0.011569618620933026
for:0.00985905645188103
subject:0.0008089986936975241
amanda:0.5742490798095338
i:0.005784809310466513
walker:0.2953507335118202
the:0.004568200060539715
clipper:0.10830315511559914
paul:0.09924310579118356
nothing:0.07741987883336088
