keys:0.10810605807190347
some:0.008051978449195545
large:0.02064851117163845
at:0.0121512415510956
say:0.013086517063914092
there:0.012659020490719274
search:0.02942862965086011
take:0.014660338829901403
storage:0.03464012990976549
thanks:0.01374749410287009
where:0.02548216273425878
way:0.011947398755493402
c:0.01783515652019972
ca:0.014183093766153938
such:0.013262187610122749
work:0.013966016993036578
single:0.022423632210430172
to:0.00570289307623792
attacks:0.03169707814041756
make:0.012138486092066922
that:0.002392445692651564
bit:0.037587368249044135
like:0.008031993541439126
nt:0.0098493593341026
re:0.002578900019159797
anyone:0.011537343100975112
this:0.0036205685404925446
amount:0.025644255252598815
on:0.006993225175714344
you:0.007666192957361681
a:0.00963106293687169
how:0.009071468946407753
other:0.009512468881599385
commercial:0.02873342482932932
adding:0.032586942000719155
also:0.010231014701238389
processing:0.03271195844618507
straight:0.027563183637677992
are:0.008867743194499662
works:0.02051811030034993
it:0.007093560615309765
try:0.016802687395471673
kind:0.019003632392848687
sufficient:0.03155339478246693
whose:0.025812285865523924
second:0.018963419149325974
attack:0.08169719106736929
be:0.007978775960516845
writes:0.00456043028287974
certainly:0.02121211915348718
depends:0.029694938865534457
if:0.0046217270328510985
of:0.006704847778128919
even:0.02316081996918656
effectively:0.033754072497537
key:0.1105462886633302
years:0.015377761537795817
mizzou1.missouri.edu:0.04298056889570213
requirements:0.03356114938000316
they:0.006433928444880991
good:0.011172481733513788
one:0.013562909072767207
in:0.0024507545088895237
ought:0.03442117336966493
or:0.004650423846228174
and:0.0013165428085889306
for:0.004487570522925159
subject:0.0001841169440828848
however:0.016531716580668366
space:0.021086294879400714
until:0.01973217741630789
i:0.0013165428085889306
example:0.019388683750054515
possible:0.017772218089410912
impossible:0.028387949344371277
the:0.0020793186482456634
difficulty:0.036550383587938134
would:0.006432066524857766
can:0.0059625240857773334
may:0.012834658809929868
10:0.019933598330318377
just:0.008099231472178524
long:0.016415939621438516
finally:0.025079479143421415
about:0.006793215036702562
n:0.025248382729685527
is:0.00370582933642295
billion:0.03288225232611866
done:0.018266645182211712
128:0.03976250316286423
time:0.010893172206232508
does:0.008403371133362243
guess:0.020663153537487263
every:0.01677343811680963
article:0.00558850262287311
little:0.032349499336530536
seem:0.019032500378591295
john:0.0184929544798748
