british:0.04128338277529578
tel:0.037643037771281265
damn:0.03983182275335746
fax:0.028320771665586938
54:0.05068196805605566
text:0.03348670123364414
much:0.016177748792221586
encryption:0.035803236048362025
funny:0.04167376065329835
c:0.02394534903174963
q:0.03930257818076535
ii:0.033994442639908494
that:0.006424159730268089
nt:0.01983551532562329
bontchev:0.23505899411313155
re:0.003462412062760838
so:0.009461209235045556
had:0.014207485978538287
30:0.0316954210590175
on:0.009389052319246109
you:0.005146286938969647
concerns:0.09301516364659251
them:0.013572770106780008
2.2:0.0461415555385126
test:0.033110183833145096
as:0.007408464446453874
let:0.04268773597690416
chip:0.029929669979659942
are:0.00595288316297431
systems:0.027781640002616764
ben:0.05193512868447938
buy:0.05568224306007344
university:0.02176240834813568
mathew:0.09936599237116345
mantis.co.uk:0.05068196805605566
public:0.027442079611672162
pgp:0.04208132440715737
russians:0.051413342234931866
regardless:0.041897966747007555
writes:0.012245599833658562
things:0.020691906742039346
of:0.010802254753652147
key:0.029683725659597923
available:0.025009850257539167
they:0.008638144671367996
in:0.0032903648498979715
and:0.003535161245285091
for:0.0030124894714080924
subject:0.0002471940452964657
rm:0.04761685219193163
we:0.024958220476184626
house:0.03183214763416844
controls:0.0461415555385126
embargo:0.06133541275604474
the:0.0034895972684678375
do:0.006651091841726821
would:0.01727128974267363
because:0.03268004257212063
clipper:0.0330926307297664
country:0.031210686185371594
regards:0.0382348851575154
forget:0.035548271624208275
apple:0.0351237680304544
fbihh.informatik.uni-hamburg.de:0.11752949705656578
export:0.048047593077439894
white:0.031471936535375854
vesselin:0.18186843156990842
center:0.030246581791414894
request:0.03611389840179937
designed:0.036385161082247805
nothing:0.023656074087971376
e-mail:0.02546014608011358
virus:0.051040435761432426
announcement:0.04231574855516006
security:0.068738405796998
plenty:0.04316034122434211
s:0.011489560756592932
