go:0.009583410107360232
at:0.0043397291253912855
know:0.006078202589449763
technology:0.016589495989246025
take:0.010471670592786716
much:0.0086068811308371
ignoring:0.02632162922261462
into:0.00882169410336151
from:0.004170306672069831
work:0.009975726423597555
my:0.004680858430198528
to:0.007468074266502039
association:0.023487323090084757
add:0.0169271941697129
tool:0.023159787418809717
value:0.018393363644121516
us:0.020294348632364494
might:0.010478251900879044
nasa:0.042267397217728236
that:0.001708889780465403
guy:0.016681432250979653
r:0.015272018555315911
really:0.009612786912270571
nt:0.007035256667216143
re:0.0018420714422569978
so:0.005033549740812414
this:0.01551672231639662
he:0.03916584254975949
on:0.007492741259693939
hat:0.02637667011226056
serious:0.01771918047802695
society:0.018306557726142106
concerns:0.02474294993554678
customers:0.026661495584619305
support:0.013492395613465547
communications:0.020783659587850712
2.2:0.024548216739701288
m:0.006742929616335331
why:0.008767106306177372
a:0.003439665334597032
how:0.006479620676005538
stuff:0.014401066761939025
chip:0.01592317417637081
far:0.012262946168085723
flaming:0.0271545175479542
fuck:0.02792469523460786
police:0.01810632468784577
it:0.001688943003645182
wiretap:0.09602536163438488
should:0.008092670651396452
whether:0.014076150664442486
robin:0.02770242708051688
doing:0.026410866060742024
robert:0.015740945955456668
wiretaps:0.030974149463209946
investigators:0.030569035678791368
netcom.com:0.015857316131631227
public:0.014599727084042334
pgp:0.02238809377326599
his:0.009085857347316536
wasting:0.027849486012288704
writes:0.006514900404113915
of:0.0047891769843778
industry:0.0224376028168793
key:0.03158465390380863
leo:0.028318994287186858
available:0.01330573314194202
what:0.004534197551707543
but:0.0032772572524650753
easy:0.03264710900747594
investigation:0.02451017710377069
who:0.006369718592284967
policy:0.03780046544748079
rest:0.01609177750479216
in:0.0017505389349210885
government:0.026518373779470913
fully:0.02067809608314185
or:0.006643462637468821
rather:0.012677259373954992
men:0.01729851503757311
and:0.0009403877204206646
for:0.00480811127456267
subject:0.0001315121029163463
costs:0.020277106674550915
outside:0.017757516145229187
i:0.0018807754408413293
we:0.006639132540462906
than:0.014094593913492229
cost:0.016359643371186606
the:0.003713069014724399
do:0.0283080953263644
see:0.008716186016803823
greater:0.020783659587850712
start:0.013879616196465579
can:0.004258945775555238
proposed:0.02174263435254479
clipper:0.0352118632395544
maybe:0.0521756272382724
individual:0.019023084686042132
drop:0.02132843180470961
an:0.004423143539712989
tax:0.021829824387517207
opposition:0.026003705473168458
about:0.004852296454787544
is:0.006617552386469555
privacy:0.023276387143370825
write:0.01603041342358381
right:0.00955602755561724
violence:0.02318867963286094
time:0.0077808372901660774
spare:0.025114129429348684
their:0.014913139099327231
attempting:0.024625188749076068
request:0.01921330555366666
dollars:0.02258918734233129
paper:0.037996535933365466
papers:0.022772140775579843
first:0.009249038568428774
article:0.0039917875877665075
useful:0.018888114369844524
lewis:0.02451017710377069
going:0.03218446823718742
favor:0.023456630726781134
s:0.009169009076689926
james:0.03408466766144854
