keys:0.03750090531202393
some:0.011172601675917264
simply:0.014634657128628657
at:0.004215143600260435
say:0.01815832511260807
andrew:0.036033092432267926
all:0.004564917849982255
bloody:0.028283611338740224
own:0.010844452801665048
your:0.012056767676375717
with:0.0027982171138255852
hell:0.048995898437539175
from:0.004050584949426677
bits:0.02109750430127652
post:0.012356831600149188
name:0.013216423472872014
to:0.00395655261270095
then:0.030543164589010584
80:0.019122782906523007
us:0.009855867876483234
that:0.0016598307437056307
appears:0.01866172740380063
like:0.005572435710567814
could:0.0072206179680672595
its:0.00989389739729268
huh:0.07175473659419773
re:0.001789189008507993
wait:0.017566506244546018
so:0.0048890459205020095
anyone:0.00800437679254254
escrow:0.022144328444555248
phone:0.028108584939804487
this:0.007535633086671086
telling:0.020545570897731163
he:0.015216585717896988
best:0.011651560191203034
illegal:0.01966391926135544
on:0.004851759093198947
decryption:0.030223635779449146
knowing:0.020545570897731163
them:0.007013680246565746
bill:0.014811071175558455
more:0.012166689242303597
worth:0.016818964683214536
local:0.01462384426754044
let:0.022058734380409804
washington:0.018369441796241597
no:0.010772686470646027
likely:0.015820137822630278
dick:0.024149807927867424
d:0.008716958001803997
police:0.017586525892979384
it:0.0049213698048799805
not:0.002884736883138588
have:0.0024461751825246548
neat:0.025061867064750915
calling:0.01967942880166248
ve:0.008732697124533178
doing:0.012826329689786198
has:0.005094614707591153
his:0.017650038674691452
without:0.01075220327656696
be:0.0027677572111840733
writes:0.009491804655754483
get:0.006288870695172834
of:0.003721350919918443
destroy:0.023625959923840208
key:0.015338958714050601
breaking:0.02418951511836836
gives:0.01739963864017275
what:0.013212087602822458
decrypt:0.05619912429635321
extract:0.028099562148176604
oh:0.015453187483930495
they:0.013391190782407804
who:0.012373711715156442
now:0.007903896640565762
good:0.007751243307940187
box:0.030320947470876623
one:0.004704836879309198
code:0.015504844547041608
in:0.002550426342983117
government:0.012878540376154534
gon:0.02287323143298596
or:0.0032263706110195467
install:0.021139475526505407
and:0.0045669547187893525
gets:0.015968020776999062
still:0.009768942977174866
for:0.001556693123981215
subject:0.00012773663584697749
al:0.03645946584423188
conduct:0.024874208150141915
tape:0.01985343666850877
branch:0.04363537486873727
we:0.006448535434038134
any:0.0048961113219560155
tapped:0.023384082990046757
actually:0.011695282904789878
noise:0.04383167668532199
the:0.006131005344408564
do:0.006873855683315757
uh:0.02460583749630917
when:0.006256815515998737
around:0.011326289153845146
got:0.010584468046079301
law:0.014386799642315626
once:0.012837469832176584
na:0.020853126646078364
generic:0.02637496202026173
william:0.019481623346368503
put:0.01190171913658746
may:0.008904428360956129
imagine:0.01884085432759073
fbi:0.018252736278901123
an:0.008592326684801308
just:0.011238168071443884
record:0.018452863144672704
people:0.0072022638281010395
tap:0.07990097057662648
hold:0.01660182111456469
is:0.0012855149611993488
houses:0.02443493757955281
executive:0.05190679229401373
remark:0.027668217186481405
does:0.005830090020753709
break:0.037552215772707044
request:0.01866172740380063
recover:0.028674415314885047
article:0.0038771908149119664
give:0.011307350580650749
data:0.014039931211511062
upon:0.016593663075085818
smythe:0.02877731581833463
s:0.00890578393573232
