there:0.008497953570158772
access:0.031040526555727088
with:0.005415068303606919
method:0.03695275854394962
encryption:0.035803236048362025
to:0.0038283310002523076
manufacturer:0.0464332098631364
permitted:0.0547340256462658
enough:0.02251989376793885
make:0.03259408302499451
that:0.0032120798651340443
re:0.003462412062760838
anyone:0.015489951385568437
chances:0.04518755344686227
this:0.004860948503439064
on:0.0046945261596230544
sternlight:0.045720607630394476
a:0.003879178127351097
other:0.012771370257702877
as:0.007408464446453874
secret:0.03700612618021582
fake:0.05510444541120746
inspection:0.05876474852828289
equipment:0.03736072141241286
chip:0.08978900993897983
cover:0.036335245817110055
are:0.01785864948892293
no:0.02084714326263907
it:0.0031745873124071474
not:0.005582500079407082
systems:0.027781640002616764
university:0.02176240834813568
against:0.023919266594054134
has:0.02957706871907086
netcom.com:0.029805881247417954
algorithms:0.04712509455013582
uses:0.0316203252762633
be:0.010712245502545764
writes:0.006122799916829281
whatever:0.030601486840308913
of:0.0036007515845507157
but:0.006160029835651946
released:0.040052291722743744
they:0.008638144671367996
now:0.015295503684057816
david:0.023115233697634203
good:0.015000091216291658
in:0.0016451824249489857
government:0.024922360542743494
required:0.03465538380093489
or:0.0062436246083619005
and:0.005302741867927637
for:0.006024978942816185
subject:0.0002471940452964657
amanda:0.17546499660846865
i:0.0017675806226425455
nsa:0.0417181696557381
walker:0.09024605746194504
any:0.01894976419053347
will:0.03148070402509123
phones:0.0458588080953637
the:0.00558335562954854
would:0.008635644871336815
clipper:0.0661852614595328
once:0.024842881434489872
thought:0.024857281529552893
just:0.010873968180239684
long:0.0220399189361906
lab:0.039904730683273264
grant:0.041897966747007555
chips:0.03845130507589789
does:0.011282303836458566
observation:0.048592412522096694
very:0.016141134183180066
remain:0.041585576565231167
doubt:0.03222289165722748
strnlght:0.0465825559921168
