own:0.027307116090939703
your:0.015179906291340514
from:0.010199665716026212
work:0.024398463421569927
my:0.03434509378302294
trust:0.09998477743899599
think:0.017346361777452475
r:0.037352045382278674
nt:0.008603356044848657
could:0.018182038015976596
re:0.004505307262387597
this:0.012650179237865518
he:0.01915823141590645
compuserve.com:0.06673536517249233
certain:0.0397146384549459
on:0.006108540063123976
arthur:0.257507987093531
am:0.019690799478329708
m:0.032983487038941495
more:0.015318301515912361
a:0.001682535091381199
richard:0.04501298210576842
l:0.03981880215365498
are:0.007745920260255729
no:0.013563201640753132
those:0.02236042956972964
not:0.021791928020818006
personal:0.040408379171032724
be:0.013938825473192081
writes:0.01593403351849548
of:0.002342657657418538
but:0.008015460509041087
good:0.01951819098023493
president:0.1361008973194698
code:0.03904231940158671
in:0.00428143859986724
and:0.004599968849286625
i:0.013799906547859874
nsa:0.054283883407466454
any:0.012328762244443462
tapped:0.05888281138457557
the:0.0018162723132266337
rubin:0.2283158992013809
wrong:0.031848458516022415
do:0.008654432757909598
magnus.acs.ohio-state.edu:0.11087598524003352
would:0.03371022817244733
once:0.032325677047288025
is:0.0032370196010923363
told:0.037352045382278674
easily:0.0445652381734384
nixon:0.06967057098764595
article:0.009763046750802423
opinions:0.03440494163277159
represent:0.057905395182016914
james:0.04168185262213286
