taken:0.019496339051826392
read:0.013414219301171135
believe:0.012856046629173612
traffic:0.025887812197549712
versus:0.03202534676732378
your:0.007455220249593269
with:0.0034605170224233568
ca:0.012168926604096575
someone:0.013038213696230887
from:0.020037213122607707
my:0.016867708781011265
to:0.004077512307961038
aid:0.02939587620899338
respect:0.024185551413811367
trust:0.07365742479973374
basic:0.02260149591455621
confidence:0.03401630674733096
been:0.00868189578237538
that:0.00821076036531306
like:0.013782710810753529
nt:0.004225316874097269
french:0.029579368734097288
re:0.002212665696912252
omissions:0.03401630674733096
these:0.00980257972247895
on:0.006000104440701656
you:0.003288751416619656
sternlight:0.05843580620216099
identical:0.02891877718887439
great:0.014918643128595721
them:0.017347445816949594
more:0.015046379003795572
sure:0.02582300615573022
a:0.00247900140682792
other:0.01632317145363208
was:0.01047882998936551
senior:0.031359796569532715
commercial:0.02465293846303403
as:0.0094688066297872
services:0.02364888536960538
accuracy:0.028634047908731208
assured:0.0341157571515699
officials:0.028673894252999512
foreign:0.026116892151281608
no:0.006661217373861005
d:0.021560286655349533
care:0.01873382805487513
it:0.002028730353490958
have:0.006050303114173407
made:0.01376082575099409
japanese:0.02962614494419855
secure:0.025294413602129796
has:0.012600881347769833
open:0.019555979755937057
absolutely:0.02368318784111026
netcom.com:0.01904754541255112
be:0.006845695350739305
which:0.007644333328506022
writes:0.003912795213121671
were:0.009179309452498811
if:0.003965387099191771
of:0.0023010720185294513
safe:0.024572431646135928
but:0.003936587113907753
russian:0.02754860708094839
well:0.009957798284931034
they:0.005520234464542862
david:0.04431559596469516
errors:0.025408427914945637
good:0.00958585710863609
clear:0.01951331800110422
box:0.018748751542642647
president:0.022280817509893483
code:0.01917463023864909
in:0.003154077548422908
government:0.03185343122622837
our:0.013193937414085168
system:0.013226167628653994
or:0.003990008625462043
and:0.00451831259752414
for:0.0019251412006631597
subject:0.0001579701591243686
governments:0.02764861779575669
i:0.007907047045667246
skills:0.03238847662753853
nsa:0.05332026417538124
any:0.012109908476790618
information:0.028861790348920294
tapped:0.02891877718887439
the:0.0031220538875286223
would:0.016555910877592474
ensure:0.02847729278774318
once:0.015875924230324887
an:0.005313006737051696
trusted:0.034750346088573435
competitive:0.03533668279061031
many:0.01096568655371653
interests:0.029130884477472828
is:0.0015897788573412065
argument:0.020820955267098946
karl:0.034750346088573435
their:0.017913415604517324
nothing:0.015117491133141472
activities:0.025007865709197996
article:0.004794869114299414
very:0.010315044330079568
thus:0.01971216019453435
by:0.005860564939746545
high:0.016552211986044504
black:0.02088492518487537
elsewhere:0.028030502536215692
strnlght:0.029768734006796537
share:0.024148219051721043
