keys:0.02239339774346572
taken:0.01882789314147806
above:0.015558034457877401
since:0.022866532838899216
say:0.010843114138671677
reserve:0.0302241343481171
know:0.007050715003761724
with:0.006683741449023398
though:0.014203109723489598
such:0.010988669734101706
from:0.009675111479202006
to:0.001575084754389521
track:0.02599883187312309
trust:0.02371067579267619
us:0.011770722206771406
might:0.012154772205019692
sooner:0.031206135816269433
been:0.00838423078412251
aclu:0.0337787129702669
that:0.0019823121453398673
think:0.008227131585877458
nt:0.004080448866985363
publication:0.031350809004751096
me:0.0061919353165973984
re:0.002136802873018117
exactly:0.018379329447268618
political:0.020598718728465856
escrow:0.026446655113783128
omissions:0.03285003337313675
federal:0.02257974966111578
internal:0.022643242377830473
you:0.003175994225192696
american:0.018440201242218377
sternlight:0.05643229284665833
market:0.022347744086131556
great:0.014407146792758153
access.digex.com:0.0255569278536764
m:0.007821798354948983
successfully:0.059748341550625986
sure:0.012468822972338306
a:0.003990011788132557
how:0.007516359984166425
price:0.017886538296251215
secret:0.04567613288529496
steve:0.01832659341048221
accuracy:0.027652309123288994
manufacturers:0.028841770610995954
frankly:0.0323054037742549
eff:0.03180819590574273
course:0.013978010285142966
far:0.014225017554979437
are:0.007347558646871148
no:0.0064328327781857705
pressure:0.02514675823999565
d:0.02082107682716612
care:0.018091525378707982
fighting:0.026056552421617397
not:0.006890400098011027
have:0.00584286415025889
whose:0.02138732257429125
algorithm:0.023320280112804893
has:0.02433770226026402
open:0.018885489021447786
netcom.com:0.018394486712692223
access.digex.net:0.02834456274248378
without:0.01284120277029997
be:0.0033054928979284076
sic:0.0337787129702669
which:0.0073822419001001015
er:0.031424542746670565
writes:0.0037786422343860705
of:0.012221979664132144
even:0.019190393688754578
kept:0.06846472495841441
department:0.01981757475824535
but:0.003801618412859487
years:0.012741573845602249
particular:0.019377436846193183
they:0.010661938565802784
david:0.04279620410304847
errors:0.024537281815004645
in:0.0020306251645084627
government:0.015380656792093128
initiative:0.03180819590574273
our:0.012741573845602249
chosen:0.028132111295388045
or:0.007706416659463832
and:0.001090849755687971
for:0.005577409078492697
subject:0.00030510807876592337
each:0.014548625127774944
until:0.01634951843065511
i:0.003272549267063913
period:0.021662921334837805
held:0.02323113188170501
face:0.02051012337683177
information:0.013936121625621514
yet:0.015028964243920936
than:0.008174864469825491
the:0.005168592068496364
can:0.009880754199288152
clipper:0.02042288067894155
ensure:0.02750092846359199
an:0.005130846506067067
decisions:0.028431805440374
record:0.02203799084135197
people:0.008601560800417813
excuse:0.025297142858952074
many:0.010589720157589105
press:0.020499144918672378
chips:0.02372994827541127
history:0.05693155893172939
1:0.011191565096712621
agencies:0.05295559142490985
committee:0.02750092846359199
article:0.004630473601809149
by:0.005659631284669521
security:0.02121070807450224
strnlght:0.028748091697992088
