some:0.007630959968191857
at:0.011515882515744197
say:0.024804509467549588
scheme:0.030005405061924204
with:0.0038224011554872377
encryption:0.05054574500945228
though:0.016245386938631895
to:0.0027023512942957466
remember:0.03637417041204225
us:0.013463244354150302
t:0.016838385980395047
been:0.009589806452427707
that:0.006802051479107388
think:0.009410117826984022
nt:0.0046671800766172455
agreed:0.031041504586367785
supreme:0.03404164323066273
its:0.013515193176693923
need:0.012556875761419846
anything:0.030343021572802664
re:0.002444055573713533
anyone:0.010934083330989485
deliberately:0.03561209965914114
had:0.01002881363190938
described:0.027120054011230937
this:0.0034312577671334575
federal:0.02582651105029583
best:0.0159161835291597
two:0.012188166226492231
on:0.003313783171498627
pulled:0.032724303892611474
more:0.008309928273338077
a:0.0054764867680250785
as:0.010459008630287822
hands:0.02617888859709211
cheap:0.02428909293076371
no:0.007357815269166731
d:0.011907478577627683
administration:0.029111298514408707
it:0.004481770323398327
not:0.007881176582692351
have:0.0033415072754748552
probably:0.015602769379275872
systems:0.019610569413611834
only:0.00871592312594305
left:0.019113759369284715
real:0.01671629969933495
has:0.006959310286840202
be:0.007561585060620541
cryptosystem:0.044131097706945864
writes:0.004321976411879492
if:0.008760136206057638
of:0.005083414001718658
even:0.021949796702823866
courts:0.0368523384518305
opinion:0.021629487350246335
but:0.0043482563545778445
version:0.020395232729840423
sense:0.021479229061196016
well:0.01099913666766892
they:0.012195027771343054
up:0.008780786734329311
in:0.0023226104822809215
government:0.017592254500760116
yes:0.017430365166692083
or:0.00881452885886386
and:0.0024954079378482997
for:0.006379389468864196
subject:0.00017448991432691697
amanda:0.1238576446648014
i:0.0037431119067724496
nsa:0.029448119756991603
we:0.017617567394953855
walker:0.06370309938490239
any:0.013376304134494213
agency:0.028595034388143148
phones:0.0323709233614332
the:0.003941192209093088
do:0.009389776717731982
can:0.0056507581205079305
clipper:0.04671900808908198
did:0.010744516623810232
instead:0.020050551056108767
people:0.009838386536425605
constitutional:0.03522060853769624
about:0.012876028500939498
is:0.0035120604822309006
clinton:0.023955269859283874
having:0.017103865309937002
privacy:0.03088304960852469
right:0.012678912377714376
gave:0.024260613810705177
lot:0.03239939069627962
under:0.015864859000690453
him:0.01566349871479286
already:0.018992067459459812
owns:0.0369506252319909
smart:0.032420251502840926
going:0.014234089438233219
claiming:0.030143737161218605
citizens:0.026714759404798175
says:0.016738736891683453
announcement:0.02986994015658357
security:0.024260613810705177
s:0.0040551390905622115
