gtoal.com:0.10615234330273558
out:0.021818094427415922
corporate:0.09915674134794247
to:0.0025522206668348716
add:0.06363371141577256
that:0.012848319460536177
think:0.026662000509788057
really:0.07227391641447874
nt:0.01322367688374886
plaintext:0.11137887048207291
re:0.013849648251043352
off:0.04043439718437686
you:0.010292573877939293
des:0.1739113305817622
machine:0.06023702508008049
assume:0.06428682509794771
toal:0.10526328368817334
a:0.0025861187515673983
was:0.016397428409284917
acceptance:0.09663199239327336
also:0.027472169105177153
chip:0.059859339959319885
cheap:0.06881909663716385
it:0.006349174624814295
wiretap:0.09024605746194504
should:0.03042244707839777
have:0.009467603947178755
engines:0.1842802204468685
be:0.010712245502545764
gtoal:0.10526328368817334
of:0.010802254753652147
point:0.0407691844677789
known:0.06031349532715478
subject:0.0004943880905929314
i:0.003535161245285091
graham:0.09024605746194504
the:0.00558335562954854
shelf:0.10159984399687853
hardware:0.0657348356236028
does:0.022564607672917132
unless:0.057001137513712795
smart:0.27557213777414785
