some:0.014066709338956075
gtoal.com:0.06906297034153883
at:0.0212280725892634
marc:0.05774993247315056
your:0.015179906291340514
longer:0.040894108534628625
to:0.0033209618315441706
connected:0.05475642212015658
t:0.03103943439759569
that:0.012538721401246148
like:0.02806359189177526
nt:0.008603356044848657
re:0.004505307262387597
server:0.04822239451985102
so:0.024621942105660728
had:0.018486849225085967
this:0.006325089618932759
93:0.04410862043137833
apr:0.044906123819734925
on:0.006108540063123976
edt:0.06988011005646365
names:0.04936020737326361
toal:0.0684845460139923
more:0.015318301515912361
other:0.016618168528095313
same:0.02339871506660979
secret:0.048152549728473604
idea:0.03340212403928622
character:0.05499982823241585
are:0.007745920260255729
no:0.013563201640753132
it:0.004130788310120145
rush:0.06152893920634383
probably:0.028761731506376006
interesting:0.03937378990266762
command:0.04959340548113055
500:0.05023827873915109
list:0.03507986261351301
gtoal:0.0684845460139923
down:0.028486332252447687
of:0.004685315314837076
trying:0.03248588220564333
shut:0.056857065338768366
who:0.015578950291974076
commands:0.05830306140452499
or:0.02437270329047296
and:0.0022999844246433124
subject:0.00032165008303636504
tue:0.06967057098764595
20:0.03788954636633277
graham:0.058714302445120874
source:0.0375815417072268
the:0.005448816939679901
around:0.02852041485727272
clipper:0.043060290588129775
did:0.019806157149915245
ready:0.050788907094342126
people:0.018135820964736354
dozen:0.062069307473396264
imply:0.05774993247315056
is:0.0032370196010923363
does:0.014680588124548498
escape:0.05236062864129917
csrc.ncsl.nist.gov:0.23533358647033115
telnet:0.0684845460139923
mine:0.039340229455421524
announcement:0.05506145595129261
