taken:0.016311293563161685
resolve:0.02806293630012572
all:0.004723108072506392
true:0.025577037546117294
truly:0.02157575974767514
with:0.0028951850336116206
encryption:0.03828464844775346
prevent:0.01991592808004293
except:0.015962185242593137
via:0.016921937517899232
to:0.004093660871556923
everyone:0.0302724035397337
then:0.007900397771167342
most:0.009191066653302167
enough:0.012040339242264338
been:0.007263566273373462
that:0.008586748154318733
need:0.00951090094800612
re:0.0018511906078127255
tension:0.031127486836790196
political:0.05353627392299294
this:0.005197845924469495
implied:0.02650724768707373
omissions:0.028459187328212534
weak:0.023159972418799597
crypto:0.08999570368263358
something:0.009854758995859024
you:0.005502960291175464
sternlight:0.048889362614679244
market:0.03872133876309923
great:0.012481439053132063
communications:0.020886548991750964
m:0.006776310456020159
sure:0.010802198119600018
a:0.002074016028484745
other:0.0068282573655045085
price:0.015495763375465163
as:0.007921922378386322
worth:0.017401800093028903
accuracy:0.02395620839888898
whole:0.014811462747659852
logic:0.020558123505925605
chip:0.016002001771303336
cheap:0.036794368499077704
are:0.003182729611887255
those:0.009187701258849308
proprietary:0.028627016791953536
care:0.01567335119442523
it:0.0016973041076236235
not:0.011938812051009206
probably:0.011817939183312913
systems:0.014853550100408964
only:0.0066016645458875575
buy:0.014885352105168148
between:0.01149933587151686
after:0.019101125620445063
secure:0.04232431582930629
has:0.005271160761814609
open:0.016361190983927538
netcom.com:0.015935817696639303
willing:0.03540494904930367
be:0.005727339179578924
writes:0.003273576193156249
spend:0.020297510963918568
making:0.015220827677586157
if:0.006635152670924844
of:0.0019251543125320659
available:0.013371603107991238
but:0.009880443894808072
separate:0.02090445315249447
who:0.006401251852642813
naive:0.02806293630012572
policy:0.018993798232273762
david:0.024717279597470238
errors:0.021257546126860462
one:0.014603627343202313
in:0.001759204969252381
government:0.013324826428793552
economic:0.06810304500732552
become:0.01639714244948093
our:0.011038492192972245
point:0.010898692877525052
system:0.02213091415091609
unable:0.022649714076523293
and:0.004725215525876112
for:0.008053189676041435
subject:0.00013216315293078365
i:0.0009450431051752224
compete:0.02806293630012572
pay:0.016499218128702392
information:0.012073372695464183
will:0.01683126749856363
the:0.004850885707850341
see:0.008759335452530576
strong:0.05362355028669074
would:0.004617077455962258
can:0.00856005933106647
clipper:0.05307926909130848
ensure:0.023825061787765337
may:0.009212997660593221
mr:0.01671760236773967
an:0.02222520144954794
about:0.004876317724365701
hold:0.017177131747247623
is:0.010640500074877778
clinton:0.018144338061734815
discussion:0.01701916804203065
today:0.014055080523754223
issue:0.03100356443034508
voluntary:0.028627016791953536
matter:0.01495496540544823
mass:0.020850933765839935
legitimate:0.022649714076523293
article:0.004011548912458421
takes:0.017702474524651835
thus:0.01649185679641735
letter:0.02020321296901414
concern:0.022805239800450912
s:0.003071466736910982
strnlght:0.024905524985884234
