some:0.006210302527305075
gtoal.com:0.06098113338667789
at:0.004685984108800165
out:0.006266899463193936
say:0.010093324331210338
entirely:0.022107048117985174
ever:0.014060755621435429
with:0.003110783919093337
high-speed:0.029462953772962035
someone:0.011720521886505424
work:0.010771662042501615
to:0.005131592617359476
pointing:0.027211237147918576
usable:0.03085132518450257
t:0.013703580079789585
been:0.00780447014479489
plugs:0.030945471871201505
that:0.01107142421599394
think:0.015316468377963353
bit:0.014495128713062232
me:0.005763769576619919
need:0.020438319058481237
anything:0.012347027395315976
re:0.0019890452275434603
voice:0.019289863305511534
uk:0.022987444067333968
phone:0.03124837368308052
ti:0.020152452426870547
crypto:0.07252313355276056
you:0.002956377603237882
tell:0.01281928220011943
corresponding:0.02918293391399703
toal:0.0604703970123549
8:0.015704740863690777
modem:0.04535500613334904
m:0.01456185863953268
transmit:0.030152729428858487
approval:0.05982545422707368
a:0.001485642687070633
how:0.006996611687388959
samples:0.03023519850617745
given:0.014828657229687665
fine:0.017229556265534893
lets:0.024646884306806446
raw:0.028362983489383948
cheap:0.01976718733195132
mind:0.016115190441543283
are:0.006839482782991761
no:0.00598800923501335
digital:0.021964721260700336
reason:0.014213893212811317
it:0.005471097283084658
not:0.016034840653616086
should:0.00873836245868872
approved:0.08041084081576239
have:0.0027194181550407068
being:0.010350020903857171
transmission:0.02577600068487722
ve:0.009708157973550182
between:0.01235566939386386
secure:0.022738063291276252
has:0.005663694010034846
absolutely:0.021289674176317202
device:0.042703774307561976
network:0.01953983867037009
heard:0.01437578382670146
be:0.012307686322073857
modems:0.056494690525189115
writes:0.003517353143710438
get:0.006991350932399587
gtoal:0.03023519850617745
down:0.012576412643367861
if:0.00712925978471712
of:0.001034258433860312
what:0.004895968632960804
never:0.011723081015222661
well:0.008951425054007154
must:0.012326917167444133
they:0.004962338428232679
in:0.0018902095946222392
our:0.011860507569044646
or:0.0035867630728887516
and:0.0010154186555606114
for:0.00519173717412884
subject:0.00014200508985116116
sockets:0.031339663212444704
i:0.005077093277803057
we:0.007168850562308351
sampling:0.03235053344057165
possible:0.013707295866832883
rate:0.020663168667506653
silly:0.024854342592994048
any:0.005443017373876634
graham:0.05184347981856417
impossible:0.021894960930499124
will:0.006028219919698321
the:0.0032074596169746933
do:0.003820839994183493
devices:0.045156153654496364
would:0.004960902372895617
can:0.009197510557848015
meant:0.021657762124420304
clipper:0.019010660206461548
compression:0.05176985808617508
fancy:0.028421759213780682
just:0.018740243034030095
here:0.009576600561826574
many:0.009857452274351561
is:0.005716438870014126
either:0.013316822910177436
today:0.015101735456374218
hardware:0.018881282572736975
does:0.006481323480518751
run:0.014238481002060611
v.32bis:0.06309656805417964
speech:0.025262501072948248
dedicated:0.02898218748855635
underground:0.03144295090317397
difference:0.01705932897252333
already:0.015456310219666763
needed:0.017743737713489475
data:0.031216442800061833
security:0.01974401017573347
s:0.00990057894983008
