there:0.01191920760489802
means:0.03681292494076303
with:0.022785482212579766
encryption:0.10043505177202856
wrote:0.033449025645361834
themselves:0.04203182099120543
to:0.0035797380781580025
perhaps:0.03751248750181877
that:0.004505254875772426
nt:0.009273747424966734
re:0.004856370165950267
se:0.06554947866135444
these:0.04302950579477773
you:0.0072181686936197646
digitized:0.07627024011647937
defend:0.058829797707522676
posted:0.044329622395868774
josh:0.06802506774718106
a:0.0018136417218784352
was:0.011499495248069943
as:0.020782185979662818
eff:0.14458270866246697
are:0.00834949846235358
encrypted:0.06250211014452725
care:0.08223420626685447
it:0.00890533583740187
not:0.007830000111376167
disagree:0.05517388341453499
per:0.04593279370874049
types:0.05320645729845298
public:0.03849018958520252
network:0.047707658052332166
be:0.0075124838589282
if:0.008703252204719602
even:0.02180726555540293
associate:0.06432144512076987
well:0.021855427404588894
who:0.03358578894113892
or:0.008757291658481627
irrelevant:0.06374839570636807
for:0.004225309907949013
subject:0.0003467137258703675
the:0.005873400077836776
do:0.009328804141642815
cryptography:0.06365529844041207
would:0.0121123330662906
complicated:0.0645182218093491
may:0.04833832538804756
people:0.019549001819131395
about:0.012792417926258072
is:0.003489254894683947
issue:0.12200103925187739
issues:0.09883712941815313
position:0.044712246197561194
organized:0.06311030884172333
stance:0.08025375008300503
s:0.016115228074182295
