say:0.014375340714148057
k:0.028701977698876235
know:0.009347538830744712
thy:0.04988639291287538
tried:0.02346866706845963
where:0.013995884835104257
your:0.009544941077130777
encryption:0.02929355676684166
c:0.058774947623385455
such:0.014568312147483322
from:0.006413426169925573
wrote:0.01951193162646107
post:0.019564983366902884
to:0.003132270818388252
most:0.01406511715126544
growing:0.04039576436366805
software:0.021331711276373157
that:0.002628065344200582
helps:0.03204524466767396
re:0.002832882596804322
this:0.007954279369263925
jon:0.06286921611694445
two:0.014127192671615996
management:0.03431738199605489
you:0.012631795213834588
tell:0.018257765557745855
rsa:0.08520594995977161
assume:0.0262991557218877
2.2:0.07550436360847518
includes:0.02854359372297234
a:0.0031738730132872617
freely:0.07891471839835451
as:0.0060614709107349885
standard:0.023060943488350277
also:0.01123861463393611
avail:0.04449097340127963
are:0.009741081539412508
no:0.017056753578522876
digital:0.031283087856148965
d:0.013801850169522996
freeware:0.04831336742213111
it:0.005194779238484424
not:0.009135000129938863
have:0.007746221411328073
thou:0.04249237801457404
ve:0.013826770447177533
hope:0.02188228437606095
sites:0.06901262684585603
public:0.0673578317741044
alive:0.03337137192119574
pgp:0.10329052354484082
heard:0.020474601207726324
which:0.00978706312513271
get:0.009957378600690322
of:0.005892138956537535
key:0.09714673852232047
available:0.02046260475616841
excellent:0.029508071313184753
using:0.016700155898825158
archie:0.045085455336442475
who:0.009795855107832185
code:0.07364801159844765
email:0.02078711105278743
or:0.010216840268228566
comprehensive:0.041962388706945936
and:0.0028924046552332564
for:0.0024647641129702576
subject:0.00020224967342438103
i:0.0028924046552332564
any:0.007752176259763692
program:0.021035101760485418
source:0.023630817891665337
the:0.0011420500151349288
do:0.0054418024159583085
cryptography:0.0742645148471474
can:0.006549742366952375
facilities:0.040069875082731
encrypt:0.04493240452343096
jonathan:0.036215949768894445
people:0.011403584394493314
many:0.014039401724076465
is:0.002035398688565636
number:0.018956551881801197
clinton:0.0277663355187154
keep:0.020071322607014556
their:0.01146730014077056
request:0.029547735056017668
various:0.02700438619966052
dreams:0.04118470572164227
art:0.03493933170959429
very:0.013206382513510964
before:0.016107532327444277
by:0.007503299051645198
data:0.022229891084892518
upon:0.026273299868885883
high:0.02119184716395092
