some:0.017962105771282374
take:0.03270383277439544
your:0.019383572648942502
wonder:0.05677488781256814
ron:0.06518920517269286
from:0.013024188529695009
name:0.04249588470508079
to:0.004240612800279479
w:0.04760524392352852
ten:0.06193829603935122
jeff:0.06485352752046764
its:0.031812685477448775
quiet:0.07752429781211964
re:0.005752930811971855
this:0.00807665289802183
on:0.007800135772912153
used:0.03037636166672101
more:0.019560292704934246
a:0.004296935771835062
chip:0.04972929781235806
no:0.017319165172038613
sake:0.07666596920245171
it:0.005274698919076492
probably:0.03672651869275705
be:0.008899403955961097
writes:0.010173267554116345
get:0.02022113808140188
of:0.005982787248176574
what:0.014160647738409712
they:0.014352609607811442
good:0.0747696854473615
code:0.04985403862048764
in:0.0027335338752998537
yes:0.04102839800775214
weeks:0.056008690543586315
and:0.0029369031883906913
risc:0.0918753752555868
subject:0.00041072241372335844
i:0.0029369031883906913
any:0.015742881019827806
tapped:0.07518882069107342
will:0.017435466844665914
the:0.0011596200153677738
do:0.011051044906253795
clipper:0.05498467875099648
once:0.04127740299884471
is:0.012400275087261412
keep:0.04076022437116802
friday:0.07666596920245171
their:0.023287440285872523
workstations:0.08345015068806823
thier:0.18713539344084526
random:0.06866466229200882
going:0.03350485667768743
news:0.04721348486405259
intergraph:0.1807017996605819
