screw:0.0653452721053914
ask:0.01904942865592397
andrew:0.024610837641647048
all:0.006235737455204518
own:0.01481366428462742
with:0.0038224011554872377
way:0.011322698166970872
encryption:0.07581861751417841
to:0.0036031350590609956
sound:0.022556753523715237
add:0.02245895697027267
crime:0.026217110622467427
look:0.015497832184809874
us:0.013463244354150302
been:0.009589806452427707
that:0.0045347009860715925
like:0.007612020022932505
nt:0.009334360153234491
could:0.009863458531542859
me:0.007082278956892449
re:0.002444055573713533
so:0.006678500636502746
anyone:0.010934083330989485
this:0.010293773301400373
contains:0.02743564382273069
big:0.018142356561225866
on:0.003313783171498627
standards:0.027694760367483893
you:0.003632673133390339
am:0.01068193697190435
assume:0.022689467681628606
fought:0.03850886721529154
why:0.02326434745299355
a:0.003650991178683386
other:0.0270452546633708
standard:0.019895715950733573
waste:0.02796457513201529
equipment:0.026372273938173787
step:0.08155922814083043
those:0.012130167675082093
thread:0.027208678388914807
it:0.0022408851616991634
deleted:0.02296326468626364
money:0.020262874292347254
against:0.016884188184038213
has:0.006959310286840202
be:0.007561585060620541
writes:0.004321976411879492
if:0.013140204309086457
of:0.005083414001718658
what:0.006015961457494322
toward:0.05846356044958653
they:0.012195027771343054
who:0.00845132597538463
george:0.026028197248726584
one:0.006426868678272042
in:0.0011613052411404607
government:0.03518450900152023
our:0.029147391150070503
clearly:0.023754969780551662
intend:0.03326477262362529
total:0.023928205854930728
use:0.04347136020254505
and:0.0024954079378482997
for:0.006379389468864196
subject:0.00017448991432691697
space:0.01998374351315754
leaders:0.028905656230383967
away:0.018097931936756018
any:0.013376304134494213
will:0.007407224476492055
agency:0.028595034388143148
than:0.01870067035580995
the:0.0034485431829564513
do:0.004694888358865991
alternate:0.038635782809128806
strong:0.023599035202421636
would:0.006095749320943635
can:0.0056507581205079305
because:0.023068265345026328
clipper:0.11679752022270495
did:0.010744516623810232
forms:0.031286631354070095
just:0.015351484489750144
is:0.008780151205577251
threads:0.037050412631538535
methods:0.02908152193574295
else:0.01651341323750364
time:0.010323594574534077
specifications:0.03838436920894713
lot:0.01619969534813981
fool:0.03232196472268053
define:0.02793958103764664
first:0.024543200384196617
every:0.015896395600898016
article:0.010592586670805242
planning:0.0302850604554223
data:0.01917872956343668
everything:0.020193872443942832
