believe:0.020117332225280928
perspective:0.04525253097147937
where:0.01710608146512742
with:0.010830136607213839
members:0.10245117523623931
both:0.020793556317668868
to:0.0012761103334174358
80:0.03700612618021582
like:0.010783695032487713
its:0.03829304733396611
generally:0.035803236048362025
re:0.003462412062760838
greatly:0.036138232868524085
so:0.018922418470091112
this:0.009721897006878128
two:0.017266568820863994
combined:0.04696681275977192
narrow:0.05079992199843927
why:0.016478912779203762
influence:0.047533057418599055
a:0.0025861187515673983
idea:0.025670150882044038
worth:0.03254781128510961
belief:0.038143660190450485
organization:0.14191974918951375
are:0.01190576632594862
reason:0.02474270300007896
it:0.01269834924962859
not:0.005582500079407082
probably:0.022103923287307484
real:0.023681424574057846
strength:0.048136199105367226
robert:0.02958714841627503
iq:0.0563138915446988
points:0.03393663230065215
has:0.009859022906356953
netcom.com:0.05961176249483591
which:0.011961966041828868
of:0.012602630545927505
well:0.015582110279197637
groups:0.068144177749748
who:0.011972711798461558
pro:0.04167376065329835
clear:0.030534729094320492
in:0.0016451824249489857
or:0.0062436246083619005
and:0.0017675806226425455
for:0.006024978942816185
subject:0.0002471940452964657
i:0.0017675806226425455
the:0.00558335562954854
interest:0.03382208330248042
cryptography:0.045383870184367854
strong:0.03343196653676398
would:0.008635644871336815
may:0.0344634356933302
an:0.008313871653349413
nra:0.1475139141491049
interested:0.026639594587175183
interests:0.0455844395990084
is:0.012438547541234439
number:0.023169118966645908
new:0.015962958934106916
somebody:0.03514563169884032
strategy:0.0488773352875296
index:0.04761685219193163
organized:0.04499531278530274
bad:0.025375935618022073
lewis:0.04607005511171713
lots:0.03378421306867001
s:0.005744780378296466
