send:0.03859667264310819
means:0.03729730553208885
4:0.03268775663392998
someone:0.028992869929776576
from:0.011139108610923362
my:0.012502819228030279
to:0.007253679789951741
that:0.004564534545190484
nt:0.018791540834801012
its:0.02720821784255487
me:0.01425774579479664
this:0.006907663662781828
restrict:0.07253114555571975
rsa:0.2219839222636155
europe:0.054118429204571813
a:0.007350021714981026
how:0.0346148157165559
allan:0.1297485662311837
it:0.004511255654473315
ab:0.13757841804420456
feed:0.06556957892314949
ftp:0.09982544598129145
have:0.020180945255828402
be:0.007611332330756201
get:0.03458878882345059
of:0.005116857514887859
but:0.008753726608558028
must:0.03049290036157233
now:0.021735715761555845
in:0.007013672443203571
citizen:0.06421389174027796
u.s:0.0464176631710355
and:0.0025118250953341434
for:0.004280906090948342
subject:0.00035127574857918807
i:0.012559125476670718
program:0.03653465042610625
the:0.002975340828904156
do:0.03780620625823666
canada:0.09791072613175386
would:0.012271705869794421
their:0.019916889718180446
wishes:0.06865957354258896
live:0.08149179668283311
by:0.013032045721278501
news:0.04037995416004498
