some:0.01577752533963992
storage:0.06787593022859455
medium:0.0741404267004249
corporate:0.07235762206471479
to:0.005587293892260125
archive:0.06557659210462564
that:0.009375800687418293
think:0.019456054426061558
bit:0.03682546213588784
could:0.020393366963865643
re:0.01010650007508569
mean:0.03572191968689001
off:0.029506181729139873
ti:0.05119812238177923
on:0.006851470611341756
you:0.007510797154171917
des:0.0634541341311835
machine:0.08791349606282019
particle:0.08618060134758522
fun:0.05562503587748426
a:0.0018871677376302637
j:0.0412720089125522
was:0.011965691001370076
acceptance:0.07051523769238867
chip:0.04368113997031452
cheap:0.05021934078928173
hey:0.052082959265286076
d:0.024619516518608588
it:0.009266362965945189
wiretap:0.06585523112087882
have:0.006908792069562877
marcus:0.07886171915254814
massive:0.067446893764884
if:0.009056086753559586
of:0.00788272644185427
key:0.043322194205899674
universe:0.05988451825224315
and:0.0025797122600729047
known:0.044012550644139975
subject:0.000360769687729977
each:0.034405532396765075
i:0.0025797122600729047
we:0.036425510965242436
information:0.03295704438491574
the:0.005092925743169277
do:0.009706998904141848
can:0.023366648444262526
compression:0.06576171162297917
imagine:0.15963804950539714
shelf:0.0741404267004249
just:0.015870115722511974
does:0.016466065058615205
primary:0.062180451181910686
1:0.02646653908006363
index:0.06949486536119752
data:0.03965331923251098
fit:0.054938487558086176
s:0.00838427406562187
