health:0.025098473495498503
hmmm:0.029927126983854708
join:0.027624126689718385
computing:0.02627988842878941
take:0.012805717652624721
existing:0.02608235937563886
fax:0.018425562288454156
mentioned:0.02117568445055324
from:0.005099832858013106
to:0.007472164120974384
amendment:0.027530727975646305
us:0.0124088938926807
might:0.01281376587878582
perhaps:0.01740037070867497
bear:0.027141941703733227
that:0.004179573800415383
think:0.008673180888726238
me:0.0065276426530394265
re:0.0022526536311937985
so:0.006155485526415182
political:0.021715516731816417
rkba:0.03738261592044968
this:0.009487634428399137
getting:0.01633856368810052
best:0.014669735421454423
something:0.011991935645563391
slowly:0.0317997121147783
suggest:0.022116866295844084
support:0.01649973680441871
why:0.010721220362373534
a:0.001682535091381199
how:0.007923873477283882
hard:0.032581125332235054
other:0.008309084264047657
as:0.019279859282337795
idea:0.01670106201964311
harder:0.02948397898881244
therefore:0.020680274220210036
arms:0.04883301483884072
organization:0.023083332699499224
electronic:0.025985971777166324
likely:0.019918125330901978
it:0.006196182465180216
not:0.003631988003469668
have:0.0030798229707689933
desk:0.03225580742643912
interesting:0.01968689495133381
rights:0.020922888070438593
university:0.014158675310835263
second:0.016564432389471487
be:0.013938825473192081
writes:0.00398350837962387
certainly:0.01852865829672073
of:0.004685315314837076
gives:0.02190677395057895
but:0.004007730254520544
well:0.010137758494899668
up:0.008093134761158943
direction:0.02661536376529898
one:0.005923559685395316
bob:0.022192801289331928
in:0.00214071929993362
government:0.03242909564597949
according:0.02072003737702541
u.s:0.02125146024698011
or:0.008124234430157655
better:0.013471179947598815
and:0.0011499922123216562
for:0.003919865818217759
subject:0.00016082504151818252
exercise:0.060133375163872474
however:0.014440354844559718
i:0.0034499766369649686
sciences:0.030659700068763066
we:0.008118939191048013
possible:0.015523925439545675
the:0.006356953096293218
cryptography:0.08858056590201918
start:0.01697326558965369
strong:0.04350183597554832
would:0.02247348544829822
maybe:0.01595128362856822
an:0.0054090249310947995
nra:0.06398193866708166
long:0.014339224368124006
about:0.005933832411577539
is:0.004855529401638504
argument:0.021197237591203146
export:0.031259879833515115
having:0.015764405978435914
issue:0.01886361450280032
new:0.010385539547491248
right:0.03505795651428252
gave:0.022360686223119833
keep:0.01596032882003567
2:0.011737406940333789
virginia:0.029399131158199553
1:0.011798336698341618
too:0.011762155830509016
organized:0.029274058920558416
e-mail:0.016564432389471487
although:0.019034575040691316
article:0.0048815233754012114
side:0.03879956721170112
by:0.005966478763958832
opposite:0.029071208227145234
s:0.011212703870891896
