join:0.024921766470072017
take:0.011552984403998387
existing:0.02353082421932636
among:0.01872013841296644
with:0.006356819312929862
way:0.009415069671448605
such:0.01045118045362934
to:0.004494127695948361
us:0.011194980359701064
might:0.011560245303687206
enough:0.013218198515964109
speak:0.019486047905643445
perhaps:0.01569816053065242
calls:0.04356836592889595
potential:0.023294958374029864
make:0.009565654800813606
that:0.001885351225187374
think:0.00782471754091606
nt:0.0038808616941436876
re:0.0020322853411857095
anyone:0.009091927987181473
charles:0.022370938342031712
political:0.01959117270370394
phone:0.01596384307722592
this:0.008559496277794875
getting:0.014740225936003729
best:0.013234652608486054
these:0.009003456375537731
on:0.011021930983462824
hat:0.029100348004287464
slowly:0.028688870712245636
gross:0.03133458129682235
working:0.017220320710361996
m:0.007439210391935174
a:0.006071757068897369
hard:0.014696920666171245
other:0.007496239064303863
same:0.010554855165916371
as:0.017393786091674312
adam:0.025242409626386995
harder:0.026599676696428612
eff.org:0.03401946447861371
act:0.04056122894585168
eff:0.030252360236440096
organization:0.04165036117518338
are:0.003494083595658834
those:0.010086498121128044
internet:0.015524640995188077
lobby:0.031815849760634556
likely:0.01796961307027026
action:0.060030865448249295
it:0.005590034180543021
have:0.0027785359410198523
rights:0.018876083802678294
hopefully:0.02512361183392776
call:0.014439978793471236
glad:0.025212465844805635
be:0.009431433540284858
loop:0.02789983805004727
writes:0.0035938173424867517
get:0.007143336822234361
certainly:0.0334321443179961
things:0.012145249609457879
if:0.003642121846540268
of:0.005283711564286376
kept:0.02170530229659877
seen:0.014089483101208439
but:0.007231339372287068
they:0.0050702153505855635
up:0.00730141505626296
powers:0.028803291414407767
net:0.01801707872227436
one:0.005344081020519687
in:0.002896951661323214
government:0.01462834205769727
our:0.012118344690110834
office:0.019840966918729133
or:0.003664736183168942
better:0.01215334712663806
and:0.003112478922479265
for:0.0035364006838268913
subject:0.00014509215702183858
exercise:0.05425076237610234
however:0.013027711435852789
i:0.00622495784495853
we:0.02197408541924951
informed:0.027754901924600745
community:0.022111678570525133
the:0.004506132124934556
do:0.0039039017331874816
start:0.01531283743414409
strong:0.01962311079331799
would:0.015206244229962652
can:0.014096184659310543
because:0.009590882059209315
maybe:0.01439083196925176
drop:0.02353082421932636
nra:0.05772283597138888
long:0.02587294831639766
is:0.010221241240405693
number:0.013599265480422599
new:0.009369562852627971
right:0.010542791270599454
events:0.022111678570525133
appropriate:0.021978302978589707
issues:0.02068059501412443
too:0.010611510151437482
successful:0.026050241278649435
although:0.017172497047580206
article:0.004403983045198919
little:0.012746405988578608
realize:0.021269082930060534
s:0.0033719363090000997
