some:0.004111045334976599
go:0.006850113562655378
ask:0.01026254431111397
at:0.009305968441420046
out:0.004148510912255141
know:0.00434463072414895
all:0.003359393769881307
damn:0.015147312878037347
where:0.00650512957124564
your:0.004436381064018531
much:0.00615210165338004
ca:0.007241368296099723
my:0.006691649727678178
entity:0.019503645455341067
to:0.002911688366389079
bet:0.015188983503554965
slightly:0.015245322733648066
happily:0.020884075341876362
us:0.014506171733697155
worse:0.0274300381221154
make:0.012394932981335942
that:0.0061074757999027614
complaining:0.05940414821139006
russia:0.018044371588823726
like:0.004100841772917863
nt:0.012571805488071101
its:0.007281072380402008
me:0.0038154531000160028
anything:0.008173384332110577
re:0.0065834595559537065
so:0.0035979246386792963
this:0.009242648562877095
getting:0.009550005536002416
shot:0.014002226568970903
something:0.007009370835082827
two:0.006566159974131378
these:0.0058332252573906436
on:0.001785242342391866
you:0.013699270865707932
serious:0.012665470552955882
more:0.004476827555706781
a:0.0019669072195019647
how:0.0046315598493983255
other:0.004856718267013771
as:0.0028173033810458396
let:0.016233364385583274
lucky:0.016766535343438627
stars:0.017546788725913243
are:0.011318862352134253
no:0.003963893437262359
action:0.012964412256429424
it:0.010865136857956858
not:0.008491690261633308
have:0.003600356430617274
shooting:0.03357694779779723
ve:0.006426527109251529
real:0.009005612161965661
always:0.009355479218305308
doing:0.009439094736497589
nazi:0.03548647435061814
talk:0.024363336391810052
sudden:0.01918539171777674
without:0.007912712974656672
writes:0.0023283887007660648
get:0.013884232133356926
down:0.008325230904764641
things:0.00786875326809947
if:0.0047193691532634455
end:0.00952194860061799
whatever:0.011637185136455503
of:0.004792549644225952
germany:0.029610885444980892
sit:0.016393361255916474
what:0.012963973281642694
but:0.007027639671659263
aim:0.020884075341876362
they:0.009854784765926869
find:0.007452277245328839
now:0.005816599992529029
good:0.0057042600399982366
one:0.006924724702645229
code:0.011410255318069353
in:0.0025025310125984575
point:0.007751887187535425
yes:0.009390302360929187
or:0.014246016712037013
world:0.017755286540370965
rather:0.027184686474431653
and:0.004033071279832287
complain:0.017920810603572777
few:0.008047984158120728
subject:9.40033693380926e-05
i:0.0020165356399161434
person:0.009877445208006517
away:0.009749942205365037
we:0.023727885663978345
angel:0.04162869556194864
any:0.00720624835414653
tapped:0.017208708960985114
decide:0.01441446273455204
pretty:0.010133873439857841
the:0.0026540598943276513
wrong:0.01861564828753423
do:0.010117153787415446
got:0.007789274019825965
would:0.0032839776271280847
can:0.009132739356736409
nobody:0.014113696005135309
country:0.011868852493028634
did:0.01157683833410539
liberties:0.019600120716566825
once:0.00944729293987643
countries:0.014843236932501395
problem:0.01489834712708158
just:0.008270341996238634
btw:0.013210530001561038
people:0.021201030141874893
about:0.020810200992715595
company:0.011852563519828697
jerry:0.017183999198102554
draw:0.014868660340858743
is:0.004730151881877886
done:0.009326280110636262
having:0.009214406311339301
right:0.01366108164641056
somebody:0.02673048044700532
figure:0.013001752232657583
does:0.00858090714322201
2:0.006860597014420454
communist:0.041357806260344444
matter:0.010636982436269517
1:0.006896210887058833
guess:0.021099699034758123
dave:0.012346037575262649
article:0.0028532847898471866
opinions:0.010054965336338177
full:0.010879093253250892
bad:0.009650003685726704
going:0.030673460338727924
live:0.010903831950519926
opposite:0.01699232593558489
god:0.009342176872447976
s:0.008738539166986173
