at:0.005912516862110275
there:0.0061595905072291774
know:0.008281041111800683
means:0.01902412899623324
with:0.0117750478548231
encryption:0.07785401664207582
wrote:0.017285738085186988
post:0.017332736942491142
themselves:0.021721142391428305
my:0.006377276921679874
to:0.0036998635170223644
look:0.015913881370979266
ii:0.02464026714839005
perhaps:0.019385647903624466
that:0.0023282189626474955
v:0.025816431636926256
nt:0.004792473501492876
me:0.0072724072510372125
anything:0.01557879966657318
re:0.002509667803880339
se:0.033874562798149606
anyone:0.01122761576940531
national:0.021840093456292037
finger:0.03339306008097617
these:0.022236724471126745
you:0.0037301945597900794
digitized:0.03941482207361685
defend:0.030401975996505005
2.2:0.033444885893686986
convention:0.0385822539617378
posted:0.022908596808603326
why:0.023888893693342367
a:0.0009372510911720772
how:0.008827939578718955
other:0.009257100589475912
was:0.005942692175177084
as:0.010739787385463334
eff:0.07471723870476481
are:0.008629682974513095
encrypted:0.06459949639098789
care:0.06374530754242745
it:0.004602086305234523
not:0.0040463758964829856
should:0.011025584847204561
disagree:0.028512678006169086
only:0.008949907639391184
hughes:0.06866728300414351
ronald:0.03916622293482256
rights:0.023310063219414805
per:0.023737081312570584
between:0.015589703664740976
facts:0.027181790564677108
types:0.027495954442824693
public:0.0397818066853771
network:0.02465429308744682
pgp:0.030501899570288562
be:0.003882290316358868
writes:0.004438002624278942
things:0.014998160591545299
if:0.004497653823915498
of:0.002609940745848841
republican:0.04022115973698641
even:0.011269526495073998
key:0.02151572061232601
what:0.01235492755700176
associate:0.033239941438250195
decrypt:0.03941482207361685
well:0.011294415504384864
who:0.026034621628869426
continued:0.03204158523691813
now:0.011086673811263385
in:0.0011924812207683925
or:0.004525580253040841
use:0.011159594145955356
and:0.002562398754971744
few:0.01533978188527709
irrelevant:0.03294380180798887
for:0.00436709883103455
subject:0.00017917420732898185
p:0.045182926706461075
i:0.002562398754971744
stupid:0.025917356988366124
reagan:0.03892650425964082
persons:0.032568240374109374
the:0.0040469960267868615
do:0.004820925630244944
cryptography:0.03289569114034717
would:0.012518787196031894
complicated:0.033341631404831415
may:0.024980208422011152
note:0.019877108046164414
people:0.020205008591585468
constitutional:0.036166128229983385
about:0.006610846847797796
maintain:0.030671817744679773
is:0.005409515977664373
issue:0.06304751692882254
does:0.008177777277433055
issues:0.051076905806696576
position:0.023106328571894038
organized:0.03261405222021944
article:0.005438475706822825
stance:0.04147341447242541
iv:0.035427867188276486
data:0.01969359478661619
concern:0.03091717073618177
s:0.00832800376987944
