sent:0.016418225662007197
some:0.005212218192559616
simply:0.01365465776733656
at:0.0039328795198858525
there:0.004097227614183694
maintaining:0.04780771457847226
form:0.03047661539715978
with:0.002610836503524765
ca:0.01836204103653858
someone:0.009836866583317052
corporate:0.02390385728923613
from:0.003779340421563284
prevent:0.017959899429324425
both:0.010025464653161776
to:0.006152674821834066
look:0.010585572876231743
then:0.007124465847213407
manufacturer:0.022387440469726478
trust:0.018523965463028272
beach:0.02370759334539186
manufacture:0.02566408857276309
that:0.0015486813635467713
control:0.02722887741018771
like:0.010398563067041724
really:0.008711588139245205
nt:0.01912710406399389
its:0.018462719250305088
me:0.004837449466091717
anything:0.010362683706783051
re:0.003338754489090808
tobacco:0.027363965784896093
wait:0.016390177701384453
escrow:0.08264579723057226
this:0.004687343199744812
off:0.009747577892662278
generation:0.02071023980109034
something:0.008886880880194297
these:0.014791392616954844
curious:0.019135144378667385
you:0.0024812454884317937
des:0.020962526454051694
tell:0.010759040417957378
machine:0.014521425688947976
am:0.007296144449559667
a:0.0012468786837914242
how:0.011744312475260038
same:0.008670059600574162
uunet:0.01686157282329145
fl:0.026660265141130096
was:0.0039529514915240425
acceptance:0.023295212451949827
chip:0.04329112979200813
cheap:0.016590317939316285
s1:0.026948383539065684
are:0.005740280192868085
it:0.0015306045970534463
wiretap:0.021755745995290322
flame:0.0187395245753473
have:0.0022823688086948788
being:0.00868662468716584
domain:0.019925013611520416
only:0.005953286777987886
uucp:0.018900127711321754
tom:0.05083564585010832
hope:0.012894917578750201
s2:0.027048708788405228
secure:0.03816746338178514
without:0.010032189664296852
be:0.012912081632532843
seed:0.027256387429632427
things:0.0099764550363404
if:0.002991742945372363
of:0.00434019164209238
key:0.08587077780097971
but:0.005940028770092949
reading:0.014671080564120493
2nd:0.03898782902312073
forgot:0.02142712181072226
saying:0.01346676419180553
manufactured:0.02566408857276309
separate:0.018851337217874475
together:0.015888242149331388
they:0.012494459256800138
who:0.005772557474258251
in:0.0007932129548861182
government:0.012016138118822756
system:0.009978671112689843
or:0.0060206380152061185
total:0.01634381917769822
better:0.009983106568309835
and:0.0008522263716312273
still:0.009114772688524763
subject:0.00011918284326793882
half:0.01688233698032596
each:0.011366113381074175
programmed:0.026660265141130096
however:0.010701334393736219
values:0.019066724867603874
i:0.004261131858156137
any:0.004568246724503604
information:0.010887595020016808
program:0.024791369932000668
agency:0.05859428921498975
than:0.006386612867051165
the:0.006729937589187973
do:0.012827105694758869
intended:0.018163164540074217
can:0.0038596696090969344
come:0.010719614618167
shelf:0.02449281953496179
trusted:0.05243579008007956
just:0.005242806086901276
about:0.004397393662151212
unit:0.019152414364283107
is:0.005997156850238034
chips:0.018539022090165055
1/2:0.04235030334550745
time:0.007051383794213007
keep:0.02365548735826715
1st:0.0401854120585377
circle:0.024324335927895506
agencies:0.020685777900355407
under:0.021672530599157493
agents:0.020334077552796866
supposed:0.01628881701525161
already:0.012972260362934604
going:0.009722391446650368
understand:0.013375702066677023
process:0.016145373809078423
by:0.004421586941148063
built:0.01648436443783372
while:0.019378058088201092
security:0.016570865683204875
