keys:0.02968821670535228
some:0.008844976326767834
at:0.02002193210123707
know:0.009347538830744712
all:0.014455573191610473
with:0.004430510430223844
user:0.02864881426964406
into:0.013566696234715049
corporate:0.04056412146052192
bits:0.033404381810354496
to:0.004176361091184336
then:0.01209000264981669
80:0.030277739601994764
that:0.007884196032601746
feds:0.03763562938878698
nt:0.016229057993691783
happens:0.02830361753620287
me:0.008209005154579884
re:0.008498647790412968
this:0.003977139684631962
off:0.016541344302699625
something:0.015080767554269112
arithmetic:0.04662288597278103
you:0.0042105984046115295
des:0.03557277216445136
machine:0.02464241935094202
size:0.027279372250499
access.digex.com:0.033882290715101286
a:0.0010579576710957538
how:0.00996487119112973
was:0.0067080388947074665
as:0.0060614709107349885
steve:0.024296620051775655
possibilities:0.042065461828580626
proposal:0.035706073390893635
acceptance:0.03953126961543001
chip:0.04897582360307991
output:0.030964834764652432
cheap:0.028153266806112485
tens:0.04282913379162581
reason:0.020244029727337333
it:0.002597389619242212
not:0.004567500064969431
wiretap:0.03691884168897752
feed:0.07550436360847518
has:0.008066473287019326
verified:0.04573059024811147
regarding:0.029977245235385436
device:0.03041026352205171
be:0.004382282251041449
get:0.009957378600690322
skipjack:0.046435820725884286
things:0.016929741879850375
if:0.015230691358259302
of:0.0073651736956719185
key:0.09714673852232047
what:0.006973046234822964
please:0.014510722400797385
they:0.014135145825874905
thousands:0.06482696962421726
one:0.007449325058906231
use:0.012596814604146576
and:0.0014462023276166282
for:0.0024647641129702576
subject:0.00020224967342438103
i:0.0014462023276166282
we:0.010210181103893712
possible:0.01952251229518623
any:0.007752176259763692
caught:0.034206244194935245
yet:0.01992476320216791
the:0.006852300090809573
do:0.016325407247874926
see:0.02680887517289661
can:0.0261989694678095
shelf:0.041563572544177585
different:0.019145582560691272
worry:0.033305780536778205
is:0.004070797377131272
does:0.009230975866193373
designed:0.02976967724911184
count:0.03229826194344553
change:0.02251522051447339
random:0.03381214431045889
lots:0.02764162887436637
registered:0.03916872400044793
going:0.01649860366704305
main:0.02816982584565779
s:0.004700274854969836
