screw:0.024504477039521775
read:0.011112760107342754
believe:0.010650352354560492
out:0.005775377936668921
there:0.0044989165959664085
case:0.02423148144418388
sufficiently:0.028262563522624084
own:0.02222049642694113
your:0.012352276688051594
with:0.002866800866615428
though:0.01218404020397392
into:0.00877845050481562
from:0.004149863992304782
work:0.019853651607748074
yours:0.020717300513992457
my:0.013973739137210313
discovered:0.022229572083920724
to:0.0027023512942957466
amendment:0.02240245511743768
design:0.018446898075614917
then:0.007822942891057859
most:0.009100958156701165
cases:0.018038164698462703
might:0.010426887920972775
been:0.01438470967864156
that:0.001700512869776847
trap:0.0573932976074192
weapon:0.023787587332070082
quite:0.013020585206418635
weapons:0.019605666595537613
nuclear:0.04784564482608946
location:0.022504053796443154
re:0.0018330416802851497
this:0.005146886650700186
crypto:0.0222783482155539
illegal:0.02014587806678082
compuserve.com:0.027152133869200307
on:0.00248533737862397
you:0.03269405820051305
tell:0.011813848302070848
violate:0.029172941688286304
arthur:0.07857780488515835
serious:0.017632321750193483
officer:0.02462166096527449
classified:0.05096774022921236
includes:0.018469384173687986
a:0.004107365076018809
how:0.0064478578295545305
as:0.007844256472715867
chip:0.015845119400996442
athena.mit.edu:0.023957222279018493
l:0.01620078715075178
are:0.012606105521592657
no:0.005518361451875048
those:0.009097625756311569
police:0.0180175681942779
it:0.0033613277425487446
not:0.005910882437019264
only:0.006536942344457287
properly:0.021106696742659296
argue:0.02088041222421242
charge:0.02017770909281292
allowed:0.018783496216259174
doing:0.013140700515516251
has:0.010438965430260305
yourself:0.017187620938110746
personal:0.016440664074488805
be:0.005671188795465405
which:0.01899841665466938
outright:0.02834635976458144
thrown:0.02406189445779579
hackers:0.027863810388045886
writes:0.003241482308909619
certainly:0.01507724155517471
if:0.013140204309086457
of:0.0019062802506444965
even:0.0164623475271179
courts:0.055278507677745746
what:0.004511971093120741
but:0.0032611922659333834
they:0.004573135414253645
exceptions:0.02834635976458144
now:0.008097619597442374
in:0.0026129367925660364
speed:0.0329261290871155
use:0.008150880037977197
and:0.0009357779766931124
for:0.001594847367216049
i:0.0018715559533862248
example:0.027562344546646123
similar:0.015513521018954417
information:0.023910012592978088
detailed:0.024241473542010398
reverse:0.024582287574601625
the:0.004064354465627247
rubin:0.0619288223324007
do:0.007042332538298987
when:0.0064101688374692935
less:0.013474831159785674
would:0.00914362398141545
can:0.0042380685903809475
drivers:0.01927599881608091
law:0.02947883456121535
clipper:0.017519628033405742
come:0.011770557227791217
people:0.007378789902319203
about:0.009657021375704624
f:0.018216819698072782
is:0.009219158765856115
write:0.015951832965625065
does:0.005972984384007477
broke:0.024582287574601625
run:0.013121737394055857
build:0.018292318936364484
automatically:0.02310392984116647
paper:0.03781027840428034
first:0.00920370014407373
engineering:0.018954654378544603
opinions:0.013998088997647266
give:0.011584491526254934
understand:0.014687045406547321
by:0.01942030342778757
wish:0.018314105464601854
represent:0.023559548039742174
john:0.013144501958734537
