taken:0.016474406498793302
read:0.01133501530948961
believe:0.010863359401651703
traffic:0.02187520130692951
versus:0.027061418018388596
own:0.011332453177739977
your:0.006299661110906313
with:0.0029241368839477365
ca:0.010282742980461605
someone:0.0110172905733151
from:0.021164306360754392
work:0.010125362319951519
my:0.02850642783990904
to:0.0034454979002270774
aid:0.024839515396599406
respect:0.020436790944670605
trust:0.062240523955775
basic:0.0190982640478
confidence:0.02874377920149466
been:0.007336201936107197
that:0.0069380925086895365
like:0.011646390635086733
nt:0.0035703927586121925
french:0.02499456658031221
re:0.0018697025138908526
omissions:0.05748755840298932
these:0.008283179865494714
compuserve.com:0.027695176546584314
on:0.0050700882523928995
you:0.0027789949470436092
arthur:0.08014936098286152
sternlight:0.049378256240826035
identical:0.02443636672459886
great:0.012606253443663385
them:0.01465859171532241
more:0.01271419025820726
sure:0.021820440201592035
a:0.0020947561887695925
other:0.013793079878319108
was:0.008854611341013856
senior:0.026499028101255147
commercial:0.020831733001263758
as:0.008001141602170185
services:0.019983308137316545
accuracy:0.02419577048287787
assured:0.028827814793076566
officials:0.02422944064378459
foreign:0.02206877386783296
l:0.016524802893766816
are:0.0032145569080061277
no:0.005628728680912549
those:0.009279578271437801
d:0.018218442223770354
care:0.015830084706369485
it:0.0017142771486998599
not:0.0030145500428798246
have:0.005112506131476529
made:0.011627897759590007
japanese:0.025034092477847776
secure:0.021373779493799677
has:0.01064774473886551
open:0.016524802893766816
absolutely:0.02001229372573817
netcom.com:0.032190351747211396
personal:0.01676947735597858
be:0.005784612571374713
which:0.006459461662587589
writes:0.006612623910175624
were:0.0077565164873614955
if:0.0033507520988170464
of:0.0029166087834860796
safe:0.02076370474098486
but:0.006652832222504103
russian:0.023278572983401392
well:0.008414339550766724
they:0.004664598122538719
david:0.03744667859016741
errors:0.04294024317625813
good:0.008100049256797496
clear:0.016488753710933068
box:0.015842695053533036
president:0.018827290795859992
code:0.016202562551658483
in:0.0035535940378898095
government:0.026916149386162977
our:0.011148877114901968
system:0.011176111646212626
or:0.0033715572885154267
and:0.005726961217361847
for:0.00162674431456037
governments:0.023363082037414405
i:0.006681454753588823
skills:0.02736826275027006
nsa:0.04505562322819715
any:0.010232872662888073
information:0.02438821284483765
tapped:0.02443636672459886
the:0.002638135534961686
rubin:0.06316739877904871
do:0.003591589594532483
would:0.01398974469156564
ensure:0.02406331240564299
once:0.013415155974624532
an:0.004489490692808683
trusted:0.029364042444844553
competitive:0.02985949695806571
here:0.00900200452811698
many:0.009266005137890467
interests:0.02461559738346454
is:0.0013433631344533196
argument:0.01759370720069861
karl:0.029364042444844553
their:0.01513683618581714
nothing:0.02554856001500909
activities:0.021131646524272307
article:0.004051664401583005
very:0.008716212458917237
opinions:0.01427805077760021
thus:0.016656775364381527
by:0.00495217737408583
excepted:0.03639075522529748
high:0.013986619128207606
black:0.017647761781219688
elsewhere:0.02368577464310226
represent:0.024030739000537017
strnlght:0.025154580235743077
share:0.02040524509870428
