gtoal.com:0.07255982959933825
out:0.01491363416557544
happen:0.04280547121730779
means:0.035880952157452566
tony:0.29257877072422206
stand:0.049844791828689394
text:0.04577928776245022
though:0.03146258483051493
such:0.024341989917313907
from:0.010716104486457918
to:0.003489111797698306
q:0.05373010688003364
make:0.022279499789236754
like:0.014742266626692065
servers:0.06668847372174241
happens:0.0472921204402377
re:0.004733424085799627
this:0.013290694642314405
crypto:0.05752889918953159
on:0.012835666461754176
2.2:0.06307959491340963
toal:0.07195211796406786
a:0.0017677267415777153
as:0.02025605468903844
private:0.0449326724515766
chip:0.12274953257480788
have:0.0064715267487044665
only:0.03376041109542498
mantis.co.uk:0.2078602234197726
public:0.0375157544058303
pgp:0.05752889918953159
be:0.014644588788290412
which:0.03270613500044349
writes:0.008370410012880535
gtoal:0.07195211796406786
if:0.01696583341173188
whatever:0.041834944034852696
of:0.0049225464700187
even:0.02125518288311425
key:0.08116056636041964
available:0.03419068136473709
or:0.017071176144381906
and:0.002416439332220189
subject:0.00033793616319010504
house:0.043517366385951786
developed:0.053636687800316905
graham:0.06168717851829155
will:0.028691274554513528
the:0.0009541177341633582
effect:0.043878144995220324
clipper:0.09048111693201953
is:0.006801838655459845
alternatives:0.06708614709178518
thumb:0.07458046435366589
white:0.043024925896463194
new:0.02182277930232338
announcement:0.05784937777161122
