british:0.07191298935051522
damn:0.06938446544133237
text:0.05833167311667044
encryption:0.06236692731004999
q:0.06846255554068803
ii:0.059216125888872866
that:0.011190471788208929
nt:0.0345521879865696
re:0.006031298431905976
on:0.008177561697407902
you:0.008964499829172932
concerns:0.16202641409406437
as:0.012905067100274491
let:0.07435928202428467
chip:0.05213555415811732
are:0.010369538412922992
systems:0.048393824520687266
ben:0.09046764351489957
buy:0.09699487500786987
mathew:0.17308914800138148
mantis.co.uk:0.08828471854925825
russians:0.08955872518342971
writes:0.010665522435767134
things:0.036043966582907254
of:0.009408415430600257
they:0.015047090717866833
in:0.002865801643459524
and:0.0061580228143675786
subject:0.0004305960789035209
we:0.021737804930870484
house:0.05544954749177728
the:0.0048629226450906645
do:0.011585772885588656
would:0.030085472454979872
because:0.05692652577079077
clipper:0.05764522772281889
country:0.054367001742260196
forget:0.061922795732491834
apple:0.06118333785950122
white:0.05482208299710632
designed:0.06338060317552843
nothing:0.041207354862917885
announcement:0.07371130393479494
security:0.11973786816251265
s:0.02001407357600059
