read:0.010643206863370525
say:0.008908661851021332
there:0.004308821528531208
andrew:0.01767820732005633
know:0.0057928409655319335
all:0.004479191693175076
true:0.012128078836421816
where:0.008673506094994187
among:0.01617138717364237
hand:0.014822720448134617
your:0.011830349504049414
from:0.00397451762643275
name:0.012968227726902587
my:0.008922199636904238
single:0.015264913946067488
to:0.0032352092959878655
recall:0.018360822605976632
most:0.00871641062895323
might:0.009986315191917587
that:0.016286602133074028
reliable:0.021779782701616138
provide:0.0317085040214405
like:0.005467789030557151
really:0.009161482362398714
nt:0.01005744439045688
could:0.007085019508573039
anything:0.010897845776147436
re:0.003511178429841977
cryptosystems:0.060805676737413696
so:0.004797232851572395
this:0.002464706283433892
these:0.015555267353041715
on:0.002380323123189155
you:0.013046924634007554
dont:0.02284679183145755
etc:0.02180585903716653
m:0.006426360150779681
sure:0.010244338122813163
a:0.0026225429593359534
other:0.006475624356018361
secret:0.018763669612503798
border:0.0227824780081798
therefore:0.016117021223262282
evidence:0.015106610490671723
course:0.011484280750704316
daily:0.02093241943536124
anywhere:0.01984192161903503
mind:0.01422373616436684
no:0.005285191249683145
d:0.008553259259986082
it:0.00643859961952999
not:0.005661126841088872
have:0.002400237620411516
only:0.0062607335130013455
crack:0.07363351951661654
passes:0.021728472511324166
buck:0.026401843649506696
facts:0.019014491991253
follows:0.02015973858040288
netcom.com:0.030225682391747787
knew:0.018225798417360373
be:0.00271578054994118
claims:0.03527066362073921
cryptosystem:0.03169980257822872
writes:0.0031045182676880862
get:0.012341539674095046
things:0.010491671024132627
if:0.0031462461021756305
of:0.005477199593401089
monitor:0.03518568863933153
but:0.006246790819252678
reading:0.01542874200170418
2nd:0.020500642491030622
never:0.01034713253925756
oh:0.015162986780006918
eh:0.023395718301217658
variety:0.021937166232313995
easy:0.015557190442529614
must:0.010880095903659612
they:0.04379904340411942
paranoia:0.026911861682383673
in:0.0016683540083989716
or:0.003165781491563781
grady:0.030089733324112147
and:0.0008962380621849528
usenet:0.0191746414490317
for:0.006109837801165709
subject:0.00012533782578412345
values:0.04010278282012459
i:0.003584952248739811
nsa:0.06345862426506642
group:0.012662516125852794
we:0.006327436177060892
monitors:0.021677717036656486
pretty:0.013511831253143787
source:0.014644450524412322
practically:0.026911861682383673
the:0.0024771225680391413
do:0.02023430757483089
can:0.01217698580898188
because:0.008285081215467201
did:0.007717892222736927
maybe:0.012431516818508563
gateway:0.022656434580779854
come:0.011273209739292998
places:0.01790996188868702
here:0.008452586411377446
people:0.007067010047291631
many:0.008700474307878374
about:0.00924897821898471
is:0.007568243011004617
captured:0.026133494288755766
bone:0.02951996404240197
hear:0.015557190442529614
byte:0.025354221342867213
easily:0.01736579703472013
guess:0.014066466023172082
too:0.009166750553354443
every:0.02283707537030419
almost:0.014187760235983888
significant:0.01954426194133317
supposed:0.03426004705555268
article:0.0038043797197962487
release:0.01865635441026882
data:0.013776270531482686
announcement:0.02145587250684172
doubt:0.016338367600847736
everything:0.014505457671001188
