some:0.009015728765508527
silent:0.020341271907404056
trend:0.02149202426063698
at:0.006802818628991745
out:0.009097892656991968
there:0.010630644620584719
all:0.003683659577784908
damn:0.01660940871568574
where:0.007133037831018385
your:0.004864603174445029
with:0.002258020759805202
much:0.006745933859304754
ca:0.007940342069854521
from:0.006537237485947302
violent:0.018632511836703124
harm:0.01858170842134594
my:0.003668780931777225
single:0.012553770928619208
to:0.0015963696835028928
threat:0.017827620574547613
us:0.0159063813605019
worse:0.015038862599769835
civil:0.016112816523322446
that:0.005357600392810453
liberty:0.019240494201387494
complaining:0.06513813935148563
nt:0.005514120090520761
re:0.0057751429000489655
so:0.007890429323435677
political:0.013918053194909363
this:0.006080877664533811
largest:0.020717233930667284
getting:0.010471820742180256
shot:0.01535379284010709
something:0.007685951031519393
two:0.007199959199433635
on:0.00195756303181193
you:0.010729710220245596
american:0.012459595433931336
serious:0.013888006320615716
them:0.005659687920973903
more:0.00981790753529518
a:0.0021567631287203013
how:0.00507862161092326
quotes:0.018762524250242073
usa:0.014071898401655309
let:0.017800291449828764
occasional:0.022674936250845216
lucky:0.018384926785855484
instances:0.022069366862841472
far:0.00961149834795908
are:0.007446849979936975
no:0.004346508633909304
those:0.007165697506901777
action:0.01421580340087242
it:0.006618830689960849
not:0.004655675741899343
have:0.003947881182607358
shooting:0.018408982962498863
recovered:0.023221849444138756
historical:0.017433298199735336
always:0.010258517752890762
doing:0.010350204267047549
towards:0.016099525619110194
has:0.0041110983547743285
nazi:0.019455904856323463
talk:0.013357504894351457
sudden:0.02103726350520693
without:0.008676488358310792
be:0.004466882294497848
writes:0.002553136644855453
get:0.010149605986804033
certainly:0.011875510722994753
down:0.009128824621440764
things:0.017256570873669882
end:0.01044105560839965
whatever:0.01276046555503229
of:0.006005886812841348
germany:0.016234539510375626
freedom:0.015397793360303497
sit:0.017975732033514588
what:0.01776915256750253
but:0.005137322179539848
street:0.015397793360303497
seems:0.009098405750506093
gulf:0.021886923291989945
they:0.0036020062722306708
find:0.008171609025765986
now:0.00637804786825577
good:0.006254864290963317
one:0.00379656721148889
code:0.012511631314021993
in:0.0048021541052565
point:0.008500138846563941
yes:0.010296702202717717
412:0.023959514450944585
or:0.013017595708553771
world:0.01946911728751102
rather:0.009936230320126886
and:0.005159424520145809
complain:0.019650618576890613
few:0.008824816605815779
subject:0.00010307705363713628
i:0.0007370606457351155
person:0.010830866560130699
we:0.015610933270818184
power:0.010431873668612132
any:0.0039509160860571714
tapped:0.018869781254516497
decide:0.015805820141362083
pretty:0.022224093103626462
yet:0.0406188222808674
than:0.005523557074206414
the:0.004074340594535422
wrong:0.020412525535365718
do:0.002773428258326242
less:0.010613380527398755
can:0.006676185269789293
nobody:0.015476021874356862
country:0.013014494625560357
did:0.01269429377176035
liberties:0.02149202426063698
once:0.010359193802798866
countries:0.016275981810155972
may:0.007185426746871934
problem:0.008168205760793763
people:0.017435596217063136
about:0.011409453826122063
jerry:0.018842686379386585
is:0.006224076298625418
grant:0.017470966828868017
done:0.02045300039707103
right:0.0074898594354837825
time:0.00609849409229233
somebody:0.02931064265231471
figure:0.014256747621910246
break:0.015151376634161723
2:0.0075228168034571765
communist:0.022674936250845216
matter:0.011663718192666187
1:0.007561868308589608
guess:0.023136349520738637
past:0.012754882034375921
going:0.01681710952934118
live:0.011956325382037293
by:0.007648150384688542
john:0.01035319845398396
lifetime:0.02171271311716188
s:0.00958202750356785
james:0.013357504894351457
