out:0.011550755873337842
know:0.01209681495743433
take:0.02084067774838925
method:0.039126450223005475
encryption:0.11372792627126763
o:0.03432332337058707
to:0.0013511756471478733
otherwise:0.03483710619227486
front:0.06895982214443007
trust:0.040680081016846406
make:0.034511382026464775
that:0.003401025739553694
think:0.028230353480952063
like:0.011418030034398757
nt:0.007000770114925867
me:0.010623418435338674
re:0.0036660833605702994
so:0.010017750954754118
this:0.005146886650700186
you:0.005449009700085508
sternlight:0.04841005513806474
sharp:0.05271757141045538
m:0.026839504159138668
why:0.01744826058974516
a:0.0054764867680250785
other:0.0135226273316854
private:0.03480079533014266
eff.org:0.12273689145225339
also:0.01454408952627026
cover:0.03847261321811653
not:0.005910882437019264
only:0.013073884688914574
doing:0.026281401031032502
netcom.com:0.06311833675923802
without:0.02203147534120093
stick:0.041434601027984914
writes:0.006482964617819238
if:0.0065701021545432284
end:0.026512092182112836
of:0.003812560501288993
what:0.009023942186241482
sense:0.03221884359179403
david:0.024474953326906804
good:0.015882449523132343
in:0.005225873585132073
government:0.05277676350228034
quoting:0.05283091280654436
use:0.016301760075954394
and:0.0018715559533862248
for:0.009569084203296293
subject:0.0002617348714903755
i:0.0037431119067724496
will:0.022221673429476164
kadie:0.13426212017582434
alternative:0.04268786937612104
the:0.002216920617614862
do:0.014084665076597974
interest:0.035811617614391035
start:0.02762315772433836
would:0.00914362398141545
because:0.017301199008769745
clipper:0.10511776820043445
ends:0.046383457001612644
carl:0.047642095890320556
just:0.023027226734625213
makes:0.02738213610050955
fish:0.053914656673209306
paul:0.06421612727664819
thumb:0.057763300822937305
x:0.029854509701432375
article:0.01588888000620786
schemes:0.05652512704524817
everything:0.030290808665914246
strnlght:0.049322706344594264
