some:0.008844976326767834
at:0.013347954734158047
fast:0.026377257007182103
scheme:0.034778992230866695
means:0.0214742062154451
encryption:0.02929355676684166
from:0.006413426169925573
wrote:0.01951193162646107
sell:0.02636418408318612
yours:0.032017646248897434
my:0.014397185777731839
to:0.003132270818388252
stop:0.025181462989247252
bet:0.0326793281440122
look:0.017963396396029625
northern:0.03953126961543001
us:0.015605124137765122
that:0.002628065344200582
think:0.01090718202673148
higher:0.028120256916953728
nt:0.005409685997897261
need:0.01455456054164573
re:0.002832882596804322
anyone:0.012673596588192358
national:0.02465283276505692
voice:0.02747344167754673
this:0.007954279369263925
these:0.025100545046953675
compuserve.com:0.041962388706945936
on:0.007681951897564999
you:0.008421196809223059
inc:0.027734965877306072
them:0.011104993723729098
a:0.004231830684383015
how:0.00996487119112973
course:0.0185314530295456
cheap:0.028153266806112485
are:0.004870540769706254
proprietary:0.043808010545262226
it:0.005194779238484424
have:0.0038731107056640367
probably:0.01808502814416067
systems:0.04546086545882744
degree:0.03357162386868176
network:0.027829467197193765
be:0.004382282251041449
if:0.005076897119419767
of:0.005892138956537535
what:0.006973046234822964
well:0.01274899931934352
administrator:0.04176035653208108
cheaper:0.06680876362070899
depending:0.03409671326178956
one:0.007449325058906231
in:0.0040381750430566014
feature:0.03579626204624453
government:0.02039102226224468
become:0.02509259677875112
or:0.005108420134114283
offers:0.03424310926805019
and:0.0028924046552332564
for:0.004929528225940515
subject:0.00020224967342438103
amanda:0.14356226995238344
p:0.025500969997207197
steven:0.06797748678559122
i:0.0014462023276166282
away:0.02097714838123993
we:0.020420362207787424
walker:0.07383768337795504
will:0.00858564655229761
currently:0.027264647741343156
than:0.03251366550498776
the:0.0017130750227023932
do:0.010883604831916617
thing:0.017151003296401186
interest:0.027672613611120347
clipper:0.05415157755779957
tax:0.03357162386868176
here:0.013639400800177243
expressed:0.03113453883047945
replies:0.03395309270311824
is:0.004070797377131272
chips:0.06292031739692382
either:0.01896638414479817
easier:0.03164146753339849
dollars:0.034739432049191304
article:0.006138885456943947
opinions:0.02163341026909123
corporation:0.03597992577056266
bug:0.0375780187873838
giving:0.028737628388553604
telecom:0.04434936633300575
security:0.0843607707508612
s:0.009400549709939672
