another:0.01312133331590875
selected:0.029261897056627933
at:0.005212810724582432
fast:0.020602354585491346
your:0.007455220249593269
way:0.010250726742878954
method:0.023614780607967803
encryption:0.09152069806445205
into:0.02119294559742469
wire:0.03016667617844842
stream:0.06323420984841145
to:0.0065240196927376605
compressed:0.03209621180310317
might:0.012586302579162401
make:0.010414677416270435
that:0.002052690091328265
provide:0.01998198626203203
like:0.006891355405376764
could:0.008929639972343535
re:0.002212665696912252
wait:0.021724259201835017
so:0.012092433105146983
phone:0.03476150445218425
finger:0.02944121865127485
path:0.026248098408644463
two:0.011034256997948588
on:0.006000104440701656
you:0.009866254249858968
spec:0.03105313936323339
modem:0.025227044831566924
m:0.008099495337964923
a:0.0033053352091038934
other:0.00816158572681604
want:0.02239760908535126
feeding:0.036126809374187364
eff.org:0.07407788714869731
lucky:0.028175716198441243
chip:0.0191266530047531
output:0.024185551413811367
cover:0.046440314180448354
digital:0.024434127792968423
d:0.010780143327674767
it:0.004057460706981916
should:0.00972078190670698
have:0.006050303114173407
plug:0.02806647322305819
systems:0.017753947457293553
between:0.013744768319801216
algorithm:0.024148219051721043
has:0.006300440673884917
layer:0.034750346088573435
pgp:0.02689220731344968
be:0.01369139070147861
modems:0.03142308230395134
writes:0.003912795213121671
skipjack:0.03626939843678535
if:0.003965387099191771
of:0.0069032160555883544
key:0.018969481486606956
parts:0.02158991131015598
using:0.01304390874937823
they:0.005520234464542862
good:0.01917171421727218
sounds:0.021081092092075964
box:0.018748751542642647
in:0.002102718365615272
ought:0.029532959400008375
or:0.007980017250924086
use:0.009838932116848213
and:0.003388734448143105
for:0.005775423601989479
subject:0.0001579701591243686
cause:0.01865977001977554
we:0.007974816010141834
top:0.020009658143001863
pay:0.019720958946733036
necessary:0.021330034186281214
will:0.0201178463592299
kadie:0.08103394235463955
normal:0.022321672630287236
the:0.006690115473275617
see:0.010469738233202226
att:0.03626939843678535
would:0.005518636959197492
proposed:0.026116892151281608
hits:0.0293062205579839
clipper:0.04229590673153576
compression:0.028795068994677264
carl:0.05750880213979523
encrypt:0.035095132527176845
an:0.005313006737051696
just:0.006949044754236011
tap:0.032937480967485076
either:0.014813980515463657
compress:0.036126809374187364
somebody:0.02245993031641867
sheet:0.030818765765037854
2:0.011529050604114844
unless:0.03642676243479871
wall:0.026547420874846277
e-mail:0.016270389210960155
article:0.004794869114299414
before:0.012581031166997896
by:0.005860564939746545
data:0.06945196741315532
fit:0.02405590579466495
