since:0.014820900914101343
at:0.006525666758921711
mark:0.044498132804328745
there:0.006798362856127018
know:0.009139815745617052
posting:0.024438433755231415
800:0.035553150263716936
knows:0.025881195638083224
programming:0.032502068793802456
dos:0.07843449680542085
where:0.01368486517210194
further:0.02628025482282509
microsoft:0.03155262291658766
post:0.019130205958749487
6.0:0.15799232284456838
to:0.0010208882667339487
slightly:0.03207164189893371
ms-dos:0.03836786154377012
speak:0.02655876158991403
that:0.0025696638921072355
r:0.022964590864660222
could:0.011178586335748574
me:0.008026582817811443
anyone:0.01239196110845475
file:0.045014605666050506
had:0.01136598878283063
this:0.003888758802751252
on:0.007511241855396888
you:0.004117029551175717
used:0.014625655617310116
am:0.02421239046964986
working:0.02347065933856746
posted:0.02528430314431034
more:0.009417918709783155
sure:0.016163289038216323
a:0.0020688950012539187
partial:0.04187737526292302
copy:0.025308236630098832
also:0.021977735284141726
plus:0.02648814706651608
those:0.013747523365093038
it:0.005079339699851437
be:0.004284898201018306
get:0.00973610352067498
if:0.004964077183432661
of:0.004320901901460859
interface:0.03127925582817691
kit:0.11468820389770697
looking:0.019213965521530697
order:0.02077271748987031
shipping:0.030394870298828144
please:0.014188261903001887
they:0.0069105157370943976
up:0.009951558298906553
now:0.012236402947246254
good:0.012000072973033328
called:0.01986855182116099
5:0.01925091027346432
system:0.033114404877667036
and:0.00424219349434211
for:0.01204995788563237
subject:0.00019775523623717257
costs:0.0304907604069173
i:0.007070322490570182
info:0.04363548828729478
information:0.01806534284802789
will:0.008394854406690995
source:0.023105688605183885
detailed:0.03663156001903794
the:0.0039083489406839785
when:0.009686477354398045
sci.crypt:0.042583376594806904
because:0.013072017028848252
compression:0.10814148133556574
tax:0.03282558778271106
about:0.014592832301064763
15:0.02475415357022699
is:0.0019901676065975107
today:0.021030564931839652
having:0.01938438068459527
days:0.0220611305522235
specifications:0.04350228510347341
presumably:0.036521818642851714
told:0.022964590864660222
ordered:0.034696630394862996
api:0.18546908041673849
resource:0.11022885510965916
answer:0.022490896608361902
s:0.022979121513185864
