since:0.014604537397107162
rough:0.039249578714353646
all:0.006963998763841541
valuable:0.0379467846962019
among:0.02514237567872865
your:0.00919658556336688
statistical:0.04104812187843011
led:0.06153984363256053
suggests:0.03598865340718964
to:0.0040239391535498705
most:0.013551791707788597
cases:0.026859748894061255
value:0.0545088002884185
us:0.015035594059744495
that:0.010128602202466476
think:0.010509109689989454
re:0.002729492721008544
this:0.007663977202502467
on:0.0037007943448123352
you:0.00405692692999067
etc:0.016951269981446974
them:0.010699701981987159
working:0.023128021975960634
28:0.03228149929378647
m:0.009991348263620964
more:0.009280430845406758
a:0.0020386921545202845
low:0.024786821459706714
accurately:0.041961721462036
million:0.0856973268422877
worth:0.025658128604319985
given:0.020348814300593293
judges:0.04273077632085225
estimate:0.08493063812826107
are:0.00938556761461643
police:0.02682907964695395
wiretap:0.07114287741525595
tiny:0.03816043712175017
couple:0.02303643645733225
spread:0.034024210600211297
robin:0.04104812187843011
per:0.025816241719511072
expect:0.025227891117944438
wiretaps:0.22948001244640945
be:0.00844468988521856
writes:0.00482673278115009
of:0.011354194777561381
but:0.004856081914236571
associated:0.033210186699244824
year:0.018063946833647093
equal:0.032544564523590835
over:0.014641903303061005
in:0.0025938642612334376
1990:0.031174791024403417
5:0.018969875086990384
u.s:0.051499889065674424
total:0.026722740845287602
use:0.024274153689742308
and:0.004180263662307919
for:0.0023748092183363064
subject:0.00019486829848188537
murder:0.03123051091385649
i:0.004180263662307919
cost:0.024240931418619566
the:0.0027509233941206313
enormous:0.04259684100210629
benefit:0.03306492279911858
difficulty:0.03868471255657686
can:0.006310700674727834
orders:0.03572511322732018
law:0.043895490879473954
carl:0.07094151504836053
may:0.013584127937517013
an:0.013108002022799076
eg:0.036902252990795525
about:0.0071898991264370184
five:0.028985274547778227
arrest:0.040332936415946874
is:0.001961114064895357
billion:0.03480238384881172
number:0.01826470692261137
involved:0.026283774723108524
vary:0.03714970957236984
assuming:0.02896474212897082
dollars:0.03347156956564417
mass:0.03074371255985158
too:0.014251955239886836
ref:0.04220917804361032
agencies:0.033822001822478916
article:0.005914838542456942
enforcement:0.06598672150923539
by:0.0072294560205632555
seem:0.020143887262012685
while:0.01584191610130308
range:0.0291938393101436
