out:0.006041933841438256
know:0.006327564746965651
all:0.009785311083551705
fax:0.01568535046094046
with:0.005998229505533819
way:0.008883963177161761
such:0.009861626684450248
o:0.05386121513538279
members:0.01891406312053649
single:0.016673982925704486
to:0.0014135376000931597
us:0.010563468647102543
enough:0.012472556548396904
speak:0.018386834946863558
calls:0.020555331617735526
potential:0.02198088379908459
make:0.009026053760767712
nt:0.0036619412908843
along:0.017917750826365306
me:0.005556865027715614
brought:0.019868681243772654
re:0.003835287207981236
anyone:0.008579049998160981
charles:0.04221797594803934
political:0.018486029628110384
voice:0.018597406674031633
phone:0.015063318595946507
this:0.010768870530695774
these:0.00849556909281509
on:0.010400181030549537
you:0.0057005024554740704
tell:0.012359102839089501
numbers:0.018090986671788194
am:0.00838121208564803
great:0.012929490711449625
etc:0.011909353781837105
them:0.007517226520678159
gross:0.029566989531360582
working:0.016248918003623627
names:0.021009729292209636
posted:0.01750451756144562
m:0.007019562626236267
sure:0.011189969334149761
a:0.004296935771835062
same:0.00995945307963391
as:0.012309448618723361
adam:0.02381847882694978
eff.org:0.06420083552887101
act:0.038273159620701075
eff:0.028545816838487066
chip:0.016576432604119354
organization:0.01965042681085575
others:0.013827324220863569
are:0.0032969814441088487
those:0.009517516175833641
internet:0.01464889201597234
lobby:0.030021109517726966
action:0.05664450893578395
it:0.0035164659460509944
should:0.008424677652479383
have:0.0026217980161418095
42:0.024955726462053632
against:0.013247593805937674
second:0.014101003982832136
hopefully:0.023706382448424143
call:0.01362541588717286
list:0.014931428702161947
glad:0.023790224181765317
loop:0.026326001031839477
writes:0.003391089184705448
certainly:0.01577311424233662
if:0.003436668819299535
of:0.005982787248176574
kept:0.020480900628585506
congress:0.02239300949020268
seen:0.013294691746781297
what:0.004720215912803237
but:0.003411708832053386
powers:0.027178490360261688
net:0.01700073069178709
in:0.0036447118337331378
our:0.011434745758873812
men:0.01800819770578124
message:0.01665292250543447
and:0.005873806376781383
few:0.02344233334262858
for:0.00333691141448281
subject:0.00013690747124111947
al:0.01953853426011401
i:0.007831741835708509
we:0.02764602883515836
info:0.015104592099448193
ago:0.014672644745459713
informed:0.0261892407903925
community:0.02086435311270064
the:0.004638480061471095
do:0.0036836816354179317
strong:0.018516166081900053
can:0.008867343512181675
hate:0.020646098679783738
ralph:0.028405309278548015
clipper:0.01832822625033216
did:0.008430313043297258
myself:0.017091497753835297
long:0.012206724333890178
btw:0.019239951386888898
people:0.007719349436272397
many:0.009503595013220992
is:0.005511233372116182
number:0.025664254855361623
fee:0.025799569472557002
captured:0.028545816838487066
et:0.023332285014341234
cabinet:0.0315601074277287
days:0.015273090382308577
addresses:0.024713948111152597
events:0.02086435311270064
appropriate:0.02073850127210516
issues:0.019513997346661
psuvm.psu.edu:0.02563545290288432
almost:0.015497399642382401
article:0.004155553232392826
little:0.012027377958453662
realize:0.020069288508364813
by:0.005079156281113672
motion:0.026234423506711242
favor:0.024418954038649077
s:0.0031817245172103504
