at:0.026297463058341224
marc:0.14308192224691033
know:0.018416046651616443
rick:0.14366156660085366
your:0.037609917080037684
miller:0.07107009011248612
that:0.010355361953267965
like:0.03476534517936338
nt:0.021315777663356374
re:0.005581201534002545
finger:0.07426217838903656
best:0.036345911641215436
personally:0.05849021798666419
two:0.027832678099303156
incorrect:0.07583472339885487
more:0.018976403370458594
other:0.020586686385550907
same:0.028986467918337498
secret:0.059651666081541925
explanation:0.06883569829352905
results:0.05467289177415612
likely:0.049349385148204895
try:0.03636402496034914
pgp:0.06783258262646262
writes:0.019739175851270517
of:0.0058041965840519
key:0.04784839360054591
expansion:0.06899618772302549
least:0.03593525944338033
seems:0.03517144909523997
who:0.019299296630355945
in:0.0026519358491714994
or:0.020128700229942845
and:0.0028492344364984316
subject:0.0003984620431644522
i:0.005698468872996863
source:0.04655623823432574
the:0.004500017970083898
around:0.03533126019632292
got:0.033017221218366775
did:0.073607957169088
people:0.022466763284673393
is:0.012030117621970024
2:0.02908073958351356
e-mail:0.04104023547242189
article:0.012094520601740313
by:0.014782619027121881
while:0.032393171729530185
announcement:0.06821046035757143
