keys:0.027991747179332147
au:0.040714040543782144
another:0.01583932378848985
il:0.03673300026234726
text:0.02583259809452548
with:0.0041773384056396235
option:0.029932937301802732
themselves:0.023117501545162983
my:0.006787244723787866
to:0.0049221398574672524
add:0.0245444315460837
day:0.018166450255449086
bear:0.032182588020140825
make:0.012572003452497883
that:0.0024778901816748344
nt:0.010201122167463408
rob:0.03143344779999456
re:0.0026710035912726466
se:0.07210442652748988
worried:0.035935114622490105
exactly:0.022974161809085774
so:0.0072986471241780005
du:0.08561361144015678
child:0.02832403300529567
la:0.09339221719350811
crypto:0.03246273597123568
illegal:0.029355422325880624
terrorist:0.037705372936094265
defend:0.06471277747827495
imho:0.030926226116828933
terrorists:0.03693051120042233
m:0.00977724794368623
why:0.012712304143957189
a:0.0009975029470331393
secret:0.057095166106618696
private:0.02535486516910394
character:0.03260704102350368
standard:0.021743175289015974
odd:0.03471066986294783
arms:0.028951001654455567
stress:0.04006424212802695
universal:0.03511319083831305
chip:0.02308860255573767
l:0.023606861276809735
begin:0.029808710568146525
reason:0.01908722802863234
508:0.04130469565696153
not:0.0043065000612568915
only:0.009525258844780619
goverment:0.04471129617189231
against:0.03690401131654066
referring:0.03392393001224479
algorithm:0.05830070028201223
robert:0.045648743270824334
quality:0.02745831314695964
bother:0.03275432164638037
which:0.009227802375125127
if:0.00478678871259578
of:0.006944306627347808
but:0.004752023016074359
en:0.08098161618036279
one:0.007023649341254446
government:0.05767746297034923
un:0.07468542693828248
become:0.023658734105679625
leaving:0.033058318892228905
use:0.011876996626766771
and:0.0013635621946099638
for:0.002323920449371957
subject:0.0001906925492287021
purpose:0.02686343922960419
i:0.0027271243892199276
world.std.com:0.03282911664543248
remaining:0.03581990475156237
the:0.0075375300998905305
note:0.02115492213484641
ourselves:0.03396788619491892
bar:0.0359934239841984
army:0.06376004355686533
about:0.007035829859441939
is:0.007676360768304683
et:0.06499707968280773
right:0.013856239955644997
does:0.008703491530982323
life:0.019931281094919356
primary:0.032866809910438506
le:0.11498064831520342
papers:0.03301960412459077
observation:0.03748557537418888
every:0.017372489478124257
de:0.11545662934697057
citizens:0.02919541563524372
remain:0.03208030192174976
main:0.0265601215116202
