since:0.011980967804812464
bellovin:0.03628090280600462
out:0.014109905378209102
there:0.005495682548366153
agate.berkeley.edu:0.03516651789801743
search:0.025551804187872555
all:0.022851924087336318
happen:0.020249294767468954
case:0.014800066510818898
storage:0.030076759502490995
warrants:0.03528057894574614
previous:0.020797601315525785
someone:0.013194359968042036
such:0.023030146149314954
times:0.016829198452054054
harmful:0.031995752887369874
from:0.005069294936707639
members:0.022085283284458777
dealer:0.026482427564363756
hence:0.027553014296175994
discovered:0.02715468685700496
to:0.0066021516651057766
require:0.023230665023368784
tool:0.02815231644322379
cases:0.022034644302313725
archive:0.029057891112229325
apart:0.027584781075994515
might:0.012737036741787102
calls:0.04800346904740632
potential:0.025666301442044882
that:0.0020772732061944722
equivalent:0.028258301934836975
nt:0.004275919471391848
months:0.02033409904179533
re:0.0022391646872944346
so:0.012237252663292456
pen:0.07340752497984103
on:0.003035980989456826
registers:0.07370324489110296
you:0.0033281376611300714
etc:0.013906131661426561
state:0.015914451418806087
terrorists:0.030959709988378006
why:0.010657021438047943
a:0.004181150077384416
how:0.007876425133108529
was:0.005302162479649016
as:0.00958220551158106
listen:0.025574529163732148
deals:0.03226798267226063
evidence:0.01926771278151543
turns:0.026429669302793966
are:0.003849768752103147
likely:0.01979885511933969
police:0.02200948450079456
it:0.0020530265253890538
ken:0.02470702216236414
made:0.013925626059389231
being:0.011651520538473941
able:0.015793204946770473
wiretaps:0.07530242324588766
be:0.013855359452394524
thrown:0.029392972870600848
considered:0.02061582609109109
writes:0.003959655036033308
get:0.007870502846054625
soon:0.021538884054128567
convenience:0.0348368186334484
were:0.009289241302229337
if:0.004012876765050355
of:0.002328629767254355
powerful:0.027553014296175994
year:0.014818926444369173
york:0.022533935373805047
requirements:0.029139920120362026
court:0.02393210555367251
easy:0.019842404576400047
they:0.005586345056932597
now:0.009891702981306852
one:0.0058880892681175
in:0.004255801242981808
required:0.022411864973059695
world:0.015097309513369324
and:0.009144848251276405
few:0.013686392220995729
for:0.0019481967839046347
subject:0.00015986201731747483
steven:0.026865354058976176
warrant:0.05637487383797331
ago:0.01713272889439907
drug:0.05128645235335935
the:0.0045134910777787605
do:0.004301304903631717
would:0.011169456839573367
can:0.0051770418708845115
listening:0.029567818108279065
because:0.021134398789155857
clipper:0.021401222268351925
ny:0.02515684629690371
imagine:0.047158545562472606
an:0.0053766355602499205
many:0.01109701214118619
about:0.005898300480969291
trade:0.025263969439123922
is:0.001608818125093796
ruled:0.03308749873643546
new:0.01032335068792543
conversations:0.032626654178734095
center:0.019560663673489874
their:0.00906397376396236
light:0.020911465184468823
under:0.014534870820991853
article:0.009704585393013186
comes:0.018108840342787497
past:0.03956304726830376
