some:0.009050673450646156
go:0.015080870168946723
rough:0.04168366111524379
out:0.00913315580682527
resulting:0.03799579829388937
your:0.00976691645101754
work:0.015698236154963595
my:0.007366002025816289
to:0.0032051143257926296
value:0.028944595501989672
us:0.015968034001434078
nasa:0.06651381112557234
make:0.013644034754648865
think:0.01116083742270198
quite:0.041181385769138004
nt:0.005535492649011151
population:0.030588732828560405
re:0.005797527174855357
this:0.012208893915614395
finger:0.03857027869818178
paying:0.03635510703893995
criminals:0.03613423916456549
on:0.011790902912541626
numbers:0.027346840317819365
used:0.015305918669278027
society:0.028807993941138355
e.g:0.031467249768924774
a:0.002165122675730845
million:0.030337296582411927
worth:0.027249330378231303
stuff:0.022662143819175366
turns:0.03421515328346195
far:0.019297504435049625
estimate:0.045098827223146384
fuck:0.04394351265601082
it:0.007973382086976092
wiretap:0.03777741940267467
doing:0.04156128535140024
robert:0.02477063588339305
wiretaps:0.048742266209547434
netcom.com:0.07486128313304975
annual:0.03912643299941312
pgp:0.035230876247852684
his:0.014297899546552377
be:0.008968391583526686
wasting:0.043825160158872924
writes:0.00512606504664777
if:0.005194964494289994
whatever:0.025619849447700488
of:0.004521874082924155
key:0.024851491249895937
what:0.007135210100749079
they:0.007231935073703439
find:0.032813127715866516
policy:0.0297422266892969
over:0.015549928314103548
in:0.0027547240603796974
5:0.020146301448974287
u.s:0.027346840317819365
or:0.010454441204698997
rather:0.019949485681495065
for:0.010088336834482915
subject:0.00020695315420169222
outside:0.02794399827505058
i:0.004439504819660347
than:0.0110899324203059
the:0.0023372186356249705
do:0.016705067881546434
would:0.01445968443572676
law:0.023308845932123765
may:0.014426554476277758
an:0.006960450686525091
tax:0.03435235930748831
head:0.026766354538416148
is:0.004165467083576184
privacy:0.03662873325662231
right:0.015037779796824028
2:0.015103950016243478
their:0.011733981539393132
dollars:0.03554732581777714
paper:0.02989649920338446
papers:0.03583522928250161
first:0.014554688599930551
nice:0.024494104315928356
e-mail:0.021315471136839275
article:0.006281650235012411
useful:0.11889262688615312
enforcement:0.03503946064637693
lewis:0.03857027869818178
comes:0.02344322742050784
by:0.007677794378427644
twenty:0.045098827223146384
favor:0.03691237238400442
