gtoal.com:0.05849210753416042
all:0.009735386027002971
own:0.02312745546477546
your:0.012856451246747577
throw:0.04350378139321234
to:0.004218977020686217
respect:0.041707736621776736
she:0.033827984539780434
that:0.0035398431166783345
jeff:0.08603018956796726
like:0.011884072076619113
nt:0.007286515833902433
re:0.0038157194161037807
lost:0.03576026861548826
this:0.010713927313702428
something:0.02031287058330125
disclaimer:0.038306689051777414
am:0.016676901598993526
support:0.02794853377075006
toal:0.05800221754246286
why:0.01816043449136741
more:0.025947327057565833
how:0.013422071400297185
dorothy:0.11801341616274721
far:0.02540181706246328
are:0.006560320220420668
no:0.022974402779234893
those:0.01893791483966898
not:0.006152142944652703
academic:0.05708780775991503
won:0.04409836208835496
domain:0.04554288825490381
uucp:0.04320029191159258
completely:0.036704016704484387
has:0.03259513695571074
be:0.00590266588915787
writes:0.006747575418546554
gtoal:0.05800221754246286
of:0.007936350431254638
department:0.07077705270801911
years:0.02275281043857544
professional:0.04878066703565374
good:0.01653071276897448
author:0.04126538518429088
code:0.03306645418705812
in:0.003626116365193683
chosen:0.05023591302747865
and:0.0038958919845998963
subject:0.00027241792746957445
i:0.0019479459922999481
away:0.028254934554323166
any:0.01044170679886538
graham:0.04972741941780645
tapped:0.049870136172650736
than:0.014597972267545521
the:0.0030765428979145017
her:0.13495546142570317
clipper:0.07293885956764838
denning:0.10904674963654627
once:0.02737786933596843
may:0.01899005640244725
serves:0.05266295076935523
many:0.018910214567123402
is:0.005483114834503345
spent:0.04430451216302352
strictly:0.053550821963126966
matter:0.030825540937760635
easily:0.03774402824893252
position:0.035131050583798076
article:0.008268702860373478
opinions:0.029138879137959612
by:0.010106484436909858
manner:0.04652955789574535
s:0.006330982457714472
