keys:0.03697023212364623
statistics:0.044576477265134695
bellovin:0.057159535552856335
at:0.008310990683532369
out:0.011114878293211885
say:0.017901367681769278
take:0.020054237078638713
80-bit:0.05959188564061199
bits:0.08319581884843005
several:0.02658916388742827
to:0.0013001878868781423
then:0.03011094999576987
that:0.006545370291216543
think:0.013582528561590142
gee:0.04777336706990098
reliable:0.04376503505136073
through:0.022353427302121007
nt:0.006736590110589042
could:0.014236878823830729
need:0.018124547089596568
re:0.003527740592246892
this:0.004952664512937915
off:0.020598655169399533
you:0.020973546770140447
des:0.044298169110448864
machine:0.03068678636155044
size:0.03397053902892328
a:0.002634913444993198
how:0.012409084879520041
j:0.028812534523857194
as:0.007548246794500174
birthday:0.05879417443280008
cheap:0.03505878507930988
those:0.01750863824799585
d:0.01718720964506637
catch:0.045715925742989785
feed:0.047012150926031705
try:0.02298480822965465
only:0.01258053054971025
60:0.07682375998850975
real:0.024128243905643842
second:0.0259405261948327
attack:0.037251863851473416
verified:0.05694752747878031
be:0.010914363342216439
sort:0.02959869158170783
writes:0.0062383244435619085
get:0.012399754483878513
things:0.021082320076794808
if:0.006322173771352918
of:0.007337380587386364
key:0.15121897977531018
but:0.006276256813683116
result:0.033349075103882096
equal:0.04206231452577306
they:0.008801128533091921
one:0.01855303599576646
in:0.001676223602778212
use:0.015686599318371207
and:0.003601862400856508
subject:0.00025185808388696507
each:0.024018956578873728
steven:0.04232560497970774
i:0.001800931200428254
nsa:0.04250530493226146
will:0.010691559857578154
the:0.0056887019621815315
do:0.013553168281254654
can:0.024468848842576794
once:0.02531161504646138
shelf:0.051758411092749444
changed:0.03565391692295684
is:0.005069294846993659
figure:0.03483488334032786
first:0.017712781409349444
somehow:0.040114277566133734
article:0.007644649814307556
