at:0.004215143600260435
there:0.004391287012330849
technology:0.01611324251587054
fax:0.014634657128628657
own:0.010844452801665048
your:0.012056767676375717
with:0.0027982171138255852
way:0.008288865165294465
ca:0.009839945435848426
companies:0.01902694902195089
service:0.017428666164968146
from:0.004050584949426677
work:0.00968934193296796
except:0.01542756659810437
to:0.005275403483601266
line:0.013511022721559754
otherwise:0.01700184129957912
garage:0.02631241617544186
permitted:0.028283611338740224
legal:0.018082847817384808
t:0.02465333066986069
make:0.016842875438753145
that:0.008299153718528154
considering:0.01916444954715355
control:0.014591551530818293
provide:0.016157682671212505
really:0.009336821737755626
nt:0.006833287576291277
re:0.005367567025523979
so:0.0048890459205020095
escrow:0.044288656889110496
crypto:0.06523612013358368
bell:0.021355038511868773
two:0.008922437476810102
on:0.0024258795465994733
you:0.013296626540878513
products:0.019378405713573632
sternlight:0.023625959923840208
e.g:0.0194223694745995
classified:0.024874208150141915
bill:0.04443321352667537
m:0.006549352689550584
sure:0.010440402010331118
a:0.0026727351690840097
how:0.006293602857555618
other:0.0065995597503919175
commercial:0.03986934545696413
as:0.007656594834612616
part:0.011718766088101804
services:0.019122782906523007
cyberspace:0.02877731581833463
proposal:0.022551204246880188
equipment:0.0386120374405798
are:0.0061522620248921096
no:0.005386343235323014
permission:0.023918245531399242
telephone:0.02142164778707742
releases:0.027349119700841824
it:0.00164045660162666
not:0.002884736883138588
have:0.0024461751825246548
only:0.019141668491903636
peace:0.018428879690971536
real:0.012237291167455729
allowed:0.018334130278071153
secure:0.040906755012056796
quality:0.018393128423800715
open:0.01581320851078164
netcom.com:0.03080416435139846
talk:0.016553080227928358
be:0.0027677572111840733
writes:0.0031639348852514943
get:0.006288870695172834
if:0.0032064613385809054
of:0.0018606754599592215
totally:0.019710599524251925
even:0.008034255730937922
key:0.030677917428101203
gear:0.024310652955613764
they:0.008927460521605202
who:0.006186855857578221
now:0.007903896640565762
david:0.011944714063849253
good:0.015502486615880374
clear:0.015778711685103412
one:0.004704836879309198
in:0.0017002842286554113
government:0.025757080752309067
wcs:0.060732945847411984
jersey:0.024477093702433932
use:0.015911765815764096
and:0.0027401728312736115
for:0.00311338624796243
subject:0.00012773663584697749
i:0.0018267818875157408
offering:0.02663365685887549
nsa:0.021557714463252227
house:0.03289829611952336
decide:0.019587116825898462
will:0.005422513611977437
the:0.0028851789856040306
start:0.013481158315227332
can:0.004136679389654131
friends:0.01902694902195089
agree:0.014433278368250905
clipper:0.01710049817614723
joe:0.019040522616856154
simple:0.015785591181608806
mr:0.016157682671212505
nj:0.023350506087373803
an:0.008592326684801308
long:0.0113890490196583
here:0.008614358400111943
about:0.009425992156190157
stewart:0.053005122577194856
press:0.017164355793146728
is:0.0038565448835980467
alternatives:0.07607376488398607
clinton:0.017536632959188673
export:0.049656842606349366
white:0.032526020534168344
new:0.008248801745854292
right:0.009281691836317222
voluntary:0.05533643437296281
their:0.007242505352065617
labs:0.02501425782621901
cellular:0.05021990959221476
article:0.0038771908149119664
convert:0.020471674618173872
bad:0.013112923668642985
citizens:0.019556737746096273
letter:0.019526550333688306
high:0.01338432452460058
implication:0.029100001372380238
s:0.01781156787146464
strnlght:0.02407136864664409
