another:0.010870124168571464
taken:0.016151378920385588
positions:0.023721343610664577
go:0.009536432606833957
out:0.011550755873337842
andrew:0.018458128231235285
knowledge:0.018121427180647725
hand:0.015476663997317027
with:0.008600402599846284
from:0.004149863992304782
wrote:0.012625367523004222
wisdom:0.023821047945160278
my:0.013973739137210313
single:0.015938366031923407
to:0.0006755878235739366
colors:0.022352434675407082
physics:0.022478456031829665
bear:0.08834435927097481
that:0.006802051479107388
technical:0.018807584524114216
like:0.005709015017199379
talking:0.015978878335109158
could:0.0073975938986571435
re:0.0018330416802851497
cs:0.02507702246965045
math:0.02392282241304473
he:0.007794770625099192
posts:0.039441347766359526
fair:0.020699507533352365
on:0.01988269902899176
you:0.005449009700085508
am:0.008011452728928262
etc:0.011383941114991351
them:0.0071855841741776515
m:0.04696913227849268
sure:0.010696294216466683
a:0.007530169306034483
how:0.0064478578295545305
other:0.0135226273316854
alleged:0.026648927231650882
expectations:0.0293772196118185
secret:0.019591478565996613
idea:0.013590079878729197
challenge:0.023133021681949875
part:0.012005990747123907
occasional:0.028788276906710347
course:0.011990940195588329
science:0.016576628559643702
based:0.01480834809755168
portion:0.02490650229276116
no:0.005518361451875048
internet:0.014002617368208854
taking:0.016700735461527477
thread:0.020406508791686106
reason:0.013099078058865333
it:0.0016806638712743723
have:0.0025061304566061414
probably:0.011702077034456904
interesting:0.016019728244712806
minimal:0.02534446847087807
always:0.013024294598032879
public:0.014528159794414675
degree:0.02172281544444114
common:0.016500627645251717
showing:0.02104913881189124
making:0.015071603876825507
things:0.010954538863432596
of:0.00571884075193349
monitor:0.036737998432243214
cryptology:0.03381696776154212
describes:0.024504477039521775
certainty:0.030291856648977385
what:0.004511971093120741
conventional:0.026138435764726384
but:0.019567153595600302
sense:0.016109421795897014
groups:0.018038164698462703
they:0.00914627082850729
who:0.019015483444615417
programmer:0.024991020951753838
in:0.0026129367925660364
point:0.010791842947353239
and:0.0018715559533862248
usenet:0.02002058151295957
for:0.003189694734432098
subject:0.00013086743574518774
i:0.01216511369701046
sees:0.025979439314956027
nsa:0.022086089817743702
person:0.02750190626542991
experienced:0.025033833108463417
top:0.016576628559643702
silly:0.022904982389621964
information:0.011955006296489044
source:0.015290529224018747
background:0.021700980393708887
than:0.007012751383428731
the:0.0018474338480123848
users:0.019356360628706774
do:0.0035211662691494935
collect:0.025876236328692143
see:0.008673459614760667
strong:0.017699276401816226
can:0.0042380685903809475
major:0.03212184286978227
sci.crypt:0.02818017568773986
because:0.008650599504384873
liberal:0.024026754803488863
may:0.009122674154116817
an:0.004401461463537925
about:0.004828510687852312
different:0.012388318127506116
interests:0.024132938611239746
is:0.0013170226808365878
throughout:0.022687081592706115
write:0.015951832965625065
graduate:0.026957328336604653
figure:0.018100478598405655
filters:0.029928582275674825
matter:0.01480834809755168
although:0.015488918905660579
admittedly:0.028431613405325896
luck:0.02020974816624324
react:0.0286966488037096
past:0.016193698269134135
data:0.01438404717257751
wish:0.018314105464601854
differently:0.025531232422997045
announcement:0.02240245511743768
s:0.006082708635843316
