library:0.04926010107883741
all:0.011224327419368131
work:0.02382438192929769
design:0.044272555381475794
published:0.04823643782013589
class:0.04668434907845885
that:0.01632492354985773
nt:0.025202772413733122
could:0.017754225356777145
its:0.02432734771804906
re:0.004399300032684359
this:0.012352527961680447
utter:0.06651112541758361
des:0.05524242265538329
libertarians:0.0705053270683644
etc:0.02732145867597924
working:0.03727692953772479
e.g:0.047756179061074065
m:0.0161037024954832
why:0.020937912707694194
a:0.004928838091222571
stronger:0.05987659072252551
was:0.020834379625914955
secret:0.04701954855839187
standard:0.03581228871132043
anthony:0.06326108569254646
chip:0.03802828656239146
place:0.0319932660860756
it:0.008067186582116987
made:0.027359759434329427
domain:0.05250827116447734
has:0.012526758516312365
public:0.03486758350659522
be:0.006805426554558486
considered:0.040504034790731905
things:0.02629089327223823
of:0.002287536300773396
designs:0.06410177938645405
fairly:0.04616713586173984
please:0.02253429831653241
over:0.023599302970815972
government:0.0633321162027364
required:0.044032722947070224
francisco:0.05871847221884018
and:0.00449173428812694
for:0.0038276336813185177
subject:0.0003140818457884505
i:0.00224586714406347
top:0.03978390854314488
improve:0.055802752643492166
any:0.012038673721044791
the:0.004433841235229724
do:0.008450799045958784
strong:0.04247826336435894
around:0.027849346272395714
law:0.035374601473458424
clipper:0.08409421456034756
did:0.019340129922858416
microsoft.com:0.06565200618211432
just:0.013816336040775128
people:0.017709095765566087
hold:0.04082094838757671
is:0.006321708868015621
although:0.03717340537358539
little:0.02759222002233487
by:0.011652182056672542
says:0.030129726405030213
