seemed:0.025263969439123922
some:0.006991238773253618
since:0.011980967804812464
read:0.013574868634119292
at:0.01055047919107103
out:0.014109905378209102
folks:0.022174945211345977
there:0.005495682548366153
marc:0.05740412449426942
all:0.0057129810218340795
paragraph:0.029702386107393185
damn:0.02575950213989585
true:0.015468747258430221
anyway:0.0182545737823026
cut:0.02192224847787067
encryption:0.02315418858217425
though:0.014883498213237603
from:0.010138589873415278
spot.colorado.edu:0.06467603767701458
turn:0.020487893022242607
smiley:0.03731845802321442
my:0.0056899057564688705
to:0.00412634479069111
make:0.010539404091914393
that:0.008309092824777889
nt:0.008551838942783696
me:0.006488554972482304
so:0.012237252663292456
national:0.01948607140711086
convincing:0.03341569176933963
this:0.015718037076988593
joke:0.058785945741201696
on:0.006071961978913652
you:0.0033281376611300714
convention:0.03442368766646067
a:0.0025086900464306497
other:0.008259329268454556
practical:0.028740570572465787
sorry:0.03805289442800748
was:0.005302162479649016
said:0.026245566810340508
washington:0.04597860281933526
far:0.01490645552168504
police:0.02200948450079456
it:0.0020530265253890538
should:0.009837198456487903
statement:0.020797601315525785
have:0.0030613809170518137
fresh:0.03308749873643546
date:0.021423947244211518
war:0.04235718701285051
his:0.022088970556949184
which:0.0077358822306438195
found:0.016015092845850284
writes:0.003959655036033308
get:0.007870502846054625
were:0.009289241302229337
end:0.016193014386679697
of:0.00465725953450871
ucsu.colorado.edu:0.032776362575173724
what:0.005511629359261265
least:0.01441714001620648
extent:0.02930742821642434
anderson:0.05811578222445865
president:0.022547653647736518
in:0.004255801242981808
and:0.0011431060314095506
few:0.013686392220995729
for:0.0038963935678092694
subject:0.00015986201731747483
i:0.006858636188457302
drug:0.05128645235335935
caught:0.02703727086066738
pretty:0.017233653035446866
source:0.01867825126766362
the:0.004964840185556637
start:0.03374325853751512
drugs:0.025974663871788442
would:0.0055847284197866835
did:0.01968755740650258
just:0.014064533694202228
note:0.017734665262745496
here:0.010780843746247881
statements:0.025242390951080218
about:0.017694901442907873
contradict:0.033944390015720936
is:0.003217636250187592
clinton:0.0877881745741421
planned:0.029567818108279065
issue:0.01875065872733445
told:0.018564190219934912
notice:0.02417943373415895
speech:0.028439222764756113
first:0.011242843289766715
guess:0.03588212290940902
article:0.014556878089519778
upi:0.03700322608617597
feelings:0.03192958620361786
seem:0.016525224879615198
hints:0.031129997026225514
everything:0.018500972957624272
3rd:0.026429669302793966
s:0.00743037462103016
