mode:0.04073814091998118
scheme:0.048838584834834074
search:0.09079045317818545
where:0.01965379572589108
56:0.05708259136215772
suggests:0.05245154805090405
to:0.0014661693192455647
then:0.01697745052952982
normally:0.045275018554476416
that:0.003690474738664647
quite:0.028257440235206398
bit:0.05798051485224893
through:0.02520705631941305
bytes:0.054612448949028704
anything:0.024694054790631952
this:0.01116983911428551
der:0.06170265036900514
des:0.1498597635864121
8:0.031409481727381554
a:0.004456928061211899
as:0.017023705536532305
120:0.10792373995862485
it:0.0072947963774462115
have:0.0054388363100814135
against:0.027481710554870708
chooses:0.062476686052860754
attack:0.042007420938895555
cbc:0.06818205529825411
if:0.00712925978471712
of:0.004137033735441248
key:0.20462823646190909
but:0.0070774810877703214
dr:0.041689836224537244
sense:0.034960872833648834
vector:0.19336949261498207
now:0.01757355742423664
one:0.010460754338038537
in:0.0037804191892444783
additional:0.09095225316510501
yes:0.02837070075004137
or:0.007173526145777503
known:0.03464817816666338
subject:0.0002840101797023223
feasible:0.06080814912208448
space:0.032526731462905356
faster:0.0414925641212163
group:0.02869272271070899
we:0.028675402249233404
than:0.015219162576802777
the:0.0032074596169746933
can:0.009197510557848015
64:0.053872094780952166
prof:0.06267932642488941
an:0.009552107857039752
makes:0.029712530662255043
about:0.010478895535339058
is:0.008574658305021188
discussion:0.036573105792448844
recent:0.04040526689877682
questions:0.03217208869410119
applied:0.04709574468421929
break:0.041746878172849854
handle:0.043216562624773434
69:0.058503138092205836
random:0.04748088349979333
by:0.010536547604437937
security:0.03948802035146694
news:0.032647622512376795
