seemed:0.0496362693686317
read:0.026670624257622608
at:0.010364294264169778
out:0.01386090704800541
folks:0.04356724529758562
there:0.010797399830319382
marc:0.056391110532605836
know:0.014516177948921198
all:0.011224327419368131
damn:0.05060984538073655
from:0.019919347163062956
spot.colorado.edu:0.06353469583565549
smiley:0.07331979399855068
my:0.01117899130976825
to:0.001621410776577448
that:0.004081230887464433
nt:0.01680184827582208
me:0.012748102122406409
re:0.004399300032684359
convincing:0.06565200618211432
this:0.018528791942520672
mean:0.031099083021527772
joke:0.0577485466987099
took:0.039710607957843286
a:0.0032858920608150473
other:0.01622715279802248
sorry:0.03738137276163087
was:0.010417189812957478
eff.org:0.07364213487135203
it:0.008067186582116987
should:0.019327201673335053
have:0.00601471309585474
which:0.015198733323735503
found:0.03146494712067056
writes:0.007779557541383086
were:0.01825062702908587
end:0.0318145106185354
of:0.004575072601546792
ucsu.colorado.edu:0.06439591235357661
even:0.019754817032541477
but:0.00782686143824012
anderson:0.0570902095969682
net:0.039001676292923323
in:0.0020903494340528293
and:0.00449173428812694
few:0.02688973530477984
seriously:0.04561121956938048
subject:0.0003140818457884505
i:0.01122933572031735
caught:0.053120285102722965
pretty:0.033859059493172076
source:0.03669727013764499
the:0.005320609482275668
start:0.03314778926920603
did:0.03868025984571683
just:0.027632672081550257
clinton:0.04311948574671097
right:0.022822042279885876
notice:0.047505475689465226
article:0.03813331201489887
hints:0.06116128827505483
s:0.01459850072602396
