pc:0.01811327207607545
gtoal.com:0.03115340509971588
at:0.014363559985670071
folks:0.02012617309942814
say:0.020625488850734168
there:0.004987929269441018
all:0.005185151253512452
own:0.0123178838888478
your:0.006847457729245992
with:0.003178409656464931
though:0.013508392400058042
someone:0.011975315840559891
download:0.031243238262494193
themselves:0.017589403349580528
to:0.004494127695948361
sound:0.018756430919176253
job:0.01886678562657161
usable:0.03152200616677436
software:0.015303184176528567
produce:0.0458204270525043
think:0.00782471754091606
provide:0.018353019990670724
bit:0.014810240206824454
nt:0.007761723388287375
me:0.00588906891524209
need:0.04176526068472253
re:0.0020322853411857095
dunno:0.0320209602388022
so:0.005553318464048478
dsp:0.16343638603347657
voice:0.019709208159979175
you:0.012082586726276563
tell:0.013097962247948113
speeds:0.027041119304703532
great:0.013702449395286287
corresponding:0.02981734552082305
toal:0.030892485430224787
8:0.016046148273771012
modem:0.02317049226377614
includes:0.02047692593169755
a:0.0030358785344486846
how:0.007148711941462632
same:0.010554855165916371
sorry:0.01726856893879687
samples:0.030892485430224787
question:0.01186405480079948
also:0.00806248441130199
lets:0.025182686139563107
raw:0.028979570086979253
cheap:0.02019690879568939
computer:0.014569037528072365
play:0.03480345905196132
digital:0.022442215201150344
d:0.009901327295527366
it:0.00931672363423837
not:0.009830054487651601
plug:0.025778445514656707
ve:0.009919204886018664
doing:0.014569037528072365
quality:0.02089219478573016
heard:0.014688300866412362
be:0.009431433540284858
which:0.0210634619432204
writes:0.0035938173424867517
gtoal:0.030892485430224787
down:0.012849812918223685
if:0.010926365539620803
kit:0.02804874551846094
gives:0.019763719977152747
but:0.003615669686143534
easy:0.018009138936189172
they:0.0050702153505855635
good:0.008804401366084234
box:0.017220320710361996
one:0.005344081020519687
code:0.017611481034411392
in:0.0009656505537744048
or:0.003664736183168942
and:0.001037492974159755
for:0.01237740239339412
subject:0.00014509215702183858
i:0.00207498594831951
example:0.01527912578129296
acceptable:0.02515306872234808
we:0.007324695139749837
sampling:0.033053805906671035
rate:0.021112367986365496
graham:0.02648525599426648
pretty:0.015641413352824058
the:0.0032771869999524044
do:0.007807803466374963
would:0.010137496153308435
can:0.014096184659310543
clipper:0.019423935428341147
compression:0.05289528978370063
fancy:0.029039623544515045
development:0.021126429527479357
just:0.0063825465405754666
record:0.02096004563715541
lab:0.02342234192279083
paul:0.053397105833299846
is:0.005840709280231824
right:0.010542791270599454
hardware:0.038583490474723384
time:0.008584293314694095
does:0.006622221817051768
their:0.016453082810670802
run:0.01454801319775758
v.32bis:0.032234116288548297
marketing:0.026917126490756952
speech:0.025811685878881906
wanted:0.01654978255188099
too:0.010611510151437482
virus:0.0299585166425799
needed:0.018129471142043593
data:0.015947530560901153
seem:0.014998437798346401
security:0.020173227788249412
s:0.013487745236000399
