join:0.044520437189254865
at:0.00855305837334399
bbs:0.039291676230637486
leader:0.045476166051519454
your:0.03669705501498823
c:0.025107744615815143
into:0.01738644566002317
someone:0.021392797229738057
from:0.01643829620252768
to:0.001338057436981389
then:0.015493983978405854
been:0.014245052303120767
church:0.07276263767162733
like:0.022614350747741225
reform:0.10532543290727057
re:0.0036304903182346653
political:0.0349978230823449
this:0.005096916877392417
joke:0.09531313532796779
certain:0.032003058172432125
on:0.004922415779022232
you:0.0053961066932885614
numbers:0.03424992622328833
more:0.02468774807418885
a:0.006779146241972791
quick:0.03941043903098345
irrational:0.05431655495603566
no:0.010929570254199123
d:0.017687807984243062
it:0.00998608047786326
deleted:0.03411048055338191
have:0.004963598185899542
real:0.02483100829124512
always:0.02579569027183211
doing:0.026026241797721505
war:0.03433810791818463
has:0.010337616251325737
evil:0.0405502302369767
party:0.0412104703254627
call:0.02579569027183211
heard:0.026239294751649263
sort:0.03046078939476728
writes:0.0064200232137627405
of:0.005663318026186563
lawrence:0.046050815288318774
but:0.0064590604101981575
accept:0.034680698744298376
good:0.015728250984072805
sounds:0.06917872938953083
code:0.03146128650807472
in:0.003450091298922145
heart:0.038553229252870067
or:0.006546713181583352
and:0.0018533855072368438
for:0.0031587268243890676
subject:0.0002591937562331873
any:0.009934827828046671
tapped:0.047449255775920116
ways:0.03464406195416596
repent:0.059047575600266695
the:0.00439079423294594
thing:0.021979926554611225
drugs:0.0421142608406667
peter:0.03574653476530055
did:0.015960301392650148
once:0.02604884655266899
reaction:0.04581685847687159
10:0.028061861727147225
just:0.011401830713261028
german:0.04558840704570465
here:0.01747962044294559
people:0.014614302330806964
reality:0.0406855458471105
is:0.005216944211469202
eating:0.04853313899089749
article:0.015734619035273803
check:0.03212923849114261
s:0.006023653212194352
