some:0.0212279431842428
all:0.017346687829932567
perspective:0.08885951536217768
with:0.010633225032537224
post:0.04695596008056691
my:0.034553245866556406
to:0.0025058166547106014
80:0.07266657504478743
most:0.03375628116303705
been:0.026677097949480713
that:0.006307356826081396
like:0.021175255700157693
re:0.006798918232330373
behavior:0.07724343678034898
am:0.029715206485479373
them:0.026651984936949834
8:0.05368165967952484
more:0.02311670956037683
was:0.01609929334729792
worth:0.06391206579621524
experts:0.0881070568864894
no:0.020468104294227452
wiretap:0.08860522005354604
have:0.018590931387187374
robin:0.10224713995172592
robert:0.058098400526503696
iq:0.11058000521504491
points:0.06663920524491695
netcom.com:0.11705582453531414
were:0.028205514499496345
of:0.0035352833739225207
now:0.030034807234149894
in:0.0032305400344452813
or:0.012260208321874277
still:0.037121983313264495
for:0.0059154338711286175
subject:0.00048539921621851447
i:0.01735442793139954
than:0.026010932403990203
agree:0.05484645779935344
is:0.009769913705115051
somebody:0.06901324042681373
their:0.027521520337849343
speech:0.08635182184935038
although:0.057449808304631964
lewis:0.09046483549209909
by:0.018007917723948472
