keys:0.02665880683745919
some:0.007942427721995606
statistics:0.03214358224560733
bellovin:0.0824341601170445
out:0.008014810197826258
say:0.012908469212704377
there:0.006243394459708486
take:0.014460878437657846
wonder:0.025104542230047135
80-bit:0.04297101957758416
bits:0.08998731426462843
several:0.019173138585492494
to:0.0018751008980827629
then:0.021712657820078952
make:0.011973336621426555
that:0.009439581644475559
gee:0.03444882251298982
reliable:0.03155846064928052
through:0.016118797918536237
need:0.013069401302702286
re:0.005087625888138375
off:0.014853452026913948
principle:0.03395285808572391
you:0.015123782024727125
des:0.06388579490758611
machine:0.0221278867641112
size:0.024495762837182772
a:0.00475001403349114
how:0.008948047600198124
j:0.020776385438971853
was:0.006023545129941399
as:0.00544295347086407
birthday:0.04239579925086264
cheap:0.025280484478958146
are:0.004373546813613779
those:0.01262527655977932
d:0.012393498111408404
it:0.00233234986217668
not:0.004101428629768468
should:0.02235118560861877
feed:0.03389991835482559
analysis:0.029290926091853717
probably:0.016239617109042235
try:0.016574079403696547
only:0.01814335018053451
interesting:0.022231459604907567
60:0.08309508733451056
real:0.017398597646246582
second:0.01870541344661406
attack:0.02686188821942981
verified:0.04106420348810009
be:0.01180533177831574
writes:0.008996767224728738
get:0.008941319559803552
things:0.01520221719823299
if:0.004558846392948362
of:0.007936350431254638
key:0.1308507090300643
but:0.004525736205785103
result:0.024047632387833348
equal:0.030330648569605063
they:0.0063463920034540384
one:0.013378379697627516
in:0.003626116365193683
use:0.011311425358825497
and:0.0038958919845998963
still:0.013889177430132973
subject:0.00018161195164638296
each:0.017319791818779694
al:0.025918463814436948
steven:0.061041008542163544
i:0.0025972613230665974
suggestion:0.0314841132306942
group:0.01834772744766425
information:0.016590620982882755
will:0.007709560169410098
the:0.004614814346871753
do:0.004886516455146235
can:0.017644203927300272
did:0.01118306832274126
once:0.01825191289064562
maybe:0.01801301416559404
shelf:0.03732239167232273
an:0.006108150602460794
changed:0.02570962716893486
is:0.0036554098896688964
tests:0.0320224623501413
et:0.030950990325146536
right:0.013196419005376187
figure:0.02511903152431805
demonstrate:0.03681825580733142
paper:0.02623570338256187
first:0.012772481832592116
article:0.011024937147164638
