keys:0.12440776524147622
some:0.01853233135132308
folks:0.05878120397293298
traffic:0.06944508351406192
case:0.07846384467640494
where:0.02932471108307558
80-bit:0.10026571234769636
recall:0.062077066905920984
us:0.032696450574365016
r:0.049209837567129044
nt:0.022669160372140902
need:0.030495269706305336
re:0.005935563536161437
apple.com:0.08729039651852935
on:0.00804775913078238
machine:0.05163173578292614
them:0.023267605897337156
contrary:0.07337689805464616
j:0.04847823269093433
was:0.028109877273059858
as:0.012700224765349499
given:0.0885011923549613
military:0.061457754963977304
being:0.03088577666547854
systems:0.04762566857591445
spy:0.19163294961113375
allen:0.14139773564141372
shows:0.061336740279681126
regarding:0.06280946620747424
writes:0.010496228428850195
of:0.006172717002086941
one:0.015608109647232101
code:0.05143670651320153
monitoring:0.09072961932501494
and:0.003030138210244364
for:0.0051642676652710155
subject:0.0004237612205082269
i:0.003030138210244364
nsa:0.1430337245339592
walker:0.15470752707762006
the:0.00837503344432281
magnus.acs.ohio-state.edu:0.07303735535653
did:0.026093826086396273
btw:0.05955223048322753
is:0.004264644871280379
either:0.03973909058910092
james:0.05491418678788932
