whats:0.0846512158409779
go:0.02664975687389215
fast:0.047695861985589554
know:0.016902398981620572
with:0.008011333928623935
o:0.04795861621643673
my:0.01301663371685344
compressed:0.07430492869485526
trust:0.05684066114682648
metzger:0.0804494313557385
me:0.014843680553486912
need:0.02631783549996214
re:0.005122472640796856
anyone:0.022916640406046452
voice:0.04967800412926258
this:0.007191540251663273
modem:0.11680467332972082
m:0.018750886467343453
a:0.005739058051423541
how:0.03603734238983902
forever:0.06464570442627088
perry:0.06666255698767751
figures:0.06464570442627088
cheap:0.05090727696447737
far:0.03410106948111509
ve:0.025001831493526496
between:0.031820080082827475
doing:0.03672195760500432
be:0.015848253620204693
fastest:0.07703551640198529
modems:0.07274658779955859
seen:0.035513217679758256
what:0.012608795931460701
but:0.009113468797950825
in:0.0024339685191026093
quoting:0.07381853570229485
and:0.002615050784183492
for:0.008913667477043122
subject:0.000365711738246826
i:0.007845152352550476
we:0.018462245283753013
will:0.015524730752099786
the:0.004130153479392071
do:0.019679942983739634
can:0.01184336975942073
clipper:0.04895896053170919
friend:0.0475780742423672
fish:0.07533280795434724
about:0.013493372333176322
e:0.0426149273432031
paul:0.08972664359202896
snark.shearson.com:0.08180684098100194
v.32bis:0.16249527115322976
x:0.04171452040474113
various:0.04882984901856422
article:0.011100450415295903
difference:0.043933614340197075
pmetzger:0.08152438499192337
security:0.05084758784983413
