some:0.00667163928647631
mark:0.017163565510241088
say:0.010843114138671677
there:0.02622225673077564
technology:0.019243815347525388
all:0.005451816175121664
ever:0.015105268896170632
with:0.003341870724511699
ca:0.011751706263384691
contract:0.029033865529847297
such:0.010988669734101706
from:0.004837555739601003
beast:0.030927334878158394
my:0.005429795779030293
to:0.001575084754389521
design:0.021503812613859672
legal:0.021596086821905284
software:0.016090205077035753
been:0.01676846156824502
bear:0.051492140832225315
that:0.011893872872039206
feds:0.028388017596113604
equivalent:0.02696649384638728
protection:0.02417127026361693
weapons:0.02285460563136956
nuclear:0.027887175841492143
nt:0.004080448866985363
re:0.002136802873018117
patents:0.03488817590992951
so:0.005838917699342401
this:0.00299989964783668
something:0.011375207526648702
recently:0.01891035179764394
you:0.009527982675578089
state:0.015186933639660664
classified:0.1188276457915351
communications:0.024109045121906827
why:0.01016984331516575
a:0.004788014145759069
dealing:0.02693258107198834
exposed:0.03180819590574273
same:0.011097676288734927
was:0.005059777909150775
as:0.009144161831051639
secret:0.06851419932794243
let:0.013172215672873284
danny:0.031350809004751096
course:0.013978010285142966
military:0.04424958357406366
declare:0.032481241823779206
no:0.0064328327781857705
proprietary:0.06608751305113844
it:0.0039183477684568225
should:0.009387497955619883
encourage:0.02938640020987781
couple:0.018034238826597247
have:0.002921432075129445
only:0.007620207075824495
patent:0.24718155025565547
algorithm:0.046640560225609785
develop:0.025746070416112658
has:0.01216885113013201
absolutely:0.022871192829415053
publicly:0.029598064619479808
copyright:0.029334686864049705
be:0.0033054928979284076
writes:0.007557284468772141
get:0.007510708430234984
of:0.0044443562415025974
available:0.015434650444652743
years:0.012741573845602249
code:0.01851721434475255
in:0.005076562911271156
government:0.015380656792093128
or:0.003853208329731916
and:0.003272549267063913
still:0.011666909041311698
for:0.0018591363594975656
subject:0.00015255403938296168
however:0.01369770802398236
i:0.001090849755687971
nsa:0.025746070416112658
developed:0.024213133349857346
similar:0.018084333073524007
exist:0.02078013986169203
the:0.004737876062788333
thing:0.01293675677214261
can:0.009880754199288152
major:0.018722445558387382
law:0.017181949287108377
because:0.010084127422254365
clipper:0.02042288067894155
last:0.012458071726054273
development:0.022212931617464012
problem:0.012088944525974768
including:0.018171244037315598
trade:0.024109045121906827
is:0.012282177229287492
right:0.011084991964515997
applies:0.027209691643066115
does:0.0069627932247858584
unless:0.017588922432802807
civilian:0.03016429834887541
too:0.011157244959225694
change:0.01698290918805993
art:0.026354238775236835
article:0.009260947203618298
panix.com:0.059196129238959616
s:0.003545350176320105
