some:0.023827283165986816
thanx:0.09903403705596524
send:0.1197284539133152
richmond:0.12664314781213565
fax:0.062421292650681415
encryption:0.07891325496373672
someone:0.044968532952306524
my:0.019392127782251044
to:0.008437954041372434
legal:0.07712888150680458
speak:0.07317209825792641
mail:0.0625370511190991
nt:0.014573031667804865
rob:0.17961970171425465
me:0.04422810940426713
file:0.062009915968538956
phone:0.05994585971856263
des:0.19165738472275834
inc:0.07471460195519186
shipped:0.11417561551983006
it:0.01399409917306008
have:0.01043368598260516
domain:0.09108577650980762
technologies:0.10077195151188986
public:0.060484583633889664
be:0.01180533177831574
asked:0.06882246732119246
code:0.13226581674823248
in:0.003626116365193683
st:0.0783009641412102
for:0.01327954542498261
subject:0.0005448358549391489
i:0.0077917839691997925
do:0.014659549365438706
canada:0.15186153440843456
can:0.017644203927300272
is:0.005483114834503345
him:0.04890847557884301
