some:0.015993655823744575
since:0.027408515389091524
block:0.06010656557757988
from:0.011596880197673638
single:0.04454009137688184
to:0.0018879440549189463
golden:0.07334882236697114
like:0.015953959774091413
through:0.03245840128801132
me:0.014843680553486912
this:0.007191540251663273
paying:0.06424395627429115
contact:0.047672223273706404
am:0.02238816926988172
3d:0.06408649902188382
test:0.04898492950657083
looked:0.05102744115725595
idea:0.11393327240797628
are:0.008807005227414047
no:0.015421174468253558
d:0.02495677016954843
01:0.08180684098100194
not:0.008259041213369381
zero:0.06347416780383029
ve:0.025001831493526496
money:0.0424687639277963
netcom.com:0.08819274451290791
his:0.025266151253496665
anybody:0.041638289656338284
if:0.009180142736485057
of:0.005327139330568182
freedom:0.05463052712765213
chapter:0.06764144690524114
gives:0.04981540377802884
but:0.01822693759590165
implementations:0.08331370255928042
please:0.026238566532948693
degrees:0.06925491314710941
postscript:0.06891665818011801
grady:0.1755921424119421
use:0.02277780174996367
and:0.002615050784183492
for:0.008913667477043122
subject:0.000365711738246826
cipher:0.08152438499192337
i:0.010460203136733967
example:0.03851176909257403
we:0.018462245283753013
necessary:0.04938049010248664
the:0.0030976151095440533
got:0.030303477008638
needs:0.045881459762593786
58:0.07606357481332386
15:0.045778229205214294
ad:0.05931057063501439
fc:0.08779607120597105
him:0.06565795351680295
disease:0.06232596681913069
testing:0.0674399928314097
ac:0.07044684981820022
