gtoal.com:0.04776855448623101
own:0.03777484392579992
your:0.010499435184843855
from:0.00705476878691813
work:0.016875603866585865
throw:0.035528088137790084
my:0.023755356533257534
to:0.0057424965003784615
respect:0.034061318241117675
trust:0.034578068864319446
she:0.02762618737415402
that:0.00289087187862064
jeff:0.035128994073586634
think:0.011997900229404626
like:0.009705325529238943
nt:0.011901309195373974
asking:0.029878606788653284
me:0.009029905670037872
re:0.0031161708564847544
lost:0.029204219369315415
so:0.008515088311541
this:0.008749707306190317
something:0.016588844309696024
compuserve.com:0.046158627577640526
arthur:0.1335822683047692
am:0.013619469639178046
support:0.022824635912779216
toal:0.047368477659678006
why:0.014831021501283386
more:0.021190317097012096
a:0.0011637534382053292
how:0.010961358310242702
secret:0.03330551356219424
dorothy:0.0963776231995769
far:0.020744817267678347
l:0.027541338156278024
are:0.005357594846676879
no:0.018762428936375163
those:0.015465963785729668
not:0.010048500142932747
academic:0.04662170967059728
won:0.03601366237215655
completely:0.02997494697532892
algorithm:0.0340087418311738
has:0.026619361847163778
personal:0.027949128926630967
be:0.004820510476145594
writes:0.011021039850292706
gtoal:0.047368477659678006
of:0.004861014639143467
years:0.018581461858169945
seems:0.019637392411508983
professional:0.03983754474578388
good:0.013500082094662493
code:0.027004270919430803
in:0.004441992547362262
chosen:0.04102599563910757
and:0.003181645120756582
i:0.003181645120756582
away:0.02307486321936392
any:0.00852739388574006
graham:0.04061072585787527
tapped:0.04072727787433143
than:0.011921677351828842
the:0.0018843825249726326
rubin:0.1052789979650812
do:0.005985982657554139
would:0.0077720803842031335
her:0.11021362683099094
clipper:0.05956673531357952
denning:0.0890548455365128
once:0.022358593291040885
may:0.01550854606199859
serves:0.04300807646164011
people:0.012543942833942645
many:0.015443341896484112
is:0.004477877114844399
spent:0.03618201826646921
matter:0.025174191765837853
easily:0.030824289736628225
position:0.028690357976768433
article:0.006752774002638341
opinions:0.02379675129600035
by:0.008253628956809717
manner:0.03799913894819204
represent:0.04005123166756169
s:0.0051703023404668196
