andrew:0.2510305439447999
posting:0.07331530126569424
send:0.06518549157502718
thanks:0.044297480998136955
someone:0.04896573588140044
via:0.0759606973025699
to:0.006125329600403693
t:0.057250512333343155
could:0.03353575900724572
me:0.024079748453434326
re:0.008309788950626012
illegal:0.09132798056940639
two:0.04143976517007359
detect:0.11388003402724307
them:0.03257464825627202
a:0.003103342501880878
how:0.029230288827313874
secret:0.08881470283251798
chip:0.07183120795118386
college:0.09154478445708117
are:0.014286919591138345
if:0.014892231550297985
of:0.012962705704382576
email:0.060975525754843135
or:0.014984699060068564
use:0.03695065617216329
subject:0.0005932657087115177
cipher:0.1322506689868979
the:0.0033500133777291247
original:0.06858151140607732
clipper:0.07942231375143936
may:0.041356122831996245
an:0.019953291968038595
repost:0.1233920213638365
press:0.07971889690594815
keep:0.058875879647242696
dead:0.07625071410691414
release:0.08830674420860575
three:0.06485528903272161
