keys:0.05319698558968101
some:0.0052829722856712865
since:0.009053491508613943
concept:0.038514495421907546
all:0.0043170490074492815
controlled:0.02195777292191085
split:0.021574328449263377
specifically:0.018312410188939646
with:0.005292555446059252
way:0.007838791038672143
operations:0.02109193145804954
operate:0.023885756611100442
from:0.00766128737040883
work:0.009163223818960651
reach:0.01972083017660805
to:0.0018708585883585938
legal:0.017100973727753054
might:0.01924963923871897
confidence:0.026012469865606028
make:0.007964165083030335
that:0.0031394083749726413
control:0.041397750270692625
supreme:0.02356729146738189
confidential:0.028323898027443093
me:0.004903116200925542
re:0.001692038474109369
so:0.00924715472746534
requested:0.023701041703768966
this:0.004750972292954019
off:0.009879897954553622
these:0.0074960903760133155
on:0.0022941575802682803
appeal:0.024489971057365247
suggest:0.0332253376028065
working:0.014337280591432612
more:0.011506054532314262
a:0.0025276092775500364
other:0.006241212614624031
as:0.0036204260643304003
reputation:0.02608852017472993
whole:0.013538079072521676
course:0.011068560180543073
across:0.017462281094270782
staff:0.0217767533082742
honestly:0.024383498218405093
are:0.0029091012742136903
no:0.005093872109423122
pressure:0.019912591366512397
legislative:0.028199920768673344
requires:0.018163596311813694
it:0.0077569101751124876
not:0.0027280995863165833
should:0.014867078210257735
approved:0.02280126406238813
have:0.006940053572140084
being:0.008804542669344563
offices:0.02593767664410734
between:0.010510705185730343
wiretaps:0.028451368058966604
has:0.014453952134206575
netcom.com:0.014565770021362622
be:0.01308735875876632
found:0.012101902738719446
if:0.006064709681116827
of:0.01143768150386698
keeping:0.018914660282285462
congress:0.05927561335641885
key:0.04351822223398067
courts:0.05102631477945762
but:0.0030103313224000465
registering:0.05525276727816891
excellent:0.017624730377105824
seems:0.010662837508511666
court:0.036168883506455286
they:0.004221355767003366
authority:0.01914014613634825
chance:0.016267228633541197
bodies:0.043205395477835314
clear:0.014921949059667934
over:0.009076654988775376
one:0.0044493706234191065
in:0.0016079611031175611
government:0.01217925311591085
system:0.010114128186617761
office:0.01651917607713195
or:0.006102366133059596
and:0.0025913851662270806
for:0.0029443336010142444
subject:0.00012080070991863483
half:0.01711150897553401
i:0.0017275901108180537
branch:0.14443111636416883
we:0.012196777427275747
any:0.0046302591234787666
information:0.011035390427528349
agency:0.01979656226871449
than:0.006473308969318829
the:0.0075034236288503
can:0.007824126628395597
holding:0.020844608324394047
law:0.027211231902660327
clipper:0.01617196433852838
substantial:0.024436421475252112
an:0.008125775009608477
general:0.013341313860124668
unit:0.03882480377918024
is:0.003647139731547474
executive:0.12272080983539445
strictly:0.023746518336590243
keep:0.011988301285637654
appropriate:0.01829867759303397
their:0.006849247142903684
records:0.022309708220746523
under:0.01098336392355493
already:0.013148354395010642
three:0.013205828083585851
before:0.00962078853946898
by:0.017926433933342374
immune:0.028199920768673344
john:0.012133386423447266
s:0.005614807971547678
