frequency:0.053179928894281296
at:0.00937196821760033
tables:0.06421742460373099
all:0.010149657772832884
anyway:0.03243099810260142
codes:0.058503138092205836
your:0.01340353427852407
method:0.04245636088028254
statistical:0.05982545422707368
mentioned:0.03739535764672168
to:0.004398507957736694
technique:0.05352038348030441
then:0.01697745052952982
eugene:0.0668909823514002
that:0.018452373693323233
so:0.010870325504094894
anyone:0.017796965421716927
this:0.016754758671428265
you:0.005912755206475764
used:0.06301479281926166
sequences:0.06331149047245113
magazine:0.04492233549791364
how:0.013993223374777918
was:0.02825939789685273
worked:0.040895360006110104
said:0.02331388115599396
hmm:0.05276913276526236
computer:0.028518116012396972
are:0.006839482782991761
it:0.014589592754892423
have:0.0054388363100814135
crack:0.05561680729446567
references:0.04392944252140067
talk:0.03680418901741518
of:0.004137033735441248
using:0.023451282751541708
well:0.017902850108014307
now:0.01757355742423664
in:0.005670628783866717
extension:0.053872094780952166
or:0.007173526145777503
and:0.0020308373111212227
for:0.0034611581160858933
subject:0.0002840101797023223
p:0.035809872762035636
nsa:0.09586302814510032
we:0.014337701124616702
developed:0.04507764187473442
any:0.010886034747753268
joseph:0.04344892158131651
the:0.00481118942546204
can:0.009197510557848015
may:0.01979814390893437
last:0.023193218638930826
an:0.009552107857039752
just:0.012493495356020063
modeling:0.13636411059650821
is:0.002858219435007063
issue:0.03331234050494525
does:0.012962646961037503
hidden:0.108657488385671
predict:0.05823034627717034
article:0.008620562556559585
prediction:0.0604703970123549
letter:0.08683083020725225
s:0.006600385966553386
novel:0.06520774825336942
