taken:0.01938165470446271
out:0.006930453524002705
there:0.010797399830319382
know:0.014516177948921198
knows:0.020552714183183735
case:0.014538888866510327
take:0.01250440664903355
with:0.0034401610399385136
way:0.010190428350273784
encryption:0.045491170508507046
post:0.015191634143712825
name:0.01624842650488383
paranoid:0.03130183426748231
to:0.003242821553154896
value:0.02196384011621569
front:0.02068794664332902
class:0.023342174539229425
been:0.008630825807184937
that:0.014284308106125515
nt:0.00840092413791104
suppose:0.022671405797830408
re:0.0021996500163421794
had:0.009025932268718442
this:0.006176263980840224
omissions:0.03381621082528783
he:0.01870744950023806
posts:0.023664808659815715
contains:0.02469207944045762
firm:0.09225846857081953
on:0.005964809708697528
serious:0.02115878610023218
sternlight:0.058092066165677685
great:0.014830886404309863
suggest:0.021596469441824223
letters:0.027587110635430904
more:0.00747893544600427
a:0.0024644190456112854
how:0.023212288186396313
hard:0.0159072553092677
contrary:0.027192615161427694
was:0.005208594906478739
truth:0.021147397223603554
private:0.020880477198085598
said:0.012891204874490778
accuracy:0.028465612332797492
evidence:0.018927694320665156
speculation:0.03234879400392558
no:0.02648813496900023
d:0.010716730719864915
care:0.01862362906631704
it:0.0020167966455292468
have:0.00300735654792737
whose:0.022016361473535112
algorithm:0.02400617070435798
secure:0.025145622933881975
has:0.012526758516312365
netcom.com:0.018935501027771407
willing:0.021034705023409827
his:0.010849582597089746
without:0.013218885204720558
be:0.003402713277279243
which:0.015198733323735503
claims:0.022096033385933682
depends:0.025328036091191157
if:0.0039420612927259365
of:0.006862608902320187
unfortunate:0.032994081752492785
but:0.00782686143824012
seems:0.013861688761065164
david:0.044054915988432246
errors:0.025258966574269487
one:0.011568363620889676
in:0.0020903494340528293
government:0.0158330290506841
door:0.024882189977252722
our:0.013116326017531725
point:0.012950211536823885
or:0.003966537986488737
message:0.038203763394820255
and:0.00224586714406347
word:0.018052214800961287
for:0.0038276336813185177
subject:0.00015704092289422526
i:0.0033688007160952048
example:0.016537406727987675
nsa:0.02650330778129244
we:0.007927905327729235
back:0.012390333647456103
information:0.014346007555786851
than:0.008415301660114477
the:0.003547072988183779
do:0.008450799045958784
writer:0.029989225142104604
clipper:0.02102355364008689
ensure:0.028309779300756458
wam.umd.edu:0.03250360169991013
an:0.01056350751249102
lower:0.02335872125320951
problem:0.012444501717915201
about:0.011588425650845547
is:0.006321708868015621
either:0.014726839453607988
new:0.020282347822159374
does:0.007167581260808972
their:0.008904021285774787
wishes:0.03069486817198095
little:0.013796110011167435
purposes:0.026041176472450665
lots:0.021462911831860946
by:0.005826091028336271
while:0.012766720622814837
doubt:0.020471013523415103
strnlght:0.02959362380675656
