some:0.020848872770238464
there:0.016388910456734775
where:0.03299029996846003
versions:0.0792932682258706
with:0.01044334601409906
encryption:0.06904909809326963
c:0.0923606319796057
from:0.015117361686253135
think:0.025709786205867058
re:0.006677508978181616
this:0.009374686399489624
on:0.02716118706639053
des:0.08385010581620678
decryption:0.11279892639115842
a:0.0024937573675828484
freely:0.09300663239806066
also:0.05298204041712737
based:0.05394469664108111
section:0.07338855581470155
are:0.01148056038573617
book:0.05553033054792274
algorithm:0.07287587535251529
has:0.019013829890831266
public:0.05292401067965345
be:0.010329665306026274
of:0.003472153313673904
key:0.05724718520065314
code:0.23146517930940685
in:0.0031728518195444726
distributed:0.0864134660102781
and:0.003408905486524909
subject:0.0004767313730717553
victor:0.22666403003766258
i:0.003408905486524909
source:0.16710364080534773
the:0.005383950071350378
cryptography:0.08752603535556658
can:0.015438678436387738
is:0.0047977254801904266
disk:0.06251748185356931
provided:0.07210652560008114
ordered:0.0836436625590447
nice:0.056423918870620676
