at:0.0072807025822680255
infinite:0.04272951709139774
say:0.0156821898699797
all:0.007884858104514803
take:0.01756817463087358
consideration:0.04144451789436968
own:0.037462655133024714
your:0.010412662993233575
wonder:0.030498906676172968
with:0.004833284105698738
former:0.03298262746071536
such:0.0158927041608909
from:0.006996464912646079
prejudice:0.04635532147044441
wisdom:0.040161105626551216
to:0.0011390075703230007
design:0.03110055543326812
then:0.013189093799800027
fails:0.039560781794815904
she:0.05479574355204103
that:0.002866980375491544
nt:0.00590147563406974
its:0.017089459140778265
seattle:0.040217906281821966
re:0.003090417378331988
two:0.015411482914490177
am:0.013506912038854261
access.digex.com:0.03696249896192868
landed:0.04611917789652659
more:0.021015190509433485
sure:0.018033421654208293
a:0.0023082712823907356
uunet:0.03121481249931641
steve:0.02650540369284617
course:0.02021613057768611
wa:0.04144451789436968
pat:0.1674851335381727
are:0.005313317203315913
no:0.009303683770103387
cooperation:0.04434515362018865
taking:0.028156611852492606
care:0.07849628780017927
it:0.002833515948264231
not:0.004982727343603016
have:0.0042252116789062225
try:0.0201354518375487
only:0.011020960646853609
has:0.008799789040384719
access.digex.net:0.0409942023135096
without:0.01857198747770657
which:0.010676796136508411
g:0.029214892239764482
writes:0.005464978438161672
things:0.018468809323473136
if:0.011076866442370402
of:0.006427787952586402
totally:0.03404558099643515
least:0.01989803622071473
well:0.01390799925746566
they:0.0077100795413863115
universe:0.03662358967492556
good:0.013388511168260325
code:0.026781095126708235
in:0.0029368545767684377
albert:0.04242620000998924
or:0.005572821964488308
and:0.004733025799472602
subject:0.00022063600737205204
until:0.023645997730286316
myrto:0.09676225381746709
i:0.0031553505329817346
becomes:0.035584844095061956
nsa:0.07447210450941678
person:0.023183425116312818
any:0.01691383911221169
tapped:0.04039068880098985
the:0.004360554603242455
stupidity:0.0426526378131968
once:0.02217381152830501
human:0.02649456505154195
rwing.uucp:0.097071214693701
about:0.008140629589436956
is:0.006661304798942081
fee:0.04157781857147616
else:0.020880596903620305
does:0.02014031098078554
their:0.012509781971749703
fat:0.045030175602054495
article:0.00669696595302976
very:0.014406962742011961
