another:0.01928265504685721
bellovin:0.05268618059654584
all:0.008296242005619923
leader:0.04073082698527395
your:0.010955932366793588
c:0.022487806047208347
someone:0.03832101068979165
from:0.014722995729220445
to:0.002396868104505793
then:0.01387722043283307
been:0.012758612062795124
that:0.0030165619602997985
like:0.02025459240884649
re:0.003251656545897135
political:0.0313458763259263
this:0.0045650646814906
joke:0.08536741685896246
certain:0.028663608624004428
on:0.013226317180155388
you:0.004833034690510625
m:0.01190273662709628
more:0.0221116352316648
a:0.006071757068897369
quick:0.03529804539296779
seeking:0.04599324792104776
no:0.019578186716217562
permission:0.04346881144402123
d:0.015842123672843787
it:0.008944054688868833
deleted:0.030551126060855104
have:0.004445657505631764
real:0.0222399465565065
always:0.023103966069553977
doing:0.023310460044915784
war:0.030755001004982758
has:0.009258908468578705
party:0.036910247334979635
heard:0.02350128138625978
list:0.025318509538448518
found:0.023256700045713022
sort:0.027282272240530696
writes:0.011500215495957606
of:0.005072363101714921
lawrence:0.041245512823450736
mailing:0.03838047629188341
newspapers:0.04816552442884229
but:0.011570142995659309
good:0.014087042185734776
sounds:0.06196007936627545
code:0.028178369655058228
in:0.004635122658117143
murdoch.acc.virginia.edu:0.050589119232920726
or:0.005863577893070307
and:0.003319977517311216
for:0.002829120547061513
subject:0.0002321474512349417
steven:0.03901316632912192
i:0.001659988758655608
mention:0.03282325925458194
any:0.008898150141641803
tapped:0.04249802908625889
the:0.003932624399942885
thing:0.019686369001086577
drugs:0.03771972927468409
major:0.028490678023632976
peter:0.032016461572399624
did:0.01429487863863448
once:0.02333070604282527
archives:0.04646339767122407
reaction:0.0410359688966763
repost:0.048283834446718625
just:0.010212074464920748
note:0.02575381825111737
german:0.04083135587571808
here:0.015655660048899095
actual:0.035324842493293075
people:0.013089331652809717
reality:0.03644009758480333
is:0.004672567424185459
article:0.02113911861695481
upi:0.05373511962079467
checked:0.039137096961358454
check:0.028776622300762514
s:0.00539509809440016
