know:0.03427430904606394
thanks:0.05537185124767119
text:0.10046010370093242
someone:0.06120716985175055
o:0.2917482486499901
from:0.023515895956393765
mail:0.08511987513432932
bunch:0.1126723061431757
could:0.04191969875905715
me:0.06019937113358581
brought:0.10762202340376853
this:0.014582845510317194
you:0.03087772163381788
tell:0.06694514037840146
a:0.003879178127351097
42:0.13517685166945717
what:0.025567836194350865
message:0.09020333023777004
and:0.005302741867927637
subject:0.0007415821358893971
i:0.005302741867927637
house:0.09549644290250531
the:0.006281275083242108
hate:0.11183303451549524
ralph:0.1538620919254684
clipper:0.0992778921892992
number:0.06950735689993771
white:0.09441580960612755
by:0.027512096522699057
announcement:0.12694724566548016
