markets:0.06105550967813063
folks:0.019187646892719058
knowledge:0.019154254636539563
cnn:0.026936318670360938
own:0.011743474795585468
your:0.006528146228918459
with:0.003030193662122007
further:0.01838256166363413
encryption:0.020034971467477198
c:0.026798939849004767
ca:0.010655692207732234
continues:0.025661923701032537
wrote:0.013344948055403425
post:0.013381232147311817
my:0.024616949775396406
to:0.0049986498034382465
important:0.016281706181208406
politics:0.025359277264988937
that:0.005392299877219847
bit:0.014119607243811916
higher:0.019232507321439857
like:0.006034399292791053
nt:0.011099666607084537
database:0.02623822232854665
assertion:0.026281947036556313
re:0.001937515558436117
political:0.018677594701976816
escrow:0.023980127693844805
implied:0.027743336957455407
crypto:0.047096197263968874
big:0.014382282662526204
on:0.0026269887318097923
set:0.013727536705315653
you:0.005759575019779501
took:0.01748912785708124
sternlight:0.0255845887258166
support:0.014191483469085523
a:0.0014471545345558499
same:0.01006265984729851
nor:0.017899165787437322
timothy:0.052741038460255636
was:0.013763644571524129
as:0.004145669223922376
steve:0.04985213233421326
proposal:0.024420734132631915
question:0.011310808722005723
chip:0.016748209107788986
quoted:0.023149336760812787
straight:0.020708091334006782
digital:0.04279137406229703
it:0.0017764530038340517
not:0.006247772109595491
zero:0.024008363987977264
networks:0.02623822232854665
money:0.01606331485351881
points:0.018990447090520376
feel:0.015783817016819576
convex.com:0.027861099916406475
netcom.com:0.05003681618737522
public:0.015356189627256963
call:0.013766611906729054
nonsense:0.027244212040675963
pgp:0.023548098631984437
be:0.0029972085862045145
writes:0.003426230005272344
were:0.008037840919545592
making:0.015930607206592767
of:0.0030223925217472327
key:0.016610582234386405
what:0.004769130067340058
but:0.003447063327722333
central:0.023732695407337554
lines:0.01830664313105967
they:0.004833780437863957
who:0.006699755825045847
waco:0.020127853417053115
now:0.008559141957918364
gardner:0.08962014961578207
david:0.02586989885331082
clear:0.017086791410293335
author:0.020953408021038896
tim:0.021129063729203052
comment:0.020360608274003954
in:0.0036824808682795955
according:0.017821379298374188
our:0.011553240533577168
point:0.022813844158135345
massacre:0.026645699672169
brother:0.024008363987977264
or:0.003493841749756919
debate:0.023522256447989418
and:0.003956449891096268
subject:0.00013832620151304817
governments:0.024210447707165187
i:0.0029673374183222007
preserve:0.02898759150503458
power:0.013999250156324052
collapse:0.029616404235626642
information:0.012636379712351114
yet:0.013627299184902403
em:0.024639917447091444
the:0.003905456010305974
do:0.0037218545021062005
original:0.01599050784079523
views:0.041969811338206105
strong:0.018708043450624406
sci.crypt:0.029786299690668042
anonymous:0.023548098631984437
may:0.028927857939479235
an:0.004652321961459776
just:0.012169829673221616
record:0.019982634182573032
here:0.009328502101675627
about:0.005103710778869801
hold:0.01797813789090166
is:0.006960430748462795
discussion:0.017812808002539853
either:0.012971827497996675
issue:0.016224663251113228
right:0.010051158517048185
does:0.006313413545790287
poll:0.03005206805537038
under:0.012576805321790877
words:0.017139166484494168
position:0.03567712909028199
article:0.004198615960189642
neither:0.019392650002595695
going:0.011284019088340324
black:0.018287836042714705
elsewhere:0.024544844189743276
s:0.003214695755730665
banned:0.029137785996605835
strnlght:0.02606692252408609
