expensive:0.019286127591128046
at:0.008390142975756488
there:0.00437037612179594
final:0.01836499236779331
know:0.005875595836468105
tony:0.02201306941639385
own:0.010792812550228549
way:0.008249394378793065
much:0.00831998509314253
encryption:0.036826185649743805
faces:0.025887529310746574
times:0.013383219721395365
mentioned:0.01673887437519923
companies:0.018936344502798744
wrote:0.012264642736632672
sell:0.03314354570457684
to:0.0006562853143289671
then:0.01519886047405527
most:0.01768186156159084
100:0.016088152851576533
that:0.01156348751448256
think:0.006855942988231216
provide:0.016080741325159114
nt:0.006800748111642272
need:0.009148580911891602
re:0.0017806690608484312
consumer:0.052130024286228684
apple.com:0.026187118955558808
phone:0.013987367267664615
this:0.009999665492788934
30:0.01630050225892329
on:0.002414327739234714
you:0.005293323708654494
products:0.019286127591128046
largely:0.02489514231276083
support:0.013042649093016697
3:0.011149837831607712
a:0.005985017682198836
low:0.016170450190380097
price:0.01490544858020935
as:0.0076201348592097
perceived:0.02796575470937577
idea:0.013201791882194079
adding:0.022500507571925135
standard:0.014495450192677319
implies:0.024710190725540523
let:0.010976846394061072
whole:0.014247216547749
chip:0.04617720511147534
exact:0.02033783985877747
scale:0.023043590936074165
others:0.012839658205087602
product:0.01900427582260266
are:0.0030614827695296457
those:0.008837693591845525
likely:0.015744803832998706
tens:0.026921169811879083
care:0.01507627114892332
it:0.0032652898070473523
have:0.0024345267292745377
interesting:0.0155620217234353
buy:0.014318291072590316
suspect:0.018486166966179808
has:0.005070354637555005
25:0.05253832211842304
be:0.005509154829880679
get:0.006258923691862488
depends:0.020503648264297604
if:0.006382384950127708
end:0.02575460383405247
of:0.00833316795281737
but:0.003168015344049573
fact:0.01142031966013733
they:0.0044424744024178274
thousands:0.020374190453325426
cheaper:0.02099703999507997
david:0.01188783447306902
one:0.018729731576678524
in:0.002538281455635578
government:0.012817213993410941
economic:0.043672428861840494
point:0.010483504577428861
5:0.012375585175798492
or:0.00963302082432979
and:0.0009090414630733093
for:0.0030985605991626095
subject:0.00012712836615246808
i:0.0018180829261466185
face:0.01709176948069314
will:0.02698346059293534
cost:0.03162864385096077
phones:0.02358452987761562
the:0.006101810080863763
do:0.0034205615186023654
difficulty:0.025237169620243
rule:0.01880332175360087
would:0.00888237758194644
can:0.004116980916370064
goods:0.02843761615053877
clipper:0.05105720169735387
increase:0.020022598729463274
an:0.008551410843445113
about:0.00469055323962796
middle:0.019129049024478966
is:0.01023514769107291
thumb:0.028056460399712407
new:0.0082095217375407
average:0.018473909804298035
figure:0.017583322067022636
does:0.005802327687321549
lot:0.011802635182216147
their:0.007208017231341496
approx:0.02753646377130769
too:0.01859540826537616
cellular:0.04998076716558518
article:0.003858728001507624
very:0.008301154722778321
bad:0.013050481174982783
usual:0.020429241988568648
by:0.0047163594038912675
high:0.013320589645912007
seem:0.013141488356646372
millions:0.022674743035888432
s:0.002954458480266754
