some:0.01179330176902378
fast:0.03516967600957614
there:0.009270494803809572
where:0.01866117978013901
versions:0.04485275778433085
with:0.0059073472402984585
encryption:0.039058075689122215
c:0.07836659683118061
from:0.008551234893234097
wrote:0.026015908835281428
think:0.014542909368975307
nt:0.007212914663863016
re:0.0037771767957390967
this:0.005302852912842617
slower:0.049366397423432046
on:0.015363903795129998
des:0.0948607257718703
decryption:0.06380545331217043
a:0.001410610228127672
3d:0.047255701298964836
freely:0.052609812265569676
also:0.02996963902382963
based:0.030514171837379218
section:0.04151271844063927
are:0.006494054359608339
book:0.03141109606751186
01:0.06032221607690042
it:0.010389558476968848
algorithm:0.041222717371119766
has:0.010755297716025769
netcom.com:0.06503101363073009
public:0.029936814121824182
be:0.011686086002777199
of:0.0039280926376916905
key:0.03238224617410683
but:0.006720032547983943
code:0.13092979839724025
in:0.005384233390742136
distributed:0.04888034440985429
yes:0.02693783707579686
grady:0.1294770343037553
and:0.0019282697701555045
subject:0.0002696662312325081
al:0.03848499172446699
victor:0.12821399678898088
i:0.003856539540311009
source:0.09452327156666135
than:0.014450518002216781
the:0.005329566737296334
cryptography:0.04950967656476494
can:0.008732989822603166
orders:0.04943778295093803
may:0.018798237650907382
58:0.056087282438107504
about:0.009949658387089612
15:0.033755663959400446
is:0.008141594754262543
implementation:0.09960495993505013
1/2:0.04791145428986702
ad:0.043734057134909604
disk:0.03536342407878668
fc:0.06473851715187764
provided:0.04078752963236913
1:0.0197830696154011
ordered:0.047313586902085904
nice:0.03191656016923999
very:0.017608510018014622
ac:0.0519456569366527
magnitude:0.05858635489582306
