some:0.013267464490151752
out:0.05355350450365727
there:0.010429306654285767
know:0.014021308246117066
printing:0.05522152023650792
o:0.11935155626590505
to:0.003132270818388252
everyone:0.034744463153557996
most:0.02109767572689816
us:0.046815372413295364
that:0.003942098016300873
think:0.01636077304009722
could:0.017148967674159743
me:0.012313507731869826
brought:0.04402719139245077
re:0.004249323895206484
this:0.005965709526947943
on:0.005761463923173749
you:0.012631795213834588
tell:0.02738664833661878
working:0.03600612512166599
m:0.015554712637682638
a:0.004760809519930892
local:0.034731630135408545
capture:0.062200597159704676
soul:0.04790317373670905
lobby:0.06652404949950862
it:0.019480422144316587
have:0.005809666058496055
42:0.05529962113750521
kind:0.03131280337458023
if:0.007615345679129651
of:0.004419104217403151
seen:0.029459828302526737
what:0.010459569352234447
print:0.04995867080516731
net:0.03767207369202821
one:0.011173987588359347
message:0.03690136236999684
and:0.013015820948549653
subject:0.0003033745101365716
i:0.00867721396569977
cost:0.037738722776714556
the:0.0034261500454047865
would:0.010598291433004274
can:0.009824613550428562
hate:0.045749877756338965
ralph:0.0629435830604189
an:0.010203387938201554
btw:0.04263398318685608
is:0.0030530980328484533
number:0.0284348278227018
envelope:0.07212037319380174
write:0.03697924914758538
2:0.022141017637447826
their:0.017200950211155842
congressional:0.06786249308651297
1:0.022255953317326233
afford:0.05369439306936679
letter:0.09275111408501946
by:0.011254948577467797
