another:0.03959830947122462
some:0.020848872770238464
out:0.021038876769293925
into:0.031978641124685465
alot:0.09042815909659827
from:0.015117361686253135
to:0.0049221398574672524
make:0.031430008631244705
view:0.06080979915686842
re:0.006677508978181616
this:0.018749372798979248
criminals:0.08323780093265978
on:0.009053729022130176
want:0.03379639228057467
was:0.01581180596609617
steve:0.0572706044077569
proposal:0.08416431584996356
forces:0.07866109095710423
police:0.19690628098032276
war:0.06315759134951816
has:0.019013829890831266
convex.com:0.09602129078332945
constitution:0.08080322158351456
writes:0.01180825698245647
cops:0.17379880928930205
of:0.010416459941021713
gardner:0.20591296280768975
in:0.006345703639088945
our:0.039817418267507024
point:0.03931314216535822
subject:0.0004767313730717553
we:0.024066855459178034
will:0.04047519088940301
yet:0.04696551326225292
turned:0.07012318464131424
corrupt:0.10357230597654433
the:0.0013459875178375945
do:0.025654211389517737
drugs:0.07746015833194053
clipper:0.12764300424338468
is:0.0047977254801904266
article:0.01447023000565359
already:0.051889041451738414
s:0.011079219301000327
