obvious:0.03594998424207488
at:0.008233317873405897
ordinary:0.04764643246876432
method:0.03729811142753793
encryption:0.10841353719317101
everyone:0.02857488558423461
otherwise:0.06641840806751469
front:0.06573740054889594
next:0.025031589007001635
make:0.016449350311679472
that:0.009726297909377854
think:0.026911178084645892
nt:0.006673631324508771
re:0.0034947710540015934
so:0.009549631751260935
aimed:0.051641236345651605
this:0.00490637792870485
illegal:0.07681792758174368
on:0.004738400235881214
you:0.005194383078586185
sternlight:0.046147903028809376
m:0.01279266086089787
why:0.016632921309850526
a:0.001305144042847098
other:0.02578145771648431
steve:0.029973400437704543
eff.org:0.1170015226928023
also:0.013864459174575386
spying:0.05824469616707297
chip:0.06041877304305184
cover:0.03667482755371856
step:0.03887402462787244
it:0.0032042563527100183
not:0.005634672977345466
should:0.015353384506854948
only:0.012462955497843799
worthless:0.051517449179763565
convex.com:0.050254133494078965
netcom.com:0.060168881770488576
without:0.021001967147686866
be:0.01081235994649479
writes:0.012360044691917052
soon:0.0336167629629857
making:0.02873464664366732
if:0.006263088035172048
end:0.02527320936986457
of:0.0072688069370369585
but:0.006217600207947759
sense:0.030713290152925142
gardner:0.10776753193673483
david:0.02333126391910742
good:0.015140278984668215
in:0.003321115923261504
government:0.02515527980015231
use:0.015539995586423813
for:0.006081287157235027
subject:0.0002495042700188626
will:0.010591638737413872
kadie:0.12798818932648676
alternative:0.08138621824980086
the:0.0035222103270516492
do:0.006713251578565389
would:0.008716351832751178
clipper:0.1002057229574235
ends:0.04421600573985504
carl:0.04541582972722146
forms:0.04473695885208154
just:0.02195118810216609
makes:0.02610259703039228
is:0.0075328773894578665
methods:0.04158385846886608
article:0.015146408977880391
citizens:0.038199609242374956
schemes:0.053883765968367414
strnlght:0.04701790698269733
