another:0.010870124168571464
pc:0.016337461088224918
at:0.004318455943404073
dan:0.03895885773909077
knows:0.01712726181931978
take:0.02084067774838925
continue:0.01915787356324238
with:0.002866800866615428
encryption:0.05686396313563381
c:0.012676949487396862
someone:0.02160253053591196
o:0.03432332337058707
from:0.004149863992304782
post:0.012659695119760688
name:0.013540355420736524
to:0.0027023512942957466
0:0.07186580957785162
most:0.009100958156701165
martin:0.06830299075375304
a.k.a:0.029274016625554615
cases:0.018038164698462703
proud:0.024782395390877388
that:0.003401025739553694
re:0.0018330416802851497
anyone:0.008200562498242114
he:0.015589541250198385
posts:0.019720673883179763
contains:0.020576732867048017
firm:0.025627352380783203
on:0.00248533737862397
curious:0.021011138925595564
brain:0.02161459999493526
serious:0.05289696525058045
sternlight:0.19364022055225896
am:0.008011452728928262
them:0.014371168348355303
why:0.00872413029487258
a:0.0027382433840125392
other:0.0067613136658427
j:0.01497121891925913
private:0.01740039766507133
immediately:0.020699507533352365
mac:0.01682001046476047
question:0.02140182434654024
starts:0.02192383516859495
no:0.011036722903750096
internet:0.014002617368208854
dick:0.024741714984923
police:0.0180175681942779
it:0.0016806638712743723
not:0.002955441218509632
flame:0.020576732867048017
should:0.008053000697222939
whose:0.01834696789461259
relate:0.028262563522624084
algorithm:0.020005142253631647
secure:0.020954685778234977
has:0.005219482715130152
netcom.com:0.03155916837961901
willing:0.017528920852841523
regarding:0.019397041034661163
his:0.027123956492724362
be:0.0028355943977327026
which:0.01899841665466938
writes:0.006482964617819238
of:0.006671980877255739
unfortunate:0.027495068127077322
present:0.017767158249163254
seems:0.011551407300887637
fact:0.023512422829694502
please:0.009389290965221836
they:0.004573135414253645
find:0.010374738910163677
topics:0.026192601628386117
david:0.12237476663453402
over:0.009833042904506656
one:0.004820151508704032
in:0.003483915723421382
government:0.013194190875570085
or:0.006610896644147895
message:0.01591823474784177
and:0.0037431119067724496
word:0.015043512334134404
for:0.001594847367216049
seriously:0.0190046748205752
subject:0.00013086743574518774
keeper:0.030046707528513357
i:0.0018715559533862248
world.std.com:0.022529785933139937
review:0.02118450727773915
actually:0.011981931995593552
will:0.005555418357369041
yet:0.012892493836696882
jerk:0.03016774974709361
the:0.0036948676960247696
original:0.015128274574869998
hello:0.018967111718881234
ibm:0.01931601504470425
can:0.0042380685903809475
clipper:0.017519628033405742
pair:0.025033833108463417
wam.umd.edu:0.027086334749925108
an:0.004401461463537925
statements:0.020664114160933316
about:0.009657021375704624
is:0.0026340453616731756
either:0.01227236621133999
new:0.016901956518466144
right:0.009509184283285782
time:0.007742695930900557
does:0.011945968768014953
their:0.007420017738145657
chemical:0.024352466075097456
him:0.023495248072189293
faq:0.057089633277908225
article:0.00794444000310393
little:0.01149675834263953
opinions:0.013998088997647266
takes:0.035057841705683046
side:0.015786098424368594
consulting:0.0293772196118185
before:0.01042252091775806
while:0.010638933852345697
doubt:0.017059177936179254
strnlght:0.024661353172297132
