taken:0.023534866426847573
since:0.014291583024312009
believe:0.015519084859502432
go:0.013895944655672336
there:0.00655556418269391
publish:0.0402743413080719
with:0.008354676811279247
encryption:0.027619639237307852
from:0.006046944674501254
to:0.0049221398574672524
most:0.013261396171193127
cases:0.02628418284633137
enough:0.034744978956248514
been:0.010480288480153137
that:0.0024778901816748344
considering:0.02860978539539352
nt:0.005100561083731704
re:0.0026710035912726466
infrastructure:0.04222339121283362
political:0.02574839841058232
this:0.0037498745597958497
omissions:0.04106254171642094
amount:0.0265601215116202
these:0.011833114093563876
on:0.007242983217704142
sternlight:0.07054036605832291
great:0.01800893349094769
includes:0.026912531224516777
a:0.0019950058940662787
basis:0.026622916264557133
accuracy:0.03456538640411124
based:0.021577878656432445
figures:0.0337081173079841
estimate:0.04155534794132774
no:0.008041040972732214
reasonable:0.026702194072186054
care:0.022614406723384977
reason:0.01908722802863234
it:0.009795869421142056
not:0.0043065000612568915
expecting:0.03996146543194053
ve:0.013036669278767387
targets:0.038087434971458445
attack:0.0282049826304013
has:0.007605531956332507
netcom.com:0.02299310839086528
heard:0.019304623995856245
be:0.004131866122410509
writes:0.004723302792982588
of:0.009722029278286934
even:0.011993996055471612
year:0.01767686225864037
fact:0.017130479490205994
court:0.028547583053309348
up:0.009596145502517034
now:0.023598777112546345
david:0.053495255128810586
errors:0.030671602268755805
in:0.0038074221834533675
compare:0.030783649384239376
our:0.01592696730700281
point:0.01572525686614329
or:0.004816510412164895
use:0.011876996626766771
and:0.004090686583829891
for:0.004647840898743914
known:0.023263776769045414
subject:0.0001906925492287021
each:0.01818578140971868
we:0.009626742183671214
stupid:0.027583472794761088
any:0.007309194759205766
information:0.017420152032026893
will:0.008095038177880603
the:0.005383950071350378
around:0.03381706333076622
clipper:0.05105720169735387
ensure:0.03437616057948999
may:0.013293039481713077
fbi:0.027248727730645246
many:0.013237150196986382
about:0.021107489578325818
requests:0.03748557537418888
worry:0.06280518615506747
general:0.021060216879196795
is:0.0038381803841523415
number:0.07149328138279308
average:0.02771086470644705
attorney:0.03679823228779921
figure:0.026374983100533954
guess:0.02140112330668324
too:0.013946556199032118
thousand:0.03329512037306391
article:0.005788092002261436
s:0.00443168772040013
strnlght:0.035935114622490105
