some:0.010241551536257491
out:0.04133954733615648
there:0.00805069285593989
printing:0.04262713842818155
with:0.00513006470868024
dealers:0.04318525856748165
to:0.006044733158293117
everyone:0.02682028734660617
most:0.016285925122517874
us:0.03613818221377186
that:0.003043023030126989
think:0.012629368662531186
could:0.01323779960812331
re:0.0032801798489313205
justify:0.041769263487162894
this:0.004605109108521219
off:0.019153135508389037
he:0.013948536908072238
something:0.01746194137862739
on:0.008894891670864736
des:0.04118952566410157
working:0.02779420184830357
m:0.012007146597509403
a:0.003675010857490513
how:0.011538271905518633
air:0.03380823671606289
standard:0.026702145091774005
local:0.026810381157157472
capture:0.048014496053105364
stuff:0.025644004848014226
soul:0.036977888498512246
taking:0.029885526615364956
lobby:0.05135189785926981
it:0.015037518848244384
rush:0.04479738556251348
have:0.0044846545012952
only:0.011697686300607777
kind:0.024171286815465435
money:0.02719491023446605
able:0.023135659878163763
robert:0.028029930078576345
be:0.0050742215538374675
writes:0.00580054728962774
if:0.011757024908129987
of:0.005116857514887859
seen:0.022740920093178532
print:0.038564587989953714
net:0.0290801972359516
one:0.00862553427873353
in:0.0015585938762674603
our:0.01955943353491573
and:0.010047300381336574
for:0.002853937393965561
subject:0.0002341838323861254
i:0.005023650190668287
away:0.0242893297045936
drug:0.03756507694303075
will:0.019882549910583934
cost:0.029131645652200708
the:0.0033059342543379517
would:0.008181137246529614
can:0.007583912214365906
an:0.007876299461067866
btw:0.03291044316178364
people:0.013204150351518572
about:0.008640492809840979
govt:0.042809261160185304
is:0.0023567774288654727
clinton:0.06430098751702513
envelope:0.05567186702679432
privacy:0.04144830342196735
write:0.028545385306908012
right:0.01701643503324824
2:0.01709131186048604
their:0.013277926478786964
congressional:0.05238508238257141
1:0.017180034139690426
afford:0.04144830342196735
article:0.007108183160671938
takes:0.03136754257876904
lots:0.03200609659137158
letter:0.07159735122352379
