taken:0.022262711484855813
some:0.01577752533963992
believe:0.014680215407637436
hide:0.033670864852428116
recorded:0.03665040401840835
perspective:0.03302211719540387
happen:0.022848866393022402
with:0.003951536329659104
way:0.011705221753692862
though:0.016794217578450538
from:0.00572008280020389
wire:0.03444708293349853
to:0.007449725189680167
might:0.014372196864043554
been:0.00991378640014486
that:0.007031850515563719
horror:0.039809842459051385
view:0.023009113194490755
this:0.0035471786376447233
omissions:0.03884294486688468
overwhelming:0.03907200940523388
crypto:0.030707993486304028
on:0.006851470611341756
sternlight:0.06672737329841356
great:0.01703547762657214
a:0.0037743354752605273
nor:0.023341479709293265
low:0.022944557702566353
accuracy:0.03269698713902415
evidence:0.043482541006933474
are:0.004343995821629903
care:0.021392006359958766
reason:0.018055485973030593
it:0.002316590741486297
have:0.010363188104344315
priority:0.039941045741869644
messages:0.05912216569440408
b:0.020681813152123255
has:0.01438884424171015
netcom.com:0.021750237667034725
wiretapping:0.042109341147816275
highest:0.031886056912957934
be:0.007817044015371234
get:0.00888090523845353
if:0.004528043376779793
of:0.006568938701545225
even:0.01134567194436504
reasons:0.02457111132294666
present:0.024489866775873677
order:0.018948086899543866
court:0.02700447045583317
they:0.006303510976403674
david:0.0337357464776283
errors:0.029013677821796036
good:0.032838037527557415
one:0.013287985240211115
in:0.00240107705262825
government:0.03637317484616619
our:0.01506605015527293
system:0.015102853575963008
or:0.00455615849799382
stories:0.031271382735892216
use:0.011234996809103703
and:0.003869568390109357
for:0.002198303127784284
subject:0.0001803848438649885
away:0.01870934855624102
limited:0.026230372046606484
information:0.01647852219245787
tapped:0.03302211719540387
pretty:0.07778432586269261
will:0.007657468546643814
the:0.00458363316885235
law:0.020316494089486256
listening:0.03336368664920678
clipper:0.024148676478478185
ensure:0.032517989737355396
may:0.012574496807025885
long:0.01608318408857152
here:0.024329741967883733
reality:0.028314940690894477
is:0.005446066761297242
number:0.03381438984321295
today:0.0191832855797186
conversations:0.036815211134112125
goes:0.021777210783720788
ordered:0.031648953400719625
somehow:0.02873049609466335
reflect:0.03196697712273304
little:0.01584688312093557
neither:0.02528906385473628
enforcement:0.03054115150934206
thus:0.022509155897812876
majority:0.02785667990482177
by:0.006692131586602474
seem:0.03729341290399646
everything:0.020876097864346306
s:0.004192137032810935
strnlght:0.0339926759942474
