taken:0.01882789314147806
above:0.015558034457877401
since:0.011433266419449608
out:0.0067324405661740565
say:0.010843114138671677
there:0.005244451346155128
own:0.012951375060274259
with:0.003341870724511699
encryption:0.02209571138984628
from:0.009675111479202006
covering:0.03113514998770625
to:0.0023626271315842816
design:0.021503812613859672
competition:0.02981787193849578
then:0.009119316284433162
might:0.024309544410039383
been:0.01676846156824502
that:0.005946936436019603
feds:0.028388017596113604
bit:0.015571909703175426
nt:0.004080448866985363
could:0.017246961775154942
its:0.03544842096058578
re:0.002136802873018117
political:0.020598718728465856
comments:0.02105145722302343
balance:0.028655923801249896
omissions:0.03285003337313675
swiss:0.0692446944983174
protecting:0.030046473850574063
you:0.003175994225192696
sternlight:0.05643229284665833
great:0.014407146792758153
access.digex.com:0.0255569278536764
more:0.007265251576118434
a:0.0015960047152530229
factor:0.025857030906724664
other:0.023645279791404187
as:0.004572080915525819
steve:0.01832659341048221
accuracy:0.027652309123288994
whole:0.0170966598572988
chip:0.036941764089180276
speculation:0.031424542746670565
product:0.022805130987123192
those:0.01060523231021463
care:0.018091525378707982
wild:0.02700060908631016
it:0.005877521652685234
have:0.002921432075129445
shift:0.027690789307182388
only:0.007620207075824495
against:0.014761604526616267
able:0.015071229863489537
suspect:0.022183400359415767
has:0.006084425565066005
attempt:0.02203799084135197
poor:0.02257974966111578
netcom.com:0.018394486712692223
access.digex.net:0.02834456274248378
be:0.016527464489642037
asked:0.01927029084993389
writes:0.0037786422343860705
if:0.0038294309700766245
end:0.015452762300431482
of:0.007777623422629546
presented:0.026085632818802947
find:0.012093981358133658
who:0.014777747134101123
david:0.04279620410304847
errors:0.024537281815004645
in:0.0040612503290169254
government:0.04614197037627939
our:0.012741573845602249
fear:0.04920875583431425
accurate:0.0255569278536764
battle:0.02750092846359199
debate:0.025941688539782615
and:0.003272549267063913
subject:0.00015255403938296168
i:0.001090849755687971
any:0.005847355807364613
information:0.027872243251243028
review:0.02469508276947878
will:0.006476030542304482
yet:0.015028964243920936
the:0.0068914560913284845
users:0.022563986104321043
would:0.005329426549167863
ensure:0.02750092846359199
butt:0.03172937692212938
forms:0.027353454840986998
people:0.025804682401253443
is:0.003070544307321873
limit:0.025373845832278592
solid:0.051492140832225315
done:0.015135220293832562
field:0.044485232570666354
lot:0.014163162218659375
their:0.008649620677609795
hear:0.018935323224336043
superior:0.028794739187358722
article:0.004630473601809149
little:0.013401935439419796
element:0.030407496145554245
by:0.005659631284669521
says:0.029268877079172206
doubt:0.05965838226823831
s:0.010636050528960314
strnlght:0.028748091697992088
