keys:0.04082129796985938
believe:0.04526399750688209
hmmm:0.05174899040958209
with:0.006091951841557784
possibility:0.04417689147543054
to:0.0014356241250946154
then:0.016623753643497947
nt:0.007438318247108734
could:0.01571988703464643
me:0.01128738208754734
need:0.020012520744762875
re:0.003895213570605943
infrastructure:0.061575778852049026
political:0.03754974768209922
escrow:0.04821004838450049
this:0.005468567066368947
federal:0.04116100198640897
you:0.005789572806340852
sternlight:0.051435683584193786
state:0.027684514447298084
3:0.02439027025664187
m:0.014258486584542417
a:0.002909383595513323
mistaken:0.056132844856953384
organization:0.03991492945955074
are:0.0066969935583460986
permission:0.05207201370898377
not:0.0062803125893329675
wiretap:0.050763407322344085
have:0.00532552722028805
being:0.020268790936720293
interesting:0.034041922520014714
states:0.035967288910996695
attack:0.041132266336001894
wiretaps:0.06549742021907937
neil:0.05812938047374706
netcom.com:0.0335316164033452
writes:0.013776299812865881
if:0.00698073353920218
of:0.00810169106523911
keeping:0.04354312419151132
kept:0.04160182940181431
key:0.03339419136704766
year:0.025778757460517207
groups:0.038331099984233244
now:0.017207441644565044
david:0.02600463790983848
one:0.010242821955996066
in:0.003701660456135218
government:0.02803765561058643
point:0.02293266626312563
subject:0.0002780933009585239
each:0.026520931222506407
i:0.0059655846014185915
we:0.014038999017853854
any:0.010659242357175075
kadie:0.28530700537362674
cs.uiuc.edu:0.1748314112647398
the:0.005496115697836845
do:0.014964956643885346
would:0.009715100480253917
clipper:0.0372292095709872
carl:0.15185918065039677
just:0.012233214202769644
general:0.030712816282161992
is:0.002798673196777749
number:0.05213051767495329
attorney:0.05366408875304052
run:0.027883691962368694
article:0.008440967503297927
represent:0.050064039584452116
strnlght:0.052405375491131403
