some:0.010518350226426615
fast:0.031367548873405746
there:0.008268279149343671
where:0.0166437549390429
versions:0.04000381099683562
with:0.005268715106212138
encryption:0.03483558102002792
c:0.11649088718148468
o:0.03154035120540434
from:0.015253554133877037
wrote:0.04640675630077227
been:0.013218381866859813
think:0.012970702950707704
nt:0.006433140105607554
re:0.0033688333583618965
apple.com:0.09908639604806034
this:0.004729571516859631
slower:0.044029489593871825
on:0.013702941222683512
des:0.08460551217491134
decryption:0.056907566467611456
apparently:0.03413208158785282
m:0.012331664073117766
a:0.0012581118250868423
freely:0.046922264993616195
also:0.04009451707242072
based:0.027215342449554435
section:0.03702485698759718
are:0.00579199442883987
book:0.056030603796102224
d:0.016413011012405724
it:0.01235515062126025
second:0.02477203402389429
algorithm:0.036766207385052756
edition:0.04390348741391921
has:0.019185125655613533
netcom.com:0.05800063377875926
public:0.026700401784329673
be:0.010422725353828311
of:0.0035034339741574533
key:0.028881462803933115
but:0.0059935425427964885
code:0.1167752255975386
in:0.006402872140341999
distributed:0.0435959828520322
yes:0.024025638473008006
grady:0.05773975854086384
and:0.0017198081733819362
subject:0.000240513125153318
al:0.03432445207857866
victor:0.11435302416314509
i:0.0034396163467638723
source:0.08430453950540066
than:0.012888299839814965
the:0.005432454126047229
cryptography:0.04415727909830386
can:0.007788882814754174
orders:0.04409315776705283
may:0.016765995742701177
about:0.008874019642539383
is:0.007261422348396322
implementation:0.08883685615828794
1/2:0.04273183760988139
disk:0.03154035120540434
provided:0.03637806696941031
1:0.017644359386709087
ordered:0.042198604534292826
nice:0.028466121232024848
article:0.007300296219068477
very:0.01570488731336439
magnitude:0.05225269490708543
