at:0.006337877787441951
out:0.00847609423798892
participants:0.041122057679683036
with:0.004207391199924801
o:0.025186899164027925
members:0.026534117327371334
to:0.002974530561347117
software:0.020257452435116955
that:0.004991433459488875
like:0.008378698298623548
signed:0.03557741440697929
nt:0.005137255767787328
could:0.03257070119408757
re:0.00269021944444727
so:0.007351155376869929
comments:0.02650363319445396
followup:0.04238745815783889
ti:0.027256554361522755
posts:0.02894257174222066
on:0.0036475455053186327
distribution:0.031977969071966046
corresponding:0.03947044299159311
working:0.0227952446813425
posted:0.024556697298430904
a:0.0050233961361381115
214:0.042250420783949
other:0.009923079049150439
3d:0.03365693833523395
secret:0.0287529613486569
coming:0.025011726293450325
private:0.07661182281311982
minutes:0.028670267971493336
course:0.01759821438776992
l:0.04755338962235055
concepts:0.03637128532186322
encrypted:0.0692469421745122
01:0.042963304975634116
it:0.0024665858254674243
not:0.0043374820760860786
should:0.011818792390168918
have:0.0036780619650910278
uucp:0.030457759765007725
netcom.com:0.06947557931052818
pgp:0.0326962808343381
be:0.01664636711186968
writes:0.004757283388615557
of:0.00839311880139879
vms:0.042250420783949
key:0.0691908425446743
but:0.00478621023201734
particular:0.02439605358333674
version:0.02244942883212651
using:0.01585914085356058
groups:0.02647327768695246
who:0.009302538663552866
up:0.009665182520520753
david:0.035920075386251714
box:0.0227952446813425
in:0.0012782712366510107
grady:0.0922174560868473
use:0.011962442645664375
and:0.0013733719945711867
for:0.01170319650762856
subject:0.0001920644380720741
p:0.024216748486556475
i:0.0027467439891423733
example:0.020225605350776294
group:0.03880742352239777
we:0.009695999321683238
yet:0.01892135786105154
source:0.022440776702876437
the:0.004338146820080881
do:0.005167754812276955
intended:0.058540271323404676
start:0.02027023084807563
would:0.006709709684204145
maybe:0.01904973440534046
meeting:0.06972500904686213
just:0.00844883858608551
newsgroup:0.02765585496816079
people:0.010829303165993651
58:0.039947057276062174
15:0.02404180382719888
shared:0.03596340515152836
moderator:0.04100694731028418
ad:0.031148716952201803
fc:0.04610872804342365
guess:0.02155508822255866
although:0.022731938537804017
article:0.005829732951917993
useful:0.027584800122866463
passed:0.031090931544307816
ac:0.03699726645128501
by:0.01425087014125419
tx:0.03408025128503923
announcement:0.032878423337822205
