believe:0.07900625019383056
nt:0.012983246394953426
me:0.01970161237099172
re:0.006798918232330373
infrastructure:0.10747772308721285
political:0.06554137777239136
this:0.009545135243116709
you:0.01010543617106767
sternlight:0.08977864771059278
state:0.04832206158073847
m:0.024887540220292218
mistaken:0.09797732920486409
organization:0.06966969505667038
are:0.011689297847295008
not:0.010962000155926634
attack:0.07179450124102149
wiretaps:0.11432276983693852
netcom.com:0.05852791226765707
writes:0.012022952563955679
of:0.010605850121767563
year:0.044995649385630034
david:0.04538991344262716
point:0.040027926568364736
subject:0.00048539921621851447
each:0.046291079952011184
i:0.010412656758839723
any:0.01860522302343286
kadie:0.4979904093794212
cs.uiuc.edu:0.1017200938267577
the:0.005481840072647658
do:0.02612065159659988
clipper:0.06498189306935948
carl:0.265063297135238
just:0.02135251933574338
general:0.05360782478341002
is:0.004884956852557526
number:0.09099144903264575
attorney:0.09366822764167072
represent:0.08738450545649824
strnlght:0.09147120085724754
