some:0.010378105556740926
gtoal.com:0.02547656239265654
at:0.007830800110706054
say:0.00843353321896686
laissez:0.05853336768444045
form:0.015170581886586203
rumors:0.02473970792668879
ever:0.01174854247479938
hand:0.014032175357567438
own:0.010073291713546645
with:0.007797698357193965
high-speed:0.024617934708074947
into:0.007959128457699496
someone:0.009793147176280088
turn:0.015206569487620067
my:0.004223174494801339
to:0.0042877307202825845
famous:0.02235962687621607
usable:0.025777996154162146
heavily:0.024441311025188216
metzger:0.026101371062084048
been:0.006521068387650841
that:0.009250790011586048
think:0.012797760244698269
reliable:0.020618194290863277
bit:0.024222970649383998
me:0.004815949690686865
need:0.008538675517765494
dsp:0.053461857831395
beaten:0.025936743187949165
this:0.004666510563301502
getting:0.012054229209887494
crypto:0.020199035715435538
on:0.009013490226476266
you:0.0024702177307054304
tell:0.010711222460544234
corresponding:0.02438396255925085
toal:0.025263188085161602
8:0.026244366954434366
approval:0.024993745321533006
a:0.003103342501880878
how:0.005846057765462775
samples:0.050526376170323205
said:0.009740021460726365
copy:0.015184941978059299
given:0.012390166929694583
question:0.009702160370431576
reputation:0.025624724260512505
lets:0.020593841109687164
hands:0.017801644246022635
perry:0.04325659253422629
raw:0.023698848426685255
experts:0.021537280572252966
far:0.011063902542761786
mind:0.013465136902267276
are:0.005714767836455338
no:0.005003314383033377
digital:0.018352744875607393
it:0.0060952076398217234
not:0.0160776002286924
should:0.007301387298815465
approved:0.022395908256834563
have:0.006816674841968705
proof:0.01860937151867191
try:0.010828398543748412
ve:0.008111705329010819
baud:0.02410782130988638
secure:0.018998915105599715
has:0.014196992985154014
absolutely:0.017788705533989486
device:0.017840687932937003
heard:0.02402353208373222
highest:0.02097393965830122
without:0.009987602154677755
be:0.007712816761832952
modems:0.047204452527713575
writes:0.0029389439600780547
gtoal:0.025263188085161602
down:0.010508291453125146
if:0.005956892620119194
of:0.0025925411408765156
but:0.0029568143211129343
fairly:0.017440917992212826
well:0.007479412934014866
they:0.004146309442256638
code:0.014402277823696429
in:0.00236906269192654
speed:0.014926511852825694
or:0.0029969398120137125
succeeded:0.026186029706398245
and:0.0008484386988684219
for:0.002891989892551769
subject:0.00011865314174230354
however:0.010653772907541836
i:0.0059390708920789535
room:0.0354491420472765
sampling:0.027030667941455422
possible:0.01145320721317592
rate:0.017265225375516672
graham:0.02165905379086681
yet:0.011689194411938506
the:0.002345009364410387
see:0.007863936717383006
devices:0.01886523752676737
would:0.004145109538241671
can:0.01152754656583618
meant:0.018096263463960077
effect:0.015406104242766248
compression:0.04325659253422629
fancy:0.023747958809736746
an:0.003990658393607719
problem:0.009402512409091486
just:0.010439009453030097
long:0.010579161089371488
actual:0.018054919496572015
many:0.008236449011458194
e:0.013826176426905897
is:0.0059705028197925315
snark.shearson.com:0.026541775073836184
either:0.011126945364948258
implementation:0.04382618237142205
today:0.012618338959103791
having:0.011630628410757161
hardware:0.015776360549664675
time:0.0070200443106831715
does:0.005415505841500112
spare:0.04531705132584696
their:0.006727482749252062
run:0.023794083807887955
encouraged:0.02379761792350619
runs:0.01667462453530371
1:0.008704550630776483
le:0.02384783816907923
speech:0.021108223118730094
first:0.008344688130626849
dedicated:0.024216227768215973
underground:0.026272332310207588
very:0.015495488815852864
de:0.017959920120639867
thus:0.014806022546116912
needed:0.01482587862282676
data:0.013041536103136943
pmetzger:0.026450133797379583
s:0.00827248374474691
va:0.022182533949339625
