screw:0.03648841836541928
pc:0.02432731432115243
out:0.008599832840003357
ultimate:0.038455397255603284
there:0.006699116683044871
know:0.00900638777852775
all:0.006963998763841541
your:0.01839317112673376
though:0.018142658405917368
such:0.028073243846245235
to:0.0020119695767749353
trust:0.060574719178369825
connected:0.033173598802722595
enough:0.017752908955747417
badly:0.03816043712175017
that:0.002532150550616619
quite:0.019388316657732857
nt:0.010424504404707132
could:0.011015395294350784
re:0.002729492721008544
so:0.00745847151375854
this:0.0038319886012512334
enterprise:0.04510612230942618
you:0.00811385385998134
customers:0.03950571973487386
them:0.010699701981987159
came:0.02203450169691932
access.digex.com:0.0326457107619954
m:0.009991348263620964
why:0.012990675767547491
more:0.018560861690813515
a:0.0010193460772601423
how:0.009601189760796528
idea:0.020236323323071213
private:0.025910081194704754
steve:0.023409882093681653
forever:0.03444625126363339
stolen:0.03582939028752074
business:0.026398275425062536
are:0.00938556761461643
no:0.01643424432383226
reason:0.03901039305121938
it:0.010010377510656115
have:0.011195268901043493
being:0.01420294839361422
has:0.007772076451726649
attempt:0.028150718228004343
usually:0.02407117330063221
common:0.0245702776615427
modems:0.038762780360348734
outcome:0.039419336832340994
get:0.009593970622562936
if:0.0097832178067651
of:0.0014192743471951727
destroy:0.03604252280352265
what:0.006718555496325775
but:0.004856081914236571
macintosh:0.03427449580808452
they:0.006809632295676961
who:0.009438342147692323
up:0.009806280075564852
good:0.011824889425981745
code:0.0236533759878226
in:0.0012969321306167188
government:0.03929364873892405
force:0.026087621305217308
subject:0.00019486829848188537
however:0.017497072293408123
i:0.002786842441538612
person:0.020475871818057306
any:0.02240775035668921
tapped:0.035673528065107825
than:0.010442345125689497
the:0.0027509233941206313
users:0.028822609987271403
do:0.005243196488368589
would:0.006807661650396905
can:0.006310700674727834
because:0.02576236932692721
once:0.019584169306021214
maybe:0.019327832717827183
wants:0.02569733695323904
apple:0.13844404917113412
myself:0.02432731432115243
rules:0.030069454748676294
many:0.013527014799840097
about:0.0071898991264370184
worry:0.06418048220225873
is:0.007844456259581427
efficient:0.03773920852597903
does:0.008894078936770257
2:0.01422196753354313
their:0.011048785537092803
1:0.014295794831567215
change:0.021693497138032754
answer:0.022162562351305523
by:0.0072294560205632555
credibility:0.04344000076211975
millions:0.034756905383478615
secrets:0.04220917804361032
s:0.018114927908204913
