go:0.03297342799651063
at:0.014931610380583576
true:0.0437844202060652
your:0.02135478342680106
cut:0.062051110098379686
with:0.009912328420161818
lawyer:0.09000848998928436
my:0.016105326463225447
to:0.007007792339444903
keyboard:0.07703022094869484
that:0.005879739414143674
anything:0.03934307034439667
re:0.012675949246717645
so:0.01731882368449017
pen:0.10389031077655467
off:0.03700775335519238
best:0.041274170846803966
access.digex.com:0.07580444702361644
more:0.043098950027821215
was:0.015007815832226875
steve:0.05435853977685401
far:0.04219284868002376
no:0.01908043620648322
those:0.03145619753029763
it:0.011622217957287186
only:0.022602309123208247
intent:0.08369195973021362
but:0.011275986817803564
extent:0.08295492393462482
good:0.02745779409083897
code:0.0549239408530796
government:0.04562059217993725
resources:0.07480940294180664
use:0.028182703860124544
and:0.006471142618487964
seriously:0.06571107904063289
subject:0.0004524907947799711
i:0.003235571309243982
any:0.017343851970996735
tapped:0.08283514143931818
the:0.007665284847346302
agree:0.051128053880753206
once:0.04547510499872722
is:0.01366132001138969
maximum:0.08295492393462482
before:0.03603719096987533
