some:0.008164593532401078
trend:0.03892611387066418
know:0.008628497382225887
all:0.006671803011512526
fax:0.021389114264918806
your:0.00881071484042841
such:0.013447672751523067
copying:0.039859899833073434
reach:0.030477646636576074
to:0.0038551025457086176
stop:0.02324442737468977
russ:0.07865164611671226
cases:0.02573276642298176
civil:0.029183353003779815
die:0.026347932667359082
that:0.002425906471569768
me:0.015155086439224402
re:0.005229937101792595
worried:0.03518123109894136
voice:0.025360100010043133
this:0.01835602931368598
la:0.030477646636576074
posts:0.028132989315864835
you:0.0038867062196414116
specified:0.03662888263309749
m:0.019144261707917092
more:0.008891042138606475
a:0.0029297289353420876
how:0.009198342637965904
speaking:0.029478876145667108
want:0.013234950823162108
was:0.012384071805613784
as:0.005595203917601528
giant:0.03974977146266686
pens:0.03512460725116081
whole:0.02092248583935168
california:0.027828456132328223
chip:0.022604226278344575
are:0.004495883787421158
no:0.007872347805472097
crap:0.03398247399169718
reason:0.018686796671388305
it:0.0023975904177620418
only:0.009325428239645361
ve:0.012763172720471568
technologies:0.03453024911945877
war:0.024733042766244877
topic:0.03053592203209456
asked:0.023582523767401616
noticed:0.028365056091988288
writes:0.004624212524598338
kill:0.025836588158065638
down:0.016534025013658447
of:0.0013597243745855849
what:0.006436658062913505
victim:0.0373656694558795
well:0.011768307064009404
please:0.026789025970702863
who:0.009042327791845092
up:0.00939482776470199
good:0.011328740219297197
over:0.01402755770992558
one:0.006876300054374982
code:0.022660926645676198
email:0.01918810251026532
in:0.007455092387181419
or:0.00943092947836483
rather:0.017996389181208834
and:0.010679647957784331
for:0.004550333747022014
subject:0.0001866920062378902
forth:0.03453024911945877
i:0.006674779973615208
everybody:0.02851684824990342
person:0.01961674432918777
back:0.014729767273199563
any:0.007155855009012639
tapped:0.034176736677760645
the:0.0015813000209560554
wrong:0.018485468928880144
do:0.005023202230115361
clipper:0.024993035795907493
once:0.01876245590856578
simple:0.02307124865004364
ready:0.029478876145667108
people:0.02105277118983381
many:0.012959447745301353
about:0.01377645007443177
jerry:0.03412766274308479
is:0.009394147793379857
new:0.012055941013171657
somebody:0.026543554010312973
their:0.02117040025988411
unless:0.02152490507510833
paper:0.02696956921144472
e-mail:0.019228641794771094
article:0.00566666349871749
very:0.012190506935548582
before:0.014868491379179331
going:0.015229480308039738
rifles:0.04031862208821897
