some:0.005586300837958632
believe:0.010395559236030336
go:0.009308288286096303
at:0.004215143600260435
hide:0.02384348324478163
say:0.009079162556304036
extreme:0.023186067601707737
search:0.02041699186303692
perspective:0.023384082990046757
indian:0.028882478051438818
take:0.010171048470505758
your:0.0060283838381878585
with:0.0027982171138255852
ron:0.020274154718780073
much:0.008359793634258044
though:0.011892555988567845
meaning:0.01888012696116886
ca:0.009839945435848426
service:0.017428666164968146
name:0.013216423472872014
attend:0.028475024423016297
to:0.0032971271772507913
abuses:0.029327886774242702
death:0.01605462384706422
might:0.010177440841523664
perhaps:0.013820390132249021
that:0.006639322974822523
view:0.01629353470231881
provide:0.016157682671212505
like:0.005572435710567814
nt:0.0034166437881456386
52:0.02578350768549055
seattle:0.023284051005265347
anything:0.01110641698717418
camps:0.02792233118319886
re:0.001789189008507993
justify:0.02278323462936158
anyone:0.00800437679254254
had:0.007341667395608302
this:0.005023755391114057
reply:0.017182758465814088
crypto:0.021745373377861223
something:0.019049390594866246
on:0.012129397732997366
you:0.013296626540878513
sternlight:0.023625959923840208
them:0.007013680246565746
sure:0.010440402010331118
a:0.006013654130439022
was:0.004236656144025768
as:0.007656594834612616
secret:0.019122782906523007
course:0.011704075597607746
chip:0.015466049558867339
far:0.011910899866609577
computer:0.012826329689786198
likely:0.015820137822630278
decides:0.026907142092559455
d:0.017433916003607993
it:0.0049213698048799805
not:0.005769473766277176
wiretap:0.0233171631719858
statement:0.016618179041592372
have:0.0024461751825246548
messages:0.04186641398455408
netcom.com:0.01540208217569923
wiretapping:0.02981905497548712
be:0.005535514422368147
assumptions:0.025896093797501046
writes:0.0031639348852514943
if:0.009619384015742718
of:0.005582026379877664
cryptology:0.03300794939404111
but:0.00318317331220292
order:0.013417784024557377
they:0.004463730260802601
up:0.0064280400495329406
policy:0.01835764231061866
david:0.011944714063849253
degrees:0.02418951511836836
one:0.009409673758618396
in:0.005100852685966234
government:0.06439270188077267
and:0.005480345662547223
word:0.014683619694561811
for:0.00311338624796243
subject:0.00012773663584697749
i:0.0009133909437578704
away:0.013248725293414691
possible:0.012330007765380775
any:0.0048961113219560155
predicted:0.026700576676936448
will:0.005422513611977437
the:0.003967121105205542
do:0.0034369278416578786
interest:0.017477440175444427
less:0.013152466777972618
can:0.008273358779308262
listening:0.09450383969536083
clipper:0.01710049817614723
meeting:0.023186067601707737
an:0.012888490027201964
makes:0.013363530537090785
long:0.0113890490196583
here:0.017228716800223885
people:0.0072022638281010395
including:0.015215156490575261
reality:0.020050771398336758
is:0.0038565448835980467
number:0.011972559083242861
deal:0.015771842065839755
today:0.013584336199992119
right:0.009281691836317222
goes:0.015421182755936251
matter:0.04336224418995994
somehow:0.020345040296699403
reflect:0.022636902460117174
change:0.014220139272298983
little:0.02244343255405229
written:0.017146023628976603
backed:0.02578350768549055
answer:0.014527612641764864
seem:0.013204366291367165
everything:0.04434922225727158
favor:0.02278323462936158
s:0.011874378580976426
strnlght:0.02407136864664409
