some:0.03155505067927984
stephen:0.11004484538894642
know:0.033347976369143294
thanks:0.05387531472746387
encryption:0.20901348612016754
companies:0.10747654988074963
manufacturing:0.15007137733439574
to:0.0037248625948400837
that:0.009375800687418293
greatly:0.10548457161623248
anyone:0.04521391215247003
hi:0.08516261243282175
you:0.015021594308343834
pointers:0.1432379897365143
them:0.03961781544681732
j:0.0825440178251044
chip:0.08736227994062903
andrew.cmu.edu:0.11012917315479083
are:0.01737598328651961
public:0.08010120535298902
be:0.01563408803074247
get:0.03552362095381412
of:0.00525515096123618
for:0.008793212511137136
subject:0.000721539375459954
everybody:0.11021376485773483
appreciated:0.0914800572750336
currently:0.09726847302317018
the:0.002037170297267711
would:0.025206747192010166
can:0.023366648444262526
general:0.07968730711047436
chips:0.11223624184316142
does:0.03293213011723041
sale:0.08580735551631431
while:0.05865790556428439
