some:0.03537990530707134
stephen:0.12338361452700053
know:0.037390155322978846
where:0.05598353934041703
encryption:0.2343484541347333
anyone:0.05069438635276943
a:0.004231830684383015
j:0.09254935331905645
steve:0.09718648020710262
andrew.cmu.edu:0.12347816384022
are:0.019482163078825016
have:0.015492442822656147
only:0.04041018903846323
completely:0.10899980718301426
secure:0.12953805753817987
get:0.039829514402761286
if:0.020307588477679068
of:0.005892138956537535
they:0.02827029165174981
or:0.02043368053645713
subject:0.0008089986936975241
i:0.005784809310466513
will:0.03434258620919044
devices:0.1286266195006866
can:0.0261989694678095
hold:0.1051448670589097
is:0.008141594754262543
chips:0.25168126958769527
does:0.03692390346477349
before:0.06443012930977711
banned:0.17041189991954322
