sent:0.045403488250489045
some:0.014414035495473506
there:0.011330604760211697
tel:0.05019071702837502
all:0.011778615193164088
fax:0.03776102888744925
own:0.027981365870962904
my:0.011731040263337052
to:0.006805921778226325
most:0.022920931653914046
us:0.025430572668950567
might:0.026260310319486984
been:0.01811407885458567
that:0.004282773153512059
think:0.01777466700652537
so:0.012614945646727408
these:0.020452295964184474
disclaimer:0.04634636453178008
inc:0.045197722170424705
a:0.0017240791677115988
as:0.029633857785815496
course:0.03019940493703727
chip:0.03990622663954659
computer:0.03309509759463352
are:0.007937177550632413
508:0.14278166399937317
discussions:0.05925525043952822
have:0.006311735964785838
ve:0.02253251480280783
messages:0.054012842733159275
sw.stratus.com:0.06191094648418187
were:0.019151892561386406
if:0.008273461972387769
of:0.012002505281835718
reading:0.04057187711559247
well:0.02077614703893018
alike:0.06979562543820503
find:0.026128972070041855
net:0.08185536999749339
or:0.0083248328111492
and:0.004713548327046788
subject:0.0003295920603952876
each:0.031432214782229816
i:0.002356774163523394
we:0.01663881365078975
house:0.04244286351222458
actually:0.03017671761853191
55:0.06068946564646701
the:0.0037222370863656934
sci.crypt:0.07097229432467816
effect:0.04279473400768402
clipper:0.04412350763968853
instead:0.037873263105983226
carl:0.11998750076080732
expressed:0.05073776698300354
about:0.012160693584220636
ma:0.04952120895354958
clinton:0.0904976861350724
white:0.0419625820471678
write:0.04017498672824091
lot:0.030599424546486304
opinions:0.03525444636444496
usual:0.052964701451844634
s:0.0076597071710619545
