ability:0.02303614750263464
believe:0.012486620001898508
out:0.006771132753335976
there:0.0052745918711330315
scheme:0.02638406307169197
tel:0.023364644133898715
all:0.010966296903980358
access:0.0192665337242444
fax:0.017578409999329823
specifically:0.023258865814687706
own:0.02605161650055167
with:0.0033610768781008465
much:0.01004136131930995
encryption:0.044445396473828724
sell:0.020000415511382572
my:0.021844006007593134
to:0.003168273931243289
remember:0.015992092163915127
that:0.0059811142316289105
nt:0.00410389972254275
need:0.011041390755731243
re:0.002149083349299831
so:0.011744949395228967
had:0.008818439572885833
described:0.023846944044358238
this:0.006034280900820908
best:0.013995264827364564
two:0.010717180647432824
american:0.018546179410277103
rsa:0.03231949826060302
disclaimer:0.021575031764794177
am:0.009392737682191756
inc:0.021040318941404606
them:0.025273433991935188
support:0.015741128215709804
amateur:0.027295116101806155
a:0.0016051771561452815
want:0.02175399962887565
was:0.005088857092536699
commercial:0.023944520691107765
as:0.009196714485253086
secret:0.022969319698064993
private:0.020400466228014665
let:0.013247918061797844
course:0.014058343677586316
talked:0.028335893774626326
cheap:0.021357650680499125
computer:0.015406338535432846
product:0.04587238991662711
are:0.0036948929977081925
no:0.006469803081508677
508:0.0664673263445358
not:0.0034650000492871544
should:0.00944144909329586
have:0.005876443829283366
sw.stratus.com:0.028820613018498458
algorithms:0.1170002347451648
his:0.010600166905202624
claims:0.021588078595452448
writes:0.0038003585690664504
of:0.005587373148440765
what:0.0052898971436588
saying:0.017336524017037006
they:0.0053616070374008255
in:0.002042295424074603
vendor:0.03160514356705373
u.s:0.02027438161493505
use:0.009556204182456023
and:0.00548559503578721
for:0.005609463153656448
subject:0.00015343078673573735
i:0.006582714042944653
nsa:0.05178807267608868
we:0.015491309261080114
any:0.005880961300510386
actually:0.014047782339661407
55:0.028251992628527747
the:0.003465531080409439
do:0.00825652780352295
cryptography:0.028169298735124877
strong:0.020750875781439714
friends:0.02285420888268814
clipper:0.02054025355640673
carl:0.055856250354168926
an:0.010320668259330307
expressed:0.023619305319674065
constitutional:0.03096984543831911
about:0.005661012530585469
ma:0.023052976581824806
is:0.006176382227371584
clinton:0.021064116600404786
having:0.015039605703565296
privacy:0.05431157000119859
right:0.04459479525954711
break:0.02255291119682693
matter:0.017361511562646797
every:0.027955730194682712
him:0.013773076456110964
article:0.004657085519060925
entitled:0.02998923901860208
already:0.016699921386766386
opinions:0.016411552617931275
claiming:0.05301139983524651
citizens:0.04698112860843817
announcement:0.052529894758129726
security:0.021332608695620068
s:0.014262903008184329
share:0.023454304711154346
