some:0.007342999214675183
looks:0.02152896524763453
hide:0.03134143395068781
out:0.007409918862141257
there:0.005772194877843695
perspective:0.030737568207042595
own:0.014254658085207518
with:0.0036781596024499834
urge:0.03769152704912563
from:0.005324353801447646
turn:0.02151873040700953
to:0.005200751547512569
design:0.02366771828569461
might:0.026755787872684855
puts:0.03105550706970191
been:0.009227926963656851
that:0.01963611087364963
feds:0.09373402036452605
like:0.0073247739843312785
nt:0.008982120147452057
its:0.01300518588700736
consider:0.020253862129378575
me:0.020445069441595184
re:0.002351827061497928
this:0.00330177634195861
swiss:0.038106357035237556
on:0.006377469499865282
you:0.0034955911283567416
support:0.017226140311531486
access.digex.com:0.028128694178574654
more:0.015992692148688377
prove:0.02469747383593458
a:0.0017566089633287989
other:0.008674893005232144
secret:0.05027247330142527
steve:0.020170778910908092
fine:0.020372053949185915
chip:0.020329587155995435
speculation:0.03458676088470031
official:0.025510710824869973
judgment:0.03636891441493468
others:0.016958039138794945
those:0.0116724254986639
likely:0.020795023930375647
wild:0.029717651510089798
it:0.006468970372452301
have:0.006430825322611986
against:0.016247049007282056
able:0.016587831610758927
real:0.016085495937095896
his:0.011600182650976457
be:0.007276242228144294
down:0.014870223754422377
making:0.019337152143851597
of:0.002445793529128788
saying:0.018972045150719746
excellent:0.024497266750568472
oh:0.020312680403405493
fact:0.015083441060558738
order:0.017637212963097434
find:0.013310985771530757
who:0.008132408014049361
over:0.012615979575593446
in:0.004469929607408565
government:0.03385679168070815
our:0.014023744798618827
fear:0.02708029016039306
point:0.013846138121132457
accurate:0.028128694178574654
debate:0.028552172921144387
secrecy:0.03796501831918688
and:0.0024012416005710054
for:0.0020462192635979496
subject:0.00016790538925797672
i:0.0012006208002855027
top:0.02126812720859947
any:0.006435768970369857
information:0.06135399457820793
review:0.027180122545023815
yet:0.016541312847082792
than:0.0089974923410029
the:0.004266526471636149
wrong:0.016625295954904785
do:0.004517722760418218
when:0.016448735130109887
would:0.005865721044681611
clipper:0.022478013325879065
joe:0.02502810834542727
people:0.01893425333425305
constitutional:0.03389152897023601
is:0.005069294846993659
save:0.022783083222775436
solid:0.028336869954840978
argument:0.022130449309054855
done:0.01665826132968993
issue:0.019694088097263227
field:0.02448086698071262
lot:0.01558838608971944
their:0.01904004551675112
show:0.018931249495187628
terms:0.024208421227763923
little:0.014750557873575248
side:0.04050772425875715
comes:0.01901997696380825
says:0.01610708644294068
doubt:0.0218872471633998
s:0.011706344921811666
