another:0.018176273199906383
selected:0.04053492297188624
at:0.007221024692249435
know:0.010113730538182802
search:0.03497664999487472
all:0.015640456240103136
raise:0.038632800718016065
into:0.044036161548747205
bits:0.036142445893170436
to:0.00451868577078961
trust:0.034011215276379785
enough:0.01993564366342128
that:0.0028434805363481705
really:0.01599504707533546
seeds:0.04985164169530713
could:0.01236974717480375
re:0.0030650860883456605
so:0.008375496699876394
escrow:0.037935775777967605
30:0.028058241593228613
carefully:0.03811593075107232
these:0.013578983386056908
numbers:0.02891592131966146
assume:0.05690964844736355
independent:0.03403886023112272
access.digex.com:0.03665952765896205
a:0.003434026538966545
same:0.015918797955152563
as:0.006558312788664086
steve:0.02628814628552776
entering:0.04309945019549558
feeding:0.05004451462489889
chip:0.02649511768691208
s1:0.09895799856968383
computer:0.021972974632502584
are:0.015809296268882594
it:0.002810290407704688
not:0.004941885316196434
completely:0.029483554401962875
s2:0.09932640604266839
doing:0.021972974632502584
points:0.060084529319187424
be:0.004741485714241569
which:0.010589281414078016
if:0.005493036227568929
of:0.003187550583044896
raised:0.03709000334980997
even:0.013763602030869064
key:0.05255479297109141
what:0.015089214803223464
iron:0.04426597660680916
using:0.01806902113643378
they:0.03058752867238504
up:0.011011970248790038
one:0.008059925473570676
in:0.002912781998270336
rather:0.021094128302564453
opposed:0.03669774088114083
and:0.004694230506034301
for:0.0026667939582956887
subject:0.0002188275155083467
programmed:0.048949995013222475
space:0.0250615799796156
values:0.03500775713396122
i:0.001564743502011434
we:0.011047081194376803
actually:0.020035361697549874
yet:0.021557940513821015
program:0.022759290429377667
than:0.011726240018192306
the:0.005560473024509407
would:0.007644669230363738
an:0.007359820807883088
trusted:0.04813777449974517
about:0.00807390311739239
is:0.006606703939934358
chips:0.03403886023112272
issue:0.025666885307088962
time:0.012946803031997653
checking:0.03983191623616965
presumably:0.040413487842499846
agents:0.037334699769069654
picking:0.04476289973645206
wide:0.03526095784723448
by:0.008118323564075132
data:0.024052013304965675
manner:0.037376202244123316
reduce:0.037376202244123316
range:0.032783245782702246
