above:0.014637935645852395
read:0.012188188504827538
hmmm:0.02670915634042947
ask:0.015669691313743912
at:0.004736371034701242
out:0.006334285478927204
folks:0.019909762635993433
all:0.0051293969389585555
send:0.01577068344557109
where:0.00993256343136431
your:0.006773829151512165
modern:0.022078108091622802
post:0.013884826905543981
wisconsin:0.03269838863885737
both:0.012073677861872249
my:0.005108678824356459
paranoid:0.02860920336275265
to:0.002963869161485658
been:0.015776778357219776
nt:0.0038391319985077344
me:0.011651491187145643
articles:0.02264456247687993
file:0.03267189120923021
this:0.005644972455606656
93:0.019682879009701084
federal:0.021244388122017538
crypto:0.02443431739770428
on:0.0027258538991359674
you:0.0029881666097243114
am:0.00878675460592132
inc:0.019682879009701084
state:0.014288781650218367
why:0.019136801937139857
onto:0.023409476754647024
a:0.0022524260094296694
milwaukee:0.03188751288759617
ridiculous:0.026833710422588256
standard:0.032731661725400395
let:0.012393213670714113
question:0.011736484319070454
far:0.013383753075921516
are:0.0034565128043076644
no:0.0060523964310887635
internet:0.015357709371583905
it:0.0092165438102143
not:0.0064829033180211285
have:0.005497318420942504
being:0.010461311451210474
japanese:0.05383675801687694
area:0.01724982282074918
32:0.023023756836051106
u.s.a:0.027599839791444616
has:0.005724593945626619
screen:0.02009842564573144
ancient:0.02465379048652286
free:0.015524235452283526
be:0.009330020276410828
constitution:0.024327851659552778
which:0.006945657701707086
g:0.019005386887158617
get:0.014133053497754004
things:0.012014655527635752
if:0.00720591849207967
of:0.006272276953733505
america:0.02117063738960464
trying:0.02899277659213329
gives:0.019551206859118847
available:0.014521848536635646
what:0.0049486134569711356
but:0.007153583034950648
net:0.017823346693002597
now:0.0355250408145859
president:0.020244398705225798
in:0.002865801643459524
government:0.01447104805707687
our:0.02397607981699348
or:0.007250660835517047
force:0.019215075907606297
and:0.0061580228143675786
subject:0.00014353202630117365
governments:0.025121593588617642
i:0.0061580228143675786
becomes:0.02314928029840052
we:0.007245934976956829
stupid:0.020761753716486843
than:0.007691404743115383
eyes:0.023234620885262295
the:0.007294383967635996
do:0.0038619242951962187
see:0.009512826674253636
when:0.0070305077572243874
less:0.014778847078474612
greater:0.022683241378138146
older:0.023753496693761453
would:0.010028490818326624
sci.crypt:0.030907289463972754
peter:0.019795124090462135
an:0.004827409347106112
cache:0.026089611912592996
people:0.008092866344479126
warning:0.023065273212900087
techniques:0.02556722616821854
govt:0.026237934259468416
is:0.005777905954637934
either:0.013460014554372894
white:0.01827402766570211
right:0.010429427923603763
terms:0.020694295565669162
article:0.00435662838879893
very:0.00937227146120133
shown:0.022200901059202492
comes:0.016259012565836086
before:0.011431151974315294
going:0.011708686473385391
upon:0.018645567648886755
seem:0.014837164273633
security:0.019956311360418776
revolution:0.028493578603500158
s:0.003335678929333432
