library:0.04454370842235297
know:0.013126331124024487
discussing:0.05176985808617508
thanks:0.021206240903363437
ever:0.028121511242870857
with:0.006221567838186674
to:0.0029323386384911294
potential:0.04559864192363292
been:0.01560894028958978
think:0.04594940513389006
nt:0.00759658033747275
and/or:0.042989170501531594
me:0.011527539153239837
anything:0.024694054790631952
anyone:0.017796965421716927
crypto:0.04834875570184038
these:0.01762378694786109
recently:0.03520544217646478
on:0.01618113272040287
des:0.04995325452880404
rsa:0.05982545422707368
more:0.013525734317241763
a:0.002971285374141266
was:0.00941979929895091
related:0.041001478570544356
84:0.05561680729446567
also:0.015781884379569854
anywhere:0.0449609500516432
are:0.006839482782991761
it:0.0036473981887231058
have:0.0054388363100814135
being:0.020700041807714342
only:0.014186555726269005
ve:0.03883263189420073
sites:0.048455674168367
topic:0.046453583516909806
be:0.006153843161036929
which:0.013743535452314019
of:0.004137033735441248
cryptology:0.07339001514207012
reading:0.034960872833648834
mizzou1.missouri.edu:0.0662998137220937
toward:0.047579386961631595
find:0.02251539082631266
net:0.07053494648720175
good:0.017234147354888287
in:0.0037804191892444783
point:0.023420595332553838
and:0.0020308373111212227
still:0.021720309385420713
for:0.0034611581160858933
subject:0.0002840101797023223
i:0.012185023866727335
than:0.015219162576802777
the:0.004009324521218367
can:0.009197510557848015
sci.crypt:0.06115697702445672
may:0.01979814390893437
here:0.01915320112365315
about:0.020957791070678116
is:0.002858219435007063
discussed:0.04829569674959529
done:0.02817727182362445
recent:0.04040526689877682
does:0.012962646961037503
paper:0.04102817443868718
papers:0.049178133802582
faq:0.08259776729569701
three:0.031047744749707156
seem:0.029358644201018486
john:0.05705273190599672
s:0.006600385966553386
