keys:0.015930262622384152
effective:0.016414493632538798
read:0.009215459601211066
there:0.0037308088844599492
form:0.01387553221334104
where:0.007509986984690089
with:0.0023773470601201113
way:0.00704216593311603
user:0.015372534486150473
defeat:0.023722630964587654
encryption:0.01571849387489065
ca:0.008359953642651713
someone:0.008957146807573252
times:0.011424699762166776
harmful:0.02172069403329581
from:0.0068827012555298835
gain:0.018640670855663625
bits:0.017924302434824364
to:0.007283166293162928
require:0.015770410808547103
look:0.009638895627137848
attacks:0.01868323711528678
then:0.01297463699004718
80:0.01624659198155817
martin:0.01888050150916751
published:0.016667061848420938
potential:0.01742387130415242
format:0.01634168498795941
that:0.007050907021025951
bit:0.011077578040876829
like:0.004734305136214119
really:0.007932503021101326
nt:0.002902758340335116
anything:0.00943593963544473
re:0.0030401666892534195
so:0.004153701615385854
anyone:0.006800466461956875
this:0.004268149905458691
these:0.013468585147145877
on:0.004122022969425122
used:0.0240788232724008
knowing:0.017455383404982983
why:0.02893857853908954
more:0.005168370023661488
a:0.0017030538120077988
as:0.003252496586248043
r1:0.027266691815414162
dorothy:0.023506737365750464
odd:0.01975403975940121
harder:0.019895693138792137
whole:0.012162258028566221
ciphertext:0.026614892424864655
chip:0.05255942045208576
weird:0.02001268079956467
s1:0.19630692399189315
are:0.013067304504089949
no:0.004576202179603699
those:0.007544372578404717
d:0.02221761246801263
r3:0.02692774218558062
it:0.00975604881373904
not:0.007352561080194694
whether:0.011615685304397662
kind:0.011201328036435204
session:0.03918064944451022
s2:0.1231485928577799
algorithm:0.03317926032309639
attack:0.016051616131122694
exists:0.015169240093570548
details:0.015507406025570469
attacking:0.021543925285573293
be:0.004702937049898141
considered:0.013995296574033382
skipjack:0.09966712741165408
formed:0.06363570230776538
if:0.016345132189351446
of:0.002371226653240715
even:0.006825851413683032
key:0.01303187955787226
seen:0.010538475165131516
but:0.002704403342481343
mizzou1.missouri.edu:0.02533407516210085
using:0.008961059262784232
they:0.01137706859155785
who:0.005256312496885563
in:0.0028891008438128537
or:0.010964413946391633
use:0.0067592663729567
and:0.0015520220101251621
for:0.002645112706602228
subject:0.00010852421500820447
values:0.034723141222303
group:0.021927771827696303
possible:0.01047549440229505
allow:0.014253149070628425
ways:0.014505440574305263
the:0.002757632963374584
constant:0.02016381495908399
do:0.002919991540270312
see:0.007192625046386895
when:0.0053157497676574635
would:0.003791258724001529
her:0.013440686198901335
clipper:0.029056944055404647
ensure:0.019563668622473978
denning:0.02172069403329581
maybe:0.010763874318464733
increase:0.017092462330029624
come:0.009760949896217109
ny:0.0170780216731013
an:0.003649992433177792
just:0.004773937249861326
makes:0.011353568627040546
about:0.008008261628633103
e:0.07587535844033724
changed:0.01536306989363181
is:0.0054608257498102416
number:0.010171808326820155
chips:0.016881060765028343
blocks:0.021858505218969308
else:0.010270537501374216
production:0.01951087514472271
questions:0.012293399744900456
easier:0.01697834843255529
does:0.004953206562347664
break:0.01595205913921905
run:0.010881440765802419
triple:0.024629718571555985
serial:0.016826495641726964
easily:0.01503623889591621
guess:0.02435900213768824
three:0.023727544768068886
by:0.004026160466736448
john:0.021800637394974356
security:0.01508891834568249
s:0.012610493513333706
