keys:0.043064226429741774
escrowed:0.06562526803970485
some:0.012830075550915981
there:0.010085483357990631
case:0.02716056161875556
among:0.03785170843940468
your:0.013845409034958931
from:0.018605983613850016
to:0.0030290091430567713
matthew:0.047101893855181265
t:0.02831069291209277
confidence:0.12634628220437213
that:0.007624277482076414
nt:0.015694034103789858
re:0.004109236294265611
anyone:0.018383678567487818
sternlight:0.05426182004486378
am:0.01795974018353149
them:0.01610834254431034
why:0.039114781981406735
more:0.013971637646381603
a:0.0015346199185125222
other:0.015157230635515504
as:0.01758492659817623
promises:0.0613233024777991
experts:0.05325151789842767
are:0.01412992047475221
no:0.024741664531483736
those:0.02039467751964352
doors:0.056713946982382565
wow:0.05691935503746117
it:0.0037676420850546372
not:0.013250769419251976
have:0.01685441581805449
allowed:0.042108057451833755
netcom.com:0.03537401290902351
be:0.006356717111400784
writes:0.0072666196815116746
of:0.002136709731491634
even:0.018452301623802483
david:0.027433464168620816
good:0.035604612117791194
president:0.08275732217960437
code:0.0356100275860626
in:0.0078100967865710105
and:0.002097787991707637
subject:0.00029337315265954173
i:0.004195575983415274
vnet.ibm.com:0.060150028022571564
we:0.014810372590263408
back:0.023146777143599313
body:0.03900748487554453
any:0.011244915014162719
tapped:0.053706300493623876
than:0.01572089321120287
the:0.0033132000439079256
do:0.007893603504466997
see:0.019443799575946993
would:0.010248897209938199
clipper:0.039274770536426064
once:0.029483859284889082
maybe:0.02909794595980576
may:0.020450829971866275
is:0.00590489289869591
representative:0.05823962220056077
campaign:0.056713946982382565
almost:0.03320871351939086
going:0.023932040484062448
while:0.02384991764701673
