some:0.00617744378377436
believe:0.011495618414446246
form:0.01806021653165024
all:0.005047977939927466
send:0.09312213082146738
your:0.026665232215476453
with:0.00618864948983648
way:0.009165993754214515
encryption:0.020458992027635445
ca:0.010881209503133973
someone:0.01165850854319058
from:0.004479218277408336
to:0.0065628531432896705
require:0.020526566449220036
otherwise:0.018800977945037226
w:0.016372173836134145
he/she:0.031708744977835844
us:0.010898816858121671
legal:0.05998913006084801
software:0.059593352137169445
think:0.007617714431368017
like:0.006162111447135837
really:0.01032484520206839
nt:0.003778193395356817
me:0.011466546882587775
re:0.001978521178720479
file:0.01607664488073232
this:0.0055553697182160735
illegal:0.02174475727843009
these:0.008765269698936203
on:0.0026825863769274596
you:0.011762941574787763
des:0.2236002821765514
them:0.007755868632445718
3:0.012388708701786346
m:0.007242405884212021
sure:0.011545206455868802
a:0.001477782143752799
other:0.014595851723089002
as:0.004233408255116499
shipped:0.02960108550514113
idea:0.014668657646882308
equipment:0.02134898366423592
anywhere:0.022361530713515668
no:0.005956326646468306
encrypted:0.025463822651474063
place:0.014388505911727118
it:0.014512399142432676
should:0.008692127736685077
have:0.00811508909758179
follow:0.019984086309086165
domain:0.02361483094698716
only:0.014111494584860175
ve:0.019313584116692425
always:0.014057968772479933
has:0.005633727375061116
public:0.01568118834952695
be:0.006121283144311865
sending:0.024020081981280198
asked:0.017842861898086936
writes:0.0034987428096167317
if:0.010637308250212845
end:0.01430811324114026
of:0.0010287861670144902
key:0.01696212894834167
available:0.014291343004308095
but:0.0035200170489439694
decrypt:0.031073060788195293
seems:0.012468185658100941
they:0.009872165338706282
good:0.008571480695023805
code:0.05143670651320153
in:0.0028203127284839756
useless:0.02539510733122638
or:0.0035677854904925146
use:0.008797775279086498
and:0.0010100460700814546
still:0.01080269355677009
for:0.0017214225550903385
subject:0.00014125374016940898
i:0.005050230350407273
vnet.ibm.com:0.028961124603460377
license:0.04950597278939173
person:0.014842298619438364
any:0.005414218340152419
program:0.029382364363852644
the:0.003988111163963243
do:0.003800623909558183
canada:0.05905726338105788
can:0.013723269721233545
law:0.015909212302878124
countries:0.022304123221324846
encrypt:0.03138136188938035
an:0.004750783801913951
thought:0.014204160874030224
rules:0.02179637725168599
is:0.005686193161707172
guaranteed:0.027209629823960933
export:0.027455767472822797
violated:0.028894570200249475
2:0.010309045249182056
1:0.010362560274733907
him:0.01267997515007041
article:0.004287475557230693
already:0.03074906160103017
by:0.005240399337656963
todd:0.026928625457220468
s:0.006565463289481675
aside:0.02389007531074842
