there:0.008658292316765542
k:0.03574208543633644
know:0.011640331374134923
encryption:0.0364787688039915
super:0.047461472142911465
post:0.024363941551237552
to:0.0026003757737562846
w:0.029191894858767487
t:0.024304462783023038
perhaps:0.027249637147547596
that:0.0032726851456082715
r:0.029247356289897452
like:0.010987160976496916
really:0.01840939380368798
nt:0.006736590110589042
anything:0.02189850141810758
re:0.003527740592246892
scott:0.10817199207089169
anyone:0.015782214619258408
mean:0.024937943932357175
crypto:0.0428753116601226
something:0.018779823746825686
these:0.031257282511300805
on:0.004783102124898961
you:0.015730160077605335
digitized:0.05540385366951802
defend:0.042734853051690995
posted:0.03220170683473486
m:0.01291334634071766
why:0.01678983566183025
a:0.003952370167489797
how:0.012409084879520041
uuencode:0.06559177966627235
was:0.00835340692548477
as:0.015096493589000348
prophet:0.05212841782061058
also:0.013995255959241192
are:0.006065201713219108
encrypted:0.13620742871118674
it:0.012937940744904602
not:0.005687830269584574
only:0.0251610610994205
ve:0.017218242443655038
hughes:0.04826143946989332
between:0.021913828736286844
types:0.03864997369793282
g:0.033349075103882096
writes:0.012476648887123817
if:0.006322173771352918
of:0.001834345146846591
what:0.008683416066005955
but:0.006276256813683116
decrypt:0.05540385366951802
who:0.01219861202107404
now:0.015584098093190982
one:0.00927651799788323
in:0.003352447205556424
requirement:0.05030415939626587
use:0.015686599318371207
and:0.001800931200428254
for:0.006138657790793848
subject:0.00025185808388696507
p:0.0635118498043651
world.std.com:0.08671842132755749
persons:0.04577988505417261
the:0.0014221754905453829
cryptography:0.046240169621808755
got:0.02086937567576013
would:0.01759716313404483
maintain:0.04311415890525742
f:0.03505878507930988
is:0.007603942270490488
issues:0.0358983913452726
mouth:0.045589293475705436
organized:0.045844280951063174
article:0.015289299628615112
data:0.027682505879300115
god:0.025029983318634194
s:0.0175595173827175
