keys:0.026300970504070476
since:0.013428333042977726
generated:0.032568240374109374
at:0.005912516862110275
there:0.012319181014458355
all:0.006403139802995243
specifically:0.027161360078897055
creating:0.03284792290028768
10,000:0.03804505458137849
to:0.002774897637766773
that:0.011641094813237477
control:0.020467344093563915
database:0.03398642221080204
supreme:0.03495551284759327
re:0.002509667803880339
escrow:0.06212301536794694
requested:0.03515389407069088
on:0.0034027437935522814
appeal:0.036324051031394085
arthur:0.0358610116254414
suggest:0.02464026714839005
them:0.009837981016994905
why:0.023888893693342367
more:0.017066027192224508
a:0.0028117532735162315
other:0.009257100589475912
fort:0.041303496298034204
idea:0.018606552317186283
usa:0.024460548228380702
given:0.018709983618666316
are:0.008629682974513095
likely:0.022190663120333746
requires:0.02694063614034111
it:0.0023010431526172613
not:0.008092751792965971
should:0.011025584847204561
approved:0.03381932454891125
have:0.0034312121687761934
offices:0.03847131904931357
bank:0.031957691527091076
disks:0.02892423432076183
wiretaps:0.04219968014115181
has:0.00714613740863457
netcom.com:0.04320852583518307
be:0.019411451581794338
writes:0.008876005248557884
of:0.005219881491697682
key:0.04303144122465202
courts:0.037841662974027294
but:0.0089299761375894
registering:0.0819520910635928
huge:0.02884512052376826
sense:0.022055852660154297
banks:0.031672056530991775
anderson:0.032568240374109374
seems:0.0158153495931616
court:0.02682323239908261
must:0.01555342568778186
now:0.011086673811263385
good:0.010872549337983215
bodies:0.06408317047383626
clear:0.02213255531668868
over:0.013462689614223877
one:0.01979820619682461
in:0.00476992488307357
floppy:0.05912779991406493
or:0.004525580253040841
rather:0.017271702368542707
better:0.01500816021007653
and:0.002562398754971744
for:0.002183549415517275
subject:0.00017917420732898185
half:0.025380157608006815
each:0.017087311391681983
i:0.001281199377485872
branch:0.09181000014328278
will:0.007606076140290499
than:0.0288040526621368
phones:0.033239941438250195
the:0.00657636854352865
rubin:0.04239422736848907
ross:0.036404428152512984
law:0.020180141780160844
clipper:0.02398660482426021
put:0.016694357715079055
makes:0.018744818001691102
different:0.016961187234974816
executive:0.036404428152512984
time:0.010600738053045058
keep:0.017781305933731013
their:0.01015895046027996
sold:0.027560591309005643
under:0.016290761255742546
article:0.005438475706822825
give:0.015860646116483267
by:0.013294435903586121
200:0.02789345668577995
john:0.017996499326052656
