believe:0.017663999027075942
know:0.010031505086652862
small:0.02429874715663424
access:0.027255096487955495
corporate:0.0435322279088528
several:0.02291423879729591
to:0.004481948488100264
format:0.03268336997591882
that:0.005640725616820762
hour:0.037851338184392506
could:0.012269180124602094
me:0.008809664068329632
plaintext:0.04889804069944666
re:0.006080333378506839
ifi.uio.no:0.048552027574090585
had:0.012474865737253133
this:0.004268149905458691
off:0.01775168656875082
jon:0.06746940266208673
he:0.025855824512524155
amount:0.030231032614852264
two:0.015160889696368387
des:0.0763513158651639
machine:0.026445523205889002
constitutes:0.048220141439779575
more:0.010336740047322976
a:0.009082953664041596
v4:0.09294253686952751
was:0.021596613026863064
given:0.022664939505538873
acceptance:0.04242380153851026
equipment:0.032804535874313735
minutes:0.03239973372388272
chip:0.02627971022604288
cheap:0.03021326193826706
not:0.009803414773592926
wiretap:0.03962022034914661
kind:0.022402656072870408
crack:0.04250390150959166
attack:0.03210323226224539
his:0.014995358061018349
be:0.009405874099796282
which:0.010503189695264373
writes:0.005376117000142784
of:0.00948490661296286
even:0.013651702827366064
but:0.005408806684962686
powerful:0.037409377133832446
years:0.018128255471385316
street:0.03242299577494802
ticket:0.20585271989469525
gulf:0.04608709863923086
in:0.00433365126571928
conversation:0.04057780600488956
412:0.05045133530727356
rather:0.020922631324494827
message:0.026400974703737576
known:0.02647909550948259
subject:0.00021704843001640894
i:0.0031040440202503242
person:0.022806458854258953
possible:0.0209509888045901
ago:0.023261509962314183
research:0.025100255939323395
the:0.004289651276360464
would:0.007582517448003058
can:0.007028991808436694
complicated:0.040389455929429934
orders:0.03979138627758427
v5:0.06130500251647958
because:0.014347335763370033
shelf:0.04460480955960522
an:0.014599969732711169
during:0.02380788219351602
company:0.02736689463114919
claimed:0.03460042068390881
15:0.027169192942932067
lab:0.07007660022428477
grant:0.036788458607128594
itself:0.027341917403206344
hardware:0.028859196127435382
presumably:0.040084922900690906
magnitude:0.04715487101371125
