go:0.01801326159068636
out:0.021818094427415922
help:0.019815673333720342
with:0.005415068303606919
much:0.016177748792221586
encryption:0.035803236048362025
from:0.007838631985464589
possibility:0.03926834797816048
then:0.01477666990533151
been:0.013585559140939252
that:0.006424159730268089
really:0.018068479103619684
nt:0.01322367688374886
could:0.013973232919685715
me:0.010033228522264303
need:0.017788907328678112
re:0.006924824125521676
afraid:0.04180763179380974
so:0.009461209235045556
this:0.004860948503439064
he:0.014723455625187362
these:0.015339221973138356
on:0.0046945261596230544
you:0.005146286938969647
tell:0.04463009358560097
them:0.027145540213560016
m:0.012674210297371038
sure:0.020204111297770402
a:0.0025861187515673983
other:0.012771370257702877
j:0.02827896906971169
as:0.014816928892907748
said:0.02029171137651326
standard:0.02818559759687256
stopping:0.05248808456134625
chip:0.059859339959319885
business:0.06697340246728828
it:0.0031745873124071474
becoming:0.04408977812533861
mathew:0.09936599237116345
hope:0.026745014237407827
real:0.023681424574057846
algorithm:0.07557498184705289
has:0.009859022906356953
mantis.co.uk:0.05068196805605566
writes:0.006122799916829281
if:0.006205096479290826
of:0.005401127376826073
they:0.02591443401410399
now:0.015295503684057816
in:0.0016451824249489857
and:0.0017675806226425455
subject:0.0002471940452964657
spoke:0.04745001417801794
i:0.007070322490570182
possible:0.023860848360783164
will:0.020987136016727487
yet:0.024352488358205217
the:0.0020937583610807025
can:0.008005240670719567
because:0.016340021286060314
agree:0.027931066471892953
clipper:0.0661852614595328
wam.umd.edu:0.05116307674985854
put:0.023032030551359065
quickly:0.03930257818076535
mr:0.03126810813225383
an:0.008313871653349413
many:0.017159268773871236
about:0.018241040376330953
company:0.031167852218808793
is:0.004975419016493776
readers:0.04212773683144945
new:0.04788887680232074
right:0.017961792535095365
their:0.02803117812188359
too:0.018078869146893484
very:0.016141134183180066
planning:0.04290383564518159
newsgroups:0.039687706859458285
