keys:0.025282868420041942
escrowed:0.03852838317169769
some:0.0075324959686022845
at:0.005683645241641491
there:0.005921154745659016
scheme:0.02961823854499615
case:0.01594587811165649
among:0.022222615922489194
your:0.008128594981814598
encryption:0.024946770924019996
from:0.010923512960389362
to:0.0017783214968913946
physics:0.02958454858382743
matthew:0.027653369940783837
value:0.02408937303068818
lived:0.029006405624539128
t:0.016621116483873818
confidence:0.0741774947135346
that:0.004476188715283572
technical:0.024753208018834193
think:0.00928869695179713
nt:0.013820875194627843
re:0.0024125193727623905
so:0.00659232643474142
anyone:0.010792998384783169
he:0.020517847838970777
you:0.0035857999316691734
am:0.010544105527105585
them:0.018914311890738594
why:0.022964162324567824
more:0.00820270339239178
a:0.0018019408075437356
other:0.00889876121181878
as:0.010324053680219592
usa:0.023513688296959514
promises:0.03600271306761108
experts:0.09379138313723066
panel:0.03180932591474181
are:0.012443446095507592
no:0.021788627151919548
those:0.035920948147501165
doors:0.03329657532514073
wow:0.03341716973167075
it:0.002211970514451432
not:0.011669225972438031
have:0.009895173157696507
only:0.008603459601737333
hope:0.01863523572670997
allowed:0.0247215046975282
details:0.024611754079292482
his:0.01189954220325972
be:0.003732008110564331
writes:0.004266208974306854
were:0.010008408370789026
fill:0.031177194247901784
if:0.008647102190495604
of:0.006272276953733505
even:0.02166657351956162
gives:0.023461448230942615
what:0.005938336148365362
nature:0.02459622672425658
good:0.02090335292076773
president:0.04858655689254192
code:0.02090653232472062
in:0.004585282629535238
and:0.0012316045628735157
subject:0.00017223843156140837
al:0.02458073664982085
combination:0.03200192567699782
i:0.0061580228143675786
vnet.ibm.com:0.0353138874197033
we:0.008695121972348193
back:0.013589398193984113
paid:0.026683807340465528
body:0.022901168539835818
any:0.006601853330895531
favorite:0.031177194247901784
tapped:0.03153079577367595
than:0.00922968569173846
the:0.004376630380581598
do:0.009268618308470925
see:0.011415392009104361
would:0.012034188981991949
can:0.005577845112501377
clipper:0.04611618217825511
once:0.017309878676934877
maybe:0.017083310208660156
may:0.012006616306063424
mr:0.021786810827634926
just:0.007576700409457329
here:0.01161548971369933
reality:0.02703620143388634
is:0.00520011535917414
clinton:0.023646169603035047
representative:0.034192294324200186
told:0.020001417849865356
campaign:0.03329657532514073
him:0.015461389053956824
almost:0.019496728582352053
going:0.014050423768062467
understand:0.01933004685764938
by:0.006389906289143007
says:0.01652275318985528
while:0.014002209715345305
