screw:0.09257246881597114
ian:0.10159984399687853
hmmm:0.09199820517259039
wonder:0.06834014273735053
name:0.051152453811671314
to:0.007656662000504615
stop:0.061554687307048835
might:0.03939046547923048
me:0.020066457044528606
re:0.006924824125521676
this:0.009721897006878128
telling:0.07951896884492246
crypto:0.08416264881431473
associates:0.11350978399660601
m:0.025348420594742075
a:0.0025861187515673983
also:0.027472169105177153
computer:0.04964264639195028
not:0.011165000158814165
have:0.009467603947178755
only:0.024695115523505305
mathew:0.1987319847423269
careful:0.08521024791595168
mantis.co.uk:0.10136393611211132
device:0.07433619972057084
be:0.010712245502545764
hackers:0.10526328368817334
writes:0.012245599833658562
of:0.0036007515845507157
what:0.017045224129567244
they:0.017276289342735993
programmer:0.0944105235955145
use:0.03079221347680274
for:0.01204995788563237
subject:0.0004943880905929314
i:0.010605483735855273
mention:0.06990138544957264
the:0.004187516722161405
thinks:0.08388693376813418
clipper:0.1323705229190656
people:0.05575085703974508
about:0.018241040376330953
is:0.004975419016493776
intergraph:0.10875571275868352
