tel:0.036625658372057446
all:0.008595205681498118
fax:0.02755534540435486
own:0.020418834554486443
with:0.005268715106212138
my:0.008560488840813524
to:0.009932966919573556
amendment:0.041172079675290865
us:0.055672334761756655
bear:0.04059065155693437
that:0.0031252668958060975
think:0.012970702950707704
control:0.02747418261208129
re:0.0033688333583618965
so:0.009205500877341623
anyone:0.015071304050823344
you:0.005007198102781278
disclaimer:0.03382032006373141
inc:0.03298212158382344
why:0.0160335367581442
a:0.006290559125434212
hard:0.02436246308626585
cyberspace:0.0541843153696571
therefore:0.030927256941935728
arms:0.07302955372295099
course:0.022037403602702874
computer:0.02415047662311095
are:0.00579199442883987
508:0.10419202508062368
it:0.0030887876553150626
have:0.013817584139125753
second:0.02477203402389429
sw.stratus.com:0.0451782582452138
talk:0.031167511420153397
writes:0.005957318837996057
if:0.006037391169039723
of:0.0017517169870787266
park:0.04046164206346817
gives:0.06552296352785775
who:0.011649124993097733
over:0.018071538310985204
in:0.0048021541052565
government:0.024248783230777456
according:0.030986722563839803
our:0.020088066873697238
u.s:0.03178146307206035
better:0.02014608893064327
nearby:0.047939746175423355
and:0.0034396163467638723
for:0.0029310708370457114
subject:0.000240513125153318
i:0.005159424520145809
we:0.012141836988414144
55:0.04428690736363809
the:0.0013581135315118072
see:0.01594041226496555
cryptography:0.17662911639321544
strong:0.0650567997472164
listening:0.04448491553227571
carl:0.08755844650112968
expressed:0.03702485698759718
ma:0.03613709842556321
is:0.007261422348396322
export:0.046749009480752335
right:0.10485803209677295
keep:0.02386859985699028
privately:0.0541843153696571
2:0.017553239208066746
1:0.017644359386709087
organized:0.04377922325056484
article:0.007300296219068477
opinions:0.025726217617297677
meet:0.03864991727567041
s:0.011179032087495825
