out:0.00847609423798892
know:0.00887679946516764
tel:0.029247827908621418
all:0.006863797342779074
among:0.024780614877595867
fax:0.022004628344484817
own:0.016305688025525147
with:0.008414782399849602
way:0.012463113809687362
such:0.027669312280112213
generate:0.03373963171239751
my:0.006836073822520153
to:0.0019830203742314113
job:0.024974737807835802
us:0.02963850915374095
mail:0.022045435286588894
calls:0.02883661629826207
nt:0.010274511535574656
re:0.00269021944444727
charles:0.029613328452761406
phone:0.021131993713737907
had:0.011038909968936224
hooked:0.04147887020586557
on:0.010942636515955898
you:0.003998553880638287
hat:0.03852132397689852
disclaimer:0.02700759371995818
inc:0.026338240977010083
gross:0.04147887020586557
letters:0.03373963171239751
a:0.0050233961361381115
how:0.009463043145533269
same:0.013971894608119515
as:0.00575621697997855
eff.org:0.09006592034625789
act:0.026846281028909028
turns:0.03175363146450786
course:0.01759821438776992
organization:0.02756714552602066
computer:0.01928563241126126
are:0.004625261738138313
those:0.013351911181924893
internet:0.04110120781459865
lobby:0.042115945006883156
action:0.026488439430402567
508:0.08320370348164913
it:0.004933171650934849
have:0.014712247860364111
sw.stratus.com:0.03607760190804843
writing:0.028794667231277944
writes:0.004757283388615557
get:0.009455927879792247
certainly:0.022127750196083748
things:0.01607716495064928
if:0.009642452082926753
of:0.006994265667832325
congress:0.03141465360136347
forgotten:0.038205042513437246
seen:0.01865082655123995
but:0.00478621023201734
nearly:0.030864322428772777
they:0.006711651974875854
powers:0.03812809798741748
now:0.011884276243728377
one:0.007074179192630378
in:0.0025565424733020215
our:0.03208309961122868
office:0.026264301532706195
and:0.0027467439891423733
for:0.002340639301525712
subject:0.0001920644380720741
i:0.00824023196742712
we:0.009695999321683238
55:0.03536580372204193
yet:0.01892135786105154
the:0.0021690734100404405
do:0.005167754812276955
would:0.006709709684204145
can:0.0124397984523412
complicated:0.03574030992316461
because:0.01269584387693895
carl:0.06992077382464312
drop:0.031148716952201803
nra:0.038205042513437246
expressed:0.029566612414556024
many:0.01333238149336758
about:0.007086447340445119
ma:0.028857682915377814
is:0.0077315863853428465
number:0.018001905384156535
appropriate:0.02909358092129861
paper:0.05549134384513087
successful:0.03448377262785249
e-mail:0.019781984004692565
article:0.005829732951917993
opinions:0.0205439579533816
written:0.05156142357490806
by:0.007125435070627095
