out:0.006889924556026081
know:0.007215644009697671
among:0.02014330683032646
own:0.01325433120203506
with:0.006840086278240319
way:0.010130835202026569
such:0.022491429280325128
generate:0.02742578250305996
from:0.004950714938188161
work:0.011842529029183061
tm:0.026877639358833607
my:0.016670425637373705
to:0.002417893263317247
job:0.020301102662509802
us:0.024092121475847904
mail:0.053759921137471155
calls:0.023440290441277354
that:0.0020286820200846596
really:0.011411671012812432
nt:0.008351795926578228
re:0.0021867865659542136
transfer.stratus.com:0.034021922291145514
charles:0.024071652952829446
phone:0.017177468574324964
had:0.008973149039076813
this:0.003070072739014146
hooked:0.033716742448042764
compuserve.com:0.03239201935273019
on:0.008894891670864736
you:0.003250286487770303
hat:0.03131265516250815
arthur:0.09374194267001347
gross:0.033716742448042764
letters:0.02742578250305996
compuserve:0.030515366018928427
a:0.0040833453972116815
how:0.0076921812703457555
same:0.01135727105572288
was:0.005178135287142605
as:0.00935806035341542
eff.org:0.07321147911187044
also:0.008675421822687523
act:0.02182241557320675
turns:0.025811431424366035
organization:0.022408381450975855
l:0.019327254846510895
are:0.0037597156818785114
those:0.021706615839620583
internet:0.03340975372063867
lobby:0.03423459857284654
action:0.021531538484362317
it:0.004010005026198502
not:0.007051579047672104
have:0.011959078670120533
has:0.006226751309278075
writing:0.023406191492091426
personal:0.01961342380816208
writes:0.007734063052836986
get:0.007686397516322352
certainly:0.017986884662313688
things:0.013068572679182745
if:0.007838016605419992
of:0.005685397238764288
congress:0.025535888015143404
forgotten:0.031055560873495768
seen:0.015160613395452355
what:0.01076540471341089
but:0.003890545159359124
nearly:0.02508854279297904
they:0.005455670318758735
powers:0.030993015323105434
now:0.009660318116247043
one:0.005750356185822353
in:0.0031171877525349207
according:0.020114188330913555
our:0.026079244713220973
office:0.021349344520737782
and:0.0033491001271121917
for:0.005707874787931122
i:0.006698200254224383
we:0.00788154330826883
yet:0.01538051896307698
the:0.0017631649356469074
rubin:0.0738799985719868
do:0.008401379168497036
intended:0.047585366748264614
would:0.00545409149768641
can:0.010111882952487876
complicated:0.029052064791344333
because:0.010320013443827566
carl:0.028418092285454364
drop:0.025319717288631874
an:0.005250866307378577
nra:0.031055560873495768
many:0.010837432909813411
about:0.005760328539893986
is:0.010998294668038873
number:0.01463312776840794
appropriate:0.023649168117312904
their:0.008851950985857976
paper:0.045106998798088827
successful:0.02803066897819588
e-mail:0.016080092261124366
article:0.004738788773781292
opinions:0.016699474593684455
written:0.04191250220416502
ads:0.03231352215780539
by:0.005792020320568222
represent:0.028106127486008207
s:0.0036282823441872412
