screw:0.03787055542471547
some:0.008844976326767834
markets:0.04463527790863337
at:0.006673977367079024
there:0.006952871102857178
lead:0.029274353315302357
increased:0.03676263496774468
technology:0.025512633983461687
ron:0.032100744971401786
odds:0.043808010545262226
companies:0.030126002618088912
from:0.019240278509776717
themselves:0.02451856224486983
both:0.017012909714456348
several:0.021351904333843912
to:0.008352722182368672
look:0.017963396396029625
us:0.015605124137765122
might:0.01611428133241247
t:0.019517220113639714
enough:0.018425367628313608
been:0.011115457478950298
guy:0.051308041620437415
could:0.011432645116106496
me:0.008209005154579884
afraid:0.034206244194935245
something:0.015080767554269112
recently:0.025070542155967344
brown:0.07037277835235163
you:0.008421196809223059
concerns:0.03805165785542421
communications:0.0319627492146492
28:0.03350428335794505
beat:0.03292372861536236
a:0.0031738730132872617
as:0.0060614709107349885
private:0.02689152366420115
chip:0.024487911801539954
daily:0.03377731317978746
those:0.014059967077936062
hoping:0.03626404997858125
not:0.009135000129938863
whether:0.04329482704366401
suitable:0.03895924270248952
has:0.008066473287019326
chairman:0.045564083379029834
device:0.03041026352205171
be:0.004382282251041449
asked:0.02554773408135175
of:0.0014730347391343837
secretary:0.038688651167625286
again:0.01849900862203044
well:0.01274899931934352
they:0.0070675729129374525
who:0.009795855107832185
good:0.01227280190423863
over:0.015196520852419378
in:0.002692116695371068
government:0.08156408904897872
u.s:0.02672532121968711
use:0.03779044381243973
and:0.004338606982849885
for:0.004929528225940515
subject:0.00040449934684876206
costs:0.031183732234347238
i:0.0014462023276166282
house:0.026044484427955997
cost:0.025159148517809704
the:0.0034261500454047865
serve:0.03172051963409985
can:0.006549742366952375
clipper:0.05415157755779957
once:0.02032599390094626
commerce:0.04463527790863337
ends:0.03584176222851886
may:0.014098678238180538
introduced:0.03923985839703762
about:0.007462243790317209
n:0.027734965877306072
discussion:0.026044484427955997
yesterday:0.033305780536778205
time:0.01196598462048268
questions:0.022910426797314483
ordered:0.03548519017656442
every:0.018425367628313608
show:0.04560710105658837
very:0.013206382513510964
april:0.02577389289309176
bad:0.02076212914201806
answer:0.023002053349461034
letter:0.03091703802833982
by:0.015006598103290397
says:0.01940171776081491
telecom:0.04434936633300575
security:0.028120256916953728
s:0.009400549709939672
news:0.023249064516389535
