taken:0.01915628662650384
some:0.006788005087984617
since:0.011632683856998147
simply:0.0177828101156011
at:0.010243779214586407
there:0.005335924334750857
traffic:0.025436280589452916
send:0.01705434372602455
tried:0.018010837517655063
way:0.010071934997363623
to:0.004807671488688945
scanner:0.03236299002037778
stop:0.03865061761140276
then:0.009278374126603506
legal:0.02197276275484549
been:0.008530467367566507
that:0.006050662071531572
nt:0.008303238973516727
pem:0.0392561508672251
could:0.017547780875884388
me:0.012599868376797031
re:0.002174072690570759
happened:0.019606400574060646
this:0.006104446957807198
omissions:0.033422999071505415
something:0.011573612309090249
on:0.0029477257281354066
used:0.011479439001958521
sternlight:0.05741657702421632
great:0.014658434236817888
ages:0.03236299002037778
working:0.01842173843434074
a:0.0008119210033990669
test:0.020790115430114366
was:0.01029605969885332
secret:0.02323640481083319
part:0.014239663444263239
accuracy:0.02813461684055566
features:0.025149113407304215
are:0.003737856869774567
no:0.006545033349898313
permission:0.02906344951199094
encrypted:0.05596119164103021
care:0.018407075239964515
it:0.001993345521744023
have:0.008917161857226503
received:0.02249587668983588
networks:0.029441726217497112
suddenly:0.028333064552006
messages:0.025436280589452916
site:0.02270676858975934
types:0.023819169837098135
has:0.012381098533564547
netcom.com:0.018715320783262438
pgp:0.07926947155766853
without:0.013065177237223807
sending:0.05278831970304602
asked:0.019606400574060646
found:0.031099075642523226
writes:0.0038445487849858274
get:0.0076417091586693155
certainly:0.017882309751486285
were:0.009019205217862205
of:0.003391405562193116
short:0.020133592241984112
what:0.005351407575561809
version:0.01814227097479991
using:0.012816398713051864
must:0.013473607136508704
they:0.01627185391583274
now:0.019208306952072606
david:0.04354264952345047
errors:0.024965257660615192
over:0.023324892471155323
newer:0.02858050417071993
email:0.03190579836009234
in:0.0030990645679271596
government:0.01564892406172266
our:0.012963810598723218
or:0.003920415451762124
message:0.01887976679395187
and:0.004439504819660347
for:0.0018915631564655464
known:0.018935632253874173
subject:0.00015521486565126915
i:0.0022197524098301735
we:0.01567144076411593
similar:0.0183997574875971
ago:0.01663468444979444
information:0.014179193514440493
zealand:0.03167820492935229
source:0.018135278847092002
the:0.0043822849417968195
when:0.007602758388626372
less:0.015981776491838823
automatic:0.02678289790518072
around:0.013762758332288579
would:0.005422381663397535
peter:0.021406355121081144
ensure:0.027980595820515104
development:0.02260036647125699
here:0.010467447125717419
about:0.017180514773055898
current:0.018385149556574523
unknown:0.05487367933857877
is:0.0031241003126821383
new:0.020046506568413336
time:0.009183197499440195
their:0.008800486154544849
goes:0.01873853020924812
issues:0.02212342722441218
request:0.022676168763920534
almost:0.01756972633874749
article:0.004711237676259308
past:0.019206479342461415
checked:0.026167245061373384
data:0.017060148972126814
announcement:0.02657035374393771
strnlght:0.02924951190202683
