at:0.014209113104103726
your:0.02032148745453649
with:0.01886539925127572
though:0.04008942260662386
cryptographic:0.09299295094540828
to:0.008891607484456972
amendment:0.07371130393479494
through:0.038217149903626235
nt:0.011517395995523202
re:0.012062596863811953
effort:0.0655218852698178
transfer.stratus.com:0.0938346566417078
best:0.039277033547765065
you:0.008964499829172932
great:0.04066533368923672
defend:0.07306281328192332
m:0.02207765664703342
a:0.0022524260094296694
want:0.03052577367277712
also:0.02392737309160591
it:0.01105985257225716
not:0.009724354977031691
rights:0.056019345478916224
shall:0.06386738732310894
writes:0.010665522435767134
what:0.014845840370913407
but:0.010730374552425972
up:0.021668715650844914
planetary:0.09094206101822688
in:0.002865801643459524
for:0.010495124610066903
subject:0.0004305960789035209
i:0.012316045628735157
we:0.021737804930870484
the:0.0012157306612726661
do:0.011585772885588656
cryptography:0.079055773869544
would:0.015042736227489936
agree:0.048654115789749014
cancer:0.08400599055308705
push:0.07741411750970623
carl:0.07837893194859188
encrypt:0.0956625386627885
may:0.030016540765158563
an:0.014482228041318334
nra:0.08565324047367381
ready:0.06799160143274832
right:0.03128828377081128
organized:0.07837893194859188
article:0.01306988516639679
sign:0.0698985817079525
news:0.049498008325216426
