keys:0.016605273750451274
taken:0.01396136143965534
some:0.004947190148870144
scheme:0.019452656671501707
among:0.01459536215248231
cut:0.015512777524594921
way:0.007340562794688743
user:0.0160239130660721
service:0.015434708595247214
from:0.007174341139238776
drawing:0.02009844904532557
to:0.006423809644491161
property:0.019364834084564773
social:0.01839763640667926
been:0.012434240569673214
make:0.00745796814978688
that:0.005879739414143674
technical:0.01625740357169195
nt:0.006051513150190157
database:0.021457529277158913
funds:0.021082906576548516
re:0.0031689873116794113
so:0.0043297059211225425
escrow:0.039221734278915656
baby:0.021148602282209387
this:0.011122509287530063
omissions:0.0243591349165209
programs:0.014971110696163206
illegal:0.017414233583149523
counts:0.023955278222434775
two:0.007901650138361489
these:0.0070196439538090785
on:0.004296684959654999
sternlight:0.04184597986510681
great:0.010683265630223208
them:0.012422535351968142
input:0.01808114957362168
more:0.005387368753477652
a:0.0029586951818779553
vote:0.038600282812088965
was:0.0037519539580567187
as:0.003390314238207705
budget:0.019996340775922772
part:0.010378059798361344
let:0.00976753280827468
forever:0.019996340775922772
accuracy:0.020504890239727007
acceptance:0.022110710123884582
funding:0.022688406918597005
also:0.0062860047952524
deliver:0.025484995788270924
demonstration:0.0487182698330418
chip:0.027393257269519272
output:0.017319314359890342
official:0.0171873009370946
far:0.01054821217000594
those:0.007864049382574408
care:0.013415326022347022
it:0.004358331733982695
should:0.020883205197883215
catch:0.020533424274393718
have:0.010831580787026543
neat:0.02219461956158026
boards:0.019823366222870842
only:0.005650577280802062
allowed:0.01623658147507149
easiest:0.025304658439038737
secure:0.018113372452372607
stage:0.021148602282209387
has:0.013535268735845988
details:0.016164499501230233
netcom.com:0.013639979553903132
be:0.004902214043537892
breaks:0.02341361139400306
writes:0.0028019592839727218
down:0.010018498207428636
if:0.005679240845452621
of:0.004119503931477513
congress:0.01850269851944713
key:0.013584077844222778
manufactured:0.0243591349165209
fact:0.010162148850122201
separate:0.017892794647474078
well:0.007130796229463325
experimental:0.022547931463864374
they:0.01581219702555498
who:0.010958075205371596
proving:0.02443035151955641
david:0.031734473381497805
errors:0.01819501829502463
one:0.004166571643117044
in:0.003011520371093059
government:0.05702574022492155
economic:0.03886105958045129
our:0.009448200944832176
system:0.009471281056112394
use:0.007045675965031136
and:0.003235571309243982
for:0.008271581260476458
subject:0.00011312269869499278
each:0.01078817541254498
create:0.016113752928998384
forced:0.01923642158670321
back:0.008925240339269227
similar:0.013409992745197887
punish:0.024289095501473398
pay:0.014122212127109674
information:0.010333988493575275
will:0.009604282583926139
suggestions:0.016766933775724056
projects:0.022110710123884582
the:0.0051101898982308675
fund:0.022237205730451032
can:0.0036634152221937007
clipper:0.015144085249215133
ensure:0.02039263763190084
maybe:0.011219970687891203
put:0.01054008177774059
an:0.0038046531294988846
pays:0.024651477592313065
problem:0.008964259712057561
makes:0.011834652043440568
is:0.004553773337129897
alternatives:0.022456803475639955
move:0.014986547099885667
fee:0.02131744087774837
assuming:0.01681427826978391
does:0.005163088196345446
demonstrate:0.022933405100329318
their:0.00641391363805811
request:0.016526699268620052
mass:0.01784698568093079
agencies:0.0392679173701662
terms:0.016309910911925695
article:0.0034336138996466144
very:0.007386620727895963
side:0.01364561050242031
before:0.009009297742468832
past:0.01399794257162442
by:0.00839352097302683
refuse:0.02128313066489829
john:0.011362196608397651
thats:0.02198788157781148
s:0.0026289672917627896
strnlght:0.02131744087774837
