taken:0.05990693272288473
some:0.0212279431842428
say:0.034500817713955335
previous:0.06314908035805102
my:0.017276622933278203
to:0.007517449964131804
probable:0.10643847919921379
been:0.026677097949480713
technical:0.0697590407803509
re:0.006798918232330373
omissions:0.10452283345998058
fingers:0.10334940580293382
sternlight:0.17955729542118556
great:0.04584092161332139
a:0.002539098410629809
sorry:0.05777121244979317
want:0.06882174428044296
accuracy:0.08798461993773771
chip:0.058770988323695886
care:0.05756394438679813
reason:0.04858567134560959
probably:0.0434040675459856
has:0.019359535888846383
netcom.com:0.05852791226765707
of:0.0035352833739225207
david:0.13616974032788148
errors:0.07807316941137842
in:0.0032305400344452813
our:0.040541371326916244
message:0.059042179791994935
and:0.003470885586279908
for:0.011830867742257235
subject:0.00048539921621851447
cause:0.11467276848516605
i:0.003470885586279908
any:0.01860522302343286
information:0.044342205172432085
the:0.004111380054485744
clipper:0.06498189306935948
ensure:0.08750295420233814
type:0.05891840927875811
whenever:0.08624061772176062
summary:0.07821521558841102
confusion:0.09417566015289029
strnlght:0.09147120085724754
