some:0.00788876266981996
believe:0.007340107703818718
out:0.01194098411230196
correct:0.0221095772985233
send:0.0396398259577868
case:0.008350037524684986
take:0.0071815848997827825
publish:0.019048674943006983
text:0.012218120720383674
with:0.005927304494488655
way:0.011705221753692862
lawyer:0.03588176290113363
someone:0.007444115252239932
such:0.006496679741445265
cryptographic:0.0389565064771305
prevent:0.02718255048762616
both:0.007586838115906209
to:0.00931215648710021
crime:0.013551411909586204
cases:0.012431708102994567
us:0.027836167380878327
legal:0.0383038702077712
might:0.007186098432021777
that:0.0035159252577818597
through:0.008004943560894685
nt:0.002412427539602833
me:0.003660772568934273
need:0.006490547268571745
anything:0.007842030913241229
re:0.0012633125093857113
dunno:0.019904921229525693
nope:0.01844957354002416
so:0.0034520628290031084
national:0.01099383082766052
had:0.005183812451628835
this:0.005320767956467085
illegal:0.04165296411104683
personally:0.013239339882116558
you:0.016899293596886814
des:0.015863533532795876
sternlight:0.01668184332460339
am:0.005521406610477586
a:0.0070768790161134885
other:0.004659824283215915
distinguish:0.018998623977516643
shipped:0.0189006931097016
also:0.00501181463405259
others:0.009109216969825662
are:0.004343995821629903
d:0.006154879129652147
it:0.005791476853715743
not:0.0020368581370809624
have:0.008635990086953597
probably:0.008064944983206786
try:0.0164620923806986
only:0.009010379988305992
area:0.010839415691416714
between:0.007847519750156776
charge:0.013906258969371066
after:0.00651761380967889
robert:0.01079531090864089
has:0.010791633181282612
netcom.com:0.021750237667034725
talk:0.011687816782557524
glad:0.015672613903527827
salt:0.018758922166799467
without:0.02277578194056583
intentionally:0.019151057880491203
be:0.0019542610038428086
which:0.004364501123369993
writes:0.0022339945642485216
get:0.004440452619226765
things:0.02264924927169172
if:0.011320108441949481
of:0.006568938701545225
what:0.006219203398625887
but:0.0022475784535486835
particular:0.011456254892175024
fact:0.008102253812935268
find:0.007150157897545238
david:0.008433936619407075
good:0.010946012509185806
one:0.003321996310052779
code:0.04379070959907698
in:0.003001346315785312
government:0.018186587423083093
citizen:0.03297470116392653
yes:0.009009614427378004
use:0.0056174984045518515
message:0.010970675299188248
and:0.0019347841950546785
few:0.007721714530088806
for:0.00549575781946071
subject:9.019242193249425e-05
however:0.01619661421754671
i:0.004514496455127583
license:0.1106358141898062
any:0.0034570515753000247
information:0.008239261096228936
will:0.003828734273321907
than:0.004833112439930612
the:0.0033104017330600304
do:0.002426749726035462
allowing:0.01588323258789991
canada:0.025139240493288154
can:0.002920831055532816
law:0.010158247044743128
effect:0.011710721130481102
protected:0.01588323258789991
country:0.022775365594730625
did:0.005553753525145154
return:0.01246745847235449
an:0.0030334396573031648
note:0.01000570641513006
including:0.010743134143683209
general:0.029882740166427887
is:0.009076777935495403
export:0.15777790699753913
easier:0.014110384170299329
lot:0.008373491176572266
exception:0.01680934443265355
speech:0.016045102032818483
first:0.0063430906398345985
every:0.008216717996410123
grain:0.020964575144576513
article:0.002737611082150679
very:0.0058893327425116465
function:0.013895272363336009
obtaining:0.019970522870934822
corporation:0.016045102032818483
lots:0.024653344671732167
citizens:0.013808642530182842
wish:0.012621883495874254
apply:0.01351201346449214
security:0.01254011457107396
strnlght:0.0169963379971237
