taken:0.046406778869840286
out:0.016594043649020562
uni:0.08667916828742389
your:0.017745524256074122
to:0.007764502310370878
trust:0.05844180653124413
us:0.02901234346739431
been:0.020665357566499145
control:0.04295259535128202
nt:0.02011488878091376
me:0.015261812400064011
re:0.0052667676447629656
so:0.014391698554717185
omissions:0.08096839211688636
sternlight:0.13909367955162263
great:0.03551057308074193
more:0.03581462044565425
how:0.018526239397593302
accuracy:0.06815709995176865
mind:0.04267120849310052
no:0.015855573749049435
care:0.044591787905266154
not:0.008491690261633308
have:0.007200712861234548
buy:0.04234987500343614
acid:0.07377366502159073
has:0.014996823575866916
netcom.com:0.04533852358762168
found:0.037669302890943626
writes:0.009313554803064259
get:0.018512309511142567
of:0.0027385997967005445
david:0.1054836016624434
errors:0.06047921574120864
good:0.022817040159992946
code:0.04564102127227741
in:0.005005062025196915
our:0.03140528764761118
and:0.0026887141865548584
subject:0.0003760134773523704
bullshit:0.07763897270753102
we:0.018982308531182678
any:0.02882499341658612
information:0.034349595556109364
tapped:0.06883483584394046
yet:0.03704322172797414
the:0.0010616239577310605
do:0.010117153787415446
drugs:0.0610953361491362
can:0.01217698580898188
ensure:0.06778397860744505
once:0.03778917175950572
put:0.03503463802178562
about:0.027746934656954127
is:0.0037841215055023085
bu.edu:0.07464514958100041
every:0.03425561305545628
article:0.011413139159388746
give:0.03328501790642263
strnlght:0.07085797249505092
