another:0.01606887920571434
out:0.00853751521072797
there:0.0066505723592546915
lead:0.02800155534507182
story:0.02605114150733771
access:0.09717034400053698
continue:0.028320334832619167
with:0.004237879541953242
encryption:0.0280199238639355
someone:0.015967087787413188
times:0.020365769141253817
tm:0.03330490094464165
to:0.008988255391896722
mercury:0.0405406171048672
make:0.01275420640108481
that:0.007541404900749496
french:0.036224009536684365
anything:0.01682058804579278
re:0.0027097137882476125
effort:0.029437368744410893
national:0.02358097047092401
escrow:0.03353742496313078
had:0.0111189020701604
two:0.013512966903284865
on:0.007347953988975216
united:0.028416825962878384
communications:0.06114612893237239
more:0.009213181346526999
a:0.0010119595114828949
how:0.009531615921950176
other:0.009994985419071817
was:0.006416385029720186
said:0.01588046977292342
also:0.010749979215069322
chip:0.04684643996816339
reason:0.019363854521800925
it:0.0049689192715937965
have:0.01481885835210588
probably:0.017298722572675423
hurt:0.032683924704751184
states:0.025020722720693358
algorithm:0.029572818983629394
after:0.013979809330905445
doing:0.019425383370763154
wiretapping:0.04516074268026673
exclusive:0.04118998057363305
designs:0.03948298005687387
what:0.013339740623139583
they:0.006760287134114085
who:0.009369948364013394
continued:0.034595624639860885
david:0.018090182893800683
in:0.0025750681433984127
government:0.03900891215385938
our:0.016157792920147778
system:0.016197263255380616
yes:0.019324970076115135
better:0.016204462835517415
and:0.00414997189663902
for:0.002357600455884594
subject:0.00019345620936245142
i:0.00138332396554634
we:0.009766260186333116
allow:0.02540778747372893
yet:0.019058469149899736
agency:0.031703190299897835
than:0.010366675958112038
the:0.009285363166531812
do:0.010410404621833284
less:0.019919315627509256
can:0.006264970959693575
clipper:0.051797161142243066
industrial:0.039664148913434866
push:0.03478025569276657
needs:0.024270627265719904
wants:0.02551112436662137
problem:0.01533018327569264
here:0.02609276674816516
company:0.024392232171241666
is:0.003893806186821216
days:0.021581540757609943
their:0.010968721873780536
cutting:0.03880046400571662
article:0.005871977393598558
already:0.02105642261809675
owns:0.040966997539815996
bad:0.019859427874973797
realize:0.028358777240080714
letter:0.029572818983629394
by:0.007177068658095406
security:0.026897637050999217
doubt:0.025217915210004115
news:0.022238235624372597
