there:0.012746930355238158
behind:0.024498211118046512
all:0.0066254710461547996
pass:0.02818941125132844
where:0.012829561098845567
with:0.00812260245541038
way:0.01203036680240655
remove:0.030681599896108542
someone:0.015301792462937638
to:0.004785413750315385
within:0.02247534872446401
crime:0.05571136007274328
then:0.011082502428998633
important:0.02182200897898071
most:0.01289302405532665
cases:0.0255540666561555
us:0.014304697126284694
make:0.012222781134372942
that:0.0144543593931032
problems:0.019049119693692867
technical:0.02664407807582847
really:0.013551359327714762
nt:0.0049588788314058226
lost:0.024336849474429514
political:0.025033165121399477
this:0.0036457113775792984
certain:0.0228910763316702
on:0.003520894619717291
used:0.013711552141228232
a:0.0067885617228644205
how:0.009134465258535585
million:0.027177161521744014
was:0.006149035653481844
as:0.005556348334840405
idea:0.01925261316153303
standard:0.021139198197654422
stating:0.03783785588783745
course:0.016987165277083466
chip:0.044894504969489914
enforce:0.03905272706489532
are:0.008929324744461465
those:0.012888303154774723
police:0.05104977655045405
it:0.004761880968610722
conviction:0.038851424725497734
wiretap:0.03384227154822939
assure:0.040653585805255264
have:0.0035503514801920335
only:0.00926066832131449
ve:0.012674539576579404
complaints:0.036374515392589866
suspect:0.0539179869846911
wiretaps:0.043664946812719575
has:0.007394267179767715
attempt:0.026782280536365242
wiretapping:0.04327904506858894
be:0.016068368253818646
if:0.0046538223594681195
of:0.00810169106523911
but:0.00924004475347792
year:0.01718583830701147
mizzou1.missouri.edu:0.04327904506858894
aspects:0.033466804733852475
continued:0.03315414027986668
in:0.0024677736374234785
and:0.003977056400945728
still:0.014178535293260743
for:0.006778101310668208
subject:0.00018539553397234928
i:0.0026513709339638183
will:0.015740352012545616
agency:0.06076444807480419
the:0.005757835492971933
managed:0.03285494870947562
allowing:0.0326488669862387
less:0.019089344143029704
got:0.015362179316878985
would:0.019430200960507835
law:0.02088084114752754
clipper:0.0744584191419744
an:0.01247080748002412
about:0.006840390141124107
is:0.0018657821311851659
privacy:0.03281324020905748
1:0.013600860360588253
bad:0.019031951713516553
john:0.037242755549747854
favor:0.033067333594003955
