read:0.011222787435138227
go:0.009630852731654095
out:0.005832559896437921
andrew:0.018640881976099002
stephen:0.020156729105896127
ahead:0.021394254874548446
with:0.0028951850336116206
way:0.008576103067062095
encryption:0.01914232422387673
sell:0.01722808068802261
to:0.007505044931187693
job:0.01718558690737216
competition:0.02583231479820179
class:0.01964440431519308
been:0.007263566273373462
that:0.0017173496308637466
justice:0.02131567393813117
like:0.0057655399183597685
nt:0.0035350423352595965
its:0.010236755227891931
funds:0.024631514614185397
re:0.0018511906078127255
cryptosystems:0.06411687695578772
so:0.005058468303885743
national:0.01610977190587878
this:0.0025989229622347476
these:0.008201168183658132
on:0.005019889358804851
american:0.015975421868258493
arthur:0.02645193431777608
well.sf.ca.us:0.05777987343850061
a:0.006222048085454235
how:0.013023396012169548
sorry:0.015729785568012994
commercial:0.020625478219073026
as:0.003960961189193161
unlimited:0.03046644033864899
spying:0.06170477712749315
silicon:0.02691277799632069
minutes:0.019728550732859278
chip:0.016002001771303336
are:0.009548188835661765
those:0.009187701258849308
d:0.00901903080384671
it:0.006789216430494494
not:0.008954109038256905
slide:0.02821765186202723
made:0.011512770059000007
cry:0.028542390884234225
ve:0.009035315341719972
crack:0.025881088542969177
stated:0.019218292390582967
domestic:0.053705542522024106
chooses:0.02907330935133124
algorithm:0.04040642593802828
develop:0.022304763974355026
strongly:0.02310371618785744
has:0.005271160761814609
throwing:0.02519559510601321
feel:0.015080577644783058
public:0.029344005921392018
algorithms:0.02519559510601321
be:0.005727339179578924
which:0.006395506596621375
writes:0.006547152386312498
showing:0.021257546126860462
were:0.007679719294417323
kinda:0.02528169284221058
if:0.013270305341849689
of:0.0028877314687980986
what:0.004556644074240748
but:0.0032934812982693576
dr:0.019400220817358916
seems:0.011665777670203357
easy:0.01640436417949905
they:0.013855241948134806
sounds:0.017637151304756623
one:0.004867875781067438
president:0.018640881976099002
in:0.003518409938504762
government:0.039974479286380656
gon:0.02366586816581221
our:0.011038492192972245
5:0.012865707360978628
u.s:0.017464071292072763
use:0.008231581820531426
opposed:0.02216398211633258
and:0.0018900862103504448
still:0.01010747070410667
for:0.0032212758704165743
subject:0.00013216315293078365
i:0.0018900862103504448
nsa:0.022304763974355026
we:0.013343999066474951
actually:0.012100564985648933
source:0.015441920602474379
agency:0.02165861515537575
masses:0.027224232577561135
em:0.02354209934301311
the:0.0037314505445002625
do:0.01066808790455193
intended:0.020141330975131804
rule:0.019548007763644466
fund:0.025980101744487345
can:0.004280029665533235
na:0.02157575974767514
push:0.023760768740602903
development:0.019243876401268328
an:0.004445040289909588
press:0.01775916020182013
busy:0.02528169284221058
entire:0.018462466448954464
is:0.0026601250187194446
involved:0.017826124440920136
chips:0.04111624701185121
today:0.014055080523754223
guys:0.019231067868768572
new:0.025603953933914063
right:0.009603334622724256
lot:0.012270066278541538
their:0.022480449780916543
paper:0.019092318798200964
activities:0.02092242230125971
supposed:0.036125693182340206
article:0.004011548912458421
little:0.011610587633160713
release:0.019672294501917122
before:0.010525714194171507
understand:0.014832461697701254
security:0.018375613430880653
s:0.009214400210732944
