taken:0.02865114173703183
read:0.03942614020692038
stopped:0.03917880280712796
tried:0.0269379482872754
way:0.015064111474317769
members:0.06414334449573245
my:0.008262732707220012
to:0.003595302156758689
trust:0.07216292632553624
been:0.012758612062795124
that:0.0030165619602997985
could:0.013122688307183107
its:0.017981083095949306
re:0.003251656545897135
this:0.0045650646814906
omissions:0.049989181219990714
he:0.02765449056556931
generation:0.08067989070337804
you:0.004833034690510625
sternlight:0.1717504564898297
great:0.02192391903245806
suggest:0.03192521569660972
a:0.001214351413779474
other:0.011993982502886181
j:0.026557640517642284
was:0.015399324071328446
ridiculous:0.043400609900881876
said:0.019056563727508108
accuracy:0.0420796008397876
care:0.027530582098033888
it:0.005962703125912556
should:0.014285322975943301
have:0.008891315011263529
has:0.009258908468578705
netcom.com:0.027991610214966427
degree:0.03853438565796515
wiretapping:0.05419289121632007
constitution:0.03934765572762449
which:0.011233846369717545
writes:0.005750107747978803
get:0.011429338915574978
things:0.019432399375132605
of:0.005072363101714921
alone:0.033384463786212994
they:0.016224689121873803
find:0.018403884675420784
who:0.011243938036816073
david:0.06512465841768245
errors:0.037339341892398376
in:0.004635122658117143
government:0.04681069458463126
our:0.019389351504177334
or:0.011727155786140614
and:0.001659988758655608
for:0.002829120547061513
subject:0.0002321474512349417
i:0.001659988758655608
we:0.011719512223599739
information:0.021207141604206652
program:0.024144638542470218
the:0.003932624399942885
around:0.020584299418727265
would:0.008109996922646748
because:0.015345411294734905
ensure:0.04184923896633563
may:0.016182830673389832
mr:0.058729663970146326
problem:0.018396219930831167
here:0.015655660048899095
about:0.025696074269266213
reality:0.03644009758480333
today:0.02468805448520307
done:0.02303185696887564
history:0.028878326994355486
dead:0.029837235954879443
every:0.021149117625542575
him:0.020839263507507023
nixon:0.05028397732151838
article:0.007046372872318269
saved:0.040292297823300974
despite:0.03707278762204183
jamie:0.051929559927070795
s:0.01079019618880032
strnlght:0.04374709606216187
