land:0.015473277609290802
some:0.018171780157717574
at:0.010283638277678184
out:0.004584346689029027
there:0.007142248914997256
andrew:0.02930317633596886
know:0.004801070527853314
all:0.0037123261892851797
true:0.010051676234077225
take:0.008271397394302347
thanks:0.007756368268156276
ever:0.010285688937081169
where:0.014377095706099314
your:0.009804920016974805
though:0.009671378216383968
ca:0.008002134615145219
such:0.007482557211936959
france:0.039880167558178505
to:0.0016087927938803473
sound:0.013428728751472494
us:0.008015083214727612
been:0.005709106565063966
that:0.004049470335811013
complaining:0.02188168364725652
nt:0.011114063061827837
australia:0.03610189661824309
re:0.0029100428231764244
started:0.012759707688672784
so:0.003975916721342102
this:0.0020427332232350933
off:0.01699188675452413
getting:0.010553313510601892
shot:0.015473277609290802
two:0.014511980020648338
firm:0.020342334185524412
on:0.001972796985366887
you:0.017301135857080836
them:0.011407464369900708
why:0.0069249905842568345
more:0.0049471557424930965
a:0.003260320916372907
how:0.005118143958089978
richard:0.014537266594469956
was:0.010336122187953918
as:0.0062265693402102605
said:0.00852725614265927
usa:0.02836281467726634
calm:0.0230781221676766
course:0.019036200777432056
are:0.005003201413239109
no:0.004380333603822995
those:0.01444292337966973
it:0.0026681356399997818
not:0.011729766703812547
disagree:0.016530696587234217
have:0.001989301996683474
shooting:0.01855224353030041
being:0.007571221517218476
only:0.005188856958246251
beware:0.022568284570764523
between:0.009038388506017143
public:0.011532080148095696
topic:0.01699080486610709
his:0.007176766698464034
armed:0.017277910586181923
free:0.011235438887644885
without:0.008744009668492198
be:0.004501644024416119
writes:0.002573005412519698
get:0.005114295623700865
things:0.008695431627004863
of:0.006052625231618324
lawrence:0.018456163325668618
even:0.006533694349284146
what:0.0035814867820880593
but:0.0077659520107051785
again:0.009501436335050654
understanding:0.015619279318719165
must:0.00901735574894746
they:0.0036300374494464735
who:0.005031334140987736
good:0.006303540277663421
over:0.007805216935872988
one:0.007652224963234416
code:0.01260899809467586
in:0.00622224636984597
speaker:0.02049956974325934
or:0.005247559982125178
world:0.009810313963940376
rather:0.010013555069699857
use:0.006469959251935206
better:0.008701229071211685
and:0.00519957568372671
complain:0.0198035416786563
few:0.00889349222142524
for:0.002531897765852716
subject:0.00010387920969656924
forced:0.017664573908412286
i:0.0022283895787400185
rose:0.019184612905778137
person:0.010915153459431327
socialist:0.06812179631076143
any:0.011944987544227322
tapped:0.01901662780124425
pretty:0.011198521622255356
yet:0.010233730516288574
the:0.0032261801983967248
do:0.013975056788064138
thank:0.014126436991321068
around:0.009210873280753446
can:0.010092210028455798
nobody:0.01559645784225069
because:0.006866623731107058
country:0.013115774739377946
leland.stanford.edu:0.03927867592937192
once:0.01043981009698407
meeting:0.03771119166347796
countries:0.016402643147199986
may:0.02172403339423927
last:0.008483122770659525
an:0.003493767076115707
just:0.013708815915944195
people:0.01757128179073678
circumstances:0.018881975936740455
about:0.011498243350060758
is:0.003136256345027205
night:0.01302659473378998
protest:0.022500612420134684
lot:0.00964417660803654
communist:0.022851394898711717
notice:0.03142385551443225
guess:0.011658199466675694
nice:0.02458941211482302
under:0.009444838237765133
arc:0.022304383417695417
article:0.0031530462269128445
very:0.00678304471511069
difference:0.012479197847604618
opinions:0.011111323562334794
react:0.04555732572728995
before:0.008273129444446086
live:0.012049370715749646
understand:0.011658199466675694
by:0.003853834532362514
clue:0.019737026373756295
unlikely:0.01855224353030041
jamie:0.023236962613280707
