keys:0.021069057016701618
optilink.com:0.026390464889195386
cia:0.030002260889675905
some:0.006277079973835238
effective:0.021709491578519056
gtoal.com:0.030818422249181302
at:0.009472742069402485
out:0.006334285478927204
help:0.023011749677868787
all:0.015388190816875664
case:0.013288231759713741
take:0.011428758765245718
ever:0.014211946542096026
your:0.006773829151512165
method:0.02145644044487397
much:0.009393531556773825
encryption:0.020788975770016663
someone:0.011846549003564624
followed:0.02389751452152301
from:0.004551463733495568
dealers:0.052936768566590416
several:0.015152964365953746
to:0.004445803742228486
cash:0.02731680896625418
then:0.008580001880515071
most:0.019963392085667074
threat:0.024824482412945333
us:0.02214920845360211
enough:0.013076067349125788
make:0.018925596595158106
that:0.0055952358941044646
view:0.018308326627874363
like:0.00626150034144448
really:0.010491374963392076
nt:0.0038391319985077344
re:0.0040208656212706514
brad:0.05140328354294695
convincing:0.030002260889675905
believes:0.026390464889195386
this:0.005644972455606656
off:0.011739018537399734
personally:0.021069057016701618
something:0.010702480199803887
you:0.0029881666097243114
assume:0.018663916963920304
toal:0.0305603081675342
more:0.020506758480979447
a:0.0015016173396197798
air:0.02072117734210306
other:0.007415634343182317
was:0.00952108746345576
jail:0.029566102046598652
jack:0.022982558595483527
chip:0.017378518052705776
cover:0.02109788466799939
are:0.0034565128043076644
no:0.0060523964310887635
cooperation:0.028848191333563585
administration:0.02394639071346523
police:0.019761203825982215
it:0.0092165438102143
clever:0.03199612959360434
have:0.002748659210471252
probably:0.05133814440923029
money:0.01666784820822113
real:0.013750504591388428
after:0.010372116600349202
nasty:0.028436685542583294
be:0.009330020276410828
gtoal:0.0305603081675342
if:0.003602959246039835
of:0.0031361384768667524
parts:0.019616639846324523
seems:0.01266928542677999
shipping:0.022060792958826878
easy:0.017815492280961333
they:0.015047090717866833
find:0.02275749180293968
good:0.008709730383653223
in:0.002865801643459524
ought:0.026833710422588256
or:0.0036253304177585235
force:0.019215075907606297
weeks:0.01957292949103823
and:0.008210697085823438
damned:0.03127821888056927
for:0.0052475623050334515
seriously:0.020843836899985705
subject:0.00014353202630117365
i:0.0010263371357279298
we:0.014491869953913657
body:0.01908430711652985
graham:0.0262004682954034
drug:0.06907127050815332
will:0.012186078977454672
shoot:0.025060843291553486
than:0.023074214229346145
the:0.0048629226450906645
do:0.0038619242951962187
start:0.015148183268185553
would:0.005014245409163312
can:0.0046482042604178144
clipper:0.019215075907606297
did:0.01767646283272006
an:0.004827409347106112
thought:0.014433260242966197
people:0.008092866344479126
is:0.0014444764886594834
argument:0.03783592946386798
unlike:0.02479565476164756
easier:0.022455235023702155
life:0.03000407906762054
unless:0.016548717342690814
nice:0.016987846541692248
cutting:0.02878744103649943
full:0.016611088623243297
give:0.012705571351376382
usual:0.023065273212900087
by:0.005324921907619173
