keys:0.04838079759390741
escrowed:0.03686357649143914
optilink.com:0.030300163391298405
taken:0.02033877345530037
some:0.007207017747736753
since:0.012350750761751118
at:0.005438055632434759
all:0.011778615193164088
with:0.007220091071475893
c:0.015963566021166418
cryptographic:0.03558989480626736
my:0.005865520131668526
to:0.006805921778226325
most:0.011460465826957023
respect:0.050461212209063216
software:0.01738139437334109
consent:0.03174456812795442
been:0.009057039427292834
honest:0.028949437086563293
that:0.0021413865767560296
suppose:0.023790981392784995
database:0.03125911672475002
account:0.025152959300785555
re:0.0023082747085072255
happened:0.020816672214434756
escrow:0.028568917561185476
chances:0.030125035631241512
this:0.0032406323356260433
clayton:0.05941558618677281
big:0.034268895726759965
protecting:0.03245761064105222
fair:0.05213209304696151
on:0.0031296841064153698
you:0.0034308579593130975
serious:0.02220366442616957
sternlight:0.0609608101738593
great:0.015563275856374547
other:0.017028493676937168
uunet:0.023314767360600525
intelligence:0.02790179273692978
basis:0.02300745850023456
timothy:0.031416729700090545
idea:0.017113433921362692
services:0.02467075078681055
accuracy:0.029871321583799838
chip:0.019953113319773296
fox:0.034992056374230834
officials:0.029912889683684673
business:0.022324467489096094
are:0.0039685887753162065
cramer:0.12120065356519362
care:0.019543314452308006
not:0.0037216667196047215
wiretap:0.03008201915398168
being:0.012011135369908322
between:0.014338678062014849
charge:0.025408967005764414
after:0.0119087264670676
selling:0.051478730066043706
has:0.006572681937571302
netcom.com:0.07948234999311454
nonsense:0.03245761064105222
be:0.010712245502545764
writes:0.00816373322243904
of:0.007201503169101431
future:0.021632755088381788
believing:0.03048040508692965
what:0.011363482753044829
fire:0.02220366442616957
increasingly:0.03686357649143914
waco:0.0239794796882176
david:0.030820311596845604
in:0.004387153133197296
government:0.016614907028495662
frequent:0.03326390806337978
massacre:0.03174456812795442
brother:0.05720511419357545
or:0.0041624164055746
and:0.002356774163523394
subject:0.0001647960301976438
any:0.006316588063511156
the:0.006048635265344252
do:0.0044340612278178804
relations:0.029748270874535535
putting:0.024815151278012433
ensure:0.029707793093386406
may:0.011487811897776734
fbi:0.02354828322401441
an:0.005542581102232942
pyramid:0.033121997457054485
mutual:0.03174456812795442
people:0.009291809506624182
e:0.01920302281514708
is:0.009950838032987552
light:0.021556880776582056
various:0.022003573940464125
article:0.010004109633538283
very:0.010760756122120045
opinions:0.01762722318222248
going:0.013443306691664707
by:0.012227598454532914
mine:0.02015579657283942
optilink:0.03402695717428828
s:0.0038298535855309773
strnlght:0.03105503732807787
