keys:0.055983494358664294
taken:0.023534866426847573
read:0.016192879013556583
say:0.013553892673339596
there:0.00655556418269391
traffic:0.03125028758132787
all:0.00681477021890208
50:0.024651309208060218
your:0.026998547618169912
with:0.0041773384056396235
response:0.025082846804481012
from:0.006046944674501254
to:0.005906567828960704
within:0.023117501545162983
crime:0.0286515566088394
us:0.014713402758464257
might:0.015193465256274614
been:0.020960576960306274
that:0.0024778901816748344
r:0.02214442690520807
nt:0.005100561083731704
could:0.010779351109471837
re:0.0026710035912726466
so:0.014597294248356001
anyone:0.011949391068867079
phone:0.04196210180299384
this:0.0037498745597958497
omissions:0.04106254171642094
you:0.023819956688945224
sternlight:0.07054036605832291
great:0.01800893349094769
a:0.003990011788132557
ms:0.02985814230275062
proposal:0.03366572633998542
accuracy:0.03456538640411124
modified:0.035270183029161455
far:0.017781271943724298
are:0.004592224154294468
no:0.008041040972732214
innocent:0.031653245361899944
care:0.022614406723384977
have:0.010955370281735419
buy:0.04295487321777094
charge:0.05880360935619765
able:0.037678074658723845
has:0.015211063912665013
netcom.com:0.02299310839086528
nist:0.04413956254565276
be:0.012395598367231529
asked:0.024087863562417364
found:0.019103717894692836
writes:0.004723302792982588
get:0.01877677107558746
if:0.00957357742519156
of:0.0013888613254695618
future:0.025032188030841784
lynn:0.042656424225808155
order:0.020030834722374942
court:0.028547583053309348
they:0.03998226962176044
who:0.009236091958813203
david:0.053495255128810586
errors:0.030671602268755805
in:0.001269140727817789
our:0.01592696730700281
or:0.004816510412164895
and:0.005454248778439855
gets:0.023837973874234315
subject:0.0001906925492287021
nsa:0.032182588020140825
information:0.017420152032026893
the:0.0016151850214051135
do:0.010261684555807095
clipper:0.025528600848676936
ensure:0.03437616057948999
denning:0.0381663623727912
once:0.038329017070355804
mr:0.02412111198773867
fbi:0.027248727730645246
an:0.006413558132583833
people:0.010751951000522267
about:0.007035829859441939
tap:0.039760244882178414
is:0.0019190901920761708
grant:0.06464257726681166
new:0.0246285652126221
else:0.018046801609557548
days:0.02127323303250123
90:0.028799710068173803
article:0.005788092002261436
give:0.016880259081114332
past:0.02359653176359545
answer:0.021687650300920402
strnlght:0.035935114622490105
