since:0.022997949694295187
gtoal.com:0.06588766136031864
specifically:0.04651773162937541
to:0.003168273931243289
that:0.007974818975505215
control:0.03505326747058648
supreme:0.059866338095303416
re:0.004298166698599662
requested:0.06020609444290737
set:0.06090608239369934
appeal:0.06221015636411171
suggest:0.042199997759886414
toal:0.06533583125472828
more:0.014614011791042826
a:0.0016051771561452815
other:0.01585411480266564
red:0.04152435580393737
idea:0.0318663941983995
washington:0.04412888891281028
requires:0.0461397101713888
it:0.0039408670085054245
should:0.01888289818659172
approved:0.05792045238836525
ve:0.020978548264683154
offices:0.06588766136031864
wiretaps:0.07227301541415654
netcom.com:0.07400080861427906
be:0.013297959934194742
writes:0.007600717138132901
gtoal:0.06533583125472828
of:0.008939797037505226
key:0.07369752577555347
courts:0.06480928486356398
registering:0.14035473067213022
seems:0.027086058498633082
court:0.045938639396129986
bodies:0.10975163678852418
clear:0.03790518094467372
one:0.02260484845461201
in:0.002042295424074603
or:0.007750706410380291
better:0.025703630704613827
and:0.004388476028629768
subject:0.0003068615734714747
i:0.004388476028629768
branch:0.15723781633734638
we:0.015491309261080114
graham:0.05601479428672451
the:0.010396593241228318
got:0.02542705542104108
law:0.03456139224418352
chinese:0.06351278493085888
executive:0.062347813732464764
their:0.017398662282548435
under:0.02790026927707631
article:0.00931417103812185
give:0.027163635302942604
by:0.022768631604992325
john:0.03082159079979133
