keys:0.016060838545518447
markets:0.0482939072454066
knowledge:0.015150701413328426
continue:0.016017238552874777
way:0.007099888604698948
much:0.007160642908032506
encryption:0.01584733398861926
c:0.02119752209368
ca:0.016856955705674765
wrote:0.010555635142183857
to:0.0033890143280922067
everyone:0.0250615799796156
then:0.006540493236786079
threat:0.0189235808557698
metzger:0.024068887249872585
moderate:0.024226535941789785
make:0.007213444603892228
that:0.009952181877218597
higher:0.015212598004253657
like:0.009546221832038305
through:0.009710915139446013
id:0.03844105580346929
nt:0.005853102882970807
happens:0.0306235861867113
re:0.0015325430441728303
effort:0.01664900363413403
prefer:0.016830033217384594
escrow:0.018967887888983802
had:0.0062885593675497346
this:0.017212538962997345
crypto:0.055878479950487656
on:0.0020779050214724997
you:0.002277864710691483
suggest:0.015046720512746385
state:0.010892267979264821
holes:0.01964444424291597
a:0.0028616887824721208
other:0.005652901589475044
timothy:0.041717296814874336
target:0.01964444424291597
waste:0.017535163914747295
chip:0.02649511768691208
perry:0.03988825131229884
lose:0.017232564480275766
worst:0.03532549929338945
likely:0.013550855757908722
digital:0.033847275385341505
it:0.0042154356115570325
not:0.004941885316196434
wiretap:0.019972488126823906
assure:0.023992280147363765
zero:0.018990222334752508
analysis:0.017646582522551215
have:0.0020952893981461183
only:0.005465312451923306
networks:0.02075400372708813
money:0.012705818716102992
generating:0.024474997506611237
centuries:0.021944524724544646
allowed:0.015704234541462588
careful:0.018858005686317174
strongly:0.019126847007980344
has:0.0043638298110104555
netcom.com:0.026385534219025734
public:0.012146494254346695
pgp:0.018626159983495885
free:0.011834048336576785
if:0.008239554341353393
of:0.006375101166089792
future:0.014362730837368238
even:0.006881801015434532
freedom:0.016344379017699206
key:0.026277396485545706
who:0.005299397025548559
now:0.02031042292473251
good:0.006639384636719259
in:0.002184586498702752
point:0.009022688365819922
battle:0.0394480531240049
dropped:0.02036025852180279
system:0.009160747250993955
or:0.0027635715479634644
registration:0.02026746148594312
and:0.00782371751005717
for:0.0013333969791478443
subject:0.00010941375775417335
governments:0.0191500672437823
i:0.001564743502011434
we:0.05523540597188401
back:0.008632609508473514
power:0.011073177377748123
collapse:0.02342609023555714
face:0.01471012947108836
commentary:0.02473949964242096
information:0.009995169198703954
pretty:0.011795164167703388
will:0.009289388072977741
cost:0.02722137380615476
the:0.004633727520424506
managed:0.019389805795756106
do:0.0029439258971577734
thing:0.018556823238729155
automatic:0.018879747703651983
strong:0.02959551136041402
around:0.00970161652931818
would:0.003822334615181869
can:0.0035433032476955466
clipper:0.014647557863994964
anonymous:0.018626159983495885
forget:0.015734480882846288
may:0.02288146140294874
myself:0.013659188778679849
long:0.009755373955363054
here:0.007378692236161459
immediate:0.019670800350826995
ourselves:0.01948977076757643
about:0.004036951558696195
e:0.012749547934646832
maintain:0.018729921491628224
is:0.009910055909901537
snark.shearson.com:0.024474997506611237
right:0.007950301613894671
time:0.012946803031997653
keep:0.010858256492319349
voluntary:0.02369941554087957
almost:0.02477043385462761
admitted:0.022538094183062907
criticism:0.02233053790101883
afford:0.01936519094305032
very:0.0071444364417354396
by:0.004059161782037566
pmetzger:0.02439049223119019
black:0.014465378509196467
remain:0.036813461221680055
while:0.008894846335567716
announcement:0.018729921491628224
security:0.015212598004253657
thats:0.021266967427719302
