some:0.029936842952137284
gtoal.com:0.14698016764994157
ideas:0.09223060607793514
form:0.08752258780722809
to:0.0035338440002328996
death:0.08603631753939543
been:0.03762154839029331
die:0.09660908644698331
make:0.04513026880383855
nt:0.0183097064544215
re:0.00958821801995309
on:0.01300022628818692
them:0.03758613260339079
toal:0.14574916202977847
how:0.03372725633920831
let:0.05910609596802115
it:0.008791164865127486
encourage:0.13186205222381067
systems:0.07693377231493873
ve:0.046798299975062414
machines:0.2023562325581688
pgp:0.23306579671656388
be:0.014832339926601828
thinking:0.08932119317560655
gtoal:0.14574916202977847
available:0.06925804686703153
difficult:0.09556944300097432
in:0.004555889792166422
for:0.008342278536207025
subject:0.0006845373562055973
i:0.004894838647317819
graham:0.12495607956269314
do:0.018418408177089656
ibm:0.10103761715691453
would:0.023914093489855796
an:0.023023029193890685
about:0.025256825136458244
