go:0.02947624623930496
ahead:0.06547938613119374
ah:0.07132275705258745
encryption:0.05858711353368332
into:0.027133392469430098
sell:0.05272836816637224
to:0.008352722182368672
job:0.0525983114437754
that:0.005256130688401164
re:0.005665765193608644
cryptosystems:0.2943547532970254
so:0.015481978748256365
this:0.007954279369263925
them:0.022209987447458196
access.digex.com:0.06776458143020257
steve:0.04859324010355131
developing:0.07470371995128759
spying:0.09442700742237589
are:0.009741081539412508
those:0.028119934155872123
it:0.010389558476968848
domestic:0.1643715089310435
chooses:0.08898194680255926
algorithm:0.06183407605667964
develop:0.06826609580029872
be:0.008764564502082899
which:0.01957412625026542
mandate:0.09112816675805967
if:0.010153794238839534
of:0.0029460694782687674
but:0.010080048821975914
well:0.02549799863868704
beyond:0.05917521511270616
easy:0.05020729642816375
one:0.014898650117812462
government:0.08156408904897872
and:0.0028924046552332564
subject:0.00040449934684876206
nsa:0.06826609580029872
actually:0.03703506253183462
capabilities:0.07764547774584755
masses:0.08332265122223256
the:0.005710250075674644
is:0.004070797377131272
field:0.05897663408989858
new:0.02612120552853859
their:0.02293460028154112
protect:0.06256617571229793
designed:0.05953935449822368
supposed:0.05528325774873274
takes:0.0541803008178738
s:0.028201649129819015
