library:0.01938476199861657
24:0.016958721059576205
there:0.004248976785079386
know:0.005712384841010656
means:0.013123126020549781
discussing:0.02252947527824286
produces:0.02439069177785949
take:0.00984143115896159
thanks:0.009228641874611865
ever:0.01223806507791602
with:0.010830136607213839
much:0.008088874396110793
someone:0.010201194975291757
both:0.010396778158834434
to:0.0038283310002523076
look:0.010977631130906992
attacks:0.021278131159076605
director:0.02289472501189871
bruce:0.02132712240597724
potential:0.019843853429729143
been:0.006792779570469626
that:0.008030199662835111
think:0.019996500382341045
nt:0.003305919220937215
and/or:0.01870825012566653
me:0.0050166142611321515
anything:0.010746486807034276
plaintext:0.02784471762051823
re:0.001731206031380419
anyone:0.015489951385568437
this:0.002430474251719532
contact:0.01611144582861374
crypto:0.021040662203578683
these:0.007669610986569178
recently:0.015320886873091152
on:0.007041789239434582
des:0.021738916322720275
rsa:0.026035151376596878
more:0.023544796774457886
a:0.0032326484394592475
same:0.008991172919113945
was:0.004099357102321229
related:0.017843236044588748
given:0.012906423885098522
84:0.0242036105818508
also:0.006868042276294288
anywhere:0.01956633937432621
are:0.014882207907435776
md5:0.03218855853992995
it:0.0015872936562035737
should:0.007605611769599442
cryptanalysis:0.09377858262725995
have:0.002366900986794689
being:0.00900835152743124
probably:0.011051961643653742
only:0.006173778880876326
ve:0.01689938610210587
203:0.028979543815115385
patent:0.0858269271721026
licensing:0.027458691653207808
passes:0.021426688170889108
algorithm:0.01889374546176322
attack:0.05484302178133586
differential:0.10414060550638751
has:0.004929511453178477
sites:0.021087191536233785
topic:0.02021591134532186
be:0.005356122751272882
which:0.005980983020914434
writes:0.0030613999584146404
if:0.003102548239645413
of:0.0036007515845507157
cryptology:0.03193824733034533
reading:0.015214453918347177
mizzou1.missouri.edu:0.057705393424785256
version:0.014446623183636965
hash:0.05996115344939406
oh:0.014952389741395709
using:0.020411301654119633
toward:0.02070584432589523
find:0.009798364526265695
net:0.030695763749060023
good:0.007500045608145829
code:0.015002372733017112
in:0.004112956062372465
point:0.010192296116944725
yes:0.012346508659740225
chosen:0.0227922197995042
or:0.0031218123041809502
force:0.0165463153648832
1500:0.02596756434223969
and:0.005302741867927637
still:0.00945235686217383
for:0.006024978942816185
subject:0.00012359702264823285
showed:0.019790536568333034
i:0.005302741867927637
source:0.014441055378239927
than:0.0066231540843493565
the:0.0038385569953146214
less:0.012726229428686469
rounds:0.02755222270560373
can:0.012007861006079352
sci.crypt:0.02661461037175431
may:0.00861585892333255
wants:0.016298773900896985
here:0.008335189377886092
about:0.009120520188165476
different:0.023400156463067107
interested:0.013319797293587591
is:0.006219273770617219
broken:0.020792788282615583
discussed:0.02101757173362017
efficient:0.07180932733415453
done:0.012262331256577308
recent:0.01758377355780102
time:0.007312546156961637
does:0.005641151918229283
break:0.018167622908555028
paper:0.017854853690910163
papers:0.02140159526593846
dave:0.016232753108215703
faq:0.035945324656460734
article:0.0037515411125768564
function:0.019041669534941935
three:0.01351151854848367
immune:0.028852696712392628
seem:0.012776447013406193
john:0.024828503699831903
four:0.016240954402884138
s:0.002872390189148233
