keys:0.0664210950018051
some:0.006596253531826859
since:0.011304076968382381
simply:0.03456094169359762
ask:0.01646645527884953
at:0.00995440692038905
all:0.005390213732464922
take:0.01200988209229211
access:0.01893998230518941
from:0.009565788185651701
prevent:0.022728912272139388
to:0.0015572871865433117
line:0.0478610804882371
next:0.015132090529656358
that:0.0019599131380478915
happens:0.02110778256937163
need:0.010854248539532409
exactly:0.018171653408316432
michael:0.03395135821100214
so:0.00577294122816339
escrow:0.026147822852610435
this:0.005932004953349368
something:0.01124667410826849
detect:0.028952551023875357
numbers:0.019930748028241234
used:0.022310322128100177
etc:0.01312047450541376
a:0.003155941527336486
how:0.007431429362876408
other:0.007792700496225485
same:0.010972278816545833
was:0.015007815832226875
fake:0.03362305143734693
also:0.0083813397270032
chip:0.018262171513012848
are:0.010896803077986874
no:0.012720290804322146
place:0.015363997837945908
missed:0.024553289136880402
it:0.003874072652429062
wiretap:0.02753269549686459
have:0.0028884215432070782
only:0.0075341030410694156
always:0.015011051401122641
second:0.015535004387865913
after:0.01089951235968899
has:0.006015674993709328
sets:0.02686725461744999
get:0.007425841668311425
if:0.007572321127270161
of:0.002197068763454674
effectively:0.02765164131154161
key:0.018112103792297038
seen:0.014646694297301428
what:0.01040047574007493
asks:0.05810870097998437
2nd:0.02467026469259617
order:0.04753079425648291
court:0.06774002758412388
they:0.005270732341851659
who:0.007305383470247731
up:0.007590171583911777
over:0.01133299860180428
one:0.005555428857489392
indication:0.029592826082107015
required:0.02114565791243485
point:0.012438056278305427
or:0.007619338505119608
total:0.02068370336612656
use:0.009394234620041514
and:0.00539261884873997
gets:0.018854894589789856
for:0.012866904182963379
subject:0.00015083026492665705
i:0.002157047539495988
house:0.019423005336102774
warrant:0.02659492635859193
any:0.01156256798066449
yet:0.01485914543890488
phones:0.055963291235020106
the:0.007239435689160396
when:0.0073879912025069825
can:0.009769107259183202
specific:0.020707097674974195
clipper:0.040384227331240356
pair:0.02885255341314428
fbi:0.12931599600984187
an:0.0050728708393318455
just:0.0066349636354004855
n:0.04136740673225312
is:0.003035848891419931
number:0.02827417907794077
either:0.01414442207408677
discussed:0.02564856211560428
mg:0.06514760405215043
issue:0.01769129947720256
multiple:0.024260024393366175
time:0.008923785140698947
does:0.006884117595127261
issued:0.02982345881950959
serial:0.07015793098075987
x:0.034408587452498335
going:0.01230404341271007
claiming:0.0260564507664771
handed:0.03211422214215458
