another:0.009943970091428604
selected:0.022176056513767358
some:0.005235591368311005
gtoal.com:0.025705051741469604
there:0.004115600832184518
know:0.005533072312369066
search:0.019135207620514422
all:0.017113324316525402
raise:0.021135433576672465
true:0.01158421879891411
access:0.015033080125643613
hell:0.015306640916959173
ca:0.00922219101386691
into:0.024091532327117308
from:0.0037962881364581864
bits:0.019772997304783827
to:0.0037081591751322806
trust:0.01860703257272795
day:0.011404946348712431
enough:0.010906495636490566
honest:0.021030532771404726
that:0.004666878369073679
really:0.008750653556909982
nt:0.006404291943699
seeds:0.027273095456625426
could:0.006767305629264832
re:0.0033537264823154307
nope:0.024489120035189018
so:0.00458211030217453
escrow:0.04150820309338159
this:0.0047083626759768515
30:0.015350248764008477
carefully:0.020852661666505932
two:0.008362284451360141
these:0.00742886086591454
on:0.0045471643519218825
possibly:0.017385442436759376
numbers:0.015819472650218377
assume:0.04670163975725349
toal:0.02548976376305543
independent:0.01862215671837207
why:0.00798081874508523
a:0.0031311751700591815
same:0.008708938791608127
want:0.008486986402296778
as:0.0035879558754126385
entering:0.02357907140740117
proposal:0.021135433576672465
feeding:0.027378613382231676
lets:0.020778539236231443
whole:0.013416661322992332
chip:0.028990173612585417
anywhere:0.018952149349123145
s1:0.0812076849248975
computer:0.01202108926083101
are:0.011532042719304494
forces:0.019753457818824382
police:0.01648243906561745
it:0.003074936589596161
not:0.008110896976358273
should:0.007366870592975245
have:0.0022926036464020307
completely:0.01613001630959404
s2:0.0815100103399476
points:0.032871356847268454
exchange:0.02173044003926869
be:0.005187993337555797
which:0.00579323915927138
gtoal:0.02548976376305543
if:0.006010317666039545
of:0.0026157926309292195
raised:0.02029139196716061
even:0.007529862994466482
key:0.04312792427672524
what:0.008255086125530324
iron:0.02421726074453236
using:0.0098852940746409
they:0.029284472518180296
up:0.006024485965705761
one:0.004409465954150774
in:0.0031870798546096944
door:0.01896848563288324
clearly:0.016298252809078047
system:0.010023418516782623
rather:0.011540285439071136
use:0.01491282087665783
and:0.005992336101873384
for:0.0029179270216329505
subject:0.00011971729547990268
programmed:0.026779817899610498
space:0.013710819540417503
values:0.01915222587597878
i:0.0008560480145533405
nsa:0.02020431534896733
we:0.012087389288914528
back:0.00944554582989927
graham:0.021853305394372344
actually:0.01096104989731428
yet:0.011794030236260824
program:0.012451270997238004
source:0.0279754974143482
than:0.0064152523866343545
the:0.00676011668151617
thing:0.010152163386210568
when:0.005864010954456215
would:0.004182285408539803
maybe:0.01187404969660235
fbi:0.03421364916852318
an:0.004026449051846353
trusted:0.05267092815218754
about:0.008834225832483153
is:0.00843366990239752
number:0.03366275580804159
chips:0.01862215671837207
levels:0.020563251257817272
hardware:0.015917852572531623
checking:0.0217914519318955
presumably:0.022109621151502154
fly:0.022209646969951924
serial:0.018561963802084448
agents:0.020425261757069497
picking:0.024489120035189018
random:0.04002872689668675
wide:0.0192907482392942
decode:0.027069228308299165
by:0.0044414146852787715
data:0.013158500552492432
manner:0.02044796714700917
reduce:0.02044796714700917
everything:0.013854988717144632
range:0.01793522863448284
