read:0.031929620590111576
gtoal.com:0.08073558504715102
out:0.016594043649020562
ever:0.03723129657506846
into:0.025222590182850512
harmful:0.07525761594634885
stream:0.07525761594634885
to:0.005823376732778158
obviously:0.0518576490257177
metzger:0.08271561252068889
that:0.004885980639922209
nt:0.02011488878091376
re:0.0052667676447629656
phone:0.04137108628464182
on:0.007140969369567464
toal:0.08005939886142761
a:0.0019669072195019647
as:0.022538427048366717
secret:0.0562910088375114
perry:0.06854037549437265
s1:0.08502025229226358
determined:0.06706614137375451
not:0.008491690261633308
have:0.014401425722469096
probably:0.0336228692257635
rely:0.07085797249505092
s2:0.08533677138877144
be:0.00814734164982354
considered:0.048490745876228335
gtoal:0.08005939886142761
of:0.0027385997967005445
key:0.04515270945403628
registering:0.08599198287658683
particular:0.04776128800118038
identified:0.07709369788808468
door:0.059577074593422014
system:0.06296400927443732
and:0.005377428373109717
subject:0.0003760134773523704
we:0.018982308531182678
back:0.02966699605728926
graham:0.06863784652035257
information:0.034349595556109364
allow:0.09876830060210119
yet:0.03704322172797414
the:0.006369743746386363
do:0.010117153787415446
units:0.06844357437764362
clipper:0.05033808618048974
about:0.013873467328477064
e:0.04381534783174404
number:0.035243166878841665
snark.shearson.com:0.08411125903680482
chips:0.058489309129534824
does:0.01716181428644402
serial:0.05830025250513848
change:0.04185928321000687
pmetzger:0.08382084654099164
