out:0.00847609423798892
ever:0.019017424869279573
your:0.018128521182464212
democratic:0.08029382051049953
odds:0.08320370348164913
led:0.030327189128276234
work:0.029137733294824514
to:0.002974530561347117
within:0.06985144351775865
otherwise:0.02556391965188515
that:0.007487150189233313
think:0.0103578994786227
nt:0.005137255767787328
inability:0.04147887020586557
re:0.00538043888889454
started:0.023591689755315868
big:0.01996964427242847
you:0.011995661641914861
books:0.026264301532706195
american:0.023216080700634648
working:0.0227952446813425
m:0.00984758785695016
more:0.009146899466336157
a:0.0050233961361381115
how:0.009463043145533269
was:0.025480895945363617
failed:0.030484160692266442
idea:0.019945153203314796
worth:0.025288946897783007
arms:0.029159282241897698
are:0.004625261738138313
no:0.008098890188363381
it:0.0073997574764022725
not:0.013012446228258236
being:0.01399858942392193
probably:0.017174271331145383
only:0.0095937858868294
ve:0.013130458266384419
kind:0.01982393307167669
hopefully:0.033257155233400774
armed:0.06389097871437056
without:0.01616698190505392
be:0.00832318355593484
writes:0.004757283388615557
of:0.006994265667832325
style:0.03302753219046333
trying:0.01939804477027623
years:0.01604154980561434
saying:0.021701835819888052
find:0.030452471045660293
good:0.046618988528330914
over:0.014431228435391064
one:0.007074179192630378
code:0.023313039642674074
in:0.0012782712366510107
system:0.048242208544802705
or:0.009702323132418493
and:0.0013733719945711867
subject:0.0001920644380720741
governments:0.03361594537757468
i:0.006866859972855932
stan:0.07950521279114708
any:0.014723557788328163
tapped:0.035160239891509154
the:0.0010845367050202202
would:0.006709709684204145
can:0.0062198992261706
fan:0.028773784068271035
examine:0.03852132397689852
because:0.01269584387693895
once:0.019302382697301484
may:0.013388672859279359
btw:0.026991298708225434
here:0.012952524500887743
people:0.010829303165993651
many:0.01333238149336758
five:0.028568220237738255
jerry:0.035109753757274285
is:0.0019328965963357116
break:0.028231701785956017
vast:0.03699726645128501
history:0.04778428207699109
amounts:0.036193640626968455
thousand:0.033534653613157904
very:0.025082625781056796
sign:0.03117778464671263
written:0.02578071178745403
bad:0.019716554293139454
before:0.015296361634695284
doubt:0.025036491359572432
revolution:0.07625619597483496
s:0.004463570365870636
