perform:0.020971687372433684
some:0.010518350226426615
obvious:0.01732724465721627
expensive:0.018243634207823826
looks:0.015419394028711219
gtoal.com:0.025820840262827577
at:0.003968310866911851
there:0.0041341395746718355
played:0.01827118477997444
formats:0.022698555665710704
concept:0.01917050335189542
means:0.0127684469389133
own:0.010209417277243222
with:0.007903072659318208
option:0.018876627127262985
much:0.00787025616918888
ca:0.01852746482966055
my:0.008560488840813524
to:0.004966483459786778
remember:0.012534342506852397
line:0.012719836706333282
connected:0.02047199565753602
software:0.012683720218384039
that:0.007813167239515244
think:0.006485351475353852
bit:0.012275154045295944
like:0.010492243815393452
through:0.010673258081192913
nt:0.012866280211215109
need:0.008654063024762326
circuits:0.07660423152196481
re:0.0016844166791809482
sample:0.02123063823242324
so:0.0046027504386708116
file:0.013686873344407248
dsp:0.02709215768482855
voice:0.016335559916379135
this:0.004729571516859631
off:0.00983539390971329
two:0.008399952399339241
these:0.00746232420314839
big:0.01250351600841242
on:0.006851470611341756
machine:0.014652249343803363
them:0.00660296924113622
inside:0.016910160031865705
toal:0.025604582518744867
8:0.01329951028096336
modem:0.019204371966373018
a:0.003145279562717106
samples:0.025604582518744867
was:0.003988563667123359
as:0.007208235677630796
shit:0.021708197665201608
equipment:0.018175486092525176
chip:0.014560379990104837
cheap:0.03347956052618782
3do:0.02886987927043192
are:0.002895997214419935
it:0.010810756793602718
not:0.0027158108494412833
have:0.006908792069562877
term:0.017557116188803863
only:0.006006919992203994
ve:0.008221322968592047
able:0.0118804739914895
real:0.01152069303602814
be:0.007817044015371234
which:0.01163866966231998
modems:0.023921175267422417
get:0.0059206034923023525
gtoal:0.025604582518744867
soon:0.016202674040718335
down:0.010650295391680891
of:0.0017517169870787266
gotten:0.019413112224295103
but:0.008990313814194734
impression:0.021311318081822024
years:0.010044033436848619
well:0.007580486081771824
they:0.012607021952807348
now:0.007441055846298397
code:0.02919380639938465
in:0.004001795087713749
cpu:0.020146226911681844
system:0.010068569050642004
or:0.0060748779973250925
use:0.007489997872735802
and:0.0017198081733819362
risc:0.026900447709969105
for:0.004396606255568568
600:0.022143453681819046
subject:0.000120256562576659
i:0.005159424520145809
we:0.012141836988414144
games:0.014999415727967234
ago:0.012888133898038938
graham:0.021951743706959605
will:0.005104979031095876
program:0.01250735780353187
exist:0.016380740881964437
cost:0.029918987426584512
phones:0.022309690424771527
the:0.0030557554459015664
managed:0.021311318081822024
do:0.012942665205522463
putting:0.01810835363530637
around:0.010663037987178539
got:0.009964656854191775
can:0.003894441407377087
because:0.007949199544569883
clipper:0.01609911765231879
compression:0.021920570540993053
maybe:0.011927536406947405
generic:0.024830482262318477
put:0.011204771619580087
last:0.009820552036304045
an:0.004044586209737553
10:0.013019692603135876
just:0.005290038574170658
nicely:0.024326347504642867
many:0.0083477523764779
about:0.008874019642539383
current:0.014244350106895577
is:0.004840948232264214
deal:0.014848265728650941
cards:0.017725303893477935
chips:0.03741208061438714
save:0.016317613659555377
night:0.015080337146774885
done:0.011930916898291434
hardware:0.01598955461114663
time:0.007114909774341052
lot:0.011164654902096354
runs:0.0337999145985886
too:0.008795125530921155
satellite:0.022046578883526416
built-in:0.0254659714436694
before:0.009577451654156056
security:0.016720152761431947
s:0.0055895160437479125
