andrew:0.07104638036173581
know:0.023280662748269846
your:0.023772306078891744
my:0.01792857096849625
w:0.11676757943506995
nt:0.04041954066353426
re:0.007055481184493784
best:0.045946718489838376
compuserve.com:0.10451010017578986
more:0.023989038223032562
richard:0.07049202858073167
act:0.07040817100034631
course:0.04615380754528338
no:0.02124048558834924
anybody:0.05735085179080556
writes:0.012476648887123817
of:0.003668690293693182
but:0.012552513627366231
mistakes:0.0988288720100555
who:0.02439722404214808
good:0.030566223610556588
over:0.037847938726780335
code:0.06114174547795653
email:0.05177167281071586
in:0.003352447205556424
better:0.04219275228870572
for:0.012277315581587697
subject:0.0005037161677739301
any:0.01930730691110957
tapped:0.09221270462112778
yet:0.04962393854124837
do:0.027106336562509308
leland.stanford.edu:0.19046452290280347
once:0.05062323009292276
just:0.022158274782375205
is:0.005069294846993659
does:0.022990354987500475
under:0.04579855522840828
arc:0.108155217704674
article:0.015289299628615112
opinions:0.053879436896604564
react:0.22091005116817955
john:0.15178179620274598
s:0.011706344921811666
