database:0.25319884547047516
feustel:1.3170007728999102
re:0.018697025138908526
escrow:0.23140823224560236
sig:0.23595682115588873
fox:0.2834356566312698
being:0.09729019649625742
has:0.053238723694327555
netcom.com:0.32190351747211393
david:0.1248222619672247
and:0.009544935362269746
subject:0.001334847844600915
the:0.0075375300998905305
too:0.09762589339322483
dave:0.17531373356872962
