believe:0.013329275339449942
gtoal.com:0.03516703397759339
at:0.005404693327941295
out:0.007228080362456809
scheme:0.028164582665487138
ever:0.016217313232085036
own:0.013904850524834327
your:0.007729645534854372
encryption:0.02372238952897607
work:0.012423757447793275
to:0.0025365628713328175
value:0.022907072513844585
lived:0.027582778354623097
might:0.013049602060603963
that:0.004256498471588673
technical:0.02353832664367669
think:0.008832809984837762
nt:0.01752340004226843
re:0.004588227027953013
so:0.00626877667107313
ti:0.023243319363507133
he:0.029266255353133167
these:0.010163410877907623
set:0.01625407720322651
you:0.006819619501947508
tell:0.029570859553649728
assume:0.0212974757993201
them:0.008993001052345037
toal:0.034872498890560495
more:0.007800116722826539
a:0.0025702529923553284
usa:0.022359642245575
experts:0.05945875004609715
panel:0.030248132004815832
are:0.003944241604915494
no:0.027625662237607602
those:0.011385985609126136
play:0.019643670139757312
book:0.01907790497351947
doctrine:0.029025230761745336
pushing:0.03238498288989691
it:0.010517037722085029
not:0.007397668816883005
plausible:0.034872498890560495
have:0.006273013658253409
hope:0.017720622930307028
allowed:0.023508179313600438
has:0.013064717471000626
details:0.02340381522877506
his:0.011315515592056789
be:0.003548842068328045
gtoal:0.034872498890560495
were:0.009517198144001836
fill:0.02964702520505998
if:0.004111352268487174
of:0.005964435140053332
even:0.020603183408172094
gives:0.02230996610917856
what:0.005646884067463995
sense:0.020161484947012212
they:0.017170299837565836
find:0.01298433581394718
good:0.009938710744536805
code:0.019880444848660715
in:0.00218011904165019
door:0.05190150056604862
or:0.004136880108607886
world:0.01546779563639679
and:0.002342315426323864
for:0.003992010587878209
subject:0.0001637850116074742
combination:0.03043127901800406
i:0.002342315426323864
nsa:0.05528297328613148
back:0.02584486773089003
paid:0.02537417262436906
any:0.006277835989501886
graham:0.029897466889233327
favorite:0.02964702520505998
tapped:0.02998327205472253
will:0.013905587054028029
the:0.004161826435522378
do:0.008813716796398733
see:0.010855127370620712
when:0.008022542594133349
rule:0.0242251384555594
would:0.011443553939930995
can:0.005304085843176156
clipper:0.021926405636900438
once:0.0164603140792939
mr:0.02071751949867125
rules:0.025273100003488667
just:0.007204837812674147
record:0.023660419614948438
here:0.01104540432897789
is:0.003296596648965201
clinton:0.04497124280331819
either:0.015359280411738395
guys:0.023832366315897247
does:0.007475391499003222
himself:0.022961849389576496
their:0.009286402567985975
request:0.02392822716192842
told:0.01901975317011736
him:0.04410764362018358
going:0.013360832417482715
understand:0.018381332901445727
by:0.012152582513094062
says:0.01571182051796054
