media:0.04295061076842675
with:0.012713638625859724
encryption:0.0840597715918065
someone:0.023950631681119782
mentioned:0.03820830020425911
from:0.018403744661525556
tm:0.04995735141696247
corp:0.05030613744469616
to:0.004494127695948361
respect:0.04442780640145783
so-called:0.054508550708899255
that:0.007541404900749496
this:0.0114126617037265
93:0.0397936466935261
apr:0.040513133446065205
recently:0.03597077787595314
unix:0.0430713849578297
used:0.021461559873226798
a:0.0030358785344486846
other:0.014992478128607725
was:0.009624577544580277
chip:0.17567414988061272
no:0.012236366697635975
not:0.006553369658434401
being:0.021150042716577697
date:0.07777824325615919
hope:0.03139632106130484
has:0.01157363558572338
dartmouth.edu:0.12982389981767697
which:0.014042307962146932
of:0.004226969251429101
reading:0.035720891808293374
in:0.003862602215097619
and:0.00414997189663902
subject:0.0005803686280873543
al:0.08282639523309199
i:0.00207498594831951
hart:0.06285497165189798
group:0.02931647755224614
developed:0.04605759061114169
mention:0.04102907406822742
tue:0.06285497165189798
20:0.03418296030875674
established:0.050365372279126214
will:0.012318536357644395
the:0.004096483749940505
originally:0.04945429975865805
violation:0.11199462000634543
clipper:0.1942393542834115
jim:0.036807942901618144
relationship:0.049619410253157775
here:0.03913915012224774
claimed:0.04625925808826938
is:0.011681418560463648
whatsoever:0.05650771199325718
before:0.023110807252420047
registered:0.05619860400064268
by:0.01076560298714311
intergraph:0.1276697497601937
