read:0.014532070909602061
positions:0.03102021856779214
committed:0.028406758658115337
spreading:0.03653824151365064
previous:0.022264098844184652
work:0.012981233743527587
longer:0.021757762874193433
to:0.0035338440002328996
assumes:0.03469412566460076
legal:0.02422637944765016
director:0.0317003884780136
that:0.013342485593633725
technical:0.02459453360845705
view:0.06548747601508907
re:0.0023970545049882726
this:0.01009581612252729
he:0.010193161586668175
crypto:0.029133224589570485
certain:0.02113022430615711
on:0.009750169716140192
you:0.0035628140346712937
tell:0.015448878548861877
great:0.01616186338931203
evolution:0.034543289142740546
suggest:0.023534614135321267
apparently:0.024286288822126044
support:0.017557412240599396
more:0.008150121960389268
a:0.0008951949524656378
beings:0.03251548575676518
other:0.008841717870717376
series:0.022995835645946577
as:0.010257873848936134
idea:0.01777164291833818
capable:0.028126790302329046
eff.org:0.04012552220554438
also:0.009509596997945938
washington:0.024610341893682653
eff:0.14272908419243532
are:0.016484907220544243
no:0.007216318821682755
those:0.011896895219792052
digital:0.026470305109049123
states:0.022133716252921046
details:0.024453986424938044
public:0.03799672561616146
which:0.008281361105881523
thinking:0.022330298293901638
things:0.01432516620602724
of:0.008724898070257503
key:0.020550271610490868
but:0.008529272080133465
parts:0.02338907058600231
1985:0.03411097324020508
they:0.005980254003254767
who:0.008288800475858001
policy:0.02459453360845705
net:0.02125091336473386
one:0.0189098251495312
in:0.004555889792166422
fully:0.026908035287678173
our:0.014293432198592266
or:0.004322509344250547
and:0.003671128985488364
for:0.004171139268103512
subject:0.00017113433905139932
i:0.0024474193236589093
limited:0.024885224762165124
necessary:0.02310753703513798
community:0.026080441390875796
convinced:0.030405345991646373
the:0.0024158750320161953
represents:0.033640900976836176
cryptography:0.03141960243533159
can:0.005542089695113547
nobody:0.025694164522169407
clipper:0.0229102828129152
correctly:0.027937842750194734
human:0.020550271610490868
long:0.015258405417362723
people:0.009649186795340495
measures:0.03251548575676518
about:0.006314206284114561
interested:0.01844279625265974
jerry:0.1251347633913109
is:0.010333562572717843
critical:0.03132867528794726
privacy:0.15144572404180376
executive:0.03477089612002843
mitch:0.08098384458852399
their:0.00970310011911355
1993:0.019420870532116264
change:0.019051340435323638
position:0.04413901227195143
especially:0.020033946842931676
check:0.021213535670433905
poster:0.029197649819400626
s:0.011931466939538815
