taken:0.025943947242194176
read:0.035700835620439714
there:0.00722660618564683
theories:0.040934720499052446
thanks:0.015695957833985537
defeat:0.045950922970776076
to:0.0021703923780957966
design:0.029631237853743643
otherwise:0.027979408122929417
been:0.011553073915129443
that:0.008194597451208114
think:0.022673197283914256
nt:0.011245331523188008
could:0.011882749254535885
its:0.016282083118379292
responses:0.03492857189811743
need:0.015127574736198711
this:0.004133719987176527
omissions:0.045265794018101824
crypto:0.03578569319663776
two:0.014683381359474893
des:0.036973275005571495
american:0.025409726121167053
sternlight:0.07776103345011974
assume:0.02733455555345808
great:0.019852367627816354
etc:0.018286015649277444
them:0.011542198201041267
why:0.014013563623259893
approval:0.04428025745940887
a:0.0010996095479105473
as:0.006300111497771798
accuracy:0.0381035755635872
whole:0.023558389567144015
chip:0.025452002817348614
official:0.06387721293156418
business:0.028476879789240687
are:0.005062294343316736
doors:0.08127510512435926
care:0.024929267254125174
it:0.008098947159211936
not:0.004747322902172952
providing:0.036314895950129496
secure:0.03365949526582626
has:0.008384050975484654
bother:0.036107126224356315
netcom.com:0.02534673365922157
be:0.0045548130483265455
get:0.010349401380245057
were:0.024429973188540142
if:0.010553549917534004
of:0.004593084698403275
key:0.02524285331682343
reasons:0.028634050990520514
court:0.031469776594199285
david:0.05897114738609041
errors:0.03381121509941585
in:0.002798105541645519
government:0.04238763682860311
economic:0.036107126224356315
our:0.035114573590242414
yes:0.020998786381920386
and:0.009018836562774564
for:0.005123604140347622
subject:0.00021021225899227005
purpose:0.05922648019125334
i:0.003006278854258188
nsa:0.0354768686836198
back:0.03317097196956752
preferred:0.04021182641044518
information:0.019203317200659566
the:0.004748050456623956
would:0.007343698000821858
can:0.013615212479334069
orders:0.038538114268841454
clipper:0.05628352943015388
ensure:0.037894980166366915
genuine:0.04639257231448508
rational:0.04021182641044518
many:0.014592134075418059
does:0.009594400112893899
2:0.015341807496814241
1:0.015421447967911091
legitimate:0.03602552947604492
conspiracy:0.0422501069924632
very:0.013726318832940529
by:0.007798704526119418
unlikely:0.03754272903375752
strnlght:0.03961351218227256
