keys:0.052020061129732315
taken:0.014579120795392302
read:0.010030986999548326
out:0.010426346009561592
block:0.019414952598067838
say:0.008396216700298864
there:0.0040609689627307405
ever:0.011696557773583454
response:0.015538046693041336
someone:0.00974981466665053
such:0.008508925679061056
harmful:0.02364287934597685
to:0.0036589358232499932
association:0.021097020297730997
line:0.03748412055937153
recall:0.01730466909324346
then:0.01412283495376817
calls:0.017735794979904546
been:0.006492214102749731
that:0.004604928656209869
feds:0.021981872032388855
nt:0.009478918828173963
could:0.006677474138610873
re:0.00330920798918735
so:0.00904257165827363
phone:0.07798266706751068
brad:0.02115267862607994
omissions:0.025436972744685538
posts:0.01780096226623306
on:0.004486803763179557
used:0.00873656419618082
sternlight:0.04369757189453631
great:0.011155976498817154
a:0.0037075330774683055
as:0.0035403281425531786
listen:0.018897992789129507
accuracy:0.021412186268033512
stuff:0.012935471472007177
chip:0.014302674149572009
figures:0.020881134615565372
business:0.016002494394838793
are:0.00568948125310819
no:0.014943527471449246
innocent:0.019608205091442444
care:0.028017849037822097
instrument:0.046807287707260996
it:0.004551178270884583
have:0.004524341709271264
whose:0.016560979869473313
suspect:0.034354823565466895
doing:0.011861517279492546
has:0.004711391477374119
netcom.com:0.01424351847221743
without:0.0099434092247898
which:0.005716337754502291
considered:0.0152338183947443
get:0.02326325619984287
were:0.006864173882620793
if:0.014826336720429408
of:0.001720713146599457
what:0.004072752668126687
registering:0.027015180461228604
extract:0.02598587826977394
lines:0.01563354922254211
order:0.024816963372853912
using:0.019508146713671865
court:0.03536868696870185
they:0.04127962940299751
now:0.00730935574282409
david:0.033138653619617174
errors:0.019000107600114217
in:0.0015723867424291193
government:0.01190980061334645
conversation:0.0441687622885081
wash:0.02598587826977394
our:0.009866262933541564
or:0.002983679016385333
use:0.01471486307741016
and:0.005068107272001635
gets:0.01476688647076462
subject:0.00011812812784078892
person:0.024824729549326113
pay:0.014747088769902137
information:0.010791244621609578
tapped:0.04325020659221037
the:0.006336861588403543
do:0.009535193613803053
would:0.0041267683455945845
law:0.02660921349773421
clipper:0.11069924261815663
ensure:0.021294966730657512
an:0.003973000613105029
relationship:0.020199051961462457
problem:0.009360908371883116
just:0.0051964095728579025
record:0.017064815916976082
introduced:0.022918855346942327
long:0.010532350642073383
tap:0.049260480384999805
is:0.0035664507994335915
number:0.033215905067226874
done:0.011719750227525215
issue:0.013855575254269262
new:0.007628316658776756
else:0.011179434625389631
figure:0.01633848510652546
does:0.005391543426272236
difficulties:0.026709902268808466
serial:0.054946698157497774
existed:0.02240697747526329
enforcement:0.04000080020692588
going:0.00963635258429063
needed:0.014760277389982394
by:0.004382457853173301
s:0.016471759668743848
strnlght:0.022260690474108915
