screw:0.05207201370898377
at:0.009176718879733656
happen:0.03522533568924287
anyway:0.031755352308797224
your:0.013124293981054818
into:0.01865420732273319
from:0.008818460983647662
approach:0.04287763182222745
my:0.019796130444381277
to:0.0014356241250946154
been:0.015283754033556658
that:0.0072271796965516
nt:0.007438318247108734
could:0.03143977406929286
re:0.003895213570605943
so:0.01064386038942625
this:0.005468567066368947
ti:0.039465219335954815
distribute:0.05873341440760486
restrictions:0.05405354221211989
big:0.02891438076945372
you:0.017368718419022558
customers:0.05637795420497624
them:0.015269366370127508
m:0.014258486584542417
why:0.018538776876604234
sure:0.0227296252099917
steve:0.033407852571191526
widely:0.05120673663920654
international:0.04130588146605618
course:0.0254807479156252
far:0.02593102158459793
it:0.007142821452916082
not:0.0062803125893329675
have:0.00532552722028805
won:0.04501707796519569
try:0.02537905908691034
kind:0.028703403093365207
algorithm:0.0850218545779345
craig:0.04755193482594287
has:0.011091400769651573
convex.com:0.056012419623608846
be:0.006025638095181992
sending:0.047289536400645385
writes:0.0068881499064329405
get:0.01369139557594919
if:0.01396146707840436
of:0.0020254227663097776
what:0.01917587714576315
seems:0.02454674051438623
up:0.01399437885783734
gardner:0.12011589497115235
in:0.001850830228067609
government:0.02803765561058643
point:0.02293266626312563
douglas:0.04698314176307983
and:0.003977056400945728
for:0.003389050655334104
subject:0.0002780933009585239
i:0.003977056400945728
nsa:0.046932940862705365
established:0.04826681510082929
program:0.02892326492066745
the:0.0023554781562157906
do:0.007482478321942673
would:0.019430200960507835
can:0.009005895754559514
abroad:0.06384925349809088
an:0.00935310561001809
just:0.012233214202769644
ignored:0.05347468959592394
export:0.05405354221211989
cs.colostate.edu:0.061782056219717565
violated:0.056886185081741154
time:0.016453228853163682
holland:0.11377237016348231
trouble:0.03973772794052432
sold:0.04277633442751917
article:0.008440967503297927
by:0.010317036196012146
