say:0.019974157623868876
all:0.01004281926996096
take:0.022376306635112666
among:0.036257952294587635
encryption:0.04070262624445368
generate:0.049366408505507935
to:0.004352207873971045
then:0.016798740523955823
h:0.03719139078204754
that:0.018258138180761937
through:0.024941718884471862
need:0.020223178857865644
re:0.003936215818717585
so:0.010755901025104422
anyone:0.01760962894359359
phone:0.030919443433784936
numbers:0.0371341305368284
access.digex.com:0.047078551309403895
transmit:0.05967066455395153
same:0.020443087900301183
as:0.008422254318073879
part:0.02578128539382397
possibilities:0.05844885222497518
theory:0.042826830073438155
s1:0.19062435513949622
are:0.006767488227381321
it:0.003609004523578652
only:0.028074447121458665
s2:0.1913340242716665
access.digex.net:0.05221366820983854
writes:0.0069606567475532875
of:0.004093486011910287
trying:0.02838240234808838
what:0.009688864242069802
sense:0.03459286364592622
one:0.010350641134480237
in:0.0018703126515209523
required:0.03939769947895757
or:0.007098015344243003
force:0.03762109598752391
use:0.017502942397340505
message:0.034182314616418116
and:0.00401892015253463
few:0.02405923685164512
for:0.0034247248727586736
subject:0.0002810205988633505
each:0.026800098919585423
possible:0.027126017083837706
any:0.010771444908303235
phones:0.05213422393999241
the:0.006347393768328867
can:0.009100694657239087
102:0.06780950548272502
makes:0.02939976718159973
about:0.010368591371809174
different:0.026602283136960503
is:0.0056562658292771345
billion:0.05018870091881269
number:0.05267925996626859
chips:0.043713062612599704
either:0.02635329165382482
vary:0.05357379169910177
break:0.041307437349977744
their:0.015933511774544357
serial:0.13071530298520523
article:0.008529819792806327
very:0.01834992096614155
by:0.020851273154045603
mike:0.06727183218858324
