keys:0.031101941310369054
taken:0.026149851585386193
explains:0.04440162825771169
with:0.004641487117377359
though:0.01972654128262444
dealers:0.039072376799150065
to:0.0065628531432896705
crime:0.031835062898710444
probable:0.04646124092029173
trust:0.032931494156494705
enough:0.01930276608680473
been:0.01164476497794793
that:0.002753211312972038
think:0.011426571647052025
nt:0.0056672900930352255
need:0.045742904559458
re:0.005935563536161437
this:0.004166527288662055
omissions:0.045625046351578824
key-escrow:0.04617260882369748
crypto:0.036069706634706315
big:0.022030004395774263
on:0.00402387956539119
sternlight:0.07837818450924768
great:0.02000992610105299
access.digex.com:0.03549573313010611
terrorists:0.04103390133380259
a:0.0022166732156291983
was:0.0070274693182649645
secret:0.03171953672589928
truth:0.028532202603274635
steve:0.025453601959003067
accuracy:0.03840598489345693
chip:0.025654002839708524
figures:0.03745346367553789
are:0.005102471282549408
no:0.00893448996970246
care:0.025127118581538863
it:0.010884299356824506
not:0.004785000068063213
should:0.013038191605027616
law-abiding:0.04723238178103497
contain:0.037220704825581374
spy:0.04790823740278344
whether:0.022678242737157336
larry:0.036069706634706315
real:0.02029836392062101
algorithm:0.03238927793445124
has:0.016901182125183347
love:0.02596997968397975
netcom.com:0.025547898212072533
nonsense:0.04173121368135286
talk:0.02745709339394466
access.digex.net:0.03936744825344969
his:0.014638325726232195
be:0.009181924716467798
asked:0.026764292847130403
writes:0.005248114214425097
watched:0.07909980949459303
if:0.0053186541251064225
of:0.0030863585010434706
but:0.005280025573415954
well:0.013356094525026545
who:0.04104929759472534
david:0.05943917236534509
errors:0.03407955807639534
in:0.0014101563642419878
government:0.021362023322351566
our:0.017696630341114232
brother:0.0367747162672985
and:0.004545207315366545
subject:0.00021188061025411345
cause:0.02502778677255608
i:0.004545207315366545
back:0.016717116825932837
information:0.019355724480029878
drug:0.03398745056750401
the:0.0017946500237834594
judge:0.03462271015221462
would:0.0074019813182886985
convince:0.03750084595320855
clipper:0.028365112054085484
ensure:0.03819573397721109
an:0.007126175702870926
people:0.023893224445605037
assuming:0.03149341009261113
does:0.009670546145535914
grain:0.049250113038052754
nixon:0.045894106285512805
organized:0.03856741095883093
article:0.006431213335846039
already:0.02306179620077263
inclined:0.04575843617948661
citizens:0.032439350705826354
s:0.009848194934222513
strnlght:0.03992790513610012
