sent:0.024195279922957977
since:0.013163300153971587
simply:0.020122653551864402
believe:0.014293893949541713
feeling:0.028727874017036328
out:0.007751165125529341
know:0.00811759951090988
theories:0.03420203620644514
with:0.011542645594530538
encryption:0.025439141402783545
from:0.005569554305461681
manufacturing:0.03653053264060949
my:0.01875422884204542
hayes:0.0366212781809538
to:0.0018134199474879353
rd:0.03407671913426951
considerable:0.036713292930787615
physics:0.030168454147981916
most:0.012214443841888406
knock:0.03584638978847759
that:0.004564534545190484
really:0.012838129889413985
nt:0.004697885208700253
me:0.00712887289739832
re:0.0024601348866984903
started:0.021573979447295426
so:0.006722438140690263
had:0.010094792668961416
this:0.006907663662781828
off:0.014364851631291779
he:0.010461402681054178
federal:0.02599642230720567
hi:0.020730372763252663
two:0.02453670306122778
distribution:0.02924301119081105
you:0.003656572298741591
des:0.03089214424807618
communications:0.02775712431798483
came:0.01986004429261807
sure:0.014355552764205285
a:0.00551251628623577
how:0.01730740785827795
was:0.017476206594106293
secret:0.026293826496469136
solution:0.02559116492258716
computer:0.017636203323456022
business:0.023793182455483994
plan:0.0256945012989382
it:0.004511255654473315
systems:0.019739586317648754
japanese:0.03293959536558918
offices:0.03771201669965606
after:0.012692195313585205
routinely:0.04001250188702283
his:0.012134401588850372
be:0.0038056661653781006
sending:0.029867075621460244
writes:0.0043504104672208044
were:0.010205942746528283
dept:0.026995444015406572
if:0.004408884340548745
of:0.008954500651053753
even:0.011047101630039642
implemented:0.03288758760567396
they:0.024550516434414305
up:0.008838555068107793
now:0.010867857880777923
david:0.01642398183779272
president:0.0495455020943684
in:0.0035068362216017857
government:0.07083197206884993
visit:0.03229359519335751
installed:0.026351118127336134
system:0.014705410060806084
monitoring:0.037605039588657505
and:0.0012559125476670717
subject:0.00017563787428959404
i:0.0012559125476670717
source:0.02052149974802516
the:0.006942461934109698
got:0.01455364356335904
would:0.006135852934897211
can:0.00568793416077443
did:0.010815204233177403
pair:0.03359803917188511
friend:0.02284999618218951
company:0.06643673762430295
field:0.02560827532850859
new:0.01134210240054965
gave:0.024420223112091393
days:0.01959376726677745
told:0.02039618267584954
him:0.015766548048442814
agents:0.05993201805034865
article:0.005331137370503954
u:0.024879233444690892
give:0.01554760704839478
data:0.03860981083165542
announcement:0.03006645292077162
john:0.05292391578122063
security:0.024420223112091393
