some:0.024323684898611544
laissez:0.2743751610208146
scheme:0.09564222863488339
with:0.012183903683115569
defeat:0.12157848369351171
hell:0.07111210259337282
array:0.11377237016348231
w:0.0644654344797782
metzger:0.12235017685351897
that:0.0072271796965516
could:0.03143977406929286
re:0.007790427141211886
this:0.010937134132737895
set:0.05519613716929002
you:0.011579145612681705
a:0.005818767191026646
other:0.028735583079831473
noted:0.09298339685376195
as:0.016669045004521217
perry:0.20276527750418574
likely:0.06888351676936932
systems:0.06250869000588771
ve:0.03802361872973821
hughes:0.10657734549601441
completely:0.0749373674383223
device:0.0836282246856422
writes:0.013776299812865881
get:0.02738279115189838
up:0.02798875771567468
or:0.014048155368814277
subject:0.0005561866019170479
i:0.003977056400945728
tempest:0.12530122929233203
around:0.04931655069070074
can:0.018011791509119027
william:0.08482623498731286
just:0.024466428405539288
e:0.06481020200112139
snark.shearson.com:0.12441457065860712
le:0.11178674141755887
sensor:0.12274701424874176
very:0.03631755191215515
de:0.08418712556549937
pmetzger:0.1239850021752168
va:0.10398062788752949
