though:0.03823914156324123
dealers:0.07574029964142936
to:0.00636091920041922
crime:0.0617110450036541
probable:0.0900633285531809
enough:0.037417669645190714
feds:0.0764292781433828
think:0.022149969654285468
nt:0.0109858238726529
me:0.016670595083146843
need:0.0591139074306842
re:0.01150586162394371
this:0.00807665289802183
key-escrow:0.08950382633516744
crypto:0.06991973901496917
tell:0.07415461703453702
access.digex.com:0.06880711345220569
terrorists:0.07954263950860195
a:0.0064454036577525926
secret:0.06148710196097398
truth:0.055308577354040066
steve:0.04934082841283672
chip:0.04972929781235806
figures:0.07260209881719654
it:0.010549397838152985
not:0.01855107718695277
law-abiding:0.09155815545246779
contain:0.0721509047388193
algorithm:0.06278536953447471
be:0.008899403955961097
get:0.02022113808140188
watched:0.07666596920245171
of:0.002991393624088287
they:0.014352609607811442
who:0.019893121142059204
and:0.005873806376781383
subject:0.00041072241372335844
cause:0.04851540205141641
i:0.005873806376781383
drug:0.06588336571546932
the:0.0011596200153677738
do:0.011051044906253795
judge:0.06711479198736987
convince:0.07269394754006582
clipper:0.05498467875099648
an:0.013813817516334412
about:0.015154095081874947
assuming:0.06104876417952312
does:0.01874598175903885
grain:0.09546944988914843
organized:0.0747614427817338
citizens:0.06288243367590955
clue:0.07803716581623643
s:0.009545173551631052
