selected:0.023661533983589094
simply:0.014634657128628657
at:0.004215143600260435
there:0.008782574024661698
all:0.00912983569996451
faith:0.017918785264855467
your:0.0060283838381878585
way:0.008288865165294465
user:0.03618797591955039
into:0.00856843972718845
such:0.009201039251042098
generate:0.0224392765934127
both:0.010744995609130325
several:0.013485413263480366
to:0.005275403483601266
that:0.0016598307437056307
considering:0.01916444954715355
think:0.006888746543198828
nt:0.0034166437881456386
could:0.0072206179680672595
description:0.02093320699227704
escrow:0.11072164222277625
this:0.005023755391114057
he:0.007608292858948494
crypto:0.021745373377861223
goal:0.020067589303157066
something:0.019049390594866246
two:0.008922437476810102
fair:0.02020430400384633
pieces:0.024351723499591714
you:0.005318650616351405
etc:0.011111598026115959
access.digex.com:0.021399341504274496
a:0.003340918961355012
how:0.006293602857555618
as:0.003828297417306308
idea:0.013264958350529934
private:0.016984120208969146
steve:0.01534523371691094
official:0.019407669957676198
s1:0.08664743415431646
are:0.0030761310124460548
insure:0.02857368129958441
works:0.014235052600721243
book:0.029757880485011226
telephone:0.04284329557415484
recognized:0.023918245531399242
it:0.00328091320325332
ones:0.016232679331946682
only:0.006380556163967878
whether:0.02734410129073516
s2:0.08697001103257568
mit:0.024519624551320278
follows:0.020545570897731163
determine:0.020873021431478667
public:0.04254178848890804
be:0.005535514422368147
were:0.014845007631313866
if:0.006412922677161811
of:0.006512364109857276
piece:0.041241252763574286
philosophical:0.026837291377625708
key:0.09203375228430362
reasons:0.01739963864017275
but:0.00318317331220292
result:0.050741654942748834
ok:0.015616503303880057
up:0.0064280400495329406
now:0.007903896640565762
good:0.015502486615880374
called:0.012833753568692506
over:0.00959780264363329
in:0.0034005684573108225
advocates:0.028674415314885047
system:0.02138968736117249
or:0.0032263706110195467
use:0.007955882907882048
and:0.005480345662547223
still:0.009768942977174866
for:0.00311338624796243
subject:0.00012773663584697749
each:0.036545589435798304
offer:0.016818964683214536
p:0.08052937893854904
keeper:0.058655773548485404
i:0.0018267818875157408
suggestion:0.022144328444555248
s3:0.029691455707151423
face:0.01717354828203617
will:0.005422513611977437
agency:0.02093320699227704
the:0.006131005344408564
do:0.006873855683315757
would:0.0044624384981070625
proposed:0.021118443892663118
clipper:0.01710049817614723
forward:0.02069687801940825
may:0.008904428360956129
an:0.004296163342400654
trusted:0.028099562148176604
s4:0.03276252693285666
compute:0.02801012610505626
different:0.012091946880436591
interested:0.013765914906291482
is:0.005142059844797395
alternatives:0.025357921627995356
issue:0.014982583767774416
attributed:0.025728192745772486
break:0.018776107886353522
1993:0.014495960779952808
byte:0.025839469598233092
improvement:0.02439314963711858
agencies:0.06651120932554466
professor:0.024519624551320278
give:0.022614701161301497
security:0.017760162263339197
s:0.00890578393573232
