keys:0.050894085780603913
there:0.01191920760489802
ever:0.034330156582205985
c:0.03358568435622026
harmful:0.06939338613234765
to:0.0017898690390790012
association:0.061921124510223455
line:0.07334555191703868
that:0.004505254875772426
feds:0.0645182218093491
r:0.04026259437310559
nt:0.009273747424966734
re:0.004856370165950267
phone:0.0762947305508979
jon:0.05388789952880953
on:0.013169060395825712
used:0.0256423832251541
sternlight:0.06412760550756628
chip:0.041979277374068494
andrew.cmu.edu:0.05291921307438001
business:0.046968360171864516
are:0.00834949846235358
no:0.029240148991753503
innocent:0.05755135520345445
care:0.04111710313342724
instrument:0.06869121442753887
whose:0.04860755130520739
suspect:0.0504168189986722
netcom.com:0.04180565161975506
considered:0.044712246197561194
writes:0.008587823259968343
get:0.03413958377379539
if:0.008703252204719602
they:0.024231678558642694
david:0.03242136674473369
in:0.002307528596032344
conversation:0.0648190927091093
use:0.021594539321394133
and:0.004958407980399869
subject:0.0003467137258703675
person:0.07286219322269742
tapped:0.12694216480311096
phones:0.06432144512076987
the:0.00783120010378237
do:0.009328804141642815
clipper:0.13924691372005601
an:0.011661014786516061
problem:0.027474873922669927
just:0.015251799525530987
is:0.01046776468405184
number:0.03249694608308777
serial:0.053757375686556266
needed:0.04332237259916911
by:0.012862798374248911
s:0.016115228074182295
strnlght:0.0653365720408911
