king:0.14474667258199295
out:0.020313398260007928
pub:0.10792381834594696
much:0.03012408395792985
c:0.044587891300499304
someone:0.03799065714936241
publications:0.09940625790716058
that:0.0059811142316289105
could:0.026019123367690643
publication:0.18918591640798074
me:0.03736512691050154
tells:0.0763275862123554
anyone:0.02884335775243778
m:0.023600253657173657
a:0.004815531468435845
copy:0.05890710250109211
solution:0.06706650117643531
no:0.058228227733578095
it:0.005911300512758138
friedman:0.10296378261401969
be:0.009973469950646057
if:0.011554317582127747
of:0.013409695556257838
park:0.07743521153525804
looking:0.044722161127700756
print:0.0757993626009435
ciphers:0.12420763918803059
for:0.011218926307312896
subject:0.000460292360207212
appreciated:0.05835796757200419
the:0.0025991483103070794
would:0.016080166312144414
can:0.014906310214443334
regards:0.07119599305192523
press:0.061850868289097694
is:0.0046322866705286875
methods:0.07671504924428743
their:0.026097993423822654
1:0.0337676533090467
16:0.18036169354267972
wanted:0.05250275844045004
volume:0.0763275862123554
john:0.09246477239937399
s:0.010697177256138246
