screw:0.06022787127786075
above:0.03280308470034392
some:0.014066709338956075
believe:0.026176769642534223
at:0.0212280725892634
scheme:0.05531116836716149
media:0.04760790591199111
such:0.023168881969491552
france:0.061742187123204076
work:0.024398463421569927
us:0.0248177877853614
nt:0.008603356044848657
re:0.004505307262387597
derek:0.1328281219815591
93:0.04410862043137833
student:0.04847009002612858
crypto:0.16426926636046973
laws:0.08944274489247933
sternlight:0.059491874988947036
board:0.04326742794403789
a:0.001682535091381199
science:0.040742556941774886
processing:0.05714739728550403
computer:0.032297625363437533
not:0.014527952013878673
have:0.012319291883075973
only:0.01606670166589502
mit:0.1852265613696122
netcom.com:0.07756711264388287
without:0.02707482511810235
hackers:0.0684845460139923
writes:0.00796701675924774
electrical:0.057074155766511474
gear:0.06121598153883467
least:0.05801596102907187
secretary:0.06152893920634383
david:0.060155306972156486
in:0.00428143859986724
u.s:0.08500584098792044
and:0.004599968849286625
for:0.003919865818217759
subject:0.00032165008303636504
legally:0.060323114404452476
i:0.0022999844246433124
license:0.05636523407948818
group:0.0324953727085138
import:0.0670654732952407
information:0.029383388969683916
research:0.037196764825744306
the:0.004540680783066584
wrong:0.031848458516022415
countries:0.10157781418868425
laboratory:0.05767294695388825
people:0.018135820964736354
about:0.011867664823155079
including:0.038312863934099155
is:0.0032370196010923363
does:0.029361176249096996
speech:0.05722108676764182
engineering:0.04658734329184457
article:0.009763046750802423
strnlght:0.060613446351188136
