calls:0.2357817450269663
michael:0.17674677656904053
curious:0.25213366710714674
how:0.07737429395465437
chip:0.19014143281195728
wm:0.3183696237457482
system:0.13148366642603088
and:0.01122933572031735
subject:0.0015704092289422528
the:0.004433841235229724
would:0.05486174388849271
conference:0.5127415845918092
clipper:0.4204710728017378
just:0.06908168020387565
handle:0.23896216980757076
