some:0.011335309467314116
expensive:0.03932123101103775
behind:0.03424992622328833
scheme:0.044571135674508766
true:0.02508039604036744
access:0.06509469646637914
with:0.0056779356969858955
defeat:0.056657934148432634
hell:0.03313962062603782
array:0.053020133668418935
to:0.004014172310944168
remember:0.02701576734486633
w:0.06008428844717192
basic:0.03708400785980582
metzger:0.057017558145329224
next:0.026003689550962866
make:0.017088160032521393
that:0.0033680060721793864
nt:0.006932801473033383
could:0.014651545197340361
re:0.0036304903182346653
this:0.005096916877392417
set:0.02572247169054292
you:0.016188320079865686
communications:0.04096196986731742
more:0.012343874037094424
a:0.0027116584967891164
other:0.013391339687688453
noted:0.04333206843670459
as:0.007768098642883674
idea:0.026916274711269474
worth:0.0341278021241926
perry:0.0472462782534025
are:0.0062418580737983054
likely:0.03210105635854105
care:0.03073802855605725
it:0.003328693492621087
not:0.005853495228892862
systems:0.029130263303714665
ve:0.01771974465075179
hughes:0.09933422492832411
money:0.030099221036205142
university:0.022818835937851004
completely:0.034922268320771555
absolutely:0.03885882276842363
device:0.03897237655253229
deny:0.04659878918059986
writes:0.012840046427525481
get:0.012760912381467206
if:0.006506314754984556
but:0.012918120820396315
who:0.012553911400328624
up:0.013043304566528005
waco:0.03771529815040049
in:0.003450091298922145
government:0.026132183870061138
system:0.021701187662548783
or:0.013093426363166703
subject:0.0002591937562331873
murder:0.04153961160386737
i:0.0037067710144736876
tempest:0.058392805883805216
any:0.009934827828046671
decide:0.03974473220012407
will:0.01100296451362412
than:0.013889332837082146
the:0.002927196155297293
do:0.006973960377732976
around:0.02298247022479258
can:0.008393844586773915
maybe:0.02570789400332353
william:0.07906134523089353
just:0.011401830713261028
e:0.03020281258304686
is:0.005216944211469202
snark.shearson.com:0.0579796057438169
time:0.015335048251492364
sensor:0.05720249207708354
article:0.007867309517636902
very:0.01692468438624706
opinions:0.027724370441942155
mine:0.03170134994951443
pmetzger:0.05777941848942141
security:0.036037610806193124
blame:0.04346722706309884
