keys:0.016964695260201303
sent:0.015920703672249407
go:0.008421784639801417
ask:0.01261715404483276
there:0.0039730692016326724
all:0.004130163769031563
your:0.01090850408814946
mathematics:0.023035981928450185
harmful:0.023131128710782545
opportunities:0.025423413372159788
my:0.004113481650780525
to:0.00477298410421067
line:0.04889703461135911
areas:0.017819275562484135
that:0.0030035032505149506
feds:0.10753036968224851
like:0.010083455095313188
mainly:0.020834036714842415
happens:0.016173495734973068
me:0.009381720176662724
need:0.024950675214249825
re:0.0016187900553167555
effort:0.017585960548609104
escrow:0.08014137913267615
phone:0.0762947305508979
this:0.0045453024967222425
blow:0.06328944289539004
these:0.007171584299129622
on:0.0021948433993042855
you:0.01203028115603294
used:0.008547461075051365
them:0.00634571069927377
access.digex.com:0.01936130898005788
a:0.004231830684383015
was:0.003833165082689981
owner:0.01940176725892471
as:0.003463697663277136
steve:0.013883782886728946
part:0.010602693127330204
let:0.009978951267328246
waste:0.018521991321204932
fine:0.014022322848140954
funding:0.023179497977441097
straight:0.017301565486854152
are:0.002783166154117859
no:0.038986865322338006
d:0.007886771525441712
place:0.011772413927776735
it:0.005936890558267913
not:0.010440000148501556
have:0.006639618352566921
being:0.008423393636039602
only:0.00577288414835189
carlos:0.02709775525569231
agent:0.04307849309147576
mother:0.01843984456164214
facts:0.017532843264661858
bother:0.019851104028109315
shows:0.016728201894458488
call:0.011501974450210855
access.digex.net:0.021473153592790742
his:0.00798454130521756
free:0.01250003374079972
considered:0.014904082065853731
writes:0.0028626077533227805
get:0.011379861257931796
things:0.009674138217057357
if:0.005802168136479734
of:0.003366936546592877
key:0.04163431650956592
what:0.003984597848470265
but:0.008640041847407926
never:0.01908172494252693
ok:0.014129217274939099
extract:0.025423413372159788
using:0.00954294622790009
well:0.014570284936392596
find:0.009162107089495195
up:0.0058158457591012324
now:0.007151144579559499
pick:0.017402833363800926
one:0.004256757176517846
in:0.003076704794709792
conversation:0.021606364236369763
our:0.028958122376368748
yes:0.011544787318198654
men:0.0152017253360491
and:0.003305605320266579
for:0.0014084366359830042
subject:0.00011557124195678917
i:0.0008264013300666447
nsa:0.019504598800085347
we:0.017503167606674936
warrant:0.061133791759360664
circular:0.02518505935838045
research:0.026730142688630106
will:0.004906083744170063
the:0.0022841000302698576
do:0.0031096013805476047
cryptography:0.021218432813470686
specific:0.01586647743926594
because:0.007639490471404822
clipper:0.06188751720891379
joe:0.0344542790209778
mr:0.029237711500289296
just:0.005083933175176995
here:0.007793943314386996
about:0.004264139308752691
tap:0.1204855905520558
is:0.01046776468405184
number:0.02166463072205851
new:0.007463201579582454
lot:0.010729668347469225
serial:0.035838250457704175
first:0.008127942984376801
advanced:0.02001188128763077
radical:0.02447379073807189
describing:0.02280688062345303
article:0.0035079345468251124
give:0.010230460049160202
registered:0.04476425600051192
s:0.008057614037091147
