another:0.014588850857819597
some:0.0076811636521931185
since:0.013163300153971587
expensive:0.02664530785616374
at:0.005795822450358099
behind:0.02320883158551775
scheme:0.030202809042594758
true:0.016995268369459516
take:0.013985191646945417
access:0.044110221947612174
with:0.0038475485315101797
defeat:0.03839320537689843
hell:0.022456453450538785
array:0.03592811689373125
mentioned:0.023126076439419985
from:0.005569554305461681
my:0.012502819228030279
to:0.0036268398949758705
noisy:0.038274662577538705
w:0.040715011250386235
basic:0.02512929479973684
metzger:0.03863689795374283
make:0.011579476864142787
that:0.004564534545190484
cold:0.029066778848944933
could:0.009928349706092483
re:0.0024601348866984903
anyone:0.011006018089745995
this:0.003453831831390914
set:0.017430359106091586
you:0.003656572298741591
communications:0.02775712431798483
3:0.01540438121472118
more:0.008364598854083723
a:0.004593763571863142
other:0.009074394656788887
noted:0.02936317795381956
as:0.010527817897592348
idea:0.03647863546395732
volts:0.04016730779103726
standard:0.020026608818830505
worth:0.023126076439419985
considerably:0.036094681419943694
perry:0.03201557013223985
computer:0.017636203323456022
likely:0.02175268950611663
laptop:0.03942732105796694
it:0.004511255654473315
not:0.003966513214315558
have:0.0067269817519428005
systems:0.019739586317648754
ve:0.01200745854623312
hughes:0.06731200768169332
money:0.02039618267584954
completely:0.023664431822628094
earlier:0.025960174571607184
craig:0.030032800942700756
absolutely:0.026331965428602853
screen:0.024594126119118733
device:0.02640891305862385
pgp:0.029899888394559183
deny:0.031576811089485436
be:0.0038056661653781006
writes:0.013051231401662413
get:0.008647197205862647
of:0.0025584287574439294
lcd:0.04032584431458371
freedom:0.0262370294757803
key:0.021091068231819575
available:0.01777015676193572
but:0.013130589912837044
they:0.006137629108603576
who:0.008506926804170055
up:0.008838555068107793
in:0.0035068362216017857
5:0.017097847940247914
system:0.014705410060806084
or:0.004436259590151877
douglas:0.02967356321878726
use:0.010939338998337815
subject:0.00017563787428959404
doug:0.05686367742972087
i:0.0012559125476670717
tempest:0.03956880925021012
away:0.0182169972784452
power:0.017775363685332512
any:0.006732153067689521
will:0.007455956216468976
than:0.018823701081835013
the:0.0009917802763013855
less:0.018084641819712352
around:0.015573647586537075
supplies:0.036441021771821465
would:0.006135852934897211
can:0.00568793416077443
tries:0.03395374457497903
instead:0.020182462576214744
william:0.05357446420251338
just:0.00772624054911767
many:0.012192112023540088
e:0.020466379579301492
is:0.005302749214947313
snark.shearson.com:0.039288811786928564
cs.colostate.edu:0.07804049206701166
time:0.010391512959892853
holland:0.17964058446865627
lot:0.016306272291219674
run:0.017610752818338123
speech:0.031245725011278095
dead:0.022574224571125893
sensor:0.03876221502591845
e-mail:0.01809010379376491
article:0.010662274741007907
very:0.011468700603838469
by:0.006516022860639251
pmetzger:0.039153158581647404
security:0.024420223112091393
