out:0.01402591784619595
there:0.01092594030448985
know:0.014688989591170258
programming:0.05223546770432537
thanks:0.023730793391859083
where:0.04398706662461337
access:0.03990924842879197
encryption:0.04603273206217975
contract:0.06048721985384853
both:0.0267345724084314
to:0.0049221398574672524
design:0.04479960961220765
713:0.06643357768428235
ms-dos:0.06166263462391626
might:0.02532244209379102
that:0.004129816969458057
jeff:0.050184277247980906
this:0.018749372798979248
best:0.028990191428112308
unix:0.0943468432409603
on:0.006035819348086785
am:0.05836915559647734
support:0.03260662273254174
a:0.0033250098234437974
as:0.009525168574012123
running:0.03604119538627026
advance:0.037660728769960114
no:0.013401734954553688
internet:0.03400635646565007
it:0.0040816122588091894
texas:0.04724011513891669
have:0.012172633646372687
novell:0.06843756952736824
network:0.043732019881304485
pgp:0.10820911990411894
heard:0.03217437332642708
anybody:0.03618565648705589
get:0.03129461845931243
things:0.02660388009690773
of:0.006944306627347808
3.1:0.04668478551044306
version:0.03714845961506648
windows:0.06540969479579765
net:0.03946598196307717
in:0.002115234546362982
and:0.006817810973049818
subject:0.0003178209153811702
i:0.011363018288416364
group:0.03210852303341244
program:0.06611031981866845
the:0.003589300047566919
about:0.011726383099069898
ad:0.05154371019471488
new:0.02052380434385175
does:0.014505819218303871
runs:0.04466417286242065
under:0.028896707465543323
by:0.011790898509728167
news:0.036534244240040696
