bottom:0.024925078488050117
at:0.009788500138382568
know:0.020564585427638362
case:0.013731172818370866
discussing:0.027035370333891435
existing:0.02405373142420028
ever:0.014685678093499226
with:0.006498081964328304
someone:0.01224143397035011
hacker:0.031492850736807756
from:0.009406358382557507
work:0.01125040257772391
to:0.0015313324001009231
sound:0.01917324049515795
then:0.008866001943198906
published:0.022778317859508616
potential:0.023812624115674974
been:0.008151335484563552
think:0.023995800458809252
nt:0.011901309195373974
and/or:0.022449900150799836
anything:0.012895784168441133
re:0.002077447237656503
resist:0.03166647597849723
this:0.0029165691020634392
crypto:0.05049758928858884
these:0.009203533183883015
recently:0.018385064247709384
on:0.011266862783095332
distribution:0.024694098338907112
you:0.003087772163381788
des:0.026086699587264332
fall:0.021668339041079624
rsa:0.031242181651916258
them:0.008143662064068006
a:0.005430849378291537
was:0.014757685568356426
related:0.021411883253506497
copy:0.018981177472574124
also:0.016483301463106295
anywhere:0.023479607249191452
are:0.0035717298977845863
it:0.007619009549777155
cryptanalysis:0.037511433050903986
have:0.002840281184153627
being:0.01081002183291749
probably:0.013262353972384492
only:0.007408534657051592
ve:0.010139631661263524
against:0.028703119912864963
algorithm:0.02267249455411587
attack:0.043874417425068694
differential:0.031242181651916258
algorithms:0.028275056730081495
uses:0.018972195165757984
be:0.006427347301527459
which:0.007177179625097322
writes:0.0036736799500975688
were:0.008618351652623884
things:0.012415144045223609
of:0.006481352852191288
converted:0.02818008765586316
looking:0.014410474141148023
what:0.005113567238870174
reading:0.018257344702016613
mizzou1.missouri.edu:0.06924647210974232
well:0.009349266167518583
they:0.005182886802820799
up:0.0074636687241799145
net:0.03683491649887203
good:0.009000054729774996
one:0.005462838376531236
in:0.003948437819877566
distributed:0.026884189425419855
and:0.003181645120756582
few:0.012697930560590482
still:0.011342828234608596
for:0.0018074936828448556
i:0.007423838615098692
nsa:0.025030901793442865
later:0.01775228904976502
the:0.005862523411025967
do:0.011971965315108277
when:0.007264858015798533
dictionary:0.027391363982138782
would:0.00518138692280209
can:0.004803144402431741
sci.crypt:0.03193753244610518
peter:0.04090992312028841
conference:0.02421279705016877
may:0.010339030707999061
makes:0.015516543790288747
about:0.005472312112899286
changed:0.020996195521296807
hold:0.019276558960800112
is:0.0029852514098962658
broken:0.024951345939138704
discussed:0.025221086080344207
done:0.01471479750789277
new:0.00957777536046415
type:0.018002847279620534
paper:0.04285164885818439
papers:0.025681914319126156
wishes:0.02898959771798201
eventually:0.02354054631236131
too:0.010847321488136092
faq:0.04313438958775288
although:0.01755410809308199
three:0.016213822258180403
check:0.018385064247709384
john:0.014897102219899143
s:0.010340604680933639
