bellovin:0.13770251746824483
encryption:0.08788067030052499
calls:0.18219498479356488
generally:0.08788067030052499
re:0.008498647790412968
michael:0.06828852731076566
curious:0.09741528047321579
a:0.006347746026574523
how:0.02989461357338919
chip:0.07346373540461987
it:0.015584337715453271
not:0.013702500194908294
ve:0.0414803113415326
writes:0.0150286907049446
of:0.004419104217403151
wm:0.12300644553812998
designs:0.12383298290564987
seen:0.05891965660505347
they:0.021202718738812357
in:0.0040381750430566014
system:0.10160101496556932
and:0.004338606982849885
subject:0.0006067490202731432
steven:0.10196623017838684
i:0.004338606982849885
any:0.023256528779291075
the:0.0017130750227023932
would:0.021196582866008548
conference:0.19810470313774448
clipper:0.24368209901009802
just:0.026690649169679226
number:0.0568696556454036
involve:0.112223309638241
handle:0.09232629288019781
article:0.01841665637083184
s:0.028201649129819015
