cia:0.06488861076139206
read:0.026360500719743277
go:0.02262130525342008
ahead:0.05025162191463705
ah:0.0547360693659392
encryption:0.04496220340957092
into:0.02082330119746961
sell:0.040465956964890325
to:0.006410228651585259
job:0.04036614599173461
bruce:0.05356579581036144
that:0.004033774714354382
re:0.004348145381141518
cryptosystems:0.22590015950701947
so:0.011881518574243256
this:0.006104446957807198
them:0.017044874087584195
access.digex.com:0.052005376446434534
steve:0.03729248659109752
developing:0.057330761823081174
spying:0.14493447650876298
are:0.007475713739549134
no:0.013090066699796626
those:0.021580414584739072
it:0.007973382086976092
against:0.03003814874602147
domestic:0.18921836493224772
chooses:0.06828847080196408
algorithm:0.047454058369079725
develop:0.052390259567671106
has:0.012381098533564547
prohibition:0.07019113852035713
access.digex.net:0.05767788930156583
wiretapping:0.07246723825438149
be:0.006726293687645015
which:0.015022003866482765
mandate:0.06993556983758067
writes:0.007689097569971655
if:0.007792446741434991
of:0.0022609370414620775
but:0.007735851421516398
well:0.019568231513410986
beyond:0.04541353717951868
easy:0.038531180979753575
one:0.011433847764832819
in:0.002066043045284773
government:0.06259569624689064
and:0.0022197524098301735
subject:0.0003104297313025383
nsa:0.10478051913534221
actually:0.028422257291873077
capabilities:0.059588389897976025
masses:0.06394529047287616
the:0.007011655906874911
is:0.0031241003126821383
unlike:0.05362781146123775
field:0.04526113778992216
new:0.020046506568413336
their:0.017600972309089698
protect:0.048015902290833294
designed:0.04569299298700887
supposed:0.04242668617926001
article:0.009422475352518616
takes:0.04158023086022873
s:0.028857501435163642
