read:0.013739412496351041
all:0.005782229276644189
with:0.0035444083441790748
way:0.01049922920937299
response:0.02128241547046874
such:0.011654649717986658
to:0.004176361091184336
us:0.012484099310212098
enough:0.014740294102650885
speak:0.0217298958462933
calls:0.024292664639141984
potential:0.025977408126190878
make:0.010667154444543659
like:0.014116837133438464
nt:0.004327748798317809
re:0.004532612154886916
anyone:0.010138877270553886
charles:0.02494698578747779
political:0.021847125924130455
this:0.009545135243116709
suicide:0.03133497920035834
something:0.01206461404341529
these:0.010040218018781471
on:0.012291123036103998
great:0.015280307204440466
gross:0.03494280580978978
working:0.019203266731555195
letters:0.028423083684989418
m:0.008295846740097406
a:0.004231830684383015
how:0.01594379390580757
same:0.011770262730476438
as:0.019396706914351962
adam:0.028149111340940648
eff.org:0.07587371471593847
act:0.045231915915373996
eff:0.033735965354575626
organization:0.023223231685556796
are:0.0077928652315300065
those:0.011247973662348849
internet:0.01731232692796731
lobby:0.0354794930664046
action:0.06694351056047193
it:0.0020779116953937695
should:0.009956437225657451
discussions:0.02908894112485931
have:0.0030984885645312294
second:0.016664822888801615
hopefully:0.02801663380268308
call:0.016102764230295198
glad:0.02811571948754083
be:0.007011651601666319
loop:0.03111254667399211
writes:0.008015301709303787
get:0.007965902880552257
certainly:0.018640953195488735
things:0.0135437935038803
if:0.004061517695535814
of:0.00824899453915255
kept:0.024204700742873782
seen:0.01571190842801426
but:0.00806403905758073
killing:0.024527531222761582
up:0.008142184062741725
powers:0.03212003406212745
net:0.02009177263574838
sounds:0.021592148870065685
in:0.00753792674703899
our:0.013513790442305414
and:0.003470885586279908
for:0.0059154338711286175
subject:0.00016179973873950483
editor:0.027983961992774736
i:0.005784809310466513
group:0.016346157180646335
we:0.032672579532459875
informed:0.030950920934100228
community:0.024657871860464392
the:0.004568200060539715
do:0.0043534419327666465
start:0.01707613386595462
strong:0.021882741733154607
would:0.005652422097602279
can:0.010479587787123799
an:0.005441806900374162
myself:0.02019904279998717
long:0.014426128758233847
people:0.009122867515594652
is:0.006513275803410034
done:0.016052506372246658
time:0.009572787696386142
events:0.024657871860464392
appropriate:0.024509137867033372
issues:0.02306199686423573
article:0.009822216731110315
little:0.014214173950899783
realize:0.023718250055340232
aware:0.02482968007261139
motion:0.03100431868974965
favor:0.028858763863858
news:0.018599251613111628
