22:0.019934672728482063
mode:0.01832241744726426
some:0.005586300837958632
since:0.009573309202888427
pc:0.015946612736831976
gtoal.com:0.0274269212361135
ask:0.013945275523236208
week:0.032993672769431416
at:0.00843028720052087
out:0.0056372110003849755
there:0.004391287012330849
posting:0.015785591181608806
damn:0.02058295147063448
tried:0.01482231604323766
means:0.013562656557123218
ordinary:0.02439314963711858
produces:0.02520760489960598
access:0.01604008070822261
with:0.0055964342276511704
someone:0.010542861792646028
loads:0.02712302934270524
tcp/ip:0.028674415314885047
approach:0.019694988779587728
my:0.013639439157851214
to:0.0032971271772507913
add:0.01644124601173071
then:0.007635791147252646
most:0.00888323188500975
usable:0.0277514312664425
software:0.013472659753498834
sparc:0.02601139308735301
been:0.007020288934073872
that:0.006639322974822523
think:0.013777493086397656
cco.caltech.edu:0.021534766270603932
could:0.0072206179680672595
re:0.001789189008507993
dsp:0.02877731581833463
had:0.007341667395608302
this:0.015071266173342172
best:0.011651560191203034
crypto:0.021745373377861223
something:0.009524695297433123
two:0.017844874953620204
starting:0.018763263075967547
on:0.009703518186397893
great:0.012063400424558262
toal:0.027197212053403638
m:0.013098705379101168
seconds:0.044288656889110496
a:0.0040091027536260145
factor:0.02165062396496084
other:0.0065995597503919175
want:0.009055492668479338
old:0.012669440585369972
running:0.01448545651888374
worth:0.016818964683214536
let:0.011029367190204902
question:0.010444909489699063
marry:0.028990003677525224
internet:0.013667626522079455
it:0.00656182640650664
not:0.002884736883138588
expense:0.026438336310931683
application:0.01765726175988961
have:0.0024461751825246548
ve:0.008732697124533178
whether:0.01367205064536758
hal:0.08429868644452983
real:0.012237291167455729
algorithm:0.019526550333688306
25mhz:0.02792233118319886
pgp:0.021745373377861223
without:0.01075220327656696
sun:0.017361207196645172
be:0.011071028844736293
writes:0.0031639348852514943
gtoal:0.027197212053403638
end:0.025877831603593388
of:0.005582026379877664
tremendous:0.02877731581833463
even:0.016068511461875844
but:0.00318317331220292
they:0.004463730260802601
who:0.006186855857578221
net:0.01586192576506451
over:0.028793407930899875
code:0.015504844547041608
in:0.002550426342983117
cpu:0.021399341504274496
point:0.010533664886411774
or:0.0032263706110195467
better:0.01069959747034164
weeks:0.017418970743220623
and:0.0009133909437578704
for:0.00311338624796243
seriously:0.01855001752821694
subject:0.00012773663584697749
300:0.019902012608528
i:0.008220518493820834
we:0.012897070868076267
back:0.010078261818504963
any:0.0048961113219560155
graham:0.0233171631719858
will:0.005422513611977437
source:0.014924727089472845
filter:0.02501425782621901
the:0.003606473732005038
can:0.008273358779308262
compression:0.046568102010530694
needs:0.01602558163956625
an:0.004296163342400654
10:0.01382952994208691
about:0.004712996078095079
is:0.005142059844797395
stuck:0.022753607977457648
cards:0.018827834757665557
yesterday:0.021035229812702023
guys:0.01858696511718302
compress:0.029212587484390738
run:0.012807820231518635
build:0.017854703650805524
told:0.014833587400617847
workstations:0.025953396147006865
speech:0.04544832728913178
guess:0.014335680683902648
position:0.01647293280962781
takes:0.017109568679328568
before:0.01017317831207007
going:0.01042017073707982
by:0.014216777150485638
wish:0.01787596897023339
s:0.005937189290488213
