22:0.02380769485858715
mode:0.021882201408447034
some:0.00667163928647631
pc:0.019044811782845047
gtoal.com:0.03275558021912984
at:0.010068171570907784
folks:0.021161233430255874
tried:0.017702080303066692
means:0.01619768697393573
gap.caltech.edu:0.03016429834887541
ordinary:0.029132390138044473
produces:0.030105082422958
thanks:0.01139078082809236
with:0.003341870724511699
into:0.010233165159899351
loads:0.03239264647214512
bits:0.025196447994095962
approach:0.02352144374247906
my:0.01628938733709088
to:0.003937711885973802
sound:0.019721047366448176
real-time:0.03400731488234518
usable:0.03314313791249419
software:0.016090205077035753
that:0.007929248581359469
cco.caltech.edu:0.025718663717464126
re:0.002136802873018117
sample:0.05386516214397668
dsp:0.03436833717732536
this:0.01199959859134672
best:0.013915291885493909
something:0.011375207526648702
starting:0.02240869704501267
on:0.00869157986124497
great:0.014407146792758153
working:0.018105937204037754
toal:0.032481241823779206
8:0.016871378756422094
m:0.007821798354948983
seconds:0.052893310227566256
sure:0.012468822972338306
a:0.003990011788132557
factor:0.025857030906724664
other:0.007881759930468062
low:0.019404540228456113
want:0.010814845529783896
worth:0.04017329850047815
let:0.013172215672873284
question:0.012474206190554882
definitely:0.024319152823547335
plus:0.020433713451312403
internet:0.016323051103512034
works:0.017000719963147087
it:0.011755043305370468
not:0.0034452000490055134
expense:0.03157492736562698
application:0.021087815473239593
pd:0.03113514998770625
made:0.013289026010960008
ve:0.01042933542301391
whether:0.016328334770753284
hal:0.06711781130250184
per:0.020210429231845812
left:0.016710886762860352
algorithm:0.023320280112804893
without:0.01284120277029997
be:0.01322197159171363
found:0.015282974315754271
writes:0.0037786422343860705
get:0.007510708430234984
gtoal:0.032481241823779206
if:0.0038294309700766245
of:0.0033332671811269485
trying:0.015407589846105121
tremendous:0.03436833717732536
even:0.019190393688754578
but:0.007603236825718974
well:0.009616388058019114
over:0.04585007434329961
code:0.0370344286895051
in:0.003045937746762694
cpu:0.0255569278536764
point:0.012580205492914633
yes:0.015239119260022221
or:0.003853208329731916
better:0.012778376407436589
and:0.001090849755687971
for:0.005577409078492697
subject:0.00015255403938296168
300:0.02376868934389915
i:0.004363399022751884
we:0.007701393746936971
rate:0.02219814691137858
graham:0.027847354873971615
actually:0.013967509297720483
will:0.006476030542304482
the:0.0017228640228321211
can:0.004940377099644076
compression:0.055615618972576664
needs:0.01913912321525341
10:0.01651641004512094
here:0.010288005174990835
is:0.006141088614643746
cards:0.02248581408201201
yesterday:0.02512207446202699
compress:0.03488817590992951
does:0.0069627932247858584
run:0.015296196733642256
build:0.021323617502962026
workstations:0.0309957702555682
speech:0.05427828801959167
guess:0.01712089864534659
too:0.011157244959225694
under:0.013870419583460795
article:0.004630473601809149
takes:0.020433713451312403
before:0.012149681526986538
going:0.012444661051712472
by:0.005659631284669521
s:0.00709070035264021
