expensive:0.05956009991377778
behind:0.05187856472056909
all:0.014030409274210164
true:0.03798942341408598
access:0.09859931964760368
to:0.006080290412165431
0:0.053899357183388716
basic:0.05617136484647059
measure:0.06790226071776223
make:0.025883536519848583
think:0.02117276511071405
re:0.005499125040855449
management:0.06661609446293008
on:0.007456012135871911
used:0.029036228063777435
communications:0.06204533671078963
more:0.018697338615010675
a:0.0020536825380094046
idea:0.04077023963618759
worth:0.05169358262929173
owen:0.18493389238328292
it:0.010083983227646235
not:0.008866323655528896
fundamental:0.07187166683705547
money:0.045591467157781326
absolutely:0.05885968742864168
public:0.04358447938324402
pgp:0.0668350446466617
deny:0.07058346008237922
be:0.008506783193198107
writes:0.009724446926728858
of:0.002859420375966745
key:0.047144740753479054
but:0.009783576797800151
in:0.010451747170264146
system:0.03287091660650772
and:0.0028073339300793373
subject:0.0003926023072355632
i:0.0028073339300793373
44:0.0668350446466617
tempest:0.0884479265592932
any:0.01504834215130599
than:0.021038254150286193
the:0.002216920617614862
level:0.051772575920496305
is:0.01185320412752929
snark.shearson.com:0.08782204987666385
time:0.02322808779270167
article:0.023833320009311793
lewis:0.14634017506074853
project:0.05664170375607428
pmetzger:0.08751882506485892
security:0.16375914322225996
