keys:0.03498968397416519
taken:0.029418583033559466
say:0.016942365841674495
there:0.008194455228367387
ever:0.023601982650266612
c:0.023090157994901425
harmful:0.047707952965988995
to:0.0024610699287336262
association:0.04257077310077862
line:0.05042506694296408
been:0.013100360600191421
that:0.0030973627270935427
feds:0.04435627749392751
r:0.027680533631510087
nt:0.006375701354664629
re:0.003338754489090808
phone:0.0524526272537423
omissions:0.05132817714552618
jon:0.07409586185211309
on:0.009053729022130176
you:0.004962490976863587
used:0.017629138467293443
sternlight:0.13226318635935544
great:0.022511166863684613
accuracy:0.04320673300513905
chip:0.028860753194672087
andrew.cmu.edu:0.0727639179772725
business:0.03229074761815685
are:0.005740280192868085
no:0.02010260243183053
innocent:0.03956655670237493
care:0.056536016808462444
instrument:0.04722520991893296
whose:0.033417691522330074
suspect:0.03466156306158714
has:0.009506914945415633
netcom.com:0.0574827709771632
considered:0.03073966926082332
writes:0.01180825698245647
get:0.023470963844484327
if:0.005983485890744726
of:0.001736076656836952
they:0.01665927900906685
david:0.08915875854801764
errors:0.038339502835944755
in:0.0031728518195444726
conversation:0.044563126237512636
our:0.019908709133753512
monitoring:0.0510354108703209
use:0.014846245783458464
truck:0.045916250327934074
and:0.006817810973049818
subject:0.00023836568653587764
person:0.05009275784060448
information:0.021775190040033615
tapped:0.08727273830213879
phones:0.04422099352052928
the:0.006056943830269176
do:0.006413552847379434
can:0.007719339218193869
clipper:0.09573225318253852
ensure:0.04297020072436248
an:0.008016947665729792
problem:0.018888975821835574
just:0.010485612173802552
is:0.00719658822028564
number:0.02234165043212284
serial:0.03695819578450743
article:0.007235115002826795
little:0.02094052412409343
needed:0.029784131161928757
by:0.008843173882296126
black:0.031513860323606584
s:0.011079219301000327
strnlght:0.08983778655622526
