gtoal.com:0.03674504191248539
go:0.02494143912556573
at:0.011294423236595269
there:0.005883198625494535
know:0.007909455933707062
with:0.007497786881917273
way:0.0111049539714522
user:0.02424130438200651
custom:0.034181031384642194
though:0.01593297565135051
someone:0.014124731504250128
such:0.012327033355562811
to:0.006184227000407575
obviously:0.023601878723243312
then:0.010230002242152585
us:0.013204335808878179
software:0.018049909541546515
enough:0.015590695685496129
make:0.011282567200959638
that:0.004447495197877908
like:0.01493127004498299
really:0.012508947071736705
nt:0.004577426613605375
could:0.009673776636705496
interactive:0.03568227104810883
its:0.013255285615603655
me:0.02083824385393355
need:0.01231539738139254
re:0.0023970545049882726
so:0.006550067931954616
ti:0.024286288822126044
on:0.00650011314409346
you:0.007125628069342587
suggest:0.023534614135321267
toal:0.03643729050744462
3:0.015009397081010381
a:0.005371169714793828
j:0.01957774781749271
want:0.012132038254565266
let:0.029553047984010573
experiment:0.032570041459764595
anywhere:0.02709185451829783
internet:0.03662223003993085
base:0.024689973432134943
d:0.011678488604980997
it:0.010988956081409356
should:0.042123388262396914
marcus:0.037408764213388214
settle:0.03568227104810883
able:0.016906828372504287
ideally:0.03801972690444158
device:0.05146352288347212
talk:0.02217688312587838
list:0.018664285877702434
sun:0.023259566051915648
be:0.014832339926601828
common:0.021577743843790704
writes:0.00423886148088181
get:0.008425474200584118
gtoal:0.03643729050744462
if:0.0042958360241244185
end:0.017334829503689163
of:0.0012464140100367862
mailing:0.028293299830555077
easy:0.02124154848883851
over:0.01285859456743178
code:0.020772516091869846
in:0.003416917344124817
protocols:0.03869511482532508
use:0.02131768625317113
weeks:0.023336954393160962
and:0.0024474193236589093
for:0.0062567089021552695
seriously:0.02485226707305988
subject:0.00017113433905139932
purpose:0.048216429386469056
until:0.01834080593182464
i:0.004894838647317819
we:0.017278768021973975
house:0.022037640669808917
developed:0.027162168821955355
graham:0.031239019890673285
pretty:0.018448846518715555
the:0.0024158750320161953
thing:0.014512387404647158
see:0.011342216419302411
start:0.03612259087028862
nobody:0.025694164522169407
radio:0.022995835645946577
interested:0.01844279625265974
general:0.03780038927035322
is:0.001722260428786307
move:0.022671955869057802
done:0.016978612509107042
hardware:0.04550873235480194
lot:0.015888162745290965
build:0.02392072476293817
count:0.027329298567530833
widespread:0.03439592043617196
article:0.005194441540491032
give:0.015148950457410298
going:0.027920713898072852
s:0.007954311293025875
