story:0.09218096225673343
much:0.04479991973230593
name:0.07082647450846798
to:0.0035338440002328996
dod:0.08967856517160094
remember:0.07134933426977517
control:0.0781957505113083
re:0.00958821801995309
started:0.08408320194843347
lost:0.08985913652097051
how:0.03372725633920831
same:0.049797265398169546
was:0.02270413164362527
as:0.020515747697872268
made:0.05963024492097439
of:0.004985656040147145
using:0.05652360458063899
loss:0.1091244036954047
in:0.004555889792166422
star:0.11771351216601034
risc:0.153125625425978
subject:0.0006845373562055973
the:0.013528900179290695
when:0.033530113919070154
violation:0.1320962184690228
wars:0.12356974055576299
ted:0.11503882379100053
claimed:0.1091244036954047
sold:0.10529559243697027
confirmed:0.13672412553856877
by:0.02539578140556836
processor:0.12531470115178903
intergraph:0.1505848330504849
