go:0.015946165998312518
programming:0.03596540399314206
ahead:0.03542327446441628
ah:0.038584442339924356
with:0.004793667022865143
encryption:0.03169466797723852
contract:0.04164693826002686
into:0.014678720516249069
from:0.006939116839591603
work:0.016598954622871344
sell:0.028525182778529244
to:0.00451868577078961
job:0.028454824223681775
design:0.03084563284774953
713:0.04574115184819441
that:0.00853044160904451
jeff:0.034553108924839315
think:0.02360242668079599
re:0.0030650860883456605
cryptosystems:0.15924109604593176
so:0.008375496699876394
this:0.004303134740749336
best:0.019960459671815034
charter:0.09267943705728865
them:0.024030478221840016
support:0.02245046155355333
a:0.0011446755129888484
intelligence:0.03704992150313627
as:0.006558312788664086
assistance:0.04269156896960162
developing:0.040413487842499846
spying:0.05108346303177712
are:0.005269765422960865
those:0.015212423395799674
internet:0.02341421264848038
it:0.005620580815409376
texas:0.03252598091531969
domestic:0.13338343757519103
novell:0.047120949510646985
chooses:0.04813777449974517
algorithm:0.033451221473285705
doing:0.021972974632502584
providing:0.037803211357921696
develop:0.036930838711637014
network:0.030110571065816206
wiretapping:0.05108346303177712
be:0.004741485714241569
which:0.010589281414078016
mandate:0.0492988443117372
skipjack:0.05024203553948136
if:0.005493036227568929
of:0.004781325874567343
even:0.013763602030869064
what:0.007544607401611732
but:0.01090628233197394
well:0.013793999263552008
beyond:0.03201282129048038
easy:0.027161324297203342
they:0.01529376433619252
one:0.008059925473570676
in:0.001456390999135168
government:0.06618725258892534
purely:0.04084662293573247
and:0.003129487004022868
subject:0.0002188275155083467
i:0.001564743502011434
nsa:0.07386167742327403
any:0.01677520108670176
actually:0.020035361697549874
will:0.009289388072977741
capabilities:0.04200493058381917
agency:0.03586098574906477
masses:0.04507618836612581
the:0.004942642688452807
do:0.005887851794315547
violation:0.042227479674523685
would:0.007644669230363738
development:0.03186281174636232
is:0.006606703939934358
ad:0.03548911193734468
field:0.031905392212568086
new:0.014131143974455303
their:0.01240724277525995
protect:0.033847275385341505
designed:0.03220981472854724
supposed:0.029907336159150498
takes:0.029310654540816973
s:0.020342173142820275
