there:0.006329510245359637
29:0.06296532059711056
posting:0.022753024530732694
all:0.006579778142388215
thanks:0.01374749410287009
encryption:0.026667237884297236
mentioned:0.02424250771580578
surprised:0.030349535806891304
to:0.003801928717491947
might:0.029339105322461322
been:0.020237798444433644
that:0.011962228463257821
could:0.010407649347076258
re:0.002578900019159797
anyone:0.011537343100975112
glenn:0.07697131759282369
this:0.0036205685404925446
illegal:0.028343166383608877
on:0.010489837763571515
mn:0.03953259681619119
knowledgeable:0.041043311064899356
inc:0.025248382729685527
theodore:0.0374922838293571
a:0.002889318881061507
speaking:0.029072270957451008
other:0.009512468881599385
was:0.012213257022088078
hearing:0.09382412493351368
question:0.030110152873753165
also:0.010231014701238389
chip:0.02229244384691913
official:0.027973813938995347
are:0.004433871597249831
missed:0.02997194604984711
it:0.007093560615309765
not:0.012474000177433756
reported:0.028478397220770092
have:0.014103465190280079
made:0.01603847966840001
whether:0.01970661093021948
has:0.007343272233700351
netcom.com:0.044400485168567434
be:0.01595755192103369
asked:0.04651449515501284
which:0.00890960229322426
writes:0.00456043028287974
po:0.035987086822322496
of:0.008045817333754703
raised:0.031206761439150455
seen:0.01787906821118864
but:0.00917632030690221
box:0.021851993177286946
one:0.0067814545363836035
in:0.0036761317633342856
government:0.018562861645629637
definite:0.03898928041720419
system:0.015415326408569139
or:0.004650423846228174
for:0.004487570522925159
subject:0.0001841169440828848
however:0.016531716580668366
i:0.006582714042944653
any:0.014114307121224927
information:0.01681945713437079
will:0.00781589893036748
yet:0.018138405121973542
than:0.009866215739444559
the:0.0020793186482456634
interest:0.025191620666675074
strong:0.024901050937727657
holding:0.0317700582047661
clipper:0.04929660853537616
may:0.012834658809929868
forms:0.03301279032532913
mr:0.023289349505402852
trusted:0.040502127510130416
places:0.026309116429588515
dozen:0.035529327726150965
ted:0.03094147674378635
is:0.001852914668211475
questions:0.020856388532727668
lee:0.05885725930172022
expected:0.028616332853229884
1993:0.02089417795179405
notice:0.027848037473134787
easily:0.025509757023416464
dedicated:0.03757690515757651
article:0.00558850262287311
april:0.046926260163973964
aware:0.028254463530902614
understand:0.020663153537487263
letter:0.028145165653385214
s:0.008557741804910597
