at:0.008989438902596235
bbs:0.04129635358934348
behind:0.01799868571938111
posting:0.016832594678348165
all:0.004867693013501486
knows:0.01782633373031242
tried:0.047416286526071494
saw:0.017333574403752317
with:0.0029838131468854453
someone:0.011242133238076631
from:0.008638492392144648
ls:0.03115015706243706
wrote:0.026281377292784295
both:0.011457673889327743
name:0.014093022988929851
my:0.004848031945562761
via:0.03487991202669025
to:0.0021094885103431086
look:0.012097797572836277
appreciate:0.019587823139869866
perhaps:0.014737048661428801
been:0.014971840685933052
that:0.005309764675017502
like:0.005942036038309556
really:0.009956100730565947
nt:0.0036432579169512164
could:0.007699536506765598
re:0.0019078597080518904
scott:0.039000786256852105
server:0.10210353941703149
so:0.005213319374412857
file:0.031004957984269478
ps:0.022987562871529157
this:0.002678481828425607
tools:0.022701392123309544
joke:0.025044012598930313
something:0.010156435291650626
directory:0.021507547391991816
on:0.005173559441217244
machine:0.0497877452192502
m:0.013967497062408898
a:0.0014250042100473418
was:0.009035317694912098
failed:0.043237738124745254
worth:0.01793450825914203
question:0.011137684098709716
also:0.007568862916732482
chip:0.016491858968384048
computer:0.013677055638598546
no:0.005743600694808723
internet:0.014574152770992888
hey:0.019663974416485555
d:0.009295123583556303
it:0.00524778718989753
not:0.0030760714723263513
ftp:0.019353912996372832
have:0.00260842149565129
calling:0.020984697038507437
probably:0.012179712831781675
try:0.01243055955277241
domain:0.06831433238235571
session:0.02458785653915692
able:0.013456455235258515
doing:0.013677055638598546
has:0.01086504565190358
open:0.01686204376914981
nist:0.03152825896118054
be:0.002951332944578935
which:0.006591287410803661
if:0.0034191347947112715
host:0.02442272753659553
available:0.013780937897011377
what:0.014088399535662722
but:0.0033943021543388274
oh:0.016478143796640168
using:0.022494087537193067
find:0.010798197641190766
who:0.00659720854200943
up:0.006854389644655023
in:0.0027195872738952622
become:0.01689909578977116
or:0.010321093740353346
and:0.0038958919845998963
for:0.0016599431781228263
i:0.009739729961499742
mx:0.03379706417169812
person:0.014312216525886993
info:0.015027527854042842
house:0.01754016298209281
assumption:0.024200173340289968
will:0.005782170127057573
the:0.004999382209111066
wrong:0.026973694457447555
would:0.00475841656175702
operating:0.023449369032451768
clipper:0.03646942978382419
anonymous:0.02318766855088263
put:0.01269111887523867
an:0.013743338855536786
thought:0.02739373882848686
just:0.00599177838503003
note:0.015110658667747436
address:0.03257980973401643
about:0.0050255927567442425
paul:0.0167092984240258
is:0.0013707787086258362
number:0.01276665738978448
white:0.017341679315411182
right:0.00989731425403214
does:0.006216779664987373
broke:0.025585646251115975
first:0.009579361374444087
too:0.009961825856451513
transfer:0.02318766855088263
under:0.012384303199518566
taste:0.02628445163414229
csrc.ncsl.nist.gov:0.0996565697808035
very:0.008894094345833914
bad:0.013982658401767264
going:0.011111304510457562
answer:0.015491178786371716
announcement:0.023316841040598398
security:0.018938132209376998
s:0.00949647368657171
news:0.015657533245731728
