pc:0.030717438359427494
gtoal.com:0.026415790499298257
go:0.008965125584304734
at:0.012179239803517481
there:0.004229396246899297
know:0.005686060486904617
take:0.009796078941639186
with:0.0053901140717930625
user:0.017426928495820348
further:0.01634946728608934
custom:0.024572538691263513
setting:0.01982413298323782
4:0.011448246563035388
though:0.011454120744749677
such:0.008861830430727182
from:0.007802509257420973
work:0.00933213117046223
my:0.008757735127468214
to:0.006986263023501907
sound:0.03180814091362609
obviously:0.016967249220396115
software:0.012975971836319154
enough:0.022416115455644203
make:0.008110969969353473
that:0.00319727765377398
cold:0.020360140023224102
like:0.005367000292666697
really:0.008992607111478921
nt:0.00987205371044846
could:0.006954420070626992
interactive:0.025651770891728008
its:0.009529145419512304
re:0.0017232281234017075
so:0.004708804596243872
anyone:0.0077092845605594065
this:0.0024192739095457096
ti:0.017459267540330243
on:0.0023364461992594005
suggest:0.016918893111106535
toal:0.026194549857886454
modem:0.019646869016289446
why:0.008201486544488509
a:0.0057919525956762925
j:0.014074325619948676
khz:0.027921247781579592
let:0.01062275457489781
widely:0.02265367150858907
486:0.021972011922982513
anywhere:0.01947617191177171
are:0.0029627252608351406
those:0.008552606701785991
internet:0.026327501779858122
base:0.017749473988078576
d:0.008395595494825048
it:0.0078998946944694
should:0.030282251469741558
have:0.0023559936089753587
probably:0.011001030944835061
components:0.02242565281152285
marcus:0.026892936485200747
able:0.012154217631846402
ideally:0.027332153903653855
craig:0.021036800660324956
has:0.009813589621074204
device:0.036996818294108995
talk:0.01594282842229045
pgp:0.020943700626603667
sun:0.01672116269169973
be:0.013328600394872612
common:0.01551211078171129
writes:0.006094584249009791
get:0.006057022927608858
gtoal:0.026194549857886454
down:0.010895693903009944
if:0.0030882507823198585
of:0.0017920791296381442
even:0.007738061971272007
freedom:0.018378011430039656
key:0.014773467148555649
available:0.024894597491375393
but:0.0030658213006931347
easy:0.015270421955109713
toward:0.02061042568844871
who:0.005958769005685937
up:0.006191061614527118
over:0.009243966601471695
in:0.0016376009391197279
or:0.0031074260723644486
douglas:0.020785168706247296
use:0.015325156937763576
and:0.0017594350898193082
for:0.0029986070314476864
subject:0.0001230274511152917
purpose:0.03466250223174734
doug:0.039830778660449644
until:0.01318509550859283
i:0.0017594350898193082
away:0.012760293024533043
we:0.012421602817640275
developed:0.019526720443433343
386:0.021747172456763938
sampling:0.028027190261877742
rate:0.017901731380144014
any:0.004715609522068237
graham:0.022457544253202913
pretty:0.013262765239260952
will:0.010445210552104003
masses:0.025342373182798843
the:0.0020841097050388565
clone:0.02467494945985665
do:0.006620441648907803
thing:0.010432868364631136
see:0.008153851435074544
ibm:0.0181588344199063
start:0.012984157087016187
nobody:0.01847138094681303
tries:0.023783268089386234
radio:0.016531568482800307
compression:0.02242565281152285
needs:0.015434776786494686
encrypt:0.027332153903653855
an:0.004137779440376667
general:0.027174473392511993
is:0.0012381227045652715
move:0.01629873325148856
done:0.012205822817606906
hardware:0.04907393258536247
cs.colostate.edu:0.05466430780730771
holland:0.12583119280753804
lot:0.011421905015047884
v.32bis:0.027332153903653855
build:0.017196465728195182
1:0.00902545572315534
speech:0.02188640645951277
23:0.01995240394634125
dead:0.015812360068254084
e-mail:0.01267140910899662
widespread:0.0247270211430545
article:0.007468505809369594
very:0.008033375538172568
going:0.020072033954374954
by:0.009128437555918582
data:0.013522330060856277
s:0.005718306736000169
