keys:0.06123194695478908
cite:0.08184265963332721
at:0.013765078319600485
cambridge:0.14601926273384003
born:0.06715504621939798
depend:0.08007189892540528
re:0.005842820355908915
617:0.08138080334830308
on:0.01584402578872781
a:0.0021820376966349923
dorothy:0.1807080434992067
eff.org:0.19561192075202885
eff:0.08697553567976528
1.5:0.08331626400006535
electronic:0.06740111429702515
not:0.009420468883999451
wiretap:0.07614511098351613
should:0.02566893972239812
only:0.020836503722957603
algorithms:0.0795235970533542
writes:0.010332224859649412
of:0.012152536597858666
please:0.029928364951644606
in:0.005552490684202827
citizen:0.07625399644158008
system:0.034925348894414454
secrecy:0.1886386847734598
and:0.0029827923007092957
subject:0.0004171399514377859
inches:0.08697553567976528
rose:0.07703821119976532
hart:0.09035402174960334
pounds:0.08592648407292733
source:0.04873856190155976
the:0.008244173546755267
clipper:0.0558438143564808
denning:0.1669778353809615
7:0.04986763326455165
jim:0.052911417921076086
long:0.03719236320482164
chips:0.06488657731557769
new:0.02693749320130542
pm:0.0812298359903072
article:0.01266145125494689
mike:0.14978493885739236
security:0.057998029891217065
