keys:0.027404507728017488
at:0.006160594492688329
out:0.0164780013857407
there:0.006418034864175856
know:0.008628497382225887
small:0.0209003209808812
watch:0.026882264619401047
with:0.00408970193559124
establish:0.03559098049940328
encryption:0.02704020624631538
into:0.012523104216660044
someone:0.015408798004636503
such:0.013447672751523067
from:0.005920085695315913
single:0.02273724944414248
to:0.006746429454990081
matt:0.06865211845301177
prime:0.03512460725116081
add:0.02402951340176027
important:0.021974610440372185
matthew:0.05994786490659433
probable:0.040937876615082226
consent:0.035962377879221095
that:0.004851812943139536
bit:0.01905653285353636
like:0.008144329115445267
nt:0.004993556305751318
could:0.010553210876405995
me:0.007577543219612201
need:0.02686995792303827
package:0.027183657573819596
so:0.0071455286530413996
math:0.03412766274308479
this:0.014684823450948783
module:0.03942942505685361
upper:0.0731185997997171
routines:0.0731185997997171
des:0.06567281014975636
etc:0.016240027884323327
link:0.10166198871518009
a:0.008789186806026264
other:0.009645510404418956
want:0.013234950823162108
setup:0.030865417996969177
are:0.008991767574842316
only:0.009325428239645361
towards:0.029159280666780002
shall:0.027690755342886394
achieve:0.03642217772231746
exchange:0.13554931828690678
of:0.0027194487491711697
key:0.08967391248214197
what:0.006436658062913505
seems:0.016478930694972575
order:0.019610607420506937
using:0.015415528521992452
pro:0.031473889164728826
good:0.011328740219297197
establishment:0.039859899833073434
one:0.006876300054374982
in:0.0024850307957271396
point:0.015395356372447978
use:0.01162782886536607
and:0.005339823978892166
for:0.004550333747022014
subject:0.0001866920062378902
con:0.040559784158646736
i:0.006674779973615208
acceptable:0.03236478772665767
power:0.01889409286832547
any:0.007155855009012639
will:0.00792521220212087
the:0.002108400027941407
do:0.005023202230115361
level:0.024619127011145096
can:0.006045916031032961
64:0.0354124259399266
once:0.01876245590856578
about:0.006888225037215885
is:0.003757659117351943
number:0.017498355583201106
levels:0.03206716804540735
occur:0.0318167522922835
strictly:0.0366991647020031
figure:0.025821661776746527
man:0.020266079292274117
issues:0.026609996381810455
guess:0.020952148691857717
words:0.02313188203851311
initial:0.032214394683154436
thus:0.023296189320813322
data:0.02051989946297771
s:0.008677430501482774
aside:0.031574994641478685
