knows:0.08734903527853088
someone:0.0550864528665755
from:0.021164306360754392
to:0.0034454979002270774
look:0.05927920810689777
appreciate:0.09598033338536235
like:0.029115976587716832
really:0.04878489357977315
re:0.009348512569454263
scott:0.09555192632928766
on:0.012675220630982248
steve:0.08017884617085967
d:0.04554610555942589
it:0.0171427714869986
try:0.06090974180858482
has:0.026619361847163778
writes:0.016531559775439058
if:0.016753760494085234
what:0.046022105149831564
but:0.016632080556260257
up:0.03358650925880962
pope:0.13442980709666125
become:0.0828055693698787
or:0.016857786442577134
subject:0.0006674239223004575
i:0.004772467681134873
info:0.07363488648480994
the:0.0018843825249726326
would:0.023316241152609402
an:0.02244745346404342
here:0.0450100226405849
is:0.013433631344533195
does:0.03046222035843813
csrc.ncsl.nist.gov:0.32554479461729147
going:0.054445392101242066
s:0.015510907021400459
