some:0.005235591368311005
report:0.03404240559170184
bellovin:0.0271700034466492
at:0.003950515750916731
there:0.008231201664369036
help:0.009596828340994606
involvement:0.02496158871526896
case:0.022166915760598704
sector:0.023911394152485124
specifically:0.03629634665251714
with:0.013112721452680432
encryption:0.01733968382611255
from:0.007592576272916373
work:0.02724312731825521
to:0.0030901326459435666
dod:0.015683695254226176
1987:0.02282291574625412
legal:0.01694760176606917
bear:0.02020431534896733
that:0.004666878369073679
jeff:0.01890349456874617
choices:0.023020494175823757
think:0.0129125383634848
nt:0.0032021459718495
re:0.0016768632411577153
cryptosystems:0.029039482388047346
national:0.029185416367601018
this:0.0023541813379884258
federal:0.017719534487422698
laws:0.016645174497927767
two:0.008362284451360141
on:0.0022735821759609413
standards:0.03800267566121108
concerns:0.022523851286618816
charter:0.05070354852461531
them:0.006573359513597493
bill:0.013881228142115324
computers:0.01945187832550973
m:0.006138182565542924
includes:0.016895759513149547
sure:0.009784950763045756
a:0.0018787051020355092
other:0.006185237613596012
intelligence:0.020269463781984864
as:0.007175911750825277
running:0.013576055661195971
assistance:0.0233559256246251
idea:0.012432180696236575
private:0.015917852572531623
developing:0.022109621151502154
also:0.01995736051586861
act:0.016733780551651815
others:0.012091157950979354
computer:0.03606326778249303
are:0.0028830106798261234
no:0.0050481871577691025
legislative:0.027947006681061922
it:0.012299746358384643
not:0.0054072646509055146
have:0.0022926036464020307
probably:0.021410078161696936
crack:0.04688771197919079
domestic:0.02432403495392123
algorithm:0.018300668249958997
doing:0.01202108926083101
providing:0.02068157751419931
develop:0.04040863069793466
be:0.005187993337555797
sic:0.026507958608953844
which:0.017379717477814142
charged:0.023625064681693498
writes:0.002965302201872477
skipjack:0.02748667415164451
of:0.004359654384882033
helped:0.021108977423635746
even:0.007529862994466482
what:0.004127543062765162
but:0.008949998505610901
they:0.016733984296103024
up:0.006024485965705761
pick:0.018027150255775847
good:0.007264618167531386
one:0.004409465954150774
in:0.0031870798546096944
government:0.012070022146261425
purely:0.02234658295138727
or:0.006047636391955922
industries:0.026687354728297787
41:0.022452100876993522
use:0.007456410438328915
and:0.0025681440436600214
for:0.004376890532449426
subject:0.00023943459095980535
steven:0.02011889743430054
i:0.001712096029106681
example:0.012606991676044415
nsa:0.16163452279173865
any:0.009177464271648495
pretty:0.012905919537756173
will:0.010164173496890442
agency:0.019619014625048885
the:0.0030420525066822764
do:0.0032211565870246487
when:0.005864010954456215
quote:0.018093981670585603
violation:0.023102029238977084
would:0.004182285408539803
can:0.011630932633691212
did:0.00737179840108953
maybe:0.03562214908980705
may:0.025036217857934945
development:0.034863345587948
note:0.013281117035329585
btw:0.01682417273741406
about:0.0044171129162415765
including:0.01425994487233287
is:0.0036144299581703666
either:0.011226738596920888
new:0.007730939752841017
else:0.011329830606897115
center:0.029297137519935505
history:0.014892410781842514
civilian:0.023671534578713887
describing:0.023625064681693498
article:0.0036337797323614395
comes:0.013561328866571801
upon:0.01555190844256922
security:0.08322587248963884
s:0.008346676424071995
