blown:0.06123583075304006
at:0.02002193210123707
all:0.010841679893707854
programming:0.04986112826321968
encryption:0.08788067030052499
contract:0.057737800769582695
design:0.04276326372074367
713:0.06341386960772406
might:0.024171421998618704
calls:0.09109749239678244
that:0.003942098016300873
jeff:0.04790317373670905
nt:0.008114528996845892
location:0.052168488346300036
generally:0.043940335150262494
re:0.004249323895206484
michael:0.03414426365538283
had:0.01743646006456972
best:0.027672455454107205
curious:0.048707640236607896
you:0.025263590427669177
support:0.031124503517426204
a:0.004760809519930892
how:0.014947306786694595
chip:0.036731867702309934
internet:0.03246061298993871
it:0.011688253286589952
not:0.006851250097454147
texas:0.045092837178056844
have:0.01161933211699211
ve:0.0207401556707663
novell:0.06532677091248787
network:0.041744200795790644
writes:0.0075143453524723
were:0.017628446562185218
if:0.007615345679129651
of:0.004419104217403151
wm:0.06150322276906499
designs:0.061916491452824934
seen:0.029459828302526737
they:0.010601359369406179
one:0.011173987588359347
in:0.0020190875215283007
system:0.05080050748278466
and:0.0065079104742748264
subject:0.0003033745101365716
i:0.0021693034914249424
any:0.023256528779291075
the:0.0025696125340535893
would:0.021196582866008548
conference:0.09905235156887224
clipper:0.12184104950504901
forget:0.04362742426607379
put:0.02826658294939522
thought:0.03050666369536037
just:0.026690649169679226
is:0.0030530980328484533
number:0.0284348278227018
ad:0.0492008142767733
involve:0.0561116548191205
handle:0.046163146440098904
article:0.00920832818541592
security:0.0421803853754306
s:0.014100824564909508
