since:0.01587953669368001
gtoal.com:0.04549386141545811
specifically:0.032119386125044926
into:0.014212729388749097
to:0.00218761771442989
t:0.020446611547622555
teams:0.032825318553747276
that:0.005506422625944076
control:0.02420344658683352
satellites:0.04511283586636
supreme:0.04133628106580474
re:0.0029677817680807184
phone:0.02331227877944102
requested:0.04157087473438842
on:0.00402387956539119
set:0.04205419974803049
appeal:0.042954631775219985
suggest:0.02913809369135014
toal:0.04511283586636
imho:0.03436247346314326
more:0.010090627189053378
a:0.0011083366078145991
other:0.010946888792316752
j:0.024239116345467163
red:0.028671579007480564
idea:0.02200298647032346
washington:0.030469947106464237
internet:0.022670904310433383
place:0.021582758867590677
requires:0.03185837130881607
it:0.0027210748392061264
should:0.03911457481508285
approved:0.039992693315776
stefan:0.05061400396604211
only:0.01058362093864513
ve:0.01448518808751932
offices:0.04549386141545811
university:0.018653492869830583
b:0.024292923385033662
wiretaps:0.0499027963573938
netcom.com:0.051095796424145065
public:0.023521782524290425
pgp:0.036069706634706315
be:0.013772887074701697
writes:0.010496228428850195
gtoal:0.04511283586636
of:0.009259075503130411
institute:0.0308925226185183
key:0.07632958026753751
courts:0.04474926812007989
available:0.02143701450646214
registering:0.09691159974980419
seems:0.018702278487151412
court:0.03171953672589928
visible:0.03764471408489551
highly:0.03314820408260794
bodies:0.07578089206826669
recovery:0.04549386141545811
clear:0.026172624937988994
one:0.02341216447084815
in:0.0028203127284839756
or:0.005351678235738772
better:0.017747745010328594
and:0.003030138210244364
subject:0.00021188061025411345
space:0.02426597426597701
i:0.003030138210244364
branch:0.10856896842340581
we:0.010696380204079125
386:0.03745346367553789
graham:0.038676881769405015
the:0.00837503344432281
got:0.017556776362147412
law:0.02386381845431719
chinese:0.04385406578559303
done:0.02102113929698967
executive:0.04304968091051139
their:0.012013362052235825
request:0.03095477005868517
1:0.01554384041210086
under:0.019264471643695547
article:0.012862426671692078
give:0.01875584342346037
by:0.023581797019456334
john:0.021281574599855916
