cia:0.03207138233034321
report:0.021814530019969858
read:0.0130287532292984
choice:0.021680245255853697
at:0.0050630173129565005
till:0.02872938687392208
cambridge:0.026854117284384374
encryption:0.022222698236914362
my:0.005461001501898283
to:0.0007920684828108223
iraqi:0.07132774991717986
social:0.04990623209168167
us:0.04735348014218382
bruce:0.026475048503971747
that:0.003987409487752607
indeed:0.021196794876463306
nt:0.0082077994450855
me:0.006227521151750257
re:0.002149083349299831
so:0.0058724746976144835
had:0.008818439572885833
this:0.009051421351231362
parties:0.028128393747947497
he:0.054832179569663284
satan:0.03021915473477276
recently:0.01901903198038902
on:0.00582768764642862
am:0.009392737682191756
a:0.003210354312290563
speaking:0.02422689246454251
was:0.020355428370146797
senior:0.030458652989948445
said:0.012594855337146162
also:0.008525845584365324
spying:0.03581714074641844
learn:0.02189663322254156
foreign:0.025366406744635587
no:0.006469803081508677
d:0.020940738188241787
it:0.0039408670085054245
precise:0.03249106701433682
have:0.002938221914641683
made:0.013365399723666673
between:0.013349803712910377
against:0.029692882668480997
expect:0.01986333955838154
domestic:0.062347813732464764
algorithm:0.023454304711154346
after:0.011087434986580179
has:0.006119393528083626
alien:0.0325788111070425
scientist:0.028335893774626326
prohibition:0.034692171912360424
his:0.010600166905202624
thinking:0.02002026743591181
writes:0.0038003585690664504
if:0.003851439194042582
of:0.005587373148440765
monitor:0.021536068046487403
but:0.0038234667945425877
anderson:0.027888895492771824
fact:0.013783144417407122
york:0.04325479548764877
ministry:0.03090340393026695
who:0.0074313383576657946
one:0.011302424227306006
code:0.01862363511684883
in:0.005105738560186508
citizen:0.056094893934035925
conversation:0.028684311141387444
our:0.02562960256299303
point:0.012652505524483108
yes:0.015326700405194764
monitoring:0.03285037941078127
hussein:0.03536908591038561
and:0.001097119007157442
subject:0.00015343078673573735
however:0.013776430483890306
i:0.002194238014314884
nsa:0.05178807267608868
we:0.015491309261080114
any:0.005880961300510386
the:0.004331913850511799
do:0.004128263901761475
when:0.007515370361170896
hello:0.02223730339455041
ross:0.031173906866232382
got:0.01271352771052054
law:0.01728069612209176
clipper:0.02054025355640673
did:0.009447764617488306
imagine:0.022630681347508404
an:0.0051603341296651535
just:0.006749359560148769
here:0.02069426328302754
about:0.011322025061170938
is:0.010808668897900272
number:0.02876166492411216
clinton:0.021064116600404786
unlike:0.026505699917623256
new:0.02972413042902667
conversations:0.031314087631313756
gone:0.02258389308553312
mission:0.05167807898624787
activities:0.024289248878473915
words:0.019010684663835486
article:0.004657085519060925
very:0.010018635010249697
by:0.005692157901248081
announcement:0.026264947379064863
security:0.042665217391240136
s:0.003565725752046082
