keys:0.04125099584322633
block:0.04618715039119296
all:0.01004281926996096
knows:0.07355708233981548
take:0.022376306635112666
allows:0.04350182510680172
with:0.006156077650416288
harmful:0.05624516560200808
to:0.005802943831961393
family:0.04147860072757544
that:0.0036516276361523874
quite:0.027959993495888437
bit:0.05737019364327789
nt:0.0075166163339204055
re:0.003936215818717585
two:0.019629362448982224
pieces:0.05357379169910177
a:0.004410013028988616
also:0.01561575928083754
assured:0.06069013640647698
across:0.040622780229829916
are:0.013534976454762641
it:0.007218009047157304
not:0.006346421142904893
made:0.02447978475703159
being:0.020482146630791034
only:0.014037223560729332
opportunity:0.048435298815383054
be:0.012178131729209922
which:0.027197733316158268
considered:0.036240452181181174
if:0.007054214944877992
of:0.004093486011910287
key:0.033745709170911325
available:0.028432250819097157
but:0.0070029812868464235
reveal:0.0591957126036308
34:0.05205537476389601
separate:0.04444946880846192
order:0.029519124854026232
david:0.026278370940468358
in:0.0056109379545628574
use:0.03500588479468101
and:0.00401892015253463
for:0.0034247248727586736
subject:0.0002810205988633505
feasible:0.06016806334185201
mechanism:0.050591029474814773
automated:0.06504777638306723
criminal:0.04912579652576003
we:0.014186777954883894
will:0.011929529946350362
the:0.0023802726631233255
see:0.01862511327801238
can:0.018201389314478175
specific:0.038580592510215075
64:0.053305020099047404
radio:0.0377615827449228
clipper:0.11286328796257172
an:0.018903118706562878
surveillance:0.0628620988590857
f:0.03911822335165103
n:0.0385370052189937
unit:0.04515937702736227
is:0.0028281329146385673
number:0.026339629983134296
does:0.01282619804565816
lot:0.026090035665951482
bandwidth:0.05624516560200808
unless:0.032400646586742014
serial:0.043571767661735074
upon:0.0365060587651888
check:0.034834858574607254
