another:0.02174024833714293
technology:0.033016349860950416
situation:0.03455031655661371
from:0.008299727984609564
cryptographic:0.05652512704524817
to:0.005404702588591493
then:0.015645885782115718
713:0.054710005151761935
so:0.010017750954754118
this:0.005146886650700186
laws:0.03639092071605777
restrictions:0.05087392208199519
illegal:0.08058351226712328
on:0.00497067475724794
am:0.016022905457856524
transmit:0.11115123789461559
worth:0.034462388419527826
act:0.03658463787272897
encrypted:0.09436593100252152
it:0.006722655485097489
which:0.01266561110311292
if:0.0065701021545432284
of:0.003812560501288993
net:0.032501396910769434
george:0.07808459174617975
u.s:0.03458570981371273
subject:0.0002617348714903755
however:0.023500969648989345
i:0.0018715559533862248
the:0.0029558941568198155
x02:4.485271187235827
country:0.03304660890215816
is:0.005268090723346351
export:0.05087392208199519
aware:0.04016565894098901
by:0.009710151713893785
data:0.05753618869031004
apply:0.039211333191075226
s:0.006082708635843316
