keys:0.02177135891725834
some:0.0064863159729630785
generated:0.026959265643012764
at:0.004894250069191284
folks:0.041146842781053086
say:0.010541916523708575
all:0.00530037683692384
access:0.018624315933436254
among:0.01913614148881014
way:0.00962429344192524
further:0.019710191117118817
encryption:0.021481941629017218
4:0.02760299449087421
into:0.009948910572124369
such:0.010683428908154437
batch:0.06525342765521013
single:0.018063481502846528
to:0.0015313324001009231
then:0.008866001943198906
that:0.009636239595402133
through:0.026327369933609186
suppose:0.06423564976051949
need:0.010673344397206868
plaintext:0.03341366114462188
re:0.002077447237656503
so:0.005676725541027334
anyone:0.009293970831341062
this:0.0029165691020634392
these:0.009203533183883015
numbers:0.019598568894437212
used:0.010969241712982587
products:0.022500482189649385
3:0.02601628827375133
access.digex.com:0.02484701319107428
why:0.019774695335044515
a:0.003879178127351097
same:0.021578815005873473
j:0.016967381441827016
commercial:0.023146370001404175
steve:0.017817521371302148
possibilities:0.030848005340959123
given:0.03097541732423646
question:0.01212770046303947
turns:0.024520859853147736
whole:0.0166217526390405
patrick:0.025475583502740286
theory:0.022603049205425694
s1:0.20121459709169046
are:0.0035717298977845863
those:0.02062128504763956
yeah:0.021967902467711957
not:0.0033495000476442493
probably:0.013262353972384492
only:0.014817069314103185
kind:0.015308481649794778
session:0.026773443787081984
s2:0.20196369228675906
real:0.014208854744434708
second:0.015276087648068148
attack:0.021937208712534347
determine:0.048471794213100466
access.digex.net:0.02755721377741479
be:0.0032136736507637296
sort:0.017430340598116833
writes:0.0036736799500975688
end:0.015023518903197274
of:0.006481352852191288
trying:0.014979601239268867
key:0.017810235395758756
but:0.003696017901391168
never:0.012244106838121447
sense:0.018257344702016613
find:0.011758037431518835
up:0.0074636687241799145
one:0.010925676753062472
in:0.003948437819877566
system:0.01241790182912514
or:0.011238524295051422
force:0.01985557843785984
and:0.00424219349434211
few:0.012697930560590482
for:0.005422481048534567
known:0.018094048598146433
subject:0.00014831642717787942
each:0.01414449665200342
programmed:0.033177218842295235
possible:0.0143165090164699
any:0.005684929257160041
physical:0.023706396107637313
the:0.0037687650499452652
can:0.014409433207295222
102:0.035788350115882654
instead:0.03408593679538491
makes:0.015516543790288747
many:0.010295561264322742
about:0.005472312112899286
different:0.014040093877840266
unit:0.047668231306660175
is:0.0029852514098962658
billion:0.026488481040484478
number:0.013901471379987545
chips:0.0692123491366162
either:0.013908681706185323
vary:0.028275056730081495
break:0.021801147490266036
their:0.008409353436565077
serial:0.02299621071036018
too:0.010847321488136092
procedure:0.02808671477632771
article:0.004501849335092228
very:0.00968468050990804
by:0.011004838609079623
elsewhere:0.052635054762449465
security:0.0206215217390994
strange:0.02442423906030402
