at:0.007221024692249435
out:0.009657189336725082
say:0.015553647330061832
there:0.007522778570304488
k:0.031054598821734943
know:0.010113730538182802
thy:0.0539754415122914
where:0.030286177020225603
access:0.027478498918184636
encryption:0.03169466797723852
wrote:0.021111270284367715
to:0.002259342885394805
platforms:0.04456050127259656
most:0.015217995606287197
ms-dos:0.08491248046572077
might:0.017435124064577427
format:0.032951266451131264
that:0.0028434805363481705
jeff:0.034553108924839315
re:0.0030650860883456605
this:0.008606269481498672
getting:0.0222311604280712
jon:0.06802243055275957
unix:0.09744018236361474
on:0.004155810042944999
tell:0.019754303718216827
am:0.02679239929018632
moment:0.03449435081435888
2.2:0.04084662293573247
a:0.003434026538966545
hard:0.02216584756209434
other:0.011305803178950089
as:0.006558312788664086
running:0.024815249282350016
following:0.022437002238030832
copy:0.028005015943142152
mac:0.05625052680018256
no:0.018454848134139508
it:0.002810290407704688
not:0.004941885316196434
ftp:0.031093171699090785
have:0.008381157592584473
thou:0.04597535981904732
try:0.01997040715035568
site:0.03201282129048038
sites:0.037334699769069654
public:0.02429298850869339
alive:0.036106730275392115
pgp:0.14900927986796708
heard:0.022152847208359628
anybody:0.024914714302563076
get:0.021547114349034793
things:0.01831742564049385
of:0.004781325874567343
key:0.026277396485545706
3.1:0.032143622810468994
available:0.044279734882200494
version:0.05115525586337024
windows:0.045036183302024614
find:0.017347924079290086
who:0.010598794051097118
code:0.026561577953538494
in:0.001456390999135168
or:0.005527143095926929
and:0.004694230506034301
for:0.005333587916591377
subject:0.0002188275155083467
i:0.006258974008045736
program:0.045518580858755334
source:0.025567770177867415
the:0.0030891516802830036
can:0.007086606495391093
jonathan:0.03918447024175464
many:0.015190172357197489
about:0.00807390311739239
including:0.02606530906991992
is:0.004404469293289573
keep:0.021716512984638697
does:0.009987613232274798
runs:0.030752381315109302
request:0.03196968055241256
dreams:0.04456050127259656
under:0.019896093664800323
art:0.037803211357921696
although:0.02589950374389146
by:0.016236647128150265
upon:0.028426849038466692
