expensive:0.017920738027154375
bench:0.02598587826977394
out:0.005213173004780796
there:0.0040609689627307405
know:0.0054596244498154945
true:0.011430445982999322
absence:0.024333163631271457
ca:0.018199545098162132
from:0.007491789862213943
work:0.00896049762827568
name:0.012222267724912615
my:0.01261346364597745
entity:0.024509005793437445
to:0.0018294679116249966
stop:0.014707757144162111
most:0.0082150241768453
so-called:0.02218932152751651
might:0.009411881132205513
enough:0.010761719145740692
make:0.007787966740485415
that:0.004604928656209869
really:0.008634494438897902
nt:0.012638558437565284
its:0.009149666177142345
assertion:0.0224443176020149
sitting:0.02008759068345999
re:0.001654603994593675
afraid:0.01997886829084713
exactly:0.014231781651646054
description:0.019358585227371244
emissions:0.028503995667517157
this:0.004645862286472734
these:0.007330247668579392
on:0.006730205644769335
standards:0.01874910768241166
you:0.0024592875637554066
market:0.01730466909324346
m:0.006056702266000319
more:0.005625747901861619
a:0.0037075330774683055
screens:0.025363834240476644
other:0.006103132689521729
controller:0.018636675312830385
low:0.045076918672298495
was:0.011753908859752906
commercial:0.018435161948021025
as:0.007080656285106357
also:0.006564146600352064
turns:0.01952988837861324
military:0.01713202903863084
chip:0.014302674149572009
video:0.015467748640995675
stars:0.022049946894510446
are:0.00568948125310819
works:0.013164274307746637
laptop:0.02651749026907511
it:0.004551178270884583
not:0.010670973603114423
zero:0.020502717918936333
verify:0.023895792681551842
only:0.005900602824200383
ve:0.00807581282755502
kind:0.012192596004261327
against:0.011430445982999322
whose:0.016560979869473313
open:0.01462371937501488
500:0.018450341306856372
screen:0.01654118216861083
heard:0.011958616634601215
without:0.0099434092247898
anybody:0.013449536039436704
be:0.0076786892540372294
which:0.022865351018009163
claims:0.01662091006906516
writes:0.00292593978326355
if:0.002965267344085882
of:0.0043017828664986425
monitor:0.06632346619626209
kit:0.022836146793791208
available:0.011951609857585088
but:0.00883119321571341
anderson:0.021471981485585385
using:0.009754073356835933
well:0.007446318186519225
necessarily:0.017200278907328326
up:0.011889029826127297
pick:0.03557570360210632
box:0.014020084118170828
one:0.004350933220246117
in:0.0015723867424291193
useless:0.021237501263724718
or:0.002983679016385333
rather:0.011387095809348952
and:0.0033787381813344237
still:0.00903411098331658
for:0.001439596738549
subject:0.00011812812784078892
costs:0.018213507322716087
i:0.0025340536360008176
tempest:0.0798379514075036
we:0.023853874437415396
compete:0.025082801471793786
angel:0.05231216610439564
monitors:0.020430768711539076
any:0.01811127904935942
pretty:0.012734602021768258
source:0.013802070626990374
than:0.00633009416911266
cost:0.014694723913056994
the:0.003335190309686075
do:0.003178397871267684
interest:0.016162765471981793
ross:0.04800229906835783
got:0.009788291246152983
would:0.0041267683455945845
can:0.015302052963499351
extra:0.01718883057297014
an:0.003973000613105029
thought:0.011878700907927931
problem:0.009360908371883116
just:0.010392819145715805
btw:0.016600843010811217
radiation:0.07426467027174788
about:0.004358478673990582
company:0.014894371856775885
lab:0.019069517317670412
is:0.0035664507994335915
either:0.011077711093421939
production:0.021237501263724718
does:0.010783086852544472
blue:0.017684343484350926
marketing:0.021914828647341945
sticker:0.02624370529687118
dollars:0.020290287745545362
dave:0.015514489696347753
engineering:0.017109511031960616
almost:0.013371650133914018
article:0.0035855437182150487
difference:0.014190946224930914
opinions:0.012635443166017885
full:0.013671072937713509
somewhere:0.01716602238452472
built:0.01633848510652546
god:0.011739726689270907
everything:0.013671072937713509
s:0.002745293278123975
