at:0.0060756207755478
k:0.02612869693966664
know:0.008509483625229668
take:0.014660338829901403
own:0.015630969900331002
text:0.024941818849886672
into:0.012350371744706113
harmful:0.03685028091166047
from:0.005838429340897762
both:0.046462843082239406
to:0.003801928717491947
that:0.004784891385303128
provide:0.023289349505402852
suppose:0.02658026886642186
need:0.01324966890687749
re:0.002578900019159797
description:0.030172691457833804
so:0.0070469696371373795
escrow:0.03191837686146239
on:0.003496612587857172
you:0.0038330964786808404
used:0.027233979425336077
bill:0.021348371556494602
a:0.000963106293687169
same:0.026787494490049826
was:0.006106628511044039
operation:0.029694938865534457
local:0.0210785065649376
chip:0.04458488769383826
it:0.00472904041020651
not:0.004158000059144585
probably:0.016463611827787644
directions:0.08126698874399456
only:0.01839360328647292
session:0.06647199836792768
per:0.024391897348779428
messages:0.030172691457833804
uses:0.023551690550596117
which:0.02672880687967278
considered:0.02374374453249801
writes:0.00456043028287974
get:0.009064648105456015
cops:0.03356114938000316
of:0.006704847778128919
key:0.15476480412866228
but:0.004588160153451105
impression:0.032628362856306825
reading:0.022664289974917175
decrypt:0.040502127510130416
version:0.021520486949417824
least:0.01660456815659643
easy:0.022852976305233155
one:0.013562909072767207
in:0.006126886272223809
wcs:0.04376960580037622
conversation:0.03442117336966493
message:0.02239530957627394
and:0.0013165428085889306
gets:0.023015974775122787
still:0.028161504582476512
for:0.008975141045850317
subject:0.0001841169440828848
each:0.017558685499038724
until:0.01973217741630789
i:0.002633085617177861
warrant:0.032464151486005316
will:0.00781589893036748
phones:0.03415690533999503
the:0.009356933917105485
can:0.0059625240857773334
clipper:0.04929660853537616
denning:0.03685028091166047
stewart:0.03820024351253009
is:0.005558744004634426
involved:0.024833635428040467
field:0.026844536896091765
presumably:0.03400307252955159
insist:0.0364774035235896
unless:0.021228009832693042
agencies:0.03195596034261801
under:0.016740161566245786
article:0.00558850262287311
u:0.05216059977369677
side:0.02220940743842202
while:0.014967879350886362
s:0.012836612707365896
james:0.02385926736301398
