another:0.010610073351141525
sent:0.01759656721669671
some:0.005586300837958632
read:0.0108469046023824
at:0.012645430800781307
out:0.0056372110003849755
there:0.004391287012330849
know:0.005903708735207186
all:0.004564917849982255
story:0.017201232191447865
printing:0.023251166415371755
your:0.0060283838381878585
someone:0.010542861792646028
such:0.009201039251042098
my:0.0045464797192837384
to:0.0065942543545015825
most:0.00888323188500975
us:0.009855867876483234
day:0.02433782809342461
might:0.010177440841523664
mail:0.01466179667385577
been:0.007020288934073872
that:0.004979492231116892
think:0.006888746543198828
really:0.018673643475511252
nt:0.013666575152582554
months:0.016247820765453683
asking:0.01715518093128418
account:0.019496552185297895
re:0.003578378017015986
flat:0.023625959923840208
transfer.stratus.com:0.02783611823820997
so:0.009778091841004019
this:0.007535633086671086
distribute:0.026978027670478785
something:0.009524695297433123
these:0.007926487909564319
on:0.004851759093198947
set:0.012676624804430244
you:0.005318650616351405
working:0.015160473735438312
apparently:0.018127564862448146
posted:0.01633196614584639
compuserve:0.024967117651850532
m:0.006549352689550584
why:0.008515419043799074
a:0.0026727351690840097
want:0.009055492668479338
was:0.004236656144025768
as:0.011484892251918925
local:0.01462384426754044
stuff:0.01398763900800776
chip:0.015466049558867339
it:0.00656182640650664
not:0.002884736883138588
discussions:0.022964953519625773
have:0.0048923503650493095
desk:0.025619445132961213
ve:0.008732697124533178
hurt:0.021580773250027097
messages:0.04186641398455408
craig:0.021842037049236915
heck:0.02369737451817837
greg:0.041906876531056673
writing:0.019150520311711168
writes:0.0031639348852514943
were:0.007422503815656933
if:0.0032064613385809054
of:0.004651688649898054
but:0.00318317331220292
reading:0.015724028929966462
print:0.021035229812702023
well:0.008051999570111698
alike:0.0270499792368163
find:0.010126539414705217
up:0.0064280400495329406
thousands:0.020471674618173872
net:0.03172385153012902
over:0.00959780264363329
in:0.0008501421143277056
or:0.006452741222039093
use:0.007955882907882048
better:0.01069959747034164
and:0.005480345662547223
few:0.010936016750747781
subject:0.00012773663584697749
each:0.0121818631452661
al:0.01822973292211594
i:0.0036535637750314816
we:0.006448535434038134
house:0.09869488835857008
ago:0.013689788159639445
actually:0.023390565809579756
yet:0.025168121939580512
the:0.003606473732005038
do:0.0034369278416578786
would:0.0044624384981070625
sci.crypt:0.027506008805258046
effect:0.016585518921638304
clipper:0.01710049817614723
did:0.007865603078674475
instead:0.014678154600883451
carl:0.023251166415371755
may:0.008904428360956129
imagine:0.01884085432759073
an:0.004296163342400654
just:0.005619084035721942
people:0.021606791484303122
address:0.04582997158756379
about:0.004712996078095079
is:0.0038565448835980467
clinton:0.035073265918377346
either:0.011978768933556738
white:0.11384107186958922
write:0.03114042033480874
representative:0.025357921627995356
lot:0.011859107120887037
unless:0.014727566630337278
paper:0.018452863144672704
every:0.011637074291566489
senator:0.028190701837031602
e-mail:0.013156439122738117
article:0.0038771908149119664
luck:0.019726261368007758
gore:0.02944603324596697
hundreds:0.02246701399860086
usual:0.02052698955789194
letter:0.019526550333688306
while:0.010384413903724988
s:0.0029685946452441066
