obvious:0.030288569400803243
read:0.017850417810219857
week:0.0542966740851273
folks:0.029159179923580927
effects:0.033872731160335484
there:0.00722660618564683
all:0.007512345123199143
your:0.00992072615890758
with:0.0046049399747208454
way:0.013640730862571207
312:0.04788897863643677
except:0.025388672590581206
to:0.006511177134287389
line:0.02223467518744873
everyone:0.02407490360246538
then:0.012565987006108685
us:0.016219499103818865
t:0.040571229212605385
that:0.005463064967472076
justice:0.033903670358287376
12:0.027979408122929417
exactly:0.02532584766355912
this:0.012401159961529582
you:0.004376369995344267
communications:0.0664422503359637
8:0.02324796285333753
bill:0.02437412500544659
a:0.0010996095479105473
dorothy:0.04553273536987885
abortion:0.044052009137572234
also:0.01168107977700446
act:0.02938293750408153
quoted:0.03517970074674699
lose:0.03310823411958493
are:0.005062294343316736
internet:0.022492393252870915
it:0.0026996490530706452
not:0.009494645804345904
fundamental:0.038482467282832854
only:0.021000570681406087
states:0.027187871932721912
secure:0.03365949526582626
has:0.016768101950969307
regarding:0.031157451740715568
yourself:0.0276084619793275
his:0.014523063318939029
wiretapping:0.04907230306989613
be:0.0045548130483265455
which:0.010172380571004077
get:0.010349401380245057
of:0.0015310282328010918
trying:0.04246186178060466
key:0.02524285331682343
department:0.02730768175348769
but:0.005238450568900868
never:0.01735385221151071
please:0.015082010684293344
they:0.007345823815021604
find:0.01666493494231016
direction:0.03478858570897347
now:0.013007199983293262
in:0.008394316624936558
government:0.021193818414301555
or:0.0053095390370321675
force:0.02814176471507694
registration:0.03893905986275686
and:0.004509418281387282
subject:0.00021021225899227005
the:0.0017805189212339834
do:0.005656046605562966
interest:0.028762086587936105
can:0.006807606239667034
clipper:0.02814176471507694
page:0.03310823411958493
an:0.021210192249489845
is:0.008462129980808312
clinton:0.028859498334412852
issue:0.024656378011534277
privacy:0.037205563701608484
right:0.030549190453390544
karl:0.18497034610925703
their:0.011918768650249717
1:0.015421447967911091
papers:0.036399563601911086
chicago:0.033249602651999076
article:0.006380573860760638
shown:0.032514705488280816
april:0.05357722617146633
live:0.024383372235808335
citizens:0.032183922747512764
by:0.007798704526119418
data:0.02310508364728986
s:0.0048853250461103805
