another:0.017460671892823455
some:0.009193203741207513
your:0.00992072615890758
with:0.009209879949441691
way:0.013640730862571207
much:0.013757455665826231
someone:0.03470012778996882
both:0.05304812792854105
to:0.004340784756191593
then:0.02513197401221737
calculate:0.04686047326307406
value:0.02940041590359581
day:0.04005201631122633
next:0.02108960648621398
make:0.013858901443698455
that:0.002731532483736038
nt:0.005622665761594004
re:0.00588882681540426
larger:0.033510643654494354
this:0.004133719987176527
getting:0.02135591789153296
on:0.003992195474325117
you:0.035010959962754135
numbers:0.02777749922046219
sure:0.017181448977631523
a:0.003298828643731642
want:0.029804692404916244
r1:0.10563159348963595
also:0.02336215955400892
ie:0.03294187548631033
it:0.0026996490530706452
should:0.025871057358007554
probably:0.01879703712621424
session:0.07589322648306704
able:0.020767442725280857
messages:0.03444913591642442
b:0.04820328104746837
public:0.04667314327654478
his:0.014523063318939029
exchange:0.038156599439030846
be:0.0045548130483265455
sending:0.035746421216235884
if:0.005276774958767002
of:0.0030620564656021836
key:0.20194282653458745
mizzou1.missouri.edu:0.04907230306989613
hash:0.050990587185311485
they:0.007345823815021604
find:0.03332986988462032
one:0.0077426055730363975
in:0.0013990527708227596
use:0.026185504373973986
and:0.00751569713564547
for:0.002561802070173811
subject:0.00021021225899227005
each:0.020047318089453665
p:0.1325247259697382
person:0.02208814518955788
power:0.021274451024964898
will:0.008923664133096728
than:0.011264577025350088
the:0.002374025228311978
can:0.006807606239667034
may:0.01465374431054985
shared:0.11808456652116005
right:0.015274595226695272
string:0.08346150583072487
sends:0.09372094652614812
guess:0.02359178947193428
change:0.023401646518980218
random:0.07028666218867044
by:0.007798704526119418
protocol:0.04132268151485388
john:0.021114003146313745
include:0.026468687190902375
