taken:0.05401444753702722
stopped:0.07386167742327403
harmful:0.08759493003591423
from:0.013878233679183206
harm:0.0788961062480098
to:0.00451868577078961
attacks:0.07534551361246798
been:0.02405312110199081
re:0.006130172176691321
omissions:0.09424189902129397
these:0.027157966772113816
on:0.008311620085889999
serious:0.05896710880392575
sternlight:0.16189592210106898
great:0.04133197850381438
accuracy:0.07933039502582909
are:0.02107906169184346
care:0.05190191707006389
have:0.016762315185168946
real:0.04192776809833193
has:0.017455319244041822
netcom.com:0.05277106843805147
personal:0.054981892970421574
considered:0.05644004847888872
writes:0.010840367065861679
if:0.010986072455137857
of:0.006375101166089792
what:0.015089214803223464
they:0.04588129300857756
david:0.12277599537759806
errors:0.07039384127255431
in:0.002912781998270336
our:0.036553695458694975
debate:0.07442287695839275
substance:0.08834021485684468
and:0.006258974008045736
subject:0.0004376550310166934
cause:0.051696739890853556
information:0.03998067679481582
the:0.0024713213442264033
clipper:0.05859023145597986
ensure:0.0788961062480098
denning:0.08759493003591423
prof:0.0965878144908132
microsoft.com:0.18296460739277765
here:0.029514768944645838
issues:0.062380811190145824
article:0.013284145578960673
strnlght:0.08247403355981336
