technology:0.10205053593384675
fax:0.09268616181464817
to:0.004176361091184336
amiga:0.30539874895683494
responses:0.13442207972911863
anyone:0.10138877270553887
phone:0.08901051897604755
bitnet:0.14788653855336745
on:0.015363903795129998
gatech:0.17796389360511852
working:0.09601633365777598
fine:0.09815625993698668
are:0.019482163078825016
it:0.010389558476968848
ken:0.25006501218877647
uucp:0.128291775979881
university:0.07122242732117132
atlanta:0.145056199914325
has:0.032265893148077304
ga:0.16704142612832432
or:0.02043368053645713
subject:0.0008089986936975241
preferred:0.15475460467050114
information:0.07390367528738681
yet:0.07969905280867164
the:0.0022841000302698576
is:0.008141594754262543
division:0.12007780048849494
ripem:0.40652158706617475
