another:0.008870021321554315
read:0.009068012247591687
at:0.010571580149453173
out:0.004712708396321839
know:0.004935500502633207
all:0.0038162713225851647
case:0.009886444429227023
printing:0.038875950246501575
i.e:0.013818155987901612
your:0.00503972888872505
someone:0.00881383245865208
such:0.007692068813871194
my:0.011402571135963616
to:0.003858957648254326
everyone:0.012230051030052414
day:0.010173212143051488
direct:0.015975102490296697
mail:0.024514524038686848
that:0.0069380925086895365
think:0.005758992110114221
really:0.015611165945527408
nt:0.008568942620669262
months:0.01358317815991928
re:0.0029915240222253645
flat:0.019751302496330416
this:0.006299789260457028
distribute:0.022553631132520267
two:0.007459157730613246
on:0.006084105902871479
set:0.010597658336503685
you:0.006669587872904662
fitting:0.0239718112032439
working:0.012674156042826429
apparently:0.01515464422500665
link:0.01938355251502767
posted:0.013653523697927583
compuserve:0.020872510356947045
why:0.007118890320616026
more:0.005085676103282904
a:0.0033516099020313482
same:0.0155367468042289
j:0.01221651463811545
was:0.0035418445364055425
local:0.01222553380766381
stuff:0.035080998632083464
military:0.030974708501844566
processing:0.03794587179757468
internet:0.011426135772458426
works:0.011900503974202961
month:0.015895213957549035
yeah:0.015816889776752607
it:0.0068571085947994395
not:0.0024116400343038597
have:0.0020450024525906114
desk:0.021417856131155575
probably:0.01909778972023367
marcus:0.023343068869154247
hurt:0.018041526437022653
against:0.030999369505894162
messages:0.017500161045543607
real:0.01023037541599299
heck:0.019811005097197118
writing:0.016009834980590536
be:0.0046276900570997705
sending:0.01815918197784783
get:0.0052574959011644894
of:0.002333287026788864
what:0.003681768411986525
but:0.010644531556006564
print:0.017585452123418895
understanding:0.0321132382792866
fact:0.009593068514515357
visible:0.01897293589878734
must:0.00926984170991799
who:0.005172211496935393
up:0.005373841481409539
thousands:0.01711431998079336
over:0.008023763010077432
email:0.021951189271743526
in:0.0028428752303118476
floppy:0.0352401687487827
speed:0.013433860667543124
or:0.0026972458308123413
better:0.017889726970411225
message:0.06494639777119443
and:0.004581568973889478
gets:0.013349265369571218
few:0.009142510003625147
for:0.0039041863549448877
subject:0.00010678782756807318
al:0.015240056722888928
i:0.002290784486944739
house:0.08250892666776459
ago:0.011444662901458576
will:0.009066442759226275
yet:0.010520274970744654
gays:0.04683293084765407
the:0.004824019263929939
would:0.0037305985844175043
can:0.0034582639697508535
because:0.007058889195578056
agree:0.012066220715857758
clipper:0.014296016475259085
instead:0.012270937246338565
increase:0.01681898293274915
may:0.007444102109759323
imagine:0.01575095421786585
an:0.003591592554246947
cc:0.022613782641978428
people:0.00602109256029247
address:0.03831385624720333
current:0.012648982894923272
is:0.0096722145680639
clinton:0.01466062515388173
either:0.020028501656906866
match:0.0191474183886909
white:0.09517113608297659
write:0.02603339139990011
representative:0.02119922248100412
disk:0.014003915935199526
does:0.0048739552573501006
downloaded:0.023567426735758422
unless:0.012312245702961966
paper:0.01542659358894638
every:0.009728594107749585
count:0.01705348230613924
senator:0.023567426735758422
e-mail:0.010998783106609067
luck:0.016491154503654487
gore:0.024616883793628388
takes:0.014303599415918683
hundreds:0.018782423702830318
process:0.01446625493293427
letter:0.016324196078963425
by:0.003961741899268664
online:0.020255907637638015
remain:0.017964969076179865
while:0.008681370023514089
check:0.013237246258350757
s:0.004963490246848147
