read:0.08396307636658969
grand:0.1857328394525456
re:0.013849648251043352
compuserve.com:0.20514945590062456
compuserve:0.19326398478654672
a:0.0051722375031347965
idea:0.10268060352817615
no:0.04169428652527814
rush:0.18914451681950137
ken:0.3056350148973934
have:0.01893520789435751
his:0.06831218672241691
writes:0.024491199667317123
of:0.007201503169101431
but:0.024640119342607784
michigan:0.19080564889969961
in:0.006580729699795943
industries:0.22041778164482984
subject:0.0009887761811858628
i:0.007070322490570182
address:0.11825264273828187
sean:0.18980005671207176
does:0.045129215345834264
e-mail:0.20368116864090863
dean:0.1845662221540504
