marc:0.2130330842342887
your:0.02799849382625028
re:0.016619577901252024
two:0.04143976517007359
on:0.022533725566190665
enemy:0.3569642688525929
more:0.028253756129349463
a:0.006206685003761756
was:0.019676914091141903
no:0.025016571915166885
open:0.0734435684167414
without:0.04993801077338878
writes:0.014694719800390275
using:0.04898712396988713
good:0.036000218919099984
code:0.07201138911848214
in:0.011845313459632698
subject:0.0005932657087115177
any:0.022739717028640163
tapped:0.10860607433155049
the:0.013400053510916499
judge:0.09694358842620093
got:0.04915897381401276
roy:0.11197954128417281
once:0.0596229154427757
jerry:0.10845012827246946
is:0.0059705028197925315
first:0.04172344065313425
article:0.01800739734036891
smart:0.11022885510965916
