looks:0.019449462922578924
block:0.02493056413160984
marc:0.1361717157747584
traffic:0.024858183303328986
all:0.005420839946853927
your:0.007158705807848083
with:0.006645765645335765
much:0.009927254940681429
several:0.016013928250382933
to:0.006264541636776504
animal:0.02877259607619036
that:0.0019710490081504364
think:0.00818038652004861
like:0.006617267406299279
nt:0.004057264498422946
its:0.011749003159285058
me:0.006156753865934913
so:0.005805742030596137
anyone:0.009505197441144269
phone:0.016689472308008914
this:0.005965709526947943
getting:0.03082047241164416
on:0.0028807319615868745
you:0.006315897606917294
great:0.014325288004162938
particularly:0.022824433495116946
why:0.010112060114511401
a:0.0031738730132872617
other:0.007836977203590402
want:0.010753397543819213
target:0.02723434315495168
red:0.020526244062173588
act:0.02120246058533156
learn:0.02164780784501268
chip:0.036731867702309934
nc:0.029760967139391713
step:0.023633639972626998
s1:0.0342979426860836
business:0.020548657575190723
ontario:0.026984944327921995
are:0.0036529055772796908
taking:0.019357670648588666
begin:0.0237114743155711
it:0.003896084428863318
not:0.0034256250487270734
wiretap:0.027689131266733138
analysis:0.024464580315355096
have:0.005809666058496055
session:0.0273819311458793
s2:0.03442562936706121
love:0.018592144546485504
public:0.0336789158870522
pgp:0.05164526177242041
without:0.012768241390923267
get:0.014936067901035481
if:0.0038076728395648254
end:0.030729925029267153
of:0.008838208434806302
cheers:0.02473956066116106
even:0.009540678680488782
key:0.05464504041880527
explain:0.02042646322734434
aim:0.033699303392573224
seems:0.013389131189665216
they:0.015902039054109265
direction:0.02510312718772517
one:0.005586993794179674
in:0.0020190875215283007
conversation:0.028358353060235316
or:0.003831315100585712
use:0.009447610953109932
and:0.0032539552371374132
for:0.0018485730847276932
subject:0.0001516872550682858
each:0.014465962485003496
i:0.0010846517457124712
warrant:0.02674603389472029
caught:0.02565468314620143
ways:0.02027464989363122
than:0.00812841637624694
the:0.0072805688464851704
do:0.008162703623937463
canada:0.021139815869355948
intended:0.02311675486918537
can:0.004912306775214281
effect:0.01969530371944549
clipper:0.04061368316834967
did:0.00934040365592594
btw:0.02131699159342804
e:0.01767550963666947
different:0.014359186920518453
f:0.021114950104584362
n:0.041602448815959106
oxford:0.03220859734446248
general:0.01675244524481563
is:0.00915929409854536
number:0.07108706955675449
horse:0.030819657924570653
today:0.016131399237490643
handy:0.02981807132037752
right:0.011022009055626702
eliminate:0.03061791537652003
1:0.011127976658663117
serial:0.09407540745147346
identify:0.028314136353178188
s:0.003525206141227377
