looks:0.028525878953115754
large:0.02495028433239646
at:0.007341375103786925
block:0.036564827393027764
marc:0.19971851646964567
attitude:0.036636358590456025
with:0.004873561473246228
though:0.020712868346755665
from:0.01410953757383626
cryptographic:0.09609271597692189
to:0.0022969986001513845
amendment:0.03808417369964405
worse:0.03245887844450322
that:0.00289087187862064
like:0.009705325529238943
through:0.01974552745020689
nt:0.017851963793060963
could:0.012575909627717145
funds:0.041463049600545414
re:0.0031161708564847544
effort:0.03385297405607253
on:0.004225073543660749
you:0.004631658245072682
great:0.02101042240610564
support:0.022824635912779216
m:0.011406789267633935
a:0.004655013752821317
want:0.015771649730934846
also:0.02472495219465944
ethical:0.04976582826344285
nc:0.04364941847110784
ontario:0.03957791834761892
begin:0.03477682899617095
it:0.0085713857434993
have:0.008520843552460881
rights:0.0578866569948801
shall:0.032998150116939615
public:0.049395743301009896
pgp:0.07574638393288327
guns:0.03362464927117158
writes:0.005510519925146353
get:0.010953116460759353
end:0.02253527835479591
of:0.003240676426095644
cheers:0.03628468896970288
key:0.053430706187276265
seen:0.021603874088519607
looking:0.02161571121172203
they:0.007774330204231197
up:0.022391006172539744
good:0.013500082094662493
in:0.0029613283649081745
or:0.005619262147525711
and:0.003181645120756582
for:0.00813372157280185
subject:0.00022247464076681915
i:0.004772467681134873
we:0.011231199214283083
than:0.011921677351828842
the:0.003140637541621054
do:0.011971965315108277
canada:0.031005063275055388
cryptography:0.04084548316593107
would:0.0077720803842031335
push:0.03999729404668155
an:0.014964968976028946
nra:0.13276252273419442
ready:0.035128994073586634
problem:0.017629710767046537
here:0.015003340880194968
constitutional:0.04490627588556271
oxford:0.04723927610521163
number:0.020852207069981317
involved:0.030007309475548898
viewpoint:0.04776855448623101
argument:0.029322845334497683
right:0.01616561328158583
does:0.01015407345281271
position:0.028690357976768433
organized:0.04049578150677247
article:0.006752774002638341
sign:0.036114267215775465
lots:0.030405791761803008
north:0.03345128987425688
