mode:0.019340329527667836
pc:0.016832535666655976
hmmm:0.025090419592524654
at:0.008898636489438698
out:0.005950389389295253
there:0.009270494803809572
tomorrow:0.025533377069388827
hours:0.019778658467427386
with:0.0029536736201492293
frames:0.029566244222003834
into:0.0090444641564767
my:0.004799061925910613
to:0.004872421273048391
software:0.014221140850915439
enough:0.01228357841887574
tough:0.02420830502662372
been:0.007410304985966866
that:0.0017520435628003881
think:0.014542909368975307
bit:0.013763051505331818
like:0.005882015472266027
nt:0.003606457331931508
need:0.009703040361097153
re:0.005665765193608644
anyone:0.008449064392128239
dsp:0.03037605558601989
phone:0.014835086496007925
this:0.0026514264564213084
30:0.01728841148673682
something:0.010053845036179409
on:0.007681951897564999
you:0.002807065603074353
ta:0.02331996832731228
working:0.032005444552591994
card:0.015459133063203243
m:0.01382641123349568
sure:0.011020424344238403
board:0.018137356158359316
a:0.002821220456255344
how:0.006643247460753153
other:0.0069662019587470245
million:0.019765208379450196
price:0.015808809100222036
was:0.004472025929804978
as:0.004040980607156659
running:0.015290204103266172
part:0.012369808648551906
let:0.011642109811882954
anthony:0.02715753678720429
demand:0.023925024892022487
prices:0.022032633733227485
setup:0.02229169077558885
no:0.005685584526174293
internet:0.028853878213278852
play:0.01617130420596183
crap:0.02454289788289241
it:0.00865796539747404
should:0.008297031021381211
couple:0.015939352498255146
have:0.0025820738037760247
academic:0.02825558161854381
only:0.006735031506410539
absolute:0.023457592784117208
after:0.00974350347305531
edward:0.04565747902406692
has:0.005377648858012884
500:0.021059480481563336
pgp:0.04590689935326259
be:0.0029215215006942997
get:0.013276504800920429
analog:0.027215924779128917
if:0.0033845980796131784
of:0.0039280926376916905
trying:0.013617819308426244
implemented:0.025247036949810314
looking:0.026200862074814587
what:0.004648697489881976
parts:0.018427752582910916
ed:0.020041260968025266
find:0.010689124937744396
up:0.02714061354247242
now:0.016686004018972165
good:0.008181867936159087
over:0.01013101390161292
code:0.032732449599310064
in:0.001794744463580712
government:0.013594014841496454
and:0.00482067442538876
for:0.00657270430125402
subject:0.00013483311561625404
cec1.wustl.edu:0.03175632495470515
i:0.006748944195544265
we:0.020420362207787424
allow:0.017708457936235315
will:0.005723764368198407
source:0.01575387859444356
cost:0.033545531357079605
the:0.003806833383783096
do:0.003627868277305539
see:0.01787258344859774
devices:0.021437769916781105
got:0.03351748214591779
would:0.0094207034960038
once:0.01355066260063084
drop:0.021867028567454802
an:0.004534839083645136
here:0.009092933866784829
people:0.007602389596328876
about:0.02487414596772403
worry:0.022203853691185473
is:0.004070797377131272
cards:0.01987382557753587
chips:0.020973439132307942
implementation:0.024901239983762532
else:0.01276036477443463
hardware:0.01792768244280077
goes:0.016277915131266044
build:0.018846631631405833
instructions:0.024406389436488773
every:0.01228357841887574
full:0.03120871195882074
takes:0.018060100272624603
side:0.016264465043288854
project:0.019452706340469954
700:0.02715753678720429
s:0.003133516569979891
