some:0.006277079973835238
go:0.010459313181688856
ahead:0.023234620885262295
ah:0.02530807508317619
differ:0.029293823913164485
encryption:0.020788975770016663
into:0.009627977973023583
sell:0.01871006612355144
my:0.005108678824356459
via:0.018377588057073364
to:0.002963869161485658
job:0.018663916963920304
within:0.017400269980230202
city:0.01978379354024942
archive:0.026089611912592996
that:0.00373015726273631
think:0.007740580793164276
r:0.01666784820822113
id:0.025214025849587388
nt:0.011517395995523202
re:0.0020104328106353257
cryptosystems:0.10444846084733159
so:0.005493605362284517
file:0.016335945604615106
this:0.011289944911213313
charter:0.030394869142444127
them:0.007880963287807748
support:0.014725571556631753
access.digex.com:0.024045496636523497
a:0.0015016173396197798
was:0.00476054373172788
as:0.008603378066849661
steve:0.017242762617389176
developing:0.02650777159561818
fine:0.017414820311400864
spying:0.033506357472455964
course:0.01315135376290333
mind:0.016288472059194287
computer:0.014412381210566212
are:0.006913025608615329
no:0.0060523964310887635
those:0.009978041152083658
care:0.017021596458461814
it:0.00552992628612858
not:0.0064829033180211285
domestic:0.058325374136821886
chooses:0.0315742391880049
algorithm:0.021941123762047616
doing:0.014412381210566212
develop:0.024223453348493094
network:0.019749944462524607
access.digex.net:0.026668271397498184
his:0.009916285169383102
wiretapping:0.10051907241736788
be:0.009330020276410828
which:0.006945657701707086
mandate:0.0323358011076986
writes:0.003555174145255712
if:0.003602959246039835
of:0.0031361384768667524
opinion:0.017791997659073598
available:0.014521848536635646
but:0.014307166069901296
well:0.009047676936308306
beyond:0.02099765697547638
easy:0.017815492280961333
they:0.005015696905955612
limitations:0.030907289463972754
login:0.029636382055025282
david:0.026843497197252625
one:0.005286617783739906
code:0.01742211027060052
in:0.000955267214486508
government:0.04341314417123061
point:0.011836214845484198
or:0.007250660835517047
use:0.017879349760724174
and:0.004105348542911719
still:0.010976930549621223
for:0.0052475623050334515
subject:0.00014353202630117365
i:0.004105348542911719
nsa:0.09689381339397238
any:0.011003088884825886
actually:0.013141473801618736
will:0.012186078977454672
capabilities:0.027551621135623327
masses:0.029566102046598652
the:0.0048629226450906645
users:0.021229556818581626
do:0.007723848590392437
see:0.009512826674253636
clipper:0.019215075907606297
may:0.010005513588386188
fbi:0.02050979506607707
actual:0.0218406284232726
address:0.017165706203944146
is:0.005777905954637934
having:0.014069308561399794
field:0.02092719274157692
new:0.027806444594895917
provided:0.021709491578519056
presumably:0.02650777159561818
their:0.02441425191260829
protect:0.022200901059202492
designed:0.021126867725176145
dave:0.03770187818682358
supposed:0.019616639846324523
e-mail:0.014783310627162724
although:0.016987846541692248
article:0.00435662838879893
capability:0.026390464889195386
conducted:0.028848191333563585
takes:0.01922526803214877
realize:0.021040383113608275
by:0.010649843815238346
god:0.014264399095565726
s:0.010007036788000296
