escrowed:0.03533668279061031
above:0.016110390710819794
some:0.0069085022197239885
form:0.02019752026320648
search:0.025249415972631455
with:0.0069210340448467135
user:0.022376588660313702
defeat:0.03453116696620451
encryption:0.022880174516113013
reasonably:0.029174233827130063
to:0.004077512307961038
near:0.021330034186281214
basic:0.04520299182911242
make:0.010414677416270435
that:0.00821076036531306
escrow:0.027385589614864186
policies:0.03093479222295724
crypto:0.02689220731344968
consistent:0.027581756522064783
requiring:0.03269593070405161
these:0.00980257972247895
starting:0.02320427208803087
on:0.003000052220350828
set:0.01567700937352616
used:0.011683216025661925
3:0.013854828074778815
access.digex.com:0.026464274404694496
a:0.005784336615931814
as:0.0047344033148936
steve:0.01897724169724489
following:0.01619712587597492
experts:0.028673894252999512
are:0.007608418717174267
it:0.002028730353490958
not:0.0035675148436447625
have:0.00907545467126011
being:0.011513632721450581
verify:0.0319553203907143
sufficient:0.02707243931040062
algorithm:0.048296438103442085
incompatible:0.034319817365008776
public:0.01753695028438221
publicly:0.030648883481709858
list:0.01722857157941763
be:0.01711423837684826
which:0.007644333328506022
listed:0.026862695233502706
attempts:0.02728989222287838
of:0.00805375206485308
future:0.020736723812531655
implemented:0.029579368734097288
describes:0.029579368734097288
key:0.07587792594642782
what:0.005446402976311427
parts:0.02158991131015598
central:0.02710301901548016
fact:0.014190929755200232
requirements:0.11518027597870906
order:0.0331871817885502
must:0.08227670156731944
find:0.012523353477357339
now:0.009774641407563575
one:0.011636815476634586
in:0.005256795914038179
point:0.01302684000745598
clearly:0.021505978558724284
system:0.03967850288596198
or:0.003990008625462043
and:0.003388734448143105
known:0.019271767737670756
subject:0.0001579701591243686
forth:0.029217903101080495
outside:0.021330034186281214
i:0.001129578149381035
example:0.016635261205668075
propose:0.03261755658127043
acceptable:0.027385589614864186
we:0.007974816010141834
possible:0.03049670559721399
any:0.006054954238395309
the:0.00490608468040212
cryptography:0.029002709940306085
would:0.005518636959197492
can:0.005115775103181736
complexity:0.0354612591763963
rational:0.030218354758145192
may:0.011011985369466454
quickly:0.02511644049421691
an:0.010626013474103392
note:0.01752478756732839
record:0.0228204047173763
is:0.003179557714682413
length:0.027353518209720165
implementation:0.029174233827130063
issue:0.018528757440620432
2:0.011529050604114844
1993:0.017926957414261164
1:0.011588898768785258
byte:0.0319553203907143
position:0.02037185181782374
by:0.017581694819239636
manner:0.026981637122976593
while:0.012842263348393623
s:0.0036712205967811733
