tv:0.056547179944054664
know:0.018416046651616443
with:0.017457533635508875
from:0.0379062203476198
feet:0.06555316341724376
to:0.0020570136717773593
then:0.023819109698146317
guy:0.05054224995446074
re:0.005581201534002545
anyone:0.02496887686031927
off:0.03258891713367687
you:0.00829550730460779
convention:0.08580232597461092
santa:0.07863267797041269
3:0.0349472529050391
a:0.006253003548565948
want:0.028247730861375844
was:0.01321583782240874
as:0.011942002391298782
worked:0.05737557971006492
demonstration:0.08580232597461092
chip:0.04824484116124289
video:0.052174793923358546
third:0.05451917905474456
those:0.027700233646082987
it:0.020468980879998325
only:0.01990352594431771
left:0.04364783855970987
second:0.04104023547242189
minds:0.07337084652781833
minor:0.06486465936160941
free:0.043097131255593064
writes:0.009869587925635259
but:0.009929600332095676
easy:0.04945793379490757
please:0.028588288909033654
who:0.019299296630355945
pick:0.06000081353788081
in:0.005303871698342999
and:0.0028492344364984316
for:0.004855953177792149
tempest:0.08976804486614832
elaborate:0.08308110870902952
information:0.03640031767886216
will:0.016915005147810216
portable:0.07635391916132377
the:0.004500017970083898
can:0.012903970036383782
peter:0.054953628072029206
did:0.024535985723029334
just:0.017528187514416208
too:0.029142057729320842
radical:0.08437978597753144
very:0.02601854465348429
s:0.009260242997851019
