some:0.029936842952137284
user:0.09696521752802605
encryption:0.19829484580631276
that:0.008894990395755815
like:0.02986254008996598
need:0.04926158952557016
something:0.051042597875987764
unix:0.10160429272103418
on:0.01300022628818692
am:0.04190606042824014
a:0.0035807798098625512
pd:0.13970900635509215
domain:0.1144411038200147
uucp:0.10855457967528392
public:0.07599345123232291
looking:0.06650988065145241
oh:0.082813235490807
code:0.16618012873495877
yes:0.06838066334625356
and:0.004894838647317819
for:0.025026835608621078
subject:0.0006845373562055973
i:0.004894838647317819
elaborate:0.14272908419243532
platform:0.13405076629948137
will:0.029059111407776523
harvard:0.1441946845473058
satisfy:0.14698016764994157
just:0.03011252726835605
jerry:0.2502695267826218
marketing:0.12699362241793025
1:0.05021856133140278
nothing:0.06550912824361305
guest:0.152596925754113
