another:0.010266228381428604
some:0.0054052633108025655
out:0.0054545236068539804
there:0.008497953570158772
behind:0.01633214074536434
know:0.005712384841010656
all:0.008833961394873066
ahead:0.020007590206753637
means:0.013123126020549781
defense:0.018167622908555028
leader:0.02168539399678937
your:0.005833019547135474
with:0.010830136607213839
encryption:0.035803236048362025
hacker:0.026244042280673126
work:0.00937533548143659
wrote:0.011923958216170653
organizations:0.022016222533743742
themselves:0.014983565816309339
respected:0.027745151855606363
to:0.0019141655001261538
amendment:0.02115787427758003
everyone:0.014155151655153256
player:0.017996588116000935
perhaps:0.013372507118703914
civil:0.0193204605534283
that:0.006424159730268089
guy:0.015677457161800322
think:0.006665500127447014
nt:0.00661183844187443
re:0.001731206031380419
se:0.023367175263538386
so:0.004730604617522778
anyone:0.007744975692784218
617:0.02411283062171943
these:0.015339221973138356
you:0.00771943040845447
serious:0.016652748319627177
digitized:0.02718892818967088
etc:0.010751499941936275
glass:0.02528274892521829
defend:0.020971733442033545
posted:0.01580268946519396
josh:0.024249676928393245
a:0.0019395890636755486
same:0.008991172919113945
was:0.004099357102321229
as:0.018521161116134683
eff.org:0.05795908763023077
also:0.006868042276294288
washington:0.05332240743631241
eff:0.15462317454180494
chip:0.029929669979659942
organization:0.01773996864868922
cliff:0.054034881641560756
are:0.00595288316297431
encrypted:0.022280844820039804
care:0.029314971678462007
it:0.006349174624814295
not:0.002791250039703541
disagree:0.01966846769869997
have:0.002366900986794689
per:0.01637419034987508
stated:0.017972662328230367
types:0.0189671167221337
has:0.009859022906356953
public:0.013721039805836081
attacking:0.0245361371307918
network:0.0170068966205073
regardless:0.020948983373503777
be:0.002678061375636441
assumptions:0.025056868535544993
writes:0.0030613999584146404
if:0.003102548239645413
of:0.0027005636884130367
even:0.007773886332250119
reasons:0.016835761462019004
what:0.004261306032391811
but:0.003080014917825973
associate:0.02292940404768185
well:0.015582110279197637
alike:0.026173359539326882
please:0.008867663689376179
who:0.011972711798461558
identified:0.02534098402802783
policy:0.05328815615165694
in:0.004935547274846957
government:0.012461180271371747
initiative:0.025770529090300823
or:0.0031218123041809502
and:0.003535161245285091
irrelevant:0.0227251225434738
for:0.0030124894714080924
subject:0.00012359702264823285
house:0.01591607381708422
valid:0.019879742211230615
assumption:0.02195941654952238
circles:0.025835280210554246
the:0.006281275083242108
do:0.006651091841726821
cryptography:0.022691935092183927
views:0.01875040182470782
fund:0.024296206261048347
would:0.004317822435668407
complicated:0.022999551293147596
clipper:0.0330926307297664
liberties:0.025770529090300823
may:0.02584757676999765
an:0.004156935826674707
here:0.008335189377886092
people:0.006968857129968135
about:0.004560260094082738
maintain:0.02115787427758003
is:0.0074631285247406635
issue:0.04349111121478962
representative:0.0245361371307918
new:0.007981479467053458
right:0.008980896267547682
issues:0.03523360632036014
matter:0.01398566209213214
unless:0.014250284378428199
first:0.008692383469402968
under:0.011237608458822403
count:0.019737826743216714
position:0.01593908776487135
organized:0.02249765639265137
arena:0.02638872998208102
stance:0.05721795144806839
going:0.01008248001874853
online:0.023444337543562514
credibility:0.02755222270560373
s:0.005744780378296466
share:0.01889374546176322
