tv:0.025427255411084985
taken:0.02211329731381651
silent:0.035358318281997654
read:0.015214785650321623
say:0.012735201169580828
there:0.0061595905072291774
all:0.006403139802995243
your:0.00845592095423666
with:0.0039250159516077
lawyer:0.035640945700454875
into:0.012018818140821385
harmful:0.0358610116254414
possibility:0.028462963635176725
melbourne:0.03904529336769049
to:0.005549795275533546
ward:0.03717473361957626
h:0.023712631706674606
software:0.01889789186900172
r:0.020806844072007582
nt:0.004792473501492876
its:0.013878017154591745
me:0.0072724072510372125
australia:0.031134857150632463
anything:0.01557879966657318
re:0.002509667803880339
baby:0.03349711502417057
this:0.007046744139213678
carefully:0.03120901712503908
something:0.013360143068211563
on:0.0034027437935522814
you:0.026111361918530557
used:0.013251432941858158
etc:0.015586067029921043
m:0.009186675920242094
more:0.008533013596112254
a:0.0018745021823441544
evidence:0.021595355936329375
anthony:0.07217707763579126
chip:0.02169398897854546
are:0.004314841487256547
play:0.021489384112620413
relatives:0.03745248674818603
it:0.004602086305234523
not:0.0040463758964829856
have:0.0034312121687761934
ve:0.024498438913119924
rights:0.023310063219414805
against:0.03467490996185029
agent:0.03339306008097617
mother:0.02858794693784788
19:0.027495954442824693
after:0.012947742870234572
talk:0.02321875011836931
be:0.011646870949076602
considered:0.023106328571894038
writes:0.004438002624278942
down:0.015868225348678912
if:0.004497653823915498
of:0.0013049703729244204
future:0.023520176673274162
even:0.011269526495073998
but:0.0044649880687947
up:0.018033025105401137
one:0.013198804131216409
in:0.0011924812207683925
government:0.018064529789371123
st:0.025749981496102685
seven:0.0323437575951326
or:0.009051160506081683
use:0.011159594145955356
and:0.002562398754971744
for:0.002183549415517275
subject:0.00017917420732898185
steps:0.034762827573214534
i:0.0038435981324576158
taught:0.06495508854463858
possible:0.017295111563520683
any:0.006867699773750385
than:0.009601350887378934
the:0.003541121523438504
wrong:0.017741087629730607
do:0.004820925630244944
cryptography:0.03289569114034717
got:0.029693339887658713
can:0.005802456325085324
hate:0.05404012406117891
clipper:0.04797320964852042
may:0.012490104211005576
imagine:0.026427775533331962
just:0.007881802439368361
ltd:0.036166128229983385
people:0.010102504295792734
about:0.006610846847797796
is:0.0018031719925547913
export:0.03482644330445308
east:0.027326572344906156
having:0.017563029479331284
right:0.03905785759309328
six:0.028438243867282116
too:0.013104146764191252
late:0.025866704601551473
delivery:0.037547685640749486
words:0.02220039685575419
e-mail:0.01845433407149172
eight:0.03289569114034717
give:0.015860646116483267
before:0.028539520365404622
remain:0.030142565564060177
s:0.01249200565481916
