at:0.005371737880819702
out:0.007184006701710121
bbs:0.04935417867994709
all:0.005817486772233483
dos:0.0215216607088045
case:0.015070799434797291
where:0.011264980477035133
access:0.02044132236596662
with:0.003566020590180167
ca:0.012539930463977568
service:0.022210922124867943
from:0.005162025941647413
to:0.0025210960245563977
platforms:0.03314866558083403
most:0.011320704048579499
amiga:0.030726093645047418
archive:0.029589437900867665
ms-dos:0.03158330066103028
next:0.03266317102133141
format:0.049025054963878226
packages:0.03015402806445196
nt:0.008708275021005348
need:0.011714646289617294
re:0.0022801250169400644
file:0.018527352941819567
phone:0.01791065320859493
this:0.0032011124290940184
getting:0.016537814464784674
unix:0.048323992879516255
you:0.003389018228101963
moment:0.02566043170336453
names:0.02498108056085902
a:0.002554580718011698
hard:0.01648922806448481
other:0.008410414559950676
looked:0.022713434173656614
following:0.03338188137853368
copy:0.02083299966502038
mac:0.06276735612459394
sig:0.028775222092181554
fidonet:0.06706457293496768
others:0.01644102575041705
are:0.00784038270245397
os/2:0.02884824764734445
those:0.011316558867607074
internet:0.01741788989704028
it:0.006271745665975097
not:0.007352561080194694
ftp:0.04626057252791556
have:0.006234763574971377
try:0.029712069174919423
area:0.0195638234430448
site:0.023814415838040285
has:0.006492527279796043
sites:0.027773374218454258
public:0.0180716134028085
usually:0.020108236232845203
pgp:0.05542418336552434
free:0.017606754842223998
get:0.008014475459092209
if:0.0040862830473378615
of:0.002371226653240715
available:0.01646990138911116
version:0.019027259802838932
find:0.012905163034593842
login:0.03361199428191892
one:0.005995798218144039
code:0.05927766787192127
in:0.00433365126571928
or:0.012334965689690584
and:0.003492049522781614
still:0.012449445623350899
for:0.007935338119806684
subject:0.0001627863225123067
i:0.002328033015187743
platform:0.03187792613219374
noise:0.02792933057083017
source:0.09509963297865318
the:0.00459605493895764
see:0.021577875139160686
because:0.010760501822527524
an:0.005474988649766688
just:0.0071609058747919875
many:0.011300006265720083
including:0.01939004699103799
is:0.008191238624715363
either:0.01526562626288633
win:0.020667532948953304
ad:0.02640043692900031
patch:0.03225136287146642
keep:0.01615496697637757
center:0.01991848069190737
x:0.2042485358841898
handle:0.024770468821516484
although:0.019266704004602186
full:0.018839405389775934
est:0.03722823648925405
data:0.0357847027220221
announcement:0.02786646856071516
void:0.03353228646748384
