cia:0.04164492929462476
read:0.03383586659549137
go:0.014518151132791993
programming:0.03274462154599501
ahead:0.03225104093028945
ah:0.03512911914530426
way:0.012928155369750323
encryption:0.02885633950166492
contract:0.037917361699427436
into:0.013364208231211839
from:0.006317703391269967
sell:0.025970688798362444
to:0.004114027343554719
job:0.025906631009620717
design:0.02808333736884659
713:0.04164492929462476
bruce:0.034378048057396145
that:0.010355361953267965
jeff:0.03145880066291341
re:0.0027906007670012727
cryptosystems:0.14498069938510205
so:0.007625452219290448
this:0.003917779390831485
best:0.018172955820607718
united:0.029265089424456846
them:0.010939247548748065
support:0.020439972459205268
access.digex.com:0.03337658488353261
steve:0.0239339839315999
developing:0.03679436952824613
spying:0.09301764910263893
are:0.0047978461313524295
no:0.008401087583451566
those:0.013850116823041493
internet:0.021317417485929895
book:0.023206705303609503
it:0.007675867829999372
texas:0.029613206504992554
have:0.0038153030831914393
states:0.025767609966087186
against:0.0192782148668496
domestic:0.1214386521206963
novell:0.04290116298730546
chooses:0.04382692902215605
algorithm:0.030455589699558628
develop:0.03362359942402773
plays:0.036960830405218505
has:0.00794607816333247
prohibition:0.04504804412500532
network:0.027414102015146095
access.digex.net:0.03701715283533329
wiretapping:0.046508824551319466
be:0.008633750106529423
which:0.009640987556100879
mandate:0.04488402243307416
writes:0.004934793962817629
if:0.00500112253554783
of:0.0043531474380389245
but:0.004964800166047838
well:0.01255871574741302
beyond:0.029146001473422434
easy:0.024728966897453786
must:0.017294480802085798
one:0.014676282205606305
in:0.0013259679245857497
government:0.04017335729278056
conversation:0.03724679207911504
and:0.004273851654747647
subject:0.0001992310215822261
outside:0.026901311772250185
i:0.0028492344364984316
nsa:0.10087079827208317
actually:0.0182411502022469
capabilities:0.03824329500914879
masses:0.04103951478109962
the:0.007875031447646822
rules:0.030742651496780987
is:0.004010039207323342
unlike:0.034417849146764525
ad:0.03231098251011978
field:0.029048192909950046
new:0.012865668394653335
their:0.011296146407326223
protect:0.030816176097101966
designed:0.02932535370808032
supposed:0.027229067249375825
article:0.0060472603008701565
ass:0.03636781420108233
u:0.02822122002681355
takes:0.026685819805818436
side:0.02403256775053129
by:0.007391309513560941
s:0.018520485995702038
