cia:0.023155271889957335
report:0.01574990964097409
read:0.009406651709120008
choice:0.0156529571556786
at:0.003655456483213407
programming:0.01820655305876901
till:0.02074237890482341
cambridge:0.019388449823580418
encryption:0.016044603706319913
contract:0.021082682438685794
service:0.015114486425221339
my:0.003942797764856022
to:0.0011437337428139675
iraqi:0.051498043508669274
design:0.015614801690562003
social:0.03603188541059175
threat:0.01915914410293706
713:0.023155271889957335
us:0.034188819687717774
enough:0.010091902601399983
bruce:0.01911476530992151
that:0.0028788765596222143
jeff:0.01749161530635019
indeed:0.015303909993795085
nt:0.005925963084833515
could:0.006261863715045881
me:0.004496218590890227
re:0.001551620343477886
so:0.004239877997447801
had:0.006366840189552428
this:0.008713401466745544
parties:0.020308466855364585
he:0.039588378610462285
best:0.01010446506208064
satan:0.04363595787427768
recently:0.013731583255550578
on:0.004207542118168381
you:0.002306219873065236
am:0.013562957317023781
united:0.016271875447623308
support:0.011364963939973053
sure:0.009054124564975948
a:0.0034767737572939292
speaking:0.01749161530635019
was:0.014696450358529222
senior:0.021990894689838295
as:0.0033199757685353462
secret:0.016583658205241946
said:0.009093381031798475
also:0.0061555897580065
judges:0.0242909392363351
spying:0.02585967838123157
learn:0.01580918747187648
foreign:0.018314335160027354
no:0.0046711441335373855
internet:0.01185283793823488
d:0.015119039189850917
it:0.0028452732758503896
precise:0.02345828074894028
texas:0.016465434322278018
have:0.006364115516360823
made:0.00964970768430706
states:0.014327218819318187
between:0.009638447493968487
against:0.04287602974535845
expect:0.014341166320159287
domestic:0.04501460410559697
novell:0.02385375867343955
algorithm:0.016933813359920565
after:0.008005036048402287
has:0.004418151343927598
alien:0.023521631255707037
call:0.022049428199159397
scientist:0.020458280152634775
prohibition:0.025047460218882628
network:0.015242695726263803
his:0.00765323253736621
be:0.002400254178993657
thinking:0.014454466945430105
writes:0.0027438273486205906
if:0.0027807071359477564
of:0.004840844453918804
monitor:0.015548862407007502
but:0.002760511295644856
fact:0.009951315886426719
york:0.031229603381124005
easy:0.013749716034268911
ministry:0.022312001177869085
they:0.0077420715726783705
who:0.005365364623376964
over:0.008323405612113519
one:0.012240384744094885
president:0.015624307714406633
code:0.013446110001376334
in:0.00442356104301636
citizen:0.04050004790258195
conversation:0.04141966920001174
our:0.018504360356683763
point:0.009135003988630958
yes:0.011065750500016137
monitoring:0.023717701317327557
or:0.0027979728535397733
hussein:0.025536186507913262
and:0.0015842216368912442
subject:0.00011077575473866513
however:0.009946468482144867
i:0.002376332455336866
tape:0.01721729570007607
nsa:0.05608583804339894
we:0.011184596727916763
any:0.004246005254310404
the:0.0053169299459808715
do:0.002980572277620318
ss:0.022765110273159507
see:0.007341849632411519
when:0.005426035032546622
hello:0.016055148508928512
ross:0.022507302052798484
got:0.009179061500541801
law:0.012476519191883676
clipper:0.014829892609189923
did:0.006821207649140935
imagine:0.016339164126416856
fbi:0.03165827288207747
an:0.003725718417268617
just:0.004872981591144755
here:0.01494108635372113
collective:0.024694108317055628
about:0.008174408135451216
is:0.010033417601726038
number:0.020765683389193015
clinton:0.030416234759090725
unlike:0.01913689537620932
ad:0.017965442557493987
new:0.021460575496475686
conversations:0.022608511401861386
their:0.006280844890380556
gone:0.016305383389555034
mission:0.03731114416434494
activities:0.03507327223945611
words:0.013725556562271262
article:0.0033623770967493817
very:0.007233371335201026
before:0.008822382851546242
by:0.0041096907668762075
announcement:0.01896307404131654
security:0.030803932888281264
s:0.0025744244018921923
