some:0.02202899764402555
believe:0.020496904531418305
trend:0.05251353097646205
hide:0.047012150926031705
laissez:0.12424535593395378
your:0.023772306078891744
mentioned:0.03316192093199847
to:0.0013001878868781423
metzger:0.05540385366951802
me:0.010222534720797592
re:0.007055481184493784
this:0.00990532902587583
posts:0.037952995020459165
on:0.009566204249797922
you:0.015730160077605335
m:0.01291334634071766
more:0.011994519111516281
a:0.005269826889986396
other:0.013012339507848214
want:0.017854697808605487
was:0.00835340692548477
part:0.023105868985030916
blood:0.039402582211401894
giant:0.053624691690201516
hands:0.037786509012783895
solution:0.07339352958930657
chip:0.03049438073399315
perry:0.09181823886981996
are:0.006065201713219108
no:0.02124048558834924
ve:0.017218242443655038
has:0.010045042206476895
tendency:0.05505440771026945
hiding:0.05505440771026945
noticed:0.038266066237304955
writes:0.012476648887123817
things:0.021082320076794808
of:0.003668690293693182
never:0.020791879536432644
good:0.015283111805278294
over:0.018923969363390167
one:0.00927651799788323
code:0.030570872738978266
in:0.00838111801389106
rather:0.024278147668989277
and:0.003601862400856508
subject:0.00025185808388696507
forth:0.04658326060455286
i:0.009004656002141271
back:0.0198712898119579
possible:0.02431105304683568
any:0.009653653455554785
tapped:0.04610635231056389
than:0.01349623851150435
the:0.0028443509810907657
clipper:0.0337170199888186
once:0.02531161504646138
mr:0.03185807243663598
peaceful:0.10878420676632666
people:0.014200690000689787
e:0.0293480160005078
head:0.03257414844769512
jerry:0.046040148794916275
is:0.005069294846993659
snark.shearson.com:0.05633867350578435
violence:0.04440850910821482
their:0.014280034137563338
unless:0.029038315337174443
le:0.05062041120795119
too:0.018419979885514116
e-mail:0.0259405261948327
article:0.007644649814307556
de:0.0381224719541884
pmetzger:0.056144151928400055
while:0.020474929300740775
va:0.04708556734529637
