some:0.014238254574797002
know:0.01504725762997929
hours:0.04775822410427588
with:0.014264082360720668
4:0.030295969563154623
kids:0.05361418330310638
lu:0.07282804136113588
sell:0.042439906085128876
to:0.003361461366075197
make:0.042928792276822045
that:0.004230544212615571
provide:0.04118238632052944
its:0.02521737263456305
this:0.019206674574564108
something:0.024276357526384424
you:0.020334109368611773
working:0.038640719642763506
a:0.0034061076240155977
how:0.016041012161330786
also:0.018091428435116665
stuff:0.03565142137406856
it:0.020905818886583657
tube:0.06502732800005101
left:0.03566347784756783
details:0.046522218076711405
diameter:0.07416951569301794
be:0.014108811149694422
minimum:0.05977387780380157
if:0.024517698284027167
of:0.002371226653240715
shop:0.05926211927820362
reading:0.040077098126377934
they:0.01137706859155785
in:0.0108341281642982
or:0.016446620919587446
subject:0.0003255726450246134
we:0.016435901289194758
any:0.01247911300352204
will:0.013820796889064443
the:0.0018384219755830562
do:0.008759974620810936
thing:0.027608932135670203
would:0.011373776172004586
can:0.0527174385632752
flexible:0.07139166287752145
last:0.026587348195847536
about:0.012012392442949653
is:0.009829486349658434
life:0.03402901650352085
2:0.0237610920987245
sold:0.05007961103709562
easily:0.04510871668774862
nice:0.03853340800920437
project:0.04697116896845184
james:0.042190167898012526
