keys:0.05519499443811973
materials:0.03681675975830827
some:0.008222090669953198
ability:0.028227392010270618
believe:0.01530050619950944
out:0.008297021824510281
there:0.006463232292796813
maintaining:0.03770749318865418
case:0.01740571202328701
means:0.019961938172103892
with:0.004118502653447516
miss:0.03398465187116978
work:0.014261073690072562
simulation:0.041768150683752725
to:0.002911688366389079
signature:0.03520361490184818
spell:0.039812997609116954
published:0.02887392404726444
depend:0.03608874317764745
that:0.0024429903199611044
technical:0.027019346781121834
could:0.03188258778857868
its:0.014562144760804016
re:0.0026333838223814828
so:0.0071958492773585925
anyone:0.011781089786206981
escrow:0.0651854175339725
this:0.003697059425150838
protecting:0.037029105097538456
on:0.007140969369567464
henry:0.03222001579899792
used:0.013904672593921589
a:0.002950360829252947
other:0.009713436534027542
secret:0.0562910088375114
private:0.024997754392074308
dorothy:0.040722939380102914
chip:0.022763410970445593
no:0.007927786874524717
digital:0.029080053500082137
it:0.002414474857323746
not:0.004245845130816654
wiretap:0.034318923260176284
have:0.003600356430617274
only:0.009391100269502019
kind:0.0194051175842469
algorithm:0.08621934548748288
secure:0.030103914779999547
has:0.007498411787933458
decided:0.026279106077594046
without:0.015825425949313344
be:0.01222101247473531
which:0.02729349998276446
skipjack:0.043165692505751585
were:0.010924671108959854
depends:0.03032229672889082
if:0.0047193691532634455
of:0.008215799390101633
key:0.06772906418105441
but:0.004685093114439509
spencer:0.03278672251183295
in:0.0012512655062992288
government:0.018955034778988012
protocols:0.04251012614613179
required:0.026357615848598373
point:0.01550377437507085
system:0.01574100231860933
secrecy:0.08502025229226358
molecular:0.04408155960609101
for:0.002291189175437141
subject:0.0001880067386761852
create:0.026780603459462104
i:0.0013443570932774292
example:0.01979830382928102
possible:0.018147687485666072
than:0.010074656917038459
the:0.008492991661848484
would:0.01970386576276851
because:0.012427621823200802
clipper:0.02516904309024487
correctly:0.030692277950918157
denning:0.03762880797317442
an:0.006323226327899554
people:0.010600515070937446
many:0.01305071146181756
tap:0.03920024143313365
entire:0.02626350861048452
is:0.005676182258253463
chips:0.058489309129534824
center:0.02300444248924513
does:0.00858090714322201
their:0.010659743792828972
agencies:0.03263108626534938
inherent:0.039707097064296246
before:0.014973199064948201
registered:0.03641036315534596
seem:0.01943459545701224
security:0.026139957134069663
