cia:0.043597035355310294
some:0.00912138183697933
read:0.03542192284215503
there:0.007170148324821464
know:0.009639649419205483
way:0.01353416265270737
encryption:0.030208980415805463
from:0.01984153721320724
organizations:0.03715237552569257
to:0.0010767180938209616
bruce:0.03598951906008659
that:0.0108407695448274
jeff:0.03293343194398747
could:0.011789915275984823
re:0.0029214101779544573
knowing:0.033547064981451664
united:0.06127378098245652
access.digex.com:0.0349411122999482
more:0.00993296113922442
bryan:0.16561892563284467
a:0.0021820376966349923
other:0.010775843654936803
steve:0.025055889428393645
also:0.011589821341246613
spying:0.048688925702162565
l:0.051640009043021295
are:0.005022745168759574
no:0.008794888563925858
those:0.014499341049121563
book:0.0242945196147162
49:0.03887160900051133
requires:0.031360584257115826
it:0.002678558044843531
deleted:0.027448277320299506
have:0.003994145415216038
being:0.03040318640508044
only:0.010418251861478801
whether:0.04464779038877851
states:0.05395093336649505
against:0.020181881188733177
able:0.020605197078989602
domestic:0.04237702964628465
algorithm:0.03188319546672544
allen:0.06959419801100832
plays:0.03869336933046312
has:0.00831855057723868
prohibition:0.04715967119336495
access.digex.net:0.038752331874489544
be:0.00903845714277299
writes:0.010332224859649412
down:0.018471606069946547
of:0.0030381341494646664
even:0.013118433185672075
what:0.007190953929661181
seems:0.018410055385789673
must:0.018105159589683572
one:0.015364232933994101
in:0.0027762453421014137
conversation:0.03899273545782356
and:0.0014913961503546479
for:0.002541787991500578
subject:0.00020856997571889294
outside:0.05632462152314883
i:0.0029827923007092957
818:0.04807985115943044
nsa:0.1407988225881161
we:0.01052924926339039
signal:0.035199705647029025
than:0.01117657251733954
the:0.007066434468647372
thing:0.017686972149413723
rules:0.09655113985707779
surveillance:0.04665546399697767
is:0.008396019590333247
orbit:0.035351409442787626
unlike:0.03603118582551911
new:0.01346874660065271
article:0.01266145125494689
ass:0.038072555491758066
u:0.029544089715570435
side:0.025159094363837446
playing:0.03129195277621166
by:0.01547555429401822
s:0.004847158444187643
