keys:0.07584860526012582
cite:0.033793098171180265
at:0.005683645241641491
all:0.006155276326750266
thanks:0.012860558999459116
cambridge:0.060291824612682336
from:0.010923512960389362
to:0.0008891607484456973
born:0.027728535213170778
depend:0.06612389072549597
perhaps:0.01863523572670997
that:0.002238094357641786
sources:0.024833154678802993
re:0.0024125193727623905
cryptosystems:0.041779384338932635
617:0.03360239622123482
two:0.012030899565505236
on:0.013084098715852643
well.sf.ca.us:0.0753002221585621
8:0.038096661708049886
3:0.015106231900887869
a:0.0009009704037718678
other:0.00889876121181878
as:0.010324053680219592
dorothy:0.11192240113499254
eff.org:0.16153758616941738
eff:0.03591247924841921
1.5:0.03440155416776892
electronic:0.027830137516191032
d:0.011753833692755067
not:0.007779483981625353
wiretap:0.03144056195448408
should:0.021197576028819092
only:0.017206919203474665
allen:0.05747133771231654
follows:0.027703382694360085
algorithms:0.06567109950212476
be:0.007464016221128662
writes:0.012798626922920562
of:0.008781187735226906
requirements:0.03139591393613199
well:0.010857212323569966
easy:0.021378590737153598
please:0.012357518431646805
must:0.04485407278992575
in:0.004585282629535238
citizen:0.031485521111362096
system:0.04326236766275855
or:0.004350396501310228
secrecy:0.15577904290969583
use:0.010727609856434504
and:0.0061580228143675786
for:0.0020990249220133807
subject:0.00017223843156140837
inches:0.03591247924841921
rose:0.03180932591474181
hart:0.03730746704499751
pounds:0.03547932245591838
source:0.02012430943032145
the:0.007294383967635996
cryptography:0.06324461909563521
quote:0.02603198653251993
got:0.01427196013955209
clipper:0.023058091089127555
denning:0.10341853030046648
page:0.054254783654029505
satisfy:0.03698210669901756
7:0.02059050663826649
jim:0.02184729514160561
long:0.015356846742636031
e:0.020070256103573075
general:0.019022131374758396
is:0.00173337178639138
chips:0.026791877085141757
efficient:0.03335659076167179
new:0.011122577837958367
2:0.012570384207067154
1:0.012635638012417474
pm:0.03354006131212684
article:0.010455908133117432
full:0.019933306347891956
three:0.018828954880467565
data:0.03786252417039758
mike:0.08246224590858589
security:0.09579029453001012
