screw:0.034006213034438376
above:0.01852146959271119
some:0.007942427721995606
believe:0.014780080818573745
at:0.01198591853679498
infinite:0.035171915428973646
there:0.006243394459708486
scheme:0.031230115472614988
all:0.006490257351335314
former:0.027148965460860944
such:0.013081749683454411
france:0.034861234906298895
work:0.013776003156396623
prejudice:0.03815642107431138
wisdom:0.03305778082185508
added:0.028459987665043616
to:0.0018751008980827629
fails:0.03256363671546071
so-called:0.03411419500148797
us:0.014012764531870722
that:0.0023598954111188897
weapons:0.027207863846868525
nt:0.004857677222601622
could:0.010266048675687464
seattle:0.0331045351027242
re:0.0025438129440691873
so:0.006951092499217143
derek:0.037499095661460556
crypto:0.12366756560470737
laws:0.07575252883750799
talk.politics.guns:0.040914687115863525
two:0.012685642399002118
used:0.013431724546509288
sternlight:0.03359065050396329
am:0.011117934399329017
sure:0.029687673743662633
a:0.0009500028066982279
uunet:0.025693825254539355
as:0.01088590694172814
wa:0.03411419500148797
mind:0.020609903421837668
pat:0.13786191264026462
are:0.008747093627227557
those:0.01262527655977932
d:0.012393498111408404
not:0.016405714519073872
have:0.0069557906550701066
try:0.016574079403696547
only:0.01814335018053451
against:0.017573338722162223
netcom.com:0.04379639693498148
without:0.030574292310238026
be:0.007870221185543827
hackers:0.03866814502830857
writes:0.008996767224728738
things:0.01520221719823299
if:0.004558846392948362
of:0.001322725071875773
gear:0.03456412563077059
least:0.03275731132933989
well:0.011448081021451324
universe:0.030145947963714236
david:0.03396524135162577
in:0.003626116365193683
albert:0.03492224626672584
u.s:0.047996495251682966
use:0.011311425358825497
and:0.005194522646133195
for:0.006639772712491305
subject:0.00018161195164638296
legally:0.034059989765779286
feedback:0.03768051230827798
myrto:0.07964784157764297
i:0.0038958919845998963
license:0.03182526822175183
possible:0.017530419203840693
import:0.07573379977557793
any:0.006961137865910253
firearms:0.03230850477356647
the:0.003589300047566919
wrong:0.017982462971631703
stupidity:0.035108633846236824
countries:0.05735345971197818
come:0.01633465084673067
human:0.02180845150501072
rwing.uucp:0.07990215631250218
note:0.020147544890329914
people:0.01023995333383073
about:0.02010237102697697
including:0.021632433377756666
is:0.0018277049448344482
else:0.017187430104340522
does:0.016578079106632997
article:0.011024937147164638
assault:0.03239249005126918
by:0.006737656291273239
strnlght:0.034223918688085816
newsgroups:0.029158315243683636
