there:0.013301144718509383
help:0.06203167304468977
where:0.0535494724125728
your:0.01825988727798931
much:0.025321693761738137
someone:0.06386835114965275
to:0.001997390087088161
appreciate:0.05564077297702165
been:0.02126435343799187
could:0.04374229435727703
me:0.01570418377397891
this:0.015216882271635333
sincerely:0.07896596011374774
chen:0.08128976663657643
on:0.007347953988975216
books:0.05290924511661103
a:0.008095676091863159
other:0.019989970838143634
also:0.021499958430138643
not:0.008737826211245869
have:0.00740942917605294
patent:0.08955853270132445
goverment:0.09071857194296991
has:0.01543151411429784
found:0.038761166742855034
if:0.00971232492410738
of:0.002817979500952734
but:0.009641785829716091
find:0.030673141125701308
good:0.02347840364289129
one:0.014250882721385832
recommend:0.06359100416178741
and:0.00553329586218536
few:0.03312503624501865
wpi.wpi.edu:0.0851131665067958
for:0.009430401823538376
subject:0.00038691241872490284
i:0.00553329586218536
group:0.03908863673632819
any:0.01483025023606967
information:0.03534523600701109
will:0.01642471514352586
the:0.0010923956666508015
sci.crypt:0.08331530203331786
about:0.028551193632518016
dear:0.06965431594358557
is:0.007787612373642432
netters:0.0715626902040957
regulation:0.08331530203331786
questions:0.043828642568775535
faq:0.16878674186511997
very:0.02526438393889054
while:0.03145423921563076
news:0.044476471248745195
