some:0.017962105771282374
simply:0.04705605138282138
read:0.06975394036608991
from:0.013024188529695009
that:0.010673988474906979
grand:0.07715056408028818
nt:0.0109858238726529
anything:0.035711402312606215
re:0.005752930811971855
michael:0.046226080025749065
he:0.09785435123201448
two:0.05737813638933266
compuserve.com:0.08521592783564405
on:0.007800135772912153
them:0.04510335912406895
compuserve:0.08027888598825787
a:0.002148467885917531
idea:0.042651943004011636
said:0.033715458902514345
are:0.009890944332326547
no:0.017319165172038613
rush:0.0785677223711775
ken:0.06347804155561249
have:0.007865394048425428
his:0.05675166281554636
without:0.03457246899696146
writes:0.02034653510823269
of:0.005982787248176574
but:0.010235126496160159
reading:0.05055880071327678
groups:0.11322417226111976
michigan:0.0792577310814137
in:0.008200601625899561
industries:0.09155815545246779
subject:0.00041072241372335844
however:0.036878444679952514
i:0.0029369031883906913
the:0.0034788600461033215
radio:0.055190005550271794
people:0.02315804830881719
address:0.049120328522055556
today:0.04367886562766697
sean:0.07884002355732213
does:0.01874598175903885
show:0.04630874876515127
e-mail:0.08460602389699282
article:0.012466659697178478
says:0.03940041145273182
dean:0.07666596920245171
