explains:0.047817138123689526
laissez:0.11256416862392395
threatened:0.047114248395168395
with:0.00499852458794485
though:0.021243967535134016
dealers:0.04207794424523854
to:0.005889740000388166
crime:0.03428391389091894
track:0.03888714169056873
probable:0.05003518252954495
enough:0.020787594247328175
metzger:0.050194944350161634
that:0.0029649967985852723
think:0.01230553869682526
need:0.04926158952557016
re:0.006392145346635394
this:0.004487029387789906
key-escrow:0.04972434796398192
crypto:0.038844299452760654
big:0.02372462011852613
on:0.004333408762728974
sternlight:0.04220363781267183
terrorists:0.04419035528255664
a:0.002387186539908368
horrible:0.04403207282300761
secret:0.03415950108942999
truth:0.03072698741891115
chip:0.027627387673532258
perry:0.08318575487351211
figures:0.040334499342886965
are:0.005494969073514749
no:0.00962175842891034
it:0.011721553153503317
not:0.005153076996375769
law-abiding:0.05086564191803766
contain:0.04008383596601072
spy:0.05159348643376679
real:0.021859776529899552
algorithm:0.034880760852485954
has:0.009100636528944881
love:0.027967670428901272
netcom.com:0.02751312115146273
talk:0.029569177501171176
be:0.009888226617734553
which:0.011041814807842033
writes:0.005651815307842414
watched:0.08518441022494636
were:0.013259002542498285
of:0.00332377069343143
kept:0.03413483438097585
years:0.01905790959812302
well:0.01438348641156705
who:0.055258669839053344
republic:0.0439540174079369
david:0.02133713879781619
in:0.001518629930722141
government:0.046010511771218766
brother:0.03960354059555224
and:0.004894838647317819
for:0.0027807595120690086
subject:0.00022817911873519915
cause:0.026953001139675786
i:0.001631612882439273
back:0.018003048889466133
drug:0.0366018698419274
the:0.002576933367483942
judge:0.03728599554853882
convince:0.040385526411147676
clipper:0.030547043750553605
an:0.007674343064630229
people:0.03859674718136198
e:0.026588800820972883
snark.shearson.com:0.05104187514199267
assuming:0.033915980099735066
does:0.010414434310577139
le:0.04586122724822929
grain:0.05303858327174913
organized:0.041534134878741004
de:0.03453830792430744
already:0.024835780523908987
inclined:0.04927831588560098
thus:0.028473120280994066
citizens:0.03493468537550531
by:0.008465260468522789
pmetzger:0.05086564191803766
s:0.01060574839070117
va:0.04265871913334544
strnlght:0.04299928245426167
