report:0.0973263647044809
someone:0.05649892601700051
work:0.1038498699482207
to:0.014135376000931598
then:0.04092000896861034
legal:0.09690551779060064
phone:0.07531659297973253
on:0.01300022628818692
you:0.02850251227737035
a:0.010742339429587655
as:0.020515747697872268
inform:0.14827326646088754
police:0.09424574132391517
it:0.017582329730254972
wiretap:0.24991215912538628
whether:0.0732681688431237
found:0.06857744885274351
if:0.017183344096497674
of:0.004985656040147145
reveal:0.1441946845473058
mizzou1.missouri.edu:0.15979955102248225
and:0.004894838647317819
for:0.008342278536207025
subject:0.0006845373562055973
person:0.07192806254035515
the:0.0019327000256129563
is:0.006889041715145228
their:0.0388124004764542
john:0.0687558563995345
s:0.01590862258605175
