there:0.011472237319714343
stopped:0.056319529035246445
posting:0.08247971392390602
harmful:0.0667911341523846
service:0.04553239035597929
from:0.010582153180377196
harm:0.06015828101410747
to:0.006890995800454155
attacks:0.17235286238852052
perhaps:0.036105769220500565
she:0.041439281061231036
that:0.00433630781793096
re:0.0046742562847271315
afraid:0.05644030292164315
these:0.020707949663736784
on:0.006337610315491124
serious:0.04496242046299338
sternlight:0.061722820301032544
why:0.02224653225192508
are:0.024109176810045957
should:0.020535151777918495
have:0.012781265328691322
due:0.041439281061231036
real:0.03196992317497809
personal:0.12577108016983934
without:0.02809013106003119
considered:0.04303553696515265
writes:0.016531559775439058
if:0.016753760494085234
of:0.004861014639143467
what:0.011505526287457891
they:0.046645981225387184
up:0.01679325462940481
thomas:0.046050062675363754
debate:0.11349488736154895
use:0.02078474409684185
substance:0.06735941382834407
and:0.0023862338405674366
subject:0.00033371196115022873
cause:0.03941876416677584
back:0.02632945900084422
eng.umd.edu:0.07317645444945949
allow:0.043828433392182405
yet:0.03287585928357705
the:0.0018843825249726326
clipper:0.04467505148518464
edwards:0.07859690426289524
denning:0.1335822683047692
prof:0.14729641709849015
anonymous:0.05680978794966245
an:0.01122372673202171
here:0.0450100226405849
is:0.010075223508399896
grant:0.056562255108460205
occur:0.05687244472245676
issues:0.04756536853248619
