keys:0.02730902163837283
another:0.0077264994090194385
some:0.004068072735656287
hmmm:0.01730976682689854
form:0.02378662665144178
search:0.01486812299433699
case:0.008611885391312737
graphics:0.012260423136375338
text:0.012601267363183162
encryption:0.12125695274915642
into:0.0062397348535971646
someone:0.015355108812982717
such:0.00670040837445226
from:0.0029497291095128067
atf:0.031006779485495965
hence:0.016032590200213904
to:0.00480208766582171
amendment:0.04777108896122599
line:0.009839037452285674
enough:0.008474385111280127
perhaps:0.020128651830244218
that:0.002417453835780326
weapon:0.016908250229067237
feds:0.03461953365379708
weapons:0.013935735141079002
like:0.004057975831040673
through:0.016511939331183462
nt:0.009952314309720397
consider:0.011220780761572102
me:0.007551140629996827
covered:0.03217668103698837
re:0.003908785743325825
batf:0.015888141720498412
scott:0.013317341648681208
this:0.009146035511697195
restrict:0.01920685387538224
restrictions:0.0180806273601516
something:0.00693610215039555
on:0.0035331625452215327
des:0.03272199251364167
bible:0.012539837985565494
a:0.003892694427446397
how:0.0045831463318087955
other:0.009611902354229344
as:0.011151416867136145
question:0.007606223286923708
also:0.005168979552890475
arms:0.04236731949432523
chip:0.011262732954018376
cheap:0.025897081661371762
are:0.006720328030674832
encrypted:0.06707543527705363
reason:0.009310842940796264
not:0.002100731737198484
should:0.02862042059640208
ban:0.018429350212266524
have:0.0017813610214203932
only:0.009292935458322554
rights:0.01210174013830246
able:0.02756932292101745
second:0.019161643042872937
after:0.006721998911724569
attack:0.013758528112390879
robert:0.022267679644304553
technologies:0.01720496733129827
algorithms:0.03546697011438794
his:0.00642658202615072
free:0.010061002766985142
be:0.018139900049607114
constitution:0.015766482260197966
considered:0.011995968492028613
get:0.004579700262338405
cops:0.01695598139407825
of:0.005419946635978778
even:0.005850729783156884
freedom:0.013895569617834863
bureau:0.019594399642316816
what:0.009621346024355031
reveal:0.019594399642316816
seems:0.008210756408993304
fire:0.025066157749403975
using:0.0076809079395293405
well:0.005863651254889703
they:0.0032505910261593856
who:0.009010821423232392
david:0.008698415468099283
good:0.005644633628430311
one:0.0034261704103680226
in:0.0018572791138796916
government:0.0468922463173571
gun:0.025512303106650883
required:0.013041050350177592
our:0.007769252344879419
ought:0.01739048828780981
or:0.004699034548453556
force:0.012452976023744847
use:0.011587313782211485
and:0.0019954568701609225
still:0.007113968927629084
for:0.0034008591942028643
subject:9.302075572131811e-05
i:0.0006651522900536408
we:0.004695971796912788
warrant:0.016401749008608957
information:0.008497635137574094
yet:0.009164002587756669
currently:0.012539837985565494
the:0.005777897637546747
when:0.004556356943706397
would:0.00974895100457536
her:0.011520588170486857
because:0.006148858184301442
protected:0.016381313052328827
clipper:0.012452976023744847
reasoning:0.016701199983524376
encrypt:0.02066577490276267
may:0.006484409503274672
fbi:0.013292062307631828
koresh:0.014230657242661156
just:0.00409194621416685
btw:0.013072440837781654
people:0.0052448541465962275
is:0.00655299089977229
export:0.0361612547203032
methods:0.015503389742747982
time:0.005503519058897957
speech:0.03309651708511687
first:0.01308400577972851
reflect:0.016484712941339685
under:0.016915145833488774
words:0.011525641573196426
regarded:0.01869604037645584
barrel:0.04191260631381141
article:0.0028234595132982615
67:0.019443973956375322
before:0.014816684789007975
by:0.013803978743096391
data:0.051121003888603
kennedy:0.04029726405557223
while:0.007562169010029695
s:0.004323597776000128
james:0.012054333685146437
