since:0.007939768346840004
at:0.0034958929065652023
scheme:0.018217567359025407
know:0.00979265972744684
traffic:0.01736127087851548
case:0.009807980584550617
knowledge:0.014669726765286252
take:0.008435512421967077
access:0.013303082809597322
with:0.006962230676066039
encryption:0.04603273206217975
from:0.003359413708056252
approach:0.016334335932277125
my:0.011312074539646444
via:0.013564410232601765
invisible:0.023698013458782308
to:0.001093808857214945
ii:0.01456904684567507
been:0.02328952995589586
make:0.013968892724997647
that:0.004129816969458057
quite:0.01054047373852937
nt:0.0056672900930352255
me:0.0042999550809704155
re:0.0014838908840403592
exactly:0.012763423227269874
anyone:0.006638550593815044
escrow:0.0367314654358099
this:0.014582845510317194
these:0.006573952274202153
on:0.006035819348086785
set:0.010513549937007623
des:0.05590007054413785
combined:0.020128634039902255
am:0.006485461732941926
classified:0.08251919846634381
a:0.0044333464312583965
same:0.015413439289909622
as:0.012700224765349499
old:0.010507591596596524
part:0.009719135366719353
also:0.005886893379680819
act:0.014808067710390295
military:0.015364438740994326
are:0.002551235641274704
place:0.010791379433795338
it:0.006802687098015316
not:0.0023925000340316066
fuzzy:0.02404329670080465
application:0.014644316300860829
have:0.004057544548790895
made:0.009228490285388894
systems:0.011906417143978613
algorithm:0.048583916901676856
connection:0.017086373553581335
types:0.016257528618971742
secure:0.03392663411714234
has:0.012675886593887511
public:0.011760891262145213
heard:0.010724791108809025
exchange:0.019229714796654435
be:0.0022954811791169494
which:0.015379670625208544
sort:0.012450243284369167
cryptosystem:0.1071755230025828
writes:0.0026240571072125487
certainly:0.012205386020855717
if:0.0053186541251064225
of:0.006944306627347808
even:0.006663331141928673
cmu.edu:0.024323525142129862
key:0.03816479013376876
available:0.01071850725323107
what:0.0036525480277644095
but:0.005280025573415954
years:0.017696630341114232
least:0.009554215804390802
sense:0.013040960501440439
fact:0.01903386610022888
who:0.005131162199340667
up:0.0053311919458427955
now:0.006555215864596207
david:0.009906528727557515
called:0.01064386704705053
one:0.0039020274118080254
in:0.0028203127284839756
government:0.021362023322351566
substitute:0.02301606799478763
or:0.002675839117869386
use:0.013196662918629747
and:0.0022726036576832726
for:0.009037468414224276
subject:0.00010594030512705672
amanda:0.07519928426077227
fits:0.020300446761145605
however:0.009512297238876638
offer:0.01394906197933269
cipher:0.023616190890517485
i:0.003030138210244364
nsa:0.0178792155667449
we:0.010696380204079125
similar:0.01255856463439167
walker:0.038676881769405015
phones:0.019653774898013014
the:0.004187516722161405
do:0.008551403796505912
cryptography:0.019450230079014794
around:0.009393628702990616
would:0.014803962636577397
can:0.006861634860616772
law:0.011931909227158595
clipper:0.028365112054085484
promote:0.021430353754090144
may:0.007385021934285043
drop:0.01718123673157163
an:0.003563087851435463
just:0.004660272077245579
here:0.007144448038188079
people:0.005973306111401259
about:0.003908794366356633
claimed:0.01688830057190787
is:0.0074631285247406635
number:0.009929622414276817
itself:0.013345459684898333
else:0.010026000894198637
type:0.012859176628300382
sheet:0.02066814053290237
almost:0.01199203543755781
enforcement:0.01793686675945486
refers:0.020947429408941256
pink:0.023380383666427005
letter:0.01619463896722562
by:0.003930299503242723
data:0.011644228663515128
protocol:0.020825319652327156
s:0.0049240974671112565
