some:0.008981052885641187
read:0.017438485091522477
believe:0.016712860617925696
there:0.007059838350593442
maintaining:0.04118818486760688
all:0.007338983312663779
means:0.02180457861875964
your:0.02907535897341375
ca:0.01581960458532555
into:0.01377541463832605
to:0.004240612800279479
that:0.0026684971187267447
technical:0.029513440330148463
nt:0.00549291193632645
publishers:0.04517544991514547
re:0.0028764654059859275
escrow:0.10680379949797032
getting:0.020863089017112972
these:0.012743353639222636
pieces:0.11745023564803082
directory:0.03242676376023382
on:0.0039000678864560766
you:0.012826130524816659
dont:0.03743358969308045
access.digex.com:0.034403556726102846
a:0.0010742339429587655
secret:0.03074355098048699
private:0.05461047882576234
steve:0.02467041420641836
dorothy:0.04448197993826626
are:0.0049454721661632735
results:0.028177567298988158
no:0.008659582586019307
those:0.014276274263750463
encrypted:0.03702048062406614
not:0.004637769296738192
wiretap:0.037486823868807945
involves:0.040291770896407245
try:0.0187414590180261
kind:0.021196359207408155
messages:0.03365415585681463
public:0.0911921414787875
without:0.01728623449848073
which:0.02981289998117349
listed:0.10476451141066057
if:0.005155003228949302
of:0.008974180872264861
key:0.1726222815281233
result:0.054384645554023114
instance:0.03288273768276874
together:0.02737666339577101
necessarily:0.029902023331201556
they:0.007176304803905721
one:0.007563930059812481
in:0.0027335338752998537
government:0.020704730297048442
system:0.017194017917250195
use:0.012790611751902678
and:0.0029369031883906913
for:0.007508050682586323
subject:0.00020536120686167922
i:0.0014684515941953457
the:0.005798100076838869
wrong:0.020334015821768157
do:0.005525522453126898
when:0.010059034175721047
clipper:0.02749233937549824
denning:0.04110223640146745
forward:0.03327421158504865
put:0.019134302304205996
may:0.014315580980306391
general:0.022680233562211934
is:0.006200137543630706
chips:0.03194416113997671
issue:0.024087384672806564
1993:0.023305044638539517
byte:0.04154191650792859
agencies:0.07128637307199404
give:0.01817874054889236
calculations:0.04517544991514547
process:0.0278197210248736
giving:0.029179745748377506
s:0.004772586775815526
