know:0.020913137723022064
with:0.009912328420161818
way:0.02936225117875497
ca:0.03485675586597154
from:0.014348682278477552
entity:0.09388195439520107
to:0.007007792339444903
most:0.03146771972825488
might:0.036052290438617726
that:0.017639218242431025
nt:0.024206052600760627
its:0.03504787383108763
anything:0.03934307034439667
re:0.006337974623358823
afraid:0.07652922430053308
illegal:0.06965693433259809
something:0.03374002232480547
on:0.008593369919309998
you:0.009420321854385115
tell:0.04084788226478733
rsa:0.09531513046347333
access.digex.com:0.07580444702361644
m:0.023200249357899525
transmit:0.09607988360382026
other:0.023378101488676455
steve:0.05435853977685401
encrypted:0.08157055052760336
it:0.011622217957287186
not:0.01021881370467737
disagree:0.0720065936087999
have:0.008665264629621234
if:0.011358481690905241
using:0.037363060654998656
they:0.04743659107666494
find:0.03587197860463373
point:0.037314168834916284
or:0.011429007757679412
subject:0.0004524907947799711
i:0.009706713927731946
nsa:0.07636546309863924
any:0.017343851970996735
will:0.019208565167852278
the:0.0012775474745577169
do:0.012174879981466045
people:0.02551310406903589
about:0.016695189496980872
is:0.004553773337129897
keep:0.04490533193433765
data:0.04973467157975953
