at:0.007047720099635449
say:0.015180359794140348
know:0.009871001005266415
all:0.0076325426451703295
among:0.0275560437438866
with:0.004678619014316379
way:0.027717965112744693
ca:0.016452388768738568
from:0.006772578035441405
several:0.02254761097653917
entity:0.044312282474534906
to:0.004410237312290659
sharing:0.043994359845338796
look:0.018969346594207286
most:0.014852763711736303
might:0.017016681087027568
that:0.011100948013903258
nt:0.011425256827559016
suppose:0.030833111885049357
could:0.012072873242608459
its:0.016542596448273363
anything:0.01856992920255523
re:0.0029915240222253645
afraid:0.036121793869851614
this:0.008399719013942705
illegal:0.0328780730049863
something:0.015925290537308182
on:0.00405607060191432
you:0.004446391915269775
tell:0.019280200428979623
rsa:0.04498874157875941
charter:0.045227565283956855
obey:0.04475684128377339
access.digex.com:0.03577969899514696
m:0.010950517696928577
transmit:0.045349705061003165
a:0.001117203300677116
other:0.022068927805310574
steve:0.025657230774675095
let:0.0184411019420226
nyx.cs.du.edu:0.037611494768146986
encrypted:0.03850129984902878
it:0.010971373751679102
not:0.0048232800686077194
choose:0.03179042791509807
disagree:0.033987112183353554
have:0.012270014715543669
crack:0.041823839085438186
which:0.010335138660140143
writes:0.005290099128140499
get:0.010514991802328979
things:0.03575561485024399
if:0.010722406716214548
but:0.005322265778003282
ignore:0.03600612920444978
using:0.017635364629159368
they:0.05224349897243365
find:0.016931573901387123
point:0.017612287690080487
or:0.0053944916616246825
and:0.0015271896579631594
for:0.002602790903296592
subject:0.00021357565513614637
i:0.009163137947778956
nsa:0.07208899716511545
explicitly:0.04121402016233512
any:0.008186298130310458
information:0.01951057027587012
prohibit:0.04668613773830849
will:0.009066442759226275
the:0.0024120096319649696
do:0.0057465433512519735
would:0.007461197168835009
can:0.006916527939501707
orders:0.03915472409714292
ralph:0.044312282474534906
put:0.019899674396374235
last:0.017441300416475982
an:0.007183185108493894
people:0.01204218512058494
about:0.007880129442574973
changed:0.0302345215506674
is:0.0021493810151253113
executive:0.043394078357795476
keep:0.02119531667300737
unless:0.02462449140592393
little:0.018762709615187712
data:0.023474764985646497
while:0.017362740047028178
doubt:0.02784057839184454
s:0.01489047074054444
