say:0.011570396184558192
take:0.012961884941071363
existing:0.02640043692900031
much:0.021307278897072335
encryption:0.09431096324934389
operate:0.03218751348203169
such:0.011725714655291455
companies:0.04849551640960654
from:0.010324051883294825
prevent:0.049061188684983804
to:0.005882557390631596
receive:0.026112309582350644
us:0.037680665600945046
enough:0.01483017394474022
next:0.016331585510665703
make:0.010732198069205511
that:0.004230544212615571
communication:0.05869100586742193
nt:0.004354137510502674
could:0.00920188509345157
its:0.02521737263456305
re:0.004560250033880129
policies:0.03187792613219374
getting:0.016537814464784674
laws:0.022633377518523734
restrictions:0.0316410978802653
illegal:0.05011901372711326
these:0.010101438860359406
big:0.01692549118211925
on:0.009274551681206522
you:0.006778036456203926
a:0.0017030538120077988
how:0.008020506080665393
as:0.004878744879372064
private:0.021644397095576536
services:0.02436988797233725
local:0.01863648446290215
chip:0.019709782669532157
athena.mit.edu:0.029800447225120565
organization:0.02336483675681019
lose:0.025638693495044433
no:0.006864303269405548
it:0.006271745665975097
not:0.003676280540097347
have:0.006234763574971377
follow:0.023030440929373692
networks:0.06175581596840858
kind:0.016801992054652805
money:0.05671133719626457
suspect:0.023671311359132682
guidelines:0.03495260084358367
secure:0.026065584748536194
mit:0.03124757031235328
without:0.013702502956112774
be:0.0035272027874236056
which:0.00787739227144828
writes:0.004032087750107088
were:0.009459166448001825
making:0.03749520964478541
if:0.008172566094675723
of:0.00948490661296286
what:0.005612451847540435
year:0.015090004367132023
visible:0.028922158382297773
they:0.017065602887336773
thousands:0.026088902409745974
in:0.00216682563285964
government:0.08206143105537492
or:0.004111655229896862
use:0.0405555982377402
and:0.0011640165075938716
gets:0.02034948989263905
subject:0.0001627863225123067
i:0.002328033015187743
offering:0.033941672460396206
power:0.01647472731811306
possible:0.015713241603442573
will:0.006910398444532222
the:0.002757632963374584
do:0.004379987310405468
ibm:0.024027238226339433
risk:0.02615939522926473
putting:0.024512527481939113
violation:0.03141312512373103
would:0.011373776172004586
clipper:0.021792708041553484
may:0.011347716630730677
about:0.006006196221474826
f:0.022659946453700293
is:0.004914743174829217
either:0.01526562626288633
spot:0.029425735156744567
voluntary:0.03526010604862569
unless:0.018768667230124946
too:0.02381119351054264
various:0.021735237672897492
article:0.0049410541482719575
delay:0.03361199428191892
feels:0.031193369413467637
by:0.006039240700104672
data:0.01789235136101105
while:0.013233795767551966
john:0.032700956092461535
doubt:0.021219953042564438
