read:0.01889169218248268
out:0.009818142492337166
send:0.024444559340635188
anyway:0.025404281847037784
previous:0.02894332849744005
someone:0.018362150955525167
from:0.00705476878691813
via:0.02848526148846371
to:0.004593997200302769
city:0.0306648799873866
archive:0.04043889846451914
quite:0.02213499485091168
r:0.02583516472274275
appears:0.03250250856161943
like:0.009705325529238943
id:0.03908174006686045
me:0.009029905670037872
recommendations:0.04490627588556271
articles:0.07019814367832777
anyone:0.013940956247011593
file:0.025320715687153408
this:0.008749707306190317
these:0.013805299775824521
texts:0.0453031762938065
on:0.012675220630982248
contained:0.042779751676739156
impressive:0.0438177743654205
a:0.0034912603146159877
was:0.007378842784178213
as:0.006667618001808487
mind:0.02524713169175114
computer:0.02233919087637763
no:0.009381214468187581
it:0.002857128581166433
not:0.005024250071466374
couple:0.026299931622120985
have:0.0042604217762304405
made:0.019379829599316677
copies:0.037626868614428766
site:0.032546368311988386
references:0.03441139664176386
network:0.030612413916913137
his:0.015370242012543806
glad:0.03865911429536864
be:0.004820510476145594
which:0.010765769437645982
if:0.005584586831361744
of:0.006481352852191288
available:0.02250886523178525
who:0.010775440618615403
login:0.045936392185289186
david:0.041607420655741564
one:0.016388515129593707
code:0.027004270919430803
email:0.022865822158066172
government:0.022430124488469146
occasions:0.04749971396774584
or:0.011238524295051422
use:0.013856496064561234
and:0.001590822560378291
for:0.005422481048534567
subject:0.0004449492815336383
bibliography:0.16022782995089718
i:0.006363290241513164
any:0.00852739388574006
suggestions:0.03297496975892398
the:0.0037687650499452652
users:0.03290581306880152
when:0.0108972870236978
cryptography:0.08169096633186214
would:0.015544160768406267
return:0.03075306423180774
an:0.007482484488014473
address:0.02660684461611342
including:0.026499730887751916
is:0.0022389385574221993
yesterday:0.036636358590456025
new:0.02873332608139245
else:0.02105460187781714
request:0.03250250856161943
marked:0.045936392185289186
dave:0.05843791118957654
e-mail:0.02291413147210222
although:0.026331162139622985
article:0.013505548005276683
saved:0.038613452080663434
poster:0.03795694476522082
god:0.022109818598126874
