silent:0.01829301883339462
freedoms:0.02154692445414808
confused:0.01677939273758603
at:0.006117812586489104
bright:0.03651481197118375
there:0.009560197766428618
know:0.0042842886307579925
technology:0.128626196333286
allows:0.028699120730181688
hand:0.021925273996199122
cut:0.012711859360431949
with:0.006091951841557784
creating:0.016994237889384946
though:0.008630361811148193
o:0.024312354054165843
from:0.005878973989098441
to:0.0071781206254730775
lies:0.03132209450871988
young:0.026069830049126295
important:0.010911004489490355
most:0.006446512027663325
us:0.007152348563142347
that:0.0036135898482758
realized:0.018187257696294933
think:0.004999125095585261
really:0.006775679663857381
through:0.00822730310425287
its:0.014359892750237292
re:0.0012984045235353142
larger:0.014777263000419386
this:0.005468567066368947
tools:0.06179823411345376
child:0.013768627155352061
extremely:0.015340799948054271
two:0.0064749633078239974
on:0.0017604473098586455
children:0.011640197458397658
used:0.02056732821184235
them:0.005089788790042502
josh:0.018187257696294933
more:0.004414649395210853
a:0.0019395890636755486
how:0.0045672326292677925
quick:0.01409470562566422
old:0.009194142647021957
ridiculous:0.01733010464792158
also:0.005151031707220716
tortured:0.020078671499911854
logic:0.014419239403461709
andrew.cmu.edu:0.014148539606691875
scale:0.016802618390887408
stolen:0.017043841907605353
are:0.0066969935583460986
complex:0.015611086360429044
no:0.003908839361744826
those:0.006444151577387361
leap:0.02073576177643452
action:0.025568701950180253
it:0.009523761937221443
not:0.01046718764888828
have:0.0035503514801920335
mistake:0.01551327081540579
try:0.008459686362303447
machines:0.027402406492252028
neutral:0.018365359412918374
always:0.009225542006939955
walk:0.015940371439147234
has:0.0036971335898838575
evil:0.07251169643070488
uses:0.011857621978598739
tested:0.016448454613265457
be:0.0040170920634546615
certainly:0.021359425536497504
were:0.010772939565779854
of:0.004050845532619555
even:0.005830414749187589
cmu.edu:0.021283084499363628
available:0.009378693846577187
what:0.003195979524293858
but:0.00693003356510844
nature:0.013237552577290868
fact:0.008327316418850136
who:0.022448834622115423
accept:0.012403166564801157
good:0.02812517103054686
called:0.018626767332338427
over:0.013930144114717762
one:0.0034142739853320224
in:0.004318603865491088
government:0.01869177040705762
our:0.007742275774237477
or:0.002341359228135713
rather:0.008935707128169663
men:0.024386101059912096
use:0.011547080053801027
better:0.02329391532605628
and:0.006628427334909546
vcr:0.042075769226408134
for:0.002259367103556069
subject:9.269776698617464e-05
create:0.01320432531681812
governments:0.03244872505196445
i:0.001988528200472864
objection:0.020457835708123626
water:0.014236448662192883
will:0.003935088003136404
program:0.009641088306889149
ways:0.012390063823885744
than:0.009934731126524035
the:0.0044492365172964935
do:0.0024941594406475576
merit:0.020525259617349675
see:0.006143700560455472
when:0.009081072519748165
represents:0.01822215469578626
cryptography:0.017018951319137946
can:0.012007861006079352
put:0.00863701145675965
development:0.0134974410870007
stone:0.017276270666893922
an:0.00311770187000603
just:0.008155476135179763
note:0.010283642704439227
people:0.0052266428474761015
n:0.012711859360431949
is:0.010261801721518414
new:0.005986109600290093
time:0.0054844096177212275
man:0.010062671315261106
their:0.005255845897853173
nothing:0.008871027782989266
words:0.011485621984400606
very:0.006052925318692525
de:0.014031187594249896
before:0.014765237966823918
by:0.010317036196012146
soft:0.018553092820106833
prisoners:0.021734657861336538
rubber:0.019425712362748867
