lead:0.07025844795672566
know:0.022434093193787304
true:0.04696874167559721
o:0.06365416334181602
trust:0.07544305934033332
me:0.01970161237099172
re:0.006798918232330373
nope:0.09929225032449365
m:0.024887540220292218
a:0.002539098410629809
same:0.03531078819142931
as:0.029095060371527943
are:0.011689297847295008
deadly:0.10610485849615567
delivered:0.1014621913723585
properly:0.0782866570091363
doing:0.04874005282118755
mitchell:0.09797732920486409
be:0.010517477402499477
guns:0.07336287113710162
writes:0.012022952563955679
of:0.0035352833739225207
what:0.016735310963575112
george:0.14481142469291516
in:0.0032305400344452813
quoting:0.09797732920486409
for:0.011830867742257235
subject:0.00048539921621851447
amanda:0.2296996319238135
i:0.006941771172559816
walker:0.08860522005354604
information:0.044342205172432085
the:0.002740920036323829
see:0.03217065020747593
cryptography:0.17823483563315376
can:0.015719381680685696
just:0.02135251933574338
fish:0.09998718146667906
paul:0.11909172694942026
is:0.009769913705115051
x:0.055366545264474584
defensive:0.09301295606924895
organized:0.08835443237841266
article:0.014733325096665473
difference:0.05831188812426157
offensive:0.0911779393676133
