okay:0.02290301135905583
looks:0.01820800784241431
go:0.010348043892521953
choice:0.020065758907013526
large:0.015925713403657317
at:0.00937196821760033
folks:0.019697956650504136
say:0.010093324331210338
marc:0.05099196165182442
attitude:0.023384909738588953
know:0.006563165562012243
technology:0.01791312598838799
access:0.01783179185116237
way:0.009214749040141188
ca:0.010939088277086815
from:0.01350913171963046
cryptographic:0.03066788807774103
prevent:0.021399029107280167
to:0.002199253978868347
worse:0.02071843304968291
that:0.003690474738664647
helps:0.02249985263900512
like:0.006194888635684432
really:0.010379764591441095
nt:0.011394870506209125
could:0.008027176358117326
assertion:0.026980934989656213
funds:0.02646577634077367
re:0.0019890452275434603
this:0.008377379335714133
off:0.011614135361469949
crypto:0.04834875570184038
starting:0.020859159483389452
on:0.008090566360201435
you:0.008869132809713645
them:0.007797123252831068
support:0.01456891654007184
m:0.01456185863953268
a:0.004456928061211899
other:0.01467348923225437
sorry:0.016901152578396937
want:0.010067010466554158
minority:0.02638456638263118
let:0.024522741944178986
also:0.015781884379569854
ethical:0.03176542229581458
are:0.0034197413914958804
it:0.0036473981887231058
not:0.006413936261446435
flame:0.02232794417488189
have:0.00815825446512212
only:0.014186555726269005
hurt:0.023991391538593955
rights:0.01847446499836599
war:0.018812899550920303
mitchell:0.057327160704973665
topic:0.023226791758454903
without:0.011953247259587739
guns:0.04292508417596371
writes:0.003517353143710438
get:0.006991350932399587
of:0.006205550603161871
key:0.017052353038492424
seen:0.013789706865012515
looking:0.013797262475567255
but:0.0035387405438851607
again:0.012988665628234138
they:0.009924676856465357
up:0.007146065799746726
continued:0.02539466063989788
good:0.008617073677444144
george:0.08473008891606738
in:0.0028353143919333584
gun:0.019473486679810647
our:0.011860507569044646
or:0.0035867630728887516
use:0.008844571956102915
registration:0.026304577673245323
and:0.0020308373111212227
for:0.00519173717412884
subject:0.00014200508985116116
i:0.005077093277803057
we:0.014337701124616702
yet:0.013989727354713637
than:0.0076095812884013885
the:0.00481118942546204
do:0.007641679988366986
see:0.009411626390484979
cryptography:0.05214316999906094
can:0.0045987552789240075
agree:0.016045506271087442
once:0.01427144252619631
forget:0.0204213475288005
an:0.004776053928519876
nra:0.056494690525189115
problem:0.011253006872582894
here:0.009576600561826574
people:0.008006772021665517
constitutional:0.028663580352486832
is:0.002858219435007063
number:0.013309919406371053
involved:0.01915360179290355
viewpoint:0.030490566693338945
argument:0.018716709787977244
issue:0.03331234050494525
else:0.013439107581585409
right:0.01031847656271436
somebody:0.020190043741886994
does:0.006481323480518751
lot:0.013183794618432929
defensive:0.027211237147918576
position:0.018312994453256445
organized:0.02584837117453562
difference:0.01705932897252333
hopes:0.030490566693338945
offensive:0.026674397155418784
lots:0.019407952188384897
going:0.011584125978987673
north:0.021351887153780988
main:0.019778813891632063
s:0.003300192983276693
