some:0.005430404070387694
dallas:0.025700522274347545
at:0.008195023371669125
out:0.016439680452285485
mark:0.013970344019963676
ideas:0.01673020296297428
there:0.004268739467800686
circuit:0.02152634718563743
technology:0.01566357063170671
all:0.00887504958740736
produces:0.024504136855896048
take:0.029661615772126095
where:0.017185644634732666
with:0.005440254667809743
someone:0.020497284787562974
such:0.008944266062640923
companies:0.018495964398082494
blew:0.02602141935103104
work:0.009418941692978156
prevent:0.018711709172877542
to:0.005128182921268208
matt:0.06849246236358617
remembered:0.02797422793503227
manufacturer:0.02332458914055224
matthew:0.03987230084485111
apart:0.021426318324144576
us:0.009580820400860446
software:0.013096678551075611
engineer:0.02073769925456718
potential:0.019936150422425556
that:0.016135098857417526
could:0.007019112350353755
cant:0.026156245103929887
re:0.001739258152456607
had:0.007136783654335513
this:0.002441778783122879
mean:0.01229498631083656
off:0.010155616037006281
these:0.023115850787427106
you:0.002585111578645218
used:0.009183551201566817
am:0.007601564449773794
concerns:0.02336194807867905
classified:0.024180044201765862
why:0.008277779442576775
sure:0.010149041954228853
a:0.004546757619034774
how:0.006117967428972671
214:0.02731538832078563
other:0.006415385989915864
was:0.008236847759082656
running:0.014081211220682333
question:0.010153423643474904
chip:0.0451033166205108
are:0.005980570991639307
taking:0.015846279228612117
place:0.012648500545657793
it:0.0063787056695808735
texas:0.01845660312404187
analysis:0.04005363846979067
have:0.007133729485781203
systems:0.013955428466430747
area:0.014923102533299289
university:0.01093181442604025
decent:0.020956103827068442
algorithm:0.037963246695263776
be:0.0026905174750580063
writes:0.003075639027988662
of:0.004521874082924155
what:0.004281126060449447
universities:0.02697697271947201
using:0.020506237940882983
must:0.010778885709206964
they:0.01301748313266619
find:0.009843938314759954
highly:0.01942638936934233
one:0.013720617317799383
in:0.0008264172181139092
government:0.012519139249378128
system:0.010396382926709418
use:0.0077338582685923165
and:0.008879009639320694
for:0.003026501050344874
subject:0.00012417189252101533
i:0.004439504819660347
away:0.012878993424761257
we:0.006268576305646372
top:0.01572852198217356
developed:0.01970836435453505
mention:0.01755662704314848
actually:0.01136890291674923
reverse:0.06997376742165672
the:0.005258741930156184
do:0.0033410135763092866
thing:0.010529918302906775
start:0.026209879887279186
can:0.004021237174128899
clipper:0.04986982491369448
facilities:0.07380311875703012
just:0.005462272388213423
expressed:0.019115158723829243
many:0.008619539663153923
is:0.004998560500291421
tests:0.021894427746375678
chips:0.07726029671064134
figure:0.03434881520069538
engineering:0.035969762727656736
show:0.0140003193941155
supposed:0.016970674471704004
testing:0.02289823012415306
by:0.004606676627056586
while:0.010094616306411732
facility:0.04750606468954918
especially:0.014536259104638797
security:0.01726452982808322
