taken:0.017160840102909688
obvious:0.02003462663490631
at:0.004588359439866828
there:0.004780098883214309
stopped:0.023466470431352682
traffic:0.02278666802805157
posting:0.05154982120244126
your:0.006562146990527409
much:0.009099983695624642
concerning:0.023829386684675546
decision:0.02189971736035045
harmful:0.027829639230160248
service:0.01897182931499137
from:0.008818460983647662
post:0.013450926064745732
harm:0.02506595042254478
via:0.017803288430289818
to:0.00646030856292577
attacks:0.1436273853237671
perhaps:0.015044070508541903
make:0.009167085850779706
she:0.034532734217692526
that:0.0108407695448274
consider:0.01677272957589163
re:0.0019476067853029715
afraid:0.02351679288401798
posts:0.020953216000878495
these:0.008628312359890325
on:0.005281341929575936
you:0.005789572806340852
serious:0.018734341859580575
support:0.01426539744548701
why:0.009269388438302117
more:0.00662197409281628
want:0.009857281081834278
was:0.004611776740111383
as:0.004167261251130304
proposal:0.02454792545623937
therefore:0.017879820419556592
are:0.013393987116692197
reason:0.013917770437544415
not:0.009420468883999451
should:0.017112626481598746
discussions:0.02499830877917597
have:0.007988290830432076
due:0.017266367108846263
whether:0.029765193592519005
mathew:0.08384005606316916
suspect:0.020219245119259162
real:0.026641602645815075
mantis.co.uk:0.02850860703153131
personal:0.08734102789572178
without:0.011704221275012994
be:0.006025638095181992
sort:0.01634094431073453
considered:0.01793147373548027
er:0.028642161357642443
writes:0.0034440749532164703
if:0.01047110030880327
of:0.004050845532619555
offered:0.024105024192250246
looking:0.01350981950732627
what:0.004793969286440787
using:0.011481357180442294
they:0.019435825510577993
up:0.00699718942891867
david:0.01300231895491924
over:0.010447608086038321
thomas:0.019187526114734895
or:0.0035120388422035693
debate:0.047289536400645385
use:0.00866031004035077
weeks:0.01896127544444328
substance:0.028066422428476692
and:0.0029827923007092957
few:0.011904309900553574
irrelevant:0.025565762861408027
for:0.003389050655334104
seriously:0.02019246699686115
subject:0.00013904665047926196
cause:0.01642448506948993
i:0.0029827923007092957
eng.umd.edu:0.03049018935394145
any:0.010659242357175075
allow:0.018261847246742666
actually:0.012730802745318149
the:0.003533217234323686
can:0.004502947877279757
clipper:0.0372292095709872
edwards:0.03274871010953968
denning:0.11131855692064099
prof:0.12274701424874176
anonymous:0.02367074497902602
may:0.009692841288749119
last:0.011355013291976551
an:0.00935310561001809
here:0.03750835220048741
people:0.007839964271214153
excuse:0.02305729166831569
is:0.008396019590333247
grant:0.02356760629519175
argument:0.01832677833406105
occur:0.023696851967690315
silence:0.027946685354389718
issues:0.019818903555202577
existence:0.021190358630086586
advice:0.0202596722303815
going:0.011342790021092095
conclude:0.027603154272140776
by:0.010317036196012146
wish:0.019458737056139472
