some:0.011446439952287786
at:0.008636911886808147
tel:0.039857334110768396
all:0.009353606182806777
allows:0.040516405736727094
fax:0.029986699410621466
own:0.02222049642694113
ron:0.041542140551225834
both:0.02201670668929645
my:0.009315826091473542
to:0.0013511756471478733
that:0.006802051479107388
weapon:0.047575174664140164
nt:0.007000770114925867
re:0.010998250081710898
cryptosystems:0.06348828012288783
on:0.00497067475724794
you:0.010898019400171016
disclaimer:0.036804465951707714
inc:0.03589230878239609
them:0.014371168348355303
a:0.004107365076018809
how:0.012895715659109061
deliver:0.05896528437286214
course:0.023981880391176658
exact:0.041872023238659496
computer:0.026281401031032502
are:0.012606105521592657
no:0.011036722903750096
decides:0.05513326173867575
book:0.030487240300820326
d:0.017861217866441525
508:0.11338543905832577
not:0.005910882437019264
have:0.005012260913212283
energy:0.04495691206365933
whether:0.028014299851782592
neutral:0.051855132460004824
sw.stratus.com:0.04916457514920325
mitchell:0.05283091280654436
nonsense:0.05155032278284766
which:0.01266561110311292
guns:0.07911682181452136
writes:0.012965929235638477
depends:0.04221339348531859
of:0.0019062802506444965
distance:0.04626604336389975
they:0.01829254165701458
find:0.020749477820327353
george:0.07808459174617975
in:0.003483915723421382
or:0.01322179328829579
use:0.016301760075954394
for:0.003189694734432098
subject:0.0002617348714903755
mechanism:0.04711909607948435
i:0.0037431119067724496
55:0.04819457566042969
the:0.002216920617614862
do:0.02112699761489696
see:0.017346919229521335
cryptography:0.09610701921395545
quote:0.03955841090726068
carl:0.09528419178064111
expressed:0.04029175613356164
moon:0.045059571866279874
ma:0.03932566593370114
is:0.007902136085019527
handy:0.051450789729278856
defensive:0.1003080898786018
organized:0.047642095890320556
article:0.00794444000310393
difference:0.03144268477288614
opinions:0.02799617799529453
offensive:0.0983291502984065
mike:0.03132756891135004
s:0.006082708635843316
