cite:0.02402720282813276
folks:0.016987228671076965
technology:0.01544801690741717
tel:0.01864884440045127
all:0.004376457938744455
case:0.011337665629847504
shield:0.02758926149555935
codes:0.025226123764529124
fax:0.014030474036162338
own:0.031190238103871497
your:0.005779505606336067
encryption:0.053212148989308705
documented:0.02534684536231524
ca:0.009433709156386794
dealers:0.022583116865563798
my:0.008717562030553223
to:0.0025288057983318
most:0.008516492953977238
make:0.008073763685090385
that:0.006365222485036272
helps:0.019403542642811758
through:0.010869097679012967
nt:0.003275589686800177
need:0.00881285317200567
re:0.003430646814478629
justify:0.021842642374020966
so:0.004687204575160184
anyone:0.007673920869914639
crypto:0.020847628605380718
criminals:0.04276437479109127
these:0.007599247583022673
you:0.007648609945991585
disclaimer:0.017220438197588013
great:0.011565370131801271
inc:0.016793649063322945
them:0.006724124640056151
terrorists:0.07115052616595129
more:0.005832197366150119
sure:0.010009376239262402
passing:0.022418685068439324
a:0.0025623928914612756
how:0.018101325649942077
other:0.00632710086161427
was:0.0040617483215659896
given:0.012788016326519639
question:0.020027395260065178
also:0.013610065428252903
course:0.011220879816055135
chip:0.044482628777109276
computer:0.01229680231727209
are:0.005898269555974546
taking:0.01562821116583305
reasonable:0.017148198028009393
individuals:0.01957408852924182
crap:0.022291255875287602
508:0.053051902678666184
it:0.0031454626581648806
not:0.002765642241174151
have:0.007035558896527333
hughes:0.023466571485360976
rights:0.015932107429783515
friedman:0.0273940339064823
money:0.014221191590500597
expect:0.015854225152102698
has:0.004884286577461244
sw.stratus.com:0.02300360855604923
prohibition:0.027690082168581258
notes:0.021460157929346416
writes:0.0060666274405280956
justification:0.02367417052934318
were:0.014232140343782562
of:0.005351575749515743
industry:0.020893731063424303
even:0.015405132548312163
key:0.014705698950626496
chapter:0.0453011525145193
but:0.00915527370069372
fact:0.01100122536068275
using:0.010112021002958353
loss:0.019522255706976074
they:0.008558895637685722
now:0.007577588981092864
in:0.004075222520515837
door:0.019403542642811758
our:0.02045665525670086
yes:0.012233237938091234
sword:0.026525951339333092
use:0.022882287079091946
better:0.020515741938544985
and:0.005254092859964999
for:0.0029848519533217798
subject:0.00012246310500925824
however:0.010995866533013363
p:0.01544095431023555
governments:0.02143402021781138
i:0.0008756821433274997
away:0.012701759570292067
we:0.00618231149410078
drug:0.019644122805071128
runners:0.11292148529187333
actually:0.011212450124316903
55:0.022549755584237746
yet:0.012064535516909008
than:0.013124782405683131
the:0.003803340876091552
do:0.0032950363252591593
see:0.008116448446840258
invented:0.025598259291191368
cryptography:0.02248375220142995
can:0.007931798095758839
clipper:0.04918354291946933
carl:0.044582511750575204
sp:0.02164741478494392
thought:0.012314616537576664
just:0.005387103502137092
expressed:0.01885210608084077
ma:0.018400082225860166
elizabeth:0.028346508056841226
is:0.0012324432426177245
today:0.01302351498072639
privacy:0.02167480087203797
yesterday:0.02016680289382901
karl:0.026939488481508768
their:0.013887005675061596
protect:0.01894205319730121
gang:0.02579629677681159
article:0.0074342466084091835
random:0.020473408481562264
opinions:0.013099129153761662
comes:0.013872368519474826
going:0.009989980202062765
answer:0.013927848817104847
by:0.004543281994574156
security:0.01702694455521969
doubt:0.01596363439899343
s:0.017076227913468394
