louis:0.12738382939453946
scheme:0.12407640471552442
british:0.12050284701978228
encryption:0.10450674306008377
us:0.055672334761756655
problems:0.07413711448356144
re:0.01010650007508569
anyone:0.04521391215247003
harry:0.14103047538477734
two:0.050399714396035446
you:0.015021594308343834
tell:0.06513581226006629
link:0.13096994942586265
more:0.03436267637353313
a:0.0037743354752605273
demonstrated:0.13973706940700342
it:0.018532725931890377
ve:0.04932793781155228
access.digex.net:0.1340621210793152
wiretapping:0.1684373645912651
writes:0.017871956513988173
km:0.1508221763643167
they:0.025214043905614696
over:0.05421461493295562
in:0.0048021541052565
additional:0.115533943209728
subject:0.000721539375459954
possible:0.06964788170174546
quantum:0.1399908461732153
can:0.023366648444262526
clipper:0.09659470591391274
10:0.07811815561881526
interested:0.07775881663283568
automatically:0.12738382939453946
telecom:0.1582193609718043
s:0.01676854813124374
