taken:0.022881120137212916
large:0.020791903610330384
at:0.012235625172978208
lead:0.026834823872360494
inner:0.038655793635451234
hand:0.021925273996199122
much:0.02426662318833238
into:0.01243613821515546
my:0.013197420296254184
to:0.0009570827500630769
us:0.02860939425256939
been:0.010189169355704438
that:0.0072271796965516
like:0.008087771274365786
nt:0.0049588788314058226
could:0.010479924689764287
anything:0.016119730210551415
re:0.0025968090470706285
anyone:0.011617463539176327
this:0.0036457113775792984
omissions:0.03992191555763147
big:0.01927625384630248
on:0.003520894619717291
sternlight:0.034290455722795855
great:0.017508685338421367
them:0.010179577580085005
impressive:0.03651481197118375
computers:0.03012339490686576
more:0.017658597580843413
a:0.0009697945318377743
other:0.028735583079831473
same:0.013486759378670918
basis:0.02588339081276388
doesnt:0.04386624915211716
said:0.015218783532384945
part:0.017008486891758868
belief:0.028607745142837863
accuracy:0.033605236781774815
those:0.025776606309549446
care:0.021986228758846506
effectiveness:0.04105051923469935
it:0.002380940484305361
not:0.004186875059555312
have:0.017751757400960168
made:0.016149857999430563
only:0.00926066832131449
money:0.021529303935618957
goverment:0.043469315722673076
has:0.007394267179767715
netcom.com:0.04470882187112693
public:0.02058155970875412
be:0.0040170920634546615
writes:0.004592099937621961
spend:0.028472897324385765
of:0.010802254753652147
but:0.00462002237673896
reading:0.022821680877520765
least:0.016719877657683905
fact:0.016654632837700273
david:0.034672850546451306
errors:0.029819613316845923
in:0.0012338868187117393
our:0.015484551548474954
use:0.011547080053801027
better:0.01552927688403752
and:0.003977056400945728
word:0.02131164247335707
for:0.006778101310668208
subject:0.00018539553397234928
outside:0.025033165121399477
nsa:0.09386588172541073
we:0.009359332678569235
information:0.016936258920026145
circles:0.03875292031583137
masses:0.038189548476856586
than:0.01986946225304807
the:0.004710956312431581
clipper:0.0248194730473248
ensure:0.033421267230059705
carl:0.06749296917795412
an:0.00623540374001206
record:0.053564561072730485
long:0.01652993920214295
people:0.020906571389904406
many:0.03860835474121028
about:0.006840390141124107
is:0.005597346393555498
else:0.017545501564847615
hardware:0.02465056335885105
time:0.010968819235442455
agencies:0.03217787673388619
article:0.005627311668865285
models:0.030994465617920647
letter:0.028340618192644832
excepted:0.05054271559069094
s:0.0086171705674447
james:0.024024956719701576
strnlght:0.0349369169940876
