fast:0.1266108336344741
with:0.010633225032537224
cryptographic:0.10482841742936932
stream:0.1943014811705734
to:0.005011633309421203
been:0.026677097949480713
re:0.006798918232330373
so:0.018578374497907637
ra:0.11652933087337976
on:0.009218342277077999
you:0.01010543617106767
a:0.007617295231889427
j:0.055529611991433865
question:0.03969065606085644
watson.ibm.com:0.21220971699231134
chip:0.058770988323695886
based:0.054925509307282586
only:0.024246113423077937
92:0.07970027069776134
algorithm:0.07420089126801556
has:0.019359535888846383
writes:0.012022952563955679
hash:0.35322570395643044
anderson:0.08823032392258721
ciphers:0.13098260132555953
slight:0.09776713243393544
in:0.0032305400344452813
yes:0.04848810673643434
pp:0.09018724508972112
use:0.03023235504995178
for:0.0059154338711286175
subject:0.00048539921621851447
cipher:0.10820509280746192
the:0.0013704600181619145
see:0.03217065020747593
ross:0.09862290535862608
can:0.015719381680685696
is:0.004884956852557526
implementation:0.0896444639415451
hardware:0.12907931358816552
x:0.055366545264474584
designed:0.07144722539786841
article:0.014733325096665473
function:0.14956365889263484
data:0.05335173860374204
