simply:0.020390955599222597
go:0.012969548345294181
hmmm:0.03311935386213254
at:0.005873100083029541
finish:0.0326289367476191
corner:0.03267638653274486
tony:0.061636594365902776
your:0.008399548147875083
cut:0.024406769972029344
method:0.026605986151643727
such:0.012820114689785325
modern:0.027376854033612275
from:0.005643815029534504
correction:0.036081890691184795
both:0.014971360548721587
stream:0.035621938214605124
my:0.0063347617422020094
to:0.0055127966403633235
t:0.017175153700002947
enough:0.016214323512915976
engineer:0.029724035598212965
that:0.004625395005793024
bit:0.036334455974075995
cds:0.15925065044301712
could:0.010060727702173717
re:0.002492936685187804
eat:0.030101494891543016
master:0.03170336044859099
so:0.006812070649232801
error:0.07530916318343997
30:0.022820703162492604
he:0.010600888050134902
bell:0.029754686993203824
apr:0.024848055180253327
something:0.01327107544775682
on:0.0067601176698572
arithmetic:0.04102813965604731
performance:0.02527340822397744
used:0.013163090055579104
state:0.017718089246270777
seeing:0.026721931103056186
a:0.0037240110022570536
was:0.011806148454685143
commercial:0.027775644001685012
corrections:0.03832503893532622
steve:0.14966717951893804
said:0.014610032191089549
given:0.018585250394541876
raw:0.035548272640027884
mind:0.020197705353400916
cd:0.05950937398640765
are:0.008572151754683007
it:0.0022857028649331465
analysis:0.028705107570016646
sufficient:0.0305016149563847
agent:0.033170439680436335
second:0.018331305177681778
doing:0.017871352701102104
101:0.03866699423124322
decided:0.024877553753455697
access.digex.net:0.03306865653289775
found:0.017830136701713316
get:0.008762493168607484
if:0.0044676694650893954
of:0.007777623422629546
brooks:0.039675200696069376
department:0.023120503884619576
looking:0.017292568969377628
decrypt:0.039152056593126074
latest:0.027775644001685012
using:0.014696137190966138
errors:0.02862682878417209
over:0.013372938350129053
one:0.006555406051837484
in:0.0035535940378898095
point:0.014676906408400405
recording:0.03821484358898482
or:0.004495409718020569
message:0.02164879925706481
and:0.001272658048302633
for:0.002168992419413827
subject:0.00017797971261345532
i:0.002545316096605266
acceptable:0.03085443096608032
we:0.008984959371426467
room:0.026586856535457372
rate:0.02589783806327501
the:0.004522518059934318
waiting:0.029166935075906012
because:0.011764815325963428
road:0.02407101590647007
nj:0.03253503848174084
about:0.006566774535479144
audio:0.0661373130657955
is:0.003582301691875519
number:0.016681765655985056
1993:0.020197705353400916
1:0.013056825946164724
him:0.01597676868908872
shoulder:0.03683741525989815
laboratories:0.03768963773663071
questionable:0.04009639337354626
usual:0.028600938783996107
data:0.019562304154705418
while:0.0289379000783803
