read:0.00944584609124134
computing:0.018176922829912675
defeated:0.0264441368377273
know:0.010282292713819181
all:0.0039752826276928796
knows:0.029116345092843623
with:0.002436780736623114
much:0.007279986956499714
encryption:0.016111456221762913
c:0.064652442385724
into:0.007461682929093276
bits:0.01837240999569497
stream:0.0445274227682564
to:0.0022969986001513845
alice:0.0526394989825406
been:0.006113501613422664
expand:0.022453137942781354
control:0.012706809458087597
bit:0.011354517491898749
like:0.004852662764619472
nt:0.0029753272988434936
eve:0.12274701424874176
suppose:0.01605891244012987
plaintext:0.050120491716932815
re:0.0015580854282423772
anyone:0.006970478123505796
this:0.004374853653095158
he:0.006625555031334314
something:0.008294422154848012
these:0.0069026498879122605
you:0.0069474873676090235
xor:0.10342523737991079
more:0.015892737822759073
bryan:0.02208252341771262
a:0.004073137033718652
how:0.016442037465364056
other:0.0057471166159662945
false:0.017446285798754915
was:0.007378842784178213
as:0.010001427002712731
operation:0.0179406922312604
authentication:0.10851493153909715
question:0.018191550694559203
stuff:0.012180902302806757
ciphertext:0.027280264735486268
solution:0.0324154755686104
parameters:0.023251752189498823
works:0.012396358306461417
it:0.00428569287174965
not:0.005024250071466374
have:0.0042604217762304405
ve:0.007604723745947643
attack:0.01645290653440076
has:0.004436560307860629
achieve:0.02170154755954749
be:0.004820510476145594
sending:0.018915814560258155
which:0.010765769437645982
g:0.014729174837547926
analog:0.022453137942781354
if:0.01396146707840436
of:0.001620338213047822
key:0.026715353093638133
seen:0.010801937044259803
but:0.008316040278130129
pad:0.06975525656849647
now:0.0068829766578260175
over:0.008358086468830657
one:0.01229138634719528
olson:0.07341010611211139
bob:0.06140008356715167
in:0.0014806641824540872
or:0.005619262147525711
use:0.013856496064561234
message:0.08118299721399304
and:0.0023862338405674366
for:0.0013556202621336417
subject:0.00011123732038340957
p:0.11220426798771166
i:0.0007954112801891455
group:0.011237983061694354
we:0.028077998035707707
any:0.00426369694287003
information:0.010161755352015687
the:0.004710956312431581
can:0.025216508112766642
receiving:0.02120629254756112
o.k:0.025439294934323602
wants:0.014668896510807286
an:0.0037412422440072364
just:0.004893285681107858
here:0.015003340880194968
about:0.0041042340846744645
is:0.0033584078361332988
limit:0.018501762586036474
time:0.013162583082530946
obtain:0.019085042556733947
questions:0.012600734738522966
does:0.01015407345281271
ideal:0.11250935720897326
define:0.017811482911499733
sends:0.04959400087008672
advanced:0.019261435739344617
under:0.010113847612940163
change:0.012383371282960364
show:0.012541952790561802
random:0.01859667937075239
thus:0.013880646136984606
before:0.00885914278009435
by:0.008253628956809717
while:0.009043093774493843
appear:0.01645290653440076
security:0.061864565217298204
well-known:0.024970636670045728
s:0.018096058191633867
