go:0.09976575650226292
ask:0.07473237395785558
someone:0.05649892601700051
perhaps:0.07406311634974475
nt:0.0183097064544215
months:0.08707165487127744
re:0.00958821801995309
this:0.013461088163369718
am:0.04190606042824014
a:0.0035807798098625512
it:0.008791164865127486
should:0.042123388262396914
hughes:0.1311721175335562
his:0.04729305234628863
writes:0.01695544592352724
opinion:0.08485414268173562
again:0.06261202918225688
must:0.05942206224306403
over:0.10286875653945424
in:0.004555889792166422
few:0.05860583335657145
for:0.01668455707241405
subject:0.0006845373562055973
p:0.08631097537516282
i:0.004894838647317819
we:0.0691150720878959
ago:0.07336322372729856
yet:0.06743766006887598
the:0.0019327000256129563
cryptography:0.12567840974132635
did:0.04215156521648629
discussion:0.08815056267923567
organized:0.12460240463622299
article:0.02077776616196413
john:0.0687558563995345
