argic:0.03831784771732644
at:0.006936732381530953
out:0.009276985032129604
all:0.007512345123199143
massacres:0.044757616686309926
with:0.0046049399747208454
name:0.0434997245012638
to:0.0032555885671436947
aka:0.040784734711881626
pin:0.07674467878653594
day:0.020026008155613166
make:0.02771780288739691
that:0.005463064967472076
really:0.015365320812526975
me:0.008532194333894053
re:0.00294441340770213
dunno:0.04639257231448508
joel:0.1290017425475705
so:0.008045752735314332
he:0.025041467834964335
hasan:0.0499731719768075
on:0.007984390948650234
serious:0.028322784543617877
took:0.026577965956036845
cloud:0.045265794018101824
sure:0.017181448977631523
a:0.005498047739552737
how:0.020714377909120067
other:0.0108606928175741
want:0.014902346202458122
as:0.006300111497771798
turk:0.04770795880789584
rumor:0.04361445125446349
nyx.cs.du.edu:0.0370191877639242
daily:0.035107128659306645
serdar:0.03826373055758029
are:0.005062294343316736
not:0.004747322902172952
reminds:0.044052009137572234
thereby:0.045265794018101824
historical:0.0355529467222949
his:0.014523063318939029
heard:0.02128068786944783
writes:0.010413580960906494
of:0.012248225862408734
tremendous:0.04735794492938534
but:0.005238450568900868
armenian:0.07413073961371293
fact:0.018883993138809757
who:0.020363037389509422
in:0.006995263854113799
massacre:0.04049307115534344
and:0.003006278854258188
for:0.002561802070173811
subject:0.00021021225899227005
i:0.004509418281387282
we:0.02122431347581055
armenia:0.03657168008862368
any:0.008057380049518167
impossible:0.032411438227825475
the:0.004748050456623956
rounds:0.04686047326307406
can:0.013615212479334069
last:0.017166634268185023
an:0.007070064083163281
just:0.009247154043038473
record:0.030367310214461377
many:0.029184268150836117
head:0.054375743865443825
is:0.006346597485606234
discussion:0.054139715661262855
dance:0.09437720946159014
attempting:0.039361522173720014
turks:0.07279912720382217
article:0.006380573860760638
warren:0.08810401827514447
include:0.026468687190902375
s:0.0048853250461103805
