remind:0.08378971763576502
clock:0.06809747329522882
might:0.033763256125054694
that:0.005506422625944076
provide:0.053602471083863706
re:0.005935563536161437
articles:0.06685537493174074
two:0.029599832264338276
on:0.00804775913078238
orion.oac.uci.edu:0.085535763591548
a:0.0022166732156291983
said:0.034785790931165586
character:0.07246009116334151
daily:0.07077151332907848
foreign:0.07005959958042209
march:0.06878908041100087
reported:0.1310910348257671
copies:0.07167022593224526
shortly:0.08926337614833216
be:0.009181924716467798
5th:0.09382975825074137
writes:0.010496228428850195
of:0.012345434004173882
newspapers:0.08792119538598195
but:0.010560051146831909
bombing:0.08926337614833216
fact:0.03806773220045776
tim:0.12945743808686314
men:0.05573965956551336
for:0.0051642676652710155
subject:0.0004237612205082269
i:0.006060276420488728
the:0.007178600095133838
invented:0.08857810357904314
relations:0.07649555367737709
would:0.014803962636577397
can:0.013723269721233545
her:0.05248267944332901
mohammed:0.0998055927147876
ny:0.06668560843782412
afterwards:0.08903164917339322
head:0.05480729738818545
arrest:0.08770813157118607
readers:0.07221897742534192
request:0.06190954011737034
tclock:0.08880325651542338
committee:0.07639146795442218
purposes:0.07026984127486686
release:0.06307624586328982
by:0.01572119801297089
upon:0.05504881877290375
news:0.048712325653387595
