taken:0.022414158501759592
simply:0.020807097550227138
posting:0.022443459571130888
story:0.024456173659949686
your:0.008570967497831717
with:0.007956835058361188
my:0.006464042594083682
to:0.0009375504490413814
h:0.0240352525462212
that:0.007079686233356669
sources:0.02618461887900996
cleveland.freenet.edu:0.02913210048643201
like:0.007922714717746075
nt:0.004857677222601622
me:0.007371351567377855
re:0.0025438129440691873
this:0.003571309104567476
on:0.0034490396274781624
you:0.0037809455061817814
tell:0.01639472825593505
link:0.03296522536569332
posted:0.023220278397836025
why:0.012106956327578274
a:0.0009500028066982279
how:0.008948047600198124
intelligence:0.030748914444779757
was:0.006023545129941399
alias:0.1351882566867925
copy:0.0232422581296826
question:0.014850245464946288
idiot:0.036053099457489995
daily:0.030330648569605063
foreign:0.030025542677323755
march:0.02948103446185752
place:0.01849950760079201
it:0.00233234986217668
not:0.004101428629768468
zero:0.03152118537197015
have:0.0034778953275350533
between:0.015801808476506158
shortly:0.0382557326349995
facts:0.02755161084446863
iq:0.08274694267792476
reporter:0.04048489866945854
has:0.014486727535871442
found:0.018194017042564608
writes:0.008996767224728738
of:0.006613625359378867
what:0.018784532714216963
bombing:0.0382557326349995
who:0.017592556112025145
comment:0.02673195508083512
in:0.003626116365193683
5:0.017679407393997842
and:0.0064931533076664945
for:0.00442651514166087
subject:0.00018161195164638296
i:0.0025972613230665974
usenet.ins.cwru.edu:0.03543109805640406
person:0.019082955367849326
mention:0.025678059961067503
refused:0.03427945141352229
information:0.04977186294864826
source:0.02121950994353622
the:0.009229628693743505
do:0.004886516455146235
see:0.012036637832729088
putting:0.02734730957168717
can:0.005881401309100091
her:0.022492576904283863
did:0.02236613664548252
pray:0.03374352707438545
forward:0.029426173510587243
reports:0.053798944818886425
ny:0.02857954647335319
fbi:0.07785350780184357
an:0.012216301204921587
afterwards:0.03815642107431138
relationship:0.031054324784289218
about:0.013401580684651313
including:0.021632433377756666
press:0.02440374395080045
arrest:0.07517839848958806
is:0.005483114834503345
recent:0.02583738155431987
notice:0.02746915260955472
first:0.012772481832592116
israeli:0.056825492713042186
nothing:0.017379972799325908
article:0.005512468573582319
release:0.054065353597105556
by:0.006737656291273239
s:0.004220654971809648
news:0.020876710994308968
