minnesota:0.026245204988478002
all:0.0049691032846161
enter:0.024672681919898187
continue:0.020355240660945025
with:0.006091951841557784
much:0.009099983695624642
turkey:0.20393085467261934
though:0.01294554271672229
1992:0.02055180486918902
from:0.026455382950942987
reach:0.02269949723453322
prevent:0.020953216000878495
themselves:0.016856511543348007
to:0.005024684437831155
aid:0.07762348561437314
territory:0.0272808865444424
most:0.009669768041494988
december:0.02646315868605873
that:0.0018067949241379
journalists:0.03192462674904544
nuclear:0.025417998813860025
through:0.024681909312758613
its:0.02153983912535594
condemnation:0.0317991186679045
re:0.0019476067853029715
lost:0.03650527421164427
this:0.008202850599553422
on:0.002640670964787968
you:0.005789572806340852
europe:0.021421878226809677
came:0.015722535064989305
historically:0.030891028109858783
air:0.02007364055016234
sorry:0.01654904523301367
was:0.004611776740111383
as:0.004167261251130304
border:0.025274311540324463
peoples:0.028443092540870577
said:0.01141408764928871
let:0.012005925743504295
given:0.014519726870735838
promised:0.027829639230160248
science:0.017612667844621434
across:0.02009981313455126
officials:0.025239000670608944
foreign:0.022988306112326
computer:0.013961994297736017
crap:0.025309863441732795
it:0.005357116089687062
choose:0.02069689317389197
should:0.008556313240799373
signs:0.026160514775604146
feed:0.025954624990413337
have:0.002662763610144025
only:0.006945501240985867
stay:0.020566133168000947
university:0.01224135469582632
allowed:0.01995746472977537
quality:0.02002168666965807
mixed:0.0291385685441233
publicly:0.026977402647963365
claims:0.01956419622712878
writes:0.0034440749532164703
september:0.02831448518362906
were:0.00807970467433489
if:0.00349036676960109
of:0.005063556915774444
even:0.017491244247562765
department:0.018062893659859042
what:0.004793969286440787
rutgers:0.02777208800002178
compassion:0.0315568269198061
armenians:0.07420859690178548
armenian:0.02451719773682693
seems:0.012273370257193114
latest:0.021699721876316413
dbd:0.030394620923377927
ministry:0.028006209811804423
shut:0.02457883553707174
plant:0.0291385685441233
they:0.004858956377644498
republic:0.026784479357961542
now:0.008603720822282522
david:0.02600463790983848
email:0.014291138848791358
in:0.0027762453421014137
winter:0.028006209811804423
reaching:0.028779230671795428
and:0.00497132050118216
davidian:0.05425386889886872
subject:0.00013904665047926196
space:0.01592454561204741
we:0.007019499508926927
armenia:0.1693344979103461
lives:0.04054643593680527
nazis:0.027333232043679392
will:0.011805264009409212
the:0.003140637541621054
flights:0.03218509768953847
do:0.0037412391609713365
allowing:0.024486650239679025
electricity:0.029524547565757266
would:0.009715100480253917
did:0.017124073369197555
last:0.011355013291976551
dirt:0.05798369045317685
middle:0.020922397370523864
turkish:0.04620758990688452
garbage:0.02777208800002178
is:0.0013993365983888744
closing:0.03068675356218544
dust:0.028127339302243315
their:0.02365130654033928
told:0.016146977951714218
civilian:0.0274935010992354
grain:0.03232038668122212
humanitarian:0.09655529306861542
urartu.sdpa.org:0.06060154908110295
replaced:0.022529414094043358
upi:0.03218509768953847
past:0.017205804410955018
by:0.005158518098006073
high:0.014569394925216257
says:0.01333868096056025
