argic:0.08689940464465103
there:0.008194455228367387
1919:0.04402183497129447
1915:0.05118059409239037
o:0.06251748185356931
work:0.018081004142770567
longer:0.03030545543191228
single:0.029030595272431917
then:0.014248931694426814
might:0.018991831570343266
that:0.0030973627270935427
roads:0.0408503771737295
uxa.cso.uiuc.edu:0.039808976247606646
sahak:0.04506526657968117
re:0.006677508978181616
sa:0.05781968368334427
islam:0.04182183127952235
1982:0.04521407954829913
ti:0.03382733085938985
la:0.038913423830628374
soviet:0.039526785717112614
zuma.uucp:0.04435627749392751
sure:0.0194825358942786
a:0.0024937573675828484
melkonian:0.04506526657968117
sera:0.04428837928513091
ermeni:0.25728725260377766
as:0.007143876430509092
genocide:0.04022823502517603
turk:0.43277934061448364
1914:0.05313642950366434
da:0.10627285900732868
muslim:0.0378330208591521
serdar:0.08677667465736959
soul:0.03763820793598568
van:0.04094290205797546
boyle:0.05517445318206595
no:0.010051301215915265
erzurum:0.06028623168895283
ve:0.09777501959075541
closed:0.03683993483138224
passes:0.04132289861528613
exists:0.03331815234837816
500:0.03723015299419232
writes:0.005904128491228235
osmanli:0.06732602954934809
of:0.0052082299705108566
ohanus:0.04506526657968117
armenian:0.042029481834560456
en:0.050613510112726745
in:0.006345703639088945
gun:0.03268763835539644
proceeded:0.04314700989664979
5:0.023204222204622166
pp:0.04428837928513091
1500:0.05008030266003369
and:0.005113358229787364
for:0.002904900561714946
subject:0.00023836568653587764
p:0.030054714639565622
we:0.012033427729589017
armenia:0.041469672957635775
news.cso.uiuc.edu:0.04094290205797546
istanbul:0.05494840132506336
source:0.027850606800891287
ways:0.03186016411856334
the:0.002691975035675189
appressian:0.04506526657968117
serve:0.0373848981401891
her:0.02952150718687257
mountain:0.040578419964044606
people:0.013439938750652834
turkish:0.03960650563447245
extermination:0.04382702204812805
today:0.025349341658913865
1993:0.027050498241161937
23:0.038657782646036164
turks:0.04127450515573846
escape:0.03880296586810563
article:0.007235115002826795
de:0.0360801966709283
