argic:0.0748671793861609
there:0.007059838350593442
1919:0.03792650397526909
situation:0.027108709913650757
turkey:0.03764877317032973
continues:0.11429426017613722
from:0.026048377059390018
france:0.039420011778661064
work:0.015577480492233106
longer:0.02610931544903212
killings:0.09430043593564193
single:0.02501097438855673
to:0.0021203064001397397
then:0.024552005381166205
fascist:0.043968969365199555
might:0.016362193352911125
worse:0.029962041641079903
azeris:0.04815062664665326
been:0.011286464517087995
that:0.0053369942374534894
roads:0.035194171103520806
weapons:0.030765815272997488
sahak:0.03882546043787917
nt:0.00549291193632645
re:0.0028764654059859275
this:0.004038326449010915
soviet:0.03405384615628164
zuma.uucp:0.0382146390716914
a:0.0010742339429587655
melkonian:0.03882546043787917
sera:0.03815614215334355
as:0.006154724309361681
also:0.011411516397535126
act:0.028704869715525806
town:0.0342617590208041
serdar:0.0747614427817338
soul:0.03242676376023382
are:0.009890944332326547
no:0.008659582586019307
forces:0.03388477764306029
it:0.002637349459538246
have:0.007865394048425428
closed:0.03173902077780624
against:0.019871390708906513
passes:0.03560126649932344
attack:0.030374596678893712
exists:0.028704869715525806
writes:0.005086633777058172
if:0.005155003228949302
of:0.002991393624088287
ohanus:0.03882546043787917
but:0.005117563248080079
result:0.027192322777011557
armenian:0.18105007559502967
x-soviet:0.045321974491843116
president:0.028965062762861527
in:0.008200601625899561
government:0.041409460594096885
un:0.04021522988984441
proceeded:0.037172808526344435
our:0.01715211863831072
and:0.004405354782586037
still:0.015705454478688825
for:0.0025026835608621075
subject:0.00020536120686167922
becomes:0.033121277965403824
we:0.020734521626368768
armenia:0.07145543648084934
ways:0.02744875677906996
the:0.004638480061471095
appressian:0.03882546043787917
serve:0.032208527628470617
may:0.014315580980306391
mountain:0.03495986950748459
people:0.011579024154408596
finally:0.02797326519843158
about:0.007577047540937474
turkish:0.0341225279312378
extermination:0.037758665149156476
is:0.0020667125145435684
today:0.021839432813833486
heavy:0.03447544797547391
time:0.024300153383134057
slaughter:0.04230226908205653
turks:0.035559573672636215
show:0.023154374382575636
escape:0.03343024751713716
article:0.006233329848589239
before:0.016355340517097264
teeth:0.04314610690710595
says:0.03940041145273182
s:0.009545173551631052
