some:0.011280549518196658
muslims:0.021322486828824115
out:0.0056916768071519795
objective:0.0215391562305891
there:0.004433714906169794
threatened:0.026629792571182136
islamic:0.022152681306730683
take:0.010269319470220788
your:0.006086629092663103
with:0.0028252530279688276
from:0.004089721035894568
my:0.004590407059566673
to:0.005992170261264482
day:0.012286488095472812
that:0.008379338778610551
think:0.006955304480814276
church:0.018102781836177816
bit:0.013164657961621737
like:0.0056262756691240244
conversion:0.02426482529911109
nt:0.0034496548392388333
and/or:0.019521652305043335
me:0.020938911698638544
need:0.009281169041049451
anything:0.022427450727723706
re:0.0018064758588317417
dream:0.024073855063571792
so:0.004936283079154203
had:0.0074126013801069325
islam:0.045256474428082165
this:0.0025361470452725556
empty:0.024587005852244773
sunday:0.02158368113447762
on:0.002449317996325072
you:0.008055057817517709
tell:0.01164263310928721
friendly:0.025022518398110948
assume:0.016770476112508096
vs:0.016505371715281845
why:0.008597693623932397
more:0.006142120897684665
a:0.0020239190229657898
other:0.0066633236127145445
same:0.018764186961629105
want:0.018285970702533155
as:0.011595857394449542
related:0.018619028916092604
let:0.011135931124409781
whole:0.014453697946991738
learn:0.018405865607353775
course:0.01181715845362328
converts:0.028280755342786273
cheap:0.01795280781839057
business:0.017471322382770858
are:0.01863511251018045
crap:0.02347581536624491
care:0.015294767832241048
it:0.0033126128477291975
not:0.011650434948327824
should:0.007936290542190721
being:0.009400018985145643
only:0.01288440809922016
able:0.012741377903916275
types:0.019791773970922123
feel:0.014716312484281052
be:0.002794498826751069
thinking:0.016828630598302682
writes:0.0031945043044326682
if:0.003237441641369127
of:0.0075146120025406235
trying:0.026051480416119766
converted:0.024504424048576657
but:0.003213928609905363
years:0.010771861946765186
comfortable:0.025602925701695794
they:0.009013716178818779
who:0.006246632242675595
one:0.009500588480923888
or:0.006515086547855897
world:0.012179955018032255
rather:0.01243228817832301
and:0.0036888639081235734
for:0.004715200911769188
subject:0.00012897080624163428
murder:0.020669468575837388
however:0.011580187942980255
jews:0.03569692856621629
i:0.0036888639081235734
everybody:0.03940008985252356
we:0.013021680248444153
physical:0.02061425748490201
will:0.005474905047841953
the:0.002548923222185203
wrong:0.01277015486391237
do:0.0034701348739444283
when:0.012634535679649622
would:0.00450555384591486
planet:0.022855616493548257
insult:0.027771767344439282
an:0.004337672166964911
just:0.011346749405467496
long:0.011499088140621182
people:0.01454370183645524
nicely:0.02608912630932713
many:0.008952661968976296
about:0.0047585322720863354
current:0.015276549390003951
is:0.003893806186821216
occur:0.0219796887816258
new:0.008328500313447087
lack:0.01874164762754873
violence:0.06822176761551842
time:0.007630482946394752
does:0.005886419392934904
their:0.014624962498374047
matter:0.01459373435700745
israeli:0.02017716770245701
dreams:0.026262710894960288
change:0.014357531922272886
show:0.014541394539781798
very:0.008421461312963513
convert:0.08267787430334955
borders:0.05313328483736569
live:0.014959846734046659
by:0.004784712438730271
wish:0.01804868364627429
apply:0.01932152649995011
god:0.012817286143841665
beliefs:0.021034602301277034
s:0.005994553438222399
