land:0.026778668993856808
some:0.003931100589674593
simply:0.010298462423849795
markets:0.019837901292725942
israelis:0.03340268336656338
at:0.008898636489438698
say:0.01916712095219741
there:0.00618032986920638
know:0.012463385107659616
all:0.0032123495981356606
much:0.005882817742626031
loose:0.01756945316241334
to:0.001392120363728112
arab:0.015043171699787434
within:0.010897138775497701
politics:0.016479260983646007
most:0.006251163178340195
so-called:0.03376960717319011
make:0.005926196913635366
that:0.008176203293068477
indeed:0.01241832427105931
arabs:0.06404719282543635
like:0.0078426872963547
months:0.022867303299527405
could:0.005081175607158442
me:0.003648446735368837
anything:0.0078156267687522
re:0.001259058931913032
se:0.016994309282573374
so:0.003440439721834748
mean:0.008900410965757105
opening:0.016551672449036457
hasan:0.021368999464830143
these:0.022311595597292157
on:0.0017071004216811108
you:0.011228262412297412
am:0.005502816015829514
them:0.009871105532203642
why:0.029961659598552296
prove:0.013221879932369016
a:0.0004702034093758906
how:0.008857663281004204
other:0.004644134639164682
same:0.006539034850264688
want:0.006372383729670645
test:0.0120400668484164
as:0.0026939870714377725
accepted:0.014181443167338945
let:0.007761406541255302
washington:0.012926644226984828
california:0.01339888628593581
are:0.01515279350575279
no:0.007580779368232389
those:0.006248874256860472
doors:0.01737700059056166
18:0.026038717126081475
it:0.0023087907726597437
not:0.018270000259877725
have:0.0034427650717013657
founded:0.01847269890852337
probably:0.00803779028629363
only:0.004490021004273692
proved:0.017738684929352357
peace:0.05187388357458654
per:0.01190850207263642
against:0.026093745375331788
bank:0.01603264659103222
real:0.008611427117839217
always:0.008945980127941776
west:0.013730334342546089
leadership:0.01777357646819258
feel:0.010256823852680733
be:0.0038953620009257325
writes:0.0022264726970288294
get:0.004425501600306809
predictions:0.05280787763312903
if:0.004512797439484237
jump:0.01670134168328169
inch:0.01770415125875576
of:0.004582774743973638
reasons:0.012244190154195641
what:0.006198263319842634
but:0.008960043397311922
saying:0.020313502888649422
ok:0.01098939121384152
mcrcim.mcgill.edu:0.020638142544837458
well:0.005666221919708231
they:0.01570571758430545
who:0.004353713381258748
now:0.005562001339657388
sounds:0.011995638261147603
one:0.006621622274583316
in:0.000598248154526904
israel:0.02559237420093368
or:0.004540817896990473
rather:0.008664928124285735
and:0.005784809310466513
for:0.01204995788563237
known:0.010966090059482686
subject:8.988874374416935e-05
table:0.030504339552048794
however:0.008071040081471087
i:0.003856539540311009
back:0.014184220337155135
negotiations:0.13932297437231295
any:0.003445411671006085
will:0.0038158429121322706
yet:0.008855450312074626
the:0.00558335562954854
do:0.014511473109222156
see:0.005957527816199246
would:0.0188414069920076
because:0.0118836518444075
did:0.005535054018326482
regards:0.013903594602732872
maybe:0.017831064527557738
may:0.0062660792169691275
an:0.006046452111526847
ready:0.014193532959024903
many:0.01247946819917908
current:0.03194187599728099
trade:0.014205666317621867
is:0.004523108196812523
right:0.01306312184370572
their:0.005096577840342471
guess:0.010088071592375937
too:0.01314826847046799
israeli:0.028125748918576436
terms:0.012960063889610988
give:0.007957024482680156
side:0.010842976695525901
feelings:0.017953673050519134
fault:0.014905723906789943
process:0.024353964533559376
by:0.0033347995785089767
refuse:0.016911847935744094
giving:0.0127722792838016
s:0.0041780220933065205
