above:0.01944754307234675
racist:0.1582581516947675
read:0.016192879013556583
say:0.013553892673339596
proven:0.03388024267640596
nick:0.0355397568004675
take:0.015183922359540738
your:0.008999515872723303
from:0.006046944674501254
loose:0.03727233992311972
my:0.006787244723787866
to:0.002953283914480352
stop:0.02374252224700455
arab:0.03191301424883477
proud:0.03611149042670705
us:0.014713402758464257
calls:0.028630640467560194
been:0.010480288480153137
that:0.007433670545024503
me:0.007739919145746748
re:0.0026710035912726466
off:0.015596124628259645
he:0.011358094339430252
on:0.003621491608852071
you:0.027789949470436094
tell:0.017214464668731805
brain:0.03149555999261995
am:0.023347662238590937
a:0.008977526523298253
intelligence:0.032286360167018746
as:0.0057151011444072745
logic:0.059324870688528174
are:0.009184448308588935
fuck:0.04049080809018139
fanatic:0.12391408697088459
not:0.012919500183770676
have:0.007303580187823612
proof:0.029907918512151285
being:0.013898599499465343
ve:0.013036669278767387
rights:0.02480856728352004
kind:0.019682333549736142
has:0.015211063912665013
shouting:0.0455526035694379
his:0.013174493153608975
without:0.016051503462874962
be:0.008263732244821019
writes:0.004723302792982588
get:0.00938838553779373
if:0.00478678871259578
of:0.004166583976408685
freedom:0.02848591771656147
what:0.013149172899951874
but:0.009504046032148718
praise:0.04106254171642094
saying:0.02154682270688885
well:0.01202048507252389
net:0.023679589177846305
in:0.001269140727817789
and:0.005454248778439855
gets:0.023837973874234315
for:0.009295681797487828
subject:0.0001906925492287021
i:0.009544935362269746
any:0.007309194759205766
will:0.008095038177880603
the:0.0010767900142700756
do:0.0051308422779035474
because:0.012605159277817956
once:0.019164508535177902
mr:0.09648444795095468
an:0.012827116265167667
just:0.008388489739042042
about:0.014071659718883878
is:0.0019190901920761708
steel:0.11402811054582841
remark:0.04130469565696153
man:0.020700352419965706
break:0.028030046773199185
whoever:0.0359934239841984
him:0.017117966452595054
article:0.005788092002261436
give:0.016880259081114332
says:0.01829304817448263
s:0.00443168772040013
