occupied:0.0634051972256921
to:0.01033649370068123
most:0.04641488659917595
camp:0.07185944800373666
clock:0.0536267602199927
make:0.044002012083742596
that:0.01300892345379288
control:0.0381204283742628
arabs:0.05944380084110811
withdraw:0.07724423445489234
re:0.0046742562847271315
justify:0.05952120046920713
islam:0.058550563791331306
on:0.006337610315491124
orion.oac.uci.edu:0.06735941382834407
vs:0.04270764931329178
a:0.0034912603146159877
want:0.023657474596402273
based:0.03776128764875678
are:0.016072784540030638
those:0.046397891357189004
territories:0.06826342209808939
not:0.015072750214399123
only:0.016669202978366084
peace:0.09629089638532629
strongly:0.058336883374340044
edward:0.05650113029228281
call:0.03321195122498385
be:0.007230765714218392
which:0.01614865415646897
writes:0.008265779887719529
certainly:0.038446965965695516
ux4.cso.uiuc.edu:0.07124957095161875
of:0.0024305073195717334
they:0.011661495306346796
who:0.016163160927923106
now:0.020648929973478055
tim:0.10194773249340472
israel:0.0950116892209663
or:0.008428893221288567
subject:0.00033371196115022873
until:0.035764571567058055
i:0.0023862338405674366
will:0.014166316811291055
the:0.0037687650499452652
do:0.008978973986331209
rule:0.04935871960320228
an:0.01122372673202171
object:0.052874653701662035
keep:0.03311768230157402
too:0.024406473348306208
israeli:0.15662526429032253
tclock:0.06993256450589592
full:0.03862078104904067
borders:0.13748237451668374
realize:0.048918890739139236
upon:0.04335094478366171
s:0.007755453510700229
