argic:0.05971002036933078
at:0.005404693327941295
boy:0.027821059540612442
all:0.005853176875130621
massacres:0.034872498890560495
case:0.015163258327035311
rumors:0.03414990357978514
with:0.007175796034227575
into:0.01098652701216188
name:0.01694621169221013
to:0.004227604785554695
recall:0.023992976779589094
then:0.00979067699248959
aka:0.0317770632417728
pin:0.029897466889233327
day:0.015603086108974675
mail:0.01879948162475985
make:0.021596079550303113
that:0.004256498471588673
really:0.011971753025711202
nt:0.0043808500105671075
could:0.009258338376233482
finding:0.027353406992220518
re:0.0022941135139765063
dunno:0.036146360024169356
joel:0.033503520048142034
so:0.00626877667107313
hasan:0.07787230479821537
on:0.0031104835904250915
serious:0.02206744562600902
them:0.008993001052345037
cloud:0.03526844073803026
m:0.008397636270650748
sure:0.013386773129811064
a:0.005997256982162433
how:0.01613942327888496
other:0.008462012195287796
was:0.005432276896327519
as:0.004908675829552261
old:0.01624486553584248
turk:0.03717123170921946
also:0.009101209396807156
rumor:0.03398181171360039
nyx.cs.du.edu:0.028843170834468544
ratio:0.032713134331314
serdar:0.02981284528105949
book:0.01907790497351947
mnemosyne.cs.du.edu:0.03663741958044872
it:0.002103407544417006
not:0.007397668816883005
have:0.0031365068291267046
thereby:0.03526844073803026
historical:0.027700762170131607
snail:0.034872498890560495
b:0.01877857881297081
his:0.011315515592056789
heard:0.0331613172934954
highest:0.02895175719704156
writes:0.004056824484770322
get:0.008063644020190934
of:0.008350209196074666
tremendous:0.036898521509398395
what:0.005646884067463995
but:0.016325968644181846
year:0.01518258108104081
armenian:0.028879153162397368
fact:0.01471329526766159
who:0.007932839719226063
wax:0.035914824269673365
in:0.003270178562475285
seven:0.029565766145243907
world:0.01546779563639679
and:0.002342315426323864
usenet:0.025056433304562895
for:0.003992010587878209
subject:0.0001637850116074742
i:0.00585578856580966
we:0.016536735039435216
armenia:0.028494499210154647
signal:0.02764148664306574
any:0.006277835989501886
noise:0.02810067615715428
impossible:0.02525308377260022
the:0.0032369761165174054
do:0.004406858398199366
can:0.005304085843176156
instead:0.01882045589929228
an:0.011017155074377139
just:0.014409675625348294
record:0.023660419614948438
address:0.03917572213415473
many:0.011369331457534316
about:0.006043044051054427
middle:0.02464478708675204
head:0.02118318856107781
is:0.011538088271378205
discussion:0.04218247784650542
having:0.016054548419756818
dance:0.03676658160006733
attempting:0.030668179853143816
records:0.030248132004815832
turks:0.02836039618063011
greek:0.02925108335759022
warren:0.13729092418335395
wish:0.02292072094956306
seem:0.016930751870526
s:0.0038063575512639163
confusion:0.0317770632417728
