some:0.0069085022197239885
obvious:0.022761232626639125
at:0.005212810724582432
all:0.005645371778972137
with:0.0034605170224233568
modern:0.04859796574014013
from:0.005009303280651927
prevent:0.023804837113424092
my:0.005622569593670422
to:0.004077512307961038
stop:0.0196683616247375
might:0.012586302579162401
enough:0.014391411401996427
that:0.012316140547969591
think:0.008519219097802101
re:0.002212665696912252
so:0.006046216552573491
had:0.009079340151965296
this:0.0062128099215552545
muscle:0.03345234118635862
possibly:0.02294055422128604
took:0.01997279098471408
letters:0.027750347976468956
a:0.00247900140682792
was:0.005239414994682755
mankind:0.033104172547169665
therefore:0.02031316876067968
arms:0.023983078293631832
international:0.04692739196143662
figures:0.027923884160460204
mind:0.017926957414261164
are:0.0038042093585871333
no:0.01332243474772201
it:0.008114921413963833
not:0.007135029687289525
statement:0.0411029517123409
couple:0.018674507660677624
have:0.0030251515570867034
neutral:0.031297180537991076
second:0.016270389210960155
placed:0.02695167675636981
war:0.04185591852749133
has:0.018901322021654753
be:0.0034228476753696527
which:0.015288666657012045
of:0.012655896101911982
standing:0.029261897056627933
unfortunate:0.03318931300546611
what:0.005446402976311427
but:0.007873174227815506
advantage:0.025227044831566924
present:0.021446747235676352
seems:0.013943710588053717
must:0.013712783594553237
who:0.00765120043925354
in:0.006308155096845816
point:0.01302684000745598
world:0.044755929385787166
and:0.003388734448143105
subject:0.0001579701591243686
i:0.001129578149381035
contest:0.03571856753106931
we:0.01594963202028367
power:0.0319746187002431
will:0.006705948786409966
embargo:0.039196595134040425
community:0.04814850718315532
event:0.024572431646135928
the:0.009366161662585866
interest:0.021614112406318848
country:0.01994529058000078
sp:0.027923884160460204
mr:0.01998198626203203
an:0.005313006737051696
just:0.006949044754236011
makes:0.016526496344686236
people:0.00890694165723738
bosnia:0.06054097732317979
different:0.014953946142078388
is:0.011128452001388447
number:0.014806300878093244
humanity:0.029579368734097288
today:0.03359912740589767
lack:0.022955745910666195
time:0.009346212839666945
keep:0.01567700937352616
events:0.02407425359157766
matter:0.017875165750890782
history:0.03930186514024711
too:0.011553360164878677
very:0.010315044330079568
difference:0.01897724169724489
side:0.01905540874894197
