some:0.005076247283188496
since:0.008699224449581223
believe:0.009446399479697132
go:0.008458401094757075
hezbollah:0.025875130888740897
israelis:0.021566515130150704
out:0.010245018252873564
say:0.008250195540293668
know:0.005364674459383921
means:0.012324327045385882
thanks:0.008666898456157231
where:0.00803242086188592
your:0.005477966183396794
with:0.002542727725171945
hell:0.014840786628182156
from:0.0036807489323051113
apartment:0.025787293030838637
brothers:0.02228087622272147
saddam:0.026980496707802816
my:0.008262732707220012
to:0.0011984340522528964
bet:0.018755092673954827
arab:0.058275939063089574
pointing:0.022242228625255184
then:0.006938610216416535
lebanese:0.02537290094473288
areas:0.01789675067362537
village:0.022603084797302872
been:0.006379306031397562
that:0.009049685880899395
civilians:0.06551502830759995
think:0.006259774032732849
arabs:0.04135220928077086
like:0.010127296204423245
really:0.008484329318221417
nt:0.0062093787106299
its:0.008990541547974653
me:0.004711255132193673
homeland:0.024922724079772703
camps:0.02537290094473288
re:0.0016258282729485676
so:0.004442654771238783
getting:0.011792180748802984
bomb:0.023089134388555553
consistent:0.02026659500969108
bases:0.021700304950440938
you:0.028998208143063746
tell:0.02095673959671698
brain:0.019171210430290405
am:0.0071058102465276765
none:0.015750044488788233
them:0.006373300745792352
m:0.01190273662709628
a:0.0018215271206692108
other:0.0059969912514430904
democracy:0.024141917223359313
was:0.011549493053496333
shit:0.02095312992032503
said:0.019056563727508108
cohen:0.02624538222935093
also:0.012899975058083187
course:0.010635442608260952
military:0.01683408070752422
are:0.008385800629581202
no:0.0048945466790543905
not:0.007864043590121281
invited:0.024580198523889596
only:0.011595967289298145
against:0.011231655618077594
batteries:0.02295109656979651
edward:0.019652567058185324
has:0.0046294542342893525
lebanon:0.07106936410237297
be:0.002515048944075962
writes:0.005750107747978803
get:0.005714669457787489
kinda:0.022203921539680597
ux4.cso.uiuc.edu:0.02478245946143261
if:0.008741092431696643
of:0.004226969251429101
what:0.00800384437388375
but:0.005785071497829654
oh:0.014042244278875972
well:0.0073168170006667164
ed:0.017252911615952184
they:0.004056172280468451
who:0.0056219690184080365
policy:0.03336301950364609
called:0.011661976068942322
in:0.006952683987175715
israel:0.01652377203842892
or:0.0029317889465351535
hussein:0.02675748238437868
and:0.00414997189663902
subject:0.00011607372561747085
murder:0.01860252171825365
i:0.006639955034622432
plain:0.01978171990346322
news.cso.uiuc.edu:0.019937413176057617
any:0.008898150141641803
buildings:0.02385387641665844
the:0.002949468299957164
sky:0.02026659500969108
when:0.0056855410558423304
putting:0.01747849785668702
would:0.024329990767940245
maybe:0.011512665575401409
stuart:0.026980496707802816
fight:0.01852001779886667
an:0.011711714850805261
here:0.007827830024449547
middle:0.017465653457132968
including:0.013825946550131434
dynamics:0.02471398834417983
general:0.012819262448206744
is:0.007008851136278188
east:0.017702866432134857
assuming:0.017252911615952184
suffering:0.020441029765297273
hospitals:0.024580198523889596
fly:0.021533701192605562
civilian:0.04590219313959302
position:0.01496888242266179
article:0.010569559308477404
very:0.007579315181667162
practiced:0.024580198523889596
killed:0.03176334779711205
full:0.013433315147492405
side:0.014001582950309536
by:0.017224964779428975
high:0.012162277502789224
babies:0.024141917223359313
