some:0.007783579167555695
mark:0.04004831952389587
say:0.01265029982845029
resistance:0.03258182229946515
marc:0.03195496263514331
all:0.006360452204308608
hernlem:0.12693185682109104
your:0.016799096295750167
with:0.007797698357193965
way:0.01154915213031029
from:0.011287630059069008
drawing:0.03162155983131223
yours:0.028175528699029746
both:0.014971360548721587
my:0.012669523484404019
occupation:0.035621938214605124
to:0.004593997200302769
iraqi:0.041370094951964316
lebanese:0.038905114781923746
death:0.06710832768072844
us:0.013732509241233308
that:0.004625395005793024
civilians:0.03348545891277331
justice:0.028705107570016646
son:0.028447675329164777
through:0.015796421960165515
could:0.020121455404347434
attention:0.028297856290151056
anything:0.015474941002129358
re:0.002492936685187804
so:0.006812070649232801
brad:0.06374007159325422
you:0.014821306384232584
narrow:0.03657594383887628
them:0.009772394476881607
chess.ncsu.edu:0.041730543093766156
more:0.00847612683880484
a:0.0027930082516927903
beings:0.03381610518703579
also:0.009889980877863776
are:0.008572151754683007
no:0.007504971574550066
forces:0.029366807290652254
place:0.01812951744877617
not:0.0040194000571731
should:0.010952080948223197
being:0.012972026199500988
peace:0.02567757236942034
crack:0.03485319923786516
ira:0.037109561890033185
has:0.007098496492577007
be:0.003856408380916476
which:0.008612615550116786
writes:0.004408415940117083
were:0.010342021983148661
of:0.011666435133944318
department:0.023120503884619576
killing:0.02698028434503774
brave:0.039675200696069376
they:0.006219464163384958
policy:0.025578314952795337
one:0.006555406051837484
comment:0.02619731597921842
in:0.00473812538385308
government:0.01794409959077532
door:0.028199815307553087
our:0.014865169486535957
israel:0.025336450458924346
men:0.023410657017515615
and:0.001272658048302633
for:0.002168992419413827
i:0.002545316096605266
kaufman:0.04009639337354626
employer:0.030133936155884167
any:0.006821915108592049
than:0.009537341881463076
eyes:0.028810929897725244
the:0.005025020066593686
do:0.004788786126043311
see:0.011795905076074508
can:0.00576377328291809
americans:0.02854945847670337
moral:0.026761031899405506
human:0.04274456494982101
people:0.010035154267154118
about:0.006566774535479144
including:0.021199784710201532
disregard:0.03855104927983076
slaughter:0.03666196653778233
life:0.018602529021924736
civilian:0.035191681407021315
israeli:0.05568898285878135
every:0.016214323512915976
opinions:0.019037401036800284
by:0.01980870949634332
says:0.017073511629517122
grave:0.03927904455959737
prisoners:0.041730543093766156
apply:0.026663706569931157
millions:0.0317446402502438
s:0.00827248374474691
1991:0.028945614613175373
