resistance:0.06265735057589451
all:0.006115819427219815
ncsu.edu:0.03789278698587632
hernlem:0.24409972465594434
with:0.0037488934409586365
such:0.012327033355562811
drawing:0.030405345991646373
prevent:0.025788573539542767
several:0.018066995974791004
my:0.0060911170598096235
occupation:0.10275559100366863
to:0.0035338440002328996
arab:0.028639884582287615
territory:0.033576475747006035
lebanese:0.14963505685355286
that:0.0066712427968168625
civilians:0.03219755664689741
view:0.021829158671696356
son:0.027353533970350744
like:0.007465635022491495
its:0.013255285615603655
me:0.006946081284644517
attention:0.02720947720206832
harry:0.03344953582844078
brad:0.06128853037812905
this:0.0033652720408424296
bomb:0.034041672495947285
two:0.023907556828888607
you:0.014251256138685175
apparently:0.024286288822126044
8:0.018926226169063243
chess.ncsu.edu:0.08025104441108875
a:0.0008951949524656378
are:0.008242453610272121
forces:0.05647462940510048
soldiers:0.030025930149400665
place:0.01743222831613093
it:0.004395582432563743
not:0.003864807747281826
only:0.008548309219674914
hope:0.018515779087436186
hm:0.034181031384642194
cs.brown.edu:0.03674504191248539
feel:0.019527414642603703
lebanon:0.03492725158877304
be:0.003708084981650457
wounded:0.07391747382840146
writes:0.00423886148088181
soon:0.023057651519483784
were:0.009944251906873713
of:0.004985656040147145
brave:0.03814923143852825
policy:0.02459453360845705
in:0.006833834688249634
government:0.03450788382841407
point:0.014112410008077312
israel:0.02436197159511956
or:0.004322509344250547
men:0.02251024713222655
and:0.006118548309147273
for:0.002085569634051756
subject:0.00017113433905139932
i:0.0024474193236589093
acceptable:0.02966772208276953
ago:0.01834080593182464
necessary:0.02310753703513798
the:0.0033822250448226738
when:0.008382528479767538
moral:0.02573176144173606
an:0.005755757298472671
villages:0.06665012183820078
people:0.01929837359068099
about:0.006314206284114561
middle:0.025750642917567835
stops:0.03477089612002843
is:0.0051667812863589214
east:0.026100379996096264
disregard:0.037068316615221884
days:0.01909136297788572
life:0.017887047136466088
hear:0.02124154848883851
civilian:0.03383815519905895
israeli:0.16064129670802313
nice:0.020254740107402296
every:0.015590695685496129
under:0.015559765558369482
article:0.005194441540491032
very:0.0111746313575862
jewish:0.02451607171810768
killed:0.023415288440178754
deaths:0.06247803978134657
three:0.03741651290349324
murdered:0.033640900976836176
claiming:0.029564049908118246
by:0.01269789070278418
grave:0.03776831207653593
s:0.007954311293025875
