some:0.01577752533963992
since:0.027038130045995694
believe:0.029360430815274872
say:0.051284999304528206
marc:0.06477357290907428
all:0.012892808522247178
your:0.0170261111105576
with:0.007903072659318208
from:0.02288033120081556
post:0.03489970005988082
yours:0.057112558173708944
cunixb.cc.columbia.edu:0.07147599339081746
both:0.030347352463624837
my:0.025681466522440577
to:0.0037248625948400837
most:0.02508912789144646
enough:0.03286687198564049
think:0.019456054426061558
through:0.03201977424357874
re:0.005053250037542845
so:0.013808251316012434
this:0.014188714550578893
bashing:0.08127647305448565
you:0.022532391462515754
machine:0.043956748031410094
narrow:0.0741404267004249
a:0.005661503212890791
was:0.011965691001370076
blood:0.056441536681197314
are:0.008687991643259806
freeman:0.14502063751467098
no:0.015212780218682566
it:0.004633181482972594
should:0.022200164084236213
have:0.006908792069562877
date:0.04834863769977464
crack:0.07064837683351045
has:0.01438884424171015
yourself:0.047382090153710706
be:0.007817044015371234
writes:0.008935978256994086
of:0.00262757548061809
they:0.012607021952807348
in:0.00240107705262825
door:0.05716178778558058
israel:0.05135766984917097
i:0.0025797122600729047
employer:0.06108230301868412
eyes:0.058400533576470084
see:0.023910618397448326
can:0.011683324222131263
peter:0.09951062380610694
did:0.022215014100580615
propaganda:0.06866116848274699
people:0.020341528919906992
is:0.003630711174198161
man:0.03916282890263782
nothing:0.06905016220272726
greetings:0.07396827770343259
opinions:0.038589326425946514
by:0.013384263173204947
s:0.00838427406562187
