some:0.013118391855430945
go:0.00728626311533381
hezbollah:0.022289438593297402
at:0.003299494428668281
out:0.008825296622325542
resistance:0.0915219727513066
marc:0.017952226199518712
know:0.004621255152278284
with:0.006571094121230869
option:0.015695173117050123
compared:0.015441155902298206
though:0.009309154313148613
occupied:0.018997811902829093
from:0.0063413652017241615
work:0.015169082127268193
yours:0.01582894870732008
both:0.008410876712764937
killings:0.02295703496560571
my:0.007117709822698886
entity:0.02074545059669237
to:0.003097076764249058
line:0.021152088006037368
lebanese:0.0655704181717816
most:0.006953541063546958
us:0.007714892832153543
might:0.007966610995799423
bunch:0.015191771614810208
that:0.005197073040216881
through:0.008874394359643547
movement:0.017630344439965435
talking:0.012208581199858683
trivial:0.021289203442551915
nt:0.008023354513735264
happens:0.013992799680819396
french:0.0187225217830054
re:0.0014005262276335975
happened:0.012630340444713225
fighters:0.04505212738600703
so:0.01148101794814517
consistent:0.01745811555141928
these:0.006204629112730122
curious:0.016053454460005598
you:0.014571509085621923
narrow:0.02054828305554847
them:0.00549010925667506
posted:0.012784198219033318
terrorists:0.019364312988985492
a:0.0020921410125039628
other:0.005165947519969703
was:0.0066326676711714275
as:0.002996682248003814
worked:0.02879523476085655
terrorism:0.01878197252890911
let:0.008633474691958146
also:0.005556169032507739
turning:0.017764921253546197
are:0.012039538981296359
no:0.004216276165477565
those:0.0069509949598785025
forces:0.016498206343063062
innocent:0.01659720730586514
soldiers:0.05262972026187083
it:0.005136410932434037
not:0.02032280927784151
should:0.006152854465293931
disagree:0.01591156937422919
being:0.007287655168258982
only:0.0049945177463269165
kind:0.010320324707726817
crack:0.019580449010036603
postings:0.017253402395846756
whose:0.014017908054310744
after:0.007225519429456747
liked:0.019029687145031
has:0.007975838755704501
nazi:0.0188729563962089
call:0.009951146434452088
be:0.008666086249250507
which:0.009677096123726725
writes:0.0024766381686051023
certainly:0.023039380353974837
kill:0.013837573432971484
were:0.017430374128902238
of:0.007282418935046392
even:0.006288986695752905
freedom:0.014936436255874928
what:0.0034473487003619145
duty:0.018842382199058483
least:0.009017462107514914
well:0.006302876067990055
they:0.01048224297199712
who:0.009685789320103732
now:0.006186945310405409
one:0.0036828123886727434
in:0.005323736386351774
door:0.015842592869411844
israel:0.01423396093197997
or:0.005051022155079291
succeeded:0.022066878966065937
and:0.0014299528632613853
murder:0.03204928835354561
1972:0.02192552942305902
i:0.0021449292948920776
plain:0.017040432875642476
employer:0.016929177615665262
back:0.0157779529593074
hostile:0.02134818605291948
victims:0.01878197252890911
driving:0.03136410930113243
tired:0.01849372892914833
eyes:0.016185915672879348
the:0.003952262973725372
do:0.01076131713717598
see:0.013253825928173604
can:0.006476149756087741
did:0.012313940400321837
forget:0.043137228487803304
an:0.003362914376635718
trained:0.020500571348516898
just:0.00879691807839615
opposition:0.019770607532034447
people:0.022550908465514868
about:0.003689199177235474
different:0.009465231827757482
garbage:0.019970939685408924
is:0.0050313226009487625
distinction:0.019693381737267642
right:0.007265444171499249
wwii:0.02054828305554847
their:0.0056692270358865695
eventually:0.015870031221816613
guess:0.011221562782530538
organized:0.018200351238998866
opinions:0.010695169121797911
jewish:0.014323996958894377
killed:0.06840421342074693
deaths:0.018252011621516975
hundreds:0.01758653904759393
murdered:0.01965535787410653
before:0.007963274409073575
by:0.007418992320727836
seem:0.01033600207826119
s:0.0023237313889738513
