there:0.03529919175296721
nick:0.09568396061664328
true:0.049678476772266285
take:0.0817595819359886
o:0.0673265189192285
from:0.016280235662118763
to:0.005300766000349349
q:0.08162843160620496
re:0.007191163514964819
child:0.0762570119373345
unix:0.07620321954077564
them:0.028189599452543096
a:0.005371169714793828
how:0.050590884508812474
old:0.05092140542966008
truth:0.06913572169255008
are:0.012363680415408184
soldiers:0.09007779044820201
it:0.01318674729769123
not:0.011594423241845479
twist:0.11222629264016466
only:0.051289855318049485
absolutely:0.07697036048360835
writes:0.01271658444264543
kill:0.07105061743468051
of:0.003739242030110359
one:0.0378196502990624
in:0.003416917344124817
5:0.04997832474841698
and:0.003671128985488364
any:0.019678601274784758
thank:0.06981719820710605
around:0.04552296986833915
many:0.07127696259915745
steel:0.10233291972061524
does:0.04686495439759713
israeli:0.08032064835401156
article:0.015583324621473098
lots:0.07016721175800694
god:0.05102265830336971
s:0.02386293387907763
