go:0.009825415413101652
week:0.03482665458995539
cs.rochester.edu:0.0312097916989464
at:0.004449318244719349
there:0.004635247401904786
true:0.013046872687665894
means:0.014316137476963399
your:0.006363294051420518
with:0.0059073472402984585
turkey:0.07415667442640704
happiness:0.02938256925144386
from:0.008551234893234097
both:0.02268387961927513
to:0.005568481454912448
receive:0.021628377633866193
remember:0.014053656750107234
bet:0.021786218762674798
positive:0.022358585860184917
make:0.00888929537045305
that:0.0070081742512015524
uxa.cso.uiuc.edu:0.02251820878652497
indeed:0.01862748640658897
re:0.0037771767957390967
started:0.016561842808024776
so:0.010321319165504245
greeks:0.11109686829631009
had:0.007749537806475431
this:0.005302852912842617
you:0.005614131206148706
am:0.008254224023744271
economy:0.02620777804223995
more:0.006421308211215788
a:0.002821220456255344
how:0.006643247460753153
was:0.017888103719219912
removing:0.025704597027346815
also:0.007492409755957407
1,000:0.02947357180448769
stuff:0.029529460128016386
are:0.009741081539412508
no:0.005685584526174293
action:0.018595419600131096
it:0.012121151556463655
not:0.012180000173251817
should:0.008297031021381211
deleted:0.017744340893930996
being:0.009827292575379537
conflicts:0.02929317744791153
only:0.013470063012821078
money:0.01565767558954106
per:0.017862753108954636
always:0.013418970191912665
bother:0.023159621366127536
attempt:0.01947802220826563
be:0.0029215215006942997
writes:0.0033397090455432443
if:0.006769196159226357
of:0.0029460694782687674
trying:0.013617819308426244
cheers:0.02199072058769872
kept:0.020170583952394818
what:0.009297394979763953
saying:0.030470254332974137
least:0.012159911023770113
they:0.004711715275291635
who:0.013061140143776247
good:0.008181867936159087
one:0.019864866823749952
in:0.002692116695371068
government:0.013594014841496454
requirement:0.0538610191515574
visit:0.049582085549397394
better:0.011294019552027289
and:0.003856539540311009
still:0.01031166203146236
for:0.00328635215062701
subject:0.00013483311561625404
each:0.012858633320003109
however:0.012106560122206633
i:0.00482067442538876
we:0.006806787402595808
news.cso.uiuc.edu:0.023159621366127536
sad:0.02389450815234591
will:0.005723764368198407
the:0.003806833383783096
relations:0.024339494351892713
bm:0.035403469992246556
would:0.0047103517480019
greece:0.02840198331992387
come:0.012127240780148528
simple:0.016662568469475964
thought:0.027117034395875886
just:0.005931255371039828
people:0.007602389596328876
many:0.01871920229876862
about:0.004974829193544806
turkish:0.06721103986455931
is:0.005427729836175029
move:0.07145101243581854
suffering:0.02374463053544633
figure:0.018648977949872494
observation:0.02650495228478002
arena:0.02878770543499748
leave:0.01784435416310362
article:0.0040925903046292985
greek:0.024080437309531345
side:0.016264465043288854
adds:0.027334765675139996
smart:0.0751560375747676
compromise:0.026766695051772878
by:0.005002199367763465
happy:0.05754689528007608
