some:0.008778472745363565
obvious:0.028922167773699336
go:0.014627310163865617
all:0.007173442335686399
knows:0.026270386549934095
involvement:0.041852889349661485
access:0.02520584111292124
way:0.01302535954546273
learning:0.03735265473172843
to:0.0031087199099793174
montreal:0.037071018923195344
born:0.03231521021083812
positive:0.033285714288094834
been:0.011031882610687513
that:0.005216610908789125
think:0.010825173139312444
terminal:0.03589621203233685
higher:0.027908826413818737
movement:0.035393247860682486
its:0.015547553052888496
re:0.0028115827276554172
started:0.024655976511194774
this:0.003947236378732473
egypt:0.16618382824014202
bc:0.04347862700732792
getting:0.02039249302424576
student:0.030248251670441137
hasan:0.0954374863316474
on:0.0076241928607412015
am:0.012288243283468914
assume:0.026101417708941175
defend:0.034059356567513126
why:0.013381372783112829
a:0.0010500031021401467
was:0.006657602512040493
as:0.006015895941481341
old:0.019909120919867098
worked:0.02890348752311541
reputation:0.08670019486639569
fine:0.024354560736244812
danny:0.0825021289598713
are:0.004833920162415229
it:0.007733581121954255
spread:0.03504749512954096
only:0.010026588257663808
university:0.01767173008720792
left:0.02198800889850046
second:0.020674404335731325
after:0.014505366072668805
has:0.008005823111928954
feel:0.022904335971775772
heard:0.020320656837743416
writes:0.009943795353647554
making:0.023117347299792507
of:0.0029239185799359193
what:0.0069206173157641444
his/her:0.04096730261540296
but:0.005002129490604588
bombing:0.04228265185973629
vancouver:0.037071018923195344
mcrcim.mcgill.edu:0.046086679216667106
must:0.017424514492327046
who:0.009722202061908634
one:0.0073933150960573115
bob:0.027699285819767668
in:0.014695313690521768
better:0.016813653167679722
and:0.0043059858777156745
subject:0.00020072899918810748
i:0.008611971755431349
will:0.008521092818821687
than:0.010756400618191437
the:0.003967121105205542
sfu.ca:0.04387794900216964
can:0.006500496183742205
nobody:0.03013751628164231
tries:0.03880427951426175
radio:0.026972559103516286
maybe:0.019909120919867098
just:0.008829989198991623
quebec:0.039534834013913236
is:0.002020094939027548
institution:0.0459054946183283
mcgill:0.049511307251876316
graduate:0.041348082561408636
girls:0.08289273777796544
light:0.026257253276739046
under:0.018250552083501046
fraser.sfu.ca:0.04347862700732792
on-line:0.04429967431533537
article:0.00609272842343309
thus:0.025047782502829363
happy:0.028557105928458802
s:0.004664934442526453
share:0.03068457909579591
