land:0.0750307989733535
there:0.017316584633531085
bnr.ca:0.04402783650893588
returned:0.0448051905822101
where:0.017428837719186432
with:0.005517239403674975
hell:0.03220170683473486
previous:0.03276603226125289
except:0.030418503952866164
my:0.01792857096849625
creation:0.042828259381716575
arab:0.0842985282044692
within:0.030532549210592615
been:0.02768378089097055
really:0.01840939380368798
nt:0.006736590110589042
anything:0.02189850141810758
re:0.003527740592246892
started:0.061872544829979344
anyone:0.015782214619258408
off:0.020598655169399533
on:0.004783102124898961
you:0.005243386692535112
sam:0.046513636950801705
imho:0.04084595902222689
a:0.002634913444993198
was:0.00835340692548477
steve:0.06051233673272427
question:0.02059420833346325
fidonet:0.05188014132705046
are:0.006065201713219108
internet:0.026948433425609493
it:0.009703455558678452
not:0.011375660539169148
have:0.009646237983917979
calling:0.03880189263724017
ve:0.017218242443655038
real:0.024128243905643842
always:0.02506562356602554
war:0.06673254935043428
get:0.012399754483878513
were:0.014634936768606594
of:0.003668690293693182
but:0.006276256813683116
associated:0.0429225997905334
years:0.02103561719792824
they:0.026403385599275766
who:0.01219861202107404
thousands:0.04036396221885226
in:0.003352447205556424
context:0.03917680139808464
israel:0.03585346763055332
battle:0.04540247623706224
for:0.009207986686190774
subject:0.00025185808388696507
jews:0.06971003974723369
any:0.01930730691110957
the:0.003555438726363458
do:0.006776584140627327
when:0.012336551347582414
start:0.026580774413985965
home:0.027635500489258003
did:0.015508594749461938
individual:0.03643100180440144
just:0.011079137391187602
long:0.022455766463288535
including:0.029999695344624808
is:0.0025346474234968293
living:0.06950952856658679
time:0.014901037451921825
does:0.022990354987500475
matter:0.028499085017929644
israeli:0.039402582211401894
article:0.007644649814307556
opinions:0.026939718448302282
freenet.carleton.ca:0.10476681059193664
says:0.02416062966441102
periods:0.05212841782061058
