okay:0.09096689018667246
go:0.013700227125310755
hezbollah:0.04191042327049582
israelis:0.03493167943615959
confusing:0.03674737738899128
hernlem:0.08938863156414863
your:0.017745524256074122
from:0.005961776439649124
themselves:0.04558380586370166
to:0.005823376732778158
lebanese:0.04109695223442649
h:0.024881564255595186
perhaps:0.020341278434084828
make:0.012394932981335942
that:0.007328970959883312
civilians:0.14148785456101398
think:0.010139070616398276
nt:0.00502872219522844
could:0.010627529262859559
me:0.0076309062000320055
re:0.0052667676447629656
exactly:0.022650582065295834
so:0.014391698554717185
brad:0.03366553077108497
this:0.003697059425150838
these:0.011666450514781287
you:0.007828154780404533
tell:0.01697200741987643
defend:0.0638013299081584
terrorists:0.03641036315534596
chess.ncsu.edu:0.04408155960609101
was:0.006235641789446377
as:0.005634606762091679
also:0.02089432579830375
course:0.017226421126056473
cover:0.055270514764054736
hmm:0.03493167943615959
are:0.018110179763414804
those:0.026139657102641694
soldiers:0.09895869936563037
it:0.014486849143942477
not:0.012737535392449963
try:0.01715767374889713
against:0.03638423650926545
doing:0.018878189472995178
attacking:0.07464514958100041
lebanon:0.03837078343555348
writes:0.0046567774015321296
if:0.0047193691532634455
of:0.0027385997967005445
what:0.012963973281642694
explain:0.050634613070600056
but:0.004685093114439509
conditions:0.0319354415853509
particular:0.02388064400059019
killing:0.02850030036447649
using:0.015524088582006485
launch:0.032441256617542845
please:0.026977681083172604
they:0.019709569531853738
tim:0.028717671124902738
in:0.0025025310125984575
use:0.02341942996827251
repeat:0.03310871018322798
for:0.011455945877185705
subject:0.0001880067386761852
i:0.0013443570932774292
alan:0.061981446366186466
the:0.0010616239577310605
wrong:0.01861564828753423
when:0.009208974949603774
got:0.01557854803965193
country:0.0712131149581718
claim:0.022994641160563285
rules:0.058021342261530315
many:0.01305071146181756
is:0.005676182258253463
stein:0.08271561252068889
assuming:0.02794485684273945
their:0.021319487585657944
israeli:0.029413195171891556
under:0.017093826951448163
explaining:0.03929873609492759
s:0.008738539166986173
