22:0.02465293846303403
argic:0.05759013798935453
there:0.005430644885071878
paragraph:0.05870175715899008
1919:0.029174233827130063
work:0.011982677301717773
knives:0.03585154300948386
longer:0.040168177613895566
except:0.01907906165091014
single:0.01923921106812056
slaughtered:0.07197515132340201
then:0.009443078992756232
village:0.030761594694554206
might:0.012586302579162401
been:0.01736379156475076
that:0.00410538018265653
roads:0.02707243931040062
sahak:0.02986573879836859
russia:0.03032308598358543
like:0.006891355405376764
population:0.023348796064404095
its:0.02447129652111444
tartars:0.07839319026808085
had:0.036317360607861185
soviet:0.0261952662740628
officer:0.029720821520212992
zuma.uucp:0.02939587620899338
a:0.0016526676045519467
melkonian:0.02986573879836859
same:0.01149167663034682
sera:0.02935087857949504
million:0.023156871355805554
was:0.005239414994682755
as:0.0094688066297872
genocide:0.02666013208769062
participated:0.0342169076448202
arms:0.047966156587263664
muslim:0.05014554244053296
rich:0.026862695233502706
military:0.022910287353435328
town:0.02635519924677238
serdar:0.05750880213979523
soul:0.02494366443094909
section:0.04863620267009807
are:0.0038042093585871333
no:0.01332243474772201
inhabitants:0.03155172127813126
soldiers:0.027716243214831383
it:0.002028730353490958
fate:0.03327569643399365
received:0.022895211779004564
closed:0.024414631367543262
passes:0.027385589614864186
shortly:0.03327569643399365
second:0.016270389210960155
19:0.024241995337164965
after:0.011415465607484918
exists:0.022080669011942926
poor:0.023381397578078472
leonard:0.03558851482859135
ruins:0.03626939843678535
were:0.027537928357496435
of:0.010354824083382532
ohanus:0.02986573879836859
armenians:0.056205327830938116
armenian:0.027853857783850716
never:0.013041060537644145
killing:0.02394699793938261
russian:0.02754860708094839
beyond:0.02310984732212193
they:0.005520234464542862
who:0.00765120043925354
in:0.006308155096845816
2.5:0.028795068994677264
proceeded:0.028594468097188026
our:0.026387874828170337
men:0.04155737932103363
destroyed:0.0293062205579839
and:0.00677746889628621
few:0.013524423082285719
for:0.0019251412006631597
subject:0.0001579701591243686
p:0.03983583478853669
we:0.01594963202028367
armenia:0.027482860184942053
tartar:0.08045654396210189
source:0.018457206873963457
ways:0.021114428291592272
the:0.0062441077750572446
appressian:0.02986573879836859
serve:0.024775790483438934
an:0.005313006737051696
trained:0.03238847662753853
mountain:0.02689220731344968
people:0.00890694165723738
many:0.01096568655371653
army:0.02640948549692647
company:0.019917917394268344
turkish:0.026248098408644463
entire:0.02206756344786273
extermination:0.02904512703781267
today:0.016799563702948835
served:0.02991484414046738
pages:0.026603508117180857
first:0.011109791889887817
turks:0.027353518209720165
escape:0.025715575013182432
existed:0.02996436041070712
training:0.026519575365749157
by:0.01172112987949309
revolution:0.031359796569532715
