above:0.044633705411943364
practices:0.16743940833201762
out:0.019314378673450164
resistance:0.08011923516261922
your:0.020654626593135453
way:0.028399554418795794
occupation:0.08759493003591423
to:0.00451868577078961
clock:0.14066035467539068
death:0.0550068259678102
movement:0.07716888467984871
brought:0.0635146367628798
re:0.006130172176691321
policies:0.08570458828983235
you:0.009111458842765933
orion.oac.uci.edu:0.08834021485684468
am:0.02679239929018632
a:0.002289351025977697
question:0.07157331420810178
it:0.005620580815409376
not:0.009883770632392867
writes:0.010840367065861679
of:0.012750202332179585
hamas:0.10404250559105824
separate:0.1384491651411109
up:0.022023940497580077
tim:0.13370194425364554
in:0.002912781998270336
context:0.06807772046224544
israel:0.06230274703014183
and:0.006258974008045736
still:0.03347064069228766
subject:0.0004376550310166934
i:0.003129487004022868
the:0.008649624704792412
judge:0.0715157619537548
mr:0.05535992915218711
reaction:0.0773628921822586
about:0.01614780623478478
is:0.004404469293289573
tclock:0.09171483869625695
article:0.013284145578960673
unclear:0.09723077700152274
while:0.03557938534227086
s:0.010171086571410137
