case:0.04577057606123621
c:0.04789069806349926
extensive:0.0981445485231672
times:0.10409170894418616
t:0.09541752055557193
13:0.07292108434197152
re:0.006924824125521676
file:0.05626825708256313
political:0.0667551069903986
on:0.018778104638492218
more:0.023544796774457886
a:0.0051722375031347965
richard:0.06918662064405146
operation:0.0797364099167129
40:0.07082420718564442
spying:0.11541078684957051
staff:0.08912337928015922
have:0.009467603947178755
yigal:0.24534165102417896
spy:0.11178588727316136
arens:0.25550597864276264
details:0.07064484967204324
writes:0.012245599833658562
of:0.007201503169101431
reveal:0.10414060550638751
years:0.041292137462599875
isaac:0.2298338608442462
nearly:0.07944705217776696
groups:0.068144177749748
they:0.017276289342735993
who:0.023945423596923116
subject:0.0004943880905929314
p:0.06233570443761759
angeles:0.08772509127074911
adl:0.2536062269987793
writer:0.0944105235955145
did:0.030442797100795654
tuesday:0.09301516364659251
new:0.03192591786821383
man:0.053667580348059234
1993:0.05610473709278031
april:0.0630028492942243
by:0.036682795363598746
los:0.0844425309959823
