obvious:0.028077724918992786
simply:0.04465172758953853
read:0.016547467605094318
there:0.006699116683044871
know:0.00900638777852775
posting:0.04816333659790132
your:0.02758975669010064
with:0.008537625938533537
into:0.013071561335637857
service:0.026588257142177683
from:0.0061793595213881424
post:0.01885093287905971
longer:0.024775262834847996
name:0.020162281064454387
remember:0.020311124354169575
everyone:0.022317611368708783
famous:0.03672201494269062
next:0.019550219151453833
she:0.0483962406554523
that:0.002532150550616619
like:0.008501015062107103
could:0.022030790588701568
quiet:0.03678160115173559
me:0.01581881285262109
re:0.002729492721008544
invasion:0.039166157576954935
getting:0.0395941835361268
you:0.00405692692999067
independent:0.03031197772406549
a:0.0010193460772601423
was:0.0064632199569444205
letting:0.035673528065107825
let:0.05047746881940492
learn:0.027810322487023587
no:0.00821712216191613
inhabitants:0.03892146639419111
it:0.005005188755328058
not:0.008801605964612626
should:0.011991329505353865
public:0.02163317224861747
be:0.00422234494260928
claims:0.027418435588384863
writes:0.014480198343450271
get:0.009593970622562936
watched:0.03637436495006833
down:0.03451628579493661
of:0.004257823041585518
sit:0.03398331822394363
armenians:0.034666789793534825
island:0.07494263067457954
english:0.03224927288350095
dbd:0.04259684100210629
david:0.018222228024412365
translate:0.04374418102781733
in:0.005187728522466875
world:0.036806579397557326
and:0.002786842441538612
gets:0.024359973302137256
davidian:0.03801730959336786
for:0.0023748092183363064
subject:0.00019486829848188537
tricks:0.04172237968960541
away:0.02021155902426037
armenia:0.13560885755489654
will:0.008272301787615214
shoot:0.06804842120042259
the:0.0033011080729447575
do:0.005243196488368589
henrik:0.04569037565010893
country:0.024604044584088554
planes:0.08028167854988831
mr:0.024649311520316887
an:0.006554001011399538
cyprus:0.08984264158258534
turkish:0.12951616441053765
is:0.007844456259581427
ignorance:0.035224967632891305
else:0.018441987046263188
time:0.011529269853311777
2:0.01422196753354313
their:0.011048785537092803
ignorant:0.03648841836541928
1:0.014295794831567215
turks:0.03374266114921685
urartu.sdpa.org:0.08493063812826107
article:0.017744515627370824
greek:0.06960476769762344
before:0.031039332368213785
says:0.037387251743468145
while:0.01584191610130308
