some:0.006949624256746155
go:0.011579953879726946
hezbollah:0.035424286335776226
large:0.017821631665997473
out:0.01402591784619595
resistance:0.05818182553475919
played:0.024144065602109077
marc:0.028531216638520807
with:0.0034811153380330194
option:0.02494411441816894
cambridge:0.027813192901683815
occupied:0.03019295105985338
shai:0.07592100594906316
corp:0.027548599076857423
to:0.0049221398574672524
prime:0.029897731172119024
crucial:0.034023607246880604
lebanese:0.03473670962671763
us:0.012261168965386881
software:0.016760630288578906
engineer:0.02653931749840443
been:0.008733573733460948
that:0.008259633938916114
control:0.01815258494012514
withdraw:0.03678296878804397
nt:0.00850093513955284
consider:0.019168833801019004
french:0.059510872810267165
re:0.002225836326060539
effort:0.024180695754337518
complete:0.022042951489849867
had:0.009133383843346042
this:0.0031248954664965414
stealth:0.03161012446052248
on:0.0030179096740433923
you:0.0033083273179090587
incorrect:0.030243609926924264
os:0.028269941676870657
a:0.0008312524558609493
was:0.01581180596609617
as:0.02857550572203637
worked:0.04576385524493273
part:0.01457870305007903
course:0.014560427380357255
turning:0.02823353556367163
role:0.026272349842658284
are:0.007653706923824113
forces:0.05244072730473616
supplied:0.03281170870377799
it:0.0040816122588091894
not:0.007177500102094819
statement:0.020673806069600034
have:0.009129475234779515
made:0.013842735428083341
being:0.011582166249554453
only:0.007937715703983848
interesting:0.01945252715429412
area:0.019098018122972304
machines:0.02348777699335888
peace:0.02292640390126816
war:0.021052530449839388
has:0.006337943296943756
nazi:0.029994519986832002
lebanon:0.03243244790386068
be:0.0034432217686754243
asked:0.020073219635347802
which:0.015379670625208544
thinking:0.020735276987194375
writes:0.003936085660818823
of:0.006944306627347808
well:0.030051212681309728
they:0.011106186006044566
talks:0.02849318212602812
now:0.00983282379689431
one:0.005853041117712038
in:0.006345703639088945
presence:0.028417834525600007
israel:0.06786549230069021
succeeded:0.0350705754996405
and:0.0011363018288416363
subject:0.0001589104576905851
however:0.014268445858314958
hostile:0.033928367119818455
driving:0.04984653085358547
actually:0.014549488851792169
tired:0.029391819190967877
the:0.006281275083242108
do:0.008551403796505912
see:0.010532058103637953
when:0.007783776445498427
can:0.005146226145462579
forget:0.045704920659696356
may:0.011077532901427564
guday:0.07794361352996075
german:0.027950035272068924
people:0.00895995916710189
claimed:0.025332450857861805
is:0.0031984836534602844
lack:0.023092387255372538
think.com:0.03606494505120697
applied:0.026351190478075076
wwii:0.03265709271328239
eventually:0.0252220139061014
article:0.004823410001884529
progress:0.029897731172119024
especially:0.018602950639865126
s:0.0036930731003334424
