go:0.017848002310037865
hezbollah:0.054598900040462445
carter:0.04586159005561873
hernlem:0.11645124478999179
your:0.011559011212672134
someone:0.020215212061128623
from:0.01553343586110414
acquire:0.05321145995125214
my:0.008717562030553223
to:0.0025288057983318
attractive:0.053878976963017536
ten:0.03693568112438375
death:0.030783636550792866
make:0.01614752737018077
that:0.003182611242518136
like:0.010684762050538288
really:0.017902713240283724
re:0.006861293628957258
brad:0.08771569485310214
islam:0.08594578171204595
this:0.019265410582437397
you:0.020396293189310896
enemy:0.04912352323659536
philosophy:0.04490220653342078
chess.ncsu.edu:0.05742735288132957
a:0.0038435893371919134
as:0.00734049688272494
failed:0.03887429666261501
standard:0.02792701413268107
question:0.020027395260065178
jake:0.19950022588098276
american-occupied:0.0544135541017696
are:0.005898269555974546
no:0.010327942533784494
those:0.017026749121904224
have:0.009380745195369777
only:0.012234277415314557
interesting:0.029981876714875347
edward:0.04146871948057454
has:0.019537146309844974
adopted:0.05289507301481939
writes:0.0060666274405280956
ux4.cso.uiuc.edu:0.05229326308375689
if:0.006148168988655132
of:0.0017838585831719143
even:0.015405132548312163
years:0.02045665525670086
york:0.034524469792893975
ed:0.036405226345587176
they:0.008558895637685722
bony1.bony.com:0.1048801104124026
now:0.015155177962185728
george:0.03653499246839603
in:0.0016300890082063348
or:0.006186343648652159
and:0.0017513642866549995
for:0.0059697039066435595
subject:0.0002449262100185165
i:0.0017513642866549995
employer:0.04146871948057454
news.cso.uiuc.edu:0.04206977092195644
sick:0.041204057514174004
will:0.010397296742231967
the:0.0006915165229257368
did:0.045245258076411894
an:0.008237597601483824
religion:0.032582855623511126
bush:0.04286804043562276
is:0.004929772970470898
new:0.03163301953914765
jimmy:0.048720191829062176
livni:0.10517846859353619
him:0.04397275785987721
article:0.0074342466084091835
very:0.03198610076666876
replaced:0.0396848395051039
opinions:0.05239651661504665
give:0.021681066709688137
s:0.011384151942312263
