at:0.028190880398541795
k:0.0303092884500133
all:0.0076325426451703295
service:0.08742218948348023
from:0.020317734106324214
located:0.03909818675935818
to:0.0011025593280726647
building:0.060807481101418426
q:0.03395742754818126
city:0.05887656957578227
most:0.014852763711736303
might:0.017016681087027568
centre:0.040054547964556445
hall:0.03664328170892918
memorial:0.09252251827159383
fallen:0.04442112769098114
like:0.009317112508069386
quarter:0.044312282474534906
account:0.03259823525381808
abc:0.043994359845338796
93:0.029288123966435212
la:0.03486642775224303
student:0.03218413977734937
these:0.013253087784791541
you:0.004446391915269775
hebrew:0.043688590142777206
arts:0.04777519513290513
a:0.005586016503385581
same:0.0155367468042289
y:0.03410696461227848
sb:0.04654198969428707
mon:0.043203593168245735
following:0.021898514184318093
science:0.05410611561867704
official:0.0324496241692346
culture:0.07569780182663183
those:0.014847325234300482
z:0.03992856110881132
d:0.02914950755803257
ones:0.02714103984301485
walk:0.07345323159159045
univ:0.037156826970041655
sun:0.0870838152983722
be:0.0046276900570997705
which:0.010335138660140143
g:0.02828001568809202
dept:0.03282645992273439
ghetto:0.16316587115514264
of:0.010888672791681365
congress:0.03493309480471618
distance:0.0377530913849422
central:0.03664328170892918
street:0.06380845568509769
sat:0.04158967602703729
in:0.0028428752303118476
message:0.02597855910847777
subject:0.00021357565513614637
station:0.03308792110217725
victoria:0.04847128614882217
6:0.023506797060473556
the:0.008442033711877394
original:0.024689344106187835
ceremony:0.050076651712519384
fri:0.04654198969428707
forum:0.0408552156330123
10:0.023122974063169318
interested:0.02301660972331936
is:0.0021493810151253113
days:0.023826020996401378
events:0.032548390855813
e-mail:0.021997566213218134
jewish:0.030596057504198387
april:0.16330338537062938
guest:0.04761024083528325
s:0.01489047074054444
