at:0.017273823773616293
send:0.05751661021325927
essential:0.09945913290304643
literature:0.09276691400322529
someone:0.08641012214364784
to:0.005404702588591493
mail:0.06008461774187953
that:0.006802051479107388
r:0.060788622877041766
agreed:0.09312451375910334
re:0.007332166721140599
july:0.09653175444495898
93:0.07178461756479218
a:0.0027382433840125392
question:0.04280364869308048
not:0.023643529748077055
ve:0.035786935275047733
after:0.03782771936597944
has:0.02087793086052061
mohammad:0.2488859937668452
which:0.02533122220622584
seen:0.05083264491416378
what:0.03609576874496593
ok:0.06399704295119474
least:0.047209066327578084
again:0.04787978702172584
defines:0.10914577026480349
please:0.037557163860887345
who:0.02535397792615389
subject:0.000523469742980751
i:0.0037431119067724496
khan:0.23105320329174922
nobody:0.07859391500898877
an:0.0352116917083034
fundamentalist:0.23850589360107727
is:0.015804272170039053
discussion:0.06740925381353316
else:0.04954023971251092
answer:0.05953472631625209
upon:0.06800148201358698
news:0.06017404933653762
