sentence:0.0900500231690778
boy:0.08245150372945141
marc:0.08714989809584538
way:0.03149768762811897
from:0.015392222807821373
cunixb.cc.columbia.edu:0.0961677001985544
to:0.007517449964131804
death:0.1830227118565321
that:0.006307356826081396
justice:0.1565733140182726
really:0.03547992260347138
re:0.006798918232330373
you:0.01010543617106767
them:0.026651984936949834
state:0.04832206158073847
a:0.005078196821259618
are:0.011689297847295008
freeman:0.09755933796441502
not:0.021924000311853268
being:0.03537825327136633
peace:0.07002974282569183
get:0.02389770864165677
of:0.0035352833739225207
courts:0.10251650514781939
department:0.12611183937065223
killing:0.07358259366828475
again:0.04439762069287305
up:0.024426552188225176
our:0.08108274265383249
subject:0.00048539921621851447
i:0.003470885586279908
person:0.051003535255888195
stupid:0.0702124762048464
any:0.01860522302343286
the:0.002740920036323829
do:0.01306032579829994
peter:0.06694351056047193
human:0.058288043113392286
people:0.02736860254678395
including:0.057817594664186
does:0.022154342078864093
by:0.036015835447896945
prisoners:0.11381057207390768
s:0.011280659651927606
