argic:0.04770947705980841
minnesota:0.04940273880184094
administrative:0.06033549949418722
know:0.02419362991486866
where:0.03622464310262278
much:0.017129381074116976
from:0.008299727984609564
reach:0.08545693076530153
name:0.0541614216829461
located:0.047914444558036985
to:0.005404702588591493
might:0.02085377584194555
technical:0.03761516904822843
like:0.011418030034398757
nt:0.007000770114925867
me:0.010623418435338674
re:0.0036660833605702994
so:0.010017750954754118
phone:0.02879752084519185
finger:0.048780058353582845
contact:0.10235506761707552
mn:0.0561982993955659
you:0.02724504850042754
am:0.016022905457856524
how:0.012895715659109061
other:0.0135226273316854
as:0.015688512945431735
let:0.022599389634831615
serdar:0.14292628767096166
are:0.006303052760796329
internet:0.02800523473641771
telephone:0.043893376348031185
domain:0.04375689263706444
able:0.025857502216771265
his:0.018082637661816243
be:0.005671188795465405
6th:0.11669176675314522
writes:0.006482964617819238
soon:0.035264643500386966
looking:0.025430248484378862
what:0.009023942186241482
but:0.006522384531866767
zone:0.04784564482608946
title:0.0411881699174796
email:0.026900967244783733
in:0.001741957861710691
st:0.07523033809645686
winter:0.05271757141045538
or:0.006610896644147895
and:0.0018715559533862248
gets:0.03271878767051769
subject:0.0002617348714903755
i:0.005614667860158675
we:0.013213175546215391
info:0.028876426072474485
possible:0.025264427676123354
information:0.023910012592978088
do:0.007042332538298987
hello:0.03793422343776247
would:0.00914362398141545
can:0.008476137180761895
meeting:0.047508707144675665
forward:0.042408308882905144
last:0.02137414266724998
here:0.035301978541635214
address:0.031302170136604024
is:0.005268090723346351
suite:0.051855132460004824
grad:0.057953674213693206
1993:0.0297025078726484
1:0.01920121462671283
very:0.0170906126645436
meet:0.08412040818822383
warren:0.16454721060210806
registered:0.05068893694175614
by:0.009710151713893785
s:0.006082708635843316
