go:0.017526416682829973
hezbollah:0.053615136075769426
out:0.021228416199647927
marc:0.04318238193938285
carter:0.045035255099661636
with:0.005268715106212138
option:0.03775325425452597
occupied:0.045697439441940255
from:0.0076267770669385185
syria:0.05209601254031184
my:0.008560488840813524
to:0.0012416208649466945
arab:0.04025064860213395
besides:0.03648726841564765
lebanese:0.05257447943503209
ten:0.03627017335637684
us:0.018557444920585548
that:0.009375800687418293
nt:0.012866280211215109
me:0.009762060183824727
re:0.0033688333583618965
egypt:0.04978029089175425
on:0.004567647074227837
a:0.0037743354752605273
kick:0.04990121900285462
was:0.007977127334246718
as:0.014416471355261593
failed:0.038173858884910226
worked:0.06926421334368198
standard:0.02742382468884898
jake:0.19590562721646054
course:0.022037403602702874
american-occupied:0.10686625940707904
turning:0.04273183760988139
are:0.01158398885767974
no:0.01014185347912171
officially:0.049312185135621724
it:0.006177575310630125
not:0.005431621698882567
have:0.004605861379708584
being:0.017529765134460792
only:0.024027679968815975
exists:0.03361831588304824
has:0.0287776884834203
lebanon:0.04908694817881616
writes:0.005957318837996057
of:0.007006867948314907
years:0.020088066873697238
york:0.03390240727410309
they:0.01680936260374313
bony1.bony.com:0.1029903786932602
now:0.029764223385193588
george:0.035876704315812316
one:0.00885865682680741
rest:0.029429106607863142
in:0.0032014360701709994
israel:0.06847689313222796
world:0.022713970168762854
and:0.0017198081733819362
still:0.018393775515581506
subject:0.000240513125153318
employer:0.040721535345789414
driving:0.037721699024334955
will:0.010209958062191752
tired:0.04448491553227571
the:0.004074340594535422
do:0.006471332602761231
see:0.01594041226496555
forget:0.0345875075262567
people:0.013561019279937995
bush:0.042095643310656586
new:0.03106305522312697
jimmy:0.047842350534844834
livni:0.10328336105131031
article:0.007300296219068477
replaced:0.038969797351858786
opinions:0.051452435234595355
s:0.0055895160437479125
