go:0.06378466399325007
hezbollah:0.09756196892476077
all:0.015640456240103136
with:0.009587334045730285
much:0.028642571632130024
blew:0.09171483869625695
to:0.00451868577078961
activists:0.1045469590118247
that:0.022747844290785364
asking:0.05877758712521958
re:0.006130172176691321
so:0.01675099339975279
policies:0.08570458828983235
brad:0.07836894048350929
you:0.027334376528297795
american:0.052902216678495345
usa:0.05974789649227418
also:0.02431962510950109
are:0.03161859253776519
no:0.018454848134139508
due:0.05434659811308988
only:0.021861249807693224
after:0.031626453896146746
love:0.05364290885543359
hamas:0.20808501118211647
they:0.03058752867238504
who:0.021197588102194236
up:0.022023940497580077
in:0.002912781998270336
nissan:0.09537292970140793
world:0.04133197850381438
subject:0.0004376550310166934
back:0.03453043803389406
blah:0.5153895361501327
the:0.004942642688452807
put:0.040778021304045564
come:0.0393638307290067
trade:0.06916529338251959
violence:0.07716888467984871
center:0.05355132513889851
every:0.03987128732684256
grave:0.0965878144908132
s:0.010171086571410137
