above:0.02568543424649571
some:0.011014498822012775
there:0.017316584633531085
posting:0.03112442034864378
way:0.01634313980704286
times:0.02651392586314176
from:0.007986530702171467
item:0.04590911943490998
to:0.0013001878868781423
t:0.024304462783023038
speak:0.03382483787394711
been:0.013841890445485274
that:0.0032726851456082715
really:0.01840939380368798
its:0.03901555766102208
re:0.003527740592246892
expression:0.10351682218549889
had:0.014475551751718255
this:0.00990532902587583
off:0.020598655169399533
used:0.01862701422959307
serious:0.03393390223622142
them:0.013828860108794725
iran:0.05347842577948486
member:0.03764998040326942
as:0.022644740383500523
old:0.024980312097569093
tortured:0.054553371622402015
anywhere:0.039871031177872274
didnt:0.06287779785068949
sci:0.10784841542407436
are:0.006065201713219108
no:0.01062024279417462
isnt:0.06731179435300776
reason:0.02520954645291064
not:0.011375660539169148
have:0.004823118991958989
only:0.0251610610994205
occasionally:0.050947633453119964
completely:0.03393390223622142
has:0.010045042206476895
be:0.0054571816711082195
writes:0.0062383244435619085
get:0.012399754483878513
if:0.012644347542705835
of:0.007337380587386364
standing:0.04665340191103887
even:0.015841126865717224
freedom:0.07524582038336991
seen:0.024457215949267478
kh:0.06508171154108106
good:0.015283111805278294
in:0.011733565219447484
destroyed:0.046724068625464896
and:0.003601862400856508
still:0.019261406436127802
subject:0.00025185808388696507
we:0.012714565148244998
the:0.003555438726363458
around:0.022332022954279582
arrested:0.05488442180930079
would:0.01759716313404483
propaganda:0.04793326856342714
anonymous:0.0428753116601226
regime:0.10754652219112265
just:0.011079137391187602
long:0.022455766463288535
many:0.017483028562057485
about:0.009292605474734638
is:0.0025346474234968293
usage:0.04868838844713975
heavy:0.04228120978124158
paper:0.036383475445628255
show:0.028396874242781436
prison:0.05200346285127077
article:0.007644649814307556
by:0.009343730894501566
s:0.005853172460905833
news:0.028951665246824704
