land:0.019118424738402577
go:0.00935303967208715
hezbollah:0.028611923578896185
out:0.01132862595269673
round:0.02115712832691942
resistance:0.09398602586384178
marc:0.02304444420803604
all:0.004586864570414862
tried:0.014893577178060918
actions:0.019010684827827657
with:0.0028116700807189776
option:0.02014716933775184
defeat:0.028056573160041166
occupied:0.024386614317573885
members:0.01773193417550296
prevent:0.019341430154657075
to:0.0033129787502183435
movements:0.05742210953474175
attacks:0.022096520819041093
lebanese:0.0841697194801235
clock:0.0206256770076895
us:0.01980650371331727
enough:0.011693021764122097
that:0.008339053496021077
endor.uucp:0.02832623405740195
nt:0.0068661399204080625
me:0.005209560963483388
french:0.02403323709645405
re:0.0035955817574824093
fighters:0.028915668298230474
had:0.007376963873471804
this:0.0025239540306318223
getting:0.013039430635695607
two:0.00896533381083323
big:0.01334509881667095
on:0.007312627287105144
them:0.007047399863135774
sure:0.010490596250765403
a:0.002014188643047685
how:0.006323860563601559
was:0.012771074049539217
as:0.00384670269335105
worked:0.036963113851676443
budget:0.022688155880373918
capable:0.021095092726746787
adam:0.1116491195013271
waste:0.02057009613076125
perry:0.02339599355817528
turning:0.022804009493734782
are:0.006181840207704092
forces:0.042355972053825366
shostack:0.05783133659646095
fighting:0.021922580162418485
it:0.008241717061057018
not:0.014493029052306849
have:0.0024579356401329467
being:0.009354826586178597
only:0.006411231914756186
closed:0.0198368879861289
stated:0.018663918571623844
has:0.01023821609506299
shows:0.018577954988557265
nazi:0.024226343066287386
be:0.002781063736237843
which:0.006211020829411143
writes:0.0031791461106613576
down:0.011367142196890183
were:0.0074581889301552845
if:0.006443754036186628
of:0.006543673552693127
sexual:0.02141359938800256
congress:0.020993446397065012
but:0.0031984770300500496
bombing:0.02703650335261984
fact:0.01153013042610019
germans:0.02718002721391638
they:0.017940762009764303
who:0.006216600356893502
now:0.007941896143645405
in:0.003416917344124817
government:0.012940456435655277
israel:0.054814436089019015
or:0.00324188200818791
succeeded:0.02832623405740195
and:0.0055066934782325465
for:0.0031283544510776347
subject:0.0001283507542885495
i:0.000917782246372091
we:0.012959076016480482
hostile:0.027403681135237987
silly:0.022464501959052315
driving:0.04026065953558827
nazis:0.025230675732627134
will:0.005448583388958098
tired:0.023739546269627904
the:0.006522862586443728
constant:0.02384758884583972
do:0.006906903066408622
see:0.008506662314476809
when:0.012573792719651308
drugs:0.02085465801244553
would:0.004483892529347962
can:0.004156567271335161
agree:0.014502669129636728
did:0.00790341847809118
maybe:0.01273035135741502
forget:0.03691551284052398
rid:0.022198816003883806
thought:0.012906665409575541
long:0.011443804063022043
people:0.007236890096505372
is:0.0012916953215897304
time:0.007593797932229393
wwii:0.0263768825761127
their:0.007277325089335164
eventually:0.020371626616466517
leave:0.050959357561940144
article:0.0038958311553682744
very:0.00838097351818965
repeatedly:0.025230675732627134
happy:0.01826007254079337
john:0.012891723074912721
