some:0.007297105469583464
since:0.012505135146273008
believe:0.013579199252064628
go:0.012158951573713295
hezbollah:0.03719550065256504
out:0.0073636068692528745
say:0.011859656089172147
means:0.017716220127742207
with:0.007310342209869342
my:0.01781651739994315
to:0.0008613744750567694
bet:0.026960445718810063
arab:0.08377166240319127
pointing:0.03197320364880433
lebanese:0.036473545108053514
areas:0.025726579093336473
been:0.009170252420133996
that:0.00867261563586192
think:0.008998425172053471
v:0.048083103923775156
arabs:0.029721900420554056
like:0.007278994146929208
really:0.012196223394943287
nt:0.004462990948265241
its:0.012923903475213563
homeland:0.035826415864673264
re:0.0023371281423635658
so:0.0063863162336557505
93:0.02288134684877751
apr:0.023295051731487493
consistent:0.029133230326430927
on:0.003168805157745562
you:0.02431620578663158
brain:0.02755861499354246
am:0.010214602229383536
none:0.02264068895263309
m:0.0171101839014509
a:0.0008728150786539969
other:0.008620674923949443
y:0.026646066103342567
democracy:0.034704006008579015
was:0.01660239626440098
gary:0.053058480544033226
shit:0.03012012426046723
said:0.04109071553743935
also:0.00927185707299729
are:0.012054588405022978
not:0.007536375107199561
systems:0.018752607001766317
only:0.016669202978366084
university:0.014689625634991585
against:0.01614550495098654
has:0.006654840461790944
lebanon:0.03405407029905371
boston:0.05212221419186926
writes:0.0041328899438597645
if:0.008376880247042617
of:0.004861014639143467
even:0.01049474654853766
what:0.0057527631437289456
but:0.008316040278130129
gmt:0.026483114601406472
well:0.010517924438458406
who:0.008081580463961553
policy:0.04795934053649126
called:0.016764090599104588
in:0.0033314944105216964
st:0.02397967026824563
israel:0.023752922305241574
or:0.008428893221288567
and:0.0023862338405674366
subject:0.00016685598057511437
i:0.010738052282553465
any:0.012791090828610092
the:0.0032976694187021064
do:0.0044894869931656044
would:0.0058290602881523506
agree:0.018853469868527747
an:0.016835590098032562
just:0.0073399285216617875
here:0.011252505660146225
middle:0.02510687684462864
15:0.020886317074879025
ma:0.025070112032734477
is:0.008396019590333247
east:0.02544787049619386
assuming:0.024801060447931265
suffering:0.029383980287614832
civilian:0.06598440263816496
israeli:0.026104210715053755
agents:0.028467708573915614
article:0.010129161003957513
very:0.010895265573646546
iranian:0.041156274153122195
practiced:0.035334035378091294
opinions:0.017847563472000266
full:0.019310390524520334
side:0.02012727549106996
by:0.018570665152821863
