utterly:0.0731981948351217
at:0.011151455853853557
know:0.015618672476687365
existing:0.05480597033362089
nationalism:0.08335447929746266
turkey:0.06195367736889702
from:0.010716104486457918
themselves:0.04096772425725086
via:0.04326875162804614
to:0.001744555898849153
look:0.030014788914884943
that:0.004391197790309833
view:0.04310568041499534
through:0.02999320625347882
its:0.052349988760358734
re:0.004733424085799627
this:0.006645347321157203
on:0.012835666461754176
you:0.007035430245680024
state:0.033641941606843244
sea:0.06388999818891508
onto:0.05511598324511831
a:0.0053031802247331455
how:0.01665016452188765
ultra:0.06777802573150497
are:0.008138118754445893
those:0.023492603218829875
lie:0.05772021106054487
place:0.03442313439641045
it:0.00867988429721448
not:0.007631772260455251
of:0.0073838197050280505
armenian:0.05958610082874394
increasingly:0.07559366318497647
in:0.004498220301126341
government:0.1022132255170746
world:0.03191456568016047
and:0.012082196661100945
usenet:0.15509615045482603
subject:0.00033793616319010504
the:0.002862353202490075
can:0.021887746643992744
convince:0.05981147582410478
long:0.030130522089982088
people:0.03810818076134474
turkish:0.16845298598965497
is:0.0034009193277299227
today:0.03593830716200447
keep:0.03353689346994837
life:0.03532125763656595
their:0.038321104267891495
agents:0.05765611863071516
feels:0.06475585549124926
going:0.0275672871398694
teeth:0.07099992275852877
s:0.007853623808304028
