appearance:0.030134776637357974
argic:0.05407074066778287
there:0.010197544284190528
all:0.00530037683692384
paragraph:0.02755721377741479
small:0.01660414389036673
1919:0.027391363982138782
corner:0.027230322110620715
cut:0.02033897497669112
way:0.00962429344192524
yard:0.06707153236389682
from:0.004703179191278753
work:0.01125040257772391
longer:0.018856727824300975
my:0.005278968118501674
single:0.018063481502846528
investigate:0.031408031447192265
to:0.0022969986001513845
then:0.008866001943198906
might:0.011817139643769145
family:0.021891483717331482
been:0.024454006453690655
make:0.009778224907498355
that:0.00578174375724128
roads:0.025418012463653918
sahak:0.028040610316246068
like:0.006470217019492629
its:0.011487914200189835
me:0.012039874226717163
had:0.017048983174245948
child:0.0660894103456899
soviet:0.024594444446203408
on:0.002816715695773833
traditional:0.02772816743667453
went:0.018124784806867134
officer:0.027904549093977757
zuma.uucp:0.02759946155177712
a:0.007758356254702194
melkonian:0.028040610316246068
sera:0.02755721377741479
million:0.021741729217395214
was:0.014757685568356426
as:0.004445078667872325
old:0.014710628235235133
genocide:0.025030901793442865
participated:0.03212587439985897
muslim:0.02354054631236131
serdar:0.0539943753423633
soul:0.02341932938239109
are:0.0035717298977845863
no:0.006254142978791721
persistent:0.03405293519898181
tragedy:0.031081139780398188
have:0.002840281184153627
closed:0.022922626117304508
girl:0.029326401172517762
passes:0.02571202580506693
historical:0.025084579076285845
exists:0.020731294794546416
leonard:0.03341366114462188
which:0.007177179625097322
found:0.014858447251427764
soon:0.019983297983552615
of:0.009722029278286934
ohanus:0.028040610316246068
year:0.013748670645609178
armenian:0.05230335517189746
women:0.020996195521296807
must:0.012874780152663873
who:0.007183627079076935
in:0.004935547274846957
breast:0.03560618443353271
2.5:0.027035370333891435
proceeded:0.02684702838013765
lying:0.027230322110620715
men:0.019508880847929677
and:0.007423838615098692
for:0.0018074936828448556
subject:0.00014831642717787942
p:0.01870071133128528
i:0.006363290241513164
we:0.007487466142855389
armenia:0.025803352062528928
house:0.019099288580501063
revealed:0.028275056730081495
source:0.017329266453887913
ways:0.019824102118217193
the:0.005443771738809827
appressian:0.028040610316246068
serve:0.023261714398339888
her:0.03673787561033031
home:0.01627423917700749
crying:0.06682732228924376
an:0.004988322992009649
mountain:0.02524879464429442
people:0.008362628555961763
about:0.010944624225798573
company:0.01870071133128528
turkish:0.04928809590067683
moon:0.025533757390891927
extermination:0.027270147052168566
today:0.01577292369887974
night:0.01859908248102236
judged:0.030772418385093685
entered:0.027859925917881844
pages:0.02497773817668647
first:0.010430860163283562
dead:0.019062678526728535
turks:0.025681914319126156
escape:0.024144067651265727
full:0.01716479157735141
by:0.016507257913619434
s:0.0034468682269778797
