go:0.015198689467141618
hezbollah:0.0464943758157063
resistance:0.07636364601437144
ncsu.edu:0.04618183413903677
hernlem:0.19833102628295476
your:0.009843220485791114
with:0.0045689638811683385
such:0.015023571902092176
drawing:0.03705651542731902
prevent:0.03142982400131775
several:0.022019151344276535
occupation:0.12523337653572114
to:0.005383590469104808
territory:0.040921329816663604
lebanese:0.18236772554026756
that:0.0054203847724137
civilians:0.03924077216340622
son:0.03333711952636497
its:0.016154879344016954
attention:0.033161550340020766
re:0.0029214101779544573
brad:0.07469539639834478
bomb:0.04148828835443576
federal:0.03087075148980673
two:0.02913733488520799
on:0.0039610064471819525
you:0.008684359209511279
8:0.02306633814354583
m:0.010693864938406813
josh:0.040921329816663604
chess.ncsu.edu:0.09780596037601443
sure:0.017047218907493777
a:0.0010910188483174961
are:0.005022745168759574
forces:0.06882845458746621
internet:0.02231667143058286
soldiers:0.03659410236958206
place:0.021245528260284575
it:0.002678558044843531
love:0.025564198751417567
lebanon:0.04256758787381714
wounded:0.09008692122836427
writes:0.005166112429824706
were:0.012119557011502337
of:0.007595335373661666
bureau:0.043934317948007236
reading:0.025674390987210863
brave:0.0464943758157063
investigation:0.03887160900051133
policy:0.029974587835307032
in:0.006940613355253534
government:0.04205648341587965
israel:0.029691152881551965
men:0.02743436369240111
and:0.004474188451063944
for:0.002541787991500578
subject:0.00020856997571889294
murder:0.03342640621248703
i:0.0014913961503546479
ago:0.022352857229411282
necessary:0.028162310761574414
the:0.004710956312431581
moral:0.031360584257115826
an:0.007014829207513568
villages:0.0812298359903072
is:0.0041980097951666235
disregard:0.04517701087480167
days:0.02326759862929822
life:0.021799838697568047
civilian:0.0412402516488531
israeli:0.19578158036290316
every:0.019001160366698407
under:0.018963464274262806
article:0.006330725627473445
killed:0.028537382786467856
three:0.022800687550566193
going:0.017014185031638145
claiming:0.03603118582551911
by:0.01547555429401822
grave:0.046030130343278165
s:0.009694316888375286
