above:0.016601561159320398
simply:0.018650264267581644
practices:0.09341893818524154
out:0.007184006701710121
resistance:0.029800447225120565
happen:0.02061970869614217
became:0.026375899427172715
carter:0.030481178756478305
among:0.02100308212186479
your:0.007682513549885747
way:0.010563248899674044
into:0.010919535993795039
from:0.005162025941647413
my:0.0057939893983554955
occupation:0.03258104104994371
to:0.0025210960245563977
ten:0.0245487148936453
clock:0.05231879045852946
death:0.020459856000222088
been:0.008946587726959996
movement:0.02870306076506568
brought:0.02362434660082724
re:0.0022801250169400644
policies:0.03187792613219374
this:0.0032011124290940184
these:0.010101438860359406
procedures:0.03329923029175092
you:0.010167054684305886
possibly:0.02363996136217891
orion.oac.uci.edu:0.032858250647972716
am:0.009965465589642473
a:0.002554580718011698
same:0.011842032625174467
as:0.004878744879372064
failed:0.025837184976981925
standard:0.03712249439588094
question:0.026621781504232982
jake:0.1325946623233361
american-occupied:0.036165106079834676
are:0.00784038270245397
no:0.006864303269405548
it:0.002090581888658366
not:0.003676280540097347
have:0.006234763574971377
only:0.008131318526032235
moved:0.02718661792519478
against:0.015751712147303944
has:0.006492527279796043
lebanon:0.06644696643717798
deny:0.029266312717084065
common:0.02052517097336189
greatest:0.030385902427800985
writes:0.008064175500214175
get:0.008014475459092209
were:0.009459166448001825
of:0.008299293286342505
hamas:0.038698736835698494
parts:0.022248140313514395
years:0.013596191603538985
fact:0.014623580052614875
york:0.022946141508691724
separate:0.0514963358146815
alike:0.03447222963716224
they:0.01137706859155785
who:0.007884468745328343
up:0.00819183152653893
bony1.bony.com:0.06970690265214563
now:0.02014529753510054
george:0.02428240353082419
tim:0.04973060121629499
in:0.00433365126571928
context:0.025321591147542514
israel:0.023173582736821047
and:0.005820082537969357
still:0.012449445623350899
for:0.001983834529951671
subject:0.0001627863225123067
i:0.0011640165075938716
employer:0.027561526971845274
power:0.01647472731811306
will:0.013820796889064443
the:0.005515265926749168
when:0.023920873954458584
judge:0.02660037487304294
can:0.005271743856327521
operating:0.028024855672930164
mr:0.02059119316026472
an:0.005474988649766688
reaction:0.028775222092181554
long:0.014514092957979176
about:0.006006196221474826
bush:0.02849156346026147
is:0.003276495449886145
itself:0.020506438052404756
new:0.010512192468802115
time:0.009631158353071425
jimmy:0.03238110310590108
plo:0.07334706104916998
livni:0.06990520168716734
tclock:0.03411344610043704
article:0.009882108296543915
very:0.01062952738892346
replaced:0.026375899427172715
opinions:0.03482451409170783
going:0.01327936392713221
unclear:0.036165106079834676
while:0.013233795767551966
blame:0.02729953894816574
s:0.0037831480540001117
