some:0.015362327304386237
take:0.027970383293890833
turkey:0.1287984345300754
to:0.0036268398949758705
politics:0.0643992172650377
that:0.004564534545190484
12:0.04675506357384258
re:0.004920269773396981
so:0.013444876281380526
greeks:0.14471828896493022
invasion:0.07060215247424771
on:0.006671168753148551
you:0.007313144597483182
ownership:0.07001726086147358
why:0.02341740237044745
how:0.01730740785827795
sorry:0.04180811427287664
as:0.010527817897592348
international:0.05217585027291308
are:0.016918720568453303
it:0.004511255654473315
not:0.023799079285893348
stated:0.05108019819602315
writes:0.008700820934441609
of:0.017909001302107506
what:0.012111080302587252
properties:0.071058541395141
well:0.022142998817807166
accept:0.04700147329819386
miles:0.0528178261172477
called:0.03529282231390439
in:0.00935156325760476
islands:0.08311499839348514
and:0.0025118250953341434
subject:0.00035127574857918807
istanbul:0.08097659142640916
the:0.007934242210411084
do:0.009451551564559166
see:0.023281391597515473
waters:0.08033461558207453
law:0.03956369901636797
did:0.021630408466354806
long:0.031319884804060324
cyprus:0.08097659142640916
about:0.012960739214761466
netters:0.06497138979056057
write:0.042818077960362015
article:0.010662274741007907
greek:0.12547175229703172
compromise:0.06973428447698722
lake:0.07001726086147358
by:0.026064091442557002
