some:0.01389924851349231
simply:0.03641242071289749
muslims:0.05254469968531657
mark:0.0357574281463356
help:0.025477294286211868
theories:0.06188939884975786
someone:0.026231644222178805
cpr:0.063610603954652
to:0.0016407132858224176
then:0.018998575592569084
clock:0.05107310497142161
us:0.049044675861547524
bunch:0.048288131204218154
that:0.004129816969458057
cleveland.freenet.edu:0.050981175851256014
through:0.028207896357438412
nt:0.00850093513955284
re:0.004451672652121078
this:0.018749372798979248
mean:0.03146931020035548
he:0.01893015723238375
orion.oac.uci.edu:0.064151822693661
why:0.02118717357326198
a:0.0016625049117218987
orthodox:0.063348950303238
as:0.009525168574012123
it:0.008163224517618379
being:0.023164332499108906
peace:0.04585280780253632
ira:0.06626707480363069
nazi:0.059989039973664005
be:0.006886443537350849
sort:0.0373507298531075
writes:0.007872171321637646
of:0.006944306627347808
using:0.026243102126725246
who:0.015393486598022003
tim:0.04854653928257367
in:0.002115234546362982
or:0.008027517353608158
rather:0.030636710153724562
and:0.0022726036576832726
word:0.036534244240040696
subject:0.0003178209153811702
jews:0.08796743110960442
usenet.ins.cwru.edu:0.06200442159870711
kaufman:0.07160070245276116
will:0.02698346059293534
the:0.003589300047566919
thing:0.026951576608630432
when:0.015567552890996855
insult:0.06843756952736824
label:0.06562341740755598
put:0.02961261070889023
may:0.022155065802855128
an:0.010689263554306388
fundamentalist:0.14480714968636832
just:0.013980816231736736
is:0.0031984836534602844
object:0.050356813049201934
does:0.014505819218303871
man:0.034500587366609506
first:0.022351843207036204
tclock:0.06660244238656754
under:0.028896707465543323
article:0.009646820003769058
understand:0.03566853884447206
process:0.04305433015754247
by:0.023581797019456334
says:0.030488413624137713
s:0.007386146200666885
