above:0.010512185444511758
some:0.0045078643827542635
ask:0.011253137391337325
israelis:0.03830346316551862
at:0.0034014093144958727
there:0.007087096413723146
know:0.004763996624163327
help:0.008262906254987634
all:0.003683659577784908
true:0.07979245690062847
tried:0.011960865069639656
saw:0.01311729954878554
thanks:0.007696473532494838
your:0.009729206348890058
4:0.009591774147408028
ca:0.007940342069854521
times:0.01085125923356381
from:0.006537237485947302
cpr:0.04126093229490941
my:0.003668780931777225
to:0.0015963696835028928
nationality:0.023573091831033455
ten:0.04663308002962736
that:0.010715200785620906
weapons:0.01544230110227673
nuclear:0.018842686379386585
provide:0.026076877824582345
indeed:0.028480635586908228
arabs:0.018361019564821036
id:0.0362147398302954
nt:0.008271180135781141
could:0.011653352550780366
huh:0.019300823614140702
me:0.012551220236346076
re:0.0028875714500244828
so:0.003945214661717838
authorities:0.017975732033514588
these:0.012792555776825813
enterprise:0.023859222997650142
you:0.012875652264294714
state:0.010261441648419368
3:0.009040409052654902
answers:0.01617996610908256
more:0.00490895376764759
a:0.0016175723465402258
as:0.00617848772368354
secret:0.030862251949523623
following:0.010568780976987496
let:0.008900145724914382
evidence:0.02484716628967627
mind:0.011697512752934892
are:0.01737598328651961
individuals:0.016475487642373422
it:0.009266362965945189
not:0.009311351483798686
statement:0.013410036369470293
being:0.007512756486197483
only:0.005148788564746281
trial:0.0181073699151477
date:0.013813896485649896
details:0.014729042016564999
davidsson:0.023306710087840594
be:0.002233441147248924
asked:0.039061400371487615
which:0.01496400385155426
writes:0.002553136644855453
recognize:0.017286194546328886
were:0.005989588021128568
if:0.007762360074479644
of:0.0022522075548155056
but:0.007705983269309771
again:0.018856132340602457
must:0.008947723658221997
they:0.0072040125444613416
who:0.0049924821398990285
policy:0.044441087755822006
miles:0.015498667123207821
now:0.00637804786825577
one:0.00379656721148889
email:0.010594203316478536
in:0.0041161320902198565
parent:0.0208511550039796
accurate:0.017268194495727297
israel:0.04402085987071797
or:0.002603519141710754
and:0.0036853032286755776
few:0.008824816605815779
for:0.005024692863506934
subject:0.00020615410727427256
welcome:0.016152965972051785
jews:0.014264988828584502
i:0.0022111819372053467
20:0.012142209839403938
any:0.007901832172114343
research:0.03576059629965379
unfortunately:0.01421580340087242
the:0.0011640973127244063
do:0.005546856516652484
see:0.006831605256413808
around:0.018279493692306067
would:0.0036009638845728806
specific:0.01415118258096692
people:0.023247461622750848
about:0.007606302550748043
is:0.008298768398167225
number:0.009661254240917985
cards:0.03038623524596218
time:0.01219698818458466
carry:0.015028794787387284
questions:0.09341085211569149
center:0.03783742278153832
their:0.01753301488704688
1:0.007561868308589608
israeli:0.09675692002490967
article:0.0031286983796007762
elias:0.044138733725682944
give:0.00912446436816991
smart:0.01915173158275931
live:0.011956325382037293
citizens:0.01578130574878039
by:0.007648150384688542
secrets:0.022326862517276502
igc.apc.org:0.04092513992471837
identify:0.03848098840277499
s:0.011977534379459812
