above:0.01815104020085697
at:0.005873100083029541
all:0.006360452204308608
discussing:0.03244244440066972
take:0.01417166086890469
theories:0.0346580633558644
chris:0.076734944858386
where:0.012316378654891746
suggested:0.02928041299303555
your:0.008399548147875083
with:0.0038988491785969825
proves:0.03729736773647783
cpr:0.07124387642921025
post:0.03443437072574908
cunixb.cc.columbia.edu:0.035261490072803284
to:0.001837598880121108
job:0.023143257035261176
northern:0.034787517261578416
mail:0.02042877003223904
been:0.009781602581476262
that:0.004625395005793024
think:0.009598320183523702
control:0.020330895132940157
really:0.013009304954606173
re:0.002492936685187804
so:0.006812070649232801
comments:0.02456003342686067
this:0.003499882922476127
off:0.01455638298637567
der:0.03866699423124322
he:0.010600888050134902
you:0.007410653192116292
posted:0.022755872829879304
a:0.0018620055011285268
as:0.01066818880289358
deals:0.03592502070845017
proposal:0.0942640337519592
evidence:0.021451386896753848
science:0.022544214841115438
freeman:0.03577175725361884
flag:0.036926902062112424
race:0.029138864858997054
it:0.0022857028649331465
not:0.0040194000571731
should:0.010952080948223197
have:0.006816674841968705
only:0.008890241588461911
peace:0.07703271710826103
has:0.007098496492577007
nazi:0.06718772477050369
davidsson:0.08048583883667619
be:0.003856408380916476
which:0.008612615550116786
writes:0.004408415940117083
of:0.007777623422629546
europeans:0.03789478212774241
never:0.029385856411491475
well:0.0112191194010223
must:0.01544973618319665
now:0.01101276265252163
box:0.021123593404710716
comment:0.02619731597921842
in:0.00473812538385308
or:0.004495409718020569
and:0.005090632193210532
for:0.010844962097069134
subject:0.00017797971261345532
holocaust:0.03332608877374962
ninth:0.03902744237304506
i:0.002545316096605266
we:0.0269548781142794
photos:0.04086352223877817
any:0.006821915108592049
the:0.004020016053274949
dictionary:0.03286963677856654
strong:0.02407101590647007
would:0.006217664307362507
can:0.00576377328291809
hate:0.02683992828371886
peter:0.024545953872173044
forget:0.025594755569429962
mr:0.02251303785522276
an:0.011971975180823158
solutions:0.03138201310313848
human:0.021372282474910506
problem:0.014103768613637229
address:0.02128547569289074
discussion:0.022919146296601276
critical:0.0651636445989303
solid:0.030037082152131436
improvement:0.033987788494385225
wall:0.02991009418566014
article:0.0054022192021106735
elias:0.11431932034951883
inherent:0.03758938522086711
jewish:0.025496714586831993
meaningful:0.03855104927983076
past:0.022023429646022424
stands:0.03187003579662711
by:0.01980870949634332
s:0.00827248374474691
