report:0.029197909411344272
there:0.007059838350593442
nick:0.03827358424665731
take:0.01635191638719772
much:0.013439975919691781
turn:0.02631906257472704
my:0.007309340471771549
to:0.004240612800279479
signature:0.03845317935432648
q:0.03265137264248199
ii:0.028241536962385523
make:0.013539080641151568
like:0.008958762026989794
re:0.0028764654059859275
so:0.00786008151834554
msg:0.04220301212178032
this:0.004038326449010915
child:0.030502804774933803
two:0.014344534097333165
on:0.0039000678864560766
you:0.004275376841605553
terrorists:0.039771319754300975
a:0.0064454036577525926
how:0.030354530705287486
false:0.032208527628470617
as:0.006154724309361681
old:0.020368562171864033
idea:0.021325971502005818
nine:0.03882546043787917
arms:0.031178001781721382
mind:0.023305044638539517
are:0.0049454721661632735
soldiers:0.0720622323585616
native:0.040686334699388406
place:0.020918673979357122
it:0.010549397838152985
not:0.004637769296738192
should:0.012637016478719074
being:0.014967722537885756
kind:0.021196359207408155
lamp:0.09253013855433752
holds:0.037758665149156476
feel:0.023432897571124444
electric:0.04021522988984441
his:0.01418791570388659
be:0.0044497019779805485
writes:0.005086633777058172
kill:0.0284202469738722
of:0.0014956968120441434
what:0.007080323869204856
year:0.0190366208939204
up:0.01033431054117219
direction:0.03398577219261254
one:0.022691790179437444
in:0.004100300812949781
albert:0.11846700464327765
5:0.01999132989936679
and:0.005873806376781383
for:0.0025026835608621075
subject:0.00020536120686167922
table:0.10453602515721337
i:0.0029369031883906913
similar:0.024344294522051547
face:0.027609781468812
yet:0.0202312980206628
turned:0.030206910307027678
the:0.0040586700537872085
when:0.010059034175721047
around:0.01820918794733566
needs:0.025764204328225748
here:0.013849237735564585
many:0.04276617755949447
about:0.007577047540937474
hold:0.026690620099569386
is:0.004133425029087137
stays:0.046099636929315194
new:0.013261535114488823
does:0.01874598175903885
2:0.0149877657853493
run:0.020591034064518423
1:0.015065568399420836
first:0.014442729456854164
israeli:0.06425651868320925
dark:0.0709537197794838
bad:0.021081546513433722
answer:0.023355931093298896
opposite:0.03712169665927776
four:0.08095491117745325
s:0.004772586775815526
