seemed:0.025263969439123922
send:0.0175649528196181
contents:0.029840047893169828
posters:0.032701040526030845
members:0.022085283284458777
to:0.004951613748829332
cs.cmu.edu:0.031015935978496806
arab:0.02675342511878364
trust:0.024846516549211578
us:0.037003767416496934
perhaps:0.05188853061628824
that:0.0041545464123889445
view:0.020391309896913963
consider:0.03856723447390651
re:0.0022391646872944346
so:0.006118626331646228
political:0.021585483697494162
authorities:0.05575706103808717
this:0.006287214830795438
he:0.009521755733654104
on:0.009107942968370477
you:0.0033281376611300714
american:0.019323564175977342
tell:0.014431287746242234
friendly:0.031015935978496806
them:0.017555199659068755
names:0.024532318634616045
3:0.014020754159506705
why:0.04262808575219177
more:0.007613287579764826
a:0.004181150077384416
member:0.0477951847035516
other:0.008259329268454556
as:0.00958220551158106
question:0.013071772954174278
california:0.02382915704744273
files:0.03963247382739748
those:0.011113267390943475
it:0.0020530265253890538
should:0.009837198456487903
have:0.006122761834103627
yigal:0.1586640617401876
dozens:0.03563640781084076
arens:0.08261869968089332
reporter:0.03563640781084076
be:0.013855359452394524
writes:0.003959655036033308
if:0.00802575353010071
of:0.010478833952644599
what:0.005511629359261265
maintained:0.03192958620361786
they:0.005586345056932597
one:0.0058880892681175
paranoia:0.034324709810465405
in:0.004255801242981808
government:0.01611745472225328
additional:0.02559734071113734
or:0.016151172639594858
and:0.002286212062819101
subject:0.00015986201731747483
half:0.022644571758042013
person:0.016797571491460186
any:0.00612746866041202
information:0.01460372026636985
adl:0.20501102182536055
will:0.013572519100638137
the:0.005867538401112388
do:0.004301304903631717
interest:0.021872964051903507
can:0.0051770418708845115
americans:0.025643226176679676
forum:0.06116050244462919
mohammed:0.03765121162294383
an:0.010753271120499841
people:0.009013611617204296
including:0.01904172279359419
interested:0.0172280012899097
is:0.001608818125093796
humanity:0.02993361267103259
readers:0.027244284896985275
either:0.014991393455768613
does:0.02188902061684177
lot:0.014841637055481383
2:0.011667123066439574
unless:0.018431505543356236
1:0.011727687975597059
nice:0.01892059554942969
article:0.004852292696506593
already:0.017399918091600908
answer:0.018181263725322496
seem:0.016525224879615198
elsewhere:0.028366197177367977
millions:0.028513149925368686
dangerous:0.07553435448839438
