read:0.008786833573247759
at:0.0034145930715288025
out:0.004566577903412635
there:0.0035572828898339046
region:0.03720678515970377
posting:0.012787552546342017
all:0.0036979373280863997
your:0.00488345822550877
cut:0.014189982541877524
with:0.009067091113016238
turkey:0.03794062412513848
into:0.013882200798313073
response:0.013610847103206751
from:0.009843863423606693
themselves:0.012544380683421773
both:0.00870427938879162
my:0.0036830010129081446
to:0.005341857209654383
lived:0.017426328960478934
might:0.008244516030536612
perhaps:0.011195587355193973
azeris:0.04852388731833274
that:0.010756732571611683
nt:0.0027677463245055754
could:0.005849260291961463
me:0.004199956125599011
homeland:0.022217932319177215
re:0.0014493817937138392
ongoing:0.02339704617345238
so:0.007921012382828838
invasion:0.020797533286987697
had:0.00594731971194626
off:0.008463013364171901
drag:0.02022530073347582
on:0.0019651504854236042
stalin:0.024599197058350977
you:0.002154259648871015
crisis:0.02203185007426884
why:0.006898149535480645
more:0.009855961440470743
a:0.0010825613378654226
air:0.014938523200120811
vote:0.017654392914056193
want:0.007335651037644115
was:0.006864039799235547
given:0.010805378136361555
also:0.00574998888247894
shell:0.01867914682819673
success:0.01737134975508375
are:0.012459522899248556
no:0.004363355566598876
soldiers:0.01815521357870738
fighting:0.01767401811543816
it:0.009302279101472107
not:0.007010581495069359
ones:0.013149728606111846
3000:0.02034100989297071
mercy:0.023066977148877545
have:0.003963183047656224
shooting:0.018480335609640332
azeri:0.07019113852035713
only:0.005168745109570878
whether:0.011075420871634978
stay:0.015305029334326287
against:0.010012716248673824
hope:0.011195587355193973
after:0.007477572432809889
has:0.004127032844521515
free:0.011191890674902076
be:0.0022420978958816716
writes:0.00512606504664777
get:0.00509447277244621
down:0.01832841532521828
of:0.004521874082924155
defending:0.020625239633612374
aircraft:0.021796870919941574
karabakh:0.04852388731833274
but:0.0025786171405054663
years:0.008642540399148812
armenians:0.018408334115171593
armenian:0.03649071291062613
never:0.008542400119619613
island:0.01989755891941356
again:0.009464609062434178
seems:0.009133670889073946
russian:0.01804540541348945
shelling:0.02415574608479383
they:0.0036159675368517196
who:0.005011832845867629
now:0.006402768984024202
over:0.007774964157051774
in:0.006198129135854319
u.s:0.013673420158909683
yes:0.010336611901177864
or:0.0026136103011747494
better:0.00866750337713722
repeat:0.01822262343417974
and:0.004439504819660347
for:0.006305210521551821
subject:0.00010347657710084611
space:0.011850824641523656
governments:0.018110916308073183
i:0.0022197524098301735
aggression:0.04919839411670195
person:0.01087284666307694
armenia:0.09001169324137998
directly:0.014079458625954961
will:0.004392656375594125
shoot:0.018067119582282746
the:0.006135198918515548
constant:0.019225963100521944
do:0.002784177980257739
azerbaijan:0.021912580079436462
henrik:0.02426194365916637
towns:0.04770713913493873
because:0.006840008910443852
country:0.013064938403178806
did:0.00637174823039909
greece:0.021796870919941574
regards:0.016005300763611098
planes:0.02131509682429205
conflict:0.03662873325662231
last:0.01690048489968603
intervention:0.02174028642606114
long:0.009226012577940252
cyprus:0.04770713913493873
people:0.005834392015787277
about:0.0038178921717902
turkish:0.034387043651634995
reality:0.016242679156016987
is:0.006248200625364277
deal:0.012776414696746159
discussion:0.013325085056163533
involved:0.027913776256324557
occur:0.017634866580606746
right:0.007518889898412014
their:0.005866990769696566
ignorant:0.01937563300799396
turks:0.017917614641250804
supposed:0.014142228726420002
organized:0.018835247212452312
article:0.006281650235012411
greek:0.018480335609640332
repeatedly:0.02034100989297071
by:0.003838897189213822
says:0.009926460249719255
wish:0.028961841199835494
s:0.002404791786263637
