report:0.021814530019969858
at:0.0050630173129565005
out:0.006771132753335976
infinite:0.02971420441413291
know:0.007091236354358057
help:0.012299383448516074
static:0.03285037941078127
tried:0.017803816396762477
take:0.024433898049835673
your:0.007240989782650934
cut:0.04208063788280921
c:0.029725260866999538
o:0.020120568872413112
wrote:0.014802155026970467
to:0.003960342414054112
receive:0.024611602135089113
q:0.02439470369840608
then:0.0091717261481368
t:0.014806166982761161
make:0.010115405076722435
she:0.019052543016657944
months:0.019516060574596667
me:0.006227521151750257
this:0.015085702252052269
child:0.04557890368668269
two:0.021434361294865648
unix:0.022773375954714556
on:0.00291384382321431
you:0.003194247065567367
machine:0.018694249162783602
great:0.043469839460908224
8:0.1018100442197885
terrorists:0.02971420441413291
a:0.005618120046508486
how:0.01511911491067959
same:0.011161456037520761
false:0.024063842481041264
as:0.009196714485253086
old:0.030435782555658895
let:0.013247918061797844
arms:0.023293909377148158
soldiers:0.0538395988885805
native:0.030397836269658002
works:0.01709842525029161
it:0.009852167521263562
not:0.010395000147861464
zero:0.026629966952181675
couple:0.018137883877324817
have:0.005876443829283366
try:0.014002239496226395
terrible:0.029103315571318986
mother:0.024480483297352494
his:0.021200333810405248
loop:0.029503277018440795
writes:0.007600717138132901
kill:0.042467035708084896
soon:0.020672377224364772
if:0.015405756776170327
of:0.0033524238890644594
even:0.009650341653827733
describes:0.02872938687392208
year:0.014222762736837079
never:0.025332634837492648
please:0.01100813423508767
up:0.007721036611220602
one:0.01695363634095901
in:0.0010211477120373015
5:0.029872102148479112
or:0.0038753532051901455
world:0.014489946486969408
and:0.002194238014314884
subject:0.00015343078673573735
i:0.001097119007157442
employer:0.02597753116886566
possible:0.029620363482351517
face:0.020627997649112412
ago:0.016443481180256576
any:0.005880961300510386
program:0.06383065361802472
the:0.0012995741551535397
do:0.004128263901761475
relations:0.02769666598663653
prompt:0.0334353374240568
would:0.005360055437381471
may:0.01069554900827489
cc:0.03249106701433682
here:0.02069426328302754
many:0.02130116123652981
hit:0.020573000804192006
is:0.003088191113685792
save:0.020819024324260308
type:0.01862363511684883
does:0.021008427833405608
define:0.07370268790965406
wanted:0.017500919480150014
israeli:0.04800774384377702
almost:0.017367775461290622
percent:0.027190302380255688
e-mail:0.01580284929110498
passed:0.02483700853252176
opinions:0.016411552617931275
comes:0.017380323777273055
void:0.06321028713410747
four:0.0201611847759941
compile:0.02998923901860208
main:0.02137021271049901
include:0.038638198543041395
s:0.003565725752046082
