some:0.0051660923678467
report:0.01679525762599449
typical:0.019728342211203294
there:0.0040609689627307405
know:0.0054596244498154945
posting:0.014598179455558587
all:0.004221539073656156
river:0.024164043220562616
where:0.008174587602804255
leader:0.02072586328896683
way:0.007665366458170546
damage:0.019687932991896775
much:0.007730959599822705
cambridge:0.020675293838419827
former:0.017658840366135214
into:0.015847822150286604
times:0.012435735139349676
shai:0.05643685397983457
from:0.007491789862213943
corp:0.020478604623504634
to:0.004878581097666658
lebanese:0.05164395767512002
ap:0.025015246285374368
h:0.01563354922254211
software:0.012459229595049807
engineer:0.019728342211203294
been:0.012984428205499462
make:0.007787966740485415
that:0.01074483353115636
re:0.001654603994593675
prince:0.024219701548911555
so:0.00904257165827363
authorities:0.02060050706495698
had:0.006789418078239536
this:0.004645862286472734
egypt:0.02444961189816249
slave:0.024219701548911555
stealth:0.023497791634370695
hasan:0.11232907683282393
on:0.004486803763179557
you:0.004918575127510813
brain:0.0195105238892336
used:0.00873656419618082
went:0.01443566931520391
state:0.01175979374752485
support:0.012119275705900469
os:0.02101482390139058
sea:0.06699968836625166
more:0.005625747901861619
sure:0.00965506203610267
a:0.0012358443591561018
hard:0.011965634524670395
red:0.04795511887091882
said:0.029090772061903965
casualties:0.028218426989917285
evidence:0.028475292340823688
course:0.010823680530531057
display:0.01631027175635167
no:0.004981175823816415
caused:0.017620859199359146
imagination:0.025082801471793786
action:0.016291562304539632
it:0.003034118847256389
not:0.002667743400778606
have:0.009048683418542529
being:0.008609751902323664
machines:0.017459940419842
facts:0.017920738027154375
doing:0.011861517279492546
attempt:0.017064815916976082
ancient:0.040580575491090724
suffered:0.023357310668376978
writing:0.017709994447555902
his:0.016322380898276607
lebanon:0.048218152635828265
environment:0.01857368807468051
thinking:0.01541383422056927
writes:0.0058518795665271
were:0.006864173882620793
if:0.002965267344085882
of:0.006882852586397828
never:0.009751943499388762
mcrcim.mcgill.edu:0.027121806795649225
fact:0.010611801454109908
brave:0.026333097807125692
they:0.004127962940299751
thousands:0.01893176989025814
difficult:0.01649207202229203
in:0.004717160227287358
southern:0.022369949821853925
israel:0.08408114090350999
or:0.002983679016385333
use:0.00735743153870508
subject:0.00011812812784078892
cause:0.013953544837796754
i:0.0033787381813344237
any:0.00905563952467971
alan:0.03894409461946229
water:0.07256809229577965
revealed:0.022519956687675525
will:0.005014625419926037
unfortunately:0.016291562304539632
source:0.013802070626990374
normal:0.01669187024123249
the:0.004335747402591897
do:0.003178397871267684
denied:0.047187972531010466
waters:0.05403036092245721
would:0.008253536691189169
can:0.003825513240874838
claim:0.014447960375221178
return:0.016329060654057207
mr:0.01494228176231599
imagine:0.017423621922417976
moses:0.026911063216050753
guday:0.057940385278908886
just:0.0051964095728579025
jordan:0.024333163631271457
finally:0.016090816264584536
head:0.015278140422370278
press:0.015873231684812684
is:0.0035664507994335915
stein:0.05197175653954788
today:0.012562505600877667
think.com:0.02680933968408306
heavy:0.019831009897396494
estimated:0.024692126218936804
their:0.020093145379403283
run:0.011844400125607942
guess:0.013257333021839174
successful:0.021209045996776532
article:0.007171087436430097
opinions:0.012635443166017885
side:0.014249398577748642
by:0.004382457853173301
while:0.00960328542424125
bothered:0.024630240192499903
s:0.002745293278123975
news:0.013579099629041675
