at:0.014931610380583576
correct:0.05546131254544828
send:0.049717747811461405
syria:0.09801114223685786
to:0.0023359307798149673
proud:0.08568828236845741
enough:0.04122285638876943
mail:0.05193755092942129
that:0.011759478828287349
me:0.018365909837365163
re:0.006337974623358823
so:0.01731882368449017
racism:0.28375019621083314
student:0.06818673681641817
you:0.009420321854385115
a:0.0023669561455023644
want:0.03207793165613867
was:0.03001563166445375
copy:0.057908677034971906
zionism:0.31044563309683043
daily:0.07556958202935499
writes:0.011207837135890887
were:0.052586552456688106
if:0.011358481690905241
expansion:0.07835160300750352
saying:0.051128053880753206
print:0.07451462764160548
they:0.03162439405110996
author:0.06854250420441536
in:0.003011520371093059
un:0.08860982857084362
and:0.006471142618487964
subject:0.0004524907947799711
the:0.006387737372788584
wrong:0.04480376367508238
an:0.015218612517995538
thought:0.04550146449477479
newspaper:0.08356687316584713
is:0.009107546674259793
mcgill:0.2232204699830356
time:0.02677135542209684
first:0.031822963210017645
article:0.013734455598586458
s:0.010515869167051158
