some:0.00858482996421584
out:0.008663066905003382
correct:0.024060422354275357
il:0.037813382623004536
final:0.028357708803210258
all:0.007015204637105082
where:0.013584241163483541
clintons:0.16423246609682346
from:0.006224795988457174
both:0.016512530016972338
to:0.0030401452060827153
city:0.027057247047694057
w:0.045505012573961084
that:0.005101538609330541
re:0.0027495625204277245
avoid:0.028431981567816907
parties:0.035987797883403415
he:0.011692155937648788
these:0.024362293722043273
on:0.0037280060679359553
you:0.004086757275064131
concerned:0.029602862077631097
jerusalem:0.07659369726899114
a:0.0020536825380094046
other:0.01014197049876405
nor:0.025401022036583846
was:0.026042974532393695
as:0.011766384709073801
rear:0.03483202153397391
politicians:0.04103250386382145
definitely:0.03129302753029988
stating:0.08012722423306756
course:0.017986410293382493
sci:0.04202916189320545
no:0.008277542177812573
it:0.005041991613823117
not:0.004433161827764448
should:0.024159002091668817
made:0.017099849646455893
whether:0.04202144977767389
university:0.017281912511754805
expect:0.02541339031734109
real:0.01880583716175182
decided:0.027438478404546725
open:0.024301180726127667
israels:0.055444965511227844
status:0.03235796097058264
his:0.013561978246362181
be:0.008506783193198107
writes:0.004862223463364429
recognize:0.03292003226102339
dept:0.030171378605454404
making:0.02260740581523826
of:0.004289130563950118
keeping:0.030736322958713876
trying:0.039651885633358766
even:0.012346760645338423
dr:0.028815033861077213
seems:0.017327110951331458
find:0.015562108365245516
david:0.018356214995180104
president:0.055374384693705855
in:0.003919405188849055
door:0.031102737471565903
israel:0.02794461447675479
or:0.004958172483110921
better:0.01644276375956914
and:0.0028073339300793373
still:0.015012566781099612
subject:0.0001963011536177816
i:0.005614667860158675
gregory:0.039288902442579175
any:0.007524171075652995
information:0.017932509444733565
decide:0.03010078982803514
the:0.002771150772018577
see:0.013010189422141001
when:0.00961525325620394
views:0.08934014987066667
thank:0.026694811079187607
can:0.006357102885571422
conflict:0.034743430809590276
statements:0.061992342482799945
about:0.014485532063556935
newspaper:0.036253275858713095
is:0.0019755340212548817
clinton:0.026949678591694358
discussion:0.025278470180074935
participating:0.04455081447502038
illinois:0.03543544030643203
matter:0.022212522146327518
article:0.011916660004655896
obtaining:0.0434652556602699
by:0.021847841356261017
upon:0.02550055575509512
while:0.015958400778518546
s:0.004562031476882488
