out:0.01080896421174734
help:0.019633878165521073
literature:0.043404702882243025
funny:0.0412914325739103
ca:0.01886741831277359
from:0.00776671793055207
cpr:0.09804203178331686
to:0.0025288057983318
ten:0.0738713622487675
day:0.023333055373971304
omitted:0.055380164337162516
provide:0.030981244754893705
indeed:0.033837085399124917
like:0.010684762050538288
could:0.013845038122257408
me:0.009941180554170136
re:0.003430646814478629
310:0.051326652848363984
this:0.004816352645609349
these:0.03039699033209069
you:0.010198146594655448
why:0.016327730093156023
answers:0.038445974516076904
passing:0.04483737013687865
a:0.0012811964457306378
other:0.01265420172322854
steve:0.029423429787471436
following:0.025112974982016163
also:0.013610065428252903
science:0.031024148863920326
computer:0.02459360463454418
are:0.011796539111949092
it:0.0031454626581648806
should:0.015071671029664951
couple:0.02895405316196806
ve:0.01674434586263701
davidsson:0.055380164337162516
heard:0.02479492990293463
be:0.005306984010435517
asked:0.03093854035539845
writes:0.0060666274405280956
were:0.014232140343782562
if:0.006148168988655132
of:0.0017838585831719143
cheers:0.03994644657214997
department:0.03181720718066914
but:0.01220703160092496
again:0.04480493831390859
they:0.008558895637685722
who:0.011862870405815122
policy:0.07039903198017065
email:0.02517338219236643
in:0.0016300890082063348
accurate:0.04103176490269147
israel:0.1046000248304216
and:0.003502728573309999
for:0.0059697039066435595
subject:0.000489852420037033
steven:0.16464272028803748
i:0.003502728573309999
mention:0.034630044167678196
any:0.009387956571456949
angeles:0.043460136959820664
research:0.05664828404654638
the:0.0013830330458514735
around:0.021717380120675558
would:0.00855641877159978
specific:0.033625287050187455
just:0.010774207004274184
people:0.01380984532177172
about:0.01807369138205269
time:0.028981834310159885
questions:0.1664684222336979
center:0.05993818043069374
elias:0.1048801104124026
live:0.02840998416465742
by:0.018173127978296625
los:0.04183391443837656
igc.apc.org:0.0486220699105599
