above:0.010978451734389294
some:0.004707809980376428
since:0.016135658253255494
there:0.003700721716036885
all:0.007694095408437832
knows:0.014088554077182399
involvement:0.04489059906052401
watch:0.015500660647477215
your:0.02032148745453649
with:0.002358174906409465
turkey:0.03947048800115213
into:0.014441966959535374
such:0.007754101626886284
times:0.01133256508666543
my:0.0038315091182673437
to:0.004445803742228486
justified:0.020419261731489932
everyone:0.012328680473843159
look:0.009561162597886736
t:0.010388197802421137
azeris:0.05048049567794293
been:0.011832583767914831
that:0.004196426920578348
nt:0.0086380469966424
could:0.006085117561798618
me:0.0043693091951796156
anything:0.009359843348062112
brought:0.015622551784418013
re:0.001507824607976494
started:0.013222761596729457
so:0.004120204021713388
had:0.018561392971961313
supposedly:0.018706023046146117
this:0.004233729341704992
on:0.0020443904243519755
you:0.008964499829172932
serious:0.014504006600965605
am:0.02636026381776396
etc:0.009364209626847723
seeing:0.0161624583284614
letters:0.01891051938719054
why:0.007176300726427445
more:0.005126689620244862
sure:0.008798564597416143
a:0.0011262130047148347
how:0.005303883053343243
vote:0.018366263596074586
want:0.00763144341819428
as:0.0032262667750686228
said:0.008836713018804163
let:0.009294910253035584
waste:0.017252338690315883
da:0.07199129158560975
also:0.005981843272901477
logic:0.0167449231782136
course:0.009863515322177496
based:0.012181060531857026
mind:0.012216354044395713
are:0.005184769206461496
no:0.004539297323316572
works:0.011996475780446533
reason:0.010775048080679547
it:0.006912407857660725
not:0.01701762120980546
have:0.012368966447120633
due:0.013367510019751946
follow:0.015229807711360021
peace:0.015530789739568753
after:0.0077790874502619
free:0.011643176589212644
writes:0.005332761217883567
get:0.015899685184973252
down:0.009533732165133701
if:0.002702219434529876
of:0.002352103857650064
trying:0.010872291222049984
sit:0.01877304272854951
opinion:0.026687996488610397
reasons:0.029326810288678267
what:0.0037114600927283517
armenians:0.03830121130414734
never:0.017773703474692423
york:0.015174061320263882
fire:0.014504006600965605
well:0.006785757702231229
they:0.003761772679466708
up:0.005417178912711229
now:0.006660945152734856
chance:0.014496199709728241
repeated:0.020885731082294218
in:0.004298702465189285
government:0.010853286042807652
resources:0.01779739828051045
yes:0.010753410768160842
or:0.002718997813318892
and:0.0038487642589797363
for:0.0026237811525167258
subject:0.00010764901972588023
however:0.009665721387890779
i:0.0076975285179594725
aggression:0.02559110016554255
taught:0.01951271813135312
armenia:0.03745647880044522
valid:0.017314614183975053
any:0.01237847499542912
shoot:0.018795632468665113
the:0.0024314613225453322
do:0.00868932966419149
thing:0.009128759819052245
henrik:0.025240247838971466
would:0.003760684056872484
can:0.00697230639062672
convince:0.03810569830729256
agree:0.012163528947437253
did:0.013257347124540042
planes:0.022174576534948986
cyprus:0.07444622115008584
turkish:0.035773617992426725
is:0.0086668589319569
capital:0.02059234658921991
discussion:0.02772477374588864
guys:0.015664014957626014
new:0.006951611148723979
right:0.01564414188540564
heavy:0.018071807406498417
time:0.006368991814127877
turks:0.03728019820518313
words:0.013338141659303929
position:0.0138824312790815
article:0.006534942583198395
give:0.009529178513532285
past:0.026641245539543255
publishing:0.02324823773635207
by:0.00798738286142876
says:0.010326720743659548
wish:0.030129657377248212
s:0.007505277591000221
