since:0.01667351352836401
at:0.007341375103786925
true:0.021527339934648723
cpr:0.0445274227682564
to:0.0022969986001513845
lock:0.042130072164491564
ten:0.03354991035464858
been:0.012227003226845327
that:0.00578174375724128
weapons:0.06665926642482789
nuclear:0.08133759620435209
provide:0.028141297319028445
finds:0.0438177743654205
could:0.012575909627717145
re:0.0031161708564847544
lost:0.029204219369315415
so:0.017030176623082
national:0.027118116041562612
this:0.004374853653095158
on:0.008450147087321499
you:0.004631658245072682
score:0.04021517138088424
them:0.024430986192204015
3:0.039024432410626995
jerusalem:0.04340309511909498
a:0.0023275068764106585
anymore:0.03692878625554994
quick:0.03382729350159413
factory:0.04638695236254148
danny:0.04571992979859534
evidence:0.026814233620942308
far:0.020744817267678347
team:0.026693538072454143
are:0.005357594846676879
no:0.009381214468187581
soldiers:0.03903370919422087
it:0.002857128581166433
not:0.005024250071466374
have:0.0042604217762304405
follow:0.03147493593681071
restricted:0.047112047170788394
cs.brown.edu:0.04776855448623101
has:0.017746241231442517
be:0.004820510476145594
which:0.010765769437645982
writes:0.005510519925146353
if:0.011169173662723488
deer:0.0528882736754546
of:0.004861014639143467
even:0.013992995398050214
key:0.053430706187276265
reveal:0.04686327247787438
killing:0.03372535543129718
fact:0.019985559405240327
they:0.007774330204231197
policy:0.03197289369099417
one:0.008194257564796853
in:0.0014806641824540872
chief:0.041527399984661345
israel:0.06334112614731086
yes:0.022223715587532406
use:0.02771299212912247
weeks:0.03033804071110925
and:0.003181645120756582
for:0.0027112405242672834
subject:0.00022247464076681915
table:0.03774912019566038
however:0.019975824201640943
league:0.0324154755686104
any:0.00852739388574006
allow:0.02921895559478827
research:0.02572776233780648
will:0.00944421120752737
locked:0.047112047170788394
the:0.0075375300998905305
importance:0.04127292728582733
can:0.007204716603647611
during:0.024403079248353922
about:0.008208468169348929
is:0.0022389385574221993
time:0.013162583082530946
questions:0.02520146947704593
center:0.027221923612273404
does:0.01015407345281271
sabbath:0.051285174570059135
2:0.01623674626746174
their:0.012614030154847616
1:0.016321032432705905
israeli:0.03480561428673834
strategic:0.04976582826344285
by:0.008253628956809717
igc.apc.org:0.04416504683542524
