materials:0.02376354493490806
school:0.016529656708164114
go:0.008842873871791487
at:0.004004386420247414
cable:0.01962567028813295
all:0.008673343914966283
50:0.015687196768765593
story:0.016341170581875473
saw:0.015442639014252066
where:0.008397530901062553
access:0.015238076672811478
camera:0.02358700023801595
hand:0.014351088433875787
with:0.002658306258134306
4:0.011292134109903085
mechanics:0.02686943077180321
mechanical:0.0240419250496386
my:0.004319155733319551
to:0.003132270818388252
look:0.010778037837617774
most:0.008439070290759262
palestinian:0.023501234400268755
make:0.008000365833407744
that:0.006307356826081396
broadcast:0.023095120307833075
think:0.006544309216038887
hour:0.021162339075819447
13:0.017898811611211193
arabs:0.021615927578584767
like:0.005293813925039423
really:0.01773996130173569
nt:0.0032458115987383566
this:0.007158851432337531
age:0.01873994829960737
he:0.014455756432002137
big:0.012617184335761623
on:0.011522927846347498
children:0.015238076672811478
regular:0.018395648417071187
them:0.0066629962342374584
education:0.019662034118437838
state:0.012080515395184618
apparently:0.01722118661932574
a:0.004443422218602166
how:0.005978922714677837
member:0.018140445103393448
want:0.00860271803505537
was:0.02817376335777136
as:0.007273765092881986
woman:0.01990576635225192
part:0.011132827783696713
local:0.013892652054163419
let:0.010477898830694658
died:0.01843728645979239
science:0.015371055573487795
it:0.004675301314635981
have:0.0046477328467968435
made:0.010570816145081824
term:0.01771672633597481
only:0.006061528355769484
kind:0.012525121349832089
peace:0.017507435706422957
per:0.01607647779805917
against:0.011742185418899303
bank:0.0216440728978935
terrible:0.023018076860952287
murdering:0.02724069454914079
west:0.01853595136243722
quality:0.01747347200261068
war:0.01607647779805917
channel:0.0440535284432447
call:0.012077073172721397
heard:0.012284760724635793
anybody:0.013816341567784976
be:0.0026293693506248693
sic:0.02686943077180321
claims:0.0170742076164033
comm:0.02858069245923463
get:0.005974427160414192
end:0.01229197001170686
whatever:0.015022548085242558
of:0.0070705667478450415
even:0.007632542944391025
youth:0.025766877875569978
seen:0.011783931321010695
but:0.006048029293185548
years:0.010135342831729061
they:0.008481087495524942
who:0.00587751306469931
now:0.0075087018085374735
one:0.004469595035343738
in:0.0024229050258339608
use:0.007558088762487945
and:0.003470885586279908
for:0.007394292338910773
subject:0.00012134980405462862
half:0.017189288561786434
cause:0.028668192121291514
jews:0.050381346908227986
i:0.004338606982849885
held:0.018479309451356257
any:0.004651305755858215
community:0.018493403895348294
the:0.006509685086269094
do:0.00653016289914997
would:0.004239316573201709
can:0.003929845420171424
named:0.021187803873767945
conflict:0.021477757227746717
wants:0.016002432557244314
an:0.008162710350561243
address:0.014512824336061866
many:0.01684728206889176
about:0.004477346274190325
middle:0.03651909359218711
film:0.02358700023801595
17:0.017874107993093205
garbage:0.024237458618200827
is:0.002442478426278763
east:0.03701508435810016
spent:0.019735646327165027
documentary:0.0857420773777039
lot:0.011266151764842684
told:0.014091908030586953
engineering:0.017576134060104994
him:0.010893251378924126
committee:0.021875738550584535
prison:0.025056213919248643
admittedly:0.026363859703120374
shown:0.01876985271368938
jewish:0.0521523707457927
bad:0.012457277485210836
before:0.009664519396466564
high:0.012715108298370551
