simply:0.021847452427738494
racist:0.03956453792369188
at:0.006292607231817364
correct:0.023372981715581775
know:0.008813393754702156
send:0.02095247943483016
where:0.013196119987384012
nationalism:0.0470357418892825
continue:0.027915758620724606
such:0.013735837167627132
syria:0.04130469565696153
to:0.002953283914480352
clock:0.03064386298285297
proud:0.03611149042670705
enough:0.017372489478124257
mail:0.021887967891684686
that:0.007433670545024503
its:0.014770175400244072
me:0.007739919145746748
re:0.005342007182545293
so:0.014597294248356001
islam:0.033457465023617884
this:0.0037498745597958497
racism:0.15944058644227765
student:0.028735839086919082
on:0.003621491608852071
you:0.003969992781490871
orion.oac.uci.edu:0.038491093616196605
philosophy:0.034959575086734744
a:0.0019950058940662787
want:0.013518556912229867
was:0.012649444772876937
as:0.0057151011444072745
steve:0.02290824176310276
copy:0.02440437103616673
morality:0.03086885346184847
zionism:0.13083065966223567
daily:0.03184718099808532
based:0.021577878656432445
anywhere:0.030188066463246153
are:0.004592224154294468
culture:0.033793661529746354
race:0.031220212348925414
it:0.009795869421142056
rights:0.02480856728352004
treatment:0.031130739064502703
be:0.004131866122410509
judgement:0.035877277406542826
writes:0.009446605585965176
were:0.0221614756781757
if:0.00957357742519156
of:0.0027777226509391236
expansion:0.03301960412459077
but:0.004752023016074359
saying:0.02154682270688885
equal:0.03184718099808532
print:0.031402593077533736
minorities:0.03966172115266173
separate:0.03016213954859916
well:0.01202048507252389
they:0.013327423207253481
author:0.02888576962900362
tim:0.029127923569544203
in:0.0038074221834533675
government:0.01922582099011641
un:0.03734271346914124
according:0.024568044318472985
or:0.004816510412164895
and:0.006817810973049818
for:0.004647840898743914
known:0.023263776769045414
subject:0.0001906925492287021
exercise:0.03565050099001011
until:0.020436898038318885
i:0.0013635621946099638
any:0.007309194759205766
will:0.008095038177880603
the:0.003230370042810227
wrong:0.01888158612021329
see:0.012638469724365543
an:0.006413558132583833
thought:0.019175617179940804
people:0.010751951000522267
religion:0.02536808044973366
different:0.018051549271508913
newspaper:0.03521746797703557
is:0.013433631344533195
mcgill:0.094071483778565
time:0.022564428141481623
paper:0.027547488551689963
first:0.013411105924221721
bias:0.03824617166277781
tclock:0.03996146543194053
article:0.011576184004522871
jewish:0.027317908485891416
selective:0.04118259256153795
built:0.026374983100533954
s:0.00443168772040013
