there:0.007170148324821464
entirely:0.032469726923290726
river:0.21332319405652933
case:0.01930946177583403
ncsu.edu:0.04618183413903677
hand:0.02466593324572401
hernlem:0.19833102628295476
cambridge:0.03650481568346001
into:0.027981310984099787
shai:0.09964632030814541
buffer:0.041404731408211166
from:0.006613845737735747
corp:0.03615753628837537
to:0.002153436187641923
changes:0.031858666404188975
within:0.02528476731502201
territory:0.040921329816663604
lebanese:0.04559193138506689
software:0.021998327253759817
might:0.01661785262405036
engineer:0.034832854216655815
been:0.011462815525167494
that:0.0054203847724137
think:0.011248031465066838
indeed:0.028814393035192308
through:0.01851143198456896
its:0.016154879344016954
re:0.005842820355908915
so:0.007982895292069688
brad:0.07469539639834478
this:0.004101425299776711
stealth:0.04148828835443576
hasan:0.04958275657073869
on:0.007922012894363905
brain:0.03444826874192807
am:0.012768252786729418
os:0.03710429845089274
chess.ncsu.edu:0.09780596037601443
a:0.0010910188483174961
other:0.010775843654936803
contrary:0.036115192011271155
mistaken:0.04209963364271504
no:0.017589777127851716
not:0.02355117220999863
machines:0.030827707303783532
stay:0.030849199752001424
west:0.031858666404188975
has:0.00831855057723868
thinking:0.02721505104569262
writes:0.005166112429824706
if:0.005235550154401635
of:0.0015190670747323332
flow:0.0806401433655752
what:0.014381907859322363
but:0.00519752517383133
sense:0.025674390987210863
zone:0.03812699822079004
direction:0.03451679988312211
in:0.006940613355253534
our:0.017420120492034324
and:0.004474188451063944
subject:0.00020856997571889294
i:0.0029827923007092957
any:0.007994431767881307
water:0.03203200948993399
the:0.007066434468647372
waters:0.04769867800185675
increase:0.03284957604052568
guday:0.1023009927580735
jordan:0.12888972610939098
makes:0.02182013970509355
btw:0.029310863440963553
about:0.0076954389087646215
south:0.03376280847389677
is:0.0020990048975833117
write:0.02542323378896495
think.com:0.047335240379709154
does:0.028558331586035747
run:0.020912768971776522
article:0.006330725627473445
opinions:0.02230945434000033
says:0.020008021440840375
poster:0.035584635717394515
