mark:0.047676570861780794
committed:0.07034054524866655
your:0.01999892416160734
except:0.051180339984187515
to:0.0065628531432896705
arab:0.07091780944185504
been:0.02328952995589586
that:0.016519267877832228
cleveland.freenet.edu:0.06797490113500802
bit:0.04325530473104285
nt:0.011334580186070451
racism:0.08857810357904314
on:0.00804775913078238
you:0.02646661854327247
why:0.028249564764349307
more:0.020181254378106757
care:0.050254237163077725
not:0.009570000136126426
have:0.01623017819516358
treatment:0.06917942014333933
ira:0.08835609973817425
davidsson:0.09581647480556688
which:0.02050622750027806
of:0.006172717002086941
but:0.010560051146831909
least:0.03821686321756321
in:0.005640625456967951
israel:0.06032488204505796
for:0.0051642676652710155
subject:0.0004237612205082269
purpose:0.05969653162134264
jews:0.05864495407306962
kaufman:0.09546760327034821
any:0.01624265502045726
the:0.0023928666983779458
do:0.022803743457349097
interest:0.057980714232823576
claim:0.051829191187301366
may:0.02954008773714017
fight:0.06761276339268783
mr:0.053602471083863706
an:0.028504702811483703
about:0.01563517746542653
dear:0.07628806031916513
is:0.008529289742560758
center:0.05185128307099696
by:0.01572119801297089
seem:0.08760992237764247
nations:0.07509702562165856
