report:0.027307397291185292
at:0.012675755574883901
defense:0.028231701785956017
with:0.004207391199924801
work:0.014568866647412257
both:0.016156144477037684
to:0.003966040748462823
line:0.020315134883496323
arab:0.03214260427940193
moderate:0.0425271566172425
been:0.010555686239003161
that:0.004991433459488875
arabs:0.03421225947689675
believed:0.03144481819316229
attention:0.030537254989371643
off:0.015708326963714752
bomb:0.11461512754031174
suicide:0.07439239666272125
two:0.0402472539421578
set:0.019060536576445478
went:0.02347094435421643
a:0.00401871690891049
other:0.019846158098300877
was:0.006370223986340904
worked:0.02765585496816079
said:0.015766221788945555
danny:0.03947044299159311
officials:0.034862504523431065
injured:0.04004628980938833
forces:0.03169079923451682
territories:0.039288300488109
soldiers:0.10109449863251448
gas:0.028547983249417284
have:0.0036780619650910278
between:0.016711265079470544
bank:0.06851361205088591
stated:0.027928741459696114
west:0.05867495395303869
attack:0.02840789617450491
cs.brown.edu:0.04123903984422821
suffered:0.0379766346118935
be:0.00416159177796742
explosion:0.08750935664499958
wounded:0.08295774041173114
of:0.0013988531335664652
who:0.027907615990658597
up:0.009665182520520753
one:0.014148358385260755
in:0.008947898656557074
according:0.024744792838749773
israel:0.08202447990299248
nearby:0.03828281888828772
and:0.00412011598371356
subject:0.0001920644380720741
car:0.06601388503345446
flames:0.03217598830498827
the:0.0075917569351415404
settlement:0.044643987358234875
radio:0.0774248279302374
reports:0.05689528696673601
may:0.013388672859279359
injuries:0.038852152129717384
an:0.012919397677147292
bar:0.0362523694804876
is:0.0019328965963357116
today:0.04085073763738638
hospital:0.03574030992316461
man:0.04169855163734099
friday:0.03585099279251339
light:0.025123846660476932
1993:0.021796084913741996
civilian:0.0379766346118935
16:0.025086278718166488
blast:0.1244366106175967
eight:0.1057868628757927
palestinians:0.03790208218717734
killed:0.10511611501202549
april:0.024475927063943255
