likes:0.0364774035235896
read:0.015634503875158082
believe:0.01498394400227821
at:0.0060756207755478
insight:0.03942045529293753
final:0.026597575153355826
know:0.008509483625229668
all:0.006579778142388215
supports:0.02980441023902611
with:0.008066584507442033
from:0.005838429340897762
to:0.004752410896864934
interrupt:0.040502127510130416
us:0.014206044042655144
that:0.009569782770606257
cubs:0.038107670958515326
nt:0.0049246796670513
re:0.002578900019159797
so:0.0070469696371373795
anyone:0.011537343100975112
this:0.007241137080985089
parties:0.033754072497537
he:0.03289930774179797
big:0.019143314164603843
recently:0.02282283837646682
on:0.003496612587857172
etc:0.01601602749971197
state:0.018329057840969765
winning:0.0323037593331483
bill:0.021348371556494602
jerusalem:0.17959901428591024
magazine:0.02912206577106126
a:0.002889318881061507
want:0.02610479955465078
as:0.005518028691151851
interview:0.036927338157164785
said:0.015113826404575394
baseball:0.025843281655784884
immediately:0.02912206577106126
nyx.cs.du.edu:0.0324237023863336
it:0.002364520205103255
not:0.004158000059144585
christopher:0.033373476528107404
peace:0.02656300589940035
between:0.01601976445549245
stated:0.053546138798589785
after:0.013304921983896215
status:0.06069907161378261
be:0.003989387980258423
writes:0.00456043028287974
recognize:0.030876719913787456
if:0.009243454065702197
of:0.006704847778128919
freedom:0.02750364469185245
but:0.004588160153451105
secretary:0.03522001347673474
talks:0.06602558065065826
now:0.011392513088815477
over:0.013834074155305916
one:0.0067814545363836035
president:0.025968676959806886
in:0.0024507545088895237
according:0.023720870376456676
israel:0.026210121164404493
moving:0.029248148838905738
subject:0.0001841169440828848
however:0.016531716580668366
i:0.003949628425766792
will:0.00781589893036748
the:0.004158637296491327
do:0.00990783336422754
views:0.027931633063013026
start:0.01943146267505181
would:0.0192961995745733
can:0.0059625240857773334
because:0.012170498613065614
mr:0.046578699010805705
places:0.026309116429588515
during:0.04039130358348235
statements:0.029072270957451008
middle:0.027704139966486775
dates:0.038583483865321885
is:0.001852914668211475
capital:0.03522001347673474
clinton:0.1263846996024287
discussion:0.0474189233722785
east:0.028080408823386326
recent:0.05238751846186236
elected:0.038389201955206745
time:0.010893172206232508
matter:0.020833813875176153
campaign:0.03559289086480561
article:0.00558850262287311
mike:0.022037324337639334
s:0.017115483609821194
