above:0.013089692452541083
some:0.011226316107051482
obvious:0.018493501509144288
israelis:0.02384758884583972
say:0.009122812376286267
there:0.004412398969120901
behind:0.016960300004801435
all:0.004586864570414862
take:0.010219947741998575
watch:0.018481556925838222
camera:0.024947788713286102
fax:0.014705016057131681
cnn:0.04998759137865059
someone:0.021187097256375194
such:0.009245275016672109
brothers:0.024637507361663164
to:0.001987787250131006
remember:0.040134000526748544
job:0.03337969764701131
arab:0.021479913436715712
began:0.02154715498467119
been:0.007054040323179997
that:0.0066712427968168625
like:0.0055992262668686215
re:0.0017977908787412046
boulder:0.026501764722282224
so:0.009825101897931924
invasion:0.025796940327128974
voice:0.017435068756904655
this:0.0025239540306318223
child:0.019064252984333625
on:0.009750169716140192
you:0.005344221052006941
regular:0.019456935825748374
more:0.006112591470291952
a:0.00402837728609537
how:0.006323860563601559
303:0.05683918047881449
was:0.017028098732718953
old:0.01273035135741502
said:0.010536080907035733
usa:0.01752221964436887
arms:0.019486251113575864
scale:0.023265163925844108
role:0.021219974872916308
internet:0.01373333626497407
soldiers:0.045038895224101004
caused:0.019145741245457537
co:0.021947046842742863
it:0.011538403885479826
not:0.011594423241845479
reported:0.03970545766357369
proof:0.06039098930338241
massive:0.023995529512506806
west:0.0196053331718086
quality:0.018481556925838222
has:0.01023821609506299
details:0.03668097963740707
lebanon:0.02619543869157978
be:0.002781063736237843
which:0.012422041658822287
writes:0.0031791461106613576
kill:0.017762654358670128
if:0.009665631054279943
of:0.005608863045165538
even:0.008072881960413586
breaking:0.024305810864129748
what:0.004425202418253035
significantly:0.023496506465960444
scenes:0.029834203090358884
factors:0.02392099015416082
please:0.01841745535485822
must:0.011141636670574507
they:0.013455571507323226
policy:0.01844590020634279
professional:0.022983198891798395
one:0.0094549125747656
in:0.003416917344124817
5:0.012494581187104245
yes:0.012821374377422543
or:0.00972564602456373
and:0.0055066934782325465
few:0.010988593754357148
for:0.0015641772255388174
subject:0.0001283507542885495
everybody:0.0392106663436172
caught:0.021707808816016597
actually:0.011751510226447524
the:0.004710956312431581
when:0.006286896359825654
can:0.012469701814005483
scene:0.026501764722282224
correctly:0.02095338206264605
road:0.0173589057017813
during:0.014078699566358032
many:0.00890962032489468
army:0.02145770696625276
changed:0.01816978458573762
is:0.007750171929538382
suite:0.025428959187117753
time:0.007593797932229393
electronics:0.021684526967575307
does:0.005858119299699641
their:0.007277325089335164
hear:0.015931161366628883
israeli:0.08032064835401156
transmitted:0.026020594248450574
article:0.0038958311553682744
very:0.00838097351818965
palestinians:0.025328795307777166
full:0.029708293114646667
give:0.02272342568611545
murdered:0.025230675732627134
by:0.004761709013544068
manner:0.021922580162418485
700:0.02585188598012716
s:0.011931466939538815
intergraph:0.02823465619696592
