read:0.012254070604853631
out:0.006368524859894378
minnesota:0.027238266798852846
there:0.004960967489606203
know:0.006669595273828659
all:0.005157123408898872
ever:0.014288767874756003
your:0.027241777776892163
way:0.00936417740295429
occupied:0.027418463665164153
flyers:0.09192507782635777
to:0.00223491755690405
then:0.008626380269058397
lock:0.0273276143769675
us:0.01113446695235133
might:0.011497757491234844
amongst:0.03001427546687915
perhaps:0.01561330560886511
that:0.005625480412450976
terminology:0.03205987782212372
think:0.038912108852123116
nt:0.011579652190093598
population:0.021329440729104282
consider:0.017407373397682127
re:0.0020213000150171383
this:0.008513228730347336
telling:0.023210942257436827
distribute:0.03047787990881117
extremely:0.023881893973187192
on:0.0027405882445367025
you:0.04206046406336274
them:0.007923563089363464
more:0.006872535274706626
a:0.001509734190104211
sorry:0.017175225322911485
was:0.00478627640054803
truth:0.019432743394662725
misleading:0.03251058922179426
let:0.012460204014880134
also:0.008018903414484144
science:0.018279093114417923
officials:0.02619398988517253
computer:0.01449028597386657
are:0.010425589971911765
forces:0.02381092483025858
it:0.0037065451863780756
not:0.00325897301932954
should:0.026640196901083456
invited:0.030559165732403283
have:0.008290550483475451
university:0.012704541089722453
after:0.010428182095486224
connection:0.02327441154325674
feel:0.016466360455384747
topic:0.02360344243561904
hiding:0.031544687661019255
sending:0.02453943510519977
thinking:0.01882987315593868
writes:0.0035743913027976343
of:0.00525515096123618
institute:0.021040312702342197
department:0.0187463545010429
reasons:0.019656889058357326
what:0.009950725437801419
rutgers:0.02882292376218477
1974:0.03228053725196293
print:0.023764124491106615
oh:0.01745792531968364
fact:0.01296360610069643
they:0.010085617562245878
who:0.00698947499585864
up:0.007261947947850728
email:0.014831884643069951
in:0.0038417232842051998
un:0.028259350733404184
distributed:0.02615758971121932
world:0.027256764202515427
and:0.0030956547120874855
for:0.005275927506682281
subject:0.0001443078750919908
each:0.013762212958706029
i:0.008255079232233295
will:0.012251949674630102
the:0.002444604356721253
do:0.011648398684970217
see:0.02869274207693799
thank:0.019624293550105483
start:0.015230065339905475
would:0.005041349438402033
did:0.008886005640232246
once:0.014502871323918412
mental:0.02882292376218477
btw:0.020279948759153163
cyprus:0.0332660591805789
people:0.016273223135925594
many:0.010017302851773479
about:0.00532441178552363
turkish:0.04795598520065854
is:0.0029045689393585286
events:0.021992155983657433
first:0.010148945023735359
describing:0.028477780670365677
realize:0.021154114914222373
live:0.01673885553485221
aware:0.02214539033503178
by:0.016061115807845937
freenet.carleton.ca:0.0600285509337583
strange:0.04752824898221323
s:0.003353709626248748
