israelis:0.08131636852351905
all:0.007820228120051568
became:0.035456127098822336
watch:0.031509539676838935
fax:0.025070847048224505
with:0.009587334045730285
shai:0.1045469590118247
from:0.013878233679183206
to:0.0011296714426974025
stop:0.027245517332628175
prime:0.04117064620422948
job:0.05690964844736355
that:0.005686961072696341
its:0.01694938160683746
re:0.0030650860883456605
boulder:0.04518333657569428
voice:0.02972536312652597
mean:0.021667393908441482
he:0.013033878750165864
hasan:0.10404250559105824
these:0.013578983386056908
on:0.004155810042944999
you:0.009111458842765933
machine:0.02666228978954383
support:0.02245046155355333
a:0.0011446755129888484
303:0.09690614376715914
sorry:0.02604439905523463
as:0.006558312788664086
blood:0.03423503044597214
freeman:0.0439816687544494
internet:0.02341421264848038
begin:0.034206717045414045
co:0.03741791592861078
it:0.002810290407704688
being:0.01594921254037007
probably:0.019567407500239414
ben:0.04597535981904732
murders:0.044362980358014094
between:0.01903988398398693
bank:0.03903029538964402
hope:0.023675914242951193
real:0.020963884049165965
west:0.033425486063411385
quality:0.031509539676838935
his:0.0151182708320103
which:0.010589281414078016
writes:0.010840367065861679
get:0.010773557174517397
were:0.012715600798953272
if:0.005493036227568929
of:0.006375101166089792
forgot:0.03934160070165399
killing:0.033172480752095584
mcrcim.mcgill.edu:0.05024203553948136
oh:0.026473083476569455
please:0.01570012587627258
they:0.00764688216809626
now:0.027080563899643348
in:0.004369172997405504
israel:0.06230274703014183
and:0.009388461012068602
for:0.0026667939582956887
subject:0.0002188275155083467
leaders:0.03625053609220284
jews:0.030283869726257264
i:0.004694230506034301
everybody:0.06685097212682277
the:0.0030891516802830036
can:0.007086606495391093
propaganda:0.04164693826002686
road:0.02959551136041402
guday:0.10733218912322466
many:0.015190172357197489
is:0.004404469293289573
suite:0.04335429107311879
think.com:0.049663203021334194
electronics:0.03697034105947265
man:0.023754502777009828
issues:0.031190405595072912
mass:0.03452367721884973
too:0.01600424481856145
greetings:0.044866004508639444
article:0.013284145578960673
massacred:0.05065195701960153
doubt:0.028525182778529244
s:0.015256629857115204
intergraph:0.04813777449974517
