i.e:0.04732245201336168
cut:0.05015089720280002
with:0.008011333928623935
someone:0.03018435773510986
such:0.026342701417367102
to:0.0037758881098378925
then:0.021861374654463056
most:0.025432814574890928
h:0.09679951025464428
been:0.020099183386595058
that:0.009504236313273337
cleveland.freenet.edu:0.11732654168508233
indeed:0.05052386723978925
nt:0.009781897968800527
re:0.005122472640796856
terrorist:0.07231167412401639
m:0.03750177293468691
sure:0.02989101397478361
a:0.009565096752372569
was:0.012129604576731309
terrorism:0.06869570774272235
operation:0.058983097746609536
course:0.03350892876575368
soldiers:0.06416500141515759
z:0.06837082381645775
it:0.0046966497224653694
not:0.016518082426738762
have:0.007003433056817162
probably:0.03270169472642751
able:0.036129660631653
his:0.025266151253496665
which:0.017697155239965998
writes:0.009058388918048799
kill:0.05061139872059433
if:0.009180142736485057
of:0.002663569665284091
hamas:0.0869396279596514
up:0.018403566717155952
or:0.009237143256206648
gets:0.04571666222455896
subject:0.000365711738246826
i:0.002615050784183492
directly:0.04976027843145726
body:0.09725153763491921
the:0.0030976151095440533
would:0.012776022549375014
did:0.0225193293622324
maybe:0.03627278194989485
an:0.012299974500845709
10:0.03959413366981047
destroying:0.07683553284827087
hit:0.04903701561547136
is:0.007360893887415449
houses:0.06995756101543202
israeli:0.11442941683311235
almost:0.04139716342828175
killed:0.0500381506392861
by:0.013567609244070768
