prism.gatech.edu:0.05981147582410478
purdue:0.07298180960272549
technology:0.04262870488375877
your:0.047845527424604906
my:0.012028028624434193
to:0.003489111797698306
t:0.03261105132911952
that:0.008782395580619665
me:0.01371631241018411
writings:0.06605224796502229
re:0.004733424085799627
started:0.04150942880998614
this:0.006645347321157203
getting:0.03433166547119856
you:0.028141720982720095
gatech:0.07433934796163177
dont:0.12319915595191033
posted:0.043207353474454376
more:0.016093911719249693
want:0.023956936300154198
as:0.01012802734451922
shit:0.061002783312338694
are:0.016276237508891785
internet:0.03615865750777982
hey:0.04878656943836923
try:0.030840375599283452
uucp:0.053590235535899665
atlanta:0.06059309616674335
has:0.013478157897298114
writing:0.05066403474870423
things:0.028287669976458856
of:0.0049225464700187
georgia:0.12167462785082034
freedom:0.10096274633717989
institute:0.04927161835358616
rutgers:0.06749672020258458
david:0.06320114529986061
translate:0.07586016203558196
in:0.0022491101505631703
ended:0.06288484910531494
and:0.007249317996660567
still:0.025844418762399332
subject:0.00033793616319010504
i:0.007249317996660567
bullshit:0.06977679825613547
face:0.04543381760690582
azerbaijan:0.0715626032974001
see:0.044794576238257625
when:0.016552841048654884
hello:0.04897836443863002
around:0.02996448649561564
because:0.02233825694803182
country:0.042667773519242176
once:0.033962420188922864
bye:0.07728393397769195
here:0.02278988488130881
people:0.01905409038067237
about:0.012468559244580651
man:0.03668416884550885
told:0.03924328818644468
give:0.029914383181721602
