at:0.0075296154910635136
correct:0.027967670428901272
know:0.021091882489885503
send:0.025071342913471992
situation:0.03012078879294529
with:0.00499852458794485
syria:0.04942442215362918
to:0.0011779480000776333
proud:0.043210330425119556
enough:0.020787594247328175
mail:0.026190730810562873
that:0.0059299935971705445
think:0.01230553869682526
really:0.01667859609564894
me:0.009261441712859357
re:0.006392145346635394
ifi.uio.no:0.05104187514199267
michael:0.025681155569860593
so:0.017466847818545645
political:0.030810049380183977
this:0.004487029387789906
racism:0.1430877057815312
student:0.03438476471939036
something:0.017014199291995925
you:0.004750418712895059
a:0.001193593269954184
want:0.016176051006087024
was:0.02270413164362527
steve:0.05482314268092969
copy:0.029201811496267886
lets:0.03960354059555224
zionism:0.31309901457629047
daily:0.03810773794642688
it:0.002930388288375829
not:0.005153076996375769
statement:0.02968546512557954
have:0.00436966336023635
heard:0.02309955008051175
writes:0.011303630615684828
were:0.02651800508499657
if:0.005727781365499225
of:0.001661885346715715
expansion:0.03951063741404024
what:0.023601079564016185
associated:0.03888714169056873
saying:0.02578252289713196
print:0.037575752400467725
they:0.03986836002169845
author:0.03456416878684194
in:0.004555889792166422
un:0.044683588766493795
or:0.005763345792334063
and:0.003263225764878546
subject:0.00022817911873519915
i:0.001631612882439273
the:0.005798100076838869
wrong:0.022593350913075735
do:0.00613946939236322
an:0.007674343064630229
thought:0.02294518295035652
just:0.010037509089452017
here:0.015388041928405096
people:0.01286558239378733
about:0.025256825136458244
middle:0.03433419055675712
newspaper:0.04214055997252121
is:0.009185388953526972
mcgill:0.11256416862392395
east:0.03480050666146169
else:0.021594463464427838
time:0.013500085212852255
ignorant:0.042725754838140534
first:0.016047477174282405
article:0.02077776616196413
majority:0.035237509623193344
s:0.005302874195350585
