effective:0.015897501707104505
studies:0.016610562583990924
at:0.0034683661907654764
say:0.007470649504990328
1915:0.022567821017117014
continue:0.01538663860984821
cambridge:0.01839612758851528
turkey:0.038538114268841454
continues:0.019499020764957794
such:0.0075709338719204666
modern:0.016167433484416696
generate:0.01846381420481596
hitler:0.02010591320522259
to:0.003798186661667644
remember:0.010955212742209574
property:0.017992523007705853
crime:0.04737658966815964
remains:0.018178557987432408
regional:0.021451382865545647
began:0.017644914318155937
manufacture:0.022632897009050912
that:0.004097298725604057
justice:0.033903670358287376
uxa.cso.uiuc.edu:0.017553564329653323
through:0.009328595645767034
homeland:0.022567821017117014
civilization:0.022975461485388038
re:0.001472206703851065
this:0.008267439974353055
30:0.013476793206196418
merely:0.016067122124964
on:0.007984390948650234
demonstrates:0.02343023663153703
society:0.014630831568530896
took:0.013288982978018423
state:0.020926877062524538
names:0.016129516582601887
shadow:0.0211250534962316
a:0.003298828643731642
million:0.015407524642248576
occurred:0.020071528638416467
was:0.006972134914184139
genocide:0.12416904039266932
demand:0.03730043250882246
1.5:0.020993074393717254
stolen:0.019325301060591896
computer:0.010553948445532738
those:0.02192026363331764
exclusively:0.02208265314143218
insure:0.02351141492761079
learned:0.017873210608117942
it:0.0026996490530706452
not:0.002373661451086476
lands:0.045007606436818434
only:0.005250142670351522
area:0.012631760018343886
p.o:0.0181364505499649
university:0.009253307486608872
400:0.018074121946749618
whose:0.014735360041342398
historical:0.01777647336114745
after:0.007595329478995871
punishment:0.01867414950668045
has:0.008384050975484654
25:0.014479065150746507
deny:0.01889635939213302
be:0.0022774065241632727
which:0.005086190285502039
writes:0.0026033952402266234
prior:0.018094788702206877
of:0.01301373997880928
forgotten:0.020907483895148727
department:0.013653840876743845
distortion:0.02403712907180183
result:0.013917330555163395
years:0.017557286795121207
armenians:0.07479291656242947
armenian:0.1111961094205694
eastern:0.01961924408724158
nearly:0.016890318179525257
dbd:0.045950922970776076
republic:0.04049307115534344
policy:0.04531591231794449
david:0.019657049128696803
called:0.010560057070302102
over:0.007897404537477786
box:0.01247456303427798
president:0.014824638421937002
in:0.004896684697879659
government:0.021193818414301555
executed:0.022140128729704434
ended:0.019558673540629453
clean:0.01709386689754451
and:0.003757848567822735
davidian:0.04101079853772754
for:0.002561802070173811
subject:0.00010510612949613503
i:0.000751569713564547
we:0.010612156737905274
bones:0.02319628615724254
armenia:0.01828584004431184
face:0.014130990515533699
any:0.008057380049518167
than:0.005632288512675044
the:0.006231816224318942
when:0.005148324578124945
less:0.010822305340930226
an:0.007070064083163281
people:0.0059262722050122734
turkish:0.12225000164341102
extermination:0.019325301060591896
ma:0.015792196556053212
lesson:0.021807225627231745
is:0.003173298742803117
billion:0.01877136451687876
ruled:0.021754379090491032
today:0.03353298739131913
anatolia:0.022904522487345997
ad:0.017045951402976576
center:0.012860751312885074
their:0.011918768650249717
illinois:0.01897330662076676
hear:0.026091980820935494
encouraged:0.02108056705822399
dollars:0.018053563112178157
history:0.013074833087995593
existence:0.016017908885734743
sold:0.016167433484416696
late:0.015173775533980981
turks:0.018199781800955543
successful:0.018871040926265733
urartu.sdpa.org:0.045809044974691994
era:0.03974259729861647
april:0.013394306542866583
murdered:0.02066134075742694
motion:0.02014060072365627
s:0.0024426625230551903
