final:0.05283079996214513
with:0.008011333928623935
way:0.02373113451433621
much:0.023934203692601796
ca:0.028171898576607138
such:0.026342701417367102
hitler:0.06995756101543202
to:0.005663832164756839
ii:0.05029314801520709
that:0.0047521181566366685
nt:0.019563795937601054
its:0.02832636378129
re:0.005122472640796856
treated:0.06734036599128532
why:0.04875952274394538
a:0.0019130193504745137
how:0.01801867119491951
same:0.02660401850039195
solution:0.053285713263469155
existance:0.07969518783268333
it:0.014089949167396107
rights:0.0475780742423672
virginia.edu:0.06583764109736169
has:0.02917190339415208
get:0.018005122949193455
were:0.02125073010236026
thorough:0.08180684098100194
of:0.005327139330568182
totally:0.05643171644614592
expansion:0.06332526818414667
what:0.012608795931460701
beyer:0.07515604898399235
fully:0.05750210280654514
israel:0.10412239914626442
u.s:0.048325238369845175
andi:0.07663842685577635
and:0.002615050784183492
subject:0.000365711738246826
holocaust:0.06847826460359509
jews:0.05061139872059433
i:0.007845152352550476
the:0.0061952302190881065
do:0.009839971491869817
ab4z:0.0778659906734433
human:0.04391564892104898
is:0.007360893887415449
deal:0.04515499988713026
captured:0.07625252443157503
right:0.026573610873839717
palestinians:0.07216971813722808
feels:0.07007825457272181
before:0.02912594886606362
understand:0.08208650035440146
by:0.013567609244070768
s:0.008499127135013948
