modern:0.13688427016806137
to:0.004593997200302769
could:0.10060727702173716
re:0.012464683425939017
let:0.07683792475842749
it:0.0342855429739972
not:0.020097000285865495
have:0.017041687104921762
shooting:0.15893088624290685
war:0.11789417051910057
down:0.1576243717968772
alone:0.1279737778471498
in:0.005922656729816349
subject:0.0008898985630672766
armenia:0.30964022475034714
shoot:0.3107544568152632
planes:0.36661966537782326
turkish:0.29572857540406094
does:0.04061629381125084
pot:0.20121459709169046
says:0.1707351162951712
