some:0.0069085022197239885
report:0.02245993031641867
go:0.011511433442568799
at:0.005212810724582432
out:0.006971462124736449
all:0.005645371778972137
story:0.02127252975155387
media:0.09352559031231389
i.e:0.02044105915370061
your:0.007455220249593269
with:0.0034605170224233568
such:0.011378800020519518
from:0.005009303280651927
to:0.0032620098463688302
look:0.014030581800449174
most:0.02197154395227264
lived:0.026603508117180857
h:0.04181280620466883
might:0.012586302579162401
that:0.010263450456641326
think:0.008519219097802101
cleveland.freenet.edu:0.05067951208882255
re:0.002212665696912252
so:0.006046216552573491
described:0.024552474933244577
treating:0.03391850022690959
on:0.003000052220350828
them:0.008673722908474797
europe:0.024337281772470166
m:0.016198990675929847
more:0.007523189501897786
sure:0.01291150307786511
a:0.004131669011379867
how:0.007783213001355765
other:0.00816158572681604
same:0.01149167663034682
as:0.0094688066297872
terrorism:0.029673293877033914
said:0.012967484193274747
acts:0.025912831937842738
reputation:0.0341157571515699
whole:0.017703641864066803
daily:0.026382280116757067
are:0.007608418717174267
existance:0.034424548590449015
soldiers:0.027716243214831383
z:0.029532959400008375
reason:0.015811904875790105
it:0.004057460706981916
not:0.010702544530934287
guilt:0.033104172547169665
disagree:0.025138396585320674
austria:0.03558851482859135
statement:0.02055147585617045
have:0.0030251515570867034
received:0.022895211779004564
try:0.01441650693694315
shame:0.03111321256716249
after:0.011415465607484918
virginia.edu:0.028438744379333747
israels:0.08923686756836671
degree:0.02622162337672185
be:0.0034228476753696527
writes:0.003912795213121671
of:0.0023010720185294513
unfortunate:0.03318931300546611
what:0.005446402976311427
europeans:0.03363442200687196
ignore:0.02663175237015516
least:0.01424652297459457
beyer:0.0649277109565851
well:0.019915596569862068
they:0.011040468929085724
one:0.005818407738317293
in:0.004205436731230544
government:0.015926715613114185
u.s:0.08349686156209936
clearly:0.021505978558724284
world:0.014918643128595721
andi:0.033104172547169665
and:0.00225915629876207
subject:0.0001579701591243686
holocaust:0.029579368734097288
jews:0.021861728441440152
i:0.00451831259752414
away:0.016384518262270237
power:0.01598730935012155
the:0.0075821308697123675
when:0.007737718596708496
ab4z:0.03363442200687196
got:0.013089667583612864
did:0.009727284280727605
atrocities:0.03382228412707657
reports:0.023397765941941727
mr:0.01998198626203203
makes:0.016526496344686236
about:0.005828498108413441
biased:0.030818765765037854
is:0.012718230858729652
having:0.015484564452191487
israeli:0.04942809129477634
occured:0.034424548590449015
realize:0.023156871355805554
letter:0.024148219051721043
by:0.005860564939746545
seem:0.03265932017628092
