some:0.007630959968191857
report:0.024808681199181407
go:0.012715243475778609
at:0.005757941257872099
out:0.007700503915558561
all:0.006235737455204518
story:0.02349710802622617
media:0.10330604420118332
your:0.00823485112536773
with:0.0038224011554872377
such:0.012568739891946396
from:0.0055331519897397095
to:0.0036031350590609956
look:0.015497832184809874
most:0.012134610875601555
lived:0.029385574325513496
might:0.0139025172279637
that:0.01133675246517898
think:0.009410117826984022
re:0.002444055573713533
so:0.006678500636502746
described:0.027120054011230937
treating:0.03746553293037727
on:0.003313783171498627
them:0.009580778898903535
europe:0.026882356990506263
m:0.008946501386379556
more:0.008309928273338077
sure:0.014261725621955578
a:0.0027382433840125392
how:0.008597143772739374
other:0.009015084887790266
same:0.012693420591690277
as:0.010459008630287822
terrorism:0.03277638343280217
acts:0.02862267057186551
reputation:0.03768341803016545
whole:0.01955500310475353
daily:0.029141211370797022
are:0.008404070347728438
existance:0.03802450138422146
soldiers:0.030614673877820287
reason:0.017465437411820443
it:0.004481770323398327
not:0.011821764874038528
guilt:0.03656604680046846
disagree:0.027767248515811728
austria:0.039310189581908093
statement:0.022700649801913764
have:0.0033415072754748552
received:0.025289482291841643
try:0.01592411550551237
shame:0.03436688185523177
after:0.012609239788659812
virginia.edu:0.03141273071965623
israels:0.09856882757551617
degree:0.028963753925921522
be:0.0037807925303102704
of:0.002541707000859329
what:0.006015961457494322
europeans:0.03715174718406118
ignore:0.029416772225857663
least:0.015736355442526027
beyer:0.035858768469486546
well:0.01099913666766892
they:0.012195027771343054
one:0.006426868678272042
in:0.004645220964561843
government:0.017592254500760116
u.s:0.09222855950323394
clearly:0.023754969780551662
world:0.016478762671455406
andi:0.03656604680046846
and:0.0024954079378482997
subject:0.00017448991432691697
holocaust:0.0326726360526957
jews:0.024147922265381608
i:0.0049908158756965994
away:0.018097931936756018
power:0.01765918483771596
the:0.00837503344432281
when:0.008546891783292392
ab4z:0.03715174718406118
got:0.014458521710003752
did:0.010744516623810232
atrocities:0.037359255016182626
reports:0.025844591138484654
makes:0.018254757400339702
about:0.006438014250469749
biased:0.03404164323066273
is:0.014048241928923602
having:0.017103865309937002
israeli:0.05459704201841308
occured:0.03802450138422146
realize:0.025578504961641428
letter:0.026673523004842197
by:0.00647343447592919
seem:0.036074673920205726
