above:0.013891102194533394
some:0.005956820791496704
large:0.01527568428514069
out:0.01803332294510908
say:0.019362703819056564
there:0.009365091689562729
know:0.006295281253358682
help:0.010918840408376514
all:0.004867693013501486
involvement:0.028400174915841722
case:0.01261026075156508
with:0.014919065734427228
turkey:0.02497112506195339
equally:0.024455328547303548
from:0.004319246196072324
syria:0.029503354040686804
to:0.004218977020686217
kuwait:0.03222826468318812
remember:0.01419706141082261
obviously:0.018785168779724266
aid:0.05069288856448858
cs.cmu.edu:0.026426843410249826
spoken:0.058832275087911355
besides:0.02066370813335147
us:0.02101914679780608
might:0.010852475183053295
trip:0.02623785733024804
that:0.005309764675017502
dirty:0.027261687409136568
appears:0.019899495037726183
like:0.005942036038309556
really:0.009956100730565947
nt:0.01092977375085365
population:0.020132380280021896
me:0.005528513675533391
re:0.0019078597080518904
so:0.005213319374412857
this:0.002678481828425607
egypt:0.02819189943359552
two:0.009514231799251588
on:0.002586779720608622
you:0.0028357091296363356
great:0.012863523922105493
etc:0.011848591772746098
nelson:0.027094392394733553
state:0.013559762178268448
names:0.02090253679582081
why:0.01816043449136741
more:0.006486831764391458
a:0.0007125021050236709
said:0.011181147085017511
election:0.02869179947624962
participated:0.05900670808137361
oil:0.022866368555161262
arms:0.020679286896039692
stuff:0.014915390574865416
hands:0.020435560996709654
rich:0.02316222191052019
military:0.05926283514383526
hmm:0.02530764530578909
others:0.013756776648308142
are:0.006560320220420668
no:0.011487201389617447
those:0.01893791483966898
forces:0.022474597416315495
it:0.00174926239663251
not:0.0030760714723263513
have:0.01043368598260516
made:0.011865201795500007
christopher:0.024689561717222315
moslem:0.028922005778700993
money:0.015817447789434336
always:0.013555898459177079
apollo.hp.com:0.06093774889401164
has:0.01086504565190358
be:0.002951332944578935
writes:0.003373787709273277
get:0.013411979339705329
if:0.0034191347947112715
of:0.0029761314117204896
offered:0.02361308492302065
but:0.0033943021543388274
forgot:0.02448813921225401
supply:0.02060186445716604
lift:0.02805762745238443
well:0.008586060766088493
they:0.023798970012952645
saudi:0.03115015706243706
in:0.003626116365193683
un:0.02667336676367231
or:0.013761458320471128
and:0.0019479459922999481
for:0.0016599431781228263
subject:0.00013620896373478723
i:0.0019479459922999481
directly:0.018533164926001936
any:0.00522085339943269
embargo:0.03379706417169812
cf:0.028922005778700993
the:0.0030765428979145017
do:0.007329774682719353
thing:0.011550675689413042
see:0.01805495674909363
strong:0.018421695846788315
would:0.00951683312351404
can:0.004411050981825068
peter:0.018785168779724266
mohammed:0.032080369086896016
come:0.012250988135048001
places:0.01946337695046089
btw:0.01914178836960885
bosnia:0.052201148814374404
turkish:0.022632288933984255
stuck:0.02426277585351351
either:0.012773279117925296
recent:0.019378036165739902
new:0.008795916147365034
time:0.008058724336243436
provided:0.02060186445716604
does:0.012433559329974746
food:0.021507547391991816
their:0.007722875605008744
campaign:0.026331475384677616
loaded:0.02381097280585308
count:0.04350378139321234
article:0.004134351430186739
arabia:0.030798152616075065
sales:0.024689561717222315
apply:0.020405897885151392
nations:0.024138329664104535
millions:0.024294367538451885
s:0.01582745614428618
