prism.gatech.edu:0.023276387143370825
simply:0.015067208570854135
ask:0.014357451154464865
studies:0.020783659587850712
mp:0.02735291113976671
mess:0.025157152483381958
all:0.004699841530277297
1915:0.028237569154422274
your:0.012413125341687316
with:0.0028809230383721545
much:0.0086068811308371
cambridge:0.023017814815186607
ya:0.025157152483381958
hell:0.03362936871410734
ca:0.010130781261538527
into:0.00882169410336151
service:0.017943799155065727
from:0.004170306672069831
wrote:0.012687561451688971
harm:0.023707696951372405
to:0.00543132673927421
lies:0.02221862861702297
regional:0.02684064654112608
been:0.007227785158726302
guy:0.016681432250979653
think:0.007092354815411602
like:0.011474276487770179
nt:0.017588141668040357
its:0.010186327862237292
me:0.026689376364643958
re:0.0018420714422569978
so:0.005033549740812414
submit:0.025902132629805227
this:0.0025861203860661035
he:0.007833168509951898
torture:0.028318994287186858
on:0.0024975804198979798
you:0.027379260562006003
am:0.008050918013307219
united:0.019317842280183337
why:0.008767106306177372
prove:0.01934432679760393
a:0.001375866133838813
how:0.006479620676005538
was:0.008723755015777199
as:0.003941449065108465
border:0.02390476756523299
shit:0.02373999941711703
march:0.02134833529996579
are:0.019002306845356417
no:0.011091090996872019
place:0.013396195159194215
it:0.005066829010935546
not:0.0029700000422461324
should:0.008092670651396452
have:0.0025184759268357284
states:0.01700916125840238
p.o:0.02269289871769007
public:0.014599727084042334
troops:0.02304588388471684
get:0.0064747486467542975
kill:0.036400316321215626
if:0.006602467189787284
of:0.0019156707937511197
even:0.00827172141756663
freedom:0.019645460494180325
what:0.013602592655122628
explain:0.03541928599027196
armenian:0.02318867963286094
saying:0.014859877728888863
ok:0.016078074830103112
english:0.021764287611032662
lines:0.017404838050711906
again:0.012028912010384325
dbd:0.05749524352008435
shut:0.04649395490756428
talks:0.02358056451809224
who:0.006369718592284967
up:0.01323606276209246
david:0.049191039198906286
box:0.015608566555204961
translate:0.02952193497936441
in:0.004376347337302721
or:0.0033217313187344105
better:0.011015841730548783
and:0.0018807754408413293
few:0.011259248772937372
davidian:0.07697100612253296
for:0.0016027037581875566
subject:0.0001315121029163463
i:0.004701938602103324
away:0.01364031323312153
we:0.019917397621388718
translation:0.023365684604417902
the:0.0025991483103070794
wrong:0.02604356706236316
do:0.02476958341056885
see:0.008716186016803823
when:0.006441746023860768
would:0.004594333232041261
did:0.00809808395784712
o.k:0.030076013715456474
refer:0.02207787308774191
come:0.011828540268322208
turkish:0.0874074607105599
f:0.018306557726142106
ma:0.01975969421299269
is:0.001323510477293911
either:0.012332821217307183
write:0.01603041342358381
center:0.01609177750479216
hear:0.01632355450373797
speech:0.02339581380154813
first:0.009249038568428774
too:0.009618314620022151
urartu.sdpa.org:0.05731772129838309
article:0.0039917875877665075
full:0.015220012236075138
written:0.017652802652493152
going:0.05364078039531238
