blown:0.03367970691417203
some:0.014594210939166928
argic:0.06082958325125573
azerbaijani:0.03929845213144762
at:0.005506031327840194
out:0.014727213738505749
there:0.005736118659857172
returned:0.029683438760714193
1919:0.03081528447990613
corpses:0.039122384150405774
with:0.007310342209869342
faces:0.033977382220354874
fred:0.028960089060497574
times:0.017565475884331418
from:0.005291076590188598
work:0.0126567028999394
knives:0.037868192303767326
post:0.016141111277694877
longer:0.021213818802338597
killings:0.03830955209885453
single:0.020321416690702344
to:0.0034454979002270774
then:0.009974252186098771
fascist:0.03572478760922464
might:0.013294282099240287
began:0.02801130148007255
been:0.009170252420133996
that:0.00216815390896548
civilians:0.03139261773072498
roads:0.028595264021610656
journalists:0.03830955209885453
sahak:0.03154568660577683
television:0.03267487428549858
brought:0.04842991053169585
had:0.009590053035513345
this:0.003281140239821369
off:0.013646609049727192
soviet:0.027668750001978833
children:0.04190471085023157
them:0.009161619822076505
apparently:0.023679131601572895
zuma.uucp:0.03104939424574926
seeing:0.025051810409115173
a:0.0008728150786539969
melkonian:0.03154568660577683
sera:0.031001865499591635
as:0.005000713501356366
said:0.027393810358292903
nine:0.03154568660577683
agdam:0.043116633895966205
washington:0.04799016669268118
town:0.055675358408806656
serdar:0.06074367226015871
soul:0.02634674555518998
officials:0.06057360160946147
no:0.007035910851140687
brian:0.023350484467367368
reported:0.0258085474813229
shooting:0.029799541170545035
azeri:0.15091094781876785
area:0.02005291902912092
closed:0.02578795438196757
dozens:0.03719550065256504
passes:0.028926029030700295
exists:0.023322706643864717
karabagh:0.04502526920566109
of:0.009722029278286934
ohanus:0.03154568660577683
seen:0.016202905566389706
armenians:0.059366877521428385
armenian:0.029420637284192322
heads:0.03032917384838936
women:0.023620719961458907
they:0.005830747653173398
who:0.008081580463961553
miles:0.025088467405692663
bodies:0.059677452503760026
one:0.00614569317359764
in:0.004441992547362262
proceeded:0.030202906927654857
pictures:0.029063397197692645
or:0.004214446610644284
and:0.004772467681134873
for:0.0020334303932004623
subject:0.00016685598057511437
showed:0.0267172243672496
sought:0.036360929448661775
away:0.01730614741452294
we:0.008423399410712313
armenia:0.029028771070345044
back:0.01316472950042211
ways:0.022302114882994342
eyes:0.05402049355823483
the:0.00518205194367474
azerbaijan:0.035334035378091294
appressian:0.03154568660577683
when:0.00817296526777335
serve:0.026169428698132376
reports:0.024713890276175952
an:0.005611863366010855
mountain:0.028404893974831227
about:0.006156351127011697
including:0.019874798165813938
turkish:0.027724553944130717
extermination:0.030678915433689637
today:0.017744539161239706
their:0.03784209046454285
dead:0.0214455133425696
turks:0.028892153609016924
recover:0.03745595500506859
escape:0.027162076107673946
three:0.018240550040452955
by:0.006190221717607289
s:0.0038777267553501147
