argic:0.084632463653921
1968:0.05229964353071251
there:0.00798068683110563
committed:0.03853438565796515
all:0.008296242005619923
1919:0.04287343927639114
1915:0.09969089631909081
turkey:0.12767844814285734
invaded:0.05467610731331843
from:0.014722995729220445
work:0.01760932577382873
longer:0.02951487833368848
both:0.019527861585289026
single:0.028273275395759783
london:0.04418196928455023
then:0.01387722043283307
might:0.01849639248589953
that:0.0030165619602997985
roads:0.039784715160501784
kinds:0.03965127542420039
sahak:0.04388965092977645
these:0.028811060401720743
certain:0.028663608624004428
soviet:0.0384956521766662
zuma.uucp:0.04319915721147723
more:0.0221116352316648
a:0.0036430542413384216
melkonian:0.04388965092977645
sera:0.04313303026030141
was:0.007699662035664223
as:0.006957514436669725
1914:0.05175026177748179
serdar:0.08451293531848168
soul:0.036656341642003445
no:0.009789093358108781
hundred:0.04001176858662079
being:0.01692003417326216
closed:0.035878893053172274
between:0.02019883344388179
passes:0.040244909955756934
after:0.016775771197086533
exists:0.03244898315668134
kurdish:0.05396099341560563
disaster:0.04781995635362912
were:0.01348959389106347
of:0.013526301604573123
ohanus:0.04388965092977645
armenian:0.12279918170793315
russian:0.04048447475374155
eastern:0.04333293911442923
kurds:0.09940810465175551
one:0.0085505296328315
in:0.00618016354415619
proceeded:0.04202143572543284
pp:0.04313303026030141
and:0.006639955034622432
for:0.002829120547061513
subject:0.0002321474512349417
we:0.011719512223599739
armenia:0.040387855402219196
source:0.027124069232172386
ways:0.031029029402426907
than:0.02488002229946889
the:0.005243499199923847
appressian:0.04388965092977645
when:0.011371082111684661
serve:0.03640963992783635
mountain:0.039519852486721706
people:0.013089331652809717
turkish:0.03857329244400795
extermination:0.04268370842948123
today:0.02468805448520307
slaughter:0.04781995635362912
their:0.013162466248536644
six:0.036846072488913355
turks:0.04019777893428442
thousand:0.04053319001938216
escape:0.03779071458458984
killed:0.03176334779711205
by:0.017224964779428975
