racist:0.08654742670807598
mark:0.04693162444206547
situation:0.1651937010363093
with:0.018275855524673354
such:0.030047143804184353
to:0.002153436187641923
ii:0.05736562195484559
palestinian:0.08078549325092385
cleveland.freenet.edu:0.06691279330477352
re:0.005842820355908915
political:0.05632462152314883
a:0.0043640753932699845
false:0.13084714349066187
genocide:0.07039941129405805
also:0.023179642682493225
completely:0.056203025578741725
ira:0.08697553567976528
comparison:0.1458422084358501
making:0.048040737357381305
of:0.015190670747323332
expansion:0.07223038402254231
in:0.005552490684202827
compare:0.06733923302802364
israel:0.05938230576310393
or:0.021072233053221416
and:0.008948376902127887
subject:0.0004171399514377859
holocaust:0.1562160411269513
jews:0.05772862666567791
kaufman:0.09397592196924903
person:0.04383116311052892
any:0.015988863535762614
the:0.008244173546755267
complicated:0.07762348561437314
an:0.014029658415027136
is:0.016792039180666494
either:0.03911816729864622
ignorant:0.1562160411269513
s:0.009694316888375286
