mark:0.0625754992560873
know:0.07711719535364386
arab:0.09307962489243474
cleveland.freenet.edu:0.08921705773969803
anything:0.04835919063165424
re:0.007790427141211886
these:0.0345132494395613
you:0.034737436838045116
how:0.08221018732682027
terrorism:0.1044747221920569
ira:0.1159673809063537
were:0.03231881869733956
if:0.01396146707840436
of:0.01620338213047822
what:0.01917587714576315
in:0.007403320912270436
leaving:0.09642009676900098
still:0.04253560587978223
subject:0.0005561866019170479
jews:0.23091450666271163
kaufman:0.12530122929233203
the:0.003140637541621054
countries:0.17564497036793317
just:0.024466428405539288
circumstances:0.10109724616129785
many:0.11582506422363084
about:0.02052117042337232
readers:0.09478740787076126
living:0.07675010445893958
their:0.03153507538711904
israeli:0.08701403571684585
live:0.06451433904057621
