school:0.02031577919439165
sent:0.020545712560277166
israelis:0.027711164692372413
ultimate:0.029432343150936596
say:0.01060080991210918
final:0.04309104354454296
help:0.0239116505032603
all:0.005329987880705538
gaza:0.0940054843227448
means:0.015835727488484653
islamic:0.02561790519828632
your:0.007038727498219344
with:0.0032671920491036165
into:0.010004491078113891
from:0.00472945393536411
violent:0.02695989142852575
cpr:0.029850786213356247
themselves:0.018080727465490602
to:0.004619661989131277
perhaps:0.03227331326972118
palestinian:0.05776839740848186
she:0.018520349077645153
that:0.0019380146672317142
son:0.023838834074719085
like:0.0065063634832886776
re:0.0020890530881462043
fighters:0.10080098892790958
harry:0.029151550777859005
this:0.0029328627841978716
goal:0.023430872426591212
these:0.009254949570385154
on:0.0028324515376496645
you:0.006210044574399127
children:0.018728362391164946
am:0.009130370707828859
sea:0.028197261770526772
a:0.0007801699027074832
how:0.007348396632564941
sorry:0.017750931199657122
was:0.004946710246376456
solution:0.04346209014785753
are:0.003591683696096232
month:0.022200019493783568
gas:0.022168545651782137
fighting:0.025474283093760028
18:0.0216019524761067
it:0.0019153934622344803
ones:0.01895324011383719
choose:0.022200019493783568
should:0.027533164394974517
being:0.010870413016341611
mother:0.023796670914744883
hm:0.029789055284939567
cs.brown.edu:0.03202361194607666
attempt:0.02154552177227148
gazans:0.07900013050593577
nazi:0.028151281328423334
davidsson:0.03372311683100957
be:0.009694881404538625
writes:0.0036942033017740915
were:0.025999496605680992
ghetto:0.1519235299396114
of:0.0076038217819003944
hamas:0.03545582592767906
freedom:0.08911795486745488
what:0.005142134653612465
groups:0.020557461444058057
must:0.012946706298768141
they:0.0052118414776968925
who:0.02167127722179634
policy:0.02143434213921397
in:0.002977872098790343
and:0.0031994196745038254
for:0.005452774238749843
subject:0.00014914501056993463
offer:0.019637785579842672
purpose:0.02101051112929937
mrs:0.03562773463531456
jews:0.08256161132074606
i:0.0010664732248346085
we:0.007529295562647877
driving:0.023391668110062457
research:0.017247661902440096
will:0.006331314775996002
the:0.008421821340659809
her:0.01847155756943982
families:0.08882355788130217
maybe:0.014792810515878906
fight:0.023796670914744883
last:0.012179679061784904
people:0.008409347151246466
expressed:0.022959548187839594
is:0.0015009643960372287
keep:0.01480119879399956
center:0.018249334265211224
spare:0.028481387006468063
their:0.02536899919410694
israeli:0.0233333727061933
article:0.004526999331377659
elias:0.06386554209470326
jewish:0.042731923888545235
murdered:0.029318327108304152
by:0.016599477231572617
high:0.015627507405818555
while:0.012124818468595098
igc.apc.org:0.059215705254201445
