mark:0.024028991714337523
there:0.007342231884617179
know:0.029613003015799243
all:0.015265085290340659
i.e:0.027636311975803223
previous:0.055571190715084894
from:0.006772578035441405
syria:0.046261259135796914
palestine:0.08585221740868522
to:0.003307677984217994
arab:0.14297030383477977
most:0.014852763711736303
h:0.05653091398871227
cleveland.freenet.edu:0.10277805051613213
nt:0.005712628413779508
me:0.008668709443236357
anything:0.01856992920255523
re:0.0029915240222253645
these:0.013253087784791541
curious:0.03429017872657196
you:0.0177855676610791
tell:0.019280200428979623
them:0.011726873372257928
state:0.02126170709552493
m:0.010950517696928577
a:0.004468813202708464
how:0.031568711933498986
was:0.007083689072811085
terrorism:0.040118293321749855
are:0.005143291052809805
no:0.00900596588946008
hey:0.030833111885049357
z:0.03992856110881132
not:0.009646560137215439
due:0.02652113987918786
only:0.010668289906154293
ira:0.04453147426803982
which:0.010335138660140143
were:0.012410426379778393
if:0.005361203358107274
of:0.007777623422629546
what:0.00736353682397305
but:0.005322265778003282
in:0.007107188075779619
leaving:0.03702531715929638
and:0.0015271896579631594
still:0.016333672657836376
subject:0.00021357565513614637
jews:0.17734234111696254
i:0.0015271896579631594
kaufman:0.04811567204825551
the:0.0036180144479474544
would:0.007461197168835009
country:0.05393206572832212
did:0.026302576695087447
countries:0.10117150293192952
last:0.017441300416475982
thought:0.021476691241533702
just:0.009395108507727087
circumstances:0.03882134252593838
many:0.04447682466187424
about:0.007880129442574973
is:0.0021493810151253113
move:0.056589201849168276
readers:0.03639836462237233
living:0.0294720401122328
their:0.012109468948653711
israeli:0.033413389715268804
article:0.012965326085065617
jewish:0.030596057504198387
live:0.04954701238316254
says:0.04097642791084109
yfn.ysu.edu:0.04453147426803982
happy:0.030384760707880168
s:0.004963490246848147
