racist:0.1318817930789729
mark:0.0357574281463356
know:0.014688989591170258
help:0.025477294286211868
your:0.05999677248482202
wonder:0.04393294890258248
such:0.04578612389209044
from:0.010078241124168757
to:0.0016407132858224176
family:0.0469103222514246
that:0.004129816969458057
think:0.017139857470578036
cleveland.freenet.edu:0.050981175851256014
like:0.013864750756055632
re:0.004451672652121078
this:0.012499581865986166
racism:0.19930073305284704
on:0.006035819348086785
you:0.04631658245072682
why:0.02118717357326198
a:0.006650019646887595
how:0.015659083300346717
same:0.02312015893486443
bring:0.04515913032486994
learn:0.04535731167526466
are:0.030614827695296453
it:0.0040816122588091894
only:0.015875431407967697
peace:0.04585280780253632
ira:0.06626707480363069
towards:0.04964020399225643
feel:0.0362651986219783
of:0.0023147688757826027
what:0.010957644083293227
impression:0.05632276921624392
one:0.011706082235424076
in:0.004230469092725964
become:0.03943122350946604
mid:0.06843756952736824
or:0.016055034707216316
thoughts:0.05111933711459301
subject:0.0003178209153811702
jews:0.04398371555480221
i:0.004545207315366545
kaufman:0.07160070245276116
will:0.02698346059293534
the:0.002691975035675189
do:0.008551403796505912
would:0.011102971977433047
home:0.03487336966501605
did:0.019570369564797206
mr:0.04020185331289778
is:0.0031984836534602844
east:0.04847213427846449
does:0.014505819218303871
accomplish:0.06626707480363069
under:0.028896707465543323
hatred:0.06212056653853287
