might:0.045257130550605235
that:0.007380949477329294
think:0.030632936755926706
bit:0.05798051485224893
re:0.007956180910173841
on:0.021574843627203827
you:0.011825510412951528
machine:0.06920849690051802
a:0.002971285374141266
accurately:0.12231395404891345
was:0.01883959859790182
truth:0.07649058570239582
terrorism:0.10669758862167514
are:0.013678965565983522
tad:0.12535865284977882
it:0.0072947963774462115
reported:0.08785888504280134
interesting:0.06953243748768963
virginia.edu:0.10225846383207242
be:0.012307686322073857
of:0.004137033735441248
germany:0.08946267517419759
reporting:0.11843477198946761
what:0.019583874531843216
happening:0.09659139349919058
beyer:0.11673173565598811
in:0.007560838378488957
andi:0.11903415235046114
subject:0.0005680203594046446
i:0.00812334924448489
the:0.006414919233949387
ab4z:0.1209407940247098
propaganda:0.10810481846219738
press:0.07632660342058864
biased:0.11081641307002972
is:0.005716438870014126
events:0.08656486929737499
israeli:0.2665961945367192
doubt:0.07404409146767166
