muslims:0.06490815843480283
racist:0.04072820080380046
read:0.01666914016101413
out:0.008663066905003382
objective:0.03278386279214665
behind:0.025939282360284546
final:0.028357708803210258
posting:0.024258739389384124
keeps:0.03510438382574119
matters:0.034966941671240065
indicated:0.03858809229695914
from:0.006224795988457174
violent:0.035483974747839035
posters:0.040154954175346695
hair:0.040154954175346695
to:0.00405352694144362
attacks:0.033794678899709905
that:0.0025507693046652705
quite:0.01953087780962795
nt:0.0052505775861944005
account:0.029961613284759266
re:0.0027495625204277245
started:0.024112094676389008
file:0.02234180795925301
this:0.0038601649880251397
he:0.03507646781294637
on:0.007456012135871911
great:0.01853860800538733
etc:0.017075911672487027
them:0.010778376261266476
dying:0.037422869201578446
a:0.0020536825380094046
j:0.022456828378888696
as:0.0058831923545369005
immediately:0.03104926130002855
danny:0.12102334358451709
sons:0.04134994630400681
d:0.026791826799662286
have:0.011277587054727638
made:0.017099849646455893
cry:0.04239384528393613
between:0.017079895926811806
jokes:0.04562878119701946
cs.brown.edu:0.042148724546674426
has:0.015658448145390455
hiding:0.04291005306829825
his:0.013561978246362181
be:0.004253391596599054
which:0.02849762498200407
writes:0.004862223463364429
kill:0.027166412548554307
of:0.00571884075193349
short:0.02546307254133285
they:0.013719406242760936
operator:0.040341114528172364
one:0.007230227263056047
in:0.005225873585132073
resources:0.03245407921740141
heart:0.029198401566511892
our:0.016395407521914658
battle:0.035387224125945575
system:0.01643545830325386
use:0.012226320056965794
and:0.00982566875527768
for:0.0023922710508240733
subject:0.0001963011536177816
threatening:0.04277756405724914
jews:0.10866565019421723
i:0.0028073339300793373
will:0.008333127536053562
the:0.005542301544037154
do:0.00528174940372424
come:0.017655835841686826
mr:0.024830556457966276
imagine:0.05790791991862445
an:0.006602192195306888
rules:0.030290553680651856
makes:0.020536602075382163
about:0.007242766031778467
worry:0.03232619875628473
speaks:0.040154954175346695
is:0.0019755340212548817
involved:0.026477037772543142
their:0.011130026607218485
trees:0.04251953964687216
every:0.017883445051010267
already:0.02136607589189229
stance:0.04543778497346608
realize:0.028775818081846607
by:0.007282613785420338
while:0.015958400778518546
todd:0.037422869201578446
s:0.004562031476882488
