seemed:0.0629713865124432
silent:0.07863267797041269
there:0.01369819381458429
to:0.004114027343554719
most:0.02771038005920952
apart:0.06875609611479229
re:0.005581201534002545
file:0.04535053555908073
posts:0.060045036898039875
leading:0.06739140647360375
on:0.007567295899093879
utter:0.08437978597753144
you:0.00829550730460779
them:0.02187849509749613
sure:0.03256782119640602
a:0.010421672580943247
was:0.01321583782240874
are:0.019191384525409718
being:0.05808369940075069
moved:0.06654634835420813
bank:0.07107009011248612
his:0.055057583328515125
of:0.008706294876077849
kept:0.05960859138170409
sat:0.07759267915492031
who:0.019299296630355945
operator:0.08188644143032002
clouds:0.09185404400607607
in:0.0026519358491714994
system:0.03336152730212724
and:0.008547703309495294
for:0.004855953177792149
subject:0.0003984620431644522
similar:0.047235198326368674
the:0.0067500269551258475
sky:0.06957189331684997
nobody:0.05982521888743921
ends:0.07061362110693267
mr:0.050402323556468856
an:0.013401464754652787
people:0.022466763284673393
is:0.008020078414646683
time:0.02357477567020468
under:0.03622870786724835
earth:0.052545300934235054
by:0.014782619027121881
black:0.05267988591408862
john:0.08004413133080136
