region:0.05160941167313749
confuse:0.061636844498362604
all:0.010258793877917111
gaza:0.060311762343266385
document:0.04897670292286557
with:0.006288466417091907
much:0.01878706311354765
both:0.024147355723744497
to:0.004445803742228486
reporters:0.0631484783760098
civil:0.044873327736994775
behave:0.061636844498362604
that:0.00746031452547262
think:0.015481161586328552
like:0.01252300068288896
asking:0.03855304101761714
re:0.0040208656212706514
off:0.02347803707479947
joke:0.05278092977839077
these:0.017813290033321966
on:0.005451707798271935
you:0.011952666438897246
used:0.02123079041222436
a:0.0030032346792395596
beings:0.054542105140380305
other:0.014831268686364633
as:0.008603378066849661
terrorism:0.05392243726041648
it:0.0036866175240857202
not:0.0064829033180211285
rights:0.03734623031927749
neutral:0.05687337108516659
peace:0.04141543930551668
real:0.027501009182776856
corps:0.06514957815701905
war:0.03803037758680664
talk:0.03719993298534438
free:0.03104847090456705
be:0.012440027035214438
which:0.013891315403414171
get:0.014133053497754004
kill:0.039727226952724584
of:0.00836303593831134
notion:0.10634969037785208
government:0.02894209611415374
israel:0.1634609707027377
and:0.004105348542911719
for:0.010495124610066903
subject:0.0002870640526023473
i:0.0020526742714558595
will:0.012186078977454672
the:0.0048629226450906645
when:0.014061015514448775
would:0.02005698163665325
can:0.009296408520835629
human:0.0689428466932597
stops:0.058325374136821886
press:0.03857365979320072
arrest:0.05941518590306153
sides:0.04897670292286557
virginia:0.05247586851893683
strip:0.05769638266712717
too:0.02099481578348921
israeli:0.04491047004740431
palestinians:0.11329869729070216
by:0.021299687630476693
nations:0.05087217864693
s:0.006671357858666864
