confusing:0.10436255178473523
with:0.011696547535790946
c:0.0517219539085792
h:0.07066364248589033
that:0.0069380925086895365
think:0.028794960550571104
nt:0.01428157103444877
re:0.0074788100555634104
so:0.0204362119476984
this:0.01049964876742838
racism:0.22321682101918872
mean:0.052868441136597215
he:0.031802664150404704
you:0.04446391915269775
a:0.0027930082516927903
false:0.0837421718340236
steve:0.06414307693668773
misleading:0.12028918012063876
lets:0.09267228499359224
zionism:0.36632584705425986
are:0.01285822763202451
d:0.03643688444754071
statement:0.06946398839385612
writes:0.013225247820351248
were:0.031026065949445982
what:0.018408842059932623
and:0.0038179741449078986
subject:0.000533939137840366
i:0.0038179741449078986
alan:0.17602730767996957
listening:0.09875651248165207
just:0.02348777126931772
here:0.03600801811246792
is:0.021493810151253113
stein:0.23491233955875643
assuming:0.07936339343338004
hear:0.06627363128517615
told:0.0620043953345826
sessions:0.11247185394689853
