final:0.03672998473558662
all:0.00908636029186944
with:0.0055697845408528325
way:0.01649878875758613
much:0.01663997018628506
ca:0.019586177105641155
such:0.018314449556836178
hitler:0.04863716146787179
to:0.005250282514631737
h:0.03364935356470968
ii:0.034965712429620176
that:0.006607707151132892
nt:0.013601496223284545
its:0.019693567200325432
re:0.010684014365090587
off:0.02079483283767953
treated:0.046817587784417414
you:0.010586647417308989
why:0.03389947771721917
more:0.012108752626864058
a:0.0013300039293775191
how:0.012527266640277375
same:0.018496127147891547
wondering:0.06855111432109137
solution:0.03704625779269761
existance:0.05540713058843699
base:0.03668224624202906
it:0.009795869421142056
not:0.005742000081675857
rights:0.03307808971136006
virginia.edu:0.045772836191499085
has:0.02028141855022002
comparison:0.044447149237592416
writes:0.006297737057310118
get:0.012517847383724976
were:0.014774317118783803
thorough:0.05687523230107754
making:0.029281973246403845
of:0.003703630201252165
totally:0.07846695810606957
expansion:0.0440261388327877
what:0.008766115266634584
but:0.006336030688099146
beyer:0.05225134834125183
seems:0.0224427341845817
fully:0.03997765242740758
israel:0.07238985845406956
u.s:0.03359754667617808
andi:0.05328195390925404
and:0.0018180829261466185
subject:0.00025425673230493616
holocaust:0.04760869824821374
jews:0.03518697244384177
i:0.005454248778439855
alan:0.08382252746665218
than:0.013624774116375821
the:0.005025020066593686
do:0.006841123037204731
ab4z:0.05413540303963201
human:0.03053183210701501
just:0.03355395895616817
people:0.014335934667363024
is:0.007676360768304683
deal:0.03139347611200485
stein:0.11186301883750308
captured:0.053013659842904556
right:0.018474986607526663
palestinians:0.05017513737159667
feels:0.04872107222674946
offensive:0.04775987300208316
before:0.020249469211644232
understand:0.05706966215115531
by:0.009432718807782535
s:0.005908916960533508
