tv:0.01633043558729165
another:0.019116425261970507
some:0.005032486530747216
since:0.008624231135360694
report:0.016360897514977393
go:0.016770967687880407
israelis:0.04276119379254019
there:0.007911887806699547
form:0.014712848812421964
committed:0.019101096339077556
all:0.0041123613389926345
situation:0.030380450765298262
saw:0.014643881823859718
where:0.00796317585445587
your:0.010861484673976402
previous:0.014970687153848302
from:0.0036490183380611016
palestine:0.0693848739833124
organizations:0.020497862359002795
to:0.005940513621081168
arab:0.01925785342602098
most:0.008002566655030336
clock:0.0184919862827561
reporters:0.025313829693831513
us:0.008878777526659465
might:0.009168470413269163
trip:0.022166465675554383
palestinian:0.022285653310599684
that:0.0029905571158144553
think:0.006205810463485152
cleveland.freenet.edu:0.018458701601316834
reliable:0.019996093601052745
bit:0.011746052577826292
nt:0.0030779247919070626
re:0.0016118125119748729
so:0.004404356023210862
political:0.015537826627075538
national:0.014026611745635834
this:0.0022628553378078405
these:0.00714067229784027
fair:0.01820129110691329
on:0.010926914337053662
you:0.009582741196702101
orion.oac.uci.edu:0.02322738407873933
used:0.017021237140835047
machine:0.014020686872087702
them:0.006318358497983797
why:0.0076712180179052
josh:0.022577285416090265
more:0.005480254421641059
a:0.0012038828671089613
accurately:0.0247791200012885
was:0.003816642819402524
as:0.0034487679319699068
truth:0.030991875241487964
terrorism:0.043230919527747685
blood:0.018002903941416383
also:0.006394384188273993
learn:0.016422474916906172
course:0.010543757758189738
are:0.008313509244843434
month:0.01712846331632439
deep:0.01961118783532992
outlets:0.027227327059934792
tad:0.025395933982498297
it:0.002955650256379069
not:0.005197500073930732
reported:0.017798998262981307
try:0.010501679622169796
interesting:0.01408631276690264
whether:0.012316631831387174
rights:0.014970687153848302
kind:0.01187727024553043
neutral:0.0683951316067305
against:0.011134831000680374
always:0.01145239697413236
after:0.008315576239935134
virginia.edu:0.041432308621615545
determine:0.018803713272323455
be:0.0024933674876615143
which:0.0055685014332651625
writes:0.005700537853599676
get:0.01133081013182002
kill:0.015925138390531834
of:0.005866741805862804
germany:0.018123904022358996
reporting:0.023993251222004214
what:0.0079348457154882
but:0.002867600095906941
happening:0.019568084027853264
beyer:0.023648239550997593
disappointed:0.025395933982498297
beyond:0.016834328437235372
they:0.004021205278050619
one:0.008476818170479504
tim:0.035154390514967146
in:0.006892747056251786
our:0.009611100961122386
or:0.008719544711677827
andi:0.02411467741582618
and:0.0024685177661042446
for:0.001402365788414112
subject:0.000115073090051803
jews:0.015925138390531834
i:0.0016456785107361632
usenet.ins.cwru.edu:0.02244987678573878
we:0.005809240972905043
allow:0.030226505787712
agenda:0.022843989742461334
than:0.00616638483715285
coverage:0.019948985538413996
the:0.004873403081825774
do:0.012384791705284426
see:0.007626662764703345
ab4z:0.024500936720523107
writer:0.0219748632506801
propaganda:0.04380109023899376
last:0.009397252379566802
human:0.013818286082916275
people:0.006488246293418609
many:0.007987935463698678
press:0.015462717072274423
biased:0.02244987678573878
arrest:0.023817294349072076
is:0.006948430005793032
either:0.010791218565143784
recent:0.016371099519331987
events:0.017536848521450966
too:0.00841602529251938
israeli:0.05400871182424915
tclock:0.02411467741582618
article:0.010478442417887082
give:0.010186363238603478
side:0.013880879649013763
understand:0.01291447096092954
needed:0.014378546078172504
by:0.00853823685187212
says:0.01103890838115331
sometimes:0.015105630708266595
unlikely:0.020551407703824163
doubt:0.01500031163353693
s:0.0026742943140345616
news:0.01322791601794577
