since:0.03280035448202757
divine:0.08371970416600881
argic:0.39888251312298834
join:0.07517385295890577
andrew:0.061728822281508174
where:0.030286177020225603
wisdom:0.0796638324723393
to:0.002259342885394805
a.k.a:0.09789999002644495
omitted:0.09895799856968383
been:0.02405312110199081
nt:0.011706205765941615
this:0.008606269481498672
friendly:0.08491248046572077
zuma.uucp:0.16288206817442233
a:0.002289351025977697
same:0.031837595910305126
sera:0.08131636852351905
million:0.06415592228083834
exact:0.07001551426792244
serdar:0.39831916236169645
neighborhood:0.09627554899949034
has:0.017455319244041822
alien:0.09292972348566222
be:0.009482971428483138
writes:0.010840367065861679
get:0.021547114349034793
david:0.040925331792532695
in:0.002912781998270336
2.5:0.07977650262459768
and:0.006258974008045736
for:0.005333587916591377
subject:0.0004376550310166934
i:0.006258974008045736
the:0.004942642688452807
do:0.011775703588631094
can:0.014173212990782186
fan:0.06556649156540449
club:0.07922073948237339
koresh:0.06695407587940577
just:0.01925227153222764
is:0.004404469293289573
readers:0.07458681275076297
life:0.045743923824405085
article:0.013284145578960673
by:0.016236647128150265
s:0.010171086571410137
