muslims:0.106355536712448
read:0.027313289902384602
objective:0.05371813662327644
behind:0.04250292049396022
final:0.046465643340199946
keeps:0.05752043614820243
matters:0.057295229726369266
from:0.010199665716026212
posters:0.06579606949213436
to:0.004981442747316256
attacks:0.05537441361880177
h:0.08513691865769919
cleveland.freenet.edu:0.05159540688560851
re:0.004505307262387597
he:0.01915823141590645
on:0.006108540063123976
great:0.030376514322080446
etc:0.02797980707781007
them:0.01766095387388242
dying:0.06131940013752613
as:0.009639929641168898
said:0.026403672634499185
danny:0.06610110332327038
sons:0.06775412888367381
cry:0.06946461395922064
between:0.027986335494535008
jokes:0.07476523184089937
cs.brown.edu:0.06906297034153883
has:0.012828608119115074
hiding:0.07031044840106701
his:0.022222036644641646
which:0.031129935723313684
writes:0.01593403351849548
kill:0.044513639838595014
of:0.002342657657418538
beyer:0.06610110332327038
well:0.020275516989799337
one:0.011847119370790632
in:0.00428143859986724
heart:0.0478431640125978
battle:0.057983885314802384
or:0.008124234430157655
and:0.00919993769857325
for:0.003919865818217759
subject:0.00032165008303636504
jews:0.17805455935438005
alan:0.1060405467951624
will:0.013654281263894993
the:0.007265089252906535
come:0.028930044270715768
mr:0.08137242598273287
makes:0.03365033593074668
about:0.011867664823155079
speaks:0.06579606949213436
stein:0.14151345756551592
involved:0.043384061892359854
trees:0.06967057098764595
stance:0.0744522741733902
realize:0.04715073806182095
s:0.0074751359139279315
