some:0.006949624256746155
racist:0.03297044826974323
out:0.007012958923097975
form:0.02031774359810652
know:0.007344494795585129
all:0.0056789751824184
opposing:0.0320759113468305
situation:0.06293093372811782
your:0.0074995965606027525
with:0.01044334601409906
such:0.01144653097302261
often:0.018495954692135153
name:0.016441860153751493
to:0.0024610699287336262
hardly:0.025991886015413822
most:0.011051163475994273
ii:0.021853570268512604
civil:0.024840592140122103
palestinian:0.030775426000351942
that:0.0020649084847290285
think:0.017139857470578036
cleveland.freenet.edu:0.025490587925628007
crimes:0.02934788998086298
like:0.006932375378027816
nt:0.00425046756977642
need:0.0114357261398645
re:0.002225836326060539
political:0.021456998675485266
ti:0.022551553906259895
you:0.009924981953727175
names:0.024386292928457613
m:0.008147706619738524
more:0.01513594078358007
a:0.0024937573675828484
false:0.04984653085358547
as:0.0047625842870060615
genocide:0.02681882335011735
said:0.026089343198374193
intellectual:0.031805301977326
also:0.008830340069521228
not:0.007177500102094819
disagree:0.025288029898328533
calling:0.024482146544925344
completely:0.021410676410949226
virginia.edu:0.028608022619686924
attempt:0.022956240459741636
nazi:0.029994519986832002
call:0.03163042973807985
comparison:0.05555893654699051
writes:0.003936085660818823
get:0.007823654614828108
making:0.0183012332790024
if:0.003988990593829817
of:0.010416459941021713
germany:0.025028248411829088
expansion:0.027516336770492308
never:0.013118685897987264
beyer:0.03265709271328239
they:0.005553093003022283
in:0.0031728518195444726
government:0.016021517491763674
compare:0.025653041153532813
israel:0.022621830766896733
or:0.008027517353608158
andi:0.03330122119328377
and:0.004545207315366545
subject:0.0001589104576905851
holocaust:0.14877718202566792
jews:0.04398371555480221
i:0.004545207315366545
person:0.016697585946868158
valid:0.025559668557296505
any:0.012181991265342943
circles:0.03321678884214117
than:0.008515483822734888
the:0.006729937589187973
do:0.004275701898252956
when:0.007783776445498427
ab4z:0.03383462689977
complicated:0.029570851662618337
atrocities:0.034023607246880604
maybe:0.015761387394894785
an:0.005344631777153194
myself:0.019838345607130256
during:0.01743077089168137
people:0.01791991833420378
statements:0.025092138623990453
about:0.005863191549534949
including:0.018928379205537083
is:0.011194692787110995
either:0.014902158970912845
argument:0.0209448895246412
itself:0.020018189527347498
suffering:0.02798474313106174
wwii:0.03265709271328239
ignorant:0.11902174562053433
first:0.011175921603518102
israeli:0.04972230612391191
position:0.020493112840548878
before:0.012655918257277644
by:0.011790898509728167
s:0.0036930731003334424
