above:0.011786389740816213
land:0.01721485863890795
some:0.0050542721867244764
content:0.02050716419316213
contributions:0.024281358865470882
dan:0.01720261250816995
all:0.008260327538063127
paragraph:0.021473153592790742
defense:0.016987907135272234
where:0.007997648477202432
carter:0.021640317385551697
your:0.00545425204407473
lincoln:0.02526306154670373
times:0.012166563383086696
from:0.003664814954243184
members:0.0159664169199334
my:0.00822696330156105
ground:0.016783349192196283
to:0.0011932460260526674
building:0.01645224055774308
within:0.014010606997068475
social:0.01879585364491907
territory:0.022675022582393685
most:0.008037209800723108
ten:0.0174285248595577
value:0.016163865020591636
ii:0.01589350564982735
memorial:0.12516574441503492
bunch:0.017559320437897513
that:0.0015017516252574753
view:0.014741769492574162
through:0.020514833714500667
its:0.008951621454693377
re:0.0016187900553167555
this:0.0045453024967222425
federal:0.017105870955390744
begins:0.023131128710782545
on:0.008779373597217142
american:0.013969849425923012
united:0.033952571280322225
theodore:0.023534117555224155
europe:0.017805197487218434
a:0.00604547240626145
hard:0.011706638106387486
false:0.01812601121948563
j:0.013221336188436635
quick:0.01757262000082812
was:0.003833165082689981
as:0.003463697663277136
failed:0.018343282840801018
minority:0.021473153592790742
private:0.015366584950972085
intellectual:0.023131128710782545
standard:0.013177681993343016
washington:0.016619971148980492
jake:0.09413647022089662
american-occupied:0.025675659727674834
no:0.009746716330584502
jefferson:0.024675176087140694
museum:0.1007402374335218
18:0.016739175295338093
it:0.0014842226395669783
reported:0.017876050203513693
have:0.0022132061175223067
mistake:0.05802366227060868
only:0.00577288414835189
massive:0.021606364236369763
states:0.02989488948446479
historical:0.019546425254248708
after:0.00835157440547598
war:0.015310931236246828
has:0.009218826613736372
writes:0.0028626077533227805
down:0.020470697635958077
of:0.013467746186371508
america:0.03409297449754513
costly:0.10452706342425477
impression:0.02048100698772506
reading:0.014226502365207751
years:0.009652707458789583
version:0.013508530769115085
fact:0.010382108781943027
york:0.01629076713171187
easy:0.014344941836618214
bony1.bony.com:0.04948888326818997
now:0.014302289159118999
george:0.01723945532058514
clear:0.014275977238903087
in:0.004615057192064688
israel:0.01645224055774308
u.s:0.03054322425107098
world:0.010914505146028904
and:0.009916815960799737
subject:0.00011557124195678917
scan:0.022675022582393685
holocaust:0.0649209521566551
group:0.011675826557604524
employer:0.01956749101031439
marks:0.024607001381650912
will:0.004906083744170063
yet:0.011385578972667376
the:0.006526000086485307
tolerance:0.024744441634094984
americans:0.018538609400456735
propaganda:0.02199535267412674
ny:0.018186984119406578
an:0.0038870049288386873
during:0.012676924284859179
bush:0.02022777665577005
current:0.013689375427406138
interests:0.021312205526809125
is:0.002326169929789298
today:0.012290589895230965
new:0.007463201579582454
jimmy:0.02298918142583453
goes:0.013952498683942324
1993:0.01311539308662397
campaign:0.022341857902150708
nation:0.01940176725892471
first:0.016255885968753603
livni:0.04962966699868157
article:0.007015869093650225
replaced:0.01872574677946461
confirmed:0.02308329392209603
opinions:0.024723897450389977
april:0.014727938796052433
by:0.008575198916165941
built:0.01598483824274785
devoted:0.024814833499340785
dangerous:0.05460708744399074
