ian:0.06610110332327038
some:0.014066709338956075
israelis:0.05976263228836942
behind:0.04250292049396022
tel:0.09796260432044282
gaza:0.06757823973402137
where:0.022258515641370626
fax:0.03685112457690831
ca:0.024777693928823147
to:0.004981442747316256
politics:0.05896795797762488
clock:0.10337688717107027
reporters:0.07075672878275796
cleveland.freenet.edu:0.05159540688560851
could:0.018182038015976596
me:0.013055285306078853
re:0.004505307262387597
student:0.04847009002612858
these:0.01995946955540895
you:0.006696373366370143
orion.oac.uci.edu:0.06492473622009066
used:0.023788716967914045
society:0.044773870101287326
m:0.016491743519470747
a:0.001682535091381199
was:0.010668206434956454
terrorism:0.06041911644841846
california:0.04794541237256549
university:0.028317350621670526
neutral:0.1274511689378432
details:0.04596170942518476
soldier:0.0717021699326555
writes:0.01593403351849548
kill:0.044513639838595014
of:0.009370630629674153
trying:0.03248588220564333
department:0.04178404316497514
eh:0.060039614435654955
please:0.023077293456689817
tim:0.09826287469243829
in:0.00428143859986724
and:0.004599968849286625
still:0.02459890460517527
subject:0.00032165008303636504
murder:0.05154915656865469
purpose:0.04531182520656129
i:0.0022999844246433124
actually:0.029449567796398613
event:0.05003302347225268
the:0.0027244084698399506
home:0.03529353074531745
an:0.021636099724379198
about:0.011867664823155079
irvine:0.13129280115297817
observer:0.06793262389313333
arrest:0.06657364203596051
recent:0.04576018178897616
israeli:0.10064274010623135
tclock:0.06740488145146595
article:0.009763046750802423
killed:0.044009457791179346
give:0.028472726160915743
understand:0.036098280276333175
by:0.023865915055835327
sometimes:0.04222296776286567
