scholars:0.04757636139747845
such:0.016436044474083752
work:0.017308311658036785
cpr:0.04566915155718606
name:0.023608824836155996
to:0.0023558960001552665
martin:0.03969746471158297
published:0.035043565937705565
that:0.0029649967985852723
think:0.01230553869682526
re:0.003196072673317697
this:0.004487029387789906
something:0.017014199291995925
on:0.004333408762728974
american:0.027581497584514666
philosophy:0.08366394037851052
consult:0.05069296920592212
includes:0.0322030288156611
a:0.002387186539908368
other:0.011788957160956504
intelligence:0.03863325148190278
was:0.01513608776241685
as:0.013677165131914847
perceived:0.050194944350161634
learn:0.032564223766856686
are:0.005494969073514749
those:0.015862526959722737
judaism:0.2478653476361745
base:0.032919964576179926
book:0.02657861974943311
investment:0.0464647961987759
einstein:0.04806489484910194
not:0.005153076996375769
should:0.028082258841597946
analysis:0.036801419961559806
have:0.0087393267204727
stay:0.03374955186543746
suspect:0.033180299682886834
nazi:0.04306905434006647
his:0.015764350782096214
be:0.004944113308867276
if:0.01145556273099845
of:0.008309426733578575
converted:0.04335398100902024
years:0.01905790959812302
english:0.037761969102902825
latest:0.03560980000216027
they:0.007973672004339691
who:0.033155201903432005
policy:0.032792711477942736
in:0.004555889792166422
citizen:0.04171158779710364
albert:0.043876668386399136
rather:0.021995586777033022
and:0.008158064412196365
for:0.0027807595120690086
subject:0.00022817911873519915
spoke:0.04380001308740118
however:0.02048802482219584
jews:0.03157805219319134
i:0.003263225764878546
any:0.008746045011015448
research:0.02638744855159639
detailed:0.04226718463735147
than:0.012227361386491123
the:0.0032211667093549274
do:0.00613946939236322
would:0.0159427289932372
reasoning:0.04096790081428629
an:0.015348686129260459
many:0.01583932502203499
about:0.00841894171215275
head:0.029511621670561396
is:0.002296347238381743
christianity:0.03287733601625652
center:0.027919921653613754
their:0.012937466825484736
plo:0.05140563253018751
israeli:0.03569806593511625
very:0.014899508476781603
jewish:0.03268809562414358
thus:0.028473120280994066
by:0.008465260468522789
wish:0.031932286451100675
dangerous:0.03593799771954946
igc.apc.org:0.045297483933769485
