tv:0.01654437142467975
racist:0.024187927114920797
bait:0.0265585165363645
at:0.003847008788010616
say:0.008286222595054774
there:0.008015536991940152
know:0.005388100985407431
all:0.016664940273297662
serbs:0.023481189012517244
with:0.002553831339692346
turkey:0.08549066396756096
from:0.0036968220717474914
sell:0.06078728906516275
themselves:0.014132970376955534
both:0.019613136090028276
my:0.008298814509434945
to:0.007222004332353698
then:0.006968909824348485
casper:0.05896993842063508
us:0.008995093389454131
day:0.022212253587448664
worse:0.017009019272228764
civil:0.018223665849521894
she:0.014476604737547957
that:0.0045446020799276435
weapons:0.05239592994091275
really:0.00852137879122675
nt:0.0031182469507530066
serbian:0.026264013126777022
me:0.009463656597419604
anything:0.010136424237202636
re:0.0016329279597300022
this:0.002292499730879559
on:0.006642037011868426
you:0.007281209468236531
american:0.014091856844490025
concerned:0.01758073905047087
defend:0.019781198355804566
europe:0.017960701395403747
inside:0.016393255576743173
m:0.005977356821467564
other:0.006023178986165549
want:0.008264619946341404
wings:0.01995677224435496
was:0.0038666425069929502
commercial:0.018193653276212886
as:0.00698789659578182
guarantees:0.02589990129734885
ending:0.0500631138720325
arms:0.01769930232150122
military:0.01690759197698939
far:0.010870646603150225
flaming:0.02407147188748778
are:0.008422419846304263
furthermore:0.02146657955180711
forces:0.019235899972042957
christians:0.015707395794932185
reason:0.011669047703094007
place:0.011875229769940722
it:0.002994370565414602
not:0.007898384391824867
should:0.007173852149491177
ken:0.036035569442050754
bosnians:0.024014388561866152
deleted:0.015342268545844265
made:0.01015536922234935
try:0.010639256211106517
massive:0.02179506610742976
second:0.012007405138219504
after:0.01684902783986857
open:0.014432142265298526
be:0.0025260316905566433
which:0.0056414512337009505
writes:0.0028876086943998352
if:0.00877926314100536
of:0.0033963421059517666
losing:0.021498338326169902
congress:0.019068283190347257
what:0.004019397829679612
3-4:0.025251779004255955
but:0.0029051669093904378
happening:0.019824434473633
europeans:0.049643819381321924
instance:0.0186670563264626
equal:0.01946989231323993
must:0.010119914530478153
they:0.00407388482317792
accept:0.015598742229968267
good:0.007074278826897376
one:0.008587868190180108
difficult:0.016276018677021827
jyusenkyou.cs.jhu.edu:0.026359990885374295
in:0.0015517877894715324
or:0.005889183036708169
and:0.0025008564267955664
for:0.002841474785258288
subject:0.00011658059778173928
welcome:0.018269075051359874
i:0.0016672376178637112
we:0.01765603369930965
oppose:0.025327725478980274
any:0.004468503346239333
allow:0.015311243106439268
embargo:0.1157069795223202
than:0.006247167171264022
coverage:0.020210325960314617
the:0.0036206476462356256
do:0.003136759471207409
when:0.005710368746042515
would:0.004072705878185048
americans:0.018700518652862468
vietnam:0.025988122726682994
wars:0.021044628304256578
instead:0.013396219701242974
an:0.011762857710415764
just:0.005128334338278978
people:0.0065732451531577175
including:0.013886321862577423
bosnia:0.044678712522346654
is:0.007039457473117831
clinton:0.01600504929463071
yugoslavia:0.025177130823647656
argument:0.015365683144714941
white:0.014842660025417433
recent:0.01658556807198699
days:0.013005469976201625
does:0.010641823706004586
sides:0.059670306181133156
served:0.044153787421301195
automatically:0.020581666758069692
first:0.008198929385987078
article:0.0035385715297668163
difference:0.01400503863246457
jewish:0.016700904751199994
christmas:0.05291625125417267
arromdee:0.10325370776937479
lots:0.015933165988717732
aware:0.01789038083834445
letter:0.017821174758693693
seem:0.02410229305585797
favor:0.020793432478325633
