some:0.006596253531826859
out:0.006656367791415027
there:0.010370384017820875
all:0.005390213732464922
gaza:0.031689231061716235
river:0.030853524112130798
watch:0.021718439777256213
fax:0.01728047084679881
with:0.006608218946774546
into:0.010117536175041731
from:0.0047828940928258505
prevent:0.022728912272139388
several:0.015923454079476818
my:0.005368442154408482
occupation:0.06037616646543241
to:0.0023359307798149673
job:0.0392258593817986
territory:0.029592826082107015
lebanese:0.03297043625586758
that:0.007839652552191566
arabs:0.02686725461744999
re:0.002112658207786274
boulder:0.031143316735789277
so:0.01731882368449017
voice:0.020488668369695866
had:0.008668974495379294
big:0.015682376010551172
on:0.0028644566397699996
you:0.0062802145695900775
combined:0.02865771626019982
am:0.009233538738425794
temporary:0.08929473600029916
working:0.017901350342975183
support:0.015474329432392688
terrorists:0.029210573830842523
why:0.010054929831378567
a:0.003944926909170607
303:0.06679406519544302
as:0.01356125695283082
steve:0.018119513258951336
let:0.013023377077699575
those:0.010485399176765876
internet:0.01613860984810512
territories:0.030853524112130798
lobby:0.03307410370597039
co:0.025790879905596132
it:0.013559254283501717
not:0.006812542469784914
couple:0.017830462116692196
proof:0.023655980744074462
moved:0.025189860676451663
peace:0.04352130910071244
goverment:0.03536486702861538
against:0.014594806735355065
bank:0.02690223750020661
real:0.01444968279095055
west:0.02303903559172988
attack:0.022309025809356963
quality:0.021718439777256213
lebanon:0.030783340383325388
be:0.0032681426956919285
writes:0.003735945711963629
were:0.017528850818896036
if:0.007572321127270161
of:0.004394137526909348
expansion:0.026117201002501172
but:0.003758662272601188
they:0.005270732341851659
who:0.007305383470247731
authority:0.023898148565722952
over:0.01133299860180428
in:0.0010038401236976864
southern:0.028562760789485803
israel:0.10735784092764553
yes:0.01506692582205587
force:0.020192113665620178
and:0.004314095078991976
for:0.01102877501396861
subject:0.00015083026492665705
i:0.001078523769747994
everybody:0.04607807118345976
away:0.01564397506397554
back:0.011900320452358969
water:0.023164391043568083
will:0.0064028550559507595
the:0.003406793265487245
when:0.0073879912025069825
agreement:0.05579463982014241
can:0.004884553629591601
road:0.02039916602243226
mr:0.019078845640019285
an:0.0050728708393318455
just:0.0066349636354004855
jordan:0.03106946316761214
long:0.026896172261113953
many:0.010470062302701094
is:0.010625471119969759
stein:0.03317970897722548
suite:0.029882618705765494
gave:0.020971039056711254
questions:0.017085742018336226
electronics:0.02548238197319584
2:0.011007963571160502
hear:0.01872136476982377
1:0.011065106734037902
cities:0.027416202348826538
article:0.004578151866195486
s:0.024537028056452703
intergraph:0.03317970897722548
