above:0.022879462438055
there:0.007712428450228129
k:0.03183748786766103
tel:0.03416342923780148
nowhere:0.043369488868880784
ever:0.022213630729662693
among:0.028945424100721217
your:0.010587665732615652
way:0.014557754786105406
much:0.02936465326991481
to:0.002316301109396354
politics:0.04112891186674676
clock:0.07210320701847757
owners:0.03628275179318696
h:0.02969060608650854
ii:0.03085209920260603
arabs:0.039962219052845784
re:0.0031423571662031135
so:0.00858664367550353
student:0.033806869514022446
on:0.012781735090066132
orion.oac.uci.edu:0.09056727909693318
ownership:0.044716906096403296
society:0.03122883376812477
jerusalem:0.04376782701085208
a:0.0023470657577250335
as:0.026894593620740113
muslim:0.03560754904390786
based:0.05077147919160575
third:0.0306956722409066
role:0.037090376248458755
are:0.005402616652111138
it:0.008643414195125343
not:0.010132941320604452
have:0.008592447279792484
second:0.02310668719875854
plays:0.04161975860755697
absolutely:0.03363410710208096
be:0.004861018967541776
which:0.010856238088382502
writes:0.005556826815273633
were:0.013036162163632766
if:0.005631516132465624
of:0.0032679090011048513
department:0.02914349229153728
gives:0.03055902920837063
expansion:0.038846593087753845
what:0.023204422764620956
central:0.03849084213122813
well:0.014141747144145754
they:0.007839660710149106
tim:0.06853629075186872
in:0.0044793202158274915
point:0.018500302195462694
israel:0.06387340451829666
identity:0.047766532093792946
and:0.0032083816343763854
subject:0.00022434417556317895
i:0.0016041908171881927
we:0.011325579039613192
any:0.008599052657889137
the:0.00380043534448262
nobody:0.03368310643242376
possession:0.048593759596425326
home:0.024616496234128978
did:0.01381437851632744
claim:0.02743898356974778
mentions:0.048450108895927005
religion:0.029844800529098426
paul:0.027521197404277793
is:0.009031012668593744
right:0.03260291754269411
keep:0.022263988101898495
does:0.020478803602311347
2:0.016373189513406796
1:0.016458183965753853
met:0.03965660859762835
tclock:0.09402697748691888
article:0.006809520002660512
jewish:0.06427743173150921
understand:0.02517779212550969
s:0.015641250777882816
