you:0.05557989894087219
uunet:0.37769923124172855
serdar:0.4859493780812697
frank:0.39161743765506224
are:0.06429113816012255
internet:0.28565339431146064
uucp:0.42336286073360735
what:0.09204421029966313
subject:0.00266969568920183
bu.edu:0.5299805620251029
