another:0.014034843863218852
some:0.007389473893249077
cite:0.03315145706666418
go:0.012312862353127388
know:0.015618672476687365
all:0.01811521197429667
sounding:0.03806619624070847
your:0.015948509141534967
to:0.003489111797698306
most:0.011750604202323024
ii:0.023236707627279227
civil:0.0264127815160792
that:0.0021955988951549163
think:0.009112329288155413
crimes:0.03120535137205684
like:0.0073711333133460325
nt:0.009038969009144792
re:0.0023667120428998135
political:0.022815036566338764
this:0.0033226736605786013
ti:0.023978867444630778
something:0.012599122260528626
you:0.014070860491360047
m:0.00866338425389919
more:0.008046955859624847
a:0.0008838633707888577
j:0.01932992822486622
was:0.005604184393046744
as:0.00506401367225961
said:0.02774056745143585
stating:0.03448513448005439
tortured:0.03659909741756085
it:0.00216997107430362
not:0.015263544520910503
term:0.024668859455154797
area:0.020306753447211057
against:0.016349878431378775
second:0.01740313782691308
directed:0.032903224704934564
virginia.edu:0.030418656962705085
attempt:0.04881833414223538
nazi:0.06378581465554148
call:0.01681617783543486
suffered:0.06681964824117971
without:0.014222851169636045
writes:0.004185205006440268
were:0.009818375300457588
if:0.00848291670586594
of:0.0073838197050280505
germany:0.053224629534016285
expansion:0.029257877072422202
never:0.013948982473809242
beyer:0.03472399731538887
oh:0.020441241671781477
order:0.01774884089324362
shut:0.029867952045049204
who:0.008183878950847141
up:0.008502913736407498
one:0.00622348675807356
in:0.003373665225844756
government:0.017035537586179098
our:0.014112502677091097
israel:0.024053592207839567
or:0.0042677940360954765
andi:0.03540889342070679
and:0.0012082196661100946
for:0.002059170018430848
subject:0.00016896808159505252
holocaust:0.09491607562143878
jews:0.04676749502029603
i:0.0036246589983302837
appreciated:0.021422545058077485
we:0.00853002471970867
back:0.013331371645997073
any:0.006476501685372198
yet:0.01664600470054534
than:0.00905443849505988
the:0.004770588670816791
do:0.009092631884892363
uh:0.03254822808056086
merit:0.03741313145440954
ab4z:0.03597605898203393
fancy:0.03381829577335929
maybe:0.016758943559128634
simple:0.020880940233900257
an:0.011365799222300464
myself:0.021093937101252423
just:0.007432839009277759
during:0.037067968478512285
people:0.009527045190336186
about:0.012468559244580651
including:0.020126377889431835
beloved:0.03834753651014412
minors:0.03820530324525768
general:0.018660951665111083
is:0.0034009193277299227
argument:0.04454103088784458
suffering:0.029755929405179574
wwii:0.06944799463077773
ignorant:0.03163869187381292
first:0.023766516827734698
israeli:0.02643464376207975
show:0.019051067529967294
sign:0.027428557379069973
before:0.01345692574191547
by:0.006268578954539025
todd:0.03221208994566246
s:0.007853623808304028
