school:0.3030437063163421
go:0.16211935431617724
to:0.011484993000756923
uunet:0.3147493593681071
serdar:0.4049578150677247
frank:0.32634786471255184
internet:0.23804449525955051
uucp:0.3528023839446728
subject:0.0022247464076681914
back:0.17552972667229477
jerk:0.5128517457005913
bu.edu:0.4416504683542524
