some:0.0154982771035401
go:0.008608107308823571
out:0.005213173004780796
say:0.016792433400597728
there:0.008121937925461481
involvement:0.024630240192499903
case:0.010936332333215733
take:0.009405969603255324
with:0.007763195267117885
turkey:0.0216563739475348
ca:0.009099772549081066
equally:0.021209045996776532
from:0.014983579724427886
work:0.00896049762827568
to:0.004878581097666658
remember:0.01231249573681961
cs.cmu.edu:0.045837710693884655
arab:0.019769123870959592
besides:0.017920738027154375
most:0.0164300483536906
us:0.03645798913601763
might:0.009411881132205513
that:0.006139904874946492
quite:0.011753094611103547
appears:0.01725796914776253
like:0.005153270192516253
nt:0.012638558437565284
happens:0.016531316437074242
re:0.001654603994593675
so:0.004521285829136815
this:0.002322931143236367
mean:0.011696557773583454
overwhelming:0.02558697961050714
these:0.007330247668579392
big:0.012282214840121935
on:0.0022434018815897785
you:0.0024592875637554066
etc:0.010275769856009892
nelson:0.04699558326874139
them:0.006486102528903721
names:0.018127863769826898
why:0.01574975734649563
a:0.0012358443591561018
other:0.006103132689521729
bigger:0.020625295806322778
nor:0.015285570783077004
as:0.007080656285106357
said:0.009696924020634656
challenge:0.020881134615565372
let:0.010199724525454977
election:0.024883153528074894
harder:0.0216563739475348
oil:0.019831009897396494
stuff:0.012935471472007177
rich:0.02008759068345999
military:0.03426405807726168
across:0.017075947441742664
far:0.011014947221776114
hmm:0.021948223362542752
mind:0.013405556650487331
are:0.01706844375932457
no:0.004981175823816415
helping:0.022918855346942327
those:0.008212016169413982
neighbors:0.023895792681551842
it:0.006068237694512778
not:0.005335486801557212
austria:0.026612650469167866
texas:0.01755827288349116
have:0.002262170854635632
made:0.01029017500848673
always:0.011756442911498705
apollo.hp.com:0.07927300077362577
troops:0.020700506321227958
be:0.0025595630846790766
which:0.005716337754502291
writes:0.0058518795665271
get:0.005815814049960718
of:0.003441426293198914
even:0.007429909060911618
what:0.004072752668126687
but:0.00294373107190447
forgot:0.021237501263724718
york:0.016651182333740897
gulf:0.025082801471793786
well:0.01489263637303845
they:0.008255925880599502
risks:0.024630240192499903
saudi:0.027015180461228604
in:0.0031447734848582386
resources:0.01952988837861324
become:0.014655852985819237
point:0.009741309563097614
or:0.008951037049155999
force:0.01581417751687952
and:0.00422342272666803
gets:0.01476688647076462
for:0.002879193477098
subject:0.00011812812784078892
i:0.0033787381813344237
everybody:0.018043846459009683
we:0.005963468609353849
back:0.009320162478174944
than:0.01266018833822532
the:0.003335190309686075
do:0.009535193613803053
when:0.011572340202156955
thank:0.016064134100750062
supplies:0.024509005793437445
can:0.003825513240874838
planet:0.0209341266113473
peter:0.032583124609079264
mohammed:0.027821913013414242
forget:0.01698766962572785
come:0.010624750771988533
people:0.006660500619792555
about:0.004358478673990582
is:0.002377633866289061
deal:0.02917092913062397
either:0.011077711093421939
white:0.015039686485931824
new:0.015256633317553512
right:0.008583511476948228
time:0.006988982167715547
events:0.01800242857069303
does:0.010783086852544472
lot:0.010967050390554825
man:0.012823227162810613
their:0.006697715126467761
campaign:0.022836146793791208
handle:0.017975030472250898
loaded:0.02065022420330621
count:0.03772894315517531
article:0.007171087436430097
arabia:0.026709902268808466
represent:0.021266140708439837
apply:0.01769715037827289
nations:0.0209341266113473
s:0.016471759668743848
