another:0.010033960770989045
some:0.010565944571342573
since:0.009053491508613943
cite:0.023701041703768966
go:0.00880286086784673
know:0.011166290729939384
all:0.012951147022347844
sounding:0.027214746633628682
thanks:0.009019849072018839
your:0.017103152337302207
with:0.002646277723029626
ca:0.009305649756073852
my:0.004299612042218558
to:0.0024944781178114586
most:0.008400884452339538
ii:0.01661266880140325
civil:0.018883346061269294
that:0.004709112562458961
think:0.006514696957142785
crimes:0.022309708220746523
like:0.0105397200317527
nt:0.00969337400528197
could:0.006828548214145057
me:0.009806232401851083
anything:0.010503353621354768
re:0.001692038474109369
so:0.00462357736373267
political:0.016311202613038575
this:0.0023754861464770093
ti:0.017143262697971326
something:0.009007517272233135
you:0.012574637769428096
am:0.00739518713439532
names:0.018537996434302623
m:0.006193731729032001
more:0.011506054532314262
a:0.0006319023193875091
dealing:0.02132670446876905
demonstrated:0.02339489397311822
was:0.004006611466522107
as:0.0036204260643304003
said:0.019832622883831967
physically:0.024279473249062565
stating:0.02465453053325156
tortured:0.026165870551921332
others:0.012200580194879622
are:0.0029091012742136903
it:0.006205528140089991
not:0.010912398345266333
term:0.017636560153459088
calling:0.018610862531888952
only:0.006034100625652881
area:0.014517950428322839
kind:0.012468446592593031
against:0.011689053358180303
second:0.012442062337793063
facts:0.018326184588854703
directed:0.02352357241348263
virginia.edu:0.04349455022721633
attempt:0.03490179545010494
nazi:0.04560252812477626
call:0.012022425782799582
suffered:0.09554302644440177
without:0.010168373234400431
writes:0.005984275031833144
were:0.007019471934263798
if:0.006064709681116827
of:0.007038573233148911
germany:0.03805199758540531
expansion:0.020917396278021305
what:0.004164896393649915
humans:0.020408966557717935
never:0.009972575705257287
beyer:0.04965060249621214
oh:0.01461410038073065
order:0.012689216566210372
shut:0.021353558475646038
they:0.004221355767003366
who:0.00585091798295859
up:0.006079006200689524
one:0.0044493706234191065
in:0.0024119416546763413
government:0.01217925311591085
our:0.010089481551947483
point:0.009961701182172222
israel:0.017196685831849103
or:0.003051183066529798
andi:0.05062991095449479
and:0.0017275901108180537
for:0.0029443336010142444
subject:0.00012080070991863483
holocaust:0.06785855180175261
jews:0.05015337701271565
i:0.006046565387863187
appreciated:0.01531566569763006
we:0.006098388713637873
back:0.009531025882658542
sad:0.021407749385359682
any:0.0046302591234787666
yet:0.011900763541566352
than:0.012946617938637658
the:0.00375171181442515
do:0.006500614650737527
uh:0.023269773921848945
merit:0.026747849637089174
see:0.008006270413625232
ab4z:0.05144088071639241
fancy:0.024177786118510264
maybe:0.011981507159920019
simple:0.014928455008851768
an:0.008125775009608477
thought:0.01214744979724757
myself:0.015080733312207618
just:0.0053139754002981265
during:0.026501081536673944
people:0.02043357203719164
many:0.008385525011665581
about:0.008914173577573499
including:0.014388994147195612
beloved:0.027415885830781774
minors:0.027314198700229476
general:0.013341313860124668
is:0.003647139731547474
argument:0.031843813937916035
suffering:0.021273469891485854
wwii:0.04965060249621214
ignorant:0.04523903453450174
first:0.01699144641982843
israeli:0.01889897608329684
show:0.013620220225044492
sign:0.0196095568592446
before:0.00962078853946898
letter:0.018466285157198448
by:0.008963216966671187
included:0.016935662671950086
s:0.005614807971547678
