seemed:0.06114612893237239
silent:0.07635346991329928
your:0.01825988727798931
with:0.008475759083906484
to:0.005992170261264482
fantasy:0.0838066288691973
most:0.02690718063720345
apart:0.06676316579262441
that:0.005027603267166331
anything:0.03364117609158556
re:0.005419427576495225
leading:0.06543803237291959
something:0.02885016401686265
utter:0.08193399507963199
more:0.018426362693053998
a:0.01011959511482895
was:0.012832770059440371
freeman:0.07776468968178009
not:0.008737826211245869
have:0.00740942917605294
moved:0.06461746869176731
bank:0.06901008750053
u.s.a:0.0743995681334594
of:0.008453938502858202
freedom:0.057797514207516026
particular:0.04914567316063488
sat:0.07534361599100957
please:0.027759642853699345
find:0.030673141125701308
clouds:0.08919160794792894
in:0.007725204430195238
or:0.009772629821783846
rather:0.03729686453496903
and:0.00829994379327804
for:0.004715200911769188
subject:0.00038691241872490284
i:0.00276664793109268
than:0.020733351916224076
the:0.005461978333254007
sky:0.06755531669897026
do:0.010410404621833284
nobody:0.058091154571861266
ends:0.06856684948064477
mr:0.048941386641788605
an:0.013013016500894736
time:0.04578289767836851
under:0.03517860039283535
earth:0.05102224873324274
by:0.014354137316190813
black:0.051152932699187505
john:0.07772401158208249
