racist:0.04816552442884229
read:0.01971307010346019
at:0.007660565325690705
know:0.010729348918767843
take:0.018484775046397423
where:0.03212968344754368
your:0.010955932366793588
such:0.016721888725806943
from:0.022084493593830665
cunixb.cc.columbia.edu:0.04599324792104776
my:0.008262732707220012
to:0.005992170261264482
amendment:0.039740007338759015
everyone:0.026587067456635683
speak:0.031177676649029512
tough:0.041680386045839096
guy:0.029446354321294516
nt:0.0062093787106299
re:0.003251656545897135
anyone:0.029094169558980715
this:0.0045650646814906
ti:0.03294487875001446
he:0.013827245282784655
soviet:0.0384956521766662
on:0.00881754478677026
you:0.014499104071531873
came:0.026249797673721275
how:0.011437939106340212
let:0.020044676023937606
anywhere:0.0367506896074301
mind:0.026344833069653364
are:0.01118106750610827
freeman:0.046658813809068056
no:0.009789093358108781
hey:0.03351425204896669
it:0.002981351562956278
not:0.010485391453495042
rights:0.03020173408428527
against:0.02246331123615519
absolute:0.040387855402219196
virginia.edu:0.08358517913230268
u.s.a:0.04463974088007564
open:0.028738787641333592
feel:0.026489362471705892
regardless:0.03934765572762449
be:0.005030097888151924
union:0.04418196928455023
writes:0.005750107747978803
attempts:0.040104276397099535
of:0.0016907877005716404
america:0.0342412048214475
freedom:0.10403552557352884
but:0.005785071497829654
least:0.02093619463223028
beyer:0.04770775283331688
fire:0.03127820553947366
they:0.008112344560936902
who:0.022487876073632146
refuses:0.050435209866838984
in:0.004635122658117143
or:0.005863577893070307
use:0.014458952415194331
andi:0.048648740525840645
and:0.001659988758655608
subject:0.0002321474512349417
i:0.003319977517311216
appreciated:0.029432714079793417
we:0.023439024447199478
back:0.01831614539189163
the:0.0019663121999714426
do:0.012492485546199942
ab4z:0.04942797668835966
responsibility:0.03771972927468409
peter:0.032016461572399624
someones:0.060955539638824496
just:0.010212074464920748
btw:0.03262426539515943
here:0.015655660048899095
about:0.008565358089755405
is:0.0023362837120927296
guys:0.03377978877818479
new:0.014991300564204755
else:0.021970019350765712
violence:0.04093306056931105
their:0.013162466248536644
first:0.01632656373383514
instructions:0.04202143572543284
article:0.007046372872318269
jewish:0.0332565842436939
give:0.020549880620487015
s:0.00539509809440016
