another:0.013859408314928618
some:0.02189131640875039
racist:0.034618970683230395
combat:0.03694546731122942
ideas:0.02248121023149669
behind:0.022048390006241866
confuse:0.035826415864673264
case:0.015447569420667225
your:0.007874576388632891
with:0.007310342209869342
violent:0.030161378535663183
to:0.006029621325397384
crucial:0.03572478760922464
might:0.03988284629772086
that:0.01734523127172384
protection:0.026437326850831017
through:0.029618291175310337
its:0.012923903475213563
re:0.0023371281423635658
afraid:0.028220151460821574
so:0.0063863162336557505
expression:0.03428994734894651
error:0.023534113494824992
this:0.006562280479642738
racism:0.03487762828424824
laws:0.023199211956486828
you:0.0034737436838045118
why:0.01112326612596254
a:0.0008728150786539969
was:0.005534132088133661
as:0.015002140504069094
perceived:0.036705053056055696
truth:0.022469109550078775
idea:0.017327351845379726
said:0.013696905179146452
wise:0.030589628200892907
belief:0.025746970628554078
are:0.0040181961350076595
those:0.011599472839297251
jefferson:0.03562478547580938
reason:0.0167013245250533
it:0.012857078615248948
not:0.011304562660799341
only:0.016669202978366084
fail:0.028531160895565722
left:0.018277532396878512
virginia.edu:0.030038423750671273
u.s.a:0.03208481375755436
channel:0.030286800804730736
free:0.018046923713279598
exchange:0.030286800804730736
be:0.025307679999764368
writes:0.0041328899438597645
if:0.0041884401235213085
of:0.006076268298929333
freedom:0.12462589000995643
unfortunate:0.03505621186202359
what:0.0057527631437289456
never:0.013774620192886628
beyer:0.06857989469789302
seems:0.014728044308631739
fact:0.014989169553930246
must:0.014484127671746859
they:0.005830747653173398
find:0.039683376331376065
one:0.01843707952079292
in:0.0011104981368405655
useless:0.029997970535011166
tactics:0.03382677252298574
or:0.004214446610644284
andi:0.03496628225294796
and:0.004772467681134873
subject:0.00016685598057511437
we:0.008423399410712313
the:0.0009421912624863163
ab4z:0.035526358244758506
would:0.0058290602881523506
can:0.010807074905471418
protected:0.029383980287614832
mr:0.021105972989271336
long:0.014876945281928657
here:0.011252505660146225
many:0.011582506422363085
dear:0.030038423750671273
is:0.013433631344533195
distinction:0.032863330774065384
ignorant:0.031243208225390263
speech:0.029683438760714193
under:0.015170771419410246
civilized:0.03772773695469196
change:0.018575056924440548
inherently:0.03592972400186833
offensive:0.09402724997285121
questionable:0.03759036878769961
understand:0.018725982893347835
by:0.006190221717607289
s:0.0038777267553501147
