ask:0.06778052521758994
say:0.04412895288994287
among:0.08010477832525174
cunixb.cc.columbia.edu:0.12300519792838355
my:0.022098006077448867
to:0.006410228651585259
that:0.008067549428708763
happens:0.08688552359950648
two:0.043367196108216544
terrorist:0.12276167932681853
you:0.01292555789322609
why:0.04138889721288387
a:0.006495368027192535
other:0.03207692994957932
freeman:0.12478519972192618
it:0.007973382086976092
have:0.011889549142968671
peace:0.08957292687007096
facts:0.09418806497992765
of:0.004521874082924155
ignore:0.10466898024549354
must:0.053894428546034816
who:0.030070997075205774
in:0.004132086090569546
pull:0.10511838193913081
fellow:0.11192238328206042
and:0.004439504819660347
subject:0.0006208594626050766
i:0.01331851445898104
we:0.03134288152823186
the:0.0017529139767187279
do:0.016705067881546434
can:0.020106185870644496
peter:0.08562542048432457
engage:0.13488486359736007
is:0.006248200625364277
lot:0.05764077647128816
palestinians:0.12252068427948024
doubt:0.08093191392978065
