read:0.06869706248175521
argic:0.14746565636668055
cunixb.cc.columbia.edu:0.160279500330924
to:0.008352722182368672
stop:0.10072585195698901
guy:0.10261608324087483
need:0.05821824216658292
re:0.011331530387217289
you:0.016842393618446118
them:0.04441997489491639
a:0.00846366136876603
frank:0.1186719508045643
are:0.019482163078825016
freeman:0.16259889660735838
hey:0.1167920904736718
not:0.018270000259877725
messages:0.1325769776177546
sending:0.13756956043824115
writes:0.020038254273259466
of:0.005892138956537535
who:0.07836684086265748
cares:0.15345384573968193
in:0.010768466781484272
and:0.005784809310466513
subject:0.0008089986936975241
peter:0.11157251760078657
article:0.02455554182777579
going:0.0659944146681722
s:0.018801099419879345
