read:0.02518892290997691
say:0.0421676660948343
there:0.020395088568381056
all:0.01060075367384768
own:0.025183229283866616
way:0.01924858688385048
surprised:0.0488964743555471
to:0.0030626648002018463
lived:0.04995547635337294
that:0.0038544958381608535
quite:0.02951332646788224
population:0.043843850387603245
permanent:0.056743355045850416
re:0.004154894475313006
this:0.0058331382041268785
on:0.005633431391547666
friendly:0.05755179231565518
them:0.03257464825627202
sure:0.024244933557324485
a:0.001551671250940439
contrary:0.05136382863825231
standard:0.03382271711624708
danny:0.06095990639812713
are:0.014286919591138345
no:0.012508285957583442
have:0.005680562368307254
moved:0.049540059330354935
university:0.026114890017762817
between:0.02580962051162673
cs.brown.edu:0.06369140598164136
has:0.011830827487628344
nonsense:0.05842369915389401
be:0.006427347301527459
were:0.017236703305247767
of:0.008641803802921719
years:0.02477528247755993
now:0.01835460442086938
good:0.018000109459549992
rest:0.03629589814969788
in:0.007896875639755132
or:0.007492349530034282
rather:0.057188525620285854
and:0.006363290241513164
few:0.025395861121180963
for:0.007229974731379422
subject:0.00029663285435575884
i:0.00848438698868422
any:0.011369858514320081
the:0.005862523411025967
relations:0.05354688757416397
would:0.01036277384560418
can:0.009606288804863482
mr:0.037521729758704596
cars:0.04246752281301674
many:0.04118224505729097
is:0.0029852514098962658
living:0.04093338904476778
houses:0.056743355045850416
their:0.016818706873130154
met:0.05243484914575305
nice:0.03510821618616398
live:0.03440764748830732
students:0.05311672632771185
poster:0.05060925968696109
s:0.006893736453955759
