above:0.03446400038137399
k:0.047957734889261555
nowhere:0.06532872373920016
ever:0.033461038694048865
among:0.04360133503779525
way:0.021928769867677764
much:0.04423283214075775
to:0.005233667696547459
h:0.044723824358158436
ii:0.046473415254558455
arabs:0.060196254016312005
schwartz:0.08385094402092193
re:0.004733424085799627
so:0.012934311359302786
united:0.04963951877059768
a:0.0035354534831554306
as:0.030384082033557663
adam:0.05879244773740768
muslim:0.053636687800316905
washington:0.04859763715714549
others:0.034130737000865774
l:0.041834944034852696
are:0.008138118754445893
it:0.00433994214860724
have:0.0064715267487044665
states:0.043707085258932694
heck:0.06269305410505417
adams:0.05865334493265331
which:0.016353067500221745
writes:0.008370410012880535
of:0.00246127323500935
gives:0.09206391077964823
expansion:0.058515754144844404
what:0.03495349758215055
years:0.028225005354182195
seems:0.02982895049849466
well:0.02130212544497905
they:0.011809109170984097
in:0.004498220301126341
israel:0.048107184415679134
or:0.008535588072190953
subject:0.00033793616319010504
ago:0.03621728766284359
the:0.00572470640498015
nobody:0.050737843866562375
home:0.03708054496027023
did:0.020809000549910955
mentions:0.07298180960272549
religion:0.04495609193623687
paul:0.041455980900114646
is:0.006801838655459845
today:0.03593830716200447
right:0.07366608584013797
keep:0.06707378693989674
does:0.03084781808449431
article:0.01025737823185571
jewish:0.04841148339271897
s:0.015707247616608057
