ask:0.029740434534248645
at:0.008989438902596235
dan:0.040549015197829164
forgive:0.05753477329724557
with:0.005967626293770891
wrote:0.026281377292784295
post:0.026352834739093677
to:0.004218977020686217
memorial:0.11801341616274721
indeed:0.03763512559698587
nt:0.007286515833902433
re:0.0038157194161037807
murphy:0.05624864349219083
had:0.01565722944573607
this:0.005356963656851214
he:0.016225849056328928
directory:0.04301509478398363
you:0.011342836518545342
theodore:0.11094655418891386
a:0.004275012630142025
same:0.019817279087026657
j:0.06232915631691556
was:0.018070635389824195
failed:0.043237738124745254
anywhere:0.04312580923320879
book:0.031731617455955846
museum:0.11872956554665068
deleted:0.03585081119386058
mistake:0.09118004071095648
university:0.02398306226121075
historical:0.0460737166707291
writes:0.013495150837093108
if:0.006838269589422543
institute:0.03971895765238067
costly:0.12319261046430026
years:0.02275281043857544
who:0.01319441708401886
in:0.003626116365193683
1990:0.043581085411666
according:0.03509720616924712
u.s:0.07199474287752444
and:0.005843837976899844
few:0.023322729601084554
for:0.006639772712491305
subject:0.00027241792746957445
steven:0.04578075640662266
holocaust:0.1530279586549727
editor:0.04711585437559011
i:0.0019479459922999481
person:0.028624433051773986
back:0.021493435919056503
any:0.01044170679886538
decide:0.04177252465931407
review:0.04409836208835496
the:0.005383950071350378
harvard:0.11476719790499848
original:0.0314915103395253
canada:0.03796538360210864
educated:0.12412041401688714
may:0.01899005640244725
mr:0.03445873141105524
an:0.00916222590369119
is:0.005483114834503345
graduate:0.05611525490476886
smith:0.04018100565782104
article:0.008268702860373478
by:0.010106484436909858
dangerous:0.08581113741198544
