since:0.022997949694295187
divine:0.05870002246122457
argic:0.2796762448333597
join:0.052708103798773005
andrew:0.04328112826634481
ah:0.054106919143342196
where:0.021235135611882318
wisdom:0.055856250354168926
to:0.0015841369656216446
a.k.a:0.06864252174267979
omitted:0.06938434382472085
been:0.016864832037028037
honest:0.053905848368083376
guy:0.038923341918952525
nt:0.016415598890171
me:0.02491008460700103
re:0.004298166698599662
this:0.006034280900820908
he:0.01827739318988776
disclaimer:0.043150063529588355
friendly:0.05953633687826398
a:0.0016051771561452815
same:0.022322912075041522
million:0.0449828880359901
was:0.020355428370146797
died:0.046623023231658914
exact:0.04909133759015251
serdar:0.2792812517708446
neighborhood:0.06750354585021737
it:0.011822601025516275
made:0.026730799447333347
has:0.012238787056167252
alien:0.065157622214085
be:0.006648979967097371
writes:0.015201434276265802
get:0.015107746842426693
leo:0.06607765333676933
what:0.0105797942873176
up:0.015442073222441203
david:0.028694772866028666
email:0.031539065045608515
2.5:0.05593524896667193
and:0.006582714042944653
for:0.003739642102437632
subject:0.0003068615734714747
space:0.03514382479900119
i:0.004388476028629768
the:0.004331913850511799
do:0.0165130556070459
see:0.020337767372542254
can:0.009937540142962222
fan:0.04597190787919165
club:0.055545575958905476
koresh:0.0469448118234914
just:0.013498719120297539
is:0.003088191113685792
readers:0.052296500894213116
days:0.03423278878793302
life:0.03207332589987023
him:0.027546152912221927
three:0.03354583915485601
give:0.027163635302942604
comes:0.03476064755454611
by:0.011384315802496162
s:0.007131451504092164
