likes:0.023507660048535522
prism.gatech.edu:0.02100047373379679
some:0.005189052778370463
freedoms:0.027580063301309545
simply:0.027187940798963462
studies:0.018751479539260867
1915:0.02547656239265654
enter:0.021054021904979788
stand:0.017501060242073166
your:0.033598192591500334
cambridge:0.02076718403325725
turkey:0.043505248996825466
ca:0.009140215982632538
such:0.00854674312652355
wrote:0.011446999887523826
themselves:0.014384223183656966
my:0.004223174494801339
attend:0.026450133797379583
to:0.002450131840161477
regional:0.024216227768215973
fascist:0.025404293411004183
been:0.006521068387650841
make:0.007822579925998684
that:0.006167193341057365
like:0.005176173615594103
nt:0.0031736824520997267
quiet:0.022395908256834563
me:0.00963189938137373
writings:0.023191678174385607
re:0.0016619577901252024
started:0.0145744216710618
so:0.004541380432821867
this:0.004666510563301502
getting:0.012054229209887494
on:0.004506745113238133
you:0.019761741845643443
dont:0.04325659253422629
posted:0.015170581886586203
more:0.005650751225869893
a:0.0006206685003761756
want:0.008411546523165251
million:0.01739338337391617
as:0.007112125868595719
shit:0.021418755029665584
usa:0.01619831860457211
1.5:0.023698848426685255
are:0.011429535672910676
hey:0.017129506602805197
fools:0.02512642515775381
learned:0.020176868864275367
it:0.0030476038199108617
not:0.0080388001143462
have:0.006816674841968705
try:0.010828398543748412
heat:0.020311559306476826
stay:0.017549766970027476
p.o:0.02047403750973815
allowed:0.01703036990274165
walk:0.02040367544210846
suit:0.023602226263856788
punishment:0.021081039887541488
has:0.014196992985154014
regarding:0.017586650538092788
network:0.016326620755687006
writing:0.017788705533989486
yourself:0.015583442983887077
his:0.00819746240669003
personal:0.014906202094203182
considered:0.015301524254276498
tech:0.020154812022754792
things:0.009932115236178887
if:0.002978446310059597
of:0.006049262662045202
defending:0.023650274779875524
georgia:0.02136065688936624
freedom:0.053173713070914744
forgotten:0.023602226263856788
seen:0.011522066180543791
what:0.0040908537910961384
years:0.009910112991023972
armenians:0.06332466935619029
well:0.007479412934014866
dbd:0.05187348637589833
david:0.04438124869945767
over:0.008915292233419367
box:0.014082395603140476
translate:0.02663534578138211
president:0.016735369596319993
in:0.00473812538385308
government:0.011962733060516878
ended:0.022079569241421692
or:0.0029969398120137125
sir:0.023507660048535522
and:0.0059390708920789535
still:0.009074262587686876
davidian:0.04629663479370131
for:0.002891989892551769
subject:0.00011865314174230354
i:0.00424219349434211
bullshit:0.04899881833097513
away:0.01230659371699409
armenia:0.020642681650023142
face:0.015952318181980264
eyes:0.019207286598483496
the:0.003015012039956212
azerbaijan:0.02512642515775381
see:0.01572787343476601
when:0.005811886412638826
hello:0.01719684795845232
around:0.010520864147349492
would:0.004145109538241671
because:0.0156864204346179
country:0.014981129368978365
did:0.007306271304190957
once:0.011924583088555138
fancy:0.023747958809736746
forum:0.022697342018340165
bye:0.027135247929945174
problem:0.009402512409091486
here:0.00800178180277065
people:0.0066901028447694105
about:0.004377849690319429
turkish:0.01971523836027073
ma:0.01782763522327785
lesson:0.024617934708074947
is:0.003582301691875519
anatolia:0.025856660941270593
center:0.01451835925987915
man:0.012880219283534217
six:0.018832437049889045
told:0.013778754518796133
history:0.014760033797115026
speech:0.021108223118730094
too:0.008677857190508873
late:0.017129506602805197
turks:0.020545531455300924
leave:0.015703031663531184
urartu.sdpa.org:0.051713321882541186
article:0.0036014794680737823
give:0.010503272317137807
bad:0.012180449096650595
murdered:0.023324358010606415
close:0.015444058738535736
realize:0.01739338337391617
s:0.0027574945815823037
