another:0.017057733310681375
some:0.008981052885641187
israelis:0.03815614215334355
apologize:0.04127510452340636
mark:0.023104799725324542
there:0.007059838350593442
know:0.009491347120448477
document:0.07007435956656151
someone:0.016949677805100153
such:0.02958488005335075
to:0.008481225600558959
otherwise:0.02733372947393874
reporters:0.09035089983029095
family:0.030311285147074363
that:0.008005491356180235
cleveland.freenet.edu:0.03294168285773466
assertion:0.039018582908118216
sometime:0.04006439549454921
error:0.028965062762861527
this:0.004038326449010915
he:0.03669538171200543
these:0.02548670727844527
tell:0.018538654258634255
children:0.025787514369373276
used:0.015188180833360505
assume:0.02670375811760905
posted:0.026256776342168428
m:0.010529343939354402
sure:0.016784954001224643
a:0.0064454036577525926
how:0.010118176901762496
truth:0.055308577354040066
course:0.018816552306923223
care:0.02435397647133767
it:0.005274698919076492
not:0.009275538593476384
calling:0.031638466304211216
neutral:0.040686334699388406
whose:0.028790626542315147
ira:0.0428187252577306
has:0.008190572876050392
glad:0.07137067254529596
be:0.008899403955961097
certainly:0.02365967136350493
kill:0.0568404939477444
if:0.015465009686847907
of:0.007478484060220718
piece:0.03315162241379625
what:0.007080323869204856
again:0.018783608754677064
israel:0.029234365914143474
total:0.028161657660033857
and:0.0029369031883906913
for:0.0025026835608621075
subject:0.00020536120686167922
i:0.004405354782586037
kaufman:0.04626506927716876
bullshit:0.04240282355565156
we:0.010367260813184384
failing:0.04220301212178032
sad:0.036393173955111456
event:0.03194416113997671
the:0.0023192400307355475
do:0.005525522453126898
would:0.028696912187826957
can:0.013301015268272515
liar:0.13384728772353421
claim:0.025117223421538357
once:0.020638701499422357
may:0.014315580980306391
an:0.006906908758167206
claimed:0.03273732110862141
arrest:0.04250470991526709
is:0.008266850058174274
either:0.019258174670102757
does:0.01874598175903885
their:0.011643720142936262
him:0.018434733102794677
show:0.023154374382575636
teach:0.03781420551818329
by:0.015237468843341017
