some:0.005987368590427457
since:0.010260623709762468
report:0.03893054588179236
simply:0.01568535046094046
read:0.034876970183044954
mark:0.015403199816883028
say:0.009730999868038685
there:0.004706558900395627
form:0.01750451756144562
know:0.018982694240896953
true:0.013247593805937674
media:0.1013193895050067
knowledge:0.03791560148566293
your:0.012922381765961668
with:0.005998229505533819
mentioned:0.0180264800963684
both:0.011516431191324297
my:0.004872893647847699
to:0.0028270752001863194
important:0.016114714322939604
politics:0.02509918211355315
that:0.008894990395755815
cleveland.freenet.edu:0.02196112190515644
bit:0.013974790759259998
like:0.005972508017993196
these:0.00849556909281509
on:0.018200316803461687
western:0.020977065454848204
you:0.0028502512277370352
american:0.06619559420283519
more:0.006520097568311414
a:0.0014323119239450207
as:0.004103149539574453
lean:0.029312646243466366
learn:0.01953853426011401
course:0.012544368204615483
based:0.01549181031743868
are:0.013187925776435395
exclusively:0.057528142542807935
not:0.012367384791301844
choose:0.02037847943275517
have:0.0026217980161418095
absolute:0.02381847882694978
left:0.014996949658977238
ira:0.028545816838487066
has:0.005460381917366928
anybody:0.015587667409808692
which:0.01987526665411566
of:0.005982787248176574
america:0.020193531048545963
even:0.008611074091107824
andy:0.02298363198364927
certainty:0.03168994234046865
what:0.004720215912803237
but:0.006823417664106772
beyer:0.02813534141452021
fact:0.012298805787840202
they:0.009568406405207628
who:0.019893121142059204
in:0.0018223559168665689
israel:0.05846873182828695
or:0.006916014950800875
total:0.01877443844002257
and:0.0019579354589271273
still:0.010470302985792549
for:0.00333691141448281
subject:0.00013690747124111947
i:0.0039158709178542545
kaufman:0.0308433795181125
any:0.005247627006609268
information:0.01250677581786546
than:0.007336416831894672
the:0.005411560071716277
do:0.0036836816354179317
can:0.004433671756090838
because:0.00904985794304879
claim:0.016744815614358904
may:0.009543720653537594
an:0.009209211677556273
just:0.00602250545367121
here:0.02769847547112917
people:0.015438698872544794
many:0.009503595013220992
about:0.025256825136458244
claimed:0.02182488073908094
press:0.0919833425837863
biased:0.05341919399273228
is:0.004133425029087137
picture:0.020977065454848204
right:0.009948069711745127
average:0.019894979789244035
events:0.10432176556350319
does:0.01874598175903885
papers:0.023706382448424143
israeli:0.1285130373664185
nothing:0.03930547694616783
opinions:0.014644154643692524
going:0.01116828555922914
