another:0.008799624326938805
some:0.00926616567566154
since:0.007939768346840004
read:0.008996043896420324
go:0.015439938506302596
form:0.02709032479747536
know:0.00489632986372342
media:0.03136076341821636
where:0.007331177770768895
hernlem:0.12592446113203476
own:0.00899401045852379
your:0.00999946208080367
with:0.0023207435586886796
way:0.006874495315660886
from:0.006718827416112504
palestine:0.04258542530192719
both:0.008911524136143802
to:0.007109757571897143
arab:0.01772945236046376
otherwise:0.01410073345877792
then:0.006332858530856362
clock:0.017024368323807205
value:0.014816876268875664
might:0.008440814031263674
palestinian:0.020516950666901294
that:0.002753211312972038
sources:0.030548722025511614
think:0.005713285823526012
reliable:0.018409102045413638
bit:0.010813826182760713
nt:0.0028336450465176128
me:0.0042999550809704155
re:0.0014838908840403592
so:0.004054803957876667
political:0.014304665783656844
brad:0.05691077820826269
on:0.006035819348086785
you:0.011027757726363527
orion.oac.uci.edu:0.021383940897887
machine:0.012907933945731535
chess.ncsu.edu:0.04967921796876923
more:0.03027188156716014
a:0.0005541683039072996
want:0.00751030939568326
accurately:0.022812523175789412
was:0.0070274693182649645
as:0.0031750561913373746
truth:0.042798303904911954
listen:0.016948199882314555
terrorism:0.019899947084201314
also:0.005886893379680819
learn:0.030238207783509774
jake:0.021572941092288807
are:0.002551235641274704
outlets:0.02506642808692409
tad:0.023380383666427005
it:0.005442149678412253
reported:0.016386379353220886
disagree:0.01685868659888569
have:0.0020287722743954476
try:0.009668212985489652
only:0.005291810469322565
interesting:0.01296835143619608
whether:0.011339121368578668
against:0.010251114254594629
hopefully:0.01834422451366154
doing:0.010637709941132202
virginia.edu:0.038144030159582565
determine:0.01731135507610731
call:0.01054347657935995
be:0.004590962358233899
writes:0.005248114214425097
get:0.015647309229656216
if:0.0053186541251064225
of:0.0030863585010434706
germany:0.01668549894121939
even:0.006663331141928673
reporting:0.022089024934543563
opinion:0.013132188748363844
reasons:0.014430652681730575
what:0.0036525480277644095
happening:0.018015061485960146
extent:0.01942198615929708
beyer:0.02177139514218826
sense:0.013040960501440439
beyond:0.015498270624756373
they:0.0037020620020148556
one:0.007804054823616051
tim:0.032364359521715784
in:0.0035253909106049697
our:0.008848315170557116
israel:0.01508122051126449
or:0.008027517353608158
ali:0.024839608984384615
andi:0.04440162825771169
and:0.005302741867927637
for:0.0012910669163177539
subject:0.00010594030512705672
however:0.009512297238876638
i:0.0022726036576832726
we:0.005348190102039563
directly:0.01441468383133484
informed:0.020265483944946577
will:0.00899448686431178
agenda:0.02103097468353583
source:0.02475609493412559
than:0.005676989215156592
the:0.004187516722161405
do:0.005700935864337274
see:0.007021372069091968
ab4z:0.02255641793318
writer:0.020230826484753106
views:0.0160717729926067
can:0.006861634860616772
propaganda:0.040324813235899024
last:0.008651438698648801
makes:0.01108324556449196
about:0.011726383099069898
doctor:0.017480242434912054
press:0.014235517304633596
biased:0.04133628106580474
is:0.0074631285247406635
either:0.00993477264727523
easier:0.01657410204130397
events:0.03229007029346527
israeli:0.09944461224782382
various:0.014145154676012652
bias:0.02124787314598767
tclock:0.022200814128855845
every:0.009651383043402365
change:0.011793686936152728
article:0.006431213335846039
inherently:0.022812523175789412
opinions:0.011331786331428739
side:0.01277922253401267
understand:0.011889512948157354
by:0.003930299503242723
upon:0.013762204693225937
unlikely:0.018920343600346053
doubt:0.013809810710240348
s:0.0024620487335556282
news:0.060890407066734493
