some:0.007162802914928553
believe:0.013329275339449942
israelis:0.03043127901800406
at:0.005404693327941295
know:0.007569786046983447
posting:0.020240420594823564
story:0.08822227062607617
small:0.018335864418809886
where:0.011334090786710195
your:0.015459291069708744
cut:0.022460217765671173
into:0.01098652701216188
such:0.011797651555017169
from:0.0051936948124550655
both:0.013777325658332748
to:0.004227604785554695
fantasy:0.03547642571763567
look:0.014547044934208041
then:0.00979067699248959
young:0.023031015503522618
ten:0.02469932050648975
front:0.021576386069729656
make:0.010798039775151556
that:0.004256498471588673
sources:0.02361434954119303
me:0.019943349946095916
account:0.024998646667038407
re:0.0022941135139765063
michael:0.018433712893703616
so:0.00626877667107313
this:0.009662253466958632
reply:0.022031880486841376
begins:0.03278092473736668
these:0.010163410877907623
terrorist:0.06476996577979383
pieces:0.031223989027083857
curious:0.02629614933019322
am:0.010026603415345801
officer:0.030814839490282186
state:0.01630499010393016
came:0.01851979590477268
m:0.008397636270650748
why:0.010918543436527647
a:0.005997256982162433
nor:0.021193490778990205
was:0.010864553792655038
as:0.014726027488656783
terrorism:0.0307655623633051
are:0.003944241604915494
lie:0.027974826219527883
recognized:0.030668179853143816
it:0.006310222633251018
not:0.01479533763376601
expecting:0.03432273104583849
have:0.0031365068291267046
made:0.014267359214220867
earlier:0.02420826095021038
has:0.006532358735500313
love:0.020074953620745083
evil:0.025623765119071173
his:0.03394654677617037
heard:0.0165806586467477
be:0.003548842068328045
which:0.007925719831395815
writes:0.004056824484770322
were:0.009517198144001836
if:0.004111352268487174
of:0.004771548112042666
hamas:0.038936152399107686
seen:0.015904692580505232
what:0.005646884067463995
explain:0.022055567656519042
newspapers:0.03398181171360039
never:0.013521099575839635
using:0.01352405262972344
please:0.01175101445954144
who:0.007932839719226063
up:0.008242088161671072
over:0.012306384984781336
in:0.001090059520825095
israel:0.023315751956065348
clearly:0.022297609671315364
or:0.004136880108607886
destroyed:0.030384977142940365
and:0.002342315426323864
for:0.0019960052939391043
subject:0.0001637850116074742
i:0.0035134731394857966
vnet.ibm.com:0.033580690491128905
we:0.008268367519717608
possible:0.01580964185867842
body:0.04355436961563867
yet:0.01613539105942432
the:0.004161826435522378
canada:0.022825813454028506
ibm:0.02417464459582618
would:0.005721776969965497
major:0.020100785108698112
because:0.010826517171131988
during:0.01796545711535258
here:0.01104540432897789
is:0.0016482983244826006
houses:0.031330686835132134
pages:0.027582778354623097
papers:0.02836039618063011
israeli:0.051247530238142346
dreams:0.03335203162734221
extend:0.034411005508734806
very:0.010694739213395383
killed:0.0448194478118759
before:0.01304413660872788
by:0.012152582513094062
mike:0.019603754778881616
high:0.01716149586283142
s:0.0038063575512639163
