there:0.008121937925461481
all:0.008443078147312311
story:0.03181466838949207
times:0.02487147027869935
from:0.007491789862213943
my:0.008408975763984966
single:0.028773687349667034
to:0.0012196452744166644
slaughtered:0.053822126432101505
persian:0.24238471252980678
famous:0.04452138094821783
problems:0.02427498438842277
me:0.009589280357562343
performed:0.043896446725085504
re:0.00330920798918735
prince:0.04843940309782311
so:0.00904257165827363
math:0.043188104179301995
this:0.004645862286472734
he:0.05628790115115877
two:0.016502561350914262
a:0.0037075330774683055
how:0.011640380506452427
as:0.014161312570212714
following:0.02422402011539612
third:0.032325530943963586
fled:0.05030280813417133
are:0.00568948125310819
innocent:0.03921641018288489
soldiers:0.08290345315586732
month:0.03516640256094919
deeds:0.05248741059374236
not:0.005335486801557212
hundred:0.04071994148195921
strike:0.046622915256793365
between:0.02055633492076465
second:0.024333590943825367
after:0.017072687501459745
struck:0.048218152635828265
alive:0.03898248755396316
network:0.03250875814185466
troops:0.041401012642455916
down:0.020923589176576617
were:0.02745669553048317
of:0.005162139439798371
destroy:0.04369757189453631
armenians:0.08405929560556231
armenian:0.04165753951744045
they:0.008255925880599502
find:0.018729617147552124
who:0.011442945789680073
one:0.017403732880984468
in:0.0015723867424291193
massacre:0.09101982365891356
destroyed:0.04382965729468389
and:0.005068107272001635
still:0.01806822196663316
subject:0.00023625625568157783
half:0.03346587153622138
fourth:0.04270637668766468
the:0.010005570929058226
century:0.039538247741919184
wars:0.04264796355464386
problem:0.01872181674376623
during:0.025914774423030713
many:0.016400009093611445
army:0.07899474422974466
time:0.04193389300629328
slaughter:0.04866632726254291
told:0.027435573156894957
1:0.017332069840041667
first:0.01661552946363753
attacked:0.04452138094821783
seventh:0.05322530093833573
three:0.025827327490906837
before:0.018815878470996854
answer:0.026869655240078377
father:0.0383156783748323
