another:0.010125595115929583
above:0.012432219315655456
some:0.005331218607914859
israelis:0.0226497647485601
apologize:0.02450120359836907
mark:0.01371517791914242
say:0.008664588923596088
there:0.004190771623639942
k:0.10379893304799076
know:0.005634132993873524
document:0.041596651797502264
own:0.010349272308438334
your:0.011506230339554908
someone:0.010061452578369953
such:0.026342701417367102
my:0.004338877905617814
to:0.006293146849729821
otherwise:0.01622550151421021
reporters:0.053632954237159
family:0.017993000315614915
that:0.011088275698818893
guy:0.01546269747465237
mi:0.024348131945224578
really:0.008910482845620666
assertion:0.02316171588153136
sometime:0.0237825178734767
re:0.0017074908802656187
error:0.0171938728729315
this:0.004794360167775516
he:0.03630441113059898
these:0.015129095644739202
big:0.012674797049623548
tell:0.011004680610148185
children:0.01530765693159144
used:0.009015815106561029
assume:0.015851545914562448
posted:0.015586214267040618
impressive:0.024009739378312606
m:0.050002363912915876
why:0.008126587123990897
sure:0.00996367132492787
prove:0.017931042648007295
a:0.005101384934598703
how:0.006006223731639837
truth:0.03283157559828862
course:0.011169642921917895
are:0.002935668409138016
care:0.014456698361981263
it:0.006262199629953826
not:0.008259041213369381
encourage:0.02348228327273341
calling:0.018780824746792046
only:0.0060892065674396645
opportunity:0.021010746061467536
neutral:0.024151705529317315
whose:0.01709032625799529
after:0.008809194920844527
has:0.004861983899025347
his:0.008422050417832222
glad:0.042366152652458786
be:0.007924126810102346
certainly:0.014044553777423018
kill:0.03374093248039622
if:0.01224019031531341
of:0.005327139330568182
style:0.020962680248741566
piece:0.01967904526846353
what:0.004202931977153567
again:0.022300174777242172
must:0.010582011084381265
up:0.006134522239051985
israel:0.01735373319104407
total:0.016716965734266672
and:0.002615050784183492
for:0.0014856112461738538
subject:0.000121903912748942
i:0.008716835947278307
vnet.ibm.com:0.0249938472605206
bullshit:0.05034125170990595
we:0.006154081761251004
failing:0.02505201632799745
sad:0.021603253945956573
face:0.016389367995185204
event:0.01896228743468937
the:0.0020650767396960357
do:0.006559980994579878
would:0.025552045098750028
can:0.007895579839613821
liar:0.13242121312069594
claim:0.014909767327853818
once:0.012251283995090895
may:0.008497833458629363
an:0.004099991500281903
just:0.005362504856008611
expressed:0.018766023404672545
e:0.05681990312427081
claimed:0.01943311298685289
arrest:0.02523110634239599
is:0.008587709535318023
either:0.011431793183166018
save:0.016541142613795863
keep:0.012097783489159457
does:0.01112775172910982
blue:0.0182495964724352
their:0.006911797345121981
him:0.021885984505600982
show:0.013744605797875946
very:0.007960011378006608
opinions:0.01303931577863033
teach:0.02244678866376177
by:0.009045072829380512
mike:0.02918184501331236
giving:0.01732131026159395
s:0.002833042378337983
