another:0.0119220716687558
school:0.019551206859118847
muslims:0.047459728748027875
practices:0.02745646211895988
british:0.023970996450171745
independence:0.059132204093197305
massacres:0.0305603081675342
own:0.012185433524451589
your:0.006773829151512165
way:0.01862766472630692
such:0.010338802169181713
times:0.015110086782220575
from:0.009102927466991135
to:0.002963869161485658
besides:0.021774660183531663
near:0.019380514932696373
lebanese:0.03137509256606754
death:0.05411961909736165
next:0.014399892600802018
homes:0.029566102046598652
that:0.00373015726273631
bit:0.014650990312127419
arabs:0.02556722616821854
tanks:0.026668271397498184
re:0.0020104328106353257
this:0.002822486227803328
1982:0.027225682308653246
more:0.006835586160326483
a:0.0030032346792395596
other:0.007415634343182317
same:0.020882724199232393
was:0.00476054373172788
as:0.008603378066849661
factory:0.029927066040349344
genocide:0.024223453348493094
running:0.016276668884122054
bring:0.020394445953167074
following:0.01471674340343958
wasted:0.030818422249181302
arms:0.021791076514106344
course:0.02630270752580666
military:0.02081633635876651
pressure:0.023659584365587308
tear:0.026668271397498184
reasonable:0.02009842564573144
a.m:0.03500481662551521
gas:0.021334245546607542
it:0.0036866175240857202
not:0.0032414516590105642
made:0.01250311587052689
against:0.041665819228352365
expect:0.018581833780421442
after:0.010372116600349202
which:0.006945657701707086
mandate:0.0323358011076986
seek:0.02612631064953063
writes:0.003555174145255712
if:0.003602959246039835
of:0.01254455390746701
hamas:0.06824293377478013
effectively:0.026313658667434757
what:0.0049486134569711356
but:0.003576791517475324
never:0.011849135649794949
saying:0.016218038596583006
bombing:0.030234369340564123
1978:0.030997650315136096
fire:0.019338675467954144
using:0.0474068941644069
who:0.00695189717330026
bosnian:0.030234369340564123
chance:0.019328266279637657
one:0.005286617783739906
in:0.00477633607243254
minute:0.024045496636523497
5:0.013972434875901522
israel:0.020432621337842214
massacre:0.027648494821121597
or:0.0036253304177585235
opposed:0.02407056122311388
and:0.010263371357279297
for:0.0017491874350111507
subject:0.00014353202630117365
summer:0.024197667476108724
period:0.02038178082578826
bullets:0.030731000093956677
stupid:0.020761753716486843
physical:0.02294167365255224
will:0.006093039488727336
ways:0.01918461495311341
the:0.006483896860120886
copied:0.0315742391880049
would:0.005014245409163312
towns:0.033087209400038155
page:0.02260615985584563
last:0.011721304043330634
mr:0.018155675689695772
stone:0.026750354580997046
villages:0.027950051093439038
during:0.01574392209571221
people:0.008092866344479126
many:0.00996344638482846
warning:0.023065273212900087
is:0.00433342946597845
irgun:0.0368138071449841
else:0.013583614114720737
time:0.008491989085503837
slaughter:0.029566102046598652
their:0.00813808397086943
article:0.00871325677759786
numerous:0.02590978431007934
full:0.016611088623243297
training:0.02409574320866456
past:0.017760830359695504
by:0.021299687630476693
rubber:0.030078522368127282
s:0.006671357858666864
