israelis:0.04032762991816798
at:0.007162317174426269
know:0.010031505086652862
posting:0.02682267119476619
small:0.02429874715663424
cut:0.059528707248852064
with:0.009509388240480445
into:0.014559381325060053
to:0.002240974244050132
receive:0.03481641277646753
stop:0.027024009061631202
then:0.01297463699004718
young:0.03052077664287957
ten:0.032731619858193735
been:0.011928783635946662
that:0.005640725616820762
indeed:0.029985709825240778
me:0.008809664068329632
re:0.0030401666892534195
this:0.004268149905458691
two:0.015160889696368387
these:0.013468585147145877
terrorist:0.12875005392812677
pieces:0.04137813180011926
you:0.009037381941605234
officer:0.04083592550338209
8:0.048007988331282385
m:0.011128574895252619
sure:0.017740195285847186
a:0.006812215248031195
same:0.015789376833565957
was:0.021596613026863064
as:0.013009986344992171
terrorism:0.04077062329446124
let:0.01874095725815305
soldiers:0.03808166750655695
recognized:0.04064157167530441
not:0.01960682954718585
zero:0.03767166056650091
have:0.008313018099961836
probably:0.01940832288641633
able:0.021442806716346904
earlier:0.032080866137270674
his:0.029990716122036697
which:0.010503189695264373
writes:0.005376117000142784
soon:0.029243850707637974
were:0.0126122219306691
if:0.02179350958580193
of:0.0015808177688271436
hamas:0.10319663156186265
using:0.017922118525568465
please:0.015572482576465487
up:0.010922442035385243
net:0.026952377926003926
in:0.0014445504219064269
destroyed:0.04026627052275837
and:0.0015520220101251621
subject:0.00021704843001640894
i:0.0015520220101251621
employer:0.036748702629127036
possible:0.0419019776091802
body:0.08657758838230614
any:0.008319408669014695
the:0.0049024586015548165
do:0.005839983080540624
would:0.007582517448003058
may:0.015130288840974237
an:0.007299984866355584
during:0.02380788219351602
is:0.002184330299924097
houses:0.04151952808232958
israeli:0.10187009059533172
extend:0.045601576405884345
almost:0.04913809642706615
percent:0.03846433019645927
e-mail:0.022355250216685097
opinions:0.023216342727805223
killed:0.08909231699189965
by:0.016104641866945792
high:0.022742470127166844
s:0.005044197405333483
