above:0.04391380693755718
practices:0.16473877271375928
your:0.02032148745453649
way:0.05588299417892075
to:0.002222901871114243
clock:0.06919581963870025
death:0.1082392381947233
brought:0.06249020713767205
re:0.006031298431905976
policies:0.0843222562206415
you:0.008964499829172932
orion.oac.uci.edu:0.08691537268173427
am:0.02636026381776396
a:0.004504852018859339
following:0.04415023021031873
question:0.03520945295721136
military:0.06244900907629952
made:0.037509347611580666
writes:0.02133104487153427
of:0.01254455390746701
hamas:0.2047288013243404
separate:0.06810805704522391
up:0.021668715650844914
tim:0.06577273064090627
in:0.005731603286919048
israel:0.06129786401352664
and:0.009237034221551367
still:0.032930791648863665
subject:0.0004305960789035209
summer:0.07259300242832616
i:0.0030790114071837893
the:0.008510114628908662
last:0.0351639121299919
reaction:0.07611510359867378
about:0.01588735774712696
is:0.00433342946597845
tclock:0.09023556710438184
article:0.02613977033279358
training:0.07228722962599367
by:0.01597476572285752
unclear:0.0956625386627885
while:0.03500552428836327
s:0.010007036788000296
