read:0.01607803589998526
say:0.026915531549894234
there:0.019527212459088242
all:0.006766438515221923
own:0.016074401670553157
your:0.008935689519016046
with:0.008295423784248898
way:0.012286332053521584
surprised:0.031210515546093894
to:0.0029323386384911294
otherwise:0.025201310862496707
then:0.02263660070603976
lived:0.031886474268110386
been:0.010405960193059852
that:0.0049206329848861955
quite:0.0188382934901376
population:0.02798543641761909
permanent:0.03621916279522367
re:0.0026520603033912803
this:0.003723279704761837
comparing:0.03797492221836095
on:0.003595807271200638
you:0.015767347217268704
friendly:0.036735186584460754
them:0.02079232867421618
sure:0.015475489504675201
a:0.0009904284580470888
contrary:0.03278542253505466
standard:0.021588968372072602
danny:0.11673173565598811
are:0.013678965565983522
no:0.007984012313351134
it:0.0072947963774462115
should:0.011651149944918294
have:0.007251781746775218
proof:0.029695805614901986
moved:0.031621314466184
university:0.016669078734742222
between:0.016474225858485146
facts:0.02872401981657368
cs.brown.edu:0.08130817784890386
has:0.007551592013379794
nonsense:0.07458344572837533
be:0.004102562107357952
writes:0.004689804191613917
were:0.01100215104590283
if:0.009505679712956159
of:0.0055160449805883305
trying:0.01912289519906664
years:0.015814010092059527
mcrcim.mcgill.edu:0.04347183216891294
who:0.009170587760523747
now:0.023431409898982188
good:0.011489431569925525
rest:0.02316759456363694
in:0.007560838378488957
or:0.004782350763851669
rather:0.03650331422571437
and:0.004061674622242445
few:0.01621012411990274
for:0.004614877488114524
subject:0.0001893401198015482
i:0.005415566162989927
any:0.007257356498502179
the:0.005880342631120272
relations:0.034178864409040825
would:0.006614536497194156
can:0.01226334741046402
mr:0.02395004027151357
cars:0.027106929455117067
many:0.026286539398270827
is:0.00952739811669021
living:0.026127695134958155
houses:0.03621916279522367
their:0.010735344812636268
experience:0.023490941665213812
met:0.03346905264622535
nice:0.022409499693296156
change:0.021078078779507004
article:0.011494083408746114
condition:0.026936844599184547
live:0.021962328184025947
students:0.03390429340066713
poster:0.032303782778911334
s:0.008800514622071182
