land:0.0714365092021749
content:0.028366197177367977
at:0.005275239595535515
contributions:0.03358678980792679
know:0.007388473806337137
all:0.011425962043668159
seals:0.03628090280600462
your:0.007544504324438699
concerning:0.0273966601404653
times:0.016829198452054054
entity:0.033167876103693796
to:0.007427420623243999
social:0.02599905504177429
value:0.0223584001183034
memorial:0.03462669096990787
been:0.008785870582164308
that:0.0041545464123889445
like:0.006973886607836367
through:0.014188402958232496
nt:0.004275919471391848
could:0.009036581768419505
funds:0.029793808096200303
re:0.0022391646872944346
so:0.006118626331646228
this:0.003143607415397719
30:0.02049763757110114
federal:0.07098424294662146
these:0.009919975886820016
on:0.003035980989456826
you:0.006656275322260143
american:0.019323564175977342
used:0.011823134780460274
why:0.010657021438047943
a:0.004181150077384416
how:0.007876425133108529
nor:0.020685862257337744
was:0.005302162479649016
responded:0.03136485159600564
private:0.04251115118173116
intellectual:0.031995752887369874
jack:0.02559734071113734
jake:0.06510636114079976
organization:0.022945109150400426
far:0.01490645552168504
foreign:0.026429669302793966
are:0.003849768752103147
helping:0.031015935978496806
museum:0.0348368186334484
it:0.0061590795761671605
statement:0.020797601315525785
have:0.006122761834103627
mistake:0.02675342511878364
ve:0.010928944305553499
money:0.07425676087973965
historical:0.02703727086066738
alien:0.033944390015720936
writes:0.007919310072066615
recognize:0.026809128068857373
down:0.014157877706306336
were:0.009289241302229337
things:0.013381592384073352
if:0.004012876765050355
of:0.00465725953450871
flow:0.030904007038304274
costly:0.0361463348068905
what:0.005511629359261265
least:0.01441714001620648
fact:0.01436088100975353
who:0.007742831582238613
up:0.008044672876361585
bony1.bony.com:0.06845468284402326
in:0.002127900621490904
israel:0.02275729083136917
u.s:0.02112420599400418
or:0.0040377931598987145
better:0.013390514199409601
and:0.009144848251276405
subject:0.00015986201731747483
holocaust:0.02993361267103259
i:0.0011431060314095506
group:0.03230078963840294
we:0.008070322788706407
house:0.020586059547845457
any:0.00612746866041202
yet:0.01574891462686326
source:0.01867825126766362
the:0.004964840185556637
do:0.004301304903631717
when:0.007830385885291832
americans:0.05128645235335935
put:0.014894965865549578
an:0.0053766355602499205
jim:0.04055485924489664
tax:0.13267827397203572
trained:0.032776362575173724
current:0.018935603136112682
contribute:0.032062658878975414
is:0.003217636250187592
does:0.007296340205613924
goes:0.019299564047848366
livni:0.034324709810465405
dedicated:0.032626654178734095
article:0.009704585393013186
neither:0.022411864973059695
thus:0.019948233969319194
comes:0.018108840342787497
seem:0.016525224879615198
dangerous:0.025178118162798125
