muslims:0.02043404987762311
argic:0.04505895055648572
typical:0.02064169138764789
at:0.004078541724326069
with:0.005415068303606919
ca:0.009521058315242227
response:0.016257400706608062
such:0.02670857227038609
from:0.007838631985464589
my:0.004399140098751394
to:0.0038283310002523076
line:0.013073165503731428
published:0.018981931549590512
might:0.00984761636980762
ai:0.044932109405021264
make:0.008148520756248627
that:0.006424159730268089
like:0.005391847516243857
nt:0.003305919220937215
population:0.03653654198966937
could:0.013973232919685715
anything:0.010746486807034276
re:0.001731206031380419
happened:0.031225008321652137
so:0.009461209235045556
this:0.007291422755158597
followup:0.027277114277498172
der:0.026852079327252233
these:0.007669610986569178
on:0.0023472630798115272
you:0.0025731434694848234
them:0.006786385053390004
officer:0.02325379091164813
zuma.uucp:0.04599910258629519
independent:0.019225652537948945
a:0.0019395890636755486
how:0.01217928701138078
other:0.0063856851288514385
y:0.019737826743216714
sera:0.02296434481451232
million:0.018118107681162676
was:0.004099357102321229
as:0.003704232223226937
let:0.01067193399422604
participated:0.02677156199988247
muslim:0.019617121926967754
exact:0.019772899862700314
serdar:0.02249765639265137
van:0.021229652918950237
are:0.00595288316297431
no:0.005211785815659767
not:0.002791250039703541
laugh:0.02348340637988596
whether:0.013228974930008446
expect:0.016001023533140684
messages:0.02025481602493473
doing:0.01241066159798757
references:0.0191174425787577
has:0.004929511453178477
his:0.008539023340302114
list:0.01347976202278509
be:0.010712245502545764
which:0.005980983020914434
kill:0.03420955654262394
were:0.007181959710519903
if:0.006205096479290826
of:0.009001878961376789
even:0.015547772664500237
analogy:0.024487145883891167
what:0.008522612064783622
but:0.003080014917825973
asks:0.023808426095965816
armenians:0.08795092966137538
armenian:0.021793064654957273
least:0.011146585105122602
bearing:0.026244042280673126
germans:0.026173359539326882
they:0.004319072335683998
who:0.005986355899230779
republic:0.04761685219193163
title:0.0194499691276987
in:0.0032903648498979715
2.5:0.02252947527824286
u.s:0.01633214074536434
or:0.0031218123041809502
men:0.016257400706608062
and:0.0008837903113212728
subject:0.00012359702264823285
holocaust:0.023143117203992786
jews:0.01710477827131197
i:0.003535161245285091
we:0.0062395551190461565
armenia:0.021502793385440772
stupid:0.017878176811419223
any:0.004737441047633367
the:0.00558335562954854
do:0.00997663776259023
see:0.008191600747273963
can:0.0040026203353597835
peter:0.017045801300120168
did:0.030442797100795654
atrocities:0.02646280563646269
maybe:0.012258856862695944
accused:0.025399960999219633
an:0.016627743306698826
human:0.014841862829798961
army:0.020662977078613764
entire:0.017265825105040745
extermination:0.0227251225434738
is:0.001243854754123444
grant:0.020948983373503777
either:0.011590568088487768
new:0.007981479467053458
himself:0.017327691900467446
appropriate:0.018722258092872715
run:0.012392751983274976
1:0.009067240240392169
x:0.014097962914565288
turks:0.04280319053187692
percent:0.021903299139650414
pl:0.05848833220282288
article:0.0037515411125768564
jewish:0.017706051796411104
ac:0.23808426095965815
warren:0.07770284945099547
understand:0.027742196879033825
by:0.004585349420449843
while:0.010047881971659825
