some:0.04864736979722309
discussing:0.10138263875209287
chris:0.15986446845497082
with:0.012183903683115569
indicates:0.10241347327841308
palestinian:0.1077139910012318
that:0.0072271796965516
phase:0.11429982449648836
re:0.007790427141211886
on:0.010562683859151873
part:0.05102546067527661
territories:0.11377237016348231
police:0.07657466482568107
real:0.05328320529163015
armed:0.09250881293018237
be:0.012051276190363985
thinking:0.07257346945518031
of:0.00810169106523911
what:0.01917587714576315
conventional:0.11108835200008713
fact:0.04996389851310082
in:0.003701660456135218
israel:0.15835281536827714
force:0.0744584191419744
and:0.003977056400945728
subject:0.0005561866019170479
will:0.023610528018818425
the:0.01099223139567369
composition:0.127196474671618
liberal:0.10211370791482767
during:0.0610076981208848
is:0.005597346393555498
solid:0.09386588172541073
israeli:0.08701403571684585
palestinians:0.21951622600073542
already:0.06053721502702815
side:0.06709091830356652
