argic:0.18023580222594288
say:0.0702794434913905
means:0.10498500816439825
to:0.010208882667339486
me:0.04013291408905721
re:0.013849648251043352
so:0.037844836940182223
phone:0.10879063430405811
you:0.06175544326763576
a:0.0051722375031347965
how:0.04871714804552312
question:0.08085133642026313
computer:0.09928529278390057
being:0.07206681221944992
be:0.021424491005091528
get:0.0486805176033749
never:0.08162737892080964
one:0.036418922510208236
system:0.08278601219416759
subject:0.0009887761811858628
quote:0.14944288564965144
can:0.03202096268287827
did:0.06088559420159131
having:0.09692190342297634
