land:0.028608865795595226
all:0.006863797342779074
much:0.012569761651510298
though:0.01788161296122791
mentioned:0.025288946897783007
my:0.006836073822520153
to:0.008923591684041351
building:0.027341493300997496
us:0.014819254576870475
memorial:0.041601851740824564
that:0.004991433459488875
like:0.016757396597247096
nt:0.010274511535574656
location:0.03302753219046333
could:0.01085690039802919
funds:0.07159087700813598
re:0.00269021944444727
funded:0.04035247408578255
so:0.007351155376869929
anyone:0.012035357911089145
this:0.0037768520746145253
off:0.015708326963714752
federal:0.028427742379102602
these:0.011918244410783761
on:0.0036475455053186327
you:0.007997107761276575
tell:0.01733830973829103
concerned:0.028963951385308124
why:0.02560751913890657
a:0.0050233961361381115
how:0.009463043145533269
alleged:0.039110655793214245
was:0.006370223986340904
private:0.05107454854207988
forever:0.03395062174904874
jack:0.061507279118848
organization:0.02756714552602066
are:0.004625261738138313
helping:0.037263750420208394
museum:0.041854307279035136
it:0.004933171650934849
statement:0.024987046184840333
mistake:0.03214260427940193
ve:0.013130458266384419
money:0.02230373932898655
be:0.00832318355593484
rates:0.03298996424815289
writes:0.009514566777231113
recognize:0.03220952796762001
were:0.011160455377498555
if:0.004821226041463377
even:0.012080283796877884
congress:0.03141465360136347
costly:0.04342761088309866
but:0.00478621023201734
never:0.0158556779198695
in:0.0025565424733020215
point:0.015838388210504036
u.s:0.025379441733803586
and:0.005493487978284747
subject:0.0001920644380720741
costs:0.029613328452761406
holocaust:0.03596340515152836
i:0.005493487978284747
group:0.03880742352239777
paid:0.029755324732173793
any:0.0073617788941640816
will:0.016306551725227113
the:0.004338146820080881
do:0.01033550962455391
interest:0.026279028753006372
when:0.009407729804631193
fund:0.03775525577256434
would:0.006709709684204145
convince:0.033993572590678256
home:0.02107455432993776
operating:0.03306529734072336
did:0.011826698154265939
come:0.017274774636470567
jim:0.04872418340933626
tax:0.1275238662062156
problem:0.015219894187378305
just:0.00844883858608551
btw:0.026991298708225434
contribute:0.07704264795379703
is:0.005798689789007135
move:0.02544478500412243
guess:0.02155508822255866
article:0.005829732951917993
by:0.01425087014125419
dangerous:0.030249969303505663
