land:0.03805389804390178
some:0.005586300837958632
go:0.009308288286096303
choice:0.01804958217472987
out:0.0056372110003849755
roughly:0.024229554590476092
final:0.018452863144672704
gaza:0.13418645688812855
perlman:0.1353207977087321
cut:0.017516820554088045
with:0.0055964342276511704
times:0.013447254265516873
from:0.004050584949426677
work:0.00968934193296796
cpr:0.02556598436454913
to:0.004615978048151108
city:0.03521325931565925
ten:0.019263106423721667
centers:0.02637496202026173
been:0.007020288934073872
sources:0.018416932895762985
higher:0.017760162263339197
like:0.005572435710567814
nt:0.0034166437881456386
believed:0.0209130609035864
population:0.0944006348058443
need:0.009192354026302566
re:0.001789189008507993
anyone:0.00800437679254254
this:0.010047510782228115
off:0.010447164822757657
on:0.0024258795465994733
them:0.007013680246565746
a:0.0013363675845420048
how:0.006293602857555618
other:0.0065995597503919175
truth:0.017201232191447865
colorado:0.022551204246880188
also:0.0070980724003807
whole:0.014315385047977464
solution:0.018611756307336115
far:0.011910899866609577
no:0.005386343235323014
model:0.01750694503150024
it:0.00328091320325332
not:0.008654210649415763
examples:0.020994159268724073
comparable:0.048459109180952184
statement:0.033236358083184744
tiny:0.02501425782621901
area:0.030703033920185138
university:0.011245646419132314
has:0.01528384412277346
decided:0.017854703650805524
davidsson:0.028882478051438818
highest:0.04515920022122272
without:0.01075220327656696
be:0.0027677572111840733
seek:0.023251166415371755
writes:0.0031639348852514943
if:0.0032064613385809054
of:0.009303377299796108
even:0.008034255730937922
piece:0.020620626381787143
his/her:0.02607010166434734
density:0.05353689148776721
island:0.02456253684788851
fact:0.011474962337937029
nearly:0.02052698955789194
who:0.006186855857578221
policy:0.01835764231061866
one:0.004704836879309198
tim:0.019511527749933918
rest:0.015629812600348365
rice:0.02578350768549055
in:0.005100852685966234
israel:0.01818405535329498
astronomy:0.023590648405669764
world:0.03619020127367479
weeks:0.017418970743220623
message:0.01553741573473551
and:0.0027401728312736115
for:0.007783465619906076
subject:0.00012773663584697749
space:0.014629247643603365
i:0.0009133909437578704
example:0.013451479156736385
sad:0.022636902460117174
punish:0.0274269212361135
any:0.0048961113219560155
research:0.01477192095950611
will:0.005422513611977437
than:0.006844982211576369
the:0.006491652717609069
closer:0.02230295144607152
mexico:0.02758642563930772
serve:0.020034012400484115
can:0.004136679389654131
eric:0.03816295196477135
sport:0.02399419457042455
ny:0.02010140350039674
mr:0.016157682671212505
just:0.005619084035721942
people:0.0072022638281010395
is:0.0038565448835980467
right:0.009281691836317222
checking:0.023251166415371755
center:0.03125962520069673
does:0.011660180041507418
denying:0.02712302934270524
deserve:0.02418951511836836
cities:0.02321850629541769
possess:0.058425174968781475
strip:0.10269403996254213
israeli:0.019984084757935887
leave:0.016905177628203427
article:0.0038771908149119664
de:0.01933484223513861
numerous:0.02305846833337204
close:0.016626379024739426
by:0.004738925716828546
igc.apc.org:0.05071584325599071
include:0.016083843412653596
s:0.00890578393573232
