go:0.04421436935895744
say:0.04312602214244417
all:0.02168335978741571
with:0.02658306258134306
to:0.006264541636776504
stop:0.07554438896774177
ii:0.08344090466159358
that:0.023652588097805235
civilians:0.11415497356627265
bit:0.061933731773993174
re:0.008498647790412968
justify:0.10822036448946751
this:0.011931419053895886
on:0.023045855692694996
a:0.0031738730132872617
want:0.04301359017527685
only:0.030307641778847424
hope:0.06564685312818284
writes:0.0150286907049446
they:0.021202718738812357
zone:0.11091490391502558
in:0.0040381750430566014
point:0.050034908210455926
israel:0.08637426292815117
and:0.004338606982849885
subject:0.0006067490202731432
i:0.013015820948549653
the:0.0034261500454047865
agree:0.0685580722491918
fires:0.12780892493965743
rocket:0.11205557992693138
sides:0.10351894026878404
every:0.05527610288494082
article:0.01841665637083184
security:0.0843607707508612
s:0.014100824564909508
