simply:0.020390955599222597
there:0.012237053141028633
proven:0.03162155983131223
river:0.03640715845231434
islamic:0.030570700203288347
continue:0.026054708046009636
with:0.007797698357193965
ca:0.027420647947897617
into:0.023877385373098487
members:0.024588282056697438
my:0.0063347617422020094
to:0.001837598880121108
movements:0.03981266261075428
ap:0.03768963773663071
enough:0.016214323512915976
endor.uucp:0.03927904455959737
bit:0.018167227987037998
arabs:0.06340672089718198
nt:0.00952104735629918
homeland:0.03821484358898482
cleansing:0.03843708639076876
had:0.010229389904547569
this:0.01049964876742838
off:0.01455638298637567
big:0.018505203692450383
on:0.0033800588349286
set:0.01766276389417281
am:0.010895575711342437
them:0.009772394476881607
sea:0.13459492951798113
sure:0.014546960134394691
a:0.0037240110022570536
was:0.005903074227342571
as:0.00533409440144679
budget:0.03146090948745183
said:0.014610032191089549
part:0.03265629483217703
blood:0.05568898285878135
adam:0.15482011237517357
waste:0.028523866634655597
whole:0.0199461031668486
perry:0.03244244440066972
plan:0.02603709464959071
shostack:0.08019278674709251
it:0.004571405729866293
fuel:0.03217213710470739
admit:0.027333981431410338
only:0.008890241588461911
be:0.007712816761832952
writes:0.004408415940117083
if:0.0044676694650893954
of:0.010370164563506062
sexual:0.029693524484696882
congress:0.029110912337263484
ethnic:0.03446847712039418
what:0.0061362806866442085
but:0.004435221481669402
mcrcim.mcgill.edu:0.04086352223877817
find:0.028219289835645204
in:0.00236906269192654
resources:0.029425031823777283
our:0.014865169486535957
world:0.016808337924884512
and:0.005090632193210532
for:0.002168992419413827
subject:0.00017797971261345532
until:0.019074438169097627
jews:0.04926176142137848
i:0.005090632193210532
we:0.0269548781142794
sick:0.029941615126966446
driving:0.05582811455601574
will:0.015110737932043792
tired:0.03291883749388402
the:0.005025020066593686
when:0.00871782961895824
quote:0.02689971941693726
drugs:0.028918459110591134
did:0.010959406956286437
an:0.005985987590411579
just:0.007829257089772574
people:0.010035154267154118
about:0.006566774535479144
is:0.003582301691875519
right:0.012932490625268665
attributed:0.035847948559109666
their:0.020182448247756186
plo:0.04009639337354626
nothing:0.01703237334333939
improvement:0.033987788494385225
article:0.0054022192021106735
little:0.015635591345989762
online:0.033759846062730026
john:0.01787652266387897
revolution:0.0353320374683402
