a:0.015516712509404389
birthday:0.6924647210974231
edward:0.5022322692647361
ux4.cso.uiuc.edu:0.6333295195699444
israel:0.8445483486308114
subject:0.0029663285435575885
happy:0.8440211307744491
