above:0.011391866234847468
israelis:0.02075438694533331
out:0.004929611293223681
all:0.007983831218797414
nowhere:0.021594013286179135
supports:0.018082173575978182
with:0.002446976471922792
ca:0.008604805841390464
previous:0.014532215145158183
response:0.014692880973336157
from:0.00354214332397563
cpr:0.02235686498824589
organizations:0.01989750655769309
my:0.007951583776822604
to:0.005189871314149572
arab:0.018693815877978526
day:0.010641435296078961
might:0.008899937807022786
100:0.014136033886322473
perhaps:0.012085613128201025
make:0.007364353486818844
expand:0.022547084126642362
that:0.007257418942143866
think:0.00602405032438726
arabs:0.03979501311538618
really:0.008164835745568727
nt:0.005975552734078983
could:0.006314264248226181
its:0.01730397118020226
anything:0.009712306068282023
re:0.0015646046141346045
started:0.013720689857694163
wait:0.01536150546071179
so:0.0042753581480540585
1982:0.04237637581095818
egypt:0.046239433380625285
off:0.009135805221574688
terrorist:0.022086829334950615
on:0.004242751675642593
set:0.011085416669982933
you:0.004651037568273822
children:0.014026681456144456
1967:0.04783235161067733
united:0.01640804176936074
sea:0.021118451284202058
terrorists:0.021632935431209734
why:0.007446537992276177
a:0.0035058680983591508
was:0.018524291508397187
as:0.0033477579925398258
red:0.015115560480931175
steve:0.02683810750489026
also:0.00620710096937057
act:0.015613527460327842
exact:0.017870068495160117
fidonet:0.023009602429570494
based:0.012639761556069214
considers:0.024987026743151217
mind:0.012676384113013124
declare:0.023783336063436654
are:0.005380011561516531
existance:0.024342044819187794
internet:0.01195202486658831
base:0.016115631194196865
yeah:0.016544863783214025
it:0.0100417908292042
not:0.0075679080574388895
have:0.0021391239043834845
being:0.008141439037343715
proved:0.022043470393379287
closed:0.017263902515124732
peace:0.016115631194196865
facts:0.01694596984994514
attack:0.016521747147515406
secure:0.01788600794460224
war:0.04439529433773662
be:0.004840679976045785
which:0.00540540724902727
were:0.006490808776034724
if:0.002803976651729746
of:0.0032542357416860024
trying:0.011281708046311279
what:0.003851222188270423
associated:0.019036801580738665
year:0.010354647348157539
years:0.009329604280252691
1948:0.04883487211120135
oh:0.027026913674824043
shipping:0.017168650587204178
shelling:0.026076077363501288
who:0.010820526144216303
policy:0.016053335744432216
accept:0.014946075191057461
clear:0.013798120260195033
one:0.00411427158065114
in:0.005204008005277963
un:0.02187439282711202
fear:0.018015757889131782
point:0.009211447536652973
israel:0.11131076561452118
force:0.014953992128932097
and:0.002396218082578179
for:0.00272258462687928
subject:0.0001117027485021686
i:0.001597478721718786
negotiations:0.024733367237643123
refused:0.02108401404932124
research:0.012917704939484423
the:0.005676800912051445
constant:0.02075438694533331
do:0.006011028610096206
see:0.007403287704649272
when:0.0054714411834465935
can:0.0036174309307017293
because:0.014767550618364132
wars:0.02016409992332534
countries:0.017637988656194124
wants:0.014730272646835768
ready:0.017637988656194124
finally:0.03043116716147368
including:0.013305304211423554
hit:0.014977833221461961
number:0.010469727399153798
chose:0.02098237098417879
today:0.011879189396645827
having:0.010949336369959671
expanded:0.023849228770416318
time:0.00660882832595696
questions:0.012653457478014692
center:0.013667911437124721
israeli:0.0349512444720385
legitimate:0.01914327298517868
article:0.0033905141435841045
attacked:0.021049857937860312
opinions:0.011948159646527371
borders:0.09203840971828198
kicked:0.023984211457521845
murdered:0.021958077625047877
by:0.01243224445377196
freenet.carleton.ca:0.04646561473952002
says:0.010715593072918694
opposite:0.020191717848142714
nations:0.019795450268470665
blame:0.018732738023009125
igc.apc.org:0.02217491891318422
s:0.0025959677023264364
