some:0.01235488756754872
simply:0.01618329809462111
believe:0.011495618414446246
at:0.004661190542086936
out:0.006233741264975978
final:0.020405547075325898
proven:0.05019295211319401
all:0.005047977939927466
media:0.02090717561214424
document:0.02409964746998147
islamic:0.07278738143640082
take:0.011247349895956103
with:0.009282974234754719
ca:0.010881209503133973
into:0.018950305851665464
from:0.004479218277408336
palestine:0.028390283534618126
to:0.00218761771442989
movements:0.03159735127837641
arab:0.07091780944185504
look:0.012545864149607991
1988:0.024180427745805748
day:0.013456629818851174
might:0.02250883741670313
t:0.013631074365081703
calls:0.021207881827822368
that:0.003670948417296051
think:0.015235428862736034
like:0.006162111447135837
schwartz:0.03504880728916842
nt:0.003778193395356817
its:0.010940870666847461
re:0.001978521178720479
so:0.005406405277168889
harry:0.027609140683792388
islam:0.024783307424902135
this:0.0055553697182160735
these:0.008765269698936203
on:0.0026825863769274596
you:0.008822206181090822
1967:0.030243206441671645
am:0.008647282310589236
state:0.014061975592278392
sea:0.05341068631665917
a:0.0036944553593819974
other:0.007297925861544501
want:0.010013745860911014
as:0.012700224765349499
old:0.014010122128795365
part:0.012958847155625805
adam:0.02457462101193231
speakers:0.029912410902087867
solution:0.020581254329276447
far:0.013171312550906885
l:0.017486563908747952
are:0.0034016475216996057
inhabitants:0.02821291479367292
reasonable:0.019779403016434115
plan:0.0206643608330085
it:0.005442149678412253
not:0.003190000045375475
statement:0.01837671650631114
have:0.0027050296991939305
spread:0.02466305212819549
covenant:0.033119478645846155
ve:0.009656792058346212
rights:0.01837671650631114
hm:0.02821291479367292
war:0.018713360399857232
cs.brown.edu:0.030329240943638737
adams:0.024516477511532336
verified:0.06387764987037792
public:0.01568118834952695
be:0.006121283144311865
writes:0.0069974856192334635
get:0.01390871931524997
certainly:0.016273848027807625
kill:0.01954831802435654
were:0.00820795395487989
if:0.003545769416737615
of:0.004115144668057961
hamas:0.06715971260375188
what:0.004870064037019213
newspapers:0.02930706512866065
but:0.0035200170489439694
impression:0.025032341873886185
mcrcim.mcgill.edu:0.03243136685617315
beyond:0.0206643608330085
in:0.005640625456967951
and:0.007070322490570182
subject:0.00014125374016940898
leaders:0.023399816948406066
forth:0.026126061503082557
jews:0.05864495407306962
i:0.006060276420488728
translation:0.025096476056597004
sick:0.023763186608703524
driving:0.04430802742540931
tired:0.026126061503082557
the:0.0047857333967558915
original:0.016328931287161265
can:0.009148846480822363
law:0.015909212302878124
radio:0.01898068973951146
maybe:0.014010122128795365
an:0.004750783801913951
record:0.020405547075325898
statements:0.04460824644264969
different:0.01337151797889549
is:0.002843096580853586
attributed:0.028450752824690208
their:0.008008908034823884
matter:0.01598361381957959
six:0.02241956791653458
plo:0.03182253442344941
under:0.012842981095797032
article:0.008574951114461386
written:0.01896041766378894
before:0.011249705117580128
check:0.01750958499781846
doubt:0.01841308094698713
