muslims:0.019358573568274525
argic:0.04268742684298647
typical:0.019555286577771683
characters:0.02221042504126975
at:0.003863881633572066
ideas:0.015776287881752064
with:0.00513006470868024
ca:0.009019949982861057
response:0.015401748037839218
such:0.02530285794036577
from:0.0074260724072822415
my:0.004167606409343426
to:0.0036268398949758705
line:0.012385104161429773
published:0.017982882520664694
might:0.009329320771396692
100:0.01481803552118891
ai:0.042567261541599094
make:0.007719651242761858
that:0.006086046060253978
like:0.005108066068020496
nt:0.003131923472466835
population:0.03461356609547624
could:0.01323779960812331
anything:0.010180882238242999
re:0.0016400899244656602
happened:0.029581586831038866
so:0.008963250854253684
this:0.009210218217042439
followup:0.025841476683945635
der:0.025438811994238957
these:0.007265947250433958
on:0.002223722917716184
you:0.0024377148658277273
them:0.006429206892685267
officer:0.02202990717945612
zuma.uucp:0.043578097187016496
independent:0.01821377608858321
a:0.0018375054287452564
how:0.011538271905518633
other:0.0060495964378592575
y:0.018698993756731622
sera:0.021755695087432726
million:0.01716452306636464
was:0.0038836014653569543
as:0.0035092726325307824
let:0.010110253257687827
participated:0.02536253242094129
muslim:0.0185846418255484
exact:0.018732220922558194
serdar:0.021313569214090774
van:0.020112302765321277
are:0.0056395735228177675
no:0.004937481299046096
supplied:0.024177048518573253
not:0.002644342142877039
laugh:0.02224743762304986
whether:0.012532713091586949
expect:0.015158864399817491
messages:0.019188773076253954
doing:0.011757468882304013
references:0.01811126139040203
has:0.004670063481958557
uses:0.01497804881507209
his:0.008089601059233582
list:0.012770300863691138
without:0.009856186336853048
be:0.010148443107674935
which:0.0056661944408663055
kill:0.032409053566696364
were:0.006803961831018855
if:0.005878512454064994
of:0.008528095858146432
even:0.014729468840052856
analogy:0.02319834873210742
what:0.008074053535058167
but:0.002917908869519343
asks:0.022555351038283405
armenians:0.08332193336340825
armenian:0.020646061252064783
least:0.010559922731168781
bearing:0.024862776897479802
germans:0.024795814300414942
they:0.004091752739069051
who:0.005671284536113369
republic:0.04511070207656681
title:0.018426286542030348
in:0.0031171877525349207
2.5:0.021343713421493236
u.s:0.015472554390345167
or:0.0029575063934345848
men:0.015401748037839218
and:0.0025118250953341434
subject:0.0001170919161930627
holocaust:0.02192505840378264
jews:0.016204526783348182
i:0.0033491001271121917
we:0.005911157481201622
armenia:0.020371067417785996
stupid:0.016937220137134
any:0.004488102045126348
the:0.005289494806940722
do:0.009451551564559166
see:0.007760463865838492
can:0.003791956107182953
peter:0.016148653863271738
did:0.028840544621806408
atrocities:0.025070026392438337
maybe:0.011613653869922472
accused:0.024063120946629126
an:0.015752598922135732
human:0.014060712154546384
army:0.01957545196921304
entire:0.01635709746793334
extermination:0.02152906346223834
is:0.0023567774288654727
grant:0.019846405301214103
either:0.010980538189093676
new:0.007561401600366433
himself:0.01641570811623232
appropriate:0.017736876087984677
run:0.011740501878892083
1:0.008590017069845213
x:0.013355964866430273
turks:0.04055039103019919
words:0.01450815408555866
percent:0.020750493921774076
pl:0.055409998928990095
article:0.007108183160671938
jewish:0.016774154333442096
ac:0.22555351038283405
warren:0.07361322579567992
understand:0.026282081253821518
by:0.0043440152404261665
while:0.009519046078414571
