all:0.017346687829932567
fax:0.055611697088788895
with:0.010633225032537224
such:0.03496394915395997
declared:0.09929225032449365
been:0.026677097949480713
cleveland.freenet.edu:0.07786215948191828
re:0.006798918232330373
voice:0.06593626002611215
this:0.009545135243116709
you:0.01010543617106767
m:0.024887540220292218
josh:0.09523509484605347
a:0.002539098410629809
was:0.01609929334729792
terrorism:0.0911779393676133
40:0.1390729886554472
blood:0.22781856624046912
muslim:0.07704178793136428
course:0.044475487270909435
month:0.14450194506862757
49:0.18092967098419818
not:0.010962000155926634
only:0.024246113423077937
60:0.07403016871620031
after:0.035076612502999115
14:0.06788823308648487
writes:0.012022952563955679
were:0.028205514499496345
of:0.0035352833739225207
germany:0.07644992242158703
but:0.012096058586371096
email:0.04988906652668983
in:0.006461080068890563
our:0.040541371326916244
for:0.0059154338711286175
subject:0.00048539921621851447
usenet.ins.cwru.edu:0.0946976620780254
we:0.024504434649344906
yet:0.04781943168520297
2000:0.07864813647375135
the:0.002740920036323829
last:0.03963931912835451
le:0.09755933796441502
israeli:0.07593952208015638
article:0.014733325096665473
needed:0.06065132163883674
by:0.018007917723948472
