taken:0.04513536027066658
behind:0.048325238369845175
final:0.05283079996214513
gaza:0.07683553284827087
members:0.05052386723978925
to:0.0018879440549189463
clock:0.058769052295882404
enough:0.033317103108731455
that:0.0047521181566366685
endor.uucp:0.08071036553341925
nt:0.009781897968800527
re:0.005122472640796856
had:0.04203858864882562
big:0.03802439114887064
on:0.006945326373140957
you:0.007613684786420847
orion.oac.uci.edu:0.07381853570229485
took:0.0462383791289956
suggest:0.05029314801520709
them:0.020080262623729327
sure:0.02989101397478361
a:0.005739058051423541
budget:0.06464570442627088
adam:0.31812351857912374
waste:0.05861068486573067
solution:0.053285713263469155
perry:0.06666255698767751
shostack:0.16477969879539556
action:0.10087378303632757
be:0.007924126810102346
writes:0.009058388918048799
certainly:0.042133661332269055
if:0.009180142736485057
of:0.005327139330568182
sexual:0.06101409140691139
congress:0.05981694315876057
but:0.009113468797950825
they:0.01277972088366772
tim:0.055861771229262856
in:0.0024339685191026093
and:0.002615050784183492
for:0.008913667477043122
subject:0.000365711738246826
we:0.036924490567506026
lives:0.05332134041004529
alternative:0.059646064059785564
the:0.0030976151095440533
drugs:0.05942149132313246
would:0.012776022549375014
worry:0.06022415110759895
is:0.0036804469437077244
israeli:0.11442941683311235
tclock:0.07663842685577635
legitimate:0.06267455128024253
article:0.011100450415295903
little:0.03212792742326663
citizens:0.05599120806759069
john:0.036732580816189665
