to:0.01378199160090831
re:0.03739405027781705
a:0.01396504125846395
terrorism:0.5014786665218732
virginia.edu:0.4806147800107404
get:0.13143739752911224
subject:0.00266969568920183
thee:0.6154220948407096
just:0.1174388563465886
israeli:0.4176673714408601
