some:0.00807983996632079
at:0.003048321842402876
dir:0.060578898449362234
there:0.006351411664893754
posting:0.011415877359710176
all:0.009903818311207175
knows:0.01208983187246102
participants:0.01977842912621433
tried:0.010719252778673602
ever:0.009146789123978757
leader:0.016207768523551918
secondly:0.018488895267096083
whom:0.01456162906350098
with:0.006070872423420907
such:0.006654038766324563
from:0.002929315759273964
members:0.012762084112472719
possibility:0.014674676753084195
several:0.01950485378593354
brendan:0.022176862276940785
to:0.005245740747750567
significance:0.05479673575487747
intention:0.019261018282024145
arab:0.04637877503290866
everyone:0.010579628918730462
most:0.006424205757671411
published:0.014187187594157616
village:0.1439089135883643
die:0.013037212357897402
make:0.006090243887023197
that:0.0024007240514496665
civilians:0.06951998390195151
arabs:0.016455031374701206
its:0.01431020454002886
consider:0.011143128299554302
re:0.0012939117743189293
fighters:0.020811276837480755
so:0.003535676807560277
harry:0.036111609614095236
had:0.010618743845551108
this:0.007266192918635558
standards:0.029323863918512355
you:0.0019231798941478266
state:0.009196240093220126
a:0.003382535944956666
hard:0.009357209005451589
want:0.00654878189519786
was:0.033702672924274195
as:0.0027685611080173647
target:0.01658562074488407
character:0.015795798419690366
given:0.009646323734191284
evidence:0.022267875671370774
died:0.014035304571468255
120:0.0175516116887729
military:0.04019209580689173
no:0.0077906279320588915
inhabitants:0.01845066053980686
begin:0.043320617434676606
lie:0.03155637836528059
plan:0.013514062966915593
d:0.006303959246979362
it:0.005931754839791903
not:0.010430969006504583
should:0.005684471080392663
absurd:0.01795550191129242
deir:0.047048982455346784
probably:0.008260289671381343
only:0.0046143122431463205
survived:0.02006937416846534
real:0.008849805723177328
hm:0.01845066053980686
after:0.006675479888114019
attack:0.027326626769938977
cs.brown.edu:0.01983469390431738
absolutely:0.013849338218503924
party:0.01468746866270816
attacking:0.018338427751733666
personal:0.011605174640815626
troops:0.03237587839859875
armed:0.015364785538577003
be:0.0020015960454583784
which:0.008940431366903237
considered:0.011912951409038796
writes:0.00228810515923032
get:0.0045480068349173786
kill:0.012784194140496146
of:0.006055243149106048
produced:0.01588521444454811
even:0.01162048060737734
institute:0.01346871228350625
but:0.0069060542102118705
killing:0.04201082337462624
seems:0.00815393456533245
fact:0.008298502175186295
repeated:0.017922703489304383
in:0.003688851942446169
compare:0.014912494511396238
massacre:0.035589065998121915
chosen:0.01703501549028688
reaching:0.01911976570582949
or:0.002333257639111022
truck:0.017794532999060957
and:0.0013210983200373351
still:0.007064737308752758
for:0.0033773238364575154
seriously:0.013415064579229554
subject:9.237701346719134e-05
however:0.008294459876113887
holocaust:0.017297277910250666
any:0.007081572777085172
yassin:0.11762245613836696
the:0.006781168947998401
do:0.0024855291311643483
got:0.007654511493531398
proposed:0.01527250786701243
nobody:0.01386951441335096
1000:0.016168222863262565
did:0.011376547013446127
claim:0.01129840499930791
instead:0.010614997617939936
rational:0.03534188203547777
serves:0.017858024828362677
archives:0.018488895267096083
long:0.008236371090341124
many:0.012824920606076772
warning:0.029689555831137828
including:0.011003348465502525
is:0.0018593261376516534
stuck:0.016455031374701206
irgun:0.16585320727601832
does:0.004216224271064101
first:0.00649672951346381
too:0.006756117189842549
almost:0.010456722942091932
accounts:0.017243211066295366
leave:0.012225543682679989
article:0.0028039200010955053
attacked:0.052224042011923336
give:0.008177288136179954
thus:0.011527180182962995
before:0.01471414717801138
by:0.010281337108828713
soft:0.018488895267096083
appear:0.013663313384969488
