since:0.0076076867810025905
israelis:0.018860450494048143
out:0.004479760833005551
there:0.006979307875111388
know:0.0046915404017425924
all:0.007255268674116282
nowhere:0.019623456940672294
supports:0.016432089295280557
with:0.002223678238743526
response:0.01335208575143476
from:0.012875623641523583
organizations:0.018081764514405508
except:0.012259929349824386
to:0.004192240791150817
receive:0.01628296110838595
day:0.009670353748147802
100:0.012846053607722705
perhaps:0.010982743489125648
been:0.011157721575828436
make:0.006692321229466554
expand:0.020489555537138878
that:0.007914173964284642
think:0.005474327100869031
arabs:0.036163529028811016
really:0.0074197556775320375
nt:0.00271512757308912
could:0.011476115249627813
its:0.007862450783399887
me:0.004120109050967851
re:0.0014218270067611048
started:0.012468611695775305
wait:0.013959695076464326
so:0.003885211396900837
this:0.001996130944378019
1982:0.03850933010957797
egypt:0.04201986531547317
off:0.00830211957397852
something:0.007569054437884117
two:0.0070904541165525145
terrorist:0.04014260236542355
on:0.0038555804200706457
set:0.010073819711505403
you:0.008453216568953944
children:0.012746680106534318
1967:0.04346742218612883
am:0.006214206679472873
united:0.014910729972917175
8:0.022452405189154877
sea:0.0191912922316513
terrorists:0.019658827254977668
a:0.0015929704857563442
same:0.007384385363226663
sb:0.28756932795899803
was:0.016833861865045353
as:0.006084518328646528
red:0.013736193745028711
steve:0.012194501318761927
let:0.008764782291835835
therefore:0.013052948747356904
also:0.005640673504485044
act:0.014188718870792223
exact:0.016239339811191134
based:0.01148632323916556
are:0.0024445299680654962
existance:0.022120717535307543
yeah:0.015035066327711606
it:0.006518164063497566
not:0.013754600956105664
zero:0.01761830513186164
have:0.0058317560435093485
being:0.007398494030133643
closed:0.015688489357850992
attack:0.015014059194890426
war:0.0403440127251675
lebanon:0.020717305124899596
be:0.00219947246059875
writes:0.002514305669268298
soon:0.013676781889883917
were:0.011796983250739917
if:0.0076443013661225395
of:0.0036965890791965522
trying:0.010252198566799984
but:0.0025295940009521303
year:0.009409736563534799
years:0.008478233547453968
1948:0.02218922896307438
oh:0.024560579347083448
shipping:0.01560192962107148
shelling:0.07108953410505865
please:0.007282948125115037
who:0.009833101705200367
accept:0.013582174793394424
clear:0.01253897620603275
in:0.004729117540917998
un:0.019878250515892676
point:0.008370859168289203
israel:0.13005402326824284
force:0.013589369273059967
rather:0.009785108946436742
and:0.0021775517936737064
subject:0.00010150934179474638
i:0.0029034023915649417
employer:0.017186655602215304
held:0.015457977487826527
possible:0.019596742379958797
any:0.003890826107562005
refused:0.019159997558128427
the:0.005731962053148691
constant:0.018860450494048143
do:0.00819374051984597
see:0.006727702514871392
when:0.004972146170508502
because:0.013419941436460182
agree:0.011469791554997867
may:0.007076142689885288
ready:0.01602843836057185
finally:0.013827089261582149
hit:0.013611034752583304
is:0.002043137847077292
chose:0.019067629905774645
write:0.012373284885884081
expanded:0.02167287329326806
time:0.006005741330432371
questions:0.011498769343138827
unless:0.011703655611180575
plo:0.02286866542217467
israeli:0.015880888647941446
almost:0.011490467415454632
percent:0.01798902134663304
e-mail:0.010455117021491508
article:0.0030811136133711064
attacked:0.019128958354177245
opinions:0.010857833290950731
borders:0.06272960053993173
kicked:0.021795538168622515
murdered:0.01995429867827545
aware:0.015577555939090796
by:0.015063657411667925
freenet.carleton.ca:0.0422254065503623
opposite:0.018349127626258968
nations:0.01798902134663304
s:0.0023590733112396132
