been:0.04075667742281775
re:0.010387236188282514
these:0.04601766591941507
a:0.003879178127351097
birthday:0.34623236054871154
have:0.014201405920768134
edward:0.12555806731618402
has:0.02957706871907086
anybody:0.08443319846979708
writes:0.018368399750487843
ux4.cso.uiuc.edu:0.1583323798924861
of:0.005401127376826073
year:0.06874335322804588
mcrcim.mcgill.edu:0.17026467599490902
in:0.004935547274846957
israel:0.3167056307365543
subject:0.0007415821358893971
44:0.1262439732214721
news.cso.uiuc.edu:0.12737791751370142
any:0.0284246462858002
information:0.06774503568010458
the:0.004187516722161405
during:0.08134359749451306
people:0.04181314277980881
about:0.02736156056449643
number:0.06950735689993771
article:0.02250924667546114
killed:0.10146624990744126
by:0.027512096522699057
happy:0.3165079240404184
