such:0.08012571681115827
cunixb.cc.columbia.edu:0.2203843129550205
to:0.011484993000756923
that:0.0144543593931032
produce:0.17564497036793317
a:0.005818767191026646
freeman:0.22357348283511774
wow:0.21581922118370692
it:0.014285642905832164
university:0.09793083756661056
has:0.04436560307860629
of:0.01620338213047822
and:0.007954112801891455
subject:0.0011123732038340957
jews:0.15394300444180775
sad:0.19712969225685373
the:0.003140637541621054
see:0.07372440672546567
peter:0.15341221170108152
virginia:0.2033439905108802
begun:0.23619638052605813
s:0.025851511702334094
