know:0.016024352281276646
posting:0.042846604635795336
carter:0.0649209521566551
from:0.010994444862729554
my:0.012340444952341576
ten:0.052285574578673104
track:0.05908825425709794
h:0.045885482133695026
cleveland.freenet.edu:0.055615828201370204
re:0.009712740331900534
on:0.006584530197912856
you:0.021654506080859292
support:0.035570861162772804
a:0.0018136417218784352
as:0.010391092989831409
failed:0.05502984852240306
terrorism:0.06512709954829522
said:0.028461101670953667
standard:0.039533045980029054
jake:0.2824094106626899
american-occupied:0.07702697918302451
no:0.014620074495876751
deleted:0.04562830515582256
have:0.006639618352566921
only:0.03463730489011134
virginia.edu:0.062417503897498755
has:0.013828239920604559
writes:0.017175646519936687
get:0.017069791886897695
of:0.005050404819889316
years:0.028958122376368748
beyer:0.14250367729432317
york:0.048872301395135626
well:0.021855427404588894
bony1.bony.com:0.14846664980456992
now:0.021453433738678498
george:0.05171836596175542
comment:0.051033732427048874
in:0.002307528596032344
andi:0.2179716296287665
subject:0.0003467137258703675
usenet.ins.cwru.edu:0.06764118719858958
employer:0.058702473030943184
will:0.014718251232510188
the:0.002936700038918388
wrong:0.034330156582205985
when:0.01698278497199657
ab4z:0.07382100414495274
mr:0.043856567250433943
bush:0.06068332996731014
is:0.003489254894683947
new:0.022389604738747362
jimmy:0.0689675442775036
livni:0.14888900099604474
israeli:0.054242515771540274
article:0.010523803640475338
replaced:0.05617724033839383
opinions:0.07417169235116994
s:0.016115228074182295
