some:0.007297105469583464
since:0.012505135146273008
racist:0.06923794136646079
israelis:0.031001865499591635
know:0.007711719535364387
posting:0.020619928480976504
all:0.005962923941539321
true:0.01614550495098654
case:0.015447569420667225
means:0.035432440255484414
with:0.007310342209869342
from:0.005291076590188598
my:0.005938839133314383
to:0.005168246850340615
h:0.02208238827684073
speak:0.06722686527446989
regulations:0.03428994734894651
that:0.00867261563586192
like:0.007278994146929208
nt:0.004462990948265241
could:0.009431932220787859
its:0.012923903475213563
re:0.0023371281423635658
mean:0.01652138785518663
getting:0.03390251965280858
student:0.0251438592010542
founding:0.03801187679267169
you:0.013894974735218047
possibly:0.024230960396233382
apparently:0.023679131601572895
names:0.025605607574880496
bill:0.019346961723073236
m:0.00855509195072545
a:0.0026184452359619905
hard:0.016901458766096934
sorry:0.019858854279616405
let:0.014407110892205156
lets:0.028960089060497574
others:0.016852051394177475
mind:0.018935348768813358
are:0.016072784540030638
jefferson:0.03562478547580938
police:0.022972399447704323
not:0.015072750214399123
have:0.012781265328691322
systems:0.018752607001766317
rights:0.02170749637308004
messages:0.027344001633661887
virginia.edu:0.1201536950026851
u.s.a:0.03208481375755436
publicly:0.06474576635511207
regardless:0.028281127554230102
found:0.016715753157856235
writes:0.0041328899438597645
of:0.009722029278286934
prohibiting:0.03830955209885453
freedom:0.09970071200796515
opinion:0.020683197278673057
what:0.0057527631437289456
beyer:0.03428994734894651
seems:0.014728044308631739
alone:0.02399508334634059
they:0.005830747653173398
author:0.025275048425378168
one:0.00614569317359764
in:0.005552490684202827
thomas:0.023025031337681877
israel:0.023752922305241574
andi:0.03496628225294796
and:0.0011931169202837183
still:0.02552136352786934
for:0.0020334303932004623
subject:0.00016685598057511437
i:0.003579350760851155
mention:0.02359171758923077
alan:0.027504266824995245
the:0.0037687650499452652
allowing:0.029383980287614832
ab4z:0.035526358244758506
did:0.020548888043037068
countries:0.02634674555518998
thought:0.016778665032448205
is:0.0016792039180666494
stein:0.036705053056055696
argument:0.021992134000873263
issue:0.019571000046655334
guys:0.048558446368640644
right:0.012124209961189373
time:0.009871937311898211
does:0.015231110179219066
their:0.018921045232271425
speech:0.029683438760714193
first:0.011734717683694008
every:0.015200928293358727
accounts:0.03114554998849601
give:0.014770226695975042
by:0.012380443435214578
father:0.02706044785222532
s:0.0038777267553501147
