guilty:0.04564501792250847
with:0.0056779356969858955
such:0.018670069936580568
my:0.01845076235592818
to:0.002676114873962778
us:0.019998799865873745
centre:0.04860988830650053
aclu:0.057391017182492295
that:0.01010401821653816
think:0.013978136189597623
church:0.036381318835813664
nt:0.006932801473033383
anything:0.0225363218477612
re:0.0036304903182346653
this:0.010193833754784835
laws:0.036037610806193124
set:0.02572247169054292
you:0.0053961066932885614
sure:0.021184893399603916
a:0.0013558292483945582
how:0.01277051453620509
was:0.008596710039819277
perception:0.057391017182492295
denial:0.05648299720180469
steve:0.031137415988683362
cyberspace:0.058392805883805216
fidonet:0.05339121340453736
are:0.012483716147596611
internet:0.027733339253539862
galileo:0.05927602703143363
d:0.017687807984243062
it:0.00998608047786326
not:0.005853495228892862
deleted:0.03411048055338191
have:0.004963598185899542
made:0.022578442251631078
due:0.03218584936794643
hopefully:0.04488101531497774
virginia.edu:0.04666162912725634
u.s.a:0.04984048739037571
his:0.017907078072866567
be:0.005616128710072537
found:0.051932436995281495
if:0.006506314754984556
of:0.0037755453507910416
freedom:0.03871872310988937
associated:0.04417277259996641
beyer:0.053265937629431465
find:0.020548026579353302
universe:0.04302382864724264
policy:0.03724997323222621
david:0.024237332420820327
in:0.00690018259784429
useless:0.04659878918059986
andi:0.05431655495603566
for:0.0031587268243890676
subject:0.0002591937562331873
holocaust:0.04853313899089749
actually:0.023731205117486255
research:0.02997409204404638
will:0.01100296451362412
the:0.0051225932717702625
wrong:0.025664291813882138
do:0.006973960377732976
ab4z:0.05518657591418796
canada:0.07224480763119702
would:0.009054850933052194
law:0.05838526456784399
did:0.015960301392650148
including:0.030873472878934268
head:0.03352291005296779
is:0.005216944211469202
applies:0.0462300586168599
too:0.018956484154024237
nice:0.030677082104415124
under:0.02356624686510329
opinions:0.027724370441942155
bad:0.026607777152877512
freenet.carleton.ca:0.0539091355473072
s:0.012047306424388704
