some:0.008648421297284105
all:0.014134338231796908
with:0.012996163928656608
from:0.006270905588371671
to:0.0030626648002018463
african:0.04596677216884924
everyone:0.02264824264824521
owners:0.03198257380288332
us:0.015258343601370341
ii:0.027195554111926798
that:0.005139327784214471
nt:0.005289470753499545
re:0.0027699296502086707
anyone:0.01239196110845475
slave:0.04054557444484453
paying:0.03473932450387596
on:0.003755620927698444
you:0.01646811820470287
tell:0.01785203743424039
m:0.01013936823789683
more:0.009417918709783155
a:0.0010344475006269593
want:0.01401924420527542
was:0.013117942727427936
hearing:0.03359135337125799
as:0.0059267715571630995
said:0.01623336910121061
part:0.018142386017876128
physically:0.03974639694846538
tortured:0.04283449919981196
jake:0.040269490038939114
others:0.01997280165235849
not:0.004466000063525666
should:0.012168978831359109
have:0.003787041578871503
being:0.014413362443889986
virginia.edu:0.1068032844468312
suffered:0.2737130776101658
regardless:0.03351837339760605
writes:0.014694719800390275
tall:0.04187737526292302
were:0.011491135536831846
of:0.004320901901460859
expansion:0.03424255242550154
what:0.020454268955480696
humans:0.03341023414263455
beyer:0.08127987519750283
they:0.0069105157370943976
who:0.019156338877538495
bony1.bony.com:0.04234048901834031
one:0.0072837845020416484
in:0.0013161459399591887
our:0.016516854985039953
israel:0.02815161162102705
or:0.004994899686689521
andi:0.12432455912159275
and:0.0014140644981140366
for:0.004819983154252948
subject:0.00019775523623717257
cause:0.02335926765438568
holocaust:0.07405797505277692
jews:0.08210293570229747
i:0.005656257992456146
we:0.009983288190473852
any:0.007579905676213388
victims:0.07429313578101825
than:0.010597046534958972
the:0.0039083489406839785
wrong:0.019580904124665635
waiting:0.03240770563989557
ab4z:0.08421062695053869
start:0.020870830280611204
because:0.013072017028848252
americans:0.06344324105934082
problem:0.015670854015152478
just:0.017398349088383495
during:0.02169162599853682
actual:0.030091532494286692
many:0.01372741501909699
beloved:0.04488082050816868
language:0.0302067355536014
is:0.0019901676065975107
guys:0.028775375625861122
white:0.025177549228300684
keep:0.019625293215747564
wwii:0.04063993759875142
article:0.006002465780122971
neither:0.02772430704074792
says:0.018970568477241247
s:0.004595824302637173
