taken:0.029418583033559466
choice:0.03368180959391556
feeling:0.03898782902312073
at:0.007865759039771705
there:0.016388910456734775
behind:0.03149770000891695
final:0.034434360689612455
know:0.011016742193377694
tel:0.07259728713032815
gaza:0.05008030266003369
fax:0.02730931553467312
hell:0.03047661539715978
ca:0.01836204103653858
objections:0.05163086957120191
to:0.0049221398574672524
politics:0.04369946885841843
clock:0.11491448618569863
that:0.006194725454187085
endor.uucp:0.05260586324946076
nt:0.012751402709329259
its:0.018462719250305088
re:0.003338754489090808
had:0.013700075765019063
student:0.03591979885864885
you:0.004962490976863587
orion.oac.uci.edu:0.09622773404049151
tell:0.021518080835914756
society:0.03318063587863257
took:0.03013751496800606
suggest:0.032780355402768906
them:0.01308802831725215
a:0.0037406360513742723
sorry:0.028369791828023433
adam:0.2073483647881789
california:0.03553097524038335
solution:0.034730866680654005
no:0.010051301215915265
shostack:0.10740105367914174
action:0.06574809072903494
have:0.0045647376173897575
stay:0.03525622828800162
university:0.020985179478559407
terrible:0.04521407954829913
attempt:0.034434360689612455
be:0.005164832653013137
perfectly:0.03989126781104346
writes:0.01180825698245647
certainly:0.027462118546925363
of:0.0052082299705108566
department:0.030964960559758357
but:0.011880057540185897
particular:0.030277245072176846
they:0.008329639504533425
policy:0.034256671811779466
tim:0.10922971338579077
in:0.0031728518195444726
and:0.0017044527432624546
for:0.002904900561714946
subject:0.00023836568653587764
i:0.0017044527432624546
possible:0.02300867520504091
lives:0.03475408794583309
alternative:0.11662935740261642
the:0.0020189812767563917
do:0.006413552847379434
would:0.008327228983074786
home:0.05231005449752408
irvine:0.09729734371158202
worry:0.03925324134691717
is:0.0047977254801904266
israeli:0.07458345918586787
tclock:0.09990366357985131
legitimate:0.0408503771737295
article:0.01447023000565359
little:0.02094052412409343
citizens:0.03649426954405465
while:0.019378058088201092
