libertarian:0.10331923418522734
some:0.01111939881079385
posting:0.031420843399583245
all:0.00908636029186944
small:0.02846424666920011
4:0.023659709563606468
someone:0.02098531537774305
from:0.016125185798670012
posters:0.05201022636044906
themselves:0.030823335393550644
both:0.021387657926745126
to:0.007875423771947604
recall:0.03724624014355259
ii:0.034965712429620176
movement:0.04483144729019782
re:0.0035613381216968625
sample:0.04488763511998057
so:0.009731529498904002
this:0.014999498239183399
describe:0.04450110864269411
two:0.017759899358602966
on:0.004828655478469428
libertarians:0.05707574096010452
knowledgeable:0.056678858137241966
am:0.015565108159060625
intelligent:0.04855398356340746
3:0.022299675663215425
a:0.003990011788132557
want:0.018024742549639827
as:0.0076201348592097
danny:0.05225134834125183
far:0.0237083625916324
not:0.005742000081675857
between:0.022122531867108625
connection:0.04100729652859521
points:0.034906250366385075
cs.brown.edu:0.05459263369854973
party:0.04042550898593008
topic:0.08317403524932424
humor:0.052882294870215646
without:0.021402004617166622
be:0.005509154829880679
get:0.012517847383724976
jump:0.04724093790413964
of:0.0018518151006260825
expansion:0.0440261388327877
what:0.017532230533269168
but:0.006336030688099146
sense:0.031298305203457055
seems:0.0224427341845817
they:0.008884948804835655
topics:0.050888483163721604
in:0.0016921876370903856
5:0.024751170351596984
israel:0.03619492922703478
or:0.006422013882886528
and:0.003636165852293237
incredibly:0.10035027474319334
subject:0.00025425673230493616
i:0.003636165852293237
6:0.027984282214849474
elaborate:0.053013659842904556
any:0.009745593012274355
angry:0.050783246628611264
the:0.0007178600095133839
can:0.008233961832740128
7:0.03039550979934577
here:0.017146675291651394
people:0.014335934667363024
arrogant:0.052752717231589176
draw:0.04021618606479889
is:0.007676360768304683
logical:0.04483144729019782
write:0.030992132618928702
conclusions:0.048228351518185754
2:0.018556281448527705
their:0.014416034462682992
ignorant:0.04760869824821374
1:0.018652608494521036
campaign:0.049152087384731556
although:0.030092756730997698
very:0.016602309445556643
little:0.02233655906569966
going:0.02074110175285412
opposite:0.04596019586386771
everything:0.02942535698974527
s:0.005908916960533508
