reference:0.02006254334956105
at:0.004736371034701242
concept:0.022880923355488084
independence:0.029566102046598652
all:0.0051293969389585555
true:0.01388860640945079
your:0.02709531660604866
with:0.0031442332085459537
ca:0.01105671288221678
from:0.004551463733495568
cunixb.cc.columbia.edu:0.028436685542583294
added:0.02249257089656673
my:0.005108678824356459
to:0.002963869161485658
might:0.011435941590744333
been:0.007888389178609888
that:0.00373015726273631
think:0.007740580793164276
nt:0.0038391319985077344
its:0.011117336322764357
inability:0.030997650315136096
re:0.0020104328106353257
310:0.030078522368127282
founding:0.03269838863885737
you:0.011952666438897246
books:0.01962762318842022
assume:0.018663916963920304
bill:0.0665701908750907
a:0.0015016173396197798
hard:0.014538889261158653
sorry:0.017082885401820562
was:0.028563262390367276
as:0.008603378066849661
steve:0.017242762617389176
science:0.018180818420254385
computer:0.014412381210566212
are:0.006913025608615329
freeman:0.028848191333563585
those:0.009978041152083658
jefferson:0.18386986052030646
not:0.009724354977031691
have:0.005497318420942504
philadelphia:0.026668271397498184
rights:0.09336557579819371
virginia.edu:0.02583950430165271
u.s.a:0.027599839791444616
be:0.006220013517607219
constitution:0.024327851659552778
which:0.006945657701707086
noticed:0.021807543124485622
writes:0.007110348290511424
of:0.014635312892044845
cheers:0.023409476754647024
freedom:0.04288202667009254
department:0.018645567648886755
but:0.007153583034950648
beyer:0.02949672890231958
disappointed:0.031676648838384974
well:0.009047676936308306
must:0.012459464663868266
author:0.06522593142033074
in:0.00955267214486508
thomas:0.039612957140097854
israel:0.04086524267568443
clearly:0.019540378367873142
or:0.0036253304177585235
world:0.013555111229745575
men:0.018879562110899688
andi:0.030078522368127282
and:0.0020526742714558595
subject:0.00014353202630117365
steven:0.09648417479245207
outside:0.019380514932696373
i:0.0030790114071837893
group:0.014500623305412071
angeles:0.025468574885056196
55:0.02642928342668725
necessary:0.019380514932696373
the:0.0048629226450906645
allowing:0.02527654218289448
when:0.0070305077572243874
ab4z:0.0305603081675342
would:0.010028490818326624
peter:0.019795124090462135
did:0.00883823141636003
maybe:0.01423609184055013
mr:0.018155675689695772
here:0.009679574761416109
reality:0.02253016786157195
is:0.0014444764886594834
guys:0.04177070655366937
right:0.010429427923603763
lack:0.02085764010162681
time:0.008491989085503837
history:0.017854879593284308
distinct:0.032106985976414745
him:0.012884490878297355
article:0.00435662838879893
written:0.019266230851914572
by:0.010649843815238346
los:0.024515573514962606
father:0.02327780460406479
visited:0.031183059863905824
