concept:0.04948664818745097
true:0.03003814874602147
with:0.006800318334762178
ca:0.02391335576851536
my:0.011049003038724433
to:0.0016025571628963148
might:0.024733548091609835
been:0.017060934735133013
that:0.008067549428708763
think:0.016741256134052966
nt:0.008303238973516727
its:0.024044471581792674
re:0.004348145381141518
310:0.0650535483775776
founding:0.07071977077706361
you:0.006462778946613045
books:0.04245044084937396
bill:0.0719886947835283
a:0.0016238420067981338
hard:0.031444574448552434
sorry:0.03694670563649563
was:0.02059211939770664
steve:0.03729248659109752
science:0.0393213049554339
computer:0.031170964013550177
are:0.007475713739549134
jefferson:0.19883601195800582
not:0.014021162990138718
have:0.011889549142968671
rights:0.12115811929160951
virginia.edu:0.0558854395361326
u.s.a:0.05969267675824068
writes:0.007689097569971655
of:0.011304685207310386
cheers:0.05062979856237612
freedom:0.09274484837950246
department:0.04032646026387135
but:0.007735851421516398
beyer:0.06379525088176094
author:0.09404669181536061
in:0.008264172181139092
thomas:0.042837267604989536
israel:0.04419148335858897
andi:0.0650535483775776
subject:0.0003104297313025383
steven:0.20867507571390795
group:0.03136181319542611
angeles:0.05508319684442386
necessary:0.04191599741257587
the:0.005258741930156184
allowing:0.054667870302539216
ab4z:0.06609555022280653
did:0.01911524469119727
here:0.020934894251434837
is:0.0031241003126821383
guys:0.04517064778478199
time:0.01836639499888039
history:0.0386163674924521
los:0.05302205434631447
father:0.05034501925995408
