above:0.012965028714897835
read:0.01079525267570439
studies:0.02009087093492236
argic:0.023173174571906947
help:0.010190917714484748
true:0.012301337105513557
became:0.020598321457411074
leader:0.022304976682411926
perlman:0.06733820647886907
own:0.010792812550228549
with:0.008354676811279247
cambridge:0.022250554321347055
former:0.01900427582260266
response:0.01672189786965401
service:0.017345672516563538
from:0.008062592899335006
wrote:0.012264642736632672
several:0.013421197009844746
to:0.005906567828960704
then:0.007599430237027635
important:0.01496366329987249
death:0.0159781732573163
regional:0.025945958323088544
palestinian:0.024620340800281557
been:0.006986858986768759
dro:0.12470978164793724
russia:0.02440286443440923
grand:0.02387993650104158
its:0.009846783600162716
this:0.004999832746394467
he:0.007572062892953502
soviet:0.021080952382460064
on:0.004828655478469428
working:0.015088281003364797
zuma.uucp:0.047313362660189345
jerusalem:0.024801768639482847
a:0.0019950058940662787
intelligence:0.021524240111345835
sera:0.02362046895206982
was:0.004216481590958979
as:0.00381006742960485
secret:0.01903172203553957
genocide:0.08582023472037553
worked:0.018305542097973096
assist:0.02684956087204794
closely:0.02369317120031167
died:0.019315252481687264
serdar:0.023140446575298557
travel:0.04872107222674946
learned:0.02161807378315218
it:0.0032652898070473523
not:0.005742000081675857
statement:0.01653904485568003
have:0.004869053458549075
made:0.011074188342466674
p.o:0.021936468760433734
punishment:0.022586828450937308
war:0.03368404871974302
has:0.015211063912665013
nazi:0.023995615989465605
his:0.03513198174295727
be:0.0027545774149403397
which:0.006151868250083419
of:0.003703630201252165
germany:0.020022598729463274
forgotten:0.025288099568417988
what:0.004383057633317292
1948:0.027789367701374107
x-soviet:0.056112920799424815
russian:0.022170069508001326
germans:0.026921169811879083
dbd:0.055578735402748214
must:0.011035525845140464
who:0.006157394639208802
zone:0.023239313201243457
net:0.01578639278523087
david:0.02377566894613804
box:0.015088281003364797
one:0.004682432894169631
president:0.01793075313891428
in:0.006768750548361542
chief:0.023729942848377913
or:0.003211006941443264
men:0.01672189786965401
and:0.003636165852293237
davidian:0.049603537278965694
for:0.004647840898743914
subject:0.00012712836615246808
we:0.006417828122447476
armenia:0.1105857945536954
back:0.010030270095559703
source:0.014853656960475355
the:0.005742880076107071
would:0.00444118879097322
eric:0.018990611811040982
grants:0.028961429937273672
an:0.0042757054217225565
german:0.02236002821765514
during:0.013944616713345098
people:0.007167967333681512
about:0.00469055323962796
turkish:0.1056173483585932
ma:0.01910103773922627
lesson:0.026376358615794588
general:0.028080289172262397
is:0.0025587869227682277
either:0.011921727176730278
acquired:0.027876744552175044
discussed:0.02161807378315218
anatolia:0.027703565294218496
time:0.015042952094321084
center:0.015555384921299091
wwii:0.026125674170625914
2:0.009278140724263853
fool:0.023548860012238673
entered:0.02387993650104158
experience:0.015772489403786418
dead:0.03267887747439177
him:0.011411977635063372
late:0.018353042788719857
urartu.sdpa.org:0.05540713058843699
article:0.003858728001507624
before:0.010124734605822116
by:0.009432718807782535
while:0.01033496431370725
grave:0.028056460399712407
s:0.002954458480266754
1991:0.041350878018821965
