israelis:0.035430703428104726
say:0.013553892673339596
all:0.00681477021890208
case:0.01765436505219111
funny:0.06429665929366031
such:0.027471674335254263
equally:0.03423745996622497
name:0.019730232184501793
to:0.002953283914480352
then:0.011399145355541452
ii:0.026224284322215127
civil:0.05961742113629305
make:0.025144006904995766
that:0.004955780363349669
control:0.021783101928150167
arabs:0.03396788619491892
like:0.00831885045363338
nt:0.005100561083731704
re:0.0026710035912726466
anyone:0.011949391068867079
followup:0.042084690599568604
lowest:0.04049080809018139
comparing:0.03824617166277781
you:0.011909978344472612
libertarians:0.08561361144015678
etc:0.016588028481844538
them:0.01047042265380172
support:0.039127947279050085
a:0.0009975029470331393
other:0.009852199913085077
as:0.0057151011444072745
lose:0.030033898094194905
are:0.013776672462883404
no:0.016082081945464427
place:0.01942448298083161
it:0.002448967355285514
not:0.0043065000612568915
have:0.003651790093911806
calling:0.029378575853910415
kind:0.019682333549736142
completely:0.025692811693139073
between:0.016591898900331466
against:0.03690401131654066
virginia.edu:0.06865925428724862
evil:0.0596667673486943
nazi:0.0359934239841984
be:0.004131866122410509
writes:0.004723302792982588
if:0.00478678871259578
of:0.0013888613254695618
germany:0.030033898094194905
expansion:0.03301960412459077
beyer:0.03918851125593887
well:0.01202048507252389
please:0.027363076527217926
they:0.026654846414506963
who:0.009236091958813203
up:0.009596145502517034
now:0.011799388556273173
david:0.03566350341920706
in:0.002538281455635578
point:0.01572525686614329
israel:0.08143859076082825
or:0.004816510412164895
world:0.01800893349094769
andi:0.03996146543194053
and:0.006817810973049818
subject:0.0001906925492287021
jews:0.026390229332881328
we:0.009626742183671214
any:0.007309194759205766
nazis:0.11245672612256664
the:0.005383950071350378
do:0.015392526833710642
see:0.012638469724365543
when:0.009340531734598114
ab4z:0.04060155227972401
start:0.020125443484875088
would:0.019985349559379487
tries:0.036864065538548665
iraq:0.04118259256153795
may:0.013293039481713077
note:0.02115492213484641
people:0.010751951000522267
f:0.05308901740581211
is:0.0038381803841523415
distinction:0.03755809231321758
guys:0.02774768363922322
else:0.018046801609557548
right:0.013856239955644997
give:0.016880259081114332
realize:0.027953651850936703
s:0.00886337544080026
