land:0.02367043062849843
israelis:0.059051172380174544
at:0.005243839359847804
there:0.005462970152244925
29:0.027172534186253067
small:0.017790154168250066
true:0.015376671381891943
with:0.0034811153380330194
way:0.010311742973491328
compared:0.02454040848758108
from:0.005039120562084378
to:0.0024610699287336262
remember:0.01656323831262638
arab:0.02659417854069564
most:0.011051163475994273
that:0.008259633938916114
quite:0.015810710607794057
arabs:0.028306571829099098
nt:0.00425046756977642
re:0.002225836326060539
exactly:0.019145134840904812
he:0.028395235848575628
you:0.0033083273179090587
hebrew:0.03250639147528066
them:0.008725352211501433
state:0.01581972254131319
jerusalem:0.031002210799353554
a:0.0016625049117218987
other:0.008210166594237563
same:0.011560079467432215
was:0.03689421392089107
as:0.019050337148024246
jumper:0.03356195109005992
worked:0.022881927622466366
idea:0.016502239852742597
terrorism:0.02984992062630197
part:0.01457870305007903
operation:0.025629560330372003
far:0.029635453239540494
no:0.006700867477276844
it:0.0040816122588091894
have:0.0030431584115931717
being:0.011582166249554453
states:0.02055273652056954
university:0.013990119652372937
against:0.015376671381891943
absolute:0.02764644863842385
liked:0.030243609926924264
war:0.042105060899678776
negotiating:0.03567233810006532
his:0.010978744294674147
which:0.007689835312604272
writes:0.003936085660818823
of:0.00810169106523911
fraction:0.035186159344028016
even:0.00999499671289301
but:0.011880057540185897
saying:0.017955685589074042
1948:0.03473670962671763
seems:0.01402670886536356
who:0.0076967432990110015
continued:0.028417834525600007
in:0.002115234546362982
un:0.06223785578190206
israel:0.06786549230069021
system:0.013304894816919792
streets:0.032890549339194775
better:0.013310808757746446
and:0.003408905486524909
subject:0.0001589104576905851
jews:0.04398371555480221
i:0.0011363018288416363
group:0.01605426151670622
plain:0.02708211653450322
power:0.03216494381155407
the:0.008524587612971432
wrong:0.01573465510017774
see:0.010532058103637953
around:0.014090443054485926
would:0.005551485988716524
can:0.005146226145462579
because:0.01050429939818163
bye:0.036341849906176574
reaction:0.05618019551330684
jim:0.020156730636600412
during:0.01743077089168137
is:0.0047977254801904266
done:0.01576585447274225
having:0.015576734478692627
time:0.009401845058950677
their:0.009010021539176868
too:0.023244260331720196
israeli:0.04972230612391191
count:0.025377205812707204
resolution:0.02659417854069564
existed:0.030142719698866092
november:0.03193906897644539
jewish:0.045529847476485696
killed:0.04348553567461768
before:0.012655918257277644
by:0.023581797019456334
demon:0.034023607246880604
s:0.0036930731003334424
