some:0.021621053243210262
surprised:0.08149412392591183
from:0.015677263970929178
cpr:0.0989498283739031
to:0.0025522206668348716
assumes:0.10022747414217997
that:0.006424159730268089
think:0.026662000509788057
re:0.006924824125521676
you:0.020585147755878587
posted:0.06321075786077585
as:0.014816928892907748
accuracy:0.08961396475139952
helpful:0.08601117354176309
no:0.02084714326263907
it:0.006349174624814295
not:0.011165000158814165
have:0.009467603947178755
be:0.03213673650763729
if:0.012410192958581652
of:0.007201503169101431
but:0.012320059671303892
policy:0.07105087486887593
for:0.006024978942816185
subject:0.0004943880905929314
feedback:0.10257472795031228
i:0.007070322490570182
any:0.01894976419053347
review:0.08003036082701455
research:0.0571728051951255
will:0.041974272033454975
the:0.00558335562954854
judge:0.08078632368850078
would:0.03454257948534726
can:0.016010481341439134
is:0.004975419016493776
readers:0.0842554736628989
critical:0.09050506194295874
center:0.06049316358282979
article:0.03001232890061485
by:0.018341397681799373
happy:0.07033509423120408
igc.apc.org:0.0981445485231672
