at:0.008082247820682854
know:0.022639910562537648
all:0.00875291587748891
to:0.0025288057983318
receive:0.039288245610142256
arab:0.040989192613182276
attacks:0.04216583789321603
been:0.01346092098368293
arabs:0.08725695536309447
me:0.009941180554170136
re:0.003430646814478629
this:0.004816352645609349
two:0.01710815993259919
these:0.04559548549813604
terrorist:0.04842891936746053
you:0.005099073297327724
8:0.05417415197016269
how:0.01206755043329472
same:0.017817370188335895
as:0.01468099376544988
wasted:0.052589234296768095
let:0.021148052685805732
birthday:0.057175986145658796
died:0.03721287175370941
others:0.024736956174939415
christians:0.03299994162421532
plan:0.035830864196684464
not:0.016593853447044907
zero:0.04251022247412488
have:0.014071117793054666
due:0.03041415123760076
probably:0.02190113500026797
45:0.04137964779133636
has:0.009768573154922487
anybody:0.05577238798004945
writes:0.0060666274405280956
soon:0.03299994162421532
if:0.018444506965965394
of:0.0035677171663438287
year:0.022704226754216992
years:0.02045665525670086
least:0.022088645712903508
please:0.01757261795325922
accept:0.03277166945562141
over:0.018403126169902365
in:0.004890267024619004
israel:0.06973334988694774
and:0.005254092859964999
subject:0.0002449262100185165
jews:0.03389570740003107
44:0.041695257210761436
employer:0.04146871948057454
possible:0.04728388299017582
any:0.018775913142913898
information:0.022374507197098763
lives:0.035710622476452354
the:0.0034575826146286837
do:0.006590072650518319
because:0.016190112833894623
did:0.015081752692137297
wars:0.04421302643738309
may:0.01707362869210854
during:0.026865775319288722
people:0.01380984532177172
many:0.01700184428970728
about:0.009036845691026345
is:0.004929772970470898
number:0.04591311648436253
100,000:0.05094166019607929
partition:0.055797250337866706
does:0.01117879646181216
almost:0.027724705782243744
percent:0.043404702882243025
e-mail:0.025226566758277676
article:0.0074342466084091835
opinions:0.026198258307523325
killed:0.033511788960255834
close:0.03187993776303248
by:0.009086563989148312
happy:0.06968981813733983
