above:0.02367526982720474
there:0.01596137366221126
permits:0.050589119232920726
k:0.03294487875001446
nowhere:0.04487799282953751
ever:0.022986278755042267
allows:0.03593629030561881
among:0.029952221460746307
i.e:0.03003946953891655
your:0.010955932366793588
way:0.015064111474317769
much:0.030386032514085764
from:0.007361497864610223
to:0.002396868104505793
respect:0.03554224512116627
h:0.03072332281995232
ii:0.03192521569660972
arabs:0.08270441856154172
re:0.003251656545897135
so:0.008885309542477566
islam:0.04073082698527395
this:0.0045650646814906
big:0.02413722220754398
a:0.002428702827558948
wondering:0.03129507392919389
as:0.020872543310009175
cohen:0.05249076445870186
permit:0.04748759798127958
muslim:0.036846072488913355
others:0.023446332374507793
are:0.01118106750610827
no:0.009789093358108781
judaism:0.10087041973367797
christians:0.03127820553947366
recognized:0.04346881144402123
it:0.002981351562956278
have:0.004445657505631764
between:0.02019883344388179
heck:0.043067402385211125
which:0.011233846369717545
writes:0.005750107747978803
of:0.006763150802286562
freedom:0.10403552557352884
gives:0.031621951963444396
expansion:0.04019777893428442
what:0.0160076887477675
years:0.019389351504177334
seems:0.020491192081574593
well:0.014633634001333433
they:0.008112344560936902
one:0.0085505296328315
in:0.007725204430195238
israel:0.09914263223057351
or:0.005863577893070307
and:0.001659988758655608
for:0.002829120547061513
subject:0.0002321474512349417
ago:0.02487970195969256
information:0.021207141604206652
the:0.0032771869999524044
nobody:0.03485469274311676
home:0.025472722190098683
did:0.01429487863863448
stuart:0.05396099341560563
mentions:0.05013533007491577
just:0.010212074464920748
religion:0.15441440273750925
paul:0.028478456444426585
is:0.009345134848370918
today:0.02468805448520307
right:0.033736932065918254
keep:0.023038387688051488
does:0.03178666472184848
article:0.014092745744636538
difference:0.027888294320299014
jewish:0.0332565842436939
by:0.008612482389714488
s:0.01079019618880032
