read:0.1889169218248268
such:0.16025143362231653
to:0.011484993000756923
re:0.031161708564847544
racism:0.46503504378997645
a:0.011637534382053292
want:0.15771649730934845
zionism:0.508785898686472
yes:0.22223715587532406
subject:0.0022247464076681914
i:0.01590822560378291
is:0.02238938557422199
