studies:0.03733701678171411
argic:0.04306519168230494
1920:0.10497482118748472
there:0.016243875850922962
thanks:0.01764058977801914
cambridge:0.041350587676839655
wrote:0.022792698891087267
via:0.03024983520898801
to:0.002439290548833329
remembered:0.05322530093833573
regional:0.048218152635828265
fascist:0.05058377006615877
its:0.01829933235428469
this:0.004645862286472734
on:0.008973607526359114
zuma.uucp:0.08792748812955542
posted:0.03020691083612297
a:0.0012358443591561018
sera:0.043896446725085504
million:0.03463284300116052
was:0.015671878479670543
genocide:0.039872232945307215
joined:0.05102268104969304
1914:0.15799858684275414
muslim:0.03749821536482332
serdar:0.04300436974170528
no:0.01992470329526566
those:0.016424032338827964
learned:0.04017518136691998
it:0.003034118847256389
not:0.005335486801557212
p.o:0.04076688884682375
between:0.0411126698415293
punishment:0.04197552189997199
has:0.018845565909496476
kurdish:0.05491605524597033
were:0.013728347765241585
of:0.001720713146599457
forgotten:0.04699558326874139
tend:0.03769561144902066
armenian:0.12497261855232135
x-soviet:0.05214032463663367
dbd:0.10328791535024004
they:0.008255925880599502
who:0.022885891579360145
david:0.0441848714928229
box:0.028040168236341655
president:0.03332263857674335
in:0.004717160227287358
government:0.07145880368007869
2.5:0.04306519168230494
and:0.01013621454400327
davidian:0.09218356485471499
for:0.008637580431294
subject:0.00023625625568157783
i:0.0016893690906672118
armenia:0.041102684701373515
revision:0.05322530093833573
the:0.00133407612387443
when:0.011572340202156955
liar:0.051327868448552944
people:0.02664200247917022
turkish:0.11776801675382959
ma:0.03549750376316386
lesson:0.04901801158687489
anatolia:0.05148450187421136
center:0.02890823746436114
fool:0.21881684082168676
1993:0.026811113300974663
23:0.0383156783748323
late:0.03410742465160327
urartu.sdpa.org:0.10296900374842272
april:0.030107556299894797
by:0.008764915706346603
millions:0.04213890298704929
doubt:0.030797099990978474
