muslims:0.08487989949166523
read:0.021798106364403096
objective:0.042871205189730234
behind:0.03392060000960287
final:0.03708315766573649
posting:0.03172296689381001
keeps:0.04590573269520002
matters:0.045726000647006236
from:0.008140117831059382
posters:0.052510324690837995
to:0.006625957500436687
lies:0.043369053935150614
attacks:0.04419304163808219
franklin:0.05966840618071777
h:0.03397290504129343
that:0.0033356213984084312
cleveland.freenet.edu:0.041177103572168326
re:0.0035955817574824093
he:0.030579484760004525
on:0.004875084858070096
great:0.02424279508396805
etc:0.022330038340944575
them:0.014094799726271548
dying:0.04893759818667951
as:0.0076934053867021
said:0.021072161814071465
danny:0.1055075303044508
sons:0.05407300670523968
cry:0.055438105371301095
spread:0.044820354348355275
between:0.022335248519676977
jokes:0.05966840618071777
cs.brown.edu:0.1102351257374562
has:0.01023821609506299
hiding:0.05611314632008233
his:0.03546978925971648
which:0.024844083317644573
writes:0.01271658444264543
kill:0.035525308717340255
of:0.0018696210150551795
beyer:0.0527537651522254
seems:0.02265852970558729
well:0.01618142221301293
now:0.01588379228729081
one:0.0094549125747656
bob:0.03542312513489519
in:0.006833834688249634
heart:0.03818252512543863
our:0.0214401482978884
battle:0.04627560078008267
or:0.00648376401637582
and:0.009177822463720911
for:0.0031283544510776347
subject:0.000256701508577099
jews:0.14210123486936102
any:0.009839300637392379
will:0.021794333555832393
the:0.005798100076838869
level:0.03385129964032451
hate:0.03871143502459451
come:0.023088400716052004
mr:0.09741218302740616
makes:0.026855556560115137
about:0.018942618852343683
speaks:0.052510324690837995
is:0.0051667812863589214
involved:0.034623818625633344
trees:0.05560247492283283
stance:0.059418641888378726
realize:0.037629915953184025
s:0.005965733469769407
