another:0.0715324300125348
your:0.04064297490907298
amendment:0.29484521573917977
guy:0.10923647570802804
nt:0.023034791991046404
re:0.012062596863811953
talk.politics.guns:0.19401480664619156
on:0.03271024678963161
you:0.03585799931669173
asshole:0.191976777561626
a:0.004504852018859339
how:0.04243106442674594
frank:0.12632820569518136
are:0.020739076825845984
freeman:0.17308914800138148
d:0.058769168463775334
flame:0.13540817757670306
fruit:0.20376580251306037
spelling:0.17420803696873277
2nd:0.1408592532448233
who:0.041711383039801556
in:0.005731603286919048
subject:0.0008611921578070418
the:0.0024314613225453322
people:0.04855719806687475
arrive:0.191325077325577
language:0.13154546128181255
1st:0.1451860048566523
