posting:0.02339850040394497
carter:0.035453285929520864
your:0.01787137903803209
with:0.008295423784248898
much:0.012391467159999513
from:0.006004058542057982
cpr:0.037895678951707576
my:0.006739108236385115
to:0.003909784851321506
ten:0.028553115195445594
basic:0.027089736238014184
that:0.014761898954658587
nt:0.010128773783296999
me:0.007685026102159891
re:0.0026520603033912803
so:0.007246883669396596
agrees:0.041786217616592944
mean:0.018747674161913905
you:0.003941836804317176
tell:0.017092376266825905
ta:0.06549437913202598
state:0.018849031113054016
why:0.012622145958539051
a:0.0009904284580470888
christian:0.0227364707179899
as:0.0056745685121774355
failed:0.030051761249822947
standard:0.021588968372072602
granted:0.033385120322487735
worth:0.024930238431147788
muslim:0.030051761249822947
zionism:0.08660185509556971
jake:0.15422357887253277
american-occupied:0.04206437870278643
no:0.007984012313351134
early:0.024842135452434615
citizenship:0.0445939882342668
it:0.0024315987924820705
not:0.004275957507630957
namely:0.037895678951707576
have:0.003625890873387609
only:0.00945770381751267
has:0.007551592013379794
decided:0.02646548271644223
regarding:0.028063804050148064
without:0.01593766301278365
be:0.004102562107357952
writes:0.004689804191613917
of:0.006895056225735414
what:0.006527958177281072
years:0.015814010092059527
seems:0.016712674392773602
york:0.0266891291306769
must:0.016435889556592177
they:0.006616451237643572
policy:0.02721097335403759
bony1.bony.com:0.08107753216277931
now:0.011715704949491094
george:0.028243362972022464
rest:0.02316759456363694
in:0.002520279459496319
point:0.031227460443405117
and:0.0013538915407474818
for:0.002307438744057262
subject:0.0001893401198015482
holocaust:0.035453285929520864
jews:0.052406129171679236
employer:0.03205737888923847
actually:0.017335561185114076
research:0.021895967947069342
impossible:0.0291932812406655
will:0.008037626559597761
the:0.005345766028291156
wrong:0.018747674161913905
can:0.00613167370523201
did:0.011658943570517484
propaganda:0.03603493948739912
note:0.04200977445217727
people:0.010675696028887358
bush:0.03313912345732539
is:0.007621918493352167
either:0.017755763880236582
new:0.012226947268677638
center:0.02316759456363694
jimmy:0.037663127016792745
zionist:0.04151855571600538
history:0.02355324542092823
first:0.026631983395617603
livni:0.08130817784890386
too:0.013847644452939692
non:0.03517942184350824
article:0.005747041704373057
elias:0.040538766081389656
replaced:0.030678351106782444
opinions:0.040505108588936765
jewish:0.027124164454076585
live:0.021962328184025947
by:0.007024365069625291
igc.apc.org:0.07517454780497913
s:0.004400257311035591
