some:0.008648421297284105
at:0.013051333517843423
there:0.006798362856127018
know:0.009139815745617052
all:0.007067169115898454
carter:0.03702898752638846
own:0.01678881952257774
your:0.00933283127541676
much:0.01294219903377727
from:0.006270905588371671
my:0.007038624158002232
to:0.0030626648002018463
arab:0.03309497773953236
attacks:0.03404500985452257
ten:0.0298221425374654
perhaps:0.02139601138992626
arabs:0.10567786816196997
nt:0.005289470753499545
re:0.0027699296502086707
anyone:0.01239196110845475
off:0.016173758873750745
these:0.024542755157021375
terrorist:0.039101868230023686
a:0.0010344475006269593
how:0.009743429609104626
speaking:0.03122577250985479
as:0.0177803146714893
failed:0.03138739508314841
standard:0.02254847807749805
wasted:0.04246093732109424
birthday:0.04616431473982821
died:0.030045948304846855
jake:0.16107796015575646
american-occupied:0.0439339066451325
others:0.01997280165235849
neighborhood:0.04350228510347341
are:0.004762306530379449
no:0.008338857305055628
christians:0.026644397311403487
plan:0.0289301051662119
not:0.004466000063525666
have:0.007574083157743006
due:0.02455661099924802
probably:0.01768313862984599
only:0.009878046209402124
45:0.03341023414263455
between:0.01720641367441782
has:0.007887218325085564
lebanon:0.04036037961369329
anybody:0.02251551959194589
writes:0.004898239933463425
if:0.004964077183432661
of:0.0014403006338202864
even:0.01243821813160019
years:0.03303370997007991
least:0.035669072336392334
killing:0.029978093716708603
york:0.027875312647595872
well:0.01246568822335811
alone:0.028438617299366625
they:0.0069105157370943976
bony1.bony.com:0.08468097803668062
accept:0.026460088671575805
now:0.012236402947246254
george:0.029498623548556795
over:0.02971764077806456
in:0.007896875639755132
israel:0.0563032232420541
and:0.005656257992456146
subject:0.00019775523623717257
jews:0.027367645234099156
employer:0.03348215128431574
lives:0.028833021110617085
will:0.008394854406690995
the:0.0039083489406839785
correlation:0.044083556328965975
hate:0.0298221425374654
because:0.013072017028848252
did:0.012177118840318262
wars:0.03569792504944264
conflict:0.03500078955632798
people:0.011150171407949019
many:0.01372741501909699
bush:0.03461197338876208
is:0.003980335213195021
number:0.018535295173316726
100,000:0.082261347575891
new:0.012770367147285532
else:0.018715201669170792
strictly:0.03887393001767736
partition:0.04505111323575904
does:0.009025843069166853
jimmy:0.039337043773094646
livni:0.08492187464218848
article:0.006002465780122971
replaced:0.032041833378195
opinions:0.04230533563733396
close:0.02574009789755956
seem:0.02044231522144991
happy:0.02813403769248164
