land:0.032729484325824995
since:0.008233833841167413
report:0.03124056151008029
at:0.003625370421623173
all:0.00785241012877606
watch:0.01581960428219897
fax:0.012587009629149751
with:0.002406697023825298
much:0.007190110574320706
active:0.018386098744184644
such:0.007913651043077362
from:0.003483836437984262
to:0.007940242074597379
job:0.02857192226575454
palestinian:0.08510735091455353
that:0.004282773153512059
control:0.03764980580174103
months:0.013974463127488972
its:0.017019132148429386
boulder:0.02268463811619219
voice:0.014923844861877237
two:0.007674030587050665
certain:0.01356508227061938
on:0.00417291214188716
american:0.013279980318470025
state:0.01093709212732764
more:0.0052321770609906415
a:0.0022987722236154653
303:0.048652467241125166
broad:0.02268463811619219
as:0.013170603460362444
following:0.011264667790287085
said:0.00901853838956145
washington:0.01579923183298146
team:0.0131819941098539
role:0.018163599891220544
estimate:0.0239413527233987
express:0.01915931932790238
internet:0.011755283716521014
territories:0.04494710920038808
legislative:0.025646841522126786
co:0.018785949560866322
it:0.005643710777612707
lands:0.02352249389907795
invited:0.023265208479401677
christopher:0.019914214389199894
rights:0.01429300172713089
peace:0.095102119886742
quality:0.01581960428219897
edward:0.01860119515795319
regarding:0.01628393568341925
without:0.009247779772849775
be:0.0023804990005657257
which:0.005316429351923942
seek:0.01999791679346789
making:0.012652704489186846
of:0.007201503169101431
offered:0.01904594504079032
secretary:0.021016057424389046
heads:0.019969826402231678
well:0.006925382346310061
they:0.003839175409496888
talks:0.09849495055910956
authority:0.03481458679944825
over:0.024764700648387133
one:0.004046546945578693
in:0.0036559609443310797
symbol:0.0242463238022206
according:0.04246328647637306
israel:0.10947848963732741
u.s:0.029034916880647726
and:0.001571182775682263
for:0.001338884209514708
subject:0.00010986402013176255
offer:0.05786277561797265
everybody:0.03356303950400156
negotiations:0.024326233620562583
water:0.016872828044080457
council:0.04160994781678179
will:0.023319040018586097
capabilities:0.0210888951902302
event:0.017089468922621285
than:0.005887248074977207
the:0.007754660596595195
allowing:0.019347476732585897
greater:0.017362481054871173
meant:0.01675579950366674
conference:0.017935405222347236
radio:0.04428827605886007
promote:0.02222407055979719
road:0.014858651794117328
reports:0.016272520346453302
proposals:0.0478827054467974
human:0.0131927669598213
head:0.014209299322862894
hold:0.014278932563555639
general:0.012133458284310911
previously:0.019569975585549997
is:0.004422594681327802
today:0.023367294368710725
new:0.01418929683031726
executive:0.04464411353682663
suite:0.02176635189679215
electronics:0.018561241190352525
tonight:0.03999583358693578
expected:0.017075589562626888
demonstrate:0.022272772031595552
issues:0.03131876117365346
first:0.00772656308391375
israeli:0.01718795767246338
position:0.01416807801321898
palestinians:0.10840307456826441
hopes:0.023589409622830133
warren:0.02302306650399866
give:0.019450504290995943
process:0.014882978326064064
four:0.01443640391367479
s:0.012766178618436591
intergraph:0.024167936168596343
