another:0.024638948115428654
all:0.01060075367384768
carter:0.05554348128958269
from:0.018812716765115013
my:0.010557936237003348
ten:0.0447332138061981
been:0.016302670969127103
re:0.004154894475313006
this:0.0058331382041268785
these:0.03681413273553206
a:0.003103342501880878
same:0.021578815005873473
as:0.00889015733574465
failed:0.04708109262472262
standard:0.03382271711624708
idiot:0.058886729113900325
birthday:0.13849294421948463
jake:0.24161694023363467
american-occupied:0.06590085996769875
are:0.007143459795569173
no:0.012508285957583442
have:0.011361124736614507
only:0.014817069314103185
edward:0.05022322692647361
has:0.02366165497525669
anybody:0.03377327938791883
writes:0.014694719800390275
ux4.cso.uiuc.edu:0.06333295195699445
of:0.004320901901460859
what:0.010227134477740348
year:0.027497341291218357
years:0.02477528247755993
mcrcim.mcgill.edu:0.13621174079592724
york:0.04181296897139381
using:0.024493561984943565
bony1.bony.com:0.12702146705502093
now:0.01835460442086938
george:0.04424793532283519
in:0.003948437819877566
israel:0.1266822522946217
or:0.007492349530034282
subject:0.00029663285435575884
44:0.05049758928858884
employer:0.05022322692647361
news.cso.uiuc.edu:0.05095116700548057
any:0.011369858514320081
information:0.027098014272041834
will:0.012592281610036494
the:0.0033500133777291247
during:0.03253743899780523
people:0.016725257111923526
about:0.010944624225798573
different:0.02808018775568053
bush:0.05191796008314312
number:0.02780294275997509
new:0.0191555507209283
jimmy:0.05900556565964197
livni:0.12738281196328272
accounts:0.05536986664621513
article:0.01800739734036891
replaced:0.0480627500672925
opinions:0.06345800345600094
killed:0.04058649996297651
by:0.011004838609079623
happy:0.12660316961616735
s:0.006893736453955759
