some:0.014873081211889863
say:0.012086273721449322
there:0.011691452045568757
guilty:0.02994545761795142
ca:0.013099035643900135
such:0.02449703443908024
to:0.003511335439721862
us:0.013120231759140103
centre:0.03189056366604812
aclu:0.037651431654756096
that:0.008838334405973931
think:0.009170369602092708
church:0.02386799898145738
nt:0.009096542060158452
re:0.0023817866418991756
harry:0.03323648146010676
this:0.006687674374158204
laws:0.02364250900024135
set:0.01687525212819058
you:0.00354012095164791
why:0.0340074378373377
sure:0.013898369555154163
a:0.0008894930737875128
how:0.008378108262605887
was:0.005639879835040673
as:0.00509626853641413
perception:0.037651431654756096
shit:0.030695668036144947
denial:0.03705572427889098
steve:0.02042773150849928
cyberspace:0.038308656089375406
bull:0.03563442777370493
morality:0.02752636614432348
organization:0.0244065810708081
are:0.004094976952874048
no:0.01434071001506382
taking:0.02170031868886373
galileo:0.03888809416711888
d:0.011604103327242266
reason:0.034040916229408
it:0.008735170184457885
not:0.0076803822748530565
should:0.010463771606582673
have:0.0032563733321506554
made:0.014812608610942685
due:0.021115557228652757
only:0.008493861390250233
whose:0.023839372296184515
hopefully:0.02944423297734209
hm:0.03396331780894384
anger:0.034104866450884674
virginia.edu:0.06122481274022171
u.s.a:0.03269789937075604
cs.brown.edu:0.036510997059539634
his:0.011747955678377432
be:0.00736893321194231
found:0.03407032490773245
writes:0.004211862363169187
if:0.004268474011231906
of:0.002476950134595397
freedom:0.025401455288653542
beyer:0.03494516927281173
well:0.010718903886327038
find:0.013480552469257263
universe:0.02822582388959231
policy:0.02443788052814841
david:0.015900925091366206
in:0.006790307078770336
useless:0.030571180163068704
or:0.012884932312797808
rape:0.03258415658476874
world:0.016058921584284565
andi:0.03563442777370493
and:0.0012159153327732162
for:0.0020722857510323185
subject:0.0001700443114141293
murder:0.0272521018802442
purpose:0.023954659185634313
holocaust:0.03184021220421938
we:0.025753068262050382
allow:0.044665919380568055
actually:0.01556887979045277
research:0.019664531723164187
will:0.007218505381549583
the:0.004320877127325782
wrong:0.03367416632904281
do:0.009150546737662378
ab4z:0.036205205854530964
canada:0.04739627507014837
views:0.025796731172846428
would:0.005940443605760358
law:0.03830370860183396
did:0.01047077097734373
may:0.011853665779871535
is:0.011979034319965906
applies:0.030329274124436752
violence:0.02998281506669281
too:0.012436419540538195
nice:0.020125729023915656
under:0.015460658771373498
article:0.005161355925583446
offensive:0.03194131633897281
bad:0.017456057622588433
s:0.011855470334828375
