libertarian:0.04392113194108854
expensive:0.016397112526869997
believe:0.026388727291461626
posting:0.01335703869213053
all:0.011587868388416493
small:0.012100185831036484
way:0.014027310279729095
4:0.010057771271978457
into:0.00725021823069792
someone:0.008920883055315871
from:0.006854836068260531
posters:0.02210961039614231
members:0.014932155095160387
themselves:0.02620607462609569
both:0.009091919361571813
to:0.005579753684578263
aid:0.020112967932469153
recall:0.01583342192337256
ii:0.014863966822308169
basic:0.015464181415222673
enough:0.009846755169787029
that:0.004213416503252755
problems:0.011105559659480863
endor.uucp:0.023853670785180588
like:0.004715137908941997
movement:0.01905790269421365
re:0.00302785832209045
sample:0.019081788208898623
complete:0.014992776721841206
so:0.008273770019311094
had:0.006212180103976256
this:0.006376304919490919
describe:0.05675242600181637
off:0.008839908696179557
getting:0.010980573166901564
two:0.007549754788070087
big:0.0224759559017616
on:0.004105334617322186
you:0.002250198337687133
american:0.013064919908454315
libertarians:0.0727889004147082
knowledgeable:0.024094251434859944
am:0.0066167463834063385
market:0.01583342192337256
great:0.010207492666933915
them:0.005934652516324862
state:0.010759973226480228
size:0.014578449947635092
intelligent:0.02064035738525418
3:0.009479619209059188
m:0.005541759968081264
welfare:0.023932286517395575
sure:0.008834186316434022
a:0.00452309028614217
want:0.007662339950251748
as:0.006478657167749137
idea:0.011224195527371483
budget:0.019105815478209612
adam:0.09402031115901228
waste:0.017322186215377892
danny:0.022212111643042272
also:0.006006061261860593
perry:0.019701889312147603
far:0.010078453733285028
foreign:0.0178694525245611
reasonable:0.015134846842534607
shostack:0.04870007292333553
not:0.009763724835238298
should:0.013302122609177973
ve:0.0073892052592203815
between:0.00940431516617978
connection:0.017432251560738854
heck:0.020051624592304775
points:0.0148386894270058
cs.brown.edu:0.02320739489209604
topic:0.03535738340558318
humor:0.044960655557673215
troops:0.018940544245334083
free:0.01169031495597059
without:0.009098018157095121
be:0.00702584522839034
writes:0.00267717567213588
get:0.005321352126684706
down:0.009572330271065417
if:0.0027131595941838433
jump:0.020082180080707134
end:0.03284494011225315
of:0.004723253090665716
sexual:0.01803250474779163
congress:0.01767869170279159
expansion:0.018715565090861166
what:0.003726486246949924
but:0.005386908682189557
sense:0.026609895112250936
seems:0.00954043356024728
they:0.003777002528371432
who:0.005235031879489265
topics:0.02163275600077234
in:0.003596755099078755
government:0.032691679416392276
5:0.010521752578614102
israel:0.015386508375864987
world:0.010207492666933915
and:0.006182954080822508
for:0.0013172018741379513
incredibly:0.04265902367625628
subject:0.00010808484571667326
i:0.003091477040411254
6:0.011896152358539249
group:0.010919497711767794
we:0.021825812238282914
elaborate:0.022536171188279264
any:0.004142863426270475
angry:0.02158801982187928
the:0.003661957943266654
solve:0.020112967932469153
drugs:0.017561817273638338
got:0.008956088346682486
can:0.010500801527583562
agree:0.012212774003904612
come:0.009721431880442949
7:0.012921168133325125
an:0.007270430271754953
here:0.007289072492402413
people:0.018282669717487255
including:0.012874363184332915
arrogant:0.02242524416727475
draw:0.017095949541716126
is:0.004350973714828565
logical:0.01905790269421365
sorts:0.020143991708767003
write:0.01317479321857293
conclusions:0.020501930807325926
2:0.007888297781762789
their:0.006128273759440138
ignorant:0.020238515449645514
1:0.007929246526010967
too:0.01580986127825503
although:0.012792467436254082
article:0.0032806999203101256
very:0.007057661910054442
little:0.009495298388252891
going:0.008817067546759849
seem:0.011172925323464526
opposite:0.0195377350838304
john:0.01085618785255808
everything:0.0125087549956407
s:0.0025118877767450133
