israelis:0.01915173158275931
at:0.0034014093144958727
say:0.007326428472075457
there:0.003543548206861573
region:0.01853156480927331
know:0.004763996624163327
all:0.007367319155569816
case:0.009542900028211412
situation:0.013606688373647098
nowhere:0.01992652191272901
with:0.006774062279415606
much:0.006745933859304754
response:0.027116591139979475
achieved:0.0208511550039796
from:0.02288033120081556
organizations:0.018361019564821036
both:0.01734134426492848
several:0.010882051629603848
except:0.012449271888045612
to:0.004256985822674381
receive:0.016534435411218167
lebanese:0.04506383951574179
northern:0.020147210769253906
that:0.008036400589215679
control:0.011774649690891982
withdraw:0.023859222997650142
could:0.005826676275390183
mainly:0.01858170842134594
me:0.004183740078782026
re:0.0014437857250122414
started:0.01266117712737029
so:0.011835643985153514
invasion:0.020717233930667284
had:0.017773071262727435
contend:0.022674936250845216
this:0.004053918443022541
1982:0.05865610319779348
th:0.022462350238555535
internal:0.0152994880931287
two:0.007199959199433635
terrorist:0.04076256533631813
starting:0.015141011516900452
on:0.00195756303181193
you:0.004291884088098238
children:0.012943540030959558
8:0.022799160481651478
terrorists:0.019962438486714775
more:0.00490895376764759
a:0.0016175723465402258
hard:0.01044105560839965
same:0.007498429924820898
false:0.016166442439000697
sb:0.08984940095422214
was:0.01367507543013723
as:0.00617848772368354
border:0.018736169172750183
steve:0.024765666770921905
let:0.008900145724914382
election:0.02171271311716188
occasional:0.022674936250845216
70:0.01660940871568574
shell:0.018607026570172807
early:0.013524096906537764
it:0.0026475322759843397
not:0.006983513612849014
zero:0.01789040250841549
have:0.001973940591303679
being:0.007512756486197483
only:0.005148788564746281
attack:0.015245936556973677
war:0.013655695426922847
his:0.007121347650599447
lebanon:0.08414905402082772
be:0.002233441147248924
writes:0.005106273289710906
certainly:0.011875510722994753
soon:0.013888006320615716
were:0.011979176042257136
if:0.007762360074479644
of:0.004504415109631011
reasons:0.014040635041683805
but:0.010274644359079696
years:0.017218343034597634
aim:0.022899912730088366
least:0.009295993755623485
nearly:0.016564250261001605
shelling:0.14437488393537007
please:0.0073954260884372775
in:0.005488176120293143
government:0.010392335670333196
israel:0.13206257961215392
brother:0.01789040250841549
rather:0.009936230320126886
install:0.017058495695133707
and:0.0044223638744106935
for:0.0012561732158767336
subject:0.00010307705363713628
i:0.0022111819372053467
employer:0.01745208657676689
we:0.005203644423606062
possible:0.019899394771927276
any:0.007901832172114343
the:0.004074340594535422
constant:0.01915173158275931
do:0.005546856516652484
see:0.006831605256413808
agreement:0.01906496379954673
would:0.0036009638845728806
can:0.0033380926348946464
agree:0.011646931192912893
did:0.019041440657640525
may:0.014370853493743868
villages:0.04014447492957267
finally:0.014040635041683805
many:0.007155216322695342
17:0.015182639994133227
destroying:0.021656347096230787
south:0.01668586673613431
is:0.002074692099541806
write:0.012564378088754878
expanded:0.022007589483125485
el:0.07044672146904406
time:0.00609849409229233
questions:0.011676356514461436
sides:0.03517245846970269
plo:0.023221849444138756
too:0.007538679026503848
nothing:0.009864308886103896
predict:0.02113379362955217
almost:0.01166792637167787
percent:0.018266844070133164
e-mail:0.010616586010240412
article:0.0062573967592015525
very:0.006730665991441881
opinions:0.011025521835984719
borders:0.021232799153155787
murdered:0.020262473175237234
by:0.011472225577032811
freenet.carleton.ca:0.042877536381255923
s:0.004791013751783925
