land:0.025655692552178942
lead:0.024930417016902653
independence:0.03547932245591838
all:0.006155276326750266
watch:0.024801057035963546
fax:0.01973318283795735
i.e:0.022287348367583244
own:0.014622520229341905
from:0.005461756480194681
added:0.026991085075880075
my:0.006130414589227751
to:0.003556642993782789
stop:0.021444858803746046
changes:0.07892727676908753
prime:0.06481056563762576
job:0.044793400713408725
minister:0.06953229814538742
day:0.01640840668234111
been:0.009466067014331865
make:0.011355357957094862
that:0.008952377430567144
view:0.021969991953449237
like:0.007513800409733375
its:0.013340803587317226
television:0.0337289024882566
boulder:0.03556365846603034
lost:0.022609718221405485
voice:0.02339673742862044
had:0.019798819170092068
he:0.010258923919485389
generation:0.05985927374766758
productive:0.038011978606061966
founding:0.03923806636662884
on:0.013084098715852643
focus:0.032251053652015756
society:0.09590274112017672
great:0.01626613347569469
state:0.03429307596052408
a:0.003603881615087471
303:0.07627451315866719
as:0.005162026840109796
interview:0.034544929243799316
said:0.01413874083008666
quotes:0.03135157277943675
internet:0.018429251245900686
territories:0.035232733986110654
co:0.029451520924454938
it:0.006635911543354296
fate:0.03628124320867694
term:0.02514632125106102
peace:0.024849263583310008
historical:0.02913047892729969
quality:0.024801057035963546
labor:0.035823490073371884
determining:0.0382650154651154
achieve:0.03360239622123482
his:0.01189954220325972
if:0.004323551095247802
of:0.007526732344480206
concluded:0.035396074682783496
saying:0.019461646315899608
must:0.029902715193283833
they:0.006018836287146733
establishment:0.036773972104061296
over:0.012941553242060373
in:0.005731603286919048
government:0.017365257668492243
israel:0.04903829121082131
and:0.004926418251494063
subject:0.00017223843156140837
al:0.02458073664982085
i:0.0012316045628735157
everybody:0.052618184512725014
we:0.017390243944696387
the:0.005349214909599731
would:0.018051283472987924
road:0.023294531522390388
during:0.018892706514854647
people:0.00971143961337495
entire:0.024060762727024527
is:0.00173337178639138
dependent:0.03547932245591838
today:0.018316943650311956
yesterday:0.028363632457127246
suite:0.03412402265109995
electronics:0.029099236188746217
israeli:0.08083884608532776
significant:0.026857598667767518
concentrate:0.0337289024882566
jewish:0.04934847984548127
process:0.023332669246668176
s:0.02401688829120071
intergraph:0.03788908702560587
