since:0.03175907338736002
israelis:0.03936744825344969
say:0.015059880748155105
all:0.007571966909891199
anyway:0.024194554140035983
case:0.019615961169101234
matters:0.03774209577213213
actions:0.03138271781101708
with:0.009282974234754719
compared:0.032720544650108103
to:0.0032814265716448352
everyone:0.02426597426597701
ii:0.02913809369135014
that:0.011012845251888151
arabs:0.03774209577213213
like:0.009243167170703755
nt:0.0056672900930352255
me:0.008599910161940831
re:0.0029677817680807184
started:0.02602575298403893
so:0.008109607915753334
on:0.01207163869617357
you:0.004411103090545411
them:0.011633802948668578
trials:0.04440162825771169
was:0.014054938636529929
hearing:0.03599073575491927
truth:0.028532202603274635
border:0.07702647326575074
said:0.017392895465582793
accepted:0.03342768746587037
based:0.02397542072936938
are:0.010204942565098817
no:0.026803469909107376
it:0.008163224517618379
guilt:0.04440162825771169
made:0.018456980570777787
due:0.026310654642051446
calling:0.03264286205990046
treatment:0.034589710071669666
doing:0.021275419882264404
virginia.edu:0.038144030159582565
comparison:0.03703929103132701
were:0.024623861864639666
making:0.024401644372003203
if:0.0053186541251064225
of:0.0030863585010434706
expansion:0.03668844902732308
what:0.021915288166586454
but:0.005280025573415954
never:0.0349831623946327
beyer:0.04354279028437652
now:0.026220863458384827
in:0.0028203127284839756
israel:0.03016244102252898
andi:0.04440162825771169
and:0.001515069105122182
for:0.0025821338326355078
subject:0.00021188061025411345
holocaust:0.07934783041368955
jews:0.02932247703653481
i:0.00757534552561091
similar:0.02511712926878334
any:0.00812132751022863
nazis:0.04165063930465431
actually:0.019399318469056227
the:0.006580383420539351
ab4z:0.04511283586636
start:0.02236160387208343
country:0.026752016730318507
did:0.026093826086396273
forget:0.030469947106464237
myself:0.026451127476173675
just:0.009320544154491158
about:0.01563517746542653
changed:0.029994565030424004
interested:0.022833938217578727
is:0.006396967306920569
their:0.012013362052235825
israeli:0.03314820408260794
palestinians:0.041812614476330556
initial:0.036560781267389555
by:0.007860599006485445
s:0.0049240974671112565
