know:0.010031505086652862
damn:0.034974283393191925
means:0.023045489597063033
with:0.004754694120240223
to:0.003361461366075197
intention:0.04525556328052828
most:0.015094272064772667
track:0.07398041589913075
been:0.011928783635946662
that:0.011281451233641524
provide:0.027454924213686293
really:0.015865006042202652
nt:0.011611033361340464
need:0.015619528386156394
re:0.0030401666892534195
so:0.016614806461543417
this:0.008536299810917383
you:0.027112145824815703
tell:0.019593699622946773
them:0.01191755424009952
state:0.02160742591008631
a:0.0034061076240155977
how:0.010694008107553858
truth:0.029228109983842312
part:0.019912374897668922
birthday:0.0506681503242017
also:0.012060952290077778
zionism:0.04963764865233874
are:0.0052269218016359805
no:0.009152404359207398
those:0.015088745156809434
care:0.025739975132308107
it:0.0027874425182111543
not:0.004901707386796463
have:0.008313018099961836
murdering:0.04872319350252825
edward:0.036748702629127036
attacking:0.043087850571146585
writes:0.005376117000142784
kill:0.06007531880655913
were:0.0378366657920073
ux4.cso.uiuc.edu:0.04634118435877643
if:0.005448377396450483
of:0.00948490661296286
mcrcim.mcgill.edu:0.04983356370582704
who:0.010512624993771126
israel:0.09269433094728419
or:0.010964413946391633
and:0.0031040440202503242
for:0.002645112706602228
subject:0.00021704843001640894
jews:0.030037659403279564
i:0.0031040440202503242
the:0.00612807325194352
do:0.011679966161081247
would:0.007582517448003058
can:0.007028991808436694
just:0.009547874499722652
people:0.024475986017449065
many:0.01506667502096011
army:0.036286203650248566
about:0.008008261628633103
destroying:0.045601576405884345
is:0.00655299089977229
number:0.04068723330728062
keep:0.04307991193700685
israeli:0.03395669686511058
jewish:0.031093554374185355
killed:0.08909231699189965
give:0.019213303019154526
thus:0.02708418758436021
by:0.016104641866945792
high:0.04548494025433369
happy:0.0308788218576018
