some:0.013735727942745343
say:0.011162029260397313
there:0.010797399830319382
ca:0.024194689365792013
such:0.022623731805503512
to:0.004864232329732344
amendment:0.026882946140925214
us:0.02423383983747054
t:0.01515454738235554
make:0.010353414607939433
aclu:0.03477220452821592
that:0.004081230887464433
think:0.008469106044285619
nt:0.00420046206895552
re:0.0021996500163421794
harry:0.0613897363439619
310:0.03290944212042161
laws:0.021834552429634658
thereof:0.03577588404016159
why:0.03140686906154129
sure:0.012835553059760021
a:0.0008214730152037618
sb:0.034222051245799315
was:0.005208594906478739
as:0.00470655388362952
shit:0.028348352245145626
steve:0.018865610863731685
bull:0.03290944212042161
question:0.012841094607924144
morality:0.025421408733286976
science:0.01989195427157244
organization:0.022540195459511008
computer:0.015768840618619502
are:0.0037818316564777973
no:0.019866101226750175
taking:0.020040882553832972
reason:0.0314377873412768
it:0.0040335932910584935
not:0.007093058924423116
should:0.009663600836667527
have:0.00300735654792737
made:0.013679879717164714
only:0.007844330813348744
whose:0.022016361473535112
hm:0.031366122917671664
anger:0.03149684725169937
shall:0.023292811847251495
virginia.edu:0.05654291529538122
u.s.a:0.03019747177181587
cs.brown.edu:0.03371897963733954
free:0.01698533996543962
be:0.006805426554558486
constitution:0.026617531815745978
found:0.03146494712067056
writes:0.007779557541383086
if:0.0039420612927259365
of:0.00571884075193349
prohibiting:0.03605604903421603
freedom:0.04691798212139536
department:0.020400444604076095
beyer:0.03227289162253789
well:0.009899223000902029
establishment:0.033529209859585296
in:0.005225873585132073
government:0.0158330290506841
or:0.02776576590542116
rape:0.030092426963580544
world:0.014830886404309863
andi:0.03290944212042161
and:0.00224586714406347
for:0.0019138168406592588
subject:0.00015704092289422526
murder:0.02516811761881376
exercise:0.02935923610942009
purpose:0.022122832306732863
steven:0.1055650383023299
i:0.00224586714406347
we:0.023783715983187705
angeles:0.02786561722717913
allow:0.04125029025146579
the:0.005320609482275668
wrong:0.031099083021527772
do:0.004225399522979392
ab4z:0.03343657246565506
canada:0.021885927017686158
views:0.02382403996551111
would:0.005486174388849271
can:0.005085682308457138
hate:0.023682289662104877
law:0.035374601473458424
may:0.010947208984940181
mr:0.01986444516637302
an:0.00528175375624551
people:0.008854547882783044
about:0.0057942128254227735
press:0.021102060945692155
is:0.009482563302023432
violence:0.02769001156159277
speech:0.05587470825546201
first:0.011044440172888477
article:0.004766664001862359
answer:0.017860417894875625
los:0.026822921610488496
s:0.00729925036301198
