some:0.005956820791496704
pc:0.017004296234683077
go:0.019851349508103338
at:0.008989438902596235
there:0.004682545844781364
tried:0.01580542884202383
where:0.00942579999098858
with:0.0029838131468854453
way:0.017677273668842277
though:0.02536269593480285
someone:0.011242133238076631
wisconsin:0.031030103504221786
to:0.0014063256735620722
schools:0.07535386954121798
ten:0.020540761441621574
been:0.007485920342966526
consistently:0.027613691855498564
that:0.0035398431166783345
nt:0.0036432579169512164
me:0.011057027351066782
re:0.0038157194161037807
so:0.010426638748825713
he:0.008112924528164464
on:0.007760339161825866
books:0.018626213842072248
medical:0.020525599347799343
am:0.008338450799496763
bill:0.015793438141284272
m:0.013967497062408898
fun:0.021001289055784873
more:0.012973663528782917
sure:0.011132877653873486
a:0.0035625105251183547
other:0.007037285652203626
basis:0.01901636876039795
was:0.009035317694912098
as:0.004082215103148053
given:0.014223405914190208
learn:0.01943884786082771
overall:0.02364088902897761
college:0.02101793520698292
are:0.003280160110210334
no:0.005743600694808723
forces:0.022474597416315495
jefferson:0.02908145753127296
religious:0.01873163165872509
it:0.00349852479326502
not:0.0030760714723263513
admit:0.02091886334036505
couple:0.01610199895231897
have:0.00260842149565129
picked:0.02435814387908572
rights:0.017720405202514316
university:0.02398306226121075
against:0.013180004041621665
sports:0.02448813921225401
virginia.edu:0.024521162245445934
has:0.00543252282595179
party:0.02165652267103397
credit:0.024655434226657023
found:0.013645512781923455
things:0.011401662898674742
of:0.00892839423516147
even:0.008567140039622579
freedom:0.02034708408325819
mailing:0.022519157007992816
what:0.004696133178554241
but:0.0033943021543388274
year:0.025252660369486243
beyer:0.027991793754242045
well:0.008586060766088493
they:0.009519588005181058
who:0.00659720854200943
good:0.00826535638448724
author:0.02063269259214544
one:0.015050677159830956
in:0.0027195872738952622
u.s:0.01799868571938111
or:0.003440364580117782
use:0.008483569019119123
andi:0.028543903879957516
and:0.0038958919845998963
few:0.011661364800542277
for:0.006639772712491305
subject:0.00013620896373478723
i:0.0038958919845998963
we:0.013752488833816018
top:0.01725322564371079
similar:0.016146725958503576
drug:0.021849075364824007
actually:0.012470990444393287
than:0.014597972267545521
the:0.005768517933589692
do:0.010994662024079031
ab4z:0.02900110877123143
start:0.014375316774910777
hate:0.020540761441621574
law:0.04602307844761172
maybe:0.01350976062419553
junk:0.026827208795155412
may:0.009495028201223625
last:0.022246556653668342
lower:0.020260115372681717
relationship:0.023290743588216915
just:0.00599177838503003
about:0.0050255927567442425
is:0.008224672251755017
right:0.00989731425403214
average:0.01979347479031932
sole:0.028260384231208482
study:0.018904966063442847
does:0.006216779664987373
lot:0.02529136110474888
man:0.014785966014261218
their:0.007722875605008744
virginia:0.02489926414418941
first:0.009579361374444087
passed:0.02204918104417748
full:0.01576358410164925
by:0.005053242218454929
students:0.02439033351782687
happy:0.019378036165739902
everything:0.01576358410164925
s:0.003165491228857236
