some:0.00960935699698234
pc:0.013715399432090054
go:0.0160117880806101
sleep:0.020259750932892628
at:0.007250740843246346
there:0.003776868253403899
tried:0.012748411740891651
where:0.0076027028733899665
with:0.002406697023825298
way:0.014258212506555913
much:0.007190110574320706
though:0.020457153922721644
someone:0.009067728866926009
wisconsin:0.025028396242088358
my:0.00782069350889137
to:0.0011343202963710543
everyone:0.012582357026802896
schools:0.06077925279867787
ten:0.016567856965258556
been:0.00603802628486189
consistently:0.022272772031595552
that:0.004282773153512059
nt:0.005877189726110605
me:0.008918425353123826
need:0.007906181034968051
re:0.0030776996113429677
started:0.01349483488061278
so:0.00840996376448494
he:0.006543758055638829
on:0.00834582428377432
books:0.015023612810889552
medical:0.016555627457484248
am:0.006725664019347184
ta:0.019001455674106302
bill:0.012738740229184023
m:0.011265964708774256
fun:0.01693931133717628
more:0.010464354121981283
sure:0.008979605021231291
a:0.0028734652795193313
other:0.0056761645589790575
basis:0.015338305666823041
was:0.007287745959682187
as:0.003292650865090611
said:0.00901853838956145
given:0.011472376786754244
learn:0.015679070702560624
overall:0.019068371397858486
college:0.016952737862422438
are:0.002645725850210805
no:0.004632698502808683
forces:0.01812765882139028
jefferson:0.02345664887296091
religious:0.015108641173292667
it:0.005643710777612707
not:0.0024811111464031477
admit:0.016872828044080457
couple:0.012987620554133822
have:0.002103911988261946
picked:0.0196468979436247
rights:0.01429300172713089
university:0.01934436297612061
against:0.01063078515291295
hope:0.011886672994403479
sports:0.01975175014650941
virginia.edu:0.039556772017344886
has:0.004381787958380868
spelling:0.02222407055979719
party:0.017467812524784604
writing:0.016471023642582856
credit:0.019886687688990854
found:0.011006257223279825
writes:0.0027212444074796805
things:0.009196402996461933
of:0.008801837206679528
even:0.006910121184222328
freedom:0.01641163983670208
mailing:0.018163599891220544
what:0.007575655168696554
but:0.002737791038067532
year:0.020368400956458043
years:0.009176030547244418
beyer:0.022577743110417457
well:0.006925382346310061
they:0.007678350818993776
who:0.005321205243760693
good:0.006666707207240738
chance:0.014794475423920183
author:0.016642007193664637
one:0.01213964083673608
in:0.002193576566598648
u.s:0.014517458440323863
or:0.002774944270383067
use:0.0068427141059561655
andi:0.02302306650399866
and:0.003927956939205657
few:0.009405874489326282
for:0.005355536838058832
suck:0.02268463811619219
subject:0.00010986402013176255
cause:0.012977370919103157
i:0.007855913878411313
we:0.011092542433859836
top:0.013916182000688542
similar:0.01302369665788766
drug:0.017623122516483562
caught:0.018581169686137662
actually:0.01005890587284397
than:0.011774496149954414
the:0.004962982781820925
do:0.008868122455635761
ab4z:0.04678368163918816
thank:0.014940305789174957
start:0.01159490571145067
hate:0.016567856965258556
law:0.037121495373382295
did:0.006765066022399035
maybe:0.010896761655729729
instead:0.012624421035327743
junk:0.02163840709403482
may:0.007658541265184489
last:0.017943724708308625
lower:0.016341492234755627
relationship:0.018785949560866322
just:0.004832874746773194
about:0.004053564528073546
is:0.006633892021991701
right:0.00798301890448683
average:0.01596510723828225
sole:0.022794383988958285
study:0.015248449993558844
does:0.005014357260648253
lot:0.020399616364324205
man:0.011926128966235388
their:0.00622915069375191
virginia:0.020083357087494345
first:0.00772656308391375
guess:0.012329865279570591
too:0.008035052954174884
picking:0.02247355460019404
passed:0.01778452462822546
full:0.01271466042766771
before:0.008749770647006768
by:0.004075866151510972
students:0.01967286160285624
happy:0.015630020940267577
god:0.02183685787469321
everything:0.01271466042766771
s:0.005106471447374637
