some:0.01995789530142486
believe:0.018569845131028554
say:0.01621833311339781
there:0.015688529667985427
case:0.021124881259032103
ca:0.017577338428139497
such:0.016436044474083752
post:0.02207331456778787
to:0.004711792000310533
aclu:0.05052371598116844
that:0.0029649967985852723
like:0.00995418002998866
nt:0.006103235484807167
re:0.006392145346635394
harry:0.04459938110458771
ti:0.0323817184295014
something:0.017014199291995925
on:0.004333408762728974
you:0.004750418712895059
them:0.012528710867796932
why:0.04563391231164119
a:0.002387186539908368
as:0.013677165131914847
shit:0.04118991351858767
rejected:0.044854534635781575
bull:0.047817138123689526
morality:0.03693708961246826
organization:0.03275071135142625
march:0.03704027406746202
no:0.01924351685782068
those:0.015862526959722737
taking:0.029119231061124833
reason:0.04567883630783809
it:0.002930388288375829
not:0.015459230989127304
should:0.028082258841597946
won:0.03693708961246826
only:0.01139774562623322
whose:0.03198958504701683
allowed:0.03275071135142625
anger:0.04576464985289653
virginia.edu:0.041078186325704306
u.s.a:0.043876668386399136
free:0.024679553795937913
be:0.009888226617734553
attempts:0.039418733210824335
freedom:0.06817142701399327
year:0.02115180099324489
beyer:0.04689223569086703
well:0.01438348641156705
in:0.004555889792166422
u.s:0.03015164445298033
or:0.017290037377002188
rape:0.04372403917785207
world:0.021549151185749377
andi:0.047817138123689526
and:0.004894838647317819
for:0.005561519024138017
subject:0.00022817911873519915
murder:0.03656905978802
purpose:0.032144286257646044
i:0.001631612882439273
we:0.03455753604394795
any:0.008746045011015448
allow:0.05993631916879646
actually:0.020891573735906707
the:0.0032211667093549274
wrong:0.04518670182615147
do:0.00613946939236322
ab4z:0.048583054009926165
views:0.03461612644561444
country:0.028809864171112243
may:0.015906201089229324
last:0.018633867966320498
is:0.0160744306686722
violence:0.04023335013222882
their:0.012937466825484736
under:0.020746354077825976
s:0.005302874195350585
