some:0.0212279431842428
at:0.016017545680989655
there:0.016686890646857227
own:0.04120892064632718
your:0.022907858585113863
much:0.03176721581018057
to:0.0025058166547106014
perhaps:0.10503496500509255
arabs:0.17292742062867814
nt:0.012983246394953426
anyone:0.030416631811661658
off:0.0396992263264791
speaking:0.15329015595746895
as:0.029095060371527943
jake:0.09884329373194145
neighborhood:0.1067783361630711
are:0.023378595694590016
not:0.010962000155926634
between:0.04223392447357101
lebanon:0.09906638632451989
writes:0.012022952563955679
if:0.01218455308660744
even:0.0610603435551282
least:0.0437756796855724
killing:0.07358259366828475
well:0.03059759836642445
alone:0.06980387882571806
they:0.016962174991049885
over:0.036471650045806506
in:0.009691620103335843
israel:0.06909941034252093
and:0.003470885586279908
subject:0.00048539921621851447
the:0.004111380054485744
correlation:0.10820509280746192
hate:0.07319980441014234
conflict:0.08591102891098687
people:0.02736860254678395
is:0.004884956852557526
100,000:0.1009571083885935
else:0.045937313187964665
strictly:0.1908356564504161
livni:0.1042223006972313
seem:0.05017659190719523
