happen:0.017704880765273903
guilty:0.024614852596954832
thanks:0.01043657929275478
carter:0.026172321026504932
such:0.020136305795474332
from:0.004432315468220815
my:0.0049749437765984365
to:0.0036078512044262585
sound:0.018069022456169797
ten:0.021078477709726855
discrimination:0.02976030010032126
us:0.021569386242774827
centre:0.026213709400887724
aclu:0.092847247693142
that:0.01089752750055948
think:0.00753794778810762
quite:0.013906803047693202
church:0.01961924523606706
indeed:0.01931016915447443
nt:0.0037386311608504637
re:0.0019578036794668614
happened:0.03531205129569038
racial:0.03036674939626431
this:0.005497198307554126
mean:0.013839906056700841
laws:0.019433894832659122
set:0.013871280545161891
you:0.008729827058775735
support:0.01434008539022778
fun:0.021551061020595997
sure:0.011424314241671223
a:0.0014623079851794714
how:0.006886717262979709
was:0.004635922168070082
as:0.004189079372863971
perception:0.030949082564380666
failed:0.022184808043063015
denial:0.03045941733919311
steve:0.016791381397038674
standard:0.015937405971006475
cyberspace:0.031489314167706485
jake:0.1138509142462153
american-occupied:0.031052761241324014
are:0.0067320563518452935
no:0.005893956733939843
galileo:0.0639312124003944
d:0.009538451426057777
fighting:0.02387380457478034
it:0.005385163817905318
have:0.0053534095617555275
made:0.012175809172345557
due:0.01735676693664127
probably:0.012498553481828318
only:0.006981865121828726
rights:0.018184290155459717
against:0.013525030325433753
hopefully:0.02420285119079952
virginia.edu:0.050326154974946635
u.s.a:0.02687733089638062
has:0.005574735465374613
talk:0.01811305637506297
his:0.009656696552383543
deny:0.025129189976972704
be:0.009085778907918398
constitution:0.0236909969040671
found:0.028005450316827198
writes:0.003462106759254253
if:0.0035086409411696825
of:0.003054040610980188
even:0.008791410721288093
freedom:0.0208797302634482
what:0.004819068602076603
but:0.003483158231677541
years:0.011674216874242898
beyer:0.028724563224248385
york:0.019702446112175094
find:0.011080872972111992
who:0.0067699103363028715
universe:0.023201331678879545
policy:0.02008768190010105
bony1.bony.com:0.059853047303413
now:0.008648766481037929
david:0.013070393923269603
george:0.020849812455786217
in:0.00465130109671441
useless:0.025129189976972704
our:0.011674216874242898
andi:0.05858225298923219
and:0.0009994696714418583
for:0.0034067943760426596
subject:0.00013977464341370836
holocaust:0.052344642053009864
jews:0.019343623594782127
employer:0.023665394886820026
actually:0.012797456162832904
research:0.016164039165114018
will:0.011867071674379942
the:0.005130256088930727
wrong:0.027679812113401682
do:0.007521653601115149
ab4z:0.02976030010032126
canada:0.03895924181158793
would:0.009765964880674095
law:0.047227871077130355
did:0.008606864101795631
an:0.0047010373746687786
about:0.005157152776554302
bush:0.024463960248601473
is:0.0028133259360278943
new:0.009026175732374592
right:0.010156406250210992
applies:0.024930345746264765
violence:0.024645560028642783
jimmy:0.027803669682553808
history:0.017387474368329218
livni:0.060023314537672484
too:0.020445213276068026
nice:0.016543138517040618
under:0.012708499618354133
activities:0.022127378559447443
article:0.004242580525217807
replaced:0.022647369141656153
opinions:0.029901677021152276
offensive:0.02625542756659022
bad:0.014348696579824
by:0.005185526046163173
s:0.006496714982785532
