go:0.013797391856695937
choice:0.02675434520935137
feeling:0.030969055677939873
at:0.006247978811733553
there:0.013018141639392161
separated:0.04113510024600343
final:0.02735211629245812
know:0.008750887416016324
all:0.006766438515221923
gaza:0.11934029570050582
where:0.013102530483927387
carter:0.035453285929520864
way:0.024572664107043167
hell:0.024208375350935427
objections:0.04101175455301145
from:0.012008117084115965
work:0.04308664817000646
my:0.006739108236385115
to:0.007819569702643012
ten:0.028553115195445594
clock:0.03042653062127245
that:0.0024603164924430977
id:0.033261055376051445
nt:0.0050643868916484995
its:0.014665422383221065
re:0.0026520603033912803
off:0.015485513815293265
these:0.01174919129857406
on:0.007191614542401276
orion.oac.uci.edu:0.03821810713664911
tell:0.017092376266825905
them:0.01039616433710809
state:0.018849031113054016
independent:0.029452063462389873
a:0.0019808569160941775
how:0.009328815583185279
sorry:0.022534870104529252
as:0.011349137024354871
failed:0.030051761249822947
standard:0.021588968372072602
jake:0.15422357887253277
american-occupied:0.04206437870278643
solution:0.027587638781796087
are:0.009119310377322347
no:0.015968024626702267
have:0.007251781746775218
only:0.00945770381751267
interesting:0.02317747916256321
stay:0.028004947292597036
terrible:0.03591472985396811
has:0.015103184026759588
feel:0.021604799179050903
attempt:0.02735211629245812
perfectly:0.031686680814445874
writes:0.004689804191613917
showing:0.030454073174651156
if:0.009505679712956159
of:0.0055160449805883305
but:0.004718320725180214
years:0.015814010092059527
particular:0.02405001027009792
york:0.0266891291306769
they:0.019849353712930715
find:0.015010260550875107
policy:0.02721097335403759
bony1.bony.com:0.08107753216277931
now:0.011715704949491094
george:0.028243362972022464
tim:0.02892134255132049
in:0.0012601397297481594
israel:0.026953670700983343
complain:0.03609581710223169
for:0.002307438744057262
subject:0.0001893401198015482
i:0.0013538915407474818
employer:0.03205737888923847
possible:0.01827639448911051
will:0.016075253119195523
alternative:0.06176117271438789
the:0.0032074596169746933
do:0.0050944533255779904
home:0.02077562448128616
an:0.006368071904693168
people:0.010675696028887358
about:0.013971860713785412
bush:0.03313912345732539
is:0.0019054796233380418
cards:0.02790792527909292
having:0.018559513421421002
new:0.012226947268677638
jimmy:0.037663127016792745
livni:0.08130817784890386
strip:0.03805506090810515
tclock:0.039678050783487046
show:0.02134800474989243
article:0.005747041704373057
replaced:0.030678351106782444
opinions:0.040505108588936765
going:0.015445501305316897
while:0.015392500041691648
