some:0.013576010175969233
believe:0.025263626515469075
say:0.011032238222485717
there:0.010671848669501714
case:0.014369832019225324
where:0.010741027896707916
morally:0.03372121589934002
ca:0.01195667788425768
such:0.011180332578301155
post:0.015014987235065003
to:0.004807671488688945
us:0.011976025501075557
t:0.029956663430237698
aclu:0.034367876568585504
that:0.004033774714354382
like:0.006771157345980658
nt:0.004151619486758363
its:0.012022235790896337
re:0.004348145381141518
harry:0.060675902200427456
laws:0.021580662285104024
something:0.011573612309090249
on:0.0029477257281354066
you:0.0032313894733065223
tell:0.0140117735675724
them:0.008522437043792097
incorrect:0.029540270161181843
why:0.031041672909662903
a:0.0016238420067981338
how:0.007647459286215839
as:0.009303653025779283
shit:0.028018720242295098
rejected:0.030511514839456067
bull:0.0325267741887888
morality:0.05025162191463705
military:0.02251068931820099
organization:0.02227810016347018
others:0.015676326878304628
march:0.02519600038309916
are:0.007475713739549134
no:0.013090066699796626
those:0.010790207292369536
taking:0.019807849035765147
soldiers:0.02723282036806107
reason:0.031072231674517763
it:0.001993345521744023
not:0.010515872242604038
should:0.01910246677015674
won:0.025125810957318525
only:0.007753117664356317
whose:0.02176035727035447
allowed:0.02227810016347018
hm:0.03100140055816385
anger:0.031130604841795893
virginia.edu:0.0558854395361326
u.s.a:0.02984633837912034
cs.brown.edu:0.033326898478765826
has:0.006190549266782273
free:0.033575672024706224
be:0.010089440531467523
writes:0.0038445487849858274
attempts:0.026813905730618873
if:0.0038962233707174956
germany:0.0488923922463638
even:0.009762554928872243
freedom:0.04637242418975123
year:0.014388143698893324
beyer:0.03189762544088047
seems:0.01370050633361092
well:0.009784115756705493
they:0.00542395130527758
now:0.009604153476036303
in:0.005165107613211932
required:0.02176035727035447
u.s:0.020510130238364524
yes:0.015504917851766796
or:0.011761246355286371
rape:0.02974251502214356
world:0.014658434236817888
andi:0.0325267741887888
and:0.00332962861474526
for:0.005674689469396639
subject:0.00015521486565126915
murder:0.02487546508836244
purpose:0.021865590070608062
i:0.0022197524098301735
we:0.023507161146173895
any:0.011898689142893108
allow:0.04077063571365805
actually:0.028422257291873077
than:0.008317449315229425
the:0.0035058279534374557
wrong:0.0307374657770914
do:0.004176266970386608
ab4z:0.03304777511140326
less:0.015981776491838823
canada:0.02163143949422469
views:0.023547016244981914
orders:0.05691093618770773
country:0.019597407604768212
pray:0.028838944650782915
may:0.01081991585720832
last:0.012675363674764522
problem:0.01229979820956735
is:0.014058451407069624
violence:0.0273680346829696
their:0.008800486154544849
under:0.014112345506428134
article:0.004711237676259308
s:0.0036071876793954552
