cia:0.02374647032119029
some:0.00496824202184406
muslims:0.01878193520666635
at:0.007497574574080264
there:0.007810884983635297
know:0.005250532449609795
help:0.009106777532092753
anyway:0.01297239924104057
islamic:0.03902642579143193
thanks:0.008482496361345375
serbs:0.02288166929304872
interpreted:0.02318574999084508
decision:0.017892535034839518
ca:0.008751270621669452
from:0.010807305375704368
to:0.00703761273237871
commitment:0.023993224609064112
remember:0.01184095334689886
representatives:0.023238611778072984
minister:0.02293086428198947
death:0.01427836759164435
t:0.010962864063831668
100:0.01437664722906839
that:0.0014761898954658587
considering:0.01704412746959614
weapons:0.034038774344592966
nt:0.0121545285399564
need:0.008175327623392495
re:0.0015912361820347683
effort:0.017286625049909375
worried:0.02140815339212177
lost:0.01491279286943766
so:0.008696260403275915
political:0.015339471393538405
had:0.006529397811413341
egypt:0.023513243782913713
paying:0.019956633225630866
he:0.03383262143660075
shot:0.01692183976845845
on:0.006472453088161147
you:0.004730204165180611
united:0.016687327586711563
causing:0.020887772210171667
mosque:0.026295909601665477
why:0.007573287575123432
a:0.0017827712244847596
million:0.04995971820167411
was:0.0075358394391607285
as:0.010214223321919383
said:0.009325552462397585
objects:0.019956633225630866
arms:0.017247405240952255
international:0.016873892003154867
tortured:0.02460705273180687
exact:0.01817423987380114
weird:0.020949444581671948
far:0.021186196358480014
foreign:0.01878193520666635
are:0.0027357931131967044
causes:0.01815809063563709
pocket:0.02425517308991277
51:0.020563681312445858
fighting:0.01940381563311934
it:0.002917918550978485
not:0.002565574504578574
have:0.0021755345240325654
only:0.005674622290507602
warned:0.02425517308991277
date:0.01522467740333329
west:0.017352805530792294
b:0.013025141900060603
has:0.004530955208027877
call:0.011306196161696628
his:0.01569726843834261
troops:0.019907720972755397
be:0.007384611793244314
which:0.005497414180925608
writes:0.0028138825149683503
were:0.019803871882625095
if:0.005703407827773696
of:0.0024822202412647485
even:0.007145359352195854
what:0.003916774906368644
but:0.005661984870216258
year:0.010530896664721923
least:0.02049074368260836
represented:0.02446279080978269
fact:0.010205392036718466
shut:0.02008143158773521
they:0.01190961222775843
up:0.0057168526397973814
bosnian:0.07179054507248842
one:0.00836860347043083
saudi:0.02598055652867091
in:0.0045365030270933734
compare:0.018339195377844737
or:0.005738820916622003
and:0.0032493396977939563
damned:0.049512754993922416
for:0.0069223162321717865
subject:0.00011360407188092892
steps:0.022041111950676453
i:0.0016246698488969781
20:0.01338226531236434
any:0.004354413899101308
embargo:0.028188189692139713
the:0.004169697502067101
do:0.006113343990693589
when:0.01669371629162216
agreement:0.021012023932266397
law:0.01279506861805943
conference:0.01854597220863991
o.k:0.02598055652867091
mohammed:0.02675639294056008
neighbor:0.021548837912380867
praying:0.025324596188980454
may:0.00791925756357375
fight:0.01812597486697589
last:0.009277287455572332
mr:0.014370024162908144
an:0.003820843142815901
just:0.014992194427224074
record:0.016411269775474874
people:0.006405417617332414
many:0.007885961819481249
about:0.004191558214135624
bosnia:0.021768989718334863
f:0.015813749865561055
is:0.0022865755480056503
tuesday:0.02137369717836594
involved:0.015322881434322842
gave:0.015795208140586776
does:0.010370117568830002
man:0.012332124845937016
request:0.03319405129697304
trouble:0.016233284605490787
first:0.007989595018685281
late:0.01640059142821774
change:0.012646847267704202
committee:0.020479414813313182
article:0.0034482250226238343
already:0.01236504817573341
arabia:0.025686969841492397
upi:0.026295909601665477
citizens:0.01739301356993243
says:0.01089798614650029
nations:0.04026478820565523
