thanks:0.051112478074773406
your:0.032305954414904164
to:0.0035338440002328996
worse:0.099873472136933
think:0.03691661609047577
schwartz:0.1698519122475085
nt:0.0183097064544215
re:0.00958821801995309
something:0.051042597875987764
how:0.03372725633920831
other:0.0353668714828695
adam:0.1190923941347489
l:0.08474257894239391
are:0.016484907220544243
virginia.edu:0.24646911795422582
adams:0.1188106217866567
writes:0.01695544592352724
beyer:0.14067670707260105
necessarily:0.09967341110400518
up:0.0344477018039073
clear:0.08455771133811829
in:0.004555889792166422
andi:0.28690282874213713
for:0.008342278536207025
subject:0.0006845373562055973
jews:0.094734156579574
i:0.004894838647317819
any:0.02623813503304634
than:0.07336416831894672
the:0.0019327000256129563
do:0.018418408177089656
ab4z:0.14574916202977847
just:0.03011252726835605
people:0.03859674718136198
volume:0.11351282052093879
article:0.02077776616196413
