some:0.008460412138647493
report:0.027505276981701125
studies:0.030573064466186194
at:0.006383804438075587
paragraph:0.035944191883584505
much:0.012660846880869069
cambridge:0.03385953918465856
turkey:0.17733117797619075
from:0.018403744661525556
often:0.02251681440781671
both:0.016273217987740854
to:0.003994780174176322
spoken:0.04177944172909647
ap:0.040966997539815996
regional:0.07896596011374774
fascist:0.04142004360489813
calls:0.029045577285930633
think:0.010432956721221414
stretch:0.03984996362802427
he:0.02304540880464109
on:0.003673976994487608
great:0.036539865054096766
suggest:0.026604346413841434
sea:0.07314941821629409
influence:0.0371997840667297
more:0.009213181346526999
a:0.0020239190229657898
peoples:0.03957299831773298
following:0.01983561067420117
let:0.016703896686614674
also:0.010749979215069322
role:0.031983730243236176
are:0.004658778127545112
27:0.032015582500287174
learned:0.032897068800448966
it:0.0049689192715937965
not:0.004368913105622934
have:0.00370471458802647
being:0.014100028477718464
empire:0.038882344840890044
p.o:0.033381582896312205
punishment:0.034371260686208945
has:0.02314727117144676
feel:0.02207446872642158
attempt:0.02794672751620721
his:0.013365427836994613
ankara:0.04644284926112961
of:0.008453938502858202
forgotten:0.03848189064759259
seems:0.01707599340131216
dbd:0.08457633648244293
find:0.015336570562850654
who:0.009369948364013394
david:0.036180365787601365
box:0.022960427613815993
president:0.027285928689652163
in:0.003862602215097619
world:0.018269932527048383
and:0.00414997189663902
davidian:0.07548364368538257
for:0.004715200911769188
subject:0.00019345620936245142
grey:0.039756460694430736
i:0.00138332396554634
we:0.009766260186333116
armenia:0.033656546168515995
will:0.00821235757176293
eyes:0.03131622814970135
the:0.006008176166579407
would:0.00675833076887229
once:0.019442255035687726
ends:0.03428342474032239
last:0.015798279362749985
just:0.008510062054100622
turkish:0.06428882074001326
china:0.12982389981767697
ma:0.029066796559692146
lesson:0.04013793702403524
is:0.001946903093410608
anatolia:0.042157599360767274
center:0.023671237923716004
does:0.008829629089402357
their:0.010968721873780536
1993:0.021954027558044473
too:0.014148680201916642
late:0.027928543374138907
wall:0.06502194388186987
although:0.022896662730106942
urartu.sdpa.org:0.08431519872153455
april:0.024653288854261685
teeth:0.040644883318288215
s:0.008991830157333599
