some:0.008164593532401078
ask:0.02038155653396061
at:0.006160594492688329
out:0.00823900069287035
know:0.008628497382225887
all:0.013343606023025052
send:0.020512916929204355
hand:0.022078597590578137
whom:0.029428746848613865
with:0.00408970193559124
way:0.012114495241584219
violent:0.06749399392595956
to:0.005782653818562927
everyone:0.021381208094497225
mail:0.021428779754096895
been:0.020520844576523627
that:0.002425906471569768
think:0.04027267209870085
r:0.021679858508595315
through:0.016569673384789
nt:0.009987112611502636
me:0.015155086439224402
need:0.013434978961519135
anything:0.016232455596639186
re:0.0026149685508962974
started:0.022931782349572764
so:0.014291057306082799
anyone:0.011698704542946792
july:0.03442740892792243
93:0.025601506963667142
he:0.011119812640001645
these:0.01158486694474785
on:0.0035455162604146146
you:0.007773412439282823
names:0.02864963085301314
posted:0.02386979667469857
why:0.012445612448629415
a:0.003906305247122784
was:0.006192035902806892
pretend:0.0392237335519145
question:0.015265636946483249
idiot:0.037061577763993214
stuff:0.020443472396319034
are:0.008991767574842316
reasonable:0.026142008182559774
it:0.0023975904177620418
not:0.004216153906125629
have:0.007150358225841299
calling:0.02876224209473747
try:0.01703769001638736
after:0.013491004808845812
virginia.edu:0.033609425175576246
has:0.014891950683727987
mohammad:0.0887635362385252
be:0.004045183616345953
writes:0.004624212524598338
get:0.018382852801274437
of:0.004079173123756755
gotten:0.030137838557996594
looking:0.01813905835948702
what:0.01287331612582701
but:0.004652330225527345
least:0.01683679987906631
beyer:0.038366374656163924
sense:0.022981273051489445
please:0.013394512985351431
they:0.00652391345809611
up:0.00939482776470199
net:0.02318281457970967
one:0.006876300054374982
in:0.0012425153978635698
point:0.015395356372447978
andi:0.03912311301029142
and:0.005339823978892166
still:0.014277685889717113
subject:0.0001866920062378902
i:0.010679647957784331
khan:0.0824035899851693
the:0.0015813000209560554
do:0.010046404460230722
ab4z:0.03974977146266686
start:0.019703231383793793
hate:0.028153770926977826
convince:0.033042703427302644
did:0.01149588142267808
an:0.006279007961970187
just:0.008212507436824378
newsgroup:0.026882264619401047
long:0.016645533182577516
people:0.010526385594916905
many:0.012959447745301353
about:0.006888225037215885
language:0.02851684824990342
is:0.0018788295586759714
guys:0.054331128804073446
life:0.01951314233069028
filled:0.03490258838182808
too:0.013653971103947529
going:0.015229480308039738
understand:0.020952148691857717
by:0.006926122201518644
s:0.004338715250741387
