seemed:0.016676216981556104
some:0.0046147702574440876
at:0.006964150296082459
out:0.004656826478578893
say:0.015000355527806666
there:0.0036275849232298317
know:0.004876976781258109
gaza:0.022169936355429933
river:0.021585271809672534
situations:0.01889527814029275
your:0.004979969257633448
continue:0.015447455363246819
with:0.0023115706592472226
armored:0.023522846262491723
cambridge:0.0184688395552683
previous:0.013728060947402395
into:0.014156552592746136
shai:0.05041394861439767
from:0.0066922707860092925
occupation:0.04223945242838552
corp:0.018293140888980423
to:0.0032684565061442627
territory:0.041406562976544985
lebanese:0.04613254717224159
northern:0.020625010234137396
software:0.011129588492020776
engineer:0.01762294600684563
been:0.011598738238904657
that:0.009598151691862995
nt:0.0028224448684681363
permanent:0.020185383217891453
re:0.0014780257026805158
so:0.00807755412952506
this:0.0020750294006775453
stealth:0.020990122171414136
consistent:0.018424177281537342
two:0.007370709219973562
these:0.0065479682731183495
on:0.0020039874515386954
you:0.01098416975116051
am:0.006459827496843342
temporary:0.08329469445087194
working:0.012523869607535995
support:0.010825914266930853
os:0.018772135184641384
jerusalem:0.02058644827783161
why:0.007034476601399235
a:0.001655933746062919
nor:0.013654304335871158
as:0.006325013124245204
steve:0.012676497418317733
let:0.009111216374517093
waste:0.01691138338023059
question:0.00862840349149053
evidence:0.012718213575150501
are:0.007623455117801093
no:0.008899175780098892
those:0.014671269994368063
territories:0.0647558154290176
lobby:0.023138799825916042
it:0.008130958808062576
not:0.009532174048631855
couple:0.012474275868199677
have:0.004041506823301603
proof:0.0330996726616694
made:0.009192014039201587
only:0.005270894222408247
area:0.025363375847109463
machines:0.015596626620096015
moved:0.03524589201369126
bank:0.01882093295469
west:0.016118218576032364
has:0.0042085947584448655
troops:0.03698272275571161
lebanon:0.02153617094011302
be:0.0022864081309781474
which:0.005106293804417066
thinking:0.013768879580429468
writes:0.002613685339990365
were:0.012263267173694064
depends:0.01701883848024702
if:0.005297631776785844
of:0.008453938502858202
kept:0.01578567439752638
expansion:0.018271717697402007
looking:0.010252511246666577
mistakes:0.020703281488272492
eastern:0.019696790506558738
testimony:0.022001716535592797
they:0.0036874293458804097
who:0.010221761851650975
accept:0.014119019646888274
in:0.0035114565591796536
context:0.016413995842675777
southern:0.019982642923869514
israel:0.060086443776105156
yes:0.010540892768790075
or:0.005330525357336642
and:0.003018161379373833
for:0.007715783310167762
subject:0.00010552156874315532
i:0.0015090806896869164
away:0.010944599155429526
any:0.004044613700746273
water:0.03241183568941937
currently:0.028450067208358076
the:0.005362669636285753
do:0.0028392012604999866
views:0.01600824819816952
level:0.013915158745429836
would:0.0036863622375667036
can:0.006834513774211172
because:0.006975186952152228
refer:0.01771465706249647
mr:0.013347650902305983
guday:0.05175702400408461
just:0.004641852029509431
jordan:0.021736343797104145
here:0.007116209113135952
people:0.005949696205822598
many:0.007324905247344243
general:0.011653874952915222
is:0.007433629993022321
move:0.0139795459113558
logical:0.018605936622414113
stein:0.023212681774580673
planned:0.019517097328389736
think.com:0.023948263907520834
time:0.012486244821373229
questions:0.0119532661551206
does:0.004816161321492194
2:0.007701223526068809
hear:0.01309755558995576
light:0.013803220102001159
1:0.007741201153852602
change:0.011747071572768724
article:0.003202896760144668
by:0.007829529445194989
built:0.014594852308595863
appear:0.015607500269787281
s:0.009809269262545743
