simply:0.017477961942190798
israelis:0.02834456274248378
there:0.005244451346155128
all:0.010903632350243327
means:0.01619768697393573
your:0.014399225396357287
occupied:0.028985233017459245
such:0.010988669734101706
syria:0.03304375652556922
cunixb.cc.columbia.edu:0.0302241343481171
occupation:0.06106617979646592
to:0.0055127966403633235
attacks:0.026263293316345984
us:0.023541444413542813
been:0.01676846156824502
that:0.0039646242906797345
nt:0.004080448866985363
debt:0.03389187084053078
could:0.008623480887577471
brought:0.022139387671632385
re:0.002136802873018117
had:0.0087680484896122
on:0.002897193287081657
you:0.009527982675578089
why:0.01016984331516575
more:0.007265251576118434
a:0.0015960047152530229
was:0.01011955581830155
running:0.017299773785409724
usa:0.020826409634449858
freeman:0.030661506217387578
no:0.012865665556371541
base:0.022009347745217435
it:0.011755043305370468
not:0.013780800196022054
expose:0.03389187084053078
money:0.017715541524166458
after:0.03307223464568488
attack:0.022563986104321043
secure:0.02442717656434249
war:0.040420858463691624
points:0.020943750219831043
has:0.01825327669519802
negotiating:0.03424544457606271
attacking:0.030284603544291595
yourself:0.02003585526499767
lebanon:0.0622702999754125
hallam-baker:0.03324427835306219
without:0.01284120277029997
be:0.0033054928979284076
were:0.00886459027127028
if:0.0038294309700766245
phill:0.03275558021912984
whatever:0.018885489021447786
of:0.0022221781207512987
expansion:0.026415683299672615
what:0.0105193383199615
but:0.011404855238578463
oh:0.01845552105223699
gulf:0.09717793941643535
they:0.005330969282901392
in:0.003045937746762694
presence:0.02728112114457601
israel:0.1303017452173252
clearly:0.020768630722425168
baker:0.03412513938064652
or:0.003853208329731916
and:0.005454248778439855
still:0.011666909041311698
for:0.005577409078492697
subject:0.00015255403938296168
table:0.025885110991309978
forced:0.025941688539782615
hostile:0.032571232435025715
any:0.005847355807364613
impossible:0.02352144374247906
the:0.004307160057080302
do:0.012314021466968514
see:0.010110775779492435
would:0.010658853098335726
can:0.004940377099644076
peter:0.02103938903329118
because:0.010084127422254365
iraq:0.03294607404923036
once:0.015331606828142321
wants:0.020117343786249995
mr:0.019296889590190935
an:0.005130846506067067
address:0.018244693451049204
is:0.007676360768304683
ignorance:0.027576117518320623
generations:0.03576903693751385
else:0.01443744128764604
their:0.008649620677609795
fool:0.028258632014686407
encouraged:0.03059693733022225
wanted:0.017400914225977726
israeli:0.02386670693947772
amounts:0.028748091697992088
defensive:0.05846528667209934
afford:0.02700060908631016
past:0.01887722541087636
by:0.011319262569339041
four:0.020045978005845566
s:0.010636050528960314
