posting:0.11376512265366347
from:0.029192146704488813
cpr:0.18425140455830236
to:0.004752410896864934
that:0.011962228463257821
re:0.012894500095798983
getting:0.09352419214567884
am:0.05635642609315054
suggest:0.12659999327965923
consult:0.2045199102445823
question:0.07527538218438291
policy:0.13230162906618276
in:0.006126886272223809
and:0.006582714042944653
for:0.011218926307312896
subject:0.000920584720414424
i:0.013165428085889306
research:0.10645970622540611
the:0.005198296620614159
would:0.03216033262428883
newspaper:0.17001536264775796
press:0.12370173657819539
readers:0.15688950268263935
center:0.11264244253354512
israeli:0.14402323153133106
before:0.07331704369733257
igc.apc.org:0.18275191793969067
