some:0.020603591914118015
simply:0.01799201964637288
read:0.013335312128811304
typical:0.026227090233717318
out:0.006930453524002705
mark:0.017668376260542296
there:0.005398699915159691
behind:0.041502851776455275
help:0.012588780706128217
all:0.005612163709684066
perspective:0.02874866673482219
sounding:0.03537917062371728
several:0.01657912571804351
name:0.03249685300976766
to:0.001621410776577448
obviously:0.02165819459309386
arab:0.026281305851981573
published:0.024118218910067945
lived:0.026447016892962145
perhaps:0.016990950221412032
make:0.010353414607939433
that:0.0020406154437322163
cleveland.freenet.edu:0.025190698655914737
nt:0.00420046206895552
months:0.019975261999881293
could:0.008877112678388572
so:0.006010650572852471
anyone:0.009840674997890536
this:0.018528791942520672
he:0.02806117425035709
posts:0.023664808659815715
on:0.005964809708697528
curious:0.025213366710714676
material:0.02483940904002284
shadow:0.03156331522378133
more:0.00747893544600427
a:0.0032858920608150473
was:0.005208594906478739
part:0.014407188896548689
shed:0.03381621082528783
let:0.013559633780898969
jew:0.029788099467114727
are:0.0037818316564777973
no:0.006622033742250058
taking:0.020040882553832972
proper:0.02415604767671671
fanatic:0.06803126343499546
it:0.008067186582116987
not:0.003546529462211558
have:0.00300735654792737
kind:0.01620898057037094
against:0.015195769365634392
ira:0.03274373107944104
nonsense:0.030930193669708592
hiding:0.1029841273639158
his:0.032548747791269234
knew:0.02283585331116329
if:0.0039420612927259365
of:0.008006377052706886
failure:0.027937354127731004
ignore:0.026475095003271894
surprising:0.03205088969322702
fact:0.014107453697816701
find:0.012449686692196413
who:0.022818580133538498
policy:0.04513820285787412
now:0.009717143516930848
over:0.011799651485407986
in:0.006271048302158487
israel:0.0670670747442115
use:0.009781056045572636
and:0.00449173428812694
for:0.0057414505219777765
subject:0.00015704092289422526
i:0.00224586714406347
period:0.022300066079980092
kaufman:0.03537917062371728
group:0.015865387851803796
any:0.006019336860522396
research:0.09080386707461109
will:0.0066665020288428495
than:0.008415301660114477
the:0.002660304741137834
can:0.005085682308457138
propaganda:0.05977560550262678
once:0.015782536440734744
put:0.01463211352674576
an:0.00528175375624551
documents:0.0285451047984841
just:0.006908168020387564
makes:0.01642928166030573
about:0.0057942128254227735
interested:0.01692397773773482
is:0.012643417736031242
readers:0.026763503398803182
itself:0.019782681415261058
center:0.0960773774550826
unless:0.018106243680826417
light:0.02054243932827231
numerous:0.028348352245145626
process:0.021273904313138633
by:0.005826091028336271
s:0.00364962518150599
