some:0.01556715833511139
at:0.011746200166059081
all:0.012720904408617216
fax:0.040781911198445195
cnn:0.0693161267117288
france:0.06832802041634585
both:0.029942721097443174
to:0.003675197760242216
politics:0.0652578734952382
famous:0.06707888062864821
that:0.004625395005793024
believed:0.05827772971799411
me:0.014447849072060598
re:0.004985873370375608
phone:0.03916462834946092
this:0.013999531689904508
he:0.021201776100269805
on:0.0067601176698572
american:0.04302713623184288
a:0.0037240110022570536
was:0.011806148454685143
as:0.02133637760578716
worst:0.057462812183913504
d:0.024291256298360476
it:0.009142811459732586
not:0.0160776002286924
have:0.006816674841968705
real:0.0341012513866433
liked:0.06774568623631036
poor:0.05268608254260349
of:0.005185082281753031
seen:0.03456619854163137
but:0.017740885926677608
least:0.0321021651027531
order:0.03739089148176656
in:0.00236906269192654
and:0.007635948289815797
for:0.004337984838827654
subject:0.00035595942522691063
i:0.005090632193210532
currently:0.04798578002476396
the:0.003015012039956212
invented:0.07440560700639624
represents:0.06997307403181925
would:0.012435328614725015
bat:0.06881292233862418
just:0.015658514179545148
people:0.020070308534308235
is:0.007164603383751038
tonight:0.06479325041083596
man:0.03864065785060265
matter:0.04027870682534057
guess:0.03994876350580871
israeli:0.05568898285878135
him:0.03195353737817744
taste:0.06869003360389186
e-mail:0.036662610355363556
affair:0.07881699693062276
by:0.0264116126617911
appear:0.052649300910082436
