say:0.09987078811934438
means:0.1491892221283554
such:0.10121143176146308
to:0.007253679789951741
re:0.019681079093587923
phone:0.15459721716892466
you:0.05850515677986545
a:0.014700043429962052
serdar:0.2557628305690893
computer:0.14108962658764818
are:0.03383744113690661
being:0.10241073315395516
never:0.11599680162430843
system:0.11764328048644868
subject:0.0014051029943167523
quote:0.2123662059231889
having:0.13773112591686112
