screwed:0.026213358746167453
above:0.013412098670583966
candidates:0.028930091078664587
all:0.004699841530277297
percentage:0.02219488828975229
financial:0.05320639552739622
with:0.0028809230383721545
cambridge:0.023017814815186607
into:0.00882169410336151
times:0.013844710056615894
shai:0.06283117733715572
from:0.004170306672069831
cpr:0.05264325844522924
post:0.012722058149907293
often:0.015306996986594611
corp:0.022798840615330284
to:0.0033945792120463813
nationality:0.030076013715456474
receive:0.021095658972933525
remember:0.01370750756907011
add:0.0169271941697129
software:0.013870866445720475
engineer:0.021963573102127803
teams:0.040748671308100066
palestinian:0.025469318069256782
that:0.0051266693413962085
nt:0.0035176283336080714
could:0.022302105743734837
consider:0.015863862456015728
performed:0.024434967881451535
re:0.0018420714422569978
comments:0.018147807950882267
this:0.00775836115819831
stealth:0.026160103001811708
two:0.009186154840656706
on:0.0024975804198979798
children:0.016514171763638057
spirit:0.02258918734233129
os:0.02339581380154813
a:0.003439665334597032
other:0.0067946206297138465
nor:0.017017433482637453
basis:0.018360631906591127
as:0.00788289813021693
bring:0.018686536686153082
acts:0.021572751711800113
proposal:0.11608871151719113
stress:0.027630511812432382
act:0.018382428881863814
income:0.08310728124155063
accomplished:0.028001070537740695
participation:0.029846851076860945
plan:0.01923923249969757
it:0.001688943003645182
not:0.0029700000422461324
should:0.008092670651396452
expense:0.02721976497036809
encourage:0.025333103629205007
suitable:0.025333103629205007
machines:0.019438160270365972
peace:0.07589430256971529
domestic:0.02672049159962776
morals:0.027090123057474626
davidsson:0.05947229470690358
be:0.019946939901292114
thinking:0.017160229230781553
writes:0.0032574502020569574
were:0.007641888164888173
of:0.006704847778128919
keeping:0.02059182227775905
sexual:0.043882055888714605
short:0.017059004264144174
ethnic:0.025469318069256782
order:0.013814368774051684
well:0.008289989705188891
must:0.011416061219110823
they:0.004595663174914994
policy:0.056700698171221184
box:0.015608566555204961
one:0.00968779219483372
in:0.004376347337302721
or:0.00996519395620323
and:0.0018807754408413293
gets:0.016439981982230564
for:0.01442433382368801
subject:0.0002630242058326926
animals:0.02418042595758789
i:0.0009403877204206646
any:0.005040823971866046
research:0.030417058921544605
alternative:0.021449077223469688
the:0.002970455211779519
would:0.02756599939224757
ensure:0.023707696951372405
joint:0.02678020273525507
an:0.008846287079425978
guday:0.06450505947307097
tax:0.021829824387517207
criteria:0.02672049159962776
different:0.01244934432517856
either:0.012332821217307183
partners:0.02660319776369811
critical:0.02407523815231415
think.com:0.029846851076860945
time:0.0077808372901660774
voluntary:0.028485997004801054
center:0.03218355500958432
does:0.006002407952401602
their:0.014913139099327231
israeli:0.020574747361618722
every:0.023962054452585185
article:0.0039917875877665075
elias:0.0563149361327679
entitled:0.02570506201594464
meaningful:0.028485997004801054
by:0.019515969947136277
apply:0.019702246233939277
security:0.018285093167674345
igc.apc.org:0.05221483369705448
