simply:0.06577727612652451
there:0.009868591242765026
know:0.013267474469444106
with:0.006288466417091907
into:0.019255955946047166
service:0.0391676476180467
longer:0.03649689256316318
remember:0.029920688564744433
everyone:0.03287648126358176
famous:0.0540958714747163
she:0.07129338677201039
that:0.00373015726273631
could:0.032453960329592635
quiet:0.05418364900847072
me:0.023302982374291285
re:0.0040208656212706514
invasion:0.05769638266712717
getting:0.05832691553171369
letting:0.052551326289459924
let:0.07435928202428467
no:0.012104792862177527
it:0.0073732350481714405
not:0.0064829033180211285
public:0.031868221484522515
writes:0.014220696581022848
get:0.014133053497754004
down:0.050846571547379746
of:0.006272276953733505
sit:0.05006144727613203
armenians:0.05106828173886313
island:0.05519967958288923
dbd:0.06275018513213508
david:0.026843497197252625
translate:0.0644403526968922
in:0.003821068857946032
world:0.0542204449189823
and:0.0020526742714558595
gets:0.035885121961212955
davidian:0.05600399370205804
for:0.0034983748700223014
subject:0.0002870640526023473
tricks:0.061462000187913354
away:0.029774017057243772
armenia:0.19976788693570785
will:0.012186078977454672
shoot:0.10024337316621394
the:0.004052435537575554
do:0.007723848590392437
henrik:0.06730732757059057
planes:0.11826440818639461
mr:0.036311351379391545
turkish:0.19079262929294258
is:0.0086668589319569
else:0.027167228229441474
their:0.01627616794173886
turks:0.04970693094024418
urartu.sdpa.org:0.12511287552227707
article:0.01742651355519572
greek:0.051268027820292536
before:0.022862303948630588
says:0.055075843966184264
while:0.02333701619224218
