prism.gatech.edu:0.04073367750089894
out:0.010156699130003964
purdue:0.04970312895358029
technology:0.029031617981180542
all:0.008224722677985269
ever:0.02278812117956776
where:0.01592635170891174
service:0.031401648521365025
from:0.007298036676122203
my:0.008191502252847425
to:0.0035643081726487004
day:0.021925026170369587
t:0.02220925047414174
make:0.015173107615083652
that:0.011962228463257821
like:0.010039991926798907
nt:0.01231169916762825
consider:0.027761759298027527
re:0.0032236250239497458
deeply:0.04860696364767299
torture:0.049558240002577
empty:0.0438750880294368
these:0.01428134459568054
you:0.023956852991755255
gatech:0.050627659387663025
serious:0.03100856583654716
a:0.0024077657342179226
lets:0.039944950428272515
plans:0.04013547066103688
are:0.011084678993124578
internet:0.02462529261305695
hey:0.03322533608302732
have:0.00881466574392505
only:0.011496002054045574
uucp:0.03649679833910408
atlanta:0.04126598790666142
public:0.025549522397074084
talk:0.029824084203767476
writing:0.03450395469954857
be:0.009973469950646057
get:0.01133081013182002
things:0.057794636072592664
if:0.005777158791063873
of:0.005028635833596689
georgia:0.08286461724323109
freedom:0.034379555864815566
institute:0.033555671120114705
rutgers:0.04596759393107054
sense:0.02833036246864647
killing:0.034888298722031565
again:0.02105059601817257
easy:0.028566220381541444
now:0.014240641361019346
david:0.043042159299043
chance:0.030991875241487964
one:0.008476818170479504
our:0.01922220192224477
or:0.011626059615570436
and:0.0032913570214723265
word:0.02645583203589154
still:0.01760094036404782
for:0.002804731576828224
subject:0.000230146180103606
i:0.009874071064416979
we:0.011618481945810086
translation:0.04088994805773133
will:0.019539747325918694
ways:0.030761537769647365
the:0.0006497870775767699
do:0.012384791705284426
see:0.03050665105881338
can:0.007453155107221667
may:0.016043323512412333
cyprus:0.05305362886557842
people:0.025952985173674437
about:0.016983037591756407
different:0.02178635256906248
turkish:0.03824076406086995
is:0.0023161433352643437
write:0.028053223491271668
hear:0.028566220381541444
dave:0.030226505787712
bad:0.02362587109264124
especially:0.02694220437497708
