seemed:0.0629713865124432
some:0.017425923509453045
send:0.021890650155792706
times:0.02097370254845542
contents:0.037188716404174336
to:0.007199547851220758
trust:0.03096543480386816
us:0.06148884734880585
that:0.0025888404883169912
13:0.02938610861542136
consider:0.04806513550106258
so:0.007625452219290448
authorities:0.03474413878119611
this:0.00783555878166297
he:0.011866665727762949
federal:0.029488479035039265
american:0.07224705710570632
tell:0.01798526159419741
violate:0.04441253809261497
them:0.010939247548748065
3:0.01747362645251955
why:0.03984453537658223
more:0.009488201685229297
a:0.003126501774282974
other:0.010293343192775454
local:0.04561766346143212
files:0.04939270991921924
those:0.013850116823041493
it:0.0025586226099997907
not:0.008998656844417386
should:0.012259792106219997
have:0.0038153030831914393
yigal:0.24717255886764297
arens:0.25741273967741013
be:0.017267500213058846
writes:0.004934793962817629
if:0.01500336760664349
of:0.00290209829202595
what:0.006868970917885307
one:0.0073381411028031526
in:0.003977903773757249
government:0.04017335729278056
additional:0.03190116342358161
or:0.015096525172457133
and:0.0014246172182492158
subject:0.0001992310215822261
p:0.025120358504711567
person:0.02093428685876008
similar:0.023617599163184337
information:0.01820015883943108
angeles:0.035351902452391434
adl:0.10219952431294092
will:0.016915005147810216
persons:0.03621393892344998
the:0.0033750134775629237
do:0.00536058148437684
interest:0.02725958952737228
law:0.04487822574990994
forum:0.11433362583865382
an:0.013401464754652787
problem:0.015787800686907345
about:0.0073508670173274
interested:0.021470718025484475
tuesday:0.03748372266355221
humanity:0.037305323254197324
readers:0.03395369834176523
either:0.018683303784428045
does:0.04546600053498228
2:0.01454036979175678
belong:0.036631540816345835
1993:0.022609371664254755
1:0.01461584993973663
nice:0.023580145199662374
article:0.0060472603008701565
april:0.02538920792453815
los:0.03402907965509735
dangerous:0.06275739900279532
