reference:0.04606954398788092
believe:0.026823109633707903
carter:0.061714979210647426
such:0.02374095312923208
from:0.010451509313952785
cpr:0.06596655224926874
my:0.011731040263337052
to:0.0017014804445565812
ten:0.049703570895775664
that:0.008565546307024118
think:0.01777466700652537
endor.uucp:0.07273897140666179
re:0.004616549417014451
ti:0.04677359328705756
a:0.008620395838557993
as:0.009877952595271832
failed:0.05231232513858068
standard:0.03758079679583008
adam:0.11468156472235079
jake:0.2684632669262607
american-occupied:0.07322317774188748
organization:0.047306583063171245
jew:0.06251823344950004
no:0.013898095508426047
judaism:0.07160554487267262
shostack:0.07425258032138195
investment:0.06711581673156518
have:0.006311735964785838
only:0.016463410349003536
has:0.013145363875142604
perfectly:0.05515829623255392
writes:0.00816373322243904
of:0.004801002112734288
years:0.02752809164173325
york:0.04645885441265978
who:0.015963615731282077
bony1.bony.com:0.14113496339446768
now:0.020394004912077088
george:0.04916437258092799
in:0.004387153133197296
or:0.0083248328111492
and:0.002356774163523394
for:0.004016652628544123
subject:0.0003295920603952876
jews:0.045612742056831926
i:0.002356774163523394
employer:0.05580358547385956
person:0.03463203011202285
condemn:0.06821743566647805
house:0.08488572702444916
will:0.013991424011151658
the:0.0009305592715914234
statements:0.05204295418309131
company:0.04155713629174506
bush:0.05768662231460346
is:0.006633892021991701
new:0.021283945245475885
himself:0.046207178401246524
jimmy:0.0655617396218244
issues:0.04697814176048019
livni:0.1415364577369808
article:0.010004109633538283
replaced:0.053403055630325
opinions:0.07050889272888992
jewish:0.04721613812376294
