land:0.01692183976845845
since:0.00851413456767524
simply:0.02603100714794374
azerbaijani:0.02675639294056008
there:0.0039054424918176485
know:0.015751597348829385
posting:0.014039100242366981
your:0.005361413711409628
secondly:0.022737407371024546
with:0.009954508541098679
turkey:0.020826980902735596
such:0.008183051929650208
iastate.edu:0.020451692766414484
longer:0.014443451099464577
name:0.011754180875873408
occupation:0.022737407371024546
to:0.005278209549284033
remember:0.01184095334689886
famous:0.02140815339212177
us:0.008765431430574452
been:0.012487152231671824
she:0.028213978594880704
that:0.007380949477329294
terminology:0.025238627221671858
could:0.012843482172987723
quiet:0.021442890884203303
me:0.004611015661295935
re:0.0015912361820347683
avoid:0.016454253162651488
so:0.004348130201637958
greeks:0.023401255236882336
invasion:0.02283303654486309
political:0.015339471393538405
getting:0.011541283286062494
on:0.004314968725440765
you:0.009460408330361223
society:0.015813749865561055
them:0.006237698602264855
names:0.017433605157365445
more:0.010820587453793412
a:0.0005942570748282532
as:0.02383318775114523
failed:0.01803105674989377
letting:0.020796907850722437
let:0.01961819355534319
also:0.006312753751827943
act:0.015879289629865338
international:0.016873892003154867
addressing:0.02293086428198947
military:0.016475908777576896
no:0.00479040738801068
it:0.01167167420391394
not:0.010262298018314296
have:0.0021755345240325654
only:0.011349244581015204
between:0.009884535515091088
has:0.009061910416055753
bother:0.019513212895715965
be:0.004923074528829543
which:0.005497414180925608
writes:0.0056277650299367005
get:0.005593080745919669
watched:0.021205480843231324
down:0.010061130114694289
formed:0.022204798252071327
of:0.007446660723794246
sit:0.019811551475235226
analogy:0.022507334089023372
what:0.003916774906368644
but:0.008492977305324386
armenians:0.0202100008583586
never:0.00937846481217813
island:0.06553493873883444
seems:0.010027604635664163
they:0.003969870742586143
policy:0.016326584012422554
now:0.007029422969694657
in:0.0037804191892444783
essence:0.02425517308991277
world:0.021457452670065335
rather:0.010950994267714313
and:0.004061674622242445
for:0.0013844632464343574
subject:0.00011360407188092892
tricks:0.024323259648833796
conduct:0.02212216809948792
i:0.0016246698488969781
away:0.011782908877973066
armenia:0.05929280899474732
will:0.004822575935758657
shoot:0.019835390860548717
the:0.004169697502067101
do:0.009170015986040383
thing:0.009633755043084922
henrik:0.026636516868361375
can:0.003679004223139206
home:0.012465374688771695
because:0.007509456591040485
agree:0.012836405016869954
did:0.006995366142310491
correctly:0.01854597220863991
agreements:0.025412337836651668
planes:0.023401255236882336
countries:0.017938209739703816
may:0.00791925756357375
mr:0.028740048325816288
an:0.007641686285631802
intervention:0.023868059140101164
cyprus:0.026188174248540835
address:0.013586473846526004
about:0.008383116428271248
turkish:0.056628876141203155
is:0.009146302192022601
netters:0.021012023932266397
today:0.012081388365099375
done:0.011270908729449781
issue:0.013324936201978098
drawn:0.02137369717836594
appropriate:0.017208543608768112
their:0.019323620662745282
history:0.02826389450511388
under:0.010329035860023997
turks:0.0393425070420656
article:0.006896450045247669
little:0.009980164688929635
greek:0.040578098615210265
sign:0.01844132793997045
going:0.009267300783190139
says:0.01089798614650029
while:0.009235500025014989
appear:0.01680296837555822
s:0.0026401543866213547
