argic:0.2317317457190694
say:0.09035928448893063
means:0.13498072478279774
to:0.0065628531432896705
re:0.01780669060848431
phone:0.13987367267664613
you:0.05293323708654494
a:0.006650019646887595
computer:0.12765251929358643
have:0.024345267292745373
being:0.09265732999643563
never:0.10494948718389811
one:0.0468243289416963
system:0.10643915853535833
word:0.14613697696016278
for:0.015492802995813047
subject:0.0012712836615246807
i:0.00909041463073309
quote:0.19214085297812328
having:0.12461387582954102
