another:0.012599462104480562
some:0.006633732245075876
report:0.02156663763337929
go:0.01105359233973936
nick:0.056540522182561934
take:0.03623436017617676
thanks:0.011326060482478199
with:0.0033228828226678827
much:0.009927254940681429
supporting:0.027930947257749025
documented:0.031395524369231376
someone:0.01251964837876716
from:0.004810069627444179
to:0.002349203113791189
q:0.04823498231275748
perhaps:0.01641171328204571
that:0.003942098016300873
provide:0.01918724817206485
arabs:0.02701990947323096
account:0.023152155720041253
re:0.004249323895206484
articles:0.023931185344884472
michael:0.017072131827691416
so:0.005805742030596137
harry:0.029648452211572508
prefer:0.0233325460513741
this:0.008948564290421915
child:0.04506096159933402
appeared:0.02701990947323096
he:0.03613939108000535
best:0.013836227727053603
joke:0.02788992312153603
two:0.010595394503711997
on:0.005761463923173749
you:0.003157948803458647
state:0.015100644243980775
terrorists:0.029376543000335948
more:0.007223971737617761
a:0.006347746026574523
how:0.02242096018004189
false:0.023790389725574887
alleged:0.030888529291231703
old:0.030089921390253682
singer:0.032296689313416824
also:0.008428960975452083
arms:0.023029205861498748
soldiers:0.05322778526484664
lie:0.025908503828312755
native:0.030052406312048252
it:0.005844126643294976
not:0.006851250097454147
should:0.009334159899053862
have:0.0029048330292480275
probably:0.013563771108120503
kind:0.015656401687290114
between:0.01319810139799094
hm:0.030296823272751038
after:0.010961441407187224
jokes:0.035258603652242315
cs.brown.edu:0.03256946896788478
his:0.01047971046309805
writes:0.011271518028708448
get:0.007468033950517741
kill:0.04198445575685666
things:0.012697306409887782
if:0.0038076728395648254
of:0.003314328163052363
future:0.019911967751805967
year:0.014061140433009387
negative:0.02805582740956025
well:0.00956174948950764
they:0.010601359369406179
up:0.015266595117640735
net:0.018836036846014106
good:0.009204601428178973
one:0.01676098138253902
in:0.003028631282292451
5:0.0295326464422464
and:0.004338606982849885
for:0.0036971461694553865
subject:0.0001516872550682858
jews:0.02099222787842833
i:0.0021693034914249424
back:0.011967935909474646
face:0.020393588584917955
will:0.006439234914223207
the:0.0025696125340535893
would:0.010598291433004274
can:0.009824613550428562
effect:0.01969530371944549
come:0.013643145877667094
mr:0.01918724817206485
just:0.026690649169679226
many:0.042118205172229396
is:0.0015265490164242267
steel:0.12093890512436348
else:0.014355410371238959
does:0.020769695698935088
too:0.011093851521957366
israeli:0.04746220130009774
nothing:0.014516227281255165
article:0.00460416409270796
very:0.009904786885133224
offensive:0.028493106052379157
give:0.013427478814522765
documentation:0.025438206747154437
incident:0.027307657955155704
four:0.019932080403539627
s:0.01057561842368213
