racist:0.025762954927055177
out:0.005479893484095162
all:0.00443752479370368
knows:0.01625098330763365
case:0.022991731230760516
defense:0.03650424696044545
with:0.0027201273339048713
former:0.018562315919751434
extensive:0.024650258698841996
times:0.013071982053455937
from:0.003937545369442677
yours:0.01965734560397424
dealer:0.020570071643017426
often:0.014452652968738168
throw:0.019829630588534
to:0.003846137190951156
city:0.017115281853425077
important:0.014615671130108011
minister:0.025063967936128022
legal:0.017578210203876395
t:0.035947996116285234
enough:0.011312318729941376
ai:0.02257054798019673
civil:0.01941032316065355
been:0.0068243738940532055
that:0.0032270197714835054
journalists:0.02850943412007779
13:0.018315063044030057
through:0.022041519014184434
nt:0.0033212955894066907
its:0.00961778863271707
happens:0.017377104719901296
attention:0.019742690434989107
bullock:0.1083301236396446
re:0.001739258152456607
he:0.0073959684070708616
something:0.0092588898472722
on:0.0094327223300333
you:0.002585111578645218
brings:0.024135535127272137
working:0.014737390747472592
more:0.01182715372856489
a:0.002598147210877014
other:0.006415385989915864
was:0.012355271638623985
secret:0.018589123848666553
operation:0.020026819234895334
40:0.017788405525696736
possibilities:0.025826237029640195
reputation:0.02681657190053634
spying:0.057973790603505194
science:0.01572852198217356
organization:0.017822480130776145
college:0.01916053628171466
mind:0.028182844679164064
files:0.015392146812035764
are:0.0029902854958196536
police:0.017095739123872983
it:0.007973382086976092
have:0.004755819657187468
yigal:0.06162069374560774
picked:0.02220556372232931
spy:0.08422936622442856
rights:0.016154415905547934
arens:0.2566943785434267
connection:0.020026819234895334
operated:0.02731538832078563
has:0.009904878826851636
details:0.017743357592048068
his:0.01715747945586285
be:0.0026905174750580063
which:0.006008801546593106
writes:0.003075639027988662
get:0.006113367326935452
dept:0.019085151117868834
of:0.0009043748165848309
years:0.010371048478978575
san:0.018781234574904857
fact:0.011154730830831811
york:0.017503103290350895
nearly:0.0199541433376717
groups:0.017115281853425077
who:0.02405679766016462
cares:0.02355338097399769
in:0.005784920526797364
francisco:0.023214279714425187
brother:0.021551694184556335
or:0.006272664722819398
world:0.011726747389454312
and:0.004439504819660347
few:0.010630825585610635
for:0.006053002100689748
subject:0.00012417189252101533
p:0.015656409486657443
outside:0.01676639896503035
house:0.015990102067396237
collected:0.026511468261067445
league:0.03618471691379766
any:0.009518951314314487
information:0.02268670962310479
angeles:0.022033278737769543
adl:0.15924111927830328
than:0.00665395945218354
the:0.00315524515809371
peter:0.017125084096864914
roy:0.02343757840831524
may:0.008655932685766655
nj:0.02269886405702849
friend:0.016154415905547934
an:0.004176270411915054
long:0.011071215093528302
reality:0.01949121498722038
garbage:0.049602240893062165
shared:0.023250759609592754
is:0.004998560500291421
tuesday:0.02336194807867905
division:0.01843054612148992
headed:0.02658588845337647
new:0.01603720525473067
else:0.011751405699246776
district:0.026295096095323753
1993:0.014091422339582032
plo:0.02797422793503227
israeli:0.01942638936934233
agencies:0.021551694184556335
him:0.022293165612681933
art:0.0214511245844951
almost:0.01405578107099799
article:0.0037689901410074464
jewish:0.017788405525696736
april:0.015823971450642384
by:0.004606676627056586
los:0.02120882173852579
father:0.02013800770398163
s:0.005771500287032728
