school:0.022447681949358672
go:0.012008841060457574
hezbollah:0.03673629694080498
israelis:0.030619126419349763
correct:0.020198873087539804
there:0.005665302380105848
all:0.005889307596582044
ncsu.edu:0.03648935043084387
carter:0.030857489605323713
hernlem:0.07835299803771052
funny:0.0277825071021989
though:0.015342865442041232
from:0.010451509313952785
teachers:0.037687844347146074
my:0.005865520131668526
to:0.0025522206668348716
attacks:0.056741683090870944
then:0.009851113270221007
lebanese:0.03602325442770717
ten:0.024851785447887832
us:0.012715286334475284
that:0.008565546307024118
sources:0.023760117130953478
civilians:0.03100505454886417
think:0.008887333503262686
through:0.01462631662978288
its:0.012764349111322038
re:0.0023082747085072255
brad:0.02950929240428436
mean:0.016317420103888026
these:0.010226147982092237
on:0.009389052319246109
you:0.01372343183725239
children:0.020693684370484723
terrorists:0.06383051318591514
chess.ncsu.edu:0.03863939175348718
more:0.007848265591485961
sure:0.013469407531846934
a:0.0017240791677115988
how:0.008119524674253854
was:0.01093161893952328
as:0.004938976297635916
failed:0.02615616256929034
coming:0.021460678733269102
standard:0.01879039839791504
jake:0.13423163346313036
american-occupied:0.03661158887094374
hmm:0.030619126419349763
are:0.01190576632594862
no:0.013898095508426047
soldiers:0.028913858662385827
it:0.00423278308320953
ones:0.020942160372696642
should:0.010140815692799256
have:0.003155867982392919
try:0.030078884843745587
only:0.008231705174501768
after:0.0119087264670676
has:0.006572681937571302
call:0.016400963567893254
lebanon:0.06726729935615548
writes:0.00408186661121952
of:0.0036007515845507157
what:0.0056817413765224145
but:0.004106686557101297
years:0.013764045820866625
york:0.02322942720632989
well:0.01038807351946509
they:0.011517526228490662
find:0.013064486035020927
who:0.007981807865641039
bony1.bony.com:0.07056748169723384
now:0.010197002456038544
george:0.024582186290463996
one:0.00606982041836804
in:0.006580729699795943
or:0.0041624164055746
and:0.004713548327046788
for:0.0020083263142720614
subject:0.0001647960301976438
i:0.001178387081761697
employer:0.02790179273692978
will:0.006995712005575829
the:0.004187516722161405
see:0.010922134329698617
thank:0.022410458683762433
can:0.0053368271138130455
propaganda:0.09409123088376438
maybe:0.03269028496718918
villages:0.03209079940357815
just:0.007249312120159789
warning:0.026482350725922317
about:0.012160693584220636
bush:0.02884331115730173
is:0.0016584730054979252
guys:0.0239794796882176
white:0.0419625820471678
new:0.010641972622737942
jimmy:0.0327808698109122
goes:0.01989522960488072
livni:0.0707682288684904
too:0.012052579431262323
article:0.005002054816769142
replaced:0.0267015278151625
neither:0.023103589200623262
opinions:0.03525444636444496
black:0.04357472044745602
s:0.0038298535855309773
news:0.01894368219853962
