statistics:0.07269394754006582
health:0.06409764000388848
trend:0.0856374505154612
at:0.02710661576782865
know:0.018982694240896953
small:0.09196141231587728
where:0.028422412280519414
o:0.05386121513538279
mentioned:0.054079440289105205
from:0.026048377059390018
to:0.0021203064001397397
significance:0.0812115724777415
minister:0.08290389394257731
that:0.0053369942374534894
population:0.12141373953490131
re:0.005752930811971855
so:0.01572016303669108
went:0.05019171177286283
suggest:0.056483073924771046
iran:0.08721097127115994
a:0.002148467885917531
below:0.057105752508275265
it:0.010549397838152985
have:0.007865394048425428
growth:0.16727326631559322
writes:0.010173267554116345
end:0.08320718161770799
of:0.008974180872264861
what:0.014160647738409712
but:0.010235126496160159
dr:0.06028991700163848
kh:0.10613325266699374
in:0.0027335338752998537
or:0.010374022426201314
subject:0.00041072241372335844
i:0.0029369031883906913
period:0.05832324974764025
sampling:0.09356769672042263
rate:0.11952848336896159
noise:0.07046784944024843
the:0.006957720092206643
just:0.01806751636101363
relatively:0.06859392830356838
about:0.015154095081874947
is:0.012400275087261412
does:0.01874598175903885
nothing:0.03930547694616783
news:0.04721348486405259
