some:0.004525336725323078
go:0.015080870168946723
hezbollah:0.06920093144663263
israelis:0.05767788930156583
at:0.0034145930715288025
there:0.0035572828898339046
know:0.004782461727357759
all:0.0073958746561727995
opposing:0.020886639946773353
viewing:0.02116695258855485
hernlem:0.0983967882334039
your:0.00488345822550877
c:0.020047268956813642
faces:0.021071244787816974
such:0.0074535550522007695
times:0.010893318377879949
themselves:0.012544380683421773
my:0.007366002025816289
to:0.0032051143257926296
territory:0.020302055102840857
attacks:0.01781424934248274
then:0.006185582751069004
lebanese:0.06785775834056468
speak:0.013897026413327108
that:0.009412141000160223
sources:0.014919143314784743
think:0.00558041871135099
like:0.004514104897320439
through:0.009183966255910182
perfect:0.01569801082998794
its:0.00801482386059756
clarify:0.021629536920464022
re:0.0014493817937138392
so:0.003960506191414419
opponents:0.022690373472700615
brad:0.03705818115886873
this:0.004069631305204799
fair:0.032734104936464205
on:0.007860601941694417
standards:0.01642363696211254
you:0.00861703859548406
them:0.011363249391722797
inside:0.014550602818117002
terrorists:0.02003981227929894
m:0.005305483380294853
chess.ncsu.edu:0.02426194365916637
more:0.0049279807202353716
sure:0.016915069923714755
prove:0.015220536201215495
a:0.002165122675730845
how:0.0050983061908105596
hockey:0.015241487435970952
noted:0.01729923662395571
was:0.017160099498088867
as:0.003101217675259761
therefore:0.013305912870367698
course:0.00948120852674426
team:0.04966239641386817
are:0.014951427479098268
no:0.004363355566598876
forces:0.017073725168983866
soldiers:0.01815521357870738
d:0.014122823429279344
it:0.0026577940289920308
should:0.01273497784677116
have:0.001981591523828112
try:0.018886741646072812
only:0.010337490219141756
targets:0.04133520074421847
attack:0.015305029334326287
call:0.010298279449607393
attacking:0.020541882249035
uses:0.013236415231924174
his:0.021446849319828567
lebanon:0.04223760657246972
be:0.0022420978958816716
stick:0.0163811213366452
writes:0.002563032523323885
if:0.002597482247144997
whatever:0.012809924723850244
of:0.004521874082924155
cheers:0.01687659952079204
what:0.0035676050503745393
but:0.0025786171405054663
sense:0.01273768235024415
killing:0.015686211828510314
well:0.006522743837803662
shelling:0.02415574608479383
please:0.007424090530640522
they:0.0036159675368517196
find:0.008203281928966629
who:0.005011832845867629
good:0.012558215902011621
sounds:0.013808932416902474
one:0.007622565176555213
condemning:0.023228499227949513
in:0.0034434050754746214
or:0.0026136103011747494
and:0.00665925722949052
for:0.0025220842086207287
subject:0.00010347657710084611
i:0.004439504819660347
face:0.013911905391261858
the:0.0043822849417968195
do:0.002784177980257739
thing:0.017549863838177956
see:0.013716168693109891
when:0.020274022369670325
can:0.0033510309784407495
fan:0.015502154982518114
propaganda:0.019693513440787895
an:0.010440676029787635
villages:0.04030007366960977
rules:0.01596711356809555
makes:0.010825495667643311
circumstances:0.018808789983497276
about:0.0038178921717902
different:0.009795414333376929
is:0.0031241003126821383
grant:0.0175386837545613
guys:0.01505688259492733
white:0.026348598029616994
their:0.005866990769696566
goes:0.01249235347283208
automatically:0.01826822359534093
israeli:0.03237731561557055
ref:0.022413400744087653
under:0.009408230337618756
legitimate:0.017733497067665523
sessions:0.04359374183988315
article:0.0031408251175062056
players:0.01438710819006935
side:0.012482031312291446
bad:0.010622484677311566
playing:0.015524689749438344
understand:0.011613012647037416
stands:0.018529090579434367
by:0.007677794378427644
black:0.027360870978635175
while:0.01682436051068622
s:0.0072143753587909105
news:0.011894870217687668
