land:0.017067091611964534
since:0.008587217267826958
simply:0.013127224634692658
content:0.040662274065411605
refugees:0.025630469491901894
know:0.01059120279535023
returned:0.02038347726057627
search:0.036627908149139195
with:0.00501997748317208
turkey:0.04201150654199884
ca:0.008826388824430563
from:0.003633357315150968
several:0.012096357820031744
to:0.007098021425360502
aid:0.04264294488686593
city:0.01579307123813902
speak:0.01538812366797594
azeris:0.026865156498132717
that:0.00893316632020112
weapons:0.05149642899772112
like:0.0049984509163462365
talking:0.013990090902842353
nt:0.01225885925703757
could:0.006476863327579645
homeland:0.0738054919100565
re:0.0016048948617088865
happened:0.014473394415186398
started:0.014074012343300022
dream:0.02138750213802301
so:0.0043854532076606015
carrying:0.01991027345684222
authorities:0.019981607711074156
searching:0.022791849396428226
this:0.0022531435123236865
announced:0.041423352495331404
these:0.02133007690685334
you:0.009541613552081062
american:0.02769987311062846
great:0.010820818406578012
8:0.012671636405038053
3:0.020098420125644802
why:0.00763829433542492
sure:0.009364995794674693
a:0.0023974319757019656
hard:0.01160615194238416
other:0.005919776771810776
was:0.015201049512470139
sweden:0.022838248177991384
given:0.011964753472881035
arms:0.017395451637870298
computer:0.01150516268311294
plane:0.04438001345973499
are:0.008277828947655264
base:0.016530625988897214
it:0.010300377717509888
not:0.007762789809990964
bound:0.021806551363619215
systems:0.012877326696491892
rights:0.014906435277651528
university:0.01008729657338478
60:0.01747493252957518
hope:0.012396830633648263
attack:0.016947199863760438
has:0.00456984752741009
kurdish:0.026633108338174453
be:0.0024826663396457995
writes:0.0028380360129509116
down:0.010147491746580077
were:0.013315908132809435
dept:0.0176107617611236
things:0.009591098404035407
of:0.005007053705555502
defending:0.022838248177991384
trying:0.011572224133340756
germany:0.01804611902655488
province:0.026747564334235228
what:0.003950395291831035
armenians:0.08153390904230508
bombing:0.024135590975729298
they:0.0040039468862993295
kurds:0.024532042993458975
one:0.004220218488307392
in:0.0038128691393667486
government:0.01155199544470514
heading:0.024199175034892988
force:0.01533907347130803
truck:0.02207133062973655
and:0.003277231025672016
for:0.004189041153374343
subject:0.00011457921412883389
summer:0.019316592920842156
however:0.010287978129600485
i:0.000819307756418004
sciences:0.021843391465299008
armenia:0.09966960024152804
similar:0.013582653595994426
will:0.004863971437353152
shoot:0.0200056517263045
the:0.004205488896934631
do:0.006165819046407697
see:0.007593930306485734
henrik:0.053730312996265434
when:0.0056123366645653905
planes:0.14161274628327938
last:0.01871384164857938
an:0.0038536400796641062
villages:0.04462411590883829
about:0.008455074509200614
turkish:0.07615328121992986
is:0.003459304208892668
move:0.015179506933789774
today:0.012185091269520828
self:0.018249413828369854
methods:0.019096450026474983
keep:0.011370878043458888
their:0.025985984868355603
first:0.008058175233437945
guess:0.012859044046934135
humanitarian:0.026521625563911532
purposes:0.019000000001358854
going:0.009346848429397779
says:0.010991531091963812
giving:0.01628054483815054
s:0.010651266624137654
