to:0.010601532000698698
us:0.07922601485326908
re:0.028764654059859274
you:0.021376884208027764
defend:0.17422670859535563
prove:0.1510345515351384
a:0.005371169714793828
it:0.01318674729769123
virginia.edu:0.18485183846566938
get:0.050552845203504705
attempts:0.17738429944870948
beyer:0.2110150606089016
subject:0.001026806034308396
face:0.13804890734406
any:0.039357202549569516
thee:0.23670080570796526
will:0.043588667111664786
the:0.0028990500384194345
mr:0.12988291070320823
just:0.045168790902534076
israeli:0.16064129670802313
volume:0.1702692307814082
palestinians:0.20263036246221733
by:0.038093672108352544
