muslims:0.137929836673956
there:0.014340296649642929
where:0.028866512472402527
turkey:0.07647407050223226
wrote:0.040243358979575955
me:0.01693107313132101
ottoman:0.09206026068655633
re:0.005842820355908915
sheep:0.09267308432957636
burned:0.07603697906406966
on:0.007922012894363905
a:0.0021820376966349923
other:0.021551687309873606
genocide:0.07039941129405805
course:0.0382211218734378
sake:0.07786387497124002
internet:0.04463334286116572
it:0.005357116089687062
have:0.007988290830432076
empire:0.08384005606316916
b:0.04782669291428503
status:0.06876066706248811
aaron:0.07899388530842168
joshua:0.09236366827807355
were:0.024239114023004674
of:0.009114402448394
what:0.014381907859322363
armenians:0.07420859690178548
accepting:0.08021203439388591
instance:0.066793060918124
they:0.014576869132933495
in:0.0027762453421014137
and:0.0029827923007092957
for:0.005083575983001156
subject:0.0004171399514377859
raped:0.09780596037601443
the:0.008244173546755267
when:0.020432413169433374
strong:0.05641644353078922
families:0.08280946281642233
an:0.014029658415027136
just:0.018349821304154468
about:0.015390877817529243
living:0.05756257834420469
houses:0.07979534303322715
addresses:0.07530031065116807
their:0.04730261308067856
coin:0.10173274831790358
conducted:0.08384005606316916
killed:0.05707476557293571
give:0.036925566739937604
side:0.05031818872767489
majority:0.06441857227990033
by:0.01547555429401822
