some:0.03155505067927984
go:0.05257925004848993
schools:0.1330572831538624
been:0.03965514560057944
consistently:0.14627793523453295
re:0.01010650007508569
on:0.013702941222683512
ta:0.12479334402183329
fun:0.11125007175496852
more:0.03436267637353313
a:0.0037743354752605273
it:0.027799088897835566
admit:0.11081343823544731
university:0.06352270544861226
has:0.0287776884834203
party:0.1147210390141259
knew:0.10492148818642594
things:0.060397998057844585
of:0.00525515096123618
beyer:0.1482808534008498
one:0.02657597048042223
andi:0.1512055448776128
and:0.005159424520145809
few:0.06177371624071045
subject:0.000721539375459954
i:0.005159424520145809
top:0.09139546557208961
than:0.0386648995194449
the:0.002037170297267711
may:0.05029798722810354
about:0.026622058927618153
is:0.014522844696792644
does:0.03293213011723041
s:0.01676854813124374
