content:0.05508319684442386
tel:0.09454530416972969
all:0.0110938119842592
islamic:0.05332098872666571
fax:0.0355656202312022
serbs:0.0625254916728657
ca:0.02391335576851536
from:0.019687726847213385
to:0.004807671488688945
politics:0.05691093618770773
representatives:0.06350085776566454
clock:0.0997707166883585
considering:0.04657406924831503
weapons:0.04650646494755434
its:0.024044471581792674
re:0.004348145381141518
egypt:0.06425130568586886
off:0.0253890400925157
student:0.046779272932193854
something:0.023147224618180497
on:0.005895451456270813
orion.oac.uci.edu:0.06265991984032006
society:0.043211990911707535
a:0.0016238420067981338
million:0.045505944873617886
objects:0.054532660558409926
rear:0.05508319684442386
let:0.026803927241311917
california:0.046272897987476
51:0.05619145474912531
fighting:0.05302205434631447
university:0.027329536065100624
hope:0.03358676206558192
b:0.035591957517607464
call:0.03089483834882218
writes:0.01537819513994331
get:0.015283418317338631
were:0.01803841043572441
of:0.004521874082924155
ucsu.colorado.edu:0.06364712267504664
sit:0.05413621624046835
department:0.04032646026387135
they:0.01084790261055516
bosnian:0.06539061275982472
tim:0.09483509999386486
in:0.004132086090569546
un:0.06079046378697411
clearly:0.042261748563074464
and:0.00665925722949052
for:0.007566252625862186
subject:0.0003104297313025383
steps:0.06022861986522054
the:0.0017529139767187279
do:0.008352533940773217
home:0.03406236106815522
because:0.020520026731331558
ends:0.05501293737400569
mohammed:0.07311339931432115
fight:0.049530280159759695
irvine:0.12671281971740916
f:0.043211990911707535
is:0.0031241003126821383
tuesday:0.05840487019669763
right:0.02255666969523604
their:0.017600972309089698
request:0.04535233752784107
tclock:0.0650535483775776
article:0.018844950705037233
upi:0.07185510181850449
nations:0.05501293737400569
s:0.0072143753587909105
