another:0.008764843203116912
some:0.009229540514888175
ask:0.0115200102148473
at:0.0034820751480412293
out:0.004656826478578893
there:0.007255169846459663
know:0.009753953562516219
all:0.0037710190934636015
knows:0.013810124154708437
anyway:0.012049461745630569
carter:0.019758550656373285
your:0.004979969257633448
with:0.006934711977741668
way:0.013694646794834333
from:0.0066922707860092925
palestine:0.02120855173139457
name:0.010917915042807315
my:0.007511575188381828
to:0.004902684759216395
arab:0.03531875094732702
ten:0.015913000958726595
been:0.005799369119452329
that:0.001371164527408999
guy:0.013384706509679324
justice:0.01701883848024702
son:0.01686621066946528
nt:0.014112224342340681
me:0.01284887763325547
need:0.00759368376085864
re:0.0014780257026805158
this:0.0020750294006775453
1982:0.020015719009523727
child:0.015673377947594443
reply:0.028388905291345013
he:0.006285111492174842
these:0.013095936546236699
you:0.008787335800928409
1967:0.02259275105721716
am:0.05813844747159008
them:0.005793909768902137
3:0.009254806105287033
why:0.007034476601399235
sure:0.00862467992157788
a:0.003311867492125838
same:0.046057549814907804
want:0.014961248756618035
as:0.003162506562122602
failed:0.016748214767687886
bring:0.014993545246201879
standard:0.012031796602617535
idiot:0.020947848301387465
birthday:0.049266264742109156
muslim:0.016748214767687886
jake:0.08595069020168822
american-occupied:0.02344299366439876
70:0.01700330773661109
are:0.005082303411867395
no:0.013348763670148337
those:0.014671269994368063
not:0.004766087024315927
have:0.006062260234952405
only:0.005270894222408247
edward:0.01786597005289575
has:0.008417189516889731
soldier:0.023522846262491723
armed:0.017551079132999026
anybody:0.012014210058943457
be:0.0022864081309781474
asked:0.01332925256418352
writes:0.007841056019971095
ux4.cso.uiuc.edu:0.022529508601302373
of:0.005379779047273402
what:0.0036381110790380676
year:0.009781662909919572
years:0.008813341592807878
mcrcim.mcgill.edu:0.07268215417964496
york:0.014874178685476058
using:0.008713124816778342
who:0.02044352370330195
bony1.bony.com:0.06777825317165148
now:0.006529305920467368
george:0.01574037224922991
in:0.002809165247343723
israel:0.060086443776105156
or:0.002665262678668321
and:0.0007545403448434582
for:0.0012859638850279604
subject:0.00010552156874315532
i:0.010563564827808415
44:0.017963569312146228
employer:0.01786597005289575
news.cso.uiuc.edu:0.018124921069143287
any:0.004044613700746273
information:0.009639609820093932
will:0.004479467766416143
the:0.003575113090857168
do:0.011356805041999946
benefit:0.017904721041419942
because:0.006975186952152228
did:0.006497672108470218
fight:0.016836379817151515
wants:0.027830317490859673
simple:0.026080541952223243
stone:0.01966626858523893
just:0.004641852029509431
during:0.011574583042697512
people:0.011899392411645195
about:0.0038933445862524563
different:0.019977999193764803
bush:0.0184688395552683
south:0.01708157899074619
language:0.016118218576032364
is:0.002123894283720663
number:0.009890374894852798
new:0.00681422752918398
time:0.006243122410686614
questions:0.0239065323102412
jimmy:0.020990122171414136
2:0.007701223526068809
hear:0.01309755558995576
1:0.007741201153852602
livni:0.04531404378140491
accounts:0.019696790506558738
article:0.009608690280434004
replaced:0.017097420972554643
opinions:0.022573993324269105
killed:0.014437885362323658
kicked:0.022657021890702456
understand:0.01184251882583262
by:0.007829529445194989
happy:0.045036700653972576
s:0.004904634631272871
