read:0.012320668814662619
24:0.01990806385254598
at:0.0047878533285566904
out:0.0064031364080459775
pub:0.03401946447861371
there:0.004987929269441018
your:0.006847457729245992
former:0.0216896626236226
terror:0.032687277206695314
such:0.02090236090725868
palestine:0.029161758630667535
to:0.0014980425653161205
arab:0.04856328255257465
attacks:0.024978675708481234
martin:0.025242409626386995
ii:0.019953259810381076
latter:0.025242409626386995
that:0.001885351225187374
civilians:0.08189378538449993
indeed:0.020044795154916386
assertion:0.027567477054648737
me:0.00588906891524209
re:0.0020322853411857095
fighters:0.09806183162008594
expert:0.027707436272596645
description:0.023777392724923376
anyone:0.018183855974362947
this:0.002853165425931625
bell:0.07276961492903108
tell:0.013097962247948113
subjects:0.029286701664497417
enemy:0.05820069600857493
incorrect:0.027613730802843895
terrorists:0.02809930200032134
a:0.0015179392672243423
historically:0.032234116288548297
other:0.007496239064303863
same:0.010554855165916371
j:0.04979557597057928
was:0.004812288772290139
target:0.05210048255729887
terrorism:0.08176282606334888
let:0.012527922514961005
also:0.00806248441130199
international:0.02155089467794236
jake:0.05909109951366065
lc:0.028201848110671245
s1:0.03280672778668866
ill:0.030328372421085423
no:0.006118183348817988
innocent:0.02408399103622822
soldiers:0.025456766865796218
early:0.038073272812970446
book:0.0169005353841504
not:0.0032766848292172003
made:0.01263901930390218
cm:0.03372562088475352
targets:0.05795914017395851
between:0.012624270902426116
s2:0.03292886287284115
1977:0.03133458129682235
war:0.019221875628114223
attempt:0.02096004563715541
his:0.01002407087774596
comparison:0.025363862336669582
14:0.020292678368242757
writes:0.0035938173424867517
things:0.012145249609457879
of:0.006340453877143651
expansion:0.02512361183392776
what:0.005002402733677343
killing:0.0219947970204112
york:0.02045199569252958
necessarily:0.021126429527479357
they:0.0050702153505855635
bony1.bony.com:0.06213006540734719
good:0.008804401366084234
title:0.022832572454254997
author:0.021978302978589707
one:0.005344081020519687
in:0.002896951661323214
st:0.020851887189778803
israel:0.02065471504803615
and:0.00622495784495853
for:0.0017682003419134456
subject:0.00014509215702183858
p:0.018294174128431248
threatening:0.03161819952057545
period:0.02060332192172074
s3:0.03372562088475352
info:0.01600758401843694
the:0.003686835374946455
interest:0.01985209237319503
relations:0.026191412400406285
start:0.01531283743414409
can:0.009397456439540363
did:0.0178685982982931
an:0.009759762375671052
jim:0.036807942901618144
people:0.008180832283006072
s4:0.03721395722264696
about:0.005353348806097128
press:0.019496469351998186
is:0.008761063920347735
irgun:0.07442791444529392
new:0.009369562852627971
zionist:0.09544754928190367
history:0.03609790874294436
livni:0.03115340509971588
leaves:0.027083086946518266
primarily:0.07743505763664572
plates:0.032126493314112534
underground:0.032126493314112534
maps:0.03234391361092612
article:0.004403983045198919
random:0.024256538309677028
difference:0.017430183950186882
jewish:0.020785365152308687
live:0.03365965515160498
by:0.01076560298714311
babies:0.03017739652919914
opposite:0.052454571366370745
main:0.020208788106667545
s:0.006743872618000199
