school:0.026351626636203662
some:0.008460412138647493
go:0.014097335157928458
tel:0.058919537381135895
fax:0.02216408217306804
your:0.009129943638994656
though:0.018011189866744055
ca:0.014902526058640009
someone:0.015967087787413188
schools:0.03567477881661528
politics:0.03546623559523815
ten:0.029173835090998763
clock:0.0621759538782524
been:0.010632176718995936
consistently:0.039219446403461734
that:0.0025138016335831655
like:0.008439413503686037
me:0.007852091886989454
re:0.0027097137882476125
so:0.007404424618731305
he:0.011522704402320545
student:0.02915230052296139
on:0.011021930983462824
orion.oac.uci.edu:0.03904893555266323
medical:0.02915230052296139
society:0.026929211727585854
ta:0.0334590849913611
bill:0.02243125996878056
fun:0.02982791778937562
josh:0.07591203212366582
more:0.018426362693053998
a:0.0010119595114828949
basis:0.027008755630710136
was:0.006416385029720186
given:0.020201359124502036
learn:0.027608798411030665
california:0.028836733528427073
overall:0.033576914852750814
college:0.029851560149048207
jefferson:0.041304099102387686
religious:0.026604346413841434
it:0.0049689192715937965
not:0.004368913105622934
admit:0.029710849381967757
picked:0.034595624639860885
rights:0.02516811173690439
university:0.03406290002316889
b:0.022180495264595954
virginia.edu:0.06965431594358557
has:0.00771575705714892
party:0.030758539445816364
credit:0.03501786310452737
writes:0.009583512913298006
things:0.01619366614594384
of:0.007044948752381835
freedom:0.028898757103758013
department:0.025130982483282147
but:0.0048208929148580455
dr:0.028397424674684788
beyer:0.039756460694430736
oh:0.023403740464793286
who:0.009369948364013394
author:0.029304403971452946
one:0.007125441360692916
tim:0.05910013477878535
in:0.003862602215097619
u.s:0.025563350731874625
fellow:0.034874365805279695
use:0.012049127012661942
andi:0.0810812342097344
and:0.00414997189663902
few:0.016562518122509324
for:0.009430401823538376
subject:0.00019345620936245142
we:0.009766260186333116
top:0.024504581349038518
drug:0.03103202008337323
actually:0.017712421210877426
than:0.020733351916224076
the:0.004915780499928606
do:0.005205202310916642
ab4z:0.04118998057363305
home:0.021227268491748903
may:0.013485692227824862
come:0.0173999541628218
lower:0.028775236326417517
about:0.007137798408129504
irvine:0.07896596011374774
is:0.007787612373642432
right:0.01405705502746594
average:0.028112471441323093
sole:0.04013793702403524
study:0.026850531510397093
does:0.008829629089402357
lot:0.01796053179902457
virginia:0.03536417226276178
first:0.01360546977819595
tclock:0.0405406171048672
article:0.011743954787197116
full:0.022388858579154007
s:0.004495915078666799
