school:0.01723471315543178
some:0.005533350119115423
pc:0.015795460009468642
go:0.01844011613075002
at:0.008350379264970911
there:0.0043496634387542536
tried:0.014681820156571901
where:0.008755719422908825
your:0.005971242759152904
with:0.0027716937288604143
way:0.0164205954459388
though:0.023559660678774217
someone:0.010442929453379242
wisconsin:0.028824171975485643
to:0.0013063499147780387
schools:0.06999695938425936
ten:0.0190805177372409
been:0.006953745911002082
consistently:0.025650633192785398
that:0.0032881955017485956
like:0.005519616414733049
nt:0.003384258538968903
me:0.010270982752649713
re:0.0035444597419731806
so:0.0096854085060182
he:0.0075361763389584615
on:0.007208656283023079
books:0.017302075417280384
medical:0.03813286703477414
am:0.007745669936973297
ta:0.02188319302752527
bill:0.014670681875316198
m:0.012974547034275566
fun:0.019508306421487372
josh:0.049648627644862005
more:0.01205136517365617
sure:0.010341440853835088
a:0.0033092514830483292
other:0.006537004681667824
basis:0.01766449420397156
was:0.00839299653176669
as:0.0037920102379953484
given:0.013212263313655362
learn:0.01805693924512906
overall:0.021960257107486312
college:0.019523769197007834
are:0.0030469733725176566
no:0.005335287849206208
forces:0.020876877220842832
jefferson:0.02701405533710664
religious:0.017399999076351272
it:0.003249814499904948
not:0.0028573934055732934
admit:0.01943174035408318
couple:0.014957307083670705
have:0.0024229886879035684
picked:0.02262652227630712
rights:0.016460660756837945
university:0.02227810522842326
against:0.012243036929658042
sports:0.022747276235079557
virginia.edu:0.045555903318553595
has:0.005046324520789342
party:0.020116959447974685
credit:0.022902678238979988
found:0.012675452631549752
writes:0.003133944981125888
things:0.010591118142844786
of:0.008293674265837193
even:0.007958101648180217
freedom:0.01890060891146259
mailing:0.02091826906903598
what:0.004362284848325267
but:0.0031530010533194802
dr:0.03714544649390049
year:0.02345744754701092
years:0.010567656033082434
beyer:0.026001855809627685
well:0.007975677299304953
they:0.008842840042727429
who:0.006128212674094068
good:0.007677771807390992
author:0.019165913497917093
one:0.013980723807236337
in:0.003368335580938208
u.s:0.01671915829857203
fellow:0.022808826924780087
or:0.0031957888990667553
use:0.007880471695485062
andi:0.02651471640033969
and:0.0036189328387752594
few:0.01083235782420041
for:0.006167750955679128
subject:0.00012652586204748008
i:0.0036189328387752594
we:0.012774823750843317
top:0.016026693015010973
similar:0.014998854444865883
drug:0.02029582356163747
actually:0.01158442714265917
than:0.013560201727198684
the:0.005358433720301325
do:0.010213050979713222
ab4z:0.02693941857422446
start:0.013353374824087738
hate:0.0190805177372409
law:0.04275129561958245
maybe:0.012549351101148456
junk:0.02492006125047612
may:0.008820026196397303
last:0.020665047886819887
lower:0.018819822810642737
relationship:0.021635003522703866
just:0.005565822575667706
about:0.004668323129487543
is:0.007639979911582859
right:0.00919371371464597
average:0.018386355729396148
sole:0.026251352176857173
study:0.017561011130022744
does:0.005774828503969314
lot:0.023493397045169583
man:0.013734830989550707
their:0.007173856012235612
virginia:0.023129174276119078
first:0.00889836412033669
article:0.003840440191073939
passed:0.020481703718762023
full:0.014642950160773712
by:0.004694006989654816
students:0.022656423552104583
happy:0.018000450656327115
everything:0.014642950160773712
s:0.0029404563073744945
