racist:0.06673536517249233
mark:0.03618824053364085
there:0.011057578139483704
all:0.011494793140316761
service:0.04388664130696799
from:0.010199665716026212
to:0.0033209618315441706
arab:0.05382918066068516
politics:0.05896795797762488
that:0.012538721401246148
quite:0.032002402194089175
cleveland.freenet.edu:0.05159540688560851
arabs:0.17188568917910776
voice:0.04369270242694179
on:0.006108540063123976
state:0.06404128643230401
a:0.006730140365524796
same:0.02339871506660979
vote:0.05487751050393371
as:0.009639929641168898
military:0.04664865738229603
based:0.03639642183012702
are:0.015491840520511458
it:0.004130788310120145
not:0.007263976006939336
choose:0.047877150474545285
have:0.012319291883075973
rights:0.041845776140877186
ira:0.0670654732952407
facts:0.048796226435384206
degree:0.05339101627308425
which:0.015564967861656842
get:0.015835831027603883
but:0.008015460509041087
they:0.022479990951993826
one:0.011847119370790632
in:0.00428143859986724
israel:0.09157753177924462
total:0.08821724086275666
and:0.0022999844246433124
for:0.007839731636435518
subject:0.00032165008303636504
jews:0.044513639838595014
kaufman:0.07246336151845709
the:0.005448816939679901
claim:0.07868045891084305
may:0.022421994306503986
an:0.021636099724379198
about:0.011867664823155079
is:0.012948078404369345
involved:0.043384061892359854
disregard:0.06967057098764595
cabinet:0.07414724034225417
israeli:0.050321370053115676
full:0.03722484920389462
citizens:0.049245279384748444
hatred:0.0628690070992381
