since:0.01887567569248756
large:0.028245604904599767
there:0.008658292316765542
kimbark.uchicago.edu:0.05759840362488362
to:0.003900563660634427
segment:0.05653729057368844
ii:0.034635847218019974
that:0.009818055436824815
arabs:0.044863245917817436
like:0.02197432195299383
re:0.003527740592246892
on:0.019132408499595844
them:0.02765772021758945
trials:0.1055585879334278
state:0.050145535602653134
a:0.003952370167489797
hearing:0.042781440614338
border:0.09155977010834522
accepted:0.039734798308487425
based:0.05699817003585929
organization:0.036149370076574254
are:0.006065201713219108
furthermore:0.04637591242796064
no:0.04248097117669848
race:0.1237027281749875
it:0.0032344851862261504
not:0.005687830269584574
guilt:0.0527792939667139
due:0.09382478730844762
only:0.01258053054971025
virginia.edu:0.13602305094643596
free:0.027240639567214484
which:0.03656299054294862
claims:0.03543703467555402
writes:0.012476648887123817
kill:0.034855019873616847
were:0.02926987353721319
of:0.003668690293693182
destroy:0.04658326060455286
key:0.030243795955062033
expansion:0.043610797900402905
what:0.008683416066005955
beyer:0.10351682218549889
in:0.005028670808334636
government:0.02539259376053111
israel:0.03585346763055332
andi:0.1055585879334278
and:0.001800931200428254
subject:0.00025185808388696507
membership:0.05072822909307971
jews:0.034855019873616847
held:0.03835328376696582
the:0.004977614216908841
thing:0.02135785316155619
ab4z:0.10724938338040303
would:0.008798581567022415
country:0.06359913411358739
an:0.008470737156242799
just:0.011079137391187602
is:0.0025346474234968293
israeli:0.039402582211401894
article:0.007644649814307556
citizens:0.03855998291447284
s:0.011706344921811666
