reference:0.029734127992178123
resolve:0.022584514472611138
at:0.007019641533501443
out:0.004693932665659203
there:0.0073129799647581465
all:0.003801067054367694
happen:0.013472638351264204
means:0.011293208049556783
knowledge:0.014728171891841177
islamic:0.018269342750969128
hand:0.025157286497630865
your:0.020078601150299004
wonder:0.014702660190505692
with:0.00698996864688702
damage:0.017726983490711837
destruction:0.04104982087881984
previous:0.013837447887222335
proves:0.022289263587536547
from:0.003372797826415042
avoided:0.022970370353049056
my:0.003785714188566937
to:0.006588999968561741
then:0.006358089042931486
most:0.007396794677159513
clock:0.01709219449242795
us:0.008206678829422295
bigotry:0.023178281720262484
been:0.01169115846391585
make:0.014024545684061383
that:0.011056721129385714
nt:0.0028449344690136993
location:0.03658029461732592
re:0.00148980279991303
happened:0.013435461747961876
policies:0.020828605122230174
authorities:0.037097327463587876
had:0.006113181217857112
this:0.0167325079959018
mean:0.010531561979401834
best:0.00970189673291408
two:0.007429439970730325
on:0.004039910958081991
you:0.004428677206443999
orion.oac.uci.edu:0.021469135881543925
them:0.011680152761213074
support:0.021824353064012
names:0.016322299649326213
mosque:0.02461967632028441
jerusalem:0.041500967444552964
a:0.0016691284372666077
dealing:0.018777695966525735
other:0.01648575284261248
was:0.007055467203995104
jack:0.03406179999011901
are:0.005122799853396219
no:0.008970085547270995
those:0.007394086272061992
religious:0.014627090857012422
place:0.021668745954712555
it:0.0027319157748204935
not:0.0024020319066771507
authors:0.020488526042743493
have:0.006110565097382305
probably:0.009510851454299635
reporter:0.023710279300439865
points:0.014602216288726823
has:0.008484258756068135
worship:0.0203114273870828
love:0.013036722869248799
sites:0.018146746501300787
which:0.010293962808904523
writes:0.0026345115179982562
certainly:0.012254013056795382
spend:0.016335048664189444
were:0.01854147367496772
if:0.00533984398217856
end:0.010773838257272945
of:0.010070627937667739
even:0.006689878277952293
what:0.00366710001193877
but:0.0026505307659378894
nature:0.01518890494924211
alone:0.015295670659021888
they:0.0074336225060377984
one:0.01175272001325445
tim:0.01624665059655852
comment:0.03131153304289054
rest:0.013014465472003222
in:0.0035394362927189337
israel:0.01514130505513407
destroyed:0.07892830716014788
and:0.004563315711045297
for:0.0038886318276343504
subject:0.00010636237805584979
however:0.0095501948374379
jews:0.014719649827105124
possible:0.010266819214998335
oppose:0.023107765476838578
any:0.008153683396723564
the:0.003903900051736131
do:0.0028618243781135325
denied:0.0212439876334828
quote:0.03215105906406844
can:0.0034444860256482605
hate:0.016039797779114857
claim:0.0130089204972111
once:0.010689367310457793
presentation:0.0228375559296722
an:0.0071545668411293764
just:0.004678838898270462
here:0.014345823949190406
expressed:0.016373542333160507
many:0.007383271026207543
f:0.014805702065365927
entire:0.014858239931031081
is:0.0021408177441487163
throughout:0.01843890296777708
issue:0.03742661363503808
addresses:0.019200079209859586
does:0.009709074217828887
unless:0.012263192931237017
ordered:0.01866153427612153
israeli:0.04992040296105897
nothing:0.01017870916932633
tclock:0.022289263587536547
wall:0.01787455827828295
almost:0.012039812471173578
article:0.0032284178498669363
jewish:0.015237080430377683
going:0.008676556510158098
by:0.007891916134001323
mine:0.0130089204972111
incident:0.019147999203615155
while:0.017293565783892607
doubt:0.013864829876416605
s:0.0024718576926534594
