some:0.008745594570287297
go:0.00728626311533381
ideas:0.02694377256209341
there:0.0034373744778170316
threatened:0.020645569521478287
case:0.009256970439351146
where:0.006919313851062778
perlman:0.15888790292766858
own:0.00848872897208987
your:0.0188753890963485
continue:0.02927495286068498
with:0.004380729414153912
such:0.007202311623474901
violent:0.018074234328487298
my:0.003558854911349443
to:0.0046456151463735865
everyone:0.011451358642371174
death:0.012567102561934166
basic:0.014305815766142323
might:0.007966610995799423
next:0.010031385856738484
make:0.013184123470784298
quite:0.009948312292544574
nt:0.0026744515045784216
me:0.004058384570803538
need:0.0287820523070747
re:0.0014005262276335975
boulder:0.020645569521478287
description:0.01638591858196967
so:0.0038270059827150565
anyone:0.006265598313263637
comments:0.01379777158812397
this:0.005898679082824932
he:0.00595555508434545
posts:0.03013496233834211
on:0.007595637831300224
you:0.027061374016154997
am:0.01836332985057714
them:0.01647032777002518
defend:0.06786358686860294
names:0.01534418431453513
why:0.006665627641026241
more:0.0047618690105645164
a:0.0031382115187559437
how:0.004926453173142787
other:0.005165947519969703
was:0.0033163338355857138
as:0.014983411240019073
said:0.016415766506842188
entering:0.019693381737267642
colorado:0.01765244077752045
others:0.010098607577035191
freeman:0.020096492839111708
shostack:0.022526063693003515
not:0.018064719358081346
twist:0.021856806057260533
try:0.01825010990519395
university:0.008802771916099827
against:0.029025626878178053
after:0.007225519429456747
call:0.009951146434452088
attacking:0.019849459251876516
yourself:0.052528459496248577
his:0.0069079739382219355
publicly:0.019399480555838827
exchange:0.018149393740662614
be:0.002166521562312627
asked:0.02526068088942645
writes:0.0024766381686051023
get:0.004922748971127799
making:0.011515382737349826
of:0.003641209467523196
even:0.006288986695752905
what:0.0034473487003619145
explain:0.013464634936376793
treat:0.018074234328487298
never:0.008254454048171761
present:0.013574907426326981
well:0.006302876067990055
who:0.004842894660051866
up:0.00503168678034601
errors:0.016082488080995553
good:0.012134905253629208
over:0.007512886713555648
email:0.020553548007250493
in:0.002661868193175887
or:0.0025255110775396455
astronomy:0.01846608807784637
debate:0.017002979380007333
and:0.005004835021414848
usenet:0.030593248154634847
for:0.004874140268345678
subject:9.998860259182883e-05
space:0.011451358642371174
i:0.007149764316306926
person:0.01050634621375974
ways:0.013364563225764398
flames:0.016750795409712995
the:0.0016938269887394448
do:0.008070987852881985
thing:0.008479147697097216
see:0.006626912964086802
thank:0.013597356954192938
can:0.006476149756087741
liar:0.021723030466990572
because:0.013218893624678008
agree:0.011297959471776926
did:0.012313940400321837
eric:0.04480930876762478
instead:0.011489641616421877
wam.umd.edu:0.04139035422460466
put:0.009316326964594678
an:0.003362914376635718
myself:0.012482554539317915
just:0.00879691807839615
newsgroup:0.014397617380428275
dirt:0.020848068477546732
people:0.005637727116378717
expressed:0.015392356275742649
about:0.003689199177235474
interested:0.010775566349868614
worry:0.01646577914177799
is:0.0020125290403795047
time:0.005915767677541999
center:0.01223457241001052
study:0.013877802803126586
attempting:0.0187225217830054
advice:0.014568753064544002
first:0.007032040559517008
nothing:0.009568749069291792
him:0.01795142549335811
change:0.011131120254346396
words:0.02477797102252715
article:0.0030349546079273446
very:0.013057996193134436
attacked:0.018842382199058483
opinions:0.021390338243595822
somewhere:0.014530041419110813
by:0.003709496160363918
upon:0.012989047126190773
fit:0.015226397300742983
mine:0.024458719436704017
s:0.009294925555895405
