reached:0.07958654111368779
believe:0.03682494712424306
all:0.03234128239478953
supports:0.07324812685862349
serbs:0.09113885226892288
post:0.04377250515985052
to:0.0023359307798149673
stop:0.05633818838272266
arab:0.07572579652265878
next:0.04539627158896907
bigotry:0.09860591036925226
that:0.005879739414143674
me:0.018365909837365163
need:0.032562745618597226
re:0.02535189849343529
set:0.04490533193433765
subjects:0.09133479841131398
more:0.021549475013910607
following:0.04639515717016545
not:0.02043762740935474
have:0.008665264629621234
being:0.03297972762584997
try:0.04129474020921004
stage:0.08459440912883755
year:0.08389019376981871
again:0.04138761251030539
in:0.003011520371093059
our:0.037792803779328706
cross:0.07763407141722284
repeat:0.07968537027149784
and:0.009706713927731946
for:0.005514387506984305
subject:0.0004524907947799711
leaders:0.07495873564828384
jews:0.06262088316276926
i:0.003235571309243982
we:0.045686234091998984
the:0.0051101898982308675
do:0.02434975996293209
hate:0.0682371058060649
here:0.030515269586837222
bosnia:0.17341398589182008
is:0.004553773337129897
already:0.049250615615209346
s:0.010515869167051158
