simply:0.014292725887305556
read:0.010593472251859446
at:0.008233317873405897
out:0.005505500462992803
there:0.01286606054547403
behind:0.01648477757476027
concept:0.019887157682807396
take:0.009933407151101418
establish:0.023782757997264804
surprised:0.020563937813080555
to:0.0012880365982157296
changes:0.019055650933346675
aid:0.02321450037065365
then:0.007457384812036463
most:0.008675679738163728
might:0.029818950502968868
that:0.012968397212503806
considering:0.018716682034369592
think:0.006727794521161473
nt:0.010010446986763157
could:0.0070519119407759685
asking:0.016754358946908382
re:0.0017473855270007967
articles:0.019681722526633957
anyone:0.00781735864318407
this:0.002453188964352425
getting:0.012673839122545261
internal:0.0185166701687866
something:0.018604311375360026
these:0.0077412895939202924
on:0.002369200117940607
set:0.012380441981896827
am:0.007637085778978343
education:0.020213306103066937
support:0.012798861259502362
3:0.021882859295678687
a:0.003915432128541295
democracy:0.02594692038024599
nor:0.016142705593343003
as:0.0037388512159673756
said:0.01024067676945529
question:0.02040173909670191
also:0.006932229587287693
answered:0.02270791486361073
assured:0.026941882984183707
are:0.006008517585058182
d:0.008513290758771193
administration:0.020813218096750147
police:0.01717562575529295
it:0.004806384529065027
namely:0.02496864828126527
have:0.004778043113529465
being:0.009092541728622188
conflicts:0.02710303333965646
university:0.010982897671021745
indicate:0.06657967572496641
left:0.013665444782712904
real:0.01195137314952452
after:0.00901501723207921
stage:0.02332275765701596
free:0.01349302707534923
be:0.01081235994649479
asked:0.015758415414665564
writes:0.003090011172979263
making:0.01436732332183366
if:0.003131544017586024
of:0.008177407804166578
what:0.008602262644828329
but:0.0031088001039738795
reading:0.015356645076462571
nature:0.01781502402925126
they:0.008718874995399473
now:0.007719226158309552
in:0.00415139490407688
un:0.09771925019962192
force:0.016700953826237246
sec:0.028312667143003605
and:0.002676150101570957
for:0.006081287157235027
subject:0.0001247521350094313
i:0.007136400270855885
example:0.013137192260550955
any:0.009563432395222497
council:0.047248679062981185
the:0.005987757555987803
do:0.0033566257892826946
thing:0.010579123528621292
views:0.018925639224938732
would:0.004358175916375589
because:0.008246365882684644
country:0.015751187420654823
did:0.007681827305808249
countries:0.039397002699349495
an:0.004195785694213723
note:0.013839668686348118
remarks:0.026210251859456885
press:0.01676331944283956
current:0.014776849176312232
govt:0.022804933515238903
is:0.0075328773894578665
clinton:0.017126898544254355
involved:0.016826528677877886
today:0.013266945167282022
new:0.008056072733100685
questions:0.014131665127315474
lot:0.023164050357620473
2:0.027314152599468348
illinois:0.022519719073246524
hear:0.015484493290929007
define:0.01997549485401839
1:0.027455942410159466
under:0.011342632836942238
civilized:0.02820765379790053
leave:0.01651019684249774
article:0.003786602244470098
smart:0.023178964859507763
claiming:0.021551363484422645
answer:0.01418818243985447
elsewhere:0.02213623798420772
remain:0.02098711340675218
while:0.0101417874106473
security:0.017345205201111644
defined:0.020424437985278307
plenty:0.02178185444966798
