some:0.022892879904575572
go:0.03814573042733583
schools:0.09653175444495898
been:0.02876941935728312
consistently:0.10612320791524939
re:0.007332166721140599
on:0.00994134951449588
used:0.03871497075170324
ta:0.09053634762368297
fun:0.08071083637125168
more:0.04985956964002847
it:0.013445310970194978
admit:0.08039406303355981
kind:0.0540299352345698
friedman:0.11709606650221846
university:0.046085100031346145
virginia.edu:0.1884763843179374
has:0.02087793086052061
party:0.08322898908867957
writes:0.012965929235638477
things:0.043818155453730384
of:0.007625121002577986
what:0.018047884372482965
but:0.013044769063733534
beyer:0.10757630540845964
one:0.019280606034816128
in:0.003483915723421382
system:0.04382788880867696
andi:0.10969814040140537
and:0.007486223813544899
few:0.0448162255079664
subject:0.000523469742980751
we:0.026426351092430782
top:0.06630651423857481
than:0.028051005533714923
the:0.0014779470784099078
do:0.014084665076597974
ab4z:0.11145524155218355
may:0.03649069661646727
about:0.019314042751409247
is:0.010536181446692702
study:0.07265437938107448
does:0.023891937536029906
article:0.01588888000620786
s:0.012165417271686633
