another:0.010172042799947609
at:0.004041123910341427
hide:0.02285911925761175
out:0.01621344631762101
there:0.008419990693368325
tomorrow:0.023190865411646732
help:0.009816939082760536
all:0.00875291587748891
ever:0.012125789251513122
where:0.00847457246896221
leader:0.021486445428011487
way:0.01589332861969306
from:0.003883358965276035
loose:0.023936365088242026
throw:0.01955674576392115
to:0.00948302174374425
then:0.014641104126383517
everywhere:0.022823697027823168
us:0.009448974248555028
that:0.004773916863777204
crimes:0.022616722554059547
like:0.005342381025269144
nt:0.003275589686800177
perfect:0.01857837978961876
me:0.004970590277085068
re:0.0017153234072393145
so:0.004687204575160184
this:0.0024081763228046746
parties:0.02245110326671039
getting:0.01244129161570957
criminals:0.021382187395545635
on:0.002325728556143532
set:0.012153277908834501
you:0.002549536648663862
them:0.020172373920168452
support:0.012564019768502322
why:0.024491595139734035
a:0.0032029911143265943
other:0.00632710086161427
democracy:0.025470830098039646
want:0.017363284107451207
as:0.00367024844136247
old:0.012146390285973965
genocide:0.04133543415430932
peoples:0.02505079710021629
said:0.01005277444341024
act:0.01711758285788236
turns:0.020246581530121984
are:0.00884740433396182
no:0.005163971266892247
lie:0.02091695721918828
motives:0.02779316866331547
place:0.012474438611543237
it:0.011009119303577081
not:0.011062568964696604
have:0.007035558896527333
being:0.01785141220114815
only:0.0061171387076572785
against:0.011849911890632324
after:0.008849604071857576
stage:0.02289481714954778
has:0.009768573154922487
sets:0.021814238840773617
without:0.010308304976158235
be:0.007960476015653275
asked:0.015469270177699225
thrown:0.02251663518068964
judgement:0.023040453380348606
writes:0.0030333137202640478
get:0.006029238418766616
if:0.015370422471637828
of:0.0017838585831719143
sit:0.021356488975597606
but:0.00305175790023124
they:0.02567668691305717
find:0.019416942547462297
who:0.011862870405815122
in:0.002445133512309502
our:0.01022832762835043
u.s:0.016182304591737147
or:0.0030931718243260796
world:0.011565370131801271
and:0.003502728573309999
subject:0.00012246310500925824
i:0.0008756821433274997
special:0.016035372444334967
we:0.00618231149410078
assumption:0.021757954012370802
any:0.009387956571456949
classical:0.0273940339064823
will:0.01559594511334795
the:0.004840615660480157
do:0.009885108975777478
can:0.003965899047879419
nobody:0.01838664984155242
may:0.00853681434605427
an:0.004118798800741912
here:0.008258719750566038
people:0.02071476798265758
current:0.01450571432904045
govt:0.0223864943681703
is:0.006162216213088622
humanity:0.04586159005561873
ruled:0.02534684536231524
today:0.01302351498072639
self:0.01950510744041365
right:0.05339101634285229
elected:0.025534102217912743
their:0.013887005675061596
protect:0.01894205319730121
wishes:0.023936365088242026
designed:0.01802567613248974
precisely:0.02285911925761175
commit:0.07180909526472608
bad:0.01257156443461644
process:0.016589741895566824
by:0.004543281994574156
while:0.009955699568250103
s:0.002846037985578066
