basically:0.06084041160074242
go:0.015080870168946723
israelis:0.03845192620104389
folks:0.0287070996146882
say:0.01470965096331429
there:0.007114565779667809
final:0.02989649920338446
gaza:0.08696114570424456
ever:0.020491643851394268
where:0.014321370528943889
with:0.004533545556508119
into:0.013882200798313073
such:0.014907110104401539
from:0.006562575615737795
cpr:0.04142085838907572
throw:0.06609876862844667
to:0.010683714419308765
implement:0.03945356753034627
make:0.013644034754648865
that:0.0053783662858058415
russia:0.03972559326531735
nt:0.005535492649011151
re:0.0028987635874276785
he:0.012326614011784769
fair:0.032734104936464205
you:0.00430851929774203
etc:0.018002511530683996
them:0.011363249391722797
europe:0.031883725732926034
sea:0.07825286599882623
came:0.023400982422309664
3:0.018150898795640462
a:0.0010825613378654226
how:0.010196612381621119
usa:0.02825288128704438
solution:0.03015393076149805
third:0.056632325529734656
are:0.004983809159699423
it:0.0026577940289920308
try:0.018886741646072812
friedman:0.04629379373343521
indicate:0.036816668230343186
attempt:0.02989649920338446
gazans:0.054810168064195745
his:0.014297899546552377
which:0.010014669244321843
writes:0.00512606504664777
of:0.0015072913609747182
freedom:0.03091494945983415
they:0.007231935073703439
policy:0.0297422266892969
in:0.006886810150949243
and:0.0073991746994339115
for:0.015132505251724371
subject:0.00020695315420169222
each:0.019736506956283838
jews:0.02864055896591772
i:0.004439504819660347
person:0.02174569332615388
back:0.016328346667190213
allow:0.027180423809105365
research:0.0239328021747037
alternative:0.03375319904158408
the:0.004674437271249941
do:0.005568355960515478
settlement:0.04810476157205153
would:0.00722984221786338
country:0.026129876806357612
did:0.01274349646079818
come:0.01861390445325123
an:0.006960450686525091
just:0.009103787313689039
many:0.014365899438589872
about:0.0076357843435804
is:0.004165467083576184
alternatives:0.04108376449807
center:0.025322719639324098
2:0.015103950016243478
1:0.01518235575135433
pm:0.04030007366960977
leave:0.027389008715461367
article:0.006281650235012411
elias:0.044309814088960786
palestinians:0.040840228093160076
three:0.022623938034670332
live:0.024005335456958595
wish:0.05792368239967099
igc.apc.org:0.08216752899614
s:0.004809583572527274
