22:0.023146370001404175
taken:0.018304896109770336
israelis:0.02755721377741479
at:0.01468275020757385
there:0.010197544284190528
maintaining:0.029747022404382744
carter:0.027771740644791345
tune:0.032732537132997806
your:0.00699962345656257
with:0.003249040982164152
destruction:0.028620847334954944
from:0.004703179191278753
my:0.010557936237003348
to:0.0022969986001513845
sound:0.01917324049515795
job:0.019286047529384315
arab:0.04964246660929853
city:0.0204432533249244
important:0.01745760718318457
ten:0.02236660690309905
remains:0.02565196516004351
might:0.011817139643769145
that:0.0038544958381608535
think:0.007998600152936419
like:0.006470217019492629
really:0.01084108746217181
quarter:0.06154483677018737
perfect:0.022500482189649385
re:0.002077447237656503
dunno:0.032732537132997806
this:0.011666276408253757
map:0.02755721377741479
burned:0.027035370333891435
you:0.003087772163381788
mosque:0.13732308347536415
jerusalem:0.02893539674606332
a:0.001551671250940439
other:0.007662822154621727
anymore:0.024619190837033293
was:0.004919228522785476
as:0.004445078667872325
old:0.014710628235235133
failed:0.02354054631236131
standard:0.01691135855812354
given:0.01548770866211823
jake:0.12080847011681733
american-occupied:0.03295042998384937
no:0.006254142978791721
27:0.024545279916886837
it:0.009523761937221443
not:0.0033495000476442493
should:0.009126734123519331
have:0.008520843552460881
only:0.007408534657051592
treatment:0.02421279705016877
able:0.014652584589503718
edward:0.025111613463236804
has:0.005915413743814172
be:0.0032136736507637296
comparison:0.02592750372192891
writes:0.0073473599001951375
certainly:0.017087540429198005
down:0.013135364316406434
were:0.017236703305247767
ux4.cso.uiuc.edu:0.03166647597849723
of:0.006481352852191288
but:0.003696017901391168
years:0.012387641238779964
least:0.02675180425229425
excellent:0.021639252296335485
1948:0.032420928984936453
york:0.020906484485696906
find:0.011758037431518835
bony1.bony.com:0.06351073352751047
now:0.00917730221043469
george:0.022123967661417596
one:0.016388515129593707
in:0.006909766184785741
according:0.019108478914367878
compare:0.02394283840996396
5:0.01443818270509824
yes:0.014815810391688273
and:0.0010605483735855274
still:0.011342828234608596
for:0.0018074936828448556
subject:0.00014831642717787942
i:0.002121096747171055
employer:0.025111613463236804
news.cso.uiuc.edu:0.025475583502740286
fell:0.02781565830871975
photos:0.03405293519898181
will:0.006296140805018247
the:0.004187516722161405
when:0.007264858015798533
an:0.009976645984019298
just:0.006524380908143811
note:0.016453828327102765
army:0.02479557249433652
bush:0.02595898004157156
changed:0.020996195521296807
eye:0.05100918860527115
is:0.004477877114844399
done:0.01471479750789277
new:0.00957777536046415
jimmy:0.029502782829820984
livni:0.06369140598164136
too:0.010847321488136092
israeli:0.02320374285782556
under:0.013485130150586885
article:0.009003698670184456
replaced:0.02403137503364625
opinions:0.03172900172800047
jewish:0.04249452431138665
by:0.016507257913619434
built:0.020513875744859744
north:0.022300859916171256
s:0.006893736453955759
