ask:0.01165825033742547
week:0.013791355217622333
say:0.015180359794140348
there:0.01835557971154295
know:0.014806501507899621
viewing:0.021844295071388603
with:0.004678619014316379
former:0.015963591690986236
from:0.010158867053162107
parents:0.018342420121973006
cpr:0.04274632585752615
item:0.019465466640401833
my:0.003800857045321205
to:0.004961516976326991
job:0.013885954221156705
then:0.006383521399103213
young:0.015016222108296748
published:0.049201166576538606
front:0.014067803717463735
director:0.019781042410280485
family:0.015761868276478668
been:0.005868961548885757
that:0.009713329512165352
camps:0.023343068869154247
parties:0.03915472409714292
on:0.00202803530095716
you:0.004446391915269775
children:0.013409507472074103
am:0.0065373454268054625
them:0.005863436686128964
state:0.010630853547762465
28:0.017690261612994987
dying:0.06107412253697603
jerusalem:0.020833485657165588
welfare:0.02364509907918683
a:0.0016758049510156741
how:0.005261451988916498
speaking:0.016861917155321586
other:0.0055172319513276434
christian:0.012823369484946303
want:0.0075703918708487266
as:0.003200456640868074
interview:0.021417856131155575
bring:0.015173467789156302
following:0.010949257092159046
40:0.015298028752099194
21:0.0162248120846173
solution:0.015559428272932994
converts:0.04683293084765407
video:0.013982844771460091
are:0.018001518684834315
no:0.00450298294473004
those:0.007423662617150241
christians:0.014387974548157881
relatives:0.06696504630575661
it:0.0041142651568796635
not:0.0024116400343038597
have:0.0020450024525906114
interesting:0.01307209824768565
buy:0.012027364500975864
friedman:0.023887597566452565
between:0.009291463384185622
stated:0.015528380251591038
after:0.007716854750659806
connection:0.017223064542009985
has:0.008518195791092408
reject:0.0408552156330123
stayed:0.022156141237267453
his:0.007377716166021027
be:0.0023138450285498853
things:0.008938903712560998
if:0.005361203358107274
of:0.004666574053577728
what:0.011045305235959575
but:0.002661132889001641
ticket:0.020255907637638015
well:0.013462943281226759
they:0.00746335699606195
who:0.025861057484676965
policy:0.030693977943354402
rest:0.013066523333891236
in:0.007107188075779619
israel:0.060807481101418426
recommend:0.017551117148653327
better:0.008944863485205613
and:0.004581568973889478
for:0.00650697725824148
subject:0.00021357565513614637
jews:0.08867117055848127
i:0.0038179741449078986
tape:0.033194946109746666
information:0.00975528513793506
actually:0.00977725650840434
research:0.02469865184429422
alternative:0.017416650705457386
the:0.003919515651943075
waiting:0.017500161045543607
do:0.0057465433512519735
when:0.010461395542749887
would:0.0037305985844175043
come:0.009604774697877634
last:0.008720650208237991
development:0.015549052132224808
an:0.003591592554246947
here:0.0072016036224935845
people:0.00602109256029247
about:0.007880129442574973
remained:0.02232168210191887
reality:0.01676244488900953
press:0.02869880288614133
interested:0.01150830486165968
general:0.011793721452350206
previously:0.019022016269154594
is:0.0042987620302506226
items:0.018534456998718446
christianity:0.015386593255608049
center:0.039199570001673706
man:0.011592197355180796
their:0.018164203422980568
excerpts:0.023270994847143536
experience:0.013248891099180591
1993:0.012118623212040549
israeli:0.016706694857634402
april:0.0272172308951049
answer:0.012145084168515426
project:0.015406543421652204
by:0.007923483798537329
remain:0.017964969076179865
igc.apc.org:0.02119922248100412
news:0.02455101212930735
