taken:0.02890246754174263
land:0.06976547974715326
reference:0.03273362335981012
read:0.0198859917710344
know:0.010823466014546507
own:0.019881496803052588
with:0.01026012941736048
destruction:0.045190811581507805
from:0.0074260724072822415
shameful:0.04658334131024366
to:0.004835786526634494
indicates:0.04312146243301603
been:0.012870529712468765
that:0.018258138180761937
arabs:0.04171494795867235
nt:0.00626384694493367
re:0.0032801798489313205
anyone:0.014674690786327993
cleansing:0.05057511367206415
this:0.009210218217042439
something:0.01746194137862739
on:0.004447445835432368
you:0.00975085946331091
books:0.032024016781106675
them:0.012858413785370533
mosque:0.05420648031922269
jerusalem:0.04568746854641576
a:0.0012250036191635044
how:0.011538271905518633
jake:0.09537510798696104
thread:0.03651691046933303
not:0.010577368571508155
have:0.013453963503885601
received:0.033941147286419046
referring:0.041660966681704124
has:0.009340126963917113
feel:0.026721725300405067
be:0.0050742215538374675
writes:0.00580054728962774
were:0.04082377098611313
of:0.0034112383432585726
seen:0.045481840186357064
ethnic:0.045353259368939705
but:0.005835817739038686
anyways:0.049591628600829885
fact:0.021037430952884555
loss:0.03733203284316477
they:0.024550516434414305
bony1.bony.com:0.10028010556975335
in:0.007792969381337301
force:0.03135091332293659
and:0.0016745500635560958
for:0.002853937393965561
subject:0.0002341838323861254
jews:0.06481810713339273
i:0.005023650190668287
any:0.008976204090252696
remaining:0.04398935671244501
the:0.003967121105205542
do:0.006301034376372777
when:0.011470828445997682
did:0.014420272310903204
claim:0.028642447761403386
jim:0.05940931134998016
is:0.0023567774288654727
either:0.021961076378187352
else:0.022162738818754885
district:0.049591628600829885
provided:0.03542074941758372
does:0.0106884983713818
their:0.013277926478786964
livni:0.05028268893287475
israeli:0.03663748872288246
article:0.007108183160671938
by:0.008688030480852333
opposite:0.0423317593482992
appear:0.03463769796715949
s:0.005442423516280862
