above:0.010804190595748194
simply:0.012137473570965831
out:0.004675305948731983
there:0.0036419801014966166
know:0.00979265972744684
ncsu.edu:0.023457439562685343
hernlem:0.10073956890562781
with:0.0023207435586886796
4:0.00985821231816936
times:0.044610732404651215
from:0.003359413708056252
my:0.003770691513215481
occupation:0.021203534651550667
to:0.0038283310002523076
hardly:0.01732792401027588
recall:0.015519266726480246
arab:0.05318835708139128
us:0.008174112643591254
latter:0.018430965758949234
been:0.005822382488973965
make:0.0069844463624988236
that:0.006883028282430095
sources:0.030548722025511614
nt:0.0056672900930352255
re:0.0014838908840403592
ongoing:0.02395411870139172
so:0.004054803957876667
anyone:0.006638550593815044
brad:0.05691077820826269
error:0.014942294282428565
this:0.012499581865986166
presume:0.022257912293348305
something:0.00789944967128382
two:0.007399958066084569
sunday:0.01772945236046376
on:0.00402387956539119
took:0.013394451096891583
united:0.04668478551044306
iran:0.04498978676686822
chess.ncsu.edu:0.04967921796876923
a:0.002770841519536498
other:0.005473444396158376
was:0.014054938636529929
border:0.019256618316437685
jake:0.10786470546144404
course:0.009706951586904837
no:0.00446724498485123
those:0.01472948931974254
missed:0.034491525216093895
it:0.006802687098015316
not:0.004785000068063213
reported:0.016386379353220886
have:0.004057544548790895
probably:0.009473109980274636
briefly:0.022879218089743306
only:0.005291810469322565
states:0.013701824347046362
referring:0.01884662778458044
reporter:0.023616190890517485
has:0.004225295531295837
public:0.011760891262145213
be:0.0022954811791169494
writes:0.013120285536062743
were:0.0061559654661599164
if:0.0026593270625532113
of:0.003857948126304338
even:0.006663331141928673
quietly:0.023157806417811753
seen:0.01028755908977124
opinion:0.013132188748363844
what:0.0036525480277644095
but:0.002640012786707977
year:0.009820479032577984
reading:0.013040960501440439
island:0.02037131032225674
moons:0.028313691275471516
bony1.bony.com:0.09072961932501494
over:0.007960082351267292
comment:0.015593640463820486
in:0.006345703639088945
according:0.01364891351026277
islands:0.15039856852154454
use:0.006598331459314873
and:0.005302741867927637
few:0.00906995040042177
for:0.0012910669163177539
subject:0.00010594030512705672
fourth:0.019150081609944875
i:0.006060276420488728
dispute:0.021073416307014987
ago:0.011353832243510492
any:0.004060663755114315
the:0.005084841734053135
do:0.008551403796505912
when:0.005189184296998952
greater:0.01674239244576863
strong:0.014327985658613134
would:0.0074019813182886985
claim:0.012957297796825341
named:0.01849728909614662
may:0.007385021934285043
last:0.008651438698648801
ny:0.06668560843782412
an:0.007126175702870926
people:0.011946612222802518
many:0.007353972331659101
about:0.007817588732713265
is:0.005330806089100474
protest:0.045894106285512805
assuming:0.015746705046305563
days:0.011818462795834017
does:0.004835273072767957
2:0.007731783936886542
their:0.006006681026117912
belong:0.038957352931669374
existence:0.016145035146732635
livni:0.06824079212318716
dave:0.013913788378470604
article:0.0160780333396151
iranian:0.026130967716268057
kicked:0.022746930707729054
seem:0.010951240297205308
lesser:0.023380383666427005
doubt:0.013809810710240348
four:0.013920818059614976
news:0.012178081413346899
