out:0.02404443059347877
say:0.07745081527622626
to:0.008437954041372434
us:0.04203829359561216
bigotry:0.11872956554665068
that:0.021239058700070007
european:0.0904378438911427
like:0.023768144153238226
had:0.03131445889147214
he:0.032451698112657856
on:0.010347118882434487
went:0.06658084214767518
support:0.05589706754150012
europe:0.08393878815402975
vs:0.0697267743890478
muslim:0.08647547624949051
plans:0.09501458360571996
religious:0.07492652663490036
reason:0.05453493722466383
action:0.07514067511889706
bosnians:0.11223050980953772
calling:0.08393878815402975
of:0.007936350431254638
what:0.018784532714216963
in:0.003626116365193683
rape:0.10440229762874881
and:0.0077917839691997925
for:0.006639772712491305
subject:0.0005448358549391489
i:0.0038958919845998963
joseph:0.08335099242130105
the:0.004614814346871753
senate:0.10609611231387062
moral:0.0819215262226699
mr:0.06891746282211048
is:0.005483114834503345
yesterday:0.08972169450723924
right:0.03958925701612856
lack:0.15834779832255455
