another:0.013773325033469433
basically:0.02437395371582538
sells:0.06239526505485709
muslims:0.0822438777683216
out:0.007317870180623974
say:0.023571987257981906
there:0.005700490593646878
british:0.027693200867900274
continue:0.02427457271367357
with:0.007264936357634128
sell:0.02161535589428924
single:0.020195196711256986
to:0.0051361459382266985
then:0.00991230030916648
threat:0.02867921570688094
death:0.020841095553021254
writers:0.033842554334463315
us:0.012794263268229788
bigotry:0.03613508516637194
that:0.01077343557249928
european:0.02752456118426082
helps:0.02627311985175753
like:0.01446756600631892
finds:0.03265921070714572
re:0.0023226118184979535
michael:0.037325406231971295
had:0.009530487488708914
he:0.019753207546835218
personally:0.02434064972115839
two:0.011582543059958456
on:0.006298246276264471
books:0.022675390764261866
went:0.02026373456668375
them:0.00910471535113193
support:0.01701215099089134
iran:0.03520939833928817
more:0.007897012582737428
a:0.001734787733970677
million:0.02430752334864061
was:0.010999517193806032
genocide:0.08395457744384563
said:0.013611831233934361
given:0.017315450678144603
washington:0.023846045561580705
popular:0.02627311985175753
college:0.025587051556327033
plans:0.028917481966958248
pa:0.032171809368999785
religious:0.02280372549757837
reason:0.016597589590115078
action:0.022868901123142587
it:0.006388610492049167
should:0.010203802125673785
disagree:0.02638750945912543
have:0.003175469646879831
calling:0.025546587699052534
only:0.008282833778070103
interesting:0.020298289204480822
against:0.048135666934618265
has:0.006613506048984788
writes:0.004107219819984859
of:0.007246233002449888
department:0.021540842128527554
what:0.00571703169563125
but:0.008264387854042363
rushdie:0.06768510866892663
well:0.010452595715238166
please:0.011896989794442576
find:0.013145631911014845
up:0.008344474350014812
bosnian:0.0698582943769556
one:0.006107521166308214
in:0.004414402531540136
rape:0.03177461232179312
and:0.005928531280912886
green:0.026138576393489335
for:0.004041600781516446
subject:0.00016581960802495836
spoke:0.03182982317531639
i:0.0035571187685477317
acceptable:0.028746364254112092
yet:0.01633583069991406
joseph:0.025367693345613365
the:0.0028090174285306324
writer:0.03166564145439617
major:0.061051452907784944
senate:0.0322901211390041
moral:0.02493263841559519
may:0.011559164766707023
mr:0.06292463996801392
religion:0.022059200391072748
bosnia:0.06354922464358624
is:0.0016687740800662354
yesterday:0.02730660267611629
right:0.012048904309256519
lack:0.0481928081851253
dc:0.027808226009311682
their:0.009401761606097602
light:0.02169077444600182
serial:0.02571004924139647
met:0.029311406354768782
him:0.014885188219647873
show:0.01869607869400517
article:0.005033123480227335
while:0.013480388235270325
john:0.016655145339017675
