sells:0.10045637673831992
utterly:0.11565314783949228
muslims:0.1765501909426637
nick:0.099511319041309
been:0.029344807744428787
that:0.013876185017379073
finds:0.10516265847700922
re:0.0074788100555634104
michael:0.06009390403347378
this:0.01049964876742838
two:0.03729578865306623
you:0.011115979788174437
million:0.07827022518262278
genocide:0.0901112464563943
ridiculous:0.0998214027720283
washington:0.07678426670828987
are:0.01285822763202451
it:0.0068571085947994395
have:0.010225012262953057
interesting:0.06536049123842826
writes:0.013225247820351248
of:0.003888811711314773
please:0.0766166142762102
find:0.04232893475346781
up:0.026869207407047693
now:0.03303828795756489
in:0.014214376151559238
for:0.00650697725824148
subject:0.000533939137840366
i:0.0038179741449078986
acceptable:0.09256329289824095
actually:0.048886282542021695
the:0.001507506019978106
major:0.06552855945435584
claim:0.06530478089599973
may:0.03722051054879662
mr:0.06753911356566827
bosnia:0.2046285033523477
dc:0.08954248774998362
show:0.06020137339469665
article:0.01620665760633202
killed:0.07305569993335771
claiming:0.09223983571332893
