at:0.00779615055269408
say:0.033584866801195455
there:0.008121937925461481
existing:0.0383156783748323
with:0.005175463511411923
gerald:0.04481395495052658
to:0.0060982263720833225
us:0.09114497284004407
enough:0.021523438291481383
make:0.01557593348097083
that:0.009209857312419738
european:0.03921641018288489
like:0.010306540385032505
its:0.01829933235428469
re:0.00330920798918735
preach:0.052666195614251385
had:0.013578836156479071
big:0.02456442968024387
support:0.024238551411800938
europe:0.07279647114243289
vs:0.03023550393861365
a:0.0012358443591561018
other:0.012206265379043457
muslim:0.03749821536482332
responsible:0.03460933818648692
plans:0.04120101412991396
are:0.01137896250621638
no:0.00996235164763283
forces:0.07796497510792633
action:0.032583124609079264
it:0.003034118847256389
should:0.014538160550738758
bosnians:0.04866632726254291
calling:0.03639823557121644
safely:0.05030280813417133
doing:0.02372303455898509
troops:0.041401012642455916
be:0.010238252338716307
writes:0.0058518795665271
of:0.005162139439798371
what:0.016291010672506746
but:0.01177492428761788
consequences:0.045754615646540944
easy:0.0293246156129098
policy:0.1018605462721938
in:0.006289546969716477
un:0.04626530872282985
golchowy:0.04832808644112523
or:0.011934716065541333
rape:0.045271792777068075
and:0.005068107272001635
for:0.008637580431294
subject:0.00023625625568157783
i:0.0016893690906672118
away:0.024504279524988234
joseph:0.0361433506959624
the:0.004669266433560505
wrong:0.023393115547166908
when:0.011572340202156955
home:0.025923566830631403
olchowy:0.04800229906835783
senate:0.04600627879097045
countries:0.03730512644982652
moral:0.03552349367177722
may:0.01646925245521974
wants:0.031155178430033174
mr:0.02988456352463198
problem:0.01872181674376623
about:0.008716957347981164
bosnia:0.045271792777068075
is:0.004755267732578122
yesterday:0.03890586752968782
lack:0.06866408953809888
their:0.013395430252935521
alchemy.chem.utoronto.ca:0.04789631507679397
article:0.007171087436430097
