mirror:0.12802838771110595
mark:0.0715148562926712
posting:0.0785521084989581
take:0.05061307453180246
ever:0.06293862040071097
your:0.05999677248482202
look:0.05645638867323596
most:0.04420465390397709
that:0.008259633938916114
re:0.008903345304242156
a:0.0033250098234437974
quotes:0.11570223287649277
fraud:0.1453673996247063
it:0.008163224517618379
have:0.012172633646372687
ira:0.13253414960726137
davidsson:0.1437247122083503
writes:0.015744342643275292
of:0.009259075503130411
seen:0.061725354538627444
in:0.008460938185451928
context:0.09887478448088029
and:0.004545207315366545
for:0.007746401497906523
subject:0.0006356418307623404
i:0.004545207315366545
kaufman:0.14320140490552233
research:0.07350789239373279
source:0.07426828480237677
the:0.007178600095133838
responsibility:0.10328021110925403
propaganda:0.12097443970769706
is:0.012793934613841138
center:0.07777692460649543
elias:0.13609442898752241
