at:0.0037648077455317568
out:0.005034944867865213
all:0.008154425902959755
river:0.023337922084816887
case:0.010562440629516051
with:0.002499262293972425
shai:0.027253694443253446
from:0.003617830147137503
sue:0.02367109106545668
post:0.011036657283893934
several:0.012044663983194002
to:0.0023558960001552665
building:0.016241314396746375
arab:0.09546628194095871
politics:0.02091598509462763
remains:0.01973228089234116
proud:0.021605165212559778
puts:0.021101818906335914
been:0.006270258065048886
that:0.008894990395755815
endor.uucp:0.025178874717690623
like:0.00497709001499433
talking:0.013930304189582346
agreed:0.020296368383394322
seat:0.021197856751857532
re:0.0015980363366588485
exactly:0.013745225013982943
so:0.004366711954636411
political:0.015405024690091989
this:0.006730544081684859
racism:0.04769590192717708
on:0.008666817525457948
you:0.0023752093564475296
disclaimer:0.016042972337923875
am:0.006984343404706691
state:0.011357749516840241
sure:0.009324974445124803
a:0.004774373079816736
same:0.008299544233028259
askew:0.11885006230127981
as:0.0034192912829787117
said:0.00936540525069843
rejected:0.022427267317890787
adam:0.03969746471158297
deals:0.023028859428493698
given:0.011913622047783253
question:0.009329000356184208
also:0.00633973133196396
based:0.025819683862397802
jew:0.043281853926576956
are:0.008242453610272121
individuals:0.018235689313567165
shostack:0.025702816265093756
care:0.01352998692852093
it:0.002930388288375829
not:0.01803576948731519
have:0.0087393267204727
points:0.015663061061839456
has:0.01365095479341732
party:0.16325686321240993
minor:0.0557170791952286
which:0.005520907403921017
writes:0.005651815307842414
understood:0.020483950407143146
making:0.013139346969540187
if:0.0028638906827496125
end:0.011556553002459443
of:0.001661885346715715
standing:0.021133592318675735
sit:0.019896216225129396
what:0.007867026521338728
but:0.008529272080133465
coalition:0.02712219162843826
settled:0.024939176142258813
beyond:0.016690445288199175
necessarily:0.016612235184000866
must:0.009903677040510673
they:0.003986836002169846
who:0.005525866983905335
up:0.0114825672679691
one:0.0042021833665624895
in:0.004555889792166422
our:0.00952895479906151
occasions:0.024358827675767098
israel:0.016241314396746375
rather:0.010997793388516511
and:0.003263225764878546
gets:0.014262035651251302
for:0.004171139268103512
subject:0.00011408955936759957
grief:0.025178874717690623
i:0.003263225764878546
acceptable:0.03955696277702605
we:0.005759589340657992
power:0.023092780172397798
fell:0.021396660237476734
actually:0.020891573735906707
joseph:0.06981536117339747
the:0.004509633393096899
sky:0.0199201574881579
do:0.00306973469618161
see:0.01512295522573655
when:0.005588352319845026
can:0.003694726463409032
major:0.02800365788647686
put:0.01063016794678111
wants:0.01504502206236645
an:0.023023029193890685
many:0.007919662511017495
about:0.004209470856076375
is:0.010333562572717843
deal:0.01408681620410474
done:0.011319075006071362
seats:0.02384795096358854
cabinet:0.07890026856932175
nothing:0.010918188040602175
position:0.02942600818130096
article:0.006925922053988043
remote:0.019254539841109895
going:0.009306904632690951
north:0.017154507627824042
