mirror:0.0625254916728657
effective:0.04695308643726214
at:0.010243779214586407
mark:0.06985172009981838
uiuc.edu:0.06665379695753165
posting:0.038362657639026056
all:0.0110938119842592
anyway:0.035447835135401555
take:0.04943602628687682
ever:0.0307374657770914
your:0.043951124029578924
from:0.009843863423606693
cunixb.cc.columbia.edu:0.061502598964191774
my:0.011049003038724433
to:0.0016025571628963148
look:0.05514344940176536
most:0.021588319348453927
that:0.008067549428708763
re:0.004348145381141518
getting:0.031537227584007975
a:0.004871526020394402
quotes:0.1695172249120708
across:0.04487400141667258
are:0.007475713739549134
freeman:0.06239259986096309
fraud:0.07099338121206586
it:0.003986691043488046
should:0.01910246677015674
have:0.0059447745714843354
buy:0.03496326889818565
real:0.029739463418584272
ira:0.06472598004075555
nazi:0.058593946020788094
davidsson:0.07019113852035713
writes:0.01537819513994331
whatever:0.03842977417155073
of:0.006782811124386232
seen:0.03014494058863201
find:0.024609845786899887
up:0.015621632213399822
in:0.006198129135854319
context:0.04828768544415084
point:0.025599255363489077
and:0.0022197524098301735
for:0.003783126312931093
subject:0.0003104297313025383
i:0.0022197524098301735
kaufman:0.06993556983758067
news.cso.uiuc.edu:0.05332098872666571
research:0.03589920326205555
source:0.036270557694184004
ways:0.04149230675905924
the:0.0043822849417968195
responsibility:0.05043917286731011
peter:0.04281271024216229
propaganda:0.059080540322363685
is:0.006248200625364277
recent:0.044163896377732804
center:0.037984079458986145
man:0.03369824812552557
notice:0.04695308643726214
article:0.009422475352518616
elias:0.13292944226688236
clue:0.0589815788145973
north:0.04667621842919565
