another:0.008870021321554315
muslims:0.052965057282799106
out:0.004712708396321839
apologize:0.021463054352171305
say:0.022770539691210522
region:0.019198701142407147
know:0.004935500502633207
true:0.020666246337262772
case:0.009886444429227023
where:0.007389827192935047
serbs:0.0215087691354658
your:0.00503972888872505
with:0.009357238028632758
way:0.006929491278186173
destruction:0.02060701008116756
meaning:0.015783786139537168
such:0.015384137627742388
from:0.0033862890177207023
palestine:0.021463054352171305
themselves:0.01294580086529127
to:0.00716663563247232
politics:0.01957736204857146
us:0.008239505544739983
bigotry:0.04654198969428707
that:0.0069380925086895365
think:0.005758992110114221
european:0.01772581740266397
like:0.004658556254034693
nt:0.002856314206889754
could:0.01810930986391269
re:0.0014957620111126823
cleansing:0.023062251834461252
had:0.006137633942728541
this:0.006299789260457028
he:0.006360532830080941
amount:0.014873668046507313
on:0.00405607060191432
you:0.0177855676610791
used:0.007897854033347463
went:0.013049845060944336
dare:0.020123664188594462
them:0.011726873372257928
support:0.010955825238134024
europe:0.016452002478189832
vs:0.013666447780253369
a:0.0027930082516927903
said:0.008766019314653728
muslim:0.03389838668980028
plans:0.018622858386721113
are:0.005143291052809805
no:0.00900596588946008
helping:0.020718645233635865
taking:0.027255600273212843
lobby:0.023416465423827033
religious:0.029371198440880944
reason:0.010688847696034112
action:0.014727572323303828
it:0.0068571085947994395
not:0.012058200171519299
should:0.006571248568933918
statement:0.013892797678771223
bosnians:0.021997179922669398
have:0.0020450024525906114
fresh:0.02210244915593889
calling:0.016452002478189832
peace:0.015406543421652204
allowed:0.015327332912467484
after:0.007716854750659806
doing:0.01072281162066126
war:0.028294600924584138
heard:0.021621178875359
be:0.0046276900570997705
writes:0.005290099128140499
were:0.006205213189889197
if:0.010722406716214548
of:0.005444336395840682
even:0.006716637791064102
chapter:0.019751302496330416
ethnic:0.020681086272236505
what:0.0147270736479461
but:0.002661132889001641
they:0.003731678498030975
up:0.010747682962819078
now:0.006607657591512977
in:0.004975031653045733
point:0.008806143845040243
israel:0.015201870275354606
bringing:0.02119922248100412
rape:0.020462850335234768
world:0.010085002754930707
and:0.005345163802871058
word:0.012275506064653675
for:0.002602790903296592
subject:0.00010678782756807318
i:0.0015271896579631594
we:0.00539097562285588
back:0.00842542688027015
power:0.010807421120682168
body:0.014198724494698207
nazis:0.06297576662863733
actually:0.00977725650840434
joseph:0.01633679451457501
the:0.003316513243951833
do:0.011493086702503947
strong:0.01444260954388204
would:0.007461197168835009
did:0.006575644173771862
regards:0.016517470388046653
senate:0.020794838013518644
mohammed:0.025151009364126477
neighbor:0.020255907637638015
moral:0.0160566191396433
come:0.019209549395755268
last:0.008720650208237991
continuing:0.021032531695401844
mr:0.013507822713133655
mutual:0.020570480146914465
just:0.009395108507727087
collaboration:0.02482205697117859
long:0.00952124498043434
is:0.0042987620302506226
yugoslavia:0.023062251834461252
yesterday:0.017585452123418895
right:0.007759494375161199
lack:0.031036168471220694
time:0.006318039879614855
carry:0.015569831399733225
does:0.009747910514700201
sides:0.03643866697461198
their:0.0060547344743268556
goes:0.012892108783962707
first:0.0075102193175641645
article:0.0032413315212664042
very:0.00697296996713379
intense:0.023805120417641625
jewish:0.015298028752099194
earth:0.014082140650374995
before:0.008504777068890577
hatred:0.020872510356947045
