muslims:0.08327839195408664
at:0.005540660455688246
know:0.007760220916089949
serbs:0.06763763879077295
way:0.010895426538028575
meaning:0.024817273804303725
previous:0.021844021507501924
from:0.010648707602895291
wrote:0.01619858474649598
to:0.0008667919245854282
childhood:0.03825094520017277
speak:0.022549891915964744
that:0.004363580194144363
me:0.006815023147198395
re:0.002351827061497928
so:0.006426481744559246
islam:0.05891880633089942
this:0.00990532902587583
two:0.011728235425492525
these:0.010419094170433602
on:0.003188734749932641
western:0.0257265897087761
europe:0.025867928424826783
vs:0.021488125440649954
a:0.005269826889986396
wondering:0.022634801898473566
was:0.00556893795032318
question:0.027458944444617668
definitely:0.02676636317057097
also:0.009330170639494128
muslim:0.05329935014119542
are:0.008086935617625478
no:0.007080161862783081
it:0.004312646914968201
not:0.007583773692779433
bosnians:0.03458676088470031
have:0.003215412661305993
between:0.014609219157524564
after:0.012133419419276424
war:0.02224418311681143
has:0.006696694804317931
jan:0.033399376788476584
believer:0.03681834186136326
knew:0.024415692219482765
be:0.003638121114072147
which:0.008125109009544138
were:0.019513249024808794
of:0.003668690293693182
kept:0.025118085676567134
ethnic:0.032517431245654885
what:0.0057889440440039705
but:0.004184171209122078
parts:0.022947767367398498
ok:0.020527353399439823
please:0.012046637464812923
they:0.023469676088245125
who:0.016264816028098723
bosnian:0.1061055225914137
in:0.006704894411112848
context:0.0261178675987231
yes:0.01677261553776031
or:0.0042409525641703485
world:0.0475707677119373
use:0.010457732878914138
and:0.0012006208002855027
word:0.019301110164549804
subject:0.00016790538925797672
i:0.0024012416005710054
6:0.018480186368296823
group:0.03392598660134145
eng.umd.edu:0.03681834186136326
actually:0.015373044824535125
croats:0.0806177760759231
flames:0.028128694178574654
the:0.0056887019621815315
do:0.013553168281254654
when:0.008224367565054944
dictionary:0.03100909130053447
intended:0.025588357591047956
wars:0.030309559004243754
regime:0.03584884073037422
an:0.005647158104161867
just:0.014772183188250139
introduced:0.032576486216408594
during:0.01841741830064447
many:0.03496605712411497
religion:0.022336674609828383
different:0.01589444589944181
press:0.022561951954513625
changed:0.023769277948637892
language:0.05129445660045521
is:0.00844882474498943
belong:0.03087186458736064
first:0.011808520939566297
under:0.015266185076136097
article:0.005096433209538371
killed:0.045946981090162084
by:0.006229153929667712
especially:0.019655947845895232
s:0.0039021149739372225
