taken:0.02033877345530037
above:0.016806518704497193
cia:0.03444704028073899
week:0.021282955582750514
know:0.0076165131213475415
all:0.005889307596582044
principles:0.03115623368471785
paragraph:0.030619126419349763
media:0.024391704880834947
knowledge:0.02281957496822306
islamic:0.02830620389193365
wonder:0.022780047579116842
with:0.010830136607213839
such:0.01187047656461604
to:0.005104441333669743
most:0.011460465826957023
cuts:0.033336105839695776
measure:0.028502183511159452
that:0.006424159730268089
wednesday:0.032332902571190994
control:0.018824902900870515
movement:0.02905741953994303
communication:0.029707793093386406
agreed:0.029316976553791792
phone:0.018131772384009683
authorities:0.05747795798370713
this:0.0032406323356260433
egypt:0.1364348713329561
clarinet.com:0.03726196242438712
restrict:0.03402695717428828
restrictions:0.03203172871829327
western:0.025250171380835802
etc:0.014335333255915033
state:0.03281127638198291
iran:0.034992056374230834
independent:0.025634203383931926
a:0.0025861187515673983
contrary:0.028535460354584614
was:0.00546580946976164
as:0.004938976297635916
said:0.013527807584342173
evidence:0.019862395274772078
muslim:0.05231232513858068
official:0.025038290254039045
experts:0.029912889683684673
foreign:0.027245399836830813
telephone:0.08290971087961446
it:0.002116391541604765
not:0.0037216667196047215
admit:0.02530924206612068
rights:0.02143950259069633
states:0.04262789796858868
between:0.014338678062014849
b:0.018894495966137292
has:0.006572681937571302
anybody:0.03752586598657648
be:0.003570748500848588
asked:0.020816672214434756
writes:0.00408186661121952
if:0.004136730986193884
of:0.002400501056367144
even:0.010365181776333492
ethics:0.035912029085098045
what:0.017045224129567244
happening:0.02802342897816023
represented:0.03548614716233908
lines:0.04361953239869773
ministry:0.033192544962138575
who:0.007981807865641039
called:0.01655712651763416
title:0.02593329217026493
one:0.00606982041836804
in:0.001096788283299324
government:0.016614907028495662
and:0.005891935408808485
subject:0.0001647960301976438
meanwhile:0.03436070545373443
i:0.001178387081761697
linked:0.07250380850578901
any:0.01894976419053347
agency:0.027006421366579637
the:0.005118075993752829
see:0.010922134329698617
when:0.008072064461998369
original:0.019050419835021478
denied:0.03291506725928508
can:0.010673654227626091
hate:0.024851785447887832
radio:0.022144138029430036
reports:0.02440878051967995
reaction:0.02913047174764058
human:0.019789150439731947
measures:0.031311208506514615
is:0.006633892021991701
ignored:0.031688704945732706
new:0.010641972622737942
time:0.009750061542615516
does:0.022564607672917132
contacts:0.03558989480626736
first:0.011589844625870623
israeli:0.025781936508695064
article:0.005002054816769142
iranian:0.04064817200308364
upi:0.07629060193075786
comes:0.01866775516818217
despite:0.026317102324288952
contradiction:0.034897812719102514
by:0.024455196909065828
s:0.0038298535855309773
news:0.01894368219853962
