some:0.011335309467314116
reference:0.018114723606885215
muslims:0.04285198809287953
join:0.022260218594627432
apologize:0.05209479211692064
say:0.009211383370230792
there:0.004455237794063822
perspective:0.047449255775920116
true:0.02508039604036744
case:0.011998112171392017
actions:0.01919525458343763
where:0.00896823688462991
serbs:0.026102875164400238
your:0.006116175835831371
with:0.008516903545478845
way:0.008409576793915258
4:0.012059560699896499
such:0.018670069936580568
from:0.00410957405063192
palestine:0.02604739605846032
themselves:0.01571092338020785
my:0.004612690588982045
to:0.004014172310944168
politics:0.023758934524965362
that:0.00505200910826908
think:0.006989068094798811
nt:0.0034664007365166915
could:0.014651545197340361
assertion:0.02462337756337557
re:0.0018152451591173326
this:0.005096916877392417
he:0.007719093240389491
student:0.019529211029945006
sincerely:0.026449763339070842
on:0.002461207889511116
you:0.021584426773154246
used:0.009584774312314881
dare:0.02442192255897386
am:0.007933671634472648
them:0.01423164244206059
europe:0.01996602242498766
vs:0.01658549487894826
a:0.0020337438725918375
other:0.006695669843844227
was:0.004298355019909638
said:0.010638372954676855
local:0.014836812873378407
muslim:0.04113881879830131
hands:0.019443543472597535
whole:0.014523861529258688
readily:0.0269545677736536
are:0.0031209290368991527
no:0.016394355381298686
helping:0.025143986934024105
taking:0.0165385923987942
lobby:0.028418040562896884
it:0.006657386985242174
not:0.005853495228892862
should:0.007974816224434366
statement:0.016860191357732066
bosnians:0.02669560670226868
admit:0.01990338453743471
have:0.002481799092949771
made:0.011289221125815539
area:0.01557508274106479
allowed:0.018601132175324615
heard:0.026239294751649263
be:0.0028080643550362685
writes:0.0032100116068813703
were:0.007530598531418927
making:0.01492527762559419
if:0.013012629509969112
of:0.0037755453507910416
what:0.013404496645582008
extent:0.023758934524965362
they:0.004528736041299726
authority:0.020533846097732827
up:0.013043304566528005
now:0.008019001931447787
author:0.019631105573109254
in:0.007762705422574827
star:0.022285567837254383
our:0.010824152538739773
point:0.01068706777310709
israel:0.01844887169339151
or:0.003273356590791676
and:0.005560156521710532
for:0.0015793634121945338
subject:0.00012959687811659365
however:0.01163640244755783
i:0.0037067710144736876
we:0.006542446144242572
power:0.01311580233092496
body:0.017231461765410443
any:0.009934827828046671
nazis:0.07642690124834627
croats:0.031112199990465467
will:0.00550148225681206
the:0.002927196155297293
wrong:0.012832145906941069
do:0.02092188113319893
putting:0.019514827704068028
strong:0.017527438766847134
would:0.009054850933052194
did:0.007980150696325074
page:0.020411387054307215
maybe:0.012853947001661765
mohammed:0.030523069616658342
neighbor:0.02458241218159953
conflict:0.022937410631574163
put:0.012075045143430966
may:0.0090341045021351
come:0.023312559946304934
last:0.010583313359512124
newspaper:0.023934201537791168
is:0.005216944211469202
time:0.007667524125746182
carry:0.01889542645598692
sides:0.02211084161080824
their:0.007347978730979194
history:0.016121396137625633
very:0.00846234219312353
jewish:0.018565568873906788
earth:0.01708997651744538
before:0.01032133139428468
past:0.016036477897589142
