looks:0.012772781620798099
week:0.012865070165692475
all:0.007119909183927546
means:0.010576847837458032
defense:0.014642561747193604
islamic:0.034220933063382475
with:0.0021821917044386094
scholars:0.02077027717725738
concerning:0.01707179941588696
such:0.007175437326372383
from:0.006317703391269967
creation:0.016939535427096857
to:0.004114027343554719
arab:0.033341955185349756
politics:0.018262464597548003
discrimination:0.021209766116273735
respect:0.03050267305174717
thursday:0.03894125066594598
legal:0.014101922365050092
might:0.007936884835367336
that:0.009060941709109469
wednesday:0.01954451573333187
guy:0.012635562488615184
higher:0.013850275794917507
like:0.004345668147420423
its:0.007715763268784217
lost:0.013076516135514365
authorities:0.017372069390598054
had:0.0057254047973214
this:0.00783555878166297
egypt:0.0206179563021818
amount:0.01387469034189115
protecting:0.019619898969591272
founding:0.022693657786669666
on:0.0018918239747734698
used:0.014734802301021385
serious:0.01342161804865474
formation:0.04382692902215605
concerned:0.015022347919991899
united:0.014632544712228423
a:0.001563250887141487
other:0.005146671596387727
same:0.0072466169795843745
was:0.003303959455602185
senior:0.019775394105414287
as:0.005971001195649391
said:0.024531770470113047
also:0.005535437058505845
muslim:0.0316216293748137
21:0.015135085899829571
prevented:0.020021505925532933
official:0.015135085899829571
daily:0.01663658708855203
organization:0.014297885179540564
mind:0.011304685832127378
are:0.007196769197028644
no:0.004200543791725783
those:0.013850116823041493
taking:0.012712500127431362
religious:0.01369925300414223
it:0.0063965565249994765
not:0.004499328422208693
authors:0.019188880734062
reported:0.015408088048550983
statement:0.025919398654423925
have:0.0038153030831914393
only:0.004975881486079427
ben:0.04185816341734159
warned:0.021268528642274256
rights:0.05183879730884785
kind:0.010281816033444253
session:0.017982163737592375
minimal:0.01929205808977286
against:0.0096391074334248
attack:0.014733946150209634
b:0.011421299800426275
his:0.006882197916064391
highest:0.01760871799670811
be:0.004316875053264712
which:0.0048204937780504395
if:0.002500561267773915
of:0.0116083931681038
courts:0.0420776700233587
duty:0.01877207480279334
but:0.002482400083023919
separate:0.01575634155523837
consequences:0.01929205808977286
well:0.00627935787370651
groups:0.013730543277934298
who:0.004824824157588986
authority:0.01578347871691404
one:0.0073381411028031526
saudi:0.13668874890084323
in:0.0033149198114643744
heart:0.014817099302409018
ended:0.01853695178850702
or:0.0025160875287428557
and:0.0064107774821214715
for:0.0036419648833441115
subject:9.961551079111305e-05
al:0.028432941647180833
blind:0.019155112691077232
i:0.0021369258273738236
group:0.03019159628514901
elaborate:0.02077027717725738
council:0.056592634250809556
necessary:0.013450655886125092
will:0.004228751286952554
eyes:0.016125520465144726
the:0.00618752470886536
can:0.0032259925090959455
law:0.011219556437477485
because:0.006584784697367589
iraq:0.02151329462169893
operating:0.017149538546121442
did:0.0061339964307573335
countries:0.015729400331456703
last:0.008134934895744395
an:0.0033503661886631966
human:0.03588629520040943
kingdom:0.03701715283533329
religion:0.02650396464897547
newspaper:0.018397184764123064
bulletin:0.020424076679306014
is:0.004010039207323342
capital:0.019055604306442302
netters:0.018424722477920163
tuesday:0.018741861331776105
today:0.010593754723128183
gave:0.013850275794917507
keep:0.00988587531390269
issued:0.01969683660840745
under:0.009057176966812087
him:0.017884442562412745
legitimate:0.01707179941588696
committee:0.053873087475320124
widespread:0.020021505925532933
arabia:0.09009608825001064
upi:0.02305798043429622
aware:0.015286929895451043
by:0.007391309513560941
god:0.00989991877528069
s:0.006945182248388264
