name:0.13811162529151255
my:0.04751071306651507
located:0.24436366724598862
to:0.006890995800454155
re:0.03739405027781705
error:0.18827290795859994
am:0.08171681783506829
want:0.09462989838560909
subscribe:0.26139899428398866
david:0.2496445239344494
in:0.008883985094724524
israel:0.1900233784419326
and:0.009544935362269746
subject:0.001334847844600915
i:0.019089870724539493
is:0.013433631344533195
condition:0.18990475442425106
