since:0.011980967804812464
muslims:0.026429669302793966
choice:0.02258899805100924
form:0.020439406733424526
know:0.014776947612674275
all:0.0057129810218340795
serbs:0.032198756190817066
c:0.030971229885376768
into:0.010723376664565189
violent:0.028897129135964726
both:0.013447329834181065
ground:0.02321529139758887
to:0.004951613748829332
stop:0.01990391086575232
arab:0.02675342511878364
ha:0.033852968026913816
most:0.03335201432276116
wake:0.032701040526030845
us:0.012334589138832312
bunch:0.024288640845235483
make:0.010539404091914393
that:0.0041545464123889445
think:0.008621245673823684
weapons:0.02394943703886032
nt:0.008551838942783696
asking:0.021469657572684996
re:0.0022391646872944346
transfer.stratus.com:0.0348368186334484
so:0.006118626331646228
national:0.01948607140711086
this:0.006287214830795438
federal:0.02366141431554049
on:0.006071961978913652
you:0.006656275322260143
them:0.008777599829534377
europe:0.02462874622483508
vs:0.020458754162055944
why:0.021314042876095885
a:0.0008362300154768833
how:0.015752850266217058
oil:0.026837175070728192
fine:0.01939614717317701
also:0.008883216357362674
muslim:0.025373043929491232
rich:0.027184404158454835
are:0.019248843760515735
those:0.011113267390943475
it:0.0041060530507781075
not:0.003610239572311167
bosnians:0.03292991006387634
admit:0.02455148032761408
moslem:0.033944390015720936
states:0.02067580679913583
against:0.015468747258430221
real:0.015314933257474536
always:0.015909916754483278
west:0.12209309280647272
doing:0.016052113204582726
danger:0.02935004778390257
troops:0.02801385885387736
be:0.003463839863098631
writes:0.003959655036033308
of:0.0034929446508815327
trying:0.016145677982445487
what:0.005511629359261265
europeans:0.034037229456056056
lift:0.03292991006387634
seems:0.014110701134018433
easy:0.019842404576400047
they:0.027931725284662985
who:0.015485663164477225
up:0.008044672876361585
bosnian:0.06734841553706498
over:0.012011621272571006
in:0.001063950310745452
massacre:0.030794131956458783
world:0.015097309513369324
and:0.003429318094228651
for:0.005844590351713904
subject:0.00015986201731747483
i:0.0011431060314095506
we:0.02421096836611922
face:0.021492644257159042
the:0.005867538401112388
do:0.012903914710895149
interest:0.021872964051903507
got:0.013246430069644157
can:0.0051770418708845115
put:0.014894965865549578
just:0.007032266847101114
army:0.026725766760362715
about:0.017694901442907873
is:0.0048264543752813876
billion:0.028550458606510214
save:0.021691678038450863
night:0.020046915249006137
heavy:0.026837175070728192
suffering:0.02815231644322379
sides:0.027274451328302383
life:0.016708858402926408
their:0.01812794752792472
1:0.011727687975597059
too:0.011691723759667644
article:0.004852292696506593
earth:0.02108104887780688
commit:0.031246272989441687
wide:0.02575950213989585
especially:0.0187143455538763
blame:0.026809128068857373
