tv:0.030188534312762253
muslims:0.0527540411183258
believe:0.008656063268248368
there:0.01096946994713722
all:0.015204268217470776
nick:0.05946891576173845
story:0.014322938358615952
serbs:0.021423076828153184
your:0.005019650287574751
with:0.0023299895489623398
much:0.006960943703426021
to:0.0016472499921404353
amongst:0.0221220755433173
civil:0.03325274485689652
that:0.008292540847039287
really:0.015548970065266341
nt:0.0028449344690136993
serbian:0.02396198807184039
re:0.00148980279991303
started:0.013064720621469742
political:0.01436165648399014
cleansing:0.04594074070609811
islam:0.05598460282836459
this:0.00418312699897545
on:0.004039910958081991
you:0.013286031619331996
them:0.005840076380606537
europe:0.0163864566515835
vs:0.013611999781128854
landed:0.022232751097528754
a:0.006120137603310895
christian:0.012772280363492334
was:0.007055467203995104
genocide:0.035900895002547534
peoples:0.021757266007359166
given:0.011106723343351717
question:0.008697155710546233
therefore:0.013676994105796278
also:0.005910347138165603
pens:0.020011230425960144
muslim:0.050645000034562175
whole:0.02383996394444056
course:0.009745624700796889
setup:0.017584680372775267
are:0.010245599706792438
no:0.0044850427736354975
religious:0.014627090857012422
yeah:0.01575387427963407
race:0.017413664258364773
recognized:0.01991598930702168
it:0.012293620986692223
not:0.014412191440062906
bosnians:0.02190954175564681
being:0.007752206892132065
try:0.009706731762324273
ve:0.0072714490001093
malcolm:0.022232751097528754
war:0.08454562029258209
negotiating:0.023876305979326592
yourself:0.013969221798305148
be:0.002304626522460045
which:0.005146981404452262
guns:0.01607552953203422
writes:0.0026345115179982562
were:0.00618049122498924
of:0.008521300562641934
ethnic:0.061796074518634975
but:0.0026505307659378894
never:0.008780634385903827
fact:0.009554849118043184
who:0.005151605076628878
now:0.006581332262463125
over:0.00799179582677035
difficult:0.02969887073337051
in:0.005663098068350294
point:0.008771059606613788
or:0.0026864998314863955
apollo:0.022584514472611138
and:0.0038027630925377477
davidian:0.020750483722276482
for:0.0025924212184229
subject:0.00010636237805584979
leaders:0.017619782483062736
outside:0.01436165648399014
i:0.001521105237015099
example:0.011200634038876113
cameras:0.022646284140085102
classical:0.023792427855032435
exist:0.014488145321896833
the:0.0033033000437767265
do:0.005723648756227065
interest:0.014552928273577233
see:0.007049345662992733
when:0.005209858338022852
can:0.0034444860256482605
nobody:0.015969281535690945
did:0.01309889277643797
agreements:0.023792427855032435
instead:0.024444098100276028
forget:0.015295670659021888
fight:0.03394106847601063
simple:0.013144177517753947
an:0.0071545668411293764
makes:0.011127401921322605
people:0.005997104143717599
religion:0.028299053888149104
bosnia:0.02038132503509439
moon:0.018311061077133654
is:0.007492862104520507
chose:0.019979229741907297
done:0.01055244442797091
white:0.013541709744305148
right:0.015457160109882864
time:0.006292868405990891
man:0.011546013301972904
their:0.006030612026221968
followers:0.019122212293234207
nation:0.01785580970841278
x:0.012132111512135866
guess:0.011936881525640054
too:0.007778955648862536
terms:0.04600564512208522
article:0.0032284178498669363
attacked:0.020043490227683727
give:0.009415283949625524
realize:0.015591678323231627
black:0.014061961578661106
nations:0.01884905423969916
beliefs:0.017347261658822097
s:0.014831146155920757
