muslims:0.15219844046781353
at:0.00759452596943475
region:0.04137651108277402
nick:0.042892809931598705
among:0.029694012655050218
serbs:0.04635510589540043
own:0.019538712375413752
divided:0.2948258108342845
from:0.014596073352244407
themselves:0.0837012986980039
to:0.0035643081726487004
that:0.011962228463257821
divide:0.10369756906951617
serbian:0.05184878453475809
re:0.0032236250239497458
them:0.012636716995967594
europe:0.0354569018926505
vs:0.029453551250546054
muslim:0.03652843393297444
are:0.011084678993124578
it:0.011822601025516275
bosnians:0.047407715350580595
left:0.05042077902587175
decided:0.032169250543261675
writes:0.005700537853599676
were:0.06686652144277151
if:0.011554317582127747
of:0.0033524238890644594
province:0.05372571111962766
least:0.020755710195745538
they:0.016084821112202476
now:0.04272192408305804
one:0.01695363634095901
in:0.013785494112503571
and:0.006582714042944653
for:0.002804731576828224
subject:0.000230146180103606
until:0.04933044354076972
croats:0.22100390338054782
the:0.0032489353878838493
because:0.03042624653266403
country:0.05811645013827814
countries:0.03634033869681376
belongs:0.047296479101995186
is:0.009264573341057375
yugoslavia:0.2982187737214817
right:0.01672304822233017
does:0.010504213916702804
their:0.013048996711911327
various:0.030729129123751624
shoulder:0.04763458869814415
article:0.006985628278591388
give:0.020372726477206955
burden:0.046760860299348575
nations:0.04078545357038353
