practices:0.10422248885972525
k:0.07731961339289108
all:0.019470772054005943
from:0.017276984784289295
bigotry:0.11872956554665068
that:0.007079686233356669
re:0.0076314388322075615
so:0.020853277497651427
them:0.02991549329657634
support:0.05589706754150012
why:0.03632086898273482
genocide:0.09195025148611663
also:0.030275451666929926
muslim:0.08647547624949051
no:0.022974402779234893
internet:0.05829661108397155
not:0.02460857177861081
bosnians:0.11223050980953772
similarly:0.10107655661835263
nazi:0.10283835424056685
his:0.07528281802062271
of:0.007936350431254638
killing:0.08259270717868696
again:0.04983406404302077
they:0.019039176010362115
who:0.02638883416803772
supporters:0.1023425850044639
condemning:0.12230515920022396
in:0.003626116365193683
or:0.013761458320471128
and:0.0077917839691997925
for:0.006639772712491305
meanwhile:0.11360069966336689
condemn:0.22553519546876416
the:0.006153085795829003
just:0.02396711354012012
matter:0.06165108187552127
cunyvm.bitnet:0.12412041401688714
remain:0.0916580054907136
while:0.044292704201602494
hatred:0.10649239978034207
