advocate:0.0279027183988575
read:0.011391975185416693
studies:0.021201421589616555
at:0.004426959861580056
case:0.0124201563181244
thanks:0.010017018316161624
own:0.011389400178633142
cambridge:0.02348048445971297
turkey:0.024594675940416404
suits:0.029905930172916616
such:0.0289902090975045
wrote:0.01294258781252694
both:0.03385483541168198
my:0.004774946036835685
to:0.0020776871760163278
obviously:0.018501975280532445
regional:0.027380157024364794
make:0.008844625544470873
me:0.01633550774479213
re:0.0018790980039104048
this:0.007914308116152045
mean:0.013283527923768143
on:0.005095566082806934
am:0.01642549102212428
state:0.026710687305935843
dd:0.3525176356629868
a:0.003508804336297475
nor:0.017359492447112577
as:0.020103370859724082
given:0.014008982709453674
question:0.010969779313302033
also:0.007454759455676213
international:0.019926455380610022
logic:0.02086804496581393
are:0.003230710460307666
taking:0.017120351930410078
lie:0.022914053637100727
learned:0.02281304268573848
it:0.003445783213467055
not:0.015148492677788063
have:0.005138197117061837
being:0.01955581839120752
azeri:0.030333858858043787
p.o:0.02314903738538233
postings:0.02314903738538233
punishment:0.023835346606516757
has:0.010701250993834684
of:0.00781670695741663
forgotten:0.026685934217928527
karabakh:0.03145518323650715
but:0.0033431317701025642
armenians:0.023866081415649602
armenian:0.023654783746084276
dbd:0.08797639021038033
david:0.037634852854439606
box:0.015922306586465363
one:0.0049412608430935805
president:0.018921900297346726
in:0.0053571769415424264
government:0.013525703209127124
context:0.02086804496581393
or:0.00677699957490538
and:0.001918579972315527
usenet:0.020523611199214833
davidian:0.07851816202449342
for:0.0016349189091058995
subject:0.00013415556227144873
however:0.012045723136667906
i:0.0057557399169465805
license:0.023509117731645823
group:0.013553346406063543
we:0.006772582440773719
armenia:0.02333971543344325
paid:0.04156774007811213
any:0.005142147066777926
will:0.005695001733182333
the:0.00265139249744893
azerbaijan:0.05681854935170459
when:0.006571228355998673
would:0.004686681638715458
because:0.008867951250726201
refer:0.02252164943121411
mr:0.016969626524037256
an:0.0045120509475464156
here:0.00904724073177586
ltd:0.027079161338027763
many:0.009312567977779363
turkish:0.04458219729709462
definition:0.02047627842576513
ma:0.020156873996168424
lesson:0.027834348288024436
anatolia:0.029234918149677807
issue:0.03147095484889299
time:0.007937236029666903
center:0.016415230318958838
events:0.0204449691305358
does:0.012246118737060555
sides:0.09155443963470347
their:0.007606450344631728
goes:0.016196116562767218
leaves:0.02504164823195659
under:0.012197605161334871
late:0.019367532591111403
agents:0.06866582972602761
position:0.017300718377950813
urartu.sdpa.org:0.11693967259871123
article:0.004072024524204025
give:0.011875559152542747
side:0.016182734063171826
understand:0.015056066647917856
by:0.029862376125140686
