cs.ulowell.edu:0.11137887048207291
all:0.017667922789746132
principles:0.09346870105415354
media:0.07317511464250484
wonder:0.06834014273735053
with:0.010830136607213839
to:0.005104441333669743
cuts:0.10000831751908734
re:0.006924824125521676
phone:0.054395317152029055
egypt:0.20465230699943415
clarinet.com:0.11178588727316136
western:0.0757505141425074
you:0.010292573877939293
knowing:0.07951896884492246
independent:0.07690261015179578
why:0.06591565111681505
muslim:0.07846848770787102
are:0.02381153265189724
those:0.03436880841273259
it:0.01269834924962859
not:0.02233000031762833
rights:0.064318507772089
states:0.06394184695288302
west:0.0755168388840035
b:0.05668348789841188
be:0.021424491005091528
writes:0.024491199667317123
ethics:0.10773608725529413
lines:0.0654292985980466
must:0.04291593384221291
who:0.023945423596923116
in:0.0032903648498979715
subject:0.0004943880905929314
i:0.003535161245285091
we:0.024958220476184626
the:0.001395838907387135
when:0.024216193385995108
can:0.016010481341439134
human:0.059367451319195845
here:0.03334075751154437
is:0.004975419016493776
ignored:0.09506611483719811
article:0.015006164450307426
comes:0.05600326550454651
by:0.018341397681799373
