believe:0.02821651792636806
british:0.057903965451064215
ncsu.edu:0.07676980220515205
hernlem:0.16484656730011826
own:0.029434943318805133
occupied:0.1317510591702693
often:0.040354810237385796
to:0.0035797380781580025
lies:0.05857638453578784
territory:0.20407520324154316
then:0.020725718828257186
enough:0.03158634450568047
that:0.009010509751544852
suppose:0.05005375306014506
re:0.004856370165950267
brad:0.06208448531810476
mean:0.034330156582205985
you:0.0072181686936197646
why:0.023113280261740345
chess.ncsu.edu:0.08129326576707693
same:0.02522199156530666
jack:0.05551631037350566
jake:0.14120470533134494
reason:0.034704050961149716
missed:0.05644067762633547
it:0.013358003756102804
not:0.007830000111376167
call:0.034505923350632565
writes:0.017175646519936687
affairs:0.06939338613234765
if:0.008703252204719602
but:0.008640041847407926
they:0.012115839279321347
bony1.bony.com:0.14846664980456992
called:0.034834473972165374
in:0.011537642980161718
israel:0.04935672167322924
repeat:0.06105762137686199
and:0.007437611970599802
for:0.004225309907949013
subject:0.0003467137258703675
jews:0.04798223515069333
i:0.004958407980399869
dispute:0.0689675442775036
the:0.002936700038918388
when:0.01698278497199657
start:0.03659171542704562
propaganda:0.06598605802238022
refer:0.05820530177677413
people:0.019549001819131395
is:0.003489254894683947
their:0.019658228812749534
livni:0.07444450049802237
article:0.021047607280950675
s:0.008057614037091147
news:0.03985553917095349
