positions:0.04439590914289518
argic:0.08929113137799007
azerbaijani:0.05768580129386807
out:0.01080896421174734
there:0.008419990693368325
1919:0.045233445108119094
defense:0.036001894938054
work:0.01857864645862664
longer:0.031139550535542897
single:0.02982960248176491
to:0.0012644028991659
then:0.014641104126383517
might:0.019514542530994917
been:0.01346092098368293
that:0.003182611242518136
civilians:0.04608090676069721
roads:0.04197469948126335
sahak:0.04630559501765406
fighters:0.0551785229911187
had:0.014077142070478305
93:0.03358729812664589
apr:0.03419457134897247
soviet:0.04061467890198728
children:0.03075575108273877
traditional:0.04578963429909556
them:0.013448249280112302
zuma.uucp:0.0455770924708246
a:0.0025623928914612756
melkonian:0.04630559501765406
horrible:0.04726378458983385
sera:0.04550732550398772
as:0.00734049688272494
said:0.04021109777364096
serdar:0.08916502350115041
soul:0.038674121915875194
are:0.011796539111949092
no:0.010327942533784494
soldiers:0.042972890856022974
it:0.006290925316329761
closed:0.037853877991879004
passes:0.04246022610011053
historical:0.04142407553882066
exists:0.03423516571576472
wounded:0.05289507301481939
get:0.012058476837533232
of:0.005351575749515743
trying:0.024736956174939415
ohanus:0.04630559501765406
moscow:0.05405373104531748
armenian:0.08637251312790406
president:0.03454548769882568
rest:0.02996909021534687
in:0.004890267024619004
government:0.024693715033177042
210:0.05423187862198814
proceeded:0.04433454227912639
leaving:0.04246022610011053
5:0.02384287052218058
total:0.03358729812664589
men:0.032216500482819654
and:0.010508185719929997
for:0.0059697039066435595
subject:0.0002449262100185165
we:0.01236462298820156
armenia:0.04261104010325878
ways:0.03273704936953298
the:0.00414909913755442
appressian:0.04630559501765406
serve:0.03841384029083651
mountain:0.041695257210761436
people:0.02761969064354344
turkish:0.04069659294551298
extermination:0.04503327036137928
today:0.02604702996145278
their:0.027774011350123192
turks:0.04241050071048356
wives:0.05558633732663094
escape:0.03987093740575992
killed:0.033511788960255834
upi:0.05669301611368245
assault:0.04368528474804193
by:0.009086563989148312
200:0.03812958757964416
s:0.011384151942312263
