at:0.008082247820682854
hours:0.03592820528945525
displayed:0.048720191829062176
threatened:0.05057217488288718
media:0.0362518916577547
islamic:0.04206977092195644
hernlem:0.11645124478999179
sticks:0.056460742645936667
france:0.09402938589405392
several:0.05171470407463113
to:0.0101152231933272
building:0.03486667494347387
threat:0.08472208676711618
paris:0.21220761071466474
bay:0.04397471922267428
attention:0.03894200406901521
national:0.029854806651261594
brad:0.04385784742655107
had:0.014077142070478305
off:0.04006343941204313
he:0.058353512202577444
blow:0.1341271679709642
set:0.024306555817669002
iran:0.10401308500230085
chess.ncsu.edu:0.05742735288132957
a:0.0012811964457306378
was:0.016246993286263958
as:0.00734049688272494
terrorism:0.04600721711209846
said:0.02010554888682048
neighborhood:0.053878976963017536
police:0.06744190663546223
only:0.012234277415314557
against:0.02369982378126465
after:0.035398416287430304
his:0.016921367353259237
copyright:0.047096974323015586
of:0.005351575749515743
quietly:0.05353914878246387
saying:0.02767481815563706
who:0.023725740811630244
identified:0.05021699587205516
up:0.036975973495937196
in:0.0032601780164126697
and:0.003502728573309999
for:0.0029848519533217798
subject:0.0002449262100185165
gate:0.05623420491574978
threatening:0.05337384139253105
outside:0.06614267481617478
held:0.03729768880090254
body:0.03256588186857387
later:0.029315706687685354
the:0.00414909913755442
arrested:0.1067476827850621
possession:0.053051902678666184
an:0.016475195202967648
here:0.016517439501132075
protest:0.053051902678666184
man:0.05317521722559998
1993:0.02779500736706548
16:0.031990759099313225
wanted:0.027937247610514703
mission:0.08249528205144156
iranian:0.06041287949082157
april:0.031212420751267084
s:0.011384151942312263
