since:0.01439440016837181
go:0.01399591548053329
israelis:0.03568560057506951
at:0.006337877787441951
continue:0.02811659141655716
to:0.010906612058272761
receive:0.03080876814032738
h:0.0254185764337735
palestinian:0.037196198331360626
that:0.004991433459488875
justice:0.030976734787787747
arabs:0.10263677843069026
nt:0.005137255767787328
agreed:0.0341679870626926
re:0.00807065833334181
getting:0.019512241526796304
two:0.013415751314052602
on:0.0036475455053186327
a:0.0010046792272276224
worth:0.025288946897783007
success:0.032243224725263364
are:0.01850104695255325
likely:0.02378711370453042
it:0.0073997574764022725
not:0.0043374820760860786
ones:0.02440740993076875
hunting:0.042115945006883156
have:0.0073561239301820555
only:0.0095937858868294
opportunity:0.03310326178029777
peace:0.11083844188238996
after:0.013879235163057203
doing:0.01928563241126126
has:0.00766024801357231
without:0.01616698190505392
be:0.01664636711186968
which:0.00929418944257207
making:0.022119476193326645
if:0.009642452082926753
of:0.0027977062671329304
trying:0.01939804477027623
seems:0.03390628905584285
they:0.026846607899503418
talks:0.06887560571471546
who:0.009302538663552866
up:0.009665182520520753
chance:0.02586372322311226
one:0.007074179192630378
in:0.0012782712366510107
israel:0.027341493300997496
for:0.007021917904577137
subject:0.0001920644380720741
table:0.03258916851423918
jews:0.02658008709786609
games:0.023955901378480044
any:0.0073617788941640816
favorite:0.03476593603183293
alan:0.06331917542444948
will:0.024459827587840672
the:0.0054226835251011
start:0.04054046169615126
around:0.01703017577808371
can:0.0062198992261706
return:0.026549407969905965
last:0.03136924535337407
rules:0.02963680072351549
stein:0.084500841567898
time:0.011363381078443983
keep:0.05718160972933643
their:0.021779620411247685
change:0.02138136048856466
very:0.012541312890528398
already:0.020904937563290298
written:0.02578071178745403
takes:0.025725898230069575
going:0.04700321620251113
upon:0.024950184048150623
while:0.015613974862435414
especially:0.022484141780556414
giving:0.027290409692727162
s:0.004463570365870636
realistic:0.040564084770719905
share:0.029360064890221988
