some:0.004905617122409051
since:0.008406813543712947
go:0.008174085091571963
israelis:0.02084159025182631
at:0.0037015336657749203
out:0.0049503239457162175
know:0.005184349267471856
tel:0.03416342923780148
actions:0.016614380017597276
fax:0.012851442604552055
continue:0.016421034482779182
way:0.007278877393052703
ca:0.00864096048778286
mentioned:0.014769595036940496
generate:0.019705079025307787
to:0.00810705388288724
receive:0.017993356182796242
arab:0.018772361322843982
politics:0.02056445593337338
clock:0.036051603509238785
h:0.01484530304325427
palestinian:0.021723830117895488
been:0.006164875576560669
that:0.008745494758852357
arabs:0.05994332857926868
like:0.004893441443313753
agreed:0.019955252948379288
re:0.0031423571662031135
this:0.002205808564585794
getting:0.011395804925313807
student:0.016903434757011223
something:0.008364123181359338
two:0.00783524971703072
on:0.004260578363355377
you:0.00934115948586087
orion.oac.uci.edu:0.022641819774233296
society:0.015614416884062385
a:0.0011735328788625168
other:0.005795411713579457
as:0.006723648405185028
adding:0.019853389034051587
worth:0.014769595036940496
california:0.01672045893665099
success:0.018831127045426922
are:0.013506541630277848
likely:0.013892473970292973
it:0.007202845162604454
not:0.005066470660302226
ones:0.014254747816709481
hunting:0.0245971275460368
have:0.006444335459844364
try:0.01023693139640081
only:0.011206186876212491
university:0.009875378578145603
peace:0.06473337572122774
expect:0.014521937324194907
after:0.00810593986413845
doing:0.011263457584728215
has:0.008947684654508832
feel:0.012799481866580578
be:0.009722037935083552
which:0.005428119044191251
writes:0.0027784134076368166
were:0.006518081081816383
making:0.012918517608707577
if:0.005631516132465624
of:0.00571884075193349
trying:0.011329110180959646
offered:0.01944606993660524
presented:0.01918061236676687
department:0.01457174614576864
seen:0.010892709624463667
what:0.011602211382310478
seems:0.019802412515807378
they:0.015679321420298212
talks:0.060338503325706616
who:0.005432995269890118
up:0.005644791472068843
chance:0.015105283731145395
one:0.004131558436032027
tim:0.03426814537593436
in:0.0022396601079137457
israel:0.03193670225914833
substance:0.022641819774233296
and:0.0008020954085940963
for:0.0027340240580846554
subject:0.00011217208778158947
table:0.019033169846551453
jews:0.015523664313459605
example:0.011812433377134052
games:0.013991051645414813
any:0.004299526328944568
favorite:0.020304475245482255
alan:0.03698052682352301
will:0.014285361490377535
flames:0.01879185871593853
the:0.0057006530167239295
see:0.007434393955509143
putting:0.016890985323689135
start:0.023676992335147164
around:0.009946195097284182
would:0.007837391984070387
home:0.012308248117064489
return:0.0155057466714997
an:0.0037726812544610785
rules:0.05192666345254604
newsgroup:0.016151948909976257
irvine:0.045786985276038604
is:0.002257753167148436
discussion:0.014444840102899963
stein:0.049351331840074876
issue:0.013156974821280894
time:0.006636596512200477
keep:0.033395982152847746
their:0.012720030408249696
israeli:0.017549049220204203
tclock:0.02350674437172972
change:0.012487433226514653
changing:0.017993356182796242
article:0.003404760001330256
very:0.0073245482848044
already:0.012209186223938451
written:0.01505680226242063
takes:0.01502478930243559
side:0.01353094150660165
going:0.03660194426974256
by:0.012484480775006296
upon:0.01457174614576864
seem:0.011595430902923268
while:0.009119086159153455
especially:0.01313149456931656
giving:0.015938516585248214
s:0.0026068751296471357
realistic:0.023690789004748178
share:0.017147264788827127
