some:0.007630959968191857
go:0.012715243475778609
out:0.007700503915558561
there:0.005998555461288546
know:0.008064543304956222
continue:0.025543831417656506
way:0.011322698166970872
mentioned:0.02297492561301855
generate:0.030652345150478783
cunixb.cc.columbia.edu:0.03457008830666988
except:0.0210742576405478
to:0.005404702588591493
clock:0.02804013606274128
palestinian:0.03379262462783743
been:0.019179612904855415
that:0.009069401972143185
think:0.009410117826984022
arabs:0.06216345185998234
like:0.007612020022932505
nt:0.0046671800766172455
its:0.013515193176693923
re:0.002444055573713533
this:0.0034312577671334575
egypt:0.03611511299990015
something:0.013010858282114528
on:0.003313783171498627
you:0.018163365666951696
orion.oac.uci.edu:0.03522060853769624
state:0.017370675731638016
a:0.0027382433840125392
as:0.010459008630287822
adding:0.03088304960852469
course:0.01598792026078444
freeman:0.03507035024864592
recognized:0.0326726360526957
it:0.006722655485097489
not:0.011821764874038528
hunting:0.038262198404946136
have:0.0033415072754748552
calling:0.026882356990506263
try:0.01592411550551237
only:0.00871592312594305
45:0.029479618361148128
peace:0.10069636223302095
expect:0.022589680282080967
after:0.012609239788659812
has:0.03479655143420102
feel:0.019910305125792012
sacrifice:0.03611511299990015
asked:0.04408236468939125
writes:0.008643952823758985
making:0.020095471835767344
of:0.003812560501288993
offered:0.060498884247216306
presented:0.029836508126081802
what:0.02406384582997729
years:0.014573695575035251
seems:0.015401876401183517
well:0.01099913666766892
talks:0.09385989406221028
tim:0.02665300195906006
in:0.003483915723421382
economic:0.02997127470910622
israel:0.12419828656335463
substance:0.03522060853769624
and:0.0012477039689241499
for:0.010632315781440327
subject:0.00017448991432691697
jews:0.024147922265381608
i:0.0012477039689241499
alan:0.028762631973851236
flames:0.029231780224793266
the:0.0029558941568198155
see:0.01156461281968089
relations:0.03149816916127292
putting:0.026274866059071988
around:0.01547185904021984
would:0.01219149864188727
peter:0.02406466065899318
newsgroup:0.02512525385996307
is:0.007024120964461801
discussion:0.022469751271177722
stein:0.03838436920894713
issue:0.02046640527754806
else:0.01651341323750364
keep:0.034632870380731
tclock:0.03656604680046846
article:0.010592586670805242
going:0.028468178876466438
by:0.01294686895185838
while:0.014185245136460932
security:0.024260613810705177
