another:0.07646570104788203
region:0.16550604433109609
name:0.09524939675276728
that:0.011962228463257821
like:0.040159967707195626
re:0.012894500095798983
this:0.018102842702462724
names:0.1412723176545131
are:0.022169357986249156
proper:0.14160441741523588
missed:0.14985973024923555
minor:0.14985973024923555
writes:0.022802151414398703
michigan:0.1776466386307548
in:0.006126886272223809
or:0.023252119231140872
and:0.006582714042944653
for:0.011218926307312896
subject:0.000920584720414424
i:0.006582714042944653
actually:0.08428669403796843
jim:0.23354005151371512
just:0.04049615736089262
is:0.009264573341057375
article:0.02794251311436555
lake:0.18349351122317215
asia:0.20815303147416253
news:0.10582332814356615
