report:0.018606510899386055
believe:0.021300704709120984
at:0.004318455943404073
british:0.021855908528097767
search:0.020917408330268217
ncsu.edu:0.028976837106846603
hernlem:0.0622214984417113
own:0.011110248213470566
with:0.002866800866615428
occupied:0.04972956645152322
times:0.01377684383084817
often:0.015231962687640717
both:0.011008353344648225
to:0.006755878235739366
lies:0.06632914131258329
hardly:0.02140508260092903
territory:0.07702838553724914
then:0.007822942891057859
published:0.020098515758389952
enough:0.011922296700673511
mail:0.015021154435469882
relevant:0.04407836148827024
that:0.005101538609330541
quite:0.013020585206418635
like:0.005709015017199379
nt:0.0035003850574629337
suppose:0.018892838164858674
re:0.0018330416802851497
brad:0.023433849850461107
this:0.002573443325350093
mean:0.012957951258969905
he:0.03117908250039677
you:0.002724504850042754
used:0.01935748537585162
them:0.0071855841741776515
names:0.020082829470494504
posted:0.016732259433734784
why:0.00872413029487258
chess.ncsu.edu:0.030684222863063347
a:0.0013691216920062696
same:0.009520065443767708
was:0.004340495755398949
jack:0.020954685778234977
promises:0.027355002575880968
jake:0.053297854463301764
course:0.011990940195588329
are:0.006303052760796329
proper:0.02013003973059726
reason:0.013099078058865333
missed:0.021303589104057996
it:0.005041991613823117
not:0.002955441218509632
have:0.0025061304566061414
being:0.009538254558456609
atlas:0.030419187464679646
towards:0.02044008399681147
has:0.005219482715130152
willing:0.017528920852841523
call:0.013024294598032879
minor:0.021303589104057996
his:0.018082637661816243
without:0.011015737670600465
be:0.008506783193198107
found:0.013110394633612733
g:0.0173284409853505
writes:0.009724446926728858
affairs:0.026192601628386117
if:0.0065701021545432284
of:0.0047657006266112415
even:0.00823117376355895
what:0.004511971093120741
but:0.0032611922659333834
they:0.004573135414253645
who:0.006338494481538472
bony1.bony.com:0.056038882524273935
net:0.016250698455384717
called:0.013148306352238891
michigan:0.025253688824960242
in:0.0095807682394088
government:0.013194190875570085
israel:0.037259485969006384
or:0.0033054483220739477
repeat:0.02304625904910967
and:0.006550445836851787
for:0.004784542101648147
subject:0.00013086743574518774
jews:0.018110941699036206
i:0.0037431119067724496
dispute:0.02603186720278322
hostile:0.027941008216321082
actually:0.011981931995593552
yet:0.012892493836696882
the:0.003325380926422293
when:0.0064101688374692935
start:0.01381157886216918
rule:0.019356360628706774
would:0.00914362398141545
home:0.014359622803241904
propaganda:0.04981300458552232
page:0.020611498692094544
refer:0.021969648219664743
mr:0.033107408610621704
engage:0.028431613405325896
an:0.004401461463537925
afterwards:0.027495068127077322
just:0.005756806683656303
people:0.014757579804638406
many:0.009084318762637713
general:0.014453090015135055
is:0.003951068042509763
number:0.02453200831762508
living:0.018058848107985786
ussr:0.05962647340026932
their:0.007420017738145657
exception:0.024390029176791422
1970:0.028019441262136967
livni:0.02809914969778295
almost:0.014813690834630236
words:0.01621499574268321
although:0.015488918905660579
article:0.011916660004655896
lake:0.02608486188956859
asia:0.029590381925248595
s:0.003041354317921658
news:0.015043512334134404
