mark:0.01854088866847031
there:0.011330604760211697
uiuc.edu:0.0353841144342452
50:0.021303600550175498
your:0.007777359396180633
way:0.010693659379916934
compared:0.025449312505639636
both:0.013862370878445912
to:0.0059551815559480345
arab:0.02757914811627696
basic:0.0471562075254321
that:0.004282773153512059
perfect:0.02500053576627709
re:0.0023082747085072255
so:0.018922418470091112
teaches:0.03548614716233908
islam:0.11565543464954331
this:0.0032406323356260433
these:0.010226147982092237
fair:0.026066046523480754
on:0.0031296841064153698
western:0.025250171380835802
standards:0.02615616256929034
bashing:0.037126290160690974
temporary:0.03252092237047932
state:0.016405638190991455
a:0.004310197919278997
hard:0.016692798781330304
was:0.00546580946976164
as:0.004938976297635916
capable:0.02708505732816871
muslim:0.05231232513858068
based:0.018647549456176186
mind:0.01870157903092677
no:0.0069490477542130235
internet:0.017632925574781518
it:0.00423278308320953
trial:0.028949437086563293
treatment:0.026903107833520852
peace:0.0237755299716855
400:0.028338438114039525
murdering:0.03699353580747515
ira:0.03436070545373443
facts:0.02500053576627709
towards:0.025739365033021853
ancient:0.02830620389193365
be:0.003570748500848588
writes:0.00408186661121952
were:0.009575946280693203
if:0.004136730986193884
of:0.008401753697285004
even:0.010365181776333492
what:0.011363482753044829
compassion:0.03740068375680723
years:0.013764045820866625
never:0.013604563153468273
saying:0.01862071098126197
again:0.015073266284617394
fact:0.014804118077955798
eh:0.030761037025675068
double:0.02727253324098537
who:0.007981807865641039
universe:0.027354656485592547
over:0.024764700648387133
in:0.002193576566598648
compare:0.02660315378884884
israel:0.04691935270171174
world:0.031126551712749095
men:0.02167653427547742
and:0.007070322490570182
few:0.014108811733989422
subject:0.0001647960301976438
values:0.02636386648360042
jews:0.06841911308524788
i:0.001178387081761697
example:0.01735406878862904
kaufman:0.037126290160690974
sampling:0.03754259436313253
face:0.02215599747497259
any:0.006316588063511156
the:0.006048635265344252
denied:0.03291506725928508
countries:0.026021477091545654
may:0.011487811897776734
makes:0.017240604211431938
during:0.018076354998780682
people:0.018583619013248363
religion:0.02192303248742415
destroying:0.034623419122986256
entire:0.02302110014005433
is:0.013267784043983401
having:0.01615365057049606
right:0.011974528356730244
christianity:0.02374474267840748
silence:0.033121997457054485
nothing:0.015770716058647584
supposed:0.02252280871244667
removal:0.03518497330944136
selective:0.03558989480626736
before:0.01312465597051015
past:0.0203920644870578
while:0.0133971759622131
check:0.020427849164121537
doubt:0.021481927771484985
