some:0.020129946122988865
since:0.03449692454144278
at:0.0151890519388695
there:0.015823775613399094
know:0.04254741812614834
send:0.050574950359934874
islamic:0.07906215569815951
my:0.01638300450569485
to:0.002376205448432467
that:0.0059811142316289105
me:0.01868256345525077
need:0.06624834453438745
articles:0.07261876932240804
anyone:0.02884335775243778
this:0.009051421351231362
hi:0.054327873448524217
contains:0.07237333629099647
you:0.028748223590106304
books:0.06294375712148553
advance:0.05454312442545948
organization:0.19819827041983817
are:0.011084678993124578
hope:0.04980106099379388
regarding:0.06822407536329099
soon:0.06201713167309432
if:0.023108635164255494
of:0.0033524238890644594
present:0.062491384186712136
please:0.033024402705263016
in:0.0030634431361119046
or:0.011626059615570436
and:0.0032913570214723265
subject:0.000460292360207212
i:0.009874071064416979
information:0.08409728567185396
the:0.0012995741551535397
thank:0.0625947294270606
would:0.016080166312144414
conference:0.1502863265182889
friends:0.06856262664806441
regards:0.07119599305192523
an:0.01548100238899546
address:0.05504864403333812
about:0.016983037591756407
dear:0.08286461724323109
does:0.021008427833405608
hear:0.05713244076308289
