nick:0.199022638082618
been:0.05868961548885757
that:0.013876185017379073
national:0.13016695699950054
baseball:0.29978206720710465
it:0.013714217189598879
reported:0.16517470388046654
bank:0.38093568300292563
west:0.3262327439788951
has:0.08518195791092407
be:0.02313845028549885
were:0.062052131898891964
they:0.03731678498030975
in:0.007107188075779619
and:0.007635948289815797
subject:0.001067878275680732
league:0.15559428272932993
the:0.006030024079912424
steel:0.42570494603775944
