some:0.012972631945926157
islamic:0.05095116700548057
own:0.05036645856773323
with:0.006498081964328304
from:0.009406358382557507
my:0.010557936237003348
to:0.0030626648002018463
that:0.0038544958381608535
really:0.02168217492434362
re:0.004154894475313006
so:0.011353451082054667
expression:0.06095990639812713
this:0.0058331382041268785
posts:0.04470019413520746
something:0.0221184590795947
you:0.006175544326763576
etc:0.025803599860647064
why:0.019774695335044515
how:0.014615144413656937
want:0.02102886630791313
others:0.029959202478537734
are:0.014286919591138345
it:0.0038095047748885774
not:0.0066990000952884985
deleted:0.03903754996664819
have:0.005680562368307254
made:0.025839772799088907
being:0.02162004366583498
rights:0.07718220932650681
completely:0.03996659596710523
west:0.13593030999120628
crowd:0.05949404480876549
evil:0.04640748571565112
free:0.03208341993471928
writes:0.0073473599001951375
if:0.007446115775148992
of:0.0021604509507304297
america:0.043752650605182915
what:0.010227134477740348
but:0.007392035802782336
nec:0.06026955327471595
they:0.020731547211283195
saudi:0.06783811982486294
in:0.007896875639755132
and:0.006363290241513164
subject:0.00029663285435575884
exercise:0.05545633487334906
group:0.02996795483118495
any:0.011369858514320081
the:0.004187516722161405
do:0.01596262042014437
countries:0.04683865876478218
come:0.026679929716326763
human:0.03562047079151751
here:0.020004454506926624
expressed:0.04566399028470319
about:0.010944624225798573
lab:0.04788567681992792
general:0.03276033736763946
is:0.0059705028197925315
strictly:0.05831089502651604
their:0.03363741374626031
notice:0.044866282595606044
nothing:0.028387288905565654
dave:0.038958607459717694
switching:0.058886729113900325
advanced:0.05136382863825231
article:0.009003698670184456
opinions:0.03172900172800047
bad:0.03045112274162649
s:0.006893736453955759
