tv:0.014189741783714092
another:0.008305263409695052
since:0.00749371394533214
believe:0.00813734786640577
there:0.006874748955634063
know:0.004621255152278284
committed:0.03319441461173028
all:0.01429315102091822
small:0.011193804869910154
damn:0.016111748529447963
true:0.009675208959392684
sadly:0.021408112425003525
own:0.00848872897208987
with:0.002190364707076956
destruction:0.019294953259520187
former:0.014947183231260519
into:0.006707130722780473
post:0.009672576046558728
both:0.008410876712764937
my:0.017794274556747217
single:0.012177627979447096
to:0.005677974067789939
remember:0.020843625741732076
remembered:0.022526063693003515
young:0.014060133060202946
us:0.007714892832153543
might:0.015933221991598846
direct:0.014957961133236606
been:0.005495282349143967
she:0.02483252797676766
that:0.009094877820379542
quarter:0.02074545059669237
believed:0.016370148797189357
serbian:0.022526063693003515
mainly:0.01802495311284119
re:0.002801052455267195
so:0.0038270059827150565
ball:0.01669889640349043
had:0.005746848260981779
this:0.0019662263609416444
on:0.001898909457825056
used:0.007394994413246688
am:0.00612110995019238
mosque:0.04628867982315646
a:0.004707317278133916
how:0.004926453173142787
other:0.01549784255990911
nor:0.012938348303278663
was:0.01658166917792857
as:0.005993364496007628
interview:0.02005417240744904
woman:0.016401755046799336
blood:0.015642972713140826
odd:0.018200351238998866
acts:0.06560702018719734
turning:0.017764921253546197
are:0.004815815592518543
those:0.020852984879635505
fighting:0.017078264695816647
it:0.008988719131759564
not:0.0045161798395203364
statement:0.013008237526939349
have:0.003829592607847587
try:0.009125054952596976
peace:0.014425602454730528
against:0.01935041791878537
shame:0.019693381737267642
always:0.009951146434452088
shall:0.014830629266040278
war:0.013246536013382087
love:0.03676648809192639
evil:0.03128594542628165
party:0.01589767207311857
be:0.002166521562312627
asked:0.012630340444713225
which:0.004838548061863362
of:0.004369451361027835
trying:0.010098607577035191
but:0.0024916974616120235
years:0.00835121881266065
seems:0.017651588684502457
together:0.013329461578465283
toward:0.016750795409712995
who:0.019371578640207464
bosnian:0.021062144933876127
accept:0.01337869651933608
beginning:0.015168864397516439
now:0.018560835931216227
chance:0.013464634936376793
bob:0.01379777158812397
in:0.005989203434645746
rifle:0.022445516107906273
or:0.0025255110775396455
repeat:0.017608377700443344
and:0.003574882158153463
for:0.0012185350670864195
subject:9.998860259182883e-05
each:0.019071231440903485
space:0.011451358642371174
i:0.005719811453045541
group:0.010101557808264588
we:0.025238649919737267
married:0.01980982588359735
any:0.0038325365778607017
will:0.021222946533769372
shoot:0.01745811555141928
the:0.0025407404831091674
do:0.00538065856858799
see:0.006626912964086802
would:0.0034930698355969143
hate:0.030157222790695347
planet:0.01771952289949247
club:0.018099120256272572
her:0.012383553576515835
forget:0.0143790761626011
come:0.008993234735840482
sp:0.017674668251377434
an:0.003362914376635718
during:0.010967676066675919
here:0.006743074552896615
people:0.022550908465514868
is:0.0030187935605692573
discussion:0.012875924885731053
done:0.01984017641513632
their:0.0056692270358865695
communist:0.02199553741186858
temple:0.020900451406291078
history:0.03731469218371776
somehow:0.01592551843449504
israeli:0.015642972713140826
very:0.006528998096567218
jewish:0.014323996958894377
condemned:0.020900451406291078
close:0.013014656240339104
past:0.01237271328428226
live:0.011598083423024938
by:0.003709496160363918
seem:0.01033600207826119
refuse:0.01881205556897377
opposite:0.018074234328487298
hatred:0.03908709804671732
doubt:0.013033978647867294
blame:0.016768256132955735
s:0.0046474627779477026
newsgroups:0.016053454460005598
