sent:0.03997481030749579
incredible:0.06035479305839828
at:0.009575706657113381
reserve:0.0574915599013097
there:0.009975858538882037
take:0.023105968807996775
with:0.019070457938789587
distant:0.06285497165189798
to:0.005992170261264482
arab:0.04856328255257465
camp:0.062486476524988385
been:0.03189653015698781
cleveland.freenet.edu:0.04654803012505984
could:0.016403360383978886
re:0.004064570682371419
sections:0.1784886701104569
communicate:0.061784970860449574
medical:0.04372845078444208
them:0.015933251864480878
josh:0.056934024092749363
a:0.0015179392672243423
other:0.02998495625721545
was:0.009624577544580277
red:0.039267597336332075
baseball:0.040731259131400084
pitchers:0.05726510243497446
section:0.044671294843731384
taking:0.037032065588604404
care:0.034413227622542356
should:0.017856653719929127
have:0.011114143764079409
stones:0.12893646515419319
bank:0.051757565625397496
west:0.044325101084089005
throwing:0.055320763167550746
joshua:0.06425298662822507
notes:0.05085124378910346
september:0.05909109951366065
were:0.033723984727658675
of:0.004226969251429101
dr:0.042596137012027184
least:0.02617024329028785
who:0.02810984509204018
in:0.005793903322646428
1990:0.04642333011242683
our:0.02423668938022167
5:0.056497236672123544
1500:0.06096732497743232
and:0.00414997189663902
for:0.0035364006838268913
subject:0.00029018431404367716
each:0.055348030377404676
300:0.04521218081719947
i:0.00207498594831951
away:0.0300976476774312
precision:0.06636337808953982
the:0.0032771869999524044
sox:0.0574915599013097
units:0.052820584574051054
would:0.010137496153308435
unit:0.0466319654086893
prison:0.0599170332851598
written:0.038951292809305545
three:0.031722695722526874
by:0.01076560298714311
sometimes:0.03809246004693315
prisoners:0.2721557158289097
