believe:0.017663999027075942
out:0.009578675602280163
mark:0.024419707026765776
50:0.02805840072462139
compared:0.033518606714744895
often:0.025262767384379728
to:0.006722922732150394
obviously:0.02993409008801591
stop:0.027024009061631202
arab:0.03632375605558429
h:0.028725057921093634
enough:0.01977356525965363
that:0.005640725616820762
perfect:0.03292753491168203
could:0.012269180124602094
agreed:0.07722520653193937
re:0.0030401666892534195
these:0.013468585147145877
fair:0.034330890543121
standards:0.03444957996930923
appeal:0.04400230572095707
temporary:0.04283243434160692
state:0.02160742591008631
terrorists:0.04203472819560266
a:0.0034061076240155977
immediately:0.034330890543121
given:0.022664939505538873
also:0.012060952290077778
mind:0.024631347991952338
lie:0.03707233068116297
it:0.0027874425182111543
not:0.004901707386796463
trial:0.038128526894498
opportunity:0.037409377133832446
ve:0.014838485357946622
treatment:0.035433361536832346
400:0.03732379654044231
murdering:0.04872319350252825
ira:0.04525556328052828
mileage:0.0435322279088528
writes:0.010752234000285568
get:0.010685967278789614
were:0.0252244438613382
of:0.006323271075308575
hamas:0.051598315780931325
years:0.018128255471385316
never:0.017918205128958215
killing:0.032902785786631396
fact:0.019498106736819832
eh:0.04051453657040131
double:0.035919921829590494
they:0.030338849577487604
who:0.010512624993771126
over:0.032616922805192815
in:0.0014445504219064269
israel:0.0617962206315228
chosen:0.04002536159912934
men:0.02854958172867758
better:0.01818061683984881
repeat:0.03822306378876726
and:0.004656066030375486
for:0.002645112706602228
subject:0.00021704843001640894
jews:0.09011297820983868
example:0.022856578404535813
kaufman:0.04889804069944666
alan:0.07155581613006894
will:0.00921386459270963
the:0.00612807325194352
denied:0.04335155200003401
start:0.022907008844573275
because:0.014347335763370033
propaganda:0.041308345266042906
return:0.030002989494446578
countries:0.034272189340084525
during:0.02380788219351602
people:0.024475986017449065
destroying:0.045601576405884345
speaks:0.04439897372233457
is:0.002184330299924097
stein:0.0954928209588441
itself:0.027341917403206344
right:0.015771330030815444
provided:0.032828987265077596
silence:0.0436240942117303
their:0.012306370882778164
removal:0.04634118435877643
past:0.026857841031734664
