read:0.03063517651213408
sentence:0.06692907127431459
at:0.011904932600735555
know:0.016673988184571647
posting:0.04458362914805731
your:0.05107833333167281
from:0.01144016560040778
cpr:0.07220663151609147
themselves:0.04373581373409213
to:0.0018624312974200418
young:0.05073048009559712
speak:0.048451794792410734
palestinian:0.06986853470350171
nt:0.009649710158411332
re:0.005053250037542845
so:0.013808251316012434
comments:0.04978385154093379
best:0.0329077848643437
you:0.015021594308343834
hebrew:0.1475965883201933
a:0.0018871677376302637
nor:0.04668295941858653
want:0.02557564821232678
as:0.010812353516446195
frank:0.052921275358792194
not:0.0162948650966477
should:0.044400328168472426
anybody:0.041075610066387776
writes:0.008935978256994086
of:0.00262757548061809
least:0.0325359781446822
pete:0.07025283112675218
they:0.012607021952807348
talks:0.06468722428611791
who:0.0349473749792932
policy:0.05184793571512568
one:0.013287985240211115
in:0.00240107705262825
and:0.005159424520145809
for:0.013189818766705703
subject:0.000360769687729977
leaders:0.05976439734119929
jews:0.04992746090004576
i:0.0025797122600729047
research:0.04172069568292942
the:0.0010185851486338555
do:0.009706998904141848
reads:0.0701235142211285
hate:0.05440526003456526
regards:0.05580226482448194
last:0.029461656108912136
statements:0.0569659363355459
address:0.043146234512616365
dear:0.06494794324469465
is:0.003630711174198161
else:0.034142597639703474
center:0.04414365991179472
does:0.016466065058615205
man:0.03916282890263782
zionist:0.1582193609718043
jewish:0.05168252956790269
origin:0.06548497471293133
igc.apc.org:0.07161899486825715
