muslims:0.06637225223408409
there:0.006900593876519905
all:0.014346884671372798
nick:0.05611540547442236
serbs:0.020215008585964093
your:0.014209761904299952
with:0.0021985991608629595
much:0.006568409284059892
to:0.004144959879972423
then:0.00599955018712708
might:0.007996560661197165
amongst:0.02087459008034828
civil:0.031377590071733186
that:0.005216610908789125
really:0.014672148445044554
nt:0.0026845058335430018
serbian:0.02261074814297721
re:0.0014057913638277086
started:0.012327988255597387
political:0.01355178863714859
cleansing:0.04335009743319784
islam:0.05282757635308087
this:0.003947236378732473
principle:0.01876342157368953
on:0.0019060482151853004
you:0.018805228964956754
them:0.0110214975303176
europe:0.015462408344163375
vs:0.012844405808508805
a:0.005775017061770807
christian:0.012052038989611186
want:0.007115029953805194
was:0.006657602512040493
genocide:0.033876408442253494
peoples:0.020530352510703575
lunch:0.020926444674830742
given:0.010480404357824364
question:0.008206714599049264
therefore:0.012905735039679947
pens:0.018882777582390962
muslim:0.0477890789799816
whole:0.011247802537696578
course:0.018392118796240742
talked:0.018535509461597672
are:0.009667840324830458
no:0.004232126827753796
yeah:0.014865497910481773
race:0.03286338141992149
stomach:0.02136923804196
recognized:0.03758581440648452
it:0.010311441495939006
not:0.009066315918435562
cool:0.01725874802433986
should:0.006175985497118344
bosnians:0.020674041280704318
being:0.014630104736279308
try:0.009159359670463881
ve:0.0068614048835617825
malcolm:0.020979024531878637
digest:0.022149837157667687
war:0.026592670041902383
negotiating:0.02252989774740968
yourself:0.01318148372697215
be:0.0021746663802160574
which:0.004856738092171119
guns:0.015169014708799207
writes:0.004971897676823777
down:0.008888592394560744
were:0.0058319672837304475
if:0.0025193624803135687
of:0.010233715029775717
ethnic:0.03887422231623403
but:0.002501064745302294
again:0.009179959165819616
fact:0.009016041836950523
now:0.00621020450330167
over:0.007541130648569014
difficult:0.02802412238374435
in:0.0053437504329170065
context:0.015611808075928466
point:0.008276450982180678
or:0.0025350054800867866
unable:0.01720015880999137
and:0.005023650190668287
davidian:0.019580343662749612
for:0.0012231160259852404
subject:0.00010036449959405374
leaders:0.016626185726499047
outside:0.01355178863714859
i:0.001435328625905225
example:0.010569019337435731
classical:0.022450749592530607
exist:0.013671144645850019
the:0.0025502921390607052
do:0.005400886608319524
interest:0.013732274423563479
see:0.006651826170718707
when:0.004916069333999007
can:0.0032502480918711026
nobody:0.03013751628164231
did:0.012360233409345604
agreements:0.022450749592530607
instead:0.023065671515673992
forget:0.014433132839904111
fight:0.03202709844916792
simple:0.012402964499835491
bye:0.02295274730916415
an:0.003375556911886228
makes:0.01049991685057133
religion:0.026703242578667012
about:0.003703068347074705
bosnia:0.057696006584308554
is:0.006060284817082644
chose:0.03770516289638144
self:0.01598538880454953
yugoslavia:0.04335009743319784
white:0.012778079495566134
right:0.014585515742784206
time:0.005938007405653058
their:0.005690539919480127
followers:0.018043892051134533
nation:0.05054670943772489
x:0.011447969885511663
guess:0.011263749108780651
too:0.007340292736332694
terms:0.043411341825727034
article:0.003046364211716545
attacked:0.018913218222363214
give:0.008884346884797016
realize:0.014712448342598263
black:0.013268993820465931
apply:0.04510777427243992
nations:0.017786137647234922
beliefs:0.016369032617911075
s:0.009329868885052906
