sells:0.035371963640253495
utterly:0.12216881814030875
muslims:0.1554139004776969
out:0.008297021824510281
nick:0.07007839369106268
cnn:0.03661063030549057
serbs:0.03786755129483415
continue:0.027522578921841165
remove:0.03111373510591289
4:0.017494855663230134
cup:0.03083991970067199
to:0.0009705627887963597
us:0.014506171733697155
day:0.017910584758893466
homes:0.03872742944131936
been:0.010332678783249572
make:0.024789865962671884
that:0.014657941919766625
like:0.008201683545835727
finds:0.037029105097538456
camps:0.04109695223442649
re:0.0026333838223814828
michael:0.02115982536389922
this:0.003697059425150838
two:0.026264639896525513
on:0.003570484684783732
you:0.0039140773902022665
them:0.01032295191219888
sure:0.015366507184219743
a:0.0019669072195019647
how:0.018526239397593302
million:0.027559938444585482
genocide:0.06345862426506642
ridiculous:0.10544514377326934
also:0.010447162899151876
washington:0.027036713629679535
are:0.009055089881707402
it:0.007243424571971239
reported:0.029080053500082137
hundred:0.032403897094798524
have:0.003600356430617274
interesting:0.023014257478319807
be:0.00407367082491177
which:0.009097833327588154
writes:0.009313554803064259
were:0.010924671108959854
if:0.0047193691532634455
of:0.005477199593401089
what:0.006481986640821347
women:0.026614895731221302
please:0.026977681083172604
find:0.014904554490657678
who:0.009106006156576396
up:0.009460988523608342
thousands:0.030130845036608025
now:0.011633199985058058
sounds:0.02508946875747069
over:0.01412634332760111
one:0.006924724702645229
in:0.007507593037795372
better:0.015747999093671854
and:0.008066142559664573
for:0.002291189175437141
subject:0.0001880067386761852
i:0.0013443570932774292
acceptable:0.03259270876698625
we:0.009491154265591339
any:0.00720624835414653
water:0.02887392404726444
actually:0.017213479768317497
the:0.004246495830924242
would:0.006567955254256169
major:0.023073436427590084
claim:0.06898392348168984
may:0.013105813573519936
mr:0.02378137801608038
an:0.006323226327899554
about:0.013873467328477064
bosnia:0.10807843486919773
is:0.0018920607527511543
yesterday:0.030960303034188192
dc:0.0315290449823886
their:0.010659743792828972
show:0.02119766668827347
article:0.011413139159388746
concentration:0.042355345112900976
killed:0.02572383800470342
claiming:0.032478815392017225
visited:0.040845416441454105
giving:0.026713851741472363
driven:0.06630002768268692
