hide:0.04333293911442923
there:0.01596137366221126
behind:0.03067602087824955
thanks:0.034667593824628924
own:0.01970861422215648
your:0.021911864733587177
occupied:0.04410796328743798
palestine:0.09331762761813611
themselves:0.028143045359328846
name:0.024019413094176097
my:0.008262732707220012
to:0.0011984340522528964
that:0.006033123920599597
like:0.010127296204423245
nt:0.0062093787106299
its:0.017981083095949306
re:0.003251656545897135
this:0.0045650646814906
on:0.00440877239338513
you:0.0193321387620425
8:0.05134767447606724
seconds:0.040244909955756934
a:0.0036430542413384216
same:0.016887768265466195
as:0.01391502887333945
are:0.005590533753054135
those:0.01613839699380487
inhabitants:0.046367312139166804
it:0.002981351562956278
not:0.005242695726747521
have:0.008891315011263529
beware:0.050435209866838984
amazing:0.042621373738362854
left:0.050859220582618464
agent:0.043265790887525656
has:0.009258908468578705
call:0.023103966069553977
network:0.0319433884350398
writing:0.0348039890882403
yourself:0.030489344968474715
writes:0.005750107747978803
get:0.011429338915574978
if:0.011654789908928858
of:0.0016907877005716404
freedom:0.03467850852450961
but:0.005785071497829654
breath:0.04956491892286522
who:0.011243938036816073
rest:0.028405485508459206
in:0.003090081772078095
become:0.028801937172131722
our:0.019389351504177334
5:0.022598894668849418
chosen:0.04280973457993833
world:0.02192391903245806
message:0.028237564248345403
and:0.006639955034622432
still:0.017753992019387366
for:0.011316482188246052
subject:0.0002321474512349417
blind:0.04463974088007564
employer:0.03930513411637065
we:0.023439024447199478
will:0.019709658172231033
the:0.0026217495999619235
do:0.006246242773099971
around:0.020584299418727265
planet:0.04114010968838686
may:0.016182830673389832
come:0.02087994499538616
fight:0.03704003559773334
friend:0.03020173408428527
long:0.02069835865311813
people:0.013089331652809717
about:0.008565358089755405
is:0.007008851136278188
right:0.016868466032959127
zionist:0.10181071923403058
easily:0.03216447624691641
too:0.01697841624229997
prison:0.04793362662812784
article:0.007046372872318269
opinions:0.024831392656696018
god:0.046142230117829995
