selected:0.01880327225311833
land:0.03024055015656073
since:0.0076076867810025905
practices:0.019417878152572385
cultural:0.03983216894701856
there:0.003489653937555694
among:0.013096978965725571
fax:0.011629822585107944
sector:0.02027468021294366
with:0.002223678238743526
allocation:0.02489453816166047
occupied:0.019286752007815086
apparent:0.01839982546226454
from:0.003218905910380896
cpr:0.040633389598408884
to:0.0031441805933631124
association:0.054386995292249496
receive:0.01628296110838595
abuses:0.04661238278187624
line:0.021473792766585464
job:0.013199576255852382
arab:0.10192749798106923
within:0.024611788717283783
1988:0.017376809292613257
social:0.016508905672913708
most:0.007059298342079992
discrimination:0.02161299360897856
cases:0.013991580222381717
unique:0.019286752007815086
areas:0.015651150779216104
day:0.009670353748147802
legal:0.014370019748416065
civil:0.03173550935011797
palestinian:0.09829413627488834
been:0.011157721575828436
arabs:0.018081764514405508
population:0.015003598991955483
its:0.007862450783399887
political:0.013706371777496293
national:0.024746569771768163
phone:0.01116862025174741
this:0.001996130944378019
torture:0.021858387225471225
carefully:0.017681154188710354
empty:0.019351749853287713
fair:0.016055891774919707
on:0.0038555804200706457
children:0.012746680106534318
concerned:0.015307943888052582
them:0.005573609017232855
education:0.016447328920366253
state:0.02021074818966248
a:0.004778911457269033
test:0.013596577391557682
was:0.0033667723730090708
as:0.003042259164323264
assistance:0.019803693590461587
minority:0.03772090098809629
local:0.011621229855193734
international:0.015077432018028114
promises:0.02121832899421946
business:0.013751192902028773
are:0.0048890599361309925
territories:0.02076453904124392
taking:0.012954182639359716
permission:0.01900727496601689
exclusively:0.021326972995907884
early:0.013318407219746316
citizenship:0.023907803578066992
18:0.014702469555981366
it:0.0039108984380985395
not:0.004584866985368554
have:0.0019439186811697827
rights:0.0792364886621933
p.o:0.017515811557760774
against:0.00982236042645569
providing:0.017536090439796374
strongly:0.017745059581548303
struggle:0.020579025109040756
has:0.008097144288110654
public:0.02253798173430109
get:0.004997619677913012
formed:0.019840789312687308
of:0.0073931781583931044
conditions:0.017242709905398584
1948:0.02218922896307438
court:0.015196432043586726
find:0.016094651997516276
policy:0.029176785117257034
box:0.012047676846793183
in:0.004053529320786855
resources:0.033564675084156594
economic:0.034871521144435376
israel:0.1011531292086333
system:0.008498944217652186
monitoring:0.021733711093064417
or:0.0025639218924071684
and:0.008710207174694826
green:0.032002363493169456
for:0.008659475438724402
subject:0.00020301868358949275
legally:0.019037332682773973
house:0.013071756442928484
face:0.013647420497891862
research:0.023477805935640892
practically:0.021795538168622515
the:0.004298971539861519
start:0.0107131638322529
around:0.00900073928955755
level:0.013386065257010452
needs:0.012735158032963295
forms:0.018200968050086405
an:0.003414061363352611
human:0.048758058878122824
address:0.012140005148036542
many:0.014092783479681318
lawyers:0.02111270327518115
different:0.009609189726278508
is:0.00510784461769323
levels:0.017435760572217688
today:0.010795156904176246
living:0.014007623627487073
methods:0.016918147742086203
itself:0.012787284564997642
fulfilled:0.02380068997743317
center:0.024841299113861664
does:0.0046330373168727195
their:0.011510902042446494
issues:0.014468553165775267
build:0.014188718870792223
advice:0.014790331057921097
activities:0.016069693174351564
prison:0.02095957057883917
palestinians:0.04006379790127491
jewish:0.02908370485189961
borders:0.020909866846643914
publishing:0.021922292618309178
citizens:0.04662385766845005
by:0.003765914352916981
concern:0.017515811557760774
igc.apc.org:0.020151352168254866
s:0.0047181466224792265
share:0.015517296653007058
