some:0.013576010175969233
report:0.04413637469156692
at:0.010243779214586407
there:0.010671848669501714
media:0.045947165008084434
way:0.020143869994727247
funny:0.05233449012274677
such:0.04472133031320462
positive:0.10295348837945612
us:0.023952051002151115
that:0.004033774714354382
re:0.004348145381141518
national:0.037839231685901316
tail:0.06609555022280653
on:0.011790902912541626
apparently:0.0440541983285077
more:0.014783942160706115
a:0.00811921003399067
sorry:0.03694670563649563
concepts:0.05878614720626729
west:0.04741754999693243
open:0.03842977417155073
public:0.03446214648907667
his:0.021446849319828567
june:0.05344274802744822
showing:0.049930515321230384
end:0.031444574448552434
of:0.004521874082924155
piece:0.050112917602250145
forgot:0.055810177739555655
least:0.027996074217517236
now:0.019208306952072606
title:0.048851085250964175
in:0.012396258271708639
ended:0.05776631487581257
or:0.015681661807048497
and:0.00665925722949052
few:0.026577063964026586
subject:0.0003104297313025383
i:0.0022197524098301735
caught:0.05250260736897037
will:0.013177969126782376
the:0.007888112895234277
thing:0.026324795757266935
radio:0.041713376287996116
jim:0.07875187783602022
just:0.013655680970533558
about:0.0229073530307412
is:0.009372300938046415
new:0.020046506568413336
documentary:0.21934019794296344
light:0.0406071475093755
cities:0.11285273990098366
him:0.027866457015852414
news:0.035684610653063005
