since:0.08699224449581223
all:0.04148121002809962
leader:0.20365413492636975
way:0.07532055737158884
much:0.07596508128521441
to:0.011984340522528964
that:0.015082809801498991
re:0.016258282729485676
paying:0.20390473078361973
you:0.024165173452553125
a:0.006071757068897369
how:0.05718969553170106
should:0.07142661487971651
follow:0.1642170570616211
be:0.02515048944075962
they:0.04056172280468451
find:0.09201942337710392
subject:0.0011607372561747086
jews:0.1606361785479733
is:0.011681418560463648
write:0.14148582282554406
him:0.10419631753753511
