another:0.010712586137142892
school:0.03513550218160488
believe:0.010495999421885702
go:0.009398223438618972
choice:0.018223974273036438
out:0.0056916768071519795
there:0.013301144718509383
know:0.011921498798630935
returned:0.02294372078122836
all:0.004609023336455513
story:0.017367427671558473
gay:0.021473128990354008
your:0.012173258185326207
former:0.019279700109886756
mentioned:0.016981466757448493
several:0.013615707111436698
my:0.009180814119133346
to:0.001997390087088161
most:0.00896906021240115
minister:0.026032623701775483
us:0.009951093653067613
been:0.0070881178126639575
male:0.023218105314528517
that:0.005027603267166331
realized:0.025304010707888604
think:0.006955304480814276
like:0.0056262756691240244
nt:0.0103489645177165
could:0.007290382392879504
consider:0.015557314389232817
me:0.005234727924659636
need:0.009281169041049451
re:0.0036129517176634834
so:0.004936283079154203
this:0.0025361470452725556
off:0.010548103613315702
personally:0.01893161644978986
recently:0.031974024778625015
on:0.002449317996325072
you:0.008055057817517709
am:0.039476723591820424
bible:0.01738615218288549
theological:0.02875014543193433
sin:0.04160160517393716
a:0.00539711739457544
how:0.0063544106146334505
as:0.011595857394449542
immoral:0.025706820412908175
pointed:0.020896847855344562
acceptance:0.025208345841723486
also:0.014333305620092428
homosexuality:0.06946731007639849
whole:0.014453697946991738
far:0.01202598102474107
others:0.013025740208059883
computer:0.012950255580508769
are:0.009317556255090224
daniel:0.041338937151674776
religious:0.017736230942560955
it:0.0033126128477291975
not:0.005825217474163912
have:0.004939619450701959
being:0.02820005695543693
only:0.00644220404961008
university:0.011354300007722964
always:0.012835536705307765
somewhat:0.020781820566969113
has:0.00514383803809928
identification:0.05946107196528595
be:0.002794498826751069
which:0.006241025760954192
considered:0.016632091580735323
writes:0.0031945043044326682
of:0.006575285502223045
sexual:0.04303409345608243
freedom:0.01926583806917201
looking:0.012530847079259149
seems:0.011383995600874773
well:0.008129796667407463
who:0.018739896728026787
good:0.01565226909526086
in:0.0051501362867968255
and:0.01106659172437072
for:0.001571733637256396
subject:0.00012897080624163428
however:0.011580187942980255
i:0.00829994379327804
explicitly:0.024887693334743426
person:0.013551663956878506
any:0.004943416745356557
event:0.020061550474381507
the:0.0018206594444180023
do:0.010410404621833284
see:0.008547757301503266
magnus.acs.ohio-state.edu:0.022228760325900435
views:0.019565636686651636
liberal:0.047357081931514285
friend:0.01677874115793626
an:0.004337672166964911
just:0.011346749405467496
people:0.00727185091822762
many:0.01790532393795259
religion:0.05147146757916975
mix:0.024932218238631947
conscience:0.029270100331414355
is:0.00648967697803536
either:0.012094505831465497
told:0.02995381417129594
first:0.009070313185463967
chicago:0.020399514670550158
hook:0.024843575056659982
luck:0.019916853265283193
plenty:0.022518438899656754
s:0.005994553438222399
