ask:0.05113267691853276
know:0.021646932029093013
though:0.043606038624748766
to:0.002417893263317247
enough:0.04266927240241045
me:0.03802065545279104
re:0.006560359697862641
worried:0.08826168503769499
on:0.008894891670864736
you:0.03900343785324364
serious:0.06310515152700825
am:0.028672567661427464
m:0.024014293195018806
a:0.002450007238327009
let:0.04044101303075131
frank:0.06870481362369513
are:0.02255829409127107
not:0.031732105714524464
should:0.02882126565321894
tyre:0.11486427257046848
be:0.010148443107674935
writes:0.01160109457925548
get:0.02305919254896706
of:0.0034112383432585726
but:0.011671635478077372
they:0.016367010956276205
david:0.043797284900780595
good:0.028421225462447353
substance:0.094539528180132
for:0.005707874787931122
subject:0.0004683676647722508
i:0.006698200254224383
the:0.0013223737017351805
when:0.022941656891995364
jr:0.08197572644706808
thought:0.047098007108626536
ready:0.07395577699702449
here:0.03158598080041045
many:0.06502459745888046
about:0.017280985619681957
questions:0.10611145042966708
lot:0.0434833927765858
food:0.07395577699702449
too:0.06850939887243847
yfn.ysu.edu:0.0976567418158768
giving:0.06655029732086097
