library:0.035185786484883866
silent:0.044272180033761765
read:0.019050445898301863
search:0.0358584142804598
all:0.008017376728120093
fields:0.04124896192764993
thanks:0.016751148276606412
stand:0.03309023995349968
such:0.016159808432502507
from:0.007114052558236769
turn:0.028751917098441302
post:0.021702334491018323
my:0.015969987585383216
to:0.0034744516640945315
bunch:0.034085739673565756
that:0.005830329839234904
kinds:0.038318459443555
smaller:0.03774153167264677
like:0.019573765773255012
really:0.016398283556226266
hot:0.035156455350936235
could:0.012681589540555104
me:0.009105787230290291
wanting:0.04643371671415732
re:0.0031423571662031135
so:0.01717328735100706
child:0.033322391770936086
he:0.013362463928741472
fiction:0.045683875254258655
books:0.03067846985753076
hat:0.04499549607385624
mice:0.1607738949509573
fun:0.034590358444822146
more:0.010684193494291814
a:0.005867664394312585
speaking:0.03542419570445711
was:0.007440849866398198
as:0.006723648405185028
worked:0.032303897819952514
part:0.020581698423640982
ccwf.cc.utexas.edu:0.04789887122797899
curt:0.05308184771348631
d:0.015309615314092735
only:0.011206186876212491
ve:0.015337257975020455
kind:0.02315568652910134
grew:0.04701348874345944
always:0.022327362168056364
mouse:0.03652043846409942
has:0.017895369309017663
list:0.04893493440204335
species:0.04621256286275083
sort:0.0790956632183453
were:0.02607232432726553
of:0.013071636004419405
years:0.018737608596473894
pete:0.04368663448218202
well:0.014141747144145754
please:0.01609592736895172
topics:0.04490160279151906
up:0.011289582944137686
good:0.027227056325369734
sounds:0.029938693811435612
commonly:0.043369488868880784
in:0.005972426954436654
or:0.011332965675682106
still:0.017157219178399557
for:0.0027340240580846554
i:0.0048125724515645785
games:0.027982103290829625
pretty:0.024185042495122912
than:0.024043719028898507
older:0.03712731415999689
friends:0.06683415706870144
maybe:0.04450274087970292
an:0.007545362508922157
different:0.04247423358002097
sorts:0.04181147858878529
multiple:0.03608423796324212
time:0.013273193024400954
their:0.012720030408249696
non:0.04168318050365262
bad:0.023030260897028434
s:0.0052137502592942715
