22:0.0308618266685389
cat:0.07502188013940006
access:0.02483242124458167
your:0.00933283127541676
miss:0.03574681900523044
1992:0.029229233591735498
beast:0.32072791725497596
ls:0.04522541321657529
depend:0.037960011342414356
t:0.17175153700002946
mail:0.045397266738308975
think:0.010664800203915224
nt:0.005289470753499545
re:0.0055398593004173415
michael:0.02225700149387918
file:0.06752190849907576
directory:0.03122577250985479
on:0.003755620927698444
you:0.008234059102351435
3:0.017344192182500887
a:0.003103342501880878
sorry:0.023536419886952775
christian:0.02374698052767834
running:0.022425632684790385
steve:0.07127008548520859
permission:0.11108696257916538
hey:0.028549177671341998
d:0.02699028477595608
01:0.044236291789726975
18:0.028642588838689625
mar:0.044083556328965975
it:0.005079339699851437
not:0.008932000127051332
made:0.017226515199392604
mistake:0.03309497773953236
32:0.03172162052967041
jan:0.039337043773094646
writes:0.0195929597338537
get:0.00973610352067498
of:0.005761202535281146
but:0.004928023868521558
biblical:0.033814709209559375
again:0.018087919541540876
echo:0.043643382843997075
must:0.017166373536885163
policy:0.028420349947550372
in:0.003948437819877566
minute:0.03312935092143237
system:0.033114404877667036
england:0.036521818642851714
and:0.0014140644981140366
gets:0.024720861795502255
600:0.03641367938788021
subject:0.00019775523623717257
i:0.00424219349434211
su:0.09080782719728482
the:0.005025020066593686
users:0.05849922323342492
do:0.005320873473381457
see:0.013106561195638342
home:0.021698985569343323
just:0.008699174544191748
finally:0.02693721833923041
lg:0.05150169366388792
is:0.003980335213195021
31:0.03452827297947369
new:0.012770367147285532
512:0.039337043773094646
2:0.01443266334885488
1993:0.022441894837112127
x:0.022556740663304462
1970:0.04234048901834031
update:0.032161794014639304
article:0.006002465780122971
april:0.02520113971768972
mv:0.04747491257804361
guest:0.08816711265793195
while:0.016076611154655723
700:0.07966210790913258
check:0.024513418996945847
s:0.004595824302637173
