at:0.01295536783021222
tune:0.08664495123440595
with:0.008600402599846284
beast:0.07959240593643704
to:0.00202676347072181
hall:0.06735897372964923
anything:0.034135899269403
re:0.005499125040855449
michael:0.08837338828452027
anyone:0.02460168749472634
math:0.0717684672391342
this:0.007720329976050279
mean:0.03887385377690971
something:0.029274431134757688
on:0.007456012135871911
curious:0.06303341677678669
fitting:0.08813165883545551
posted:0.050196778301204344
was:0.013021487266196848
said:0.032228012186226944
27:0.06497279977999457
d:0.026791826799662286
mar:0.08751882506485892
sun:0.10672036188526003
writes:0.009724446926728858
get:0.01932902904839886
of:0.002859420375966745
what:0.013535913279362223
smoking:0.08813165883545551
jeremy:0.09087556994693216
well:0.02474805750225507
in:0.010451747170264146
and:0.005614667860158675
subject:0.0003926023072355632
i:0.005614667860158675
will:0.016666255072107124
the:0.007759222161652015
do:0.01056349880744848
moon:0.06758935779941981
is:0.007902136085019527
number:0.036798012476437617
viewer:0.07890828805945332
else:0.03715517978438319
1993:0.0445537618089726
under:0.03569593275155352
article:0.023833320009311793
thus:0.048990515777592725
pink:0.08664495123440595
by:0.029130455141681354
alex:0.1649704087624639
everything:0.04543621299887137
