okay:0.04629856059680104
true:0.02777721281890158
cut:0.03936575801940217
except:0.034670552892514125
to:0.004445803742228486
us:0.02214920845360211
enough:0.026152134698251575
bunch:0.043615086248971244
make:0.018925596595158106
that:0.011190471788208929
like:0.01252300068288896
nt:0.007678263997015469
re:0.0040208656212706514
anyone:0.017988330641305283
had:0.016499015975076723
this:0.011289944911213313
shot:0.042759487586964906
bible:0.03869820969739029
bill:0.03328509543754535
m:0.014718437764688948
josh:0.11264366057060089
a:0.004504852018859339
lists:0.05093714977011239
want:0.020350515781851417
as:0.017206756133699323
quotes:0.05225262129906126
cheap:0.0399594754667403
those:0.019956082304167316
missed:0.04673045351857883
it:0.0073732350481714405
should:0.052993940072047725
deleted:0.03777827416127244
ve:0.019625093537929402
verse:0.05569528288611792
kind:0.02962931932218344
argue:0.045802194556336925
against:0.02777721281890158
points:0.03941028267172508
blue.cis.pitt.edu:0.06421397195282949
list:0.03130783437550086
be:0.006220013517607219
sort:0.033736143093129355
writes:0.007110348290511424
of:0.010453794922889175
but:0.007153583034950648
biblical:0.0490858682074249
sense:0.03533679619745152
contradictions:0.06672595959994246
together:0.038268454209142266
find:0.04551498360587936
who:0.041711383039801556
david:0.026843497197252625
good:0.017419460767306445
in:0.003821068857946032
few:0.024576639794691255
known:0.035020739222218905
subject:0.0002870640526023473
i:0.004105348542911719
the:0.0024314613225453322
do:0.007723848590392437
thing:0.024343359517472653
see:0.01902565334850727
original:0.03318460229326322
maybe:0.02847218368110026
william:0.04378128257409696
just:0.02525566803152443
many:0.01992689276965692
article:0.00871325677759786
by:0.010649843815238346
