some:0.00788876266981996
believe:0.007340107703818718
choice:0.03823340548498524
there:0.006201209362007754
know:0.004168497046142912
all:0.009669606391685385
take:0.0071815848997827825
football:0.018758922166799467
ever:0.008930479921722502
own:0.015314125915864833
your:0.0042565277776394
with:0.001975768164829552
much:0.0059026921268916606
ca:0.006947799311122707
someone:0.007444115252239932
bold:0.021652409452823942
such:0.006496679741445265
my:0.006420366630610144
to:0.0041904704191950935
require:0.013106490063860091
besides:0.013682725655867868
hudson:0.11340415865820962
most:0.006272281972861615
respect:0.013808642530182842
us:0.006959041845219582
might:0.02155829529606533
make:0.005946217849154405
that:0.008203825601491006
think:0.009728027213030779
like:0.003934591430772545
nt:0.014474565237616997
me:0.007321545137868546
re:0.0012633125093857113
this:0.0035471786376447233
these:0.011193486304722586
big:0.009377637006309315
on:0.005138602958506317
you:0.020654692173972772
tell:0.008141976532508286
relative:0.0332643207884656
them:0.004952226930852165
why:0.012025152568608153
a:0.0028307516064453955
other:0.01863929713286366
false:0.014145637134125609
want:0.006393912053081695
demonstrated:0.017467133675875428
was:0.005982845500685038
as:0.0027030883791115488
peoples:0.01844957354002416
said:0.022211197587805057
question:0.007374952984280758
fine:0.01094309654702892
primitive:0.01909947858275205
also:0.00501181463405259
morality:0.04380040018235257
stuff:0.00987640727254602
learn:0.012871669529467
popular:0.014290446946395145
others:0.009109216969825662
mind:0.01023532365881803
team:0.010821704623967898
are:0.0021719979108149514
no:0.007606390109341283
those:0.006269985318539055
premises:0.04423826713862638
reason:0.009027742986515297
pain:0.04486824324645216
it:0.002316590741486297
not:0.004073716274161925
elses:0.022517049230314484
statement:0.011733781823286507
have:0.008635990086953597
involves:0.01769571019098967
systems:0.020273088650558182
try:0.0164620923806986
hurt:0.04571332712083443
between:0.007847519750156776
against:0.00872729997350624
points:0.012382284758346056
yourself:0.011845522538427676
free:0.009755093899070054
be:0.003908522007685617
which:0.004364501123369993
sort:0.010599531444800778
were:0.005240889518487497
if:0.006792065065169689
of:0.007225832571699747
freedom:0.013473069190265561
clinical:0.0192566407977348
what:0.006219203398625887
reading:0.011102439345820914
again:0.008249557899013575
they:0.006303510976403674
find:0.007150157897545238
up:0.004538717467406705
david:0.008433936619407075
bodies:0.032258082434464874
rest:0.01103591497794868
bob:0.012445962885233447
in:0.0006002692631570625
or:0.00455615849799382
and:0.004514496455127583
still:0.006897665818343065
for:0.002198303127784284
enjoy:0.015617380329198339
subject:0.00027057726579748275
i:0.005804352585164035
example:0.018995669890256115
suggestion:0.015635691367946108
person:0.009477008240114361
experienced:0.017253047142319386
will:0.015314937093287628
the:0.0033104017330600304
wrong:0.008930479921722502
do:0.014560498356212771
thank:0.012265183468815928
violation:0.03480913865062088
would:0.006301686798002542
can:0.002920831055532816
because:0.011923799316854824
moral:0.040684001198420534
forms:0.016171806071529477
microsoft.com:0.018852772045539586
human:0.010830548551474918
insane:0.039189521180314074
people:0.015256146689930245
about:0.013311029463809076
crazy:0.016534934162644815
definition:0.013766146644348854
is:0.006353744554846782
deal:0.011136199296488207
core:0.01665691052967899
right:0.00655362700604831
does:0.004116516264653801
life:0.009426957274624021
their:0.010227592017444014
too:0.013192688296381734
premise:0.019840569219489564
little:0.007923441560467785
before:0.007183088740617042
seem:0.009323353225999115
s:0.0020960685164054674
