read:0.02518892290997691
choice:0.04191514082798381
there:0.04079017713676211
know:0.013709723618425576
all:0.01060075367384768
mentioned:0.039057373542131534
hudson:0.12432455912159275
male:0.0534016422234156
that:0.0038544958381608535
think:0.015997200305872837
nt:0.007934206130249317
consider:0.035781823095235483
condemnation:0.06783811982486294
re:0.008309788950626012
so:0.011353451082054667
off:0.024260638310626116
athena.cs.uga.edu:0.062484363303832516
you:0.006175544326763576
bible:0.07997630004127326
link:0.05384320143063242
a:0.001551671250940439
as:0.026670472007233947
immoral:0.05912568694968881
acts:0.048658539972171365
homosexuality:0.10651654211714436
far:0.027659756356904465
are:0.014286919591138345
not:0.0066990000952884985
only:0.014817069314103185
identification:0.06838023276007885
writes:0.0073473599001951375
of:0.008641803802921719
sexual:0.049489207474494805
who:0.02873450831630774
one:0.010925676753062472
in:0.009871094549693914
or:0.007492349530034282
and:0.002121096747171055
for:0.003614987365689711
subject:0.00029663285435575884
i:0.00424219349434211
explicitly:0.05724169466990989
person:0.031168827100820567
any:0.011369858514320081
actually:0.02715904585667872
event:0.04614156609107747
the:0.0033500133777291247
do:0.01596262042014437
jr:0.05191796008314312
romans:0.058652802345035525
pray:0.05511442755482958
an:0.009976645984019298
people:0.016725257111923526
many:0.020591122528645485
religion:0.03946145847736347
paul:0.03638913879010064
is:0.0059705028197925315
matter:0.03356558902111714
first:0.020861720326567124
hook:0.05714022263031796
midway.uchicago.edu:0.11707532053372556
article:0.009003698670184456
plenty:0.10358481893842107
s:0.006893736453955759
