au:0.0349691145774816
there:0.011261091847572362
specifically:0.02482848252610835
text:0.02218750756585011
with:0.0035878980171137873
meaning:0.02420826095021038
creation:0.11140602440397442
hudson:0.06864546209167698
then:0.029372030977468773
been:0.009001474768229689
that:0.014897744650560355
problems:0.016828670158845233
indeed:0.022627253426408683
really:0.011971753025711202
nt:0.0043808500105671075
acknowledge:0.035067276180833995
re:0.0022941135139765063
flat:0.030293408736703088
so:0.00626877667107313
had:0.01882709798382988
this:0.0032207511556528773
contains:0.025752475490047826
two:0.05720212983599115
athena.cs.uga.edu:0.03450056869536765
you:0.003409809750973754
bible:0.02207934663716133
a:0.0017135019949035522
how:0.00806971163944248
bring:0.023272189860669174
que:0.034777381181750895
also:0.009101209396807156
turns:0.02707825014458032
demand:0.029062300175585594
worst:0.02643994425640192
are:0.007888483209830988
brian:0.06876216284868918
it:0.006310222633251018
not:0.0036988344084415026
examples:0.026918891332290376
ve:0.011197139257837021
je:0.10219584591483391
genesis:0.06747601203272821
bskendig:0.11572550320917091
netcom.com:0.05924604616051177
usually:0.020231599645316647
list:0.01786275212835325
without:0.01378656739142635
be:0.003548842068328045
writes:0.008113648969540643
get:0.016127288040381868
were:0.01903439628800367
formed:0.06402610538940812
of:0.005964435140053332
chapter:0.030293408736703088
humans:0.055342105635038816
biblical:0.02800604750484979
never:0.013521099575839635
fact:0.01471329526766159
contradictions:0.03807063952634753
ne:0.07033406795518678
up:0.008242088161671072
si:0.03320419388759337
one:0.006032582256292163
in:0.001090059520825095
or:0.004136880108607886
stories:0.08518094438488431
and:0.001171157713161932
subject:0.0001637850116074742
animals:0.06022854563669131
i:0.004684630852647728
any:0.006277835989501886
contradictory:0.035067276180833995
the:0.003699401276019892
do:0.004406858398199366
jose:0.027974826219527883
when:0.008022542594133349
difficulty:0.03251414490951552
around:0.014522665234071384
jr:0.028666358328115833
can:0.010608171686352311
because:0.010826517171131988
ends:0.029025230761745336
fundamentalist:0.03731227169832804
different:0.015504398147308269
paul:0.020092162522141455
is:0.004944894973447802
does:0.007475391499003222
life:0.017118891737967545
blank:0.033818202835795716
created:0.04660239372374259
first:0.011518741284607614
escape:0.02666216059648976
accounts:0.030572319007112644
de:0.04958260156004871
translated:0.035067276180833995
kendig:0.11110008428375547
earth:0.021598375230636496
before:0.01304413660872788
contradiction:0.03468371570855587
says:0.03142364103592108
god:0.016277167066105675
