with:0.014620684419738683
ron:0.10593245840562589
beast:0.13530709009194297
to:0.0034454979002270774
obviously:0.09204732702064893
quite:0.06640498455273504
anything:0.0580310287579851
re:0.009348512569454263
anyone:0.04182286874103478
math:0.12200639430652814
this:0.013124560959285476
mean:0.06608555142074651
something:0.04976653292908807
fitting:0.14982382002027436
course:0.06115379499750048
51:0.12081162771061943
which:0.03229730831293794
writes:0.016531559775439058
get:0.03285934938227806
of:0.009722029278286934
well:0.042071697753833626
in:0.008883985094724524
and:0.004772467681134873
subject:0.0006674239223004575
i:0.009544935362269746
will:0.02833263362258211
the:0.005653147574917897
do:0.017957947972662418
is:0.0067168156722665975
number:0.06255662120994396
viewer:0.13414408970107067
else:0.06316380563345142
article:0.020258322007915025
thus:0.08328387682190763
alex:0.14022484744809435
