your:0.04666415637708379
name:0.10230490762334263
my:0.035193120790011155
receive:0.15860810264835204
ye:0.41232846544481316
joy:0.2135393688376042
93:0.13559316651127412
apr:0.13804475100140737
have:0.01893520789435751
robert:0.11834859366510012
shall:0.14665844496417607
be:0.021424491005091528
asked:0.12490003328660855
in:0.006580729699795943
promise:0.1845662221540504
and:0.007070322490570182
subject:0.0009887761811858628
6:0.10882776416885905
may:0.0689268713866604
weiss:0.21613952656624302
ubvmsb.cc.buffalo.edu:0.2135393688376042
nothing:0.0946242963518855
full:0.11443194384900937
john:0.09931401479932761
god:0.09826586043611943
s:0.022979121513185864
