health:0.051436377780898164
at:0.010876111264869518
honor:0.06652781612675956
to:0.0017014804445565812
day:0.03139880291065274
that:0.008565546307024118
son:0.052680880239194025
nt:0.008815784589165907
re:0.004616549417014451
exactly:0.039708427818172944
had:0.01894331463805105
sunday:0.16547488869766175
lord:0.05258770486097943
harvey:0.06889408056147799
compuserve:0.06442132826218223
a:0.0017240791677115988
beings:0.06262241701302923
other:0.017028493676937168
same:0.04795292223527438
was:0.01093161893952328
stuff:0.03609156237868669
503:0.07347259388160995
are:0.007937177550632413
early:0.04324371726905285
determined:0.05878637083378481
it:0.00846556616641906
not:0.007443333439209443
have:0.006311735964785838
university:0.029016544464180907
larry:0.11221686508575297
worship:0.12588069812735267
heard:0.03336601678296141
sun:0.04479620128517088
writes:0.01632746644487808
of:0.009602004225468575
oregon:0.07250380850578901
what:0.011363482753044829
nature:0.047066853608145304
least:0.029724226946993608
in:0.004387153133197296
our:0.02752809164173325
or:0.0083248328111492
and:0.002356774163523394
subject:0.0003295920603952876
i:0.002356774163523394
sciences:0.06283345940018109
elements:0.06051182691249047
the:0.007444474172731387
originally:0.05617031577526593
thing:0.02794978314969082
would:0.01151419316178242
moon:0.17022504927261284
paul:0.04043237643344515
is:0.006633892021991701
sabbath:0.0759780364000876
by:0.024455196909065828
god:0.03275528681203981
s:0.0076597071710619545
