out:0.02066977366807824
into:0.03141761233302432
beast:0.0949523439241705
saddam:0.10886867092622188
to:0.002417893263317247
aid:0.17431238874806598
talking:0.05718756456775909
re:0.006560359697862641
this:0.018420436434084878
getting:0.04758248372324011
am:0.028672567661427464
guarantees:0.10405398942268222
smoke:0.08898975049219944
ontario:0.08332193336340825
are:0.02255829409127107
religious:0.06441052289666872
war:0.18614869029331668
get:0.02305919254896706
of:0.0034112383432585726
trying:0.04730400391348063
gulf:0.09945110758991921
they:0.016367010956276205
ottawa:0.0908712510247187
over:0.035191943026655396
in:0.0031171877525349207
un:0.09171894536280303
or:0.011830025573738339
still:0.03581945758297451
subject:0.0004683676647722508
i:0.0033491001271121917
we:0.02364462992480649
will:0.019882549910583934
the:0.005289494806940722
during:0.05137490368074509
here:0.03158598080041045
middle:0.07047544377439617
is:0.01885421943092378
number:0.043899383305223826
viewer:0.09413620329899695
east:0.07143261893668451
resolution:0.07838284201468189
humanitarian:0.10841296063844538
freenet.carleton.ca:0.19482950741658392
james:0.12138925500480796
