there:0.021343697339003428
dos:0.041041306467952766
ever:0.0307374657770914
where:0.042964111586831666
specifically:0.04705863548553094
c:0.06014180687044093
someone:0.02562160598445372
such:0.02236066515660231
from:0.019687726847213385
wrote:0.02994854621735885
remembered:0.06993556983758067
that:0.016135098857417526
re:0.004348145381141518
he:0.018489921017677154
on:0.011790902912541626
bible:0.08369612795016969
speaking:0.049017201032911586
are:0.007475713739549134
no:0.026180133399593252
d:0.042368470287838036
reason:0.031072231674517763
not:0.014021162990138718
thou:0.13044171855636683
network:0.042714996163134615
dialog:0.06539061275982472
virtually:0.0579452092809228
kill:0.08592167689775317
of:0.0022609370414620775
killing:0.04705863548553094
excellent:0.04529145829465566
please:0.022272271591921567
author:0.04702334590768031
commandment:0.2271242753143894
in:0.006198129135854319
and:0.004439504819660347
for:0.007566252625862186
subject:0.0003104297313025383
any:0.011898689142893108
the:0.005258741930156184
strong:0.041984330069424536
because:0.020520026731331558
myself:0.03875397746509166
places:0.04435839398012017
note:0.06887649067159296
address:0.03712582969690245
is:0.015620501563410692
new:0.020046506568413336
else:0.029378514248116938
applied:0.10295348837945612
tradition:0.054532660558409926
light:0.0406071475093755
sessions:0.13078122551964944
everything:0.035926307952595965
aside:0.05250260736897037
