desire:0.03918946597429594
true:0.041665819228352365
with:0.00471634981281893
c:0.02085562657604
though:0.02004471130331193
decision:0.03390923978376844
parents:0.03698068572978429
harm:0.038811794202649984
to:0.004445803742228486
within:0.0261004049703453
important:0.025341687846558245
he/she:0.04833026452266915
family:0.06355592046967204
that:0.0055952358941044646
lance:0.095988388780813
nt:0.005758697997761601
re:0.003015649215952988
greatly:0.03147523507903711
child:0.06395749388292571
something:0.01605372029970583
brown:0.03745647880044522
you:0.004482249914586466
more:0.010253379240489724
a:0.0033786390141445043
hard:0.021808333891737978
same:0.04698612944827288
truth:0.028992399419456482
question:0.03520945295721136
concise:0.0479941943904065
homosexuality:0.03865519673606045
starts:0.036068244954785236
are:0.005184769206461496
no:0.018157189293266287
caused:0.03211543692786425
it:0.00552992628612858
not:0.0048621774885158455
sex:0.06976850816219879
have:0.004122988815706878
being:0.01569196717681571
probably:0.01925180415346136
hurt:0.07274809047186553
kind:0.02222198949163758
peace:0.031061579479137506
whose:0.060367442750015626
doing:0.021618571815849315
yourself:0.028276408640117677
his:0.01487442775407465
be:0.004665010138205414
writes:0.010665522435767134
of:0.0031361384768667524
lawrence:0.03825188689271641
what:0.022268760556370108
order:0.022615458557520098
they:0.007523545358933416
accept:0.028807354602118817
good:0.026129191150959664
one:0.007929926675609858
in:0.004298702465189285
or:0.010875991253275569
and:0.0061580228143675786
subject:0.00021529803945176046
i:0.0015395057035918946
the:0.0048629226450906645
do:0.005792886442794328
thing:0.01825751963810449
her:0.026664587136530065
because:0.014231631442697693
homosexuals:0.03935690138920262
religion:0.0286413811529251
about:0.01588735774712696
maintain:0.03685565196739747
is:0.0086668589319569
homosexual:0.03897149280987723
self:0.03429123727427561
unlike:0.03719348214247134
having:0.02110396284209969
does:0.009826522696270365
nice:0.02548176981253837
article:0.006534942583198395
answer:0.04897211358272349
by:0.023962148584286275
