righteous:0.8673986087961921
to:0.01378199160090831
like:0.058231953175433664
no:0.056287286809125495
it:0.0171427714869986
shall:0.19798890070163772
promise:0.24916439990796807
and:0.009544935362269746
subject:0.001334847844600915
the:0.015075060199781061
man:0.14490246693975994
tree:0.25851357840295636
god:0.13265891158876125
s:0.031021814042800917
