another:0.05039784841792225
all:0.04336671957483142
to:0.003132270818388252
lord:0.19361836789724246
them:0.033314981171187294
nor:0.15702449986251832
sons:0.12780892493965743
are:0.014611622309118763
works:0.06761649985342591
not:0.013702500194908294
mercy:0.13525636600932742
have:0.01161933211699211
peace:0.0875371785321148
against:0.05871092709449652
his:0.0838376837047844
of:0.004419104217403151
destroy:0.112223309638241
even:0.03816271472195513
but:0.01512007323296387
together:0.08088559639659616
good:0.03681840571271589
over:0.045589562557258136
one:0.022347975176718694
promise:0.11325654541271275
and:0.013015820948549653
subject:0.0006067490202731432
i:0.00867721396569977
will:0.051513879313785656
the:0.006852300090809573
is:0.006106196065696907
spare:0.11586746077631326
god:0.06029950526761875
s:0.014100824564909508
