some:0.014414035495473506
out:0.014545396284943949
take:0.026243816423897573
with:0.014440182142951785
to:0.0034029608891131624
its:0.025528698222644076
re:0.004616549417014451
articles:0.05199862494690947
on:0.0062593682128307395
you:0.020585147755878587
gregg:0.06838315196687485
identical:0.06033670796197249
state:0.03281127638198291
why:0.021971883705605016
other:0.017028493676937168
following:0.033794003370861254
quotes:0.05999375038040366
also:0.018314779403451435
are:0.007937177550632413
no:0.013898095508426047
phrase:0.06042395694003536
it:0.00423278308320953
not:0.007443333439209443
disagree:0.05244924719653326
statement:0.04287900518139266
rely:0.06211007465615574
whether:0.03527726648002252
indicate:0.058633953107583583
determining:0.07322317774188748
which:0.015949288055771824
writes:0.00816373322243904
of:0.002400501056367144
available:0.03334646701005222
explain:0.04438342627176054
biblical:0.05635784868259895
ok:0.040294434450752245
please:0.07094130951500943
in:0.006580729699795943
context:0.05126840676786385
clearly:0.04487049847437536
yes:0.0329240230926406
or:0.0083248328111492
and:0.004713548327046788
word:0.03788736439707924
for:0.004016652628544123
subject:0.0003295920603952876
explicitly:0.06360188296656653
leads:0.05604685795632046
the:0.004652796357957117
when:0.016144128923996737
agreement:0.0609608101738593
thinks:0.055924622512089454
agree:0.07448284392504788
reasoning:0.05917585673174686
mr:0.12507243252901531
finally:0.044895363898717344
language:0.05034455925600233
is:0.0033169460109958504
argument:0.04344125234740397
man:0.03577838689870616
himself:0.046207178401246524
opinions:0.03525444636444496
conclude:0.0654296990154448
s:0.0076597071710619545
james:0.04271103416835836
