at:0.022588846473190538
rides:0.05052371598116844
your:0.021537302943269446
ron:0.036216225095940476
way:0.014806605295269603
wonderful:0.041078186325704306
beast:0.13877650265840305
to:0.0011779480000776333
bet:0.03686898559837274
line:0.024135074776119564
famous:0.04299928245426167
keywords:0.04913466530170028
she:0.08500365345893544
that:0.011859987194341089
r:0.026497604843838722
like:0.00995418002998866
suppose:0.03294135885154846
its:0.01767371415413821
so:0.017466847818545645
this:0.008974058775579812
sunday:0.03818651277638349
on:0.008666817525457948
you:0.004750418712895059
why:0.015211304103880397
a:0.002387186539908368
was:0.007568043881208425
old:0.022631735746515592
are:0.005494969073514749
those:0.015862526959722737
race:0.03735751904999623
place:0.02324297108817458
not:0.010306153992751537
fifth:0.04279332047495347
girl:0.04511754026541195
be:0.004944113308867276
noticed:0.034668401890207916
6th:0.05086564191803766
writes:0.005651815307842414
if:0.005727781365499225
end:0.023113106004918886
of:0.00664754138686286
easy:0.028322064651784683
they:0.007973672004339691
called:0.022925252101339607
in:0.007593149653610704
fear:0.036801419961559806
and:0.001631612882439273
for:0.005561519024138017
subject:0.00022817911873519915
i:0.006526451529757092
20:0.026878908960731796
lives:0.033268870512250484
will:0.009686370469258842
exist:0.03108140577603509
the:0.005798100076838869
do:0.00613946939236322
her:0.028259904315638705
neighbor:0.043281853926576956
may:0.015906201089229324
fight:0.036406872596062685
last:0.018633867966320498
jim:0.028942997837169828
just:0.010037509089452017
is:0.013778083430290456
horse:0.1390835844801137
ninja:0.10208375028398534
dead:0.08798159320028553
article:0.006925922053988043
opinions:0.024406924406154207
bad:0.023423940570481916
announcement:0.0390606909739939
god:0.022676737023719872
s:0.005302874195350585
