ability:0.024440790643039192
choice:0.023002211429991117
say:0.023140792369116384
there:0.011192426653379847
produces:0.032124325756205184
with:0.003566020590180167
both:0.013693317575050231
to:0.003361461366075197
lies:0.027502326885705267
everyone:0.018643370472640874
then:0.009730977742535386
lock:0.03082688207157919
that:0.021152721063077855
control:0.018595330914274535
re:0.0022801250169400644
so:0.0062305524230787815
two:0.02274133454455258
on:0.003091517227068841
enemies:0.034853451326072815
you:0.01694509114050981
relative:0.030019021199347
moment:0.02566043170336453
them:0.00893816568007464
d012s658.uucp:0.03377460554461502
why:0.010851966952158575
ray:0.10579924064850414
more:0.023257665106476692
a:0.004257634530019497
christian:0.01954781933680839
truth:0.06576324746364519
idea:0.01690473350768754
given:0.016998704629154152
morality:0.05270292054461934
plus:0.021804267402315065
frank:0.04775822410427588
are:0.011760574053680953
results:0.022335876517490614
no:0.006864303269405548
d:0.011108806234006315
desired:0.03329923029175092
it:0.002090581888658366
between:0.014163816134429302
absolute:0.08496225679125378
after:0.011763498095517995
morals:0.06706457293496768
has:0.006492527279796043
provides:0.02693994137219287
netcom.com:0.0392565265209895
degree:0.02702106311381703
be:0.007054405574847211
writes:0.004032087750107088
get:0.008014475459092209
recognize:0.02729953894816574
of:0.0035568399798610725
years:0.013596191603538985
seems:0.014368823715738282
must:0.014130856265118886
they:0.005688534295778925
who:0.007884468745328343
up:0.00819183152653893
accept:0.021781170552821544
one:0.005995798218144039
in:0.00108341281642982
accurate:0.027271112038983962
or:0.012334965689690584
better:0.027270925259773208
and:0.002328033015187743
for:0.0059515035898550115
subject:0.0001627863225123067
we:0.008217950644597379
room:0.02431724683121101
power:0.01647472731811306
than:0.026169535650355995
odwyer:0.03369275785966294
2000:0.026375899427172715
the:0.002757632963374584
wrong:0.016118427175791834
do:0.004379987310405468
can:0.021086975425310083
once:0.01635994631051772
an:0.005474988649766688
peaceful:0.03515587169887387
just:0.0071609058747919875
about:0.006006196221474826
is:0.01146773407460151
either:0.01526562626288633
assuming:0.04839231306913418
right:0.011828497523111584
questions:0.018440099617350682
events:0.024808224737662345
fischer:0.06788334492079241
beleive:0.034201182304413255
proceed:0.03536615326028343
neither:0.022821838112810786
compromise:0.12926355171343976
dangerous:0.025638693495044433
