bbs:0.031131097321197395
means:0.02180457861875964
take:0.03270383277439544
controlled:0.03732821396724844
text:0.0278197210248736
such:0.04437732008002612
service:0.05603986505351297
to:0.00636091920041922
attached:0.07585300795053818
nt:0.00549291193632645
supreme:0.04006439549454921
fixed:0.10464998550276527
books:0.028082599331124315
lord:0.06553237067291283
material:0.12992921651704256
temporary:0.040526072492443464
more:0.009780146352467123
nor:0.026573376899810795
as:0.006154724309361681
said:0.016857729451257172
usa:0.028035551430990194
mind:0.09322017855415807
are:0.024727360830816367
those:0.042828822791251386
place:0.041837347958714244
it:0.005274698919076492
not:0.004637769296738192
energy:0.03527388484994809
minds:0.03781420551818329
be:0.0044497019779805485
things:0.05157059834169807
of:0.0044870904361324305
never:0.03390675739787478
sense:0.05055880071327678
understanding:0.030878113730083277
they:0.007176304803905721
who:0.03978624228411841
in:0.006833834688249634
system:0.03438803583450039
or:0.005187011213100657
and:0.004405354782586037
for:0.012513417804310539
subject:0.00020536120686167922
44:0.03495986950748459
possible:0.019822858638189094
translation:0.036486415189975654
persons:0.03732821396724844
the:0.005798100076838869
do:0.005525522453126898
when:0.010059034175721047
less:0.02114511966612521
dictionary:0.03792650397526909
na:0.06705082260046737
forget:0.029532410272419186
south:0.033243380651221434
interested:0.02213135550319169
carolina:0.044350484297040874
is:0.008266850058174274
self:0.03270856478469366
does:0.01874598175903885
too:0.015019368214342282
condemned:0.04292631173445937
process:0.0278197210248736
by:0.030474937686682035
says:0.01970020572636591
s:0.004772586775815526
