taken:0.03876330940892542
say:0.022324058520794627
there:0.010797399830319382
among:0.04052359374100971
your:0.014822732025661912
from:0.009959673581531478
to:0.001621410776577448
us:0.02423383983747054
day:0.029921212185445554
mail:0.03605077064512772
that:0.008162461774928865
r:0.03647317372622506
through:0.027876038753233256
could:0.017754225356777145
re:0.004399300032684359
this:0.006176263980840224
student:0.04732961731963143
joke:0.0577485466987099
game:0.03496481303424103
you:0.01961643492030783
passing:0.05749733346964438
a:0.004928838091222571
christian:0.037715792602783245
morality:0.05084281746657395
andrew.cmu.edu:0.04793858125561483
are:0.007563663312955595
d:0.02143346143972983
being:0.02289181094029586
tons:0.06823587217278215
after:0.04539326323917532
minds:0.057833490792515624
feel:0.03583854922642562
without:0.026437770409441116
be:0.013610853109116972
which:0.015198733323735503
notes:0.11007798655523574
were:0.01825062702908587
if:0.007884122585451873
of:0.01143768150386698
host:0.05631593643732617
but:0.00782686143824012
years:0.02623265203506345
who:0.015212386755692333
david:0.029369943992288164
bob:0.043341235459165885
become:0.038967326762295855
subject:0.0003140818457884505
we:0.03171162131091694
2000:0.050889970659486174
the:0.005320609482275668
can:0.010171364616914275
human:0.037715792602783245
here:0.02118118712498113
many:0.02180236503033051
is:0.006321708868015621
move:0.0416097072420355
discussion:0.0404455522881199
life:0.06565598478326376
every:0.028613512081616426
professor:0.060289429779128684
show:0.035412572585115674
movie:0.05967547974182786
process:0.042547808626277266
by:0.011652182056672542
happy:0.04468347162923554
