mode:0.022394065768878542
folks:0.02165623304265952
say:0.02219350847096542
know:0.007215644009697671
tel:0.023774550171335534
take:0.012431281463951482
fax:0.0178868031572128
response:0.02053566405045229
from:0.004950714938188161
post:0.015102794177960118
sell:0.020351299994038407
my:0.005556808545791235
to:0.004835786526634494
recall:0.022870498333760363
then:0.009332633624419901
that:0.008114728080338638
think:0.008419579108354124
quite:0.01553332971993802
nt:0.004175897963289114
could:0.008825199738748873
assertion:0.029663250164066478
re:0.004373573131908427
so:0.01792650170850737
anyone:0.009783127190885327
this:0.003070072739014146
he:0.009299024605381493
something:0.011641294252418262
on:0.00592992778057649
you:0.003250286487770303
relative:0.0287901723783211
am:0.009557522553809155
causing:0.02870541794965112
d012s658.uucp:0.03239201935273019
m:0.016009528796679204
a:0.0008166690794423363
how:0.0076921812703457555
christian:0.018747616206061846
was:0.005178135287142605
paradise:0.035566668344020294
as:0.00935806035341542
said:0.01281581771148206
oops:0.03239201935273019
therefore:0.020075587839502137
morality:0.05054549104864077
science:0.01977562705361003
frank:0.09160641816492683
computer:0.01567662517640535
it:0.006015007539297753
not:0.007051579047672104
have:0.0029897696675301334
spread:0.02725916287853186
probably:0.01396037260250999
try:0.014247892820721593
buy:0.017583866229496876
203:0.07321147911187044
university:0.013744678956717271
after:0.011281951389853516
sort:0.01834772694538614
writes:0.003867031526418493
soon:0.02103505050900275
if:0.007838016605419992
of:0.0034112383432585726
trying:0.03153600260898708
cheers:0.025462939627861673
even:0.00981964589336857
department:0.020281143758438223
years:0.013039622356610487
forgot:0.028068276523987055
sense:0.019218257581070118
well:0.009841332807914296
they:0.01091134063751747
over:0.011730647675551799
in:0.0031171877525349207
yes:0.015595589885987653
world:0.014744156074460097
and:0.0033491001271121917
still:0.011939819194324837
subject:0.0001561225549240836
horus.ap.mchp.sni.de:0.03391841599231861
until:0.016731963306225988
i:0.01228003379941137
44:0.053155357145882993
we:0.00788154330826883
back:0.01231787555595051
odwyer:0.09694056647341617
2000:0.025296184245943418
the:0.0008815824678234537
do:0.008401379168497036
when:0.007647218963998455
got:0.012936572056319146
can:0.005055941476243938
maybe:0.015484871826563298
last:0.012749488608535075
an:0.005250866307378577
makes:0.016333203989777625
here:0.010528660266803484
people:0.008802766901012383
about:0.005760328539893986
interested:0.01682500710768959
busy:0.029864923708342324
is:0.004713554857730945
right:0.011344290022165493
entered:0.029326237808296674
matter:0.017666099484798494
first:0.01097985280345638
simon:0.189904687848341
article:0.004738788773781292
opinions:0.03339894918736891
saved:0.02709715935485153
virus:0.032236064691431005
thus:0.019481608613311725
respond:0.023649168117312904
by:0.011584040641136445
s:0.0072565646883744825
