at:0.009575706657113381
there:0.009975858538882037
take:0.023105968807996775
hand:0.03431782016796384
whom:0.04574250868860633
my:0.041313663536100054
invisible:0.06491194990883849
to:0.005992170261264482
me:0.01177813783048418
he:0.017284056603480816
you:0.006041293363138281
lord:0.046300044497166674
a:0.0015179392672243423
nor:0.03754933692364568
as:0.008696893045837156
said:0.02382070465938513
no:0.036709100092907926
not:0.013106739316868801
have:0.0055570718820397045
thou:0.12193464995486464
shall:0.043041065369921236
ex:0.1789040731249383
his:0.02004814175549192
be:0.01257524472037981
seen:0.1408948310120844
what:0.010004805467354686
pick:0.04369624464171754
tim:0.044325101084089005
system:0.024295894883070924
and:0.01244991568991706
for:0.0070728013676537825
subject:0.00029018431404367716
i:0.00414997189663902
away:0.0300976476774312
face:0.19506910820356302
any:0.011122687677052252
will:0.012318536357644395
the:0.0008192967499881011
see:0.07692981571352939
can:0.028192369318621086
friend:0.03775216760535659
an:0.009759762375671052
jim:0.036807942901618144
moses:0.06610761181334207
is:0.002920354640115912
time:0.01716858662938819
man:0.12600214516500866
life:0.030330210361833802
1:0.021288303173094658
live:0.03365965515160498
john:0.02914650434328093
god:0.14419446911821873
