taken:0.015917300965017683
read:0.010951705613033437
go:0.009398223438618972
ask:0.014080012484813368
at:0.004255869625383725
out:0.01707503042145594
there:0.004433714906169794
know:0.005960749399315467
all:0.004609023336455513
pass:0.01961002521831544
your:0.03651977455597862
way:0.008368950819065427
response:0.016964244215591024
from:0.004089721035894568
work:0.009782958763238182
post:0.012476221277445316
both:0.010848811991827237
my:0.004590407059566673
to:0.005992170261264482
most:0.00896906021240115
threat:0.022306056660907396
that:0.00670347102288844
realized:0.025304010707888604
produce:0.02036463424555747
could:0.007290382392879504
re:0.0018064758588317417
nope:0.02638199887848865
wait:0.017736230942560955
so:0.009872566158308406
hypocrisy:0.02855688294587781
had:0.0074126013801069325
this:0.007608441135817667
reply:0.017348775455821953
getting:0.013102423054225536
he:0.015363605869760726
these:0.008003072333811317
on:0.002449317996325072
you:0.024165173452553125
am:0.007895344718364084
m:0.006612631459497933
why:0.008597693623932397
answers:0.02024449865822407
more:0.01228424179536933
a:0.0040478380459315795
how:0.0063544106146334505
other:0.0066633236127145445
said:0.010586979848615613
capable:0.02119700138726247
promises:0.02695855326318704
are:0.006211704170060149
taking:0.016458695817157514
missed:0.02099484143588324
it:0.0016563064238645988
should:0.007936290542190721
deleted:0.016972847811586166
have:0.0024698097253509797
being:0.009400018985145643
only:0.00644220404961008
kind:0.013311723173734588
states:0.01668048181379557
determining:0.02865254781204293
public:0.02863521350783182
blue.cis.pitt.edu:0.02884975551503933
without:0.021712178597125553
writes:0.0063890086088653365
of:0.00939326500317578
trying:0.026051480416119766
what:0.004446580207713194
explain:0.017367427671558473
particular:0.01638189105354496
ok:0.015767387393772616
again:0.023592938532444617
assert:0.02675862468269016
please:0.009253214284566448
must:0.011195461002316411
they:0.0045068580894093895
find:0.01022438037523377
who:0.006246632242675595
david:0.02412024385840091
one:0.004750294240461944
in:0.0025750681433984127
context:0.060184651423144525
responding:0.025706820412908175
according:0.01661606862118946
message-id:0.02731133169321066
or:0.01954525964356769
and:0.004611079885154467
still:0.019726657799319296
for:0.003143467274512792
subject:0.00012897080624163428
i:0.00276664793109268
example:0.013581445138927076
person:0.02710332791375701
we:0.006510840124222077
back:0.010175636328828683
the:0.0010923956666508015
wrong:0.01277015486391237
waiting:0.021135460199931892
do:0.0034701348739444283
when:0.006317267839824811
quote:0.038985100604256896
can:0.004176647306462384
did:0.007941599243685822
once:0.01296150335712515
maybe:0.025583701278669796
an:0.008675344333929823
jim:0.08179542867026254
just:0.005673374702733748
btw:0.018124591886199685
about:0.0047585322720863354
loving:0.025208345841723486
is:0.002595870791214144
either:0.024189011662930995
time:0.007630482946394752
keep:0.012799104271139715
every:0.011749509791968097
article:0.007829303191464744
neither:0.018081069809183423
takes:0.017274878521640922
emotional:0.025706820412908175
god:0.02563457228768333
s:0.0029972767191111995
james:0.03342602674045437
