taken:0.04170735822479317
some:0.029557895572996307
mark:0.038020556510027725
know:0.015618672476687365
all:0.012076807982864445
small:0.03783222658564571
send:0.037130976213623074
your:0.031897018283069935
name:0.034964968428231026
to:0.003489111797698306
liberty:0.06307959491340963
me:0.01371631241018411
need:0.024319012550597926
re:0.009466848171599254
so:0.012934311359302786
anyone:0.021176136071410015
on:0.012835666461754176
you:0.014070860491360047
am:0.02068780198356159
passing:0.06186421955594648
a:0.0035354534831554306
as:0.01012802734451922
local:0.03868839812551838
also:0.018778444704804637
contribution:0.0731981948351217
frank:0.0495718275512737
d:0.023061319270595387
it:0.00433994214860724
not:0.007631772260455251
have:0.0064715267487044665
ve:0.023102958215537144
robert:0.04044825353111017
b:0.03874567527233217
call:0.03363235567086972
be:0.014644588788290412
of:0.0049225464700187
what:0.01165116586071685
brief:0.06464432853324731
they:0.023618218341968193
in:0.006747330451689512
threw:0.06643013357451194
office:0.046211872317040006
or:0.008535588072190953
and:0.004832878664440378
few:0.02893199368235806
subject:0.00033793616319010504
i:0.007249317996660567
appreciated:0.04284509011615497
info:0.037283486827751865
ol:0.07175586243829614
any:0.012953003370744396
information:0.03087115549979449
the:0.002862353202490075
would:0.023611383445680405
propaganda:0.06431552490788958
address:0.04041546017637482
about:0.012468559244580651
is:0.0034009193277299227
days:0.037699400310761674
time:0.01999379708738878
cup.portal.com:0.06821206463629778
