cite:0.0272808865444424
go:0.010132459644761078
week:0.017957493772945747
at:0.009176718879733656
search:0.022224746350909978
existing:0.02255037321018776
where:0.009622170824134175
own:0.011804638726812474
ca:0.02142238120929501
wrote:0.013414452993191984
longer:0.017678182335282164
my:0.009898065222190638
to:0.0028712482501892307
kent:0.04793076445272282
famous:0.026202687745565702
day:0.02649273995586325
might:0.011078568416033573
next:0.013949895957026955
been:0.007641877016778329
that:0.0090339746206895
sandvik:0.07810802056347566
church:0.058551185001387625
nt:0.014876636494217468
re:0.0019476067853029715
so:0.005321930194713125
child:0.02065294073302809
he:0.00828194378916789
laws:0.019332676630405686
sunday:0.11634953111554344
on:0.013203354823939842
clarification:0.0309962505438042
bible:0.01874444532217342
sin:0.06727759586722651
prove:0.061357786561149964
a:0.005091421292148316
speaking:0.021955621295991646
other:0.007183895769957868
christian:0.01669709568352383
nor:0.01799239060924689
want:0.019714562163668556
as:0.008334522502260609
private:0.01848792251913829
technically:0.028920005007149176
services:0.0208159459763714
across:0.02009981313455126
cd:0.023245849213440486
christians:0.03746868371916115
not:0.009420468883999451
should:0.02566893972239812
being:0.010134395468360147
states:0.017983644455498347
has:0.0055457003848257864
worship:0.02655295976123845
personal:0.01746820557914435
teachings:0.027386108978387814
newton.apple.com:0.052490409976956004
if:0.00698073353920218
of:0.004050845532619555
cheers:0.022677930606064302
even:0.017491244247562765
saturday:0.051909249980826674
but:0.00346501678255422
never:0.02295770032147771
street:0.02077098166832607
they:0.004858956377644498
alink:0.027715165757666627
commandment:0.03391091610596786
in:0.001850830228067609
system:0.011641782964804817
use:0.01732062008070154
repeat:0.024486650239679025
and:0.00497132050118216
for:0.005083575983001156
subject:0.00013904665047926196
purpose:0.019587924438253055
i:0.0059655846014185915
explicitly:0.02683204437652026
we:0.035097497544634634
cd-rom:0.02683204437652026
any:0.005329621178587538
will:0.005902632004704606
ksand:0.02837839191587809
the:0.003533217234323686
do:0.0037412391609713365
baptist:0.03192462674904544
violation:0.05366408875304052
can:0.018011791509119027
did:0.008562036684598777
here:0.009377088050121853
jesus:0.03617916062180006
is:0.0041980097951666235
time:0.008226614426581841
sabbath:0.06410646821257392
break:0.020438575772124407
their:0.00788376884677976
every:0.02533488048893121
activities:0.022012131796116986
words:0.017228432976600906
position:0.03586294747096054
article:0.004220483751648963
jewish:0.019919308270962492
meet:0.022344483424996956
holy:0.023593200122287737
online:0.02637487973650783
god:0.013818636623829296
