some:0.008164593532401078
at:0.006160594492688329
objective:0.12471623327921523
say:0.053078181098392824
principles:0.0352958731253447
means:0.03964468839774479
take:0.014865378533816108
your:0.01762142968085682
with:0.00408970193559124
ca:0.014381458713932316
wrote:0.018011013809040986
both:0.015704224351805858
hair:0.03818932704788217
to:0.0009637756364271544
look:0.016581596673258116
then:0.011160002445984637
ten:0.028153770926977826
trust:0.02901656128474359
that:0.004851812943139536
think:0.020136336049350424
nt:0.009987112611502636
re:0.0026149685508962974
error:0.026331875238965022
this:0.007342411725474392
student:0.028132989315864835
two:0.01304048554303015
on:0.007091032520829229
you:0.03886706219641412
moment:0.029428746848613865
bible:0.025167367145855223
a:0.000976576311780696
sorry:0.022219697096074298
christian:0.022418478120535493
ears:0.03818932704788217
mac:0.023994979963714236
morality:0.15110627568737015
others:0.01885544211935941
play:0.02239103659287022
it:0.0047951808355240835
have:0.010725537338761948
whether:0.0599466835989194
copies:0.031574994641478685
second:0.019228641794771094
after:0.013491004808845812
talk:0.024192963410049142
yourself:0.02451940329632582
be:0.004045183616345953
writes:0.004624212524598338
listed:0.03174682163959411
depends:0.09033075808746496
of:0.004079173123756755
what:0.006436658062913505
but:0.004652330225527345
years:0.015592835125737017
again:0.017076007958797327
well:0.011768307064009404
please:0.013394512985351431
who:0.009042327791845092
over:0.01402755770992558
one:0.006876300054374982
in:0.0037275461935907094
accurate:0.03127596066009349
or:0.004715464739182415
and:0.005339823978892166
subject:0.0001866920062378902
i:0.0013349559947230414
acceptable:0.03236478772665767
we:0.018849565114880697
2000:0.03024928325913514
the:0.002635500034926759
do:0.005023202230115361
see:0.012373327002875358
would:0.013044050994466799
can:0.006045916031032961
eric:0.02788831105117906
an:0.006279007961970187
places:0.02667707609993241
just:0.016425014873648756
commandments:0.04161734338748536
jesus:0.048576215660039244
subjective:0.037522822294005775
general:0.020618394147465392
qualified:0.04031862208821897
is:0.0056364886760279145
ux1.cso.uiuc.edu:0.08794059218226041
define:0.029893397893426123
first:0.026259508103371205
article:0.00566666349871749
upon:0.024252276802048507
god:0.018553693928498077
defined:0.030565242859087818
