above:0.015295820393980591
go:0.010929394673000714
objective:0.15029006763141384
round:0.024722936471905835
say:0.010660365023974962
means:0.04777407674896774
way:0.009732431570486198
further:0.019931653938659474
into:0.01006069608417071
from:0.014268071703879363
wrote:0.014469522329735175
my:0.005338282367024164
to:0.0007742691910622645
stop:0.018673893902138413
kent:0.025850299929558375
value:0.02097670123458802
perhaps:0.016227312009213738
that:0.011693414340487982
sandvik:0.0561675653490162
think:0.024265416194301493
its:0.011616991887832417
need:0.010793269615153013
re:0.002100789341450396
so:0.01148101794814517
this:0.002949339541412466
mean:0.014850685712527305
pushed:0.02869046041644122
you:0.02497972986106615
des:0.026379808571390894
used:0.011092491619870032
them:0.00823516388501259
working:0.01780078095902588
d012s658.uucp:0.06223635179007711
why:0.00999844146153936
more:0.007142803515846775
how:0.007389679759714181
other:0.007748921279954555
christian:0.01801035040020548
basis:0.06281811702873032
as:0.013485070116017165
morality:0.07283662052795707
science:0.07599173541949023
frank:0.08800391857417128
are:0.003611861694388907
results:0.020579122184654273
atoms:0.06833595827896034
reason:0.015012426539373751
it:0.00963077049831382
not:0.010161404638920755
should:0.009229281697940897
buy:0.016892365872157113
after:0.01083827914418512
has:0.017945637200335127
writes:0.007429914505815307
get:0.007384123456691699
down:0.013282952679512123
newton.apple.com:0.02830943459431335
if:0.0037648899986708387
of:0.0021847256805139176
what:0.015513069151628615
explain:0.06059085721369557
years:0.012526828218990973
saying:0.01694693920766539
well:0.018908628203970167
they:0.00524112148599856
now:0.009280417965608113
code:0.018205126462537618
in:0.005989203434645746
better:0.01256301051292923
and:0.0010724646474460388
subject:0.00014998290388774325
horus.ap.mchp.sni.de:0.06516909140097171
values:0.1439644843935933
i:0.0021449292948920776
we:0.022714784927763538
any:0.011497609733582104
than:0.008037085855165512
odwyer:0.06208553133690699
2000:0.0243013904834625
the:0.002117283735924306
do:0.008070987852881985
see:0.009940369446130203
would:0.005239604753395371
can:0.004857112317065805
eric:0.04480930876762478
people:0.008456590674568075
subjective:0.030144739258667563
stops:0.030473369633283343
is:0.0045281903408538856
privacy:0.02654554264103527
keep:0.01488435159621304
does:0.006845442777177108
article:0.01365729573567305
before:0.011944911613610361
built:0.02074436873075704
s:0.010456791250382331
