simply:0.0637217362475706
say:0.03953218696390715
bradley:0.11511692268718171
then:0.033247507286995895
family:0.08209306393999305
that:0.0216815390896548
nt:0.014876636494217468
re:0.007790427141211886
he:0.03312777515667156
kmr4:0.1156800200285967
laws:0.07733070652162274
on:0.010562683859151873
traditional:0.10398062788752949
m:0.028516973169084834
christian:0.06678838273409532
j:0.0636276804068513
seth:0.12983713520576684
local:0.063674655248249
morality:0.09003415593039138
d:0.03795508796618824
it:0.014285642905832164
not:0.012560625178665935
keith:0.08209306393999305
after:0.04019195182635315
writes:0.013776299812865881
ryan:0.09260286877090165
years:0.04645365464542486
in:0.003701660456135218
po.cwru.edu:0.09933180390181678
subject:0.0005561866019170479
i:0.003977056400945728
we:0.028077998035707707
2000:0.09011765637617343
do:0.014964956643885346
can:0.018011791509119027
did:0.06849629347679022
is:0.011194692787110995
too:0.04067745558051034
article:0.016881935006595853
says:0.053354723842241
john:0.055864133324621784
god:0.11054909299063437
