some:0.014414035495473506
say:0.023426481163796833
there:0.011330604760211697
all:0.011778615193164088
case:0.030513717374157475
existing:0.053452736498222846
tony:0.05707092070916923
from:0.031354527941858355
organizations:0.11741985351329996
name:0.03410163587444754
kent:0.05680683194396778
most:0.022920931653914046
that:0.004282773153512059
view:0.042041342626970755
cleveland.freenet.edu:0.05286936754945068
really:0.02409130547149291
nt:0.008815784589165907
this:0.0064812646712520865
these:0.020452295964184474
you:0.01372343183725239
none:0.044722348548411034
them:0.03619405361808002
more:0.015696531182971922
other:0.017028493676937168
same:0.02397646111763719
harder:0.06042395694003536
are:0.02381153265189724
should:0.020281631385598513
have:0.006311735964785838
probably:0.029471897716409977
systems:0.037042186670155686
doing:0.03309509759463352
be:0.007141497001697176
of:0.004801002112734288
order:0.03462119581645052
please:0.02364710317166981
competing:0.209952338245385
world:0.031126551712749095
and:0.004713548327046788
subject:0.0003295920603952876
i:0.007070322490570182
than:0.01766174422493162
the:0.0037222370863656934
do:0.008868122455635761
century:0.05515829623255392
orders:0.12084791388007073
maybe:0.03269028496718918
may:0.022975623795553467
an:0.011085162204465884
just:0.014498624240319578
about:0.02432138716844127
today:0.03505094155306608
write:0.04017498672824091
spent:0.10720598004879767
time:0.03900024617046206
study:0.045745349980676524
their:0.018687452081255728
article:0.010004109633538283
three:0.036030716129289785
opposite:0.05957803167538406
s:0.0076597071710619545
