some:0.0044905264428205935
believe:0.008356430308962848
typical:0.017148482075892094
out:0.004531450381078692
say:0.014596499802058027
there:0.007059838350593442
all:0.011008474968995667
case:0.009506196566564446
take:0.00817595819359886
truly:0.01676270565011684
with:0.0044986721291503644
hell:0.013128388171084214
from:0.0065120942648475046
suggests:0.018963251987634544
to:0.004770689400314414
stop:0.012784435056079376
bizarre:0.022445258528032933
besides:0.015577256900526497
apart:0.01771791707573494
us:0.007922601485326908
perhaps:0.011109467452461714
make:0.006769540320575784
that:0.009339739915543608
problems:0.010550281676506821
produce:0.01621338188011691
movement:0.018105007559502968
nt:0.008239367904489675
debt:0.02281183614266495
could:0.017412797946069893
its:0.007953171369362194
re:0.0028764654059859275
so:0.011790122277518309
policies:0.020107614944922206
this:0.006057489673516374
jon:0.015959108706608976
on:0.0019500339432280383
western:0.07866399545568077
children:0.025787514369373276
them:0.011275839781017238
fed:0.022110599385765123
dying:0.03915007854934361
why:0.006845086846746179
more:0.014670219528700684
a:0.002685584857396914
christian:0.012330162966294522
as:0.00923208646404252
idea:0.010662985751002909
shit:0.01853546108336445
awful:0.01934967710441775
implies:0.019958230970628883
abortion:0.04303542431132057
morality:0.016621690325610717
evidence:0.012375800132742604
third:0.028098346128214505
far:0.009574531046620776
are:0.0049454721661632735
those:0.007138137131875231
caused:0.015316592996366028
fighting:0.052614192389804366
it:0.003956024189307369
have:0.001966348512106357
only:0.005128985531804949
ve:0.007019744996259363
rights:0.013358459306510794
money:0.011923922179727424
against:0.049678476772266285
mathew:0.04127510452340636
bank:0.018314215528986807
terrible:0.01947683426695963
after:0.007420052644865198
mantis.co.uk:0.021052509807900046
be:0.0044497019779805485
writes:0.002543316888529086
get:0.00505528452035047
if:0.005155003228949302
of:0.0044870904361324305
but:0.0025587816240400397
years:0.00857605931915536
instance:0.01644136884138437
well:0.006472568885205173
they:0.025117066813670024
policy:0.014756720165074231
good:0.006230807120613459
fido.asd.sgi.com:0.023391924180105658
over:0.007715156740459069
diet:0.019608339515991474
in:0.004100300812949781
economic:0.017636942424974045
accurate:0.017201778363051423
ought:0.019196423610005446
world:0.0484855901679361
solntze.wpd.sgi.com:0.019885659877150488
and:0.0029369031883906913
for:0.0062567089021552695
subject:0.00010268060343083961
forced:0.01746075190177676
i:0.0007342257970976728
we:0.020734521626368768
directly:0.013971155098063001
pay:0.012818623315376474
lives:0.014970991730512717
will:0.0043588667111664784
livesey:0.039420011778661064
than:0.005502312623921005
2000:0.016637105792524327
the:0.0052182900691549825
do:0.005525522453126898
interest:0.014049173064107252
got:0.008508283929348362
can:0.009975761451204386
instead:0.01179897812147939
countries:0.048640145640350727
simple:0.012689186757524003
an:0.003453454379083603
human:0.012330162966294522
long:0.009155043250417634
many:0.0071276962599157445
interested:0.011065677751595846
china:0.0459376876277934
is:0.0051667812863589214
save:0.027865463326317647
export:0.019958230970628883
lack:0.014921234841933027
lot:0.00953289764717458
encouraged:0.02059409243380344
goes:0.012396258446117988
too:0.007509684107171141
every:0.009354417411297678
supposed:0.014033442351601389
article:0.0031166649242946195
give:0.00908937027444618
majority:0.015856879330437005
answer:0.023355931093298896
by:0.022856203265011525
s:0.007158880163723289
