some:0.0072517818331264226
read:0.01408076435961442
believe:0.01349485639956733
out:0.007317870180623974
there:0.005700490593646878
played:0.025193807584809474
help:0.013292501366719235
tried:0.019241391633768142
media:0.024543206153386718
islamic:0.0569640376458789
with:0.003632468178817064
way:0.01076007962451269
times:0.017456373549646128
iastate.edu:0.029851849690108095
often:0.03860025327054293
my:0.005901951933728579
via:0.021231250798854937
to:0.0034240972921511324
attacks:0.02854705795254998
value:0.023191632420848866
h:0.021945230585680226
appreciate:0.023846045561580705
been:0.009113294330567945
that:0.004309374228999712
like:0.01446756600631892
serbian:0.03735688823622321
its:0.025687261565641863
scott:0.023739609025909977
so:0.006346649673198261
anyone:0.010390774842493112
comments:0.02288201872067764
had:0.009530487488708914
islam:0.08728034353987275
this:0.009782281460337
recently:0.020554730214830366
terrorist:0.16393640406997506
on:0.0031491231381322355
western:0.025407004743449688
you:0.0034521676360790175
serious:0.022341575385338323
m:0.008501954733640198
a:0.004336969334926693
how:0.024509869513586167
christian:0.01991206441761848
wondering:0.022353624235138488
was:0.010999517193806032
hearing:0.02816666276471943
as:0.004969653169049804
local:0.018983748148546285
place:0.01689085476594053
action:0.022868901123142587
it:0.0021295368306830553
not:0.007489565323925029
have:0.003175469646879831
always:0.01650283290682427
has:0.013227012097969577
upset:0.032113488000367243
things:0.01388028526795186
if:0.004162424967474591
explain:0.022329549863432323
they:0.0057945318292406435
who:0.01606276862402296
up:0.008344474350014812
in:0.003310801898655102
or:0.008376539847243295
and:0.002371412512365154
for:0.002020800390758223
subject:0.00016581960802495836
however:0.014888813069546043
i:0.004742825024730308
person:0.01742356794455808
we:0.016742160319428198
any:0.01271164305948829
suggestions:0.049155234423240705
the:0.0032771869999524044
do:0.004461601980785693
see:0.01098997367336134
when:0.01624440301669237
would:0.005792854944747677
can:0.010739950216617557
friends:0.04939915957251846
an:0.016731021215436088
human:0.01991206441761848
just:0.02188301671054446
about:0.00611811292125386
middle:0.02495093351018995
press:0.06684503777827949
interested:0.017870038605061613
is:0.0066750963202649415
east:0.02528980918876408
right:0.012048904309256519
violence:0.02923790040665075
life:0.017331548778190743
hear:0.02058187306993048
tied:0.03182982317531639
paper:0.02395433787103475
somehow:0.02641064237273401
change:0.018459683900065138
image:0.022987968925053892
e-mail:0.01707885575560414
article:0.005033123480227335
written:0.022257881605317453
takes:0.02221055809925261
bad:0.01702236674997754
close:0.021583311901680374
by:0.012303546271020696
