above:0.04391380693755718
apologies:0.029293823913164485
go:0.010459313181688856
week:0.018536767765621416
at:0.004736371034701242
modern:0.022078108091622802
service:0.01958382380902335
from:0.004551463733495568
longer:0.01824844628158159
unto:0.029927066040349344
my:0.005108678824356459
to:0.008150640194085559
hudson:0.030078522368127282
ten:0.021645103454611986
matthew:0.0230444749506532
day:0.02734734447056852
relevant:0.02417200468711594
that:0.00746031452547262
church:0.08058657720621093
12:0.019104219524795893
this:0.005644972455606656
mean:0.014211946542096026
sunday:0.024020548359338
on:0.013629269495679837
you:0.011952666438897246
lord:0.022901097278168463
harvey:0.030002260889675905
clarification:0.03199612959360434
great:0.013555111229745575
a:0.0015016173396197798
other:0.007415634343182317
christian:0.017235711673314925
was:0.00476054373172788
question:0.02347296863814091
stuff:0.015717293293944206
are:0.013826051217230658
no:0.0060523964310887635
christians:0.07735470187181658
recognized:0.026875878043346464
it:0.0036866175240857202
not:0.01620725829505282
deleted:0.01888913708063622
have:0.002748659210471252
only:0.01433909933622889
whether:0.015362680563880779
whose:0.02012248091667188
doing:0.014412381210566212
command:0.022130390617923847
worship:0.027409506850310662
minor:0.023365226759289415
his:0.009916285169383102
personal:0.0180316960816974
which:0.006945657701707086
writes:0.003555174145255712
of:0.006272276953733505
saturday:0.02679187095784603
opinion:0.017791997659073598
what:0.019794453827884542
requirements:0.026163261613443324
please:0.010297932026372338
they:0.005015696905955612
who:0.01390379434660052
authority:0.04548357307669853
good:0.008709730383653223
commandment:0.07000963325103042
in:0.002865801643459524
clearly:0.019540378367873142
or:0.007250660835517047
and:0.004105348542911719
for:0.0034983748700223014
subject:0.00014353202630117365
spoke:0.027551621135623327
fourth:0.025945271858634995
we:0.014491869953913657
source:0.016770257858601208
the:0.00607865330636333
do:0.007723848590392437
when:0.0070305077572243874
can:0.0046482042604178144
major:0.017615204154396734
law:0.03233162500262329
serves:0.027747146104283943
7:0.017158755531888743
note:0.015923059671389773
commandments:0.03199612959360434
jesus:0.018673115159638744
paul:0.0352152956033232
is:0.007222382443297416
issue:0.01683526885733792
keep:0.014244164430784523
does:0.01310203026169382
hear:0.017815492280961333
every:0.013076067349125788
position:0.01850990837210867
article:0.00435662838879893
holy:0.024354271093974443
give:0.012705571351376382
going:0.03512605942015617
answer:0.01632403786090783
prophets:0.030155881171633193
fault:0.023801075270519428
by:0.005324921907619173
