help:0.07133642400139323
kent:0.15337844624871302
that:0.01156348751448256
sandvik:0.3332608877374961
harvey:0.1860140175159906
was:0.02951537113671285
truth:0.11983525093375347
died:0.13520676737181084
it:0.011428514324665733
not:0.020097000285865495
spread:0.1553772284076316
strength:0.17329031677932202
writes:0.022042079700585412
newton.apple.com:0.16796931192625922
of:0.006481352852191288
good:0.05400032837864997
in:0.005922656729816349
subject:0.0008898985630672766
the:0.002512510033296843
jesus:0.1157733139897602
paul:0.1091674163703019
is:0.03582301691875519
ignorance:0.48258205657061093
article:0.027011096010553366
