say:0.012483848514918048
there:0.006038019641954917
anyway:0.020056011984503512
consideration:0.032992017534333756
way:0.02279437920455978
much:0.022989432494209622
compared:0.027123609381010664
hitler:0.03359803917188511
to:0.006346969816207773
northern:0.03432978677129448
clock:0.028224610642101418
enough:0.01600097715090392
that:0.013693603635571452
nt:0.004697885208700253
me:0.00712887289739832
re:0.0024601348866984903
happened:0.02218619012327915
so:0.013444876281380526
access.digex.com:0.02942409456837743
m:0.009005359948132053
more:0.016729197708167446
a:0.0009187527143726282
christian:0.021091068231819575
classic:0.03365600384084666
was:0.005825402198035431
as:0.005263908948796174
listen:0.02809833138383729
course:0.016093103946710652
across:0.0253892376436437
explanation:0.030342051221489776
are:0.004229680142113326
likely:0.02175268950611663
dick:0.033205985900817706
pagan:0.040654860239417015
it:0.006766883481709973
not:0.011899539642946674
made:0.015299865473144745
probably:0.01570541917782374
try:0.01602887942331179
whether:0.018799069637380424
settle:0.0366212781809538
historical:0.0297054225903385
strongly:0.030703622828600022
evil:0.054956233084323694
talk:0.022760485313401493
sun:0.07161497968616133
be:0.0038056661653781006
rotate:0.04001250188702283
were:0.010205942746528283
heavens:0.04195634539290333
of:0.008954500651053753
but:0.008753726608558028
humans:0.02967356321878726
now:0.010867857880777923
one:0.012938301418100295
in:0.00233789081440119
southern:0.033260583287756496
moving:0.027901194616061394
or:0.008872519180303753
force:0.02351318499220244
use:0.010939338998337815
and:0.0012559125476670717
still:0.013432296593615441
subject:0.00017563787428959404
i:0.0012559125476670717
valid:0.02825015998438035
images:0.027999024632373574
the:0.010413692901164548
sky:0.03066655823834834
do:0.004725775782279583
represents:0.03452618784464765
would:0.006135852934897211
because:0.046440060497224045
may:0.012243588996314676
just:0.00772624054911767
engineers:0.03592811689373125
about:0.006480369607380733
is:0.007070332286596418
does:0.00801637377853635
life:0.018357758903215195
goes:0.021204126289412345
thru:0.03395374457497903
observation:0.03452618784464765
first:0.012352334403888427
tree:0.034014944526704775
although:0.020787759583912883
little:0.015429859880910947
give:0.01554760704839478
going:0.028655469526969506
represent:0.031619393421759234
s:0.01224545291163194
