go:0.04744956711692993
out:0.028736026806840485
there:0.022384853306759694
further:0.0865325463678387
hitler:0.12455858424698872
colors:0.2224339840869778
re:0.018241000135520515
access.digex.com:0.10908444815593585
christian:0.07819127734723356
was:0.021596613026863064
as:0.019514979517488255
red:0.1762253148752464
blood:0.10187009059533172
drinking:0.13143300259189086
are:0.01568076540490794
dick:0.1231051184615681
pagan:0.15072045747296067
points:0.08939405581635201
of:0.00948490661296286
iron:0.13171827185440774
or:0.016446620919587446
and:0.013968198091126456
still:0.049797782493403595
subject:0.0006511452900492268
back:0.05137455414798872
the:0.011030531853498336
german:0.11452697379774585
white:0.08290168648342908
black:0.172173285670436
