since:0.02198705080663386
out:0.012947001088796263
true:0.02838770101272359
controlled:0.05332601995321206
storm:0.06163729558157993
with:0.006426674470214807
knives:0.06658143701761288
to:0.0030290091430567713
most:0.020402147955681738
that:0.007624277482076414
anything:0.02550814450900444
re:0.004109236294265611
sa:0.14232537522053976
on:0.00557152555208011
suggest:0.04034505280340789
access.digex.com:0.04914793818014693
more:0.027943275292763206
a:0.0015346199185125222
truth:0.03950612668145719
evidence:0.035359428950693154
flaming:0.12115092444471874
are:0.007064960237376105
no:0.012370832265741868
dick:0.05546494348268453
place:0.029883819970510175
not:0.006625384709625988
being:0.021382460768408225
left:0.03213632069780837
has:0.011700818394357704
crowd:0.05884026409658125
his:0.04053690201110455
be:0.006356717111400784
which:0.014196619038654042
considered:0.037833439090244086
were:0.03409457796642416
of:0.010683548657458167
trying:0.02962998047327908
available:0.02968202008587066
but:0.007310804640114399
bearing:0.06229355090797138
they:0.010251864005579602
find:0.023257656457949343
one:0.010805614371160687
in:0.0019525241966427526
or:0.014820032037430448
world:0.027706051524534914
better:0.024573800783531902
and:0.00629336397512291
still:0.022436363540984036
for:0.0035752622298030113
subject:0.0005867463053190835
concrete:0.05947564399645845
wing:0.06163729558157993
nazis:0.05767011596029059
than:0.01572089321120287
the:0.009939600131723776
when:0.014370048822458638
less:0.030207313808750302
accused:0.06029001731682903
long:0.02615726642976467
is:0.002952446449347955
night:0.03678939391850577
trouble:0.041921119585608076
records:0.054180719964670124
data:0.03224555629896497
