case:0.02206795631523889
tony:0.04127450515573846
from:0.015117361686253135
name:0.02466279023062724
to:0.0012305349643668131
that:0.009292088181280628
quite:0.02371606591169108
cleveland.freenet.edu:0.038235881888442014
really:0.01742317627849041
re:0.003338754489090808
this:0.009374686399489624
off:0.03899031157064911
you:0.014887472930590763
assume:0.030995433529367643
fought:0.05260586324946076
none:0.03234384136090441
them:0.01308802831725215
support:0.0244549670494063
more:0.04540782235074021
a:0.0024937573675828484
same:0.017340119201148325
y:0.038065808719060804
hearing:0.04048957772428418
harder:0.08739893771683686
evidence:0.028729536022438183
are:0.01148056038573617
it:0.0030612091941068925
not:0.01076625015314223
statement:0.031010709104400052
have:0.009129475234779515
being:0.01737324937433168
probably:0.02131449745561793
spin:0.10487158016015911
real:0.022835659410698636
doing:0.023934847367547456
war:0.06315759134951816
has:0.009506914945415633
netcom.com:0.0574827709771632
be:0.01549449795903941
writes:0.005904128491228235
of:0.00868038328418476
what:0.008218233062469922
saying:0.02693352838361106
fact:0.021413099362757492
order:0.025038543402968676
well:0.015025606340654864
now:0.014749235695341466
in:0.004759277729316709
become:0.029573417632099534
competing:0.050613510112726745
total:0.03268763835539644
and:0.0017044527432624546
for:0.002904900561714946
subject:0.00023836568653587764
i:0.003408905486524909
everybody:0.03640990446193026
usenet.ins.cwru.edu:0.04650331619903033
we:0.012033427729589017
information:0.021775190040033615
than:0.01277322573410233
the:0.0020189812767563917
would:0.008327228983074786
can:0.007719339218193869
orders:0.04369946885841843
claim:0.029153920042857016
may:0.03323259870428269
just:0.010485612173802552
interested:0.02568818049477607
is:0.0047977254801904266
max:0.0850302863845816
spent:0.038766448142645585
time:0.014102767588426013
study:0.06616738122204997
article:0.007235115002826795
three:0.026057928629218505
opposite:0.04308768362237597
everything:0.055172544355772374
s:0.005539609650500163
