kills:0.037358619352382404
out:0.007907228852888993
say:0.012735201169580828
all:0.006403139802995243
became:0.02903119131581426
hand:0.021189526546662237
with:0.0039250159516077
way:0.011626663218433177
into:0.012018818140821385
to:0.0018499317585111822
famous:0.033764537229185335
death:0.02251957304722431
ai:0.032568240374109374
knock:0.03656812918019191
that:0.009312875850589982
think:0.009662738439788961
like:0.007816369553749484
nt:0.009584947002985752
paradox:0.043014182537153604
me:0.0072724072510372125
re:0.002509667803880339
mean:0.017741087629730607
jon:0.027848109152472034
on:0.0034027437935522814
harvey:0.03745248674818603
etc:0.015586067029921043
beat:0.02916733004850893
a:0.003749004364688309
other:0.009257100589475912
christian:0.02151572061232601
was:0.017828076525531252
as:0.005369893692731667
mon:0.03624462514114575
definitely:0.028562763383360962
morality:0.029004291843347556
act:0.025044517201465465
course:0.01641712617382563
no:0.007555340511292012
it:0.0023010431526172613
not:0.012139127689448956
mathew:0.0720236723227225
after:0.025895485740469144
mantis.co.uk:0.07347184630944982
his:0.024757436798728275
sun:0.024352297342945244
found:0.01794980204870468
greatest:0.033444885893686986
writes:0.008876005248557884
tall:0.03794258832546716
of:0.006524851864622102
but:0.0089299761375894
result:0.023724845375916122
years:0.014964935724700626
eastern:0.033444885893686986
who:0.008678207209623142
now:0.011086673811263385
box:0.021265362487963804
one:0.013198804131216409
bob:0.09889946346386845
in:0.00476992488307357
world:0.016921145561964272
solntze.wpd.sgi.com:0.034699809181604875
and:0.002562398754971744
subject:0.00017917420732898185
con:0.07785300851928165
i:0.001281199377485872
we:0.009045261112174295
top:0.022695518296424935
fell:0.033602808695097686
livesey:0.06878659773457635
2000:0.02903119131581426
the:0.00657636854352865
do:0.004820925630244944
can:0.017407368975255973
pray:0.03329059382506484
jesus:0.09324025287765922
many:0.012437590789114722
changed:0.02536453150223775
paul:0.043960033437705465
is:0.0036063439851095826
hills:0.0409760455317964
touch:0.03204158523691813
el:0.08163624546077142
mostly:0.027389590736515812
does:0.008177777277433055
everyday:0.0398058885710932
too:0.013104146764191252
nothing:0.017146684573831603
him:0.01608399532458596
dog:0.03339306008097617
article:0.005438475706822825
numerous:0.0323437575951326
sign:0.029085315878476882
earth:0.02362775276908556
close:0.02332156520919826
pink:0.039542662308319494
god:0.017806565313927682
