effective:0.013195965469295896
ability:0.013098985834831463
out:0.0038502519577792806
say:0.006201127366887397
there:0.005998555461288546
k:0.012381245281868179
know:0.004032271652478111
help:0.006993767058960121
situation:0.023033544371075805
actions:0.05168918227696931
own:0.01481366428462742
your:0.00823485112536773
with:0.0019112005777436188
someone:0.014401687023941307
such:0.006284369945973198
from:0.008299727984609564
both:0.007338902229765484
my:0.009315826091473542
to:0.004954310706208868
significance:0.017250824219128096
attractive:0.019192184604473566
lock:0.03304319385450319
bear:0.014724059878495802
that:0.014737778204732675
quite:0.008680390137612423
re:0.002444055573713533
so:0.006678500636502746
this:0.005146886650700186
mean:0.017277268345293206
jon:0.027120054011230937
on:0.011598241100245193
employed:0.01842616922591525
you:0.018163365666951696
d012s658.uucp:0.018101422579466873
necessity:0.018057556499950073
more:0.004154964136669039
a:0.0022818694866771163
how:0.004298571886369687
other:0.009015084887790266
y:0.013932583583447093
christian:0.01047660905632868
truth:0.011748554013113085
immoral:0.06955963170551624
worth:0.011487462806509275
morality:0.028246009703652198
act:0.012194879290909656
mind:0.009900835957549467
frank:0.025595910957847204
are:0.012606105521592657
no:0.0036789076345833654
religious:0.011998038578791234
action:0.01203233032949659
it:0.004481770323398327
not:0.007881176582692351
have:0.0066830145509497105
being:0.006358836372304406
after:0.006304619894329906
doing:0.008760467010344167
morals:0.035943104448806204
has:0.003479655143420101
determine:0.014256410062676608
degree:0.04344563088888228
be:0.007561585060620541
minimum:0.016017836535659243
writes:0.004321976411879492
depends:0.014071131161772865
things:0.007303025908955064
if:0.0065701021545432284
of:0.00826054775279282
opinion:0.021629487350246335
reasons:0.011884066914366357
what:0.006015961457494322
but:0.0043482563545778445
years:0.007286847787517626
saying:0.009858023460668101
least:0.007868177721263013
again:0.007979964503620974
consequences:0.016896312313918714
find:0.006916492606775785
who:0.004225662987692315
fido.asd.sgi.com:0.019875491133423105
one:0.006426868678272042
in:0.0023226104822809215
our:0.014573695575035251
advocates:0.01958481307454567
yes:0.017430365166692083
or:0.00440726442943193
force:0.09343801617816395
solntze.wpd.sgi.com:0.03379262462783743
use:0.016301760075954394
and:0.0049908158756965994
few:0.0074693709179944005
for:0.003189694734432098
subject:8.724495716345848e-05
horus.ap.mchp.sni.de:0.01895440893688393
forced:0.01483593298843777
i:0.0018715559533862248
period:0.01238892559998894
we:0.017617567394953855
necessary:0.011780312998305637
unfortunately:0.01203233032949659
livesey:0.06698825531014298
than:0.0046751675889524875
odwyer:0.018057556499950073
2000:0.014136102960968382
the:0.001970596104546544
do:0.007042332538298987
thing:0.007398472010212277
judge:0.014256410062676608
start:0.00920771924144612
would:0.00914362398141545
can:0.0028253790602539653
claim:0.010670715832679693
moral:0.10494522313492355
an:0.005868615284717234
note:0.009678722545354568
people:0.014757579804638406
many:0.006056212508425142
about:0.0032190071252348744
different:0.008258878751670744
previously:0.015540862964995584
is:0.007902136085019527
usage:0.01686591233789808
either:0.00818157747422666
else:0.00825670661875182
time:0.010323594574534077
lot:0.008099847674069904
x:0.019903006467621585
article:0.005296293335402621
side:0.010524065616245729
while:0.007092622568230466
sometimes:0.01145263504679036
s:0.008110278181124423
