above:0.017452923270054776
since:0.012825779637203084
at:0.0056472116182976345
there:0.005883198625494535
know:0.007909455933707062
case:0.015843660944274075
ever:0.016945013184806797
tony:0.02963297806053018
into:0.01147951219860504
from:0.010853490441412508
name:0.017706618627116994
to:0.0026503830001746746
indicates:0.03151183793181941
been:0.018810774195146655
that:0.01778998079151163
quite:0.017026919116085906
cleveland.freenet.edu:0.02745140238144555
really:0.012508947071736705
re:0.0023970545049882726
this:0.006730544081684859
off:0.027993044204568593
bc:0.037068316615221884
path:0.028435439942698166
amount:0.02383600648478736
fair:0.02706858677438386
on:0.00325005657204673
you:0.010688442104013882
assume:0.022253131764674205
none:0.023221219438598038
them:0.009396533150847697
support:0.017557412240599396
backup:0.03199403935000907
more:0.008150121960389268
a:0.0035807798098625512
how:0.008431814084802078
same:0.012449316349542387
y:0.027329298567530833
hearing:0.029069440417434794
as:0.010257873848936134
evidence:0.04125266710914201
organization:0.024563033513569685
are:0.008242453610272121
internet:0.018311115019965424
bang:0.03776831207653593
it:0.0021977912162818715
not:0.003864807747281826
statement:0.022264098844184652
have:0.013108990080709046
probably:0.015302716121982104
spin:0.07529241652524245
doing:0.017183992981828943
has:0.01365095479341732
netcom.com:0.020634840863597046
public:0.01899836280808073
heard:0.01732466256038381
be:0.014832339926601828
floating:0.03664080780433296
writes:0.00423886148088181
of:0.006232070050183931
key:0.020550271610490868
available:0.017314511716757883
what:0.005900269891004046
but:0.0042646360400667325
saying:0.01933689217284897
least:0.01543373322247745
fact:0.015373507234800252
order:0.017976390135464693
well:0.021575229617350575
they:0.011960508006509534
clear:0.021139427834529573
in:0.003416917344124817
competing:0.036337904696316634
yes:0.01709516583656339
and:0.0012237096618294546
for:0.002085569634051756
subject:0.00017113433905139932
i:0.004894838647317819
usenet.ins.cwru.edu:0.03338699624545767
we:0.008639384010986987
preferred:0.03273655098799062
any:0.006559533758261585
than:0.00917052103986834
the:0.0019327000256129563
around:0.04552296986833915
would:0.005978523372463949
can:0.011084179390227093
orders:0.03137397764194144
claim:0.041862039035897254
may:0.023859301633843984
an:0.005755757298472671
just:0.007528131817089012
long:0.030516810834725447
interested:0.01844279625265974
is:0.003444520857572614
max:0.030523692548311346
spent:0.027832321743437857
time:0.010125063909639189
addresses:0.030892435138940747
late:0.024706019138661342
existed:0.032461390444932715
article:0.005194441540491032
three:0.01870825645174662
before:0.013629450430914387
opposite:0.0309347472160648
doubt:0.022308155762695944
s:0.003977155646512937
