know:0.016024352281276646
tony:0.06003564386289231
previous:0.04510648597003644
from:0.021988889725459107
my:0.012340444952341576
that:0.013515764627317278
cleveland.freenet.edu:0.055615828201370204
nt:0.009273747424966734
re:0.004856370165950267
had:0.01992738293093682
this:0.006817953745083364
off:0.05671318046639871
he:0.020651080617145913
something:0.02585274437874705
you:0.014436337387239529
assume:0.045084266951807485
charter:0.07342137221421569
a:0.005440925165635305
y:0.05536844904590663
sorry:0.04126515174985227
as:0.010391092989831409
harder:0.12712572758812637
mind:0.03934617925987191
are:0.00834949846235358
no:0.014620074495876751
care:0.04111710313342724
not:0.015660000222752334
statement:0.04510648597003644
probably:0.031002905389989722
completely:0.046714203078434685
spin:0.15254048023295874
always:0.034505923350632565
absolutely:0.05197998370321603
netcom.com:0.04180565161975506
be:0.0075124838589282
were:0.020146796071068823
of:0.005050404819889316
saying:0.03917604128525246
fact:0.031146326345829083
order:0.03641969949522717
well:0.021855427404588894
in:0.006922585788097031
and:0.004958407980399869
for:0.004225309907949013
subject:0.0003467137258703675
i:0.0024792039901999343
we:0.017503167606674936
persons:0.06302165994470516
the:0.0009789000129727962
can:0.011228129771918356
did:0.021349494070687862
may:0.02416916269402378
different:0.03282099867547075
is:0.003489254894683947
max:0.06184020827969572
study:0.09624346359570907
article:0.010523803640475338
very:0.02263951288030451
lewis:0.12923547927442727
says:0.033260087589968415
s:0.008057614037091147
