land:0.03534784307189099
believe:0.009656319468134847
objective:0.0792640949285679
correct:0.01454318862302866
say:0.00843353321896686
lead:0.017174287278310715
k:0.016838493583340722
know:0.02193555778948092
all:0.012720904408617216
with:0.0025992327857313215
meaning:0.0175375401550413
to:0.002450131840161477
sound:0.015338592396126359
value:0.016594901421140746
us:0.027465018482466616
that:0.01233438668211473
think:0.006398880122349134
like:0.005176173615594103
really:0.008672869969737448
nt:0.0063473649041994535
asking:0.01593525695394842
anything:0.010316627334752906
re:0.003323915580250405
complete:0.016458737112421237
so:0.009082760865643734
mean:0.01174854247479938
jon:0.036883273455274077
kmr4:0.0246784042727673
something:0.00884738363183788
pushed:0.022697342018340165
you:0.014821306384232584
appeal:0.024054593794123193
tell:0.010711222460544234
great:0.011205558616589674
them:0.006514929651254404
d012s658.uucp:0.049235869416149894
m:0.006083620942738098
a:0.003103342501880878
how:0.005846057765462775
christian:0.014248188316607003
price:0.04173525602458617
was:0.00787076563645676
ridiculous:0.022182533949339625
coming:0.015451688687953755
said:0.009740021460726365
morality:0.019207286598483496
frank:0.06962087780534439
are:0.005714767836455338
it:0.004571405729866293
not:0.0026796000381153996
have:0.0022722249473229018
only:0.005926827725641274
keith:0.017513186973865186
after:0.008574283056288672
exists:0.01658503583563713
reject:0.022697342018340165
be:0.0025709389206109838
asked:0.014988003994393026
writes:0.011755775840312219
down:0.010508291453125146
if:0.008935338930178791
of:0.005185082281753031
america:0.03500212048414633
offered:0.04113924128810709
ryan:0.019755278671125687
what:0.012272561373288417
but:0.0029568143211129343
years:0.009910112991023972
undefined:0.027945565960140528
must:0.0102998241221311
find:0.009406429945215067
up:0.005970934979343932
accept:0.01587605320294548
now:0.014683683536695503
good:0.014400087567639993
fido.asd.sgi.com:0.027030667941455422
rest:0.01451835925987915
in:0.00473812538385308
po.cwru.edu:0.04238156966477516
u.s:0.01567885511554977
or:0.0029969398120137125
solntze.wpd.sgi.com:0.0459579694938589
and:0.0008484386988684219
for:0.002891989892551769
subject:0.00011865314174230354
horus.ap.mchp.sni.de:0.05155599230832429
values:0.07592793547276921
i:0.002545316096605266
we:0.03593983748570587
back:0.009361585422522389
turned:0.0174528815107271
livesey:0.09110402722179445
odwyer:0.0491165536798642
2000:0.019225100026917
the:0.003685014715502037
do:0.003192524084028874
would:0.012435328614725015
can:0.007685031043890785
because:0.00784321021730895
an:0.003990658393607719
people:0.020070308534308235
about:0.013133549070958287
subjective:0.02384783816907923
is:0.004776402255834025
deal:0.07325144426134465
does:0.005415505841500112
define:0.018998915105599715
1:0.017409101261552967
existence:0.018082439364340553
objectively:0.026101371062084048
nothing:0.01135491556222626
supposed:0.016216422272961602
article:0.01440591787229513
conclude:0.02355469164556013
