another:0.02639887298081641
at:0.010487678719695607
out:0.01402591784619595
objective:0.10615726999361771
say:0.022589821122232658
to:0.0016407132858224176
justified:0.060285439397732184
that:0.008259633938916114
re:0.008903345304242156
searching:0.06322024892104496
this:0.018749372798979248
set:0.03154064981102287
you:0.006616654635818117
am:0.01945638519882578
state:0.03163944508262638
a:0.0033250098234437974
christian:0.03816479013376876
morality:0.15434426730924236
nyx.cs.du.edu:0.05596948626212348
theory:0.04843510544019791
kevin:0.1072752934004694
mnemosyne.cs.du.edu:0.07109404037634692
thread:0.04955866420838054
it:0.0040816122588091894
keith:0.0469103222514246
after:0.022966829615058942
has:0.012675886593887511
ancient:0.05459053607730061
which:0.015379670625208544
writes:0.015744342643275292
of:0.009259075503130411
reading:0.03912288150432131
years:0.026544945511671348
fact:0.028550799150343323
please:0.04560512754536321
code:0.038577529884901145
in:0.006345703639088945
or:0.008027517353608158
and:0.0022726036576832726
irrelevant:0.058436029397504065
still:0.024306060502732704
for:0.0038732007489532616
subject:0.0003178209153811702
i:0.004545207315366545
we:0.01604457030611869
news.cso.uiuc.edu:0.05459053607730061
2000:0.051495803643527675
the:0.0017946500237834594
wrong:0.03146931020035548
see:0.021064116207275906
can:0.010292452290925158
an:0.010689263554306388
just:0.013980816231736736
is:0.006396967306920569
issue:0.03727809532696254
followups:0.06947341925343525
christianity:0.045793432308357286
alexia.lis.uiuc.edu:0.07240357484318416
define:0.050889951175713516
cobb:0.1398287735468788
article:0.019293640007538117
mike:0.03804061939235361
while:0.02583741078426812
