out:0.013542265506671952
say:0.021810861773190155
there:0.021098367484532126
ba:0.06607765333676933
inner:0.06398200325867791
true:0.029692882668480997
tony:0.05313499514301963
previous:0.039921832410262134
to:0.0015841369656216446
golden:0.12309112719054928
that:0.007974818975505215
cleveland.freenet.edu:0.04922320427017823
talking:0.03746771471680768
me:0.012455042303500514
re:0.004298166698599662
mean:0.03038416157275702
on:0.00582768764642862
you:0.012776988262269468
am:0.018785475364383512
a:0.0016051771561452815
how:0.01511911491067959
wondering:0.04136705174548617
let:0.026495836123595688
dawn:0.13928530502535108
outer:0.06588766136031864
are:0.01477957199083277
no:0.02587921232603471
sake:0.057279172392636336
not:0.006930000098574309
only:0.015328002738727432
rc:0.06913171271301079
arguing:0.05870002246122457
which:0.014849337155373767
of:0.006704847778128919
order:0.12893410855781573
who:0.029725353430663178
in:0.006126886272223809
point:0.05061002209793243
competing:0.065157622214085
and:0.002194238014314884
for:0.003739642102437632
subject:0.0006137231469429494
i:0.002194238014314884
the:0.007797444930921237
do:0.00825652780352295
orders:0.056256787495894994
many:0.02130116123652981
warning:0.04931196342068294
about:0.011322025061170938
is:0.012352764454743167
argument:0.040445303909651974
et:0.052296500894213116
tradition:0.053905848368083376
article:0.00931417103812185
going:0.02503236418447911
says:0.02943708901640883
s:0.021394354512276493
