some:0.03686958553052697
reference:0.039280348031772154
preference:0.060339226719449704
effective:0.04250489930110046
objective:0.14079806335995615
say:0.019974157623868876
there:0.019321662854255735
case:0.02601695902428164
means:0.05967568885134216
ron:0.08920628076263232
to:0.0014507359579903482
aspect:0.05503136721768182
discovery:0.06123946012406193
might:0.022390369851352062
t:0.02711866373684676
that:0.01460651054460955
nt:0.0075166163339204055
re:0.00787243163743517
contains:0.04418582636713469
certain:0.034698052544847466
a:0.0014700043429962052
christian:0.033745709170911325
jay:0.05366492920166087
question:0.022978800877337942
morality:0.045490941943776696
are:0.027069952909525283
it:0.003609004523578652
between:0.024451219432067427
second:0.02894416607002386
after:0.02030751250173633
writes:0.0069606567475532875
of:0.004093486011910287
future:0.03688954025597737
what:0.019377728484139604
years:0.023471320241898876
they:0.009820206573765722
over:0.02111516581599324
in:0.0018703126515209523
and:0.00401892015253463
subject:0.0002810205988633505
values:0.2247866510706983
i:0.002009460076267315
we:0.014186777954883894
house:0.14475250292590278
possible:0.027126017083837706
any:0.02154288981660647
exist:0.03827920500838006
2000:0.045533131642698156
the:0.0031736968841644337
do:0.007561241251647333
see:0.01862511327801238
views:0.042632492569861985
can:0.009100694657239087
wam.umd.edu:0.058164339884049704
individual:0.0406493283291216
subjective:0.11296344395879634
reality:0.04411169707634086
is:0.011312531658554269
stein:0.061819036725988534
first:0.03952747009244297
objectively:0.061819036725988534
difference:0.03375951417720407
