out:0.011900778778590505
say:0.009583560476098705
there:0.009270494803809572
ba:0.058068240811100326
inner:0.028113304462146355
il:0.02597282846832635
know:0.006231692553829808
all:0.004818524397203492
true:0.026093745375331788
tony:0.023347194835569234
previous:0.017541411210569728
modern:0.020740040934554754
name:0.013950669221364906
my:0.009598123851821226
to:0.0034803009093202796
golden:0.08112824292104384
that:0.00876021781400194
cleveland.freenet.edu:0.021628377633866193
through:0.011966986333458723
talking:0.01646308676950641
nt:0.010819371995794523
me:0.010945340206106513
anything:0.011723440153128303
re:0.0018885883978695484
complete:0.018703110355024134
so:0.005160659582752122
mean:0.02670123289727132
on:0.0025606506325216664
you:0.005614131206148706
society:0.018768844537408323
am:0.008254224023744271
m:0.01382641123349568
why:0.00898849787956569
a:0.001410610228127672
how:0.006643247460753153
member:0.02015605011488161
wondering:0.018176431827562105
want:0.019117151189011937
pulling:0.027215924779128917
as:0.012122941821469977
part:0.012369808648551906
let:0.011642109811882954
dawn:0.09180167831216321
outer:0.028950639082564254
are:0.009741081539412508
no:0.017056753578522876
sake:0.025168121202825057
religious:0.01854242325813191
magic:0.026018952122686314
not:0.006090000086625909
only:0.006735031506410539
closed:0.02083875101573137
minds:0.02482750867355469
rc:0.03037605558601989
arguing:0.025792434111750192
be:0.0029215215006942997
which:0.01957412625026542
writes:0.0033397090455432443
whatever:0.03338344018942791
of:0.006874162115960457
order:0.07081608235183061
using:0.011133437265883438
groups:0.018584775749931275
find:0.02137824987548879
who:0.013061140143776247
comment:0.019846451499407895
in:0.00448686115895178
point:0.022237736982424858
competing:0.028629864306188867
lying:0.02475483828238247
system:0.011289001662841037
and:0.0019282697701555045
for:0.00328635215062701
enjoy:0.023347194835569234
subject:0.0002696662312325081
membership:0.02715753678720429
i:0.007713079080622018
source:0.01575387859444356
the:0.007994350105944502
do:0.014511473109222156
original:0.015586707137744847
around:0.011955527440169878
orders:0.024718891475469015
friends:0.04016800349078522
meeting:0.02447418246846928
gd:0.03410130277354908
many:0.00935960114938431
warning:0.021667377866663718
about:0.009949658387089612
is:0.0094985272133063
argument:0.017771421414847083
et:0.022978765544426977
multiple:0.021686991503160676
belong:0.024791042774698697
runs:0.018948436971936038
tradition:0.023685903070824518
unless:0.015545764776467129
article:0.0040925903046292985
going:0.010999069111362034
claiming:0.023292887806396195
says:0.01293447850720994
s:0.012534066279919563
