another:0.01979915473561231
at:0.007865759039771705
out:0.021038876769293925
objective:0.07961795249521329
say:0.016942365841674495
paranoid:0.047511712727428504
to:0.0036916048931004393
justified:0.04521407954829913
that:0.006194725454187085
cco.caltech.edu:0.0401854120585377
nt:0.006375701354664629
re:0.013355017956363232
michael:0.053655271458458734
searching:0.04741518669078372
this:0.014062029599234437
mean:0.023601982650266612
set:0.02365548735826715
you:0.02481245488431794
am:0.014592288899119335
state:0.023729583811969785
a:0.0024937573675828484
christian:0.02862359260032657
morality:0.11575820048193176
nyx.cs.du.edu:0.04197711469659261
theory:0.036326329080148434
kevin:0.12068470507552809
mnemosyne.cs.du.edu:0.05332053028226019
thread:0.0371689981562854
it:0.0030612091941068925
not:0.005383125076571115
keith:0.03518274168856845
expect:0.030859116813914178
after:0.017225122211294207
has:0.009506914945415633
ancient:0.04094290205797546
which:0.011534752968906409
writes:0.017712385473684703
get:0.011735481922242164
of:0.006944306627347808
what:0.008218233062469922
reading:0.029342161128240986
years:0.019908709133753512
fact:0.021413099362757492
well:0.015025606340654864
please:0.0342038456590224
they:0.008329639504533425
code:0.028933147413675857
in:0.004759277729316709
or:0.0060206380152061185
and:0.0017044527432624546
irrelevant:0.04382702204812805
still:0.018229545377049527
for:0.002904900561714946
subject:0.00023836568653587764
i:0.003408905486524909
we:0.012033427729589017
news.cso.uiuc.edu:0.04094290205797546
2000:0.038621852732645755
the:0.0013459875178375945
wrong:0.023601982650266612
do:0.006413552847379434
see:0.015798087155456927
when:0.011675664668247642
can:0.007719339218193869
because:0.015756449097272446
an:0.008016947665729792
just:0.020971224347605105
is:0.0047977254801904266
issue:0.0279585714952219
followups:0.05210506444007644
christianity:0.03434507423126796
alexia.lis.uiuc.edu:0.05430268113238813
does:0.010879364413727903
define:0.03816746338178514
cobb:0.10487158016015911
article:0.01447023000565359
mike:0.028530464544265208
while:0.019378058088201092
