out:0.010380414969871894
there:0.00404307923161739
all:0.004202941985225953
take:0.009364533613813673
righteous:0.02547426163865469
with:0.018034324394391326
both:0.019785939051173904
unto:0.049043473863479986
to:0.0018214085816178381
city:0.04863152773330033
then:0.02812123964362649
ye:0.049043473863479986
been:0.012927228081246162
die:0.06639214751422642
she:0.05841660766340939
that:0.007641071044812265
nt:0.003145720492169333
re:0.0016473149902122052
so:0.004501368270418151
had:0.006759508747498393
this:0.0023126979663939166
he:0.014009984207226744
on:0.0022335190539175768
punished:0.025789058836813917
took:0.01486961090932458
none:0.01595819485648147
them:0.019372588170029615
m:0.006030020758220582
sin:0.03793626551103522
a:0.006767200609828346
bring:0.033421735218405954
woman:0.01929193214755693
also:0.013070459309952128
died:0.017868735776010246
daughter:0.024341904356760893
lie:0.04017530109059952
lay:0.02108746518578293
it:0.003020752684933674
not:0.005311982454413788
have:0.006756616032788364
stones:0.05225618852064218
only:0.005874608979159853
husband:0.04698009600003685
kind:0.03641665238277172
shall:0.12210769206268404
virgin:0.02477353611165166
be:0.01274143738188263
found:0.023564057315039626
writes:0.0029130501806941076
were:0.006833935231155503
if:0.017713226954098923
of:0.006852531649893873
but:0.008792289280842426
killing:0.017828381725795865
fire:0.015845786947310442
must:0.010209076773037434
they:0.012329334244595732
find:0.01864710782091093
now:0.007277155937789622
in:0.002348189892878729
door:0.018634239190013054
lying:0.02159232590269484
force:0.01574451153662895
men:0.030939194296276142
priest:0.025324915596030537
and:0.010091561616496648
for:0.0028665098053927227
subject:0.00011760773961241542
gate:0.027002327470558262
we:0.005937197822528503
married:0.023300544100971335
house:0.015144810328150625
any:0.009015746839548963
werent:0.037254652164762744
the:0.0049807467620422005
would:0.00821717749871697
sins:0.02265471381818774
her:0.1165254204380521
stone:0.043837585480752866
jesus:0.030600875944430013
people:0.006631159207370562
herself:0.0259553157882802
loving:0.06896203862427439
is:0.002367159708287788
field:0.017147391409397826
man:0.07660042305185548
himself:0.016488024011017486
him:0.010557336138164352
article:0.0035697483714387714
before:0.009366494569262751
playing:0.01764480156544094
by:0.00436315187144126
upon:0.015277866003052585
father:0.03814688684014142
god:0.023376019663217843
s:0.002733199475136645
