another:0.03334594481787336
preferably:0.03961195055652368
all:0.007173442335686399
with:0.013191594965177758
from:0.006365204920527636
christ:0.027908826413818737
to:0.0010362399699931058
reserved:0.042856884782928574
animal:0.03807501435646243
us:0.015487792377330797
been:0.011031882610687513
male:0.03613644962486769
son:0.032083844356200875
re:0.0028115827276554172
anyone:0.012578306388281136
this:0.003947236378732473
93:0.02752643229928121
he:0.011955888778347632
apr:0.02802412238374435
on:0.0038120964303706008
harvey:0.041958049063757274
sin:0.03237418146994358
a:0.00315000930642044
christian:0.02410407797922237
blood:0.15701780881235342
bull:0.08412940090934848
brian:0.028090808381795326
innocent:0.06663841128821041
it:0.0025778603739847515
not:0.013599473877653343
choose:0.029878221724716228
have:0.007687979145077486
robert:0.02402565435306544
walk:0.03451749604867972
bskendig:0.04727633339121518
netcom.com:0.04840654398076901
his:0.013867887530114711
virgin:0.04228265185973629
sacrifice:0.041545957060035506
list:0.021891944337756236
be:0.004349332760432115
which:0.009713476184342238
species:0.041348082561408636
14:0.02807408135155389
writes:0.014915693030471331
if:0.010077449921254275
of:0.007309796449839799
what:0.0069206173157641444
please:0.01440161922485154
they:0.007014433266975516
one:0.014786630192114623
in:0.012023438474063265
promise:0.03746833081322828
or:0.005070010960173573
use:0.012502101712386075
subject:0.00020072899918810748
we:0.010133412824917067
the:0.006800779037495214
do:0.005400886608319524
thank:0.027296949674958753
can:0.006500496183742205
because:0.013268588713492586
eric:0.029985176543748913
7:0.02399645510474666
an:0.013502227647544912
human:0.02410407797922237
weiss:0.04387794900216964
jesus:0.02611428135107373
religion:0.026703242578667012
paul:0.024624229256459077
is:0.008080379756110192
ubvmsb.cc.buffalo.edu:0.04335009743319784
new:0.012962402743485315
man:0.02178984465259548
light:0.07877175983021714
1:0.029451487096612158
article:0.01218545684686618
kendig:0.04538675122368957
already:0.021848017453363542
process:0.027192208520553138
john:0.02016149172617929
god:0.019948708509588155
s:0.004664934442526453
