believe:0.022631998753441046
go:0.020264919289522156
tried:0.032269417219131985
your:0.013124293981054818
with:0.006091951841557784
times:0.02927579314055236
feet:0.04575064530161804
several:0.02935886845903538
my:0.019796130444381277
to:0.004306872375283846
city:0.038331099984233244
then:0.033247507286995895
walter:0.05842701977003931
direct:0.04160182940181431
that:0.0036135898482758
nt:0.007438318247108734
me:0.03386214626264202
anyone:0.01742619530876449
this:0.010937134132737895
mean:0.027535646425311047
communicate:0.059210597074597505
on:0.010562683859151873
you:0.02315829122536341
lord:0.044370875976451396
letters:0.04885217508357556
a:0.0014546917977566614
as:0.016669045004521217
honestly:0.056132844856953384
are:0.0066969935583460986
not:0.0062803125893329675
should:0.017112626481598746
have:0.00532552722028805
call:0.02767662602081987
topic:0.045485800526974186
were:0.03231881869733956
if:0.02094220061760654
of:0.0020254227663097776
susan:0.06437019537907694
seen:0.027004842610649508
what:0.009587938572881574
but:0.01386006713021688
well:0.03505974812819468
they:0.019435825510577993
cares:0.05274975947301566
naive:0.05904909513151453
up:0.01399437885783734
now:0.017207441644565044
in:0.003701660456135218
rather:0.02680712138450899
and:0.007954112801891455
subject:0.0002780933009585239
i:0.011931169202837183
group:0.05618991530847177
the:0.0023554781562157906
do:0.007482478321942673
see:0.018431101681366416
may:0.019385682577498238
bye:0.063598237335809
thought:0.027964441720747003
about:0.01026058521168616
ignored:0.05347468959592394
write:0.033897645051953265
dust:0.05625467860448663
give:0.024617044493291735
past:0.034411608821910036
god:0.027637273247658592
