lpl.arizona.edu:0.0407821088678086
out:0.00847609423798892
all:0.013727594685558148
your:0.009064260591232106
arguments:0.02992460888620397
my:0.006836073822520153
to:0.005949061122694234
job:0.049949475615671604
then:0.02296230719101875
most:0.013356801899043438
death:0.02413968621608937
might:0.01530277076171544
make:0.012662449520501466
that:0.004991433459488875
indeed:0.026534117327371334
conversion:0.03613538731594242
nt:0.005137255767787328
me:0.02338680605189665
ceccarelli:0.08533924312363866
re:0.00269021944444727
93:0.026338240977010083
apr:0.0268144480362446
you:0.019992769403191432
spirit:0.03298996424815289
am:0.023515631031674325
why:0.012803759569453285
a:0.002009358454455245
was:0.006370223986340904
frankly:0.04067227093881012
brian:0.134391277510028
it:0.004933171650934849
not:0.0043374820760860786
follow:0.027172606564153132
only:0.0095937858868294
warned:0.08201389462056836
ve:0.013130458266384419
between:0.016711265079470544
bskendig:0.045235628352745465
netcom.com:0.04631705287368546
heard:0.019443506182876796
glad:0.03337477493125351
be:0.020807958889837098
loop:0.03693215972092589
which:0.00929418944257207
common:0.024216748486556475
14:0.02686225050184653
writes:0.004757283388615557
if:0.009642452082926753
of:0.005595412534265861
even:0.012080283796877884
explain:0.02586372322311226
glory:0.03852132397689852
they:0.006711651974875854
good:0.011654747132082728
one:0.007074179192630378
in:0.0025565424733020215
promise:0.03585099279251339
and:0.005493487978284747
subject:0.0001920644380720741
however:0.01724531585753175
i:0.00824023196742712
decide:0.029451132493617117
the:0.0032536101150606603
do:0.005167754812276955
thing:0.01628728370593494
would:0.01341941936840829
can:0.0062198992261706
convince:0.033993572590678256
7:0.022960636898786375
just:0.00844883858608551
here:0.012952524500887743
jesus:0.049974092369680666
is:0.005798689789007135
hear:0.023839435714092142
1:0.02818019988380876
article:0.005829732951917993
very:0.012541312890528398
convert:0.06156230208918474
kendig:0.04342761088309866
holy:0.03258916851423918
before:0.015296361634695284
john:0.019291211507783065
god:0.057262839534717086
s:0.004463570365870636
