okay:0.018091454350850824
plotting:0.026795649158492883
generated:0.04077872114069157
out:0.0049503239457162175
entirely:0.01746271027807232
posting:0.027724273587867568
defense:0.016488262807764227
hand:0.013265711997700309
with:0.004914515771340734
documented:0.04643371671415732
previous:0.014593274872658848
someone:0.009258227372533697
such:0.008079904216251254
generate:0.019705079025307787
from:0.007114052558236769
wrote:0.02164348718229295
post:0.010851167245509162
im:0.02483728894872566
my:0.007984993792691608
to:0.002316301109396354
lies:0.03790236646433331
cases:0.015461284027253747
us:0.008654942799096621
next:0.011253697578778046
been:0.006164875576560669
that:0.011660659678469808
realized:0.022008110153499752
think:0.012098722920408027
writings:0.02192490583712925
sitting:0.019074770985134274
re:0.0015711785831015567
expert:0.021420875101503287
so:0.00858664367550353
this:0.01102904282292897
chronic:0.024084985455242527
he:0.006681231964370736
two:0.00783524971703072
these:0.006960655349155221
game:0.012487433226514653
on:0.006390867545033066
books:0.01533923492876538
well.sf.ca.us:0.024520030324741857
bible:0.03024313867106972
imho:0.018191897715781724
m:0.011502644639630858
why:0.00747782596703364
more:0.010684193494291814
a:0.004107365076018809
how:0.011053470564950624
other:0.011590823427158914
was:0.007440849866398198
as:0.006723648405185028
running:0.01272042190103656
given:0.011713393105803702
question:0.009172210434231531
also:0.0062331812255443965
lets:0.01946896743562862
hands:0.01682928552670207
based:0.012692869797901438
isolated:0.02483728894872566
no:0.004730024101607184
likely:0.027784947940585947
missed:0.01826021923204971
it:0.005762276130083562
not:0.007599705990453339
should:0.01380514405238218
have:0.006444335459844364
made:0.009771342655117652
probably:0.010030351743820203
mistake:0.018772361322843982
only:0.005603093438106246
interesting:0.013731195638325262
tyre:0.02750951065763321
always:0.011163681084028182
shortly:0.023628540745146746
after:0.00810593986413845
worthless:0.023161206143843285
has:0.004473842327254416
open:0.013886388986358668
listing:0.02350674437172972
uses:0.014348719032926205
his:0.023249105565192312
list:0.04893493440204335
intentionally:0.023818122405989055
be:0.01215254741885444
which:0.005428119044191251
things:0.009389604740085083
if:0.008447274198698437
of:0.006535818002209703
short:0.014550327166475913
reading:0.013808075825054581
biblical:0.01918061236676687
ok:0.013713652060970302
anderson:0.020389360570345787
mistakes:0.044016220306999504
contradictions:0.026073589255439695
witness:0.021172602343646117
over:0.008428322489577133
comment:0.016510913432280516
in:0.002986213477218327
point:0.018500302195462694
or:0.0028332414189205265
tends:0.02184331724109101
and:0.0048125724515645785
subject:0.00011217208778158947
i:0.005614667860158675
directly:0.015262606409648655
assumption:0.019929554515532917
yet:0.01105070900288304
assumed:0.02053476195344442
the:0.0006334058907471033
see:0.007434393955509143
around:0.009946195097284182
would:0.003918695992035193
can:0.007265260440653053
liar:0.024369954347422194
friends:0.01670853926717536
102:0.027066819415373432
hs:0.02877045432339093
may:0.007819434989242986
mr:0.05675555761820863
an:0.011318043763383237
just:0.014803217186544782
newsgroup:0.016151948909976257
long:0.020002615505114157
is:0.009031012668593744
sorts:0.020905739294392645
ad:0.018191897715781724
dale:0.06082967099629549
gone:0.016510913432280516
difficulties:0.02536318450735594
very:0.0073245482848044
numerous:0.020248823032246874
give:0.009929564165361372
thus:0.01399729022216935
incident:0.020193898319779007
august:0.021003837462447234
