at:0.007660565325690705
out:0.010245018252873564
all:0.008296242005619923
tried:0.0269379482872754
take:0.018484775046397423
actions:0.034384542992940456
ever:0.022986278755042267
your:0.03286779710038076
name:0.024019413094176097
my:0.05783912895054008
to:0.007190604313517378
job:0.030186857002514576
important:0.027324950373680195
appreciate:0.033384463786212994
that:0.0030165619602997985
church:0.03258500730512007
nt:0.0062093787106299
me:0.01884502052877469
need:0.01670610427388901
re:0.003251656545897135
wait:0.03192521569660972
this:0.0182602587259624
he:0.013827245282784655
you:0.004833034690510625
lord:0.03704003559773334
used:0.01716924789858144
etc:0.020194121630071615
m:0.01190273662709628
board:0.062455591640959034
wife:0.105416922447234
third:0.03176334779711205
frank:0.06810738046174995
it:0.002981351562956278
not:0.010485391453495042
have:0.008891315011263529
thou:0.048773859981945854
tyre:0.05693272640449308
second:0.023910398057845797
judas:0.057601952849155064
personal:0.02916430844518014
dropping:0.05074580188946576
writes:0.005750107747978803
things:0.019432399375132605
if:0.005827394954464429
of:0.0016907877005716404
but:0.011570142995659309
never:0.03832937792803236
please:0.016655785712219606
ministry:0.046758193772751734
good:0.014087042185734776
in:0.00618016354415619
and:0.003319977517311216
for:0.002829120547061513
subject:0.0002321474512349417
until:0.02487970195969256
i:0.009959932551933648
back:0.01831614539189163
mention:0.03282325925458194
informed:0.044407843079361194
will:0.009854829086115516
the:0.0006554373999904809
responsibility:0.03771972927468409
jr:0.04063144702159027
can:0.007517965151632291
eric:0.03467850852450961
maybe:0.023025331150802818
come:0.02087994499538616
relationship:0.03969552820252622
efforts:0.04219711144123737
is:0.009345134848370918
time:0.013734869303510554
life:0.048528336578934086
history:0.028878326994355486
first:0.01632656373383514
article:0.007046372872318269
fit:0.03535172242868154
yfn.ysu.edu:0.048403776378304154
