some:0.007033354669478038
at:0.00530701814731585
out:0.007097452404099156
entirely:0.025036897868561524
posting:0.019874629861182175
your:0.007589953145670257
previous:0.020922888070438593
such:0.011584440984745776
from:0.005099832858013106
wrote:0.031031023791480258
yours:0.025459815089484708
my:0.03434509378302294
to:0.0058116832052022985
bet:0.025985971777166324
most:0.011184310023897819
that:0.010448934501038457
sources:0.06956275256411681
could:0.009091019007988298
me:0.0065276426530394265
re:0.0022526536311937985
so:0.006155485526415182
baby:0.030066687581936237
this:0.0031625448094663795
reply:0.021633713972018943
joke:0.05914007794446195
big:0.01672156960161179
on:0.006108540063123976
western:0.02464173351623735
standards:0.025525893591717082
you:0.010044560049555213
used:0.011894358483957023
am:0.019690799478329708
none:0.02182235079771864
well.sf.ca.us:0.035155224200533505
bible:0.04336064460069033
seeing:0.024146323285894142
posted:0.020562535689649976
m:0.016491743519470747
a:0.001682535091381199
other:0.008309084264047657
same:0.011699357533304896
was:0.02667051608739113
as:0.009639929641168898
given:0.016793900958923382
stuff:0.017610943088395316
are:0.007745920260255729
book:0.018733123558335382
missed:0.026180314320649586
it:0.0020653941550600723
have:0.0030798229707689933
mistake:0.02691459033034258
expect:0.020820608934689084
digest:0.03549311255385305
arguing:0.06152893920634383
bogus:0.07145876382039623
glad:0.02794634768339902
be:0.0034847063682980203
which:0.007782483930828421
coast:0.03225580742643912
of:0.0035139864861278066
trying:0.016242941102821665
biblical:0.027499914116207926
least:0.014503990257267967
anderson:0.029232938649049984
contradictions:0.03738261592044968
double:0.02661536376529898
necessarily:0.023417247187085558
authority:0.02548176082007809
now:0.009951291553483399
one:0.005923559685395316
in:0.00321107894990043
gon:0.028798225117434136
point:0.02652452965373567
or:0.004062117215078828
rather:0.031005827143528474
substance:0.03246236811004533
and:0.0022999844246433124
for:0.0019599329091088795
subject:0.00016082504151818252
firmly:0.034835285493822976
i:0.008049945486251592
we:0.008118939191048013
any:0.006164381122221731
source:0.0375815417072268
assumed:0.029441405692287786
than:0.017236160026740496
the:0.004086612704759926
original:0.018591373573936625
can:0.005208228870106708
did:0.009903078574957622
na:0.026254840174881798
mr:0.020343106495683216
note:0.017841500595653603
here:0.010845788588092748
about:0.011867664823155079
is:0.0016185098005461682
readers:0.027408407095159886
keep:0.01596032882003567
dale:0.0872136246814357
primary:0.02771899631000838
guess:0.018049140138166588
procedure:0.03045547385384932
med:0.037073620171127086
give:0.028472726160915743
going:0.013119371590660739
