another:0.02132216663835172
preferably:0.05065759061555433
to:0.0026503830001746746
reserved:0.05480736227047597
kent:0.08848756514348828
most:0.03570375892244304
animal:0.048692085667399077
been:0.014108080646359994
sandvik:0.14419942257872428
re:0.0035955817574824093
anyone:0.01608571874655184
this:0.005047908061263645
93:0.03520207207504232
apr:0.03583854112536537
something:0.019140974203495413
on:0.009750169716140192
used:0.03797045208340126
state:0.02555493641289054
computers:0.04170931602489106
a:0.002685584857396914
hard:0.026002244255533744
christian:0.030825407415736306
private:0.03413154926610146
related:0.03705902870799201
blood:0.12048097253101733
bull:0.10758856077830142
hmm:0.04769517769167944
it:0.0032966868244228074
not:0.011594423241845479
choose:0.03820964893641595
have:0.0049158712802658934
has:0.01023821609506299
list:0.02799642881655365
be:0.011124254944951372
species:0.052877836352570665
14:0.035902430959198726
newton.apple.com:0.09690537226514954
if:0.006443754036186628
of:0.005608863045165538
cheers:0.04186694881119564
what:0.00885040483650607
please:0.01841745535485822
they:0.008970381004882151
alink:0.05116645986030762
one:0.0094549125747656
in:0.01025075203237445
our:0.0214401482978884
promise:0.04791623075153232
or:0.00648376401637582
use:0.015988264689878347
for:0.0031283544510776347
subject:0.000256701508577099
animals:0.0471983314364456
will:0.010897166777916197
ksand:0.05239087738315956
the:0.006522862586443728
do:0.006906903066408622
because:0.03393696728643296
7:0.03068777431664717
religion:0.03414933906694916
about:0.009471309426171842
current:0.030406208882027098
is:0.0025833906431794607
new:0.01657691889311103
1:0.03766392099855209
activities:0.040637781777446744
article:0.007791662310736549
already:0.027940253089397613
task:0.04829633497034612
process:0.034774651281091994
john:0.025783446149825442
god:0.025511329151684855
s:0.005965733469769407
