objective:0.042871205189730234
correct:0.03146362923251393
mark:0.02888099965665568
posting:0.03172296689381001
much:0.016799969899614724
c:0.02486632399450923
mathematics:0.05116645986030762
previous:0.03339614826627698
my:0.009136675589714436
to:0.0013251915000873373
physics:0.04409235606243511
matthew:0.04121415712328361
us:0.01980650371331727
been:0.014108080646359994
that:0.0066712427968168625
sources:0.03701095168475446
bit:0.0262027326736125
really:0.01876342060760506
luke:0.051377795501834314
rise:0.04769517769167944
re:0.0035955817574824093
had:0.014753927746943608
he:0.015289742380002263
game:0.028577010652985457
on:0.004875084858070096
you:0.010688442104013882
tell:0.023173317823292818
material:0.040602880161575795
chemistry:0.051485231084508594
independent:0.03993020142497089
more:0.012225182940583904
a:0.002685584857396914
same:0.056021923572940745
contrary:0.044449467090795274
truth:0.03456786084627504
following:0.026320329548459247
also:0.014264395496918908
petri:0.1858241256016984
are:0.012363680415408184
not:0.011594423241845479
should:0.015796270598398842
have:0.009831742560531787
probably:0.02295407418297316
only:0.012822463829512371
careful:0.04424378257174414
usually:0.03170914175179436
be:0.005562127472475686
which:0.012422041658822287
common:0.03236661576568606
if:0.006443754036186628
of:0.003739242030110359
trying:0.025926232914119194
gospels:0.12037656661663315
must:0.04456654668229803
they:0.017940762009764303
in:0.0017084586720624085
use:0.015988264689878347
and:0.001835564492744182
subject:0.000256701508577099
finland:0.05215634418004265
i:0.003671128985488364
source:0.02999296117019062
the:0.007972387605653445
rule:0.03796824584861714
did:0.01580683695618236
may:0.01789447622538299
here:0.01731154716945573
about:0.009471309426171842
15:0.03213279549981388
is:0.007750171929538382
events:0.0391206620863137
1:0.018831960499276046
too:0.018774210267927853
show:0.028942967978219544
phoenix.oulu.fi:0.12037656661663315
share:0.039240855959046694
