another:0.027376609017142946
preferably:0.06504184474095864
reserved:0.07036994661888273
animal:0.06251823344950004
been:0.01811407885458567
re:0.004616549417014451
rahul.net:0.07873289505828772
michael:0.07419000497959725
anyone:0.020653268514091248
93:0.045197722170424705
apr:0.09202983400093824
on:0.012518736425661479
a:0.0017240791677115988
how:0.016239049348507707
christian:0.039578300879463894
blood:0.15469161905217038
bull:0.13813839902399194
d:0.0449838079599268
not:0.014886666878418886
choose:0.0490593023381143
have:0.006311735964785838
adams:0.1144102283871509
list:0.03594603206076024
species:0.06789253062552282
14:0.04609694839205762
if:0.008273461972387769
of:0.009602004225468575
gmt:0.05231232513858068
please:0.02364710317166981
they:0.011517526228490662
observed:0.06294034906367633
one:0.01213964083673608
in:0.013161459399591886
promise:0.061522074051350135
or:0.0083248328111492
use:0.020528142317868495
subject:0.0003295920603952876
the:0.009305592715914234
do:0.008868122455635761
because:0.021786695048080416
eric:0.04923491951010624
7:0.039401586776929697
religion:0.0438460649748483
about:0.012160693584220636
15:0.041256922617044986
is:0.0033169460109958504
new:0.021283945245475885
1993:0.03740315806185354
1:0.0483586146154249
already:0.035873905201201865
process:0.04464893497819219
john:0.03310467159977587
god:0.03275528681203981
s:0.0076597071710619545
