reference:0.04606954398788092
true:0.03189235545873884
1919:0.060869697738086176
your:0.015554718792361266
with:0.007220091071475893
remove:0.05454506648197074
commission:0.0707682288684904
from:0.010451509313952785
to:0.008507402222782906
stop:0.04103645820469923
schools:0.12155850559735575
then:0.019702226540442014
h:0.04361953239869773
mail:0.03783105561525748
prayer:0.0655617396218244
she:0.040927684998746695
federal:0.09756681952333979
programs:0.04361953239869773
on:0.0062593682128307395
etc:0.028670666511830065
bible:0.04443127780070737
communications:0.05208744316461351
a:0.0017240791677115988
hearing:0.05598558895209664
also:0.018314779403451435
rumor:0.06838315196687485
washington:0.04739769549894437
it:0.00423278308320953
public:0.0731788789644591
if:0.008273461972387769
of:0.007201503169101431
america:0.04861405622798102
reading:0.08114375423118494
years:0.02752809164173325
street:0.04923491951010624
fact:0.029608236155911596
who:0.015963615731282077
eliminated:0.07250380850578901
now:0.020394004912077088
in:0.002193576566598648
or:0.0083248328111492
use:0.020528142317868495
and:0.004713548327046788
subject:0.0003295920603952876
don:0.05504451036706104
ago:0.035323033646477084
the:0.006513914901139964
gospel:0.06360188296656653
her:0.040819861789255896
an:0.011085162204465884
opposition:0.0651697803833728
15:0.041256922617044986
is:0.009950838032987552
number:0.030892158622194542
dc:0.05527314058640964
request:0.04815186453573249
atheist:0.056420998073546745
christmas:0.07480136751361446
before:0.0262493119410203
going:0.026886613383329414
appear:0.04874935269452076
murray:0.06624399491410897
