know:0.027419447236851153
true:0.028703119912864963
meaning:0.043843850387603245
wrote:0.02861749971880957
to:0.0015313324001009231
measure:0.05130393032008702
that:0.007708991676321707
church:0.04163639822320898
nt:0.007934206130249317
me:0.012039874226717163
re:0.004154894475313006
michael:0.06677100448163754
national:0.03615748805541682
separation:0.06444499038540537
state:0.029530148743784627
a:0.003103342501880878
false:0.046523428796679776
j:0.03393476288365403
truth:0.07989016728916898
organization:0.04257592475685413
figures:0.05243484914575305
business:0.040184041480372974
l:0.0734435684167414
pat:0.045034891462486445
it:0.007619009549777155
philadelphia:0.05511442755482958
mls:0.2115530947018184
love:0.03635797155757165
be:0.006427347301527459
constitution:0.05027756009640907
writes:0.0073473599001951375
of:0.008641803802921719
oh:0.035885735379349706
york:0.04181296897139381
must:0.10299824122131099
in:0.001974218909938783
thomas:0.04093338904476778
according:0.038216957828735756
our:0.04955056495511986
yes:0.029631620783376545
or:0.007492349530034282
and:0.00848438698868422
subject:0.00029663285435575884
we:0.04492479685713233
catholic:0.10346032437067286
the:0.004187516722161405
finally:0.04040582750884562
cast:0.06184926981672198
is:0.0059705028197925315
new:0.0191555507209283
executive:0.06026955327471595
right:0.02155415104211444
time:0.01755011077670793
does:0.01353876460375028
cunyvm.bitnet:0.1351533397072771
premise:0.06525342765521013
replaced:0.0480627500672925
by:0.011004838609079623
john:0.029794204439798286
panix.com:0.05755179231565518
s:0.006893736453955759
aside:0.05016915815257169
