go:0.07205304636274544
with:0.021660273214427678
way:0.0641619562795016
psalm:0.2244041025408434
93:0.13559316651127412
apr:0.13804475100140737
thou:0.20774051473791752
robert:0.11834859366510012
which:0.04784786416731547
in:0.006580729699795943
promise:0.1845662221540504
and:0.007070322490570182
subject:0.0009887761811858628
guide:0.17412729059327306
thee:0.6838023276007884
will:0.08394854406690995
the:0.00279167781477427
weiss:0.21613952656624302
eye:0.17003062868423716
16:0.1291478793268571
teach:0.18206839693940102
mine:0.12093477943703652
god:0.09826586043611943
s:0.022979121513185864
