tv:0.017704023627344218
some:0.005455779790342776
at:0.004116658936702948
music:0.02152644130696768
there:0.008577373696982686
all:0.017833043563482077
whom:0.019665003735288705
someone:0.010296533246088877
such:0.008986061698447656
themselves:0.015123599141695407
to:0.007728219589294379
line:0.013195344620588731
otherwise:0.01660460201687867
thirty:0.028312667143003605
been:0.006856263491688968
make:0.008224675155839736
that:0.0032420993031259514
justice:0.020120402502348114
re:0.0017473855270007967
lost:0.016376197777186213
michael:0.014040631783521912
spiritual:0.023864027823021203
this:0.007359566893057275
getting:0.012673839122545261
path:0.020728638462901468
joke:0.022937506866310006
these:0.0077412895939202924
on:0.002369200117940607
burning:0.02216464474157399
machine:0.01519999698282405
great:0.01178154527445176
etc:0.010851981249804838
a:0.0032628601071177455
was:0.008275337701882109
as:0.007477702431934751
truth:0.050398002729148655
following:0.012791188191774586
act:0.01743753767765586
organization:0.053717288244629034
are:0.009012776377587274
no:0.005260494094310794
those:0.008672503057418504
lie:0.02130792838216376
hoping:0.02236847942604077
it:0.004806384529065027
have:0.0023890215567647327
founded:0.025637343812296452
only:0.006231477748921899
ve:0.00852866214498801
royal:0.028530050393633943
real:0.01195137314952452
after:0.00901501723207921
discover:0.025519036298351172
exists:0.01743753767765586
shows:0.018057077745887433
willing:0.03341962480354832
ancient:0.06428418267046615
be:0.005406179973247395
which:0.006036880058493073
found:0.012497759370359799
writes:0.003090011172979263
kinda:0.023864027823021203
things:0.010442644524019858
of:0.011811811272685059
but:0.0031088001039738795
parts:0.017049976688861497
years:0.010419511322338286
drink:0.023433582547751082
present:0.016936917209482726
order:0.026208568795630764
women:0.017660351373053385
visible:0.02216464474157399
groups:0.017195259806011175
who:0.018126909451876377
up:0.006277852197908339
good:0.0075701394923341075
one:0.009189821567996472
in:0.0024908369424461283
point:0.010287551220841405
external:0.020065534194513145
world:0.01178154527445176
rather:0.01202562454632179
men:0.016409339030968886
and:0.005352300203141914
few:0.010680502340683582
still:0.009540696645932463
for:0.0015203217893087569
known:0.03043858642678839
subject:0.0001247521350094313
oriental:0.08984738128087692
i:0.002676150101570957
angry:0.024917013532729824
yet:0.012290040853673662
background:0.020686915889329967
than:0.006685052720651687
the:0.006692199621398134
benefit:0.021167730950837595
would:0.004358175916375589
orders:0.022870750056742356
genuine:0.027532040579157032
road:0.016872207411077148
needs:0.015651152162006292
may:0.008696380969345004
last:0.01018767547691354
an:0.004195785694213723
just:0.005487797025541523
during:0.01368396967197416
is:0.0037664386947289332
having:0.024456928901124872
time:0.007380887709830437
societies:0.027622779298115453
study:0.01731482873100373
their:0.007073287937297728
light:0.016318760214048097
experience:0.015477676517734334
whenever:0.02216464474157399
premise:0.027443030322284626
dedicated:0.025460987139479408
show:0.01406574144735903
article:0.003786602244470098
give:0.011043160146523396
bad:0.012806546947413008
mike:0.014931831911017305
concern:0.02152644130696768
soft:0.02496864828126527
while:0.0101417874106473
doubt:0.01626202008869424
cup.portal.com:0.05036217856324789
