re:0.05342007182545293
evolution:0.38491093616196603
part:0.3498888732018967
homosexuality:0.3423745996622497
no:0.08041040972732212
love:0.23372981715581775
and:0.013635621946099637
subject:0.0019069254922870211
see:0.12638469724365542
time:0.1128221407074081
2:0.13917211086395775
1:0.13989456370890774
