some:0.004578575980915114
there:0.003599133276773127
honor:0.021132365122617746
sacred:0.0221114030710983
own:0.008888198570776452
your:0.024704553376103187
whom:0.01650317960530111
with:0.0045868813865846845
way:0.006793618900182523
further:0.013913076082672105
documented:0.021669067799940087
proves:0.021939628080281073
from:0.009959673581531478
wrote:0.010100294018403377
my:0.007452660873178834
christ:0.014556368286423106
to:0.004864232329732344
hearts:0.0221114030710983
day:0.009973737395148518
heaven:0.017075147750448418
perhaps:0.011327300147608022
that:0.008162461774928865
son:0.016733926664214572
indeed:0.01446369532746908
consider:0.012628878739494875
me:0.008498734748270939
attention:0.016645797817735914
anything:0.009102906471840798
re:0.0014664333442281198
voice:0.02844309256028367
this:0.006176263980840224
he:0.006235816500079354
something:0.007806514969268717
two:0.007312899735895339
certain:0.012926725457884349
on:0.005964809708697528
you:0.010898019400171016
books:0.014316619266847689
possibly:0.01520373985646016
lord:0.016704329779369937
am:0.00640916218314261
messiah:0.021829154052960698
came:0.02367628809786625
more:0.019943827856011384
a:0.0032858920608150473
as:0.006275405178172693
coming:0.013633842959959196
part:0.009604792597699125
surrounding:0.02136725979548468
worth:0.013784955367811129
died:0.015906678514330686
considerably:0.02151526108169193
brian:0.02930256874336297
book:0.012194896120328131
place:0.010664422028691865
18:0.015163723502835683
it:0.005378124388077991
not:0.004728705949615411
have:0.004009808730569826
received:0.015173689375104986
made:0.009119919811443142
follow:0.014811734558499158
19:0.016066263576395606
boi.hp.com:0.024134199797674886
bskendig:0.024657852317771057
love:0.012832225255613524
netcom.com:0.012623667351847605
regarding:0.01551763282772893
his:0.007233055064726496
explained:0.018577078151452753
personal:0.013152531259591042
heard:0.010598617095764214
without:0.008812590136480372
be:0.002268475518186162
were:0.012167084686057247
making:0.012057283101460406
of:0.004575072601546792
describes:0.01960358163161742
but:0.002608953812746707
accepting:0.020131647847877247
saying:0.011829628152801723
glory:0.04199579633559916
fact:0.009404969131877801
bearing:0.02223024757892312
well:0.019798446001804058
please:0.01502286554435494
testimony:0.043658308105921396
universe:0.017378252355552914
good:0.006352979809252938
pleased:0.022170375139194537
in:0.0027871325787371054
star:0.01800324303715452
our:0.00874421734502115
point:0.00863347435788259
stories:0.01814966527416489
and:0.00449173428812694
word:0.024069619734615046
for:0.001275877893772839
subject:0.00010469394859615018
until:0.011220257746528016
i:0.0014972447627089797
we:0.03171162131091694
power:0.010595510902629576
pay:0.013069968870579934
research:0.012107182276614812
will:0.004444334685895232
than:0.005610201106742985
the:0.004433841235229724
do:0.0028169330153195947
when:0.015384405209926304
invented:0.021884002060704774
would:0.0036574495925661807
can:0.010171364616914275
convince:0.018529829765114813
peter:0.014438796395395909
did:0.006446709974286139
mr:0.013242963444248681
an:0.00352116917083034
jim:0.026559456838814662
mountain:0.017822678572443122
jesus:0.04086116964344477
ourselves:0.0186490355579947
statements:0.01653129132874665
religion:0.013927573580245932
about:0.0038628085502818493
17:0.015420799052864727
is:0.007375327012684891
morning:0.016824081637644768
time:0.006194156744720445
events:0.015955093556771077
study:0.014530875876214896
does:0.0047783875072059815
life:0.02188532826108792
light:0.013694959552181541
told:0.012157724575408353
1:0.030721943402740527
existence:0.015955093556771077
16:0.01367448134049075
him:0.02819429768662715
precisely:0.01954230587513475
dark:0.018086242296731163
very:0.00683624506581744
kendig:0.023672305540198876
holy:0.017764291856781356
before:0.008338016734206448
prophets:0.021996054501661855
father:0.01697910453472961
god:0.020809241033531174
