another:0.008870021321554315
muslims:0.01765501909426637
at:0.007047720099635449
there:0.0036711159423085896
all:0.0076325426451703295
your:0.0100794577774501
continue:0.015632824827605783
with:0.0023393095071581895
ca:0.008226194384369284
modern:0.016426112420167366
wrote:0.010302299898771445
christ:0.05938998260860628
to:0.0027563983201816617
hardly:0.01746654740235809
most:0.022279145567604457
ii:0.014685599220440472
speak:0.014341731258553576
direct:0.015975102490296697
been:0.005868961548885757
bear:0.018022249291278863
that:0.0013876185017379073
nt:0.002856314206889754
consider:0.025762912628569546
asking:0.014341731258553576
rob:0.03520546153599391
me:0.004334354721618179
re:0.0014957620111126823
this:0.004199859506971352
anecdotal:0.024057836024127754
mlee:0.04811567204825551
satan:0.021032531695401844
on:0.00202803530095716
enemies:0.045727728139807536
you:0.006669587872904662
lord:0.017038416374957337
am:0.0065373454268054625
them:0.005863436686128964
enemy:0.021417856131155575
loved:0.020991922209545773
m:0.005475258848464289
why:0.014237780641232052
sure:0.008728176080636814
a:0.0027930082516927903
christian:0.03847010845483891
was:0.007083689072811085
as:0.012801826563472295
evidence:0.012870832138052308
died:0.0162248120846173
hands:0.01602147982142037
course:0.009784607199600077
far:0.009957512288485607
are:0.01285822763202451
no:0.00900596588946008
christians:0.04316392364447365
d:0.007287376889508142
religious:0.014685599220440472
not:0.0048232800686077194
have:0.004090004905181223
bound:0.02032370587089311
follow:0.015107969249669142
kind:0.01102210678785224
malcolm:0.06696504630575661
persecution:0.07047370186762693
towards:0.01667910854139816
war:0.014147300462292069
has:0.004259097895546204
love:0.03926660928217739
crowd:0.021417856131155575
yourself:0.01402509868549837
his:0.007377716166021027
teachings:0.04206506339080369
be:0.009255380114199541
writes:0.0026450495640702493
of:0.010888672791681365
even:0.013433275582128205
what:0.00736353682397305
but:0.002661132889001641
least:0.00963064953082593
they:0.011195035494092924
who:0.020688845987741573
up:0.005373841481409539
one:0.00786648726220498
in:0.0035535940378898095
israelites:0.024616883793628388
our:0.008919101691921574
fellow:0.01925064992451439
or:0.0026972458308123413
world:0.010085002754930707
and:0.004581568973889478
few:0.009142510003625147
for:0.0039041863549448877
subject:0.00010678782756807318
leaders:0.017690261612994987
jews:0.10344969898489481
i:0.0038179741449078986
post.royalroads.ca:0.04884344627390132
back:0.00842542688027015
any:0.004093149065155229
nazis:0.020991922209545773
the:0.005125520467925561
do:0.00861981502687796
violation:0.02060701008116756
sins:0.020570480146914465
during:0.011713478039209881
jesus:0.027785595357542447
people:0.01204218512058494
many:0.007412804110312374
middle:0.01606840118056233
loving:0.020872510356947045
is:0.003224071522687967
east:0.01628663711756407
done:0.010594654205682794
white:0.013595876583282368
else:0.010106208901352227
time:0.006318039879614855
lee:0.03413721039499773
man:0.011592197355180796
their:0.018164203422980568
history:0.013284030417403524
article:0.0032413315212664042
jewish:0.015298028752099194
side:0.012881456314284773
majority:0.016491154503654487
before:0.008504777068890577
aware:0.016387588847923518
by:0.015846967597074657
father:0.017318686625424202
hatred:0.020872510356947045
god:0.0212254258542018
