there:0.04440866059244262
wonder:0.05952205980349885
indicates:0.07928785028006174
that:0.011190471788208929
nt:0.011517395995523202
could:0.024340470247194473
anything:0.03743937339224845
re:0.006031298431905976
set:0.04273249329235357
children:0.05407059464546009
them:0.04728577972684648
independent:0.0669796927128544
why:0.02870520290570978
as:0.012905067100274491
said:0.03534685207521665
evidence:0.051898516685694784
religious:0.059216125888872866
taylor:0.08748806120523282
have:0.008245977631413756
alive:0.07104872731609416
of:0.0031361384768667524
what:0.014845840370913407
compassion:0.09772436723552858
saving:0.0851411646944064
fire:0.05801602640386242
well:0.027143030808924915
government:0.08682628834246121
u.s:0.05689907098384997
and:0.0030790114071837893
still:0.032930791648863665
for:0.010495124610066903
subject:0.0004305960789035209
i:0.0030790114071837893
branch:0.07354672054488781
unfortunately:0.0593853722713864
the:0.008510114628908662
see:0.028538480022760902
ross:0.08748806120523282
did:0.026514694249080085
fbi:0.06152938519823121
just:0.01894175102364332
press:0.057860489689801065
is:0.01300028839793535
survivors:0.07573557944689645
davidians:0.15610174505082497
leave:0.05698680845636317
by:0.01597476572285752
