some:0.019788760595480577
at:0.014931610380583576
1915:0.09715638200589359
tony:0.07835160300750352
your:0.02135478342680106
previous:0.05886778677445434
to:0.0023359307798149673
born:0.07284615183121138
cleveland.freenet.edu:0.07258336900856789
re:0.006337974623358823
rahul.net:0.10809092372408993
so:0.01731882368449017
political:0.06109789453358517
he:0.05390282059390628
internal:0.06716215959525988
you:0.01884064370877023
a:0.004733912291004729
was:0.03001563166445375
worked:0.06515531933176864
no:0.01908043620648322
d:0.030878715633509076
it:0.005811108978643593
christopher:0.08201956095890803
were:0.026293276228344053
if:0.011358481690905241
but:0.011275986817803564
ok:0.05531947780527003
order:0.04753079425648291
naive:0.09607988360382026
now:0.02799854911658041
in:0.009034561113279178
and:0.003235571309243982
subject:0.0004524907947799711
i:0.006471142618487964
back:0.035700961357076906
20:0.05330224319331559
the:0.0012775474745577169
do:0.012174879981466045
when:0.022163973607520947
century:0.07572579652265878
hs:0.23211417386328956
last:0.036951907662025385
dates:0.0948238162791809
is:0.009107546674259793
right:0.032879213454072874
article:0.013734455598586458
lewis:0.08433162630619406
says:0.04340723295639946
s:0.021031738334102316
