re:0.041548944753130056
michael:0.33385502240818765
j:0.3393476288365403
list:0.32351428854684217
of:0.021604509507304293
biblical:0.5072206381433906
contradictions:0.6895015825327385
subject:0.0029663285435575885
the:0.00837503344432281
