looks:0.01584771052950875
all:0.004416980697436533
ever:0.01223806507791602
where:0.00855304073256371
among:0.01594678457400845
modern:0.03802340838001705
longer:0.015713939853584144
to:0.005104441333669743
hudson:0.05180189963399698
us:0.019072929501712924
day:0.035323653274484335
relevant:0.020814781813905392
been:0.006792779570469626
that:0.0144543593931032
think:0.006665500127447014
like:0.010783695032487713
nt:0.003305919220937215
could:0.0069866164598428575
re:0.001731206031380419
eat:0.02090381589690487
telling:0.019879742211230615
he:0.007361727812593681
sunday:0.04136872217441544
on:0.0046945261596230544
athena.cs.uga.edu:0.026035151376596878
regard:0.06376148575658894
violate:0.02755222270560373
clarification:0.02755222270560373
link:0.022434667262763507
sin:0.019934102479178224
more:0.005886199193614472
a:0.0012930593757836991
other:0.012771370257702877
nor:0.015993236097108347
as:0.003704232223226937
acts:0.0202743916550714
question:0.01010641705253289
also:0.006868042276294288
are:0.00595288316297431
no:0.02084714326263907
christians:0.04995824495888153
recognized:0.04628623440798557
it:0.004761880968610722
not:0.008373750119110623
should:0.015211223539198885
have:0.004733801973589378
only:0.006173778880876326
kind:0.012757068041495647
command:0.019056725254323312
personal:0.015527293848128313
list:0.01347976202278509
be:0.010712245502545764
which:0.005980983020914434
writes:0.0030613999584146404
were:0.014363919421039806
if:0.003102548239645413
of:0.006301315272963752
keeping:0.0193524996406717
totally:0.019071830095225242
kept:0.018489701956361914
col:0.029524835646857896
what:0.012783918097175433
but:0.003080014917825973
never:0.010203422365101205
requirements:0.02252947527824286
alike:0.026173359539326882
who:0.005986355899230779
authority:0.01958320507468964
one:0.009104730627552059
commandment:0.030143036538638094
in:0.004112956062372465
seven:0.02231120315590165
or:0.0062436246083619005
and:0.0008837903113212728
irrelevant:0.0227251225434738
gentiles:0.029823625096568874
for:0.0030124894714080924
subject:0.00012359702264823285
fourth:0.02234176187826902
i:0.0008837903113212728
we:0.031197775595230785
scriptures:0.02463570289570367
any:0.009474882095266734
necessary:0.01668877674759965
than:0.0066231540843493565
the:0.00558335562954854
do:0.00997663776259023
judge:0.020196580922125194
jr:0.0216324833679763
romans:0.0244386676437648
would:0.004317822435668407
can:0.0040026203353597835
law:0.01392056076501836
did:0.007610699275198913
instead:0.01420247366474371
problem:0.009794283759470297
jesus:0.0321592538860445
people:0.01393771425993627
about:0.004560260094082738
15:0.015471345981391868
paul:0.015162141162541932
is:0.004975419016493776
living:0.01705557876865324
days:0.04136461978541906
keep:0.03679742477952668
man:0.013416895087014808
sabbath:0.11396705460013141
judged:0.02564368198757807
food:0.019516107818659242
2:0.0180408291860686
position:0.01593908776487135
article:0.0037515411125768564
jewish:0.017706051796411104
holy:0.08388693376813418
says:0.023713210596551553
while:0.010047881971659825
7th:0.051040435761432426
