lpl.arizona.edu:0.043272619333018285
au:0.04351118836740077
simply:0.023348422441857933
go:0.014850627876291047
know:0.00941889408899467
your:0.04808901611378865
meaning:0.030121729273925892
from:0.006462383621604393
parents:0.0350046185533836
feet:0.06705438090008141
my:0.021760631938861862
to:0.0010520604275502524
then:0.012182292746380177
she:0.025306431182431165
that:0.010592507646854253
think:0.010990442958233246
quite:0.060828993483421405
consider:0.024582931897490022
me:0.008271669316065227
ceccarelli:0.045275399977808294
re:0.0028545076547951947
wait:0.028025952710764256
93:0.0279466831740794
abused:0.04625122724124253
apr:0.02845197158044274
you:0.025456442262994892
them:0.011189764668185045
prove:0.02997632320544731
a:0.00213206736770442
nine:0.03852908287728467
deity:0.04660634186440965
que:0.043272619333018285
demonstration:0.043883632368694137
brian:0.11407870274133675
it:0.002617217020915816
not:0.013807099433037364
je:0.12715971667265594
thereby:0.043883632368694137
mother:0.1300642471370789
bskendig:0.09599621894704762
netcom.com:0.049145575186582274
alive:0.0336261152183041
kid:0.03865631228556873
14:0.02850269328058525
writes:0.005047804511584445
tall:0.08631214748846729
were:0.011842009904368695
if:0.005115652059262666
of:0.0029685585582555516
what:0.007026275595394131
assert:0.042282712284861544
ne:0.08751490898240796
si:0.04131514201280701
in:0.001356333602248019
promise:0.038040366398163064
and:0.007286210200205913
for:0.002483579106199038
subject:0.00020379356406120838
i:0.004371726120123548
similar:0.02415846021272291
exist:0.027759728822871033
the:0.0005753839770908802
jose:0.03480837155559576
when:0.009982247655295694
would:0.02135838884208495
named:0.03558257139106067
ends:0.0361153634669045
7:0.024362813197948897
just:0.008964798194396075
is:0.010254680415674195
9:0.027181936302481117
does:0.009301441330820802
life:0.021300605750295496
1:0.029901128120987917
show:0.022977623433090323
de:0.06169438209380107
kendig:0.09215935744657577
murdered:0.040060920247224754
father:0.06610185734894733
john:0.02046930076016676
god:0.020253268944849044
s:0.004736154815694796
