another:0.006908116294045416
taken:0.010264427725104861
read:0.007062314834572965
divine:0.015909351882014134
out:0.014681334567980807
apologize:0.05014732325273669
desire:0.01513860990907382
raise:0.014682871300928223
true:0.008047603713887373
your:0.019625112495035242
with:0.0072875685581252
way:0.005396800060892658
such:0.005990707798965105
times:0.008755377387828743
arguments:0.02591601641858163
objections:0.01801450900926671
yours:0.013166134906088665
both:0.04197577723940631
my:0.0029601690384121536
to:0.005152146392862918
stop:0.010354994126419432
pointing:0.03187359865301366
that:0.009726297909377854
think:0.004485196347440982
nt:0.004449087549672514
agreed:0.01479548349443698
me:0.010126997013126585
articles:0.02624229670217861
so:0.00636642116750729
this:0.003270918619136567
standards:0.013200306343380172
you:0.015583149235758556
bible:0.0336348925407224
m:0.017056881147863825
why:0.0055443071032835085
josh:0.01631753961536742
sure:0.006797644922614341
a:0.0017401920571294641
screens:0.03571480709250917
other:0.004296909619414052
nor:0.05380901864447668
low:0.010578799189968286
was:0.005516891801254739
responded:0.03263507923073484
as:0.0024925674773115837
red:0.022508529314283807
part:0.007629975428078745
quotes:0.03027721981814764
given:0.008684696446047604
question:0.006800579698900636
smoke:0.031603836623397934
addressing:0.016787392854415963
irrational:0.017428676512372815
frank:0.06099960088085081
are:0.004005678390038788
no:0.0035069960628738624
taking:0.010613551508260452
it:0.005340427254516697
not:0.007512897303127288
should:0.010235589671236632
disagree:0.013234856769218673
have:0.004778043113529465
due:0.010327546681926737
being:0.01212338897149625
calling:0.012813086042203919
ve:0.01705732428997602
amazing:0.015269339501282642
doing:0.008351099393038365
attack:0.012301238530393091
robert:0.00995455460734487
has:0.0033170544357836477
shows:0.012038051830591623
yourself:0.010922974054126455
dodge:0.01806868889310431
his:0.0057458848645023574
list:0.00907049407140679
without:0.007000655715895623
be:0.005406179973247395
asked:0.01050561027644371
which:0.004024586705662049
writes:0.0020600074486528423
conclusion:0.05500005948369585
were:0.009665441105746412
of:0.006663073025617212
trying:0.008399776395851702
what:0.005734841763218886
explain:0.011199556162033034
but:0.002072533402649253
never:0.006865854301750344
saying:0.009397368158767723
oh:0.010061421134397112
fact:0.007471237160837505
contradictions:0.019331820071011363
well:0.005242579159356214
they:0.011625166660532631
who:0.004028202100416973
now:0.005146150772206368
david:0.007777087973035807
one:0.003063273855998824
in:0.001107038641087168
context:0.02587377537817428
and:0.007731100293427208
still:0.006360464430621642
for:0.011149026454930884
subject:8.316809000628753e-05
motivated:0.017857403546254584
however:0.007467597832389137
i:0.011299300428855151
away:0.008626117091350999
any:0.009563432395222497
the:0.0028177682616413193
do:0.011188752630942315
see:0.005512105175735751
when:0.016295008633566803
agree:0.009397368158767723
may:0.005797587312896669
an:0.011188761851236594
jim:0.010549316968688067
just:0.0036585313503610154
weiss:0.01817996017846904
excuse:0.01379127725955331
about:0.00306858623153231
claimed:0.013258105121871599
is:0.004184931883032148
argument:0.021923622679998266
having:0.00815230963370829
match:0.014912319617360512
questions:0.009421110084876984
silence:0.016715774417578898
possess:0.019020033595755964
too:0.006082610180263229
various:0.011104607409206194
almost:0.009414308193970617
bad:0.01707539592988401
going:0.006784472535980319
by:0.009256406306702486
happy:0.011832071926744613
s:0.003865646609694818
james:0.01077755067799697
