computing:0.05592899332280823
anyway:0.07816702106780857
with:0.007497786881917273
into:0.02295902439721008
often:0.03983744087536802
my:0.012182234119619247
christ:0.09517625418045877
to:0.0017669220001164498
wake:0.07001376625445065
us:0.026408671617756358
keyboard:0.05826644917914097
next:0.034338205432681734
weapons:0.051276358788329146
nt:0.00915485322721075
re:0.004794109009976545
mormons:0.06808334499189457
these:0.021238922732037726
messiah:0.07136454209621766
bill:0.03968607532938099
m:0.017548906565590668
was:0.011352065821812635
let:0.029553047984010573
question:0.02798700106855262
wondered:0.0720973422736529
business:0.04636620170812266
christians:0.04611530303896757
not:0.007729615494563652
have:0.006554495040354523
academic:0.07172570718553428
ve:0.023399149987531207
university:0.03013256540511094
after:0.024733508816217324
virginia.edu:0.061617279488556456
regarding:0.05073072270603689
writes:0.00847772296176362
were:0.019888503813747425
of:0.007478484060220718
what:0.011800539782008092
but:0.008529272080133465
ok:0.041844220391165796
again:0.03130601459112844
pete:0.06665012183820078
who:0.016577600951716003
net:0.04250182672946772
david:0.03200570819672428
and:0.004894838647317819
still:0.026175757464481374
subject:0.00034226867810279864
jews:0.047367078289787
i:0.0024474193236589093
the:0.0019327000256129563
sky:0.05976047246447369
original:0.03956625658042922
would:0.011957046744927898
peter:0.047203757446486624
did:0.021075782608243145
koresh:0.0523615208800481
jesus:0.044528197688369305
people:0.01929837359068099
is:0.003444520857572614
center:0.04187988248042062
figure:0.04733971325736863
their:0.0388124004764542
followers:0.12306859706671247
light:0.04477198315136273
virginia:0.06256738169565546
somewhere:0.04973744947311009
stands:0.06128853037812905
beliefs:0.05582259841492752
s:0.007954311293025875
