out:0.010245018252873564
say:0.016500391080587335
cults:0.051929559927070795
own:0.01970861422215648
your:0.010955932366793588
with:0.00508545545034389
cambridge:0.04063144702159027
though:0.021613427840092868
from:0.007361497864610223
wrote:0.02239630412776401
my:0.008262732707220012
to:0.004793736209011586
add:0.02988017753436277
perhaps:0.025117056849043872
she:0.02882732595563898
that:0.0030165619602997985
view:0.029611728285083752
bit:0.04739276866183825
brought:0.03369037254378841
re:0.003251656545897135
best:0.02117544417357769
on:0.00440877239338513
you:0.00966606938102125
josh:0.04554721927419949
a:0.0036430542413384216
other:0.011993982502886181
christian:0.027876890184665878
was:0.015399324071328446
as:0.01391502887333945
copy:0.029709669087507325
deals:0.04685872266319587
lets:0.040292297823300974
those:0.01613839699380487
it:0.008944054688868833
not:0.005242695726747521
strongly:0.040582179738671335
love:0.028454064697229987
joshua:0.10280477860516012
writes:0.005750107747978803
of:0.010144726203429842
chapter:0.042937614122457425
but:0.011570142995659309
women:0.032863610381160216
must:0.02015182980416954
who:0.011243938036816073
in:0.004635122658117143
and:0.00829994379327804
for:0.002829120547061513
subject:0.0002321474512349417
i:0.003319977517311216
group:0.023453182041796916
later:0.027786191556153944
the:0.005243499199923847
do:0.006246242773099971
see:0.015385963142705879
quote:0.03508659054383121
views:0.035218146035972946
can:0.022553895454896868
major:0.028490678023632976
her:0.028751380912432418
come:0.02087994499538616
last:0.018957935235299983
development:0.03380228724396698
just:0.010212074464920748
religion:0.03088288054750185
press:0.031194350963197098
draw:0.036719126406990286
is:0.0023362837120927296
argument:0.030597751653388888
time:0.013734869303510554
conclusions:0.044034581820952205
study:0.03222063781247651
drawn:0.04367668553839996
does:0.010595554907282829
their:0.013162466248536644
article:0.014092745744636538
greek:0.04146023119380179
u:0.0328838563790697
by:0.008612482389714488
high:0.02432455500557845
