believe:0.01137524544675571
at:0.00922476452831865
say:0.019869580882382654
there:0.004805125578937945
know:0.006460079191928282
true:0.06762515162716876
faith:0.03921493319743238
take:0.011129576598616249
your:0.013193007562107463
with:0.0030619234386887297
way:0.009070014762023787
from:0.00886463093644163
loose:0.027320039734223884
post:0.013521349761419794
yours:0.022127378559447443
my:0.0049749437765984365
christ:0.05830168449797736
to:0.00432942144531151
building:0.01989773596250603
attacks:0.024063226860526424
that:0.00544876375027974
church:0.11771547141640235
nt:0.007477262321700927
me:0.0056732391644217
re:0.0019578036794668614
mormons:0.055607339365107616
this:0.013742995768885314
presume:0.02936646019855379
93:0.019167620396881684
telling:0.022481802710082793
he:0.033301219005659376
acsu.buffalo.edu:0.028399265940965628
merely:0.021366748794454746
apr:0.01951417946093193
personally:0.020517511021500005
something:0.02084462112213113
these:0.008673486770151532
you:0.0029099423529252454
why:0.009317919267822024
a:0.0014623079851794714
was:0.009271844336140164
intellectual:0.027975344147595647
belief:0.02156814293491441
stuff:0.015305845825516346
are:0.010098084527767939
no:0.011787913467879685
reason:0.013990638345594388
it:0.0071802184238737585
not:0.006313193807078166
statement:0.018184290155459717
deleted:0.018394657052347312
have:0.0026767047808777637
laugh:0.026557150670446953
only:0.006981865121828726
date:0.01873193293080274
completely:0.01883242741905482
real:0.013390543738210721
robert:0.05018971773231995
love:0.03426405696525077
without:0.011765499920431912
seek:0.050884751631546564
found:0.014002725158413599
greatest:0.026090513079368386
writes:0.003462106759254253
of:0.002036027073986792
destroy:0.0517049803568859
what:0.004819068602076603
but:0.006966316463355082
mormon:0.03045941733919311
least:0.012605562213122945
gmt:0.022184808043063015
oh:0.016909508817494628
please:0.010028352653954214
they:0.009768791879662238
errors:0.022481802710082793
good:0.008481726970468582
in:0.0009302602193428821
replacing:0.05873292039710758
or:0.007060852960241732
better:0.011707936498960226
and:0.0019989393428837166
subject:0.0002795492868274167
motivated:0.030011657268836242
i:0.004997348357209291
group:0.014121025836684007
person:0.014686881879967806
20:0.016465090829348796
favorite:0.02530086444201454
the:0.003946350837639021
do:0.007521653601115149
see:0.027791399393892816
when:0.006846463051537885
did:0.017213728203591263
lds:0.06645646953983825
weiss:0.061107510128676046
btw:0.019642882305986046
here:0.009426182751954953
people:0.007881011204571296
excuse:0.02317801047286185
about:0.005157152776554302
is:0.012659966712125525
ubvmsb.cc.buffalo.edu:0.06037238700120747
attempting:0.026172321026504932
insert:0.0271682725254634
nice:0.016543138517040618
article:0.004242580525217807
lots:0.019103115243017596
by:0.005185526046163173
s:0.003248357491392766
