religions:0.0740185457410977
some:0.009050673450646156
join:0.03554732581777714
attitude:0.03408033357251723
all:0.014791749312345599
keeps:0.03700927287054885
cults:0.1388813812003056
remind:0.04092055977560618
case:0.019159776025633766
faith:0.02903121023530847
own:0.017569694849209266
with:0.004533545556508119
such:0.014907110104401539
from:0.006562575615737795
my:0.007366002025816289
to:0.0021367428838617534
day:0.019715527409014513
began:0.0347426995101675
that:0.010756732571611683
helps:0.0327904829157594
nt:0.005535492649011151
re:0.0028987635874276785
so:0.007921012382828838
this:0.008139262610409597
these:0.012842139326348392
on:0.0039303009708472085
you:0.00430851929774203
mainstream:0.044309814088960786
them:0.011363249391722797
a:0.00433024535146169
horrible:0.03993606604877434
said:0.01698840952452273
cult:0.03672213122961591
personality:0.045098827223146384
those:0.014386943056492714
tragedy:0.0433690322517184
reason:0.020714821116345178
it:0.0026577940289920308
not:0.004673720996712906
should:0.03820493354031348
couple:0.024465052671740452
have:0.003963183047656224
after:0.014955144865619777
doing:0.02078064267570012
public:0.022974764326051115
minor:0.033689396722696364
his:0.014297899546552377
be:0.004484195791763343
thinking:0.027004081657741513
writes:0.00512606504664777
get:0.01018894554489242
things:0.017323456807288758
of:0.00904374816584831
what:0.007135210100749079
particular:0.02628722052778145
variety:0.07244366523229273
subscribe:0.04052697585798274
who:0.020047331383470517
authority:0.0327904829157594
waco:0.03011376518985466
now:0.012805537968048404
good:0.012558215902011621
one:0.007622565176555213
condemning:0.046456998455899026
in:0.0027547240603796974
point:0.01706617024232605
or:0.005227220602349499
and:0.005919339759547129
subject:0.00020695315420169222
leaders:0.03428345273836238
i:0.0014798349398867823
mere:0.04116667371602928
the:0.004090132612343698
mr:0.05235590198889013
mental:0.04133520074421847
just:0.009103787313689039
people:0.011668784031574553
religion:0.027531250100486144
head:0.026766354538416148
is:0.004165467083576184
clinton:0.05682412850341756
today:0.02200873074262289
guys:0.03011376518985466
christianity:0.029818979177534975
keep:0.04107619510272746
too:0.015135797425306175
sign:0.03359466717746555
bad:0.021244969354623132
going:0.05064687637324843
high:0.02168468081892652
7th:0.0427315276142225
s:0.004809583572527274
