another:0.04031827873433779
out:0.021421401801462906
stephen:0.07403016871620031
way:0.03149768762811897
to:0.005011633309421203
that:0.006307356826081396
me:0.01970161237099172
re:0.006798918232330373
he:0.05782302572800855
illegal:0.07472289319315067
hard:0.04916788004682744
was:0.01609929334729792
character:0.08299974078710028
l:0.06009019234097023
have:0.009295465693593687
which:0.023488951500318503
of:0.010605850121767563
backing:0.10224713995172592
biblical:0.08299974078710028
seems:0.04284521980692869
find:0.03848084977587982
rest:0.059393287881323795
message:0.059042179791994935
for:0.0059154338711286175
subject:0.00048539921621851447
i:0.003470885586279908
tape:0.07544305934033332
we:0.024504434649344906
cites:0.10975341659546752
yet:0.04781943168520297
the:0.006852300090809573
got:0.040220978575101346
because:0.03208585997990025
koresh:0.22277447065329556
about:0.0179093850967613
is:0.004884956852557526
carried:0.08183211182829495
wanted:0.055366545264474584
nothing:0.04645192730001652
killed:0.13282854533337765
lots:0.06633990929847929
says:0.04656412262595578
favor:0.086576291591574
s:0.011280659651927606
