some:0.0060494138607945815
mat:0.10235757302330907
believe:0.022514734511195237
go:0.010079959853855581
surely:0.02324618719092757
concept:0.04410209061265061
all:0.009886713270946023
faith:0.019404280416346075
text:0.01873867219292004
with:0.009090580986366021
wrote:0.013344948055403425
name:0.014312085522436534
christ:0.07693002928575943
to:0.0049986498034382465
w:0.01603285417113655
crucial:0.029616404235626642
then:0.008268810102465302
heaven:0.0225604283749448
speak:0.01857737209657199
been:0.007602281799074815
make:0.009119587996630589
that:0.008987166462033078
cleveland.freenet.edu:0.02218869829795599
son:0.022109592224739464
finds:0.027244212040675963
agreed:0.024608032133234564
me:0.0056144491212670716
re:0.001937515558436117
had:0.007950303034622462
age:0.02136159909799804
he:0.016478064326634564
on:0.0026269887318097923
you:0.014398937549448753
spirit:0.047519223113919706
am:0.016936128048718815
them:0.02278537572329908
obey:0.02898759150503458
28:0.06874453994687171
came:0.015641071152735476
a:0.0021707318018337747
how:0.006815352317249349
speaking:0.021841861600157494
christian:0.016610582234386405
was:0.013763644571524129
following:0.014182975507978039
said:0.011354947298774261
protestant:0.0312768803769467
given:0.014444495125291612
therefore:0.01778717886297858
also:0.0076865136356454224
act:0.019334886336882667
are:0.00333114705492863
no:0.0058328794620855435
learned:0.023522256447989418
18:0.020034971467477198
it:0.0017764530038340517
deleted:0.01820403884455097
have:0.005297933815001584
always:0.013766611906729054
19:0.021227446694201447
after:0.009995925842823583
has:0.0055169661859406785
boi.hp.com:0.03188715517309376
alive:0.022823943490144237
be:0.0029972085862045145
if:0.0034722819676860587
end:0.014011572034069997
of:0.008059713391325954
raised:0.023445494345475732
key:0.016610582234386405
but:0.003447063327722333
mormon:0.030143775708735148
never:0.022838748506340524
trinity:0.061256733365768985
who:0.006699755825045847
authority:0.04383390980448666
in:0.0027618606512096965
5:0.013465662626516493
men:0.018194811153509544
and:0.006923787309418468
few:0.011842629538374541
for:0.0033714908073790052
subject:0.00013832620151304817
i:0.005934674836644401
taught:0.05014667457591269
20:0.01629446812645399
water:0.021244027019230834
council:0.026194863521963666
will:0.005872048419188002
the:0.005077092813397767
do:0.0037218545021062005
may:0.009642619313159746
jim:0.03509151033107637
disciples:0.030429059528336327
long:0.012333218886572978
jesus:0.07198340766202707
is:0.0013920861496925592
deal:0.017079352288914555
verses:0.027405303165391155
days:0.015431360748964625
himself:0.019392650002595695
1:0.010147792186138387
him:0.01241717773763372
very:0.00903234451701268
teaching:0.02606692252408609
earth:0.018241114832091964
holy:0.07041286668620589
by:0.01026358004991882
father:0.02243353189821788
john:0.02778734092830928
nations:0.024513536860955906
everything:0.0160086139063381
