ask:0.06939434724658017
islamic:0.3275432164638037
to:0.0032814265716448352
that:0.008259633938916114
view:0.24323919662747367
like:0.027729501512111263
came:0.07187444601137968
a:0.006650019646887595
question:0.15592757738193602
homosexuality:0.22824973310816646
d:0.04337724338992941
towards:0.19856081596902572
boi.hp.com:0.14652907020016895
regarding:0.09421419931121136
what:0.021915288166586454
participate:0.12471262420316526
up:0.03198715167505677
in:0.008460938185451928
and:0.004545207315366545
subject:0.0006356418307623404
i:0.00909041463073309
group:0.06421704606682488
the:0.005383950071350378
jim:0.1612538450928033
here:0.04286668822912847
about:0.023452766198139796
is:0.006396967306920569
discussion:0.08185409391643313
