feeling:0.03521481331120582
proven:0.03825188689271641
all:0.007694095408437832
faith:0.030201823551248327
knowledge:0.029812670523001093
further:0.028611567750656344
previous:0.028009672739458112
such:0.015508203253772569
my:0.007663018236534687
christ:0.08980340112188448
to:0.002222901871114243
w:0.07486308520232307
death:0.027059809548680824
that:0.0055952358941044646
justice:0.034723920447600774
cleveland.freenet.edu:0.10360690576222997
finds:0.042404297772987584
re:0.003015649215952988
so:0.008240408043426775
on:0.012266342546111853
children:0.027035297322730044
them:0.01182144493171162
more:0.010253379240489724
a:0.005631065023574173
same:0.015662043149424293
paradise:0.04904758295828605
following:0.022075115105159367
protestant:0.048680950909279944
died:0.03271131468672843
accomplished:0.0458404622513013
are:0.010369538412922992
those:0.014967061728125484
plan:0.03149648546321457
learned:0.07322250797519286
requires:0.03237221600734537
it:0.00276496314306429
not:0.014586532465547537
ones:0.02735991919658755
have:0.012368966447120633
tom:0.09183213443890537
bed:0.045967465130076615
loves:0.0458404622513013
has:0.008586890918439926
his:0.04462328326222395
heard:0.02179554322112802
without:0.01812266520002012
be:0.004665010138205414
writes:0.005332761217883567
of:0.004704207715300128
keeping:0.03371080582568618
even:0.013541608449726013
never:0.017773703474692423
must:0.018689196995802397
who:0.020855691519900778
in:0.004298702465189285
cross:0.03693879204529151
better:0.01803399896210809
and:0.0030790114071837893
for:0.0026237811525167258
subject:0.00021529803945176046
i:0.0030790114071837893
usenet.ins.cwru.edu:0.042002995276543525
than:0.011537107114673073
the:0.001823595991908999
thing:0.01825751963810449
can:0.01394461278125344
because:0.014231631442697693
refer:0.036143614812996834
salvation:0.08464484761913618
commandments:0.0479941943904065
jesus:0.028009672739458112
is:0.00433342946597845
man:0.023371365635445153
too:0.015746111837616907
him:0.03865347263489206
article:0.01306988516639679
opinions:0.023029114157419695
by:0.023962148584286275
says:0.020653441487319096
john:0.0864993032123176
god:0.021396598643348586
