kills:0.03457412598450296
week:0.021415147853450826
out:0.007317870180623974
posting:0.02049185439103255
spreading:0.0354035135163323
where:0.011474886945551314
with:0.003632468178817064
much:0.010852154469316344
setting:0.05343896717220629
continues:0.030762430275150802
into:0.0222460112171725
such:0.011944206232719246
contents:0.030952099367449446
post:0.06416342371257591
tm:0.02854705795254998
suggests:0.03062388519742224
both:0.027896945121841463
to:0.0051361459382266985
revised:0.03636097115501092
line:0.017539153719291854
most:0.011531648844515763
us:0.025588526536459575
enough:0.015106512589673268
next:0.016635900768628416
latter:0.028848468144442276
that:0.004309374228999712
really:0.012120470454602024
along:0.021701623671684687
its:0.012843630782820931
re:0.004645223636995907
tells:0.027496894411904428
so:0.006346649673198261
this:0.009782281460337
appeared:0.029537292343407753
he:0.02962981132025283
posts:0.024987686162538332
two:0.011582543059958456
on:0.0031491231381322355
set:0.01645599120575106
serious:0.022341575385338323
am:0.010151157495039536
more:0.015794025165474856
a:0.003469575467941354
christian:0.01991206441761848
was:0.005499758596903016
as:0.019878612676199215
challenge:0.029311406354768782
also:0.009214267898630847
thread:0.05171338873917969
not:0.007489565323925029
should:0.010203802125673785
made:0.014444593490173921
being:0.012085738695187255
follow:0.023459579580231583
only:0.008282833778070103
between:0.014427738174201276
second:0.03415771151120828
exit:0.03305162624516765
his:0.02291216200627648
addressed:0.033398709837679806
be:0.00359292706296566
which:0.008024175978369675
soon:0.022341575385338323
things:0.01388028526795186
of:0.003623116501224944
key:0.01991206441761848
but:0.004132193927021181
lines:0.021945230585680226
alone:0.04769209112316141
up:0.008344474350014812
policy:0.02383072821689006
title:0.026094368519148564
one:0.006107521166308214
in:0.004414402531540136
or:0.004188269923621648
and:0.007114237537095463
gets:0.020728672934116794
for:0.0060624011722746705
subject:0.00016581960802495836
i:0.0035571187685477317
bones:0.03659538313005966
the:0.00468169571421772
prompt:0.03613508516637194
peter:0.045737802246285174
long:0.014784541895084376
here:0.011182614320642211
excuse:0.027496894411904428
about:0.00611811292125386
doctor:0.027360379463340603
is:0.0066750963202649415
yesterday:0.02730660267611629
new:0.010708071831574824
christianity:0.023892225552186407
does:0.00756825350520202
issues:0.02363496573042792
first:0.023323662476907342
very:0.010827593116667374
by:0.006151773135510348
while:0.013480388235270325
dean:0.06190419873489889
main:0.023095757836191475
newsgroups:0.02662280957031984
