some:0.01111939881079385
say:0.01807185689778613
there:0.00874075224359188
all:0.00908636029186944
story:0.03423864312392957
case:0.023539153402921485
existing:0.04123496815577191
tony:0.0440261388327877
from:0.024187778698005015
organizations:0.09058102985311713
to:0.0013125706286579342
kent:0.043822413213918006
most:0.01768186156159084
might:0.02025795367503282
that:0.006607707151132892
view:0.03243189288366316
cleveland.freenet.edu:0.04078494068100482
really:0.018584721363723106
nt:0.006800748111642272
huh:0.09521739649642748
re:0.0035613381216968625
this:0.004999832746394467
he:0.015144125785907004
these:0.015777485458085168
you:0.005293323708654494
them:0.02792112707680459
more:0.012108752626864058
other:0.013136266550780104
same:0.018496127147891547
as:0.0076201348592097
are:0.01836889661717787
care:0.03015254229784664
it:0.006530579614094705
should:0.01564582992603314
have:0.00973810691709815
probably:0.02273546395265913
systems:0.028575401145548674
interesting:0.0311240434468706
doing:0.02553050385871729
heard:0.025739498661141665
be:0.011018309659761359
joshua:0.11259570990088967
writes:0.006297737057310118
of:0.003703630201252165
order:0.02670777962983326
please:0.018242051018145286
up:0.012794860670022713
in:0.0016921876370903856
competing:0.16196323236072557
world:0.024011911321263592
and:0.003636165852293237
subject:0.00025425673230493616
relating:0.05413540303963201
i:0.007272331704586474
usenet.ins.cwru.edu:0.049603537278965694
back:0.020060540191119407
than:0.013624774116375821
the:0.003589300047566919
do:0.006841123037204731
century:0.04255068566511303
orders:0.093225533564626
maybe:0.02521821983183166
may:0.017724052642284105
an:0.008551410843445113
just:0.011184652985389391
btw:0.03573133828993653
about:0.01876221295851184
is:0.0025587869227682277
today:0.027039297769508124
write:0.030992132618928702
spent:0.08270175603764393
time:0.030085904188642168
their:0.014416034462682992
article:0.015434912006030496
three:0.02779512387116641
opposite:0.04596019586386771
s:0.005908916960533508
