at:0.005034085785453892
all:0.005451816175121664
pass:0.02319585840109312
case:0.014123492041752889
continues:0.02830143585313874
someone:0.012591189226645828
from:0.009675111479202006
to:0.007875423771947604
hudson:0.06393834469110485
positive:0.025297142858952074
walter:0.03205139370242156
calls:0.022904512374048155
sinful:0.06898786186000816
that:0.005946936436019603
nt:0.008160897733970727
re:0.004273605746036234
teaches:0.03285003337313675
off:0.012476899702607716
athena.cs.uga.edu:0.032134815413399576
serious:0.02055424935451126
them:0.008376338123041376
bible:0.04113066859265482
why:0.01016984331516575
sin:0.0984175116686285
more:0.007265251576118434
a:0.007182021218638603
other:0.007881759930468062
christian:0.054957297792627015
as:0.004572080915525819
bring:0.021676382555937575
part:0.02799110985615174
drive:0.032272042843497016
homosexuality:0.05477993594595996
frankly:0.0323054037742549
straight:0.02283806644264748
are:0.003673779323435574
taking:0.019468285909437746
christians:0.04110849870902252
not:0.010335600147016542
should:0.037549991822479534
have:0.002921432075129445
his:0.031618783568661546
be:0.0033054928979284076
perfectly:0.025530411399067816
stick:0.024150453170596924
claims:0.02146471814633558
writes:0.007557284468772141
certainly:0.017575755870032236
down:0.013510660439732331
of:0.0033332671811269485
what:0.00525966915998075
but:0.007603236825718974
ignore:0.025718663717464126
order:0.03204933555579991
using:0.012596689020828118
well:0.009616388058019114
they:0.005330969282901392
find:0.024187962716267317
who:0.007388873567050562
accept:0.020412068403787047
in:0.006091875493525388
according:0.01965443545477839
brother:0.026477795712454923
use:0.009501597301413417
better:0.012778376407436589
and:0.005454248778439855
subject:0.00015255403938296168
i:0.001090849755687971
acceptable:0.026446655113783128
person:0.016029682508993434
away:0.015822763350420974
we:0.023104181240810914
water:0.023429126941208862
driving:0.023926334809721027
yet:0.015028964243920936
ways:0.020390505035880538
than:0.008174864469825491
the:0.0034457280456642423
do:0.004104673822322838
jr:0.02670066518561646
gospel:0.02943858583023937
put:0.01421405314026731
just:0.013421583582467268
jesus:0.059540561480448104
people:0.04300780400208907
paul:0.0187144142349089
draw:0.02412971163887933
is:0.00460581646098281
col.hp.com:0.03334724124164892
homosexual:0.027614086333855866
done:0.015135220293832562
lot:0.014163162218659375
himself:0.0427746451485825
2:0.011133768869116621
attempting:0.028565218948928238
1:0.011191565096712621
smith:0.022501363168379786
article:0.004630473601809149
very:0.009961385667333985
by:0.005659631284669521
