looks:0.013015610168722018
all:0.003627634337058141
ever:0.010051034436615439
where:0.00702455056362647
among:0.013096978965725571
modern:0.0312283506086832
from:0.003218905910380896
longer:0.01290574527898926
to:0.004192240791150817
hudson:0.04254452593514581
ten:0.015307943888052582
us:0.015664459210532288
day:0.029011061244443408
relevant:0.017095029930812033
been:0.005578860787914218
that:0.011871260946426963
think:0.005474327100869031
like:0.008856570825161014
nt:0.00543025514617824
could:0.005738057624813907
re:0.0014218270067611048
eat:0.0171681529799675
telling:0.016327088660174193
he:0.006046133868898232
sunday:0.033975832660356406
on:0.0038555804200706457
athena.cs.uga.edu:0.04276496347790818
regard:0.052366847617578746
you:0.006339912426715459
violate:0.022628441461636527
harvey:0.02121832899421946
clarification:0.022628441461636527
why:0.0067670060081901386
sin:0.0163717343555228
more:0.004834292873843064
a:0.0010619803238375628
other:0.01048903412799932
nor:0.013135129266066171
as:0.003042259164323264
running:0.01151125632109012
acts:0.016651211397320998
question:0.008300327313106861
also:0.005640673504485044
morality:0.032864178590561115
are:0.007333589904196489
no:0.01712160815486707
christians:0.041030345669651754
recognized:0.03801454993203378
it:0.0039108984380985395
not:0.006877300478052832
should:0.012492868001775511
have:0.0038878373623395654
follow:0.014361187499685495
only:0.005070479993419341
kind:0.010477287821152318
whose:0.014231108176809767
command:0.015651150779216104
has:0.004048572144055327
personal:0.01275245426310158
list:0.011070831167002203
be:0.008797889842395
which:0.0049121381464544405
writes:0.005028611338536596
were:0.011796983250739917
if:0.00509620091074836
of:0.008132495974232415
keeping:0.0158940681459509
totally:0.015663556275926437
kept:0.01518545864096644
col:0.024248534219472647
what:0.010499339577908341
but:0.0025295940009521303
never:0.008379997075520382
requirements:0.018503295285553074
alike:0.02149599110454223
who:0.004916550852600184
authority:0.016083544852216587
one:0.007477649488788003
commandment:0.02475625814580163
in:0.004053529320786855
seven:0.018324029968345083
or:0.005127843784814337
and:0.0029034023915649417
irrelevant:0.018663978971065937
gentiles:0.024493927835965313
word:0.03500619600186409
for:0.0024741358396355435
subject:0.00010150934179474638
fourth:0.018349127626258968
i:0.0007258505978912354
away:0.010528454700850459
we:0.025622507713193344
scriptures:0.020233124811680582
any:0.00778165221512401
necessary:0.013706371777496293
than:0.005439548601594909
the:0.006591756361120996
do:0.013656234199743282
judge:0.01658730600448305
jr:0.01776660230982084
romans:0.020071301182711776
would:0.003546196373020441
can:0.003287323165162408
law:0.022865711979041567
did:0.006250612332482758
instead:0.011664389017432096
problem:0.008043974494469901
commandments:0.022628441461636527
jesus:0.0660304072184944
people:0.011446944030974278
about:0.0037453086704253673
15:0.01270650468433705
paul:0.024905114000829332
is:0.004086275694154584
living:0.014007623627487073
days:0.03397246339791071
somebody:0.014432426705227206
keep:0.03022145913451621
man:0.011019199006825851
sabbath:0.09360031860695203
judged:0.021060970757858795
food:0.01602843836057185
2:0.014816802677531625
position:0.013090657631985596
article:0.006162227226742213
jewish:0.014541852425949804
holy:0.06889573267649043
prophets:0.021326972995907884
says:0.019475488550779987
while:0.008252252874062822
7th:0.04191914115767834
