believe:0.042187803501560005
say:0.018422766740461585
there:0.008910475588127645
continue:0.037943749581567425
cor:0.05927602703143363
service:0.07072992676656975
correction:0.05254644275415261
to:0.005352229747925556
that:0.013472024288717546
nt:0.006932801473033383
re:0.0036304903182346653
off:0.021198615999576217
sunday:0.043376912571231725
on:0.014767247337066696
regular:0.07858335246127497
a:0.006779146241972791
was:0.008596710039819277
steve:0.062274831977366725
part:0.023778855460323076
witnesses:0.10209966842428078
question:0.04238807928829329
act:0.03622944721377043
observe:0.05445625143615314
are:0.018725574221394918
christians:0.10476680496231468
it:0.006657386985242174
not:0.01756048568667859
have:0.004963598185899542
whether:0.027742316358075964
argue:0.041355379550867315
between:0.022552095592683546
worship:0.14849033808226553
of:0.0018877726753955208
saturday:0.0967628737506672
but:0.0064590604101981575
groups:0.03572607377171254
they:0.009057472082599452
israelites:0.059749717945699964
required:0.0726753679708926
or:0.006546713181583352
and:0.007413542028947375
few:0.02219055826122608
for:0.0031587268243890676
subject:0.0002591937562331873
jehovah:0.12713133080614958
i:0.0018533855072368438
special:0.03393894362004876
explicitly:0.05001701476011543
the:0.00439079423294594
do:0.006973960377732976
see:0.01717850253797258
meeting:0.04704745756074677
paul:0.03179633486513648
is:0.007825416317203803
does:0.011829988488713836
sabbath:0.23899887178279985
god:0.025759011958982763
s:0.018070959636583058
