another:0.021847343156537722
some:0.005751413177996818
report:0.018698168588545592
effective:0.019891455337953418
believe:0.021405634288968873
go:0.009583410107360232
at:0.008679458250782571
say:0.009347512188510066
all:0.004699841530277297
pass:0.01999642965611476
among:0.016968007231457267
though:0.01224406010645655
my:0.004680858430198528
to:0.002715663369637105
technique:0.024782837670682834
near:0.017757516145229187
psalm:0.029846851076860945
die:0.01856036636173571
that:0.010253338682792417
like:0.005737138243885089
location:0.022614911204307406
along:0.017211632567198203
assertion:0.024987269842637282
prince:0.026963805665290698
behavior:0.020928024743444306
michael:0.029602908390873785
so:0.005033549740812414
this:0.00775836115819831
off:0.010755948019489411
he:0.007833168509951898
on:0.0024975804198979798
characteristic:0.029627876877004623
you:0.005475852112401201
fall:0.01921330555366666
lord:0.02098327139773071
used:0.019452842446668627
them:0.007220981140552911
state:0.013092184172121261
sin:0.0212106706182389
a:0.005503464535355252
christian:0.03158465390380863
noted:0.02198622191616046
was:0.017447510031554397
as:0.00788289813021693
nevertheless:0.02632162922261462
sons:0.02770242708051688
poorly:0.02840178797347445
l:0.016280593984006712
are:0.006334102281785473
soldiers:0.023074113809391644
d:0.008974602080675052
place:0.013396195159194215
it:0.00844471501822591
not:0.005940000084492265
reported:0.020341712300550065
deleted:0.017307288162553384
have:0.005036951853671457
ve:0.008990806399149922
reminds:0.027559631332372776
shall:0.01950629563562933
has:0.005245194452643109
mls:0.09379201242937762
attempt:0.018998267966682733
worship:0.025114129429348684
which:0.006364001638017329
get:0.0064747486467542975
kill:0.018200158160607813
of:0.008620518571880039
seen:0.012770763007991886
what:0.004534197551707543
but:0.006554514504930151
years:0.01098411538413987
least:0.011860405826140306
using:0.010859214673127688
consequences:0.025469318069256782
well:0.016579979410377782
groups:0.018127022652642325
they:0.004595663174914994
in:0.0008752694674605443
context:0.02045685196156144
clearly:0.01790399200209066
or:0.006643462637468821
debate:0.022363524603260874
men:0.01729851503757311
sinner:0.029846851076860945
and:0.0037615508816826585
known:0.01604398397865201
subject:0.0001315121029163463
fits:0.02520055460004282
i:0.007523101763365317
specifics:0.028930091078664587
group:0.026572570786272367
mention:0.018594457213186814
any:0.005040823971866046
will:0.0055827849502624845
yet:0.012956003658552531
unfortunately:0.018137404339044122
the:0.006312217325031478
do:0.0070770238315911
gods:0.02387137009239861
writer:0.05022825885869737
homosexuals:0.024040668828872538
promote:0.02660319776369811
an:0.004423143539712989
thought:0.013224563572372968
10:0.014238284521655983
just:0.005785165337270374
people:0.00741513862104984
is:0.005294041909175644
spent:0.021388385182149288
remark:0.028485997004801054
devil:0.026003705473168458
does:0.006002407952401602
first:0.009249038568428774
nothing:0.012585497544339451
him:0.011805494105237969
very:0.008587401437356883
process:0.017815584892776196
by:0.004878992486784069
high:0.013779920323357248
god:0.013069843506281896
panix.com:0.02551557294782742
s:0.0030563363588966418
