above:0.03551290474080711
some:0.005076247283188496
believe:0.03778559791878853
studies:0.018343838679711715
all:0.012444363008429885
testament:0.021873548031080936
case:0.010746135249159808
ever:0.011493139377521134
where:0.00803242086188592
own:0.00985430711107824
your:0.005477966183396794
wonder:0.016045076990508386
with:0.002542727725171945
hell:0.014840786628182156
someone:0.009580252672447912
modern:0.01785447002192105
longer:0.01475743916684424
hitler:0.022203921539680597
several:0.012254136400293028
hence:0.020005884293310395
to:0.002996085130632241
then:0.006938610216416535
most:0.008072154191161035
ten:0.017504301054599256
animal:0.022017290910476103
us:0.008955984287760852
heaven:0.01893114207114933
relevant:0.019547795094798107
perhaps:0.012558528424521936
been:0.006379306031397562
make:0.007652523840650885
sinful:0.07873614668805277
that:0.006033123920599597
r:0.013479216377083174
through:0.010302014321847073
nt:0.00931406806594485
re:0.0016258282729485676
avoid:0.0168119543183613
so:0.004442654771238783
described:0.01804073158138406
this:0.006847597022235899
on:0.002204386196692565
you:0.004833034690510625
tell:0.01047836979835849
harvey:0.02426269793686834
clarification:0.025875130888740897
great:0.01096195951622903
bible:0.015647536964596944
m:0.00595136831354814
why:0.015475848523078317
sin:0.018720722328271724
a:0.0018215271206692108
j:0.013278820258821142
was:0.011549493053496333
pulling:0.023429361331597936
as:0.0034787572183348626
old:0.011512665575401409
blood:0.05447835279663392
question:0.009491243840639584
are:0.019566868135689475
no:0.0048945466790543905
innocent:0.019267192828982576
christians:0.09383461661842096
it:0.001490675781478139
not:0.010485391453495042
follow:0.03284341141232422
ve:0.015870727817629864
exists:0.01622449157834067
sacrifice:0.09609760502582125
personal:0.01458215422259007
heard:0.02350128138625978
writes:0.005750107747978803
if:0.0029136974772322145
of:0.005072363101714921
short:0.015056425502701164
even:0.007300693251156633
breaking:0.02198090721625647
what:0.00800384437388375
but:0.005785071497829654
lately:0.022861447495002005
requirements:0.02115811591348025
please:0.008327892856109803
they:0.008112344560936902
authority:0.018391183896230272
commandment:0.028308243010199255
in:0.005407643101136667
and:0.002489983137983412
irrelevant:0.021341854214740615
for:0.002829120547061513
subject:0.00011607372561747085
however:0.010422169148682232
fourth:0.0209818285465483
animals:0.021341854214740615
jews:0.016063617854797332
i:0.003319977517311216
we:0.029298780558999347
ways:0.015514514701213454
the:0.004588061799933366
do:0.012492485546199942
when:0.0056855410558423304
law:0.09151255598568593
sins:0.04471843510198797
did:0.00714743931931724
last:0.009478967617649992
an:0.0039039049502684205
salvation:0.022817306749506275
note:0.012876909125558686
commandments:0.025875130888740897
jesus:0.015100867042142635
about:0.004282679044877702
paul:0.014239228222213293
is:0.007008851136278188
itself:0.01462198191562774
time:0.006867434651755277
does:0.010595554907282829
man:0.012600214516500865
their:0.019743699372804964
position:0.01496888242266179
article:0.007046372872318269
jewish:0.01662829212184695
saved:0.020146148911650487
refers:0.02295109656979651
by:0.012918723584571731
