insight:0.045727728139807536
form:0.027307047395855166
true:0.020666246337262772
with:0.004678619014316379
wrote:0.02060459979754289
name:0.02209786004664201
store:0.03570562439184459
to:0.0011025593280726647
kent:0.07362165419938226
then:0.012767042798206426
published:0.03280077771769241
h:0.028265456994356133
that:0.008325711010427443
sources:0.030793111801715713
sandvik:0.1199739195854986
think:0.011517984220228442
provide:0.02701564542626731
through:0.018955706352198613
re:0.0029915240222253645
anyone:0.01338331799713113
had:0.012275267885457082
on:0.00405607060191432
books:0.02920590330436929
clarification:0.04761024083528325
charter:0.045227565283956855
largely:0.041823839085438186
them:0.011726873372257928
reader:0.04121402016233512
apparently:0.0606185769000266
more:0.010171352206565808
a:0.004468813202708464
was:0.01416737814562217
as:0.006400913281736148
private:0.028397448989396414
question:0.017463888666776835
also:0.011867977053436531
are:0.005143291052809805
book:0.024877588085469388
it:0.0027428434379197755
should:0.026284994275735673
have:0.004090004905181223
interesting:0.0261441964953713
ve:0.014601069592219474
operated:0.046982467911751286
links:0.04599004672239146
his:0.014755432332042054
which:0.010335138660140143
considered:0.027542743657697696
newton.apple.com:0.08062526972460442
if:0.005361203358107274
of:0.007777623422629546
cheers:0.03483330141091477
seen:0.020739719124978823
years:0.01783820338384315
spencer:0.07449143354688445
they:0.00746335699606195
alink:0.04257049460377594
who:0.010344422993870787
beginning:0.03240069435309511
in:0.0028428752303118476
and:0.004581568973889478
for:0.002602790903296592
subject:0.00021357565513614637
i:0.003054379315926319
body:0.028397448989396414
ksand:0.04358920998278875
the:0.005427021671921181
do:0.0057465433512519735
an:0.014366370216987789
many:0.014825608220624748
about:0.007880129442574973
different:0.020217735184089983
interested:0.04603321944663872
is:0.0042987620302506226
number:0.020018118787182064
involved:0.028807017096526943
figure:0.029539981072598028
selection:0.04239844496200824
created:0.030384760707880168
history:0.026568060834807047
mission:0.03596794297442852
activities:0.03381063443883569
article:0.0064826630425328085
lewis:0.1592181104660944
documentation:0.03581699509999345
by:0.015846967597074657
s:0.004963490246848147
cup.portal.com:0.0862200497002804
