kills:0.025074028304076477
muslims:0.019881778259308973
read:0.010211725504044693
ask:0.013128660289893547
committed:0.019961506084081048
all:0.008595205681498118
small:0.013462819370567619
case:0.011133383366246648
media:0.017799352210339018
ultimately:0.024273662640844705
actions:0.017811812811658344
own:0.010209417277243222
with:0.013171787765530345
further:0.0319624720818143
much:0.00787025616918888
into:0.008066684247668408
wrote:0.011601689075193067
saddam:0.0559055337188707
themselves:0.014578604578030709
to:0.0018624312974200418
association:0.021477146789582006
kent:0.041453634121273786
everyone:0.013772579988797762
then:0.01437730044843066
day:0.011456319980913838
perhaps:0.013011088007387591
make:0.01585658093107841
that:0.009375800687418293
sandvik:0.06755288264949247
nt:0.003216570052803777
obscure:0.02645409229265275
re:0.0016844166791809482
supposedly:0.020896818538037105
this:0.0070943572752894465
mlee:0.02709215768482855
on:0.0022838235371139184
you:0.010014396205562557
children:0.0302015934055723
sure:0.00982902711783425
burn:0.021951743706959605
a:0.003145279562717106
dealing:0.04246127646484648
christian:0.043322194205899674
was:0.003988563667123359
as:0.003604117838815398
letting:0.022014744796935912
private:0.01598955461114663
cult:0.02133853571450654
capable:0.01976477156379879
acts:0.03945287024770651
muslim:0.019086929442455113
mind:0.013647098211757374
are:0.008687991643259806
those:0.008359980424718739
innocent:0.019961506084081048
christians:0.06481069616287334
religious:0.016537836959955487
it:0.0015443938276575313
not:0.00814743254832385
mothers:0.026807568037884713
have:0.004605861379708584
malcolm:0.02513702939405278
has:0.004796281413903383
spelling:0.024326347504642867
call:0.01196827071170589
his:0.01661647785139871
deny:0.02162015894415219
be:0.002605681338457078
which:0.00581933483115999
were:0.02096355807394999
newton.apple.com:0.04539711133142141
if:0.0030186955845198614
of:0.0035034339741574533
cheers:0.019613345389028588
even:0.007563781296243359
what:0.008292271198167849
but:0.0029967712713982442
compassion:0.027292390849562035
seems:0.010614806708923775
order:0.012632057933029243
using:0.009929822426328472
well:0.007580486081771824
scripture:0.02162015894415219
they:0.02101170325467891
bd:0.04390348741391921
alink:0.023969873087711677
find:0.00953354386339365
who:0.005824562496548866
in:0.0032014360701709994
or:0.0030374389986625463
hussein:0.02772171598381575
and:0.005159424520145809
word:0.01382376809082621
subject:0.000120256562576659
i:0.0017198081733819362
post.royalroads.ca:0.027501940469539028
condemn:0.024890145445877126
we:0.012141836988414144
any:0.013828206301200099
will:0.015314937093287628
yet:0.011847156498586323
ksand:0.02454347408940808
the:0.00373481221165747
do:0.009706998904141848
when:0.005890425418215026
denied:0.024019103135153975
judge:0.03930145476737876
would:0.012603373596005083
ends:0.021311318081822024
simple:0.014861209716019102
an:0.004044586209737553
just:0.005290038574170658
note:0.013340941886840079
people:0.006780509639968998
religion:0.031995777143808225
including:0.01432417885824428
is:0.0012102370580660536
revelation:0.023731483891971397
lee:0.019221402249435658
does:0.005488688352871735
their:0.013636789356592018
followers:0.02162015894415219
too:0.008795125530921155
davidians:0.0217979914260161
show:0.02711773576337687
activities:0.019037519391236313
article:0.0036501481095342386
virus:0.024830482262318477
by:0.013384263173204947
while:0.009776317594047398
7th:0.024830482262318477
beliefs:0.019613345389028588
s:0.0055895160437479125
