above:0.014329768579623921
at:0.004636657960286479
true:0.013596214695567614
option:0.02205584853817043
though:0.01308181158742463
wrote:0.013555657761541374
christ:0.03907235697934623
to:0.004352207873971045
grace:0.026696925147659832
kent:0.048435298815383054
hardly:0.022982299213629064
everyone:0.048276517223891105
us:0.010841454664131557
began:0.02358846440427162
die:0.03966057233086683
bear:0.023713485909577448
that:0.0036516276361523874
sandvik:0.0789302102536175
depth:0.05534876761947853
nt:0.0075166163339204055
me:0.005703098317918656
anything:0.024434117371783196
re:0.0019681079093587924
so:0.005377950512552211
had:0.016151668270338263
this:0.0027630654651127316
he:0.016738244289686687
merely:0.021479205367057136
mlee:0.03165504740016809
on:0.0026684675012594206
demonstrates:0.031322526865317925
you:0.002925257838993273
children:0.017644088779044872
great:0.02653948093402818
them:0.03086019308488928
more:0.006691679083266978
a:0.0007350021714981026
other:0.014519031450862219
sorry:0.016723245709150656
demonstrated:0.027211955621363824
price:0.016474443167599804
private:0.018682532229866062
said:0.011534235940333853
deity:0.03213384623282981
died:0.02134843695344382
course:0.012874483157368522
ill:0.02937063434463009
complex:0.0236631203779135
no:0.005924977558855315
it:0.001804502261789326
not:0.006346421142904893
have:0.0026907927007771204
made:0.012239892378515796
kind:0.014502772089279262
malcolm:0.02937063434463009
expect:0.01819063727978099
stated:0.02043207927840926
towards:0.021946195449208106
open:0.017394529361859805
feel:0.03206607036048608
love:0.03444439410717314
his:0.03883008508432119
knew:0.02043207927840926
certainly:0.01618819619608232
were:0.008164754197222627
newton.apple.com:0.05304294060829238
if:0.007054214944877992
of:0.004093486011910287
cheers:0.022916645665075508
even:0.026513043912095142
available:0.014216125409548579
what:0.004844432121034901
but:0.010504471930269635
negative:0.02598855591622423
saving:0.027782906373964196
ministry:0.028301012020349733
they:0.004910103286882861
alink:0.028006904344589436
who:0.006805541443336043
accept:0.03760117863855509
now:0.008694286304622338
in:0.0018703126515209523
our:0.011735660120949438
and:0.00401892015253463
davidian:0.02741248112784946
for:0.006849449745517347
subject:0.00014051029943167525
jews:0.07778172856007129
i:0.00401892015253463
post.royalroads.ca:0.03213384623282981
pay:0.017541274010515175
any:0.005385722454151617
will:0.011929529946350362
ksand:0.028677111830782073
than:0.007529480432734006
the:0.003967121105205542
do:0.007561241251647333
would:0.0049086823479177685
can:0.004550347328619544
sins:0.027066421245940088
salvation:0.027620950275718124
disciples:0.030909518362994267
just:0.012361984878588273
jesus:0.09139998472875804
people:0.007922490210911143
religion:0.01869226980506691
loving:0.027463829417035585
is:0.004242199371957851
today:0.029885539639982663
lee:0.02245869104934061
events:0.021413415036719077
eventually:0.02230157019065808
him:0.01261323843875425
activities:0.022243838446602427
words:0.01740978490267039
organized:0.02557628305690893
article:0.004264909896403163
before:0.011190496143277075
god:0.01396409595671171
