involving:0.027634631314192436
some:0.017962105771282374
read:0.011625656727681651
health:0.02136588000129616
there:0.009413117800791255
know:0.012655129493931301
cults:0.030625125085195597
passage:0.02628000785244071
take:0.010901277591465145
where:0.018948274853679607
stand:0.020193531048545963
wonder:0.03784992520837876
with:0.005998229505533819
members:0.01891406312053649
to:0.0014135376000931597
remember:0.014269866853955036
recall:0.020055667769605243
then:0.008184001793722067
most:0.009521002379318143
think:0.0073833232180951554
quite:0.013621535292868725
britain:0.028545816838487066
son:0.021882827176280595
bit:0.013974790759259998
like:0.005972508017993196
nt:0.0109858238726529
covered:0.02367873707080939
re:0.001917643603990618
practice:0.021059118487394057
michael:0.015408693341916356
described:0.04255762321762393
supposedly:0.023790224181765317
this:0.010768870530695774
he:0.02446358780800362
fiction:0.027878877719265536
on:0.005200090515274768
you:0.0028502512277370352
largely:0.026810153259896274
compuserve:0.026759628662752624
a:0.0071615596197251025
was:0.0045408263287250545
secret:0.020495700653657994
related:0.019764815310929072
part:0.012560113396991165
cult:0.0485862043961072
blood:0.021418839561069748
bull:0.14345141437106856
also:0.015215355196713501
popular:0.021692165621194682
503:0.030519385150822597
based:0.01549181031743868
are:0.0032969814441088487
kevin:0.023105447809331874
book:0.015947171849659863
place:0.013945782652904746
have:0.0026217980161418095
being:0.009978481691923837
try:0.012494306012017398
university:0.012053026162044378
campbell:0.08607084862264114
between:0.011912132543827721
larry:0.04661315934331278
historical:0.04630999214083541
pit:0.059487683432681876
connection:0.022080851976935878
ancient:0.023515923233298725
his:0.01891722093851545
which:0.01987526665411566
thinking:0.01786423863512131
sort:0.03217909033498492
writes:0.003391089184705448
if:0.010310006457898604
of:0.007977049664235432
chapter:0.025322182687603095
oregon:0.03011696661009698
what:0.004720215912803237
but:0.003411708832053386
reading:0.01685293357109226
they:0.004784203202603814
in:0.0072894236674662756
us.oracle.com:0.032393537835409596
and:0.0029369031883906913
for:0.00333691141448281
subject:0.00013690747124111947
i:0.006852774106244946
6:0.015068459654149715
sciences:0.02610005236622907
info:0.015104592099448193
any:0.005247627006609268
information:0.01250677581786546
joseph:0.02094460835201924
the:0.004251940056348504
do:0.007367363270835863
ceremony:0.03210041776443551
got:0.022688757144928965
scene:0.028268549037101038
current:0.016216644737081117
general:0.015120155708141288
is:0.006889041715145228
levels:0.023515923233298725
living:0.018892333405277437
events:0.02086435311270064
him:0.012289822068529783
accounts:0.025555323067483905
little:0.012027377958453662
takes:0.018337947969126515
give:0.01211916036592824
stands:0.024515412151251623
while:0.011129961568607807
s:0.006363449034420701
novel:0.03143347864521397
roman:0.0261892407903925
