pass:0.1503435266737517
take:0.07873144927169272
ocean:0.22612706608287644
re:0.013849648251043352
off:0.08086879436875372
on:0.037556209276984436
beer:0.5924712106671314
jack:0.15832429254666427
it:0.01269834924962859
null:0.6169601068191825
down:0.08756909544270955
of:0.028806012676405725
one:0.036418922510208236
subject:0.0009887761811858628
the:0.00837503344432281
around:0.0876738678945791
wall:0.1661671899203341
