feeling:0.0295043030445238
proven:0.03204887820741104
faith:0.02530423054293779
knowledge:0.02497818341116308
enter:0.032007803571759814
with:0.003951536329659104
previous:0.023467563646573014
such:0.01299335948289053
christ:0.07524068742644377
to:0.0027936469461300626
w:0.04181541695985613
death:0.022671732324570423
that:0.007031850515563719
justice:0.029093014429070925
cleveland.freenet.edu:0.05787052393926359
finds:0.03552792516115177
nt:0.004824855079205666
re:0.0025266250187714226
effort:0.02744835734276151
so:0.006904125658006217
implied:0.03617881103235739
ti:0.025599061190889616
on:0.010277205917012634
children:0.022651195054179226
them:0.00990445386170433
more:0.008590669093383282
a:0.0047179193440756596
same:0.01312225236843657
paradise:0.12328176257082711
following:0.01849536670972812
protestant:0.040786742653721036
died:0.02740677716996166
accomplished:0.03840687377811731
are:0.008687991643259806
those:0.02507994127415622
plan:0.026388947279990586
learned:0.06134858776299943
requires:0.02712266746561369
it:0.002316590741486297
not:0.012221148822485775
ones:0.02292317554308687
have:0.010363188104344315
only:0.009010379988305992
tom:0.051293624641550746
bed:0.0385132815954696
robert:0.04318124363456356
loves:0.03840687377811731
has:0.007194422120855075
his:0.0373870751656471
heard:0.018261130806891044
without:0.015183854627043886
be:0.003908522007685617
writes:0.008935978256994086
of:0.003941363220927135
keeping:0.028244188664764105
even:0.01134567194436504
never:0.014891481289607166
fact:0.016204507625870536
must:0.015658516401888496
who:0.0262105312344699
in:0.0048021541052565
cross:0.030948717659568567
better:0.015109566697982454
and:0.0025797122600729047
for:0.002198303127784284
subject:0.0001803848438649885
i:0.003869568390109357
usenet.ins.cwru.edu:0.07038339749042428
than:0.009666224879861225
the:0.0025464628715846384
do:0.004853499452070924
thing:0.015296840777871329
see:0.023910618397448326
can:0.011683324222131263
because:0.011923799316854824
refer:0.030282488086564918
may:0.012574496807025885
salvation:0.10637798416999548
weiss:0.07886171915254814
commandments:0.04021135205682707
jesus:0.023467563646573014
is:0.003630711174198161
ubvmsb.cc.buffalo.edu:0.0389565064771305
man:0.01958141445131891
too:0.013192688296381734
him:0.032385341937342
article:0.016425666492904074
saved:0.03130820438972711
by:0.020076394759807423
says:0.01730423475964573
john:0.05435429188341579
god:0.017926879944427196
