health:0.12041464162580207
believe:0.02511759399225827
divine:0.02951966447471987
at:0.00509228330898515
folks:0.021405871967021838
there:0.005305080841486401
agate.berkeley.edu:0.03394686987843301
know:0.014264452319749153
case:0.01428676940639743
with:0.006761010136295344
insurance:0.07700155527136567
such:0.011115706378426581
from:0.009786962478961566
dennis:0.06270820571935763
themselves:0.018707804718629
my:0.03844797589197751
covering:0.03149509391819996
to:0.006373175306778408
sinful:0.034892704697981
that:0.01804706143878781
like:0.013464035416285238
me:0.012527036767682596
re:0.00216150579640561
deeply:0.06518390500728401
reduced:0.057790905388005104
sincerely:0.06299018783639992
these:0.009575930480340708
recently:0.03825793716286346
used:0.02282616772643775
etc:0.013423838077793269
them:0.008473174401920467
includes:0.04355785400499825
a:0.0008072278184083208
christian:0.018530880758592924
as:0.009249874684589808
private:0.020518387998118795
abortion:0.12935503261206183
avail:0.03394686987843301
jack:0.024709571669132575
illness:0.03515549298744202
are:0.0037162507607007254
no:0.0065072007871821375
christians:0.020791870734332196
reason:0.015446311699471258
it:0.0039636465865892714
expense:0.03193995542765735
have:0.005910411712689628
being:0.011247421560260972
able:0.015245463734743751
punishment:0.02741753742599326
strongly:0.026976593467902907
feel:0.01760853574708773
suffered:0.030513018561001137
be:0.016718533443279518
which:0.014935171474190956
writes:0.0038223259596390884
of:0.002247868041222412
reasons:0.021020372692463034
over:0.011595033251556981
in:0.0030811508999044586
become:0.03829159277219824
morris:0.02841529894429958
and:0.0022069214710450278
for:0.013164404857713977
subject:0.0001543176698960595
murder:0.02473167627282277
conduct:0.03005034395017145
i:0.012138068090747654
similar:0.018293400507900005
oppose:0.03352629557622244
pay:0.03852996603465761
saves:0.031424168527495834
any:0.0059149552964670934
addition:0.022921182778851988
alternative:0.025168570383608938
coverage:0.10700958716559646
would:0.010782076833576602
may:0.021514745981963363
injuries:0.03121646905220067
jesus:0.02007629722365784
conscience:0.03502260559885995
is:0.004659062894057755
their:0.0174992325847597
request:0.045090185287795743
cunyvm.bitnet:0.03515549298744202
aware:0.0473629735489119
by:0.005725060548076104
manner:0.026357784241520486
s:0.0035863368835607995
share:0.023589878726825757
