at:0.006337877787441951
there:0.013205453029887014
stephen:0.029292512801374227
all:0.006863797342779074
ks:0.04445711335533372
your:0.009064260591232106
with:0.004207391199924801
wrote:0.018529316364696843
longer:0.024418784232907737
christ:0.026704128870776205
to:0.002974530561347117
grace:0.03649219984212495
remember:0.020018877960584405
wrap:0.04483584525091229
kent:0.03310326178029777
everyone:0.02199649465836765
death:0.02413968621608937
that:0.0024957167297444374
sandvik:0.07192681030305673
through:0.017046498518164224
nt:0.005137255767787328
re:0.00269021944444727
avoid:0.027818341677864025
mean:0.019017424869279573
age:0.0296603498267167
laws:0.05340825774155241
mlee:0.04326948925202834
these:0.023836488821567522
set:0.019060536576445478
you:0.011995661641914861
lord:0.03064463376790888
sin:0.030976734787787747
a:0.0050233961361381115
j:0.02197214862970405
as:0.0115124339599571
immediately:0.030379133358301315
jew:0.036431488556902904
are:0.009250523476276626
no:0.008098890188363381
those:0.013351911181924893
not:0.0043374820760860786
only:0.0095937858868294
kind:0.01982393307167669
malcolm:0.12044073076574931
has:0.00766024801357231
ex:0.03947044299159311
which:0.00929418944257207
writes:0.004757283388615557
were:0.011160455377498555
newton.apple.com:0.0362523694804876
if:0.004821226041463377
of:0.0027977062671329304
available:0.019432113869167125
but:0.00478621023201734
alike:0.04067227093881012
please:0.013779966596440683
75:0.033575184675879166
who:0.009302538663552866
in:0.003834813709953032
israelites:0.044274970851849615
our:0.01604154980561434
chosen:0.10625437719481097
or:0.009702323132418493
and:0.00824023196742712
few:0.016443363315872567
word:0.022078248317722437
for:0.007021917904577137
subject:0.0001920644380720741
jews:0.07974026129359826
post.royalroads.ca:0.04392396247652996
we:0.009695999321683238
will:0.008153275862613557
the:0.0010845367050202202
do:0.005167754812276955
less:0.019776011198534373
agree:0.021701835819888052
salvation:0.07551051154512868
just:0.00844883858608551
jesus:0.049974092369680666
people:0.03248790949798095
different:0.01818141653245502
changed:0.02718931794124766
loving:0.037540486253501884
language:0.029337476976519346
is:0.0077315863853428465
living:0.02650363319445396
time:0.011363381078443983
lee:0.030698930211328895
applied:0.031848920865587146
article:0.011659465903835986
politically:0.0407821088678086
written:0.05156142357490806
by:0.007125435070627095
god:0.057262839534717086
s:0.008927140731741272
