religions:0.026088503826780338
mode:0.04185120487954351
believe:0.011872523936231368
out:0.006438126224483387
confusing:0.028514358411129846
hung:0.029910669672426293
all:0.020853941653470844
actions:0.02160777291906094
with:0.003195778015243428
way:0.028399554418795794
compared:0.0225288995951564
surprised:0.024047446404367425
from:0.004626077893061069
prejudice:0.030650239879364882
my:0.00519242765754263
catholics:0.030650239879364882
creation:0.02480762565279758
to:0.003012457180526406
stop:0.018163678221752116
that:0.011373922145392682
think:0.02360242668079599
protestants:0.10130391403920307
nt:0.011706205765941615
could:0.008246498116535833
re:0.0020433907255637735
behavior:0.02321524056239997
so:0.005583664466584263
this:0.005737512987665782
discuss:0.024439685105974697
off:0.03579438439272706
best:0.013306973114543355
on:0.0027705400286299996
you:0.01518576473794322
am:0.00893079976339544
bible:0.019666303288837686
m:0.029919447259367696
a:0.002289351025977697
same:0.010612531970101707
want:0.010342065397334326
protestant:0.03298599952322794
are:0.0035131769486405765
those:0.010141615597199782
religious:0.020062294016995177
not:0.006589180421595245
should:0.008977115531330489
have:0.0027937191975281575
only:0.007287083269231074
kind:0.01505752293422437
expect:0.01888645400632999
always:0.014518885781413702
scientist:0.026942325228333227
quit:0.027491344519937788
be:0.009482971428483138
thinking:0.01903566411939156
writes:0.0036134556886205592
get:0.007182371449678264
were:0.01695413439860436
making:0.033602264381119164
if:0.007324048303425238
of:0.008500134888119723
but:0.003635427443991313
please:0.04186700233672688
groups:0.020108118024515804
they:0.005097921445397506
who:0.007065862700731411
loud:0.02957532023867606
witness:0.027535952774796594
david:0.013641777264177563
in:0.0009709273327567785
thomas:0.020131174940049727
southern:0.027626276829174793
chief:0.027231081957154978
or:0.007369524127902572
stories:0.025290517185311733
better:0.02443951771914102
and:0.004172649338697157
subject:0.0001458850103388978
i:0.01147478568141718
group:0.014738338441566367
catholic:0.025441063369837588
research:0.016870663828069822
than:0.007817493345461536
the:0.003295095125635204
do:0.01570093811817479
level:0.01923789706335382
would:0.015289338460727477
homosexuals:0.026668064329295766
an:0.004906547205255392
thought:0.01466987106662138
people:0.008225536284552554
about:0.010765204156523185
gb:0.06672601949986519
e:0.016999397246195775
different:0.013809928404433047
n:0.060016647472203304
is:0.004404469293289573
write:0.017782371174795156
their:0.008271495183506634
iv:0.028845640497558455
by:0.0054122157093834215
wish:0.0204157241244742
god:0.014498241703689753
