at:0.011441104057849755
faith:0.09727340572350111
with:0.015190321475053179
into:0.023257193545225797
my:0.024680889904683152
to:0.007159476156316005
next:0.0347841561525867
that:0.004505254875772426
weapons:0.05194228552583992
me:0.028145160529988177
re:0.004856370165950267
mormons:0.0689675442775036
mlee:0.07810985722119401
on:0.013169060395825712
tell:0.03129902667042147
defend:0.058829797707522676
more:0.016511935400269167
a:0.009068208609392175
intelligence:0.11740494606188637
christian:0.08326863301913184
considerably:0.07125183864716159
not:0.007830000111376167
should:0.04267044525281766
have:0.006639618352566921
rely:0.1306731440817822
tom:0.14788551520031512
malcolm:0.07247299383739894
his:0.023953623915652686
armed:0.05766783143699681
breaks:0.07176119855824314
writes:0.008587823259968343
kill:0.04798223515069333
who:0.01679289447056946
in:0.004615057192064688
and:0.007437611970599802
for:0.004225309907949013
subject:0.0003467137258703675
jews:0.04798223515069333
post.royalroads.ca:0.07929130888620343
house:0.04464768759078171
physical:0.05541754934252879
than:0.018579237431421574
the:0.0019578000259455925
when:0.01698278497199657
is:0.003489254894683947
night:0.04347837463096136
having:0.033985602498965733
lee:0.05541754934252879
himself:0.04860755130520739
2:0.025304020157083232
knife:0.08025375008300503
him:0.03112357536835465
article:0.010523803640475338
teeth:0.07284407659641265
s:0.008057614037091147
