where:0.024632757309783492
decision:0.11212655288499432
ca:0.054841295895795235
415:0.14021687796934562
hamilton:0.0734982274964627
keywords:0.07665007787065244
h:0.047109094990593556
software:0.03754381184641676
engineer:0.05944807119642593
view:0.09080930007425685
provide:0.04502607571044552
me:0.014447849072060598
anyone:0.02230552999521855
distribution:0.059265836013377066
a:0.0037240110022570536
usa:0.04859495581371633
copy:0.0455548259341779
organization:0.051091109708224954
internet:0.038087119241528085
book:0.1658505872364626
ftp:0.05057822596385434
systems:0.08001112320753628
site:0.05207418929918142
allen:0.059387048969393764
if:0.008935338930178791
of:0.01814778798613561
mormon:0.3878499141190589
version:0.04160627476887446
street:0.053173713070914744
please:0.025538871425403398
net:0.04420189979864644
email:0.03658531545290588
1500:0.07478658530565031
subject:0.0007119188504538213
i:0.002545316096605266
possible:0.034359621639527764
the:0.0020100080266374745
moore:0.15075855094652285
can:0.02305509313167236
william:0.10857758078376047
mountain:0.06059710714630662
address:0.04257095138578148
division:0.05283423221493777
obtain:0.061072136181548636
advanced:0.12327318873180555
on-line:0.15711617823838947
online:0.06751969212546005
summary:0.05735782476483476
newsgroups:0.05715029787761994
