where:0.03421216293025484
decision:0.0778656617256905
ca:0.03808423326096891
415:0.09737283192315668
hamilton:0.10208087152286485
h:0.0654292985980466
software:0.052144183120023266
engineer:0.08256676555059156
view:0.06306201394045613
provide:0.06253621626450766
me:0.020066457044528606
anyone:0.030979902771136873
a:0.0051722375031347965
copy:0.06327059157524707
internet:0.05289877672434456
book:0.11517401891421013
ftp:0.0702475360609088
systems:0.05556328000523353
site:0.07232526291552975
allen:0.08248201245749133
if:0.012410192958581652
of:0.018003757922753577
mormon:0.21547217451058825
version:0.05778649273454786
street:0.07385237926515936
please:0.035470654757504716
net:0.061391527498120047
email:0.05081293812903594
1500:0.10387025736895876
subject:0.0004943880905929314
i:0.003535161245285091
possible:0.04772169672156633
the:0.00279167781477427
moore:0.20938687631461506
can:0.03202096268287827
william:0.15080219553300064
mountain:0.08416264881431473
address:0.059126321369140936
division:0.07338087807630246
obtain:0.08482241136326199
advanced:0.08560638106375384
on-line:0.10910845710999269
online:0.09377735017425005
