there:0.004611954701392701
lead:0.019418164008140257
behind:0.017727348748737177
stephen:0.061381798181774125
help:0.010754234774079382
all:0.004794310706765282
faith:0.01881922673545122
i.e:0.017359492447112577
own:0.011389400178633142
continue:0.01963922717035902
with:0.002938831039143454
much:0.00877988376663282
continues:0.024888197358287838
into:0.008999014587851187
such:0.0096634030325015
from:0.004254131931809927
parents:0.02304324135926257
to:0.003462811960027213
building:0.0190978269790887
line:0.014189968586964767
threat:0.023202782556823273
us:0.01035113761902008
enough:0.01222185189415777
been:0.007373067272469544
that:0.0034864786475826814
quite:0.02669547117697891
weapons:0.020098271283867705
bit:0.013693890442490954
really:0.009806008759753397
nt:0.0035883344307660226
me:0.005445169248264044
re:0.0018790980039104048
started:0.01647861746728093
so:0.015404179860074172
likewise:0.028485995641333646
this:0.005276205410768031
saints:0.05921464003959402
you:0.008378879237317415
possibly:0.019482179213051964
children:0.016846114914665956
burning:0.047670693213033515
used:0.009921927177572188
them:0.014732252980223527
logically:0.030562312999133017
bill:0.015555346109003604
m:0.013756931780061026
a:0.00421056520355697
same:0.009759263067982978
j:0.015347380198637501
worth:0.017664138787898683
let:0.011583606747501632
evidence:0.016169387108105913
prevented:0.026963636120818223
others:0.01354938805562008
are:0.006461420920615332
those:0.027978627954083818
works:0.014950381877139398
yeah:0.019870464543659056
it:0.0017228916067335274
ones:0.017048391861190233
should:0.008255337398158188
have:0.005138197117061837
being:0.00977790919560376
follow:0.018979860866418518
only:0.013402374253962679
ve:0.018343052251532002
whether:0.014359088366240325
tom:0.03814802234647995
against:0.025962621026712027
shall:0.019898381980064092
leadership:0.026526393020367824
suffered:0.026526393020367824
be:0.00872052146438399
which:0.00649192126893225
considered:0.017300718377950813
writes:0.0033229265880279513
kill:0.0371319809708883
were:0.015590987914294464
of:0.005862530218062471
what:0.004625337200988096
seems:0.011841643665231548
must:0.011645529786329132
who:0.03248876568426755
now:0.008301077376272585
in:0.0008928628235904044
government:0.013525703209127124
according:0.01728405127932773
leaving:0.023257108768402247
u.s:0.017727348748737177
office:0.01834541664847317
or:0.00677699957490538
sword:0.05811715971833783
use:0.008355676018830895
and:0.0028778699584732902
for:0.003269837818211799
subject:0.00040246668681434615
i:0.004796449930788818
20:0.015803177630178994
pretty:0.014462412346329782
the:0.004166473924562605
do:0.003609637783449732
automatic:0.02314903738538233
thank:0.018243689983766406
fan:0.020098271283867705
agree:0.01515856873851477
quickly:0.0213300424297621
here:0.00904724073177586
people:0.007564186633533253
religion:0.017846890768656847
is:0.0027002274059363205
clinton:0.01841787079633383
involved:0.018094859985255618
executive:0.02725758690816299
mount:0.026371761569781122
their:0.022819351033895183
goes:0.016196116562767218
guess:0.015056066647917856
nice:0.01587808772238572
davidians:0.02431735726922399
agents:0.045777219817351736
article:0.004072024524204025
killed:0.03671140700168729
comes:0.015196866016309105
before:0.010684393302626353
by:0.01990825075009379
fit:0.020429387333157672
tx:0.023804798636283677
