geb:0.06305209229340399
birth:0.03152604614670199
all:0.005817486772233483
became:0.026375899427172715
case:0.015070799434797291
with:0.0106980617705405
former:0.024334743431381457
such:0.03517714396587436
alexander:0.031033598850089442
shameful:0.03238110310590108
except:0.01966074035977935
name:0.016842881133111286
christ:0.04526675503704747
to:0.0016807306830375986
martin:0.028320752263751265
cs.pitt.edu:0.03124757031235328
been:0.008946587726959996
that:0.006345816318923356
quite:0.016196337695789032
church:0.09139697170948312
protestants:0.03768011436824017
re:0.0022801250169400644
mormons:0.06476220621180216
lost:0.021368941001938112
had:0.00935614930293985
this:0.006402224858188037
acsu.buffalo.edu:0.033074754845880704
you:0.003389018228101963
am:0.019930931179284947
them:0.00893816568007464
seeing:0.024440790643039192
a:0.002554580718011698
how:0.008020506080665393
other:0.008410414559950676
was:0.010798306513431532
as:0.01463623463811619
idea:0.03380946701537508
witnesses:0.032061786121039396
usa:0.022223302963589785
primitive:0.03447222963716224
are:0.003920191351226985
no:0.006864303269405548
early:0.042716354863332695
it:0.008362327554633463
not:0.007352561080194694
admit:0.02500059277263141
gordon:0.05471358692498806
campbell:0.03411344610043704
against:0.015751712147303944
robert:0.019484219688766485
cadre.dsl.pitt.edu:0.03322348321858899
restore:0.03447222963716224
be:0.0035272027874236056
which:0.00787739227144828
common:0.02052517097336189
writes:0.004032087750107088
of:0.010670519939583218
associated:0.02774265596217403
banks:0.05755044418436311
they:0.005688534295778925
find:0.012905163034593842
now:0.01007264876755027
surrender:0.029800447225120565
one:0.005995798218144039
in:0.0054170640821491
or:0.008223310459793723
and:0.003492049522781614
subject:0.0001627863225123067
each:0.015524447544881801
p:0.02052517097336189
i:0.003492049522781614
group:0.016445828870772228
decide:0.024961630589102314
actually:0.0149043544335432
intellect:0.03193859888129842
will:0.006910398444532222
joseph:0.024903650174657024
the:0.005974871420644933
century:0.027242817041688218
can:0.010543487712655042
did:0.01002384782587174
lds:0.038698736835698494
an:0.005474988649766688
n3jxp:0.033074754845880704
disciples:0.03580980785956653
weiss:0.035583946446881475
makes:0.01703035294056082
many:0.022600012531440165
including:0.01939004699103799
is:0.003276495449886145
ubvmsb.cc.buffalo.edu:0.03515587169887387
unlike:0.02812190113211248
31:0.028422663733103343
right:0.011828497523111584
days:0.018160076978964466
attempting:0.030481178756478305
smith:0.04802120188373735
chastity:0.032858250647972716
too:0.01190559675527132
although:0.019266704004602186
existed:0.03087790798420429
article:0.0049410541482719575
skepticism:0.03238110310590108
