above:0.017565522775022872
ask:0.018803629576492693
say:0.024484451280871528
where:0.011919076117637173
own:0.014622520229341905
your:0.008128594981814598
themselves:0.020880323976276243
christ:0.04789514726500506
to:0.003556642993782789
everyone:0.019725888758149054
then:0.02059200451323617
ten:0.02597412414553438
matthew:0.027653369940783837
calls:0.02585993332553824
make:0.022710715914189723
that:0.011190471788208929
bit:0.0175811883745529
like:0.01502760081946675
nt:0.004606958398209281
re:0.0024125193727623905
so:0.01318465286948284
he:0.010258923919485389
mlee:0.03880296132923831
these:0.010687974019993178
you:0.01075739979500752
lord:0.027481316733802157
harvey:0.03600271306761108
serious:0.02320641056154497
m:0.008831062658813369
more:0.00820270339239178
a:0.004504852018859339
christian:0.14477997805584536
as:0.005162026840109796
accepted:0.027173474972255914
given:0.01798572618826633
are:0.020739076825845984
those:0.011973649382500388
wow:0.0668343394633415
it:0.002211970514451432
not:0.023338451944876062
have:0.003298391052565502
being:0.01255357374145257
only:0.017206919203474665
kind:0.017777591593310063
malcolm:0.03600271306761108
after:0.01244653992041904
worship:0.03289140822037279
call:0.01714165224515295
personal:0.021638035298036876
be:0.003732008110564331
writes:0.004266208974306854
things:0.0144175866331629
if:0.008647102190495604
of:0.0025089107814934017
trying:0.017395665955279974
what:0.011876672296730725
seems:0.015203142512135987
they:0.036113017722880406
who:0.016684553215920623
good:0.010451676460383865
in:0.0011463206573838094
point:0.014203457814581037
and:0.004926418251494063
for:0.0020990249220133807
subject:0.00017223843156140837
i:0.0024632091257470313
example:0.036275601854940706
post.royalroads.ca:0.03938987602733977
um:0.03730746704499751
the:0.0024314613225453322
do:0.009268618308470925
complicated:0.03205098760851536
sins:0.033178193785345915
did:0.010605877699632034
may:0.012006616306063424
jesus:0.06722321457469947
people:0.00971143961337495
criteria:0.03499522448209313
loving:0.033665339285398464
paul:0.021129177361993916
draw:0.027243222818089566
is:0.00346674357278276
right:0.012515313508324513
revelation:0.03398960918721065
lee:0.027530008383062684
conclusions:0.03267081877038389
does:0.015722436314032584
their:0.01953140153008663
advice:0.02509585205311773
wanted:0.019646193480942594
him:0.015461389053956824
article:0.005227954066558716
very:0.011246725753441595
by:0.006389906289143007
god:0.01711727891467887
