religions:0.03881460325447807
another:0.036056997242090716
content:0.03851345470423132
join:0.03728134171132725
there:0.0074616177689198985
know:0.010031505086652862
all:0.046539894177867865
story:0.029228109983842312
whom:0.03421390893781938
from:0.0068827012555298835
themselves:0.026312603384738356
im:0.09611828893978386
to:0.005602435610125328
stop:0.027024009061631202
besides:0.03292753491168203
us:0.016746962489308913
enough:0.01977356525965363
tough:0.03896946662822355
that:0.008461088425231142
rob:0.07155581613006894
re:0.0030401666892534195
sucks:0.04715487101371125
exactly:0.026149452465626086
possibly:0.031519948482905215
them:0.01191755424009952
m:0.011128574895252619
answers:0.06814001987402249
a:0.0011353692080051994
how:0.010694008107553858
as:0.006504993172496086
truth:0.029228109983842312
are:0.0052269218016359805
no:0.009152404359207398
those:0.015088745156809434
it:0.008362327554633463
not:0.004901707386796463
have:0.008313018099961836
ancient:0.03728134171132725
heard:0.021972742759511176
glad:0.03771620906865234
constitution:0.036788458607128594
writes:0.005376117000142784
tech:0.03686855857820999
of:0.0015808177688271436
looking:0.02108849874314345
what:0.007483269130053913
order:0.04559864814849581
easy:0.02694050052242933
who:0.021025249987542252
accept:0.029041560737095396
now:0.013430198356733694
one:0.007994397624192054
in:0.00433365126571928
and:0.0031040440202503242
subject:0.00021704843001640894
oriental:0.05210661136614543
i:0.009312132060750973
we:0.010957267526129839
pay:0.02709627692681206
gravity:0.04400230572095707
will:0.00921386459270963
the:0.005515265926749168
gods:0.03939746446143836
can:0.014057983616873389
listening:0.0401449237730293
refer:0.03643746533993177
may:0.015130288840974237
just:0.009547874499722652
finally:0.05913047928123749
about:0.008008261628633103
interested:0.0233908635399587
is:0.004368660599848194
scary:0.04715487101371125
questions:0.02458679948980091
bandwidth:0.04344138806659162
virginia:0.03967687619724493
article:0.006588072197695944
earth:0.028622237094258124
give:0.019213303019154526
concern:0.03745250763976491
s:0.010088394810666966
cup.portal.com:0.08762200172792724
