since:0.01667351352836401
at:0.0036706875518934625
out:0.004909071246168583
ever:0.011014258570124419
atheists:0.01740280714336917
i.e:0.014393912487397513
your:0.005249717592421928
with:0.004873561473246228
way:0.014436440162887861
option:0.017460880092718258
scholars:0.04638695236254148
sticks:0.025642587285029567
modern:0.01711053377100767
work:0.008437801933292933
wrote:0.010731562394553588
my:0.00791845217775251
to:0.0034454979002270774
fails:0.019945227488219686
born:0.017908012325172796
that:0.0144543593931032
nt:0.0029753272988434936
believed:0.01821179053687316
wanting:0.023023384537436343
brought:0.01614330351056528
re:0.0015580854282423772
authorities:0.01939881081950116
this:0.006562280479642738
describe:0.01946923503117867
reply:0.014963318830646435
best:0.01014656699983931
leading:0.018813434307214383
on:0.006337610315491124
brown:0.019352514046896696
appeal:0.022551181681990495
used:0.01645386256947388
bible:0.014995556257738737
a:0.0011637534382053292
basis:0.031060068975316657
as:0.006667618001808487
part:0.010205092135055322
local:0.0127349310496498
also:0.00618123804866486
based:0.025174191765837853
worst:0.01795712880747297
are:0.013393987116692197
no:0.004690607234093791
those:0.015465963785729668
taking:0.014195625142298355
causes:0.017779797080727983
works:0.012396358306461417
phrase:0.020393085467261936
magic:0.021465635501216208
it:0.002857128581166433
not:0.012560625178665935
should:0.006845050592639498
statement:0.02894332849744005
deleted:0.08783448742495842
have:0.0021302108881152203
being:0.024322549124064355
ve:0.007604723745947643
verse:0.02158192211837069
against:0.010763669967324361
second:0.02291413147210222
arguing:0.021278758142193904
has:0.004436560307860629
feel:0.012692819517692407
list:0.012131785820506582
be:0.012051276190363985
which:0.005382884718822991
claims:0.015651356981703026
of:0.004861014639143467
available:0.011254432615892625
what:0.00383517542915263
but:0.002772013426043376
biblical:0.057062321791131444
version:0.02600392173054654
least:0.010031926594610342
contradictions:0.05171261868995539
well:0.014023899251277873
easy:0.013807006517745031
they:0.015548660408462395
find:0.008818528073639125
who:0.005387720309307701
authority:0.017624884567220677
observed:0.02124236780899076
one:0.004097128782398427
in:0.0014806641824540872
clearly:0.015143793235101684
or:0.0028096310737628556
use:0.013856496064561234
better:0.009317566130422512
and:0.006363290241513164
for:0.0013556202621336417
subject:0.00011123732038340957
forth:0.020574273433677515
i:0.0023862338405674366
possible:0.010737381762352425
preferred:0.021278758142193904
any:0.00852739388574006
will:0.00944421120752737
unfortunately:0.015341221170108152
the:0.006281275083242108
do:0.0029929913287770693
would:0.0038860401921015668
can:0.007204716603647611
agree:0.012568979912351829
claim:0.01360516268666661
simple:0.013746618987317669
an:0.0037412422440072364
jim:0.01410971144562029
just:0.014679857043323575
opposition:0.02199480087938832
here:0.007501670440097484
claimed:0.017732715600503265
lazy:0.025245461535844883
is:0.004477877114844399
either:0.020863022559277983
discussed:0.018915814560258155
translations:0.02479700043504336
argument:0.029322845334497683
theist:0.024712822487887028
their:0.006307015077423808
light:0.014550894524192889
show:0.012541952790561802
leave:0.014721592184560485
very:0.00726351038243103
useful:0.015976196737826825
attacked:0.02096215019645256
majority:0.017178285941306756
before:0.00885914278009435
by:0.004126814478404859
says:0.0106709447684482
grounds:0.02120629254756112
s:0.007755453510700229
