another:0.02174024833714293
say:0.01860338210066219
preferably:0.05165087670605539
with:0.005733601733230856
to:0.0013511756471478733
reserved:0.055882016432642165
animal:0.04964683244519121
been:0.01438470967864156
male:0.04711909607948435
like:0.011418030034398757
re:0.0036660833605702994
anyone:0.016401124996484228
this:0.005146886650700186
93:0.03589230878239609
tail:0.05572762077609177
apr:0.036541257618019594
on:0.00497067475724794
you:0.016347029100256524
harvey:0.054710005151761935
a:0.0027382433840125392
how:0.012895715659109061
christian:0.031429827168986034
blood:0.12284334454142944
bull:0.10969814040140537
innocent:0.04344563088888228
not:0.011821764874038528
choose:0.03895885773909077
have:0.010024521826424566
palmer:0.055575618947307795
netcom.com:0.03155916837961901
virgin:0.05513326173867575
sacrifice:0.054172669499850216
list:0.028545378401191958
species:0.053914656673209306
14:0.036606400193692816
writes:0.012965929235638477
if:0.0065701021545432284
of:0.007625121002577986
what:0.009023942186241482
please:0.018778581930443673
they:0.00914627082850729
david:0.024474953326906804
one:0.009640303017408064
in:0.013935662893685528
promise:0.048855764687836874
or:0.006610896644147895
use:0.016301760075954394
for:0.003189694734432098
subject:0.0002617348714903755
the:0.005911788313639631
do:0.007042332538298987
when:0.012820337674938587
because:0.017301199008769745
eric:0.039098318434496133
wam.umd.edu:0.10834533899970043
7:0.031289495381679466
an:0.00880292292707585
human:0.031429827168986034
religion:0.03481893395061483
about:0.009657021375704624
paul:0.032108063638324094
is:0.005268090723346351
new:0.016901956518466144
1:0.03840242925342566
article:0.023833320009311793
little:0.02299351668527906
already:0.028488101189189718
process:0.035456507188564385
john:0.026289003917469075
god:0.02601155129191397
s:0.006082708635843316
