report:0.039538835661195364
believe:0.022631998753441046
all:0.0099382065692322
wounds:0.06137350712437088
i.e:0.03598478121849378
from:0.008818460983647662
themselves:0.03371302308669601
often:0.03236792071123652
several:0.02935886845903538
to:0.004306872375283846
observers:0.062426591675114315
remembered:0.06265061464616602
most:0.019339536082989977
that:0.0144543593931032
so:0.01064386038942625
had:0.015983421725855575
these:0.01725662471978065
them:0.015269366370127508
came:0.03144507012997861
independent:0.08651543642077025
as:0.008334522502260609
corrections:0.05988287333644721
local:0.0318373276241245
accuracy:0.050407855172662226
official:0.042252114803690885
far:0.02593102158459793
are:0.0066969935583460986
no:0.011726518085234477
it:0.003571410726458041
not:0.0062803125893329675
should:0.017112626481598746
allowed:0.03991492945955074
has:0.011091400769651573
be:0.012051276190363985
found:0.05571917719285411
get:0.02738279115189838
were:0.01615940934866978
things:0.023278395084794266
of:0.006076268298929333
tend:0.08874175195290279
biggest:0.050338178212758086
who:0.013469300773269252
waco:0.040465371973867195
bodies:0.04973121041980001
in:0.003701660456135218
and:0.0059655846014185915
for:0.006778101310668208
subject:0.0002780933009585239
example:0.029284991080811507
information:0.025404388380039215
the:0.008636753239457898
see:0.018431101681366416
reports:0.08237963425391984
fbi:0.11921318382157296
an:0.00935310561001809
people:0.015679928542428306
press:0.03736823292466319
general:0.030712816282161992
is:0.005597346393555498
issue:0.032618333411092215
first:0.03911572561231336
agencies:0.04826681510082929
close:0.03619701266844313
bullet:0.1159673809063537
