simply:0.02755534540435486
at:0.007936621733823703
rw:0.056907566467611456
rick:0.043357319649807186
your:0.02270148148074347
response:0.03163602299664272
from:0.015253554133877037
drawing:0.04273183760988139
to:0.006208104324733472
look:0.021361876795278473
interpretation:0.04225052980201129
that:0.015626334479030488
like:0.010492243815393452
really:0.01758014183054888
luke:0.04813775434406097
he:0.014325524392074192
merely:0.036766207385052756
on:0.004567647074227837
curious:0.03861506613352698
you:0.030043188616687668
assume:0.03127467166927186
bible:0.03242282434105673
christian:0.028881462803933115
orthodox:0.14381923852627007
truth:0.03238790565777121
said:0.019743286744715604
belief:0.03711275045557345
exact:0.03847699432741683
are:0.01737598328651961
those:0.016719960849437478
thread:0.03750385399553122
it:0.006177575310630125
only:0.036041519953223966
theology:0.04844317372852657
robert:0.05757499151275142
holds:0.04422186008459767
references:0.03720150988298796
call:0.02393654142341178
personal:0.030215274515276717
be:0.005211362676914156
making:0.027699163881733366
things:0.040265332038563056
of:0.00525515096123618
what:0.033169084792671395
but:0.0059935425427964885
biblical:0.08225199537460388
saying:0.027176172783463414
anderson:0.043717728069750425
seems:0.02122961341784755
order:0.025264115866058486
who:0.0349473749792932
one:0.01771731365361482
in:0.0016007180350854997
and:0.0017198081733819362
for:0.0029310708370457114
we:0.012141836988414144
held:0.036625658372057446
body:0.03197910922229326
cf:0.051069487681309866
the:0.0027162270630236144
see:0.0318808245299311
meant:0.07336323025929761
needs:0.030174293357381504
just:0.010580077148341315
weiss:0.05257447943503209
passages:0.04737056688153568
is:0.009681896464528428
keep:0.02386859985699028
whenever:0.04273183760988139
differently:0.046922264993616195
