lpl.arizona.edu:0.06829774858584814
simply:0.03685112457690831
read:0.054626579804769204
rw:0.07610529973379364
rick:0.11596777062960477
from:0.010199665716026212
to:0.006641923663088341
within:0.03899337610027491
that:0.004179573800415383
really:0.02351079208663766
ceccarelli:0.07145876382039623
re:0.004505307262387597
so:0.012310971052830364
you:0.006696373366370143
assume:0.041825163316737066
etc:0.02797980707781007
them:0.01766095387388242
bible:0.08672128920138066
why:0.021442440724747068
same:0.02339871506660979
christian:0.038624606882368386
orthodox:0.06411219066833726
as:0.009639929641168898
also:0.0178734594178261
cover:0.094559193933684
are:0.015491840520511458
no:0.013563201640753132
brian:0.09002596421153684
book:0.037466247116670764
it:0.012392364930360432
not:0.007263976006939336
have:0.012319291883075973
only:0.03213340333179004
referring:0.05722108676764182
robert:0.11549682032377241
yourself:0.042244273149091474
writes:0.00796701675924774
biblical:0.05499982823241585
anderson:0.05846587729809997
english:0.05323072753059796
who:0.015578950291974076
one:0.011847119370790632
in:0.00214071929993362
and:0.0022999844246433124
for:0.007839731636435518
subject:0.00032165008303636504
each:0.030674812016392956
i:0.006899953273929937
plain:0.05481681419031977
we:0.016237878382096026
scriptures:0.06411219066833726
decide:0.04932177610376843
the:0.0036325446264532674
come:0.028930044270715768
weiss:0.21093134520320103
is:0.006474039202184673
conclusions:0.06101176999288559
written:0.04317492696935073
understand:0.036098280276333175
