lpl.arizona.edu:0.02285771424445724
bait:0.024523791479143024
at:0.0035522782760259316
know:0.009950605852083079
guilty:0.056872219911512575
means:0.011429819437253035
ever:0.05329479953286009
enter:0.019101431163792145
with:0.002358174906409465
turkey:0.07894097600230426
someone:0.017769823505346935
from:0.0034135978001216755
surprise:0.01962244621008249
my:0.007663018236534687
to:0.0038900782744499254
lies:0.018187022617966384
kent:0.0185538443042798
everyone:0.07397208284305895
day:0.020510508352926386
enough:0.009807050511844339
speak:0.014457390381606428
been:0.005916291883957416
she:0.013367510019751946
that:0.011190471788208929
smaller:0.018109847859052283
really:0.007868531222544056
nt:0.0028793489988808004
consider:0.012985339026496746
me:0.013107927585538847
ceccarelli:0.023915634665697124
re:0.001507824607976494
getting:0.010936296662196315
he:0.012823654899356735
something:0.008026860149852915
these:0.006679983762495736
big:0.011192663523659505
on:0.004088780848703951
you:0.03137574940210527
tell:0.009717842958155051
children:0.013517648661365022
am:0.00659006595444099
them:0.00591072246585581
support:0.011044178667473814
a:0.0022524260094296694
how:0.005303883053343243
wings:0.018427825983698735
commercial:0.016799784678438512
as:0.0032262667750686228
old:0.010677068880412597
said:0.008836713018804163
let:0.009294910253035584
died:0.016355657343364215
course:0.009863515322177496
flaming:0.02222728654126896
are:0.007777153809692244
no:0.004539297323316572
brian:0.030129657377248212
lie:0.018386680136221953
it:0.00552992628612858
not:0.014586532465547537
guilt:0.02255889177609546
ken:0.03327477984770009
deleted:0.014166852810477163
have:0.010307472039267195
made:0.018754673805790333
mistake:0.018015411269503498
only:0.005377162251085833
whether:0.023044020845821165
second:0.011087482970372042
referring:0.01915060565207367
after:0.0155581749005238
somewhat:0.01734611636033309
has:0.004293445459219963
evil:0.03368285253555323
uses:0.013770141652566278
regardless:0.018245888744664582
writes:0.0026663806089417836
things:0.018021983291453627
if:0.002702219434529876
of:0.004704207715300128
even:0.013541608449726013
seen:0.010453487462186906
what:0.0037114600927283517
3-4:0.023317166903123444
selfish:0.024523791479143024
court:0.016115571078481085
alone:0.015480698933122958
good:0.006532297787739916
one:0.007929926675609858
jyusenkyou.cs.jhu.edu:0.024340475454639972
in:0.002865801643459524
yes:0.010753410768160842
or:0.002718997813318892
world:0.03049900026692754
use:0.006704756160271564
and:0.002309258555387842
word:0.012374502081304107
subject:0.00010764901972588023
i:0.0007697528517959473
period:0.015286335619341193
sees:0.02137018395262512
group:0.010875467479059053
we:0.010868902465435242
any:0.004126158331809707
than:0.005768553557336536
the:0.003039326653181665
do:0.011585772885588656
can:0.00348615319531336
did:0.006628673562270021
jesus:0.07002418184864528
people:0.006069649758359344
including:0.012822450429557378
claimed:0.01716069251661606
is:0.009750216298451513
picture:0.016494063563287902
white:0.01370552074927658
days:0.012009083163508759
does:0.0049132613481351825
served:0.04077103757854022
light:0.02816302165972817
first:0.00757078560238323
nothing:0.010301838715729471
article:0.0032674712915991976
little:0.009457010894751872
christmas:0.04886218361776429
arromdee:0.09534314144833399
feelings:0.021500971354855573
answer:0.012243028395680873
by:0.00399369143071438
says:0.010326720743659548
s:0.002501759197000074
