lpl.arizona.edu:0.020688734060676624
since:0.007302268698553581
feeling:0.015936630841567597
at:0.0032152007753811353
out:0.004299916420001678
there:0.006699116683044871
concept:0.015532305635477311
know:0.00900638777852775
testament:0.01836100747134531
faith:0.013667978541440848
your:0.00919658556336688
with:0.0064032194539001535
ignoring:0.019501061066389665
though:0.009071329202958684
hell:0.012457594614897429
such:0.007018310961561309
reasonably:0.01799432670359482
my:0.013871741041318266
to:0.003520946759356137
began:0.016356964367925574
been:0.005354891924165836
that:0.0063303763765415475
think:0.010509109689989454
church:0.013676189197404409
really:0.014243764548838874
nt:0.005212252202353566
could:0.005507697647175392
me:0.01581881285262109
ceccarelli:0.021646267872601776
re:0.002729492721008544
started:0.011968046992660238
effort:0.014826120024557311
so:0.00372923575687927
had:0.011200061939285659
this:0.0019159943006256167
telling:0.0156716215971745
something:0.007265187288917966
on:0.0018503971724061676
you:0.02028463464995335
tell:0.008795711874534498
bible:0.07880876281439336
why:0.012990675767547491
sure:0.007963664307150377
a:0.0030580382317804272
christian:0.011700154639549546
anymore:0.01617319106082479
was:0.022621269849305473
as:0.008760374016974654
old:0.009663916358913591
truth:0.013120647912454758
said:0.007998192805340993
let:0.00841291146990082
closely:0.03631799965011277
died:0.014803660661147173
whole:0.021838799087790437
terribly:0.020980860731018
cheap:0.013562887658419152
straight:0.014586356304610616
are:0.0023463919036541075
no:0.004108561080958065
brian:0.05454127758801137
begin:0.015230728027520122
book:0.011349264637531654
doctrine:0.03453366871652912
it:0.005005188755328058
should:0.0059956647526769324
disagree:0.015505069426712387
have:0.003731756300347831
made:0.00848751661283942
whether:0.010428680966721986
against:0.009428032088167324
after:0.007040925867390333
decided:0.01361909877013998
bskendig:0.022948001244640946
netcom.com:0.02349660711475284
be:0.00422234494260928
writes:0.002413366390575045
were:0.011323381733374445
things:0.00815593404430748
if:0.002445804451691275
of:0.0035481858679879312
priests:0.08629598204082783
even:0.012256638304861501
reasons:0.01327198713794199
what:0.01343711099265155
but:0.004856081914236571
years:0.008137866507227714
least:0.008787088987979861
beyond:0.014253883932257688
they:0.0034048161478384804
good:0.005912444712990872
one:0.003588725940786943
difficult:0.013602949916197076
in:0.0025938642612334376
heart:0.014492637273889114
according:0.012553015345205174
point:0.008034802778321389
lying:0.017888532773400467
or:0.0024609907215441067
and:0.004876974272692571
for:0.0011874046091681532
subject:9.743414924094269e-05
until:0.010442210676513299
300:0.015180732245191064
i:0.007663816714231183
we:0.004918773378518138
back:0.00768743328491802
felt:0.04943676168319108
catholic:0.016991659111971816
established:0.016911000911239458
later:0.011662087696925925
the:0.004676569770005073
wrong:0.028942577264560516
do:0.0026215982441842945
see:0.006457612267924
when:0.009545068925866686
start:0.010283073313439826
got:0.01614710818708448
would:0.006807661650396905
specific:0.013376482804636615
did:0.00599967534103272
myself:0.012163657160576215
long:0.017374534635829084
trading:0.021646267872601776
jesus:0.03802773087254897
finally:0.01327198713794199
about:0.0035949495632185092
is:0.0029416710973430354
either:0.009137090171946562
else:0.009220993523131594
lot:0.009045815285640113
break:0.01432192170893389
told:0.02262934136298635
eventually:0.015464592467974582
article:0.002957419271228471
very:0.02544879550048828
affair:0.02157399551020696
kendig:0.022030795302009902
bad:0.010002193601264175
realize:0.01428288780704795
checked:0.016426153834146796
by:0.0036147280102816278
secrets:0.02110458902180516
roman:0.018638328299731888
