lpl.arizona.edu:0.024434108330281878
believe:0.037459860005695525
go:0.008385483843940203
out:0.005078349565001982
know:0.010636854531537085
tune:0.025395933982498297
your:0.027153711684941004
with:0.002520807658575635
decision:0.018123904022358996
equally:0.020660536186515067
post:0.011131800881168882
yours:0.01821693665885544
reasonably:0.021251920330969745
my:0.0040957511264237126
christ:0.015999456521715052
investigate:0.024368300260752616
to:0.007722667707405518
then:0.0068787946111026
remains:0.019902386762102722
us:0.008878777526659465
began:0.019318138951774172
make:0.015173107615083652
that:0.007476392789536139
nt:0.006155849583814125
along:0.015060178496298426
could:0.006504780841922661
rob:0.018968459879307065
me:0.014011922591438079
anything:0.0100053497858595
ceccarelli:0.025564988780572787
re:0.0016118125119748729
so:0.004404356023210862
convincing:0.024053536747757405
this:0.004525710675615681
something:0.008580436711911736
you:0.05510076188103708
am:0.007044553261643817
brings:0.02236698298432547
them:0.006318358497983797
bible:0.015512644404557314
why:0.0076712180179052
more:0.005480254421641059
a:0.0006019414335544807
how:0.005669668091504846
other:0.005945293050999615
want:0.024473249582485108
demonstrated:0.022285653310599684
said:0.009446141502859622
character:0.019676662686597048
immediately:0.01820129110691329
also:0.006394384188273993
hands:0.01726452566963402
learn:0.032844949833812344
far:0.010730077897075007
brian:0.06441512956515136
thread:0.01794365428234468
desired:0.023539111068306685
it:0.005911300512758138
not:0.010395000147861464
have:0.011018332179906313
only:0.005748001027022787
ve:0.007866955599256181
argue:0.01836036247301437
real:0.011024111439647618
after:0.008315576239935134
reject:0.022012508422959213
topic:0.037643421125771744
without:0.009686252089665927
which:0.0055685014332651625
writes:0.002850268926799838
get:0.00566540506591001
if:0.005777158791063873
of:0.0008381059722661149
even:0.0072377562403708
what:0.0079348457154882
saying:0.013002393012777756
present:0.015622846046678034
fact:0.020674716626110683
order:0.012087572677295225
please:0.008256100676315754
investigation:0.021446404965799352
must:0.009989053566721971
who:0.005573503768249346
clear:0.014214442854252643
over:0.008646296347066196
one:0.004238409085239752
in:0.0015317215680559523
clearly:0.015665993001829328
debate:0.019568084027853264
and:0.0008228392553680816
for:0.001402365788414112
subject:0.000115073090051803
each:0.010974178436899204
offer:0.015151567322378611
i:0.004114196276840408
assumption:0.020444974028865665
any:0.00882144195076558
decide:0.017645290588848186
than:0.00616638483715285
eyes:0.01862775639939132
the:0.0012995741551535397
do:0.021673385484247746
when:0.005636527770878172
start:0.012144664171907382
would:0.01206012473410831
can:0.007453155107221667
because:0.007606561633166008
put:0.010721807325632668
an:0.003870250597248865
just:0.010124039340223155
jesus:0.029941374307696604
religion:0.04592497322796611
about:0.012737278193817304
changed:0.016290151697557865
is:0.0046322866705286875
verses:0.0227983772022435
ignored:0.022127457763830596
argument:0.030333977932238982
new:0.0074310326072566674
time:0.006808232628895317
does:0.005252106958351402
first:0.008092908747375177
every:0.010483398823006017
kendig:0.026019128934270316
written:0.015446202320931508
thus:0.014359289107225453
before:0.00916463046216657
wish:0.01610378239128784
seem:0.011895312736619559
check:0.014264273985291764
apply:0.01723946545469687
everything:0.013317510706565746
s:0.0026742943140345616
