computing:0.031160439136993155
theories:0.11140091792956416
post:0.018446984317365574
yours:0.030188066463246153
creation:0.12970844269891307
to:0.001968855942986901
then:0.011399145355541452
speak:0.025610234390274243
perhaps:0.020631868126000322
that:0.004955780363349669
nt:0.005100561083731704
updated:0.03673300026234726
could:0.021558702218943675
me:0.015479838291493495
re:0.0026710035912726466
so:0.0072986471241780005
this:0.0037498745597958497
describe:0.03337583148202058
these:0.011833114093563876
you:0.015879971125963482
am:0.011673831119295468
etc:0.016588028481844538
philosophy:0.034959575086734744
bill:0.04422162679559596
a:0.002992508841099418
want:0.013518556912229867
as:0.022860404577629098
idea:0.019802687823291115
given:0.019912768279866294
course:0.01747251285642871
science:0.07246354770358533
explanation:0.03294279846904605
theory:0.029061063264118746
are:0.004592224154294468
it:0.004897934710571028
not:0.012919500183770676
ones:0.024233071288406117
should:0.02346874488904971
have:0.003651790093911806
only:0.009525258844780619
interesting:0.023343032585152947
tom:0.027112344453391106
university:0.016788143582847526
has:0.007605531956332507
call:0.01897825784284791
list:0.020797347120868424
be:0.008263732244821019
which:0.018455604750250255
writes:0.004723302792982588
if:0.014360366137787342
of:0.012499751929226055
gospels:0.04471129617189231
explain:0.02567898234294717
equal:0.03184718099808532
title:0.03000852379702085
one:0.007023649341254446
in:0.0038074221834533675
origins:0.1324186876369583
or:0.004816510412164895
and:0.0027271243892199276
for:0.006971761348115871
subject:0.0001906925492287021
however:0.01712213502997795
create:0.027163183508882992
i:0.005454248778439855
suggestion:0.033058318892228905
taught:0.10369615921233373
we:0.009626742183671214
room:0.02848591771656147
favorite:0.03451760791731983
will:0.008095038177880603
the:0.0016151850214051135
would:0.013323566372919657
agree:0.02154682270688885
collection:0.03437616057948999
an:0.012827116265167667
myself:0.023806014728556306
is:0.0019190901920761708
time:0.011282214070740811
center:0.023333077381948633
various:0.025461278416822775
under:0.017338024479325993
article:0.005788092002261436
inspired:0.039760244882178414
neither:0.026734153217864064
teaching:0.035935114622490105
aware:0.02926355151414914
included:0.026734153217864064
