perform:0.0158898109101716
some:0.00398476749192271
believe:0.01483052478041188
geb:0.035291956095966734
know:0.004211177903270654
all:0.006512408400315981
true:0.008816657993712788
means:0.009674386417879703
among:0.011755991358313397
specifically:0.013812432258551745
scholars:0.018998069226979445
objections:0.019736032054520868
from:0.002889325100444285
shameful:0.01812457648248388
added:0.01427856036437342
to:0.0023518756998137046
most:0.006336503289989891
born:0.014668679037684202
cs.pitt.edu:0.01749010761510559
basic:0.013036357711808874
family:0.013448693068667805
that:0.016575647631681487
through:0.008086905440357771
nt:0.0024371281628752166
need:0.006557003383949612
re:0.0012762474497548483
mormons:0.01812457648248388
so:0.0034874081822010923
ghost:0.04235845899518531
this:0.0017917489364212252
mean:0.01804383656539154
child:0.01353366764758155
he:0.02170830317433768
acsu.buffalo.edu:0.037025664127811844
texts:0.018554201895074333
on:0.0017304055468917745
garden:0.020174999214323232
you:0.003793849757056122
spirit:0.03130105822862288
bible:0.012283049494393504
m:0.004671722566949052
sin:0.0440863426843259
sure:0.0074472492155604215
a:0.0009532451370965154
other:0.009415071589296319
same:0.019884914851828795
j:0.010423647302146288
was:0.009066154956669476
as:0.008192295155805648
blood:0.04276457728063414
also:0.00506313014225108
quoted:0.015248539231525146
far:0.008496170894612293
are:0.006582710391821421
ot:0.017061137597482737
doctrine:0.0322942840557303
it:0.007020930301842429
not:0.018519420058647384
ones:0.011578941912548999
ve:0.0062291252526533595
gordon:0.06124933962933817
against:0.008816657993712788
always:0.009068109549483644
robert:0.043623372408978886
cadre.dsl.pitt.edu:0.018596079344193155
his:0.012589959327680932
heard:0.009224052421228241
be:0.00592281150652701
writes:0.0045137364574577635
were:0.010589101006636854
whatever:0.011279728937724788
of:0.003981718475748914
trying:0.00920248540296381
what:0.006282881249123763
but:0.00227059120221983
biblical:0.015580156120445445
mormon:0.07942319060458544
banks:0.048318802967076184
alone:0.013103117185714996
now:0.00563793309856056
called:0.009154452204289194
surrender:0.016680113805186938
in:0.004851322918620901
our:0.007610155027236838
brother:0.015814383104708573
rather:0.008783220658405677
and:0.005863782816411448
for:0.0011104056754678293
subject:9.111589382941398e-05
jehovah:0.08938243735858982
i:0.0019545942721371492
intellect:0.017876894936972497
elohim:0.11937867732222422
than:0.004882598232830926
the:0.00488781815351263
do:0.004903193985709875
gods:0.016538867333641356
can:0.0029507371755553356
sins:0.01755160422091678
agree:0.010295410167114128
did:0.01122123579141956
lds:0.02166072641998141
n3jxp:0.018512832063905922
weiss:0.0796691770278302
jesus:0.10668530640694626
many:0.006324918182860387
gb:0.2292141250055096
including:0.010853132104198736
e:0.010617370976292924
is:0.011920628496855394
ubvmsb.cc.buffalo.edu:0.01967768927855056
does:0.004158664895349915
created:0.01296278187196253
chastity:0.018391648826851622
first:0.00640803696037898
too:0.006663883508069954
natural:0.014290473009219044
article:0.005531282459498983
earth:0.01201547837062713
saved:0.047443149314125715
holy:0.030920781047639904
thus:0.011369812535414012
teach:0.016777633847658117
needed:0.022770120751781715
by:0.006760651705236629
father:0.029554072739631745
skepticism:0.01812457648248388
god:0.00905521580810657
millions:0.0162515223124115
s:0.004235059937583743
conservative:0.01798085127651075
