reached:0.08385010581620678
tried:0.055319000947083405
tony:0.08254901031147692
previous:0.062021418208800104
wrote:0.04599241026237252
via:0.061039846046707945
that:0.01238945090837417
cleveland.freenet.edu:0.07647176377688403
like:0.02079712613408345
nt:0.012751402709329259
re:0.006677508978181616
so:0.018246617810445
something:0.03554752352077719
compuserve.com:0.1978226896184594
a:0.007481272102748545
other:0.02463049978271269
internet:0.051009534698475106
it:0.006122418388213785
have:0.01825895046955903
ve:0.03259167319691847
ancient:0.08188580411595092
be:0.020659330612052548
which:0.023069505937812818
of:0.003472153313673904
but:0.011880057540185897
order:0.05007708680593735
they:0.0333185580181337
in:0.0031728518195444726
or:0.012041276030412237
subject:0.0004767313730717553
oriental:0.11444844996492655
twice:0.08054252873670827
i:0.006817810973049818
any:0.018272986898014414
the:0.0013459875178375945
do:0.025654211389517737
would:0.01665445796614957
can:0.015438678436387738
an:0.016033895331459585
address:0.11402933406905752
is:0.0047977254801904266
cis:0.10860536226477625
guess:0.05350280826670809
article:0.01447023000565359
says:0.04573262043620657
cup.portal.com:0.09622773404049151
