utterly:0.06354568562609467
all:0.03145278562570191
souls:0.06246392658419078
thy:0.07236267982966539
hand:0.0346949390709085
with:0.019280023410644418
into:0.03935832753807443
to:0.0030290091430567713
city:0.040437204378971345
young:0.04125335744037568
day:0.027948385008383213
male:0.05281481099019125
that:0.01143641622311462
had:0.016861631710792694
he:0.017473991291431158
sheep:0.06517667469332843
on:0.00557152555208011
thereof:0.06683406908601616
lord:0.09361767238987548
took:0.037092326114469006
was:0.00973034213298226
old:0.02909794595980576
hands:0.04401505445445157
it:0.01130292625516391
thou:0.06163729558157993
delivered:0.1226466049555982
second:0.030216437106068864
edge:0.15538027541531735
which:0.014196619038654042
joshua:0.12991812680871884
were:0.01704728898321208
of:0.008546838925966535
women:0.0415309361959717
they:0.010251864005579602
in:0.0019525241966427526
according:0.037796991259189214
israel:0.04176337987734782
sword:0.25418274250437867
destroyed:0.054425838179112965
and:0.020977879917076364
subject:0.00029337315265954173
the:0.010767900142700756
when:0.014370048822458638
done:0.02910619287275493
man:0.03184669603071647
every:0.026726906889421937
ass:0.05355260552686849
by:0.010883906316672156
god:0.029155804744782694
