some:0.007119127287398501
okay:0.026254671557942054
out:0.007184006701710121
there:0.005596213326689923
stephen:0.024827190727994008
stations:0.033453607169703914
displayed:0.03238110310590108
someone:0.013435720211359877
to:0.0008403653415187993
sound:0.02104380054346604
then:0.009730977742535386
most:0.011320704048579499
been:0.008946587726959996
that:0.004230544212615571
feds:0.030292091947072445
broadcast:0.06196251789906435
think:0.01755790277473848
hour:0.02838850363829438
like:0.007101457704321178
really:0.011898754531651987
nt:0.017416550042010696
re:0.0022801250169400644
anyone:0.010200699692935312
had:0.00935614930293985
he:0.08726340772976901
you:0.006778036456203926
children:0.02044132236596662
assume:0.021167613142007175
nelson:0.03238110310590108
none:0.02208847702695911
gross:0.03515587169887387
more:0.007752555035492231
a:0.002554580718011698
was:0.016197459770147297
as:0.004878744879372064
said:0.02672566864223698
pointed:0.026375899427172715
local:0.01863648446290215
evidence:0.039240341884305814
responsible:0.04769335628137832
those:0.011316558867607074
d:0.011108806234006315
it:0.004181163777316732
not:0.003676280540097347
have:0.009352145362457064
probably:0.014556242164812246
safety:0.025199227958208316
after:0.02352699619103599
apollo.hp.com:0.03641402068056794
his:0.03373955563729128
which:0.00787739227144828
structure:0.05617876145964737
writes:0.012096263250321261
if:0.0040862830473378615
of:0.00474245330648143
backing:0.06858039874810885
seen:0.015807712747697274
but:0.008113210027444027
biblical:0.05567055784500629
again:0.01488944596407328
who:0.007884468745328343
cares:0.03087790798420429
david:0.015222227069173744
surrender:0.05960089445024113
in:0.00433365126571928
clearly:0.02216164863673417
or:0.008223310459793723
message:0.01980073102780318
and:0.0011640165075938716
for:0.009919172649758353
subject:0.0001627863225123067
i:0.003492049522781614
tape:0.05060205199656504
cites:0.03680754824847996
the:0.003217238457270348
nut:0.07361509649695992
do:0.004379987310405468
see:0.010788937569580343
would:0.01706066425800688
liar:0.03536615326028343
peter:0.022450567566011933
radio:0.0218740875656565
did:0.030071543477615217
koresh:0.07471095052397107
long:0.014514092957979176
people:0.0091784947565434
about:0.006006196221474826
clinton:0.022348513954088003
solid:0.054945881985606286
disregard:0.03526010604862569
else:0.015405806252061323
article:0.01482316244481587
deaths:0.05943033052371991
by:0.006039240700104672
concern:0.028089380729823685
s:0.011349444162000335
