another:0.02053245676285721
bait:0.0563138915446988
warrants:0.054554228554996344
actions:0.03661317077951993
with:0.010830136607213839
turkey:0.1812718708201061
from:0.007838631985464589
my:0.017596560395005578
to:0.0025522206668348716
day:0.04709820436597911
next:0.024799815034714585
perhaps:0.026745014237407827
been:0.04075667742281775
she:0.030695763749060023
that:0.009636239595402133
think:0.013331000254894029
me:0.020066457044528606
re:0.003462412062760838
mormons:0.049171304716368304
anyone:0.015489951385568437
had:0.028414971957076575
he:0.014723455625187362
on:0.009389052319246109
went:0.030207974678111885
bill:0.028662165515664046
a:0.0012930593757836991
wings:0.04231574855516006
was:0.008198714204642459
commercial:0.038577283335673625
question:0.02021283410506578
flaming:0.051040435761432426
taking:0.0315458336495519
fighting:0.04222126549799115
police:0.034033184366969366
it:0.0031745873124071474
not:0.005582500079407082
ken:0.07640875372434835
deleted:0.032531291638873486
have:0.004733801973589378
made:0.021533143999240754
second:0.05092029216022716
after:0.0357261794012028
without:0.020807504488911988
writes:0.006122799916829281
of:0.0018003757922753578
what:0.008522612064783622
3-4:0.05354312399976494
but:0.006160029835651946
who:0.011972711798461558
jyusenkyou.cs.jhu.edu:0.05589294363658068
in:0.0032903648498979715
use:0.01539610673840137
and:0.005302741867927637
subject:0.0002471940452964657
jews:0.03420955654262394
warrant:0.04358612930991455
shoot:0.04316034122434211
the:0.0034895972684678375
would:0.008635644871336815
did:0.015221398550397827
instead:0.02840494732948742
koresh:0.03781665396892363
just:0.010873968180239684
makes:0.025860906317147908
different:0.023400156463067107
is:0.002487709508246888
gerry:0.054917383306415615
days:0.027576413190279373
type:0.030004745466034224
served:0.14043357388163852
first:0.017384766938805935
guess:0.027742196879033825
davidians:0.04480698237569976
article:0.007503082225153713
christmas:0.1122020512704217
arromdee:0.2189361025850632
before:0.019686983955765226
s:0.005744780378296466
