believe:0.011556765320906066
at:0.004685984108800165
out:0.006266899463193936
louis:0.025070221742542337
separated:0.03085132518450257
mess:0.02716437209641775
know:0.006563165562012243
all:0.010149657772832884
means:0.015077634151269961
media:0.021018383993059903
hand:0.01679382689070571
own:0.024111602505829735
your:0.01340353427852407
4:0.013214199490312122
from:0.018012175626173948
tm:0.0244472145231944
to:0.005131592617359476
remember:0.014801191683623574
near:0.019174339241923005
important:0.01671473028177246
most:0.009875507787058712
t:0.013703580079789585
that:0.0018452373693323234
think:0.0076582341889816765
weapons:0.021274233965370603
really:0.010379764591441095
nt:0.003798290168736375
account:0.021674358546421597
anything:0.012347027395315976
re:0.0019890452275434603
started:0.017442791893558005
this:0.005584919557142755
off:0.011614135361469949
getting:0.014426604107578117
he:0.008458155359150187
swiss:0.03222824876916368
blow:0.025921739909282086
on:0.0026968554534004784
you:0.01773826561942729
working:0.01685393090801387
3:0.024909212176995953
a:0.0022284640306059495
false:0.022271854211176487
was:0.004709899649475455
as:0.008511852768266152
question:0.011611628102910129
nyx.cs.du.edu:0.02500764279797007
step:0.022125109761608253
business:0.019237041134221103
are:0.01025922417448764
likely:0.017587280877285786
crap:0.02584837117453562
d:0.009690660757324656
learned:0.024147848374797644
it:0.005471097283084658
have:0.0027194181550407068
shooting:0.025361311634506414
made:0.012370103999563837
ve:0.009708157973550182
buy:0.015993835772574287
bank:0.025328170412428564
layer:0.031238343026430377
his:0.009810792773964131
be:0.006153843161036929
which:0.0068717677261570095
things:0.0118868400432992
if:0.00356462989235856
cops:0.02588492904308754
of:0.004137033735441248
short:0.018420095029900357
what:0.014687905898882412
never:0.03516924304566798
beyond:0.020774277645950034
they:0.009924676856465357
waco:0.041326337335013306
now:0.00878677871211832
david:0.013278964039066457
one:0.005230377169019269
bob:0.019595771351218618
in:0.004725523986555598
st:0.020408230015528193
5:0.027647583903379604
better:0.011894765272879804
and:0.0010154186555606114
few:0.012157593089927055
still:0.010860154692710356
green:0.022384631911445654
for:0.0017305790580429466
subject:0.00014200508985116116
con:0.03085132518450257
we:0.014337701124616702
back:0.01120402510674222
pay:0.01772788330849938
actually:0.013001670888835557
will:0.012056439839396643
community:0.021641217324343747
shoot:0.024794238575685894
than:0.0076095812884013885
em:0.025295234400471534
the:0.0032074596169746933
do:0.003820839994183493
mexico:0.03066788807774103
stupidity:0.027451963698919217
automatic:0.02450350233878236
start:0.04496109714706137
can:0.0045987552789240075
because:0.009386820738800606
radio:0.01908165085514716
instead:0.016317735699918304
put:0.013231166486950953
mr:0.01796253020363518
an:0.004776053928519876
koresh:0.021724460790658255
just:0.012493495356020063
long:0.012661230027173323
jesus:0.01847446499836599
about:0.005239447767669529
south:0.022987444067333968
lesson:0.029462953772962035
is:0.002858219435007063
today:0.015101735456374218
right:0.01031847656271436
lot:0.013183794618432929
2:0.010363880596252173
their:0.008051508609477202
1:0.010417680276195258
natural:0.022271854211176487
shots:0.02607158499953047
thus:0.01771997379189524
answer:0.016150377883664132
by:0.005268273802218969
plenty:0.024794238575685894
s:0.006600385966553386
