some:0.005235591368311005
since:0.008972294275352831
at:0.003950515750916731
out:0.010566610754084842
stephen:0.01825856179099111
spreading:0.025560384197890137
where:0.008284559633335254
with:0.005245088581072173
4:0.01114022199183264
into:0.008030510775705768
such:0.008623395531245734
members:0.01653920317715074
both:0.010070421893758914
knocked:0.024545527130287046
to:0.0024721061167548536
lies:0.02022592649890432
line:0.012662797079847483
then:0.007156414124555171
lived:0.02016140301257204
day:0.011404946348712431
been:0.006579553305925736
that:0.009333756738147358
bit:0.012220108511460536
through:0.021250791874662122
nt:0.0096064379155485
tanks:0.06673047282423313
could:0.006767305629264832
mainly:0.021581446103715686
anything:0.010409153140445757
re:0.0016768632411577153
started:0.05882053589217767
had:0.03440377770587747
hooked:0.025854542415315308
two:0.008362284451360141
certain:0.014781681577401385
on:0.0022735821759609413
used:0.0088540964499411
pilot:0.02616935971878279
ray:0.01945187832550973
more:0.005701430609061551
bottle:0.027273095456625426
a:0.005636115306106527
was:0.011912033194189044
as:0.0035879558754126385
said:0.009827375913288933
part:0.010983058800059538
cult:0.02124284721354463
ie:0.018760619671575836
those:0.0083224917232626
tear:0.022243490941411037
month:0.01781974658918053
gas:0.017794482832596423
place:0.024389485357097986
it:0.006149873179192322
should:0.007366870592975245
plausible:0.02548976376305543
have:0.006877810939206093
probably:0.010705039080848468
copper:0.05905833062331435
accident:0.0217914519318955
lamp:0.026970668188484027
has:0.004774773425500228
which:0.01158647831854276
writes:0.005930604403744954
if:0.006010317666039545
whatever:0.014820451025799833
of:0.006103516138834845
backing:0.025217904472398772
what:0.004127543062765162
result:0.015852026730993285
years:0.009998992928163199
biblical:0.020470788086504554
never:0.009883135564402961
supply:0.018107468312128
lines:0.03168773205645306
fact:0.01075456111492753
fire:0.04839004892878212
necessarily:0.017431672793974
they:0.004183496074025756
up:0.012048971931411521
david:0.011194821701096386
called:0.012028047066622125
over:0.008995250011297569
one:0.008818931908301547
in:0.0031870798546096944
point:0.009872358570672918
or:0.006047636391955922
better:0.010027873862338131
and:0.001712096029106681
for:0.0014589635108164752
known:0.014605061648728062
subject:0.00011971729547990268
i:0.0025681440436600214
tape:0.01860703257272795
stove:0.027069228308299165
overhead:0.02633546407609377
ago:0.012830339575626206
flash:0.024660515608373762
water:0.018386086164625788
cites:0.027069228308299165
than:0.0064152523866343545
the:0.007774134183743596
see:0.007934465297807964
when:0.01172802190891243
responsibility:0.01945187832550973
start:0.012634807568979877
would:0.008364570817079605
home:0.013136157183234746
country:0.03023097854726576
once:0.01203153002208478
facilities:0.023718491080360952
sp:0.02116204674043845
fbi:0.05132047375278478
koresh:0.036629584113396875
places:0.01710682458426159
here:0.008073546661988323
paul:0.029372399023399616
is:0.0012048099860567888
else:0.011329830606897115
carry:0.017454967936920654
type:0.014531446234671284
their:0.006787818917406789
run:0.01200374183133361
easily:0.01658706174168335
hook:0.02306107639788617
davidians:0.02170024258554069
every:0.010906495636490566
article:0.0036337797323614395
deaths:0.021853305394372344
built:0.016558285354595307
s:0.01112890189876266
