some:0.005481393779968799
okay:0.020214864485927214
at:0.004135985973964465
out:0.011062695766013708
played:0.019043206672086036
stephen:0.03823154252949312
stations:0.025757706928786112
story:0.016878204356866686
lawyer:0.024931929151961393
to:0.0032352092959878655
sound:0.016202738446612353
then:0.007492396008337105
most:0.00871641062895323
that:0.008143301066537014
broadcast:0.0715623446158208
think:0.020278141232796552
hour:0.02185781500788863
like:0.005467789030557151
really:0.009161482362398714
nt:0.02011488878091376
re:0.0017555892149209884
so:0.004797232851572395
anyone:0.00785405985747132
had:0.007203795707427865
he:0.0746541411981331
certain:0.015475657238312249
you:0.002609384926801511
assume:0.01629806833469097
nelson:0.024931929151961393
m:0.006426360150779681
a:0.0026225429593359534
j:0.014338632204360857
was:0.029099661684083098
as:0.0037564045080611193
coming:0.01632220636051453
said:0.02057751012829514
copy:0.016040431666964047
local:0.014349218084112452
given:0.013088204503198503
evidence:0.030213220981343446
responsible:0.036721645211953265
no:0.005285191249683145
those:0.008713219034213897
d:0.008553259259986082
reason:0.01254559588736398
it:0.004828949714647492
not:0.002830563420544436
mercy:0.027940282180330546
have:0.004800475240823032
after:0.02717202376992889
apollo.hp.com:0.05607417269120321
evil:0.019608796781261036
his:0.0259778738240177
heard:0.01268848525549237
be:0.00271578054994118
structure:0.04325500882339046
writes:0.012418073070752345
if:0.0031462461021756305
of:0.005477199593401089
even:0.015766755378084748
backing:0.05280368729901339
but:0.006246790819252678
biblical:0.04286371589944146
never:0.01034713253925756
again:0.011464174357314639
seems:0.011063319668455767
they:0.004379904340411942
who:0.006070670771050931
cares:0.023774539480795793
david:0.011720400184715934
surrender:0.04588989056262697
one:0.004616483135096819
rest:0.015336294992830088
in:0.004170885020997429
clearly:0.017063428997297674
or:0.006331562983127562
message:0.015245633279623106
and:0.0008962380621849528
for:0.009164756701748563
subject:0.00012533782578412345
i:0.003584952248739811
tape:0.038961204354162754
cites:0.02834008409742119
later:0.01500193440825213
the:0.003892621178347222
nut:0.05668016819484238
do:0.0033723845958051487
see:0.008306975405686272
when:0.006139316633069183
agreement:0.02318227992527044
would:0.013135910508512339
liar:0.02723027762763607
peter:0.034571766017145136
radio:0.03368404094617527
did:0.02315367666821078
come:0.011273209739292998
koresh:0.09587320724515849
just:0.005513561330825756
long:0.011175170164829037
people:0.007067010047291631
about:0.004624489109492355
solid:0.042305749510044274
itself:0.01578899455678113
him:0.01125124555569628
article:0.015217518879184995
deaths:0.04575856434690172
concern:0.02162750441169523
s:0.011651385555981565
