24:0.17443255946992667
tongue:0.5837646034111167
that:0.016519267877832228
93:0.174334071228781
apr:0.1774861084303809
brings:0.24710190725540518
a:0.01330003929377519
robert:0.15216247756941445
of:0.009259075503130411
in:0.008460938185451928
promise:0.23729942848377908
subject:0.0012712836615246807
the:0.003589300047566919
weiss:0.277893677013741
is:0.012793934613841138
ubvmsb.cc.buffalo.edu:0.2745506170769197
life:0.13287520729946237
god:0.126341820560725
s:0.02954458480266754
