re:0.024929366851878035
age:0.5497051501218162
try:0.16242597815622617
virginia.edu:0.32040985334049354
douglas:0.3006921072837109
subject:0.0017797971261345532
suggestion:0.30854430966080315
vernon:0.41730543093766154
info:0.19635969729282648
the:0.005025020066593686
about:0.06566774535479143
new:0.2298666086511396
by:0.06602903165447774
