since:0.012200131850022448
out:0.007184006701710121
mark:0.01831478027007433
there:0.005596213326689923
testament:0.03067631736066229
your:0.007682513549885747
much:0.010653639448536168
literature:0.02884824764734445
o:0.02134743282804806
arguments:0.05072586140466283
wrote:0.015704725455444275
post:0.015747425636775492
iastate.edu:0.05861155853789517
to:0.003361461366075197
most:0.011320704048579499
matthew:0.02613580695622863
hall:0.02792933057083017
that:0.004230544212615571
considering:0.024422987532653005
nt:0.004354137510502674
luke:0.03258104104994371
re:0.0022801250169400644
quantities:0.03580980785956653
convincing:0.034026954423656816
math:0.029757657147933693
this:0.0032011124290940184
on:0.003091517227068841
you:0.01694509114050981
used:0.0240788232724008
messiah:0.033941672460396206
assume:0.021167613142007175
state:0.016205569432564734
bill:0.03775016921575265
more:0.007752555035492231
a:0.0008515269060038994
want:0.011540231510440133
as:0.004878744879372064
also:0.009045714217558332
evidence:0.019620170942152907
considerably:0.033453607169703914
l:0.02015219865093514
are:0.011760574053680953
existance:0.03547407751088953
kurt:0.03641402068056794
it:0.002090581888658366
not:0.003676280540097347
zero:0.028253745424875683
have:0.006234763574971377
ames:0.03135743924834523
being:0.011864658109299684
ia:0.03833995329897329
probably:0.04366872649443673
only:0.008131318526032235
complaints:0.03193859888129842
university:0.01433134208291862
400:0.027992847405331728
against:0.015751712147303944
second:0.01676643766251382
referring:0.02895945244947726
referred:0.029757657147933693
attacking:0.03231588792835994
his:0.011246518545763761
considered:0.020992944861050074
writes:0.004032087750107088
if:0.0040862830473378615
of:0.008299293286342505
gospels:0.03816817965893246
department:0.021146802333493517
what:0.01122490369508087
please:0.011679361932349116
find:0.025810326069187685
who:0.007884468745328343
one:0.005995798218144039
in:0.0054170640821491
albert:0.031302257324443285
or:0.008223310459793723
rather:0.01569197349337112
and:0.002328033015187743
still:0.012449445623350899
subject:0.0001627863225123067
i:0.003492049522781614
addition:0.024179052565496306
source:0.019019926595730638
detailed:0.03015402806445196
than:0.008723178550118666
the:0.005974871420644933
managed:0.02884824764734445
do:0.004379987310405468
enormous:0.035583946446881475
century:0.027242817041688218
gospel:0.03141312512373103
put:0.01516743475333402
jesus:0.04235609048405861
many:0.011300006265720083
is:0.00655299089977229
today:0.01731174552316069
detail:0.029345502933710965
new:0.010512192468802115
christianity:0.04691034529148795
activities:0.025770300639356473
accounts:0.030385902427800985
e-mail:0.01676643766251382
article:0.0049410541482719575
very:0.01062952738892346
greek:0.02907272309321467
jewish:0.04664033156127803
warren:0.06822689220087408
despite:0.025996162052041527
by:0.006039240700104672
especially:0.019056681143276473
well-known:0.036542395126896186
four:0.021390525311115696
