some:0.0082804033697401
rough:0.038136115488414536
there:0.013018141639392161
tavares:0.036537251916963755
final:0.02735211629245812
all:0.013532877030443846
story:0.05099372380159722
became:0.030678351106782444
where:0.013102530483927387
monday:0.03585538056552473
your:0.01787137903803209
lawyer:0.037663127016792745
c:0.018341118407297588
hell:0.024208375350935427
from:0.006004058542057982
work:0.01436221605666882
my:0.006739108236385115
to:0.001954892425660753
then:0.01131830035301988
ii:0.02603829649014268
omitted:0.04281161640248733
next:0.018995603005313298
been:0.010405960193059852
make:0.012482840307444707
guy:0.024016530120204747
sources:0.027298857980244423
horror:0.041786217616592944
like:0.008259851514245908
laid:0.040425288483187945
nt:0.020257547566593998
re:0.0026520603033912803
happened:0.023917027650627167
mormons:0.037663127016792745
transfer.stratus.com:0.04126062916160201
so:0.014493767338793193
this:0.014893118819047348
off:0.015485513815293265
fiction:0.03855589471813319
begins:0.037895678951707576
something:0.014118165369954062
you:0.015767347217268704
sure:0.015475489504675201
a:0.004952142290235444
how:0.009328815583185279
want:0.013422680622072209
was:0.006279866199300607
steve:0.022745771963364442
divorce:0.045687255467084235
forever:0.03346905264622535
month:0.02818300347083162
d:0.012920881009766209
it:0.0072947963774462115
real:0.01813896350353367
sw.stratus.com:0.03556586287389171
party:0.03010410243633091
be:0.008205124214715904
writes:0.004689804191613917
get:0.0186436024863989
if:0.0047528398564780795
of:0.0027580224902941652
what:0.019583874531843216
but:0.004718320725180214
particular:0.02405001027009792
well:0.01193523340534287
who:0.009170587760523747
david:0.035410570770843884
good:0.011489431569925525
in:0.0037804191892444783
or:0.009564701527703338
and:0.004061674622242445
for:0.004614877488114524
subject:0.0001893401198015482
jews:0.026203064585839618
i:0.004061674622242445
held:0.028832965101406927
cdt:0.03585538056552473
the:0.0005345766028291156
do:0.0050944533255779904
when:0.009274286828678978
can:0.00613167370523201
home:0.04155124896257232
did:0.011658943570517484
maybe:0.018779525406683147
come:0.017029742372123464
fbi:0.027055474342484644
apple:0.026903311682901245
ready:0.02989701623283969
just:0.024986990712040125
4t:0.04545470353216941
about:0.013971860713785412
newspaper:0.0349676987006027
is:0.005716438870014126
life:0.01978992449140929
silence:0.03805506090810515
article:0.005747041704373057
tea:0.043300927547784855
s:0.017601029244142363
