another:0.007318499440226333
above:0.01797132693154155
since:0.0066033716944015886
believe:0.007170534258515975
go:0.006420568487769397
correct:0.010799397492348015
there:0.009086920649278688
know:0.004072195134185815
ahead:0.014262836583032299
where:0.006097217155887002
tune:0.019445071564157115
your:0.012474576457240224
whom:0.013888814519312816
with:0.0038602467114821604
4:0.008198909254715113
meaning:0.013022925857703935
response:0.011589434167086937
such:0.006346591430586794
from:0.0027939678364032198
my:0.0062720413289128795
entity:0.03656128917040834
to:0.00591306570336
declared:0.018023345768472445
job:0.011457057938248107
then:0.005266931847444895
threat:0.045716373552552786
speak:0.011833111599466647
december:0.03353746843381701
been:0.004842377515582308
brent:0.017671498458049155
that:0.009159198031273316
think:0.0047516436552097535
really:0.006440249977527808
nt:0.004713389780346129
me:0.007152400530723068
re:0.0012341270718751504
happened:0.011129705936430465
pack:0.01700248356531977
so:0.006744624405180991
this:0.0017326153081564984
he:0.020991857525019607
you:0.02568048135881883
tell:0.007953878064760571
society:0.04905915799877027
3:0.007727610378341979
sure:0.007201465413066679
a:0.0036871396061951027
how:0.013023396012169548
other:0.004552171577003006
j:0.010079632539699217
timothy:0.016797063404008807
was:0.0029223139739319656
as:0.005281281585590881
said:0.0072326892035096775
therefore:0.011329787196550712
also:0.014688090412668975
evidence:0.010619498463739527
stuff:0.00964823944776773
athena.mit.edu:0.016129614999735222
daughter:0.03647268837613678
are:0.00212181974125817
no:0.018576662313242735
those:0.006125134172566205
individuals:0.02816601517739087
d:0.006012687202564474
it:0.0011315360717490824
should:0.016265466754786927
statement:0.022925408710843604
have:0.006749183011850203
only:0.008802219394516744
rights:0.10316433919879621
allowed:0.012646314284214097
placed:0.03006490674472936
has:0.01405642869817229
public:0.058688011842784035
call:0.008768832006596394
his:0.012174449118846579
intent:0.03259290840978616
be:0.009545565299298205
which:0.0085273421288285
were:0.005119812862944882
if:0.004423435113949896
of:0.005133744833418843
what:0.0060755254323209985
but:0.004391308397692477
extent:0.016152938983969852
fact:0.007915073031778347
separate:0.02787260420332596
well:0.005554019505456583
they:0.006157885310282137
who:0.004267501235095209
david:0.008239093199156746
clear:0.010883665815797404
president:0.012427254650732668
in:0.001759204969252381
5:0.00857713824065242
or:0.0022254503554557273
rape:0.050650619641670225
use:0.010975442427375234
message:0.010717227354982579
and:0.0012600574735669632
for:0.0021475172469443827
known:0.01074893976127511
subject:8.810876862052243e-05
spoke:0.016912876340679665
i:0.0018900862103504448
person:0.02777420236706783
any:0.006754371394645593
the:0.003980213914133613
do:0.01896548960809232
when:0.00863151447421608
can:0.00285335311035549
law:0.009923568070112099
did:0.005425448988260612
conflict:0.031188822376925926
william:0.0268756388078615
simple:0.010888411079063501
individual:0.038234516745213394
mr:0.01114506824515978
an:0.0029633601932730585
koresh:0.013479203394863868
note:0.009774551481447187
people:0.004967898152056493
different:0.00834064982841996
hold:0.011451421164831749
is:0.006206958377012037
right:0.01920666924544851
heavy:0.02958289265222183
keep:0.008743942521867727
broke:0.016550451040325848
2:0.006430394561370986
followers:0.01584051249373527
define:0.028216210552870862
created:0.012534967288729442
1:0.0064637752208736255
self-defense:0.019028260589489483
article:0.002674365941638947
purposes:0.014610561057150539
live:0.01022009331335861
by:0.003268763943290977
s:0.002047644491273988
