out:0.033188087298041125
raise:0.06638312236053465
my:0.013383299455356356
to:0.005823376732778158
normally:0.05994157386085611
class:0.0558897136854789
nt:0.01005744439045688
re:0.0052667676447629656
michael:0.04231965072779844
programs:0.04976312851119037
contains:0.05912188035039149
on:0.014281938739134928
taxes:0.06706614137375451
bill:0.04359878698157348
why:0.02506651521343671
a:0.0019669072195019647
tossed:0.17632623842436404
other:0.019426873068055083
was:0.012471283578892755
as:0.011269213524183358
mac:0.048327917391706145
are:0.009055089881707402
it:0.009657899429294984
university:0.033103381712657094
references:0.058160107000164274
ancient:0.06458598634497538
anybody:0.042811199224122465
of:0.0027385997967005445
miracles:0.08533677138877144
reasons:0.05121865458867754
what:0.012963973281642694
explain:0.050634613070600056
but:0.009370186228879017
albert:0.07230380565082674
debate:0.06394078161214024
and:0.0026887141865548584
for:0.004582378350874282
subject:0.0003760134773523704
i:0.005377428373109717
info:0.04148444309003377
pay:0.04694143749292793
the:0.0031848718731931815
can:0.01217698580898188
nobody:0.056454784020541236
because:0.024855243646401605
jesus:0.04891830168581417
middle:0.05657887739634623
is:0.007568243011004617
clinton:0.05162191955592159
christianity:0.054178145266225525
alexia.lis.uiuc.edu:0.17132113484021044
illinois:0.06787633636161629
cobb:0.33086245008275555
realize:0.055119876889170964
mike:0.04500580322475639
everything:0.04351637301300357
3rd:0.062165560191078766
