some:0.010810526621605131
believe:0.020117332225280928
ideas:0.033305496639254355
k:0.035080194965293174
know:0.022849539364042624
where:0.01710608146512742
c:0.02394534903174963
owned:0.09331628440347733
companies:0.03682066986655311
my:0.052789681185016736
to:0.0025522206668348716
justified:0.04688867508712503
corporations:0.05653176652071911
t:0.023854380138892982
that:0.009636239595402133
r:0.028705738580825275
nt:0.00661183844187443
me:0.010033228522264303
generally:0.035803236048362025
re:0.003462412062760838
mormons:0.09834260943273661
anyone:0.015489951385568437
this:0.004860948503439064
posts:0.03725016177933955
something:0.01843204923299558
you:0.005146286938969647
m:0.025348420594742075
a:0.003879178127351097
sorry:0.029420524858690966
beer:0.049372600888927615
christian:0.029683725659597923
nyx.cs.du.edu:0.08706364529663653
organization:0.03547993729737844
are:0.00595288316297431
christians:0.033305496639254355
d:0.01686892798497255
mnemosyne.cs.du.edu:0.055295364737158716
have:0.009467603947178755
keith:0.036485806195552466
b:0.02834174394920594
ancient:0.042459305837900474
list:0.05391904809114036
be:0.005356122751272882
considered:0.0318781755297427
g:0.03273149963899539
writes:0.012245599833658562
of:0.0036007515845507157
looking:0.02401745690191337
but:0.006160029835651946
ok:0.030220825838064184
anderson:0.044932109405021264
please:0.017735327378752358
find:0.01959672905253139
david:0.023115233697634203
one:0.009104730627552059
in:0.006580729699795943
or:0.0062436246083619005
thoughts:0.03975948442246123
and:0.005302741867927637
green:0.03896584073473873
for:0.0030124894714080924
subject:0.0002471940452964657
i:0.007070322490570182
back:0.01950330296358831
actually:0.02263253821389893
the:0.0006979194536935675
do:0.006651091841726821
responsibility:0.04016452654248768
can:0.008005240670719567
come:0.02223327476360563
wordperfect:0.11591817526046154
e:0.028804534222720616
f:0.03440954831858192
is:0.004975419016493776
does:0.011282303836458566
article:0.015006164450307426
by:0.009170698840899686
s:0.005744780378296466
