land:0.034281313324032205
some:0.010064973061494432
believe:0.037459860005695525
large:0.025810638964548063
at:0.00759452596943475
know:0.02127370906307417
take:0.018325423537376755
where:0.03185270341782348
own:0.05861613712624125
owned:0.08688067858254787
companies:0.034281313324032205
christ:0.031998913043430104
to:0.0011881027242162335
justified:0.04365497335697848
corporations:0.05263302400204883
that:0.008971671347443366
think:0.012411620926970304
church:0.06460820413946221
like:0.010039991926798907
re:0.0032236250239497458
mormons:0.04578018025317049
anyone:0.01442167887621889
had:0.013227659359328752
largest:0.046256582655541605
off:0.01882290903410647
why:0.0153424360358104
a:0.006019414335544807
sorry:0.027391523144298487
christian:0.02763657216583255
was:0.007633285638805048
coming:0.029970947886117198
also:0.012788768376547986
nyx.cs.du.edu:0.04052962798291701
organization:0.033033045069973024
are:0.005542339496562289
mnemosyne.cs.du.edu:0.05148189130700984
not:0.005197500073930732
have:0.004407332871962525
keith:0.03396954369930747
second:0.023704273936657468
heck:0.04269613167499379
ancient:0.039531077849079756
list:0.05020049305037206
writes:0.017101613560799027
of:0.006704847778128919
mormon:0.0501530061360852
anderson:0.04183334323915773
slight:0.04635510589540043
they:0.03216964222440495
find:0.0182452304971844
david:0.0215210796495215
one:0.008476818170479504
in:0.006126886272223809
or:0.005813029807785218
substance:0.04645476815747866
and:0.0032913570214723265
subject:0.000230146180103606
however:0.020664645725835457
i:0.006582714042944653
actually:0.021071673509492107
will:0.009769873662959347
the:0.0032489353878838493
can:0.007453155107221667
lds:0.10942401450094055
wordperfect:0.1618857275189204
company:0.029018345169235776
is:0.006948430005793032
does:0.021008427833405608
lot:0.021366839554011988
their:0.013048996711911327
article:0.020956884835774164
difference:0.027647877989951608
by:0.01707647370374424
appear:0.034040496278070535
