read:0.01666914016101413
at:0.00647768391510611
take:0.015630508311291938
saw:0.024980739581878342
your:0.009264207516038694
with:0.004300201299923142
way:0.01273803543784223
wound:0.04438557288787289
themselves:0.02379742806119719
to:0.00202676347072181
fails:0.03519746027332886
behave:0.042148724546674426
that:0.005101538609330541
church:0.027553498824182412
like:0.008563522525799068
movement:0.1038375433559729
behavior:0.03123815458028819
so:0.007513313216065589
file:0.02234180795925301
had:0.022564830671796106
overwhelming:0.04251953964687216
on:0.0037280060679359553
you:0.008173514550128262
henry:0.03364148708424783
bill:0.06828339431672906
why:0.01308619544230887
a:0.005134206345023511
how:0.009671786744331796
was:0.006510743633098424
as:0.0294159617726845
stanley:0.0363622103130156
belief:0.030290553680651856
evidence:0.02365961790083145
tragedy:0.041136802650527014
d:0.013395913399831143
place:0.019995791303797247
it:0.005041991613823117
not:0.004433161827764448
connection:0.03166004511398895
robert:0.023495676683512524
towards:0.030660125995217207
strongly:0.03431581374961179
be:0.004253391596599054
sort:0.023069568438684043
kill:0.027166412548554307
if:0.009855153231814842
end:0.019884069136584626
of:0.00571884075193349
even:0.012346760645338423
chapter:0.03630754135354856
available:0.019860763439810514
reading:0.048328265387691034
least:0.01770339987284178
disappointed:0.043322475617202975
they:0.013719406242760936
up:0.009878385076120474
waco:0.05712758396310663
net:0.024376047683077075
in:0.006532341981415091
system:0.01643545830325386
world:0.01853860800538733
recommend:0.03226308299384802
better:0.01644276375956914
and:0.0028073339300793373
subject:0.0001963011536177816
half:0.027806202085242763
i:0.0014036669650396686
branch:0.03352865201311062
suggestion:0.03403062238905917
we:0.009909881659661543
the:0.0072049920072483
when:0.01923050651240788
century:0.03285163231497697
strong:0.02654891460272434
would:0.0068577179860615884
can:0.006357102885571422
did:0.03626274360535953
prophecy:0.0430449732055644
put:0.0182901419084322
just:0.008635210025484456
long:0.01750228856697489
expected:0.030510060762634805
their:0.011130026607218485
goes:0.023698729382284386
first:0.027611100432221192
davidians:0.035582015415996864
him:0.01762143605414197
explaining:0.04103250386382145
meet:0.03154515307058394
understand:0.022030568109820983
by:0.007282613785420338
