say:0.013177395654635717
there:0.006373465177619079
honor:0.03742189657130225
bradley:0.038372307562393904
means:0.01968468903082467
theories:0.03610214932902542
i.e:0.023989854145662518
specifically:0.028104462859414314
method:0.02771456890796221
arguments:0.028885559966544107
to:0.0057424965003784615
scientific:0.0586486046778317
been:0.010189169355704438
that:0.0072271796965516
nt:0.0049588788314058226
re:0.0025968090470706285
had:0.010655614483903716
this:0.014582845510317194
kmr4:0.0385600066761989
laws:0.02577690217387425
starting:0.027232791547758452
you:0.003859715204227235
m:0.009505657723028279
why:0.012359184584402822
a:0.003879178127351097
how:0.009134465258535585
christian:0.02226279424469844
j:0.02120922680228377
seth:0.04327904506858894
belief:0.028607745142837863
forever:0.032771780716095655
given:0.03871927165529557
morality:0.030011385310130458
promises:0.03875292031583137
theory:0.028253811506782113
no:0.015635357446979303
existance:0.0808020654414706
thread:0.02890922078822198
it:0.002380940484305361
not:0.008373750119110623
have:0.0035503514801920335
made:0.016149857999430563
keith:0.02736435464666435
able:0.018315730736879646
referred:0.0338906650851467
after:0.01339731727545105
has:0.007394267179767715
his:0.01280853501045317
without:0.015605628366683992
be:0.012051276190363985
writes:0.009184199875243921
whatever:0.04590223026046337
of:0.0027005636884130367
ryan:0.030867622923633885
philosophical:0.03895134651335953
years:0.015484551548474954
again:0.016957424570194567
must:0.01609347519082984
refuses:0.04027811899087835
one:0.020485643911992132
in:0.003701660456135218
definite:0.03926003930899032
purely:0.034606166653884454
po.cwru.edu:0.03311060130060559
point:0.015288444175417087
or:0.004682718456271426
world:0.017508685338421367
and:0.0013256854669819091
subject:0.00018539553397234928
propose:0.038280326821074316
we:0.009359332678569235
news.cso.uiuc.edu:0.031844479378425355
possible:0.017895636270587375
than:0.009934731126524035
2000:0.03003921879205781
the:0.0026171979513508786
when:0.009081072519748165
original:0.021431722314399163
can:0.018011791509119027
contrast:0.038280326821074316
an:0.00623540374001206
definition:0.0565941584267675
is:0.011194692787110995
broken:0.03118918242392338
keep:0.01839871238976334
alexia.lis.uiuc.edu:0.0422354186585241
does:0.008461727877343925
man:0.020125342630522212
judged:0.0384655229813671
cobb:0.08156678456901265
premise:0.04078339228450632
existed:0.03516650631534377
article:0.01125462333773057
give:0.016411362995527822
by:0.006878024130674764
mike:0.022190361312206273
sometimes:0.024336849474429514
john:0.018621377774873927
god:0.07369939532708958
s:0.00430858528372235
