above:0.014877901803981122
go:0.010630777332208345
there:0.01003037142707265
permits:0.031790976567135976
know:0.0067424870254552014
all:0.005213485413367711
licenses:0.03298599952322794
ahead:0.023615516309610854
where:0.0100953923400752
tune:0.0321959381636044
own:0.012385194729770465
your:0.006884875531045151
with:0.003195778015243428
except:0.01761946130603177
my:0.00519242765754263
to:0.005271800065921211
job:0.018969882815787847
then:0.008720657649048105
threat:0.025231441141026403
been:0.008017707033996936
brent:0.02925936629939286
that:0.005686961072696341
think:0.00786747556026533
weapons:0.02185549718846816
really:0.010663364716890306
nt:0.011706205765941615
me:0.011842499239393931
re:0.0020433907255637735
happened:0.018427873763597984
pack:0.028151653116349123
so:0.01675099339975279
prefer:0.022440044289846126
had:0.016769491646799292
he:0.026067757500331728
you:0.02126007063312051
tell:0.01316953581214455
society:0.02030727441752376
them:0.008010159407280004
support:0.014966974369035551
sure:0.011923737815077615
a:0.003052468034636929
how:0.007187775941142756
j:0.0166892276476987
timothy:0.027811531209916224
was:0.0048385854322480085
said:0.011975436222204547
let:0.012596381107938934
politicians:0.030494101232129606
also:0.00810654170316703
evidence:0.05274931204119798
stuff:0.015974953839746567
daughter:0.03019460267204766
no:0.0061516160447131684
those:0.010141615597199782
d:0.009955432909164128
it:0.003747053876939584
not:0.006589180421595245
should:0.017954231062660978
have:0.008381157592584473
proof:0.04576074963607847
probably:0.013044938333492942
keith:0.021532606935080148
rights:0.018979231801600032
always:0.014518885781413702
allowed:0.02093897938861678
placed:0.02488979984604644
has:0.00581843974801394
boi.hp.com:0.03362962266889124
public:0.01619532567246226
call:0.014518885781413702
intent:0.026982653683511496
be:0.015804952380805228
writes:0.0036134556886205592
if:0.010986072455137857
of:0.0010625168610149654
even:0.009175734687246043
seen:0.014166474812144005
what:0.0050297382677411545
but:0.007270854887982626
well:0.009195999509034672
they:0.01529376433619252
bd:0.026629984169098536
who:0.007065862700731411
clear:0.01802049585894324
president:0.020576274093836056
or:0.007369524127902572
rape:0.027954713572725096
use:0.009086226927581136
message:0.017744917423823614
and:0.0020863246693485784
for:0.0017778626388637922
subject:0.0001458850103388978
i:0.007302136342720025
any:0.005591733695567253
will:0.006192925381985161
the:0.003295095125635204
do:0.01570093811817479
automatic:0.025172996938202644
can:0.004724404330260729
law:0.032861651642010554
did:0.008983120455972488
simple:0.018028352770252682
individual:0.021102110334789904
mr:0.018453309717395703
fbi:0.020846021214701284
people:0.008225536284552554
different:0.013809928404433047
is:0.0014681564310965241
broken:0.024542307481120035
right:0.01060040215185956
heavy:0.024490755392413157
keep:0.014477675323092465
broke:0.027403205820867384
2:0.010647046732761796
hear:0.018107549531468894
guess:0.016372444059757667
live:0.016921793846708517
understand:0.016372444059757667
wish:0.0204157241244742
s:0.006780724380940091
