perform:0.016393361255916474
above:0.009586817007494877
out:0.004148510912255141
wave:0.017334927734834183
faith:0.02637342338278023
take:0.007485032149069378
watch:0.013535788171036444
where:0.00650512957124564
own:0.00798060082939435
your:0.008872762128037061
way:0.00609990429417797
much:0.01230420330676008
from:0.002980888219824562
posters:0.019229132985377293
both:0.007907408740521964
theoretical:0.01996025750924435
entity:0.019503645455341067
to:0.0019411255775927195
observations:0.01801307247819962
then:0.011238594012505656
next:0.009430915576581603
behave:0.020183896261787754
been:0.005166339391624786
make:0.006197466490667971
that:0.0061074757999027614
nt:0.00251436109761422
its:0.007281072380402008
re:0.0013166919111907414
behavior:0.014959116277884486
exactly:0.03397587309794375
described:0.014610451632811033
this:0.003697059425150838
describe:0.016452874674235497
amount:0.013093017646573338
extremely:0.015556867552956445
on:0.003570484684783732
you:0.015656309560809066
used:0.006952336296960794
serious:0.012665470552955882
assume:0.012223551251018226
detected:0.020884075341876362
great:0.008877643270185483
evolution:0.05692344830564287
particularly:0.014144719349086558
a:0.004917268048754912
how:0.0046315598493983255
other:0.004856718267013771
same:0.006838356868058494
want:0.006664077351099231
was:0.0031178208947231886
as:0.014086516905229197
said:0.007716566298110677
objects:0.03302682259171306
also:0.005223581449575938
experiment:0.0178905861539552
rich:0.03197039080607012
course:0.017226421126056473
demand:0.016680122988100184
fox:0.0399205150184887
observe:0.019749978513816106
theory:0.042977628770879836
are:0.011318862352134253
no:0.011891680311787075
leap:0.021027814759201204
model:0.07730179249824401
atoms:0.06424542556507891
religious:0.012927464102500416
einstein:0.019801382737130023
it:0.007243424571971239
not:0.002122922565408327
should:0.005784549796596759
have:0.009000891076543184
fresh:0.01945638129924198
waves:0.021027814759201204
call:0.009355479218305308
talk:0.012181668195905026
explained:0.016680122988100184
univ:0.016354237222729603
environment:0.014780470087597872
which:0.004548916663794077
writes:0.0046567774015321296
if:0.0047193691532634455
of:0.007531149440926497
even:0.005912533266781781
andy:0.03156202983670146
describes:0.01760180745092409
what:0.0032409933204106734
but:0.0023425465572197543
fact:0.04222301282797252
wearing:0.017685981820126748
requirements:0.017135093873593164
vector:0.02133419284719286
they:0.0032849282553089566
talks:0.01685512182103072
accept:0.03773357715488803
now:0.005816599992529029
rest:0.011502221244622565
in:0.0025025310125984575
our:0.007851321911902794
or:0.0047486722373456716
force:0.012584521545122435
and:0.003360892733193573
for:0.0011455945877185704
each:0.008964821821692307
exercise:0.017574190628878224
however:0.008440489099284906
i:0.0013443570932774292
we:0.014236731398387006
directly:0.012790494103860493
gravity:0.15245869306134419
physical:0.04507554189480334
will:0.007981023555656932
the:0.0029194658837604164
do:0.0025292884468538614
thing:0.007971593081425903
when:0.004604487474801887
can:0.00304424645224547
come:0.008454907304469749
simple:0.011616861116043101
an:0.003161613163949777
jim:0.02384739962640049
thought:0.009452769032365185
here:0.006339439808533085
belongs:0.01931828019658958
religion:0.012505391770995468
about:0.006936733664238532
different:0.00889865104933538
south:0.015217040438939388
hold:0.012217537369521197
is:0.007568243011004617
either:0.008815361644765346
time:0.0055616548236046255
halat:0.08938863156414863
unless:0.010838244456832716
existence:0.057303505027839784
too:0.006875062915015833
article:0.005706569579694373
very:0.018414533363909653
useful:0.040503033983222934
models:0.03143100738718714
release:0.013992265807701614
takes:0.025182393337885006
atomic:0.020485030675302406
before:0.0074865995324741004
by:0.0034874488549900217
mathematical:0.019853548532148123
s:0.0021846347917465433
