looks:0.07960710405520675
at:0.04097511685834563
mary:0.10906532111681985
pride:0.1361422408362037
matthew:0.19936150422425558
walter:0.13044171855636683
bruce:0.10713159162072287
like:0.027084629383922632
den:0.15924111927830328
re:0.008696290762283036
national:0.15135692674360526
fake:0.13840186289326525
japanese:0.11643763943185012
university:0.1093181442604025
agent:0.11571083609454536
buck:0.13078122551964944
anger:0.12452241936718357
writes:0.03075639027988662
of:0.013565622248772464
phil:0.10305707792246495
island:0.11938535351648136
russian:0.1082724324809367
who:0.030070997075205774
in:0.004132086090569546
subject:0.0006208594626050766
the:0.007011655906874911
professor:0.11917677979595205
article:0.018844950705037233
iii:0.10750568784750483
ann:0.13147548047661878
secular:0.13147548047661878
john:0.06235996278097315
s:0.014428750717581821
