some:0.006112758508551593
out:0.012336932974664502
correct:0.017132028482625385
say:0.019869580882382654
know:0.006460079191928282
returned:0.02486570786237838
all:0.004995119532179535
tried:0.016219183523752206
faith:0.01960746659871619
theories:0.0272183743632443
ever:0.013839906056700841
where:0.009672548681852156
hand:0.01653004950498782
your:0.01978951134316119
with:0.0030619234386887297
from:0.004432315468220815
my:0.009949887553196873
to:0.006494132167967266
then:0.016710789002887992
important:0.016452195251168707
that:0.0090812729171329
nt:0.007477262321700927
quiet:0.02638261443867946
me:0.0113464783288434
need:0.010058649170142599
anything:0.012153095027850282
re:0.005873411038400584
wait:0.019221988508429936
this:0.008245797461331188
he:0.008325304751414844
merely:0.021366748794454746
big:0.014532882480981977
game:0.015560257109478993
certain:0.01725819367413879
on:0.005308992934442826
you:0.03782925058802819
etc:0.012158764332242071
onto:0.022796663227038463
board:0.07520830407026481
a:0.0029246159703589427
truth:0.01882229072257908
part:0.012823152421011922
course:0.02561415497277507
frank:0.04100706153456149
are:0.0067320563518452935
play:0.016763969805133203
it:0.008975273029842197
not:0.003156596903539083
have:0.008030114342633291
probably:0.012498553481828318
area:0.01679825677832119
tyre:0.034278866683333534
has:0.005574735465374613
judas:0.0346818040714808
routinely:0.031842409878677855
thinking:0.018238358815961548
dropping:0.061107510128676046
assumptions:0.028336563370040414
sort:0.016426498992989688
get:0.006881539137649856
things:0.011700135749425392
if:0.0035086409411696825
of:0.004072054147973584
losing:0.02577549464237125
looking:0.013580551546631644
but:0.006966316463355082
again:0.012784655173340409
order:0.014682287231060168
now:0.008648766481037929
over:0.010502307604813393
bob:0.019287984366644504
in:0.00465130109671441
and:0.005996818028651149
pop:0.027637446131168572
for:0.006813588752085319
subject:0.00013977464341370836
until:0.014979925263689237
i:0.003997878685767433
we:0.014112501630512775
back:0.022056091309607725
stupid:0.020218252310296086
will:0.01780060751156991
the:0.0015785403350556085
do:0.007521653601115149
see:0.009263799797964274
closer:0.024404800273449993
can:0.0045265235206163
because:0.018478767527691245
forms:0.0250620659537839
come:0.025143389261459776
an:0.0047010373746687786
microsoft.com:0.02921686138994617
finally:0.019039395161236154
is:0.004219988904041841
cards:0.020602185677236137
time:0.008269685706302167
keep:0.013871280545161891
insist:0.027692269690683207
life:0.04382794795741429
very:0.009126924040751033
playing:0.020970523326466456
fit:0.021285068478001972
while:0.0113630497689975
doubt:0.01822027381665219
s:0.003248357491392766
