tables:0.025907458853007354
say:0.008143969846641817
know:0.005295601397675115
knows:0.014995542537086844
faith:0.03214614695583513
seals:0.026003908878123483
where:0.00792899913405048
with:0.00250998874158604
into:0.007685853660868611
such:0.008253292718745916
wrote:0.011053969848467215
angels:0.02207133062973655
to:0.003549010712680251
kent:0.03949659560052696
job:0.014899092511970713
tool:0.020177840540851387
death:0.014400928686851597
us:0.00884067118534333
heaven:0.07474957384316475
that:0.0074443052668342665
sandvik:0.06436369076475247
think:0.006179176083813542
hour:0.019981607711074156
nt:0.0030647148142593926
could:0.006476863327579645
need:0.0082455021094302
re:0.003209789723417773
this:0.0022531435123236865
getting:0.01164035009538492
he:0.006824606040859379
dk:0.0579575789627701
mlee:0.051626257562505905
these:0.00711002563561778
on:0.004352007083599055
you:0.004770806776040531
children:0.057551534214910306
fed:0.02467277184677653
dying:0.021843391465299008
m:0.0058747412537170475
why:0.00763829433542492
a:0.002996789969627457
how:0.005645334752056328
was:0.0038002623781175347
as:0.010301899058588219
coming:0.014921158604247189
private:0.015234682934225544
far:0.010684026060606875
others:0.011572224133340756
are:0.0055185526317701765
no:0.004831526764731802
those:0.007965303237285665
play:0.013742138338113483
tragedy:0.024011180946230358
place:0.011671363164448178
pain:0.019000000001358854
it:0.005885930124291364
not:0.007762789809990964
have:0.004388417280237363
received:0.01660639824314065
due:0.0284561586686565
being:0.008351089828004928
only:0.017169994484153905
kind:0.011826294836751329
malcolm:0.07185090805338692
peace:0.016530625988897214
whose:0.016063439701720895
after:0.008279887071523396
doing:0.01150516268311294
manage:0.021626950033423933
his:0.015832008939959286
be:0.004965332679291599
writes:0.0028380360129509116
newton.apple.com:0.043253900066847865
if:0.002876182059070426
of:0.005007053705555502
trying:0.011572224133340756
cheers:0.018687393460791187
even:0.007206692908867063
breaking:0.021697891243514966
available:0.011592548617228455
but:0.002855292799357984
never:0.018917933312118974
again:0.010480125056257587
seems:0.01011367849519776
scripture:0.020599464745072044
they:0.012011840658897988
alink:0.022838248177991384
good:0.006952831980083687
in:0.005338016795113447
our:0.009569851600774221
better:0.009597493009877266
and:0.0049158465385080235
for:0.002792694102249562
subject:0.00011457921412883389
however:0.010287978129600485
i:0.00409653878209002
post.royalroads.ca:0.05240713119517308
we:0.005784308608214463
will:0.009727942874706304
tired:0.021192384652715036
ksand:0.02338476930407122
the:0.0035584906050985334
do:0.006165819046407697
see:0.007593930306485734
painful:0.024463372000555796
did:0.007055412203617877
maybe:0.011364433829795382
kingdom:0.021288834677831166
btw:0.016102105237954228
many:0.007953652478875937
loving:0.02239539737869855
is:0.004612405611856891
save:0.015547254216400403
assuming:0.017030771123042927
lack:0.016650304973830844
gave:0.015930789326342884
suffering:0.020177840540851387
lee:0.054941862223708796
does:0.005229565726770495
man:0.01243797999482918
himself:0.048190319105162686
food:0.03618437157794332
followers:0.020599464745072044
activities:0.01813875238134962
article:0.006955647041344214
very:0.007481727432546984
purposes:0.019000000001358854
killed:0.015677188826900796
earth:0.01510959297250536
takes:0.015347209673732492
fault:0.019000000001358854
by:0.008501592058516447
father:0.01858228178693584
emotional:0.022838248177991384
while:0.009314774703341298
god:0.05693515518830954
plenty:0.0200056517263045
