another:0.02842955551780229
out:0.015104834603595638
stephen:0.05220075999219253
way:0.0222099079429044
to:0.0035338440002328996
legal:0.04845275889530032
that:0.004447495197877908
nt:0.00915485322721075
me:0.013892162569289034
re:0.004794109009976545
paying:0.06012575394901607
he:0.06115896952000905
illegal:0.10537843911854583
on:0.00650011314409346
taxes:0.06104738509662269
hard:0.034669659007378326
was:0.02270413164362527
character:0.058525458247314296
l:0.042371289471196956
not:0.007729615494563652
have:0.013108990080709046
being:0.02494620422980959
keith:0.05051880857845727
boi.hp.com:0.07890026856932175
heard:0.03464932512076762
which:0.016562722211763047
found:0.03428872442637176
guns:0.10346045929591254
writes:0.00847772296176362
of:0.012464140100367862
backing:0.0720973422736529
biblical:0.058525458247314296
seems:0.030211372940783052
find:0.027133932534274232
rest:0.04187988248042062
message:0.04163230626358617
for:0.004171139268103512
subject:0.00034226867810279864
i:0.004894838647317819
tape:0.05319702902202991
we:0.017278768021973975
any:0.01311906751652317
cites:0.07739022965065016
yet:0.03371883003443799
the:0.004831750064032391
got:0.028360946431161205
because:0.022624644857621973
accused:0.07033835353630052
koresh:0.1570845626401443
about:0.012628412568229122
is:0.003444520857572614
carried:0.05770213013533618
wanted:0.03904051268648849
nothing:0.03275456412180652
killed:0.09366115376071502
lots:0.04677814117200462
says:0.03283367621060985
favor:0.06104738509662269
s:0.007954311293025875
