24:0.052329767840978
confusing:0.07454467984623944
all:0.01362954043780416
with:0.016709353622558494
from:0.012093889349002507
both:0.03208148689011768
to:0.001968855942986901
formerly:0.07856135686667641
think:0.04113565792938729
cs.utexas.edu:0.07731833719539598
re:0.005342007182545293
had:0.021920121224030503
apr:0.053245832529114266
texts:0.07766258793223971
you:0.007939985562981741
a:0.0019950058940662787
was:0.03794833431863081
russell:0.07468542693828248
evidence:0.04596725763590109
stuff:0.04176309360962317
are:0.01836889661717787
sex:0.06179496437223321
founded:0.07837702251187774
date:0.051111416996904614
kind:0.039364667099472284
historical:0.06450320333902074
robert:0.045648743270824334
references:0.05899096567159519
ancient:0.06550864329276074
free:0.04125011134463908
of:0.011110890603756494
oregon:0.1677945282562546
they:0.013327423207253481
chance:0.05135796468589434
in:0.002538281455635578
and:0.0027271243892199276
subject:0.0003813850984574042
i:0.005454248778439855
group:0.03853022764009493
any:0.014618389518411531
psilink.com:0.08903117842681155
the:0.006460740085620454
thing:0.03234189193035652
flying:0.07097004399028402
sp:0.0674162346159682
here:0.025720012937477086
christianity:0.05495211877002874
does:0.017406983061964646
followers:0.06856678979431123
1993:0.0432807971858591
history:0.04744296577644115
turpin:0.18047828222585346
by:0.0141490782116738
s:0.00886337544080026
