stephen:0.0457489806673148
surprised:0.04944587294381167
to:0.001548538382124529
then:0.017931239885121384
important:0.03530752014576655
death:0.037701307685802495
male:0.054001660675364084
that:0.0038978047801626605
gee:0.05689861695965734
appears:0.04382360704937451
like:0.013085832174254755
really:0.021925794867313775
could:0.016956282644113002
re:0.004201578682900792
so:0.01148101794814517
this:0.017696037248474798
evolution:0.06054778771087106
access.digex.com:0.05025238622913898
m:0.015379940585573843
why:0.01999688292307872
beat:0.048830698620537426
a:0.004707317278133916
quick:0.04560983393473366
as:0.008990046744011443
jay:0.057282789597278456
theory:0.09142806420172189
month:0.044649477408845596
it:0.007704616398651055
have:0.00574438891177138
hurt:0.05067844504781644
talk:0.038871840085809295
writes:0.007429914505815307
things:0.025109280091463477
of:0.004369451361027835
reading:0.03692496681306731
fact:0.053893643339973915
easy:0.03723237712650346
up:0.01509506034103803
david:0.028049946509488697
clear:0.03705337912569228
in:0.009982005724409578
men:0.03945616351266676
and:0.00857971717956831
gets:0.03749793643137982
for:0.003655605201259258
subject:0.000599931615550973
i:0.0021449292948920776
we:0.015143189951842358
the:0.0025407404831091674
do:0.008070987852881985
see:0.019880738892260406
dictionary:0.05539826423353911
would:0.010479209506790743
once:0.030146417920504563
simple:0.03706953434782293
newsgroup:0.04319285214128483
about:0.022135195063412844
is:0.006037587121138515
either:0.028129918057453462
horse:0.060946739266566685
bandwidth:0.060036974518997394
article:0.009104863823782033
teeth:0.06302240334745812
s:0.027884776667686215
99:0.05979002051092126
confusion:0.05819844166751647
