out:0.03570233633577151
your:0.03817976430852311
someone:0.10015718703013728
wrote:0.03902386325292214
to:0.006264541636776504
appreciate:0.05816989902143173
make:0.026667886111359146
like:0.03529209283359616
really:0.029566602169559485
nt:0.010819371995794523
responses:0.06721103986455931
me:0.016418010309159767
brought:0.058702921856601024
re:0.005665765193608644
pack:0.07805685636805894
this:0.007954279369263925
something:0.030161535108538223
you:0.016842393618446118
am:0.02476267207123281
josh:0.1587251580767558
are:0.019482163078825016
no:0.017056753578522876
not:0.009135000129938863
should:0.02489109306414363
try:0.03691499503550595
references:0.06256617571229793
details:0.05780033154985356
asked:0.0510954681627035
joshua:0.1791295384786881
if:0.010153794238839534
trying:0.08170691585055746
they:0.014135145825874905
up:0.020355460156854313
in:0.002692116695371068
and:0.00867721396569977
for:0.004929528225940515
subject:0.00040449934684876206
i:0.005784809310466513
back:0.0638289915171981
informed:0.07737730233525057
when:0.059439747401988
would:0.014131055244005698
did:0.04981548616493835
maybe:0.04011989518700491
an:0.013604517250935406
excuse:0.06707575758055474
article:0.012277770913887895
