stations:0.08849018670695873
know:0.019901211704166158
then:0.025740005641545213
broadcast:0.08195042689876253
nt:0.0345521879865696
re:0.006031298431905976
he:0.23082578818842125
nelson:0.08565324047367381
a:0.0022524260094296694
was:0.014281631195183638
said:0.10604055622564994
local:0.049296507288966965
not:0.009724354977031691
keith:0.06355592046967204
after:0.0622326996020952
apollo.hp.com:0.09632095792924422
boi.hp.com:0.09926162820011446
his:0.0297488555081493
writes:0.010665522435767134
of:0.0031361384768667524
backing:0.09070310802169236
what:0.014845840370913407
but:0.021460749104851944
biblical:0.07362880231113735
surrender:0.23648096830256962
clearly:0.05862113510361942
or:0.010875991253275569
message:0.052376127234834216
subject:0.0004305960789035209
tape:0.06692529457610215
we:0.021737804930870484
cites:0.09736190181855989
the:0.0012157306612726661
nut:0.09736190181855989
do:0.011585772885588656
would:0.045128208682469806
liar:0.09354917959171746
peter:0.0593853722713864
radio:0.057860489689801065
did:0.05302938849816017
fbi:0.06152938519823121
koresh:0.06587417142973793
s:0.010007036788000296
