another:0.013521373965784017
perform:0.02838850363829438
believe:0.013247999270306954
at:0.010743475761639403
out:0.007184006701710121
there:0.005596213326689923
all:0.005817486772233483
ahead:0.02635146027230967
watch:0.02344002341813628
where:0.011264980477035133
sadly:0.034853451326072815
with:0.003566020590180167
previous:0.021178045242029306
reasonably:0.030063692175518176
name:0.016842881133111286
my:0.011587978796710991
christ:0.06790013255557119
to:0.0025210960245563977
look:0.014458343440706772
matthew:0.05227161391245726
us:0.012560221866981684
that:0.006345816318923356
nt:0.004354137510502674
re:0.0022801250169400644
lost:0.021368941001938112
anyone:0.010200699692935312
he:0.029087802576589668
shot:0.02424775820480327
mlee:0.07334706104916998
you:0.01694509114050981
tell:0.014695274717210079
am:0.009965465589642473
messiah:0.033941672460396206
great:0.015373479809345591
intelligent:0.03108639191559624
sure:0.013305146464385388
a:0.0008515269060038994
how:0.008020506080665393
false:0.07659344984819232
was:0.005399153256715766
as:0.004878744879372064
listen:0.026042355916727246
steve:0.019555816139234065
no:0.006864303269405548
those:0.011316558867607074
it:0.002090581888658366
not:0.01102884162029204
signs:0.03062694412753656
have:0.006234763574971377
kind:0.016801992054652805
malcolm:0.10208086327097043
peace:0.02348558448422592
be:0.0035272027874236056
writes:0.008064175500214175
down:0.014416863274104623
were:0.009459166448001825
if:0.008172566094675723
of:0.0035568399798610725
even:0.010238777120524546
miracles:0.036944577857333974
opinion:0.02017872905236396
well:0.01026138969605698
waco:0.023687047009092996
david:0.015222227069173744
one:0.005995798218144039
in:0.00433365126571928
or:0.004111655229896862
and:0.008148115553157101
for:0.0059515035898550115
subject:0.0001627863225123067
i:0.002328033015187743
post.royalroads.ca:0.0744564729785081
we:0.008217950644597379
possible:0.015713241603442573
any:0.00623955650176102
will:0.020731195333596665
yet:0.01603700452857417
flames:0.027271112038983962
the:0.00229802746947882
do:0.013139961931216401
see:0.010788937569580343
can:0.005271743856327521
families:0.03231588792835994
come:0.014641424844325662
koresh:0.024903650174657024
btw:0.022876771466117895
here:0.010978054302581683
jesus:0.021178045242029306
many:0.022600012531440165
claimed:0.02595031551293161
loving:0.03181785115388269
shared:0.030481178756478305
is:0.008191238624715363
christs:0.0490935422761767
days:0.018160076978964466
time:0.01926231670614285
lee:0.0780576457202692
told:0.018903779065421525
article:0.009882108296543915
passed:0.02635146027230967
three:0.017795658576051664
claiming:0.02812190113211248
prophets:0.034201182304413255
by:0.006039240700104672
says:0.01561601673431444
appear:0.024077424196684037
god:0.016177916047409906
