school:0.05295909430771027
silent:0.025574705941833253
comfort:0.029092003887431914
at:0.004276529186671995
all:0.004631397236147044
opposing:0.052317991322985674
tried:0.01503817501474112
with:0.0056779356969858955
way:0.008409576793915258
much:0.008481538201747239
4:0.012059560699896499
though:0.012065748551508153
ca:0.009983245612098646
kids:0.021341568110945258
my:0.004612690588982045
to:0.008028344621888336
remember:0.013507883672433165
require:0.01883262649952712
everyone:0.014842294939383995
otherwise:0.017249440930155513
besides:0.019660615505518876
respect:0.019841544606476313
legal:0.018346190261327302
prayer:0.07733739188399676
that:0.006736012144358773
nt:0.006932801473033383
quiet:0.024461550280523183
me:0.0052601392252647795
re:0.0018152451591173326
so:0.004960245618373398
mean:0.012832145906941069
off:0.021198615999576217
you:0.0053961066932885614
moment:0.16342954560589448
guarantee:0.02397002730137186
3:0.011366339537075823
a:0.006779146241972791
want:0.009187368775301852
as:0.003884049321441837
part:0.011889427730161538
are:0.0031209290368991527
no:0.0054647851270995616
early:0.017003597566957674
yeah:0.01919525458343763
it:0.00499304023893163
not:0.005853495228892862
should:0.007974816224434366
have:0.002481799092949771
types:0.0198878505435965
manage:0.024461550280523183
anybody:0.014755316237440266
be:0.0028080643550362685
writes:0.0064200232137627405
showing:0.020844778240902005
get:0.012760912381467206
certainly:0.01493086056920214
of:0.006607204363884323
even:0.008151259455174881
safe:0.020158936641732874
reasons:0.01765303143590342
what:0.004468165548527335
but:0.0032295302050990788
instance:0.02075124222698998
fact:0.02328414687989164
well:0.008169261699773517
together:0.01727653515267102
they:0.009057472082599452
who:0.006276955700164312
now:0.008019001931447787
good:0.007864125492036403
in:0.002587568474191609
context:0.020158936641732874
our:0.010824152538739773
ended:0.02411603436563049
use:0.008071745280326932
and:0.0018533855072368438
for:0.006317453648778135
subject:0.00012959687811659365
i:0.002780078260855266
back:0.030675097865061226
later:0.015511708878435452
the:0.004756693752358101
do:0.003486980188866488
see:0.01717850253797258
when:0.012695868377123649
can:0.004196922293386958
friends:0.03860808102512365
eric:0.019359361554944686
pray:0.02407911883463428
here:0.008739810221472796
people:0.007307151165403482
e:0.03020281258304686
dear:0.02333081456362817
principal:0.02807115238822628
elizabeth:0.059995521906712486
is:0.0039127081586019016
deal:0.016001529086216063
having:0.012703356273885249
else:0.012264816627854643
does:0.005914994244356918
2:0.009458298796579653
silence:0.1302369802923016
their:0.014695957461958387
gone:0.01907571551884836
unless:0.0149420457560218
1:0.009507397533615089
dead:0.016656709392287066
circle:0.026449763339070842
midway.uchicago.edu:0.05114941188366651
article:0.007867309517636902
give:0.02294404146947579
going:0.010571920796357681
understand:0.014544452732697345
by:0.004807939198141583
high:0.013579241872046219
s:0.006023653212194352
