believe:0.02228381415723426
out:0.012083867682876512
confusing:0.026759628662752624
there:0.009413117800791255
know:0.006327564746965651
search:0.021882827176280595
true:0.013247593805937674
situation:0.01807247327576717
ordinary:0.02614445268798863
faith:0.019205262155665603
where:0.009474137426839804
with:0.005998229505533819
ca:0.010546403056883698
to:0.004240612800279479
obviously:0.01888150297859465
officers:0.04922743882668499
t:0.02642331338461992
family:0.020207523431382907
been:0.007524309678058663
make:0.009026053760767712
that:0.008894990395755815
realized:0.02686118059760483
think:0.0073833232180951554
hostage:0.03254662995412591
nt:0.0073238825817686
its:0.010604228492482924
me:0.005556865027715614
brought:0.019868681243772654
re:0.001917643603990618
happened:0.017293850762761184
batf:0.023384085506579715
charges:0.02592619825507173
had:0.007868761465036591
this:0.0026922176326739434
mean:0.01355601054784544
he:0.00815452926933454
federal:0.040527755802002685
these:0.00849556909281509
treated:0.02520947034545553
you:0.011401004910948141
used:0.010125453888907003
concerned:0.020646098679783738
independent:0.02129610742665114
m:0.007019562626236267
more:0.006520097568311414
sure:0.011189969334149761
a:0.0035807798098625512
how:0.006745451267841663
richard:0.019159371870660403
was:0.018163305314900218
as:0.004103149539574453
whole:0.01534315628219123
are:0.006593962888217697
no:0.005773055057346204
reason:0.013703650892351425
it:0.0035164659460509944
not:0.009275538593476384
ones:0.01739810246347106
should:0.025274032957438148
discussions:0.024613719413342495
have:0.010487192064567238
charge:0.02110898797401967
has:0.005460381917366928
negotiating:0.030733091286210126
netcom.com:0.03301574538175527
be:0.0029664679853203656
sort:0.01608954516749246
writes:0.003391089184705448
were:0.02386620457649691
of:0.002991393624088287
what:0.014160647738409712
but:0.006823417664106772
saving:0.0812115724777415
court:0.020495700653657994
they:0.02392101601301907
bd:0.02499121591253863
who:0.013262080761372802
good:0.00830774282748461
president:0.019310041841907686
in:0.0027335338752998537
or:0.0034580074754004377
rather:0.013197352066219812
better:0.011467773698981554
message:0.01665292250543447
and:0.0029369031883906913
for:0.00333691141448281
subject:0.00013690747124111947
showed:0.021921825121845824
i:0.0029369031883906913
warrant:0.024140010079337287
possible:0.013215239092126062
face:0.036813041958416
any:0.010495254013218536
than:0.014672833663789344
the:0.004638480061471095
do:0.0036836816354179317
when:0.01341204556762806
original:0.01582650263217169
would:0.0047828186979711595
did:0.008430313043297258
conflict:0.024231315846688604
come:0.012313813715227736
mr:0.017317721427094427
fbi:0.07825275655980174
koresh:0.02094460835201924
intervention:0.028764071271403967
here:0.009232825157043057
different:0.012960086656467936
interests:0.02524676654714312
arrest:0.02833647327684473
is:0.0013778083430290456
deal:0.01690417944492569
done:0.013582890007285632
lot:0.012710530196232772
unless:0.015784930388412777
first:0.009628486304569441
article:0.004155553232392826
affair:0.03031422958870106
by:0.005079156281113672
