school:0.04722759059475462
silent:0.02280688062345303
comfort:0.025943518618229328
at:0.0038137013526165844
all:0.004130163769031563
opposing:0.04665587104993528
tried:0.013410666896262646
take:0.009202377187600448
with:0.005063440491684393
way:0.007499449435266421
much:0.007563622811947755
4:0.01075441343800294
though:0.010759931608704242
ca:0.008902807775291434
kids:0.019031874592444688
my:0.00822696330156105
to:0.008352722182368672
remember:0.012045991500091913
require:0.016794463458452757
everyone:0.013235985963260187
otherwise:0.015382618318666823
besides:0.017532843264661858
respect:0.017694191294087103
prayer:0.0689675442775036
that:0.006007006501029901
nt:0.006182498283311156
quiet:0.021814196354059637
me:0.004690860088331362
re:0.0016187900553167555
so:0.004423422499501818
chances:0.021126648364766777
mean:0.011443385527401994
off:0.018904393488799572
personally:0.016964695260201303
on:0.0021948433993042855
you:0.004812112462413177
moment:0.1457423653455163
winning:0.020277251529465384
guarantee:0.021375868502522093
3:0.010136216210552466
m:0.005925604814355291
a:0.00604547240626145
want:0.00819306479529083
as:0.006927395326554272
part:0.010602693127330204
whole:0.012952015043408182
are:0.002783166154117859
no:0.004873358165292251
yeah:0.01711784607873659
it:0.005936890558267913
not:0.005220000074250778
have:0.0022132061175223067
ve:0.007901011684101447
types:0.017735485766150992
manage:0.021814196354059637
willing:0.015480085947963943
anybody:0.013158420540747597
writes:0.008587823259968343
showing:0.018588849859852003
get:0.011379861257931796
certainly:0.013314966568206238
of:0.005892138956537535
even:0.007269088518467644
failure:0.020559957583178662
reasons:0.015742530198251538
what:0.00796919569694053
but:0.002880013949135975
instance:0.018505436791168554
fact:0.020764217563886054
well:0.007285142468196298
together:0.015406780266018315
they:0.008077226186214231
who:0.00559763149018982
now:0.007151144579559499
good:0.007013029659564932
in:0.003076704794709792
context:0.017977233541978235
our:0.009652707458789583
ended:0.021506073936449703
use:0.007198179773798044
and:0.0008264013300666447
for:0.005633746543932017
subject:0.00011557124195678917
i:0.004132006650333224
we:0.005834389202224978
back:0.02735528207879919
later:0.013832952506310404
the:0.00489450006486398
do:0.0031096013805476047
thing:0.00980057331222925
see:0.02297903586248281
when:0.011321856647997713
got:0.009576423470262226
can:0.0037427099239727853
friends:0.0344297172778159
eric:0.0517925776664754
pray:0.021473153592790742
here:0.015587886628773992
people:0.006516333939710465
dear:0.020805834632499583
principal:0.02503314888300699
nose:0.02206999252882157
is:0.004652339859578596
deal:0.014269761869093112
having:0.01132853416632191
else:0.010937455520943969
does:0.005274843352110498
2:0.00843467338569441
silence:0.11614206900525598
their:0.013105485875166354
gone:0.017011244142349623
unless:0.013324941236971824
1:0.00847845840660047
dead:0.014854035215632623
circle:0.0235872348391714
midway.uchicago.edu:0.09122752249381212
article:0.010523803640475338
give:0.020460920098320404
going:0.0094277735240246
understand:0.012970377761626205
by:0.0042875994580829704
high:0.012109626950829096
s:0.008057614037091147
