read:0.013414219301171135
at:0.005212810724582432
say:0.011228076770813866
there:0.005430644885071878
means:0.01677275278366126
faith:0.02215991787192185
your:0.007455220249593269
with:0.0034605170224233568
my:0.005622569593670422
christ:0.04392750192944251
to:0.005708517231145453
most:0.01098577197613632
ten:0.02382242155359662
proud:0.02991484414046738
100:0.01999119585107143
that:0.006158070273984796
like:0.006891355405376764
re:0.004425331393824504
so:0.012092433105146983
anyone:0.0098989038440319
this:0.0031064049607776273
he:0.009409072233847545
torture:0.03401630674733096
mlee:0.0711770296571827
on:0.003000052220350828
you:0.019732508499717936
harvey:0.06604047959147595
am:0.009670629329593878
constitutes:0.035095132527176845
sin:0.025477906127233708
a:0.0033053352091038934
christian:0.09484740743303478
was:0.005239414994682755
as:0.0142032099446808
therefore:0.02031316876067968
christians:0.02128398601798503
it:0.002028730353490958
not:0.010702544530934287
follow:0.06704720081214116
opportunity:0.027226943121073315
malcolm:0.09906071938721392
yourself:0.020747187404583384
teachings:0.06222642513432498
be:0.006845695350739305
writes:0.011738385639365013
if:0.007930774198383542
of:0.0057526800463236286
what:0.021785611905245708
compassion:0.03585154300948386
least:0.01424652297459457
fact:0.014190929755200232
easy:0.019607583220466317
who:0.00765120043925354
sounds:0.021081092092075964
one:0.017455223214951878
in:0.004205436731230544
yes:0.015780153079904668
or:0.003990008625462043
and:0.00903662519504828
still:0.012081118829760634
for:0.0019251412006631597
subject:0.0001579701591243686
i:0.005647890746905175
example:0.016635261205668075
post.royalroads.ca:0.07225361874837473
will:0.006705948786409966
the:0.0013380230946551236
do:0.01700160754808276
would:0.005518636959197492
can:0.005115775103181736
did:0.009727284280727605
correctly:0.025788777923256675
an:0.005313006737051696
human:0.018969481486606956
just:0.013898089508472022
commandments:0.03521467517402607
jesus:0.02055147585617045
paul:0.03875766261667523
definition:0.024111120749865444
is:0.007948894286706032
lee:0.07574824791789438
does:0.007209992984245711
define:0.025294413602129796
matter:0.017875165750890782
qualify:0.0341157571515699
eternal:0.02728989222287838
too:0.011553360164878677
davidians:0.028634047908731208
article:0.014384607342898243
give:0.013983646576071046
thus:0.01971216019453435
god:0.01569927947795991
