likes:0.028436685542583294
read:0.012188188504827538
ask:0.015669691313743912
all:0.0051293969389585555
small:0.01606852634551619
case:0.013288231759713741
media:0.021244388122017538
actions:0.04251852090524895
with:0.00943269962563786
further:0.019074378500437566
much:0.009393531556773825
into:0.009627977973023583
wrote:0.013847177283294954
themselves:0.017400269980230202
to:0.002963869161485658
association:0.025634013910146268
kent:0.02473845907237307
then:0.008580001880515071
day:0.01367367223528426
might:0.011435941590744333
perhaps:0.015529363105591642
make:0.018925596595158106
that:0.00746031452547262
sandvik:0.05375175608669293
obscure:0.0315742391880049
re:0.0020104328106353257
this:0.011289944911213313
mlee:0.0323358011076986
stalin:0.03412146688739007
you:0.014940833048621555
gregg:0.029779759727510017
children:0.0180235315484867
sure:0.02346283892644305
burn:0.0262004682954034
a:0.0015016173396197798
same:0.010441362099616196
christian:0.05170713501994477
was:0.00476054373172788
as:0.008603378066849661
letting:0.026275663144729962
cult:0.025468574885056196
capable:0.023590211221308235
acts:0.02354445482524421
question:0.011736484319070454
also:0.007975791030535305
mind:0.016288472059194287
are:0.0034565128043076644
those:0.009978041152083658
christians:0.03867735093590829
not:0.012965806636042257
mothers:0.03199612959360434
have:0.005497318420942504
malcolm:0.030002260889675905
suspect:0.020871478832783653
has:0.005724593945626619
call:0.014284710204294128
deny:0.025804705836568746
be:0.009330020276410828
which:0.006945657701707086
writes:0.003555174145255712
were:0.025021020926972566
newton.apple.com:0.02709182450423536
if:0.003602959246039835
of:0.006272276953733505
even:0.00902773896648401
what:0.009897226913942271
but:0.003576791517475324
compassion:0.032574789078509525
order:0.015076972371680066
well:0.009047676936308306
scripture:0.025804705836568746
they:0.025078484529778056
bd:0.0524009365908068
find:0.01137874590146984
who:0.00695189717330026
in:0.003821068857946032
or:0.0036253304177585235
and:0.005131685678639648
word:0.01649933610840548
subject:0.00014353202630117365
i:0.0020526742714558595
post.royalroads.ca:0.03282489668944981
condemn:0.029707592951530765
any:0.016504633327238828
will:0.018279118466182007
yet:0.014140154530570773
the:0.0048629226450906645
wrong:0.014211946542096026
do:0.007723848590392437
denied:0.0286679618064741
judge:0.023454093974080874
would:0.02005698163665325
simple:0.01773757288686151
an:0.004827409347106112
religion:0.03818850820390014
is:0.0014444764886594834
lee:0.02294167365255224
does:0.00655101513084691
their:0.01627616794173886
followers:0.025804705836568746
too:0.010497407891744606
davidians:0.026016957508470828
show:0.04854949467314246
article:0.00435662838879893
virus:0.029636382055025282
answer:0.03264807572181566
by:0.005324921907619173
while:0.01166850809612109
7th:0.029636382055025282
s:0.006671357858666864
