religions:0.027437909197131044
surely:0.02578456395315529
all:0.005483148451990179
knows:0.02008023799506457
actions:0.04545083269181784
own:0.013025808250275835
your:0.007240989782650934
with:0.006722153756201693
such:0.011051823008435624
to:0.002376205448432467
kent:0.052889119396107936
young:0.021575031764794177
most:0.01067008887337378
proud:0.029055222182407973
might:0.012224627217692218
die:0.04330752151071665
that:0.011962228463257821
sandvik:0.08618816062176624
produce:0.02422689246454251
think:0.008274413951313536
nt:0.00410389972254275
re:0.002149083349299831
so:0.0058724746976144835
supposedly:0.026661458134736995
this:0.009051421351231362
two:0.010717180647432824
on:0.00582768764642862
you:0.009582741196702101
children:0.0192665337242444
inside:0.043150063529588355
m:0.01573350243811577
a:0.0016051771561452815
hard:0.015541571279169593
christian:0.018424381443888367
want:0.010876999814437825
private:0.020400466228014665
following:0.015731691224366445
awful:0.028913310615796637
let:0.013247918061797844
anthony:0.03090340393026695
are:0.011084678993124578
innocent:0.025468128452103406
christians:0.020672377224364772
religious:0.042199997759886414
it:0.0019704335042527122
not:0.010395000147861464
ones:0.019497873450441704
mothers:0.03420275922074946
have:0.005876443829283366
follow:0.02170685237021428
doing:0.015406338535432846
has:0.006119393528083626
knew:0.022310891166079077
considered:0.019786453777081676
g:0.020316103224204036
writes:0.0038003585690664504
were:0.008915536192369535
newton.apple.com:0.05792045238836525
if:0.003851439194042582
end:0.015541571279169593
whatever:0.0189940263146745
of:0.0022349492593763064
suffer:0.028251992628527747
what:0.0105797942873176
but:0.0038234667945425877
compassion:0.06964265251267554
conditions:0.026062256925976024
killing:0.023258865814687706
understanding:0.0230698550856944
fact:0.013783144417407122
order:0.016116763569726966
fire:0.020672377224364772
please:0.01100813423508767
they:0.010723214074801651
alink:0.030582251870528692
highly:0.02400387192188851
net:0.019052543016657944
now:0.009493760907346232
david:0.014347386433014333
good:0.009310401444594822
in:0.0010211477120373015
and:0.004388476028629768
word:0.017637221357261028
for:0.001869821051218816
subject:0.00015343078673573735
purpose:0.02161426144910682
i:0.00548559503578721
rose:0.028335893774626326
we:0.007745654630540057
house:0.019757884738449374
angry:0.030645062620713693
ksand:0.031314087631313756
the:0.004765105235562979
do:0.012384791705284426
would:0.005360055437381471
put:0.014295743100843559
koresh:0.0234724059117457
just:0.006749359560148769
during:0.01682970982645098
people:0.01730199011578296
religion:0.02041109921242938
about:0.016983037591756407
including:0.018275676474311664
is:0.003088191113685792
picture:0.023508780251122987
today:0.016316817619530764
adults:0.03160514356705373
mostly:0.023454304711154346
time:0.009077643505193756
christianity:0.04421434843565531
spare:0.029299817667573464
their:0.017398662282548435
nothing:0.014683080468396026
davidians:0.027811230440089506
activities:0.024289248878473915
article:0.004657085519060925
s:0.003565725752046082
