simply:0.011585770226831021
read:0.0257613984306582
at:0.003336988683539512
correct:0.012394763030990337
there:0.003476435551428589
rw:0.023927044992063908
true:0.02935546354724826
faith:0.028371410002687822
rick:0.018229782125487114
essential:0.019213696128997607
your:0.009544941077130777
text:0.01369910505012715
with:0.002215255215111922
way:0.006562018255858119
response:0.013301509669042961
such:0.014568312147483322
from:0.006413426169925573
drawing:0.01796679535870013
both:0.008506454857228174
to:0.004698406227582378
look:0.008981698198014813
interpretation:0.017764427303118387
derived:0.019956020545521404
doctrines:0.021414566895812906
that:0.009198228704702037
like:0.013234534812598559
really:0.007391650542389871
through:0.008975239750094042
talking:0.012347315077129805
along:0.01323470231492892
luke:0.020239737621934727
consider:0.012198348782466641
re:0.001416441298402161
this:0.001988569842315981
he:0.018069695540002675
merely:0.01545851901416991
texts:0.04118470572164227
on:0.0019204879743912498
curious:0.016235880078869298
you:0.014737094416140352
assume:0.01314957786094385
bible:0.040896971612014735
a:0.0015869365066436309
false:0.015860259817049926
christian:0.02428668463058012
vision:0.018060327982148506
orthodox:0.10078242093696956
truth:0.013617642151562895
said:0.008301154654028153
belief:0.015604224623366109
fathers:0.02159077907624811
therefore:0.013003505759677523
anthony:0.020368152590403216
exact:0.016177827160391168
are:0.012176351924265635
those:0.007029983538968031
doctrine:0.05376264334277829
thread:0.01576866588448472
it:0.00649347404810553
not:0.0022837500324847156
only:0.025256368149039518
theology:0.020368152590403216
centuries:0.04056412146052192
historical:0.034206244194935245
always:0.010064227643934498
robert:0.036311500329064814
holds:0.018593282081024023
references:0.015641543928074483
has:0.004033236643509663
call:0.010064227643934498
personal:0.012704149512104985
be:0.004382282251041449
g:0.013390158943225388
writes:0.002504781784157433
making:0.011646239359365165
things:0.03385948375970075
of:0.005892138956537535
what:0.013946092469645928
but:0.005040024410987957
parts:0.013820814437183184
biblical:0.034583225327958454
saying:0.0114263453748653
trinity:0.022391192309836012
anderson:0.01838131748387234
seems:0.008926087459776811
order:0.010622412352774592
they:0.0035337864564687262
who:0.014693782661748277
one:0.014898650117812462
in:0.002692116695371068
according:0.013028508350705372
yes:0.010101688903423821
or:0.0025542100670571414
and:0.003615505819041571
for:0.0024647641129702576
subject:0.00010112483671219052
however:0.009079920091654974
forth:0.018703884939706834
example:0.01064908766574964
rose:0.018675929987821898
we:0.005105090551946856
held:0.015399424542796882
body:0.013445761832100575
cf:0.02147239822964165
joseph:0.015470449350923303
the:0.005424737571890912
see:0.013404437586448305
when:0.014859936850497
can:0.006549742366952375
thinks:0.017158690998027446
meant:0.030845903631750132
needs:0.01268691879798995
come:0.009095430585111397
just:0.004448441528279871
weiss:0.022105178853365767
people:0.02280716878898663
about:0.0037311218951586044
passages:0.019917170166100232
is:0.012212392131393813
either:0.009483192072399085
right:0.007348006037084468
keep:0.010035661303507278
smith:0.014915676342675994
whenever:0.01796679535870013
him:0.009077709482436773
position:0.02608214361524403
existed:0.01918173071746024
article:0.0030694427284719736
refers:0.019995273526716657
comes:0.011455213398657241
supported:0.016556173215339236
by:0.007503299051645198
differently:0.05918603879876588
beliefs:0.01649304044077404
