at:0.011294423236595269
all:0.02446327770887926
massacres:0.07287458101488924
c:0.06631019731869127
into:0.02295902439721008
killings:0.07858369661303494
to:0.0035338440002328996
young:0.04812891701377162
casper:0.17312969100417222
us:0.026408671617756358
next:0.034338205432681734
perhaps:0.03703155817487237
that:0.008894990395755815
like:0.01493127004498299
through:0.03037773453877983
me:0.013892162569289034
re:0.004794109009976545
happened:0.04323462690690296
mormons:0.06808334499189457
saints:0.07553662415307186
you:0.014251256138685175
tell:0.030897757097723754
blood:0.05354709890267437
anthony:0.06893836261367242
computer:0.034367985963657886
doctrine:0.06065528992518576
have:0.006554495040354523
university:0.03013256540511094
persecution:0.07529241652524245
command:0.05277246993504917
thinking:0.044660596587803275
g:0.045320537961685926
writes:0.00847772296176362
were:0.019888503813747425
of:0.004985656040147145
believing:0.06330545671900774
what:0.011800539782008092
explain:0.046090481128366716
years:0.028586864397184532
please:0.02455660713981096
who:0.016577600951716003
in:0.009111779584332845
and:0.004894838647317819
for:0.004171139268103512
subject:0.00034226867810279864
jews:0.047367078289787
rose:0.06321083995878181
allow:0.044952239376597335
the:0.0067644500896453475
would:0.011957046744927898
facilities:0.067810557832314
myself:0.04272874438458824
mountain:0.05826644917914097
just:0.015056263634178025
religion:0.04553245208926555
done:0.033957225018214084
their:0.0194062002382271
under:0.031119531116738965
article:0.010388883080982065
before:0.027258900861828774
s:0.007954311293025875
