read:0.031929620590111576
ask:0.04105017724445588
help:0.030142150986504183
to:0.0019411255775927195
could:0.021255058525719118
me:0.015261812400064011
re:0.0052667676447629656
greatly:0.05497083309578312
age:0.2903372271770156
contact:0.04901510280254321
books:0.051418843845720576
ccwf.cc.utexas.edu:0.08028120670604931
anthony:0.0757351025896683
those:0.026139657102641694
book:0.04379857057300949
should:0.023138199186387036
p.o:0.06488251323508569
teachings:0.07405821019507691
anybody:0.042811199224122465
be:0.01629468329964708
g:0.04978876001424651
writes:0.009313554803064259
get:0.018512309511142567
what:0.012963973281642694
ut:0.08411125903680482
order:0.03949742057933087
box:0.044627310009952216
in:0.007507593037795372
our:0.03140528764761118
or:0.009497344474691343
and:0.0026887141865548584
for:0.004582378350874282
subject:0.0003760134773523704
space:0.04306355996497329
i:0.0026887141865548584
rose:0.06944289460260536
appreciated:0.04767270590389075
info:0.08296888618006754
any:0.02882499341658612
information:0.034349595556109364
suggestions:0.0557323432545194
the:0.004246495830924242
would:0.013135910508512339
may:0.02621162714703987
here:0.02535775923413234
religion:0.05002156708398187
about:0.04162040198543119
new:0.09712673604977728
their:0.021319487585657944
history:0.046774754990857474
greetings:0.07709369788808468
article:0.011413139159388746
give:0.03328501790642263
hawk:0.08194012270120962
