school:0.02020291375442281
looks:0.019017252635410504
go:0.010807956954411817
at:0.009788500138382568
say:0.031625749571125725
all:0.00530037683692384
opposing:0.029937517257041805
your:0.02099887036968771
with:0.003249040982164152
from:0.004703179191278753
my:0.005278968118501674
to:0.005359663400353231
stop:0.036932812384229304
matt:0.027270147052168566
schools:0.027350663759405047
psalm:0.03366061538112651
prayer:0.029502782829820984
die:0.020931968730179717
that:0.0038544958381608535
indeed:0.020490235047247864
like:0.012940434038985258
re:0.002077447237656503
prince:0.0304091808336334
michael:0.03338550224081877
had:0.008524491587122974
this:0.0058331382041268785
extremely:0.024545279916886837
these:0.009203533183883015
prayers:0.06612533449344896
on:0.002816715695773833
you:0.027789949470436094
tell:0.013389028075680294
children:0.018624315933436254
fall:0.021668339041079624
moment:0.02337950444084324
them:0.008143662064068006
want:0.010514433153956565
secret:0.022203675708129495
private:0.019720450687080844
part:0.013606789513407096
evidence:0.017876155747294873
nevertheless:0.029684948512170937
sons:0.031242181651916258
mind:0.016831421127834097
l:0.01836089210418535
are:0.0035717298977845863
corners:0.031492850736807756
no:0.012508285957583442
place:0.015107931207313475
not:0.0033495000476442493
have:0.005680562368307254
hope:0.0160470085424447
types:0.02276054006656044
shall:0.021998766744626412
mls:0.1057765473509092
love:0.018178985778785826
public:0.0164652477670033
writes:0.0036736799500975688
get:0.007302077640506235
if:0.003723057887574496
of:0.005401127376826073
standing:0.027473670014278452
trying:0.014979601239268867
even:0.009328663598700142
what:0.005113567238870174
but:0.007392035802782336
instance:0.023748643881999643
street:0.02215571377954781
shut:0.026217424572876524
they:0.015548660408462395
who:0.007183627079076935
up:0.0074636687241799145
good:0.009000054729774996
in:0.004935547274846957
door:0.02349984608962757
our:0.012387641238779964
ended:0.02759946155177712
or:0.003746174765017141
men:0.019508880847929677
better:0.012423421507230017
and:0.00424219349434211
reward:0.033177218842295235
for:0.003614987365689711
subject:0.00014831642717787942
i:0.005302741867927637
example:0.015618661909766138
room:0.02215571377954781
commentary:0.03353576618194841
any:0.005684929257160041
the:0.0037687650499452652
do:0.003990655105036093
see:0.009829920896728756
gods:0.02692160071531621
when:0.029059432063194134
thank:0.02016941281538619
start:0.015653122710458402
eric:0.02215571377954781
pray:0.08267164133224436
an:0.004988322992009649
people:0.008362628555961763
religion:0.03946145847736347
about:0.005472312112899286
dear:0.0267008211117078
principal:0.03212587439985897
is:0.0014926257049481329
time:0.008775055388353966
silence:0.029809797711349038
mount:0.02915544751325802
their:0.016818706873130154
every:0.013511936260763312
remotely:0.03378833492681928
understand:0.016645318127420296
high:0.03108137584046135
father:0.02405373142420028
everything:0.01716479157735141
panix.com:0.02877589615782759
