some:0.0072517818331264226
ask:0.018102873194760043
at:0.00547183237549336
know:0.007663820656262744
all:0.005925887146871373
happen:0.021003926870604442
among:0.021394443900533074
from:0.005258212760435873
to:0.0051361459382266985
lies:0.02801479260407244
remember:0.03456675821765506
important:0.019517821695485854
that:0.004309374228999712
justice:0.026743889040388175
think:0.008942534332475497
like:0.00723378300315946
really:0.024240940909204048
months:0.02109189155266969
could:0.009373348790845077
re:0.0023226118184979535
happened:0.04189193663029107
batf:0.02832233958871456
so:0.012693299346396522
this:0.0032607604867789996
he:0.009876603773417609
two:0.011582543059958456
these:0.010289664429185979
you:0.01380867054431607
tell:0.014969099711940699
them:0.00910471535113193
iran:0.03520939833928817
why:0.03316253254945354
a:0.0026021816009560157
how:0.008169956504528722
was:0.021999034387612065
truth:0.022329549863432323
let:0.014317625731384004
question:0.013558919772342262
also:0.009214267898630847
others:0.016747380267505566
plan:0.024258162717009975
51:0.030015311232452026
it:0.006388610492049167
not:0.007489565323925029
deleted:0.021822232900610784
ve:0.011336234155449902
second:0.01707885575560414
chooses:0.036477071360055346
after:0.023965387424409332
writes:0.004107219819984859
were:0.019270848415804957
of:0.0012077055004083145
what:0.028585158478156247
well:0.010452595715238166
they:0.023178127316962574
up:0.008344474350014812
waco:0.02412842055584628
president:0.02338793887684471
in:0.002207201265770068
government:0.03343621041759376
our:0.013849536788698096
figured:0.031998462858955835
or:0.004188269923621648
weeks:0.022612204256727393
message:0.020169688748818144
and:0.0035571187685477317
for:0.0060624011722746705
subject:0.00016581960802495836
i:0.0035571187685477317
we:0.016742160319428198
warrant:0.02923790040665075
ago:0.017771215685494682
actually:0.01518207532360922
pretty:0.017875900974656064
unfortunately:0.022868901123142587
the:0.004213526142795948
do:0.004461601980785693
stupidity:0.03205570916395536
seal:0.036715992358985754
got:0.013740085848637106
friends:0.02469957978625923
home:0.0181948015643562
did:0.020421255198049257
joe:0.024717200167223202
come:0.014914246425275828
wants:0.0218666780285326
mr:0.02097487998933797
fbi:0.023694545852734998
jim:0.021033110229496083
koresh:0.05073538669122673
myself:0.02070088237265766
people:0.009349522609149797
many:0.01151056538868381
is:0.0033375481601324707
new:0.010708071831574824
gave:0.023055117472285044
days:0.03699692701304562
does:0.00756825350520202
man:0.01800030645214409
their:0.009401761606097602
matter:0.018763372744723866
told:0.019256023395833103
first:0.011661831238453671
dead:0.02131231139634246
waited:0.03466099705266905
article:0.005033123480227335
live:0.019234088658059992
mine:0.020280987855900535
