computing:0.04592064714925307
ideas:0.03786309091620495
all:0.01004281926996096
fax:0.03219624568298304
with:0.006156077650416288
to:0.004352207873971045
remember:0.029290779331802443
matthew:0.04511865621917363
mail:0.03225595268248269
next:0.028193473934201844
that:0.007303255272304775
pittsburgh:0.09310664006839467
suppose:0.04056988405927547
re:0.003936215818717585
mormons:0.05590000957229239
voice:0.038173624225643875
mlee:0.06331009480033618
you:0.005850515677986546
bible:0.03788351054586628
a:0.0014700043429962052
richard:0.03932713173451346
j:0.03214872273188276
as:0.008422254318073879
bring:0.07986035678503317
services:0.042070122394350616
drive:0.029724249987431457
rich:0.04778732099433639
course:0.025748966314737044
christians:0.03786309091620495
pa:0.05452275061483122
it:0.003609004523578652
not:0.012692842285809787
have:0.010763170803108481
pitt.edu:0.10395422366489691
malcolm:0.11748253737852037
university:0.02474042212209109
peace:0.08108707064027476
snail:0.059833866517488
blue.cis.pitt.edu:0.0628620988590857
be:0.006089065864604961
writes:0.0069606567475532875
of:0.008186972023820575
but:0.0070029812868464235
who:0.013611082886672086
email:0.028883143778609902
in:0.0037406253030419045
yes:0.028072061794777777
412:0.13064240511146627
sword:0.12174015562051818
and:0.00401892015253463
word:0.032303963328035985
600:0.05174575491961924
subject:0.0002810205988633505
jews:0.038890864280035645
i:0.00401892015253463
post.royalroads.ca:0.06426769246565962
info:0.03100416273044629
the:0.004760545326246651
do:0.007561241251647333
come:0.05055144577830333
is:0.0056562658292771345
lee:0.08983476419736244
article:0.008529819792806327
earth:0.03705826486940788
mine:0.03437093731368406
god:0.08378457574027026
s:0.006530908219537035
