know:0.024677502513166038
previous:0.06946398839385612
to:0.0027563983201816617
cleveland.freenet.edu:0.08564837543011011
consider:0.06440728157142386
willie:0.12117821537205543
re:0.0074788100555634104
happened:0.06744601797476862
fighters:0.12028918012063876
you:0.03334793936452331
a:0.00837902475507837
how:0.026307259944582488
steve:0.06414307693668773
broward:0.12210861568475329
far:0.04978756144242803
those:0.037118313085751205
only:0.026670724765385734
if:0.013403008395268185
america:0.07875477108932925
freedom:0.07976056960637211
what:0.018408842059932623
central:0.09160820427232295
equal:0.08917210679463888
brave:0.11902560208820813
thousands:0.08557159990396679
president:0.07530916318343997
in:0.007107188075779619
or:0.013486229154061707
message:0.06494639777119443
for:0.00650697725824148
subject:0.000533939137840366
i:0.0038179741449078986
the:0.001507506019978106
do:0.028732716756259866
americans:0.08564837543011011
slick:0.11497511680597863
mr:0.06753911356566827
is:0.005373452537813278
weight:0.0888987540200656
article:0.01620665760633202
killed:0.07305569993335771
thus:0.06662710145752611
by:0.01980870949634332
says:0.05122053488855136
