go:0.024625724706254775
know:0.015618672476687365
posting:0.041761880467800515
compound:0.0542078325507026
my:0.012028028624434193
to:0.001744555898849153
kent:0.05824497958811887
sandvik:0.12655476749525169
really:0.024701211939125643
nt:0.009038969009144792
rob:0.05570484420252201
re:0.004733424085799627
happened:0.04268735314858773
batf:0.05772021106054487
so:0.02586862271860557
he:0.020128268449623232
you:0.014070860491360047
children:0.1273054506842478
m:0.03465353701559676
why:0.04505626785200016
a:0.0035354534831554306
how:0.01665016452188765
other:0.017459594782682414
awful:0.06368248160947614
let:0.029178958769023097
dozens:0.07533265954949882
between:0.029403365139827917
left:0.0370177871329185
writes:0.008370410012880535
kill:0.04676749502029603
newton.apple.com:0.06378581465554148
if:0.00848291670586594
of:0.00246127323500935
what:0.01165116586071685
well:0.02130212544497905
president:0.04766402733129112
in:0.004498220301126341
weeks:0.046083099814343165
message:0.041105315045059765
and:0.002416439332220189
for:0.004118340036861696
subject:0.00033793616319010504
i:0.004832878664440378
angry:0.06749672020258458
later:0.04044825353111017
the:0.00572470640498015
do:0.009092631884892363
see:0.022397288119128812
original:0.03906541788953771
did:0.04161800109982191
mr:0.0427462744086508
fbi:0.0482888845859536
7:0.04039909530292792
koresh:0.05169871681827534
many:0.023458240855418904
mostly:0.051658848351150075
suffering:0.05951185881035915
spare:0.06453377562225042
wanted:0.03854632898159623
davidians:0.06125511514652625
article:0.01025737823185571
bad:0.03469115249046056
assault:0.06027463338653886
