typical:0.026382280116757067
there:0.005430644885071878
know:0.029204144985995308
tank:0.027450258671267675
story:0.02127252975155387
case:0.01462491779471453
saw:0.040205687374384076
much:0.010338443015147523
setting:0.02545465596072548
compound:0.025339756044411275
into:0.010596472798712345
from:0.005009303280651927
ground:0.02294055422128604
to:0.004893014769553246
obviously:0.021786349590686132
building:0.044975947560220726
hole:0.027615092721581084
day:0.01504913038912942
next:0.01584840250739157
been:0.00868189578237538
knock:0.03224053992809819
that:0.006158070273984796
quite:0.01571715610715622
like:0.006891355405376764
hot:0.024755137199771668
could:0.008929639972343535
its:0.01223564826055722
rob:0.026039542556208516
me:0.006411767339671862
inability:0.0341157571515699
re:0.002212665696912252
happened:0.019954443187801367
so:0.006046216552573491
burned:0.028795068994677264
on:0.003000052220350828
set:0.03135401874705232
you:0.013155005666478623
burning:0.02806647322305819
used:0.011683216025661925
a:0.0033053352091038934
how:0.023349639004067297
hadnt:0.05414173504118987
was:0.026197074973413774
smoke:0.03001429454470632
also:0.017556179073130965
evidence:0.019039692511911697
straight:0.02364888536960538
didnt:0.03943814539747389
brian:0.022106967543069695
tear:0.02935087857949504
gas:0.023480293915201195
place:0.03218257535285711
it:0.004057460706981916
not:0.0035675148436447625
reported:0.024434127792968423
have:0.0030251515570867034
able:0.015606303113080882
site:0.02310984732212193
bskendig:0.037205635154033245
netcom.com:0.03809509082510224
writes:0.003912795213121671
get:0.007777360800539185
battery:0.027888767382236446
down:0.013990328857710994
were:0.018358618904997622
of:0.0034516080277941772
destroy:0.029217903101080495
what:0.005446402976311427
released:0.025595547373114348
saying:0.017849438928783663
fire:0.04256797203597006
they:0.03864164125180004
sounds:0.021081092092075964
president:0.022280817509893483
in:0.002102718365615272
message:0.019214910583193617
and:0.001129578149381035
still:0.012081118829760634
for:0.0019251412006631597
subject:0.0001579701591243686
until:0.01692997470629967
possible:0.015248352798606995
the:0.0075821308697123675
nut:0.03571856753106931
do:0.012751205661062071
because:0.01044214378044091
did:0.01945456856145521
mr:0.01998198626203203
fbi:0.09029164218438662
koresh:0.02416685579079143
just:0.006949044754236011
is:0.0015897788573412065
tuesday:0.029720821520212992
night:0.01980967364842618
denying:0.03354268125813843
their:0.008956707802258662
too:0.011553360164878677
davidians:0.028634047908731208
agents:0.02695167675636981
wall:0.026547420874846277
article:0.004794869114299414
kendig:0.03571856753106931
black:0.02088492518487537
while:0.025684526696787245
s:0.0036712205967811733
news:0.018159032640020226
