sent:0.015583400628345817
some:0.009894380297740289
ask:0.01234984145913715
at:0.003732902595145894
there:0.0077777880133656566
know:0.005228284430755516
all:0.004042660299348692
rome:0.07418348157570206
where:0.015656413544353914
with:0.0024780821050404546
turkey:0.020738730983656205
mary:0.019872071220437517
into:0.007588152131281298
such:0.008148377980795757
from:0.010761511708858165
france:0.02171441326790652
themselves:0.027427544206125573
name:0.011704375024704453
to:0.0035038961697224516
lived:0.019050817253404934
reporters:0.024884781732919112
connected:0.03851511047434742
make:0.00745796814978688
she:0.056188855676245465
that:0.013229413681823269
kinds:0.019321596075351884
son:0.01808114957362168
bit:0.011546966940913981
could:0.006394530319178209
supreme:0.02206937039953982
me:0.004591477459341291
re:0.0015844936558397056
so:0.0043297059211225425
charles:0.017441748537855236
this:0.0022245018575060126
bell:0.01891187732618887
drag:0.022110710123884582
on:0.0064450274394825
you:0.004710160927192558
society:0.015746742450876473
great:0.010683265630223208
them:0.006211267675984071
europe:0.01742796872689601
why:0.0075411973735339255
more:0.005387368753477652
a:0.0017752171091267735
other:0.005844525372169114
was:0.03751953958056718
as:0.00678062847641541
worked:0.01628882983294216
idea:0.011747357183308289
said:0.009286037409590815
cult:0.04014538075102078
primitive:0.023955278222434775
stuff:0.01238735827404077
whole:0.01267760794503089
course:0.010365049999576352
weird:0.02086067574869876
are:0.0027242007694967185
those:0.007864049382574408
wow:0.02194771740851257
book:0.026353377209183675
reason:0.011322931881392067
mar:0.025217288578010196
it:0.0029055544893217965
should:0.006961068399294405
deleted:0.014887201258467528
only:0.005650577280802062
interesting:0.013847561703056833
ve:0.007733617368760315
ring:0.02111562711084475
hope:0.012239243803559514
mother:0.018049169888725992
attack:0.01673176935701772
worship:0.02160240794134654
25:0.031166801256691634
his:0.007815377294513799
be:0.007353321065306839
writes:0.0028019592839727218
were:0.006573319057086013
formed:0.022110710123884582
dec:0.02101821389802823
if:0.0028396204227263103
of:0.003295603145182011
priests:0.02504777444829113
ok:0.013829869451317508
oh:0.013685238068396074
russian:0.019727604223221517
order:0.011882698564120728
women:0.016014047431497563
they:0.02371829553833247
up:0.011385257375867666
now:0.006999637279145102
called:0.011365485151935313
in:0.008281681020505912
government:0.011405148044984312
and:0.006471142618487964
gets:0.014141170942342391
for:0.0013785968767460763
i:0.003235571309243982
lives:0.016493465465819094
the:0.0019163212118365755
do:0.0030437199953665113
thing:0.009592934047139647
ss:0.023247421931489157
got:0.009373533142502432
romans:0.04473518822926438
her:0.07005103400274847
did:0.013931449520703095
maybe:0.022439941375782407
forget:0.03253570623232622
stone:0.021082906576548516
an:0.0038046531294988846
thought:0.011375366123693697
many:0.00785254672702582
about:0.004173797374245218
is:0.0011384433342824741
save:0.015349619628903787
ad:0.01834606634049174
else:0.010705729768381597
time:0.00669283885552421
1st:0.01907104301083145
their:0.01282782727611622
dance:0.025393867800046502
goes:0.01365689489826558
carried:0.01907104301083145
advice:0.016482445204378172
too:0.008273380796036003
cunyvm.bitnet:0.07731229178170514
tree:0.021907930373131893
under:0.0205705375178444
article:0.006867227799293229
saved:0.0196339586850831
by:0.01678704194605366
says:0.02170361647819973
black:0.029911460646135066
3rd:0.01870235073545166
s:0.0026289672917627896
