looks:0.021394409214836818
know:0.007711719535364387
all:0.005962923941539321
story:0.04493821910015755
text:0.022603523332709798
with:0.003655171104934671
much:0.010919980434749572
concerning:0.028595264021610656
extensive:0.03312378512656893
previous:0.02170749637308004
times:0.017565475884331418
from:0.021164306360754392
myth:0.10628837123672616
wrote:0.016097343591830383
possibility:0.026506134885258326
often:0.019420752426741916
emphasis:0.03428994734894651
to:0.004306872375283846
sound:0.021569895557052694
otherwise:0.022208655197575228
social:0.05427302739970383
that:0.0108407695448274
think:0.008998425172053471
bit:0.017031776237848125
like:0.014557988293858416
re:0.0046742562847271315
this:0.006562280479642738
mean:0.01652138785518663
on:0.006337610315491124
you:0.0069474873676090235
used:0.01234039692710541
bible:0.044986668773216214
m:0.00855509195072545
more:0.015892737822759073
a:0.006109705550577978
other:0.008620674923949443
same:0.012138083440803828
as:0.015002140504069094
part:0.015307638202582984
surface:0.028531160895565722
course:0.01528844874937512
based:0.01888064382437839
are:0.008036392270015319
book:0.01943561569177296
not:0.007536375107199561
deleted:0.021958621856239605
term:0.024360498711965363
postings:0.028791615248069276
second:0.017185598604076667
after:0.012057585547905945
b:0.01913067716571401
exists:0.023322706643864717
be:0.003615382857109196
of:0.0036457609793575994
what:0.017258289431186836
explain:0.022469109550078775
but:0.004158020139065064
nature:0.04765518927824713
saying:0.018853469868527747
ed:0.07440318134379378
now:0.010324464986739028
over:0.012537129703245987
in:0.002220996273681131
purely:0.03114554998849601
or:0.008428893221288567
and:0.004772467681134873
irrelevant:0.030678915433689637
subject:0.00016685598057511437
i:0.004772467681134873
convinced:0.029645212341855215
than:0.017882516027743264
the:0.004239860681188423
do:0.0044894869931656044
thing:0.01414957771953098
jr:0.058407705093536016
peter:0.02301183175516223
tries:0.032256057346230084
page:0.026279660832420546
may:0.011631409546498944
an:0.01122372673202171
relationship:0.028531160895565722
places:0.023842636764314595
just:0.0073399285216617875
makes:0.017456111764074838
people:0.009407957125456985
does:0.007615555089609533
lot:0.015490958676658693
introduction:0.032314197300369545
hear:0.02071050977661755
somehow:0.0265757088875636
supernatural:0.07724423445489234
every:0.015200928293358727
natural:0.026169428698132376
little:0.014658366886865401
greek:0.029799541170545035
give:0.014770226695975042
by:0.006190221717607289
defined:0.02731768580530974
s:0.011633180266050343
