there:0.024804837448031015
know:0.016673988184571647
chris:0.05184793571512568
with:0.007903072659318208
ca:0.027791197244490827
hitler:0.06901218856927754
to:0.0018624312974200418
recall:0.052849394798284086
martin:0.06276491042236766
bit:0.03682546213588784
nt:0.019299420316822663
re:0.005053250037542845
something:0.026900828610317878
these:0.022386972609445173
harvey:0.07541108818215835
them:0.01980890772340866
more:0.017181338186766565
a:0.0037743354752605273
christian:0.043322194205899674
was:0.011965691001370076
as:0.010812353516446195
also:0.02004725853621036
pagan:0.0835072804917755
it:0.004633181482972594
have:0.013817584139125753
writes:0.017871956513988173
of:0.00788272644185427
but:0.008990313814194734
version:0.04216852172521061
called:0.03624668237644235
in:0.009604308210513
symbol:0.15923936983620554
st:0.05184793571512568
or:0.00911231699598764
cross:0.061897435319137134
word:0.04147130427247863
for:0.004396606255568568
subject:0.000360769687729977
i:0.0025797122600729047
the:0.006111510891803133
do:0.019413997808283696
her:0.04468120006661795
different:0.0341515797028547
paul:0.04425706069066294
is:0.007261422348396322
lee:0.05766420674830698
man:0.03916282890263782
their:0.020455184034888028
triple:0.08187717254868611
cunyvm.bitnet:0.16437568342776948
article:0.021900888657205433
three:0.039439027114492875
s:0.01676854813124374
