believe:0.04099380906283661
correct:0.03086997585076838
effects:0.04058336657889251
there:0.008658292316765542
know:0.011640331374134923
such:0.01814167173082829
post:0.024363941551237552
to:0.0026003757737562846
most:0.017515051546858847
that:0.006545370291216543
lance:0.056144151928400055
its:0.01950777883051104
rob:0.04151587445282301
re:0.003527740592246892
happened:0.031814159422060666
exactly:0.030343232578037813
this:0.004952664512937915
ti:0.03574208543633644
you:0.015730160077605335
used:0.01862701422959307
a:0.002634913444993198
how:0.012409084879520041
air:0.036359801751237444
was:0.01670681385096954
as:0.007548246794500174
washington:0.036218993730325416
whole:0.028225617688936697
course:0.02307690377264169
are:0.006065201713219108
tear:0.18718107471451553
gas:0.18717781470136804
it:0.0032344851862261504
not:0.005687830269584574
fresh:0.05212841782061058
facts:0.03820836598242348
convex.com:0.05072822909307971
without:0.021200098913231085
seek:0.045844280951063174
writes:0.0062383244435619085
get:0.012399754483878513
certainly:0.029016578087317366
of:0.007337380587386364
what:0.026050248198017864
president:0.03552319018086791
in:0.003352447205556424
point:0.020769207181698685
system:0.021087003106061555
message:0.030635093288299258
and:0.003601862400856508
for:0.003069328895396924
subject:0.00025185808388696507
cause:0.029750010691906286
fatal:0.0527792939667139
i:0.001800931200428254
any:0.009653653455554785
the:0.003555438726363458
do:0.013553168281254654
thing:0.02135785316155619
see:0.01669231850387902
mr:0.03185807243663598
fbi:0.03598888568198429
an:0.016941474312485598
people:0.014200690000689787
is:0.012673237117484148
today:0.02678421005470144
toxic:0.11116710724414348
provided:0.03809401352457117
delivery:0.0527792939667139
article:0.007644649814307556
lots:0.03442165105109774
by:0.009343730894501566
high:0.026389847411712464
refuse:0.047385083367132035
s:0.005853172460905833
