believe:0.02030534467598449
go:0.018181609829851654
out:0.011011000925985606
vehicles:0.046718816037966744
hand:0.029506910798623113
with:0.0054656764185939
way:0.016190400182677974
armored:0.055619440228134635
into:0.03347297014920348
kids:0.04108750496125909
themselves:0.030247198283390814
im:0.055245558596230905
to:0.0012880365982157296
building:0.07103677698763834
kent:0.04300330268655505
property:0.0427112228407223
might:0.01987930033531258
that:0.016210496515629755
sandvik:0.09343763207593349
tanks:0.04635792971901553
could:0.014103823881551937
rob:0.04112787562616111
anything:0.021693842526349566
re:0.0034947710540015934
so:0.009549631751260935
chances:0.045609867030477806
mean:0.024704879035793086
these:0.015482579187840585
procedures:0.051038072596702344
on:0.004738400235881214
set:0.024760883963793653
you:0.005194383078586185
am:0.015274171557956686
a:0.001305144042847098
was:0.008275337701882109
private:0.03317458994088366
modified:0.046147903028809376
also:0.013864459174575386
died:0.07581687890008085
70:0.08040816555817955
are:0.018025552755174548
no:0.021041976377243175
innocent:0.0414154612211775
have:0.004778043113529465
routine:0.048952618846102254
be:0.005406179973247395
writes:0.006180022345958526
kill:0.03452927202433071
newton.apple.com:0.047094199605493235
of:0.0036344034685184792
must:0.02165850866803268
they:0.008718874995399473
now:0.015438452316619104
in:0.003321115923261504
government:0.02515527980015231
or:0.00630197624021575
sword:0.10808705405560025
and:0.0035682001354279424
subject:0.0002495042700188626
i:0.005352300203141914
we:0.012595737436579157
any:0.009563432395222497
actually:0.022844057262626956
the:0.0028177682616413193
wrong:0.024704879035793086
when:0.0122212564751751
fbi:0.035652540955984434
an:0.008391571388427445
just:0.02195118810216609
people:0.028135946543422753
including:0.029719324360095604
today:0.026533890334564044
toxic:0.055064081158314064
guess:0.02800146974706218
supposed:0.034099953377722994
article:0.007573204488940196
very:0.0162919859045182
killed:0.0341381775389522
assault:0.044501832126509995
by:0.018512812613404973
happy:0.03549621578023384
especially:0.029208371098105992
walls:0.05014732325273669
