luke:0.22263711384128199
93:0.1525423123251834
he:0.06625555031334313
apr:0.15530034487658329
said:0.09131270119430968
are:0.026787974233384394
it:0.014285642905832164
robert:0.13314216787323763
of:0.00810169106523911
they:0.03887165102115599
in:0.007403320912270436
promise:0.2076369999233067
rather:0.10722848553803596
word:0.12786985484014243
subject:0.0011123732038340957
the:0.003140637541621054
weiss:0.24315696738702341
17:0.16384598993668772
ubvmsb.cc.buffalo.edu:0.2402317899423047
keep:0.11039227433858004
hear:0.1380700651774503
god:0.22109818598126874
s:0.025851511702334094
