since:0.0088141921735845
apologies:0.02400286893325372
correct:0.014415054802561448
say:0.00835922896153103
stephen:0.03587365003868738
know:0.010871146481570943
story:0.015837257832654644
true:0.011380091595409017
guilty:0.020711175533120588
hand:0.013908543856619708
your:0.011100724424504518
4:0.021887837041221846
from:0.007458786382644719
my:0.004185965908944059
to:0.0030356809693630636
a.k.a:0.026307926835300185
bruce:0.02029364951405764
like:0.005130568561712217
through:0.01043816429085827
nt:0.009437161476507997
its:0.00910935927768357
me:0.009547036831758103
re:0.0016473149902122052
started:0.01444601266955465
deliberately:0.02400286893325372
authorities:0.020509755932512242
this:0.006938093899181749
roll:0.023739000468138878
big:0.02445621633363487
burned:0.021437738590750918
on:0.0044670381078351536
you:0.007345361093507337
serious:0.015845786947310442
state:0.011707988488725183
raid:0.023300544100971335
a:0.0024608002217557626
other:0.006076246642431326
was:0.0039007098418563247
as:0.0035247319833348833
steve:0.01412843104332329
part:0.010789524724287566
question:0.009616678781264779
whole:0.013180244383380134
cover:0.017287253516510514
ontario:0.020922247584644366
are:0.01132883491808327
those:0.00817583988672934
doctrine:0.020841905789270882
place:0.01197985734500628
it:0.006041505369867348
reported:0.018191046682870766
have:0.004504410688525576
try:0.01073299415129248
only:0.005874608979159853
ve:0.016080473119184445
university:0.010353921152416977
neutral:0.023300544100971335
persecution:0.025871403035105336
hope:0.012724500165815179
quality:0.01693464246949053
his:0.024375714204915286
disaster:0.024225969077829732
be:0.005096574952753051
thorough:0.026307926835300185
making:0.013544525069922484
if:0.011808817969399284
of:0.009422231018604076
defending:0.023441902314854594
sexual:0.01962127168592305
opinion:0.04373539512670955
what:0.008109622052833755
but:0.0029307630936141423
reading:0.014477189631555025
heads:0.02137739125877664
assert:0.024401036604920105
fire:0.031691573894620885
disappointed:0.0259553157882802
investigation:0.021918792740376433
bd:0.021468225123105873
who:0.00569626816843105
in:0.0007827299642929096
government:0.01185733453134933
accurate:0.01970247742023511
or:0.005941070111921457
and:0.00336385387216555
few:0.010068843616327254
for:0.0014332549026963614
subject:0.00011760773961241542
al:0.016784203439304986
cause:0.013892075477277829
i:0.007568671212372487
example:0.012384842042986365
any:0.004507873419774482
the:0.00697304546685908
do:0.0031643961185308226
original:0.01359545380296687
would:0.00821717749871697
did:0.0072418988697927995
joe:0.017530701440189148
put:0.021915940965169863
reports:0.017419482132987454
fbi:0.016805382741367114
an:0.003955498407760955
koresh:0.0719682577734582
watson:0.10486837188388382
just:0.005173517900730775
about:0.004339278327409126
is:0.0035507395624316818
either:0.011028910604023605
bolt:0.026896170855672533
et:0.020043152325094897
new:0.007594711739575097
somebody:0.0334425394138745
christianity:0.0338911745718239
does:0.010735584267290972
himself:0.016488024011017486
life:0.012292420058540574
blue:0.017606438887503566
matter:0.013307942783702831
under:0.010693054744958764
very:0.007679482342658359
ass:0.021468225123105873
bad:0.012073132364521516
past:0.02910585415773889
claiming:0.020317144430248665
by:0.00436315187144126
seem:0.024314648060755402
remain:0.01978520823367827
secular:0.02490504696253131
beliefs:0.01918133337605439
everything:0.013610847946798474
