at:0.017797272978877395
out:0.011900778778590505
where:0.01866117978013901
way:0.017498715348954984
though:0.025106507086976565
bold:0.06473851715187764
from:0.008551234893234097
post:0.026086644489203847
reasonably:0.049802479967525064
to:0.004176361091184336
then:0.01612000353308892
that:0.0070081742512015524
think:0.014542909368975307
its:0.020887116727617883
me:0.032836020618319535
server:0.04042887621361247
so:0.010321319165504245
anyone:0.016898128784256478
this:0.005302852912842617
reply:0.07254942463343726
something:0.020107690072358818
on:0.005121301265043333
moment:0.08501637978488451
suggest:0.03708484651626382
sea:0.05098292784772012
posted:0.034478595196786824
m:0.02765282246699136
a:0.002821220456255344
as:0.008081961214313317
copy:0.034511231768316594
no:0.011371169052348586
couple:0.03187870499651029
due:0.0334862877262473
ve:0.018435693929570045
be:0.005843043001388599
sending:0.04585652014608038
which:0.013049417500176949
if:0.006769196159226357
of:0.0039280926376916905
cheers:0.04398144117539744
oh:0.03262339579940882
shut:0.04766804467795732
they:0.00942343055058327
up:0.01357030677123621
david:0.07564985573771195
over:0.02026202780322584
one:0.009932433411874976
in:0.001794744463580712
point:0.022237736982424858
subject:0.0002696662312325081
i:0.01349788839108853
the:0.003806833383783096
can:0.017465979645206332
receiving:0.05140919405469363
may:0.018798237650907382
wants:0.0355609612383207
quickly:0.04287553983356221
an:0.018139356334580543
replies:0.045270790270824326
religion:0.035874053161239525
is:0.008141594754262543
threads:0.057259728612377735
having:0.02643324638808446
trouble:0.038533554366569044
e-mail:0.02777470481466936
bad:0.027682838856024083
by:0.01000439873552693
news:0.1549937634425969
