objective:0.032544564523590835
there:0.020097350049134616
agate.berkeley.edu:0.04286721524794825
know:0.00900638777852775
true:0.018856064176334647
your:0.00919658556336688
such:0.014036621923122617
from:0.0061793595213881424
wrote:0.018799817333524534
dennis:0.0791862743755392
possibility:0.030956069938987824
to:0.005029923941937338
kent:0.033586521076360516
then:0.011648761677195644
perhaps:0.021083660858686463
that:0.002532150550616619
sandvik:0.07297683673083856
provide:0.024649311520316887
nt:0.005212252202353566
anything:0.016943366060725575
re:0.002729492721008544
opening:0.0358820928274732
something:0.014530374577835932
these:0.012092233380284253
on:0.011102383034437006
you:0.00405692692999067
material:0.03082262435623272
posted:0.049830378459589715
m:0.01998269652724193
more:0.009280430845406758
a:0.0010193460772601423
want:0.013814583705928331
as:0.005840249344649769
private:0.025910081194704754
let:0.01682582293980164
mind:0.02211427593438056
begin:0.030461456055040245
not:0.004400802982306313
have:0.003731756300347831
try:0.017783866221484618
evaluation:0.041490637366141316
writes:0.00482673278115009
were:0.011323381733374445
newton.apple.com:0.07356320230347119
things:0.01631186808861496
if:0.0097832178067651
whatever:0.14474279906949036
of:0.008515646083171036
cheers:0.06356441863305615
even:0.024513276609723002
praise:0.041961721462036
phil:0.03234638212164958
present:0.05291241288801903
alink:0.03884169215672987
up:0.009806280075564852
net:0.02419812032772615
good:0.011824889425981745
in:0.0038907963918501567
stories:0.033782223685489395
and:0.002786842441538612
i:0.005573684883077224
possible:0.018810011846456802
any:0.007469250118896403
ksand:0.039771176991595575
the:0.0038512927517688838
do:0.005243196488368589
would:0.006807661650396905
major:0.023915532647575125
did:0.01199935068206544
worthy:0.040140839274944155
moral:0.02930039988986004
an:0.006554001011399538
thought:0.019595521205778923
pure:0.036841677787768555
here:0.01314161244980581
finally:0.02654397427588398
many:0.013527014799840097
interested:0.021000556316897224
is:0.013727798454267498
critical:0.07134705613021565
right:0.014159661268542331
study:0.05409304158298976
under:0.01771768924894627
activities:0.030849119013536215
article:0.005914838542456942
going:0.015896464847077973
process:0.026398275425062536
john:0.03914567006688826
identify:0.03637436495006833
