since:0.005668049924656322
round:0.012466523206796712
say:0.032252889081034734
lead:0.03284035102793126
indicator:0.017654907903333735
all:0.005405483459752359
delete:0.015168453350676753
true:0.007318075898464155
case:0.007001731182172113
situation:0.009983377588596597
from:0.004796443367876349
both:0.0127235358771005
to:0.0062467950599017835
obviously:0.010430292013671266
0:0.020765758008331064
everyone:0.008661509228082447
then:0.013562722519341104
might:0.0060257369288341245
bear:0.01276363264254877
that:0.0078618611996482
think:0.004078606310279193
quite:0.0075246441419529785
nt:0.006068656246932906
could:0.0042750967572976134
its:0.005857859932108131
me:0.0030696563184264723
re:0.001059321537615214
so:0.008683942753979492
this:0.007436011874949278
jon:0.023509168632965063
two:0.021130758443663588
on:0.0028725712478146737
you:0.012596011091415794
tell:0.006827266440856807
serious:0.010189783674332778
great:0.007142353225871606
none:0.010262068647085818
d012s658.uucp:0.015691318156704995
why:0.005041707025932029
a:0.0015824409358032806
how:0.003726240785351627
other:0.011722164202537487
same:0.05501680879684455
christian:0.009081706434097949
as:0.006799837055668712
immoral:0.09044722649527467
belief:0.02334003003155044
given:0.00789741518181666
morality:0.012242604772404493
frank:0.022187956807652252
are:0.009106393507099513
it:0.00097126184062315
not:0.005123881092713583
choose:0.011257233680983735
should:0.004653858759868215
statement:0.009839091840489535
couple:0.0089404866704094
have:0.0014483020202483085
only:0.0037777230545872143
always:0.0075267878130275
after:0.005465194582620259
decided:0.010571198478805537
be:0.001638700445148644
loop:0.014542691788126625
which:0.010979254950573806
minimum:0.02777030016947155
writes:0.003746529127578257
get:0.003723439023487599
things:0.006330668351672095
if:0.0037968862309541605
of:0.004957408697143478
trying:0.0076383235780974395
effectively:0.055459949146094784
reasons:0.010301769053246758
what:0.005214969422077231
but:0.005653965061618218
years:0.006316644257734826
saying:0.034181928373534724
consequences:0.014646661665889878
please:0.005426105826927067
they:0.013214158987361809
now:0.004679644186623921
good:0.004589263035012746
fido.asd.sgi.com:0.017229179282797366
one:0.013927916540731196
in:0.002516709658562188
point:0.006236645782606405
yes:0.007554804165733397
or:0.001910230758365681
force:0.07087260292267251
solntze.wpd.sgi.com:0.029293323331779756
use:0.018841694365409042
and:0.005407895389387959
still:0.011567756839827463
for:0.000921668166889728
subject:7.562877306520765e-05
horus.ap.mchp.sni.de:0.01643073409259627
period:0.02147881718751624
we:0.019089857021444334
preserve:0.03169747966272903
possible:0.007300202897916663
any:0.0028988307826878393
actually:0.006924402626348682
pretty:0.008153031322718489
unfortunately:0.0312908760410138
livesey:0.05806913916403329
odwyer:0.015653292603356152
2000:0.012253958940669477
the:0.004484083062257823
do:0.014244264680865372
thing:0.057720656986188695
when:0.011113380534082742
would:0.005284133972262755
can:0.004898390891998376
conflict:0.013385571076782657
moral:0.05685771650015334
people:0.004264229858564072
statements:0.0597093383687025
different:0.007159254668587104
is:0.01217779611969015
either:0.007092245629216312
save:0.010262068647085818
self:0.024091294175695048
time:0.008949064985290163
notice:0.011438995562619106
x:0.034506062204488416
under:0.006876270331744021
precisely:0.014116963167590259
article:0.00459112113493825
purposes:0.02508215297629809
difference:0.00908542166242036
close:0.009843946788018528
says:0.01451006654066611
trips:0.016333039542819585
s:0.0017576098607819217
