school:0.036732570462586926
some:0.01179330176902378
confuse:0.05790127816512851
all:0.019274097588813967
own:0.022893844803515105
with:0.0059073472402984585
kids:0.13322312214711282
to:0.005568481454912448
us:0.04161366436737366
legal:0.038174900947812375
prayer:0.05364142332694725
perhaps:0.02917637916808127
that:0.0070081742512015524
think:0.014542909368975307
bit:0.027526103010663636
re:0.015108707182956387
so:0.02064263833100849
telling:0.04337398300632135
illegal:0.04151271844063927
you:0.016842393618446118
possibly:0.03916114811512466
tell:0.02434368741032781
children:0.03386239260624774
other:0.013932403917494049
basis:0.03764856845492928
old:0.02674659679133661
morality:0.04365292408746249
business:0.03653094680033907
it:0.0034631861589896162
not:0.012180000173251817
should:0.016594062042762422
being:0.019654585150759074
against:0.026093745375331788
allowed:0.03870538614259466
without:0.022699095806085808
be:0.005843043001388599
sort:0.031691528360212426
writes:0.0066794180910864885
if:0.006769196159226357
of:0.0039280926376916905
what:0.018594789959527906
they:0.02827029165174981
now:0.016686004018972165
bodies:0.048224204043442444
in:0.005384233390742136
ought:0.050414849884862785
or:0.02043368053645713
satanic:0.05951370387817784
few:0.023087146473800876
for:0.00657270430125402
subject:0.0002696662312325081
than:0.014450518002216781
the:0.0015227333535132385
do:0.007255736554611078
because:0.035650955533222506
eric:0.040283115962814205
pray:0.20041610019938028
people:0.015204779192657752
many:0.01871920229876862
is:0.008141594754262543
else:0.02552072954886926
their:0.015289733521027415
told:0.03131535117908212
conspiracy:0.054199632202452795
article:0.008185180609258597
beliefs:0.04398144117539744
s:0.012534066279919563
