22:0.20831733001263758
faces:0.271819057762839
unto:0.2783217141752489
psalm:0.3029455384301386
93:0.18305077479022008
apr:0.18636041385189994
looked:0.18625016022398425
not:0.030145500428798246
robert:0.15977060144788519
were:0.15513032974722993
in:0.008883985094724524
promise:0.24916439990796807
and:0.009544935362269746
subject:0.001334847844600915
weiss:0.2917883608644281
their:0.0756841809290857
him:0.1198257651681654
god:0.13265891158876125
s:0.031021814042800917
