lpl.arizona.edu:0.04230382934795071
all:0.007119909183927546
knowledge:0.027587844364568175
stand:0.02938610861542136
with:0.004364383408877219
much:0.013038782608656204
miller:0.14214018022497224
name:0.020613675416643665
my:0.014182302407914944
to:0.0010285068358886797
young:0.028015339754284975
that:0.0051776809766339825
provide:0.025201161778234428
perfect:0.12089811325781757
its:0.015431526537568433
ceccarelli:0.04426177162009617
re:0.0027906007670012727
so:0.007625452219290448
this:0.003917779390831485
you:0.012443260956911683
harvey:0.04164492929462476
am:0.07317923985229995
names:0.030573859790902085
more:0.009488201685229297
a:0.0020843345161886493
old:0.039521090781228715
died:0.030270171799659143
science:0.025236061389308322
are:0.0047978461313524295
brian:0.05576235096684744
it:0.0025586226099997907
not:0.004499328422208693
should:0.012259792106219997
being:0.014520924850187673
42:0.0363161691052273
has:0.00794607816333247
be:0.004316875053264712
writes:0.004934793962817629
end:0.0605425388636308
whatever:0.024663884916069873
of:0.0116083931681038
what:0.006868970917885307
powerful:0.03433845811538351
never:0.016447307692998958
present:0.027048509573353013
beginning:0.06044905662890879
good:0.012089625756414172
one:0.014676282205606305
in:0.003977903773757249
heart:0.029634198604818036
or:0.015096525172457133
world:0.018815303647258783
use:0.012408802445875732
and:0.004273851654747647
subject:0.0001992310215822261
i:0.011396937745993726
dispute:0.039630603801252065
person:0.02093428685876008
sciences:0.03798141948816917
we:0.02011558068229806
source:0.02327811911716287
the:0.004500017970083898
do:0.00536058148437684
can:0.012903970036383782
just:0.008764093757208104
jesus:0.025919398654423925
people:0.011233381642336697
middle:0.05995672082299376
entire:0.027831479273797026
paul:0.02444046635156013
is:0.006015058810985012
either:0.018683303784428045
self:0.0634643794329877
time:0.01178738783510234
their:0.03388843922197867
article:0.0060472603008701565
past:0.024653092887338534
