at:0.006525666758921711
11:0.057247624261035725
all:0.007067169115898454
keeps:0.03536441629852446
anyway:0.022581583864033587
with:0.008664109285771071
someone:0.016321911960466815
from:0.012541811176743342
themselves:0.023973705306094946
my:0.007038624158002232
415:0.03894913276926267
ground:0.02871817528442475
to:0.0030626648002018463
w:0.022921043370587806
a.k.a:0.044236291789726975
lived:0.03330365090224863
day:0.07535712698556658
next:0.01983985202777167
been:0.010868447312751403
that:0.0025696638921072355
nt:0.01057894150699909
could:0.022357172671497148
so:0.007568967388036445
anyone:0.01239196110845475
appeared:0.03522595605398999
he:0.03533629350044967
shot:0.029456535893242493
consistent:0.03452827297947369
burned:0.03604716044518858
on:0.011266862783095332
a:0.0010344475006269593
was:0.006558971363713968
as:0.0059267715571630995
red:0.02676014040698186
40:0.05665936574851554
died:0.030045948304846855
theory:0.060274797881135184
soul:0.03122577250985479
place:0.020143908276417967
risen:0.04488082050816868
it:0.005079339699851437
have:0.003787041578871503
between:0.01720641367441782
after:0.014290471760481122
facts:0.030000642919532514
his:0.027324874688966768
wounded:0.04270787376752084
if:0.004964077183432661
end:0.020031358537596366
of:0.004320901901460859
what:0.013636179303653797
easy:0.02454578936488006
they:0.0069105157370943976
who:0.009578169438769248
david:0.07396874783242946
over:0.01485882038903228
in:0.0026322918799183775
and:0.00848438698868422
seriously:0.02871817528442475
subject:0.00019775523623717257
rose:0.036521818642851714
actually:0.018106030571119147
the:0.007258362318413103
see:0.013106561195638342
when:0.009686477354398045
home:0.021698985569343323
did:0.03653135652095479
fbi:0.028257939868817295
koresh:0.09075996952541672
is:0.0059705028197925315
living:0.027288926029845187
days:0.044122261104447
9:0.05275309119444484
periodically:0.04350228510347341
man:0.021467032139223696
life:0.02066947669102748
followers:0.035553150263716936
eternal:0.03416290211604775
dead:0.05083380940460942
initial:0.03412339584956359
full:0.022886388769801876
father:0.03207164189893371
s:0.009191648605274346
