bottom:0.11216285319622553
taken:0.08237203249396652
out:0.029454427477011498
know:0.030846878141457548
to:0.0034454979002270774
line:0.07059509372014972
that:0.00867261563586192
think:0.035993700688213885
re:0.009348512569454263
happened:0.08430752246846078
on:0.012675220630982248
you:0.027789949470436094
a:0.006982520629231975
how:0.03288407493072811
occurred:0.12745420685394457
was:0.022136528352534643
stuff:0.07308541381684056
no:0.028143643404562747
not:0.015072750214399123
ken:0.10315181752787028
due:0.08287856212246207
attempt:0.09641620993091488
writes:0.016531559775439058
what:0.023011052574915782
president:0.09413645397929997
in:0.004441992547362262
message:0.08118299721399304
for:0.00813372157280185
subject:0.0006674239223004575
warrant:0.11768254913676929
do:0.017957947972662418
serve:0.1046777147925295
roy:0.12597698394469442
mr:0.08442389195708534
peaceful:0.14413907396538284
served:0.12639021649347468
article:0.020258322007915025
process:0.09041409333083919
