lpl.arizona.edu:0.03856267437160133
since:0.013611031451725722
looks:0.023286431798461838
testament:0.034223918688085816
means:0.05784888204977046
faith:0.05095273633135772
ever:0.017982462971631703
i.e:0.023500265285546957
your:0.008570967497831717
with:0.007956835058361188
interpreted:0.03706565474726935
though:0.016908463956535235
reasonably:0.033540445692414836
my:0.012928085188167364
christ:0.050501685891672
to:0.0075004035923310515
that:0.004719790822237779
ceccarelli:0.04034746528634617
re:0.0025438129440691873
effort:0.02763508086210002
spiritual:0.03474082961990842
so:0.006951092499217143
age:0.02804618112866409
you:0.015123782024727125
messiah:0.11360069966336689
bible:0.07344762248688361
sure:0.014843836871831316
a:0.0019000056133964558
how:0.008948047600198124
was:0.018070635389824195
as:0.00544295347086407
old:0.01801301416559404
prophet:0.03758919924479403
bring:0.02580521732849711
mankind:0.03805853850661003
acts:0.029790942840104914
oil:0.030488491406881684
closely:0.06769477485803334
also:0.010091817222309975
died:0.027593217830981804
brian:0.10166197319125928
daniel:0.05821197272378693
it:0.00466469972435336
growth:0.036982184729637956
hope:0.019649398215238402
decided:0.02538525893209765
uses:0.023231259386642427
teachings:0.03576961172687388
get:0.008941319559803552
if:0.004558846392948362
of:0.003968175215627319
priests:0.04021275353603202
chapter:0.03359065050396329
what:0.006261510904738987
who:0.008796278056012572
good:0.01102047517931632
one:0.006689189848813758
difficult:0.02535515834719727
in:0.002417410910129122
chosen:0.06698121736997154
and:0.005194522646133195
word:0.041753421988617936
for:0.006639772712491305
subject:0.00018161195164638296
i:0.0025972613230665974
person:0.019082955367849326
felt:0.0307158111138194
the:0.006665842945481421
do:0.004886516455146235
start:0.01916708903321437
major:0.022288625664746885
did:0.03354920496822378
myself:0.022672394979577435
long:0.016192593504140033
jesus:0.023627206936685755
about:0.006700790342325656
paul:0.022279064565367736
is:0.0036554098896688964
new:0.011727888196486713
9:0.024223358201530792
break:0.05339056528228416
first:0.012772481832592116
very:0.011858792461111886
greek:0.03243487474345038
kendig:0.08212840697620018
past:0.02247288739390043
by:0.006737656291273239
says:0.017421950642364407
s:0.004220654971809648
