read:0.013414219301171135
at:0.010425621449164865
ever:0.015641550632129353
allows:0.024453688669503926
with:0.0069210340448467135
though:0.014707362139708163
my:0.016867708781011265
to:0.0073395221543298686
next:0.01584840250739157
that:0.002052690091328265
nt:0.016901267496389077
seat:0.02935087857949504
me:0.012823534679343725
re:0.002212665696912252
mormons:0.03142308230395134
so:0.006046216552573491
had:0.009079340151965296
this:0.0031064049607776273
he:0.009409072233847545
on:0.006000104440701656
you:0.006577502833239312
disclaimer:0.022213346314048442
apparently:0.022418112758885576
m:0.016198990675929847
amateur:0.028102663915469058
other:0.00816158572681604
sorry:0.018801282158216713
j:0.03614353443229423
want:0.01119880454267563
below:0.021963750964721255
failed:0.02507277122026648
related:0.04561111225599017
anthony:0.031817705821694964
responsible:0.046282310237550556
organization:0.045347138794282496
pat:0.023983078293631832
internet:0.016902567710737313
hey:0.022805556127995084
it:0.006086191060472875
not:0.0035675148436447625
choose:0.023513630114717503
have:0.00907545467126011
try:0.01441650693694315
placed:0.02695167675636981
worship:0.03016667617844842
be:0.006845695350739305
g:0.020917171366931966
judgement:0.029720821520212992
writes:0.003912795213121671
get:0.007777360800539185
if:0.003965387099191771
of:0.0023010720185294513
vms:0.034750346088573435
what:0.021785611905245708
but:0.007873174227815506
saying:0.017849438928783663
understanding:0.023752395176987132
necessarily:0.02300155640861658
they:0.005520234464542862
who:0.01530240087850708
one:0.005818407738317293
commandment:0.07705202239462519
in:0.001051359182807636
purely:0.029486911231712196
or:0.01197002587638613
astronomy:0.029174233827130063
and:0.00451831259752414
for:0.005775423601989479
subject:0.0001579701591243686
jews:0.021861728441440152
i:0.00677746889628621
rose:0.029174233827130063
we:0.007974816010141834
top:0.020009658143001863
paid:0.02447331442468732
directly:0.021494084766250768
will:0.006705948786409966
the:0.0026760461893102472
do:0.01700160754808276
gods:0.028673894252999512
level:0.020831569009430465
got:0.013089667583612864
can:0.005115775103181736
agree:0.017849438928783663
carl:0.14377200534948806
people:0.00890694165723738
hold:0.041062492460875975
is:0.004769336572023619
done:0.015672565393021885
does:0.014419985968491422
judged:0.032775356859863096
unless:0.018213381217399356
first:0.022219583779775634
eventually:0.02507277122026648
nothing:0.015117491133141472
every:0.014391411401996427
article:0.004794869114299414
earth:0.020831569009430465
before:0.012581031166997896
understand:0.017728741200802683
appear:0.023365074368379778
god:0.01569927947795991
s:0.01101366179034352
