another:0.05156989140438555
incredible:0.04304372838273366
boy:0.035153741900153704
there:0.014229131559335619
form:0.0264603172440457
all:0.0073958746561727995
chris:0.1189689067571876
with:0.004533545556508119
way:0.026858493326302996
from:0.01312515123147559
my:0.007366002025816289
creation:0.07038442627072802
to:0.0032051143257926296
line:0.021889951541131693
respect:0.0316849472010397
t:0.059913326860475395
been:0.02274791298017735
that:0.0026891831429029208
assertion:0.039321052543064866
re:0.0028987635874276785
he:0.024653228023569538
amount:0.028824938074626574
you:0.00430851929774203
bill:0.0719886947835283
a:0.002165122675730845
how:0.020393224763242238
was:0.006864039799235547
as:0.006202435350519522
bring:0.02940594532782229
said:0.01698840952452273
are:0.014951427479098268
kurt:0.04629379373343521
determined:0.03691237238400442
action:0.057083613656216385
not:0.018694883986851624
have:0.007926366095312448
due:0.025698778952701413
being:0.01508375139476859
has:0.01650813137808606
his:0.014297899546552377
species:0.0852603872971682
writes:0.00512606504664777
of:0.007536456804873591
huge:0.03331723223287962
present:0.028096901417281425
plant:0.0433690322517184
observed:0.15808273718318708
one:0.007622565176555213
email:0.021270532240061556
in:0.006886810150949243
or:0.005227220602349499
incredibly:0.040840228093160076
subject:0.00020695315420169222
example:0.0435869634691148
special:0.027098536378798624
we:0.02089525435215457
directly:0.056317834503819844
necessary:0.02794399827505058
the:0.0011686093178124852
do:0.011136711921030955
gods:0.037565024253929595
planet:0.03667529158267046
put:0.0385652604580896
an:0.013920901373050182
long:0.018452025155880503
many:0.028731798877179745
about:0.0076357843435804
number:0.019397401925564016
gave:0.0287742163801387
events:0.03153913842617538
man:0.02246549875035038
created:0.058885195170310406
every:0.018853864549902295
count:0.033049384314223336
article:0.006281650235012411
by:0.007677794378427644
champions:0.04394351265601082
god:0.020567273114536627
s:0.014428750717581821
