at:0.0075296154910635136
correct:0.027967670428901272
say:0.01621833311339781
thanks:0.01703749269159114
ever:0.022593350913075735
enter:0.04048850366342267
further:0.030323370949413564
into:0.015306016264806722
reach:0.03725045700025965
iastate.edu:0.041078186325704306
to:0.004711792000310533
hole:0.11966540179351803
that:0.008894990395755815
cco.caltech.edu:0.03846808675689079
re:0.006392145346635394
excessive:0.049878352284517626
so:0.008733423909272823
math:0.04171158779710364
this:0.004487029387789906
merely:0.034880760852485954
infinity:0.05350069627405918
holes:0.04096790081428629
a:0.004774373079816736
was:0.007568043881208425
as:0.0068385825659574235
let:0.019702031989340386
velocity:0.05069296920592212
allan:0.04214055997252121
travel:0.04372403917785207
radius:0.04913466530170028
caused:0.034036873325257844
it:0.005860776576751658
not:0.010306153992751537
keith:0.06735841143794304
towards:0.03563912081495334
has:0.009100636528944881
which:0.011041814807842033
writes:0.005651815307842414
of:0.00664754138686286
even:0.014351790151846375
gives:0.03108140577603509
but:0.011372362773511287
years:0.01905790959812302
distance:0.040334499342886965
equal:0.03810773794642688
approaches:0.04689223569086703
universe:0.037875678210820454
speed:0.02870483048620326
and:0.001631612882439273
subject:0.00022817911873519915
space:0.026132587671052167
faster:0.033335906217045574
we:0.011519178681315984
gravity:0.046258834219467686
event:0.14197404951100762
2000:0.036971346205609615
the:0.010951966811806754
can:0.007389452926818064
drop:0.037005740652615825
curve:0.0489933892166472
is:0.011481736191908714
object:0.0361536093686578
time:0.013500085212852255
center:0.027919921653613754
schneider:0.043426721946352796
light:0.02984798876757516
nothing:0.02183637608120435
escape:0.037144719463485736
warren:0.047817138123689526
by:0.008465260468522789
says:0.0218891174737399
black:0.12066845662372438
s:0.005302874195350585
