lpl.arizona.edu:0.02820255289863381
choice:0.018767973505067377
at:0.013148731529170612
out:0.005861577607365472
there:0.00456606460486143
case:0.012296572673167938
where:0.027573982063190474
with:0.0029095889392514794
frames:0.029124956994809745
way:0.008618770246500216
concerning:0.02276239922118261
though:0.01236589155030189
turn:0.017022279277186643
wrote:0.01281380584424309
my:0.014182302407914944
to:0.006171041015332078
kent:0.04578461082051135
look:0.023593714669412045
that:0.010355361953267965
sandvik:0.07461064650839465
nt:0.0035526296105593954
rob:0.021893943741289747
me:0.005390988459724103
ceccarelli:0.029507847746730778
re:0.0018604005113341817
so:0.015250904438580896
this:0.00522370585444198
off:0.01086297237789229
he:0.0632888838814024
big:0.013809853501828643
on:0.0025224319663646262
you:0.005530338203071859
moment:0.02093686964851633
inside:0.018676893169523315
sure:0.010855940398802007
a:0.0013895563441257662
same:0.009662155972779167
want:0.018831820574250563
coming:0.01729666644173928
private:0.017660105092908218
step:0.020694132513345034
far:0.02476993106588459
mind:0.015072914442836502
moves:0.025676463559188126
role:0.02195897897296812
brian:0.11152470193369488
it:0.001705748406666527
not:0.005999104562944924
choose:0.019770166613866956
have:0.0025435353887942927
hope:0.02874091082228901
chooses:0.058435905362874734
towards:0.0207451598773609
plays:0.024640553603479002
has:0.005297385442221646
his:0.04588131944042927
get:0.006539174006423494
certainly:0.015302275011222093
newton.apple.com:0.05014009311231618
if:0.0033340816903652203
of:0.004836830486709917
cheers:0.02166250087743456
even:0.00835402710331356
gotten:0.02144134782981847
highway:0.026262448811209933
looking:0.012904902215953452
but:0.009929600332095676
distance:0.023478290662277485
huge:0.021382701283788413
beyond:0.01943066764894829
alink:0.026474188186427824
over:0.009979804738902278
in:0.0017679572327809997
fear:0.0214217220671766
point:0.010952915230149556
clearly:0.018082141176240817
unable:0.02276239922118261
truck:0.025585174312082667
and:0.0018994896243322878
still:0.010157756628007697
for:0.0016186510592640496
subject:0.0001328206810548174
i:0.0009497448121661439
we:0.0067051935607660195
will:0.03383001029562043
ksand:0.02710771765098803
the:0.004500017970083898
do:0.0035737209895845604
see:0.026408742707629492
around:0.01177708673210764
can:0.00430132334546126
instead:0.01526235975912757
imagine:0.019590739076947573
problem:0.010525200457938231
satisfied:0.02698636713793251
about:0.0049005780115516
middle:0.01998557360766459
head:0.017178406644058123
reality:0.041697624102013754
entire:0.018554319515864684
is:0.010693437886195579
mountains:0.02755738959859136
picture:0.020350884396494528
does:0.006062133404664305
himself:0.018620803236323227
run:0.013317584220832809
relativity:0.03074397391239496
nothing:0.012710726375626412
him:0.023845923416550327
change:0.014786114964728793
wall:0.022320965810194132
activities:0.02102651395449981
article:0.004031506867246771
very:0.008672848217828096
while:0.010797723909843395
opposite:0.024009057540826412
