above:0.020783633817775152
obsolete:0.04642671974677458
all:0.007282960539284665
wrote:0.01966087766941115
my:0.00725354397962062
to:0.00420824171020101
grace:0.03872073113019365
kent:0.07024967003757848
heaven:0.033237883025682036
that:0.00794438073514069
sandvik:0.11447893090219333
think:0.010990442958233246
through:0.01808750606125822
nt:0.005450981310858309
could:0.011519917216229445
clarify:0.042598629965494024
re:0.0028545076547951947
laws:0.028334915366701467
mlee:0.045911900809404105
game:0.022687092426797614
on:0.003870296375872442
you:0.004242740377165815
tell:0.018397137813911852
them:0.02237952933637009
a:0.00106603368385221
was:0.02027773589545158
truth:0.027443187236737433
private:0.0270968024707981
said:0.016729044493613985
part:0.018696352003154785
it:0.005234434041831632
not:0.013807099433037364
have:0.0078053528724832495
made:0.017752515663496192
kind:0.02103455493864931
malcolm:0.042598629965494024
earlier:0.030121729273925892
be:0.004415734787308941
were:0.011842009904368695
making:0.02347028389978934
newton.apple.com:0.07693250927920268
of:0.005937117116511103
cheers:0.033237883025682036
but:0.005078497879774124
never:0.016823963594365346
saving:0.040295818404986236
fact:0.018307382661288847
alink:0.040620700957801466
who:0.009870632627739299
now:0.01261003357158965
in:0.001356333602248019
israelites:0.046978785865703025
or:0.005147415707657139
and:0.0014572420400411827
gentiles:0.04917483222029677
for:0.002483579106199038
subject:0.00020379356406120838
until:0.02184095973560797
jews:0.028203298523689968
i:0.007286210200205913
applicable:0.04401193098179628
post.royalroads.ca:0.04660634186440965
will:0.008651185838956368
ksand:0.04159275761716484
the:0.0069046077250905615
originally:0.03473126395264535
do:0.005483342892416004
see:0.013506761537489894
quote:0.061602410878482276
law:0.06885895706665571
come:0.03665944541174669
rules:0.03144668168373017
just:0.008964798194396075
kingdom:0.037864873892631004
jesus:0.07953891800823219
people:0.011490634657046698
changed:0.057699468608143886
loving:0.03983303503234169
paul:0.0250001716878554
lee:0.032573674041028365
activities:0.0322620557622478
article:0.0061857471779893205
written:0.02735510640042832
prophets:0.042816747312395216
by:0.015121152287284978
god:0.06075980683454713
s:0.004736154815694796
