sent:0.02163342675464478
above:0.0160156237066385
frequency:0.02940537244742613
at:0.005182147132084889
out:0.006930453524002705
infinite:0.030413362165053685
know:0.007258088974460599
probe:0.09823119323832313
from:0.009959673581531478
longer:0.03993189421616677
prevent:0.023664808659815715
to:0.002432116164866172
stop:0.019552665379886102
hole:0.05490530199937886
t:0.01515454738235554
bruce:0.02709799082171226
make:0.010353414607939433
that:0.0020406154437322163
quite:0.015624702247702361
cco.caltech.edu:0.026475095003271894
nt:0.012601386206866561
paradox:0.07540133174159867
suppose:0.022671405797830408
sum:0.032662593890427305
re:0.004399300032684359
this:0.003088131990420112
getting:0.01595412689543933
you:0.003269405820051305
integration:0.03465798049376238
detected:0.034888690571134626
holes:0.028195555266302918
more:0.00747893544600427
a:0.004107365076018809
how:0.015474858790930874
series:0.021102060945692155
was:0.010417189812957478
as:0.00470655388362952
red:0.021250699734956184
idea:0.016308095854475037
velocity:0.034888690571134626
allan:0.029002620686970473
observe:0.032994081752492785
no:0.006622033742250058
it:0.00605038993658774
not:0.003546529462211558
zero:0.02725655440988007
shift:0.028505224286805398
probably:0.014042492441348284
energy:0.0269741472381956
keith:0.0463584361072902
hopefully:0.027192615161427694
towards:0.024528100796173766
writes:0.003889778770691543
showing:0.025258966574269487
get:0.02319483485807863
things:0.013145446636119116
of:0.0034313044511600937
explain:0.021147397223603554
but:0.011740292157360182
result:0.0207941291824206
years:0.013116326017531725
never:0.025928696833668944
resolved:0.0356406515800163
well:0.009899223000902029
universe:0.02606737853332937
clear:0.019398533777568314
one:0.005784181810444838
in:0.0020903494340528293
speed:0.0197556774522693
reaching:0.03250360169991013
or:0.003966537986488737
and:0.00224586714406347
gets:0.019631272602310613
subject:0.00015704092289422526
i:0.00224586714406347
period:0.022300066079980092
any:0.012038673721044791
actually:0.014378318394712262
will:0.0066665020288428495
event:0.07328366379171128
2000:0.025444985329743087
the:0.005763993605798641
constant:0.029178226352556833
do:0.004225399522979392
closer:0.0274195108954644
got:0.013012669539003376
would:0.032917046333095626
can:0.02034272923382855
because:0.010380719405261847
maybe:0.015575959307896023
increasing:0.029989225142104604
an:0.01056350751249102
radiation:0.03290944212042161
observer:0.03316710460664745
general:0.017343708018162065
is:0.004741281651011716
time:0.009291235117080668
keep:0.031169583342657896
does:0.007167581260808972
schneider:0.02988780275131339
matter:0.035540035434124026
light:0.02054243932827231
guess:0.017624454487856784
nothing:0.015028564714711227
escape:0.025564306924869593
terms:0.022641993971849787
by:0.005826091028336271
black:0.062286218051363605
s:0.00729925036301198
