lpl.arizona.edu:0.02276591619528271
appearance:0.021784175882427446
surely:0.05405438708251833
true:0.010374621655252395
means:0.011383916547946796
with:0.004697408648912027
though:0.009982105227352127
into:0.007191983546114001
parents:0.018416084459812253
except:0.012949242646601659
hair:0.02193202316404478
to:0.0027674681929534756
lies:0.018113982366488608
everyone:0.07367500620513502
within:0.012997792033424969
look:0.009522764354521727
born:0.017260734771250886
enough:0.009767664766816852
speak:0.02879865714568991
sinful:0.024242722541167522
that:0.009752338867635895
think:0.005782120592484157
smaller:0.018037117546365326
like:0.004677265315295876
me:0.0043517617686929504
ceccarelli:0.023819587940132073
re:0.001501769087462532
so:0.00820731403522024
finger:0.019982192578576103
child:0.04777547735833005
he:0.01915823141590645
teacher:0.022704601046163078
certain:0.013238212818315297
on:0.0020361800210413248
you:0.013392746732740286
tell:0.009678815476395392
children:0.01346336091573705
support:0.01099982453627914
why:0.007147480241582354
sin:0.051876700427740924
more:0.005106100505304119
a:0.004486760243683196
christian:0.01287486896078946
want:0.0076007950510529375
as:0.025706479043117056
old:0.010634189085712144
said:0.008801224211499727
let:0.009257581296196082
also:0.005957819805942033
died:0.01628997197250733
answered:0.019516039280372273
far:0.00999750229767631
are:0.007745920260255729
no:0.004521067213584376
brian:0.030008654737178942
innocent:0.017797005424361415
infants:0.024425302356736827
book:0.012488749038890254
it:0.0027538588734134293
not:0.014527952013878673
signs:0.020171963200465846
ken:0.03314114619369326
being:0.01562894722831444
mistake:0.017943060220228384
only:0.005355567221965006
states:0.013866906568095111
against:0.010374621655252395
grew:0.022468293817155316
referring:0.019073695589213936
somewhat:0.017276453242420105
call:0.01067050641766549
his:0.04444407328928329
be:0.0023231375788653466
asked:0.01354337710336719
stick:0.01697321005965647
common:0.013518586504543573
writes:0.0026556722530825796
if:0.0026913671476442138
of:0.002342657657418538
even:0.0404616734401452
what:0.003696554630508559
but:0.0026718201696803623
nature:0.030621808371564415
saying:0.012114679433592124
alone:0.03083705490292766
must:0.009307069989877499
who:0.005192983430658025
loud:0.02173607872962939
good:0.026024254640313237
one:0.0039490397902635435
jyusenkyou.cs.jhu.edu:0.024242722541167522
in:0.003567865499889367
world:0.020251009548053627
sinner:0.02433297497430832
and:0.001533322949762208
gets:0.013402876877079533
for:0.002613243878811839
subject:0.00010721669434545499
i:0.000766661474881104
group:0.010831790902837932
we:0.021650504509461363
socket:0.022138020330259845
circles:0.022411327411565127
grow:0.02107622711801784
will:0.022757135439824987
yet:0.01056252507102877
than:0.005745386675580165
reverse:0.02013970548280615
the:0.0018162723132266337
do:0.008654432757909598
older:0.01774357584353265
romans:0.02119980807651886
can:0.010416457740213415
because:0.007087238148170738
fight:0.017106843749957162
human:0.01287486896078946
jesus:0.0697429602347953
people:0.006045273654912118
including:0.012770954644699717
head:0.013866906568095111
changed:0.015177972665997689
is:0.0043160261347897815
itself:0.013506248355800722
right:0.007790657003173893
life:0.011206342784292007
their:0.012158101354069991
goes:0.012943884321247696
light:0.014024958577535314
eternal:0.018522055364122273
mouth:0.019407490395280225
show:0.012088629195722218
article:0.0032543489169341404
little:0.0282570927939574
arromdee:0.04748011863290527
teeth:0.022526079911340452
by:0.007955305018611775
sinners:0.04780144662177033
says:0.010285247969588625
god:0.010655334264157528
s:0.00249171197130931
