boy:0.05530283786731498
chris:0.09357920104681221
your:0.015365027099771495
into:0.021839071987590077
from:0.02064810376658965
my:0.011587978796710991
creation:0.05536335968856046
line:0.03443663108299986
t:0.09425389225611373
that:0.004230544212615571
me:0.026428992204988896
re:0.004560250033880129
so:0.012461104846157563
this:0.006402224858188037
he:0.019391868384393114
you:0.020334109368611773
etc:0.028321024237295555
holes:0.11690839988467064
bill:0.0755003384315053
a:0.005109161436023396
said:0.02672566864223698
theory:0.04961644947532469
are:0.01568076540490794
kurt:0.07282804136113588
determined:0.0580694638723972
have:0.012469527149942754
between:0.028327632268858604
heard:0.03295911413926676
species:0.06706457293496768
writes:0.008064175500214175
of:0.007113679959722145
gospels:0.07633635931786492
seen:0.03161542549539455
but:0.008113210027444027
never:0.05375461538687464
please:0.04671744772939646
one:0.011991596436288079
email:0.03346217876790172
in:0.00216682563285964
origins:0.07536022873648034
and:0.004656066030375486
few:0.02787350610861325
subject:0.0003255726450246134
i:0.002328033015187743
special:0.04263062430323199
the:0.002757632963374584
forms:0.05837627557527713
long:0.029028185915958352
is:0.00655299089977229
ignorant:0.06096235751295661
existence:0.04961644947532469
nothing:0.031156780506108643
tree:0.06305209229340399
every:0.02966034788948044
show:0.07341630901792275
article:0.009882108296543915
full:0.03767881077955187
by:0.012078481400209343
champions:0.06913064795884628
god:0.03235583209481981
