school:0.03232466200707649
some:0.005189052778370463
silent:0.023415064106745112
ask:0.0129536114860283
out:0.010472685325159643
opposing:0.04790002761126689
ever:0.01174854247479938
with:0.005198465571462643
way:0.007699434753540193
hell:0.030341163773172405
ca:0.009140215982632538
into:0.007959128457699496
from:0.007525086706046005
kids:0.03907878249648643
prevent:0.017880077654082983
to:0.004900263680322954
require:0.017242315817344832
hardly:0.019407274891508987
besides:0.018000385751719507
then:0.007092801554559125
boot:0.021816117641734852
heaven:0.019351834117174872
might:0.009453711715015316
hall:0.02035737872718288
prayer:0.07080667879157036
that:0.004625395005793024
nt:0.0063473649041994535
quiet:0.022395908256834563
me:0.014447849072060598
re:0.003323915580250405
michael:0.040062602688982527
so:0.009082760865643734
this:0.002333255281650751
off:0.019408510648500892
prayers:0.052900267594759166
on:0.004506745113238133
you:0.009880870922821722
moment:0.05611081065802378
guarantee:0.02194589166258935
m:0.012167241885476196
a:0.004344679502633229
other:0.012260515447394763
sorry:0.014121851932171664
christian:0.028496376633214006
want:0.016823093046330503
price:0.01391175200819539
was:0.00393538281822838
as:0.014224251737191438
part:0.010885431610725676
pointed:0.019225100026917
question:0.009702160370431576
prevented:0.04769567633815846
are:0.005714767836455338
no:0.010006628766066753
it:0.0030476038199108617
not:0.0026796000381153996
have:0.0022722249473229018
only:0.005926827725641274
real:0.011367083795547767
after:0.008574283056288672
doing:0.023828470268136136
mls:0.028207079293575788
manage:0.022395908256834563
public:0.026344396427205277
anybody:0.013509311755167534
be:0.0051418778412219675
writes:0.005877887920156109
get:0.005841662112404988
certainly:0.013670032343358405
if:0.008935338930178791
of:0.0025925411408765156
even:0.014925861757920229
what:0.008181707582192277
explain:0.015978033457833794
but:0.0029568143211129343
oh:0.014354294151739881
well:0.007479412934014866
must:0.0102998241221311
they:0.016585237769026553
who:0.005746901663261548
now:0.007341841768347752
one:0.008740541402449977
in:0.0055278129478285925
government:0.011962733060516878
office:0.016225501835760714
or:0.01198775924805485
opposed:0.019898330611107472
and:0.0016968773977368437
for:0.0014459949462758844
subject:0.00011865314174230354
i:0.005090632193210532
back:0.018723170845044778
any:0.009095886811456065
will:0.005036912644014597
the:0.0026800107021832994
do:0.006385048168057748
uh:0.022856089052127184
see:0.01572787343476601
when:0.011623772825277653
can:0.01152754656583618
peter:0.016363969248115364
pray:0.04409154204386366
praying:0.026450133797379583
just:0.0052195047265150485
here:0.00800178180277065
people:0.013380205689538821
e:0.013826176426905897
principal:0.025700699519887172
elizabeth:0.02746461669507283
is:0.0011941005639585062
deal:0.014650288852268928
else:0.011229121001502475
time:0.0070200443106831715
study:0.01646832599304355
does:0.005415505841500112
silence:0.04769567633815846
their:0.020182448247756186
circle:0.024216227768215973
nothing:0.01135491556222626
midway.uchicago.edu:0.023415064106745112
earth:0.015646822944861107
going:0.00967918081799859
understand:0.013316254501936237
especially:0.01389020314443263
panix.com:0.04604143385252414
s:0.0027574945815823037
