go:0.023159907759453893
rough:0.06401419385555297
there:0.0218518806089797
know:0.014688989591170258
way:0.020623485946982656
themselves:0.07705833848387661
discovered:0.0539861036323789
to:0.0032814265716448352
cases:0.04380697141055228
bunch:0.048288131204218154
choices:0.061113930966770216
church:0.044610426667723906
russia:0.06100716108602307
nt:0.01700187027910568
me:0.012899865242911245
started:0.03903862947605839
churches:0.06235631210158263
had:0.018266767686692085
burned:0.05793293642976735
burning:0.05646707112734326
great:0.030014889151579485
a:0.004987514735165697
other:0.03284066637695025
was:0.021082407954794893
coming:0.04138845184273327
given:0.03318794713311049
are:0.007653706923824113
no:0.013401734954553688
christians:0.04282135282189845
it:0.008163224517618379
grew:0.06660244238656754
alive:0.10488145460947232
yourself:0.04174136513541181
thinking:0.04147055397438875
of:0.006944306627347808
but:0.015840076720247863
years:0.026544945511671348
seems:0.02805341773072712
russian:0.11085034754000662
they:0.011106186006044566
who:0.030786973196044006
thousands:0.05093547613331356
waco:0.09249227879741073
in:0.004230469092725964
and:0.004545207315366545
few:0.027209851201265314
subject:0.0003178209153811702
i:0.0022726036576832726
water:0.048810681127518456
later:0.03804061939235361
locked:0.0673029245296977
the:0.005383950071350378
do:0.008551403796505912
when:0.015567552890996855
marshall:0.07037231868805603
peter:0.04383206048602329
fish:0.065467797388897
is:0.0031984836534602844
their:0.018020043078353736
history:0.03953580481370096
by:0.011790898509728167
