another:0.008212982705142884
winners:0.02361986851748632
at:0.0032628333794608557
out:0.013090856656449554
there:0.003399181428063509
know:0.004569907872808526
raise:0.01745630254665911
hand:0.023386958929279063
with:0.002166027321442768
ca:0.0076168466521937825
response:0.013005920565286452
someone:0.016321911960466815
wrote:0.009539166572936523
my:0.007038624158002232
to:0.0025522206668348716
look:0.01756420980945119
might:0.007878093095846096
bruce:0.017061697924781793
normally:0.015762413867114012
class:0.014696924709885194
sources:0.014256070278572088
studied:0.020828121101277505
nt:0.018513147637248404
responses:0.01642936530022561
anything:0.017194378891254844
re:0.0013849648251043354
michael:0.01112850074693959
this:0.0058331382041268785
best:0.009019170666523831
programs:0.01308585971960932
contains:0.015546864832880725
something:0.007372819693198233
principle:0.01848544495778302
on:0.009389052319246109
brings:0.019219037230975962
etc:0.017202399907098043
taxes:0.017635911250135444
bible:0.013329383340212211
bill:0.01146486620626562
why:0.013183130223363012
a:0.0036205662521943574
tossed:0.06955090515627693
other:0.005108548103081151
looked:0.02759261632947915
was:0.013117942727427936
as:0.00889015733574465
worked:0.014237643853979073
mac:0.012708452351152356
question:0.008085133642026314
walked:0.02008985109157198
talked:0.018260909321425857
are:0.0023811532651897243
it:0.008888844474740013
not:0.0066990000952884985
have:0.0018935207894357515
being:0.014413362443889986
interesting:0.01210379467378301
argue:0.01577631145829383
university:0.008704963339254274
always:0.009840578140735953
second:0.020368116864090863
reporter:0.022041778164482988
references:0.015293954063006161
topic:0.04851818722877247
ancient:0.01698372233516019
writing:0.014823921278324572
heard:0.010009805034888424
anybody:0.011257759795972945
be:0.008569796402036612
asked:0.012490003328660855
which:0.004784786416731548
considered:0.012751270211897082
writes:0.004898239933463425
understood:0.01775275701952406
if:0.012410192958581652
of:0.0014403006338202864
miracles:0.02244041025408434
reasons:0.013468609169615205
what:0.003409044825913449
explain:0.013315027881528163
but:0.012320059671303892
never:0.008162737892080964
they:0.0034552578685471988
who:0.009578169438769248
up:0.004975779149453277
good:0.006000036486516664
in:0.0013161459399591887
albert:0.019013222967439625
debate:0.01681405738689614
better:0.016564562009640023
and:0.003535161245285091
few:0.008465287040393654
still:0.0075618854897390635
for:0.004819983154252948
subject:9.887761811858629e-05
i:0.007070322490570182
group:0.019978636554123297
we:0.004991644095236926
info:0.010908872071823695
news.cso.uiuc.edu:0.01698372233516019
pay:0.012343859488881049
source:0.023105688605183885
event:0.015380522030359157
than:0.010597046534958972
the:0.0030708455962516978
see:0.006553280597819171
when:0.004843238677199022
original:0.011430251901012886
got:0.008193162302335459
would:0.01036277384560418
can:0.0032020962682878275
nobody:0.014845517279475659
because:0.006536008514424126
did:0.012177118840318262
once:0.00993715257379595
mr:0.05002897301160613
an:0.0033255486613397657
jesus:0.0128637015544178
people:0.005575085703974509
satisfied:0.02008985109157198
about:0.014592832301064763
middle:0.014878149241261417
is:0.0059705028197925315
clinton:0.013574652920260862
write:0.024104992036944543
christianity:0.014246845607044489
alexia.lis.uiuc.edu:0.06757666985363855
does:0.004512921534583427
illinois:0.01784896252472132
cobb:0.13050685531042025
history:0.024600056328525043
x:0.045113481326608924
papers:0.01712127621275077
somehow:0.015748568229667317
guess:0.011096878751613531
bias:0.019831348269588496
him:0.008875982605049288
regarded:0.01987319847423269
article:0.0030012328900614854
inspired:0.02061642327224066
before:0.00787479358230609
realize:0.014494486144930143
mike:0.023669718733020026
seem:0.010221157610724955
apply:0.01481317031662842
everything:0.011443194384900938
3rd:0.01634723990209849
