above:0.03280308470034392
bait:0.07327590707021049
say:0.02286198764177763
means:0.0341517496438404
turkey:0.2358718319104995
someone:0.02654768812847012
from:0.010199665716026212
my:0.02289672918868196
to:0.004981442747316256
day:0.06128441050031017
she:0.039941475721668465
that:0.008359147600830766
me:0.026110570612157706
re:0.004505307262387597
believes:0.05914007794446195
on:0.012217080126247951
clarification:0.0717021699326555
a:0.006730140365524796
christian:0.11587382064710515
wings:0.05506145595129261
was:0.03200461930486936
commercial:0.050196946990997006
flaming:0.06641406099077955
jew:0.06101176999288559
christians:0.04333727273541531
it:0.004130788310120145
not:0.007263976006939336
ken:0.0994234385810798
deleted:0.042329873457811286
made:0.02801903074600002
second:0.033128864778942974
after:0.04648707681120365
writes:0.00796701675924774
if:0.008074101442932642
of:0.004685315314837076
safe:0.05003302347225268
3-4:0.06967057098764595
who:0.015578950291974076
jyusenkyou.cs.jhu.edu:0.07272816762350258
in:0.00428143859986724
and:0.0022999844246433124
subject:0.00032165008303636504
the:0.0036325446264532674
law:0.03622700150896345
jesus:0.12553732842263154
is:0.0032370196010923363
days:0.03588256174156834
served:0.12182189541539729
first:0.02262114252278363
article:0.009763046750802423
christmas:0.14599784984584993
arromdee:0.2848807117974317
