some:0.009415619960752856
at:0.014209113104103726
out:0.009501428218390805
with:0.00471634981281893
into:0.028883933919070747
times:0.02266513017333086
from:0.006827195600243351
themselves:0.0261004049703453
several:0.022729446548930617
to:0.002222901871114243
within:0.0261004049703453
might:0.0171539123861165
been:0.023665167535829663
that:0.011190471788208929
nt:0.005758697997761601
its:0.033352008968293066
re:0.003015649215952988
started:0.05289104638691783
so:0.024721224130280325
this:0.008467458683409984
something:0.01605372029970583
recently:0.026687996488610397
on:0.004088780848703951
curious:0.0345667124259798
great:0.02033266684461836
evolution:0.043457686340867135
m:0.01103882832351671
why:0.01435260145285489
a:0.004504852018859339
how:0.010607766106686485
occurred:0.04111426027546599
was:0.007140815597591819
as:0.0064525335501372455
following:0.022075115105159367
also:0.011963686545802954
rich:0.07322250797519286
fox:0.09143085697782896
no:0.009078594646633143
religious:0.059216125888872866
thread:0.1007159950041282
it:0.00276496314306429
have:0.016491955262827512
probably:0.01925180415346136
has:0.017173781836879853
topic:0.03521481331120582
univ:0.03745647880044522
which:0.010418486552560627
common:0.02714619386799476
writes:0.005332761217883567
get:0.010599790123315501
of:0.004704207715300128
what:0.007422920185456703
reading:0.02650259714808863
separate:0.034054028522611954
in:0.001432900821729762
point:0.017754322268226295
origins:0.04983498997089828
albert:0.2069987984358346
and:0.0030790114071837893
i:0.0076975285179594725
the:0.0024314613225453322
did:0.013257347124540042
maybe:0.021354137760825193
an:0.007241114020659167
just:0.03788350204728664
newsgroup:0.03100132129495443
about:0.00794367887356348
changed:0.030478348337366328
south:0.03485193132789344
ma:0.03234853165514126
is:0.006500144198967675
discussion:0.05544954749177728
threads:0.04571542848891448
else:0.020375421172081104
time:0.012737983628255754
existed:0.040838523462979864
article:0.006534942583198395
thus:0.026865766716744396
answer:0.024486056791361746
clue:0.040906578855285224
