above:0.013478495198656164
preference:0.028377359100731296
believe:0.010755801387773963
out:0.005832559896437921
dan:0.019672294501917122
say:0.009393787001324472
there:0.004543460324639344
know:0.006108292701278722
help:0.0105945184160485
philosopher:0.030108417261522132
all:0.004723108072506392
paragraph:0.024555933068983474
true:0.025577037546117294
send:0.01452152040037734
knowledge:0.018300847251743246
take:0.010523510546216353
stand:0.019493755220131
wonder:0.01826914706840064
with:0.0028951850336116206
way:0.008576103067062095
ca:0.010180933644021391
times:0.013913248225213002
from:0.00419095175460483
both:0.01111734694211999
several:0.013952729564690082
my:0.00470403099668466
creation:0.0224742351210988
to:0.0047759376834830775
sound:0.01708506578776451
scientific:0.02090445315249447
direct:0.019771166448387
derived:0.026081135762463615
that:0.0068693985234549865
view:0.03371632428499635
european:0.021937892825079172
nt:0.007070084670519193
me:0.0107286007960846
re:0.0018511906078127255
so:0.005058468303885743
bil:0.02769606515084987
on:0.007529834038207276
you:0.01650888087352639
tell:0.011930817097140856
am:0.008090774043076067
knowing:0.021257546126860462
evolution:0.05335399115116361
concerned:0.019930639814642718
vs:0.016913920520115557
came:0.01494419174494033
3:0.011591415567512968
bill:0.015324326117285729
more:0.00629415359317191
a:0.0013826773523231634
how:0.006511698006084774
christian:0.01587050678829988
wondering:0.017816502484442064
want:0.009369296869862286
as:0.003960961189193161
truth:0.0355946289902238
said:0.010849033805264516
pointed:0.021414096564635273
given:0.013800928510798421
question:0.010806861798748043
morality:0.021394254874548446
evidence:0.015929247695609293
whole:0.014811462747659852
based:0.01495496540544823
no:0.005572998693972821
reasonable:0.01850647113913885
reason:0.026457543802064633
should:0.008132733377393463
have:0.005061887258887652
ve:0.018070630683439944
conner:0.026236661486391234
okcforum.osrhe.edu:0.027767296524375117
after:0.009550562810222532
be:0.011454678359157849
which:0.006395506596621375
greatest:0.024669742565145352
writes:0.003273576193156249
outcome:0.0267348967625283
if:0.009952729006387266
of:0.006738040093862231
germany:0.020815572936570728
philosophical:0.027767296524375117
seen:0.012833984607041351
what:0.009113288148481497
years:0.011038492192972245
nature:0.018873342288414703
consequences:0.025595403802272904
please:0.009482254242105222
authority:0.020940456911549322
accept:0.017683722627043236
in:0.0026388074538785714
context:0.020558123505925605
thomas:0.03647529716860495
point:0.010898692877525052
or:0.0033381755331835907
rather:0.012740018083727047
and:0.004725215525876112
for:0.0016106379352082872
subject:0.0002643263058615673
i:0.0056702586310513345
we:0.0066719995332374755
translation:0.02348135631038037
actually:0.012100564985648933
than:0.0070821845654428775
2000:0.021414096564635273
the:0.004477740653400315
century:0.022117930667509247
would:0.004617077455962258
can:0.012840088996599703
conflict:0.023391616782694444
human:0.01587050678829988
just:0.005813804769633099
makes:0.013826623179465218
about:0.004876317724365701
subjective:0.02656318607941993
hold:0.017177131747247623
is:0.006650312546798612
either:0.024787749575379783
itself:0.01664879129007119
does:0.006032122843255075
sides:0.02254868005854702
observation:0.025980101744487345
first:0.00929482588807446
objectively:0.02907330935133124
faqs:0.030108417261522132
article:0.004011548912458421
difference:0.01587699924175439
inherently:0.028459187328212534
seem:0.013661943341068008
elsewhere:0.023451262022873526
