library:0.026006885662740245
preference:0.035603891542532434
believe:0.01349485639956733
king:0.05214476403574901
go:0.012083430135367248
at:0.01641549712648008
out:0.007317870180623974
dan:0.024682009250852534
philosopher:0.03777577817905261
anyway:0.018934868457419464
your:0.0234769979288434
with:0.003632468178817064
way:0.01076007962451269
ca:0.012773593764548577
francis:0.03432057322350759
from:0.005258212760435873
my:0.011803903867457157
discovered:0.02816666276471943
to:0.004280121615188916
sound:0.021435921050487146
then:0.00991230030916648
perhaps:0.017940754892174192
that:0.008618748457999424
sources:0.04781539099645296
think:0.008942534332475497
european:0.02752456118426082
nt:0.013305811522778358
re:0.004645223636995907
parallel:0.05715966940945826
you:0.02761734108863214
books:0.022675390764261866
possibly:0.024080457536629445
3:0.014543266736879624
a:0.0008673938669853385
was:0.005499758596903016
following:0.017001952006458144
said:0.013611831233934361
cult:0.029423322538015228
surface:0.028353948716090156
given:0.017315450678144603
science:0.021003926870604442
reasonable:0.023219299193205263
reason:0.033195179180230155
should:0.02040760425134757
discussions:0.029811647736657055
admit:0.025466442327400935
have:0.003175469646879831
try:0.015132855107722935
only:0.008282833778070103
ve:0.011336234155449902
whether:0.01774818996821009
real:0.015885676111790356
has:0.006613506048984788
attempt:0.02395433787103475
list:0.01808464967032037
be:0.00359292706296566
greatest:0.030952099367449446
writes:0.008214439639969718
if:0.012487274902423776
of:0.003623116501224944
germany:0.026116433125386872
catalog:0.03391971284377112
congress:0.027121968016083988
looking:0.01611108910190462
they:0.011589063658481287
find:0.03943689573304454
authority:0.05254623970351506
accept:0.02218703087368157
now:0.01026033787502015
in:0.002207201265770068
thomas:0.04576403744135528
quoting:0.03347051618799705
rather:0.015984370514986728
use:0.010327823153710235
and:0.005928531280912886
for:0.004041600781516446
subject:0.00016581960802495836
i:0.0035571187685477317
example:0.017461858035763382
branch:0.02832233958871456
information:0.015147958288719036
will:0.007039163632939654
the:0.004213526142795948
do:0.004461601980785693
century:0.0277504471728998
can:0.0053699751083087785
conflict:0.029348488137293648
an:0.011154014143624057
just:0.02188301671054446
many:0.01151056538868381
e:0.019322296248781533
is:0.0033375481601324707
done:0.016451326406339742
does:0.00756825350520202
their:0.009401761606097602
article:0.005033123480227335
little:0.014567321129804123
difference:0.01992021022878501
bad:0.01702236674997754
checked:0.02795506925811318
by:0.012303546271020696
john:0.016655145339017675
main:0.023095757836191475
