out:0.02454535623084291
say:0.03953218696390715
with:0.012183903683115569
someone:0.04590537738881291
to:0.008613744750567693
otherwise:0.07402885065858408
perhaps:0.06017628203416761
that:0.0144543593931032
r:0.06458791180685687
re:0.007790427141211886
this:0.010937134132737895
reply:0.07481659415323216
something:0.041472110774240054
took:0.07032086825868081
seeing:0.08350603469705056
christian:0.06678838273409532
morality:0.09003415593039138
it:0.021428464358748248
after:0.04019195182635315
references:0.08602849160440965
writes:0.013776299812865881
what:0.01917587714576315
years:0.04645365464542486
never:0.04591540064295542
lines:0.07360796092280242
please:0.039904486602192805
find:0.04409264036819563
in:0.003701660456135218
subject:0.0005561866019170479
i:0.007954112801891455
we:0.028077998035707707
2000:0.09011765637617343
do:0.014964956643885346
can:0.018011791509119027
long:0.049589817606428846
norman:0.11625876094749411
is:0.011194692787110995
keep:0.05519613716929002
figure:0.07692703404322403
e-mail:0.05728532868025555
article:0.016881935006595853
