report:0.04465562615852653
at:0.010364294264169778
wounds:0.13863192197504953
corpses:0.07364213487135203
cnn:0.06116128827505483
wrote:0.03030088205521013
several:0.03315825143608702
to:0.001621410776577448
kent:0.10826713852850331
that:0.012243692662393299
sandvik:0.17643223468455677
re:0.004399300032684359
so:0.012021301145704943
aimed:0.06500720339982026
had:0.018051864537436884
he:0.01870744950023806
two:0.021938699207686017
on:0.005964809708697528
independent:0.04885577586114085
private:0.041760954396171196
local:0.035957452375481785
accuracy:0.056931224665594984
far:0.029286800848487077
no:0.013244067484500115
indicate:0.05587470825546201
has:0.02505351703262473
found:0.09439484136201166
were:0.01825062702908587
newton.apple.com:0.11856657312441826
of:0.006862608902320187
cheers:0.05122544325134525
saturday:0.05862691762540425
humans:0.053063313050066625
killing:0.047612266491243074
alink:0.06260366853496462
who:0.015212386755692333
waco:0.045702067170485305
now:0.019434287033861696
bodies:0.0561670141211859
in:0.008361397736211317
according:0.040465014171602566
subject:0.0003140818457884505
example:0.03307481345597535
bullets:0.13449331805825746
information:0.028692015111573703
ksand:0.06410177938645405
the:0.008867682470459447
would:0.010972348777698543
last:0.025648971200699974
fbi:0.08976051487741964
an:0.01056350751249102
head:0.04062187924065509
is:0.006321708868015621
night:0.03938629231275323
activities:0.0497215212335819
article:0.009533328003724717
bullet:0.13097492431776417
