taken:0.025541715502005118
read:0.017573667146495518
all:0.0073958746561727995
case:0.03831955205126753
with:0.004533545556508119
such:0.014907110104401539
gain:0.03554732581777714
respected:0.046456998455899026
to:0.005341857209654383
most:0.014392212898969286
been:0.011373956490088676
that:0.016135098857417526
could:0.011698520583922926
account:0.03158743726145163
re:0.0028987635874276785
happened:0.05228373486416172
had:0.01189463942389252
mean:0.020491643851394268
appeared:0.036864372614640685
saints:0.0456733076274388
contains:0.03253994965021547
something:0.015431483078786999
on:0.007860601941694417
resurrection:0.08372789373691034
you:0.00861703859548406
great:0.01954457898242385
bible:0.05579741863344646
jerusalem:0.040374972203809284
other:0.010692309983193107
was:0.006864039799235547
walked:0.042048525540499496
are:0.004983809159699423
early:0.027153031773591324
it:0.0053155880579840616
not:0.004673720996712906
reported:0.06402120305444439
have:0.007926366095312448
made:0.01802774846448063
only:0.010337490219141756
mathew:0.041595066573975395
able:0.020445466869074953
references:0.032010601527222196
virginia.edu:0.037256959690755063
ancient:0.03554732581777714
his:0.028595799093104755
be:0.004484195791763343
noticed:0.03144343427251415
claims:0.02911880368688935
were:0.012025606957149606
if:0.015584893482869983
of:0.004521874082924155
beyer:0.0425301672545073
fact:0.0371824361027727
they:0.014463870147406879
who:0.010023665691735259
up:0.01041442147559988
one:0.007622565176555213
point:0.01706617024232605
albert:0.03979511783882712
andi:0.0433690322517184
and:0.004439504819660347
for:0.0050441684172414574
subject:0.00020695315420169222
however:0.018582162048038087
actually:0.03789634305583077
the:0.006427351247968669
ab4z:0.04406370014853768
around:0.01835034444305144
would:0.02891936887145352
mr:0.026177950994445066
people:0.011668784031574553
many:0.043097698315769616
speaks:0.0423339051771097
christianity:0.05963795835506995
events:0.06307827685235076
x:0.02360589139183025
convert:0.03316728678448325
realize:0.030337296582411927
claiming:0.035751874307491834
magnitude:0.04496162119912002
by:0.02303338313528293
