lpl.arizona.edu:0.1049761691226925
stephen:0.07540109776650032
decision:0.0778656617256905
christ:0.068738405796998
to:0.005104441333669743
make:0.03259408302499451
that:0.006424159730268089
really:0.03613695820723937
nt:0.01322367688374886
rob:0.08149412392591183
me:0.020066457044528606
ceccarelli:0.10983476661283123
re:0.006924824125521676
you:0.06175544326763576
j:0.05655793813942338
rejected:0.09718482504419339
learn:0.1411116363230456
brian:0.20755986193215437
it:0.006349174624814295
have:0.01893520789435751
only:0.024695115523505305
after:0.0357261794012028
reject:0.09457225840975068
writes:0.012245599833658562
making:0.0569371702013408
if:0.024820385917163304
who:0.04789084719384623
in:0.0032903648498979715
subject:0.0004943880905929314
i:0.003535161245285091
decide:0.07580939660394036
the:0.001395838907387135
would:0.01727128974267363
did:0.030442797100795654
jesus:0.128637015544178
is:0.009950838032987552
does:0.022564607672917132
article:0.015006164450307426
before:0.03937396791153045
wish:0.06918662064405146
