lpl.arizona.edu:0.09773643332112751
go:0.06708387075152163
stephen:0.07020102205846582
all:0.016449445355970538
anyway:0.052560583131802306
someone:0.03799065714936241
to:0.002376205448432467
that:0.011962228463257821
dirty:0.09212570227915118
nt:0.01231169916762825
rob:0.07587383951722826
generally:0.06666809471074309
ceccarelli:0.10225995512229115
re:0.0064472500478994915
meaningless:0.09459295820399037
so:0.017617424092843448
he:0.027416089784831642
you:0.038330964786808405
tell:0.04155215609693884
a:0.004815531468435845
j:0.052657390681532114
died:0.06993453484748836
brian:0.12883025913030272
it:0.01773390153827441
should:0.028324347279887578
bag:0.09137595896984534
bank:0.08209820754373397
evil:0.07201161576566553
writes:0.011401075707199351
things:0.07705951476345688
if:0.011554317582127747
end:0.04662471383750878
what:0.0158696914309764
good:0.05586240866756893
in:0.006126886272223809
or:0.011626059615570436
subject:0.000460292360207212
the:0.0012995741551535397
do:0.012384791705284426
jesus:0.05988274861539321
is:0.013896860011586064
matter:0.05208453468794039
article:0.013971256557182775
s:0.010697177256138246
