lpl.arizona.edu:0.0407821088678086
out:0.00847609423798892
boy:0.032624695720286534
small:0.021501769066661954
means:0.02039277137006297
much:0.012569761651510298
wrote:0.018529316364696843
to:0.0019830203742314113
lies:0.032448788555796144
kent:0.06620652356059555
everyone:0.10998247329183825
enough:0.0174974714168158
speak:0.05158896136170352
that:0.012478583648722187
sandvik:0.10789021545458509
smaller:0.032311095460755154
months:0.024430176546617412
ceccarelli:0.04266962156181933
re:0.00269021944444727
baby:0.035906979414398674
finger:0.03579543850406799
child:0.08558340908074952
on:0.0036475455053186327
you:0.007997107761276575
tell:0.01733830973829103
children:0.024117819194377884
brain:0.031722146755156784
support:0.019704721651320187
a:0.006028075363365734
how:0.009463043145533269
want:0.013615812717353825
as:0.00575621697997855
old:0.01904973440534046
private:0.02553727427103994
said:0.015766221788945555
let:0.016583724768005934
died:0.029181316698951982
are:0.004625261738138313
brian:0.05375651100401121
infants:0.04375467832249979
it:0.0024665858254674243
not:0.017349928304344314
ken:0.029683976267013034
have:0.0036780619650910278
referring:0.0341679870626926
somewhat:0.030948466599730984
his:0.026538547359787865
stick:0.030405246797514114
writes:0.004757283388615557
get:0.009455927879792247
newton.apple.com:0.0725047389609752
if:0.004821226041463377
of:0.0013988531335664652
cheers:0.031324911340750695
even:0.048321135187511535
oh:0.023235368231233622
alone:0.027620239823125857
they:0.006711651974875854
alink:0.03828281888828772
who:0.009302538663552866
good:0.011654747132082728
jyusenkyou.cs.jhu.edu:0.04342761088309866
in:0.006391356183255053
world:0.03627698832708888
and:0.0013733719945711867
subject:0.0001920644380720741
6:0.021139205989634494
group:0.019403711761198886
power:0.019437807771011093
socket:0.03965731699449426
will:0.024459827587840672
yet:0.01892135786105154
ksand:0.039198929840637366
than:0.010292095555535691
the:0.0021690734100404405
can:0.0124397984523412
fight:0.03064463376790888
jesus:0.049974092369680666
people:0.010829303165993651
including:0.022877465514605972
changed:0.02718931794124766
is:0.0019328965963357116
right:0.013955925135182012
figure:0.026564731180393913
light:0.025123846660476932
first:0.013507588700654972
activities:0.030405246797514114
article:0.011659465903835986
little:0.0506188209042834
arromdee:0.085054313234485
by:0.007125435070627095
says:0.018424652837608406
s:0.004463570365870636
