involving:0.022641819774233296
some:0.014716851367227153
read:0.019050445898301863
health:0.017505657984255258
believe:0.009128873446766135
bbs:0.017004380889729668
there:0.007712428450228129
know:0.010368698534943712
cults:0.025092014250475383
passage:0.021531939206831673
take:0.008931719035023964
where:0.01552484704398119
stand:0.01654511997674984
wonder:0.0310114933429994
with:0.004914515771340734
members:0.0154968164222883
to:0.001158150554698177
remember:0.011691697632442152
recall:0.01643216476921438
then:0.006705379620906736
most:0.007800821277172428
713:0.02344714506504083
think:0.006049361460204013
quite:0.011160501605501687
britain:0.02338837934245789
son:0.0179292071402299
bit:0.011449933605276049
like:0.004893441443313753
nt:0.009000990147761831
covered:0.019400645919360634
re:0.0015711785831015567
practice:0.017254319769083364
michael:0.012624769754931467
charles:0.05188553766723322
described:0.03486864087158263
supposedly:0.019491990401026206
this:0.013234851387514766
off:0.009174190957799791
he:0.02004369589311221
fiction:0.022841937627129327
on:0.004260578363355377
you:0.0023352898714652176
largely:0.021966302040671317
compuserve:0.02192490583712925
a:0.005867664394312585
was:0.011161274799597299
as:0.003361824202592514
secret:0.01679269591371138
related:0.016193861284164578
part:0.010290849211820491
cult:0.0398080246102559
blood:0.017549049220204203
houston:0.021138302719111827
bull:0.11753372185864862
also:0.012466362451088793
popular:0.0177729928408948
503:0.02500537858995969
based:0.012692869797901438
are:0.002701308326055569
kevin:0.018930934129494602
works:0.012500529384666975
book:0.013065960128922997
place:0.011426166459312713
it:0.0014405690325208905
not:0.002533235330151113
have:0.002148111819948121
being:0.008175646764391378
try:0.01023693139640081
university:0.009875378578145603
campbell:0.07052023311518917
between:0.009759940529606746
larry:0.038191454083806683
historical:0.03794306078765926
pit:0.04873990869484439
connection:0.018091454350850824
spelling:0.022690962798448386
ancient:0.01926724802728257
his:0.015499403710128206
be:0.002430509483770888
which:0.021712476176765003
thinking:0.014636666108607796
sort:0.026365221072781764
writes:0.005556826815273633
if:0.008447274198698437
of:0.006535818002209703
chapter:0.02074716648774203
oregon:0.024675665920037438
what:0.0038674037941034923
but:0.0027953076565143285
reading:0.013808075825054581
years:0.009368804298236947
they:0.003919830355074553
pope:0.0677797346705855
called:0.011269976873347621
in:0.006718980323741236
us.oracle.com:0.026540923856743157
yes:0.011205234750016339
and:0.0024062862257822892
for:0.0027340240580846554
subject:0.00011217208778158947
i:0.008020954085940965
6:0.012346006859492413
sciences:0.021384496686616253
info:0.012375611173917635
ago:0.012021704728422873
any:0.004299526328944568
information:0.010247148254133465
joseph:0.01716049843967963
the:0.004433841235229724
do:0.006036285032827703
ritual:0.026540923856743157
ceremony:0.0263007624540543
got:0.018589527912861965
can:0.0036326302203265265
scene:0.023161206143843285
may:0.007819434989242986
many:0.007786558939403753
about:0.004138723446730552
current:0.013286746738364781
general:0.01238836287011576
is:0.005644382917871091
levels:0.01926724802728257
living:0.015479012663987815
events:0.017094743096540438
1:0.008229091982876927
him:0.010069392030938267
accounts:0.020938184866215803
little:0.009854364293691025
origin:0.020360874490575283
takes:0.01502478930243559
give:0.009929564165361372
stands:0.02008615701468095
tx:0.01990401230512795
while:0.009119086159153455
s:0.0052137502592942715
novel:0.025754320738725734
roman:0.021457571235825788
