say:0.11859656089172146
that:0.0216815390896548
rob:0.27504266824995244
re:0.02337128142363566
this:0.03281140239821369
posts:0.251438592010542
thread:0.26018298709399784
not:0.037681875535997805
after:0.12057585547905945
subject:0.0016685598057511436
we:0.08423399410712312
unfortunately:0.2301183175516223
2000:0.2703529691285203
can:0.054035374527357086
is:0.016792039180666494
dead:0.214455133425696
