some:0.0076811636521931185
correct:0.021527746316983214
say:0.012483848514918048
know:0.01623519902181976
specifically:0.026625280603655665
c:0.017013800627822102
though:0.016352264484280787
decision:0.027662800876232147
from:0.005569554305461681
both:0.014774368962554196
to:0.0027201299212319028
positive:0.029125000002082978
perhaps:0.019003036431842403
make:0.023158953728285574
that:0.004564534545190484
view:0.022403610215688364
like:0.015324198204061489
really:0.012838129889413985
assertion:0.033371156434574785
need:0.012639486786166026
re:0.0024601348866984903
meaningless:0.07218936283988739
so:0.006722438140690263
best:0.01602089526290417
something:0.013096456033970545
two:0.01226835153061389
rarely:0.03371448375806538
you:0.003656572298741591
them:0.0192876206780558
e.g:0.026705758027574314
d012s658.uucp:0.036441021771821465
a:0.00551251628623577
christian:0.021091068231819575
as:0.005263908948796174
idea:0.03647863546395732
question:0.014361750548336213
morality:0.028431838714860436
third:0.024031480241236088
frank:0.05152861021777134
are:0.004229680142113326
no:0.0074062219485691435
d:0.023971634504960992
it:0.006766883481709973
not:0.003966513214315558
disagree:0.027949927782363118
have:0.0067269817519428005
whether:0.018799069637380424
peace:0.02533970957508586
mathew:0.07060215247424771
whose:0.024623562174348478
after:0.012692195313585205
b:0.020137554911277906
war:0.023268586286664585
has:0.007005095222937835
mantis.co.uk:0.03601087203982902
be:0.007611332330756201
judgement:0.033044860769184184
writes:0.0043504104672208044
if:0.004408884340548745
of:0.006396071893609824
short:0.02278274911592939
what:0.012111080302587252
but:0.004376863304279014
years:0.014669575151186798
never:0.014499600203038554
must:0.015246450180786165
who:0.01701385360834011
good:0.010657959548417757
one:0.01940745212715044
in:0.001168945407200595
our:0.014669575151186798
point:0.014483789218816188
or:0.004436259590151877
better:0.014711946521719756
and:0.0025118250953341434
for:0.002140453045474171
subject:0.00017563787428959404
i:0.0012559125476670717
person:0.01845522657285428
we:0.04433368110901217
any:0.006732153067689521
information:0.016044876871603716
pretty:0.018934342479734384
than:0.009411850540917506
odwyer:0.03635271242753106
2000:0.028458207276686347
the:0.001983560552602771
wrong:0.034781869168813956
when:0.008603121334498262
would:0.012271705869794421
can:0.00568793416077443
moral:0.02640891305862385
people:0.01980622552727786
e:0.020466379579301492
is:0.014140664573192836
involved:0.023689981164907024
discussed:0.029867075621460244
argument:0.023149614737761327
else:0.016622054114066163
right:0.02552465254987236
guess:0.01971156094036614
nice:0.020787759583912883
answer:0.019975467382426688
sometimes:0.023055962659985853
