since:0.010004108117018407
out:0.005890885495402299
stephen:0.02035829639695509
technology:0.016838338429084714
all:0.004770339153231456
theories:0.025993547516898304
proves:0.05594605160471674
from:0.004232861272150878
throw:0.021316852882674053
my:0.004751071306651506
to:0.0013781991600908309
sound:0.017255916445642155
most:0.009282977319835189
that:0.00867261563586192
broadcast:0.025404632338616385
think:0.014397480275285552
hour:0.023278572983401392
like:0.005823195317543366
really:0.00975697871595463
nt:0.007140785517224385
covered:0.02308676864403916
re:0.0018697025138908526
started:0.016396224379944528
so:0.0051090529869246
anyone:0.008364573748206957
he:0.015901332075202352
bell:0.022316015244902867
burned:0.02433183330050229
you:0.008336984841130827
children:0.01676188434009263
assume:0.01735744277644588
bible:0.017994667509286483
prove:0.019634491699567987
a:0.0006982520629231976
how:0.013153629972291244
valley:0.028827814793076566
timothy:0.025447551057073345
was:0.017709222682027712
evidence:0.04826562051769615
stuff:0.01461708276336811
responsible:0.039108552150730225
are:0.006429113816012255
those:0.018559156542875602
caused:0.019911570895275836
d:0.009109221111885177
wild:0.02362553295052139
it:0.01028566289219916
not:0.006029100085759649
have:0.005112506131476529
proof:0.0209355429585059
thou:0.02804496948961887
only:0.0066676811913464334
throwing:0.025447551057073345
his:0.02766643562257885
intentionally:0.028343565663126978
structure:0.04606658439691084
common:0.01683064019815675
considered:0.01721421478606106
writes:0.009918935865263434
kill:0.01847316053301693
of:0.0019444058556573865
defending:0.026606559127359965
backing:0.056235926973449264
key:0.01602921185618288
explain:0.01797528764006302
biblical:0.04564985743290516
never:0.011019696154309302
sense:0.016431610231814952
fire:0.0359699363703947
please:0.01915415356905255
they:0.013993794367616155
who:0.012930528742338483
cares:0.02531988454704752
up:0.006717301851761923
david:0.01248222619672247
tim:0.020389546498680945
in:0.002665195528417357
government:0.026916149386162977
resources:0.02206877386783296
point:0.011007679806300304
or:0.01011467186554628
and:0.0019089870724539493
for:0.00650697725824148
subject:0.0001334847844600915
murder:0.042785799951983394
p:0.01683064019815675
i:0.0038179741449078986
tape:0.04149368263718333
back:0.010531783600337687
translation:0.023716169873484173
any:0.010232872662888073
cites:0.03018218956375357
agency:0.02187520130692951
the:0.004899394564928845
do:0.007183179189064966
around:0.011835972165768179
can:0.004322829962188567
did:0.03287822086885931
maybe:0.01323956541171162
koresh:0.08168397257287505
long:0.011901556225542925
people:0.007526365700365587
about:0.009850161803218715
either:0.012517813535566791
solid:0.04505562322819715
himself:0.018713907252504845
followers:0.023998376428008932
agencies:0.02316807124839806
words:0.01653929565753687
self-defense:0.028827814793076566
article:0.012154993204749014
deaths:0.04873287102945033
commit:0.026090637946183808
resort:0.028499828380647504
by:0.00990435474817166
says:0.01280513372213784
concern:0.02303329219845542
s:0.009306544212840275
