king:0.06457928469042763
acting:0.03969976288766779
say:0.014596499802058027
there:0.007059838350593442
thanks:0.015333743422432024
ever:0.020334015821768157
enter:0.036439653297080404
with:0.0044986721291503644
further:0.027291033854472208
into:0.01377541463832605
reach:0.03352541130023368
iastate.edu:0.036970367693133874
to:0.004240612800279479
hole:0.07179924107611083
that:0.01601098271236047
paradox:0.04930087075412221
could:0.011608531964046596
re:0.005752930811971855
ifi.uio.no:0.0459376876277934
excessive:0.044890517056065865
so:0.00786008151834554
math:0.037540429017393274
believes:0.037758665149156476
he:0.01223179390400181
you:0.008550753683211105
possibly:0.029822720487671855
infinity:0.04815062664665326
holes:0.03687111073285766
a:0.007519637600711358
was:0.006811239493087582
as:0.006154724309361681
let:0.017731828790406346
travel:0.03935163526006687
caused:0.030633185992732057
it:0.005274698919076492
should:0.012637016478719074
states:0.026560459503505256
doing:0.020620791578194735
towards:0.032075208733458004
has:0.008190572876050392
which:0.00993763332705783
writes:0.010173267554116345
of:0.0044870904361324305
even:0.012916611136661737
gives:0.02797326519843158
but:0.005117563248080079
years:0.01715211863831072
never:0.01695337869893739
approaches:0.04220301212178032
who:0.019893121142059204
universe:0.034088110389738406
one:0.007563930059812481
in:0.0027335338752998537
according:0.026457893881432448
and:0.0029369031883906913
subject:0.00020536120686167922
space:0.02351932890394695
faster:0.030002315595341018
we:0.010367260813184384
back:0.01620274400051952
gravity:0.04163295079752092
will:0.008717733422332957
convinced:0.036486415189975654
event:0.06388832227995342
2000:0.03327421158504865
the:0.008117340107574417
can:0.006650507634136257
drop:0.03330516658735424
curve:0.04409405029498248
just:0.009033758180506815
e:0.023929920738875593
is:0.006200137543630706
deal:0.02535626916738853
object:0.032538248431792025
time:0.012150076691567029
man:0.02229268722150153
nothing:0.019652738473083915
article:0.006233329848589239
warren:0.04303542431132057
by:0.015237468843341017
says:0.01970020572636591
black:0.08145120822101395
john:0.02062675691986035
god:0.020409063321347884
s:0.009545173551631052
