another:0.01847921108657149
believe:0.018105599002752836
at:0.007341375103786925
hung:0.045613771250450096
stephen:0.03393049399492514
know:0.020564585427638362
all:0.007950565255385759
thy:0.05487503220416292
take:0.017714576086130862
chris:0.03197289369099417
wonder:0.03075306423180774
way:0.014436440162887861
much:0.029119947825998856
setting:0.03584864047802172
christ:0.030932282608649102
to:0.0057424965003784615
that:0.00578174375724128
guy:0.02821942289124058
son:0.03555959416145597
really:0.016261631193257714
nt:0.011901309195373974
could:0.012575909627717145
re:0.0031161708564847544
happened:0.028102507489486922
wait:0.030594998375917646
so:0.017030176623082
he:0.026502220125337254
two:0.03107982387755519
on:0.004225073543660749
you:0.02315829122536341
took:0.028128347303472325
them:0.012215493096102007
jobs:0.04114854686735503
a:0.0023275068764106585
how:0.010961358310242702
was:0.007378842784178213
as:0.006667618001808487
also:0.01236247609732972
are:0.005357594846676879
brian:0.031133979289823154
those:0.015465963785729668
it:0.002857128581166433
have:0.0042604217762304405
agent:0.041463049600545414
bskendig:0.05239793617526349
netcom.com:0.02682529312267616
anybody:0.025329959540939126
be:0.004820510476145594
writes:0.011021039850292706
were:0.012927527478935826
if:0.005584586831361744
of:0.003240676426095644
what:0.01534070171661052
years:0.018581461858169945
easy:0.027614013035490062
they:0.007774330204231197
who:0.010775440618615403
up:0.011195503086269872
david:0.020803710327870782
one:0.008194257564796853
president:0.03137881799309999
or:0.005619262147525711
cross:0.038170085113467894
message:0.054121998142662026
and:0.001590822560378291
for:0.005422481048534567
subject:0.00022247464076681915
everybody:0.03398257749780157
person:0.023376620325615424
the:0.002512510033296843
do:0.011971965315108277
neighbor:0.04219980757841253
forget:0.03199344446178745
fires:0.04686327247787438
mr:0.028141297319028445
koresh:0.034034988572031265
just:0.019573142724431433
jesus:0.02894332849744005
claimed:0.03546543120100653
is:0.0022389385574221993
guys:0.03237229757909376
else:0.02105460187781714
does:0.01015407345281271
too:0.048812946696612416
almost:0.0251832744188714
thousand:0.0388443071019079
kendig:0.050303649272922614
bad:0.022838342056219867
god:0.04421963719625375
s:0.010340604680933639
