likes:0.023718491080360952
believe:0.0097429232301809
acting:0.023143359530927412
ask:0.013069787373795369
out:0.005283305377042421
infinite:0.023185074296229267
say:0.008509170288195263
there:0.008231201664369036
all:0.004278331079131351
righteous:0.025931199067150735
with:0.005245088581072173
hell:0.015306640916959173
wisdom:0.0217914519318955
to:0.00556223876269842
otherwise:0.015934461128305093
then:0.021469242373665515
unique:0.02274625909441869
us:0.046185569196973
behave:0.025705051741469604
die:0.016895759513149547
make:0.01578547518699286
that:0.012445008984196477
really:0.008750653556909982
nt:0.0096064379155485
its:0.009272755856655471
happens:0.016753710828604388
sarcasm:0.02616935971878279
happened:0.015122425554880855
ifi.uio.no:0.026779817899610498
so:0.00458211030217453
believes:0.022011777889642786
this:0.0023541813379884258
mean:0.01185391056874377
he:0.028522568744757584
sheep:0.026596759628219224
recently:0.014839962173038965
certain:0.014781681577401385
on:0.0045471643519218825
you:0.0049847442996297925
tell:0.010807287235975124
burn:0.021853305394372344
a:0.005009880272094691
want:0.008486986402296778
was:0.003970677731396348
as:0.0035879558754126385
let:0.020673881100922196
question:0.009789175261646209
turns:0.019792622302989202
course:0.010969290582511296
lose:0.018855362032229987
are:0.0028830106798261234
sake:0.02234658295138727
christians:0.01613001630959404
it:0.007687341473990402
not:0.0027036323254527573
should:0.007366870592975245
have:0.004585207292804061
made:0.010428607856134534
follow:0.016937185257476617
interesting:0.01465481866332472
ve:0.008184456049450377
expect:0.015498749251831336
always:0.011914601336317074
doing:0.01202108926083101
has:0.004774773425500228
scientist:0.022109621151502154
his:0.01654196449780499
be:0.0025939966687778984
asked:0.015122425554880855
which:0.00579323915927138
perfectly:0.020035076210030797
if:0.009015476499059318
of:0.003487723507905626
even:0.007529862994466482
what:0.016510172251060648
well:0.015092985741285604
who:0.023193773528858264
clear:0.014788119920119342
one:0.008818931908301547
rest:0.014648568759967753
in:0.0031870798546096944
according:0.030847768650997472
our:0.009998992928163199
point:0.009872358570672918
or:0.006047636391955922
rather:0.011540285439071136
unable:0.020516781360796883
and:0.001712096029106681
for:0.0014589635108164752
subject:0.00011971729547990268
i:0.003424192058213362
we:0.012087389288914528
back:0.00944554582989927
directly:0.016289239127786456
lives:0.017454967936920654
creates:0.07363658139086114
will:0.010164173496890442
convinced:0.021270107509851276
the:0.0016900291703790425
do:0.006442313174049297
can:0.007753955089127474
did:0.00737179840108953
an:0.004026449051846353
myself:0.014945480098645216
rules:0.036946325565638136
just:0.005266316428098143
is:0.00963847988845431
deal:0.014781681577401385
living:0.016520201856632735
argument:0.015779109597039112
assuming:0.017794482832596423
right:0.034795938902068155
does:0.016392226201850116
man:0.01299573694526995
impose:0.02608855924567661
matter:0.027093300555161817
created:0.017031816540291574
first:0.008419528382919466
every:0.010906495636490566
live:0.013886494502007438
by:0.0044414146852787715
god:0.09518128185740717
s:0.008346676424071995
