believe:0.009920876165891965
go:0.017766504582594767
havent:0.034431576755830993
out:0.010759608210780454
know:0.005634132993873524
all:0.004356474112540142
small:0.013647241553726078
hand:0.014416618518048737
with:0.002670444642874645
way:0.007910378171445402
compound:0.03910884722836078
ca:0.009390632858869045
into:0.01635437354321814
from:0.003865626732557879
wrote:0.011760616322798453
atf:0.020317227653738223
themselves:0.014778311490058527
my:0.004338877905617814
single:0.014846697125627282
to:0.0018879440549189463
building:0.03470746638208814
bet:0.01969712929228132
kent:0.021010746061467536
then:0.007287124884821018
death:0.01532153600016631
might:0.019425435030853387
that:0.011088275698818893
sandvik:0.04565217640239673
nt:0.0032606326562668424
tanks:0.0452995294971202
could:0.01378181877010098
rob:0.040188883031956515
anything:0.02119854931798542
re:0.0017074908802656187
happened:0.015398634240814751
avoid:0.01765639038001415
chances:0.0222842729326992
this:0.007191540251663273
mean:0.01207042035082128
satan:0.024009739378312606
these:0.007564547822369601
procedures:0.02493640989884544
on:0.002315108791046986
set:0.012097783489159457
you:0.007613684786420847
dont:0.022220852329225833
children:0.0765382846579572
am:0.007462723089960573
why:0.008126587123990897
answers:0.01913521106051316
a:0.0012753462336496757
other:0.006298209990100049
occurred:0.02327930718793508
was:0.008086403051154207
modified:0.04509429793682743
also:0.006773959505386147
died:0.01852147498243984
course:0.011169642921917895
ie:0.019103279391604618
prevented:0.02450120359836907
didnt:0.030434002612662495
are:0.005871336818276032
no:0.005140391489417853
tragedy:0.025546142285258783
row:0.02523110634239599
action:0.01681229717272126
not:0.005506027475579588
have:0.009337910742422883
routine:0.023917489573209775
philadelphia:0.0226497647485601
allowed:0.01749695537952909
19:0.01870729320539214
attacking:0.024200025663246708
heard:0.01234085552246518
be:0.002641375603367449
asked:0.015398634240814751
which:0.005899051746655332
writes:0.003019462972682933
certainly:0.014044553777423018
kill:0.01687046624019811
newton.apple.com:0.02300949478441907
of:0.002663569665284091
but:0.003037822932650275
fact:0.010950991454926206
well:0.007684328356864588
must:0.010582011084381265
they:0.004259906961222574
one:0.008980008290188333
president:0.0171938728729315
in:0.0032452913588034787
government:0.012290479171763916
door:0.019314941991474713
point:0.010052675622192057
dropped:0.022684488946666123
yes:0.012177378404127345
murdoch.acc.virginia.edu:0.026565062610894443
or:0.006158095504137765
sword:0.052809656547713364
and:0.006101785163094815
still:0.009322872521596106
for:0.0014856112461738538
subject:0.000121903912748942
i:0.0043584179736391535
we:0.006154081761251004
any:0.009345089189852121
actually:0.01116125172192276
the:0.0051626918492400885
wrong:0.01207042035082128
painful:0.02602724053027169
would:0.008517348366250009
simple:0.015064787931307035
mr:0.030839777883866788
fbi:0.034838556002651455
koresh:0.037298617613184946
myself:0.015218456904099922
just:0.016087514568025835
during:0.01337155027307064
here:0.008221008701476695
people:0.006873393333667203
is:0.001226815647902575
move:0.01614988637247953
clinton:0.016735873463335306
adults:0.025110935984782413
core:0.022513449848333245
toxic:0.026903455177806415
houses:0.023319187005144005
else:0.01153676815222857
right:0.008857870291279907
opened:0.0232397726548615
2:0.00889684726984205
1:0.008943031469975838
guess:0.013681083392400243
supposed:0.01666070781468658
leave:0.03226650341821476
article:0.007400300276863936
very:0.007960011378006608
killed:0.0166793835464287
deaths:0.02225245252486316
saved:0.0211580559346101
before:0.009708649622021207
by:0.009045072829380512
walls:0.02450120359836907
