since:0.03775135138497512
say:0.017901367681769278
your:0.011886153039445872
intention:0.05251353097646205
cash:0.04793326856342714
100:0.03187275564934973
that:0.013090740582433086
think:0.013582528561590142
reliable:0.04376503505136073
its:0.01950777883051104
anything:0.04379700283621516
re:0.007055481184493784
so:0.009639722616838868
ps:0.04250530493226146
this:0.004952664512937915
on:0.009566204249797922
you:0.010486773385070224
a:0.001317456722496599
how:0.012409084879520041
was:0.01670681385096954
objects:0.08848695864194818
question:0.06178262500038975
petri:0.06077267000810261
are:0.036391210279314655
brian:0.07049202858073167
atoms:0.17212925340077748
it:0.0032344851862261504
not:0.011375660539169148
interesting:0.06166084079097005
mathew:0.05062041120795119
real:0.12064121952821923
after:0.018200129128914635
be:0.0054571816711082195
phenomenon:0.10476681059193664
if:0.006322173771352918
of:0.003668690293693182
but:0.006276256813683116
years:0.02103561719792824
they:0.017602257066183843
now:0.015584098093190982
or:0.012722857692511044
and:0.003601862400856508
word:0.028951665246824704
subject:0.00025185808388696507
i:0.001800931200428254
we:0.012714565148244998
classical:0.05633867350578435
blah:0.17795525493485714
2000:0.04080799534015401
the:0.003555438726363458
original:0.02911479257805169
would:0.01759716313404483
can:0.016312565895051194
an:0.008470737156242799
thought:0.02532628684143125
just:0.011079137391187602
criteria:0.05117226221438146
reality:0.03953406813445644
is:0.012673237117484148
observation:0.049509250494211725
nothing:0.02410241510849914
meet:0.040473026581126566
seem:0.02603502410278998
