at:0.0064304015507622705
faith:0.10934382833152678
with:0.008537625938533537
into:0.013071561335637857
wrote:0.018799817333524534
my:0.013871741041318266
to:0.0040239391535498705
kent:0.06717304215272103
trust:0.030287359589184912
next:0.019550219151453833
that:0.002532150550616619
sandvik:0.10946525509625786
weapons:0.0291938393101436
nt:0.010424504404707132
could:0.011015395294350784
me:0.01581881285262109
re:0.002729492721008544
lightning:0.04492132079129267
mormons:0.038762780360348734
he:0.02321362346744869
mlee:0.04390116062797035
on:0.011102383034437006
tell:0.017591423749068996
defend:0.03306492279911858
why:0.012990675767547491
more:0.009280430845406758
a:0.008154768618081138
stronger:0.03714970957236984
other:0.010067941517021246
intelligence:0.06598672150923539
christian:0.046800618558198184
was:0.0064632199569444205
private:0.025910081194704754
considerably:0.0400466538381857
far:0.01817064286220001
it:0.002502594377664029
not:0.004400802982306313
should:0.02398265901070773
have:0.003731756300347831
miracle:0.040836534018041416
interesting:0.02385419388263805
rely:0.07344402988538123
tom:0.05541209085364606
malcolm:0.0407329965363483
providing:0.03366417361800326
his:0.026925971408835864
armed:0.032411846866049296
breaks:0.040332936415946874
writes:0.00482673278115009
kill:0.026968117566448072
newton.apple.com:0.07356320230347119
if:0.00489160890338255
of:0.0014192743471951727
cheers:0.03178220931652807
even:0.012256638304861501
seems:0.017200635688912978
alink:0.03884169215672987
who:0.009438342147692323
now:0.012057769327578424
david:0.018222228024412365
in:0.009078524914317031
use:0.012137076844871154
and:0.004180263662307919
for:0.004749618436672613
subject:0.00019486829848188537
jews:0.026968117566448072
post.royalroads.ca:0.04456518820611434
house:0.025093955799198476
physical:0.031147089776457783
ksand:0.039771176991595575
than:0.020884690251378995
the:0.0016505540364723788
when:0.009545068925866686
did:0.01199935068206544
instead:0.022392221252442637
is:0.003922228129790714
night:0.024436750704992877
having:0.01910139702496614
lee:0.031147089776457783
himself:0.05463914526278787
2:0.01422196753354313
followers:0.03503412617227581
knife:0.04510612230942618
him:0.017492812433308816
activities:0.030849119013536215
words:0.024144957164287405
article:0.011829677084913883
teeth:0.04094156129871367
rifles:0.04208440115777601
god:0.038732528931025176
s:0.004528731977051228
