above:0.033613037408994385
say:0.023426481163796833
means:0.03499500272146608
though:0.030685730884082465
someone:0.027203186600778022
wrote:0.031797221909788405
to:0.0017014804445565812
kent:0.11361366388793556
that:0.008565546307024118
sandvik:0.18514493763194229
church:0.046262664692454415
re:0.004616549417014451
lost:0.043265510176763576
believes:0.06060032678259681
game:0.03669147046803071
on:0.0062593682128307395
clarification:0.07347259388160995
a:0.008620395838557993
christian:0.19789150439731948
was:0.032794856818569834
private:0.04382322374906854
jew:0.06251823344950004
christians:0.04440732885233914
it:0.00423278308320953
not:0.014886666878418886
ken:0.05093916914956557
writes:0.00816373322243904
newton.apple.com:0.12442171253796978
if:0.008273461972387769
of:0.004801002112734288
cheers:0.0537550947699302
safe:0.05126840676786385
alink:0.06569520772187645
who:0.015963615731282077
jyusenkyou.cs.jhu.edu:0.07452392484877424
in:0.006580729699795943
rather:0.031771403122381026
subject:0.0003295920603952876
i:0.002356774163523394
sad:0.058408797705734435
ksand:0.06726729935615548
the:0.004652796357957117
original:0.07620167934008591
would:0.01151419316178242
law:0.037121495373382295
label:0.06805391434857656
an:0.011085162204465884
jesus:0.128637015544178
is:0.0033169460109958504
him:0.029586608683497623
activities:0.052176904998203225
article:0.020008219267076566
arromdee:0.14595740172337549
