at:0.00672492375919413
know:0.00941889408899467
all:0.021848881617853998
massacres:0.04339097190199512
tony:0.07057625309072836
your:0.009617803222757728
with:0.004464331120530895
further:0.02708270535176631
into:0.013670258801392261
killings:0.04679029263982233
my:0.00725354397962062
to:0.0031561812826507575
w:0.04724184511495196
look:0.03620104311871619
young:0.028656912420413638
casper:0.051542427092845164
us:0.031448494445572454
next:0.020445649036253247
perhaps:0.022049324714809505
that:0.005296253823427127
think:0.010990442958233246
cleveland.freenet.edu:0.06538043925962604
like:0.008890374530600558
through:0.01808750606125822
nt:0.010901962621716619
consider:0.024582931897490022
re:0.0028545076547951947
happened:0.02574275495220176
mormons:0.040538174880670054
saints:0.044976005220913017
you:0.03394192301732652
tell:0.036794275627823704
intelligent:0.03891731506990674
m:0.010448967268061618
why:0.013585668550793942
more:0.019410977493446196
sure:0.016656824581367965
a:0.00213206736770442
how:0.010040938910145987
truth:0.027443187236737433
blood:0.03188300545350077
are:0.004907720470238363
doctrine:0.0361153634669045
it:0.002617217020915816
have:0.0078053528724832495
persecution:0.04483059915243443
command:0.031421775991861335
has:0.008128049418981305
talk:0.02640911273005364
sic:0.04512423488394433
thinking:0.02659180560189813
were:0.011842009904368695
of:0.0029685585582555516
believing:0.03769332537467636
what:0.021078826786182395
years:0.017021186434964836
mormon:0.0444102955098159
who:0.009870632627739299
up:0.010255422674445683
in:0.002712667204496038
better:0.03414070032521226
and:0.0029144840800823654
for:0.004967158212398076
subject:0.00020379356406120838
jews:0.028203298523689968
i:0.0014572420400411827
we:0.010288121417663892
background:0.033793893132187884
than:0.021841240949915436
em:0.0363015577655622
the:0.005753839770908801
do:0.005483342892416004
would:0.007119462947361649
mountain:0.03469300027460302
just:0.008964798194396075
makes:0.02132044184925171
people:0.011490634657046698
many:0.014146572729603766
religion:0.027110925671471088
prepared:0.036348824714019616
done:0.020218805736035864
does:0.009301441330820802
lot:0.01892025487225489
their:0.011554836783066518
nothing:0.019502717568709225
under:0.01852918646645526
opinions:0.021798550805496503
adds:0.04131514201280701
before:0.016230490589485835
john:0.04093860152033352
s:0.004736154815694796
