help:0.02140092720041797
all:0.009540678306462913
faith:0.07490052240709585
ever:0.026434220568298607
further:0.035478344010813866
from:0.008465722544301757
themselves:0.03236450216322818
my:0.009502142613303012
kent:0.046013533874613904
w:0.06188681710058708
trust:0.04149368263718333
next:0.026783800237491752
that:0.0034690462543447683
sandvik:0.04998913316062442
cleveland.freenet.edu:0.08564837543011011
helps:0.042299722961329625
nt:0.021422356551673155
could:0.015091091553260574
re:0.0037394050277817052
lightning:0.061542209484070964
mormons:0.05310500909367777
he:0.04770399622560705
on:0.0050700882523928995
you:0.0055579898940872185
why:0.017797225801540063
a:0.00837902475507837
stronger:0.05089510211414669
other:0.013793079878319108
was:0.008854611341013856
private:0.035496811236745515
hands:0.040053699553550925
far:0.024893780721214016
are:0.006429113816012255
those:0.018559156542875602
it:0.0034285542973997198
have:0.005112506131476529
miracle:0.11189210320943348
interesting:0.03268024561921413
providing:0.046119917856664465
his:0.018444290415052567
heard:0.027026473594198745
newton.apple.com:0.05039079357787776
if:0.006701504197634093
of:0.003888811711314773
cheers:0.04354162676364347
even:0.01679159447766026
seems:0.02356487089381078
alink:0.05321311825471993
who:0.025861057484676965
net:0.033151424848984826
now:0.016519143978782444
david:0.02496445239344494
one:0.009833109077756225
in:0.008883985094724524
or:0.006743114577030853
use:0.016627795277473482
and:0.0019089870724539493
for:0.00325348862912074
subject:0.000266969568920183
jews:0.03694632106603386
ksand:0.05448651247848594
than:0.014306012822194611
the:0.001507506019978106
did:0.016439110434429655
instead:0.030677343115846415
is:0.005373452537813278
himself:0.03742781450500969
followers:0.047996752856017864
activities:0.04226329304854461
words:0.03307859131507374
opinions:0.02855610155520042
before:0.021261942672226444
rifles:0.05765562958615313
john:0.053629567991636914
god:0.07959534695325675
s:0.006204362808560183
