tables:0.030333858858043787
faith:0.03763845347090244
where:0.009283702503687244
your:0.01266263539880666
with:0.002938831039143454
into:0.008999014587851187
such:0.019326806065003
wrote:0.01294258781252694
to:0.005540499136043541
kent:0.06936713649439281
job:0.017444666106980786
tool:0.023625310784011925
death:0.016861388864504636
us:0.01035113761902008
heaven:0.043760428908184386
that:0.008716196618956704
sandvik:0.12560083708699604
think:0.00723491471119877
nt:0.0035883344307660226
could:0.007583463092090741
need:0.00965428136430772
re:0.0037581960078208096
this:0.0026381027053840153
getting:0.01362915362926978
mlee:0.030223412090612755
these:0.00832480388491931
on:0.005095566082806934
you:0.008378879237317415
children:0.05053834474399787
fed:0.028888220303009707
dying:0.025575428198063663
m:0.013756931780061026
why:0.008943329548512595
a:0.003508804336297475
as:0.008041348343889632
private:0.017837593586304278
solution:0.01954702044338316
others:0.01354938805562008
are:0.003230710460307666
helping:0.026028448785974705
those:0.009326209318027941
tragedy:0.028113593771214442
hoping:0.024054545714435802
pain:0.022246231157369914
it:0.005168674820200582
not:0.0030296985355576125
have:0.005138197117061837
received:0.019443672314833023
due:0.03331801492360284
being:0.00977790919560376
only:0.013402374253962679
kind:0.013846867823934975
malcolm:0.028042314198390542
whose:0.018807946987442054
always:0.013351538180898027
after:0.009694541144044982
doing:0.013470868870177463
anger:0.026906854436125092
points:0.01841787079633383
ex:0.027569806913725837
manage:0.025322006823054154
glad:0.02331202872082531
be:0.0029068404881279967
writes:0.0033229265880279513
newton.apple.com:0.07596602046916245
if:0.003367590049062358
of:0.005862530218062471
cheers:0.021880214454092193
available:0.013573185064393116
humans:0.045330468434730285
never:0.02215014302373729
again:0.012270699186472452
seems:0.011841643665231548
subscribe:0.026271255706933536
they:0.00937607662821853
alink:0.0267402604295075
notion:0.024850555791809656
good:0.00814075302190703
in:0.0035714512943616178
our:0.011204901623017053
or:0.00338849978745269
use:0.008355676018830895
and:0.004796449930788818
for:0.006539675636423598
subject:0.00013415556227144873
however:0.012045723136667906
i:0.0057557399169465805
post.royalroads.ca:0.03068055670471188
we:0.006772582440773719
possible:0.012949606145550664
will:0.011390003466364667
tired:0.024813194090867356
ksand:0.027380157024364794
the:0.00265139249744893
do:0.003609637783449732
see:0.008891385735734553
painful:0.028643043598640706
agree:0.01515856873851477
maybe:0.013306095891167458
instead:0.01541575030947056
kingdom:0.024926123014747045
loving:0.026221746679581718
is:0.005400454811872641
assuming:0.019940551113914583
lack:0.01949508069800295
gave:0.018652632728833628
suffering:0.023625310784011925
lee:0.02144297135364179
food:0.04236662601839594
hear:0.01665166615205431
activities:0.02123783570278624
article:0.00814404904840805
very:0.00876001252152486
purposes:0.022246231157369914
earth:0.017691131470320347
takes:0.017969345999897843
fault:0.022246231157369914
emotional:0.0267402604295075
secular:0.028409274675852296
while:0.010906243748133279
god:0.03999766178555615
plenty:0.02342370277501984
