another:0.01945180114375946
out:0.031004660502117365
to:0.0012089466316586234
bruce:0.04040928455869371
normally:0.03733203284316477
nt:0.018791540834801012
responses:0.03891165465842907
re:0.0032801798489313205
this:0.009210218217042439
jon:0.03639796722559941
contains:0.03682152197261224
something:0.01746194137862739
on:0.008894891670864736
brings:0.04551877238915358
why:0.031223203160596603
a:0.003675010857490513
tossed:0.16472582800170849
other:0.012099192875718515
was:0.007767202930713909
as:0.021055635795184695
are:0.0056395735228177675
it:0.012030015078595507
not:0.010577368571508155
have:0.0044846545012952
interesting:0.028666882122117654
facts:0.035527077141551656
references:0.03622252278080406
ancient:0.040224605530642554
be:0.010148443107674935
asked:0.029581586831038866
considered:0.03020037681765098
writes:0.017401641868883218
understood:0.04204600346729382
miracles:0.05314834007546291
reasons:0.03189933750698338
what:0.008074053535058167
but:0.017507453217116057
never:0.019332800270718074
up:0.01178474009081039
good:0.014210612731223676
in:0.00467578162880238
albert:0.04503131755446226
solntze.wpd.sgi.com:0.045353259368939705
and:0.0033491001271121917
few:0.0200493640430376
for:0.002853937393965561
subject:0.0002341838323861254
i:0.005023650190668287
example:0.024661045120683373
info:0.025836802275371905
news.cso.uiuc.edu:0.08044921106128511
source:0.05472399932806709
livesey:0.08990529002150768
the:0.001983560552602771
got:0.01940485808447872
would:0.01636227449305923
because:0.01548002016574135
did:0.014420272310903204
once:0.023535361358990405
jesus:0.030466661576252684
satisfied:0.04758122626951258
is:0.007070332286596418
itself:0.02950048982977526
christianity:0.033742529069315894
alexia.lis.uiuc.edu:0.10670000503206088
cobb:0.2060634557532951
somehow:0.03729924054394891
regarded:0.04706810164949848
article:0.014216366321343876
before:0.01865082690546179
realize:0.03432904613272928
mike:0.05605986015715269
seem:0.02420800486750647
