obvious:0.021370268410566735
read:0.012594461454988454
stephen:0.04524065865990019
insight:0.06351073352751047
all:0.00530037683692384
truly:0.02421279705016877
own:0.012591614641933308
with:0.009747122946492456
much:0.009706649275332952
4:0.02760299449087421
into:0.019897821144248738
someone:0.01224143397035011
apparent:0.026884189425419855
from:0.004703179191278753
wrote:0.014308749859404784
to:0.0022969986001513845
kent:0.051126148749571006
probable:0.032522868644204214
that:0.009636239595402133
sandvik:0.08331522193437403
quite:0.01475666323394112
provide:0.037521729758704596
nt:0.003967103065124659
me:0.006019937113358582
re:0.002077447237656503
effort:0.022568649370715017
he:0.008834073375112418
on:0.005633431391547666
possibly:0.021538631463318563
friendly:0.02877589615782759
m:0.007604526178422623
more:0.007063439032337366
a:0.0023275068764106585
christian:0.017810235395758756
was:0.009838457045570952
private:0.019720450687080844
cult:0.052635054762449465
soul:0.02341932938239109
are:0.0035717298977845863
those:0.01031064252381978
likely:0.018368937805165155
doctrine:0.026283958967580498
it:0.0038095047748885774
not:0.010048500142932747
should:0.009126734123519331
reported:0.022940931094509242
whether:0.015874769916010136
theology:0.02987329046592472
peace:0.021397976974516952
postings:0.02559254688717269
stated:0.02156719479387644
careful:0.025563074374785503
points:0.020361979380391294
has:0.005915413743814172
bother:0.025475583502740286
love:0.03635797155757165
his:0.03074048402508761
be:0.006427347301527459
newton.apple.com:0.055989770642086406
if:0.003723057887574496
of:0.006481352852191288
cheers:0.024189792646468592
even:0.018657327197400285
what:0.005113567238870174
but:0.007392035802782336
associated:0.02527664209886967
reading:0.018257344702016613
nature:0.02118008412366539
sense:0.018257344702016613
seems:0.01309159494100599
well:0.018698532335037165
alink:0.029562843474844405
now:0.00917730221043469
david:0.027738280437161048
one:0.005462838376531236
rest:0.01814794907484894
in:0.003948437819877566
additional:0.023748643881999643
our:0.012387641238779964
or:0.003746174765017141
message:0.01804066604755401
and:0.003181645120756582
davidian:0.02893539674606332
for:0.003614987365689711
subject:0.00014831642717787942
i:0.002121096747171055
person:0.015584413550410283
we:0.007487466142855389
review:0.048018216496208736
convinced:0.026351299859426858
ksand:0.03027028471026997
the:0.0029312617055129836
thing:0.01257740241736087
would:0.01036277384560418
agree:0.016758639883135775
reports:0.021967902467711957
may:0.010339030707999061
fbi:0.021193454901612972
koresh:0.06806997714406253
makes:0.015516543790288747
press:0.019929724226487037
is:0.0029852514098962658
done:0.01471479750789277
attorney:0.028620847334954944
christianity:0.021370268410566735
study:0.020585407491304438
does:0.00676938230187514
handle:0.022568649370715017
too:0.010847321488136092
various:0.019803216546417715
him:0.026627947815147865
activities:0.023479607249191452
significant:0.023127376630577588
article:0.004501849335092228
especially:0.01736275393054079
sometimes:0.019469479579543612
god:0.029479758130835833
four:0.019489145283460966
s:0.013787472907911519
