24:0.04259399707986582
confusing:0.060675902200427456
all:0.0110938119842592
with:0.013600636669524355
though:0.028901676762914878
from:0.009843863423606693
both:0.026112838166374858
to:0.0016025571628963148
formerly:0.06394529047287616
think:0.050223768402158905
cs.utexas.edu:0.06293353027532231
re:0.004348145381141518
had:0.017841959135838782
jon:0.048248468182771315
apr:0.04333963112834882
texts:0.06321373436345093
you:0.006462778946613045
a:0.0016238420067981338
was:0.030888179096559963
let:0.026803927241311917
russell:0.06079046378697411
evidence:0.03741520970364043
stuff:0.03399321572876304
are:0.014951427479098268
should:0.01910246677015674
sex:0.05029822681460843
founded:0.06379525088176094
date:0.0416023161602712
kind:0.03204100810422163
historical:0.05250260736897037
robert:0.03715595382508957
references:0.048015902290833294
ancient:0.05332098872666571
free:0.033575672024706224
be:0.006726293687645015
writes:0.007689097569971655
of:0.00904374816584831
oregon:0.13657694160392816
they:0.01084790261055516
chance:0.041802994511774466
in:0.004132086090569546
solntze.wpd.sgi.com:0.06011943683789682
and:0.0022197524098301735
subject:0.0003104297313025383
i:0.00665925722949052
group:0.03136181319542611
we:0.01567144076411593
any:0.011898689142893108
psilink.com:0.14493447650876298
livesey:0.11917677979595205
the:0.005258741930156184
thing:0.026324795757266935
flying:0.05776631487581257
sp:0.05487367933857877
just:0.013655680970533558
here:0.020934894251434837
christianity:0.044728468766302466
does:0.01416847458532006
followers:0.055810177739555655
1993:0.03522855584895508
history:0.0386163674924521
turpin:0.14690092739313654
article:0.009422475352518616
by:0.011516691567641466
s:0.0072143753587909105
