religions:0.05133544301398712
au:0.06128995350676883
week:0.03707353553124283
therapy:0.06062804067881793
all:0.010258793877917111
your:0.01354765830302433
with:0.012576932834183815
meaning:0.042429532633164437
kent:0.09895383628949228
been:0.015776778357219776
that:0.00746031452547262
sandvik:0.10750351217338586
me:0.011651491187145643
need:0.02065808593007781
re:0.0040208656212706514
so:0.010987210724569034
two:0.02005149927584206
you:0.005976333219448623
a:0.004504852018859339
wife:0.08690283929341872
que:0.06095390465188598
died:0.043615086248971244
far:0.02676750615184303
no:0.012104792862177527
brian:0.08034575300599524
those:0.019956082304167316
d:0.019589722821258447
learned:0.048815005316795244
it:0.01105985257225716
have:0.005497318420942504
ve:0.039250187075858804
je:0.17911745036685942
doing:0.028824762421132424
has:0.011449187891253237
bskendig:0.1352204804522929
netcom.com:0.06922656289722881
talk:0.03719993298534438
his:0.019832570338766203
writes:0.007110348290511424
newton.apple.com:0.05418364900847072
things:0.024029311055271504
of:0.002090758984577835
what:0.009897226913942271
ne:0.12327368899672521
si:0.05819659788900773
good:0.03483892153461289
one:0.010573235567479812
or:0.021751982506551137
and:0.004105348542911719
for:0.0034983748700223014
subject:0.0002870640526023473
i:0.0061580228143675786
group:0.029001246610824143
um:0.06217911174166252
the:0.0008104871075151108
jose:0.04903114702992521
ends:0.05087217864693
an:0.009654818694212223
just:0.012627834015762215
jesus:0.03734623031927749
lesson:0.059559519455020034
is:0.005777905954637934
done:0.028480253241082783
life:0.03000407906762054
de:0.08690283929341872
kendig:0.1298158690914132
strange:0.04727272076187875
vacation:0.06356209429888933
