lpl.arizona.edu:0.03587793121914807
au:0.0360757321274019
surely:0.056791318074038234
independence:0.03480566443460347
help:0.01354489063317593
your:0.007974254570767484
with:0.00740287818720946
much:0.011058208035189438
though:0.015731292415257465
meaning:0.02497434515749552
hair:0.03456375802434906
christ:0.023492872867328433
to:0.001744555898849153
within:0.02048386212862543
sinful:0.03820530324525768
that:0.010977994475774583
ceccarelli:0.03753846453856258
re:0.0023667120428998135
child:0.025097244435072115
he:0.05032067112405808
on:0.003208916615438544
you:0.010553145368520036
sin:0.05450336880382907
more:0.008046955859624847
a:0.004419316853944288
how:0.008325082260943825
test:0.02263227755683336
as:0.02532006836129805
coming:0.022003987055630347
que:0.03587793121914807
died:0.025672171019964083
no:0.007124973013813353
brian:0.0945842408804754
innocent:0.02804717943459489
it:0.00433994214860724
not:0.0038158861302276257
signs:0.06357998527741766
je:0.10542989167163246
against:0.016349878431378775
suspect:0.024570221917074427
always:0.01681617783543486
second:0.01740313782691308
bskendig:0.07959180178521037
netcom.com:0.040747280692672645
his:0.08171521069959999
be:0.003661147197072603
seek:0.030756289751979093
writes:0.004185205006440268
showing:0.02717736909889755
get:0.008318822628424824
if:0.00424145835293297
of:0.006153183087523375
even:0.010627591441557125
praise:0.03638453063480337
nature:0.024129209761137783
submitted:0.037290232176832944
ne:0.07255982959933825
loud:0.03425495951694759
si:0.03425495951694759
professional:0.03025636309806371
good:0.010253226907338603
in:0.0011245550752815852
or:0.0042677940360954765
and:0.0036246589983302837
gets:0.021122255331600028
for:0.002059170018430848
subject:0.00016896808159505252
away:0.0175252125716688
limits:0.03129911773778558
will:0.03586409319314191
the:0.0023852943354083955
jose:0.028860105530272434
see:0.011198644059564406
older:0.02796297712050399
would:0.011805691722840203
can:0.010943873321996372
ends:0.02994375072256006
development:0.024602930588963304
just:0.014865678018555518
jesus:0.021982274808182316
about:0.006234279622290326
head:0.021853542629466347
is:0.0051013789915948845
itself:0.021285163548065696
life:0.017660628818282974
him:0.015167818375717138
mouth:0.030585222205220107
dog:0.03149092374724968
show:0.019051067529967294
de:0.05115167122967051
testing:0.03115898402970195
kendig:0.07641060649051536
teeth:0.03549996137926439
by:0.006268578954539025
emotional:0.03367918876881008
fashion:0.03472399731538887
s:0.011780435712456044
