taken:0.010014836777381946
simply:0.018593576534245527
believe:0.0066038658976606095
go:0.005913167938583973
say:0.011535227807097528
there:0.002789601779869749
true:0.00785191730139163
anyway:0.009265999457886122
document:0.013844478333819143
saw:0.010326384751171595
chris:0.023323691446317935
own:0.006889029287379925
your:0.007659162444870897
with:0.007110363243641913
way:0.005265570880080679
someone:0.0066974410780031
from:0.0025731679465962783
my:0.005776378488330099
hamilton:0.0335098301655605
to:0.0071213938363356
then:0.014552100453882702
assumes:0.016450710041573613
us:0.0062610224504103225
direct:0.01213913563092454
make:0.0053497887031905885
that:0.013707477600754402
view:0.01035060411180739
like:0.0035399363632482466
nt:0.004340903049984428
could:0.004586957918924187
joy:0.017524507472994874
asking:0.010897972080967763
me:0.013174330460845528
anything:0.007055444225894844
re:0.0011365972728819773
so:0.0031058072868842554
teaches:0.017473422006987635
error:0.01144516157803039
this:0.0015956913020407873
he:0.004833231633800107
merely:0.012404404315321752
consistent:0.014168136328963368
on:0.0015410602590859876
you:0.02027230356505976
assume:0.01055163694616771
etc:0.007058735524189166
bible:0.021878015208858948
came:0.009175461192942087
bill:0.0564531405901225
why:0.005409491125088165
ray:0.026369415602362733
a:0.002971285374141266
christian:0.009744201736281386
was:0.005382742456543377
part:0.014888888221357309
experiment:0.015443545494599626
across:0.011729982133233563
are:0.005862413813992938
no:0.006843439125729543
thread:0.01265327596809716
reason:0.008122224693035038
place:0.016531474877303498
missed:0.013209520295525322
it:0.0052105688410330085
becoming:0.014473240235673465
statement:0.031670511425770265
deleted:0.01067896503646911
proof:0.07636064300974796
being:0.01182859531869391
only:0.004053301636076859
between:0.007060382510779348
always:0.008075854401211877
earlier:0.011993758464693896
exists:0.034027049206854294
loves:0.01727725628924426
command:0.0125114062459995
has:0.003236396577162769
attempt:0.011722335553910623
his:0.016818501898224224
intent:0.015008588523047426
be:0.007032963612613633
which:0.003926724414946863
writes:0.004019832164240501
if:0.01425851956943424
of:0.005319043374138748
obedience:0.018027590872622755
what:0.008393089085075665
but:0.008088549814594654
fact:0.007289565740513189
please:0.005821931176003814
testimony:0.050757759424057546
authority:0.012857058650860068
clear:0.010023558486889402
in:0.004320479073422261
initiative:0.016919253141352515
point:0.006691598666443954
yes:0.00810591450001182
or:0.0020495788987935724
alt.atheism:0.01713801757790294
and:0.002901196158744604
for:0.001977804637763368
subject:8.114576562923495e-05
relating:0.01727725628924426
i:0.004641913853991366
person:0.01705285373297174
established:0.014083933889603684
will:0.006889394193940939
source:0.009481057634345971
exist:0.011053265883878739
convinced:0.014417124543151472
the:0.0022910425835533524
when:0.003974694355148133
engr.latech.edu:0.017850481729388787
would:0.008504404067821058
convince:0.014362026109739447
because:0.005363897565028918
agree:0.009168860726335682
needs:0.01018038468896458
an:0.010916694693759717
relationship:0.013875336605746247
ready:0.012813006956931295
note:0.009002094525466558
makes:0.008489294474930013
belongs:0.01667596223656973
excuse:0.013455927052634082
is:0.006533072994301858
discussed:0.013798770499884368
followups:0.017737894277472833
else:0.0076794900466202335
christianity:0.011691940163835903
insist:0.03215333441289053
does:0.011110840252317858
himself:0.011376235411857049
belong:0.014919837292979762
experience:0.010067546427948777
x:0.01851161087869971
observation:0.01595130866986761
article:0.004926035746605478
give:0.028732355882747803
burden:0.09892267102840914
respond:0.02458363372681159
by:0.006020884345393107
upon:0.031623789507838326
giving:0.01152999072124339
god:0.07257934372637394
beliefs:0.039703611030677925
