know:0.019901211704166158
help:0.03451762451680317
ever:0.04263583962628807
from:0.013654391200486702
wrote:0.04154153184988486
themselves:0.0522008099406906
kent:0.1484307544342384
w:0.049908723468215385
next:0.04319967780240605
that:0.0055952358941044646
sandvik:0.24188290239011814
cleveland.freenet.edu:0.06907127050815332
helps:0.06822535961504779
nt:0.023034791991046404
re:0.006031298431905976
mormons:0.08565324047367381
he:0.02564730979871347
on:0.008177561697407902
you:0.008964499829172932
a:0.009009704037718677
was:0.014281631195183638
private:0.05725292134958954
hands:0.06460274121540473
those:0.029934123456250968
have:0.008245977631413756
miracle:0.09023556710438184
heard:0.04359108644225604
newton.apple.com:0.16255094702541215
of:0.0031361384768667524
alink:0.08582761008825794
who:0.041711383039801556
one:0.015859853351219717
in:0.005731603286919048
or:0.010875991253275569
and:0.0030790114071837893
subject:0.0004305960789035209
jews:0.05959084042908687
i:0.0030790114071837893
usenet.ins.cwru.edu:0.08400599055308705
ksand:0.08788147173949346
the:0.0024314613225453322
did:0.026514694249080085
is:0.00433342946597845
activities:0.06816660169120099
article:0.01306988516639679
before:0.03429345592294587
secular:0.09118460742733236
john:0.0432496516061588
god:0.08558639457339434
s:0.010007036788000296
