at:0.022024125311360776
worldwide:0.15091094781876785
sue:0.13847588273292158
both:0.05614260205770595
my:0.023755356533257534
to:0.006890995800454155
mom:0.14929748479032853
death:0.08388540960091057
bobby:0.13045318973091904
me:0.027089717010113618
re:0.009348512569454263
you:0.013894974735218047
used:0.04936158770842164
them:0.03664647928830602
was:0.022136528352534643
mistaken:0.13471882765668813
are:0.016072784540030638
no:0.028143643404562747
not:0.015072750214399123
being:0.04864509824812871
free:0.07218769485311839
of:0.004861014639143467
up:0.03358650925880962
in:0.004441992547362262
for:0.00813372157280185
subject:0.0006674239223004575
however:0.05992747260492283
i:0.004772467681134873
the:0.0018843825249726326
her:0.0826602201232432
problem:0.05288913230113961
people:0.03763182850182794
religion:0.17757656314813564
is:0.0067168156722665975
new:0.04309998912208868
fischer:0.13916085708762446
pot:0.15091094781876785
sign:0.1083428016473264
