say:0.016500391080587335
surely:0.03901316632912192
all:0.016592484011239847
knowledge:0.03214583604219248
with:0.01017091090068778
way:0.015064111474317769
option:0.03644009758480333
extensive:0.04608526626305243
ca:0.01788303127036801
harm:0.04184923896633563
to:0.002396868104505793
kent:0.04001176858662079
w:0.026907311782863947
that:0.006033123920599597
nt:0.0062093787106299
could:0.013122688307183107
re:0.003251656545897135
so:0.008885309542477566
this:0.0045650646814906
he:0.013827245282784655
best:0.02117544417357769
dk:0.05871354738402363
something:0.01731009841011759
two:0.01621556028394184
you:0.0193321387620425
causing:0.04268370842948123
bible:0.06259014785838778
more:0.0110558176158324
want:0.01645737363227984
was:0.007699662035664223
cult:0.04119265155322132
are:0.01118106750610827
no:0.009789093358108781
fools:0.04916039704777919
it:0.002981351562956278
not:0.015728087180242562
comparable:0.044034581820952205
have:0.008891315011263529
verse:0.04504053311659971
always:0.023103966069553977
after:0.016775771197086533
netcom.com:0.05598322042993285
his:0.016038513404393537
be:0.005030097888151924
common:0.05854135721098
if:0.011654789908928858
cheers:0.03786228414229866
even:0.014601386502313267
opinion:0.028776622300762514
what:0.0160076887477675
but:0.005785071497829654
compassion:0.05268618059654584
san:0.03511274290090908
sense:0.0571534268932694
david:0.021708219472560818
good:0.014087042185734776
one:0.0085505296328315
in:0.0015450408860390476
according:0.029908923518141027
point:0.01914379096747879
morris:0.08549298638893614
and:0.004979966275966824
subject:0.0002321474512349417
i:0.006639955034622432
the:0.0026217495999619235
do:0.006246242773099971
when:0.011371082111684661
judge:0.037934447645035146
quote:0.03508659054383121
would:0.008109996922646748
reports:0.034384542992940456
an:0.007807809900536841
koresh:0.035514770683858714
makes:0.024286764193495427
is:0.007008851136278188
else:0.021970019350765712
christianity:0.03344911577306098
does:0.010595554907282829
followers:0.04173630683131988
too:0.01697841624229997
davidians:0.0420796008397876
by:0.008612482389714488
seem:0.02399750047735424
john:0.04663440694924949
doubt:0.030261498252004936
diego:0.04512295697707399
