sent:0.021506915487073758
permits:0.034021922291145514
know:0.021646932029093013
all:0.005579344038867199
50:0.04036471683191147
damn:0.02515694068633103
access:0.019604543087827633
i.e:0.02020198243845265
surprise:0.028458284561990982
my:0.005556808545791235
weather:0.030515366018928427
to:0.001611928842211498
ap:0.03306108573388659
legal:0.044202516886940636
brent:0.03131265516250815
that:0.006086046060253978
guy:0.019803103783326722
justice:0.02517991892106723
weapons:0.023389216289413293
believed:0.025560407771050047
re:0.0021867865659542136
happened:0.019721057887359245
batf:0.026666062419783886
authorities:0.054452802300354125
had:0.03589259615630725
this:0.003070072739014146
he:0.04649512302690746
illegal:0.024033679097212206
on:0.002964963890288245
you:0.00975085946331091
relative:0.0287901723783211
machine:0.038044436892682415
more:0.007435198981407753
a:0.0040833453972116815
how:0.0076921812703457555
j:0.017860401517712645
timothy:0.029763217610612097
was:0.015534405861427817
as:0.00467903017670771
cult:0.02770266040128919
modified:0.02887617324024914
also:0.026026265468062568
premises:0.03828809085682283
it:0.004010005026198502
not:0.003525789523836052
have:0.0029897696675301334
probably:0.01396037260250999
between:0.013584010795593014
hope:0.01689158793941547
investigators:0.03628955697540729
mitchell:0.031513176060044
knew:0.06810693092803087
without:0.01314158178247073
found:0.015640470790976593
guns:0.047192490205153086
get:0.007686397516322352
were:0.01814389821605028
if:0.003919008302709996
of:0.0022741588955057152
department:0.020281143758438223
what:0.01076540471341089
well:0.009841332807914296
they:0.027278351593793673
one:0.011500712371644706
president:0.04404044630610524
in:0.0031171877525349207
government:0.015740438237522206
gun:0.06422834203165616
fully:0.024547681315074826
semi-auto:0.038075414575121806
message:0.018990174786898954
and:0.004465466836149588
gets:0.01951646983855441
still:0.011939819194324837
for:0.005707874787931122
subject:0.0001561225549240836
legally:0.029279640324968156
i:0.002232733418074794
license:0.027358563909927008
any:0.005984136060168463
addition:0.023189266787961366
the:0.005730286040852449
do:0.004200689584248518
automatic:0.08081856911738743
responsibility:0.025367069395255376
did:0.00961351487393547
carl:0.028418092285454364
mr:0.01974827882037084
imagine:0.023027710844833113
thought:0.01569933570287551
claimed:0.024888021895443178
today:0.016603077577768143
davidians:0.028299146763599847
him:0.014014709376393613
agents:0.026636452466821624
element:0.03111878260509937
difference:0.01875528565400226
full:0.0180682016603699
takes:0.020911695052512693
thus:0.019481608613311725
documentation:0.026182013961983514
rifles:0.033716742448042764
todd:0.029763217610612097
check:0.01935269920811514
s:0.010884847032561724
news:0.017946646293353324
