bottom:0.02289037820331133
taken:0.016810618876319693
some:0.005956820791496704
out:0.006011107648369693
correct:0.016694986939701267
say:0.009681351909528282
entirely:0.021204719623373534
know:0.006295281253358682
story:0.018342130244962264
actions:0.020174604307082407
with:0.0029838131468854453
way:0.008838636834421138
compound:0.021849075364824007
previous:0.017720405202514316
into:0.009136754607052992
someone:0.011242133238076631
from:0.004319246196072324
my:0.004848031945562761
to:0.004218977020686217
building:0.019390140657340058
line:0.014407161983704023
property:0.023316841040598398
that:0.007079686233356669
jeff:0.021507547391991816
think:0.014691306403352603
through:0.012089098438902176
re:0.0019078597080518904
happened:0.017205616830298115
started:0.016730841204025026
batf:0.04652955789574535
exactly:0.032820231155836814
bitnet:0.02489926414418941
child:0.020231452146639763
on:0.005173559441217244
you:0.011342836518545342
used:0.010073793409881966
am:0.008338450799496763
bill:0.015793438141284272
a:0.0028500084200946837
how:0.013422071400297185
occurred:0.02601106262325399
jeffrey:0.02805762745238443
was:0.013552976542368146
as:0.004082215103148053
private:0.018110617977931384
following:0.013965889148162047
arms:0.020679286896039692
stuff:0.014915390574865416
lets:0.02364088902897761
no:0.005743600694808723
internet:0.014574152770992888
it:0.00699704958653004
not:0.015380357361631758
should:0.016763389206464075
ken:0.042102782664436844
have:0.00260842149565129
shooting:0.024326156057587783
due:0.033827984539780434
second:0.014029060084960542
u.s.a:0.026191684700044376
attempt:0.05903033261076421
call:0.013555898459177079
be:0.00590266588915787
which:0.019773862232410986
considered:0.017565525291899038
writes:0.010121363127819832
po:0.026623099945085518
of:0.0019840876078136595
breaking:0.025793921733362177
seen:0.013226861686848739
what:0.014088399535662722
but:0.006788604308677655
oh:0.016478143796640168
order:0.014307739087410672
windows:0.014016363170528068
who:0.00659720854200943
now:0.008428134683052266
box:0.016166015360747993
president:0.019211521220265298
in:0.0027195872738952622
according:0.01754860308462356
or:0.003440364580117782
forcing:0.026932409240067328
message:0.016567958615100617
and:0.002921918988449922
still:0.01041688307259973
for:0.0016599431781228263
known:0.01661698340646101
i:0.002921918988449922
branch:0.023264778947872676
back:0.010746717959528251
warrant:0.07205054028781792
flash:0.02805762745238443
grenades:0.08724437259381888
the:0.0034611107601538148
wrong:0.013486847228723777
do:0.007329774682719353
around:0.012077522618130793
serve:0.06408839681175275
because:0.009003685198441396
roy:0.025709588560141713
fight:0.02173267394764966
mr:0.01722936570552762
thought:0.02739373882848686
peaceful:0.11766455017582271
about:0.0050255927567442425
hold:0.017702962310938878
is:0.004112336125877508
entry:0.025464643564292934
tapes:0.026623099945085518
served:0.051587843466724355
2:0.009940865061711268
their:0.007722875605008744
1:0.009992468836350552
met:0.02407722664856007
wanted:0.015536530558908685
davidians:0.024689561717222315
him:0.012227118894710752
agents:0.04647789154924997
article:0.004134351430186739
killed:0.01863665814626472
process:0.036903711563607826
by:0.005053242218454929
s:0.003165491228857236
