know:0.03163782373482825
c:0.06631019731869127
ca:0.05273201528441849
to:0.007067688000465799
t:0.0660582834615498
nt:0.0183097064544215
re:0.00958821801995309
happened:0.08646925381380592
this:0.013461088163369718
these:0.04247784546407545
you:0.04275376841605553
a:0.0035807798098625512
how:0.03372725633920831
play:0.08210046750719081
have:0.013108990080709046
university:0.12053026162044377
of:0.004985656040147145
what:0.023601079564016185
brave:0.152596925754113
president:0.09655020920953841
according:0.08819297960477482
world:0.06464745355724812
douglas:0.23130162098746992
message:0.08326461252717234
for:0.008342278536207025
subject:0.0006845373562055973
the:0.0019327000256129563
do:0.018418408177089656
mr:0.08658860713547215
rules:0.10562859745047827
is:0.006889041715145228
new:0.04420511704829607
too:0.050064560714474265
golf:0.1478349476568029
