another:0.015399342572142908
some:0.008107894966203847
at:0.006117812586489104
all:0.0066254710461547996
story:0.09986270911146122
text:0.025115025925233105
with:0.00406130122770519
interpreted:0.03783785588783745
from:0.017636921967295324
myth:0.19683031710504847
wrote:0.017885937324255977
single:0.045158703757116316
to:0.004785413750315385
within:0.02247534872446401
social:0.06030336377744869
important:0.02182200897898071
that:0.012045299494252667
think:0.009998250191170522
nt:0.0049588788314058226
along:0.02426362091070302
re:0.0025968090470706285
so:0.0070959069262841665
ti:0.026310146223969877
on:0.003520894619717291
you:0.003859715204227235
used:0.013711552141228232
legend:0.04091567141624725
bible:0.02499259376289789
m:0.009505657723028279
transmit:0.039366063421009685
more:0.008829298790421707
sure:0.015153083473327802
a:0.005818767191026646
distinguish:0.03905272706489532
as:0.016669045004521217
part:0.034016973783517736
underlying:0.040653585805255264
course:0.016987165277083466
truths:0.042566168998727255
based:0.02097849313819821
no:0.007817678723489652
culture:0.06570989741895124
book:0.021595128546414398
it:0.002380940484305361
not:0.004186875059555312
term:0.027067220791072624
between:0.016131012819766706
second:0.019095109560085182
b:0.021256307961904454
be:0.0040170920634546615
which:0.02691442359411495
structure:0.06398136721793171
writes:0.004592099937621961
of:0.006751409221032592
nature:0.05295021030916347
ed:0.055113467662069475
one:0.006828547970664045
rest:0.022684936343561172
in:0.004935547274846957
or:0.004682718456271426
and:0.007954112801891455
subject:0.00018539553397234928
i:0.0013256854669819091
person:0.01948051693801285
than:0.009934731126524035
the:0.0036640771318912297
jr:0.03244872505196445
can:0.012007861006079352
peter:0.025568701950180253
meant:0.02827541166243762
page:0.029199623147133934
stuart:0.04309384890829616
an:0.01247080748002412
thought:0.03728592229432934
relationship:0.03170128988396191
is:0.0074631285247406635
itself:0.023354554448572082
introduction:0.035904663667077265
supernatural:0.0429134635860513
article:0.005627311668865285
greek:0.03311060130060559
thus:0.04626882045661535
upon:0.02408385821314539
s:0.012925755851167047
