go:0.014627310163865617
objective:0.10057004525711152
round:0.033087839789467964
mark:0.045167277658529174
say:0.014267255445620627
all:0.007173442335686399
your:0.009473174602866636
way:0.01302535954546273
further:0.02667544662467208
from:0.006365204920527636
my:0.007144468130303017
observations:0.038464004389539036
that:0.007824916363183687
nt:0.0053690116670860035
its:0.015547553052888496
re:0.0028115827276554172
so:0.007682786446503158
merely:0.03068457909579591
certain:0.024784323246319614
you:0.00417893976999039
inc:0.02752643229928121
them:0.0110214975303176
d012s658.uucp:0.04164688202493882
more:0.01911908309504851
a:0.004200012408560587
how:0.0098899473475874
other:0.01037073675061587
sorry:0.023890351013072363
christian:0.02410407797922237
basis:0.02802412238374435
sensible:0.04474646695045418
idea:0.020844934550832753
morality:0.0324935299598405
science:0.025425806211784325
theory:0.03059059290959868
frank:0.05888984024888153
are:0.014501760487245687
those:0.01395425303975609
model:0.05502182724185789
atoms:0.0914571471703379
it:0.0025778603739847515
not:0.009066315918435562
between:0.01746515673719102
real:0.01923002897743043
after:0.014505366072668805
has:0.008005823111928954
call:0.019977113518787275
which:0.009713476184342238
writes:0.009943795353647554
get:0.009882511092414453
of:0.005847837159871839
even:0.01262525900575959
describes:0.03758581440648452
what:0.013841234631528289
explain:0.027030507729418073
but:0.005002129490604588
years:0.016765228744213483
properties:0.04060488079722343
they:0.007014433266975516
accept:0.02685798474182506
in:0.004007812824687755
purely:0.03746833081322828
our:0.016765228744213483
better:0.016813653167679722
and:0.00287065725181045
subject:0.00020072899918810748
horus.ap.mchp.sni.de:0.04360939199012393
values:0.06422475744877094
we:0.0304002384747512
any:0.015387778440433191
physical:0.032083844356200875
research:0.02321301865065246
than:0.021512801236382873
odwyer:0.041545957060035506
2000:0.03252366545907011
the:0.001133463172915869
can:0.01300099236748441
an:0.013502227647544912
jim:0.05092226687141157
people:0.011317843158444491
about:0.00740613669414941
subjective:0.0806881742562831
different:0.019001630812114645
reality:0.03150835505452919
is:0.012120569634165287
scientists:0.03764525184638763
halat:0.0954374863316474
nothing:0.019209443620307583
explaining:0.041958049063757274
article:0.00609272842343309
opinions:0.02147075304902287
before:0.015986423061824392
mathematical:0.04239404348218095
s:0.004664934442526453
