at:0.003732902595145894
objective:0.03778479101467749
correct:0.02773065627272414
say:0.024121334418655216
concept:0.01803327010220671
all:0.008085320598697383
true:0.0109461050515163
where:0.015656413544353914
own:0.009603773879440657
your:0.01067739171340053
with:0.0024780821050404546
meaning:0.01672011243595039
led:0.017862200376399982
from:0.003587170569619388
my:0.004026331615806362
entity:0.023470488598800267
to:0.004671861559629935
kent:0.019497260116361825
hardly:0.03700539703889426
then:0.013524409743862738
been:0.006217120284836607
that:0.014699348535359187
sandvik:0.0423636721700207
think:0.0061006272352904884
nt:0.009077269725285235
could:0.01918359095753463
its:0.008761968457771907
me:0.004591477459341291
need:0.008140686404649307
re:0.0015844936558397056
so:0.01731882368449017
this:0.0022245018575060126
merely:0.017292580592122273
fair:0.017892794647474078
you:0.01884064370877023
state:0.011261497402290746
support:0.011605747074294516
d012s658.uucp:0.023470488598800267
m:0.005800062339474881
why:0.0075411973735339255
prove:0.0166393997453966
a:0.0017752171091267735
how:0.005573572022157306
christian:0.013584077844222778
part:0.010378059798361344
belief:0.01745557330749429
underlying:0.02480557777947779
question:0.009249941031131798
morality:0.07324812685862349
calm:0.025131683885986807
course:0.010365049999576352
frank:0.0663758368906885
are:0.0027242007694967185
no:0.004770109051620805
care:0.013415326022347022
it:0.005811108978643593
not:0.007664110278508028
have:0.006498948472215926
frame:0.02047654706959651
able:0.011175700110638427
after:0.016349268539533484
has:0.009023512490563991
without:0.0190441566508686
be:0.009804428087075785
writes:0.0056039185679454435
get:0.011138762502467139
were:0.006573319057086013
newton.apple.com:0.021352031177066848
if:0.005679240845452621
of:0.003295603145182011
opinion:0.028045013259217703
what:0.0039001784025280983
but:0.002818996704450891
impression:0.020047087348154618
years:0.009448200944832176
now:0.006999637279145102
in:0.006023040742186118
or:0.002857251939419853
debate:0.01923642158670321
and:0.0008088928273109955
still:0.008651309670464184
for:0.0013785968767460763
subject:0.00011312269869499278
horus.ap.mchp.sni.de:0.024576479384264757
each:0.01078817541254498
i:0.004853356963865973
we:0.011421558522999746
any:0.004335962992749184
odwyer:0.07024083418200919
2000:0.018329014856170868
the:0.003193868686394292
wrong:0.02240188183754119
do:0.015218599976832555
when:0.005540993401880237
would:0.007903810560206576
can:0.0036634152221937007
because:0.0074776368597225164
did:0.006965724760351548
eric:0.01689842576406189
problem:0.017928519424115122
just:0.009952445453100728
expressed:0.017414233583149523
about:0.004173797374245218
subjective:0.022736286390011975
is:0.011384433342824742
involved:0.015257953970618084
right:0.008219803363518218
does:0.005163088196345446
matter:0.012800436491103993
unless:0.013042633159917336
various:0.015104148213369443
taste:0.021829459831745297
words:0.028032704504299785
article:0.006867227799293229
very:0.014773241455791926
opinions:0.012100043031864585
realize:0.01658267482682686
conclude:0.022456803475639955
by:0.00839352097302683
sometimes:0.014849603069143432
s:0.00788690187528837
