read:0.031929620590111576
at:0.012407957921893396
out:0.016594043649020562
know:0.0173785228965958
true:0.0727684730185309
ever:0.03723129657506846
your:0.017745524256074122
behave:0.08073558504715102
talking:0.04591114338538406
nt:0.01005744439045688
re:0.0052667676447629656
behavior:0.11967293022307589
so:0.014391698554717185
best:0.034298254647344144
you:0.007828154780404533
bill:0.04359878698157348
why:0.05013303042687342
how:0.018526239397593302
anymore:0.06241485000938018
as:0.011269213524183358
explanation:0.06495763078403445
fanatic:0.08144587876020583
opportunity:0.06480779418959705
fraering:0.08667916828742389
believer:0.16490468608328898
g:0.04978876001424651
writes:0.009313554803064259
if:0.009438738306526891
of:0.005477199593401089
style:0.06465953485175216
but:0.009370186228879017
reading:0.04628622600511254
phil:0.06241485000938018
they:0.026279426042471653
waco:0.054713742387200726
now:0.023266399970116116
good:0.022817040159992946
in:0.0025025310125984575
point:0.0310075487501417
still:0.02875646594689503
subject:0.0003760134773523704
i:0.0026887141865548584
suggestion:0.0651854175339725
the:0.0031848718731931815
do:0.02023430757483089
magnus.acs.ohio-state.edu:0.06480779418959705
when:0.018417949899207548
did:0.04630735333642156
eric:0.11233883043151002
william:0.057347313794239685
come:0.033819629217878996
mentions:0.08120511209317344
about:0.013873467328477064
is:0.007568243011004617
pgf:0.08667916828742389
first:0.02644443421677523
article:0.011413139159388746
written:0.05047209772473395
by:0.013949795419960087
