health:0.10039389398199401
user:0.04556196968184357
insurance:0.16049721761381036
into:0.021575950638342004
longer:0.040894108534628625
to:0.0033209618315441706
legal:0.04553391799799307
100:0.04070496504615749
make:0.021205788956020526
r:0.037352045382278674
nt:0.008603356044848657
funds:0.05994657773572832
re:0.009010614524775194
so:0.024621942105660728
he:0.01915823141590645
illegal:0.04951517018823238
consistent:0.056160444002758415
recently:0.0398712236697312
on:0.012217080126247951
them:0.03532190774776484
letters:0.056503720578593424
more:0.030636603031824722
a:0.003365070182762398
was:0.010668206434956454
private:0.08553448490782052
abortion:0.1348097629029319
andrew.cmu.edu:0.049093727791894706
pa:0.06240555793263815
it:0.00826157662024029
not:0.014527952013878673
have:0.0061596459415379865
being:0.023443420842471665
charge:0.0991868109622611
regarding:0.047674655073143106
found:0.03222313861755419
writes:0.00796701675924774
courts:0.06793262389313333
ok:0.03932348422302328
women:0.04553391799799307
they:0.011239995475996913
removed:0.05563076781696183
david:0.030077653486078243
in:0.00642215789980086
or:0.008124234430157655
and:0.004599968849286625
for:0.007839731636435518
subject:0.00032165008303636504
pay:0.04015472363852871
coverage:0.05576101981821744
the:0.0027244084698399506
less:0.033118862127665995
because:0.021261714444512216
auto:0.11385799012299465
just:0.014149259800793807
is:0.0032370196010923363
issue:0.03772722900560064
boomer:0.0744522741733902
arena:0.0686742852545723
live:0.03730949727647782
while:0.02614870489010268
s:0.0074751359139279315
