sentence:0.03019970289206878
objective:0.05437323585038956
mark:0.01831478027007433
say:0.011570396184558192
there:0.011192426653379847
dbstu1.rz.tu-bs.de:0.03547407751088953
all:0.005817486772233483
benedikt:0.034201182304413255
your:0.015365027099771495
with:0.003566020590180167
such:0.011725714655291455
to:0.0016807306830375986
observations:0.031193369413467637
physics:0.02796100628349544
might:0.012970031316331988
that:0.012691632637846713
nt:0.01306241253150802
its:0.012608686317281525
re:0.0022801250169400644
rosenau:0.03495260084358367
merely:0.024884445242322296
something:0.012138178763192212
certain:0.020099481657076274
used:0.0120394116362004
more:0.015505110070984462
prove:0.02394450207264389
a:0.005109161436023396
sorry:0.019374491980113564
christian:0.01954781933680839
sensible:0.0725765866391513
idea:0.01690473350768754
waste:0.026088902409745974
morality:0.02635146027230967
theory:0.04961644947532469
are:0.01568076540490794
model:0.044621359897360366
atoms:0.11125427353952688
it:0.002090581888658366
not:0.018381402700486733
namely:0.03258104104994371
have:0.0031173817874856884
being:0.011864658109299684
indicate:0.02895945244947726
real:0.031190168951198142
after:0.011763498095517995
call:0.01620095181706529
be:0.0035272027874236056
which:0.00787739227144828
writes:0.004032087750107088
predictions:0.03187792613219374
making:0.018747604822392704
if:0.008172566094675723
of:0.00474245330648143
even:0.010238777120524546
describes:0.030481178756478305
what:0.01122490369508087
but:0.0040566050137220136
years:0.013596191603538985
properties:0.032929567963601934
they:0.005688534295778925
accept:0.04356234110564309
one:0.017987394654432116
in:0.0032502384492894597
measurements:0.036165106079834676
our:0.013596191603538985
point:0.013423999763780859
system:0.013629404446600763
or:0.008223310459793723
and:0.0011640165075938716
subject:0.0001627863225123067
we:0.008217950644597379
physical:0.026019215240089735
necessary:0.021980340106594665
than:0.01744635710023733
2000:0.026375899427172715
the:0.0018384219755830562
do:0.008759974620810936
when:0.007973624651486195
can:0.010543487712655042
forget:0.023409837411063988
wants:0.021466677820693593
last:0.013293674097923768
an:0.010949977299533375
jim:0.020648358213102864
people:0.0091784947565434
about:0.012012392442949653
subjective:0.03271807065879772
different:0.015409859134214925
reality:0.05110501490551686
is:0.01310598179954458
scientists:0.03052938107054607
write:0.019842523932850693
new:0.02102438493760423
else:0.015405806252061323
time:0.009631158353071425
questions:0.018440099617350682
does:0.014859619687042991
existence:0.024808224737662345
i3150101:0.03547407751088953
nothing:0.015578390253054322
explaining:0.034026954423656816
article:0.0049410541482719575
models:0.027214652737686425
mathematical:0.03438053526298821
s:0.0037831480540001117
