land:0.03550564594274764
some:0.010424436385119232
at:0.01573151807954341
objective:0.07961795249521329
say:0.016942365841674495
know:0.011016742193377694
all:0.017036925547255197
happen:0.030193144876493886
continue:0.03489469827590576
to:0.0036916048931004393
sound:0.030814136510075273
then:0.028497863388853628
value:0.03333797160497024
us:0.01839175344808032
enough:0.02171561184765532
homes:0.04910084804167276
that:0.01238945090837417
like:0.010398563067041724
really:0.01742317627849041
nt:0.006375701354664629
happens:0.03335783495338195
re:0.003338754489090808
on:0.004526864511065088
you:0.004962490976863587
d012s658.uucp:0.04945567240461485
more:0.022703911175370104
a:0.006234393418957121
christian:0.02862359260032657
price:0.027947716087892524
given:0.024890960349832864
morality:0.03858606682731059
scale:0.04320673300513905
frank:0.06993168529554682
are:0.005740280192868085
not:0.005383125076571115
probably:0.02131449745561793
after:0.017225122211294207
be:0.005164832653013137
writes:0.005904128491228235
if:0.005983485890744726
of:0.00868038328418476
america:0.03515837995059341
offered:0.04132289861528613
what:0.008218233062469922
years:0.019908709133753512
up:0.01199518187814629
accept:0.06378771376183452
good:0.01446437367285267
in:0.0031728518195444726
point:0.01965657108267911
u.s:0.03149770000891695
few:0.020407388400948984
for:0.002904900561714946
subject:0.00023836568653587764
horus.ap.mchp.sni.de:0.05178615298827217
until:0.025546122547898606
i:0.0017044527432624546
example:0.02510142092640986
we:0.012033427729589017
odwyer:0.04933582400879216
2000:0.038621852732645755
the:0.004710956312431581
do:0.006413552847379434
would:0.03330891593229914
can:0.007719339218193869
agree:0.02693352838361106
jim:0.03023509595490062
people:0.0403198162519585
subjective:0.09581720692933618
is:0.0047977254801904266
number:0.02234165043212284
deal:0.029431383855004545
move:0.03157879567475908
halat:0.11333201501883129
1:0.017486820463613467
article:0.007235115002826795
high:0.024976105586085012
