another:0.03037678534778875
there:0.012572314870919827
true:0.035387408111751326
anyway:0.04176046331019909
take:0.029119851100489088
ever:0.03621126105246384
continues:0.06784590786711342
to:0.0037758881098378925
die:0.05161307358126505
she:0.09082582150406801
that:0.009504236313273337
nt:0.009781897968800527
months:0.04651773342438109
re:0.005122472640796856
this:0.007191540251663273
deserves:0.07723846278260364
pregnant:0.08331370255928042
was:0.012129604576731309
as:0.010960467948178334
abortion:0.07663842685577635
watson.ibm.com:0.15988403335037155
anthony:0.07366016827214314
pain:0.060643835620775514
being:0.026654848355139014
probably:0.03270169472642751
larry:0.06225730186264378
labor:0.07606357481332386
has:0.01458595169707604
writes:0.018116777836097598
if:0.009180142736485057
of:0.005327139330568182
but:0.009113468797950825
selfish:0.08331370255928042
in:0.0073019055573078275
lying:0.0671432599987908
rape:0.14015650914544361
forcing:0.07231167412401639
for:0.004456833738521561
subject:0.000365711738246826
welcome:0.05730983817481385
i:0.002615050784183492
away:0.03793128200443384
body:0.04862576881745961
will:0.015524730752099786
the:0.0051626918492400885
see:0.02423816111522159
violation:0.07057195233276561
her:0.09058654260081446
about:0.013493372333176322
is:0.0036804469437077244
9:0.048778543227740084
does:0.01669162759366473
nothing:0.03499802741782067
cruel:0.08238984939769778
article:0.011100450415295903
charlie:0.1503120979679847
passed:0.05920054088573679
remain:0.061523866699246116
