read:0.03383586659549137
at:0.004382910509723537
know:0.012277364434410963
all:0.014239818367855091
cults:0.02971094224683155
threatened:0.027424711752411454
where:0.01838265470879365
with:0.005819177878502959
way:0.008618770246500216
from:0.008423604521693289
members:0.03669892844283199
often:0.03091861082864384
to:0.006171041015332078
might:0.010582513113823114
hall:0.02278811051550322
perhaps:0.014370455411144505
been:0.01459940683802427
quite:0.013214922299051747
like:0.005794224196560563
nt:0.007105259221118791
could:0.0075080057478908325
me:0.005390988459724103
re:0.0018604005113341817
started:0.016314651124322913
so:0.005083634812860299
anyone:0.02496887686031927
had:0.007633873063095199
this:0.00522370585444198
he:0.0158222209703506
you:0.0027651691015359295
took:0.016793043166252134
went:0.01623115057331385
fought:0.02931271982059505
more:0.0063254677901528646
a:0.004168669032377299
how:0.013088189027155465
christian:0.0159494645335153
was:0.03524223419308997
as:0.003980667463766261
part:0.012185184638872025
cult:0.023567934968260956
worth:0.017488376212894716
accepted:0.020954669754724712
deity:0.030375277533520716
popular:0.02104463828921872
hey:0.019174820824035668
works:0.014801621858461393
wow:0.02576945924581575
pagan:0.03074397391239496
it:0.013645987253332216
not:0.008998656844417386
try:0.012121341653449715
only:0.006634508648105903
ve:0.00908026715934047
against:0.012852143244566402
hope:0.014370455411144505
historical:0.022463802157867918
nasty:0.02631454483045021
stage:0.024831194719410025
has:0.01589215632666494
worship:0.07609206379339975
suffered:0.026262448811209933
free:0.014365710418531023
sun:0.018052200517904682
be:0.008633750106529423
which:0.0064273250374005855
comparison:0.023218660049488575
writes:0.0032898626418784195
get:0.006539174006423494
down:0.011763012820662477
things:0.01111803944348383
of:0.0038694643893679333
offered:0.023025694750806205
available:0.013438128496588209
what:0.004579313945256872
but:0.00661973355473045
associated:0.045271597789020304
women:0.018802563153400124
one:0.00978418813707087
in:0.007071828931123999
men:0.01747063956531016
and:0.00474872406083072
for:0.0016186510592640496
subject:0.0001328206810548174
each:0.012666713419704554
however:0.011925865195009518
p:0.016746905669807712
fatal:0.02783385651975957
i:0.0009497448121661439
linked:0.029217952681437367
info:0.014653708753196007
similar:0.03149013221757911
information:0.012133439226287387
yet:0.01308491911784161
ways:0.017752927270045245
than:0.007117419314524682
the:0.003000011980055932
gods:0.02410889616296974
darkness:0.06148794782478992
fame:0.028855965844211358
many:0.018439811219682523
paul:0.01629364423437342
is:0.004010039207323342
tests:0.023419412763536172
new:0.008577112263102224
does:0.006062133404664305
mystery:0.027359676520733078
article:0.004031506867246771
inspired:0.027693702903009838
passed:0.0215006939535263
past:0.01643539525822569
by:0.004927539675707294
asia:0.030032029416670217
clue:0.02523589939331029
slaves:0.030495165849834454
while:0.010797723909843395
s:0.00308674766595034
news:0.015268042368972232
roman:0.05081494481717948
