believe:0.009128873446766135
at:0.0037015336657749203
there:0.0038562142251140647
know:0.010368698534943712
anyway:0.012808881603548462
your:0.005293832866307826
c:0.032597870110449075
though:0.010443463031977645
achieved:0.022690962798448386
to:0.0028953763867454432
most:0.015601642554344855
ap:0.023753973363422717
matthew:0.018009547650510483
us:0.008654942799096621
t:0.010824676701682528
enough:0.010219111457720151
interpretation:0.019705079025307787
brent:0.02249774803692812
make:0.007395296148528166
that:0.010203077218661082
justice:0.018091454350850824
weapon:0.04077872114069157
cold:0.03712731415999689
trivial:0.023883266046896473
nt:0.003000330049253943
hot:0.05273468302640435
re:0.0015711785831015567
happened:0.01416933150730433
so:0.00858664367550353
authorities:0.039123652072943514
this:0.002205808564585794
burned:0.02044691873991789
you:0.014011739228791308
relative:0.02068537595249121
machine:0.013667224177833389
state:0.011166862970338724
more:0.005342096747145907
a:0.004107365076018809
how:0.005526735282475312
j:0.012832473359364969
timothy:0.021384496686616253
was:0.014881699732796396
as:0.003361824202592514
cult:0.01990401230512795
also:0.0062331812255443965
neighborhood:0.024675665920037438
are:0.008103924978166708
yeah:0.016614380017597276
it:0.005762276130083562
not:0.012666176650755565
have:0.002148111819948121
term:0.016376805856783437
area:0.01348095396915692
investigators:0.026073589255439695
degree:0.018619556095235263
be:0.007291528451312664
which:0.005428119044191251
common:0.01414339512450147
found:0.0337124433435756
writes:0.005556826815273633
were:0.006518081081816383
spots:0.049351331840074876
if:0.008447274198698437
of:0.004901863501657277
even:0.014110583594672484
department:0.01457174614576864
what:0.007734807588206985
parts:0.015330651308472103
iron:0.04538192559689677
nature:0.016018551017898192
least:0.010116228498766732
seems:0.009901206257903689
fire:0.030226837286045968
necessarily:0.016333037954017655
bodies:0.020059647900423534
degrees:0.02124205319218062
president:0.03164250553926049
in:0.006718980323741236
gun:0.0615296721983933
purely:0.020938184866215803
point:0.009250151097731347
rather:0.010812956524843964
message:0.013644201212435803
and:0.004010477042970482
still:0.025735828767599334
for:0.0027340240580846554
subject:0.00011217208778158947
i:0.0008020954085940963
eng.umd.edu:0.0245971275460368
actually:0.010270227424794472
will:0.004761787163459178
than:0.012021859514449253
the:0.006017355962097481
do:0.0030181425164138515
automatic:0.019355707729794468
around:0.009946195097284182
would:0.01175608797610558
1000:0.07853136819298959
did:0.00690718925816372
measurement:0.025180473952987288
carl:0.020418041095851665
convenient:0.022998540126277358
mr:0.014188889404552157
an:0.0037726812544610785
imply:0.020139682333073512
is:0.006773259501445308
today:0.011929101957135936
steel:0.044716906096403296
assuming:0.0166729818137353
spot:0.020276556998765162
temperature:0.04352656561688207
2:0.016373189513406796
appropriate:0.01699162919353154
1:0.008229091982876927
under:0.01019883792901529
art:0.019378116746497673
article:0.006809520002660512
very:0.0073245482848044
somewhere:0.016300508650851205
process:0.015195645937956165
seem:0.023190861805846535
check:0.013904670439444072
identify:0.020938184866215803
s:0.0026068751296471357
news:0.012894439143543775
