acting:0.045271659433305377
there:0.00805069285593989
know:0.010823466014546507
with:0.00513006470868024
insurance:0.07790215825699567
my:0.008335212818686853
to:0.0036268398949758705
that:0.012172092120507957
weapon:0.08513452308319819
really:0.0342350130384373
me:0.01901032772639552
re:0.0032801798489313205
happened:0.029581586831038866
ifi.uio.no:0.05238508238257141
believes:0.04305812692447668
this:0.009210218217042439
he:0.013948536908072238
you:0.03900343785324364
tell:0.04228114129162198
a:0.007350021714981026
how:0.011538271905518633
are:0.02255829409127107
not:0.010577368571508155
should:0.01441063282660947
have:0.0179386180051808
hope:0.050674763818246406
doing:0.023514937764608026
what:0.008074053535058167
tire:0.1008553656192795
never:0.03866560054143615
fire:0.06310515152700825
who:0.022685138144453477
one:0.00862553427873353
president:0.03303033472957893
in:0.0031171877525349207
according:0.03017128249637033
or:0.011830025573738339
use:0.029171570662234175
message:0.02848526218034843
and:0.0016745500635560958
for:0.002853937393965561
subject:0.0002341838323861254
i:0.010047300381336574
back:0.018476813333925767
stupid:0.067748880548536
will:0.009941274955291967
convinced:0.04160731556751609
the:0.0013223737017351805
do:0.006301034376372777
mr:0.02962241823055626
an:0.015752598922135732
just:0.020603308130980453
is:0.011783887144327364
deal:0.028915043787372884
man:0.025421485428028058
spare:0.08944154866943478
trunk:0.05314834007546291
offensive:0.08797871342489003
by:0.008688030480852333
god:0.023273493261186183
s:0.005442423516280862
