above:0.011250644752597294
simply:0.01263902206563384
at:0.0036403512911340127
form:0.014104879853230974
take:0.00878408731543679
where:0.007634119000965958
with:0.002416642052849369
way:0.007158565370027039
former:0.01649131373035768
previous:0.014352063717738868
times:0.011613537774764574
from:0.01049469736896912
avoided:0.023824640324856667
options:0.01869826615155709
several:0.011646493273005772
my:0.003926505212108683
creation:0.03751897102861122
to:0.0022780151406460013
so-called:0.02072225894718484
latter:0.019192575914277716
been:0.006062976806700163
consistently:0.022364808279659996
that:0.012901411689711947
think:0.011898744029161613
communication:0.01988703504598594
nt:0.00295073781703487
could:0.006235988245148998
me:0.004477639175225392
anything:0.009591905579832248
re:0.001545208689165994
complete:0.015302544835928834
exactly:0.01329083741021491
spiritual:0.02110290063688652
so:0.004222357840433554
submit:0.02172782199938207
fallacy:0.02434651522289093
this:0.006508046756670484
presume:0.023177660735222205
posts:0.01662403914119286
dk:0.027901065905631062
set:0.010947994149280667
you:0.011483450194395079
tell:0.00995878121331592
great:0.010418391275754864
evolution:0.044535149638574585
vs:0.014118231177947697
a:0.0011541356411953678
other:0.005699619784429384
same:0.008025179134415755
false:0.017302101618599918
nor:0.014274954532956212
looked:0.015392575225122666
as:0.02314379802280632
said:0.02716741523136486
rich:0.03751897102861122
science:0.04192106065496672
fox:0.04684886886467269
others:0.011141852161439654
are:0.005313317203315913
no:0.004651841885051694
works:0.012293909064259256
religious:0.015171073574835197
reason:0.01104219803309309
it:0.005667031896528462
not:0.004982727343603016
fuel:0.019941407296306234
have:0.012675635036718666
made:0.009609832859165295
mistake:0.018462074358830034
properly:0.017792422047530978
hope:0.011935791477851428
has:0.004399894520192359
nonsense:0.06518346599814621
univ:0.019192575914277716
be:0.002390335773295336
virtually:0.020592099165947775
writes:0.005464978438161672
making:0.012704988392034726
jump:0.0204971011567548
of:0.004017367470366501
kept:0.016503205051959395
gives:0.01502696064378556
what:0.0038034797644488894
never:0.009107186904387853
sense:0.013579843166789217
fact:0.009910194746400163
they:0.011565119312079467
commonly:0.0213263189065984
in:0.004405281865152657
atheism:0.03982826348491535
become:0.013686870970227884
or:0.005572821964488308
and:0.0070995386992089024
for:0.0026888335777857353
each:0.010520699989093453
i:0.010254889232190636
example:0.011617186544454152
skills:0.02261839896716534
group:0.011145107168622501
leads:0.01875948551430561
any:0.004228459778052923
will:0.004683079937616878
the:0.0024917454875671174
do:0.014841279316249931
see:0.007311511410789984
when:0.01621084020054218
would:0.007707848314912199
specific:0.015145273919299308
meant:0.01682503834459098
agree:0.0124651040453076
promote:0.0223159055621104
rational:0.02110290063688652
put:0.010278757436143716
an:0.003710322886618747
just:0.004852845303578041
here:0.007439673163733042
people:0.012440273884901798
religion:0.014675749020507077
different:0.01044304503310433
south:0.017858014399416474
is:0.005551087332451733
their:0.012509781971749703
belong:0.020283580452026207
matter:0.01248307029710968
too:0.00806825565233263
dave:0.04346621493439577
although:0.013056774614689083
article:0.00669696595302976
useful:0.015844162054043133
neither:0.015466039051656897
repeatedly:0.02168587005118365
meaningful:0.023895278479233943
mine:0.013492723325619778
wish:0.015438336837928838
elsewhere:0.019575020366200215
beliefs:0.01799240775357168
s:0.0025637862845290012
