another:0.022860879694727616
above:0.02806861886730459
read:0.023371165586576512
bbs:0.041722089193357334
preferably:0.054313293031109794
all:0.009835750831405064
into:0.01846189590703491
from:0.008727549014744079
reserved:0.058762532743603095
animal:0.0522059475196856
been:0.01512618955898391
me:0.011171017323758192
re:0.003855056729671861
rahul.net:0.06574602577032274
michael:0.03097623919251226
anyone:0.017246543810735992
93:0.037742427791797956
he:0.016393125850724076
path:0.04573122300062798
apr:0.03842482759832989
on:0.01568068531667907
backup:0.051454331325787785
a:0.0028793899501987526
how:0.013560443270403344
blood:0.04305849190111959
bull:0.05767634186053272
definitely:0.04387476024866787
internet:0.02944880353726398
d:0.018781899199763252
bang:0.0607407905560784
not:0.012431134197442574
choose:0.04096704628234287
have:0.005270624877810854
ve:0.018815811330179736
postings:0.04749132412052664
adams:0.04776921906886197
public:0.030554068021243233
list:0.030016789658985354
species:0.11338752537458452
14:0.038493328038728535
writes:0.0068171380517274465
if:0.013817534428111532
of:0.004009084238468838
key:0.03304992135295439
available:0.02784601884344567
please:0.019746550071188192
they:0.009617728087708697
over:0.02067980157236451
one:0.010137225853356932
in:0.00915874752033456
promise:0.051374103073807846
or:0.006951664512402941
use:0.01714205698708606
and:0.0019680279097463393
usenet:0.04210514050148198
for:0.003354111988784268
subject:0.00027522635971152884
i:0.0019680279097463393
judging:0.058762532743603095
preferred:0.052648473753881826
the:0.004662389752509606
do:0.007405339370170069
because:0.01819301339066509
7:0.032902355968363974
an:0.009256681840842646
religion:0.03661372436044034
about:0.010154805982699706
is:0.00553964179156008
new:0.01777319139055203
addresses:0.04968267919252326
runs:0.038678252788075615
1:0.040381935915973374
dark:0.04754630706872625
already:0.029956560013374756
process:0.0372841621982842
especially:0.032219543376261255
john:0.027644107212183976
god:0.027352352904899225
s:0.006396250318103282
