taken:0.021395333115315978
above:0.01767958461122432
read:0.014720799103233258
objective:0.028951982725532108
mark:0.05851215514854916
say:0.024643441224253812
there:0.01191920760489802
know:0.008012176140638323
all:0.006195245653547346
your:0.01636275613222419
with:0.0037975803687632947
c:0.03358568435622026
work:0.013149821194742234
my:0.012340444952341576
to:0.0026848035586185016
interrupt:0.038135120058239685
that:0.013515764627317278
afternoon:0.036145677165616744
nt:0.009273747424966734
me:0.007036290132497044
anything:0.015072994482593532
re:0.0024281850829751335
you:0.014436337387239529
combined:0.032937764792567326
brain:0.02863232726601814
inc:0.023772827894833776
well.sf.ca.us:0.0378945923200556
sure:0.014169117014020804
prove:0.02549933986956882
a:0.0027204625828176525
how:0.008541318163825484
speaking:0.027373242135262314
christian:0.02081715825478296
j:0.039664008565309904
accurately:0.03732958337856449
was:0.005749747624034972
as:0.0051955464949157044
morality:0.028062594056225885
business:0.023484180085932258
are:0.00417474923117679
no:0.014620074495876751
those:0.012051400352516626
works:0.01931899995812169
it:0.0022263339593504676
not:0.0039150000556880836
should:0.010667611313204414
have:0.006639618352566921
being:0.012635090454059405
sufficient:0.029709365217257828
between:0.03016708890969358
mathew:0.06968524140315359
always:0.017252961675316283
after:0.01252736160821397
has:0.006914119960302279
mantis.co.uk:0.0710863967539482
be:0.0075124838589282
writes:0.012881734889952513
get:0.008534895943448847
if:0.004351626102359801
of:0.002525202409944658
what:0.005976896772705398
years:0.014479061188184374
oh:0.020972183013905674
slight:0.034916833012119806
who:0.00839644723528473
one:0.00638513576477677
in:0.004615057192064688
purely:0.03235901297506079
albert:0.033334871436420124
and:0.003718805985299901
subject:0.00017335686293518376
forced:0.029479191522480245
i:0.004958407980399869
bullshit:0.03579459131321235
we:0.008751583803337468
any:0.006644722508368879
research:0.020047607016472582
will:0.007359125616255094
2000:0.028088620169196915
the:0.0019578000259455925
do:0.0046644020708214076
can:0.011228129771918356
home:0.019021837999099667
did:0.021349494070687862
last:0.014156899688698038
laboratory:0.0310834714102125
about:0.012792417926258072
middle:0.026085066851562224
reality:0.10884704473382813
affected:0.032828627660642776
is:0.00523388234202592
friday:0.03235901297506079
experience:0.02150794009607239
16:0.02264281001185157
proceed:0.0376626567187434
various:0.02314661674256616
opinions:0.018542923087792484
april:0.022091908194078653
going:0.014141660286036901
teach:0.0638421651605692
by:0.012862798374248911
s:0.008057614037091147
