another:0.02174024833714293
bbs:0.03967688874270256
there:0.008997833191932817
all:0.009353606182806777
true:0.02532628227605732
take:0.02084067774838925
ever:0.02591590251793981
continues:0.0485563850421498
service:0.07142335742114397
from:0.008299727984609564
2.1:0.051450789729278856
my:0.009315826091473542
to:0.00405352694144362
hole:0.04575441833281572
mail:0.030042308870939765
that:0.010203077218661082
cold:0.043315199853329704
months:0.03329210333313549
re:0.0036660833605702994
this:0.005146886650700186
3:0.022955548476839407
board:0.035207809013285726
a:0.004107365076018809
pregnant:0.05962647340026932
as:0.015688512945431735
route:0.0501540449393009
private:0.03480079533014266
abortion:0.05484907020070268
watson.ibm.com:0.05721340409106433
anthony:0.10543514282091077
files:0.0324442310253695
it:0.0033613277425487446
not:0.005910882437019264
being:0.038153018233826434
between:0.022773194569082406
larry:0.0445566964311078
has:0.010438965430260305
500:0.04088016799362294
network:0.036014604608133105
down:0.023180054676011353
of:0.0019062802506444965
what:0.009023942186241482
but:0.006522384531866767
killing:0.03967688874270256
please:0.018778581930443673
or:0.006610896644147895
rape:0.0501540449393009
forcing:0.05175247265738429
usenet:0.04004116302591914
for:0.006379389468864196
subject:0.0002617348714903755
i:0.0018715559533862248
away:0.027146897905134023
body:0.03480079533014266
will:0.011110836714738082
the:0.0029558941568198155
see:0.017346919229521335
violation:0.10101475529984097
ozone:0.05896528437286214
her:0.06483154519470055
because:0.017301199008769745
bps:0.057036752076332194
friend:0.03405097470287065
an:0.00880292292707585
10:0.028336978018589847
bulletin:0.05366326029464717
is:0.007902136085019527
living:0.03611769621597157
100,000:0.05443765648404551
new:0.016901956518466144
right:0.019018368566571565
9:0.03491013387867673
questions:0.029648787620054035
life:0.027356660326359902
nothing:0.025047607857852046
cruel:0.11793056874572427
solely:0.052605525372968885
passed:0.0423690145554783
difference:0.03144268477288614
full:0.030290808665914246
remain:0.04403178695142124
s:0.006082708635843316
newsgroups:0.04202227785119113
