silent:0.03658603766678924
utterly:0.08031468599964742
there:0.006373465177619079
opposing:0.0748437931426045
blindly:0.08415153845281627
take:0.014762146738442384
own:0.015739518302416634
with:0.00812260245541038
way:0.01203036680240655
much:0.01213331159416619
meaning:0.027402406492252028
from:0.005878973989098441
possibility:0.02945126098362036
to:0.004785413750315385
everyone:0.04246545496545977
otherwise:0.02467628355286136
that:0.0072271796965516
really:0.013551359327714762
nt:0.009917757662811645
could:0.010479924689764287
re:0.0025968090470706285
mean:0.01835709761687403
bomb:0.03687847853727622
student:0.027937621334504663
on:0.003520894619717291
you:0.003859715204227235
moment:0.08767314165316215
more:0.008829298790421707
a:0.004848972659188872
other:0.009578527693277158
want:0.02628608288489141
shit:0.033466804733852475
steve:0.06681570514238305
part:0.034016973783517736
whole:0.020777190798800624
course:0.016987165277083466
official:0.028168076535793923
no:0.007817678723489652
those:0.012888303154774723
reason:0.01855702725005922
it:0.009523761937221443
not:0.008373750119110623
becoming:0.033067333594003955
ban:0.0734614376516735
have:0.007100702960384067
only:0.00926066832131449
money:0.021529303935618957
danger:0.03403790263827589
which:0.00897147453137165
writes:0.009184199875243921
of:0.00945197290944563
what:0.012783918097175433
his/her:0.03783785588783745
participate:0.07274903078517973
sense:0.022821680877520765
who:0.017959067697692337
pope:0.0373416130824059
now:0.011471627763043363
in:0.0024677736374234785
point:0.015288444175417087
u.s:0.024498211118046512
forcing:0.0366580014656472
for:0.002259367103556069
subject:0.00018539553397234928
steven:0.06231269622012529
any:0.00710616157145005
than:0.009934731126524035
the:0.0026171979513508786
do:0.004988318881295115
because:0.012255015964545235
maybe:0.018388285294043915
an:0.00623540374001206
makes:0.01939567973786093
religion:0.07399023464505651
is:0.013060474918296162
gave:0.02577690217387425
christianity:0.026712835513208414
keep:0.01839871238976334
does:0.008461727877343925
silence:0.11178674141755887
unless:0.0213754265676423
midway.uchicago.edu:0.03658603766678924
organized:0.03374648458897706
existed:0.03516650631534377
supported:0.03035298422812193
understand:0.02080664765927537
by:0.006878024130674764
everything:0.04291197894337851
s:0.00430858528372235
