objective:0.04693268778665204
say:0.019974157623868876
all:0.02008563853992192
means:0.02983784442567108
knowledge:0.038913380472127744
matters:0.05005793755040683
your:0.02652488888802658
such:0.040484572704585234
from:0.00891128688873869
wrote:0.027111315523082748
to:0.0029014719159806963
experiences:0.04973796410636082
so-called:0.052787228054934014
us:0.021682909328263115
puts:0.05197711183244846
that:0.0036516276361523874
re:0.003936215818717585
he:0.016738244289686687
des:0.04942743079692189
etc:0.02444551565745511
seeing:0.042192522794299234
other:0.014519031450862219
christian:0.033745709170911325
was:0.009320643516856691
as:0.025266762954221634
intellectual:0.05624516560200808
underlying:0.06162227743112377
morality:0.045490941943776696
stuff:0.03077280581761707
chip:0.03402530902950815
output:0.043024823041411794
others:0.02838240234808838
frank:0.04122288817421707
no:0.01184995511771063
consciousness:0.06560192094607166
kevin:0.18970788727661958
it:0.007218009047157304
after:0.02030751250173633
be:0.006089065864604961
which:0.013598866658079134
considered:0.036240452181181174
writes:0.0069606567475532875
of:0.006140229017865431
even:0.017675362608063426
years:0.023471320241898876
alone:0.04041277195173151
one:0.010350641134480237
in:0.007481250606083809
measurements:0.062432393653609336
or:0.014196030688486006
world:0.02653948093402818
thoughts:0.045200255975008555
and:0.002009460076267315
for:0.0034247248727586736
subject:0.0002810205988633505
values:0.04495733021413967
i:0.002009460076267315
we:0.014186777954883894
walker:0.05129775897836876
2000:0.045533131642698156
the:0.003967121105205542
see:0.01862511327801238
greater:0.04441139890877573
can:0.009100694657239087
peter:0.038756769271852176
human:0.033745709170911325
is:0.0056562658292771345
primary:0.048435298815383054
experience:0.0348655028925805
natural:0.04407482728106505
article:0.017059639585612654
by:0.010425636577022801
built:0.0388683961481553
