some:0.00858482996421584
king:0.06173019860114405
at:0.01295536783021222
out:0.008663066905003382
correct:0.024060422354275357
there:0.006748374893949614
passage:0.07536178722391085
thanks:0.01465725474203061
from:0.006224795988457174
longer:0.02495743388510423
to:0.001013381735360905
then:0.011734414336586788
perhaps:0.02123868777676504
been:0.010788532258981172
that:0.020406154437322164
think:0.010586382555357024
indeed:0.027119428739004525
appears:0.028678684024958323
nt:0.0052505775861944005
could:0.011096390847985716
re:0.0027495625204277245
on:0.007456012135871911
am:0.012017179093392394
messiah:0.04092966384930131
philosophy:0.035987797883403415
a:0.0020536825380094046
contrary:0.033990768951784614
christian:0.023572370376739527
j:0.022456828378888696
looked:0.027389729444703564
was:0.01953223089929527
as:0.0058831923545369005
modified:0.07261508270709711
question:0.01605136825990518
jack:0.031432028667352466
fox:0.04168171421048085
based:0.022212522146327518
no:0.008277542177812573
it:0.010083983227646235
not:0.008866323655528896
az:0.046892386027362544
have:0.003759195684909212
follow:0.027772002297185922
only:0.00980541351668593
university:0.017281912511754805
has:0.007829224072695228
which:0.00949920832733469
writes:0.009724446926728858
recognize:0.03292003226102339
dept:0.030171378605454404
of:0.00571884075193349
arizona:0.04134994630400681
what:0.013535913279362223
but:0.014675365196700227
dr:0.028815033861077213
saying:0.02218055278650323
least:0.01770339987284178
present:0.05330147474748976
fact:0.017634317122270877
good:0.011911837142349259
one:0.007230227263056047
in:0.005225873585132073
context:0.06106971982642606
albert:0.03774683971476984
and:0.0014036669650396686
for:0.0023922710508240733
however:0.01762572723674201
i:0.004211000895119006
the:0.0038796110808260076
did:0.02417516240357302
consensus:0.08291776151661863
jim:0.024899490786388746
jesus:0.10215292410861194
about:0.014485532063556935
e:0.022874188941572254
is:0.007902136085019527
discussion:0.025278470180074935
argument:0.025873098824556778
write:0.023927749448437598
assuming:0.02917771817403678
somebody:0.02790976634907908
article:0.005958330002327948
very:0.0128179594984077
give:0.017376737289382403
says:0.01883107900314388
while:0.015958400778518546
john:0.019716752938101805
james:0.025438189467919318
