another:0.016305186252857196
believe:0.015975528531840737
stephen:0.029938671171992774
know:0.009072611218075748
river:0.040154954175346695
case:0.01817361108313791
take:0.015630508311291938
with:0.008600402599846284
way:0.01273803543784223
much:0.02569407161117546
sue:0.04072820080380046
christ:0.027293190537043325
to:0.0030401452060827153
remember:0.020460470856773764
boot:0.03609284168669369
proud:0.037173593086316084
death:0.024672179294385456
that:0.0025507693046652705
like:0.017127045051598136
really:0.014348498111697984
nt:0.0052505775861944005
could:0.011096390847985716
surrounded:0.042647420107988845
me:0.007967563826504005
re:0.0027495625204277245
happened:0.02479633013778258
wait:0.02699558680228028
meaningless:0.040341114528172364
so:0.015026626432131178
he:0.011692155937648788
you:0.020433786375320655
brain:0.03242189999240289
disclaimer:0.027603349463780784
them:0.010778376261266476
bill:0.022761131438909687
a:0.005134206345023511
how:0.009671786744331796
askew:0.15336901421966623
was:0.006510743633098424
lets:0.034070693012350085
brian:0.027471158196902785
care:0.0232795363328963
between:0.017079895926811806
bskendig:0.04623347309582073
netcom.com:0.047338752569428516
without:0.0165236065059007
writes:0.009724446926728858
if:0.004927576615907421
end:0.019884069136584626
of:0.004289130563950118
sexual:0.0327502108287098
what:0.006767956639681111
well:0.012374028751127536
beyond:0.028717383804695636
must:0.017040150202055127
david:0.03671242999036021
sounds:0.026196357085006162
one:0.007230227263056047
president:0.027687192346852928
in:0.003919405188849055
our:0.016395407521914658
or:0.004958172483110921
rather:0.018922673918476934
message:0.04775470424352531
and:0.0028073339300793373
for:0.00717681315247222
subject:0.0001963011536177816
grief:0.043322475617202975
fits:0.03761553370447568
i:0.0028073339300793373
fell:0.036814841879187904
actually:0.017972897993390326
joseph:0.09009261680831807
the:0.004433841235229724
nut:0.04438557288787289
sky:0.0342743886193305
do:0.00528174940372424
see:0.039030568266423
mr:0.024830556457966276
koresh:0.060061744538878706
just:0.01727042005096891
long:0.01750228856697489
jesus:0.025538231027152986
is:0.0019755340212548817
lot:0.018224657266657285
too:0.028713498056830832
article:0.005958330002327948
remote:0.03312913472661555
kendig:0.04438557288787289
bad:0.020151478284899882
by:0.007282613785420338
north:0.029515844006697246
god:0.019508663468935476
s:0.004562031476882488
