corrupted:0.022196121484485094
stephen:0.03016043910660013
know:0.009139815745617052
technology:0.012472843280803492
all:0.007067169115898454
case:0.009154115212247243
with:0.004332054642885536
compound:0.015860810264835205
such:0.0071222859387696244
from:0.0031354527941858355
name:0.010230490762334263
my:0.007038624158002232
to:0.0025522206668348716
sound:0.0127821603301053
most:0.020628838488522643
t:0.019083504111114386
that:0.005139327784214471
view:0.012612402788091228
broadcast:0.018818246176752877
think:0.010664800203915224
quite:0.00983777548929408
hour:0.017243387395112143
provide:0.012507243252901533
really:0.007227391641447874
nt:0.005289470753499545
re:0.0013849648251043354
tells:0.016396296297468936
master:0.05283893408098499
anyone:0.006195980554227375
preach:0.022041778164482988
voice:0.026862920751379023
this:0.001944379401375626
upper:0.019362888465480642
he:0.005889382250074945
bell:0.016530381662891013
big:0.010280668718027991
on:0.001877810463849222
curious:0.015875082743783315
you:0.008234059102351435
children:0.012416210622290836
burning:0.017567533239617905
lord:0.01577631145829383
concerned:0.0149110712687327
them:0.005429108042712003
m:0.01013936823789683
why:0.006591565111681506
more:0.0047089593548915775
a:0.004137790002507837
how:0.009743429609104626
other:0.005108548103081151
timothy:0.01885003782005433
as:0.0029633857785815497
part:0.018142386017876128
also:0.0054944338210354314
morality:0.016006072165402913
died:0.015022974152423428
rich:0.01681405738689614
responsible:0.014484648944714898
are:0.009524613060758897
no:0.004169428652527814
those:0.03436880841273259
care:0.011725988671384803
missed:0.01609604510084382
ear:0.02168191242946948
it:0.005079339699851437
not:0.004466000063525666
have:0.003787041578871503
made:0.008613257599696302
psalms:0.02361986851748632
suspect:0.014378129862584296
referring:0.017590185932275078
love:0.012119323852523884
his:0.013662437344483384
be:0.006427347301527459
which:0.004784786416731548
structure:0.05118509377434538
writes:0.0073473599001951375
recognize:0.016581942175922893
whatever:0.012240594736123567
of:0.005761202535281146
backing:0.04165624220255501
what:0.003409044825913449
but:0.004928023868521558
biblical:0.033814709209559375
never:0.008162737892080964
together:0.01318135644981567
who:0.02873450831630774
cares:0.018755470034850015
david:0.009246093479053683
tim:0.0151033677768007
comment:0.014554064432899123
in:0.001974218909938783
resources:0.01634723990209849
point:0.00815383689355578
or:0.004994899686689521
and:0.002121096747171055
for:0.007229974731379422
subject:9.887761811858629e-05
p:0.01246714088752352
values:0.015818319890160255
i:0.002121096747171055
tape:0.030736061212728396
special:0.025894156984185353
we:0.009983288190473852
assumption:0.017567533239617905
cites:0.02235717745463227
will:0.004197427203345498
corrupt:0.02148166346180179
normal:0.013971713609327937
event:0.030761044060718314
than:0.010597046534958972
the:0.004745852285116259
do:0.005320873473381457
rock:0.01804921149238901
would:0.003454257948534726
did:0.006088559420159131
may:0.00689268713866604
an:0.0066510973226795314
koresh:0.04537998476270836
human:0.02374698052767834
long:0.00881596757447624
people:0.022300342815898037
about:0.014592832301064763
claimed:0.015762413867114012
lesson:0.020514945590062457
is:0.003980335213195021
solid:0.03337453572459048
revelation:0.019512553422287596
does:0.004512921534583427
lot:0.009179827363945892
man:0.021467032139223696
himself:0.01386215352037396
life:0.01033473834551374
hear:0.01227289468244003
matter:0.011188529673705714
him:0.008875982605049288
article:0.006002465780122971
very:0.01936936101981608
little:0.017372879273321956
difference:0.035635042742604296
deaths:0.01804921149238901
prophets:0.020774051473791754
concern:0.017061697924781793
s:0.011489560756592932
