matthew:0.22559328109586813
93:0.1926850260949685
26:0.23138752793972225
apr:0.19616885668621045
are:0.03383744113690661
those:0.09767977127829264
robert:0.16817958047145806
be:0.030445329323024805
they:0.04910103286882861
in:0.00935156325760476
promise:0.26227831569259796
and:0.010047300381336574
subject:0.0014051029943167523
will:0.05964764973175181
weiss:0.30714564301518743
ubvmsb.cc.buffalo.edu:0.3034506820323849
filled:0.26268790203165343
god:0.13964095956711708
s:0.032654541097685175
