at:0.007660565325690705
all:0.008296242005619923
cnn:0.045206169594605744
your:0.010955932366793588
way:0.015064111474317769
destruction:0.04479784800253817
wrote:0.02239630412776401
themselves:0.028143045359328846
to:0.002396868104505793
kent:0.08002353717324158
next:0.023290261076079784
that:0.01809937176179879
sandvik:0.1304064343320637
infrared:0.05726090316956131
re:0.003251656545897135
started:0.05703034566937227
mormons:0.046178268777111106
something:0.01731009841011759
burned:0.0423162318269605
on:0.00881754478677026
you:0.00966606938102125
serious:0.03127820553947366
support:0.02381701138724788
a:0.001214351413779474
same:0.016887768265466195
was:0.015399324071328446
private:0.03086679237977871
evidence:0.0559601397306622
responsible:0.06801487330561778
theory:0.03537868571284022
not:0.005242695726747521
reported:0.035907544321840554
have:0.008891315011263529
made:0.02022243088624349
indicate:0.04129869740621105
accident:0.04225646765924084
providing:0.040104276397099535
has:0.009258908468578705
without:0.019540960737413
showing:0.037339341892398376
newton.apple.com:0.08763616274413524
of:0.0016907877005716404
cheers:0.03786228414229866
fire:0.06255641107894731
bd:0.04237640959082637
alink:0.04627227674323472
who:0.022487876073632146
up:0.011682264090020737
in:0.003090081772078095
pictures:0.04043603088374628
and:0.003319977517311216
for:0.002829120547061513
subject:0.0002321474512349417
p:0.02927067860549
jews:0.032127235709594665
i:0.001659988758655608
back:0.01831614539189163
any:0.008898150141641803
ksand:0.04737957606824864
the:0.00720981139989529
would:0.008109996922646748
claim:0.02839338299826075
put:0.02163008086562417
fires:0.04890080606386892
last:0.018957935235299983
fbi:0.09951709258148699
an:0.007807809900536841
places:0.033172364193829
people:0.013089331652809717
is:0.0023362837120927296
either:0.021770110496637896
night:0.029111607361600213
done:0.02303185696887564
time:0.013734869303510554
activities:0.0367506896074301
article:0.007046372872318269
three:0.0253781565780215
implication:0.052886089450673655
john:0.023317203474624744
doubt:0.030261498252004936
s:0.01079019618880032
