believe:0.02387551516846528
wrote:0.028303021699921552
to:0.0045435137145851566
remember:0.030578286115617935
kent:0.10112864587827233
matthew:0.047101893855181265
next:0.029432747513727202
that:0.007624277482076414
sandvik:0.16479934008997063
suppose:0.04235317566627659
re:0.004109236294265611
mormons:0.058357152850195354
mlee:0.06609295611024109
on:0.00557152555208011
you:0.006107681202293647
bible:0.039548719800629635
a:0.0015346199185125222
richard:0.041055796865700864
sorry:0.03491666686525961
j:0.03356185340141608
as:0.008792463299088116
bring:0.08337070213822144
private:0.03900748487554453
course:0.02688078900989032
christians:0.03952740260482935
it:0.0037676420850546372
not:0.013250769419251976
have:0.011236277212036327
pitt.edu:0.05426182004486378
malcolm:0.1226466049555982
peace:0.08465133748160553
blue.cis.pitt.edu:0.06562526803970485
writes:0.0072666196815116746
newton.apple.com:0.11074899687445663
of:0.006410129194474901
cheers:0.04784794149850931
but:0.014621609280228797
alink:0.058475954126065856
who:0.014209372244328004
in:0.005857572589928257
yes:0.029305998576965815
rather:0.0282800401418996
sword:0.12709137125218933
and:0.002097787991707637
word:0.03372391776003757
subject:0.00029337315265954173
jews:0.040600352819817435
i:0.00629336397512291
post.royalroads.ca:0.06709264598063368
ksand:0.05987528843789664
than:0.01572089321120287
the:0.004969800065861888
do:0.007893603504466997
come:0.05277348735097601
jesus:0.038167026590030836
is:0.00590489289869591
lee:0.04689177252060128
activities:0.04644317917422486
article:0.01780951385311211
earth:0.038687199588942296
god:0.05831160948956539
s:0.006817981108307894
