above:0.017016600188303407
mat:0.12346882245936656
go:0.012158951573713295
surely:0.028040713299056382
concept:0.0265990734007549
all:0.011925847883078641
case:0.015447569420667225
with:0.007310342209869342
wrote:0.016097343591830383
name:0.03452790632287814
christ:0.023199211956486828
to:0.0034454979002270774
kent:0.05751691734326739
then:0.019948504372197542
heaven:0.027213516727277166
been:0.009170252420133996
make:0.011000503020935649
that:0.00867261563586192
sandvik:0.09372962467617078
son:0.026669695621091977
finds:0.032863330774065384
me:0.006772429252528404
re:0.0023371281423635658
this:0.003281140239821369
age:0.025767428911960134
on:0.006337610315491124
you:0.010421231051413534
spirit:0.028660031440582823
am:0.010214602229383536
them:0.027484859466229517
obey:0.03496628225294796
28:0.082923101310914
came:0.01886704207798717
m:0.00855509195072545
a:0.0008728150786539969
how:0.008221018732682028
same:0.012138083440803828
private:0.02218550702296595
following:0.01710821420649851
said:0.013696905179146452
implies:0.03243212532727193
protestant:0.03772773695469196
given:0.017423672244883007
therefore:0.021455784503467912
explanation:0.02882494866041529
18:0.02416718433264437
have:0.0031953163321728306
always:0.016605975612491924
19:0.025605607574880496
has:0.006654840461790944
boi.hp.com:0.0769277618550887
provides:0.02761343990649769
entities:0.03706923373183054
newton.apple.com:0.06298849197234721
things:0.013967037050876561
if:0.008376880247042617
end:0.016901458766096934
of:0.009722029278286934
cheers:0.027213516727277166
never:0.013774620192886628
trinity:0.14778186924491768
please:0.011971345980657843
alink:0.033258198909199954
authority:0.026437326850831017
in:0.004441992547362262
and:0.009544935362269746
subject:0.00016685598057511437
i:0.004772467681134873
taught:0.03024471310359734
20:0.019655202177535126
yet:0.016437929641788526
assumed:0.030545458405748578
ksand:0.03405407029905371
the:0.006595338837404213
wrong:0.01652138785518663
do:0.0044894869931656044
jim:0.04232913433686087
disciples:0.036705053056055696
jesus:0.06512248911924011
people:0.009407957125456985
is:0.0033584078361332988
deal:0.020601968698503184
activities:0.026414558155340384
article:0.005064580501978756
very:0.010895265573646546
teaching:0.03144322529467885
earth:0.022003344766210933
three:0.03648110008090591
holy:0.028311840146745287
father:0.02706044785222532
nations:0.029569453838528062
god:0.016582363948595157
everything:0.019310390524520334
s:0.0038777267553501147
