read:0.027987692122196563
bbs:0.04996348952784767
all:0.011778615193164088
into:0.022108690160276372
modern:0.05069787784002273
from:0.010451509313952785
wrote:0.031797221909788405
name:0.03410163587444754
to:0.0017014804445565812
kent:0.11361366388793556
then:0.019702226540442014
make:0.021729388683329673
sandvik:0.18514493763194229
nt:0.008815784589165907
me:0.013377638029685735
re:0.004616549417014451
this:0.0064812646712520865
93:0.045197722170424705
he:0.019631274166916485
apr:0.04601491700046912
on:0.012518736425661479
a:0.0051722375031347965
private:0.04382322374906854
definitely:0.05254137955704671
being:0.024022270739816644
ve:0.02253251480280783
postings:0.056872326415939305
his:0.022770728907472303
be:0.007141497001697176
species:0.06789253062552282
14:0.04609694839205762
newton.apple.com:0.12442171253796978
if:0.016546923944775537
cheers:0.0537550947699302
humans:0.055683723571057574
please:0.04729420634333962
alink:0.06569520772187645
over:0.024764700648387133
in:0.008774306266394591
promise:0.061522074051350135
and:0.004713548327046788
usenet:0.05042220529189817
subject:0.0003295920603952876
create:0.04694871223757554
i:0.004713548327046788
judging:0.07036994661888273
will:0.027982848022303317
ksand:0.06726729935615548
the:0.0009305592715914234
do:0.008868122455635761
7:0.039401586776929697
an:0.011085162204465884
religion:0.0438460649748483
is:0.0033169460109958504
figure:0.04558639054413276
life:0.03444912781837913
runs:0.04631840148695475
1:0.0483586146154249
dark:0.056938170193412914
activities:0.052176904998203225
article:0.010004109633538283
especially:0.038583897623423964
john:0.03310467159977587
god:0.03275528681203981
s:0.0076597071710619545
