bottom:0.016555402685789745
sent:0.01357078431103178
above:0.010046701218186514
go:0.021536150388864875
ask:0.010754843484709842
choice:0.027840314941096258
at:0.006501586807781779
out:0.008695033941553208
knows:0.012892846535576511
faith:0.013819284576954954
where:0.006817183757320154
stand:0.014530400569986945
mentioned:0.012971083464176523
from:0.0031238828576759248
wrote:0.00950396669628362
prevent:0.01484508292313163
christ:0.013696951708626908
to:0.007628408635189101
lies:0.016643474572899126
stop:0.01226550964789903
kent:0.03395832758274089
hardly:0.016113051109186427
everyone:0.011282334898572336
might:0.007849022641617881
die:0.013903152662111989
that:0.008960636081333349
sandvik:0.05533852379404917
son:0.015745945754150243
like:0.004297561119958203
nt:0.010539904822471417
me:0.003998482215514925
rise:0.01830368442780318
re:0.0027597085075879743
anyone:0.006173117157348307
this:0.0019372045696362324
off:0.016114077106688933
he:0.02347060084900716
laws:0.013696951708626908
mlee:0.02219357566801453
on:0.0037417625478914384
you:0.026661944141377802
tell:0.017786162757361276
took:0.012455356739544942
moment:0.015528822137829457
seeing:0.014790736772909326
m:0.010101953594952561
prove:0.014490399778278958
a:0.0015459455267672268
other:0.005089697372073472
same:0.007166396127411854
below:0.013696951708626908
was:0.0065347685173533995
listen:0.01575994970606372
private:0.013098454330902403
also:0.005474159157489175
solution:0.014353716118941876
cliff:0.06460258912127559
taking:0.01257177134373286
leap:0.04407305824068739
it:0.006325745936161844
not:0.008899040716988412
choose:0.02932696302130818
have:0.005659600883553352
being:0.00718008830230682
only:0.004920797927192939
kind:0.010167995191745608
malcolm:0.020591957658596744
able:0.009732344007788446
points:0.013524561950075396
shows:0.01425909460376351
yourself:0.012938282920201447
his:0.00680601122326663
edge:0.01739188814611793
making:0.011345413988459053
newton.apple.com:0.03718877754824927
if:0.007418639333174272
jump:0.10982210656681907
of:0.005022450549668526
trying:0.009949550638628768
cheers:0.0160670209459939
seen:0.009566291109307574
what:0.010189395974132449
but:0.00736475891790122
equal:0.016452418227793152
again:0.009010587225490842
fact:0.008849694201582433
alink:0.019635836994361597
up:0.004957418340783707
direction:0.032606275904351514
notion:0.0182481941054248
now:0.006095625084421566
one:0.003628453534227389
in:0.003278223282186171
point:0.008123748934538969
clearly:0.026822954807560178
system:0.008248052875433672
chosen:0.01816649253392217
or:0.0024882341612659973
and:0.003522116369841235
consequence:0.022036529120343696
for:0.0024010986192772987
subject:9.851275605910811e-05
values:0.01575994970606372
i:0.0077486560136507164
example:0.010374018980656475
post.royalroads.ca:0.022529264886485847
possible:0.009509120379943108
any:0.007551935544566843
decide:0.030211862853230843
established:0.017098207563393402
actually:0.009019609325096253
will:0.0209096927103927
ksand:0.02010572416180293
the:0.0038939269888733363
do:0.01060247850784497
can:0.0031902804148993113
just:0.0043335371345604645
makes:0.010306191447424258
jesus:0.012816234021006664
loving:0.019255083355117202
interested:0.010616517400055054
is:0.0029742357220368695
else:0.009323070942206852
time:0.005828450073445438
lee:0.015745945754150243
himself:0.013811001662365199
eternal:0.01701841987330792
activities:0.015595311088023842
words:0.012206122256484776
article:0.002990158229950557
before:0.007845735303404591
going:0.008036220236345691
understand:0.011055930859541156
by:0.003654743449509838
check:0.012211481788146454
god:0.048951627892531824
blame:0.016520754197413952
