above:0.018396324527895577
some:0.00788876266981996
since:0.013519065022997847
read:0.01531758825606704
mark:0.020294756515487775
there:0.012402418724015507
k:0.025599061190889616
know:0.008336994092285823
paragraph:0.0335155302698288
your:0.0085130555552788
much:0.023610768507566642
o:0.07096579021215976
from:0.01716024840061167
turn:0.023118095504827806
surprise:0.032880855811489584
name:0.018663733147501697
to:0.004656078243550105
hunt:0.039809842459051385
might:0.014372196864043554
t:0.03481450074324922
perhaps:0.01951663201108139
that:0.009375800687418293
nt:0.009649710158411332
me:0.007321545137868546
french:0.033776441324746234
re:0.0025266250187714226
alpha:0.07619469977202793
this:0.0035471786376447233
th:0.03930911291747219
two:0.012599928599008861
suggest:0.02480675543993323
came:0.020396802246472615
a:0.0047179193440756596
was:0.005982845500685038
as:0.0054061767582230975
coming:0.023490742937767536
learn:0.025743339058934
l:0.11165407360653254
are:0.004343995821629903
it:0.004633181482972594
not:0.004073716274161925
properly:0.029093014429070925
relation:0.037898607418403875
between:0.015695039500313552
indicate:0.032090204065636965
b:0.06204543945636977
spelling:0.0364895212569643
ancient:0.030983817773603053
list:0.019673166195416078
be:0.007817044015371234
which:0.01745800449347997
writes:0.004467989128497043
if:0.004528043376779793
of:0.00525515096123618
gives:0.02457111132294666
but:0.008990313814194734
seems:0.015922210063385664
eh:0.033670864852428116
now:0.011161583769447597
in:0.00240107705262825
or:0.00455615849799382
and:0.0025797122600729047
word:0.020735652136239315
for:0.002198303127784284
subject:0.0001803848438649885
i:0.007739136780218714
any:0.006914103150600049
than:0.009666224879861225
the:0.006620803466120061
do:0.004853499452070924
closer:0.031495384136682084
would:0.012603373596005083
beta:0.11069744124014495
come:0.01622428158425276
about:0.006655514731904538
claimed:0.028755755027843135
is:0.007261422348396322
capital:0.03450609428463877
does:0.008233032529307602
tied:0.03462568602179688
words:0.02235039953721199
article:0.005475222164301358
greek:0.06443144036874603
u:0.02555164515941227
latin:0.04063823652724283
god:0.017926879944427196
s:0.012576411098432804
