tv:0.018755747803226055
large:0.014821951088552355
at:0.004361212932942728
out:0.005832559896437921
say:0.009393787001324472
know:0.006108292701278722
all:0.018892432290025567
massacres:0.028139689698818617
participants:0.028296861472653177
watch:0.019030514062249256
episode:0.09067471461739104
specifically:0.02003486461265179
into:0.017730731712696894
from:0.00419095175460483
several:0.013952729564690082
killings:0.030344199682261017
to:0.0020468304357784614
w:0.030637038168607463
discovery:0.02880073619695982
young:0.03716886660469492
ye:0.02755660536388603
us:0.010197407852400971
next:0.013259307048263244
perhaps:0.028598629085545002
bunch:0.02008021297601151
make:0.00871326971955299
that:0.0068693985234549865
lance:0.08838534808530306
broadcast:0.025153101325362758
church:0.01855087049548915
like:0.0057655399183597685
through:0.011730016307053599
cs.utexas.edu:0.026793483186523363
re:0.0018511906078127255
happened:0.033389117809291394
mormons:0.05257921692443344
had:0.007596081612287798
this:0.0025989229622347476
saints:0.02916760734623567
recently:0.01638273051776084
on:0.0025099446794024254
you:0.011005920582350929
tell:0.011930817097140856
etc:0.011496653403258592
suggest:0.018175246559951078
them:0.007256728571941787
a:0.0055307094092926536
how:0.006511698006084774
utah:0.028713114528150906
was:0.008766941921795897
as:0.003960961189193161
old:0.01310848060565507
truth:0.0355946289902238
blood:0.020676602546577234
pointed:0.021414096564635273
anthony:0.026619763781517078
portion:0.025153101325362758
play:0.015851080360299218
doctrine:0.02342134957507173
it:0.00509191232287087
have:0.005061887258887652
persecution:0.02907330935133124
after:0.009550562810222532
west:0.020187669800674202
shall:0.039205722911215386
channel:0.02398954519186593
command:0.02037748839076156
network:0.018185592425888995
knew:0.019218292390582967
thinking:0.017245180860636908
g:0.017500009707977732
writes:0.003273576193156249
watched:0.024669742565145352
were:0.015359438588834646
of:0.005775462937596197
believing:0.024444681307339622
what:0.013669932222722244
result:0.017500009707977732
years:0.011038492192972245
settled:0.028889936719250307
they:0.013855241948134806
who:0.006401251852642813
over:0.01986079952989463
one:0.004867875781067438
in:0.003518409938504762
massacre:0.025458515033309984
or:0.0033381755331835907
men:0.017384151250630406
and:0.007560344841401779
rogers:0.027354516282102587
for:0.0016106379352082872
subject:0.00013216315293078365
until:0.014164186759230911
jews:0.01829025795348211
i:0.0018900862103504448
rose:0.024408146122697923
program:0.013745710061307303
the:0.007089756034550499
see:0.008759335452530576
would:0.004617077455962258
lds:0.03141877644086412
an:0.004445040289909588
mountain:0.04499785184131679
just:0.005813804769633099
long:0.011783719035191015
religion:0.017581837935458974
about:0.019505270897462804
e:0.015400444039870429
done:0.013112195799112368
mob:0.029883356003716405
512:0.02628960846221672
their:0.0074934832603055146
nothing:0.01264780198762826
under:0.012016452609433858
show:0.01490133004819224
occured:0.02880073619695982
article:0.004011548912458421
very:0.00862991332566063
before:0.021051428388343014
by:0.004903145914936466
incident:0.04758562178324162
s:0.003071466736910982
