know:0.018982694240896953
where:0.028422412280519414
w:0.09521048784705705
ye:0.0856374505154612
make:0.027078161282303136
lance:0.2746744663574034
provide:0.05195316428128329
cs.utexas.edu:0.08326590159504184
me:0.016670595083146843
re:0.005752930811971855
anyone:0.02573714999448294
you:0.01710150736642221
why:0.027380347386984714
a:0.0064454036577525926
truth:0.11061715470808013
copy:0.10512652138656438
are:0.009890944332326547
internet:0.04394667604791702
book:0.09568303109795918
ftp:0.05835949149675501
have:0.007865394048425428
site:0.060085603037517026
shall:0.12183932350870014
writes:0.010173267554116345
if:0.010310006457898604
of:0.011965574496353147
mormon:0.1790076526703349
version:0.04800724011793207
please:0.029467928567773152
email:0.04221382552258371
in:0.0027335338752998537
and:0.0029369031883906913
subject:0.00041072241372335844
i:0.005873806376781383
possible:0.03964571727637819
the:0.004638480061471095
moore:0.08697608708453242
can:0.02660203053654503
william:0.06264091199063104
address:0.049120328522055556
interested:0.04426271100638338
obtain:0.07046784944024843
512:0.08170001399027349
on-line:0.09064394898368623
article:0.012466659697178478
online:0.07790733706783852
