go:0.015318364187355332
at:0.006936732381530953
stephen:0.032060309286543444
all:0.015024690246398286
watch:0.030269006618695665
chris:0.030210608211962992
hand:0.024860153192540736
own:0.01784638295707083
christ:0.029227353645967655
to:0.0032555885671436947
sound:0.0271746715679404
most:0.014618861921000299
day:0.020026008155613166
that:0.002731532483736038
broadcast:0.04000729502144312
think:0.03400979592587138
hour:0.036659170052600616
really:0.015365320812526975
nt:0.016867997284782013
me:0.008532194333894053
re:0.00294441340770213
anyone:0.013172557083790481
this:0.004133719987176527
off:0.017192578330364965
he:0.012520733917482168
american:0.025409726121167053
society:0.029261663137061793
them:0.011542198201041267
more:0.010011173431659259
jobs:0.03888051672505987
a:0.0010996095479105473
was:0.006972134914184139
also:0.01168107977700446
died:0.03193860646578209
responsible:0.03079413555175608
are:0.005062294343316736
those:0.014613509088878426
log:0.04340446505696616
it:0.0053992981061412905
have:0.008051190758230754
empire:0.0422501069924632
reminds:0.044052009137572234
his:0.043569189956817085
structure:0.0725458021998596
writes:0.005206790480453247
of:0.007655141164005458
backing:0.08856051491881774
believing:0.03888051672505987
biblical:0.07188953926441756
easy:0.026091980820935494
who:0.03054455608426413
cares:0.03987383393235829
david:0.019657049128696803
in:0.0013990527708227596
ought:0.03929976487087729
or:0.0053095390370321675
and:0.003006278854258188
for:0.012809010350869055
subject:0.00021021225899227005
i:0.006012557708516376
tape:0.06534438210580053
person:0.02208814518955788
we:0.010612156737905274
cites:0.04753100718701349
the:0.003561037842467967
do:0.011312093211125931
romans:0.04156497803978895
did:0.012944181444432799
koresh:0.06431808864005908
just:0.009247154043038473
long:0.018742608229201454
people:0.011852544410024547
about:0.007756032915920248
hold:0.02732110718853559
solid:0.0709537373672396
does:0.009594400112893899
their:0.011918768650249717
followers:0.03779271878426604
guess:0.02359178947193428
every:0.01915077580265666
article:0.006380573860760638
deaths:0.03837233939326797
fault:0.034858267719028446
concern:0.0362729010999298
god:0.020891167179332478
s:0.019541300184441522
roman:0.04021182641044518
