taken:0.015254080091475278
some:0.0054052633108025655
since:0.009263063071313339
read:0.01049538454582371
feeling:0.02021591134532186
there:0.004248976785079386
attitude:0.020353532550253347
raise:0.021820378183323885
differences:0.021205602840815498
anyway:0.01411348991502099
situation:0.01631542726284536
traditions:0.02718892818967088
with:0.00812260245541038
much:0.008088874396110793
though:0.011507149081530924
post:0.011956378724218427
wisconsin:0.0281569457723494
often:0.014385742538327343
my:0.004399140098751394
to:0.005104441333669743
us:0.009536464750856462
misc:0.02661461037175431
been:0.006792779570469626
that:0.004818119797701067
really:0.009034239551809842
talking:0.015091162872047538
nt:0.009917757662811645
agreed:0.021987732415343846
responses:0.02053670662528201
anything:0.010746486807034276
re:0.001731206031380419
greatly:0.018069116434262043
so:0.004730604617522778
anyone:0.007744975692784218
comments:0.01705557876865324
this:0.017013319762036724
getting:0.012556488760299472
on:0.0023472630798115272
children:0.031040526555727088
am:0.015132744043531161
inside:0.01737988669941753
sure:0.020204111297770402
a:0.004525707815242946
how:0.00608964350569039
same:0.008991172919113945
bigger:0.021580170612171056
was:0.008198714204642459
as:0.007408464446453874
letting:0.022626265485739684
question:0.01010641705253289
also:0.006868042276294288
far:0.011524898482043525
mind:0.028052368546390156
worst:0.019952365341636632
d:0.008434463992486275
religious:0.016997221319954247
reason:0.01237135150003948
it:0.0031745873124071474
not:0.005582500079407082
discussions:0.022220718914823082
have:0.007100702960384067
being:0.00900835152743124
only:0.006173778880876326
ve:0.008449693051052936
between:0.010754008546511136
expect:0.016001023533140684
real:0.023681424574057846
quality:0.017797054817473842
has:0.004929511453178477
open:0.030601486840308913
feel:0.014103132797436007
june:0.021278131159076605
be:0.002678061375636441
get:0.02434025880168745
making:0.0142342925503352
if:0.006205096479290826
of:0.0036007515845507157
trying:0.012483001032724055
even:0.007773886332250119
but:0.00924004475347792
please:0.008867663689376179
they:0.004319072335683998
up:0.012439447873633191
chance:0.016643784851910204
in:0.0016451824249489857
our:0.010323034365649969
and:0.003535161245285091
pop:0.0244386676437648
for:0.0015062447357040462
subject:0.0002471940452964657
i:0.010605483735855273
group:0.01248664784632706
appreciated:0.01567019499618631
we:0.024958220476184626
married:0.024487145883891167
possible:0.011930424180391582
any:0.009474882095266734
actually:0.011316269106949465
will:0.005246784004181872
yet:0.012176244179102609
suggestions:0.018319427643846652
than:0.0066231540843493565
the:0.003140637541621054
do:0.006651091841726821
magnus.acs.ohio-state.edu:0.02130256197898792
when:0.006054048346498777
strong:0.01671598326838199
would:0.008635644871336815
can:0.0040026203353597835
an:0.008313871653349413
myself:0.01542982436110131
just:0.005436984090119842
newsgroup:0.017797054817473842
here:0.008335189377886092
many:0.008579634386935618
religion:0.016442274365568114
about:0.004560260094082738
paul:0.015162141162541932
is:0.008706983278864107
deal:0.015260717554446801
right:0.008980896267547682
lack:0.01796074564306753
keep:0.012265808259842227
marriage:0.023850706112462452
lot:0.011474784204932365
goes:0.01492142220366054
difficulties:0.02794647181829034
guess:0.027742196879033825
e-mail:0.01273007304005679
give:0.010940908663685215
sometimes:0.01622456631628634
