lpl.arizona.edu:0.019151057880491203
perform:0.015728765529325266
since:0.013519065022997847
bait:0.020546960428471185
there:0.003100604681003877
know:0.008336994092285823
your:0.0042565277776394
with:0.003951536329659104
way:0.005852610876846431
turkey:0.06613973665057926
ca:0.006947799311122707
someone:0.007444115252239932
from:0.00572008280020389
parents:0.07745954443400763
my:0.006420366630610144
invisible:0.02017533578247683
to:0.0037248625948400837
require:0.013106490063860091
look:0.008010703798229428
then:0.005391487668161498
born:0.043560029980150045
day:0.017184479971370757
legs:0.0577699223932044
die:0.012728899903487667
she:0.011199805692224604
sinful:0.06118011398058156
that:0.004687900343709146
earn:0.020246462164901943
nt:0.004824855079205666
could:0.005098341740966411
me:0.007321545137868546
generally:0.013063342882510471
anything:0.007842030913241229
ceccarelli:0.02003742363882732
re:0.0012633125093857113
exactly:0.010866157612405435
so:0.013808251316012434
baby:0.084308617206105
had:0.015551437354886505
this:0.0017735893188223616
merely:0.013787327769394786
two:0.018899892898513293
on:0.003425735305670878
you:0.0037553985770859585
tell:0.016283953065016572
etc:0.01569137829363673
them:0.00990445386170433
why:0.012025152568608153
sin:0.014546507214535462
a:0.0023589596720378298
same:0.006561126184218285
wings:0.015439529878234076
commercial:0.014075495271124162
as:0.0054061767582230975
part:0.008274399028423234
therefore:0.011597721353225898
arms:0.04107912396915993
died:0.01370338858498083
far:0.008410061054464195
flaming:0.01862286169673886
are:0.008687991643259806
results:0.024750565870732842
no:0.0038031950546706414
brian:0.025243766991748507
innocent:0.014971129563060787
d:0.006154879129652147
it:0.018532725931890377
not:0.004073716274161925
ken:0.027878869602127106
deleted:0.011869525327697084
have:0.006908792069562877
made:0.007856687675398653
being:0.006573661925422798
whether:0.01930715260055287
attributes:0.02017533578247683
always:0.008976203033779417
second:0.00928951275896036
after:0.01303522761935778
has:0.007194422120855075
be:0.003908522007685617
writes:0.0022339945642485216
get:0.00888090523845353
were:0.005240889518487497
if:0.0022640216883898965
totally:0.013917281420840043
what:0.00932880509793883
3-4:0.01953600470261694
but:0.0022475784535486835
never:0.007445740644803583
nature:0.05151912354405095
seems:0.007961105031692832
easy:0.011194870149522999
they:0.003151755488201837
good:0.005473006254592903
title:0.01419322071480716
jyusenkyou.cs.jhu.edu:0.020393371326860518
in:0.0018008077894711874
our:0.01506605015527293
or:0.00227807924899691
sinner:0.06140787941151458
and:0.004514496455127583
still:0.006897665818343065
subject:9.019242193249425e-05
half:0.02555164515941227
i:0.0019347841950546785
we:0.022765944353276522
any:0.0034570515753000247
actually:0.008257817996963124
yet:0.008885367373939744
committing:0.04063823652724283
the:0.0033104017330600304
do:0.0072802491781063855
thing:0.0076484203889356644
got:0.007473492640643831
can:0.002920831055532816
sins:0.06949486536119752
because:0.02384759863370965
did:0.022215014100580615
maybe:0.008945652305210555
jesus:0.011733781823286507
people:0.010170764459953496
about:0.009983272097856807
different:0.008537894925713675
is:0.006353744554846782
days:0.010061664272128961
does:0.004116516264653801
served:0.03415951797120938
their:0.01534138802616602
first:0.0063430906398345985
nothing:0.017262540550681816
article:0.002737611082150679
difference:0.010834979212278334
commit:0.017628809423097167
christmas:0.040938586274343054
arromdee:0.07988209148373929
bad:0.03703514928035654
understand:0.010122152915323155
sinners:0.04021135205682707
babies:0.037517844333598935
s:0.006288205549216402
