some:0.0064863159729630785
since:0.011115675685576008
out:0.006545428328224777
mark:0.01668679980162328
there:0.005098772142095264
proven:0.026351299859426858
all:0.00530037683692384
guilty:0.02611909358899096
lawyer:0.029502782829820984
harmful:0.029684948512170937
from:0.004703179191278753
wrote:0.014308749859404784
sell:0.019333734994336486
my:0.005278968118501674
to:0.007656662000504615
look:0.013173157357088391
then:0.008866001943198906
software:0.031286509872013965
t:0.028625256166671578
that:0.015417983352643414
think:0.007998600152936419
nt:0.007934206130249317
me:0.012039874226717163
re:0.002077447237656503
so:0.005676725541027334
believers:0.0304091808336334
best:0.013528755999785745
programs:0.019628789579413983
you:0.012351088653527152
pascal:0.062484363303832516
came:0.016770704069321928
m:0.015209052356845247
prove:0.02181610188840888
a:0.001551671250940439
cycles:0.03306266724672448
belief:0.022886196114270292
drive:0.015687798604477714
doctors:0.05446064422124143
evidence:0.017876155747294873
turns:0.024520859853147736
computer:0.02978558783517017
are:0.014286919591138345
those:0.01031064252381978
permission:0.027771740644791345
it:0.0038095047748885774
not:0.0066990000952884985
have:0.014201405920768134
proof:0.09304685759335955
kind:0.015308481649794778
able:0.014652584589503718
b:0.017005046369523567
has:0.005915413743814172
floppies:0.031242181651916258
be:0.006427347301527459
fastest:0.031242181651916258
get:0.021906232921518706
if:0.007446115775148992
of:0.005401127376826073
safe:0.023070783045538733
what:0.005113567238870174
but:0.011088053704173505
saying:0.016758639883135775
oh:0.017942867689674853
fact:0.013323706270160218
court:0.022203675708129495
please:0.010641196427251415
they:0.02591443401410399
up:0.0074636687241799145
in:0.0029613283649081745
or:0.003746174765017141
and:0.002121096747171055
for:0.005422481048534567
subject:0.00014831642717787942
until:0.01589536514091469
car:0.016992462999352163
i:0.005302741867927637
don:0.024770029665177468
assumption:0.026351299859426858
any:0.005684929257160041
exist:0.04040582750884562
the:0.002512510033296843
do:0.007981310210072185
an:0.004988322992009649
just:0.006524380908143811
about:0.005472312112899286
company:0.03740142266257056
different:0.014040093877840266
is:0.0059705028197925315
right:0.01077707552105722
turbo:0.02759946155177712
fly:0.05503056971443644
their:0.016818706873130154
virus:0.09187278437057837
give:0.013129090396422259
burden:0.1205391065494319
before:0.011812190373459135
going:0.012098976022498237
phoenix.oulu.fi:0.06955090515627693
