silent:0.03252092237047932
utterly:0.07139083199968659
there:0.005665302380105848
opposing:0.06652781612675956
blindly:0.07480136751361446
take:0.013121908211948786
own:0.013990682935481452
with:0.007220091071475893
way:0.010693659379916934
user:0.023343478293784047
much:0.010785165861481058
meaning:0.02435769465977958
from:0.0052257546569763925
possibility:0.026178898652106986
to:0.004253701111391453
everyone:0.03774707108040868
otherwise:0.021934474269210098
that:0.008565546307024118
r:0.019137159053883517
provide:0.020845405421502552
really:0.012045652735746456
nt:0.008815784589165907
could:0.00931548861312381
re:0.004616549417014451
mean:0.016317420103888026
student:0.04966688237245273
on:0.0062593682128307395
you:0.0034308579593130975
moment:0.10390890862596995
more:0.007848265591485961
a:0.0060342770869905955
other:0.008514246838468584
want:0.023365407008792364
shit:0.029748270874535535
steve:0.039594491936226994
part:0.04535596504469031
evidence:0.019862395274772078
died:0.025038290254039045
whole:0.018468614043378333
course:0.015099702468518635
andrew.cmu.edu:0.025152959300785555
official:0.025038290254039045
no:0.013898095508426047
those:0.011456269470910864
reason:0.016495135333385973
it:0.00846556616641906
not:0.007443333439209443
becoming:0.029393185416892405
have:0.006311735964785838
only:0.008231705174501768
money:0.019137159053883517
danger:0.030255913456245235
which:0.007974644027885912
writes:0.012245599833658562
of:0.010802254753652147
what:0.017045224129567244
his/her:0.03363364967807774
participate:0.06466580514238199
sense:0.020285938557796236
please:0.011823551585834905
who:0.023945423596923116
now:0.010197002456038544
david:0.015410155798422802
in:0.0032903648498979715
point:0.0135897281559263
u.s:0.02177618766048579
forcing:0.0325848901916864
for:0.004016652628544123
subject:0.0001647960301976438
costs:0.025408967005764414
any:0.006316588063511156
than:0.00883087211246581
the:0.001395838907387135
do:0.0044340612278178804
because:0.010893347524040208
maybe:0.01634514248359459
an:0.005542581102232942
makes:0.017240604211431938
religion:0.06576909746227246
is:0.011609311038485476
having:0.01615365057049606
gave:0.022912801932332666
christianity:0.02374474267840748
keep:0.01635441101312297
does:0.007521535890972378
silence:0.13248798982821794
unless:0.0190003791712376
midway.uchicago.edu:0.03252092237047932
organized:0.02999687519020183
existed:0.03125911672475002
supported:0.02698043042499727
understand:0.018494797919355883
by:0.006113799227266457
everything:0.03814398128300312
s:0.0038298535855309773
