read:0.015013265310582263
at:0.0058342053804929205
happen:0.02239491540508156
take:0.014077808810170222
saw:0.022499209159837448
own:0.015009871758595994
with:0.0038730289853612407
way:0.01147266767911618
wound:0.03997641001821665
themselves:0.021433445141210712
to:0.002738144026670525
fails:0.03170102382233592
behave:0.03796176515462067
that:0.006892144876181659
church:0.024816396291978862
like:0.0077128414801898885
movement:0.09352255560537956
nt:0.004728997031274427
re:0.002476427170716361
behavior:0.028135026641848967
so:0.00676695759857563
had:0.020323291201087883
overwhelming:0.038295744317712675
you:0.003680788009329284
henry:0.030299617506342417
harvey:0.036956427321057736
came:0.019991567764754616
bill:0.04100018378399625
why:0.011786242252675539
a:0.004624185847173494
how:0.017422026453365883
was:0.011727962041077955
as:0.026493846364801937
stanley:0.03275007021569617
belief:0.027281558281911606
also:0.009824484315758717
evidence:0.02130932473187468
tragedy:0.037050365301136916
d:0.012065193525675732
place:0.018009454419314078
it:0.006811697279602093
not:0.003992781513748112
connection:0.028515007519884082
towards:0.027614418114897617
strongly:0.030906958079120552
be:0.00766173850513207
sort:0.02077788945470881
writes:0.004379221132566638
formed:0.034557136352561336
if:0.004438082250088803
end:0.01790883048063251
of:0.006438429985620485
even:0.011120261243483613
chapter:0.032700831947566913
available:0.01788783991929954
reading:0.04352744432268862
least:0.015944783991433658
disappointed:0.039018918436686124
they:0.01853482697697504
up:0.00889708854538003
waco:0.05145265840385763
in:0.00588343383756591
system:0.014802796882400828
world:0.016697024428693225
recommend:0.029058140974591598
better:0.014809376631135119
and:0.0025284596986145024
subject:0.00017680103901998871
half:0.025043996580086197
i:0.0012642298493072512
branch:0.030197991217106257
suggestion:0.0306500969861725
we:0.00892545632923159
the:0.005990090145608368
when:0.025980286943915284
century:0.029588225131369987
strong:0.023911605205102715
would:0.006176487722545537
can:0.005725602598925254
did:0.04354731240908517
prophecy:0.038768982489779856
return:0.02443952124382072
just:0.007777407705072092
long:0.015763650629858177
jesus:0.023001320660217258
immediate:0.03178592904372044
paul:0.021688890669596405
christianity:0.025474492145046438
expected:0.05495852004924945
their:0.020048789650088928
goes:0.021344550966825672
first:0.024868275885974053
davidians:0.03204737812301705
explaining:0.036956427321057736
article:0.00536644291600398
understand:0.019842101079044064
by:0.006559175329915007
s:0.004108849542092836
