go:0.017685747743582975
there:0.016686890646857227
know:0.011217046596893652
all:0.017346687829932567
raise:0.042847288069072356
means:0.025769047458534113
enter:0.04306504480564047
your:0.057269646462784665
funny:0.04091605591414747
wrote:0.02341431795175328
to:0.0012529083273553007
otherwise:0.032303498469200324
village:0.04726099548526964
t:0.023420664136367654
think:0.013088618432077774
terminal:0.0434017836390982
nt:0.006491623197476713
re:0.006798918232330373
bil:0.05086004691337885
this:0.004772567621558354
kmr4:0.05047855419429675
something:0.018096921065122933
you:0.04042174468427068
fall:0.0354572820672212
harvey:0.05073109568617925
etc:0.02111203624962032
sequences:0.05410254640373096
seeing:0.03643899695871298
bill:0.028141035233561065
m:0.012443770110146109
a:0.0012695492053149044
was:0.00804964667364896
as:0.007273765092881986
pretend:0.05099085361748885
jack:0.03886141726145396
demand:0.04306504480564047
are:0.017533946770942513
no:0.010234052147113726
keith:0.07164485580217576
conner:0.04818005109319117
okcforum.osrhe.edu:0.05099085361748885
after:0.017538306251499557
open:0.030045096170485116
returns:0.04798865646411997
be:0.010517477402499477
writes:0.0060114762819778395
get:0.011948854320828385
were:0.014102757249748172
of:0.0017676416869612604
ryan:0.04040852455457527
years:0.020270685663458122
ansi:0.05716138491846926
must:0.02106782206799543
0m:0.18961987212613277
now:0.030034807234149894
in:0.0032305400344452813
po.cwru.edu:0.043344787157156416
or:0.0061301041609371386
thoughts:0.03903658470568921
watching:0.03872367357944849
and:0.006941771172559816
subject:0.00024269960810925723
i:0.003470885586279908
ways:0.03243943982980994
2000:0.039324068236875676
the:0.0013704600181619145
see:0.016085325103737964
would:0.008478633146403418
friends:0.03615120314170669
once:0.024391192681135508
here:0.032734561920425384
many:0.01684728206889176
about:0.00895469254838065
paul:0.029772931737355065
does:0.011077171039432046
significant:0.03784479812276332
escape:0.039508474338434824
article:0.007366662548332736
dumb:0.04675109124298742
by:0.009003958861974236
happy:0.03452813716804565
s:0.005640329825963803
