delta:0.048552027574090585
reference:0.015169240093570548
vehicles:0.04064157167530441
800:0.01951087514472271
enhanced:0.022516403696410014
with:0.0023773470601201113
vehicle:0.0536668620975517
from:0.0034413506277649417
125:0.023106574468135615
longer:0.013797605725098276
lbs:0.04963764865233874
my:0.003862659598903664
to:0.001120487122025066
otherwise:0.014444653787040799
w:0.03773586408572383
h:0.014362528960546817
us:0.008373481244654457
t:0.40843353310982616
100:0.0686689450981925
russia:0.10415856770784426
through:0.00963196460985702
publication:0.02230240477980261
nm:0.0263244088314413
240:0.023722630964587654
jon:0.016867350665521683
specified:0.02129239925419895
28:0.01797790814328759
m:0.038950012133384164
includes:0.030632149361238613
a:0.0017030538120077988
j:0.012415157152556353
price:0.012724163422129932
following:0.01112729379284456
services:0.03249318396311634
usa:0.08889321185435914
1,000:0.07116789289376295
120:0.020619576333558407
international:0.01611936837699754
prices:0.017733583248695294
are:0.013067304504089949
no:0.004576202179603699
it:0.0013937212591055772
not:0.0024508536933982314
3000:0.021333254277993676
have:0.002078254524990459
orbital:0.04381100086396362
only:0.005420879017354824
date:0.014543899145460663
reliability:0.022354857644989228
atlas:0.1261283382681839
350:0.022516403696410014
400:0.018661898270221154
after:0.007842332063678665
site:0.01587627722536019
edition:0.019810110174573306
types:0.01665405370723935
kg:0.02533407516210085
be:0.0023514685249490705
notes:0.019017538327632193
dec:0.02016381495908399
if:0.0027241886982252413
of:0.002371226653240715
leo:0.023368926180076962
km:0.02268463628243788
launch:0.09363126909941227
planetary:0.045840713683984284
in:0.0007222752109532134
1990:0.034723141222303
israel:0.0154490551578807
or:0.002741103486597908
41:0.040705841427394765
and:0.0031040440202503242
still:0.008299630415567265
for:0.002645112706602228
600:0.019983116737251335
275:0.023368926180076962
subject:0.00021704843001640894
payload:0.02330173389572245
cape:0.04805914446989193
space:0.049715654593709004
steven:0.018237862308329356
guide:0.01911153189438363
proton:0.027636495791860206
yet:0.01069133635238278
the:0.00030640366259717603
when:0.0053157497676574635
families:0.021543925285573293
450:0.024029572234945965
may:0.007565144420487118
individual:0.015697911346612005
an:0.007299984866355584
long:0.019352123943972236
e:0.11381303766050585
n:0.16370394493434315
china:0.024276013787045293
last-modified:0.023722630964587654
orbit:0.036788458607128594
launches:0.0506681503242017
31:0.018948442488735562
center:0.013278987127938248
unless:0.0125124448200833
marked:0.022407996187945946
nation:0.018218732669965886
first:0.007632336704841631
operational:0.024723171897672647
japan:0.02105553377402019
change:0.012081337837034503
faq:0.015780874239421788
iii:0.018791644623750846
titan:0.10223987546392878
comes:0.012293399744900456
by:0.012078481400209343
data:0.0357847027220221
200:0.016894817260899243
built:0.015010152984043715
included:0.015214558741873859
archive-name:0.022516403696410014
millions:0.019356487957465734
1991:0.017649765008033766
