at:0.00759452596943475
preferably:0.04541715020704871
help:0.01844907517277411
true:0.022269662001360747
thanks:0.01718436762858761
height:0.09251316531108321
c:0.022293945650249652
from:0.014596073352244407
to:0.0035643081726487004
0:0.03159617490060718
h:0.03045846658874583
that:0.0029905571158144553
me:0.009341281727625385
need:0.016562086133596863
file:0.02619384381429663
ra:0.055250975845136954
something:0.034321746847646946
you:0.004791370598351051
pascal:0.048479247390904534
great:0.021734919730454112
inc:0.09468143523632072
3:0.3633309224437686
a:0.0024077657342179226
other:0.01189058610199923
advance:0.02727156221272974
book:0.026807745781755803
d:0.01570555364118134
have:0.004407332871962525
systems:0.025865664830022506
larry:0.03917916410321548
be:0.0049867349753230285
which:0.011137002866530325
if:0.005777158791063873
of:0.006704847778128919
but:0.005735200191813882
distance:0.040682210544118746
lines:0.03045846658874583
david:0.0215210796495215
code:0.027935452675273243
in:0.0030634431361119046
point:0.01897875828672466
system:0.019269158010711423
or:0.017439089423355654
few:0.0197036853526404
subject:0.000230146180103606
i:0.004937035532208489
elements:0.042253948102687316
the:0.0025991483103070794
can:0.007453155107221667
an:0.00774050119449773
here:0.015520697462270656
axis:0.05203825786854063
is:0.0023161433352643437
orbit:0.07801690359787614
argument:0.030333977932238982
time:0.013616465257790634
2:0.05038990220936402
1:0.1688382665452335
first:0.016185817494750353
ref:0.04985049475840184
fortran:0.05327188583096023
useful:0.033054200147227916
convert:0.07376862060686792
earth:0.030349441056842664
needed:0.028757092156345008
data:0.025296082958670797
s:0.005348588628069123
