reference:0.027040819297234453
at:0.006383804438075587
there:0.013301144718509383
know:0.017882248197946402
all:0.0069135350046832696
small:0.021657578987434863
where:0.0133873681031432
with:0.008475759083906484
times:0.020365769141253817
apparent:0.035066334033156336
planets:0.08260819820477537
to:0.0009986950435440804
mercury:0.20270308552433602
that:0.012569008167915827
guy:0.049077257202157526
could:0.010935573589319257
its:0.014984235913291089
anything:0.01682058804579278
re:0.0027097137882476125
happened:0.024436963034336456
michael:0.021773153635316587
anyone:0.024245141299150598
this:0.0038042205679088333
two:0.013512966903284865
on:0.003673976994487608
apparently:0.0549081312500241
inside:0.08160990276248231
trek:0.08625043629580299
more:0.009213181346526999
a:0.0030358785344486846
other:0.009994985419071817
was:0.012832770059440371
as:0.005797928697224771
ears:0.07914599663546595
theory:0.02948223809403351
are:0.004658778127545112
no:0.016315155596847968
einstein:0.08150134343978153
not:0.013106739316868801
analysis:0.031201203880452874
have:0.00740942917605294
inqmind.bison.mb.ca:0.04556342276109869
shows:0.02800155534507182
explained:0.06865441925536887
be:0.004191748240126604
writes:0.004791756456649003
were:0.011241328242552893
of:0.007044948752381835
explain:0.02605114150733771
but:0.0048208929148580455
fact:0.01737874730890463
beyond:0.028301189836511642
they:0.006760287134114085
now:0.01197039418752351
in:0.0012875340716992064
star:0.06653372426774498
yes:0.03864994015223027
and:0.00276664793109268
for:0.002357600455884594
known:0.023600932954104044
subject:0.00019345620936245142
victor:0.09197960639209496
i:0.00276664793109268
info:0.04268689071583185
world.std.com:0.03330490094464165
any:0.01483025023606967
the:0.0038233848332778052
got:0.01603010015674329
planet:0.06856684948064477
specific:0.026559103539640815
long:0.03449726442186355
different:0.01831316592761774
is:0.003893806186821216
orbit:0.09836913931906122
does:0.017659258178804715
relativity:0.04477926635066223
before:0.046221614504840094
by:0.007177068658095406
motion:0.07414076208418395
s:0.022479575393334
