out:0.007140467267154302
validity:0.0357082223269067
increases:0.031867472265760366
into:0.02170671397554408
from:0.005130740935940458
dennis:0.0657486035724174
except:0.019541584357598868
to:0.0016705444364737343
remember:0.01686438810012868
justified:0.030690769147936385
calls:0.024292664639141984
nasa:0.05200170687999292
that:0.008409809101441863
v:0.023313020084254617
brought:0.023481168742640408
on:0.0030727807590259994
you:0.0033684787236892234
used:0.011966445505071912
why:0.010786197455478827
more:0.007705569853458945
jobs:0.02992621590353093
paint:0.029577307710673486
a:0.002539098410629809
vision:0.02889652477143761
nor:0.02093659998166911
as:0.0048491767285879905
mac:0.020795649301885672
given:0.01689568217685625
question:0.013230218686952148
also:0.008990891707148887
military:0.023465688258973154
are:0.0038964326157650032
results:0.022200507568899762
radius:0.03484094448666019
it:0.010389558476968848
tom:0.046008826951209156
money:0.03757842141489855
color:0.044783419473980436
whose:0.022683523942430114
always:0.016102764230295198
hm:0.03231661149093444
call:0.016102764230295198
things:0.0135437935038803
of:0.0035352833739225207
raised:0.027424123688950402
congress:0.05292893152229724
but:0.004032019528790365
well:0.010199199455474817
must:0.014045214711996953
find:0.012826949925293273
who:0.007836684086265748
cares:0.030690769147936385
now:0.020023204822766597
called:0.04876826356103152
in:0.0032305400344452813
system:0.013546801995409244
and:0.005784809310466513
for:0.003943622580752412
known:0.019738962107068835
subject:0.00016179973873950483
however:0.014527872146647958
will:0.006868517241838087
the:0.004568200060539715
see:0.010723550069158642
when:0.047551797921590394
saturn:0.03464221828773298
put:0.015075510906344116
just:0.028470025780991174
here:0.010911520640141795
replies:0.027162474162494593
about:0.005969795032253767
spectrum:0.03294776457731382
is:0.017911508459377595
either:0.015173107315838534
discussed:0.027513912087648227
occur:0.02757451865331237
white:0.22659794305470615
questions:0.018328341437851586
rocket:0.029881487980515035
study:0.022456808172332112
mystery:0.033329060488893024
issues:0.02306199686423573
nothing:0.03096795153334435
barrel:0.036451266703223864
terms:0.02332811500129978
occurs:0.028934522426065465
by:0.012005278482632315
black:0.1925210376133057
opposite:0.02924739736791581
