seemed:0.02174784998110152
at:0.004541056765229026
out:0.006073077830311649
boeing:0.06641137134906058
there:0.004730819513284265
all:0.004917875415702532
hand:0.016274430182745738
funny:0.02319982551833104
into:0.009230947953517456
work:0.020877035711240242
zoo.toronto.edu:0.0783089212795284
to:0.00213123581457345
building:0.019590039014632223
recall:0.020159047500376403
most:0.019140159422340597
civil:0.021511440616188215
badly:0.0269483499261844
nasa:0.022114127925770184
mach:0.03212465200967427
toronto:0.020706702552271042
re:0.0019275283648359305
nope:0.028149864782717273
had:0.007909322091145027
this:0.002706095043151644
off:0.011254935298744074
on:0.002613447552779845
henry:0.1179186145221058
specs:0.02497880478740679
speeds:0.025647247175595102
went:0.016816810645546822
access.digex.com:0.04610785952982856
sure:0.011247649588449503
a:0.004319084925298129
other:0.007109834988824283
was:0.027385395900042856
as:0.004124299794933084
worked:0.01981527752873376
question:0.011252505584263425
1.5:0.02748577781445455
pat:0.04178495084148227
ip:0.02971939669389337
it:0.008836480147937422
not:0.0031077835493606436
fuel:0.024875363740753137
couple:0.016267998941518137
being:0.01002991716456262
flew:0.03172278839385101
area:0.04961546976277341
utzoo:0.02828036894758475
spin:0.030272208706025313
access.digex.net:0.025568548865642585
knew:0.02001079929328742
be:0.002981759057409646
which:0.006659238827409885
found:0.013786188171427821
writes:0.0068171380517274465
if:0.003454383607027883
of:0.006013626357703258
even:0.008655461070958895
what:0.004744546922663047
but:0.010287884880160983
passenger:0.05696507514417239
least:0.012410630838693208
well:0.00867457685646054
spencer:0.047997057697734824
up:0.006925053455424663
good:0.00835056624412113
one:0.005068612926678466
in:0.00457937376016728
or:0.006951664512402941
and:0.0039360558194926785
subject:0.00013761317985576442
half:0.03898601529477336
flight:0.024234210546486456
space:0.015760375038727337
until:0.0147482769348693
i:0.004920069774365848
developed:0.021841744001159975
marks:0.029300089274027632
actually:0.012599557356191157
research:0.015914079796581326
turned:0.020241744020173185
the:0.005050922231885406
wrong:0.01362588689087557
thing:0.011669754820231734
when:0.006740589911565649
level:0.018147088466978087
rule:0.06106233352973478
proposed:0.022751313265807174
102:0.03320568567453029
maybe:0.02729807301383839
thought:0.041514222760696586
rules:0.021234614951384807
just:0.006053549296215907
transport:0.030175857504931746
is:0.00138491044789002
stuck:0.02451290756334355
either:0.012904962407800815
save:0.018672733156810794
guys:0.020024101595315726
hardware:0.01829732537976573
spent:0.02238062985554797
somebody:0.01956560939935441
applied:0.022819587630498003
dc:0.023077960760305057
man:0.014938398653583498
met:0.024325445479988526
first:0.019356235354546815
late:0.01986669580222252
article:0.008353947219758772
prb:0.05067883213777142
u:0.01949300764738668
before:0.0219195285280685
going:0.011225854041493209
by:0.005105337499057557
built:0.03806698591829643
seem:0.014225322447916173
s:0.006396250318103282
zoology:0.02841426320739537
