believe:0.052991997081227815
there:0.04476970661351939
know:0.03009451525995858
thanks:0.04861918646136983
reach:0.10630008461049703
sources:0.09388143841986497
me:0.026428992204988896
on:0.012366068908275364
am:0.039861862358569894
them:0.03575266272029856
compuserve:0.12727140461553077
a:0.0034061076240155977
how:0.03208202432266157
other:0.0672833164796054
let:0.05622287177445914
are:0.01568076540490794
orbital:0.13143300259189086
command:0.10039640621789843
sets:0.2319758081604219
of:0.00474245330648143
looking:0.06326549622943034
what:0.02244980739016174
please:0.04671744772939646
one:0.023983192872576158
and:0.004656066030375486
for:0.007935338119806684
subject:0.0006511452900492268
i:0.013968198091126456
possible:0.06285296641377029
source:0.07607970638292255
than:0.03489271420047466
can:0.021086975425310083
peter:0.08980227026404773
is:0.00655299089977229
el:0.14833903138603588
element:0.12978809330419494
