out:0.016711731901850494
resulting:0.03476211333270729
all:0.006766438515221923
where:0.013102530483927387
ron:0.030051761249822947
missing:0.030621613215526585
ca:0.014585451036115752
1992:0.02798543641761909
to:0.0009774462128303765
within:0.02295354763349516
near:0.02556578565589734
day:0.018037610182715404
been:0.010405960193059852
like:0.016519703028491817
nt:0.0050643868916484995
sometime:0.036938804356676576
rob:0.031210515546093894
re:0.005304120606782561
had:0.021764659371377802
off:0.015485513815293265
something:0.014118165369954062
you:0.007883673608634352
am:0.011591037990789827
knowing:0.030454073174651156
temporary:0.03736446400012518
apparently:0.02686993656916073
m:0.009707905759688454
sure:0.015475489504675201
a:0.0019808569160941775
how:0.009328815583185279
stuff:0.020733450728181717
jupiter:0.12619313610835928
comet:0.30193831211200206
it:0.0024315987924820705
not:0.004275957507630957
couple:0.02238292052946467
hundred:0.03263371196781128
made:0.01649347199941845
flyby:0.04757167508221194
has:0.007551592013379794
fraering:0.08729391416180278
determine:0.030939443114744978
ancient:0.03252202149285994
be:0.004102562107357952
g:0.025070935893698597
writes:0.009379608383227834
attempts:0.03270916160047125
if:0.0047528398564780795
of:0.008274067470882496
what:0.006527958177281072
but:0.004718320725180214
phil:0.062857508520085
seems:0.016712674392773602
well:0.01193523340534287
they:0.013232902475287144
find:0.015010260550875107
miles:0.028469182871707983
sounds:0.025267408252204526
rest:0.02316759456363694
in:0.007560838378488957
according:0.0243938028694058
for:0.002307438744057262
subject:0.0001893401198015482
i:0.0027077830814949636
we:0.009558467416411134
circular:0.04126062916160201
the:0.006414919233949387
do:0.0050944533255779904
around:0.03357722600217923
can:0.00613167370523201
complicated:0.035233355172481426
may:0.013198762605956246
imagine:0.027927223790542285
is:0.0019054796233380418
baalke:0.08500642270653865
pgf:0.08729391416180278
sorts:0.035287701787698224
orbit:0.12836823854402316
center:0.04633518912727388
figure:0.02618792648279967
does:0.008641764640691668
mass:0.05974310100283215
every:0.017249280332889333
almost:0.021432573973507573
article:0.005747041704373057
close:0.02464477458276979
by:0.014048730139250582
kelvin.jpl.nasa.gov:0.08562323280497466
s:0.013200771933106772
