seemed:0.03668767735942343
at:0.01532113065138141
reserve:0.04599324792104776
duties:0.05249076445870186
administrative:0.05351496476875736
know:0.010729348918767843
into:0.01557220785202075
someone:0.019160505344895825
my:0.008262732707220012
to:0.007190604313517378
look:0.02061885499370357
engineer:0.03877048121506039
like:0.010127296204423245
me:0.009422510264387346
meaningless:0.04770775283331688
anyone:0.014547084779490358
comments:0.032034826208948694
this:0.0182602587259624
getting:0.04716872299521194
he:0.013827245282784655
on:0.00881754478677026
western:0.035569806640829565
a:0.002428702827558948
was:0.015399324071328446
surface:0.03969552820252622
computer:0.023310460044915784
ill:0.04852539587373668
brian:0.06497526112658746
it:0.002981351562956278
whether:0.024847465955494127
university:0.020437740013901334
able:0.022934480227049296
exploration:0.09729748105168129
willing:0.03109478133895366
his:0.032077026808787074
be:0.015090293664455773
things:0.03886479875026521
of:0.010144726203429842
opinion:0.028776622300762514
what:0.00800384437388375
least:0.02093619463223028
approaches:0.04770775283331688
seems:0.020491192081574593
who:0.022487876073632146
cheaper:0.03834242086058081
in:0.003090081772078095
chief:0.04333293911442923
office:0.09523664120989984
or:0.005863577893070307
better:0.019445355402620896
and:0.006639955034622432
for:0.002829120547061513
subject:0.0002321474512349417
space:0.026587067456635683
faster:0.0339156611077768
sciences:0.0442566105340406
any:0.008898150141641803
actually:0.02125490545305291
will:0.019709658172231033
the:0.003932624399942885
do:0.006246242773099971
thing:0.019686369001086577
an:0.007807809900536841
just:0.010212074464920748
interested:0.02501805404708626
is:0.0023362837120927296
done:0.04606371393775128
new:0.02998260112840951
does:0.021191109814565658
engineering:0.0336239086367226
position:0.05987552969064716
bad:0.023831313449968555
unclear:0.05157458606167727
s:0.00539509809440016
