another:0.011199521870649388
some:0.00589665088451189
at:0.004449318244719349
fast:0.01758483800478807
there:0.009270494803809572
inner:0.028113304462146355
know:0.012463385107659616
all:0.004818524397203492
story:0.01815685620208386
small:0.015094676263969755
where:0.009330589890069504
own:0.022893844803515105
your:0.006363294051420518
with:0.014768368100746145
times:0.014194323946934479
apparent:0.024440172204927144
from:0.008551234893234097
to:0.002088180545592168
mercury:0.11302232647417523
physics:0.023159621366127536
heaven:0.02199072058769872
might:0.010742854221608313
t:0.013011480075759809
perhaps:0.014588189584040635
that:0.010512261376802327
guy:0.03420536108029162
ran:0.02292826007304019
think:0.007271454684487653
professionals:0.030716668115290256
could:0.0076217634107376645
finding:0.02251820878652497
attention:0.021437769916781105
account:0.020579693973370002
anything:0.023446880306256607
re:0.0018885883978695484
anyone:0.016898128784256478
cease:0.02985492307978135
93:0.018489977251537382
apr:0.01882428422746464
two:0.009418128447743998
on:0.0025606506325216664
you:0.005614131206148706
apparently:0.019134651799250824
inside:0.01895987639936458
came:0.015246094608474479
m:0.00691320561674784
more:0.006421308211215788
sure:0.011020424344238403
a:0.0021159153421915077
other:0.0069662019587470245
bigger:0.023542004304186608
was:0.008944051859609956
as:0.004040980607156659
ears:0.05516236129138537
listen:0.021570436213854894
odd:0.02454289788289241
theory:0.020548226550386996
success:0.022635395135412163
no:0.017056753578522876
place:0.013734482915739525
it:0.0069263723179792324
not:0.006090000086625909
have:0.007746221411328073
date:0.01806969287769355
inqmind.bison.mb.ca:0.09526897486411544
04:0.0325348637417115
talk:0.017472695796146603
personal:0.016938866016139982
heard:0.013649734138484216
sun:0.03665143741513981
be:0.0029215215006942997
writes:0.0033397090455432443
were:0.007834865138748986
affairs:0.026986316829246307
of:0.0039280926376916905
explain:0.03631371240416772
beyond:0.01972507170423539
up:0.006785153385618105
now:0.008343002009486082
good:0.008181867936159087
in:0.001794744463580712
thomas:0.0186060859294399
confirm:0.02840198331992387
albert:0.02592712222832676
and:0.0019282697701555045
green:0.042508189892442254
for:0.00328635215062701
subject:0.0002696662312325081
victor:0.12821399678898088
space:0.015441983623803553
i:0.00482067442538876
we:0.006806787402595808
info:0.029751469286791895
any:0.005168117506509128
than:0.014450518002216781
cdt:0.025533377069388827
the:0.005329566737296334
closer:0.023542004304186608
would:0.0047103517480019
can:0.004366494911301583
planet:0.04778901630469182
specific:0.018510890345810268
nobody:0.02024388719928499
simple:0.016662568469475964
an:0.004534839083645136
different:0.012763721707127515
n:0.018489977251537382
is:0.0027138649180875143
orbit:0.068560309222376
devil:0.026660364702288875
does:0.012307967821591164
their:0.007644866760513708
article:0.0040925903046292985
little:0.011845144959083153
before:0.010738354884962852
by:0.005002199367763465
while:0.010961325787265266
unlikely:0.024080437309531345
s:0.015667582849899452
james:0.03494539159229321
