materials:0.0242036105818508
school:0.016835761462019004
blown:0.024947931047534837
some:0.0054052633108025655
out:0.0054545236068539804
ideas:0.04995824495888153
inner:0.025770529090300823
know:0.005712384841010656
all:0.004416980697436533
shield:0.02784471762051823
saw:0.015728613810812288
where:0.01710608146512742
cut:0.016949145813909265
with:0.0027075341518034597
way:0.0080202445349377
aurora.alaska.edu:0.024894408721603933
into:0.00829075881010364
someone:0.010201194975291757
such:0.01780571484692406
to:0.004466386166961026
changes:0.018879209721000875
hole:0.021606253101607423
then:0.022165004857997266
might:0.00984761636980762
acad3.alaska.edu:0.026934021813823532
make:0.008148520756248627
that:0.0032120798651340443
think:0.006665500127447014
nsmca:0.05068196805605566
covered:0.02137663763336959
michael:0.013910625933674486
so:0.004730604617522778
this:0.002430474251719532
blow:0.04512302873097252
specs:0.022434667262763507
used:0.009141034760818822
material:0.0586486046778317
them:0.013572770106780008
m:0.006337105148685519
why:0.0411972819480094
a:0.004525707815242946
hard:0.012519599085997727
other:0.0063856851288514385
same:0.01798234583822789
sorry:0.014710262429345483
beer:0.024686300444463807
was:0.004099357102321229
as:0.01111269666968081
idea:0.012835075441022019
let:0.01067193399422604
lets:0.021451917822590795
course:0.011324776851388977
based:0.02797132418426428
missed:0.02012005637605477
it:0.0015872936562035737
not:0.011165000158814165
have:0.014201405920768134
ring:0.0230707777692563
spin:0.02718892818967088
real:0.011840712287028923
after:0.0089315448503007
adams:0.021451917822590795
spelling:0.025002079379771835
be:0.013390306878182205
of:0.0018003757922753578
safe:0.019225652537948945
seen:0.012002152271399781
but:0.006160029835651946
easy:0.015341118353050034
must:0.010728983460553227
up:0.031098619684082975
errors:0.019879742211230615
rings:0.02646280563646269
difficult:0.01725559387517592
in:0.0024677736374234785
or:0.012487249216723801
and:0.007070322490570182
for:0.004518734207112138
subject:0.00012359702264823285
station:0.07659240995874364
space:0.07077575827576628
i:0.003535161245285091
special:0.016183848115115845
we:0.0062395551190461565
limited:0.017972662328230367
any:0.004737441047633367
gravity:0.025056868535544993
water:0.018981931549590512
micro:0.026244042280673126
the:0.004187516722161405
do:0.006651091841726821
thing:0.010481168681134058
strong:0.01671598326838199
around:0.021918466973644773
got:0.010241452877919324
would:0.012953467307005223
maybe:0.03677657058808783
put:0.011516015275679532
human:0.014841862829798961
problem:0.009794283759470297
just:0.010873968180239684
makes:0.025860906317147908
people:0.006968857129968135
radiation:0.02590094981699849
crazy:0.022658983852513262
mix:0.02389337581202228
is:0.002487709508246888
today:0.013144103082399782
new:0.007981479467053458
carry:0.018020638194135675
easier:0.019336452381521298
break:0.018167622908555028
fly:0.02292940404768185
wall:0.020770898740041763
earth:0.048896321702690954
meet:0.01986176304444174
going:0.01008248001874853
by:0.004585349420449843
high:0.012950573266858894
walls:0.024841498092790862
