materials:0.0393081194412013
simply:0.022997318344987888
go:0.014627310163865617
all:0.007173442335686399
with:0.004397198321725919
creating:0.03679955272287868
into:0.013464690999867565
someone:0.016567354245586616
fred:0.03483920488480911
from:0.012730409841055272
simulation:0.044594566895435235
to:0.0020724799399862116
hardly:0.03283185601947009
then:0.01199910037425416
grade:0.08329376404987764
might:0.01599312132239433
that:0.005216610908789125
view:0.025604125960786702
nuclear:0.07338730484603195
bit:0.020489354872599244
nt:0.010738023334172007
its:0.015547553052888496
sitting:0.03413380071024028
re:0.0028115827276554172
national:0.024467473120206865
this:0.003947236378732473
off:0.01641697329290489
reply:0.027001477589136423
bomb:0.1197857347977694
something:0.014967378324537765
mksol.dseg.ti.com:0.08748494303437418
on:0.0038120964303706008
you:0.01253681930997117
kenneth:0.07392250702802748
potentially:0.043099447656749786
a:0.00630001861284088
j:0.02296337337991626
want:0.028460119815220775
old:0.019909120919867098
running:0.02276286024396016
waste:0.032169774399987514
given:0.02096080871564873
also:0.011154113772026814
prices:0.03280046224946648
boom:0.04374247151718709
mccall:0.09011959098963872
it:0.0025778603739847515
not:0.004533157959217781
ones:0.02550849609305907
ken:0.06204620603180167
fuel:0.10885309546705509
kind:0.020718245841827517
decent:0.033876408442253494
device:0.030181614924141544
be:0.004349332760432115
writes:0.004971897676823777
get:0.009882511092414453
things:0.016802450587520674
if:0.010077449921254275
of:0.004385877869903879
what:0.0069206173157641444
but:0.010004258981209177
result:0.026578962112868438
phil:0.033319205644105204
please:0.01440161922485154
plant:0.04206470045467424
cheaper:0.0331532210448631
now:0.01242040900660334
in:0.004007812824687755
st:0.02884772363097218
point:0.016552901964361356
rather:0.019349501149720776
use:0.037506305137158226
and:0.001435328625905225
for:0.002446232051970481
subject:0.00020072899918810748
table:0.034059356567513126
we:0.010133412824917067
back:0.01583726857193637
elaborate:0.041852889349661485
power:0.02031470135466573
ng:0.09292539483295319
research:0.02321301865065246
than:0.010756400618191437
the:0.001133463172915869
do:0.010801773216639048
because:0.013268588713492586
may:0.027985346277290688
an:0.006751113823772456
just:0.008829989198991623
current:0.023776283637073816
is:0.004040189878055096
new:0.012962402743485315
article:0.00609272842343309
little:0.01763412557818394
security:0.027908826413818737
dangerous:0.03161462957283674
s:0.004664934442526453
