reached:0.024713715398460945
blown:0.028361858454039605
some:0.0061449309217544955
believe:0.01143511515963337
go:0.010239117114705933
at:0.004636657960286479
out:0.006200932100423473
tried:0.016304547647561427
setting:0.045282493235395856
both:0.023638990340086714
to:0.004352207873971045
value:0.03930371389217545
depend:0.026971587006452306
us:0.032524363992394674
t:0.02711866373684676
been:0.007722317827481259
that:0.005477441454228581
think:0.007577621197518712
v:0.020245517441589537
nt:0.0037583081669602027
and/or:0.021268326458652474
decade:0.029675830437526664
suppose:0.020284942029637733
could:0.007942679764873986
had:0.04037917067584566
beaten:0.061429128603037494
this:0.005526130930225463
goal:0.022074348233472773
on:0.013342337506297102
set:0.013944287284873269
lunar:0.057354223661564147
went:0.01717084876440044
them:0.00771504827122232
working:0.016676521108982142
more:0.006691679083266978
a:0.003675010857490513
also:0.00780787964041877
military:0.02037809769858195
boom:0.030619730062030965
base:0.06081530298020607
determined:0.025061558092297737
mars:0.059509954320995866
it:0.001804502261789326
not:0.0031732105714524467
should:0.008646379695965682
have:0.013453963503885601
made:0.012239892378515796
whether:0.03007851141980868
safely:0.029916933258744
25:0.019356223938366383
be:0.0030445329323024804
get:0.006917757764690118
if:0.010581322417316989
of:0.004093486011910287
short:0.018226199292743512
what:0.004844432121034901
but:0.0035014906434232117
least:0.012671907277402538
they:0.009820206573765722
up:0.021212532163458704
pad:0.02937063434463009
now:0.008694286304622338
in:0.0018703126515209523
thomas:0.019389500073837367
or:0.0035490076721215015
and:0.005023650190668287
green:0.044298008414229297
subject:0.00014051029943167525
i:0.0030141901144009726
we:0.02128016693232584
back:0.01108608800035546
the:0.005950681657808312
landing:0.02937063434463009
managed:0.02490059270612889
saturn:0.030084031670926006
would:0.03436077643542438
returning:0.03034506820323849
may:0.009794871197051741
head:0.018172945976082544
f:0.019559111675825514
moon:0.12094937711475123
is:0.0014140664573192836
either:0.01317664582691241
orbit:0.023815686361456926
done:0.013940334481161571
itself:0.017700293897865156
ussr:0.03201000150961827
rocket:0.051899426492473484
man:0.015252891256816836
their:0.015933511774544357
gone:0.020682091562540857
run:0.014088602254670499
nation:0.02358846440427162
first:0.019763735046221486
him:0.01261323843875425
earth:0.03705826486940788
commit:0.027463829417035585
thus:0.03506689550396111
before:0.011190496143277075
going:0.011462187810787802
by:0.005212818288511401
upon:0.0182530293825944
kennedy:0.030435038905129545
john:0.014113044208325503
nations:0.02490059270612889
james:0.03641677650144239
