cs.rochester.edu:0.22471050023241407
knows:0.06352657111165881
send:0.10666716803186264
venus:0.11189492633467447
someone:0.08012574962410982
to:0.0025058166547106014
global:0.09301295606924895
me:0.01970161237099172
re:0.006798918232330373
this:0.009545135243116709
he:0.028911512864004275
something:0.03619384213024587
on:0.009218342277077999
a:0.002539098410629809
million:0.0711547501660207
dietz:0.3734928070345659
book:0.05653997292152133
it:0.012467470172362617
has:0.019359535888846383
annual:0.09176927012589621
his:0.03353507348191376
list:0.052938701762210535
be:0.010517477402499477
explosive:0.11189492633467447
if:0.02436910617321488
of:0.0070705667478450415
reading:0.05975130993387255
please:0.034825733761913724
one:0.017878380141374953
comment:0.07144722539786841
email:0.04988906652668983
in:0.0032305400344452813
5:0.04725223430759423
and:0.003470885586279908
subject:0.00048539921621851447
i:0.003470885586279908
the:0.0013704600181619145
would:0.016957266292806836
can:0.015719381680685696
address:0.058051297344247466
f:0.06756784033466996
paul:0.05954586347471013
done:0.04815751911673997
wanted:0.055366545264474584
him:0.043573005515696504
s:0.011280659651927606
james:0.06290170486612777
