go:0.01662762608371049
out:0.010069889735730427
there:0.007844264833992714
all:0.008154425902959755
50:0.02949729306947377
small:0.025544836754410355
aurora.alaska.edu:0.04595890840911496
such:0.08218022237041875
companies:0.03398831064604903
work:0.03461662331607357
to:0.004711792000310533
might:0.018180214836567916
acad3.alaska.edu:0.04972434796398192
make:0.030086845869225706
that:0.0029649967985852723
like:0.00995418002998866
could:0.012898368848940663
nsmca:0.09356671025733354
michael:0.025681155569860593
this:0.004487029387789906
off:0.018662029469712398
amount:0.03178134197971648
certain:0.11269452963283792
on:0.004333408762728974
products:0.03461612644561444
them:0.012528710867796932
taxes:0.0406982567310818
fed:0.04913466530170028
m:0.011699271043727113
more:0.010866829280519026
a:0.005967966349770919
other:0.011788957160956504
rent:0.047227455461407886
as:0.013677165131914847
given:0.023827244095566507
also:0.01267946266392792
consortium:0.05450738888650689
it:0.002930388288375829
not:0.005153076996375769
have:0.00436966336023635
money:0.026497604843838722
after:0.016489005877478216
has:0.009100636528944881
adams:0.03960354059555224
if:0.005727781365499225
end:0.023113106004918886
of:0.00664754138686286
what:0.007867026521338728
parts:0.031185427448003088
year:0.02115180099324489
sounds:0.03045046635522084
in:0.001518629930722141
or:0.011526691584668127
use:0.014211790835447421
and:0.013052903059514185
for:0.005561519024138017
subject:0.00022817911873519915
station:0.07070068611576337
space:0.052265175342104335
i:0.001631612882439273
the:0.0019327000256129563
do:0.00613946939236322
would:0.0079713644966186
can:0.014778905853636127
return:0.03154160434031563
tax:0.037875678210820454
just:0.020075018178904034
people:0.01286558239378733
company:0.028770325125054275
china:0.05104187514199267
is:0.006889041715145228
right:0.01658011618624188
easier:0.03569806593511625
designed:0.03358630253745951
contracts:0.05003518252954495
sign:0.03704027406746202
by:0.008465260468522789
high:0.02390875064650873
built:0.03155980883824576
