go:0.02947624623930496
posting:0.04998770540842789
defense:0.05945767497345282
shield:0.09112816675805967
with:0.008861020860447688
funny:0.06819342652357913
to:0.004176361091184336
global:0.07751079672437412
r:0.04697302676862318
weapons:0.060599333113479904
bit:0.04128915451599545
russia:0.07764547774584755
re:0.005665765193608644
so:0.015481978748256365
united:0.1188339994811278
m:0.020739616850243517
a:0.006347746026574523
as:0.024245883642939954
idiot:0.08030008515531863
definitely:0.06448260218364824
march:0.06566230402868266
not:0.009135000129938863
should:0.02489109306414363
states:0.05231605659781338
against:0.03914061806299768
sci.space:0.09017091067288495
somewhat:0.06517934632367586
writes:0.010019127136629733
if:0.010153794238839534
even:0.025441809814636753
what:0.013946092469645928
seems:0.035704349839107245
russian:0.0705411302527315
david:0.037824927868855975
president:0.057052396351090884
in:0.005384233390742136
star:0.06955798446173339
and:0.0028924046552332564
subject:0.0008089986936975241
i:0.0028924046552332564
cnsvax.uwec.edu:0.08814770775433158
the:0.0034261500454047865
proposed:0.06687507232676655
wars:0.07301848305567814
an:0.013604517250935406
e:0.047134692364451926
is:0.008141594754262543
followups:0.08842071541346307
new:0.02612120552853859
else:0.03828109432330389
type:0.0490986743989651
1993:0.0459038758031839
dave:0.053125373808705946
article:0.012277770913887895
nations:0.07168352445703773
s:0.009400549709939672
