out:0.01996910337424508
resulting:0.08307555898155472
ron:0.07181861586822094
1992:0.06688044974380156
to:0.0023359307798149673
h:0.059884442784652825
that:0.005879739414143674
sometime:0.08827748159815928
re:0.006337974623358823
had:0.026006923486137885
temporary:0.08929473600029916
apparently:0.064214594173757
a:0.004733912291004729
jupiter:0.3015802066318417
comet:0.5154152785447008
galileo:0.10348187769894346
have:0.008665264629621234
made:0.03941660257488138
flyby:0.11368824045070988
be:0.009804428087075785
writes:0.011207837135890887
get:0.022277525004934278
of:0.006591206290364022
who:0.021916150410743192
chance:0.06093317844089159
in:0.012046081484372235
according:0.05829705431502064
subject:0.0004524907947799711
circular:0.09860591036925226
the:0.006387737372788584
around:0.08024387908995376
would:0.031615242240826305
eric:0.06759370305624755
may:0.03154280554982764
thought:0.04550146449477479
baalke:0.20315094240037201
orbit:0.15338916639582428
close:0.05889683417238204
kelvin.jpl.nasa.gov:0.10231250699577481
check:0.05609002651843541
