ml:0.10610725773115684
nick:0.08578561986319741
anyway:0.052560583131802306
cs.cmu.edu:0.17860901063479193
us:0.03551511010663786
that:0.0059811142316289105
problems:0.04729436613606505
like:0.040159967707195626
nt:0.01231169916762825
its:0.03565214751783052
re:0.0064472500478994915
you:0.019165482393404203
them:0.025273433991935188
a:0.0024077657342179226
how:0.022678672366019385
other:0.02378117220399846
as:0.013795071727879627
shit:0.0830899979599096
no:0.01940940924452603
not:0.010395000147861464
have:0.0176293314878501
32:0.07383480640526734
has:0.01835818058425088
writes:0.011401075707199351
things:0.03852975738172844
of:0.0033524238890644594
advantage:0.07350638925060017
oh:0.055684761795542645
david:0.043042159299043
in:0.006126886272223809
system:0.038538316021422846
and:0.019748142128833957
subject:0.000460292360207212
stupid:0.06658079640114746
the:0.0025991483103070794
do:0.012384791705284426
around:0.040813697123338544
instead:0.05289197088939037
cc:0.09747320104301047
just:0.02024807868044631
many:0.06390348370958943
is:0.0046322866705286875
dave:0.060453011575424
article:0.013971256557182775
hanging:0.09940625790716058
s:0.010697177256138246
