some:0.015362327304386237
24:0.04819847037984816
tel:0.05349273788550495
venus:0.08097659142640916
thanks:0.07868631493090117
fax:0.040245307103728804
ron:0.0557539254766452
much:0.022989432494209622
jpeg:0.15217519452564773
though:0.032704528968561575
wrote:0.03388914440385343
to:0.0036268398949758705
colors:0.059998640444513744
256:0.06430622822262858
compressed:0.07137183940426887
that:0.004564534545190484
bit:0.03585637102704868
smaller:0.05909529301374956
re:0.004920269773396981
30:0.04504086150491961
reduced:0.06577517521134792
you:0.014626289194966363
28:0.058191650042746665
8:0.07769713900983859
3:0.03080876242944236
as:0.010527817897592348
40:0.05032246300032629
sweden:0.07001726086147358
far:0.03275497463317634
files:0.043543573218259066
internet:0.0375859729357185
46:0.13655631716746075
have:0.0067269817519428005
color:0.04861358035004455
po:0.06865957354258896
were:0.020411885493056565
if:0.00881776868109749
again:0.032129857080368654
box:0.041691302772455356
pictures:0.06118609936356345
use:0.02187867799667563
better:0.029423893043439512
and:0.005023650190668287
gets:0.04391205713674742
for:0.004280906090948342
subject:0.00035127574857918807
i:0.005023650190668287
the:0.002975340828904156
when:0.017206242668996525
original:0.04060747385886157
peter:0.04844596158981522
an:0.011814449191601798
15:0.043971193841850574
ad:0.05696936389942171
converting:0.07218936283988739
72:0.06865957354258896
advice:0.05118232984517432
nice:0.041575519167825765
maps:0.23491895148988445
very:0.022937401207676938
understand:0.03942312188073228
data:0.03860981083165542
magellan:0.08716084970595832
