seemed:0.04794412382197381
studies:0.04794412382197381
rough:0.06110445777120965
at:0.010010966050618535
say:0.021563011071222084
with:0.006645765645335765
sticks:0.1398686579183431
modern:0.0466650921027482
my:0.010797889333298878
to:0.001566135409194126
remember:0.031620727687741275
most:0.02109767572689816
berkeley:0.06177705858246341
grade:0.0629435830604189
like:0.013234534812598559
re:0.004249323895206484
political:0.0409633611077446
had:0.01743646006456972
describe:0.05309791372139638
these:0.01882540878521526
soviet:0.05030681818541606
came:0.034303712869067575
more:0.014447943475235522
a:0.004760809519930892
hard:0.030729925029267153
was:0.010062058342061201
science:0.03842763893371949
it:0.011688253286589952
60:0.0462688554476252
second:0.03124654291650303
diameter:0.06911250325940307
cylinders:0.07051720730448463
sort:0.03565296940523898
certainly:0.034951787241541375
were:0.035256893124370435
of:0.004419104217403151
well:0.01912349897901528
they:0.010601359369406179
in:0.010095437607641504
yellow:0.06441719468892496
and:0.00867721396569977
for:0.0036971461694553865
subject:0.0003033745101365716
space:0.10423338946067397
i:0.004338606982849885
power:0.06140580182205777
program:0.031552652640728124
than:0.01625683275249388
the:0.0034261500454047865
just:0.013345324584839613
long:0.027048991421688463
bar:0.1145245308588131
about:0.022386731370951627
is:0.006106196065696907
morning:0.04875160019999336
time:0.01794897693072402
man:0.032932378849945446
food:0.04790317373670905
first:0.021335850333989104
every:0.02763805144247041
taste:0.1170852845520884
although:0.03590613019039498
s:0.007050412282454754
