land:0.021970344450760973
since:0.01105426311272752
obvious:0.021252200629292884
at:0.004867210013560393
out:0.0065092657407760214
vehicles:0.02761830561360465
know:0.006816989644521004
small:0.016512408288762492
vertical:0.029836735613429373
take:0.023488940666692854
pollution:0.03265897662871109
way:0.009571120549980902
much:0.019306042757568302
missing:0.02385440587507872
aurora.alaska.edu:0.029708244662245576
vehicle:0.02431316404419469
such:0.01062440443904861
turn:0.018903194114444834
learning:0.027446978338783873
several:0.01557155454180882
ground:0.021419633499432822
to:0.005330052000351279
require:0.042867636009973335
then:0.01763403701409727
t:0.01423355279005769
that:0.0038332002810439426
quite:0.014675134707786747
uxa.cso.uiuc.edu:0.04926635734510435
like:0.006434469964136316
nt:0.015780741474529028
nsmca:0.03024117430969067
re:0.004131939257217354
effort:0.02244396070015858
prefer:0.022688000580341663
off:0.012063300817438399
la:0.02407902469077557
something:0.02199625764821572
on:0.0028011537306038116
you:0.006141425297333943
henry:0.050555162911134856
fall:0.021548624460742166
am:0.009029482633709202
why:0.029498164311944856
josh:0.05787768195064023
dc-x:0.17000610354715737
practical:0.02651754301437451
hopkins:0.06166210525391953
want:0.010456342363050727
wings:0.025249175933465668
test:0.01975635278441807
as:0.004420520222193472
capable:0.04848374902942908
pointed:0.023898605005836047
also:0.008196116749610865
course:0.0135146508281769
are:0.010655989750296555
sink:0.032446455740159724
it:0.0018942288935910052
not:0.019985967135114857
rockets:0.03176108199060183
deleted:0.01941093644750462
have:0.002824589022915209
engines:0.027489314652295302
without:0.012415527540345276
be:0.003195918547720836
writes:0.003653383375787637
down:0.013062793242835127
if:0.0037024885069801617
of:0.006445544272897413
reasons:0.02009129544638732
but:0.003675597912985692
least:0.013302002114400455
excellent:0.021519698416245233
comfortable:0.02928069403453607
russian:0.02572218009215623
fire:0.019872893022317515
well:0.009297612763278148
they:0.010308504138207112
miles:0.022177650745363677
in:0.0019633116231435412
yes:0.014733955085656844
or:0.007450955333735749
use:0.00918662722512347
and:0.004218755961224197
for:0.0035950150598019225
subject:0.000147496999403416
flight:0.025974789204521394
however:0.026487280709358154
i:0.0021093779806120984
horizontal:0.02990211935733546
noise:0.02530613377688479
will:0.006261355496703229
the:0.004164381270657751
landing:0.06166210525391953
do:0.015874429147104897
thing:0.01250791400621523
wheels:0.030528244690523326
simple:0.018227561088156024
just:0.0194650038143517
about:0.005442078344319732
techniques:0.02627350313419143
hit:0.019777359889112757
is:0.0014843791540920658
discussion:0.018993767649117078
limit:0.02453272387098759
touch:0.026376774587297244
jbh55289:0.06828219620321974
words:0.01827546481495787
very:0.009631173987753852
de:0.022325867553281604
earth:0.01945047051156767
takes:0.01975635278441807
before:0.011746929653163781
est:0.03373166179136831
by:0.005472019197884895
especially:0.01726682711324498
