rough:0.03657953934603027
out:0.008014810197826258
there:0.012486788919416972
all:0.006490257351335314
case:0.016813681002086772
much:0.011885692990203615
fred:0.03152118537197015
times:0.019118885316279092
single:0.022118548778995748
to:0.0037502017961655257
w:0.042099875578630666
us:0.014012764531870722
day:0.017301381195665797
that:0.004719790822237779
problems:0.018660362148923627
technical:0.026100321380403402
uxa.cso.uiuc.edu:0.030330648569605063
satellites:0.03866814502830857
nt:0.009715354445203245
need:0.013069401302702286
re:0.005087625888138375
so:0.006951092499217143
paying:0.031903461279069754
two:0.012685642399002118
on:0.010347118882434487
you:0.0037809455061817814
market:0.02660445724539471
great:0.01715136522947399
josh:0.035632178343761506
more:0.008649109019188611
a:0.006650019646887595
same:0.013211519391351104
basis:0.02535515834719727
hopkins:0.03796204439101849
was:0.006023545129941399
commercial:0.08502748163781125
idea:0.018859702688848682
services:0.027188174336485092
launcher:0.04221438260404522
also:0.010091817222309975
poorly:0.03922151672527424
are:0.004373546813613779
it:0.00466469972435336
have:0.0034778953275350533
made:0.015820269060666674
money:0.021089930385912448
customer:0.03681825580733142
after:0.013123902637176539
doing:0.018236074184798064
allen:0.09089854434090881
be:0.0039351105927719135
er:0.037410169936512576
writes:0.004498383612364369
of:0.001322725071875773
but:0.004525736205785103
biggest:0.03287391230220937
order:0.019076985449880898
launch:0.03133781251490533
they:0.019039176010362115
find:0.028795193709842043
who:0.017592556112025145
good:0.01102047517931632
one:0.006689189848813758
in:0.003626116365193683
government:0.01831030570487277
71:0.03456412563077059
lb:0.041865448628619704
rather:0.017506691516414034
few:0.015548486400723037
for:0.00885303028332174
subject:0.00018161195164638296
flight:0.03198256357835628
station:0.02813598733178338
space:0.02079940651369458
news.cso.uiuc.edu:0.031194592044171778
rate:0.026426365370688782
the:0.003589300047566919
do:0.004886516455146235
interest:0.024848877528352964
thinks:0.030815608322988068
problem:0.014391600626160437
is:0.012793934613841138
orbit:0.030782179650862693
launches:0.04239579925086264
days:0.02026022193571546
does:0.008289039553316498
man:0.01971462135234829
jbh55289:0.04203767861490739
first:0.012772481832592116
nothing:0.034759945598651816
leaves:0.03389991835482559
every:0.016545228074404054
show:0.02047665761724376
article:0.005512468573582319
iii:0.06289448404683956
titan:0.12832147634758406
three:0.019853659907976006
going:0.014815072680610084
iv:0.03590987898675644
s:0.008441309943619297
