some:0.012554159947670476
technology:0.0362114804926553
all:0.010258793877917111
ever:0.02842389308419205
sticks:0.13234883760015262
miss:0.05189054371726999
from:0.01820585493398227
wrote:0.027694354566589908
my:0.010217357648712918
remember:0.029920688564744433
recall:0.042052206613688414
713:0.06000452177935181
she:0.03564669338600519
like:0.01252300068288896
asking:0.03855304101761714
anything:0.024959582261498966
re:0.0040208656212706514
anyone:0.017988330641305283
july:0.052936768566590416
had:0.016499015975076723
best:0.02618468903184338
teacher:0.060789738284888255
set:0.028488328861569046
dry:0.055594317936119644
them:0.015761926575615495
came:0.032459427230945664
a:0.0015016173396197798
how:0.01414368814224865
awful:0.0540958714747163
shuttle:0.05006144727613203
product:0.04291288088974794
no:0.012104792862177527
those:0.019956082304167316
not:0.0064829033180211285
ken:0.04436637313026679
have:0.005497318420942504
peace:0.04141543930551668
has:0.011449187891253237
heard:0.029060724294837362
floating:0.061462000187913354
were:0.01668068061798171
things:0.024029311055271504
of:0.002090758984577835
kept:0.04294382389864703
forgotten:0.05710216031578255
seen:0.027875966565831755
they:0.020062787623822447
called:0.028841446192007892
1969:0.06590890683673899
in:0.005731603286919048
office:0.03925524637684044
apollo:0.06095390465188598
men:0.037759124221799376
and:0.004105348542911719
for:0.0034983748700223014
subject:0.0002870640526023473
space:0.13150592505432704
foot:0.05181956862015868
i:0.0061580228143675786
we:0.014491869953913657
program:0.05971254693299087
the:0.0024314613225453322
around:0.02545370358229716
planet:0.05087217864693
here:0.019359149522832218
gothamcity.jsc.nasa.gov:0.1352204804522929
moon:0.0494201755952747
is:0.002888952977318967
today:0.030528239417186593
food:0.13598320286549664
first:0.02018876160635528
earth:0.03785521680208333
upon:0.03729113529777351
clue:0.054542105140380305
john:0.028833101070772537
s:0.006671357858666864
