know:0.04329386405818603
tel:0.0713236505140066
sub:0.10477016476514282
ever:0.046375825558418605
from:0.014852144814564483
name:0.04846021940053072
to:0.002417893263317247
add:0.06028456870967927
us:0.07227636442754372
anyone:0.029349381572655986
uk:0.07581823657296116
largest:0.09413620329899695
you:0.00975085946331091
8:0.05179809267322572
ireland:0.21682592127689077
magazine:0.0740824480141032
was:0.015534405861427817
accepted:0.0738927828192924
surface:0.08008746918053536
international:0.0695678003638841
date:0.06276840683830391
per:0.12409912686221113
10.00:0.11134373405358863
ryan:0.07798136317549613
kit:0.1810866377332215
available:0.047387084698495265
year:0.04341685467034477
released:0.07588855273783025
up:0.02356948018162078
one:0.01725106855746706
email:0.048138572964349834
astronomy:0.17299808830824492
world:0.04423246822338029
better:0.039231857391252685
subject:0.0004683676647722508
space:0.05364057469321234
6:0.05154999355367008
pounds:0.09647885930995348
20:0.05517249734044947
cost:0.058263291304401416
address:0.05601440971813352
press:0.125871942483076
number:0.043899383305223826
new:0.030245606401465733
does:0.0213769967427636
issues:0.06675841197541921
unless:0.05400107764457002
1:0.03436006827938085
give:0.04146028546238608
s:0.010884847032561724
