some:0.008981052885641187
out:0.009062900762157385
correct:0.025170903386011145
resulting:0.03770352292239791
situation:0.027108709913650757
ron:0.09778380775903929
ca:0.01581960458532555
1992:0.030353434883725328
from:0.0065120942648475046
discovered:0.034883328500921754
to:0.00636091920041922
observations:0.03935163526006687
h:0.027178324033034745
enough:0.018708834822595357
been:0.011286464517087995
make:0.013539080641151568
that:0.0026684971187267447
helps:0.032538248431792025
sometime:0.04006439549454921
re:0.0028764654059859275
had:0.011803142197554886
temporary:0.08105214498488693
apparently:0.029143546586551255
3:0.01801127649721246
more:0.009780146352467123
m/s:0.04292631173445937
a:0.0032227018288762963
was:0.013622478986175164
causes:0.0328242407644209
jupiter:0.1824946891413196
comet:0.3742707868816905
galileo:0.09392970437288715
determined:0.07325686211594723
have:0.007865394048425428
made:0.01788907347629232
being:0.029935445075771512
orbital:0.04145194697128866
1977:0.044350484297040874
flyby:0.05159697066609142
be:0.0044497019779805485
which:0.00993763332705783
writes:0.010173267554116345
get:0.01011056904070094
of:0.002991393624088287
never:0.01695337869893739
who:0.009946560571029602
chance:0.027654288677020033
in:0.010934135501199415
according:0.026457893881432448
pasadena:0.04314610690710595
and:0.0014684515941953457
still:0.015705454478688825
for:0.0025026835608621075
subject:0.00020536120686167922
circular:0.04475191316758372
allow:0.026971343625958405
the:0.0040586700537872085
around:0.05462756384200698
would:0.014348456093913478
eric:0.03067714215629697
may:0.028631161960612782
thought:0.020650664655320866
jet:0.03915007854934361
long:0.01831008650083527
lab:0.03315162241379625
propulsion:0.04101723766157064
is:0.0020667125145435684
baalke:0.27659782157589113
orbit:0.1392301664208251
1970:0.043968969365199555
too:0.015019368214342282
article:0.006233329848589239
close:0.026730101662850312
remain:0.03454801745419205
kelvin.jpl.nasa.gov:0.13930241337117033
check:0.025456242804520687
