nuclear:0.5422506413623472
re:0.041548944753130056
waste:0.4753977772442599
for:0.036149873656897105
subject:0.0029663285435575885
will:0.12592281610036493
the:0.00837503344432281
william:0.4524065865990019
update:0.4824269102195895
