some:0.0045078643827542635
at:0.0034014093144958727
out:0.013646838985487951
there:0.007087096413723146
know:0.009527993248326655
all:0.003683659577784908
princeton.edu:0.023666132570720946
ever:0.010206262767682859
where:0.021399113493055153
way:0.006688698144967349
high-speed:0.021386236715509124
mary:0.0362147398302954
someone:0.008507560288274207
such:0.007424776847366018
fred:0.01789040250841549
from:0.006537237485947302
theoretical:0.04377384658397989
hence:0.035531686389663246
to:0.004256985822674381
line:0.0109027171768571
then:0.006161700192184569
speak:0.02768673988137756
nasa:0.016564250261001605
that:0.006697000491013066
quite:0.01025559606992047
nt:0.011028240181041522
perfect:0.01563740074956328
its:0.007983878594726527
generally:0.01492953472286911
re:0.0014437857250122414
so:0.003945214661717838
anyone:0.006459130307495719
expression:0.021182979057264253
this:0.004053918443022541
carefully:0.017954222207068812
mksol.dseg.ti.com:0.022462350238555535
these:0.006396277888412906
on:0.00391512606362386
pushed:0.019717768162650723
you:0.004291884088098238
tell:0.009305116037152327
fall:0.015059077325846841
m:0.005284998888479043
sure:0.008424880386715072
a:0.0016175723465402258
how:0.01015724322184652
wondering:0.013895496146167169
j:0.011792002546443485
test:0.013806563142778651
as:0.00308924386184177
occasional:0.022674936250845216
shafer:0.023859222997650142
starts:0.017268194495727297
far:0.00961149834795908
plans:0.017975732033514588
others:0.010410533679800757
balls:0.01989093637178336
are:0.007446849979936975
those:0.007165697506901777
mccall:0.046277627805490155
early:0.013524096906537764
pushing:0.08152513067263625
have:0.001973940591303679
ames:0.019855675817485006
regions:0.022899912730088366
area:0.012387903647333387
fail:0.01762542758027226
safety:0.015956267896317235
between:0.008968594000179173
real:0.009874879745166978
careful:0.017765843194831623
has:0.0041110983547743285
graph:0.023666132570720946
edge:0.018197689913505635
be:0.002233441147248924
writes:0.002553136644855453
predictions:0.02018525052386013
were:0.005989588021128568
things:0.008628285436834941
of:0.00525515096123618
aircraft:0.06513813935148563
what:0.003553830513500507
conditions:0.01750900658347424
beyond:0.015079398445708905
they:0.0036020062722306708
find:0.008171609025765986
who:0.0049924821398990285
up:0.005187105677036234
one:0.00759313442297778
in:0.0027440880601465713
point:0.008500138846563941
essence:0.022007589483125485
edges:0.023306710087840594
or:0.005207038283421508
world:0.00973455864375551
and:0.005159424520145809
for:0.006280866079383668
known:0.012575014469754278
subject:0.00010307705363713628
flight:0.09076132907371376
until:0.011046971912604803
i:0.0022111819372053467
becomes:0.016624579673754813
back:0.008132651428832191
actually:0.01887501256448714
the:0.00785765686088974
sky:0.017997362363818332
do:0.008320284774978726
when:0.005048936072755738
represents:0.020262473175237234
can:0.0033380926348946464
because:0.006813599609631328
operating:0.01774546845699053
named:0.017997362363818332
push:0.01853156480927331
friend:0.013410036369470293
just:0.004534318777860563
note:0.02287018609172585
during:0.011306445983793323
people:0.005811865405687712
about:0.0038031512753740216
is:0.008298768398167225
planned:0.01906496379954673
tests:0.036349822127187424
envelope:0.19603375570824874
living:0.014223957583123939
done:0.010226500198535516
presumably:0.019036469176775987
does:0.0047045900167472015
fly:0.01912259179266131
define:0.016504849029961143
wanted:0.011757374477011978
paper:0.014890534352264846
first:0.0072492464455252556
operational:0.023482240489681352
too:0.007538679026503848
every:0.00939053485304014
precisely:0.03848098840277499
metal:0.0193621106765202
comes:0.011676356514461436
close:0.013416653344287802
going:0.00840855476467059
live:0.011956325382037293
despite:0.01646089025689116
process:0.013963566537581342
mine:0.012607100559073306
everything:0.01192919877962646
