out:0.015921312149735946
all:0.012892808522247178
companies:0.10747654988074963
creation:0.06134858776299943
to:0.0037248625948400837
everyone:0.04131773996639329
then:0.02156595067264599
matthew:0.11584519840058095
make:0.04756974279323524
that:0.004687900343709146
nuclear:0.06594940232785305
nt:0.009649710158411332
its:0.02794357508154284
me:0.014643090275737092
re:0.005053250037542845
eat:0.06101654369907368
so:0.013808251316012434
comments:0.04978385154093379
on:0.006851470611341756
you:0.022532391462515754
them:0.05942672317022599
how:0.01777517563823141
shit:0.06512459299560483
waste:0.057818648583761345
oil:0.1816949285193895
demand:0.06401560714351963
it:0.009266362965945189
writes:0.008935978256994086
if:0.018112173507119172
of:0.00262757548061809
supply:0.05456710045411546
up:0.01815486986962682
in:0.00240107705262825
our:0.03013210031054586
and:0.0025797122600729047
subject:0.000360769687729977
bacteria:0.08421868229563255
i:0.0025797122600729047
we:0.018212755482621218
any:0.013828206301200099
will:0.015314937093287628
the:0.0030557554459015664
do:0.009706998904141848
can:0.023366648444262526
planet:0.06393395424546608
william:0.05502242269447321
just:0.03174023144502395
about:0.026622058927618153
else:0.034142597639703474
figure:0.04989861667668586
run:0.03617343822145128
created:0.05132560930385164
article:0.010950444328602716
little:0.03169376624187114
by:0.013384263173204947
blame:0.0605016809121511
producing:0.07467043633763139
