22:0.07715456667134725
some:0.021621053243210262
believe:0.040234664450561855
ml:0.22793410920026283
fax:0.056641543331173876
to:0.0025522206668348716
0:0.0678732646013043
h:0.0654292985980466
52:0.09979172419013935
re:0.006924824125521676
phone:0.054395317152029055
you:0.010292573877939293
temporary:0.19512553422287593
m:0.025348420594742075
a:0.0051722375031347965
as:0.014816928892907748
sweden:0.09854281158281468
also:0.027472169105177153
jupiter:0.21966953322566246
comet:0.2252555661787952
51:0.08949009460045883
18:0.07160647209672405
46:0.09609518615487979
astronomical:0.11591817526046154
g:0.06546299927799078
if:0.012410192958581652
years:0.041292137462599875
75:0.08642501240642969
box:0.05867664834641865
35:0.08361526358761948
in:0.0032903648498979715
1990:0.07909159945080126
pp:0.09185737925804928
and:0.003535161245285091
few:0.042326435201968264
subject:0.0004943880905929314
mats:0.23619868517486317
ago:0.052984550469715626
20:0.05823763608158555
observatory:0.11020889082241492
the:0.001395838907387135
around:0.04383693394728955
orbit:0.08379593349401511
spent:0.08040448503659825
time:0.029250184627846548
satellite:0.09063593541005305
calculations:0.10875571275868352
by:0.018341397681799373
