some:0.018101346901292312
simply:0.023710413487468135
believe:0.016842417676979384
go:0.015080870168946723
out:0.00913315580682527
anyway:0.023631890090267706
liquid:0.13840186289326525
your:0.029300749353052616
vehicle:0.034113819317823556
times:0.021786636755759897
mechanical:0.04100173264279451
several:0.02184846024858447
2-3:0.045098827223146384
to:0.005341857209654383
remember:0.021570728965280866
aid:0.038510876583875045
trust:0.06433129091036176
enough:0.018853864549902295
that:0.0053783662858058415
think:0.01116083742270198
like:0.009028209794640878
could:0.011698520583922926
its:0.01602964772119512
re:0.0028987635874276785
on:0.011790902912541626
you:0.01723407719096812
pump:0.0456733076274388
lung:0.09291399691179805
support:0.02123221945374811
access.digex.com:0.03467025096428969
more:0.009855961440470743
a:0.002165122675730845
as:0.012404870701039045
chest:0.13448040446452592
minutes:0.030892769364632353
course:0.01896241705348852
pat:0.031419691718013794
d:0.014122823429279344
gas:0.061522010413472904
reason:0.020714821116345178
it:0.007973382086976092
not:0.004673720996712906
have:0.007926366095312448
fluids:0.050753980903230266
after:0.014955144865619777
suit:0.04116667371602928
sort:0.048642810971488835
writes:0.00512606504664777
if:0.005194964494289994
of:0.004521874082924155
but:0.0051572342810109325
iron:0.04186394686845517
nature:0.029553605753951703
they:0.007231935073703439
depending:0.03488966008183118
in:0.005509448120759395
or:0.005227220602349499
use:0.012889763780987194
better:0.01733500675427444
and:0.004439504819660347
gets:0.02587066932087445
subject:0.00020695315420169222
space:0.023701649283047313
i:0.0014798349398867823
will:0.00878531275118825
tired:0.03827771801614421
portable:0.039656686696191414
the:0.004090132612343698
around:0.01835034444305144
push:0.03720678515970377
compression:0.037723772558918275
put:0.0385652604580896
an:0.006960450686525091
ready:0.03267813402194106
10:0.02240598261935011
about:0.0076357843435804
stops:0.042048525540499496
hold:0.026897524131348993
is:0.004165467083576184
compress:0.047328920808043906
else:0.019585676165411292
too:0.015135797425306175
wall:0.03477917928565132
article:0.006281650235012411
very:0.013513507688243777
prb:0.03810733889429324
by:0.007677794378427644
s:0.004809583572527274
