out:0.01402591784619595
say:0.022589821122232658
there:0.01092594030448985
know:0.014688989591170258
princeton.edu:0.07297057542638959
where:0.021993533312306687
fax:0.03641242071289749
with:0.006962230676066039
from:0.010078241124168757
simulation:0.07060806425110579
might:0.02532244209379102
perhaps:0.034386446876667205
been:0.017467147466921896
re:0.004451672652121078
anyone:0.019915651781445134
expression:0.06531418542656478
why:0.02118717357326198
a:0.0016625049117218987
hard:0.03219325479256559
wondering:0.042844446450682104
fl:0.14218808075269385
was:0.010541203977397447
shell:0.17211499577409844
pushing:0.12568457645364753
it:0.0040816122588091894
university:0.027980239304745875
has:0.012675886593887511
be:0.006886443537350849
breaks:0.06578109867838955
writes:0.007872171321637646
were:0.01846789639847975
of:0.006944306627347808
institute:0.046338783927777454
aircraft:0.06694753211124911
analogy:0.06296694655857729
central:0.05452869301923985
clarke:0.277893677013741
good:0.01928583156380356
in:0.004230469092725964
thomas:0.08771440509593095
chosen:0.05860856519872509
or:0.008027517353608158
world:0.030014889151579485
rather:0.030636710153724562
and:0.006817810973049818
for:0.0038732007489532616
subject:0.0003178209153811702
300:0.049518102799789895
i:0.0022726036576832726
actually:0.029098977703584338
research:0.036753946196866394
than:0.017030967645469776
the:0.006281275083242108
push:0.05713899149525936
friend:0.04134761213920007
envelope:0.30221870671688345
suite:0.06296694655857729
too:0.023244260331720196
training:0.05335485996204294
comes:0.036002099252922755
mine:0.038871893390476024
defining:0.0699143867734394
