go:0.017065195191176552
at:0.007727763267144132
all:0.0083690160583008
fluid:0.05275841233361349
where:0.016205761388015452
mary:0.04113867375458995
into:0.01570880616651216
vehicle:0.03860247975437929
from:0.022278217221846724
to:0.004835786526634494
near:0.03162084015334671
then:0.027997900873259703
areas:0.036107479429244166
that:0.006086046060253978
like:0.010216132136040992
pipe:0.051515863938323775
me:0.00950516386319776
re:0.0032801798489313205
so:0.01792650170850737
this:0.004605109108521219
describe:0.04098786322353404
reduced:0.04385011680756528
drag:0.09154609805678529
these:0.014531894500867917
you:0.004875429731655455
henry:0.04013370388997987
am:0.014336283830713732
access.digex.com:0.03923212609116991
more:0.02230559694422326
sure:0.019140737018940382
a:0.0012250036191635044
how:0.011538271905518633
wings:0.08017720778872432
as:0.007018545265061565
pat:0.03555386168091035
are:0.0056395735228177675
no:0.009874962598092191
begin:0.03660718841702205
place:0.023854628222073907
it:0.006015007539297753
pipes:0.10477016476514282
have:0.0089693090025904
area:0.08443334328050912
has:0.009340126963917113
if:0.011757024908129987
of:0.005116857514887859
aircraft:0.04932976050302566
but:0.005835817739038686
they:0.016367010956276205
edges:0.05295120976097117
speed:0.029460220762155973
or:0.0059150127868691695
force:0.03135091332293659
cross:0.0803580739230903
and:0.0016745500635560958
for:0.002853937393965561
subject:0.0002341838323861254
i:0.0033491001271121917
becomes:0.03776987838160085
away:0.0242893297045936
power:0.023700484913776684
wing:0.09840340171796093
the:0.008595429061278673
constant:0.04351139017486545
wind:0.088841700165079
rule:0.03463769796715949
essentially:0.03948040482944054
can:0.007583912214365906
compression:0.04268742684298647
here:0.015792990400205226
is:0.007070332286596418
stealing:0.051515863938323775
prb:0.04312146243301603
understand:0.026282081253821518
high:0.024537928295101062
remain:0.039396862009166374
