land:0.08199241949665435
since:0.020627027045398778
obvious:0.03965616818455683
know:0.01272036212018868
take:0.021914939487996943
way:0.035719027207145225
much:0.01801233886144259
missing:0.04451182951947679
mary:0.04834854441261086
aurora.alaska.edu:0.11086994399724638
vehicle:0.045367862804115866
such:0.019824919623379365
fred:0.04776921906886197
to:0.005683295505529199
speak:0.07392644978635864
nasa:0.04422825585154037
that:0.003576336344685328
think:0.014842763170397476
nt:0.022084903661518718
perfect:0.04175347210450401
nsmca:0.056429407732515584
re:0.003855056729671861
off:0.045019741194976294
something:0.041044563240485006
mksol.dseg.ti.com:0.05997679084315344
on:0.00522689510555969
you:0.00572988648874971
am:0.016848828419601707
why:0.036695310931010444
dc-x:0.19033673036310608
same:0.020021580933284665
j:0.03148586246936972
test:0.03686494694824403
shafer:0.06370658511743697
others:0.027797198175962844
balls:0.053110850724658654
mccall:0.1235660371301232
missed:0.04480342450750341
it:0.0035345920591749688
not:0.006215567098721287
have:0.005270624877810854
ames:0.05301670140957337
safety:0.042604880259238795
real:0.02636694694843554
writes:0.0068171380517274465
they:0.009617728087708697
who:0.013330442002410807
in:0.003663499008133824
or:0.006951664512402941
world:0.025992275141573987
and:0.005904083729239018
for:0.010062335966352804
subject:0.00027522635971152884
flight:0.04846842109297291
i:0.005904083729239018
horizontal:0.055796738182244524
the:0.003885324793758005
landing:0.05753010851010018
do:0.029621357480680274
thing:0.02333950964046347
intended:0.04194380264924355
people:0.01551827979456822
about:0.010154805982699706
is:0.00830946268734012
takes:0.03686494694824403
live:0.0319246213809037
