there:0.017316584633531085
all:0.03600255964702986
increases:0.09921005516698983
reach:0.08223214092510148
to:0.005200751547512569
laid:0.10754652219112265
nt:0.013473180221178084
them:0.02765772021758945
3:0.04417860272901169
a:0.005269826889986396
vision:0.08996087900541896
as:0.015096493589000348
idea:0.052308986703033133
mac:0.06474117235492709
radius:0.10846709132639494
it:0.006468970372452301
directions:0.11116710724414348
tom:0.14323502730093415
hm:0.10060831879253174
be:0.010914363342216439
conclusion:0.08327839195408664
were:0.02926987353721319
if:0.012644347542705835
end:0.10204654349341544
of:0.007337380587386364
they:0.035204514132367686
good:0.030566223610556588
in:0.006704894411112848
point:0.04153841436339737
world:0.0475707677119373
subject:0.0005037161677739301
the:0.0056887019621815315
would:0.052791489402134496
just:0.022158274782375205
different:0.047683337698325425
economics:0.11228830385680011
mystery:0.10376028265410092
2:0.036762444379158654
1:0.036953280979711484
leave:0.06666381366593427
