obvious:0.01694558728591195
out:0.005190207484935947
mark:0.013231823631243131
50:0.030406901225801156
river:0.024057593690956613
true:0.011380091595409017
hand:0.013908543856619708
own:0.009984540244704826
though:0.010949533927800351
fred:0.020412397575681113
sue:0.024401036604920105
longer:0.01495247140252941
hence:0.02027027923991802
to:0.004249953357108289
near:0.0158800695043239
most:0.0081788346430266
proud:0.02227140378739642
enough:0.01071431069135417
perhaps:0.012724500165815179
that:0.004584642626887359
think:0.0063425023239143405
nuclear:0.021498924106877208
like:0.005130568561712217
nt:0.009437161476507997
months:0.014959447312686433
could:0.006648057952978227
12:0.01565367767229972
australia:0.020436536191384306
need:0.008463444896463597
anything:0.010225731939733057
re:0.0032946299804244104
larger:0.018748245568814027
this:0.0023126979663939166
off:0.009618755277340752
amount:0.016380691681175456
mksol.dseg.ti.com:0.05125769790119722
you:0.0024484536978357794
serious:0.031691573894620885
disclaimer:0.016537689546582322
united:0.01727542723734457
sea:0.02223484518468851
access.digex.com:0.03940495484047022
more:0.011201929742913886
a:0.0018456001663168216
factor:0.019933834399457343
j:0.013454311275457546
askew:0.0918862816470247
was:0.0039007098418563247
as:0.0035247319833348833
immediately:0.01860220060266028
oil:0.059230945860946356
given:0.024562004926707324
also:0.006535229654976064
course:0.010775999118502287
anywhere:0.018618190770283972
pat:0.017855243311117975
no:0.004959232317984626
mccall:0.05280134626265177
likely:0.014565677554756512
care:0.013947211195039196
it:0.004531129027400511
not:0.002655991227206894
try:0.01073299415129248
states:0.01521083583901182
always:0.011704652414091224
call:0.011704652414091224
without:0.019799211319845772
be:0.005096574952753051
14:0.016448690835932457
writes:0.005826100361388215
if:0.011808817969399284
end:0.01191292247830621
of:0.006852531649893873
what:0.0040548110264168775
but:0.008792289280842426
well:0.00741351502270196
beyond:0.017205128623077562
must:0.010209076773037434
they:0.0369880027337872
one:0.008663532227097996
in:0.0031309198571716386
our:0.009822799220177945
or:0.0029705350559607285
industries:0.026217092970970954
rather:0.011336932391686623
use:0.00732501994602356
and:0.001681926936082775
for:0.004299764708089084
subject:0.00011760773961241542
grief:0.0259553157882802
feasible:0.025180467037338953
space:0.013469219196092968
i:0.002522890404124162
developed:0.018666512494383416
power:0.011902446168152168
similar:0.013941666466373135
fell:0.022056469143478218
import:0.049043473863479986
any:0.004507873419774482
actually:0.03230371093085134
will:0.0049925345590453064
source:0.013741268553743722
than:0.006302208291715688
joseph:0.05397619333009364
the:0.00398459740963376
sky:0.020534435472374223
do:0.01265758447412329
see:0.015589301862653535
mexico:0.025398955764825173
around:0.010428169309046853
would:0.00821717749871697
can:0.003808660759637504
did:0.0072418988697927995
countries:0.01857039334286518
thought:0.011826371829038382
just:0.005173517900730775
about:0.004339278327409126
worry:0.019367238021386447
is:0.004734319416575576
critical:0.02152983852387565
export:0.09143859123107506
does:0.005367792133645486
their:0.03334104886743863
run:0.011792222151486322
six:0.018666512494383416
too:0.00860140029896254
japan:0.02281789122647122
count:0.01878136817856745
article:0.007139496742877543
prb:0.0216557124112944
remote:0.019848292171011965
live:0.013641798563646074
by:0.00436315187144126
north:0.01768350125511377
everything:0.013610847946798474
s:0.002733199475136645
share:0.0179781895142769
