some:0.004525336725323078
go:0.007540435084473361
there:0.007114565779667809
technology:0.013052975526422258
all:0.0036979373280863997
rides:0.022911917712390338
river:0.02116695258855485
means:0.021973606359990332
liquid:0.023066977148877545
with:0.006800318334762178
though:0.00963389225430496
companies:0.015413303665068745
from:0.0032812878078688976
work:0.007849118077481797
sue:0.021469129105879312
learning:0.019255438291937522
themselves:0.012544380683421773
to:0.0010683714419308767
sharing:0.02131509682429205
property:0.01771356916262514
design:0.07292959704312874
then:0.006185582751069004
proud:0.0195953824020891
that:0.006722957857257302
problems:0.0318962004173462
think:0.00558041871135099
nuclear:0.018915720047523742
like:0.009028209794640878
really:0.022690648176638673
tie:0.020541882249035
nt:0.005535492649011151
its:0.00801482386059756
need:0.007446519346888512
re:0.0028987635874276785
dream:0.019315069760307602
this:0.0020348156526023994
generation:0.01798098339319472
two:0.00722786601803609
on:0.0019651504854236042
slowly:0.02046027988780309
used:0.0076529593346390135
disclaimer:0.014550602818117002
great:0.009772289491211925
none:0.014040737334966255
access.digex.com:0.03467025096428969
why:0.006898149535480645
more:0.009855961440470743
a:0.00433024535146169
air:0.014938523200120811
askew:0.08084568191424266
was:0.0034320198996177736
as:0.012404870701039045
far:0.009648752217524812
foreign:0.017107576641730977
pat:0.015709845859006897
are:0.009967618319398845
complex:0.017426328960478934
no:0.004363355566598876
care:0.012271383493309678
desired:0.02116695258855485
it:0.007973382086976092
not:0.007010581495069359
mitsubishi:0.02496861635991813
have:0.0059447745714843354
systems:0.011629523722025623
japanese:0.05821881971592506
only:0.005168745109570878
real:0.009913154472861424
types:0.015879446558065422
has:0.00825406568904303
call:0.020596558899214787
comparison:0.01808895608506668
considered:0.013344352547334154
writes:0.002563032523323885
get:0.00509447277244621
things:0.008661728403644379
if:0.005194964494289994
end:0.020963049632368287
of:0.005275519763411514
safe:0.03219179029610056
designs:0.02111880328623486
what:0.007135210100749079
but:0.007735851421516398
properties:0.020931973434227584
beyond:0.015137845726506225
germans:0.021912580079436462
must:0.00898240475767247
they:0.014463870147406879
who:0.015035498537602887
highly:0.016188657807785275
up:0.00520721073779994
good:0.0062791079510058105
chance:0.013934331503924821
one:0.0038112825882776064
in:0.004132086090569546
our:0.008642540399148812
or:0.0026136103011747494
rather:0.009974742840747532
better:0.00866750337713722
opposed:0.017353195300384424
and:0.0029596698797735646
gets:0.02587066932087445
still:0.007913601093912974
for:0.0025220842086207287
subject:0.00010347657710084611
grief:0.0228366538137194
cause:0.012222872609852971
space:0.011850824641523656
i:0.0029596698797735646
we:0.005223813588038643
power:0.01047230728748272
fell:0.019406273238641688
water:0.015891849669424616
actually:0.009474085763957692
joseph:0.047490681728415717
the:0.004674437271249941
sky:0.018067119582282746
do:0.008352533940773217
see:0.013716168693109891
agreement:0.019138859008072107
major:0.01269933322758834
complexity:0.023228499227949513
curve:0.022217932319177215
problem:0.0081998654730449
is:0.004165467083576184
steel:0.06187571890083712
unlike:0.017875937153745917
new:0.006682168856137778
else:0.009792838082705646
does:0.009445649723546707
goes:0.01249235347283208
difficulties:0.04679409234690476
chemical:0.05776631487581257
article:0.0031408251175062056
very:0.006756753844121889
prb:0.01905366944714662
remote:0.01746341985589037
inherently:0.04456399876200722
lots:0.04242668617926001
going:0.008441146062208072
by:0.003838897189213822
north:0.01555873947639855
3rd:0.017107576641730977
s:0.0072143753587909105
