cs.rochester.edu:0.11443590289613678
at:0.016314166897304277
though:0.046028596326123696
creation:0.08407028693448068
to:0.005104441333669743
then:0.02955333981066302
make:0.06518816604998902
that:0.006424159730268089
nuclear:0.09037510689372454
re:0.006924824125521676
eat:0.08361526358761948
so:0.018922418470091112
comments:0.06822231507461296
this:0.009721897006878128
you:0.020585147755878587
them:0.05429108042712003
how:0.02435857402276156
shit:0.0892448126236066
waste:0.07923296287404331
oil:0.08299644882984458
dietz:0.380409340498169
it:0.01269834924962859
not:0.011165000158814165
writes:0.012245599833658562
if:0.012410192958581652
of:0.0036007515845507157
even:0.031095545329000475
they:0.017276289342735993
up:0.024878895747266382
in:0.0032903648498979715
subject:0.0004943880905929314
bacteria:0.11541078684957051
i:0.003535161245285091
any:0.01894976419053347
will:0.020987136016727487
exist:0.06734304584807602
the:0.001395838907387135
can:0.03202096268287827
william:0.07540109776650032
about:0.018241040376330953
f:0.06881909663716385
paul:0.06064856465016773
time:0.029250184627846548
figure:0.06837958581619913
article:0.015006164450307426
producing:0.10232615349971708
