since:0.009665804943979136
at:0.025535217752302348
cable:0.020858200306228255
confusing:0.025208345841723486
there:0.004433714906169794
all:0.018436093345822052
controlled:0.046885679379152626
your:0.006086629092663103
much:0.008440564587246045
mary:0.06796824359453991
ca:0.019870034744853344
navy:0.055543534688878564
both:0.010848811991827237
to:0.0006657966956960535
dod:0.016895961554069742
deck:0.029381160805929805
most:0.00896906021240115
us:0.009951093653067613
speak:0.017320931471683062
nasa:0.0621759538782524
sweep:0.029494834706462143
make:0.008502804267389872
control:0.014732532705029099
gee:0.02446365656719567
nt:0.013798619356955333
re:0.0018064758588317417
mean:0.01277015486391237
off:0.010548103613315702
apr:0.01800583708714009
something:0.009616721338954215
on:0.009797271985300287
you:0.005370038545011805
etc:0.011218956461150896
them:0.007081445273102613
backup:0.024111449944934374
access.digex.com:0.02160609842702111
a:0.00269855869728772
air:0.055857086748277815
other:0.0066633236127145445
wings:0.1103889092743306
test:0.017274878521640922
was:0.008555180039626914
said:0.010586979848615613
part:0.01183199088122356
cables:0.025451156637766426
shafer:0.1791170654026489
course:0.01181715845362328
military:0.018704534119471355
mind:0.014636018372029647
pat:0.15664310073908327
are:0.0031058520850300747
no:0.005438385198949323
those:0.008965776107669372
base:0.018606936499579955
have:0.00740942917605294
systems:0.014494768697017442
kind:0.013311723173734588
fail:0.022053071223625677
spin:0.028371055502265267
earlier:0.01906254364678402
has:0.00514383803809928
writes:0.0031945043044326682
analog:0.026032623701775483
were:0.02997687531347438
things:0.010795777430629224
of:0.00469663250158789
electrical:0.022884806418456288
failure:0.02294372078122836
aircraft:0.10866845791970871
what:0.004446580207713194
but:0.006427857219810726
surfaces:0.02884975551503933
least:0.011631219240127933
order:0.01354742444991542
using:0.010649374776062419
they:0.0045068580894093895
up:0.006490146716678186
chance:0.017367427671558473
one:0.004750294240461944
rest:0.015780825282477335
in:0.0025750681433984127
our:0.010771861946765186
or:0.0032575432739279484
force:0.051797161142243066
total:0.01768606519712271
better:0.010802975223678275
habit:0.027771767344439282
and:0.0036888639081235734
for:0.003143467274512792
subject:0.00012897080624163428
flight:0.045424510589549494
space:0.029541186062928534
i:0.0018444319540617867
6:0.014194925761155528
we:0.006510840124222077
room:0.01926583806917201
research:0.029829289667022002
than:0.006911117305408025
the:0.005461978333254007
do:0.013880539495777713
can:0.004176647306462384
did:0.007941599243685822
edwards:0.06075123034813158
joint:0.026262710894960288
planes:0.05313328483736569
thought:0.01296901645020151
unknown:0.022797760498153498
is:0.002595870791214144
save:0.017500049431986926
six:0.020470040271618528
1993:0.014636018372029647
successful:0.023155770025466163
article:0.003914651595732372
prb:0.023748051774704484
give:0.011416600344715007
lots:0.01762654594887131
facility:0.02467102393297844
jets:0.024977157333618966
