school:0.026351626636203662
read:0.016427558419550157
at:0.006383804438075587
radar:0.036943248363462196
stopped:0.0326490023392733
with:0.004237879541953242
fred:0.033576914852750814
feet:0.03182653586199516
my:0.006885610589350009
then:0.011564350360694226
that:0.0025138016335831655
mach:0.04516074268026673
nt:0.00517448225885825
sometime:0.03774182184269129
re:0.0027097137882476125
description:0.031703190299897835
had:0.0333567062104812
announced:0.03496971424424716
he:0.011522704402320545
mksol.dseg.ti.com:0.042157599360767274
big:0.02011435183961998
on:0.007347953988975216
specs:0.035115131367803754
speeds:0.03605482573960471
8:0.021394864365028018
3:0.016967144526359564
access.digex.com:0.03240914764053167
a:0.005059797557414475
j:0.022131367098035235
was:0.019249155089160554
as:0.005797928697224771
secret:0.02896131614103847
1964:0.04441687199867192
also:0.010749979215069322
based:0.021890601535511176
70:0.031172730850453672
pat:0.029370581388578114
are:0.004658778127545112
existance:0.042157599360767274
those:0.01344866416150406
mccall:0.08685438841755036
model:0.053028282776573184
it:0.01490675781478139
being:0.014100028477718464
closed:0.02989907754431023
60:0.02950477738689143
real:0.01853328879708875
access.digex.net:0.035944191883584505
sic:0.04283532441881672
writes:0.014375269369947007
of:0.007044948752381835
even:0.012167822085261055
well:0.012194695001111195
necessarily:0.028168572703305812
who:0.018739896728026787
one:0.007125441360692916
in:0.011587806645292856
mid:0.08331530203331786
and:0.00414997189663902
known:0.023600932954104044
subject:0.00019345620936245142
doug:0.0626324562994027
until:0.020733084966410464
i:0.00276664793109268
gregory:0.038719498059353395
program:0.020120532118725182
the:0.0076467696665556105
do:0.005205202310916642
page:0.060938343959236044
maybe:0.019187775959002347
friend:0.02516811173690439
nose:0.036943248363462196
picture:0.02964150553402464
smith:0.02853433735120625
article:0.005871977393598558
prb:0.035622077662056724
opinions:0.02069282721391335
before:0.0154072048349467
by:0.007177068658095406
mine:0.023661152498550626
high:0.020270462504648704
built:0.02675722923242575
represent:0.03482715797179278
poster:0.03300603892627897
s:0.017983660314667197
