at:0.020329961825871486
confusing:0.040139442994128936
all:0.014677966625327558
hand:0.02428645734963595
with:0.0044986721291503644
ca:0.01581960458532555
loads:0.04360548563557997
navy:0.044221198771530246
weather:0.040139442994128936
to:0.0021203064001397397
line:0.021721567298507605
otherwise:0.02733372947393874
look:0.01823975634058393
deck:0.046783848360211315
most:0.014281503568977215
us:0.031690405941307634
nasa:0.0330010832123032
make:0.013539080641151568
nt:0.0109858238726529
re:0.0028764654059859275
so:0.00786008151834554
mean:0.020334015821768157
off:0.01679582652274116
sender:0.04271262277978956
something:0.01531277936279633
on:0.01170020365936823
you:0.008550753683211105
them:0.011275839781017238
support:0.021068894688719277
access.digex.com:0.034403556726102846
m:0.021058687878708803
a:0.0010742339429587655
214:0.09035089983029095
air:0.029647222966393612
other:0.021220122889721707
wings:0.10546386562978353
test:0.027506921953689777
military:0.029783373559465927
pat:0.031178001781721382
are:0.0049454721661632735
no:0.008659582586019307
those:0.028552548527500925
base:0.029627968118561932
have:0.003932697024212714
vax:0.0456236722853299
kind:0.021196359207408155
fail:0.035115274948388585
stated:0.029862269714598152
spin:0.04517544991514547
access.digex.net:0.03815614215334355
writes:0.005086633777058172
things:0.03438039889446538
of:0.007478484060220718
aircraft:0.04325840536419174
what:0.007080323869204856
using:0.016957081374191697
they:0.014352609607811442
chance:0.027654288677020033
in:0.0027335338752998537
our:0.01715211863831072
pictures:0.03577033501254479
a/c:0.049553100160452904
force:0.02749233937549824
habit:0.044221198771530246
and:0.0029369031883906913
complain:0.03915007854934361
for:0.0025026835608621075
subject:0.00020536120686167922
space:0.02351932890394695
i:0.0029369031883906913
we:0.010367260813184384
research:0.02374870369643675
the:0.0052182900691549825
do:0.011051044906253795
when:0.020118068351442094
would:0.007174228046956739
can:0.006650507634136257
home:0.02253356193739499
edwards:0.04836732570024323
planes:0.04230226908205653
pyron:0.20382229469701024
dillon:0.09860174150824443
here:0.013849237735564585
expressed:0.03161353173556375
about:0.007577047540937474
gave:0.028552876254137632
unless:0.023677395582619165
article:0.006233329848589239
prb:0.03781420551818329
opinions:0.021966231965538787
give:0.01817874054889236
god:0.020409063321347884
