taken:0.024227068380578386
some:0.01716965992843168
okay:0.03166004511398895
correct:0.024060422354275357
help:0.01573597588266027
all:0.007015204637105082
situation:0.02591273741746028
modify:0.039288902442579175
ron:0.06231321082683876
ca:0.015121680853620008
o:0.05148498505588061
scheduled:0.03761553370447568
both:0.016512530016972338
telescope:0.04239384528393613
to:0.006080290412165431
observations:0.3385398033402811
make:0.012941768259924291
problems:0.020169656146263037
helps:0.031102737471565903
quarter:0.04072820080380046
its:0.015204592323780663
atmospheric:0.04239384528393613
had:0.011282415335898053
this:0.0038601649880251397
these:0.024362293722043273
used:0.014518114031888718
lunar:0.04006361211653378
more:0.009348669307505338
m/s:0.04103250386382145
a:0.0010268412690047023
occurred:0.037486531427630754
looked:0.027389729444703564
was:0.006510743633098424
as:0.0058831923545369005
processes:0.04072820080380046
are:0.009454579141194493
no:0.008277542177812573
causes:0.03137611249540233
reported:0.030362997036850466
made:0.034199699292911785
being:0.028614763675369824
be:0.004253391596599054
were:0.04562656757271468
of:0.004289130563950118
never:0.01620543552104309
understanding:0.029515844006697246
using:0.01620897484297736
in:0.0026129367925660364
star:0.03375608069466473
our:0.016395407521914658
executed:0.04134994630400681
pasadena:0.04124260219061598
speed:0.024694596815336624
and:0.008422001790238012
subject:0.0001963011536177816
space:0.022481711452302232
special:0.025703758771066343
allow:0.02578143140716612
will:0.008333127536053562
currently:0.026462746337186004
event:0.03053485991321303
the:0.0072049920072483
pluto:0.04562878119701946
planet:0.10436277825362845
last:0.016030607000437482
an:0.006602192195306888
jet:0.037422869201578446
during:0.021532128748547576
here:0.013238241953113206
lab:0.031689050836717005
propulsion:0.03920765364708958
moon:0.06758935779941981
baalke:0.17626331767091102
limit:0.03265016926947613
tests:0.03461251445199096
object:0.031102737471565903
recent:0.05585433953654443
successful:0.03524444408287865
close:0.02555083247184221
by:0.021847841356261017
high:0.020568557541481774
kelvin.jpl.nasa.gov:0.08877114577574578
s:0.004562031476882488
