some:0.013419964081992575
at:0.010126034625913001
music:0.052950097007943495
wonderful:0.05524307816215406
to:0.004752410896864934
look:0.027254808325010465
software:0.03236535504001444
that:0.003987409487752607
like:0.013386655902398542
nt:0.0082077994450855
re:0.008596333397199323
this:0.006034280900820908
on:0.00582768764642862
went:0.03749955477282855
united:0.04507496532042778
bill:0.035580619260824335
more:0.014614011791042826
a:0.0016051771561452815
intelligence:0.05195506233773132
series:0.04123391219273179
was:0.030533142555220192
as:0.018393428970506172
military:0.04450389152563874
far:0.028613541058866685
complex:0.05167807898624787
no:0.012939606163017354
concepts:0.058110444364815945
it:0.0039408670085054245
not:0.006930000098574309
states:0.03968804293627222
higgins:0.14205836221589394
sun:0.04170680809309013
writes:0.007600717138132901
were:0.01783107238473907
of:0.006704847778128919
even:0.019300683307655466
but:0.0076469335890851755
spacecraft:0.05859963533514693
launch:0.052950097007943495
they:0.021446428149603302
up:0.015442073222441203
in:0.008169181696298412
or:0.007750706410380291
astronomy:0.05667178754925265
and:0.008776952057259537
for:0.003739642102437632
known:0.03743596261685469
subject:0.0003068615734714747
showed:0.04913512527310271
space:0.07028764959800238
doug:0.04967401706504352
mighty:0.06498213402867364
sf:0.06551684685206323
later:0.03672887389606556
the:0.006064679390716518
do:0.00825652780352295
is:0.003088191113685792
lot:0.028489119405349317
beam:0.06447119422900889
engineering:0.044445396473828724
article:0.00931417103812185
models:0.051301184471041074
side:0.0370156790640367
s:0.007131451504092164
