go:0.031892331996625035
at:0.01444204938449887
mark:0.0492397371195441
there:0.015045557140608975
behind:0.05783184263932292
with:0.009587334045730285
further:0.0581612196898588
name:0.04528250009557789
been:0.02405312110199081
memory:0.05543659387159534
could:0.0247394943496075
re:0.006130172176691321
anyone:0.027424831961334283
best:0.03992091934363007
you:0.009111458842765933
a:0.011446755129888483
how:0.02156332782342827
song:0.1957999800528899
part:0.04015118217070946
step:0.06818886287184184
daughter:0.09058380801614299
it:0.005620580815409376
has:0.017455319244041822
his:0.0302365416640206
be:0.009482971428483138
writes:0.010840367065861679
watched:0.08169324587146494
if:0.010986072455137857
of:0.003187550583044896
associated:0.07458681275076297
mining:0.10216692606355424
please:0.03140025175254516
who:0.021197588102194236
planetary:0.09243291447754208
one:0.016119850947141353
in:0.005825563996540672
and:0.003129487004022868
word:0.05030945108464621
for:0.005333587916591377
subject:0.0004376550310166934
person:0.045986794083177886
the:0.004942642688452807
can:0.014173212990782186
cancer:0.08538313793920324
serves:0.08460605205568547
just:0.01925227153222764
is:0.004404469293289573
goes:0.05283651140968323
article:0.013284145578960673
by:0.016236647128150265
mine:0.053528508931147314
news:0.05030945108464621
