read:0.026988131689260973
say:0.022589821122232658
there:0.01092594030448985
know:0.014688989591170258
anyway:0.03629183121005397
someone:0.026231644222178805
to:0.0016407132858224176
hunt:0.070141150999281
us:0.024522337930773762
t:0.030669917321433832
enough:0.028954149130207094
that:0.004129816969458057
uxa.cso.uiuc.edu:0.10615726999361771
like:0.027729501512111263
really:0.02323090170465388
months:0.04042612547595024
re:0.004451672652121078
anyone:0.019915651781445134
this:0.006249790932993083
something:0.023698349013851462
on:0.006035819348086785
missions:0.06401419385555297
m:0.016295413239477047
josh:0.12471262420316526
a:0.0016625049117218987
hopkins:0.1328671553685647
was:0.010541203977397447
capable:0.10447093540865074
operation:0.051259120660744006
given:0.03318794713311049
it:0.01224483677642757
probably:0.02841932994082391
certainly:0.036616158062567156
down:0.028147209249442355
if:0.007977981187659635
of:0.0023147688757826027
motivation:0.06766925379954
but:0.007920038360123931
russian:0.05542517377000331
in:0.004230469092725964
and:0.0022726036576832726
subject:0.0009534627461435106
space:0.07279792279793103
i:0.00909041463073309
ago:0.06812299346106294
the:0.0008973250118917297
when:0.015567552890996855
can:0.010292452290925158
hate:0.04792844336378368
an:0.021378527108612776
people:0.01791991833420378
about:0.011726383099069898
interested:0.03425090732636809
is:0.0031984836534602844
jbh55289:0.14713187515217588
six:0.0504440278122028
le:0.06387813795289078
almost:0.03597610631267343
article:0.019293640007538117
de:0.04810692889457107
est:0.07268369981235315
going:0.025926377191067648
somewhere:0.046184774510745076
says:0.030488413624137713
while:0.02583741078426812
news:0.036534244240040696
