taken:0.04576224027442583
some:0.03243157986481539
ron:0.05885136578090327
way:0.0240607336048131
o:0.048624708108331686
telescope:0.08007726331410157
observations:0.21315469099202883
software:0.03910813734001745
that:0.004818119797701067
think:0.019996500382341045
nt:0.009917757662811645
re:0.005193618094141257
voice:0.05036797640883567
off:0.030325797888282643
a:0.003879178127351097
richard:0.05188996548303859
was:0.012298071306963688
far:0.03457469544613058
are:0.008929324744461465
wow:0.07193974039456898
dick:0.07010152579061515
d:0.025303391977458824
508:0.08031468599964742
it:0.004761880968610722
made:0.032299715998861125
knew:0.0539179869846911
writes:0.009184199875243921
were:0.021545879131559708
of:0.0027005636884130367
but:0.00924004475347792
street:0.05538928444886952
using:0.030616952481179453
in:0.004935547274846957
star:0.06376148575658894
speed:0.04664534954008029
and:0.005302741867927637
subject:0.00037079106794469857
space:0.04246545496545977
i:0.005302741867927637
away:0.03845810536560653
world.std.com:0.06383439347722981
the:0.003140637541621054
planet:0.06570989741895124
did:0.02283209782559674
an:0.01247080748002412
during:0.04067179874725653
long:0.0330598784042859
here:0.025005568133658278
17:0.054615329978895906
ma:0.05571136007274328
is:0.0037315642623703318
baalke:0.16647091113363818
recent:0.10550264134680613
article:0.01125462333773057
consulting:0.08323545556681909
by:0.04126814478404858
high:0.03885171980057668
kelvin.jpl.nasa.gov:0.16767883090974203
