au:0.028643043598640706
typical:0.022405051958451983
folks:0.018609124875853155
mark:0.015093587760262263
know:0.012400755031741727
posting:0.016578836969629352
all:0.004794310706765282
pass:0.02039836794065978
send:0.014740437793347853
anyway:0.015319164932887106
case:0.0124201563181244
ron:0.02129295646344239
4:0.012483766352656678
previous:0.01745326341554174
into:0.008999014587851187
such:0.0096634030325015
mentioned:0.017664138787898683
from:0.012762395795429782
post:0.012977777911714474
planets:0.028643043598640706
to:0.0027702495680217705
0:0.03683574159266766
w:0.015549451532810824
that:0.0034864786475826814
helps:0.021256142191622928
nt:0.010765003292298068
its:0.010391078171025981
re:0.0018790980039104048
behavior:0.021348688557382884
so:0.010269453240049449
this:0.007914308116152045
these:0.01664960776983862
on:0.002547783041403467
am:0.00821274551106214
them:0.007366126490111763
temporary:0.10589727485462613
3:0.04706464210326874
m:0.006878465890030513
sure:0.010965045327433184
a:0.002105282601778485
how:0.013219728615368083
sorry:0.015966918013761933
was:0.013348660313086215
as:0.008041348343889632
also:0.007454759455676213
answered:0.024419566737752245
far:0.012509437548348752
files:0.016629706354712007
jupiter:0.14902204515308762
likely:0.016615119622762454
comet:0.12224925199653207
it:0.005168674820200582
should:0.008255337398158188
have:0.005138197117061837
orbital:0.08123748401408329
hope:0.014514882098693695
earlier:0.01982887705972006
after:0.009694541144044982
83:0.028185898984541574
be:0.0029068404881279967
writes:0.006645853176055903
get:0.01320978869639319
were:0.007795493957147232
if:0.003367590049062358
of:0.004885441848385393
even:0.008437987174703647
gotten:0.02165683876278147
key:0.01610976065948028
years:0.011204901623017053
instance:0.0214811854209042
particular:0.017040459538109582
in:0.0071429025887232355
or:0.00338849978745269
and:0.0028778699584732902
for:0.004904756727317698
subject:0.00013415556227144873
p:0.016915216279554522
i:0.007674319889262108
we:0.013545164881547438
elements:0.049260884220218376
yet:0.01321642584264404
than:0.0071889511669319655
the:0.003030162854227349
do:0.007219275566899464
see:0.008891385735734553
less:0.013813394756765213
around:0.01189544941283234
would:0.004686681638715458
can:0.004344552725817655
meant:0.020460599393924712
put:0.012499795475109444
an:0.013536152842639246
just:0.005901450067667769
makes:0.014035064734934544
here:0.00904724073177586
about:0.004949830051868702
e:0.01563261153795893
interested:0.014457669424195577
hit:0.017988452964469392
is:0.004050341108904481
baalke:0.06023068141518568
orbit:0.09095438007390585
done:0.013309867092566324
questions:0.03039373203261821
dance:0.06023068141518568
1970:0.028723447323999705
escape:0.0218388551619489
article:0.00814404904840805
april:0.017096250562251822
before:0.010684393302626353
close:0.01746187545814342
answer:0.015257643427783199
kelvin.jpl.nasa.gov:0.060667717716087574
john:0.01347476582704445
august:0.025120167417399208
