computing:0.04592064714925307
say:0.03994831524773775
there:0.009660831427127868
know:0.025976318434911615
fax:0.03219624568298304
to:0.0029014719159806963
randy:0.052787228054934014
might:0.022390369851352062
nasa:0.04515937702736227
been:0.015444635654962518
think:0.015155242395037424
memory:0.03559612869649806
really:0.02054100782306238
its:0.021766574274043896
me:0.011406196635837312
rat:0.0630837136927471
exactly:0.033856659508126406
pack:0.05422897389780936
error:0.03963640167549472
this:0.005526130930225463
bitnet:0.05137111339222237
shouldnt:0.07837058031287013
something:0.02095432965435287
am:0.01720354059685648
ta:0.04860372346113507
a:0.0029400086859924105
sorry:0.06689298283660262
wondering:0.07576702109173256
question:0.045957601754675885
shuttle:0.049007522070318714
are:0.006767488227381321
no:0.01184995511771063
those:0.019535954255658527
internet:0.030068778348574802
yeah:0.08324678829869794
texas:0.04177020707020002
academic:0.058890580636543934
verify:0.056846833116112806
university:0.02474042212209109
minds:0.05174575491961924
has:0.011208152356700536
be:0.012178131729209922
tech:0.0477350811065245
if:0.007054214944877992
what:0.019377728484139604
but:0.014005962573692847
saying:0.03175321241015199
again:0.025703885664294924
well:0.017714399054245735
launch:0.09698228294086492
they:0.019640413147531444
who:0.013611082886672086
errors:0.045200255975008555
clear:0.03471316570722751
better:0.02353911443475161
watching:0.04483793782883509
for:0.0034247248727586736
subject:0.0002810205988633505
i:0.010047300381336574
when:0.01376499413519722
got:0.023285829701374463
would:0.009817364695835537
maybe:0.027872769287813938
facilities:0.05567603695705781
forget:0.04041277195173151
an:0.009451559353281439
just:0.012361984878588273
warning:0.04515937702736227
is:0.0056562658292771345
select:0.049864788722320544
expected:0.0436775606707193
dumb:0.10826568498376035
going:0.022924375621575604
tx:0.049864788722320544
while:0.04569142117638995
