some:0.009193203741207513
say:0.014941299009980657
there:0.01445321237129366
all:0.007512345123199143
case:0.01946150478194296
where:0.014546903923100487
eos.ncsu.edu:0.045809044974691994
into:0.014100818133719578
item:0.03831784771732644
to:0.0032555885671436947
nasa:0.033780636359050514
that:0.010926129934944151
sources:0.030308180907200503
really:0.015365320812526975
nt:0.005622665761594004
anything:0.01827748937259373
so:0.008045752735314332
this:0.008267439974353055
hi:0.024811154803263027
something:0.047023495681028094
on:0.007984390948650234
apparently:0.029831976820879232
inside:0.029559492339166823
a:0.003298828643731642
how:0.010357188954560033
was:0.034860674570920694
as:0.006300111497771798
said:0.01725594353278293
shuttle:0.036659170052600616
official:0.03193860646578209
weird:0.038764720288920536
no:0.008864139654980393
works:0.023426188925596378
it:0.0053992981061412905
have:0.01207678613734613
recovered:0.04735794492938534
whose:0.029470720082684795
after:0.015190658957991742
has:0.008384050975484654
heard:0.02128068786944783
anybody:0.02393382003868264
be:0.009109626096653091
found:0.0421184331536535
sort:0.02470441974536244
of:0.006124112931204367
seen:0.020413109374979158
what:0.007247575614146702
but:0.010476901137801736
seems:0.018555016451819513
launch:0.0362729010999298
net:0.026103484133058918
now:0.013007199983293262
one:0.0077426055730363975
in:0.002798105541645519
rather:0.020263650810337507
better:0.017607998986625222
subject:0.00021021225899227005
space:0.02407490360246538
i:0.004509418281387282
info:0.0231920902314362
than:0.011264577025350088
the:0.007122075684935934
thing:0.0178262396466532
around:0.01863932624530422
got:0.017418534028587198
would:0.014687396001643717
effect:0.027294279170255165
did:0.012944181444432799
may:0.01465374431054985
last:0.017166634268185023
an:0.007070064083163281
thought:0.021138475631430807
here:0.014176385083648787
about:0.023268098747760747
night:0.026360904303811217
recent:0.029906260539252133
else:0.01989411201053588
type:0.025515846538044853
evening:0.041814967790297454
mitch:0.09947621854968301
goes:0.025378166897564385
by:0.007798704526119418
mine:0.02571054365984241
news:0.024164382017034792
