read:0.031486153637471134
tommy:0.0771200133523978
there:0.012746930355238158
mary:0.0651362334447674
fred:0.06435575346777238
name:0.03836434035875348
my:0.013197420296254184
otherwise:0.04935256710572272
us:0.02860939425256939
nt:0.009917757662811645
need:0.026683360993017168
re:0.005193618094141257
baby:0.06932041859168632
this:0.007291422755158597
sender:0.0771200133523978
two:0.02589985323129599
on:0.007041789239434582
henry:0.06354503115913479
support:0.03804105985463203
m:0.05703394633816967
a:0.0019395890636755486
how:0.01826893051707117
214:0.1631335691380253
vote:0.06326157460870135
are:0.01785864948892293
no:0.015635357446979303
those:0.025776606309549446
yeah:0.05491975616927989
not:0.008373750119110623
vax:0.08237607495962342
only:0.01852133664262898
robin:0.07810545412979064
stated:0.0539179869846911
real:0.03552213686108677
sci.space:0.08265666811681119
of:0.005401127376826073
oh:0.04485716922418713
and:0.0026513709339638183
subject:0.00037079106794469857
space:0.04246545496545977
i:0.010605483735855273
we:0.01871866535713847
actually:0.033948807320848394
the:0.0020937583610807025
do:0.00997663776259023
when:0.03632429007899266
home:0.04068559794251873
pyron:0.36801247653626845
solutions:0.06537919396487182
dillon:0.1780309221676635
here:0.025005568133658278
expressed:0.057079987855878984
many:0.02573890316080685
is:0.0037315642623703318
headed:0.07938841690938807
unless:0.0427508531352846
hood:0.08237607495962342
opinions:0.03966125216000058
