materials:0.05159190676657671
advocate:0.018265266320304743
at:0.008693733675537147
concept:0.04199853694856036
proven:0.015602743337818534
technology:0.011077854229660995
dos:0.023220739185815378
ever:0.008695467292203489
where:0.006077160520505795
with:0.005771322797265269
ca:0.03382481243572896
into:0.00589080231244206
from:0.008354331458192522
turn:0.03376458685573534
members:0.012132376014817814
to:0.0027201299212319028
hill:0.016392394730787373
building:0.012501538055390301
scientific:0.01389045900264435
basic:0.01256464739986842
legal:0.012431957874452055
potential:0.014099580068491758
make:0.005789738432071393
that:0.001141133636297621
technical:0.012620879088550328
through:0.007794287151397456
along:0.011493294115596167
articles:0.013854896778617324
orbiting:0.019856703660364187
310:0.01840330644891998
national:0.03211355847027151
he:0.010461402681054178
contact:0.011447606246646603
soviet:0.014562500001041489
on:0.010006753129722826
society:0.03667333439217284
lunar:0.08961597447119397
more:0.0041822994270418615
onto:0.01432290354067219
a:0.003675010857490513
commercial:0.013705087500831417
as:0.005263908948796174
surface:0.015016400471350378
local:0.010053892933934052
international:0.02608792513645654
21:0.013342773095902385
california:0.026180718598177208
science:0.022247580435311283
processing:0.031205486675637068
demand:0.01558274647572517
based:0.019874361920398303
organization:0.025209429132347836
experts:0.01594042147617407
d:0.005992908626240248
co:0.015016400471350378
recognized:0.01644379380283698
it:0.0011278139136183289
have:0.0016817454379857001
systems:0.009869793158824377
directions:0.019381107512959225
energy:0.045252681221972874
left:0.019239507786187902
after:0.019038292970377808
exit:0.017504315215368396
robert:0.010511223779466129
101:0.05723732698703766
has:0.0035025476114689176
talk:0.022760485313401493
be:0.0019028330826890503
which:0.004249645830649729
of:0.007675286272331788
chapter:0.03248569489528028
dr:0.038672808603024675
coalition:0.0626308504051436
years:0.007334787575593399
lynn:0.019644405893464282
using:0.007251383482384607
nearly:0.014112305321050709
authority:0.013914382553068955
david:0.00821199091889636
in:0.002922363518001488
u.s:0.011604415792758876
heading:0.018547394023454164
system:0.03676352515201521
or:0.006654389385227815
offers:0.014868718497969158
world:0.01658717558376761
clean:0.014282375631501004
and:0.004395693916834751
for:0.005351132613685427
subject:8.781893714479702e-05
half:0.012439616722345446
space:0.0804608620398185
top:0.011123790217655641
held:0.013373184471376238
power:0.07110145474133005
solar:0.03238894392561124
angeles:0.04674823942717551
will:0.007455956216468976
source:0.03078224962203774
currently:0.011838597045583212
mile:0.03493750598268274
event:0.013660332066437408
than:0.004705925270458753
the:0.005702736588732967
enormous:0.019196602688449214
invented:0.018356646465393808
greater:0.013878562158992415
l.a:0.01978440462510506
county:0.03635271242753106
road:0.011877146006481942
increasing:0.016770290375519022
p.m:0.020683395858656643
reports:0.013007310671671553
development:0.01278704945084277
an:0.005907224595800899
engineers:0.017964058446865626
immediate:0.015788405544742718
about:0.006480369607380733
15:0.021985596920925287
south:0.014215919357430218
moon:0.015118672139343904
is:0.005302749214947313
scientists:0.01646979768279459
1/2:0.031205486675637068
division:0.013034761237237937
right:0.01276232627493618
center:0.021490992325479002
globe:0.02024414785660229
build:0.012275108759928797
1993:0.009965973036217556
first:0.006176167201944214
transmitted:0.017803564485781968
thousand:0.04599983735752251
earth:0.023161415543379926
release:0.013071722004563349
written:0.011787891244921413
three:0.00960028949497524
meet:0.014112305321050709
april:0.022382591196632315
past:0.010866823838497906
by:0.006516022860639251
los:0.044998980333385306
north:0.02640891305862385
parking:0.018047340709971847
s:0.0020409088186053234
