taken:0.025741260154364533
read:0.05313288426323254
out:0.009204508586566093
there:0.007170148324821464
help:0.01671947437532654
all:0.00745365492692415
cut:0.028601683560971886
meaning:0.030827707303783532
into:0.013990655492049893
work:0.015820878624924248
post:0.040352778194237195
single:0.02540177086337793
to:0.00646030856292577
everyone:0.02388681841807112
then:0.012467815232623462
death:0.026214190500284548
that:0.0108407695448274
think:0.011248031465066838
nt:0.005578738685331551
could:0.011789915275984823
re:0.0029214101779544573
server:0.03126920894646589
so:0.007982895292069688
this:0.008202850599553422
reply:0.028056222807462065
on:0.0039610064471819525
you:0.017368718419022558
them:0.022904049555191264
a:0.0043640753932699845
how:0.020552546831705067
as:0.006250891876695456
question:0.017054578776149253
also:0.011589821341246613
are:0.005022745168759574
internet:0.02231667143058286
hey:0.03011046082524351
d:0.01423315798732059
it:0.005357116089687062
not:0.009420468883999451
flame:0.03279416800685778
have:0.007988290830432076
sci.space:0.13948312744711888
demo:0.04370785281618495
be:0.00903845714277299
writes:0.005166112429824706
get:0.010268546681961893
of:0.0015190670747323332
what:0.007190953929661181
anyways:0.04416754422261412
lazarus:0.050071196859655366
toward:0.0349411122999482
find:0.01653474013807336
who:0.01010197557995194
in:0.0013881226710507069
or:0.005268058263305354
world:0.019697271005724038
better:0.01747043649454221
and:0.007456980751773239
subject:0.00020856997571889294
i:0.0014913961503546479
sees:0.041404731408211166
we:0.03158774779017117
back:0.016455911875527637
possible:0.020132590804410797
will:0.00885394800705691
the:0.0023554781562157906
do:0.005611858741457005
ross:0.04237702964628465
would:0.007286325360190438
can:0.013508843631839271
instead:0.02396667430925501
just:0.009174910652077234
many:0.02895626605590771
is:0.0020990048975833117
save:0.02830086119079136
maximum:0.03823703525111613
does:0.009519443862011916
bandwidth:0.08348891769048075
header:0.041079163467581725
every:0.019001160366698407
count:0.06661516525835641
late:0.03011046082524351
e-mail:0.021481998255095832
little:0.01832295860858175
past:0.025808706616432527
answer:0.023720867516631692
says:0.020008021440840375
john:0.02094904999673317
s:0.004847158444187643
