help:0.02779341194859477
send:0.038095417154236665
ever:0.034330156582205985
way:0.022498348305799266
shape:0.061921124510223455
much:0.022690868435843267
someone:0.028616339151467794
from:0.010994444862729554
my:0.012340444952341576
encountered:0.07247299383739894
direct:0.05186721587758668
that:0.004505254875772426
could:0.019598820199039708
me:0.014072580264994089
this:0.013635907490166728
3:0.0304086486316574
a:0.0018136417218784352
other:0.017913090751063777
as:0.010391092989831409
ontario:0.061679872749535986
terry:0.14057879490071998
not:0.007830000111376167
interesting:0.04244187742755082
shall:0.05142568849393187
status:0.05715172327271739
ford:0.12416897063620952
be:0.0150249677178564
of:0.007575607229833973
result:0.04590911637677276
reading:0.04267950709562326
please:0.02487552411565266
chance:0.046689058805358494
in:0.002307528596032344
heart:0.0515712027668262
system:0.029028861418734092
or:0.017514583316963254
message:0.04217298556571067
completed:0.06983366602423961
subject:0.0003467137258703675
appreciated:0.043957949599691466
house:0.04464768759078171
solar:0.06393661658042739
any:0.05315778006695103
information:0.03167300369459435
will:0.014718251232510188
the:0.006852300090809573
canada:0.04831957912995646
injuries:0.07013570319520411
about:0.012792417926258072
including:0.04129828190299
current:0.04106812628221842
is:0.003489254894683947
2:0.025304020157083232
1:0.025435375219801413
earth:0.045721235877840896
fault:0.057493506497618356
project:0.1500637346264825
freenet.carleton.ca:0.14422444055513356
