there:0.012926464585593626
all:0.013437575079525229
raise:0.06638312236053465
work:0.05704429476029025
zoo.toronto.edu:0.14264723688477474
to:0.005823376732778158
potential:0.06037003296931683
that:0.009771961279844418
could:0.021255058525719118
toronto:0.05657887739634623
re:0.0052667676447629656
happened:0.04749719575687931
henry:0.25776012639198337
none:0.05102127087917315
a:0.0019669072195019647
was:0.02494256715778551
said:0.030866265192442708
part:0.034496086090327845
handling:0.06796930374233956
hey:0.05428364768494605
race:0.1231219641929453
utzoo:0.07727312078635833
money:0.04366506713703
be:0.01629468329964708
writes:0.009313554803064259
were:0.021849342217919707
of:0.008215799390101633
what:0.012963973281642694
but:0.009370186228879017
spencer:0.1311468900473318
one:0.013849449405290457
in:0.0025025310125984575
better:0.03149599818734371
and:0.0026887141865548584
for:0.004582378350874282
subject:0.0003760134773523704
solar:0.13867942187867346
any:0.01441249670829306
actually:0.03442695953663499
the:0.006369743746386363
less:0.038716416290088415
about:0.013873467328477064
is:0.0037841215055023085
man:0.04081759632105914
supposed:0.10278014116665805
article:0.011413139159388746
u:0.053262584275957967
data:0.04132881159444806
s:0.008738539166986173
zoology:0.07763897270753102
