some:0.02510831989534095
case:0.026576463519427482
eos.ncsu.edu:0.06255643776113853
missing:0.04642631681063709
into:0.019255955946047166
to:0.004445803742228486
tool:0.10110616873157792
that:0.01492062905094524
location:0.04936373090832692
re:0.0040208656212706514
had:0.016499015975076723
took:0.03629464168189978
apparently:0.040738290927437235
inside:0.040366188463163304
more:0.013671172320652967
a:0.009009704037718677
utah:0.06236611972781165
was:0.01904217492691152
as:0.017206756133699323
said:0.023564568050144435
local:0.03286433819264465
also:0.01595158206107061
shuttle:0.05006144727613203
ride:0.04540537136348261
no:0.012104792862177527
works:0.031990602081190755
reported:0.044401802118404984
statement:0.03734623031927749
have:0.005497318420942504
employee:0.0631484783760098
kind:0.02962931932218344
recovered:0.0646716022153972
assembly:0.05539518839023538
referred:0.05247586851893683
after:0.020744233200698403
heard:0.029060724294837362
found:0.028758285002763416
sort:0.033736143093129355
writes:0.007110348290511424
of:0.00836303593831134
anderson:0.05217922382518599
launch:0.049533961717108436
they:0.020062787623822447
one:0.021146471134959623
in:0.005731603286919048
our:0.02397607981699348
subject:0.0002870640526023473
space:0.06575296252716352
i:0.004105348542911719
info:0.03167091891819782
similar:0.03402965900931937
pretty:0.030946452224942224
the:0.006483896860120886
around:0.02545370358229716
effect:0.03727283284540222
agree:0.03243607719316601
sp:0.05074340239911586
during:0.03148784419142442
norman:0.06000452177935181
recent:0.04083973213424754
tonight:0.05225262129906126
mitch:0.06792193417102013
news:0.03299867221681096
