some:0.009340295001066833
24:0.029304669990947683
at:0.007047720099635449
bbs:0.06475268242809058
user:0.030253147868744126
operations:0.03729053481783159
service:0.029140729827826742
from:0.01354515607088281
56:0.04292610870434261
bits:0.035275027191734344
via:0.027345851028925162
to:0.0011025593280726647
stop:0.026591624916645098
0:0.05864250061552692
most:0.029705527423472607
tracking:0.04654198969428707
software:0.04505257421570011
bit:0.0218006735844456
86:0.03824404295595253
updated:0.08228192058765786
this:0.004199859506971352
93:0.058576247932870425
directory:0.03372383431064317
on:0.00811214120382864
set:0.02119531667300737
parity:0.04884344627390132
8:0.02361993025899093
a:0.002234406601354232
air:0.030833111885049357
below:0.02969499130430314
as:0.006400913281736148
also:0.0356039311603096
shuttle:0.11173715032032668
daily:0.0713376854357111
are:0.02571645526404902
no:0.00900596588946008
ftp:0.030346935578312605
orbital:0.0862200497002804
b:0.024487266772113936
sets:0.07608806507661837
1200:0.044871951183390185
be:0.0046276900570997705
of:0.0031110493690518185
institute:0.03113966279946645
available:0.04321702124502768
dr:0.03135075684085201
230:0.04654198969428707
using:0.017635364629159368
in:0.0014214376151559238
system:0.0178817786339402
or:0.0053944916616246825
force:0.02859203295051817
and:0.006108758631852638
for:0.002602790903296592
subject:0.00021357565513614637
space:0.04892020412020966
300:0.033276165081458815
elements:0.11763499151788148
possible:0.020615772983716658
community:0.032548390855813
the:0.004824019263929939
when:0.010461395542749887
anonymous:0.03635826428778397
bps:0.04654198969428707
may:0.014888204219518647
current:0.07589389736953964
provided:0.03230372346883635
2:0.03117455283352654
carried:0.03600612920444978
1993:0.024237246424081097
1:0.047004573406193004
23:0.06927474650169681
mission:0.03596794297442852
professor:0.04099681224980751
satellite:0.03915472409714292
element:0.12771148381132783
2400:0.04453147426803982
assistant:0.04475684128377339
documentation:0.0716339901999869
data:0.023474764985646497
9600:0.046982467911751286
