some:0.01610395689839109
read:0.031269007750316165
say:0.013086517063914092
posting:0.022753024530732694
all:0.006579778142388215
watch:0.02651147476258172
thanks:0.01374749410287009
user:0.026080299886848384
from:0.005838429340897762
post:0.01781088140987021
to:0.00855433961435688
stop:0.02292381458331474
everyone:0.021086294879400714
most:0.012804106648048538
t:0.017767400379313392
die:0.02598451290642999
make:0.012138486092066922
that:0.011962228463257821
son:0.02942862965086011
bit:0.018793684124522068
nt:0.0049246796670513
happens:0.02576605182606054
me:0.007473025382100308
re:0.002578900019159797
this:0.0036205685404925446
reply:0.024766872547276858
shot:0.027425050659225767
joke:0.06770519268124608
two:0.012860616776919388
you:0.0038330964786808404
tell:0.016620862438775537
used:0.013616989712668039
access.digex.com:0.03084456809926462
m:0.009440101462869463
why:0.01227394882864832
a:0.002889318881061507
how:0.018142937892815507
uunet:0.02604822284425714
was:0.012213257022088078
old:0.018261469533395337
idea:0.019119836519039698
pat:0.11181076501031116
not:0.00831600011828917
have:0.0035258662975700197
try:0.033605374790943346
indicate:0.032754139322167385
sci.space:0.12312993319469806
attempt:0.026597575153355826
access.digex.net:0.03420895503403215
be:0.003989387980258423
sending:0.03130893444456522
stats:0.03203174738796694
writes:0.00456043028287974
were:0.010698643430843442
of:0.0040229086668773515
even:0.01158040998459328
available:0.018628026398718828
what:0.00634787657239056
they:0.006433928444880991
who:0.008917606029198954
email:0.01892343902736511
in:0.0036761317633342856
and:0.006582714042944653
subject:0.0001841169440828848
i:0.007899256851533584
suggestion:0.03191837686146239
group:0.018600799550390654
we:0.018589571113296136
mention:0.026032240098461536
directly:0.025051726382733654
stupid:0.026632318560458983
will:0.00781589893036748
the:0.0046784669585527424
do:0.00495391668211377
ross:0.07481737647895773
would:0.006432066524857766
thought:0.018514389001322157
just:0.008099231472178524
newsgroup:0.02651147476258172
here:0.012416557969816524
many:0.012780696741917886
about:0.006793215036702562
days:0.02053967327275981
man:0.01998654716410482
their:0.010439197369529061
him:0.033055383494666316
words:0.02281282159660258
article:0.00558850262287311
prb:0.0339023911542333
little:0.016174749668265268
going:0.015019418510687466
by:0.006830589481497697
check:0.02282283837646682
s:0.008557741804910597
