some:0.0069085022197239885
obvious:0.022761232626639125
know:0.007301036246498827
50:0.02042120289425107
sizes:0.0342169076448202
ca:0.012168926604096575
surprised:0.026039542556208516
from:0.010018606561303853
reach:0.025788777923256675
feet:0.05197706448467849
sell:0.020592143780950103
name:0.016344571040415687
my:0.005622569593670422
to:0.004893014769553246
remember:0.016465230985332733
legal:0.022362811797830916
die:0.022294404564688456
that:0.012316140547969591
think:0.008519219097802101
like:0.006891355405376764
really:0.011546720373910803
through:0.01402049286405223
nt:0.008450633748194538
attention:0.02511644049421691
ps:0.02666013208769062
this:0.009319214882332881
carries:0.0319553203907143
illegal:0.024318101335049035
something:0.01177906104830487
these:0.00980257972247895
big:0.016424737005133475
you:0.003288751416619656
inc:0.02166281358464143
m:0.024298486013894772
amateur:0.056205327830938116
a:0.00247900140682792
was:0.015718244984048266
said:0.012967484193274747
also:0.008778089536565482
popular:0.025029421870609248
science:0.04001931628600373
are:0.0038042093585871333
no:0.006661217373861005
d:0.010780143327674767
it:0.004057460706981916
not:0.010702544530934287
rockets:0.13606522698932383
engines:0.02944121865127485
stated:0.022970976703537038
personal:0.019845535332519027
down:0.013990328857710994
were:0.009179309452498811
of:0.009204288074117805
even:0.019871709441018053
but:0.003936587113907753
reading:0.01944569258202953
passenger:0.03269593070405161
using:0.01304390874937823
they:0.011040468929085724
up:0.01589893929411106
now:0.009774641407563575
one:0.017455223214951878
email:0.01623608673945527
in:0.003154077548422908
or:0.007980017250924086
and:0.00451831259752414
subject:0.0001579701591243686
flight:0.027819152935019957
i:0.005647890746905175
pounds:0.03254020698619733
back:0.02492729846233772
mention:0.02233535393063268
20:0.018608475434352782
any:0.006054954238395309
will:0.013411897572819933
shoot:0.027581756522064783
the:0.0035680615857469965
do:0.00425040188702069
allowing:0.027819152935019957
when:0.007737718596708496
planes:0.03254020698619733
imagine:0.023300228132937646
an:0.005313006737051696
problem:0.012518137822754936
just:0.006949044754236011
people:0.00890694165723738
company:0.019917917394268344
crazy:0.028960594746407484
f:0.02198953383672691
paul:0.03875766261667523
is:0.0015897788573412065
length:0.027353518209720165
levels:0.027133757576883147
morning:0.025385448624848615
ad:0.051238717826698824
rocket:0.029174233827130063
lot:0.014665996380268585
define:0.05058882720425959
comes:0.01789453453991427
ads:0.03269593070405161
going:0.012886483337572086
by:0.005860564939746545
mine:0.019320941093491042
buying:0.023735017309097727
include:0.019890670255885215
aside:0.02671730315817427
