some:0.01729684259456821
manager:0.05817627170242367
feeling:0.03234545815251498
at:0.006525666758921711
case:0.018308230424494486
where:0.01368486517210194
eos.ncsu.edu:0.04309443490211766
missing:0.03198257380288332
into:0.013265214096165824
someone:0.016321911960466815
to:0.0030626648002018463
look:0.01756420980945119
then:0.011821335924265208
tool:0.10447637435596384
might:0.015756186191692192
that:0.020557311136857884
like:0.008626956025990172
re:0.0027699296502086707
had:0.01136598878283063
off:0.016173758873750745
on:0.003755620927698444
hat:0.03966269653917699
took:0.02500297538086429
assume:0.025714730039179085
apparently:0.02806415597223454
inside:0.0556156374381361
why:0.013183130223363012
a:0.007241132504388715
utah:0.04296332692360358
was:0.019676914091141903
as:0.0059267715571630995
idea:0.020536120705635232
said:0.03246673820242122
shaped:0.04439224296897019
local:0.022639877421599647
also:0.010988867642070863
shuttle:0.03448677479022429
ride:0.03127925582817691
are:0.004762306530379449
works:0.022037970322598077
it:0.0025396698499257184
reported:0.030587908126012323
statement:0.0257274031088356
have:0.007574083157743006
employee:0.04350228510347341
kind:0.020411308866393037
recovered:0.04455154819282917
assembly:0.03816112977993993
customer:0.040090989656871995
referred:0.03615004275748982
after:0.014290471760481122
heard:0.020019610069776848
regardless:0.03351837339760605
found:0.019811263001903685
sort:0.023240454130822447
writes:0.00979647986692685
get:0.00973610352067498
of:0.008641803802921719
anderson:0.035945687524017014
launch:0.03412339584956359
they:0.013821031474188795
up:0.009951558298906553
one:0.014567569004083297
in:0.0026322918799183775
our:0.016516854985039953
ended:0.036799282069036154
and:0.0014140644981140366
subject:0.00019775523623717257
space:0.04529648529649042
i:0.00424219349434211
similar:0.023442653984197787
the:0.005025020066593686
do:0.005320873473381457
around:0.01753477357891582
effect:0.025676840404610414
put:0.018425624441087255
sp:0.0349565660971687
during:0.02169162599853682
norman:0.0413364483368868
f:0.02752763865486554
recent:0.02813403769248164
tonight:0.035996250228242196
mitch:0.04679066576225831
their:0.011212471248753438
woods:0.04577436115845472
bad:0.02030074849441766
by:0.007336559072719749
john:0.019862802959865523
s:0.009191648605274346
news:0.022732418638247546
