know:0.05364674459383921
sounding:0.2614982176535625
thanks:0.08666898456157231
to:0.005992170261264482
cold:0.3841869900034461
control:0.2651855886905238
tanks:0.431330302603014
anyone:0.07273542389745179
roll:0.4685872266319587
size:0.15655987552460293
how:0.05718969553170106
advance:0.13754353115985432
gas:0.34505823231904365
rockets:0.24994590609995354
in:0.007725204430195238
for:0.014145602735307565
subject:0.0011607372561747086
does:0.05297777453641414
