another:0.03037678534778875
configuration:0.06497580787255937
out:0.032278824632341364
know:0.016902398981620572
tank:0.06354922897868817
sounding:0.16477969879539556
storage:0.06880573749199995
much:0.04786840738520359
into:0.02453156031482721
vehicle:0.06028332454793478
work:0.02774071868479868
to:0.0018879440549189463
kent:0.06303223818440261
then:0.021861374654463056
enough:0.033317103108731455
make:0.024110691552735666
cold:0.24209043205696604
control:0.04177581191700032
tanks:0.20384788273704088
need:0.02631783549996214
anyone:0.022916640406046452
roll:0.07381853570229485
big:0.03802439114887064
on:0.006945326373140957
you:0.015227369572841693
etc:0.03181265736244158
working:0.04340464398228229
size:0.04932708406939545
a:0.0019130193504745137
how:0.05405601358475853
factor:0.06198603299557282
pressure:0.06028332454793478
gas:0.2174339546120001
rockets:0.1575001600081899
university:0.03219643974792676
be:0.007924126810102346
which:0.035394310479931995
of:0.002663569665284091
well:0.02305298507059376
depending:0.061654330829537286
in:0.0024339685191026093
for:0.013370501215564684
subject:0.000365711738246826
flight:0.06440324446600511
space:0.041883736404289086
sciences:0.0697193179645845
the:0.0010325383698480178
ralph:0.07587719601803922
may:0.025493500375888094
problem:0.028980346466377864
unit:0.058769052295882404
is:0.0036804469437077244
does:0.01669162759366473
first:0.025719929169740287
wall:0.06145909764176741
