another:0.010610073351141525
some:0.011172601675917264
go:0.009308288286096303
studies:0.02018699950398897
at:0.004215143600260435
there:0.008782574024661698
help:0.010239678086324387
all:0.004564917849982255
sounding:0.02877731581833463
case:0.011825890465582562
media:0.018906488950695032
your:0.012056767676375717
with:0.0055964342276511704
vehicle:0.021055898047843247
from:0.008101169898853355
work:0.00968934193296796
to:0.005934828919051425
w:0.014805458636504084
might:0.010177440841523664
enough:0.011637074291566489
next:0.025630430849274403
been:0.007020288934073872
make:0.008421437719376573
that:0.0016598307437056307
son:0.02041699186303692
tanks:0.02373348554992661
could:0.0072206179680672595
funds:0.023806535655815548
re:0.001789189008507993
effort:0.019437114290567957
managers:0.026837291377625708
had:0.007341667395608302
this:0.007535633086671086
best:0.011651560191203034
bastard:0.028099562148176604
on:0.004851759093198947
set:0.012676624804430244
you:0.0026593253081757025
them:0.014027360493131491
support:0.026210108225201013
more:0.012166689242303597
a:0.004677286545897017
richard:0.01787596897023339
dc-x:0.02944603324596697
as:0.011484892251918925
bring:0.018150081087507538
budget:0.02257960011061136
local:0.01462384426754044
definitely:0.0203629270053626
also:0.0141961448007614
cover:0.018776107886353522
are:0.0030761310124460548
spending:0.023451952056993915
ssto:0.030822502492147737
it:0.00328091320325332
not:0.008654210649415763
have:0.007338525547573965
made:0.011127174889559815
orbital:0.02578350768549055
suitable:0.02460583749630917
money:0.029667174801235693
hope:0.013820390132249021
allen:0.021311141974662832
open:0.03162641702156328
convex.com:0.025728192745772486
public:0.014180596162969347
alive:0.02107665595022889
call:0.01271270860286463
be:0.011071028844736293
which:0.006181303026399606
writes:0.0031639348852514943
get:0.012577741390345667
of:0.003721350919918443
future:0.016767972843626078
looking:0.012410934667017435
his/her:0.02607010166434734
but:0.00318317331220292
year:0.023681920729278966
years:0.010668781928135853
version:0.014930481376390357
least:0.01151991570672958
they:0.004463730260802601
now:0.007903896640565762
good:0.007751243307940187
in:0.0017002842286554113
or:0.0032263706110195467
use:0.007955882907882048
better:0.01069959747034164
repeat:0.02249491313884389
and:0.0063937366063050935
few:0.010936016750747781
still:0.009768942977174866
for:0.01245354499184972
subject:0.00012773663584697749
half:0.018093987959775196
flight:0.02249491313884389
however:0.011469372747353651
i:0.0027401728312736115
we:0.006448535434038134
will:0.010845027223954874
program:0.013285327427675001
projects:0.024967117651850532
the:0.0025245316124035268
do:0.006873855683315757
thank:0.017370786156791933
fund:0.05021990959221476
would:0.013387315494321188
can:0.004136679389654131
major:0.01567668886467843
an:0.004296163342400654
thought:0.012844911029625419
just:0.011238168071443884
about:0.004712996078095079
is:0.007713089767196093
critical:0.023384082990046757
orbit:0.02165062396496084
new:0.008248801745854292
questions:0.014469743240409146
keep:0.012676624804430244
dc:0.04284329557415484
rocket:0.023590648405669764
2:0.009322533742083295
1:0.009370927712558414
update:0.02077436455491055
very:0.008340873166427978
meet:0.02052698955789194
comes:0.014469743240409146
going:0.01042017073707982
answer:0.014527612641764864
seem:0.013204366291367165
news:0.014683619694561811
