another:0.009558212630985254
since:0.008624231135360694
report:0.016360897514977393
configuration:0.020444974028865665
at:0.003797262984717375
minnesota:0.02172016964563697
media:0.017032138752996816
technician:0.050791867964996594
take:0.009162711768688377
where:0.00796317585445587
hand:0.013608790756261523
with:0.002520807658575635
ron:0.01826421696648722
missing:0.03722109882232111
operations:0.020091882983745465
into:0.01543796468088264
surprised:0.018968459879307065
from:0.010947055014183305
work:0.008728760620647862
corp:0.019948985538413996
to:0.007128616345297401
attached:0.021251920330969745
discovery:0.0250765030680426
then:0.0068787946111026
tool:0.08105925596583402
approximately:0.02232612632934899
trip:0.022166465675554383
nasa:0.0369839725655122
been:0.006324312013885514
that:0.0029905571158144553
control:0.013144975301469929
like:0.010039991926798907
its:0.01782607375891526
re:0.0016118125119748729
happened:0.014535779735941513
lost:0.015105630708266595
this:0.004525710675615681
workers:0.023760202854459924
something:0.008580436711911736
on:0.0043707657348214645
lord:0.01836036247301437
a:0.005417472901990326
was:0.011449928458207572
as:0.0034487679319699068
said:0.009446141502859622
part:0.010556991863850333
act:0.016084625271630838
shuttle:0.04013547066103688
officials:0.02088744883084878
section:0.017714478989755547
those:0.007999636440894655
internet:0.012312646306528474
base:0.01660187868712522
works:0.012823818937718707
action:0.015870228796663607
it:0.0014778251281895344
not:0.007796250110896097
reported:0.017798998262981307
ve:0.007866955599256181
date:0.015421548231824667
survived:0.025000211787441735
altitude:0.02574094565350492
has:0.00458954514606272
his:0.007950125178901968
be:0.0024933674876615143
which:0.0055685014332651625
seek:0.02094609388281335
noticed:0.01748363371187209
found:0.023056211252215495
down:0.010191230935142922
were:0.026746608577108606
dept:0.017686670216990514
of:0.004190529861330575
but:0.002867600095906941
2nd:0.018821710562885872
never:0.018999476128119485
anderson:0.020916671619578865
easy:0.014283110190770722
launch:0.07942514551191523
ed:0.01710417961926294
visible:0.020444974028865665
investigation:0.021446404965799352
they:0.004021205278050619
find:0.0182452304971844
up:0.005790777458415451
pad:0.04810707349551481
now:0.007120320680509673
in:0.0022975823520839287
and:0.004114196276840408
still:0.00880047018202391
for:0.004207097365242336
subject:0.000115073090051803
payload:0.02470787301011949
space:0.03953680289887634
foot:0.0207724994899774
outside:0.015537826627075538
i:0.0008228392553680816
vnet.ibm.com:0.02359332995712936
we:0.005809240972905043
back:0.009079123793394558
will:0.004884936831479674
unfortunately:0.015870228796663607
the:0.007797444930921237
when:0.011273055541756343
did:0.01417164692623246
extra:0.016744291851255394
pair:0.022012508422959213
forum:0.022012508422959213
an:0.003870250597248865
just:0.005062019670111577
note:0.012765901288269385
long:0.020519924526798145
launched:0.02393379724729587
company:0.014509172584617888
is:0.0023161433352643437
solid:0.019420527253533257
right:0.008361524111165084
hardware:0.015300349671010998
time:0.006808232628895317
karl:0.07594148908149453
center:0.01408030531669314
rocket:0.021251920330969745
appropriate:0.01743106787957115
told:0.026726032471802844
easily:0.01594359813963529
too:0.00841602529251938
supposed:0.015727133669898107
leave:0.015229233294372915
initial:0.01985628637797881
shown:0.017798998262981307
april:0.029328912602483725
before:0.01832926092433314
incident:0.020716154310807772
kennedy:0.02492524737920092
processor:0.02106583338327488
s:0.008022882942103685
