library:0.021362798937250915
read:0.034699026457621254
go:0.009925674754051669
large:0.01527568428514069
out:0.006011107648369693
bbs:0.02064817679467174
there:0.009365091689562729
help:0.010918840408376514
all:0.004867693013501486
wonder:0.01882840667253535
with:0.005967626293770891
way:0.008838636834421138
followed:0.022678253576547344
alot:0.025836616884742362
from:0.004319246196072324
post:0.013176417369546839
sell:0.01775547091316616
my:0.004848031945562761
to:0.0028126513471241443
everyone:0.015599554885270935
then:0.008142246682529608
that:0.007079686233356669
think:0.014691306403352603
13:0.02009050282891052
like:0.011884072076619113
satellites:0.0870033263136943
could:0.007699536506765598
re:0.0019078597080518904
this:0.005356963656851214
30:0.01746482384884638
reply:0.018322431221199715
these:0.008452224352545624
on:0.010347118882434487
them:0.01495774664828817
73:0.02786262126452628
amateur:0.02423137858017485
a:0.004275012630142025
how:0.02013310710044578
series:0.018302807963100336
as:0.004082215103148053
coming:0.017737907932599974
usa:0.01859500860218737
question:0.011137684098709716
also:0.007568862916732482
mind:0.01545742756637825
are:0.009840480330631002
internet:0.014574152770992888
model:0.018668119957058926
individuals:0.021771180098850592
hey:0.019663974416485555
book:0.015865808727977923
d:0.009295123583556303
learned:0.02316222191052019
it:0.00349852479326502
have:0.00521684299130258
color:0.01885016380920095
sci.space:0.09109102200628173
inqmind.bison.mb.ca:0.06416073817379203
has:0.00543252282595179
writes:0.003373787709273277
down:0.012063089678332438
of:0.0049602190195341496
future:0.01788013430774413
looking:0.013234108905135938
what:0.018784532714216963
but:0.0033943021543388274
anyways:0.028844110512727585
find:0.010798197641190766
who:0.00659720854200943
operator:0.027991793754242045
up:0.02056316893396507
called:0.013684971917636396
one:0.010033784773220637
in:0.0027195872738952622
or:0.003440364580117782
and:0.006817810973049818
for:0.0016599431781228263
subject:0.00013620896373478723
winnipeg:0.026623099945085518
space:0.015599554885270935
i:0.0077917839691997925
sees:0.027039824593117493
we:0.006876244416908009
back:0.010746717959528251
favorite:0.024655434226657023
will:0.005782170127057573
observatory:0.03036367400209391
the:0.0030765428979145017
ross:0.027674794871043032
would:0.00475841656175702
can:0.004411050981825068
photo:0.02786262126452628
radio:0.018302807963100336
an:0.004581112951845595
jim:0.06910879075405855
places:0.01946337695046089
just:0.00599177838503003
here:0.009185718906241817
people:0.0076799650003730475
many:0.028365321850685105
about:0.010051185513488485
current:0.016133906753728663
is:0.005483114834503345
maximum:0.02497112506195339
days:0.015195166451786592
type:0.01653322709352906
keep:0.01351742134758123
bandwidth:0.027261687409136568
matter:0.015412770468880318
build:0.019038944199073236
too:0.009961825856451513
count:0.02175189069660617
article:0.004134351430186739
satellite:0.04994225012390678
earth:0.017961914094866065
past:0.016854665545425324
going:0.011111304510457562
answer:0.015491178786371716
by:0.005053242218454929
says:0.013066462981773306
poster:0.023238945774624986
