bottom:0.020029080927897413
taken:0.014709291516779733
above:0.01215471442021672
believe:0.009699428037189019
go:0.00868496540979521
at:0.0039328795198858525
out:0.005259719192323481
there:0.004097227614183694
all:0.004259231386813799
send:0.013095299646768851
controlled:0.04332739121198479
with:0.007832509510574294
user:0.01688233698032596
much:0.007799986024821122
ya:0.022798669438064897
c:0.011545078997450713
though:0.011096179471476248
such:0.008584898229766958
o:0.015629370463392328
companies:0.01775282297137382
from:0.003779340421563284
sell:0.015536037049020391
to:0.0024610699287336262
association:0.02128538655038931
line:0.01260626673574102
h:0.03154626896691532
legal:0.016871942829613504
class:0.07086017270837504
that:0.0015486813635467713
smaller:0.0200501887010936
nt:0.0031878506773323147
re:0.001669377244545404
so:0.00456165445261125
national:0.014527562165122828
describe:0.02085989467626286
off:0.009747577892662278
these:0.014791392616954844
big:0.012391877472623023
you:0.004962490976863587
society:0.03318063587863257
concerned:0.01797316626141888
suggest:0.016390177701384453
them:0.006544014158626075
size:0.048226033085703585
classified:0.023208524568659197
ns:0.027048708788405228
more:0.01702793338152758
amateur:0.04240491251530599
a:0.0024937573675828484
below:0.03314173136640975
distinguish:0.02510532454171842
as:0.01785969107627273
shipped:0.049951831789925655
40:0.017073692803682136
let:0.010290793494432253
andrew.cmu.edu:0.018190979494318124
far:0.011113294964827686
are:0.028701400964340425
no:0.010051301215915265
model:0.03266920992485312
individuals:0.019049782586494268
d:0.008133233135611765
care:0.014134004202115611
it:0.0030612091941068925
not:0.008074687614856671
rockets:0.17964862000934162
have:0.0045647376173897575
engines:0.24433582800321407
term:0.0174003562228324
strict:0.02544627533986384
composite:0.027048708788405228
b:0.013664769404081435
holds:0.021913511024064025
sites:0.020334077552796866
which:0.011534752968906409
g:0.015781258754515633
of:0.007812344955766285
lawrence:0.021175151672753724
catalog:0.024379793606460493
available:0.012058320659884955
but:0.005940028770092949
year:0.01104803891165023
sense:0.014671080564120493
well:0.007512803170327432
they:0.004164819752266713
up:0.005997590939073145
called:0.011974350427931846
in:0.0031728518195444726
or:0.0030103190076030593
use:0.007423122891729232
and:0.005113358229787364
for:0.002904900561714946
subject:0.00011918284326793882
each:0.011366113381074175
i:0.0017044527432624546
example:0.01255071046320493
power:0.012061853929332777
20:0.014039430126810803
pretty:0.012848303825534046
will:0.010118797722350753
than:0.01277322573410233
the:0.0033649687945939864
users:0.01762811414400081
see:0.007899043577728464
can:0.007719339218193869
forget:0.017139345247386133
shelf:0.02449281953496179
an:0.008016947665729792
btw:0.016749064823407742
f:0.049770953817948854
is:0.00359829411014282
involved:0.016075344361901195
maximum:0.021849734429209216
throughout:0.020661449307643066
engine:0.036437937676257644
societies:0.02638961950802101
rocket:0.04402183497129447
events:0.018163164540074217
plastic:0.022721027729529768
various:0.015913299010514234
letter:0.018218968838128822
by:0.008843173882296126
high:0.012488052793042506
included:0.016708845761165037
s:0.005539609650500163
