some:0.01824276367395866
since:0.01563141893284126
believe:0.016973999065080785
there:0.007170148324821464
all:0.00745365492692415
knows:0.027296573524540898
happen:0.02641900176693215
story:0.02808638693759847
sounded:0.045451161810827215
into:0.013990655492049893
such:0.015023571902092176
work:0.031641757249848496
zoo.toronto.edu:0.07912463920952349
to:0.002153436187641923
recall:0.030553556367757986
then:0.012467815232623462
that:0.0054203847724137
like:0.00909874268366151
toronto:0.0313835960557858
re:0.0029214101779544573
package:0.03036924244575158
anyone:0.013069646481573369
had:0.011987566294391681
this:0.004101425299776711
recently:0.02585399659834132
on:0.007922012894363905
henry:0.14297632010805328
lunar:0.12770276362145142
stable:0.03924077216340622
a:0.007637131938222473
how:0.010276273415852534
was:0.01383533022033415
hearing:0.03542838050874866
crash:0.07979534303322715
as:0.01875267563008637
assist:0.044050060805703645
far:0.01944826618844845
no:0.008794888563925858
daniel:0.03342640621248703
it:0.005357116089687062
made:0.018168590249359386
japanese:0.0782315389932743
utzoo:0.042862434186183136
doing:0.020942991446604026
sort:0.024511416466101797
writes:0.005166112429824706
of:0.0030381341494646664
short:0.027054514575166153
what:0.007190953929661181
using:0.034444071541326886
spencer:0.07274554057312935
highly:0.032630263393817194
one:0.0076821164669970505
in:0.004164368013152121
or:0.005268058263305354
and:0.0029827923007092957
few:0.017856464850830363
subject:0.00020856997571889294
i:0.0029827923007092957
mention:0.02948964698653846
ago:0.022352857229411282
gravity:0.04228346565373218
the:0.0023554781562157906
landing:0.043597035355310294
managed:0.036961817298160074
thing:0.017686972149413723
would:0.007286325360190438
meant:0.03180983812024232
just:0.009174910652077234
about:0.015390877817529243
newspaper:0.03851910559988266
moon:0.10772053899282533
is:0.0041980097951666235
orbit:0.10605422832836288
days:0.02326759862929822
spent:0.03392064212481489
man:0.02264101045933749
their:0.01182565327016964
eventually:0.03310389325175809
mission:0.03512494431096535
article:0.006330725627473445
very:0.013619081967058182
u:0.029544089715570435
earth:0.027504180957763663
while:0.016955800827175956
panix.com:0.0809322079438901
s:0.004847158444187643
zoology:0.04306536767370861
