statistics:0.02128426391938864
read:0.010211725504044693
apologies:0.02454347408940808
go:0.008763208341414986
mark:0.013529837676991847
bbs:0.01822992185475523
lead:0.01740637224153113
traffic:0.019707388564801358
all:0.004297602840749059
knows:0.015738564915050608
dos:0.015898884487585304
thanks:0.008979219121243977
with:0.002634357553106069
way:0.007803481169128573
though:0.01119614505230036
such:0.008662239655260353
times:0.012659802439157777
from:0.0038133885334692592
my:0.012840733261220288
store:0.020104518238651232
to:0.006208104324733472
software:0.025367440436768078
ms-dos:0.023331807695535885
might:0.009581464576029035
mail:0.027606445989512216
calls:0.018055358853416338
been:0.006609190933429906
reliable:0.020896818538037105
provide:0.0152115120643397
like:0.005246121907696726
really:0.00879007091527444
packages:0.02227594866022577
nt:0.006433140105607554
responses:0.01998166050027439
re:0.0016844166791809482
anyone:0.015071304050823344
this:0.004729571516859631
d.c:0.025895296577923117
reply:0.016176560897996146
extremely:0.019901578310989324
unix:0.017849402775316815
on:0.0022838235371139184
set:0.01193429992849514
you:0.002503599051390639
used:0.008893979767283178
speeds:0.022412459243538064
them:0.01320593848227244
modem:0.019204371966373018
bill:0.013943756196809537
m:0.006165832036558883
a:0.004403391387803948
how:0.005925058546077136
other:0.024852396177151546
uunet:0.017013478884762546
was:0.003988563667123359
as:0.007208235677630796
private:0.01598955461114663
services:0.018002980303888777
compatible:0.020295325778467186
question:0.009833270645707678
washington:0.01729375376312835
are:0.002895997214419935
os/2:0.021311318081822024
no:0.005070926739560855
internet:0.051469080056119026
it:0.0030887876553150626
not:0.005431621698882567
should:0.007400054694745403
dial:0.02709215768482855
feed:0.13468345940971246
have:0.009211722759417168
interesting:0.014720831360006363
ve:0.008221322968592047
charge:0.018541678625828086
expect:0.015568563437650396
sci.space:0.08042270411365414
has:0.004796281413903383
higgins:0.027835760163925166
public:0.026700401784329673
willing:0.016107656999908425
free:0.026013583730853475
be:0.007817044015371234
which:0.00581933483115999
minimum:0.02207863954915193
get:0.011841206984604705
if:0.0030186955845198614
of:0.0008758584935393633
offered:0.020847588490594808
but:0.0059935425427964885
years:0.010044033436848619
macintosh:0.021151378043727836
particular:0.015275006522900031
windows:0.012374807123529286
who:0.005824562496548866
up:0.01815486986962682
pick:0.01810835363530637
box:0.014272698246426158
system:0.010068569050642004
or:0.0030374389986625463
message:0.01462756706558433
and:0.007739136780218714
for:0.011724283348182846
subject:0.000120256562576659
offer:0.01583407035491819
i:0.006879232693527745
automated:0.027835760163925166
any:0.009218804200800066
will:0.005104979031095876
program:0.01250735780353187
exist:0.016380740881964437
connect:0.020703046533155616
the:0.0023766986801456625
would:0.008402249064003388
did:0.0074050047001935375
gateway:0.021737930476153643
forward:0.019484898675929393
quickly:0.019120173169020982
an:0.02022293104868776
address:0.02876415634174424
many:0.0083477523764779
is:0.002420474116132107
else:0.011380865879901156
does:0.005488688352871735
run:0.01205781274048376
runs:0.0168999572992943
easily:0.016661778236015258
nice:0.014233060616012424
under:0.010933889311286664
thousand:0.020996922757788056
functionality:0.025820840262827577
origin:0.02182832490431044
supported:0.019688422202025036
by:0.004461421057734983
s:0.0055895160437479125
newsgroups:0.01930753306676349
