some:0.00960935699698234
read:0.027987692122196563
at:0.003625370421623173
say:0.007808827054598945
help:0.008806965926097931
posting:0.02715381528359046
all:0.00785241012877606
knows:0.014378442021157347
saw:0.02796198010811074
watch:0.01581960428219897
thanks:0.008203237221877215
ever:0.010878280069258686
your:0.005184906264120422
with:0.002406697023825298
user:0.0155623188625227
floor:0.020229821882155673
ca:0.00846316294688198
mentioned:0.014465693904493163
equally:0.019725285577248956
from:0.003483836437984262
post:0.01062789219930527
several:0.01159856531714978
my:0.003910346754445685
to:0.005671601481855271
stop:0.01367881940156641
everyone:0.02516471405360579
most:0.007640310551304683
t:0.010601946728396882
measure:0.019001455674106302
die:0.015505162022355346
make:0.007243129561109892
that:0.007137955255853433
think:0.01184977800435025
son:0.017560293413064677
bit:0.011214338263603704
nt:0.008815784589165907
happens:0.015374804587566992
me:0.004459212676561913
anything:0.009552432717363802
re:0.0015388498056714839
anyone:0.006884422838030417
had:0.006314438212683684
this:0.002160421557084029
reply:0.014778586499403888
shot:0.016364742162912498
joke:0.08080043571012908
two:0.007674030587050665
on:0.00208645607094358
you:0.0022872386395420656
tell:0.009917798574577997
used:0.008125364231838954
serious:0.014802442950779714
knowing:0.017670881965538326
bill:0.012738740229184023
access.digex.com:0.036810389912702635
m:0.005632982354387128
why:0.007323961235201673
a:0.0028734652795193313
how:0.016239049348507707
uunet:0.015543178240400352
anymore:0.0182364376570617
was:0.014575491919364374
old:0.010896761655729729
idea:0.01140895594757513
pat:0.08339794715275267
are:0.00529145170042161
it:0.007054638472015884
not:0.007443333439209443
have:0.002103911988261946
try:0.020052589895830395
indicate:0.0195446510358612
left:0.0120345892325126
sci.space:0.07347259388160995
attempt:0.015870981058586812
access.digex.net:0.02041275094623318
his:0.007590242969157435
be:0.0023804990005657257
sending:0.018682285985440156
stats:0.057340782361175395
writes:0.005442488814959361
down:0.009729899493634396
were:0.0063839641871288036
if:0.00275782065746259
end:0.01112853252088687
of:0.00400083509394524
even:0.006910121184222328
available:0.011115489003350743
what:0.003787827584348277
but:0.002737791038067532
never:0.00906970876897885
please:0.007882367723889939
they:0.003839175409496888
who:0.005321205243760693
up:0.00552864349939253
now:0.006798001637359031
good:0.006666707207240738
indicating:0.024407725913962498
email:0.011291764028674654
in:0.002924768755464864
dropped:0.02044404559390898
and:0.003927956939205657
subject:0.00010986402013176255
i:0.008641505266252446
suggestion:0.03809189008158064
group:0.0110992425300685
we:0.011092542433859836
mention:0.015533641211016145
directly:0.01494856101027317
stupid:0.047675138163784596
will:0.00466380800371722
the:0.0043426099340933095
do:0.0059120816370905075
original:0.01270027989001432
ross:0.06696617030523994
got:0.009103513669261622
would:0.003838064387260807
increasing:0.020980116354558778
put:0.010236458022826253
an:0.0036950540681552953
thought:0.022095361359602574
myself:0.013715399432090054
just:0.009665749493546387
newsgroup:0.01581960428219897
here:0.007409057224787638
people:0.006194539671082788
many:0.01525268335455221
about:0.008107129056147092
days:0.012256183640124168
man:0.011926128966235388
their:0.00622915069375191
him:0.01972440578899842
words:0.013612589018548867
article:0.006669406422358856
prb:0.04045964376431135
little:0.009651599596289976
going:0.008962204461109805
somewhere:0.01596510723828225
by:0.004075866151510972
check:0.01361856610941436
s:0.005106471447374637
news:0.012629121465693081
