some:0.01883123992150571
out:0.009501428218390805
there:0.00740144343207377
concept:0.03432138503323212
all:0.007694095408437832
way:0.013970748544730188
much:0.014090297335160736
ca:0.01658506932332517
from:0.006827195600243351
work:0.0489936886449267
zoo.toronto.edu:0.08167704692595973
ship:0.04132743170343498
to:0.004445803742228486
been:0.011832583767914831
that:0.0027976179470522323
nt:0.005758697997761601
toronto:0.03239597012210147
me:0.008738618390359231
re:0.009046947647858964
this:0.004233729341704992
bomb:0.08565324047367381
fiction:0.04384178351013532
vacuum:0.047210615773844826
you:0.008964499829172932
henry:0.14758845946637758
them:0.01182144493171162
more:0.010253379240489724
a:0.0011262130047148347
how:0.010607766106686485
as:0.012905067100274491
given:0.022482157735332912
drive:0.02277261087746765
it:0.00829488942919287
probably:0.01925180415346136
utzoo:0.04424509335347936
somewhat:0.03469223272066618
has:0.008586890918439926
layer:0.04736135878200734
throwing:0.04104443718882797
which:0.010418486552560627
sort:0.025302107319847014
writes:0.005332761217883567
get:0.021199580246631003
of:0.007840346192166881
plate:0.08339147690417946
seems:0.019003928140169983
spencer:0.07509217091419804
they:0.007523545358933416
transfers:0.04833026452266915
one:0.007929926675609858
in:0.004298702465189285
opposed:0.03610584183467081
and:0.0030790114071837893
subject:0.00021529803945176046
each:0.02053233384968238
p:0.02714619386799476
i:0.0015395057035918946
back:0.01698674774248014
actually:0.019712210702428103
than:0.011537107114673073
em:0.03835083925232781
the:0.006686518636999664
see:0.014269240011380451
around:0.01909027768672287
would:0.007521368113744968
proposed:0.0355947965610209
once:0.021637348346168598
reaction:0.07611510359867378
radiation:0.04511778355219092
is:0.002166714732989225
man:0.023371365635445153
mass:0.10190053114595968
plastic:0.04104443718882797
transfer:0.03665147609655642
article:0.006534942583198395
very:0.014058407191801993
u:0.03049712486768561
going:0.017563029710078084
included:0.030183721375007813
especially:0.025203997641107593
s:0.010007036788000296
zoology:0.04445457308253792
james:0.027899949739008282
