sent:0.030394070647021595
some:0.019298130167493457
divine:0.04220580127377304
at:0.0072807025822680255
out:0.009737000818846776
all:0.007884858104514803
with:0.004833284105698738
decision:0.03474996473708502
post:0.042687236436879016
options:0.07479306460622837
to:0.004556030281292003
then:0.013189093799800027
us:0.01702377178665286
nasa:0.07091141847271762
been:0.012125953613400325
that:0.008600941126474632
think:0.023797488058323227
so:0.008444715680867108
charles:0.03401861698292426
on:0.004190155580489999
why:0.014708451075652947
a:0.0011541356411953678
j:0.02524073272337903
expectations:0.04952853554389235
compatible:0.03723605225470839
washington:0.06345807165974371
boost:0.04751037884544572
science:0.02794737376997781
role:0.0364773121782363
are:0.005313317203315913
spending:0.04050791718935313
those:0.015338145903202977
cooperation:0.0886903072403773
administration:0.03681015431987217
not:0.004982727343603016
should:0.013576959853169254
reported:0.034127004933980694
have:0.012675635036718666
states:0.02853603087153457
plays:0.04093182871321718
chuck:0.04118419833189555
has:0.008799789040384719
which:0.010676796136508411
down:0.019540211379778166
making:0.025409976784069453
totally:0.03404558099643515
raised:0.03739653230311418
looking:0.02143706897030284
redesign:0.10257048335197765
present:0.029954547791977718
russian:0.11543094041356063
using:0.018218351889627445
nearly:0.03545570923635881
indicating:0.049017168571015596
in:0.0029368545767684377
and:0.0031553505329817346
for:0.005377667155571471
subject:0.00022063600737205204
station:0.0683634733516059
space:0.07580610142594471
house:0.0568243296609949
power:0.022329382480748283
limits:0.04086992233529026
impossible:0.03401861698292426
will:0.018732319750467512
schedule:0.042133622100477545
the:0.006229363718917793
writer:0.042133622100477545
thinks:0.03743714399569625
reports:0.03267952433213349
is:0.0022204349329806934
clinton:0.030290547838598615
limit:0.036697710914452515
ruled:0.04566621726433655
orbit:0.03739653230311418
yesterday:0.03633357876739441
white:0.05618130819538169
hardware:0.02933620763367398
too:0.01613651130466526
article:0.020090897859089282
letter:0.033727677849097984
high:0.023118378724310093
begun:0.04684886886467269
s:0.0051275725690580025
