some:0.018680590002133665
out:0.009425416792643679
story:0.028760460224100833
sounded:0.04654198969428707
with:0.004678619014316379
ron:0.06779677337960056
ca:0.016452388768738568
1992:0.031567572279074335
from:0.006772578035441405
several:0.02254761097653917
weekend:0.040378478855394334
to:0.0022051186561453293
ran:0.03631836395569566
like:0.009317112508069386
its:0.016542596448273363
re:0.0029915240222253645
package:0.031098104264449616
had:0.012275267885457082
on:0.00811214120382864
lunar:0.0871784199655775
february:0.04114096029382893
m/s:0.04464336420383774
a:0.004468813202708464
how:0.010522903977832995
was:0.01416737814562217
crash:0.0408552156330123
part:0.03918755379861243
assist:0.04510726226504053
experiments:0.04475684128377339
daniel:0.03422863996158672
it:0.008228530313759327
fuel:0.038606564525648875
made:0.03720927283068802
japanese:0.12016364389366932
placed:0.03643866697461198
has:0.008518195791092408
sort:0.02509969046128824
writes:0.005290099128140499
of:0.0031110493690518185
short:0.02770382292497014
even:0.013433275582128205
what:0.00736353682397305
years:0.01783820338384315
spacecraft:0.04078534619326227
using:0.017635364629159368
in:0.005685750460623695
pasadena:0.044871951183390185
or:0.0053944916616246825
unable:0.03660193794766164
and:0.006108758631852638
few:0.018285020007250293
for:0.002602790903296592
subject:0.00021357565513614637
i:0.0015271896579631594
mention:0.030197398514215382
ago:0.02288932580291715
gravity:0.043298268829421754
zealand:0.04358920998278875
the:0.004824019263929939
landing:0.04464336420383774
managed:0.037848900913315914
around:0.018937555465229086
did:0.013151288347543724
last:0.017441300416475982
jet:0.04071608169131735
just:0.009395108507727087
finally:0.029092195806368844
about:0.007880129442574973
maintain:0.03656080675165829
newspaper:0.039443564134279845
lab:0.0344776873103481
propulsion:0.04265792716803346
moon:0.1470744425715375
is:0.0021493810151253113
baalke:0.1917744896259512
atmosphere:0.043298268829421754
orbit:0.07239968653882906
new:0.013791996519068376
days:0.023826020996401378
guess:0.023969258103485228
article:0.0064826630425328085
earth:0.02816428130074999
three:0.02334790405177978
past:0.02642811557522691
kelvin.jpl.nasa.gov:0.09658300660401142
panix.com:0.08287458093454346
s:0.004963490246848147
