some:0.011446439952287786
manager:0.03849900333248625
feeling:0.02140508260092903
at:0.004318455943404073
case:0.01211574072209194
where:0.009056160775655695
eos.ncsu.edu:0.028518376038166097
missing:0.02116493854602573
into:0.01755690100963124
someone:0.01080126526795598
to:0.0027023512942957466
brains:0.027566630869337874
otherwise:0.01741855309613743
look:0.011623374138607404
then:0.007822942891057859
tool:0.09218503619643868
might:0.010426887920972775
that:0.013604102958214776
like:0.005709015017199379
need:0.009417656821064883
re:0.0018330416802851497
so:0.010017750954754118
had:0.007521610223932035
off:0.010703222784099757
sender:0.027218828242022756
on:0.00497067475724794
hat:0.026247372709749476
took:0.016546086649101368
assume:0.01701710076122145
them:0.0071855841741776515
apparently:0.018571867922802267
support:0.013426256419281891
inside:0.036804465951707714
m:0.013419752079569334
why:0.00872413029487258
a:0.0054764867680250785
214:0.057576553813420694
vote:0.02232761456777695
utah:0.028431613405325896
test:0.017528920852841523
was:0.017361983021595796
as:0.003922128236357934
idea:0.013590079878729197
said:0.021485341457484628
shaped:0.0293772196118185
local:0.014982271823117411
also:0.00727204476313513
shuttle:0.022822130375883716
ride:0.020699507533352365
are:0.006303052760796329
no:0.005518361451875048
those:0.009097625756311569
works:0.014583950948778138
it:0.0033613277425487446
not:0.002955441218509632
reported:0.020241998024566978
statement:0.017025487351435324
have:0.005012260913212283
vax:0.029073908809278855
employee:0.028788276906710347
kind:0.01350748380864245
robin:0.027566630869337874
recovered:0.02948264218643107
assembly:0.025253688824960242
stated:0.019029877759302743
customer:0.026530801978812347
referred:0.02392282241304473
after:0.00945692984149486
heard:0.013248271369705267
regardless:0.02218127651312165
be:0.0028355943977327026
stick:0.020717300513992457
found:0.013110394633612733
sort:0.01537971229245603
writes:0.009724446926728858
get:0.006443009682799619
of:0.007625121002577986
anderson:0.023787587332070082
launch:0.022581659018093548
they:0.01829254165701458
find:0.010374738910163677
up:0.0065855900507469835
one:0.009640303017408064
pants:0.03082231539721382
in:0.0026129367925660364
our:0.010930271681276438
ended:0.024352466075097456
or:0.0033054483220739477
better:0.010961842506379427
and:0.0018715559533862248
subject:0.00013086743574518774
space:0.029975615269736307
i:0.004678889883465562
we:0.006606587773107696
similar:0.015513521018954417
will:0.005555418357369041
the:0.004433841235229724
do:0.0035211662691494935
when:0.012820337674938587
closer:0.022849592412887
around:0.011603894280164881
can:0.0042380685903809475
effect:0.016992026738345125
home:0.014359622803241904
put:0.0121934279389548
sp:0.023133021681949875
pyron:0.12988675642456535
solutions:0.02307500963466064
dillon:0.06283444311799889
during:0.014354752499031717
here:0.008825494635408803
expressed:0.02014587806678082
norman:0.027355002575880968
f:0.018216819698072782
recent:0.018618113178848143
tonight:0.023821047945160278
mitch:0.03096441116620035
their:0.02226005321443697
unless:0.015088536400688682
first:0.00920370014407373
woods:0.030291856648977385
hood:0.029073908809278855
article:0.003972220001551965
opinions:0.013998088997647266
bad:0.013434318856599922
by:0.004855075856946892
john:0.013144501958734537
s:0.006082708635843316
news:0.015043512334134404
