some:0.009415619960752856
24:0.029540997974745648
at:0.007104556552051863
bbs:0.06527488147993002
user:0.03049712486768561
operations:0.03759126493733023
service:0.029375735713535023
from:0.013654391200486702
56:0.04327228700034537
bits:0.035559503217474135
via:0.02756638208561004
to:0.0011114509355571215
stop:0.02680607350468256
0:0.05911542400758762
most:0.02994508812850061
tracking:0.0469173283208539
software:0.04541590142711704
bit:0.021976485468191125
86:0.03855246265721021
updated:0.08294548446336478
this:0.004233729341704992
93:0.05904863702910325
directory:0.03399580071637416
on:0.008177561697407902
set:0.021366246646176784
parity:0.049237345034174713
8:0.023810413567531177
a:0.0022524260094296694
air:0.031081766013154592
below:0.029934467040628163
as:0.0064525335501372455
also:0.035891059637408865
shuttle:0.11263825637129705
daily:0.07191298935051522
are:0.02592384603230748
no:0.009078594646633143
ftp:0.03059166892975061
orbital:0.08691537268173427
b:0.02468474472995356
sets:0.07670167850465562
1200:0.045233821757449784
be:0.004665010138205414
of:0.0031361384768667524
institute:0.03139078911236537
available:0.043565545609906935
dr:0.03160358552505243
using:0.017777585311652584
in:0.001432900821729762
system:0.018025986526149396
or:0.005437995626637784
force:0.028822613861409444
and:0.0061580228143675786
for:0.0026237811525167258
subject:0.00021529803945176046
space:0.049314721895372636
300:0.033544521251470574
elements:0.11858366080431601
possible:0.020782029217456307
community:0.03281087787884374
the:0.0048629226450906645
when:0.01054576163583658
anonymous:0.03665147609655642
bps:0.0469173283208539
may:0.015008270382579281
current:0.07650594492897139
provided:0.03256423736777858
2:0.031425960517667884
carried:0.03629650121416308
1993:0.024432708088791426
1:0.047383642546565526
23:0.06983341381219436
mission:0.03625800703067391
professor:0.04132743170343498
satellite:0.03947048800115213
element:0.1287414151323869
2400:0.04489059906052401
assistant:0.04511778355219092
documentation:0.07221168366934162
data:0.023664077606498485
9600:0.04736135878200734
