mode:0.022930450577713958
some:0.006991238773253618
reference:0.022345108161786555
looks:0.02049763757110114
resistance:0.029265109849818997
there:0.005495682548366153
form:0.020439406733424526
all:0.0057129810218340795
43:0.030739941324602987
percentage:0.026979415106704884
with:0.007003920680114339
into:0.010723376664565189
to:0.00412634479069111
technique:0.030125245791309076
w:0.03705797431172879
then:0.009556169759136547
motor:0.06034825578188954
acceleration:0.03505458895782491
h:0.021156779187392314
bunch:0.024288640845235483
higher:0.022226789898430493
like:0.006973886607836367
me:0.006488554972482304
re:0.0022391646872944346
so:0.006118626331646228
this:0.003143607415397719
on:0.003035980989456826
set:0.015864757988777973
you:0.009984412983390213
used:0.011823134780460274
particles:0.03837792334153226
a:0.0050173800928612995
other:0.008259329268454556
samples:0.034037229456056056
as:0.00479110275579053
shuttle:0.027878530519043584
are:0.003849768752103147
investment:0.03255318057039988
it:0.0061590795761671605
rockets:0.03442368766646067
fuel:0.028897129135964726
have:0.0030613809170518137
made:0.013925626059389231
directions:0.03528057894574614
suspect:0.02324607822094467
usually:0.01974701043225517
network:0.021996944131913634
which:0.0077358822306438195
structure:0.05516956215198903
guns:0.04832284925198311
get:0.01574100569210925
if:0.004012876765050355
of:0.008150204185390243
failure:0.028439222764756113
effectively:0.02930742821642434
what:0.005511629359261265
up:0.008044672876361585
box:0.018973287489261123
in:0.006383701864472712
37:0.031129997026225514
total:0.02192224847787067
205:0.03376292085706627
use:0.009956763639205678
and:0.002286212062819101
still:0.01222580288760208
for:0.007792787135618539
subject:0.00015986201731747483
al:0.022814456171989413
space:0.03661691925165393
i:0.0011431060314095506
example:0.0168344858907659
6:0.017594907979396376
athens:0.032062658878975414
limits:0.029612338937545637
remaining:0.03002866266598043
the:0.006318887508890264
strong:0.021620672969883296
major:0.019619329177950853
forms:0.02866379998307021
substantial:0.03233801883850729
an:0.0053766355602499205
makes:0.01672441845659865
wires:0.03358678980792679
about:0.005898300480969291
company:0.020156455327133834
mix:0.06180801407660855
n:0.02192224847787067
principal:0.03462669096990787
is:0.01126172687565657
solid:0.1618764906402293
provided:0.02417943373415895
aluminum:0.22590726973766295
16:0.020880196058833185
improvement:0.030527953737471757
grain:0.07431753584185206
words:0.019807539709624997
percent:0.05666003130735916
process:0.02165607025888364
data:0.017570931875483906
high:0.01675044206970971
