there:0.012572314870919827
means:0.038830071512859624
such:0.026342701417367102
that:0.019008472626546674
provide:0.04625966682580018
its:0.02832636378129
me:0.014843680553486912
re:0.005122472640796856
so:0.02799481088725808
you:0.007613684786420847
combined:0.06948514764459408
lunar:0.07463905818970676
stable:0.1376114749839999
a:0.005739058051423541
as:0.010960467948178334
stuff:0.040046802091419476
no:0.015421174468253558
reason:0.036605642794637364
it:0.009393299444930739
not:0.016518082426738762
japanese:0.06858655473382952
sun:0.04970537402875125
be:0.007924126810102346
if:0.009180142736485057
of:0.002663569665284091
what:0.012608795931460701
and:0.002615050784183492
for:0.008913667477043122
subject:0.000365711738246826
will:0.015524730752099786
the:0.0051626918492400885
landing:0.07644411678739339
thing:0.031012773083903513
around:0.09728196300631378
can:0.01184336975942073
because:0.04834855613409627
put:0.03407478492529834
just:0.016087514568025835
long:0.03260700335765185
moon:0.2518397989238656
is:0.01840223471853862
orbit:0.18595809898671847
new:0.023616432395665025
right:0.026573610873839717
does:0.01669162759366473
too:0.026746820107732827
earth:0.04822650907662669
