reference:0.027641726392728553
out:0.00872723777096637
there:0.013596725712254036
saw:0.025165782097299666
thanks:0.014765826999378985
ever:0.019580904124665635
whom:0.031172672587790985
with:0.008664109285771071
post:0.019130205958749487
my:0.014077248316004464
to:0.006125329600403693
commitment:0.041765983578741235
that:0.005139327784214471
think:0.010664800203915224
like:0.017253912051980343
its:0.015317218933586446
me:0.008026582817811443
voice:0.026862920751379023
discuss:0.03312935092143237
reply:0.026601455698926996
on:0.003755620927698444
etc:0.034404799814196085
enemy:0.03966269653917699
m:0.01013936823789683
more:0.009417918709783155
a:0.0051722375031347965
air:0.028549177671341998
other:0.010217096206162303
intelligence:0.03348215128431574
jack:0.03166485850933286
science:0.025049127601239375
computer:0.019857058556780115
are:0.004762306530379449
jupiter:0.0439339066451325
it:0.0025396698499257184
not:0.004466000063525666
should:0.012168978831359109
have:0.003787041578871503
made:0.017226515199392604
whether:0.021166359888013516
after:0.014290471760481122
command:0.0304907604069173
willing:0.02648814706651608
johnson:0.03420262021339134
anybody:0.02251551959194589
be:0.008569796402036612
which:0.009569572833463096
considered:0.025502540423794164
spend:0.03037109047934482
things:0.016553525393631478
looking:0.019213965521530697
what:0.006818089651826898
please:0.014188261903001887
they:0.0069105157370943976
find:0.015677383242025115
in:0.006580729699795943
or:0.014984699060068564
force:0.02647410458381312
and:0.0014140644981140366
for:0.004819983154252948
subject:0.00019775523623717257
space:0.09059297059298084
i:0.011312515984912293
branch:0.033777012398392925
appreciated:0.025072311993898096
info:0.04363548828729478
signal:0.03337453572459048
ago:0.021193820187886254
any:0.015159811352426776
necessary:0.026702042796159446
will:0.008394854406690995
the:0.0016750066888645623
do:0.010641746946762913
interest:0.02705766664198434
serve:0.031015619197786518
would:0.013817031794138904
major:0.024269836834946608
planet:0.035045278623440666
an:0.0066510973226795314
long:0.01763193514895248
btw:0.027791040892172852
army:0.1322430533031281
about:0.007296416150532382
is:0.003980335213195021
deal:0.02441714808711488
handy:0.03887393001767736
field:0.028833021110617085
time:0.01170007385113862
graduate:0.040735518375313695
life:0.02066947669102748
engineering:0.028642588838689625
todd:0.03770007564010866
