involving:0.039916689676055744
out:0.00872723777096637
round:0.06519529914072947
there:0.013596725712254036
know:0.009139815745617052
all:0.007067169115898454
concerning:0.03389068328487189
extensive:0.039257819409266884
aurora.alaska.edu:0.03983105395456629
someone:0.016321911960466815
such:0.028489143755078498
jpl:0.04488082050816868
most:0.013752558992348429
acad3.alaska.edu:0.04309443490211766
been:0.010868447312751403
that:0.0025696638921072355
think:0.021329600407830447
nsmca:0.08109114888968906
re:0.0027699296502086707
started:0.024290702785103004
michael:0.02225700149387918
had:0.02273197756566126
this:0.003888758802751252
off:0.016173758873750745
two:0.013813255056691197
on:0.007511241855396888
am:0.02421239046964986
snyder:0.09045082643315058
m:0.01013936823789683
sure:0.016163289038216323
a:0.0020688950012539187
j:0.022623175255769352
was:0.006558971363713968
frank:0.029008699085560165
70:0.03186545820268598
are:0.004762306530379449
early:0.02594623036143171
it:0.005079339699851437
not:0.008932000127051332
university:0.017409926678508547
has:0.007887218325085564
adams:0.03432306851614527
topic:0.03234545815251498
writes:0.004898239933463425
if:0.004964077183432661
of:0.0014403006338202864
looking:0.019213965521530697
but:0.009856047737043116
year:0.05499468258243671
latest:0.0308618266685389
groups:0.0272576710998992
talks:0.03545818220127944
who:0.019156338877538495
one:0.0072837845020416484
in:0.003948437819877566
or:0.014984699060068564
and:0.002828128996228073
for:0.004819983154252948
subject:0.00039551047247434514
i:0.011312515984912293
back:0.015602642370870648
possible:0.019088678688626536
solar:0.1458702067168269
any:0.015159811352426776
information:0.03613068569605578
currently:0.026658766680424422
projects:0.038652796957309346
the:0.004466684503638832
around:0.01753477357891582
did:0.012177118840318262
last:0.032298704474955524
an:0.0066510973226795314
just:0.008699174544191748
long:0.01763193514895248
here:0.01333630300461775
about:0.014592832301064763
involved:0.026673163978265687
captured:0.04123284654448132
having:0.01938438068459527
study:0.027447209988405916
trouble:0.028257939868817295
late:0.08564753301402599
article:0.006002465780122971
understand:0.022193757503227062
project:0.0285306359660226
data:0.04347178701045648
high:0.020720917226974233
s:0.004595824302637173
