basically:0.041307437349977744
ask:0.030679606151119657
content:0.049864788722320544
form:0.03593032552086206
all:0.01004281926996096
aurora.alaska.edu:0.056602024040699465
such:0.040484572704585234
post:0.027185029520328214
to:0.007253679789951741
then:0.016798740523955823
acad3.alaska.edu:0.06123946012406193
make:0.01852716298262846
think:0.015155242395037424
russia:0.05394317401290461
nsmca:0.11523479052745288
need:0.020223178857865644
michael:0.03162837054393357
so:0.032267703075313264
anyone:0.01760962894359359
them:0.03086019308488928
europe:0.043294743363657455
m:0.014408575917011284
a:0.0014700043429962052
other:0.014519031450862219
want:0.01992208387065454
old:0.027872769287813938
lets:0.04877488683873275
are:0.006767488227381321
not:0.006346421142904893
have:0.010763170803108481
adams:0.04877488683873275
alive:0.04636864309050355
talk:0.03641677650144239
get:0.013835515529380235
if:0.007054214944877992
of:0.004093486011910287
russian:0.14702256621095616
eastern:0.05245566313851959
topics:0.05624516560200808
called:0.028234257851123514
email:0.057766287557219805
in:0.0037406253030419045
or:0.02129404603272901
and:0.006028380228801945
subject:0.0002810205988633505
space:0.032184344815927406
i:0.00401892015253463
we:0.056747111819535574
info:0.03100416273044629
any:0.010771444908303235
cost:0.03495797478264085
the:0.0023802726631233255
would:0.009817364695835537
can:0.009100694657239087
specific:0.038580592510215075
once:0.028242433630788485
just:0.012361984878588273
here:0.018951588480246275
is:0.0028281329146385673
save:0.038131686657066254
questions:0.03183343512890012
keep:0.027888574569746537
does:0.01282619804565816
contacts:0.3034506820323849
high:0.058891027908242556
