remind:0.08947037645852876
someone:0.03734674770615288
work:0.03432326210153057
item:0.08248079084916031
to:0.007007792339444903
bruce:0.15615791320986724
approximately:0.08779086963405028
been:0.024868481139346428
me:0.018365909837365163
sitting:0.07694568634681284
re:0.006337974623358823
had:0.026006923486137885
lowest:0.09607988360382026
he:0.02695141029695314
something:0.03374002232480547
none:0.06139847851561515
a:0.007100868436507094
was:0.03001563166445375
said:0.11143244891508979
question:0.03699976412452719
supplied:0.09342995020736783
components:0.08248079084916031
has:0.018047024981127983
perfectly:0.07572579652265878
thinking:0.05904282260760433
writes:0.011207837135890887
what:0.015600713610112393
extract:0.09953912693167645
well:0.0285231849178533
please:0.03246466706619076
who:0.021916150410743192
sounds:0.06038482311120064
in:0.006023040742186118
and:0.003235571309243982
known:0.05520218216383658
subject:0.0004524907947799711
half:0.0640956522642884
each:0.08630540330035984
similar:0.05363997098079155
the:0.0012775474745577169
watson:0.20173830862408157
afterwards:0.0950676931851487
about:0.016695189496980872
bulletin:0.09277377203481375
rocket:0.08356687316584713
article:0.013734455598586458
answer:0.051462221053031464
by:0.01678704194605366
