go:0.010515850009697986
at:0.009523946080588444
out:0.006368524859894378
attitude:0.023764124491106615
technology:0.036407218225048034
till:0.027021153059796986
with:0.003161229063727283
way:0.00936417740295429
damage:0.048102409255877526
much:0.009444307403026656
though:0.013435374062760432
ca:0.011116478897796331
continues:0.026771628509725837
times:0.015191762926989334
from:0.004576066240163112
turn:0.018494476403862245
both:0.012138940985449936
to:0.005959780151744133
require:0.020970384102176148
look:0.012817126077167085
trip:0.02779794614447901
make:0.009513948558647048
that:0.0018751601374836586
sources:0.020806156622780885
problems:0.014827422896712288
control:0.016484509567248777
nuclear:0.05275952186228244
like:0.006295346289236072
nt:0.003859884063364533
suppose:0.02083318370611443
re:0.0020213000150171383
so:0.011046601052809947
this:0.0028377429101157786
shot:0.021495309976149925
big:0.030008438420189812
principle:0.026978757505953598
on:0.0027405882445367025
you:0.015021594308343834
well.sf.ca.us:0.031544687661019255
a:0.003019468380208422
hard:0.01461747785175951
air:0.02083318370611443
steve:0.034671933479290665
solved:0.02938584408246908
international:0.021434403355358886
plane:0.027947413881400686
are:0.006950393314607844
pain:0.0478594594628823
not:0.00325897301932954
rockets:0.03107435589350774
collins:0.06197001663078618
treaty:0.032750869019474445
have:0.011054067311300602
orbital:0.029128395169013648
restricted:0.030559165732403283
doing:0.01449028597386657
develop:0.024354390934160624
strongly:0.025226760378092992
be:0.003126817606148494
get:0.007104724190762824
things:0.012079599611568917
if:0.0036224347014238343
of:0.003153090576741708
even:0.009076537555492032
available:0.014600345015212055
but:0.0035961255256778935
spacecraft:0.027557666346798827
least:0.013014391257872878
huge:0.02323201598941336
they:0.005042808781122939
cheaper:0.023834477832252936
one:0.010630388192168893
in:0.0009604308210512999
required:0.040462502167578046
replace:0.023764124491106615
sensitive:0.028882652606436587
or:0.01822463399197528
force:0.01931894118278255
thoughts:0.023210942257436827
and:0.007223194328204133
few:0.01235474324814209
still:0.022072530618697808
for:0.0035172850044548542
subject:0.0001443078750919908
i:0.002063769808058324
becomes:0.02327441154325674
power:0.043813869408170954
solar:0.053222913261544956
impossible:0.022250014350993705
source:0.033721815802160264
than:0.007732979903888979
the:0.002852038416174795
do:0.011648398684970217
because:0.009539039453483859
once:0.014502871323918412
just:0.006348046289004789
arrays:0.06861181449788706
long:0.025733094541714432
radiation:0.09072332692656769
current:0.017093220128274692
is:0.0029045689393585286
either:0.027065542779603873
today:0.01534662846377488
heavy:0.024225990469251935
time:0.008537891729209263
their:0.008182073613955211
difficulties:0.03262939412297683
designed:0.021241067010177098
every:0.013146748794256195
transfer:0.02456639478904322
amounts:0.02719414079539792
change:0.016064914096813446
very:0.009422932388018635
random:0.02412542188638148
by:0.005353705269281979
high:0.060482677311168034
dangerous:0.022728355314525876
range:0.021619221543187427
include:0.018170396071592442
s:0.003353709626248748
