out:0.017584732822096414
there:0.01369819381458429
know:0.018416046651616443
help:0.031941682388683536
tank:0.06924020470812293
much:0.026077565217312408
c:0.03859847306610388
into:0.026728416462423677
someone:0.03288743454720925
post:0.03854593737956986
ext:0.08150856369921121
my:0.014182302407914944
to:0.0020570136717773593
everyone:0.045634518768852286
class:0.05922641300998511
like:0.01738267258968169
could:0.0225240172436725
me:0.01617296537917231
joel:0.08150856369921121
ti:0.056547179944054664
two:0.027832678099303156
m:0.020430070330090627
a:0.004168669032377299
how:0.019632283540733198
low:0.050683500596713726
was:0.01321583782240874
shuttle:0.20846483268717664
are:0.009595692262704859
d:0.027191704811597543
hoping:0.07144559100257798
area:0.04788756783073652
between:0.03466963949322993
second:0.04104023547242189
writing:0.05973819022608409
pitch:0.07449358415823008
things:0.03335411833045149
of:0.0058041965840519
what:0.013737941835770614
launch:0.06875609611479229
over:0.02993941421670683
or:0.010064350114971423
and:0.005698468872996863
wpi.wpi.edu:0.0876538580443121
for:0.009711906355584297
subject:0.0003984620431644522
space:0.045634518768852286
i:0.005698468872996863
any:0.015272944272967272
information:0.07280063535772432
program:0.04144229003558321
the:0.0033750134775629237
hello:0.05775060881569808
is:0.004010039207323342
wanted:0.04545014909770302
first:0.02802320640882151
e-mail:0.04104023547242189
s:0.009260242997851019
