out:0.03184262429947189
there:0.024804837448031015
your:0.0340522222211152
name:0.07465493259000679
might:0.057488787456174216
nasa:0.11594975182701124
that:0.018751601374836585
guy:0.09152245262023972
re:0.01010650007508569
you:0.030043188616687668
a:0.0037743354752605273
question:0.058999623874246065
not:0.0162948650966477
have:0.013817584139125753
follow:0.10208087330857528
dig:0.15723645166988875
his:0.04984943355419613
johnson:0.12479334402183329
if:0.018112173507119172
but:0.017980627628389468
up:0.03630973973925364
now:0.04464633507779039
in:0.0048021541052565
for:0.008793212511137136
subject:0.000721539375459954
space:0.16527095986557316
i:0.010318849040291619
do:0.019413997808283696
can:0.023366648444262526
is:0.007261422348396322
right:0.05242901604838648
center:0.08828731982358944
answer:0.08206137951699613
