some:0.012622020271711937
since:0.010815252018398279
reference:0.020170989529828945
at:0.009523946080588444
out:0.006368524859894378
bbs:0.021875906225706277
ideas:0.019443208848862
there:0.004960967489606203
defense:0.021211927287826414
saw:0.03672843873659951
where:0.00998625296342574
whom:0.022747625942442073
with:0.006322458127454566
though:0.013435374062760432
ca:0.011116478897796331
signals:0.027464467393098796
post:0.013959880023952327
my:0.01027258660897623
to:0.005214807632776117
commitment:0.03047787990881117
cobra:0.034821097410047984
look:0.02563425215433417
been:0.007931029120115889
that:0.0075006405499346345
like:0.018886038867708215
its:0.011177430032617137
me:0.005857236110294837
re:0.004042600030034277
voice:0.019602671899654964
this:0.0028377429101157786
discuss:0.024175472294018216
on:0.005481176489073405
you:0.009012956585006301
possibly:0.020956506288634276
etc:0.025106205269818764
m:0.01479799688774132
more:0.006872535274706626
a:0.006038936760416844
air:0.04166636741222886
other:0.007455718853145464
intelligence:0.02443292120747365
want:0.010230259284930711
as:0.004324941406578478
stuff:0.015802251636073635
science:0.018279093114417923
computer:0.01449028597386657
are:0.003475196657303922
it:0.005559817779567113
have:0.0027635168278251506
made:0.012570700280637845
probably:0.012903911973130858
kind:0.029789477805006053
hope:0.01561330560886511
after:0.010428182095486224
command:0.022250014350993705
willing:0.01932918839989011
network:0.019856700919078794
johnson:0.024958668804366656
anybody:0.01643024402655511
be:0.006253635212296988
which:0.006983201797391988
writes:0.0035743913027976343
spend:0.022162687647089466
things:0.024159199223137834
of:0.003153090576741708
gives:0.019656889058357326
looking:0.02804200373412588
what:0.0049753627189007095
but:0.007192251051355787
years:0.012052840124218344
in:0.0048021541052565
or:0.010934780395185167
force:0.01931894118278255
and:0.001031884904029162
few:0.01235474324814209
for:0.0035172850044548542
subject:0.0001443078750919908
space:0.06610838394622927
i:0.009286964136262456
branch:0.024648090128557
appreciated:0.01829601145500672
info:0.03184211307451241
signal:0.024354390934160624
ago:0.015465760677646725
any:0.0055312825204800395
pretty:0.015556865172538523
necessary:0.01948527447287311
will:0.012251949674630102
the:0.002444604356721253
do:0.007765599123313478
thing:0.024474945244594128
interest:0.019744783765772357
serve:0.022633019414600972
would:0.010082698876804066
major:0.01771042147415023
because:0.009539039453483859
radio:0.019391083031176575
long:0.012866547270857216
btw:0.020279948759153163
army:0.09650168754552592
about:0.00532441178552363
is:0.004356853409037793
deal:0.017817918874381132
field:0.021040312702342197
time:0.008537891729209263
graduate:0.029725918814418103
engineering:0.020901348612016753
little:0.012677506496748456
charlie:0.05931234136033991
todd:0.02751086600764686
s:0.003353709626248748
