reached:0.06098189513905948
some:0.015162816560173431
since:0.02598469640784002
simply:0.03972264077770636
go:0.02526535391940425
with:0.007595160737526589
much:0.022690868435843267
into:0.023257193545225797
someone:0.028616339151467794
post:0.03353997148611923
to:0.007159476156316005
that:0.004505254875772426
think:0.01869802633153968
re:0.004856370165950267
larger:0.05527080187169849
had:0.01992738293093682
this:0.006817953745083364
posts:0.0522469801580347
more:0.016511935400269167
a:0.007254566887513741
odd:0.06311030884172333
stuff:0.03796644873602107
turning:0.06160044122982902
base:0.05002124487549417
reason:0.034704050961149716
not:0.007830000111376167
hundred:0.05975783620079728
have:0.013279236705133842
ve:0.023703035052304342
able:0.034252795144294405
real:0.03321550459737984
without:0.029184551750681756
be:0.0075124838589282
if:0.008703252204719602
industry:0.11830736030718177
what:0.02390758709082159
but:0.008640041847407926
they:0.024231678558642694
good:0.021039088978694796
economic:0.059553312084327945
ought:0.0648190927091093
and:0.0024792039901999343
for:0.004225309907949013
subject:0.0003467137258703675
space:0.07941591577956113
i:0.007437611970599802
will:0.029436502465020376
than:0.018579237431421574
the:0.002936700038918388
when:0.01698278497199657
would:0.0242246661325812
moon:0.11937860598339084
is:0.006978509789367894
ussr:0.07898571801074637
first:0.024383828953130404
eventually:0.05502984852240306
afford:0.061365020650704906
s:0.008057614037091147
