some:0.015362327304386237
at:0.03477493470214859
there:0.012076039283909833
with:0.0076950970630203595
zoo.toronto.edu:0.13326255024761852
both:0.02954873792510839
my:0.025005638456060558
re:0.004920269773396981
national:0.08563615592072403
had:0.02018958533792283
on:0.006671168753148551
vacuum:0.07702784678890472
henry:0.1204011116699396
great:0.03317435116753522
working:0.041691302772455356
how:0.01730740785827795
air:0.10142471014818866
was:0.023301608792141725
wife:0.05317081614663118
drive:0.03715531248428932
also:0.019519699101046926
display:0.04850159759125628
month:0.052286888018253395
museum:0.15309865031015482
palmer:0.1491766613848788
has:0.02802038089175134
writes:0.008700820934441609
end:0.03558201845494091
of:0.0025584287574439294
years:0.029339150302373596
again:0.032129857080368654
spencer:0.061259402587898394
they:0.012275258217207152
who:0.01701385360834011
in:0.00467578162880238
visit:0.06458719038671502
and:0.007535475286002431
subject:0.00035127574857918807
space:0.0804608620398185
i:0.005023650190668287
ago:0.03764691743900847
the:0.00892602248671247
sfu.ca:0.07678641075379686
when:0.017206242668996525
once:0.0353030420384856
film:0.13655631716746075
general:0.03879513635641515
time:0.020783025919785706
life:0.03671551780643039
article:0.010662274741007907
atomic:0.07654932515507741
