some:0.012036462630240764
at:0.009082113530458052
boeing:0.06641137134906058
there:0.00946163902656853
perspective:0.0503842612878327
case:0.025480526879451088
specifically:0.041722089193357334
your:0.01298899198125013
with:0.00602914821432523
from:0.008727549014744079
to:0.0028416477527645994
competition:0.05379512978594599
might:0.021928712741014905
that:0.003576336344685328
think:0.014842763170397476
really:0.020117481888566244
talking:0.03360506371507493
asking:0.03696322489317932
funds:0.051294494351190205
re:0.003855056729671861
this:0.010824380172606576
upper:0.0538966998523688
internal:0.040851210475467345
leading:0.04654870344053043
two:0.019224633326322797
management:0.14009982753028596
you:0.02291954595499884
market:0.040318095000752806
suggest:0.03784948252690843
them:0.015111950221981864
more:0.01310741263732707
a:0.0028793899501987526
hard:0.027878694871912465
want:0.019511319254764757
as:0.016497199179732337
expectations:0.0617830185650616
worth:0.03623880019373029
question:0.02250501116852685
funding:0.05520066013184426
stuff:0.03013831497601672
hitting:0.049481188511358624
are:0.013255904775283
ssto:0.06641137134906058
have:0.005270624877810854
term:0.040182265916643894
area:0.03307697984184894
expect:0.03563114518719988
always:0.02739129997936812
netcom.com:0.033185929636300404
if:0.013817534428111532
of:0.002004542119234419
what:0.03795637538130438
parts:0.03761541248882846
they:0.009617728087708697
good:0.01670113248824226
in:0.003663499008133824
point:0.022696247023299594
or:0.006951664512402941
and:0.005904083729239018
subject:0.00027522635971152884
space:0.031520750077454675
i:0.0019680279097463393
projects:0.05379512978594599
the:0.001554129917503202
do:0.007405339370170069
can:0.008913051468430034
last:0.022475902598551523
long:0.024539291186686442
about:0.010154805982699706
is:0.00553964179156008
levels:0.047274278664878884
time:0.016283607937151688
type:0.03340734546733708
very:0.017971572080241725
three:0.030087505221365697
by:0.02042134999623023
giving:0.0391068757452482
