some:0.012036462630240764
out:0.012146155660623298
there:0.01892327805313706
all:0.009835750831405064
someone:0.022716063037763093
work:0.041754071422480485
zoo.toronto.edu:0.1044118950393712
both:0.023151588477404516
to:0.0014208238763822997
that:0.007152672689370656
like:0.012006588283594568
really:0.020117481888566244
toronto:0.041413405104542084
re:0.003855056729671861
anyone:0.017246543810735992
national:0.0335481847936857
had:0.015818644182290054
on:0.00522689510555969
vacuum:0.06035171500986349
henry:0.18866978323536926
sure:0.022495299176899006
a:0.0014396949750993763
how:0.013560443270403344
air:0.03973339160444504
was:0.009128465300014285
drive:0.029111378853669986
experiment:0.052380685234260586
display:0.03800125172098431
d:0.018781899199763252
museum:0.05997679084315344
it:0.0070691841183499375
have:0.005270624877810854
flew:0.06344557678770202
palmer:0.11688068314691537
utzoo:0.0565607378951695
has:0.021954112863640227
feel:0.03140491427057915
explosive:0.06344557678770202
writes:0.0068171380517274465
of:0.004009084238468838
seen:0.02672644217136446
years:0.02298737549464323
san:0.04162850962478911
must:0.02389134461319069
spencer:0.09599411539546965
they:0.009617728087708697
one:0.010137225853356932
in:0.00915874752033456
or:0.006951664512402941
and:0.005904083729239018
subject:0.00027522635971152884
space:0.031520750077454675
i:0.005904083729239018
back:0.021715017732655027
ago:0.0294965538697386
the:0.004662389752509606
sfu.ca:0.1203250972636817
see:0.018241090323826557
when:0.013481179823131299
film:0.16048886759887143
is:0.00276982089578004
atmosphere:0.055796738182244524
man:0.029876797307166997
article:0.008353947219758772
u:0.03898601529477336
high:0.02883838995506723
s:0.006396250318103282
zoology:0.05682852641479074
diego:0.053496289199623806
