delta:0.023698013458782308
manager:0.015582929920292053
studies:0.01674239244576863
at:0.0069917858131304045
11:0.015334185069920282
technology:0.01336376065800374
all:0.0037859834549455996
employees:0.022089024934543563
monday:0.02006193912594836
with:0.0023207435586886796
way:0.006874495315660886
mathematics:0.021116316767746002
from:0.003359413708056252
feet:0.017428817257759254
both:0.017823048272287603
ground:0.015384736759513257
to:0.0032814265716448352
building:0.01508122051126449
near:0.014304665783656844
social:0.017229532507842482
director:0.01962405001019889
beach:0.042146832614029975
potential:0.01700901722548212
make:0.0069844463624988236
newsletter:0.04617260882369748
through:0.009402632119146138
12:0.01410073345877792
requested:0.02078543736719421
this:0.006249790932993083
merely:0.01619463896722562
two:0.007399958066084569
on:0.00402387956539119
used:0.007835172652130419
inc:0.014527839269065083
education:0.01716526788117589
posted:0.01354516239873768
bill:0.012283785220998877
includes:0.014951406235842653
landed:0.022144525894760785
successfully:0.020745951927300686
a:0.0005541683039072996
air:0.030588404647866423
dc-x:0.04884302340005632
other:0.005473444396158376
vision:0.018920343600346053
nor:0.013708488083235725
was:0.010541203977397447
as:0.009525168574012123
amusing:0.04428905178952157
california:0.01579154455128149
military:0.015364438740994326
wales:0.024625056519026377
science:0.013419175500663948
staff:0.019097866988605546
march:0.03439454020550044
product:0.04751068955650665
are:0.002551235641274704
no:0.00446724498485123
model:0.02903929771098055
hey:0.015294202323933212
ssto:0.025563107225630464
it:0.0027210748392061264
not:0.0023925000340316066
rockets:0.022812523175789412
calling:0.01632143102995023
only:0.005291810469322565
buy:0.02386381845431719
altitude:0.023698013458782308
between:0.009217721611295259
settings:0.01996395256805006
second:0.021822982354383066
command:0.016334335932277125
has:0.004225295531295837
public:0.011760891262145213
be:0.0022954811791169494
which:0.01025311375013903
claims:0.014906054268288595
found:0.010613176608162687
applications:0.015477385029342585
were:0.0061559654661599164
captain:0.02231584403708304
of:0.0046295377515652054
available:0.02143701450646214
what:0.0036525480277644095
dr:0.015550970655184527
well:0.006678047262513273
launch:0.018280390633694778
ed:0.015746705046305563
find:0.008398598165370596
who:0.005131162199340667
net:0.013155327321025723
35:0.017917556483061314
in:0.0028203127284839756
or:0.005351678235738772
force:0.028365112054085484
douglas:0.053695019157805515
use:0.006598331459314873
repeat:0.01865649542070783
quest:0.04723238178103497
and:0.005302741867927637
for:0.006455334581588769
subject:0.00010594030512705672
each:0.010103211894288155
space:0.10919688419689655
300:0.016506034266596633
i:0.0022726036576832726
don:0.01769287833226962
information:0.009677862240014939
program:0.011018386636444742
the:0.008075925107025567
represents:0.020825319652327156
educational:0.020947429408941256
flying:0.019713901108412226
would:0.0037009906591443493
can:0.003430817430308386
clipper:0.07091278013521371
individual:0.015324151552645049
an:0.010689263554306388
thought:0.010653120655522668
launched:0.06610286858776955
about:0.003908794366356633
15:0.013261153698335887
is:0.006396967306920569
either:0.00993477264727523
maximum:0.01942198615929708
aerospace:0.049043958384058624
launches:0.04946176579267308
estimated:0.022144525894760785
rocket:0.05869577996172596
1993:0.012022443662738639
first:0.022351843207036204
operational:0.024134524947728057
successful:0.019020811092347205
article:0.0032156066679230196
three:0.011581301612986003
roof:0.022812523175789412
teach:0.019507328243507253
needed:0.013237391627523892
by:0.01965149751621361
included:0.014852307343257811
everything:0.012260565412393861
s:0.0024620487335556282
