go:0.01926170546330819
mark:0.029738851131605844
pioneer:0.06093288067729798
technology:0.03334324441402914
with:0.005790370067223241
further:0.035127073278033535
from:0.01676380701841932
name:0.05469767338277725
my:0.03763224797347728
to:0.0013645536238523078
near:0.0356908492819953
been:0.014527132546746924
that:0.0068693985234549865
think:0.01425493096562926
reliable:0.045931620944992445
like:0.011531079836719537
really:0.019320749932583425
re:0.003702381215625451
lost:0.03469808241898861
so:0.010116936607771486
had:0.015192163224575596
personally:0.03880044163471783
something:0.019709517991718047
on:0.005019889358804851
you:0.005502960291175464
combined:0.050221938396587805
lunar:0.053947042057906874
a:0.006913386761615818
how:0.013023396012169548
was:0.008766941921795897
song:0.05912771674864497
as:0.007921922378386322
old:0.02621696121131014
forever:0.04672412300116608
also:0.014688090412668975
experiment:0.050306202650725516
wales:0.06144073507717473
step:0.041183372625567836
daughter:0.05470903256420517
are:0.00636545922377451
it:0.006789216430494494
not:0.005969406025504603
made:0.023025540118000013
ve:0.018070630683439944
extended:0.04733173633162442
has:0.010542321523629218
follows:0.042515092253720924
his:0.018261673678269866
explained:0.04690252404574705
if:0.006635152670924844
but:0.006586962596538715
associated:0.04504748096828258
mining:0.06170477712749315
oh:0.12790955184718708
please:0.018964508484210444
up:0.013301587825271135
one:0.009735751562134876
in:0.003518409938504762
or:0.006676351066367181
and:0.0037801724207008895
word:0.030384916001618006
for:0.0032212758704165743
subject:0.0002643263058615673
space:0.0302724035397337
i:0.0037801724207008895
source:0.030883841204948758
the:0.0022388703267001574
an:0.01778016115963835
just:0.011627609539266198
is:0.005320250037438889
gone:0.038906904919631315
goes:0.03191116035634333
mission:0.044514780908946186
non:0.04911186613796695
confirmed:0.052794464316873096
earth:0.03485678378805692
data:0.029052926962433785
fit:0.040251961181172045
mine:0.03232909945346521
s:0.006142933473821964
