another:0.018176273199906383
go:0.007973082999156259
large:0.012270631638883507
out:0.004828594668362541
region:0.019670800350826995
all:0.003910114060025784
probe:0.045626510520532605
small:0.012248958607647588
where:0.007571544255056401
with:0.0023968335114325713
way:0.007099888604698948
into:0.014678720516249069
such:0.007881218046999174
o:0.028696549047540015
1992:0.016171912028214313
mechanics:0.024226535941789785
several:0.01155103021339097
to:0.0028241786067435054
technique:0.02061850838995334
day:0.01042337309738882
nasa:0.017582544334423834
that:0.012795662413566767
guy:0.01387840470061012
quite:0.010886063041431974
like:0.004773110916019153
really:0.00799752353766773
nt:0.008779654324456211
could:0.006184873587401875
re:0.0015325430441728303
so:0.004187748349938197
had:0.0062885593675497346
described:0.017005607638189892
this:0.008606269481498672
these:0.013578983386056908
on:0.0020779050214724997
you:0.004555729421382966
used:0.008092063558757646
lunar:0.02233053790101883
vv:0.028494789527151104
temporary:0.043183519868997135
ray:0.017777741256510944
a:0.0028616887824721208
how:0.010781663911714135
other:0.005652901589475044
practical:0.019670800350826995
was:0.021773634445116038
as:0.006558312788664086
idea:0.011362197931396542
following:0.011218501119015416
said:0.00898157716665341
objects:0.019220527901734646
houston:0.02061850838995334
orbits:0.053080365348643924
capture:0.022433002254319722
colorado:0.038632800718016065
also:0.006079906277375272
stuff:0.011981215379809926
obtained:0.01964444424291597
are:0.013174413557402162
thread:0.01706117948157363
it:0.0042154356115570325
should:0.013465673296995734
fuzzy:0.024831601510667097
fuel:0.05933385941441937
regions:0.024307694250380686
probably:0.009783703750119707
systems:0.012296791476568076
japanese:0.020519747932662112
try:0.00998520357517784
interesting:0.013393543286563166
references:0.016923637692670752
fraering:0.05044443400333686
ancient:0.018793463239726443
without:0.0184197580721516
anybody:0.012457357151281538
g:0.014487712954965174
writes:0.0054201835329308395
get:0.005386778587258698
down:0.009690022856365402
if:0.0027465181137844644
of:0.004781325874567343
but:0.00545314116598697
phil:0.03632339631693437
again:0.010007660402082041
oh:0.013236541738284728
seems:0.009657733972873271
they:0.00382344108404813
find:0.026021886118935127
title:0.017218005457307048
in:0.004369172997405504
system:0.027482241752981865
douglas:0.018485170529736326
use:0.006814670195685853
and:0.003911858755028585
for:0.0026667939582956887
subject:0.00010941375775417335
space:0.0125307899898078
steven:0.01838735298298779
i:0.001564743502011434
we:0.011047081194376803
possible:0.021122718221021165
body:0.014547873457682589
gravity:0.022181490179007047
allow:0.014369978161371281
the:0.005251557856481106
do:0.0029439258971577734
see:0.007251580989390066
db:0.023917078759379352
would:0.003822334615181869
specific:0.015021132329796856
because:0.0072324684380922705
meeting:0.01986019724900376
myself:0.013659188778679849
just:0.00481306788305691
makes:0.011446630664967108
launched:0.022756725251527225
company:0.013795606719800615
interested:0.02358259192963049
moon:0.018836378403116995
hold:0.01422041234813123
affected:0.020719707621881096
is:0.0022022346466447863
captured:0.022813255260266303
pgf:0.05044443400333686
sorts:0.020391663737973156
orbit:0.07418000669961994
guys:0.0159208020880789
itself:0.013783015740140903
study:0.015185956346044258
lot:0.010158005689612257
man:0.011877251388504914
their:0.006203621387629975
paper:0.03161187210849668
slow:0.016830033217384594
mission:0.018426200294276905
japan:0.02122812011643019
every:0.00996782183171064
natural:0.01716028111352943
article:0.0033210363947401684
davis:0.0405963219204859
three:0.011961016419969151
by:0.004059161782037566
included:0.01533926823975807
springs:0.024831601510667097
represent:0.019697327049620506
sometimes:0.014362730837368238
include:0.013776734726412302
