reached:0.020152815131792186
some:0.005010887876108816
since:0.008587217267826958
simply:0.013127224634692658
read:0.009729626875098377
go:0.00834949464289325
at:0.003780965718688545
case:0.010607772992732857
with:0.00752996622475812
way:0.0074350764787405295
much:0.00749869901098683
into:0.007685853660868611
someone:0.009456901779669614
from:0.003633357315150968
post:0.011084024911721805
approach:0.017666320407441354
several:0.012096357820031744
to:0.0029575089272335427
require:0.016650304973830844
scientific:0.036246347955398134
most:0.007968220875395013
next:0.011495193234975
make:0.007553993490771261
that:0.00893316632020112
think:0.006179176083813542
funds:0.021354360309293777
re:0.003209789723417773
larger:0.0365309162585475
had:0.00658544414455852
this:0.0022531435123236865
30:0.014691439804179788
posts:0.017266169408449234
bases:0.04284180376481902
on:0.006528010625398583
you:0.011927016940101327
gatech:0.025205186647935238
lunar:0.07015430791221365
why:0.00763829433542492
economy:0.02227098734919961
more:0.01091346803279593
a:0.007791653921031389
uunet:0.01621026743526732
million:0.01679618566150703
was:0.0038002623781175347
commercial:0.035762631761826195
gary:0.12752252834617428
odd:0.020856196484174663
waste:0.018363004271237507
therefore:0.01473358592512818
funding:0.022980532329566067
stuff:0.01254685215739752
military:0.033234665774511334
turning:0.020357227359213883
those:0.007965303237285665
likely:0.014190595729312137
base:0.03306125197779443
reason:0.022937441407798524
it:0.007357412655364205
not:0.005175193206660642
should:0.007050695889414075
hundred:0.03949659560052696
have:0.015359460480830773
being:0.008351089828004928
probably:0.010245595343472998
systems:0.012877326696491892
only:0.005723331494717968
ve:0.00783319184131946
partially:0.024463372000555796
money:0.01330566423488897
able:0.011319593245110168
real:0.02195359531328968
without:0.009644680192285386
be:0.004965332679291599
found:0.011478628777927028
writes:0.0028380360129509116
certainly:0.013200675009680862
if:0.008628546177211278
industry:0.03909728216160084
even:0.007206692908867063
what:0.00790079058366207
but:0.008565878398073951
year:0.010621290627509236
years:0.009569851600774221
saying:0.01294658875092034
least:0.010333314947238121
they:0.008007893772598659
ga:0.023658227734912884
good:0.006952831980083687
in:0.0015251476557466993
economic:0.019680708285378764
essence:0.024463372000555796
ought:0.02142090188240951
or:0.0028940405910003663
rather:0.011044994218510143
apollo:0.024329240912555346
use:0.007136392822949991
and:0.000819307756418004
for:0.006981735255623905
subject:0.00011457921412883389
space:0.02624474469968329
purpose:0.04842336685164704
i:0.003277231025672016
person:0.01203946111190494
we:0.011568617216428927
possible:0.011059964047058292
will:0.03404780006147206
than:0.01227983933235589
the:0.0022644940214263396
when:0.0056123366645653905
would:0.008005576361410954
can:0.003710583658530959
put:0.01067579098517931
continuing:0.0225670940937788
just:0.005040294263802086
different:0.010846424454983896
moon:0.059176948459577855
is:0.0023062028059284453
levels:0.019680708285378764
guaranteed:0.02207133062973655
right:0.008325637741589268
ussr:0.026102576338315323
grad:0.025370277981960114
break:0.01684208818990509
first:0.008058175233437945
eventually:0.01818582976920616
afford:0.02027942742534025
article:0.003477823520672107
little:0.010065831338620018
testing:0.02112926814031291
200:0.017837446550133963
students:0.02051719042701316
facility:0.021918034137882136
nations:0.020305204352637295
s:0.010651266624137654
