your:0.014481979565301869
with:0.006722153756201693
aurora.alaska.edu:0.0618068078605339
such:0.02210364601687125
from:0.009730715568162938
my:0.010922003003796567
to:0.004752410896864934
job:0.03990216730217444
acad3.alaska.edu:0.0668706748481136
that:0.003987409487752607
nsmca:0.12583109310468993
me:0.012455042303500514
generally:0.044445396473828724
re:0.004298166698599662
michael:0.03453672645601941
pack:0.0592155462102516
had:0.017636879145771667
on:0.01165537529285724
you:0.012776988262269468
missions:0.0618068078605339
m:0.01573350243811577
a:0.008025885780726409
how:0.01511911491067959
air:0.1329013443321093
as:0.009196714485253086
budget:0.054242947392158326
guard:0.0618068078605339
given:0.03204353516300323
reason:0.030715079586304917
police:0.0422480909383068
not:0.006930000098574309
application:0.04241801963007964
have:0.005876443829283366
probably:0.027439353046312738
only:0.015328002738727432
left:0.0336138526839145
command:0.047313248907285464
adams:0.05325993390436335
heard:0.031064912177239938
walking:0.061290125241427386
were:0.01783107238473907
of:0.004469898518752613
good:0.018620802889189644
rest:0.03754748084451504
in:0.002042295424074603
and:0.004388476028629768
for:0.007479284204875264
subject:0.0003068615734714747
space:0.07028764959800238
i:0.006582714042944653
back:0.024210996782385488
the:0.005198296620614159
do:0.00825652780352295
hate:0.04627573842020493
because:0.020284164355109355
put:0.028591486201687118
last:0.025059339678844803
just:0.013498719120297539
army:0.10260236894208215
is:0.003088191113685792
done:0.030444408637019523
lot:0.028489119405349317
transfer:0.052238885470953976
high:0.032153147421166914
