another:0.07391684434628595
c:0.17240651302859733
vehicle:0.1466894230666413
from:0.02821907514767252
used:0.06581545027789552
a:0.004655013752821317
test:0.3575899853979671
as:0.026670472007233947
ancient:0.1528535010164417
which:0.04306307775058393
conventional:0.17774136320013942
one:0.03277703025918741
or:0.022477048590102845
subject:0.0008898985630672766
the:0.005025020066593686
nathan:0.4102813965604731
film:0.3459426701575673
reality:0.13968704074174607
f:0.12387437394689492
is:0.017911508459377595
cs.colostate.edu:0.39540515980619245
e-mail:0.09165652588840888
