out:0.028736026806840485
there:0.022384853306759694
your:0.03073005419954299
name:0.06737152453244515
might:0.05188012526532795
nasa:0.10463758091705892
that:0.016922176850462285
guy:0.08259343285241146
re:0.009120500067760258
you:0.027112145824815703
wells:0.14833903138603588
a:0.0034061076240155977
question:0.053243563008465965
nyx.cs.du.edu:0.11466919136630178
not:0.014705122160389389
fuzzy:0.1477783114293359
have:0.012469527149942754
follow:0.09212176371749477
dig:0.14189631004355813
his:0.044986074183055044
johnson:0.1126183836294593
if:0.016345132189351446
but:0.016226420054888054
up:0.03276732610615572
now:0.04029059507020108
david:0.06088890827669498
in:0.00433365126571928
for:0.007935338119806684
subject:0.0006511452900492268
space:0.149146963781127
i:0.009312132060750973
do:0.017519949241621872
can:0.021086975425310083
is:0.00655299089977229
right:0.047313990092446336
center:0.07967392276762948
answer:0.07405539127143553
