another:0.025198924208961124
since:0.04547321871372003
read:0.0257613984306582
24:0.04162595169168705
positions:0.05499038746108607
at:0.010010966050618535
out:0.013388376125914318
there:0.010429306654285767
know:0.014021308246117066
ten:0.045749877756338965
measure:0.052469928736452634
that:0.019710490081504363
complete:0.042081998298804296
so:0.011611484061192274
this:0.005965709526947943
off:0.024812016454049436
empty:0.05783534331153033
why:0.040448240458045605
richard:0.0424554263043043
was:0.020124116684122402
operation:0.04892916063071019
sweden:0.06046945256218174
plane:0.058753086000671896
place:0.030902586560413926
it:0.019480422144316587
not:0.013702500194908294
have:0.005809666058496055
ve:0.0207401556707663
states:0.039237042448360036
placed:0.05175947013439202
status:0.05000775786362772
of:0.0022095521087015756
but:0.007560036616481935
years:0.025338357079322655
latest:0.09468969546028981
one:0.011173987588359347
in:0.006057262564584902
thomas:0.08372738668247955
use:0.018895221906219863
and:0.0021693034914249424
still:0.02320123957079031
subject:0.0003033745101365716
until:0.032513246879143684
i:0.0021693034914249424
the:0.0017130750227023932
instead:0.0348606171770982
an:0.010203387938201554
just:0.026690649169679226
launched:0.06309819274287093
is:0.006106196065696907
orbit:0.051420231916782
new:0.019590904146403944
goes:0.0366253090453486
23:0.0492008142767733
almost:0.06868165750601292
position:0.11736964626859812
satellite:0.22247002327922114
already:0.03302029910565172
by:0.011254948577467797
telecom:0.06652404949950862
s:0.02115123684736426
