some:0.011675368751333542
read:0.02267003061897922
go:0.019454322517941273
inexpensive:0.05473652550054012
large:0.029940341198875755
at:0.008809650124544311
there:0.009177789855771475
keeps:0.047741962003008016
with:0.005848273767895473
work:0.020250724639903038
to:0.004134597480272492
then:0.03191760699551607
might:0.02127085135878446
that:0.0069380925086895365
age:0.04122788625913621
something:0.019906613171635227
on:0.0050700882523928995
you:0.0055579898940872185
why:0.03559445160308013
successfully:0.05227979885679773
a:0.004189512377539185
residents:0.05448651247848594
popular:0.042299722961329625
begin:0.04173219479540514
d:0.03643688444754071
race:0.04370829728849558
not:0.018087300257278945
try:0.024363896723433927
kind:0.0275552669696306
complaints:0.05237930216532941
gene:0.215087691354658
technologies:0.049378256240826035
alive:0.04405021093597838
talk:0.03459593767637027
be:0.011569225142749426
end:0.027042334025755094
of:0.009722029278286934
but:0.006652832222504103
year:0.024747607162096518
least:0.024076623827064825
who:0.012930528742338483
over:0.020059407525193577
government:0.026916149386162977
and:0.0019089870724539493
reward:0.05971899391613142
for:0.00325348862912074
subject:0.000266969568920183
space:0.06115025515026207
i:0.0019089870724539493
person:0.02805194439073851
developed:0.04237298336225036
cost:0.033210076043508806
the:0.006030024079912424
see:0.017693857614111762
would:0.00932649646104376
wright:0.11368434638322722
announce:0.05566434283504978
just:0.01174388563465886
about:0.01970032360643743
different:0.02527216898011248
moon:0.09192152660721094
billion:0.09535853174574412
1:0.05875571675774125
first:0.037551096587820826
give:0.023632362713560066
corporation:0.04749350201714271
by:0.00990435474817166
