some:0.03335819643238155
since:0.011433266419449608
out:0.013464881132348113
folks:0.021161233430255874
there:0.010488902692310256
help:0.012229101257381697
all:0.005451816175121664
with:0.006683741449023398
4:0.014195825738163881
operations:0.026636096298451133
times:0.016059863665674436
from:0.004837555739601003
jpl:0.0346223472491587
tight:0.029706911447883774
to:0.0023626271315842816
designing:0.06849088915212542
building:0.021716957536220865
been:0.00838423078412251
that:0.0039646242906797345
v:0.0219808475080115
through:0.01353979025157044
nt:0.012241346600956089
on:0.00869157986124497
integration:0.03366775247965489
am:0.028017194686309126
3:0.013379805397929255
why:0.030509529945497254
sure:0.012468822972338306
a:0.0007980023576265114
j:0.01745216376873636
was:0.005059777909150775
as:0.004572080915525819
experiment:0.029033865529847297
science:0.038647225441912174
team:0.018304140392539983
van:0.026203457317104294
are:0.022042675940613446
those:0.01060523231021463
deep:0.02599883187312309
it:0.0039183477684568225
not:0.0034452000490055134
analysis:0.024604377917157125
have:0.008764296225388334
try:0.013922226699105101
safety:0.023615276486549507
left:0.016710886762860352
doing:0.030636604630460747
allen:0.025451592415454468
has:0.006084425565066005
call:0.015182606274278329
talk:0.019769107243640154
be:0.0033054928979284076
get:0.015021416860469969
things:0.012769862446515711
of:0.0022221781207512987
forgotten:0.03034571948210158
leo:0.0657000667462735
reasons:0.04156027972338406
but:0.003801618412859487
spacecraft:0.029132390138044473
over:0.011462518585824902
in:0.0020306251645084627
our:0.012741573845602249
and:0.005454248778439855
for:0.003718272718995131
subject:0.00015255403938296168
space:0.017471501471503448
i:0.006545098534127826
we:0.03850696873468486
any:0.005847355807364613
research:0.01764189417449587
will:0.006476030542304482
detailed:0.028258632014686407
the:0.007322172097036514
do:0.008209347644645676
jr:0.02670066518561646
mad:0.030046473850574063
sp:0.02696649384638728
jim:0.0193504614111364
laboratory:0.027353454840986998
problem:0.012088944525974768
long:0.027203557086955255
btw:0.021438802973961914
radiation:0.031969172345552424
about:0.005628663887553551
passages:0.030046473850574063
naval:0.03576903693751385
general:0.016848173503357437
is:0.00460581646098281
new:0.00985142608504884
9:0.020347620889285864
lot:0.014163162218659375
fly:0.02830143585313874
2:0.011133768869116621
run:0.015296196733642256
told:0.017715541524166458
1:0.011191565096712621
too:0.011157244959225694
mission:0.07707416351663254
planning:0.026477795712454923
going:0.012444661051712472
iv:0.03016429834887541
project:0.022009347745217435
data:0.03353537855092357
