22:0.029548557448601073
report:0.08076017496754798
technology:0.09553667193806929
202:0.04265573763143218
43:0.03640829929935247
4:0.017618932653749496
aug:0.046434493166785135
vehicle:0.031210515546093894
1992:0.02798543641761909
from:0.006004058542057982
to:0.0009774462128303765
w:0.043891359645806434
h:0.02505802925031572
december:0.03603493948739912
technical:0.02721097335403759
r:0.04397474846424298
me:0.007685026102159891
australia:0.032901373868398844
re:0.0026520603033912803
national:0.023079247694946903
july:0.03491574096945325
89:0.033553990171379354
apr:0.026434101255588642
on:0.007191614542401276
facing:0.04138841998076994
united:0.02781221264451927
europe:0.02917021715991105
inside:0.02662450728421409
a:0.0019808569160941775
lists:0.033596843465393274
88:0.03550935103240819
test:0.025360991872196245
following:0.019413576404537315
related:0.02733431904702957
copy:0.024231290390520157
also:0.01052125625304657
demonstration:0.04077131801630448
technological:0.04206437870278643
cover:0.027831252115233233
ordering:0.04206437870278643
foreign:0.06260645068888783
plane:0.1100057780438112
27:0.031334399893898086
d:0.025841762019532418
investment:0.07711178943626638
mar:0.04220766031496742
it:0.004863197584964141
have:0.003625890873387609
calling:0.02917021715991105
states:0.024488366918125413
92:0.03108875807359485
placed:0.032303782778911334
25:0.0260828549524086
free:0.020478778681735713
be:0.004102562107357952
of:0.0013790112451470826
future:0.0248546547823961
key:0.0227364707179899
box:0.022471907877351822
in:0.005040558918992638
37:0.036870280165813195
office:0.02589175824855433
205:0.03998870768177352
and:0.006769457703737409
subject:0.0001893401198015482
each:0.018056804236600107
al:0.027021377168242777
i:0.0013538915407474818
athens:0.03797492221836095
back:0.02987740028464592
information:0.034593209708989575
research:0.043791935894138684
program:0.039384871381334396
the:0.0037420362198038095
orders:0.034711634837892656
oct:0.04364695708090139
facilities:0.03751222348170562
reports:0.02804413080984505
may:0.013198762605956246
development:0.08270772410757876
efforts:0.13766433519836305
company:0.023873248508023758
n:0.025964648906414194
general:0.020910853638918803
is:0.0019054796233380418
number:0.017746559208494737
aerospace:0.17530606401110316
31:0.03305898476758119
90:0.028595456805278953
91:0.06627824691465078
2:0.013818507461669566
issues:0.026987443138999256
build:0.02646548271644223
first:0.013315991697808801
japan:0.036735186584460754
under:0.01721505976670666
before:0.015079391966118044
by:0.007024365069625291
data:0.02081096186670789
says:0.01816331024416715
