au:0.16379211713015807
rough:0.03090340393026695
mark:0.03452441338266885
posting:0.01896085377561058
case:0.014204661536245722
means:0.01629077712895835
take:0.012216949024917836
thanks:0.011456245085725075
where:0.010617567805941159
i.e:0.019853672396410362
previous:0.019960916205131067
such:0.011051823008435624
mentioned:0.020202089763171484
from:0.009730715568162938
to:0.002376205448432467
remember:0.015992092163915127
0:0.04212823320080957
w:0.017783568132352608
then:0.0091717261481368
that:0.007974818975505215
mi:0.030645062620713693
could:0.008673041122563547
anything:0.013340466381145999
re:0.002149083349299831
so:0.0058724746976144835
this:0.006034280900820908
these:0.00952089639712036
assume:0.01995108365108722
inc:0.021040318941404606
temporary:0.060556200276064946
3:0.026913401662501373
influence:0.029503277018440795
a:0.0024077657342179226
how:0.007559557455339795
was:0.010177714185073398
as:0.009196714485253086
sq:0.03830486535731659
given:0.016021767581501613
capture:0.03145777327617248
respectively:0.03240464243178199
also:0.008525845584365324
answered:0.027928125177084463
far:0.014306770529433343
files:0.01901903198038902
are:0.007389785995416385
no:0.006469803081508677
radius:0.03303882666838467
jupiter:0.27269321365944305
comet:0.10486034977288741
it:0.0019704335042527122
orbital:0.03096984543831911
utzoo:0.03153098606799679
earlier:0.0226778536487603
after:0.011087434986580179
1977:0.03313541930238686
83:0.032235597114504445
public:0.017033014931382724
be:0.009973469950646057
which:0.007424668577686883
get:0.007553873421213346
were:0.008915536192369535
if:0.003851439194042582
of:0.0033524238890644594
but:0.0038234667945425877
instance:0.024567562636551354
seems:0.013543029249316541
km:0.03207138233034321
pete:0.02987764082402104
well:0.009671654656053706
they:0.0053616070374008255
up:0.007721036611220602
in:0.004084590848149206
indication:0.030103047221453686
ended:0.028551167122528052
and:0.00548559503578721
for:0.007479284204875264
subject:0.00015343078673573735
p:0.07738225378462874
i:0.0032913570214723265
elements:0.028169298735124877
information:0.014016214278642327
actually:0.014047782339661407
than:0.008221846449537133
the:0.005198296620614159
closer:0.026789177311660622
around:0.013604565707779515
can:0.004968770071481111
an:0.010320668259330307
about:0.005661012530585469
e:0.03575735282820491
axis:0.034692171912360424
is:0.0046322866705286875
orbit:0.05201126906525076
questions:0.017380323777273055
figure:0.04244250154108912
dance:0.034442257475925143
1:0.022511768872697797
1970:0.06570075882156254
under:0.013950134638538156
article:0.004657085519060925
april:0.019552608401655815
comes:0.017380323777273055
by:0.005692157901248081
unlikely:0.027401876938432216
s:0.007131451504092164
august:0.02872938687392208
