bench:0.05932129786837284
large:0.06048553777550658
at:0.008898636489438698
there:0.009270494803809572
all:0.009637048794406983
harm:0.0486127523346323
to:0.002784240727456224
everyone:0.030883967247607107
then:0.01612000353308892
ii:0.03708484651626382
that:0.0035040871256007762
like:0.011764030944532053
me:0.010945340206106513
re:0.0075543535914781934
so:0.02064263833100849
this:0.005302852912842617
why:0.01797699575913138
more:0.012842616422431575
a:0.005642440912510688
how:0.013286494921506306
series:0.03623586222997643
as:0.008081961214313317
sig:0.04766804467795732
science:0.1366316050976693
scale:0.04888034440985429
business:0.03653094680033907
pat:0.08188162084088445
files:0.03342738954128979
are:0.006494054359608339
no:0.011371169052348586
it:0.013852744635958465
not:0.006090000086625909
being:0.019654585150759074
only:0.013470063012821078
real:0.025834281353517653
doing:0.027077807122881974
attempt:0.03895604441653126
evil:0.04218862337786466
bogus:0.05990987269790795
greg:0.08847007267667521
access.digex.net:0.10020805009969014
writes:0.020038254273259466
of:0.0039280926376916905
what:0.018594789959527906
but:0.006720032547983943
seems:0.023802899892738164
they:0.01884686110116654
one:0.009932433411874976
in:0.007178977854322848
or:0.006811226845485711
rather:0.025994784372857207
subject:0.0002696662312325081
vnet.ibm.com:0.16586825909254582
got:0.02234498809727853
because:0.017825477766611253
actual:0.04103390794675458
about:0.009949658387089612
is:0.005427729836175029
strings:0.0624195833978928
critical:0.049366397423432046
nothing:0.02580662627778696
engineering:0.039058075689122215
every:0.02456715683775148
article:0.008185180609258597
project:0.07781082536187982
represent:0.04854694747583237
s:0.031335165699798904
