au:0.12127586544956384
mark:0.03195344642864032
posting:0.03509775060591745
case:0.02629373518411442
where:0.01965379572589108
previous:0.03694892999673198
such:0.020457629824125516
mentioned:0.03739535764672168
from:0.009006087813086974
to:0.0029323386384911294
0:0.07798204869086027
w:0.03291851973435483
that:0.007380949477329294
mi:0.056725966978767896
talking:0.03467756574853477
anything:0.024694054790631952
re:0.0039780904550869205
so:0.010870325504094894
this:0.005584919557142755
these:0.01762378694786109
used:0.021004930939753887
temporary:0.056046696000187766
3:0.049818424353991905
m:0.01456185863953268
a:0.002971285374141266
sorry:0.033802305156793874
was:0.00941979929895091
as:0.017023705536532305
also:0.015781884379569854
answered:0.05169674234907124
files:0.03520544217646478
radius:0.06115697702445672
jupiter:0.25238627221671855
comet:0.1294021337622866
not:0.006413936261446435
orbital:0.057327160704973665
earlier:0.04197815462642864
83:0.05967014785025291
be:0.012307686322073857
writes:0.007034706287420876
were:0.016503226568854244
of:0.004137033735441248
but:0.0070774810877703214
instance:0.045476126582552505
seems:0.025069011589160403
km:0.05936617580297572
well:0.017902850108014307
in:0.005670628783866717
for:0.0069223162321717865
subject:0.0002840101797023223
p:0.035809872762035636
i:0.004061674622242445
elements:0.05214316999906094
actually:0.026003341777671114
the:0.0032074596169746933
around:0.02518291950163442
can:0.009197510557848015
an:0.009552107857039752
e:0.03309457123461518
language:0.04338201382698073
is:0.002858219435007063
orbit:0.04813808945400868
questions:0.03217208869410119
figure:0.07856377944839901
dance:0.06375481702990399
1:0.020835360552390516
1970:0.12161629824416896
article:0.008620562556559585
april:0.03619312619029907
unlikely:0.05072262326901283
john:0.02852636595299836
august:0.053179928894281296
