at:0.012585214463634729
out:0.01683110141543514
locate:0.0823651851230759
there:0.039333385096163465
where:0.026392239974768025
your:0.017999031745446606
from:0.012093889349002507
several:0.04026359102953424
planets:0.08142808108756429
to:0.003937711885973802
job:0.049592693646988234
amiga:0.0719868479683968
that:0.004955780363349669
like:0.01663770090726676
re:0.005342007182545293
so:0.029194588496712002
map:0.1417228137124189
programs:0.10094806069412904
you:0.015879971125963482
m:0.01955449588737246
mac:0.049018316211587656
given:0.03982553655973259
are:0.01836889661717787
kevin:0.06436517604028165
choose:0.056768621276960834
ftp:0.05419095638984393
try:0.03480556674776275
domain:0.06376004355686533
marcus:0.08336810310412231
shareware:0.07086140685620945
site:0.05579377424912295
public:0.042339208543722764
which:0.018455604750250255
writes:0.009446605585965176
get:0.01877677107558746
if:0.00957357742519156
available:0.038586626111631855
one:0.014047298682508891
in:0.002538281455635578
star:0.06558324249249148
or:0.00963302082432979
astronomy:0.1408698719081423
and:0.005454248778439855
subject:0.0003813850984574042
forth:0.07054036605832291
i:0.0027271243892199276
any:0.0438551685552346
allow:0.05008963816249418
will:0.016190076355761206
program:0.039666191891201075
the:0.0010767900142700756
sky:0.06659024074612782
can:0.01235094274911019
is:0.007676360768304683
time:0.022564428141481623
atari:0.08865020346849496
article:0.011576184004522871
