taken:0.026359050398069284
basically:0.03139365238598309
out:0.009425416792643679
programming:0.035102234297306655
nick:0.0796090552330472
till:0.03999130652849953
case:0.03954577771690809
my:0.00760171409064241
cs.cmu.edu:0.04143729046727173
software:0.06757886132355016
that:0.011100948013903258
nt:0.011425256827559016
re:0.0029915240222253645
this:0.008399719013942705
shot:0.03181305876470189
set:0.02119531667300737
you:0.004446391915269775
possibly:0.03101562930717873
tell:0.019280200428979623
fix:0.03480031167344387
bugs:0.08115865244888588
a:0.001117203300677116
member:0.03192718338197247
was:0.007083689072811085
as:0.006400913281736148
given:0.02230230047345025
question:0.017463888666776835
introduce:0.046982467911751286
shuttle:0.11173715032032668
team:0.02562579654955598
are:0.015429873158429412
no:0.00900596588946008
it:0.0027428434379197755
should:0.013142497137867836
have:0.004090004905181223
being:0.015566431439401186
rated:0.045727728139807536
ve:0.014601069592219474
after:0.015433709501319611
strongly:0.037335605359577625
heard:0.021621178875359
be:0.0046276900570997705
writes:0.005290099128140499
things:0.017877807425121996
if:0.010722406716214548
of:0.0015555246845259092
ignore:0.03600612920444978
ok:0.026110793524087454
understanding:0.0321132382792866
launch:0.07370653503505735
they:0.0149267139921239
errors:0.034352194541006506
good:0.012960078810875993
code:0.02592410008265357
in:0.005685750460623695
5:0.020790983095341463
system:0.0178817786339402
rather:0.020587869223302906
and:0.006108758631852638
for:0.002602790903296592
known:0.05211085996266173
subject:0.00021357565513614637
grief:0.047134853471516844
values:0.03416757096274615
i:0.004581568973889478
actually:0.01955451301680868
yet:0.02104054994148931
than:0.01144481025775569
the:0.006030024079912424
do:0.0057465433512519735
see:0.014155086091289409
level:0.02816428130074999
because:0.014117778391156112
thought:0.021476691241533702
just:0.009395108507727087
jonathan:0.03824404295595253
warning:0.06864225308159065
is:0.006448143045375934
new:0.013791996519068376
right:0.015518988750322397
expected:0.033194946109746666
crew:0.04475684128377339
every:0.01945718821549917
article:0.0064826630425328085
before:0.017009554137781154
checked:0.03600612920444978
doubt:0.02784057839184454
