bbs:0.10744361022360162
sub:0.05284866718241718
richmond:0.05491605524597033
access:0.029667051929367482
with:0.005175463511411923
mathematics:0.0470912550926725
from:0.02247536958664183
added:0.037023169794348776
via:0.03024983520898801
to:0.002439290548833329
ten:0.03562822338546751
us:0.018228994568008815
software:0.024918459190099614
nasa:0.03796584794335766
through:0.020968701717033866
months:0.030051279114865662
re:0.0066184159783747
started:0.02901986615919385
articles:0.03727335062566077
this:0.004645862286472734
amount:0.032906345235635646
fair:0.03736902244959188
compuserve.com:0.04901801158687489
on:0.017947215052718228
link:0.04288396574121166
fun:0.036427014645432174
more:0.011251495803723238
a:0.004943377436624407
other:0.03661879613713037
running:0.026791685065900014
related:0.03410742465160327
operation:0.03810412509294245
local:0.027047641167397805
science:0.05985189780827107
are:0.00568948125310819
internet:0.02527906144349209
it:0.006068237694512778
not:0.010670973603114423
ftp:0.03356961900255819
couple:0.02792913092614618
being:0.01721950380464733
boards:0.041401012642455916
probably:0.021125873584329276
only:0.011801205648400766
u.s.a:0.04542982478945751
sites:0.04030825992766812
get:0.02326325619984287
if:0.005930534688171764
of:0.005162139439798371
but:0.00588746214380894
variety:0.041350587676839655
who:0.011442945789680073
topics:0.0472857586919537
george:0.07048343679743659
over:0.017751688075392548
in:0.0015723867424291193
our:0.059197577601249385
system:0.019780728577367478
1500:0.04963711414091835
and:0.0033787381813344237
subject:0.00023625625568157783
space:0.08117290506671956
we:0.035780811656123096
ago:0.025320050666943754
currently:0.031848969042984926
the:0.002001114185811645
canada:0.03292573091156324
views:0.03584147605430875
just:0.010392819145715805
about:0.008716957347981164
aerospace:0.05468618368487953
having:0.02315833090637488
questions:0.026762622453500102
center:0.02890823746436114
run:0.023688800251215884
capability:0.04343917229548975
by:0.008764915706346603
students:0.04230535725215988
s:0.016471759668743848
va:0.0441687622885081
news:0.02715819925808335
