some:0.007942427721995606
at:0.01198591853679498
there:0.018730183379125458
all:0.006490257351335314
your:0.008570967497831717
much:0.011885692990203615
work:0.027552006312793247
zoo.toronto.edu:0.06889764502597964
longer:0.023089870805266498
both:0.015276898519103658
my:0.006464042594083682
to:0.0018751008980827629
recall:0.02660445724539471
look:0.016130396763781703
most:0.012629901115422027
displays:0.03468141683100533
thoroughly:0.04034746528634617
that:0.004719790822237779
quite:0.018069383551764635
like:0.01584542943549215
nt:0.009715354445203245
toronto:0.027327212892112804
attention:0.028875363561378625
re:0.0025438129440691873
national:0.04427447516989814
had:0.01043815296382405
something:0.013541913722200835
on:0.010347118882434487
vacuum:0.039823920788821486
henry:0.1244963875770804
possibly:0.026373834444879868
great:0.01715136522947399
more:0.008649109019188611
a:0.0009500028066982279
how:0.008948047600198124
air:0.052437265110628156
sorry:0.021615079488017854
was:0.024094180519765595
as:0.00544295347086407
drive:0.019209549311605362
stuff:0.019887187433153892
course:0.01664048843469401
plans:0.03167152786857332
display:0.07522696769256076
no:0.007658134259744965
month:0.027032676798552778
museum:0.07915304369776711
it:0.011661749310883401
not:0.004101428629768468
have:0.0069557906550701066
utzoo:0.03732239167232273
occasionally:0.03673774929272596
has:0.014486727535871442
rotate:0.04137347133896238
writes:0.004498383612364369
end:0.018396145595751763
of:0.003968175215627319
but:0.009051472411570206
years:0.015168540292383629
spencer:0.06334305573714664
they:0.0063463920034540384
one:0.006689189848813758
in:0.002417410910129122
visit:0.03339201679857375
weeks:0.02476574751927286
and:0.0064931533076664945
for:0.002213257570830435
known:0.022155977875281348
subject:0.00018161195164638296
however:0.016306795266645666
space:0.06239821954108374
i:0.0077917839691997925
ago:0.038927424834893115
caught:0.0307158111138194
pretty:0.019578367734147117
than:0.009731981511697014
the:0.004614814346871753
when:0.00889574450914106
would:0.012689110831352055
can:0.005881401309100091
once:0.01825191289064562
put:0.016921491833651558
film:0.03530027246505788
is:0.0018277049448344482
does:0.008289039553316498
man:0.01971462135234829
article:0.005512468573582319
u:0.02572546587478242
three:0.019853659907976006
especially:0.021260515016988717
s:0.008441309943619297
zoology:0.037499095661460556
