go:0.04229200547378537
at:0.019151413314226762
know:0.026823372296919605
manned:0.2665012319920315
much:0.037982540642607206
attend:0.12937565444370447
to:0.005992170261264482
city:0.15999067819506052
anyone:0.07273542389745179
had:0.0333567062104812
this:0.0114126617037265
aw:0.1317154514913646
on:0.02204386196692565
lunar:0.2368978803412432
access.digex.com:0.09722744292159499
more:0.027639544039580997
a:0.006071757068897369
how:0.02859484776585053
want:0.0411434340806996
pat:0.08811174416573433
exploration:0.2432437026292032
crystal:0.2506766503745788
of:0.004226969251429101
brief:0.11101960769840298
st:0.08340754875911521
subject:0.0005803686280873543
the:0.0016385934999762022
conference:0.09474572758761692
may:0.08091415336694917
7:0.06938105497676751
about:0.021413395224388513
does:0.02648888726820707
virginia:0.10609251678828532
under:0.05276790058925303
prb:0.10686623298617018
7th:0.1198340665703196
