some:0.007484210738034321
read:0.014532070909602061
go:0.02494143912556573
inexpensive:0.03508751634650007
large:0.01919252640953574
at:0.0056472116182976345
there:0.005883198625494535
keeps:0.030603821796800008
true:0.016559492257422093
with:0.0037488934409586365
aurora.alaska.edu:0.03446918130683621
work:0.012981233743527587
to:0.0026503830001746746
then:0.02046000448430517
might:0.013635161127425934
acad3.alaska.edu:0.03729326097298643
make:0.011282567200959638
that:0.0066712427968168625
could:0.009673776636705496
nsmca:0.07017503269300014
australia:0.029737780227206648
re:0.0023970545049882726
michael:0.019260866677395443
age:0.026428132217395008
something:0.012760649468996941
game:0.019051340435323638
on:0.00325005657204673
you:0.0035628140346712937
pool:0.03383815519905895
m:0.008774453282795334
why:0.022816956155820595
successfully:0.03351269157487034
a:0.005371169714793828
residents:0.03492725158877304
popular:0.027115207026493348
begin:0.026751406920131497
d:0.03503546581494299
race:0.05603627857499433
it:0.006593373648845615
not:0.015459230989127304
have:0.0032772475201772616
try:0.015617882515021747
kind:0.03532726534568025
complaints:0.033576475747006035
gene:0.13787672522734484
technologies:0.03165272835950387
adams:0.029702655446664176
alive:0.02823731470255024
talk:0.02217688312587838
anybody:0.019484584262260865
be:0.007416169963300914
writes:0.00423886148088181
were:0.009944251906873713
if:0.0042958360241244185
end:0.017334829503689163
of:0.007478484060220718
but:0.0042646360400667325
year:0.015863850744933666
least:0.01543373322247745
who:0.016577600951716003
over:0.01285859456743178
in:0.002277944896083211
government:0.017253941914207035
resources:0.028293299830555077
our:0.014293432198592266
and:0.0024474193236589093
few:0.014651458339142862
reward:0.0382814063564945
for:0.0062567089021552695
subject:0.00017113433905139932
space:0.03919888150657825
car:0.019606688076175573
i:0.004894838647317819
contest:0.03869511482532508
person:0.017982015635088788
we:0.008639384010986987
developed:0.027162168821955355
solar:0.0315584581839289
cost:0.021288510284300517
the:0.004348575057629152
do:0.004604602044272414
see:0.011342216419302411
would:0.005978523372463949
friends:0.02549123298453677
wright:0.07287458101488924
announce:0.03568227104810883
maybe:0.016973801809886693
just:0.015056263634178025
about:0.012628412568229122
different:0.01620010832058492
moon:0.05892405551744291
billion:0.061127263939579554
prize:0.03801972690444158
1:0.03766392099855209
first:0.024071215761423605
article:0.005194441540491032
give:0.015148950457410298
corporation:0.030444552575091478
by:0.00634894535139209
high:0.017931562984881546
