some:0.017962105771282374
bbs:0.06226219464239479
richmond:0.09546944988914843
fax:0.04705605138282138
your:0.019383572648942502
with:0.008997344258300729
mathematics:0.0818663357764922
from:0.013024188529695009
my:0.014618680943543098
to:0.0021203064001397397
re:0.005752930811971855
getting:0.041726178034225944
compuserve.com:0.08521592783564405
soviet:0.13621538462512656
material:0.06496460825852128
them:0.022551679562034476
m:0.021058687878708803
fun:0.06332696392205901
a:0.002148467885917531
as:0.024618897237446723
science:0.10405022234360971
no:0.017319165172038613
book:0.04784151554897959
it:0.010549397838152985
not:0.01855107718695277
have:0.007865394048425428
received:0.059527550625411874
probably:0.03672651869275705
copies:0.0694649882112531
if:0.010310006457898604
of:0.005982787248176574
well:0.02589027554082069
george:0.12253274397092823
in:0.0027335338752998537
1990:0.13141373447210059
and:0.008810709565172074
subject:0.00041072241372335844
station:0.06363061750418703
space:0.1881546312315756
i:0.008810709565172074
ready:0.06485352752046764
problem:0.032547158339162836
handbook:0.08870096859408175
aerospace:0.09506982702140596
center:0.05025585897650475
include:0.051715742665301566
s:0.019090347103262104
va:0.07678569444002178
1991:0.06679757218425086
