some:0.008222090669953198
at:0.018611936882840092
there:0.019389696878390438
your:0.017745524256074122
with:0.004118502653447516
zoo.toronto.edu:0.07132361844238737
both:0.01581481748104393
my:0.020074949183034534
to:0.0019411255775927195
look:0.01669836848081627
thoroughly:0.041768150683752725
that:0.004885980639922209
like:0.008201683545835727
nt:0.00502872219522844
attention:0.029892101714948296
re:0.0026333838223814828
scott:0.05383207117142967
national:0.04583343556320442
had:0.010805693561141798
this:0.007394118850301676
something:0.014018741670165653
on:0.010711454054351196
vacuum:0.041226171520822245
henry:0.06444003159799584
brain:0.031051960556104177
great:0.017755286540370965
working:0.022313655004976108
a:0.0009834536097509824
how:0.009263119698796651
air:0.05428364768494605
sorry:0.022376173836187497
j:0.021507948306541288
was:0.02494256715778551
wife:0.02845761990946458
drive:0.01988594189299992
also:0.010447162899151876
course:0.017226421126056473
plans:0.03278672251183295
display:0.025958601527714634
month:0.02798453161540323
museum:0.08194012270120962
it:0.004828949714647492
not:0.004245845130816654
have:0.007200712861234548
palmer:0.0798410300369774
has:0.014996823575866916
writes:0.009313554803064259
end:0.01904389720123598
of:0.0027385997967005445
but:0.009370186228879017
years:0.01570264382380559
again:0.01719626153597196
spencer:0.03278672251183295
they:0.006569856510617913
who:0.009106006156576396
in:0.003753796518897686
visit:0.034567792037960156
weeks:0.02563778088262754
and:0.006721785466387146
for:0.002291189175437141
known:0.02293611794131238
subject:0.0001880067386761852
space:0.06459533994745993
i:0.006721785466387146
ago:0.04029810880795273
any:0.00720624835414653
caught:0.031797353758672195
pretty:0.020267746879715682
the:0.0053081197886553026
sfu.ca:0.08219390446885298
when:0.009208974949603774
would:0.013135910508512339
peter:0.0518576490257177
once:0.01889458587975286
put:0.01751731901089281
film:0.07308647961075365
general:0.020763594106250362
is:0.0037841215055023085
time:0.011123309647209251
questions:0.021297016459475435
life:0.01965055882597683
article:0.011413139159388746
three:0.020552732439946993
atomic:0.04097006135060481
news:0.04322361290371012
