divine:0.09285276280230068
all:0.017346687829932567
much:0.03176721581018057
from:0.015392222807821373
work:0.03681949934527825
to:0.005011633309421203
that:0.006307356826081396
r:0.16910289636704345
like:0.021175255700157693
charles:0.07484095736243336
federal:0.14368931602528223
on:0.018436684554155997
a:0.002539098410629809
other:0.025078327051489286
j:0.055529611991433865
commercial:0.07575175636823184
as:0.014547530185763971
funding:0.0973538915052526
military:0.07039706477691945
science:0.12296844458790236
d:0.09937332122056557
not:0.010962000155926634
have:0.009295465693593687
being:0.03537825327136633
briefly:0.10482841742936932
pointer:0.10363573956599091
chuck:0.0906052363301702
utility:0.08624061772176062
things:0.0406313805116409
advantage:0.07751582866426927
in:0.0032305400344452813
and:0.003470885586279908
subject:0.00048539921621851447
the:0.002740920036323829
just:0.02135251933574338
competitive:0.10857998893842075
current:0.11499075359021156
is:0.004884956852557526
does:0.022154342078864093
article:0.04419997528999642
very:0.03169531803242631
news:0.11159550967866977
