408:0.02863255121748723
some:0.01903592731195686
statistics:0.025679927120131944
at:0.0047878533285566904
help:0.01163093869587933
posting:0.035860745184306965
programming:0.02384662656067028
send:0.015942103917805556
case:0.01343266906144976
knowledge:0.0401822950527406
fax:0.01662306162980103
i.e:0.03754933692364568
your:0.013694915458491984
with:0.006356819312929862
4:0.040504394089869764
statistical:0.030563003789918077
ca:0.02235378908796001
someone:0.011975315840559891
work:0.011005828608642954
to:0.002996085130632241
implement:0.027660381583775373
physics:0.024921766470072017
us:0.011194980359701064
software:0.0459095525295857
responses:0.02410830777750497
re:0.0020322853411857095
math:0.02652312919707133
this:0.00570633085186325
parallel:0.025007355366637993
management:0.02461899143195242
on:0.002755482745865706
standards:0.023028795305570844
you:0.0030206466815691406
used:0.010730779936613399
integration:0.0320209602388022
etc:0.012621326018794758
chemistry:0.029100348004287464
working:0.05166096213108599
3:0.025450716789539342
computers:0.047149661593355104
a:0.0022769089008365137
other:0.014992478128607725
series:0.019496469351998186
test:0.03886847667369207
was:0.004812288772290139
as:0.008696893045837156
following:0.014876708005650878
part:0.013310989741376506
ct:0.03017739652919914
role:0.02398779768242713
are:0.003494083595658834
proprietary:0.06285497165189798
analysis:0.023400902910339656
systems:0.03261322956828924
components:0.026447644891850315
interesting:0.01776100305392072
real:0.013899966597816562
transaction:0.03331265399900394
doing:0.014569037528072365
has:0.00578681779286169
open:0.017961742275833494
algorithms:0.027660381583775373
call:0.014439978793471236
be:0.0031438111800949527
interviews:0.03191743744004843
of:0.008453938502858202
key:0.017423056365416172
looking:0.028194405928333086
but:0.003615669686143534
excellent:0.021168833768154278
well:0.009146021250833395
experimental:0.0289201729645217
please:0.010409866070137254
in:0.003862602215097619
our:0.012118344690110834
system:0.024295894883070924
or:0.010994208549506826
and:0.003112478922479265
for:0.0070728013676537825
incredibly:0.02863255121748723
subject:0.00014509215702183858
flight:0.02555128720662159
however:0.013027711435852789
skills:0.02974811168507615
special:0.01899843039600556
person:0.01524562195148832
we:0.014649390279499673
will:0.006159268178822197
currently:0.019559421205746177
background:0.024059782610416375
the:0.0020482418749702526
correlation:0.03234391361092612
kernel:0.12982389981767697
categories:0.0317161261809161
got:0.012022575117557468
would:0.005068748076654217
modules:0.03234391361092612
operating:0.04995735141696247
needs:0.018202970449289927
individual:0.02098742495253561
last:0.011848709522062488
developers:0.03161819952057545
an:0.004879881187835526
just:0.0063825465405754666
here:0.009784787530561934
techniques:0.025845130800481786
is:0.002920354640115912
time:0.008584293314694095
2:0.010589182348344613
issues:0.02068059501412443
1:0.010644151586547329
various:0.019372711838886895
category:0.11343755628775569
engineering:0.04202988579590325
under:0.013191975147313257
position:0.01871110302832724
e-mail:0.014943998786153621
wide:0.023379548137840253
by:0.005382801493571555
data:0.015947530560901153
mike:0.05209910916778864
facility:0.027754901924600745
