advocate:0.03001427546687915
some:0.0063110101358559685
go:0.010515850009697986
inexpensive:0.02958731108137304
at:0.004761973040294222
there:0.004960967489606203
all:0.005157123408898872
keeps:0.025806465947571904
wonder:0.019947933555767183
aurora.alaska.edu:0.029065904237115945
work:0.010946337643190831
wrote:0.013922026890231682
goals:0.024958668804366656
throw:0.023045246359647623
to:0.0044698351138081
then:0.017252760538116793
713:0.03016443527286334
acad3.alaska.edu:0.03144729033397775
nasa:0.046379900730804495
that:0.005625480412450976
nsmca:0.05917462216274608
need:0.01038487562971479
re:0.0020213000150171383
michael:0.016241595684722644
this:0.005675485820231557
goal:0.02267095223978285
on:0.0027405882445367025
you:0.006008637723337534
lunar:0.0294521689072897
suggest:0.019845404351946584
3:0.012656572673716863
m:0.01479799688774132
why:0.009620122054886522
successfully:0.028259350733404184
a:0.003019468380208422
idea:0.014985817812220305
private:0.019187465533375955
part:0.013239038445477174
funding:0.02894304882588591
also:0.008018903414484144
residents:0.0294521689072897
shuttle:0.025166024846920425
popular:0.022864715114232232
begin:0.022557943132651425
daniel:0.023127459433504537
d:0.01969561321488687
race:0.023626106642430044
it:0.0018532725931890378
not:0.009776919057988621
should:0.008880065633694485
encourage:0.02779794614447901
ken:0.022303095681701683
have:0.0027635168278251506
kind:0.014894738902503027
gene:0.05813180847423189
after:0.010428182095486224
technologies:0.026690949319365425
adams:0.025046563511781687
alive:0.02381092483025858
russians:0.0600285509337583
be:0.012507270424593975
which:0.006983201797391988
writes:0.0035743913027976343
get:0.007104724190762824
if:0.0036224347014238343
of:0.00525515096123618
industry:0.024620720928791882
but:0.007192251051355787
year:0.013377084952484606
least:0.013014391257872878
administrator:0.029796578714782175
they:0.010085617562245878
who:0.00698947499585864
cheaper:0.023834477832252936
one:0.0053151940960844465
in:0.0028812924631539
resources:0.04771626782234154
office:0.019733718448898166
better:0.012087653358385964
and:0.002063769808058324
reward:0.09684161175588879
for:0.005275927506682281
subject:0.0001443078750919908
station:0.022356703447417064
space:0.06610838394622927
i:0.005159424520145809
faster:0.02108270825618558
person:0.015163213184182978
developed:0.02290431533094614
program:0.015008829364238245
the:0.004074340594535422
do:0.007765599123313478
see:0.00956424735897933
around:0.012795645584614247
would:0.020165397753608132
wright:0.030725499022493843
announce:0.030088833964891773
maybe:0.014313043688336887
increase:0.022728355314525876
an:0.004853503451685064
just:0.006348046289004789
about:0.00532441178552363
different:0.013660631881141881
gothamcity.jsc.nasa.gov:0.06797570098412561
moon:0.049687311679573486
capital:0.027604875427711013
billion:0.10309030458999364
involved:0.019464200740896585
figure:0.019959446670674345
primary:0.024872180472764276
1:0.04234646252810181
first:0.020297890047470717
article:0.004380177731441086
give:0.012774250115437875
corporation:0.025672163252509574
high:0.015120669327792009
s:0.006707419252497496
