divine:0.10112677136884232
all:0.009446216145012783
much:0.017298978906533972
o:0.03466315825544437
from:0.00838190350920966
work:0.020050222415745583
to:0.0027291072477046156
association:0.04720719393353669
ward:0.054841933755612506
that:0.0034346992617274932
r:0.0920857356454197
like:0.011531079836719537
re:0.003702381215625451
charles:0.04075497678152312
national:0.03221954381175756
this:0.005197845924469495
bitnet:0.04831936408179332
federal:0.07824665724149032
fiction:0.05382555599264138
on:0.010039778717609702
regular:0.04006972922530358
disclaimer:0.03716886660469492
fnal.fnal.gov:0.05976671200743281
bill:0.061297304469142916
a:0.0013826773523231634
other:0.013656514731009017
j:0.03023889761909765
commercial:0.04125095643814605
as:0.007921922378386322
funding:0.05301449537414746
military:0.03833503527456011
science:0.10044452156932619
organization:0.037938942852642286
internet:0.02828251428826343
d:0.05411418482308026
not:0.011938812051009206
have:0.005061887258887652
being:0.019265385444803447
briefly:0.05708478176846845
energy:0.04540203000488368
pointer:0.05643530372405446
chuck:0.049339485130290704
higgins:0.3059177602173954
utility:0.04696271262076074
writes:0.006547152386312498
things:0.02212599928851732
of:0.0038503086250641317
department:0.034337382006860755
opinion:0.03276546103552168
advantage:0.04221158986668129
universities:0.05742622905630181
in:0.003518409938504762
or:0.006676351066367181
and:0.0037801724207008895
subject:0.0002643263058615673
research:0.030567638421156212
the:0.0037314505445002625
views:0.040099869248880086
laboratory:0.04739459997200717
just:0.011627609539266198
competitive:0.05912771674864497
current:0.06261872720259046
is:0.005320250037438889
does:0.0241284913730203
beam:0.05553459304875023
accelerator:0.05247332297278247
article:0.032092391299667365
very:0.01725982665132126
mine:0.03232909945346521
represent:0.04758562178324162
news:0.06076983200323601
