expensive:0.02120464290124026
apologies:0.028526969884024055
go:0.010185509171697001
at:0.004612382264159325
tank:0.024288448771959358
all:0.014985358596538604
keeps:0.02499579162461153
small:0.015647884294586446
with:0.0030619234386887297
from:0.004432315468220815
my:0.0049749437765984365
melbourne:0.03045941733919311
to:0.0036078512044262585
young:0.019654740979446004
us:0.010784693121387414
that:0.007265018333706321
could:0.007901095054063128
australia:0.024288448771959358
re:0.0019578036794668614
this:0.002748599153777063
he:0.008325304751414844
programs:0.018498335729290664
on:0.010617985868885653
lunar:0.028526969884024055
them:0.0076746553483363405
m:0.007166569173382577
why:0.009317919267822024
landed:0.02921686138994617
successfully:0.027371622438113998
more:0.006656644114244639
a:0.003655769962948678
how:0.006886717262979709
quick:0.042505499687866974
as:0.004189079372863971
died:0.0212366650322216
residents:0.05705393976804811
military:0.02027140608759461
fox:0.02967912634882406
far:0.01303339304775603
are:0.0033660281759226468
likely:0.01731104086350643
base:0.02016563275085367
it:0.0017950546059684396
not:0.003156596903539083
encourage:0.02692471223418124
being:0.010187455130498159
probably:0.012498553481828318
ve:0.009555673816897562
gene:0.05630567836509372
technologies:0.02585249017844295
plays:0.025930634943975288
alive:0.04612587532563181
greg:0.022928107840290174
environment:0.04395448696207116
be:0.003028592969306133
sort:0.016426498992989688
guns:0.021125434097071148
writes:0.003462106759254253
of:0.008144108295947168
keeping:0.021885549331859096
proposition:0.032489603365417
what:0.004819068602076603
year:0.01295686238853221
iron:0.028274602858799566
least:0.012605562213122945
oh:0.016909508817494628
they:0.009768791879662238
who:0.0067699103363028715
highly:0.02186740164611833
witness:0.02638261443867946
box:0.03317841896027861
one:0.005148224648039909
in:0.002790780658028646
and:0.004997348357209291
reward:0.0625329779226507
for:0.0017033971880213298
subject:0.00013977464341370836
offer:0.01840399800414575
i:0.0009994696714418583
person:0.014686881879967806
gregory:0.05595068829519129
back:0.011028045654803862
boss:0.030098198116748336
developed:0.022184808043063015
386:0.024707520539883638
sad:0.024770223110808846
sick:0.0235143574295548
than:0.007490059069211839
the:0.003551715753875119
sox:0.027692269690683207
kidding:0.030949082564380666
risk:0.022461470249211603
got:0.011581957181311907
would:0.009765964880674095
wright:0.02976030010032126
announce:0.02914363499217266
slick:0.030098198116748336
imagine:0.0206164322223375
problem:0.022152516147074183
just:0.012297262444668963
btw:0.019642882305986046
ltd:0.028213367048521076
bar:0.02638261443867946
dear:0.025163077487473318
n:0.019167620396881684
moon:0.04812645372105285
is:0.007033314840069736
billion:0.04992593285117493
sorts:0.05210016703733456
time:0.008269685706302167
man:0.015173033187409419
involve:0.02585249017844295
1:0.03076215537054516
first:0.019660259993623468
too:0.010222606638034013
leaves:0.026090513079368386
although:0.016543138517040618
article:0.004242580525217807
very:0.018253848081502065
behaviour:0.027692269690683207
give:0.012372964771497418
corporation:0.02486570786237838
lots:0.019103115243017596
roof:0.030098198116748336
high:0.014645674479798542
john:0.014039153924512281
s:0.016241787456963832
