some:0.006243512701247882
at:0.009422085694699796
out:0.006300412294547913
know:0.01319652540811018
tank:0.02480798778312426
sounding:0.0964886471555926
send:0.0156863482399798
with:0.006254838254433661
much:0.028029896303100505
into:0.009576491459798856
from:0.009054248710483161
work:0.010829264513317132
telescope:0.030831887479226272
ground:0.04146474506307316
to:0.004422029390665768
look:0.012680044514844441
then:0.008534119517517664
enough:0.013006141855280193
make:0.009412195098126757
that:0.0018551049488474696
cold:0.094505890589083
memory:0.018083594792338585
control:0.016308204652091034
really:0.01043527135396217
nt:0.003818601880868655
tanks:0.10610264128202485
me:0.0057945918738210945
need:0.030821422323485077
re:0.001999681833038345
steering:0.03007268822109586
so:0.005464227793502246
anyone:0.008946068179900487
stack:0.032523530945601446
this:0.0028073927185637377
roll:0.028816861530842376
two:0.009972136003493644
big:0.014843746277366615
on:0.005422554280634116
you:0.014860935545687749
etc:0.02483768970543567
size:0.01925602747094047
cycle:0.027035340426411696
m:0.007319864770674182
a:0.002240380950555714
how:0.021102080169451195
speaking:0.022542669993745434
controller:0.022523468559891267
idea:0.014825541685886396
also:0.00793313974160196
minutes:0.021311054802339965
ie:0.0223722897687776
based:0.016154561560965466
are:0.003438028778616179
gas:0.084880634688107
it:0.0018334514959356789
rockets:0.06148401968234151
choose:0.021250286039504056
should:0.008785091669697752
have:0.005467920996231581
try:0.013028821777237394
only:0.00713120983031704
spin:0.03140539298913856
algorithm:0.02182379154941634
craig:0.048823376933588396
uses:0.01826200604190608
sun:0.019403702160956368
writes:0.0035361625188104935
get:0.007028737835781403
kill:0.019757390944403132
if:0.003583692084296306
of:0.004159156910497083
cheers:0.023284292386975113
duty:0.026903294369778688
drink:0.026817040990474498
order:0.014996346850975893
well:0.008999293637183662
they:0.004988874997367613
email:0.014673254860791126
in:0.002850476500981131
our:0.03577179822963198
5:0.013897715972821833
firing:0.02927086925162573
or:0.00360594362408067
use:0.00889186913233876
and:0.004083394807388127
for:0.008699167457542085
subject:0.0001427644753583866
each:0.013615023515297408
flight:0.025141373508119638
payload:0.09196085355638058
space:0.01635033560167435
i:0.0020416974036940633
pounds:0.029407994549023254
we:0.0072071866615720315
pretty:0.01539048158780549
the:0.004030764759299748
do:0.003841272293617629
around:0.025317587520359737
holding:0.024634537110647507
modules:0.03182502729631233
extra:0.020773666895675138
last:0.011658623273045442
an:0.004801594323859555
10:0.015456533464685372
just:0.006280152745806876
during:0.015659729998943692
people:0.008049588984348221
bolt:0.03264936248255435
touch:0.025530460964175408
rocket:0.026366018806336794
does:0.0065159829643717925
crew:0.05983534930985747
first:0.010040400157171342
article:0.004333330910783962
eight:0.026211005240169668
give:0.012637627119550836
magnitude:0.031016305533082794
quantity:0.031016305533082794
jets:0.08294553317741915
