reference:0.07463266126036709
at:0.017619300249088622
there:0.01835557971154295
my:0.019004285226606025
to:0.0027563983201816617
might:0.04254170271756892
think:0.028794960550571104
memory:0.0676326445233463
sometime:0.10416742828582795
re:0.0074788100555634104
bell:0.08926406097961147
on:0.020280353009571598
a:0.00837902475507837
was:0.035418445364055424
as:0.01600228320434037
course:0.04892303599800038
others:0.05392656446136792
l:0.06609921157506726
book:0.06219397021367347
it:0.0068571085947994395
not:0.024116400343038597
ring:0.09966575996318723
be:0.011569225142749426
if:0.013403008395268185
even:0.03358318895532052
but:0.013305664445008206
well:0.033657358203066895
they:0.018658392490154874
and:0.0038179741449078986
subject:0.001067878275680732
space:0.12230051030052413
i:0.007635948289815797
ago:0.057223314507292886
the:0.004522518059934318
do:0.014366358378129933
here:0.03600801811246792
is:0.005373452537813278
involved:0.07201754274131736
does:0.024369776286750505
teaching:0.10061832094297231
