taken:0.03505192872083681
read:0.02411705384997789
infinite:0.0550028890219056
ideas:0.038265889755739045
where:0.01965379572589108
former:0.04245636088028254
from:0.009006087813086974
several:0.029983525234759535
relevant:0.04782971140216558
that:0.003690474738664647
like:0.012389777271368864
exactly:0.034216836736936256
convincing:0.05936617580297572
two:0.019838185453758633
you:0.01773826561942729
society:0.03953437466390264
none:0.03853734289809887
them:0.031188493011324273
m:0.01456185863953268
sure:0.023213234257012803
a:0.005942570748282532
constantly:0.055511995630178314
shuttle:0.049528878688088064
plane:0.0550028890219056
are:0.02051844834897528
causes:0.04539522658909272
einstein:0.05982545422707368
it:0.0036473981887231058
not:0.006413936261446435
have:0.0054388363100814135
only:0.02837311145253801
carlos:0.13318258434180688
per:0.03762579910184061
classes:0.0552036175783352
g:0.07521280768109578
things:0.0237736800865984
of:0.004137033735441248
produced:0.048838584834834074
what:0.009791937265921608
but:0.014154962175540643
double:0.09400319968169425
they:0.029774030569396072
planetary:0.05998306152266028
universe:0.04714313139006375
over:0.021339795239567635
one:0.020921508676077075
or:0.007173526145777503
and:0.004061674622242445
subject:0.0002840101797023223
space:0.032526731462905356
i:0.004061674622242445
mention:0.04015611504549918
the:0.0032074596169746933
landing:0.05936617580297572
constant:0.05276913276526236
when:0.013911430243018467
stupidity:0.054903927397838434
come:0.025544613558185197
human:0.03410470607698485
about:0.020957791070678116
is:0.002858219435007063
having:0.027839270132131503
ad:0.04606033676974522
time:0.03360659510433433
hear:0.035251931534668164
goes:0.03428752336160294
various:0.03792105296122541
every:0.025873920499334
very:0.01854513289131327
by:0.010536547604437937
