report:0.025821280431801055
manager:0.02671359414907209
believe:0.014780080818573745
venus:0.08373089725723941
monday:0.0343918956444829
cut:0.02490486731839729
with:0.007956835058361188
ron:0.02882515874983017
4:0.016899792545433192
from:0.017276984784289295
to:0.0018751008980827629
interrupt:0.03995107815625109
tracking:0.03957652184888356
day:0.017301381195665797
nasa:0.02918463141224092
that:0.007079686233356669
think:0.009794204268901737
bit:0.018537987741875508
re:0.0025438129440691873
had:0.01043815296382405
this:0.007142618209134952
mean:0.017982462971631703
off:0.014853452026913948
something:0.013541913722200835
on:0.010347118882434487
curious:0.029158315243683636
you:0.0037809455061817814
am:0.022235868798658034
transmit:0.03856267437160133
a:0.0019000056133964558
sorry:0.021615079488017854
orbits:0.04405309233016706
funding:0.07284985078624345
experiment:0.06912825126154118
minutes:0.027109981279167167
no:0.007658134259744965
missed:0.029564164470937626
it:0.00699704958653004
not:0.004101428629768468
goverment:0.042582186830373625
19:0.027870049061094415
connection:0.029290926091853717
has:0.007243363767935721
status:0.029936616952375775
writes:0.004498383612364369
end:0.018396145595751763
of:0.009259075503130411
department:0.023592350902673035
looking:0.01764547854018125
what:0.006261510904738987
but:0.004525736205785103
ok:0.02220305571776144
loss:0.028951372408984922
now:0.02247502582147271
in:0.001208705455064561
or:0.009174305546980753
rather:0.017506691516414034
and:0.0038958919845998963
completed:0.03657953934603027
for:0.00442651514166087
subject:0.00018161195164638296
doug:0.029398908058903307
i:0.0064931533076664945
info:0.02003670380539046
will:0.03083824067764039
later:0.021737496795630636
the:0.004614814346871753
do:0.004886516455146235
see:0.012036637832729088
when:0.00889574450914106
start:0.01916708903321437
around:0.016103363490841058
forward:0.029426173510587243
68:0.036982184729637956
just:0.007989037846706707
btw:0.0255223844928118
39:0.03612585652631141
about:0.006700790342325656
moon:0.03126582537660236
is:0.0036554098896688964
baalke:0.08153677280014932
morning:0.02918463141224092
guys:0.026426365370688782
days:0.02026022193571546
2:0.01325448674894836
1993:0.020609903421837668
16:0.023721039060034976
update:0.029536341442015685
april:0.046287807644736216
project:0.02620160445859218
data:0.03992306970348044
kelvin.jpl.nasa.gov:0.08212840697620018
magellan:0.3154392656025158
s:0.004220654971809648
