some:0.012036462630240764
at:0.009082113530458052
know:0.01272036212018868
help:0.022062811546822648
all:0.009835750831405064
thanks:0.020550377782640857
specifically:0.041722089193357334
eos.ncsu.edu:0.05997679084315344
response:0.03620204693430249
companies:0.08199241949665435
post:0.02662451344774413
corp:0.047713037576412855
to:0.0014208238763822997
most:0.019140159422340597
t:0.02655951603093239
like:0.012006588283594568
could:0.015557826343567602
me:0.011171017323758192
seattle:0.050168728454643895
need:0.039612412195819305
prefer:0.042335341289091145
this:0.010824380172606576
hi:0.03248470783520005
on:0.00522689510555969
inc:0.11322728337539387
m:0.01411149187748528
a:0.0014396949750993763
following:0.028219734773605787
part:0.025249712499105948
houston:0.05186511388813005
wa:0.05169883160019311
are:0.0066279523876415
it:0.0035345920591749688
orbital:0.055554155734716754
sufficient:0.047167445808842315
offices:0.05909511895203837
exists:0.03847044394864283
anybody:0.03133603242178036
be:0.005963518114819292
get:0.013550247167949715
if:0.013817534428111532
of:0.002004542119234419
trying:0.027797198175962844
bureau:0.05797518244685491
mailing:0.04550262653161435
but:0.006858589920107322
least:0.024821261677386415
direction:0.04554794211381062
one:0.010137225853356932
email:0.028287615040906607
in:0.005495248512200737
point:0.022696247023299594
or:0.013903329024805882
industries:0.06135340313825161
for:0.006708223977568536
subject:0.00027522635971152884
space:0.06304150015490935
i:0.013776195368224374
sciences:0.052469177437264626
will:0.011683560256734891
the:0.002331194876254803
interest:0.03765757728523593
would:0.009614944805199753
sp:0.04865089095997705
an:0.009256681840842646
is:0.00553964179156008
right:0.019998696843198965
addresses:0.1490480375775698
mitch:0.13024205933824476
their:0.01560498575857437
personnel:0.058762532743603095
somewhere:0.07999012492582654
summary:0.044348833581057796
