basically:0.029068196653688046
go:0.01441060927254909
large:0.06653409155305724
ideas:0.026644397311403487
there:0.020395088568381056
violations:0.04123284654448132
small:0.08855543408195589
means:0.020997001632879653
watch:0.028475287707958145
own:0.01678881952257774
aurora.alaska.edu:0.03983105395456629
divided:0.042221967971329634
such:0.07122285938769624
alot:0.03751094006970003
corp:0.03428270107342257
to:0.005104441333669743
might:0.015756186191692192
acad3.alaska.edu:0.04309443490211766
class:0.029393849419770388
make:0.013037633209997805
think:0.010664800203915224
nsmca:0.08109114888968906
larger:0.031524827734228024
michael:0.02225700149387918
political:0.026702042796159446
this:0.003888758802751252
fair:0.03127925582817691
on:0.003755620927698444
set:0.019625293215747564
society:0.02752763865486554
them:0.010858216085424007
m:0.01013936823789683
more:0.01883583741956631
a:0.0020688950012539187
other:0.010217096206162303
want:0.01401924420527542
as:0.0059267715571630995
following:0.02027640202251675
let:0.017075094390761665
course:0.018119642962222363
based:0.022377059347411427
organization:0.113535799351611
race:0.032376516509996726
it:0.0025396698499257184
not:0.008932000127051332
should:0.012168978831359109
reported:0.030587908126012323
have:0.007574083157743006
probably:0.01768313862984599
safety:0.030612395445527137
classes:0.038438074461951924
adams:0.03432306851614527
be:0.017139592804073223
get:0.00973610352067498
things:0.016553525393631478
if:0.009928154366865323
of:0.002880601267640573
monitor:0.027757598815472653
up:0.019903116597813107
planetary:0.041765983578741235
government:0.019937888434194796
or:0.024974498433447602
total:0.05423726660450965
and:0.007070322490570182
for:0.002409991577126474
subject:0.00019775523623717257
i:0.002828128996228073
6:0.043531105667543625
seperate:0.04187737526292302
any:0.007579905676213388
lives:0.028833021110617085
the:0.0033500133777291247
do:0.005320873473381457
risk:0.03177882087110678
would:0.013817031794138904
maybe:0.01961417098031351
just:0.008699174544191748
umpire:0.048228858461820956
moon:0.03404500985452257
is:0.0019901676065975107
billion:0.07063594944129194
events:0.030137398940567592
prize:0.17573562658053
thier:0.04505111323575904
high:0.020720917226974233
