some:0.006748768064354648
go:0.01124527313175796
at:0.00509228330898515
keeps:0.02759650982832833
send:0.03391152740897367
coffee:0.032947778474737
your:0.007282845214920592
way:0.010013715719922215
vehicle:0.05087494441617617
my:0.01098513596913643
to:0.0071698222201257095
w:0.035772726647738194
enough:0.0562346480216739
make:0.010173875626298864
that:0.006015687146262603
gee:0.029271542828956665
like:0.006732017708142619
quarter:0.0320175451405599
nt:0.00412762168625687
could:0.008723174308243107
its:0.011952743098463411
joy:0.06665390703601518
re:0.00216150579640561
this:0.003034580568620919
big:0.01604497429981247
on:0.008792060553282483
you:0.012850843685750794
went:0.018858157602520714
assume:0.02006640783404148
working:0.01831525439714802
why:0.010287413758115644
successfully:0.030219536911443776
more:0.014698485847638448
a:0.0064578225472665665
million:0.022621452364919876
developing:0.028499685068121276
wife:0.02335827761354896
equipment:0.023323456141853115
stuff:0.016898361576148102
residents:0.03149509391819996
cover:0.0226832748453635
57:0.03178783225819277
existance:0.03362860527043863
ssto:0.07447286729316621
d:0.010530891458826795
it:0.005945469879883906
not:0.003485028951306155
husband:0.030822201711006834
lady:0.02962197416893606
exists:0.021570133312244822
allen:0.05149166095612176
alive:0.02546254967397594
be:0.0066874133773118065
writes:0.0038223259596390884
were:0.017934142167309815
depends:0.024888821592499978
if:0.01936850924171703
of:0.006743604123667236
but:0.0038455677586728913
year:0.01430497523820608
drink:0.028987206157333707
least:0.013917123599459433
oh:0.018668879677118343
who:0.007474294070715886
in:0.001027050299968153
sir:0.0305735463058988
reward:0.034519649662503704
for:0.003761258530775422
subject:0.0001543176698960595
flight:0.027175935526117762
i:0.0022069214710450278
pounds:0.03178783225819277
person:0.016214996757652315
than:0.008269371573522897
cost:0.01919657574769295
the:0.0034855630519724993
do:0.004152126698881483
would:0.021564153667153203
peter:0.021282618964311887
announce:0.0321759207139016
put:0.014378377454027626
just:0.006788373199224774
about:0.011387470292738398
moon:0.07970074561318867
is:0.003106041929371837
billion:0.11024107716270995
either:0.014471460734759295
days:0.01721533308988539
dc:0.025879331719648443
study:0.021418343054536406
prize:0.034283684376259456
lot:0.028653796396131682
dollars:0.026506387459498564
1:0.033962842056497834
mass:0.02434617699826397
first:0.03255875426689667
transfer:0.026270422173254312
article:0.004684005088535266
give:0.013660325267953796
corporation:0.027452891339388847
needed:0.019282212081711103
happy:0.04390861373971122
