some:0.019788760595480577
at:0.007465805190291788
script:0.04844038997860967
ideas:0.030482996924063307
help:0.01813637898340506
happen:0.028657900221756908
situation:0.029865527870971173
with:0.009912328420161818
much:0.014806753131863824
response:0.029759309768028323
unusual:0.042498192078124844
sell:0.029492138126953962
my:0.016105326463225447
via:0.028968062530641058
to:0.004671861559629935
berkeley:0.046071026739464234
basic:0.03236993906406779
that:0.002939869707071837
like:0.0098698225721074
me:0.009182954918682582
vague:0.04961115555895558
contact:0.029492138126953962
fiction:0.046071026739464234
extremely:0.037441952415590084
hi:0.026703531017071225
starting:0.03323323714302726
you:0.004710160927192558
computers:0.03676075310668364
m:0.04640049871579905
answers:0.035513654425867645
a:0.004733912291004729
sorry:0.026927260040157833
was:0.0075039079161134375
as:0.02712251390566164
idea:0.023494714366616577
science:0.028657900221756908
helpful:0.039361045519111924
are:0.005448401538993437
determined:0.04035335625030992
d:0.015439357816754538
it:0.0029055544893217965
being:0.016489863812924985
hopefully:0.03917580150375176
facts:0.03432276944183804
willing:0.030304236050675174
regarding:0.03353386755144811
screen:0.031680569238186844
writing:0.033919141908030796
his:0.015630754589027598
be:0.004902214043537892
get:0.011138762502467139
if:0.005679240845452621
of:0.0016478015725910056
looking:0.043964158396722776
but:0.005637993408901782
ignore:0.0381420860216629
please:0.01623233353309538
point:0.018657084417458142
accurate:0.03790222351180822
and:0.008088928273109953
for:0.008271581260476458
enjoy:0.03917580150375176
subject:0.00022624539738998556
until:0.02424716716410715
i:0.014560070891597918
research:0.026163826106243876
impossible:0.03488349707571047
the:0.0012775474745577169
when:0.011081986803760473
can:0.014653660888774803
an:0.007609306258997769
ready:0.035724400752799965
about:0.008347594748490436
moon:0.038949799409835145
is:0.0022768866685649483
questions:0.051257226055008674
protect:0.03499464065264121
professor:0.04342882653581304
e-mail:0.02330250658179887
very:0.014773241455791926
little:0.019875751711003933
earth:0.02983504375079448
playing:0.03394381318097536
answer:0.025731110526515732
checked:0.0381420860216629
