out:0.0280518356923919
all:0.0227159007296736
opportunities:0.1398287735468788
my:0.022624149079292888
to:0.0032814265716448352
w:0.07367478226260366
mail:0.07295989297228228
like:0.027729501512111263
responses:0.1056173483585932
so:0.02432882374726
these:0.039443713645212916
az:0.15184201189812632
feed:0.11864971424188954
try:0.05800927791293792
ben:0.13354747376008982
area:0.07639207249188922
employment:0.13253414960726137
of:0.0046295377515652054
arizona:0.13389506422249822
please:0.04560512754536321
find:0.050391588992223575
one:0.02341216447084815
in:0.008460938185451928
or:0.03211006941443263
and:0.004545207315366545
subject:0.0006356418307623404
space:0.14559584559586206
i:0.004545207315366545
818:0.14652907020016895
appreciated:0.08058957426610101
the:0.0017946500237834594
educational:0.12568457645364753
would:0.022205943954866095
about:0.023452766198139796
is:0.006396967306920569
addresses:0.11474333051606563
engineering:0.0920654641243595
activities:0.10062688821082051
e-mail:0.0654689470631492
