believe:0.010863359401651703
recorded:0.027121298973622174
there:0.0045888949278857375
venus:0.030771104742035482
monday:0.025278043298694937
cut:0.01830507747902201
with:0.005848273767895473
ron:0.06355947504337553
4:0.012421347520893395
ca:0.010282742980461605
from:0.008465722544301757
to:0.0034454979002270774
interrupt:0.029364042444844553
real-time:0.029756400522052032
otherwise:0.01776692415806018
then:0.007979401748879017
tracking:0.029088743558929417
day:0.01271651517881436
nasa:0.02145070408799708
that:0.0034690462543447683
through:0.011847316470124134
need:0.009606009957486181
re:0.0018697025138908526
so:0.0051090529869246
july:0.02461559738346454
had:0.007672042428410676
this:0.00524982438371419
mean:0.013217110284149304
off:0.010917287239781753
something:0.009953306585817613
on:0.0050700882523928995
curious:0.021431361704107473
you:0.0027789949470436092
october:0.027061418018388596
am:0.016343363567013654
8:0.014762456411869332
transmit:0.028343565663126978
m/s:0.02790210262739859
a:0.0013965041258463952
million:0.019567556295655694
coming:0.017383149773947976
part:0.02449222112413277
funding:0.0803169604918334
minutes:0.01992583624018787
starts:0.02236231187196685
70:0.021509184286813032
no:0.011257457361825098
it:0.0034285542973997198
not:0.006029100085759649
only:0.0066676811913464334
transmission:0.02422944064378459
goverment:0.031297907320324614
real:0.012787969269991237
19:0.020484486059904397
connection:0.021528830677512482
25:0.018388412741448062
writes:0.006612623910175624
if:0.006701504197634093
end:0.013521167012877547
of:0.0019444058556573865
short:0.017314889328106337
looking:0.01296942672703322
but:0.0033264161112520514
loss:0.04255851744120784
in:0.002665195528417357
pasadena:0.02804496948961887
or:0.01011467186554628
rather:0.012867418264564317
and:0.0038179741449078986
4th:0.025447551057073345
for:0.00488023294368111
subject:0.0001334847844600915
however:0.011985494520984566
i:0.0028634806086809237
tape:0.020746841318591665
collected:0.028499828380647504
gravity:0.08118425405516579
zealand:0.02724325623924297
will:0.03399916034709853
later:0.01597706014478852
the:0.006406900584906951
do:0.003591589594532483
collect:0.026393761055265984
when:0.00653837221421868
forward:0.021628237530281626
may:0.009305127637199154
last:0.02180162552059498
68:0.0271819057762839
jet:0.025447551057073345
just:0.00587194281732943
btw:0.018758952602216675
about:0.009850161803218715
lab:0.021548554568967565
propulsion:0.026661204480020913
moon:0.04596076330360547
is:0.0067168156722665975
baalke:0.17978858402432923
orbit:0.02262490204338408
morning:0.02145070408799708
new:0.008619997824417735
blocks:0.02688596141933225
1994:0.028579830087379708
days:0.014891263122750862
provided:0.02018982716802272
expected:0.020746841318591665
dollars:0.02292802515246626
mission:0.06743989307705346
extend:0.02804496948961887
update:0.021709210959881528
every:0.01216074263468698
resolution:0.02233910997418434
article:0.004051664401583005
april:0.017010769309440562
data:0.07335864058014531
high:0.013986619128207606
while:0.010851712529392613
kelvin.jpl.nasa.gov:0.12072875825501428
magellan:0.13248449155305664
3rd:0.02206877386783296
