some:0.005956820791496704
read:0.011566342152540416
go:0.009925674754051669
inexpensive:0.027926798724765365
large:0.01527568428514069
at:0.008989438902596235
out:0.006011107648369693
say:0.009681351909528282
there:0.014047637534344093
keeps:0.02435814387908572
take:0.010845658828243385
thanks:0.010170340025082464
increases:0.026827208795155412
hand:0.01610836456863609
with:0.0029838131468854453
from:0.004319246196072324
work:0.010332002367297467
to:0.004218977020686217
then:0.024426740047588824
apart:0.023503359386178996
might:0.010852475183053295
potential:0.021868736432762728
that:0.008849607791695838
nt:0.007286515833902433
so:0.005213319374412857
winner:0.028124321746095415
age:0.021034635846498066
shot:0.020288940538712937
something:0.010156435291650626
on:0.007760339161825866
you:0.0028357091296363356
support:0.01397426688537503
why:0.009080217245683706
successfully:0.02667336676367231
more:0.006486831764391458
a:0.00855002526028405
other:0.007037285652203626
vision:0.024326156057587783
as:0.004082215103148053
coming:0.017737907932599974
mac:0.017506541504138447
popular:0.02158149130680083
starts:0.02281868558363964
team:0.01634298249333927
radius:0.02933038694030067
begin:0.02129193612010466
d:0.018590247167112606
yeah:0.020174604307082407
race:0.04460030335560773
not:0.006152142944652703
couple:0.01610199895231897
have:0.00260842149565129
try:0.01243055955277241
only:0.006803756317700441
kind:0.014058809678382958
complaints:0.026724133757821126
tom:0.03873192064770158
shame:0.026827208795155412
gene:0.054869309019045395
hm:0.02720531069389889
technologies:0.025192987877972466
alive:0.022474597416315495
talk:0.017650988610392996
be:0.008853998833736805
get:0.0067059896698526645
were:0.007914812742205606
if:0.0034191347947112715
end:0.013797109196813822
of:0.005952262823440979
but:0.0033943021543388274
year:0.012626330184743122
least:0.012283991748502459
groups:0.01877441631880812
who:0.00659720854200943
up:0.006854389644655023
good:0.00826535638448724
over:0.010234391594486518
in:0.0018130581825968415
government:0.013732729278654578
or:0.003440364580117782
apollo:0.028922005778700993
weeks:0.037148621278909284
and:0.0009739729961499741
few:0.023322729601084554
reward:0.06093774889401164
for:0.006639772712491305
subject:0.00013620896373478723
space:0.046798664655812804
i:0.0019479459922999481
group:0.013760795585748189
person:0.014312216525886993
developed:0.021618869062372627
any:0.00522085339943269
pretty:0.014683775800610338
than:0.007298986133772761
cost:0.033887832697457966
the:0.005768517933589692
landing:0.028471533293263865
see:0.009027478374546816
would:0.00475841656175702
wright:0.02900110877123143
announce:0.028400174915841722
maybe:0.01350976062419553
imagine:0.02009050282891052
just:0.00599177838503003
about:0.010051185513488485
different:0.012893963765363508
moon:0.023449369032451768
is:0.0013707787086258362
billion:0.09730462423035113
gave:0.018938132209376998
days:0.015195166451786592
lot:0.01264568055237444
mystery:0.02805762745238443
life:0.014236629353513825
dollars:0.02339594403312883
1:0.02997740650905166
1970:0.02916309192589766
first:0.019158722748888173
corporation:0.02423137858017485
close:0.017729149062094593
by:0.005053242218454929
s:0.006330982457714472
