another:0.04106491352571442
at:0.016314166897304277
there:0.016995907140317543
with:0.010830136607213839
fred:0.08580767129036318
times:0.05204585447209308
tm:0.17022504927261284
to:0.005104441333669743
most:0.03438139748087107
perhaps:0.053490028474815654
that:0.006424159730268089
paris:0.10708624799952988
cold:0.08181759972295612
this:0.019443794013756257
support:0.05072141313950936
a:0.0025861187515673983
how:0.02435857402276156
was:0.04919228522785475
fake:0.11020889082241492
intellectual:0.0989498283739031
evidence:0.059587185824316234
speculation:0.10183879593828424
frank:0.07252174771390041
it:0.006349174624814295
doing:0.04964264639195028
war:0.06549676139950032
has:0.019718045812713907
of:0.0036007515845507157
advantage:0.07895130697286686
one:0.018209461255104118
in:0.0032903648498979715
or:0.012487249216723801
subject:0.0004943880905929314
any:0.01894976419053347
intellect:0.09699870771357298
the:0.00279167781477427
claim:0.12093477943703652
may:0.0344634356933302
68:0.10067372509734777
contradict:0.1049761691226925
is:0.004975419016493776
time:0.029250184627846548
first:0.06953906775522374
him:0.04437991302524644
include:0.062250430986011136
s:0.011489560756592932
