report:0.029887623806887836
posting:0.025977862653198746
all:0.007512345123199143
take:0.016738182128627585
thanks:0.015695957833985537
with:0.0046049399747208454
iastate.edu:0.03784368346541263
to:0.004340784756191593
w:0.024364888622278376
most:0.014618861921000299
h:0.027820331687358396
that:0.002731532483736038
uxa.cso.uiuc.edu:0.07021425731861329
r:0.0244111792655837
could:0.011882749254535885
attention:0.033422664909627225
re:0.00294441340770213
so:0.008045752735314332
these:0.026088755481873113
on:0.007984390948650234
you:0.008752739990688534
am:0.012868790210246972
great:0.05955710288344906
them:0.011542198201041267
card:0.024101640523734185
more:0.010011173431659259
how:0.010357188954560033
dc-x:0.048458432664622804
3d:0.03683712148501983
was:0.006972134914184139
as:0.006300111497771798
blood:0.03288719460164253
ending:0.04513564203423403
hands:0.03153834610515821
patrick:0.10832137867306893
are:0.005062294343316736
model:0.02881064182349252
care:0.024929267254125174
it:0.0026996490530706452
have:0.004025595379115377
hope:0.06823137490488296
always:0.020920914157470136
mitchell:0.04243112682100413
manage:0.03967779021880139
network:0.028925115512043912
be:0.0045548130483265455
writes:0.010413580960906494
if:0.005276774958767002
of:0.006124112931204367
well:0.013250928426404289
virtual:0.03888051672505987
they:0.007345823815021604
up:0.021156856226021804
david:0.039314098257393605
in:0.002798105541645519
douglas:0.03551481582091073
grady:0.10093091650450216
and:0.004509418281387282
still:0.016076449466374387
for:0.005123604140347622
subject:0.00021021225899227005
each:0.020047318089453665
doug:0.034028657359518
i:0.004509418281387282
pay:0.026242850881873094
any:0.016114760099036333
yet:0.020709202698316248
the:0.004748050456623956
do:0.005656046605562966
got:0.034837068057174396
would:0.007343698000821858
did:0.025888362888865597
reality:0.03299693875789277
press:0.02824685323439107
gifs:0.09652800528845236
headed:0.045007606436818434
time:0.012437086377194595
their:0.011918768650249717
briefing:0.050990587185311485
too:0.015374156439877926
show:0.023701328108148286
article:0.006380573860760638
already:0.022880207254309854
shots:0.07718831464427918
lots:0.028729881979656383
going:0.017148154992517185
somewhere:0.030547409912618794
s:0.0048853250461103805
news:0.024164382017034792
