some:0.01716965992843168
obvious:0.018856119185794176
effective:0.019793948203943843
cs.rochester.edu:0.06058371329795477
at:0.008636911886808147
say:0.009301691050331094
there:0.013496749787899227
lead:0.018942228615783877
all:0.009353606182806777
decades:0.02641545640327218
take:0.010420338874194624
where:0.009056160775655695
with:0.002866800866615428
method:0.019563225111502738
from:0.004149863992304782
hence:0.022555653860104854
emphasis:0.02689407635211491
to:0.0027023512942957466
assumes:0.026530801978812347
most:0.009100958156701165
t:0.025257578970592567
been:0.00719235483932078
that:0.005101538609330541
smooth:0.026957328336604653
suppose:0.018892838164858674
hot:0.020507932288046135
need:0.009417656821064883
re:0.0018330416802851497
this:0.002573443325350093
reduced:0.024504477039521775
ti:0.07428747169120907
he:0.007794770625099192
merely:0.020005142253631647
on:0.007456012135871911
you:0.005449009700085508
children:0.016433219941267282
used:0.00967874268792581
disclaimer:0.018402232975853857
great:0.012359072003591553
chemistry:0.026247372709749476
why:0.02617239088461774
economy:0.025436961040997595
a:0.0020536825380094046
want:0.018554882036393938
commercial:0.0204232676482978
as:0.007844256472715867
gary:0.02080724727216989
standard:0.014921786963050179
local:0.014982271823117411
technological:0.029073908809278855
learn:0.018676540101579566
prices:0.02138461509401491
are:0.0031515263803981643
those:0.009097625756311569
native:0.025927566230002412
base:0.018880567918691426
dietz:0.06713106008791217
d:0.008930608933220762
reason:0.013099078058865333
it:0.0033613277425487446
not:0.002955441218509632
analysis:0.021106696742659296
have:0.0025061304566061414
being:0.009538254558456609
heat:0.02240245511743768
stay:0.019356360628706774
stated:0.019029877759302743
war:0.01733737801751479
has:0.005219482715130152
love:0.016040281569516906
be:0.0028355943977327026
which:0.00633280555155646
writes:0.006482964617819238
if:0.0032850510772716142
of:0.0019062802506444965
but:0.0032611922659333834
mining:0.030549914166062786
again:0.01196994675543146
oh:0.015831942079124868
well:0.00824935250075169
groups:0.018038164698462703
in:0.006096852515987419
clearly:0.017816227335413746
use:0.016301760075954394
and:0.0028073339300793373
for:0.007974236836080244
seriously:0.0190046748205752
subject:0.00013086743574518774
however:0.011750484824494672
i:0.0037431119067724496
ago:0.01402532218316002
caught:0.022133452126134566
will:0.011110836714738082
cost:0.01627944904093569
observatory:0.029172941688286304
the:0.005172814774434677
would:0.00914362398141545
did:0.008058387467857673
industrial:0.026831630147323586
once:0.013152113700612285
maybe:0.012979966089913354
increasing:0.024991020951753838
an:0.004401461463537925
just:0.005756806683656303
btw:0.018391130002173208
moon:0.022529785933139937
paul:0.032108063638324094
is:0.010536181446692702
export:0.025436961040997595
issue:0.030699607916322088
white:0.033323226919809726
right:0.009509184283285782
oriented:0.027086334749925108
their:0.007420017738145657
activities:0.020717300513992457
article:0.00794444000310393
very:0.0170906126645436
little:0.01149675834263953
replaced:0.021204154441452572
metal:0.024582287574601625
already:0.014244050594594859
earth:0.0172575253068321
progress:0.02462166096527449
process:0.035456507188564385
by:0.009710151713893785
fashion:0.02689407635211491
strange:0.021550799170856488
s:0.006082708635843316
banned:0.027566630869337874
