laser:0.05214316999906094
at:0.01874393643520066
know:0.013126331124024487
all:0.020299315545665768
viewing:0.058096529445182454
c:0.055023355221892764
to:0.004398507957736694
might:0.022628565275302617
make:0.01872426046116706
think:0.015316468377963353
nt:0.00759658033747275
re:0.0039780904550869205
these:0.01762378694786109
vacuum:0.06227783357400807
you:0.005912755206475764
m:0.01456185863953268
sure:0.023213234257012803
a:0.002971285374141266
how:0.013993223374777918
other:0.01467348923225437
steve:0.03411865794504666
worth:0.03739535764672168
drive:0.030040465412829665
are:0.02051844834897528
it:0.0036473981887231058
not:0.01282787252289287
application:0.03925923093422264
try:0.0259190390674829
copies:0.04803430035884523
open:0.035159155093120883
public:0.03152919785170844
copyright:0.054612448949028704
be:0.006153843161036929
writes:0.007034706287420876
if:0.01425851956943424
of:0.006205550603161871
photographs:0.12796721289429655
available:0.02873472157249181
but:0.014154962175540643
least:0.02561342960326045
rest:0.034751391845455414
in:0.009451047973111196
pictures:0.04946961225139173
or:0.014347052291555007
still:0.021720309385420713
for:0.0034611581160858933
subject:0.0002840101797023223
i:0.006092511933363668
example:0.029908075997424517
pay:0.03545576661699876
body:0.03776256514547395
any:0.010886034747753268
necessary:0.03834867848384601
the:0.0032074596169746933
do:0.007641679988366986
law:0.031987671545148574
photo:0.058096529445182454
collection:0.051198537033282955
wants:0.037452501729720734
archives:0.056843518427561364
about:0.010478895535339058
is:0.002858219435007063
fee:0.05352038348030441
living:0.039191542702437236
aerospace:0.06573977400416368
every:0.025873920499334
almost:0.032148860960261365
article:0.008620562556559585
remain:0.04777917307494645
s:0.006600385966553386
