au:0.05277745996416204
k:0.035080194965293174
form:0.03160537893038792
case:0.022885288030618105
where:0.01710608146512742
with:0.005415068303606919
from:0.007838631985464589
name:0.025576226905835657
to:0.0038283310002523076
that:0.006424159730268089
mi:0.049372600888927615
like:0.010783695032487713
talking:0.030182325744095077
anything:0.02149297361406855
re:0.003462412062760838
so:0.028383627705136666
this:0.004860948503439064
something:0.01843204923299558
used:0.03656413904327529
temporary:0.04878138355571898
3:0.021680240228126105
m:0.012674210297371038
why:0.016478912779203762
a:0.0012930593757836991
sorry:0.029420524858690966
as:0.007408464446453874
also:0.013736084552588576
radius:0.05322922074350862
jupiter:0.27458691653207806
comet:0.0563138915446988
d:0.01686892798497255
it:0.006349174624814295
not:0.011165000158814165
being:0.01801670305486248
expect:0.03200204706628137
83:0.05193512868447938
robert:0.05917429683255006
usually:0.030534729094320492
be:0.010712245502545764
14:0.03457271129404322
writes:0.006122799916829281
were:0.014363919421039806
of:0.005401127376826073
but:0.006160029835651946
seems:0.021819324901676648
km:0.05167056042110849
well:0.015582110279197637
bob:0.10233347261191944
in:0.0016451824249489857
st:0.035525437434437965
rather:0.07148565702535731
and:0.0017675806226425455
for:0.006024978942816185
i:0.003535161245285091
body:0.0328674178118014
actually:0.02263253821389893
than:0.03973892450609614
the:0.004885436175854973
around:0.021918466973644773
language:0.03775841944200175
is:0.004975419016493776
orbit:0.041897966747007555
figure:0.06837958581619913
1:0.018134480480784337
massachusetts:0.05193512868447938
1970:0.10585122254585076
greek:0.08829493680161492
april:0.03150142464711215
latin:0.05568943524103646
unlikely:0.04414746840080746
s:0.0172343411348894
august:0.04628623440798557
