some:0.022452632214102965
obvious:0.024658002012192384
cs.rochester.edu:0.039612427925585815
at:0.0056472116182976345
say:0.012163749835048355
there:0.017649595876483605
lead:0.024770606651409687
all:0.006115819427219815
decades:0.034543289142740546
where:0.011842671783549754
to:0.0026503830001746746
then:0.010230002242152585
assumes:0.03469412566460076
most:0.011901252974147679
been:0.009405387097573327
that:0.004447495197877908
re:0.0023970545049882726
national:0.02086008926274047
reduced:0.03204431612860539
ti:0.1214314441106302
he:0.010193161586668175
merely:0.02616057063936446
certain:0.02113022430615711
on:0.00650011314409346
children:0.02148959530781106
used:0.012656817361133754
lunar:0.03492725158877304
assume:0.022253131764674205
market:0.025069584712006553
chemistry:0.03432348738967239
why:0.034225434233730895
economy:0.03326371828438147
a:0.0017903899049312756
want:0.024264076509130532
commercial:0.0267073500016202
as:0.010257873848936134
gary:0.02720947720206832
local:0.019592201614845844
course:0.015680460255769354
processing:0.030405345991646373
prices:0.027964496661404114
are:0.008242453610272121
those:0.011896895219792052
native:0.033905278916157
dietz:0.13168015632628927
d:0.011678488604980997
reason:0.01712956361543928
it:0.004395582432563743
not:0.003864807747281826
analysis:0.027601064971169847
being:0.012473102114904796
stay:0.025312163899078092
allowed:0.024563033513569685
has:0.00682547739670866
be:0.003708084981650457
which:0.008281361105881523
writes:0.00423886148088181
applications:0.025001929662784177
of:0.003739242030110359
mining:0.03994988775562056
well:0.010787614808675287
groups:0.023588369221066614
in:0.006833834688249634
use:0.010658843126585564
and:0.003671128985488364
for:0.008342278536207025
seriously:0.02485226707305988
subject:0.00017113433905139932
however:0.015366018616646878
i:0.0012237096618294546
we:0.008639384010986987
ago:0.01834080593182464
any:0.006559533758261585
will:0.021794333555832393
the:0.0038654000512259126
importance:0.03174840560448256
would:0.005978523372463949
once:0.017198917916185295
maybe:0.016973801809886693
increase:0.026953498289662096
an:0.005755757298472671
just:0.007528131817089012
competitive:0.0382814063564945
btw:0.02404993923361112
f:0.023821994989787484
moon:0.029462027758721455
paul:0.0419874678347315
is:0.01205582300150415
export:0.03326371828438147
issue:0.020072820560672135
white:0.021788263755260207
oriented:0.03542059159605591
their:0.00970310011911355
activities:0.02709185451829783
article:0.005194441540491032
very:0.0111746313575862
little:0.015034222448067078
replaced:0.02772850965420721
metal:0.03214606836678674
already:0.01862683539293174
earth:0.022567533093549672
process:0.04636620170812266
by:0.00634894535139209
s:0.007954311293025875
banned:0.03604867113682645
