obvious:0.06305980842462315
believe:0.035617571808694105
know:0.020227461076365603
with:0.009587334045730285
into:0.029357441032498138
such:0.0315248721879967
t:0.04223398450820397
that:0.01706088321808902
problems:0.04496841370314383
think:0.02360242668079599
anyone:0.027424831961334283
benefits:0.08445495934904737
you:0.03644583537106373
am:0.02679239929018632
sure:0.03577121344523285
a:0.004578702051955394
other:0.022611606357900178
looked:0.06106562630294565
said:0.07185261733322729
it:0.005620580815409376
not:0.019767541264785735
has:0.017455319244041822
be:0.009482971428483138
of:0.003187550583044896
what:0.060356859212893854
but:0.01090628233197394
now:0.027080563899643348
in:0.002912781998270336
thomas:0.06039352482014918
and:0.003129487004022868
green:0.13797740325743552
subject:0.0004376550310166934
i:0.01564743502011434
than:0.023452480036384612
the:0.004942642688452807
would:0.015289338460727477
is:0.008808938586579145
realize:0.06415592228083834
understand:0.04911733217927301
james:0.11342930385695171
