above:0.023073356187530043
at:0.007465805190291788
out:0.00998455168712254
locate:0.09772140607822564
there:0.015555576026731313
where:0.015656413544353914
whom:0.03566365084196426
my:0.008052663231612724
planets:0.09660958773100849
to:0.004671861559629935
speak:0.030385023852867746
that:0.002939869707071837
bay:0.04062071521416522
re:0.0031689873116794113
so:0.01731882368449017
map:0.04203642779605646
programs:0.029942221392326412
you:0.009420321854385115
used:0.016732741596075133
posted:0.028926956987134708
input:0.03616229914724336
a:0.0011834780727511822
other:0.011689050744338228
objects:0.039744142440875034
given:0.02362531829814645
also:0.0125720095905048
quoted:0.03786289826132939
theory:0.03447922760149682
authorized:0.04717317189410998
are:0.010896803077986874
kevin:0.03818273154931962
it:0.0029055544893217965
ftp:0.032147177519398946
domain:0.03782375465237774
only:0.011301154561604123
marcus:0.049455654383801374
area:0.027190398683553788
shareware:0.04203642779605646
site:0.033098001673208526
robert:0.05415952591453735
chairman:0.05096999157654185
netcom.com:0.05455991821561253
public:0.025116479644581302
sun:0.030749934780498655
be:0.004902214043537892
which:0.01094824010608066
writes:0.0056039185679454435
get:0.011138762502467139
msdos:0.049455654383801374
if:0.011358481690905241
of:0.003295603145182011
chapter:0.04184597986510681
extract:0.049769563465838225
toward:0.03790222351180822
one:0.02499942985870227
in:0.0015057601855465294
or:0.005714503878839706
astronomy:0.08356687316584713
use:0.014091351930062272
and:0.012942285236975928
for:0.0027571937534921526
subject:0.00022624539738998556
forth:0.04184597986510681
i:0.004853356963865973
any:0.026015777956495102
allow:0.029714192130293155
will:0.009604282583926139
program:0.04706158359973009
the:0.003193868686394292
sky:0.03950268518838092
when:0.011081986803760473
can:0.014653660888774803
her:0.02802041360109939
moon:0.038949799409835145
is:0.004553773337129897
yesterday:0.03725731382080274
right:0.016439606727036437
time:0.01338567771104842
their:0.01282782727611622
first:0.015911481605008822
easily:0.031346735325384636
article:0.006867227799293229
past:0.02799588514324884
by:0.00839352097302683
