go:0.015816522372309978
week:0.028031209791915316
know:0.010031505086652862
help:0.017399127805217865
saw:0.027620980350694758
episode:0.04963764865233874
wonder:0.030002989494446578
with:0.004754694120240223
aurora.alaska.edu:0.043717010437938617
into:0.014559381325060053
hardly:0.03550111260641888
astronaut:0.05385548437116124
might:0.017293375088442652
next:0.021775447347554273
engineer:0.03624882390025971
acad3.alaska.edu:0.04729877001451938
make:0.014309597425607348
she:0.026952377926003926
that:0.008461088425231142
think:0.01170526851649232
nsmca:0.08900248048868313
re:0.0030401666892534195
michael:0.024428416273769835
generation:0.03771620906865234
on:0.012366068908275364
them:0.01191755424009952
trek:0.09676878218553507
m:0.011128574895252619
a:0.0034061076240155977
as:0.006504993172496086
woman:0.03560380973573515
idea:0.022539644676916718
science:0.027492944928189558
it:0.008362327554633463
not:0.004901707386796463
being:0.015819544145732913
flew:0.050034316653716236
interesting:0.0531386107629498
adams:0.03767166056650091
writes:0.005376117000142784
if:0.005448377396450483
of:0.00474245330648143
future:0.02849192133591748
but:0.005408806684962686
dr:0.031860525244768303
year:0.0201200058228427
present:0.029467481974221985
loss:0.10380126205172643
must:0.018841141686825182
they:0.007584712394371901
who:0.010512624993771126
operator:0.04460480955960522
in:0.005778201687625707
star:0.07464759308088462
and:0.0031040440202503242
subject:0.00021704843001640894
space:0.09943130918741801
doug:0.07027056072615913
i:0.00776011005062581
we:0.010957267526129839
mention:0.03068841312420263
will:0.01842772918541926
connect:0.03736647423057356
the:0.0049024586015548165
her:0.02688137239780267
physician:0.04481599237589189
may:0.015130288840974237
last:0.035449797594463386
an:0.014599969732711169
just:0.009547874499722652
people:0.012237993008724532
newspaper:0.040084922900690906
is:0.002184330299924097
night:0.027218169484422964
31:0.037896884977471124
chemical:0.040389455929429934
first:0.015264673409683262
article:0.006588072197695944
give:0.019213303019154526
high:0.022742470127166844
black:0.028695547611739335
appear:0.03210323226224539
s:0.015132592216000447
