involving:0.041135519895171946
at:0.00672492375919413
out:0.017987436627182593
louis:0.035978638836625644
there:0.021017839364362155
know:0.00941889408899467
help:0.01633658564917402
way:0.013224219996538498
concerning:0.03492551330883744
such:0.014679520637158766
from:0.006462383621604393
name:0.021085744319314894
jpl:0.04625122724124253
to:0.002104120855100505
make:0.01343572888053209
guy:0.025849853030144043
technical:0.02928814689251374
uxa.cso.uiuc.edu:0.06807031053025869
nt:0.005450981310858309
me:0.016543338632130453
re:0.0028545076547951947
presume:0.042816747312395216
he:0.012138421431452178
on:0.007740592751744884
you:0.004242740377165815
society:0.02836817723974693
am:0.012475850051155462
snyder:0.04660634186440965
bill:0.047259753827354464
josh:0.11995260037861698
a:0.006396202103113259
j:0.023313959233044752
hopkins:0.08519725993098805
was:0.00675924529848386
as:0.006107741681045942
worked:0.029344762141788928
also:0.0113244055853402
ordering:0.045275399977808294
frank:0.029894460889699406
travel:0.039051241097776274
l:0.02522870670804094
are:0.004907720470238363
book:0.047476313140208753
it:0.005234434041831632
friedman:0.09117403651317774
whose:0.028570850767182968
higgins:0.09434410315101353
writes:0.01009560902316889
if:0.005115652059262666
of:0.0014842792791277758
available:0.020618807845910154
looking:0.01980065149165377
years:0.017021186434964836
groups:0.02808996640065948
find:0.016156081966972442
planetary:0.04304128078725242
called:0.020475225159211706
one:0.022518570407075323
in:0.001356333602248019
or:0.005147415707657139
and:0.0029144840800823654
few:0.017447538174857148
still:0.01558556551320265
for:0.002483579106199038
subject:0.00020379356406120838
space:0.023339792042084757
i:0.005828968160164731
info:0.022483934804522116
ago:0.02184095973560797
solar:0.18790532353789727
any:0.015622706355554308
information:0.018616956370105076
currently:0.027472774823338143
projects:0.03983303503234169
the:0.0017261519312726404
do:0.005483342892416004
wright:0.04339097190199512
refer:0.0342122766168825
general:0.022507102008301916
is:0.008203744332539356
involved:0.027487611733327234
attributed:0.04104726934249198
jbh55289:0.09434410315101353
request:0.029773290285452916
beam:0.042816747312395216
project:0.029401800423000387
by:0.02268172843092747
data:0.02239958490996803
upon:0.02647385940986974
says:0.01954982247654632
while:0.016567500044874218
