okay:0.04263134787626234
at:0.017444851731770912
with:0.005790370067223241
ron:0.0419534488735152
into:0.017730731712696894
my:0.00940806199336932
to:0.0013645536238523078
sound:0.03417013157552902
engineer:0.044144607324078655
make:0.01742653943910598
that:0.01030409778518248
really:0.019320749932583425
re:0.003702381215625451
supposedly:0.045931620944992445
on:0.005019889358804851
wells:0.12043366904608853
a:0.006913386761615818
want:0.01873859373972457
pretend:0.05553459304875023
idea:0.0274492702501065
colorado:0.09333072648708832
rumor:0.054841933755612506
nyx.cs.du.edu:0.046548879663548245
boom:0.11520294478783928
it:0.016973041076236237
fuzzy:0.11997843106144103
neat:0.05186069521319744
peace:0.03813500846943615
atlanta:0.04739459997200717
love:0.03239819247704404
univ:0.045986171992625814
be:0.005727339179578924
sort:0.031063973343178515
of:0.005775462937596197
even:0.016625341066990353
dr:0.03880044163471783
toward:0.04428180568706307
david:0.049434559194940476
one:0.009735751562134876
government:0.026649652857587105
chief:0.049339485130290704
or:0.006676351066367181
sec:0.059989215530720515
men:0.03476830250126081
better:0.02214075120100399
and:0.0018900862103504448
for:0.0032212758704165743
subject:0.0002643263058615673
i:0.0056702586310513345
we:0.04003199719942485
favorite:0.04784618919232452
will:0.02244168999808484
the:0.0037314505445002625
do:0.014224117206069241
thing:0.04483034524999914
see:0.01751867090506115
when:0.012947271711324117
would:0.009234154911924516
an:0.008890080579819175
10:0.02861754215738777
long:0.02356743807038203
here:0.017825751540825704
is:0.0026601250187194446
bolt:0.06044980974492737
hear:0.0328087283589981
insert:0.051377624280826824
u:0.03744201468903976
sign:0.04290804025636689
earth:0.03485678378805692
comes:0.029942339972727838
project:0.03813500846943615
springs:0.059989215530720515
