some:0.005380354263287346
go:0.017930251168609468
at:0.004059746601172493
there:0.004229396246899297
keeps:0.02200090414885162
racing:0.027617294012953802
send:0.027035457335264725
coffee:0.026267122931472354
your:0.005806139272724712
way:0.007983284882702965
aurora.alaska.edu:0.02477968794408502
vehicle:0.040559287483863955
such:0.008861830430727182
my:0.008757735127468214
to:0.005716033382865197
w:0.028519270553265932
enough:0.04483223091128841
acad3.alaska.edu:0.0268099018976308
make:0.008110969969353473
that:0.00479591648066097
gee:0.02333629912170278
like:0.005367000292666697
quarter:0.025525508337865727
nt:0.003290684570149486
could:0.006954420070626992
nsmca:0.050448410599576145
its:0.009529145419512304
joy:0.05313882911166187
re:0.0017232281234017075
michael:0.013846521666699028
this:0.0024192739095457096
big:0.012791615455610863
on:0.009345784797037602
you:0.010245142661911923
went:0.015034383710765363
assume:0.01599764311193169
working:0.01460156226132077
m:0.006307901899152406
why:0.008201486544488509
successfully:0.024092073205897572
more:0.011718147703416828
a:0.005148402307267816
how:0.012123161264784556
million:0.01803461409737852
as:0.0036871620286498545
developing:0.02272094708195844
wife:0.018622036991446867
equipment:0.018594276094657095
stuff:0.013471965680523603
residents:0.02510899192556956
cover:0.018083901143999475
57:0.025342373182798843
are:0.0029627252608351406
existance:0.0268099018976308
ssto:0.05937237807243205
d:0.008395595494825048
it:0.00473993681668164
not:0.005556774272589538
have:0.0023559936089753587
made:0.01071695646045162
husband:0.024572538691263513
lady:0.023615675259105705
classes:0.04782617559782036
exists:0.017196465728195182
shall:0.018247824949459698
allen:0.04105095550879753
adams:0.02135306105843139
alive:0.0202996363760269
be:0.005331440157949044
writes:0.006094584249009791
were:0.014297726243984324
depends:0.019842240255771873
things:0.01029827616654493
if:0.015441253911599293
of:0.006272276953733505
but:0.0030658213006931347
year:0.01140442726363895
drink:0.023109615968749914
least:0.011095218353486093
oh:0.01488348471954596
who:0.005958769005685937
depending:0.020740857836664617
in:0.002456401408679592
or:0.006214852144728897
total:0.016871039151172357
sir:0.02437430189364282
and:0.0017594350898193082
reward:0.027520273694069775
for:0.0029986070314476864
subject:0.0001230274511152917
flight:0.021665607585338125
i:0.002639152634728962
pounds:0.025342373182798843
person:0.012927163313704382
we:0.006210801408820138
than:0.006592632636956042
cost:0.015304182508529404
the:0.003126164557558284
do:0.0033102208244539014
see:0.008153851435074544
would:0.017191698545702783
peter:0.016967249220396115
announce:0.025651770891728008
auto:0.02177468474702432
put:0.011462946080860735
just:0.010823857727796184
many:0.008540096901281536
about:0.009078490141215406
different:0.02329232164065666
moon:0.06354022576535319
is:0.002476245409130543
billion:0.08788804769193005
either:0.011537155332319624
days:0.01372466647258144
dc:0.020631909619811893
study:0.017075453218593543
prize:0.027332153903653855
lot:0.02284381003009577
dollars:0.02113182041701959
1:0.027076367169466018
mass:0.019409624980182796
first:0.025956979208171076
transfer:0.020943700626603667
article:0.007468505809369594
give:0.010890489729751183
corporation:0.02188640645951277
needed:0.015372454793253554
high:0.012890893205721296
happy:0.03500548468649789
