some:0.006991238773253618
read:0.013574868634119292
cleaning:0.0324088838543576
at:0.005275239595535515
out:0.007054952689104551
fast:0.020849089370946334
there:0.010991365096732306
pollution:0.03539685490896232
much:0.010462256703951685
supporting:0.029436207888406157
from:0.005069294936707639
my:0.0056899057564688705
to:0.0008252689581382221
observations:0.030633009483884387
day:0.015229359495586061
might:0.012737036741787102
enough:0.014563763634355666
nasa:0.051378931947298395
golden:0.032062658878975414
that:0.006231819618583416
really:0.035055013350735194
nt:0.004275919471391848
could:0.009036581768419505
need:0.011504203541899618
re:0.0022391646872944346
exactly:0.019259776366898254
vandalizing:0.03473083314183523
this:0.006287214830795438
certain:0.019738413124314427
on:0.003035980989456826
american:0.019323564175977342
why:0.010657021438047943
sure:0.01306613185724074
a:0.004181150077384416
how:0.007876425133108529
as:0.00479110275579053
giant:0.034037229456056056
gold:0.030959709988378006
washington:0.02298930140966763
promised:0.031995752887369874
organization:0.022945109150400426
hmm:0.029702386107393185
are:0.003849768752103147
d:0.010909246840581052
it:0.0041060530507781075
not:0.003610239572311167
being:0.011651520538473941
probably:0.014294752784606039
states:0.02067580679913583
somewhat:0.02575950213989585
johnson:0.02764882472340019
be:0.006927679726197262
sort:0.018787193459048085
writes:0.003959655036033308
were:0.009289241302229337
of:0.00465725953450871
short:0.02073639440491777
even:0.010054846992610932
leo:0.03442368766646067
opinion:0.01981623691369874
what:0.016534888077783794
year:0.014818926444369173
alone:0.02298930140966763
visible:0.02840259865087925
groups:0.022034644302313725
up:0.024134018629084753
one:0.011776178536235
in:0.008511602485963617
fortunately:0.03413153099478743
and:0.0011431060314095506
for:0.0019481967839046347
subject:0.00015986201731747483
space:0.03661691925165393
i:0.003429318094228651
period:0.022700666069440815
we:0.02421096836611922
face:0.021492644257159042
actually:0.014636611539527453
than:0.008566474743829109
the:0.004062141970000884
sky:0.02791207695945478
less:0.016460272793989685
would:0.011169456839573367
junk:0.031485825891320124
put:0.014894965865549578
friend:0.020797601315525785
just:0.007032266847101114
during:0.017535146765284254
about:0.011796600961938582
moon:0.027521415151859564
worry:0.026325527130866607
is:0.003217636250187592
orbit:0.027095691069921057
night:0.040093830498012274
morning:0.025689465973649198
new:0.02064670137585086
else:0.015129055241545251
spent:0.02599905504177429
time:0.009458143532357566
dc:0.026809128068857373
friday:0.029840047893169828
food:0.025242390951080218
light:0.020911465184468823
1993:0.018141651515030763
1:0.011727687975597059
16:0.020880196058833185
organized:0.02909876515456705
leave:0.021156779187392314
article:0.009704585393013186
very:0.010438577795110463
useful:0.02295980369508047
advertising:0.03226798267226063
april:0.02037217881370127
somewhere:0.023230665023368784
while:0.012996062909452231
todd:0.06095221810077448
s:0.011145561931545239
