another:0.015399342572142908
school:0.025253642193028506
some:0.008107894966203847
okay:0.029901153718767337
say:0.013177395654635717
technology:0.023386581151506547
participants:0.039694208454694034
small:0.02075517986295841
send:0.02037046611719599
aurora.alaska.edu:0.0373416130824059
learning:0.034499326939721395
to:0.0057424965003784615
basic:0.05305073346611111
acad3.alaska.edu:0.0404010327207353
make:0.012222781134372942
that:0.004818119797701067
counter:0.03750311906965775
higher:0.02577690217387425
like:0.01617554254873157
nsmca:0.0760229520840835
need:0.013341680496508584
michael:0.020865938900511728
so:0.0070959069262841665
prefer:0.028517556285012784
mean:0.01835709761687403
on:0.003520894619717291
set:0.01839871238976334
lunar:0.03783785588783745
state:0.01845634296486539
size:0.025006091229624078
m:0.009505657723028279
a:0.005818767191026646
other:0.019157055386554316
old:0.018388285294043915
idea:0.03850522632306606
challenge:0.06554356143219131
far:0.01728734772306529
others:0.018724501549086083
team:0.0444892301207569
no:0.007817678723489652
race:0.09105895268436578
it:0.004761880968610722
not:0.004186875059555312
have:0.0106510544405761
being:0.013512527291146862
money:0.021529303935618957
university:0.01632180626110176
classes:0.03603569480807992
has:0.007394267179767715
adams:0.03217787673388619
open:0.022951115130231684
spend:0.028472897324385765
of:0.00810169106523911
what:0.006391959048587716
but:0.00462002237673896
year:0.01718583830701147
russian:0.032331351365835266
using:0.015308476240589727
together:0.02471504334340438
find:0.014697546789398542
up:0.009329585905224893
one:0.006828547970664045
in:0.0012338868187117393
or:0.018730873825085703
and:0.0026513709339638183
for:0.002259367103556069
subject:0.00018539553397234928
car:0.021240578749190202
i:0.003977056400945728
branch:0.03166594912349337
group:0.01872997176949059
contest:0.04191970772743551
solar:0.0341883296992563
any:0.0284246462858002
suggestions:0.02747914146576998
the:0.0036640771318912297
do:0.004988318881295115
mexico:0.04003863165705079
put:0.0172740229135193
human:0.04452558848939688
just:0.008155476135179763
here:0.025005568133658278
different:0.01755011734730033
moon:0.09575159021584473
is:0.0037315642623703318
having:0.018172856891808063
new:0.03591665760174056
prize:0.04118803747981171
does:0.008461727877343925
earth:0.024448160851345477
by:0.006878024130674764
high:0.01942585990028834
wish:0.025944982741519296
s:0.00430858528372235
