times:0.21619047242254052
to:0.005300766000349349
appreciate:0.14766205136209593
that:0.013342485593633725
used:0.07594090416680252
am:0.06285909064236021
a:0.005371169714793828
algorithm:0.15696342383618678
be:0.022248509889902745
looking:0.09976482097717862
or:0.02593505606550328
and:0.007342257970976728
for:0.012513417804310539
subject:0.001026806034308396
i:0.014684515941953457
any:0.039357202549569516
program:0.10679359355323366
joseph:0.1570845626401443
hello:0.14881887656352968
would:0.035871140234783695
can:0.03325253817068129
joe:0.15305650872780524
compute:0.22515832138295228
advice:0.14960988723974034
