help:0.1380704980672127
thanks:0.12860558999459115
several:0.09091778619572247
via:0.11026552834244016
appreciate:0.12384559146498367
re:0.012062596863811953
a:0.004504852018859339
those:0.059868246912501935
it:0.02211970514451432
be:0.018660040552821656
found:0.08627485500829024
of:0.006272276953733505
looking:0.08367372081956916
again:0.07876997219703284
offers:0.1458093684962137
and:0.0061580228143675786
for:0.020990249220133806
subject:0.0008611921578070418
i:0.012316045628735157
research:0.09959133808183153
will:0.03655823693236401
the:0.0024314613225453322
got:0.07135980069776045
people:0.04855719806687475
e-mail:0.08869986376297634
little:0.07565608715801497
