mode:0.033299002143288965
out:0.010245018252873564
there:0.00798068683110563
help:0.01860950191340693
manned:0.053300246398406304
take:0.018484775046397423
with:0.00508545545034389
much:0.015193016257042882
custom:0.046367312139166804
aurora.alaska.edu:0.046758193772751734
such:0.016721888725806943
from:0.007361497864610223
to:0.002396868104505793
plot:0.04942797668835966
acad3.alaska.edu:0.050589119232920726
think:0.012519548065465697
satellites:0.09885595337671932
nsmca:0.09519395739224368
re:0.003251656545897135
michael:0.026127784362379905
best:0.02117544417357769
on:0.00881754478677026
you:0.00966606938102125
them:0.025493202983169407
m:0.01190273662709628
why:0.030951697046156634
a:0.006071757068897369
other:0.011993982502886181
as:0.020872543310009175
old:0.046050662301605635
idea:0.024107619958789184
stephenson:0.10498152891740371
act:0.03244898315668134
whole:0.02601665630458513
ontario:0.04129869740621105
are:0.005590533753054135
internet:0.024839425592300922
deep:0.03956343980692644
not:0.020970782906990084
have:0.004445657505631764
being:0.03384006834652432
adams:0.040292297823300974
be:0.005030097888151924
which:0.011233846369717545
thinking:0.03029153507694483
writes:0.005750107747978803
were:0.01348959389106347
if:0.005827394954464429
of:0.006763150802286562
safe:0.036110790853886715
what:0.00800384437388375
spacecraft:0.044331898036154636
craft:0.053300246398406304
ottawa:0.04504053311659971
now:0.014364473025028211
in:0.0015450408860390476
additional:0.03717179042399944
measurements:0.05157458606167727
or:0.011727155786140614
and:0.001659988758655608
for:0.002829120547061513
subject:0.0002321474512349417
space:0.07976120236990704
i:0.003319977517311216
signal:0.03917880280712796
survey:0.04396181443251294
the:0.0013108747999809617
do:0.006246242773099971
canada:0.06470621900881125
would:0.008109996922646748
can:0.007517965151632291
radio:0.031194350963197098
put:0.02163008086562417
just:0.010212074464920748
is:0.007008851136278188
done:0.02303185696887564
right:0.016868466032959127
dave:0.06097868993694943
replaced:0.037614326139620215
process:0.03144838028898754
by:0.017224964779428975
high:0.02432455500557845
built:0.0321086750789109
