at:0.017619300249088622
all:0.019081356612925825
theories:0.20794838013518643
with:0.011696547535790946
from:0.016931445088603513
to:0.008269194960544984
sound:0.06902366578256862
look:0.04742336648551821
me:0.021671773608090895
anyone:0.033458294992827826
this:0.01049964876742838
on:0.020280353009571598
great:0.05042501377465354
are:0.01285822763202451
internet:0.057130678862292124
mars:0.3392067396296764
uucp:0.16934514429344294
buy:0.06013682250487932
heard:0.05405294718839749
which:0.025837846650350355
what:0.018408842059932623
associated:0.09099591155593081
thin:0.11399931352259002
and:0.0038179741449078986
i:0.0038179741449078986
we:0.0269548781142794
back:0.04212713440135075
don:0.17834421358927777
face:0.1435708636378224
the:0.004522518059934318
is:0.005373452537813278
deal:0.06592629983521019
save:0.07245020464842587
steel:0.10642623650943986
does:0.024369776286750505
life:0.1674227611973226
going:0.04355631368099365
