okay:0.04532385405792101
small:0.03146048316069486
send:0.030877338114486553
consideration:0.052787228054934014
further:0.03734562527454091
aurora.alaska.edu:0.11320404808139893
kids:0.046277505587944454
my:0.010002255382424224
to:0.005802943831961393
matt:0.05166975230937201
matthew:0.04511865621917363
that:0.0036516276361523874
think:0.015155242395037424
r:0.03263389228135926
nsmca:0.05761739526372644
need:0.020223178857865644
re:0.003936215818717585
so:0.010755901025104422
mean:0.027825495335051163
he:0.016738244289686687
on:0.005336935002518841
set:0.027888574569746537
lunar:0.057354223661564147
sam:0.051899426492473484
size:0.037903969863851236
bill:0.0325843565862286
more:0.013383358166533956
a:0.005880017371984821
third:0.03845036838597774
far:0.026203979706541067
no:0.01184995511771063
likely:0.034804303209786606
d:0.019177307603968793
race:0.046008733987890085
it:0.003609004523578652
have:0.016144756204662724
being:0.020482146630791034
try:0.07693862123189661
money:0.03263389228135926
after:0.02030751250173633
be:0.006089065864604961
gates:0.06331009480033618
writes:0.0069606567475532875
spend:0.04315891804959527
what:0.009688864242069802
but:0.014005962573692847
year:0.02605011280220686
find:0.022278386712351474
up:0.01414168810897247
one:0.010350641134480237
in:0.0037406253030419045
or:0.014196030688486006
and:0.002009460076267315
for:0.0034247248727586736
subject:0.0002810205988633505
i:0.00401892015253463
group:0.028390694050596264
any:0.010771444908303235
the:0.0023802726631233255
ross:0.0570974715234151
come:0.025275722889151666
thought:0.02825880426517592
human:0.06749141834182265
here:0.018951588480246275
moon:0.09675950169180099
is:0.0056562658292771345
win:0.0356786884592457
prize:0.062432393653609336
does:0.01282619804565816
first:0.019763735046221486
article:0.008529819792806327
earth:0.03705826486940788
by:0.010425636577022801
s:0.01306181643907407
