expensive:0.04175347210450401
coffee:0.058762532743603095
your:0.01298899198125013
much:0.03602467772288518
into:0.01846189590703491
from:0.008727549014744079
florida:0.052648473753881826
56:0.055317150392194085
my:0.019592046625367038
to:0.0042624716291469
remember:0.028686845737332288
w:0.06380084237173925
venture:0.06223131868815168
that:0.003576336344685328
nt:0.007361634553839572
could:0.015557826343567602
re:0.003855056729671861
so:0.01053412986994763
this:0.005412190086303288
goal:0.04323841406556522
you:0.028649432443748547
why:0.018347655465505222
a:0.005758779900397505
how:0.013560443270403344
want:0.019511319254764757
as:0.008248599589866169
private:0.03659465075953146
wife:0.041659608527257426
ssto:0.06641137134906058
race:0.045060100297418124
it:0.010603776177524907
couple:0.03253599788303627
husband:0.0549715556289091
lady:0.05283094362088596
allen:0.09183564273617592
talk:0.03566591513027863
writes:0.0068171380517274465
were:0.031985634999428844
if:0.013817534428111532
of:0.006013626357703258
drink:0.05169883160019311
launch:0.09498264824105328
cheaper:0.0909150185353978
pad:0.05753010851010018
in:0.003663499008133824
government:0.05549721522920201
u.s:0.03636847836081132
sir:0.05452807743217002
use:0.01714205698708606
and:0.0019680279097463393
subject:0.00027522635971152884
flight:0.04846842109297291
i:0.0039360558194926785
cost:0.03423719179743176
the:0.001554129917503202
do:0.014810678740340137
would:0.03845977922079901
pads:0.06156597310941383
instead:0.031626126923553
an:0.009256681840842646
just:0.012107098592431814
is:0.00553964179156008
assuming:0.0409089656873093
days:0.03070363530464095
first:0.019356235354546815
article:0.008353947219758772
facility:0.052648473753881826
