simply:0.011585770226831021
believe:0.008229817728524018
rating:0.06249198841667442
at:0.003336988683539512
out:0.004462792041971439
nick:0.018846840727520645
case:0.009362163285252863
controlled:0.01838131748387234
hand:0.011959240361563157
with:0.002215255215111922
much:0.006618169960454286
mary:0.017764427303118387
such:0.007284156073741661
fred:0.017551569127574287
achieved:0.020456246765267867
from:0.0032067130849627863
to:0.00261022568199021
cs.cmu.edu:0.01961992919851881
most:0.00703255857563272
sophisticated:0.02147239822964165
software:0.06399513382911946
speak:0.027162369807866623
nasa:0.016250533399997786
make:0.0066669715278397865
that:0.011826294048902617
produce:0.015967724578903015
think:0.00545359101336574
control:0.011551644961897816
through:0.017950479500188084
nt:0.005409685997897261
perfect:0.015341237856579126
consider:0.012198348782466641
me:0.004104502577289942
anything:0.008792580114846226
re:0.001416441298402161
anyone:0.006336798294096179
this:0.007954279369263925
tools:0.016854063849123756
mksol.dseg.ti.com:0.022036926938582894
on:0.005761463923173749
concerned:0.015249959252112989
bugs:0.019213696128997607
m:0.005184904212560879
sure:0.016530636516357604
a:0.0021159153421915077
how:0.004982435595564865
hard:0.01024330834308905
j:0.011568669164882056
was:0.0033540194473537332
as:0.0030307354553674943
copy:0.012941711913118721
given:0.010559801360535156
shafer:0.023407343774209798
also:0.016857921950904166
whole:0.01133301316298216
shuttle:0.017635282563182874
others:0.010213364481319683
mind:0.034427906852387925
balls:0.019514214092014735
are:0.0073058111545593815
mccall:0.04540115758190132
care:0.011992488413916277
it:0.002597389619242212
not:0.006851250097454147
ones:0.012850871137791124
have:0.0038731107056640367
ames:0.01947962135124476
systems:0.01136521636470686
rated:0.02165138642983311
only:0.010102547259615808
ve:0.013826770447177533
tom:0.01437775842225286
safety:0.015654065852826377
real:0.009687855507569119
attack:0.014957187758546145
guidelines:0.02171297931192319
strongly:0.01767784344676971
status:0.01666925262120924
heard:0.020474601207726324
highest:0.017875516754233996
which:0.004893531562566355
writes:0.002504781784157433
get:0.004978689300345161
if:0.005076897119419767
of:0.005155621586970343
produced:0.017389496115433348
institute:0.014744158522474645
what:0.003486523117411482
but:0.005040024410987957
never:0.008348254662355533
latest:0.0157816159100483
well:0.00637449965967176
they:0.010601359369406179
who:0.0048979275539160925
good:0.006136400952119315
in:0.006057262564584902
threw:0.019878714213585013
5:0.049221077403744
system:0.008466751247130777
force:0.013537894389449892
world:0.009550192002775291
rather:0.009748044139821452
use:0.012596814604146576
and:0.0021693034914249424
damned:0.022036926938582894
for:0.004929528225940515
subject:0.00010112483671219052
flight:0.017808472901584747
i:0.0065079104742748264
rate:0.014714680717769891
assumption:0.01796679535870013
will:0.004292823276148805
yet:0.009962381601083954
the:0.004853712564323447
do:0.0054418024159583085
level:0.09334752325059183
would:0.007065527622002849
receiving:0.019278447770510108
country:0.012768007984924744
did:0.006226935770617293
an:0.0034011293127338515
problem:0.008013504894112062
just:0.004448441528279871
during:0.011092308749251783
people:0.011403584394493314
many:0.007019700862038233
warning:0.016250533399997786
different:0.009572791280345636
is:0.00508849672141409
ignorance:0.018279623354947382
levels:0.034739432049191304
having:0.009912467395531673
new:0.006530301382134647
applies:0.01803672741491125
keep:0.030106983910521832
issued:0.019995273526716657
1:0.007418651105775411
engineering:0.02929355676684166
primarily:0.01798996288528133
hundreds:0.01778638608222568
lots:0.013820814437183184
live:0.011729879825559314
stands:0.018107974884447223
process:0.041097315150381446
by:0.007503299051645198
clue:0.019213696128997607
doubt:0.01318209204159306
