at:0.016941634854892907
andrew:0.07241265690715382
all:0.018347458281659446
theories:0.19995036551460235
with:0.01124668032287591
to:0.007951149000524025
sound:0.06636890940631598
look:0.04559939085145982
me:0.02083824385393355
re:0.007191163514964819
anyone:0.03217143749310368
this:0.01009581612252729
on:0.019500339432280384
are:0.012363680415408184
mars:0.32616032656699656
try:0.04685364754506525
buy:0.0578238677931532
heard:0.05197398768115143
which:0.024844083317644573
writes:0.01271658444264543
what:0.01770080967301214
associated:0.08749606880377964
thin:0.10961472454095195
in:0.003416917344124817
and:0.003671128985488364
rogers:0.21252354957633549
subject:0.000513403017154198
i:0.003671128985488364
we:0.025918152032960964
back:0.0405068600012988
don:0.08574241037946047
face:0.13804890734406
the:0.004348575057629152
is:0.0051667812863589214
deal:0.06339067291847134
save:0.06966365831579412
does:0.023432477198798565
life:0.1609834242281948
article:0.015583324621473098
going:0.04188107084710928
