at:0.010876111264869518
purdue:0.07117978961253472
there:0.011330604760211697
technology:0.04157614426934497
with:0.007220091071475893
billboard:0.07762657211150147
from:0.010451509313952785
to:0.0034029608891131624
city:0.09085890366633066
matthew:0.26458471239638853
us:0.025430572668950567
t:0.03180584018519064
worse:0.04808722732518996
that:0.004282773153512059
considering:0.049449011794507315
re:0.009233098834028902
orbiting:0.07452392484877424
supposedly:0.05727276191906465
this:0.012962529342504173
telling:0.053012645896614974
on:0.0062593682128307395
gatech:0.07250380850578901
wells:0.07508518872626506
a:0.0017240791677115988
rent:0.06821743566647805
running:0.03737605447465064
proposal:0.05818767515553036
rumor:0.06838315196687485
nyx.cs.du.edu:0.058042430197757684
boom:0.07182405817019609
no:0.013898095508426047
internet:0.035265851149563036
mnemosyne.cs.du.edu:0.07372715298287828
it:0.00846556616641906
fuzzy:0.07480136751361446
have:0.006311735964785838
uucp:0.05226701984365523
atlanta:0.17729091100639718
has:0.013145363875142604
writes:0.00816373322243904
down:0.029189698480903182
of:0.007201503169101431
georgia:0.11867031605203465
even:0.020730363552666983
institute:0.0480550351843618
what:0.011363482753044829
rutgers:0.06583013451857016
david:0.030820311596845604
in:0.002193576566598648
subject:0.0003295920603952876
space:0.03774707108040868
i:0.002356774163523394
we:0.01663881365078975
favorite:0.05966006306697255
will:0.013991424011151658
the:0.00279167781477427
here:0.022227171674362913
people:0.018583619013248363
orbit:0.05586395566267674
hear:0.04090964894146676
insert:0.06406345743658654
article:0.010004109633538283
before:0.0262493119410203
going:0.026886613383329414
s:0.0076597071710619545
