effective:0.0611812944485537
go:0.02947624623930496
ask:0.02208001957845733
at:0.006673977367079024
scheme:0.034778992230866695
british:0.03377731317978746
take:0.016104160078300785
1915:0.04342595862384638
ever:0.02002592467295349
way:0.013124036511716237
method:0.030234075172322416
though:0.018829880315232424
suits:0.045085455336442475
hell:0.025858946397590118
to:0.006264541636776504
t:0.05855166034091914
enough:0.018425367628313608
bunch:0.030728810766320648
make:0.013333943055679573
that:0.002628065344200582
think:0.01090718202673148
me:0.008209005154579884
re:0.002832882596804322
best:0.018448303636071472
two:0.014127192671615996
on:0.007681951897564999
you:0.025263590427669177
tell:0.018257765557745855
disclaimer:0.02843981459904687
m:0.010369808425121758
stable:0.03805165785542421
a:0.0021159153421915077
commercial:0.0315632318200966
standard:0.023060943488350277
let:0.01746316471782443
respectively:0.04271521047825808
mind:0.02295193790159195
estimate:0.04407385387716579
d:0.013801850169522996
effectiveness:0.044782384619672023
not:0.009135000129938863
have:0.0038731107056640367
whether:0.021647413521832005
bb:0.04271521047825808
asked:0.02554773408135175
writes:0.010019127136629733
get:0.009957378600690322
were:0.023504595416246957
if:0.020307588477679068
of:0.0014730347391343837
what:0.020919138704468893
year:0.018748187244012515
mining:0.047213503711187946
ok:0.024726130231143423
least:0.01823986653565517
they:0.0070675729129374525
up:0.010177730078427157
in:0.005384233390742136
government:0.02039102226224468
seven:0.03650924152783907
yes:0.020203377806847642
or:0.005108420134114283
use:0.012596814604146576
and:0.0014462023276166282
for:0.0024647641129702576
seriously:0.029370861086343493
subject:0.00020224967342438103
doug:0.03273969306559687
until:0.02167549791942912
i:0.0014462023276166282
methodology:0.04407385387716579
cost:0.07547744555342911
observatory:0.045085455336442475
the:0.005139225068107179
do:0.0054418024159583085
can:0.006549742366952375
road:0.027353427166443258
long:0.01803266094779231
efforts:0.03676263496774468
moon:0.03481876007848899
is:0.002035398688565636
right:0.029392024148337872
their:0.034401900422311685
activities:0.032017646248897434
leave:0.026766531244655428
article:0.012277770913887895
very:0.013206382513510964
going:0.01649860366704305
answer:0.023002053349461034
s:0.004700274854969836
americas:0.05881559743061513
