at:0.00603400693461939
all:0.0065347111688102135
consideration:0.034347853871361175
your:0.008629672754666182
further:0.024300235623845114
much:0.011967101846300898
into:0.012265780157413605
mentioned:0.024076463142409847
kids:0.030112075553799474
work:0.02774071868479868
zoo.toronto.edu:0.06936954670423977
my:0.00650831685842672
to:0.005663832164756839
then:0.010930687327231528
matthew:0.02935802973165407
that:0.0047521181566366685
think:0.009861287859784624
r:0.02123438196389815
nt:0.0048909489844002636
toronto:0.027514385583154673
need:0.01315891774998107
re:0.002561236320398428
he:0.05445661669589846
on:0.0034726631865704786
you:0.0038068423932104234
henry:0.12534910256048507
society:0.025453638482238684
lunar:0.11195858728456014
sam:0.03377017477249987
bill:0.04240429966700982
more:0.00870834949192278
board:0.024597236433939344
a:0.0028695290257117704
bigger:0.031926827754992795
want:0.012962999778850558
was:0.0060648022883656545
talked:0.03377017477249987
third:0.02501907531964305
estimate:0.03984759391634166
likely:0.022646635650203615
sink:0.04022471567786925
d:0.02495677016954843
race:0.02993718992362711
it:0.007044974583698053
not:0.004129520606684691
have:0.007003433056817162
try:0.05006280148650807
utzoo:0.037578024491996175
money:0.06370314589169444
after:0.01321379238126679
be:0.007924126810102346
asked:0.046195902722444254
gates:0.08238984939769778
writes:0.0045291944590243995
were:0.01062536505118013
making:0.02105895336213975
if:0.004590071368242529
of:0.0039953544979261365
but:0.004556734398975412
spencer:0.06377691228329148
find:0.01449621053200952
one:0.00673500621764125
in:0.0024339685191026093
yes:0.018266067606191018
or:0.004618571628103324
and:0.001307525392091746
for:0.0022284168692607805
subject:0.000182855869123413
i:0.001307525392091746
than:0.009798638919311377
cost:0.022746627427060826
the:0.0025813459246200442
when:0.008956674266052985
ross:0.07430492869485526
may:0.012746750187944047
come:0.016446532016913755
thought:0.018387578117751456
problem:0.014490173233188932
about:0.006746686166588161
jerry:0.0334264093990488
is:0.0036804469437077244
orbit:0.03099301649778641
win:0.0232155849563585
having:0.035847827293429606
time:0.010818561437696668
somebody:0.05199627703390075
prize:0.04062381778830744
does:0.008345813796832365
man:0.019849653005446565
run:0.01833448238621503
first:0.012859964584870143
him:0.016414488379200738
article:0.0055502252076479516
u:0.02590166769584257
going:0.014916545781162208
answer:0.04159275400176515
by:0.006783804622035384
says:0.0175412790714217
s:0.012748690702520923
zoology:0.037755938782429464
