another:0.03959830947122462
land:0.07101129188549528
at:0.01573151807954341
there:0.016388910456734775
sector:0.09521858742864611
motorola:0.08702298398116129
into:0.031978641124685465
someone:0.03934746633326821
dennis:0.19372356409730124
tm:0.08207279161358119
to:0.0024610699287336262
cs.cmu.edu:0.0924939519358744
perhaps:0.051579670315000804
that:0.006194725454187085
cold:0.07889554258999339
re:0.006677508978181616
this:0.028124059198468873
products:0.07232297846673015
support:0.0489099340988126
a:0.0024937573675828484
mobile:0.10989680265012672
was:0.06324722386438468
fake:0.10627285900732868
evidence:0.057459072044876366
speculation:0.09820169608334552
made:0.041528206284250024
war:0.06315759134951816
has:0.019013829890831266
writes:0.01180825698245647
of:0.003472153313673904
one:0.017559123353136113
in:0.0031728518195444726
or:0.012041276030412237
subject:0.0004767313730717553
any:0.018272986898014414
the:0.004037962553512783
when:0.023351329336495284
claim:0.1749235202571421
actual:0.07254208726301255
film:0.09266321522077695
contradict:0.10122702022545349
time:0.028205535176852026
first:0.06705552962110861
article:0.01447023000565359
training:0.08003228994306442
