since:0.01266342799622583
believe:0.013751087850192028
know:0.0078093362383436825
chris:0.04856642079644684
access:0.0212175751140413
versions:0.056207886337326
4:0.04716967412997492
into:0.01133420191761004
to:0.0008722779494245765
recall:0.024752248196664696
been:0.009286331564692654
that:0.00658679668546475
smaller:0.028425583981297256
really:0.012350605969562821
nt:0.004519484504572396
need:0.012159506275298963
re:0.0023667120428998135
anyone:0.010588068035705007
this:0.0033226736605786013
upper:0.03308848028911249
two:0.011802464763628553
on:0.006417833230877088
used:0.0624830224157236
3:0.059277618851585306
a:0.0035354534831554306
beating:0.03347609817038286
low:0.02149237050620139
looked:0.0235759696486056
was:0.005604184393046744
as:0.01012802734451922
said:0.013870283725717926
developing:0.03120535137205684
given:0.017644225058109374
orbits:0.08197220977891846
whole:0.018936173892577783
plus:0.02263227755683336
pat:0.025652786276099872
are:0.008138118754445893
it:0.010849855371518101
not:0.0038158861302276257
should:0.010397545204009364
stage:0.22112336057094878
has:0.013478157897298114
access.digex.net:0.03139429417680165
russians:0.03514329722387748
which:0.008176533750110872
writes:0.008370410012880535
end:0.017115401282123476
of:0.001230636617504675
but:0.0042106533053823435
version:0.07899925589026796
up:0.017005827472814997
in:0.003373665225844756
thomas:0.023316487430563925
and:0.006041098330550472
green:0.02663487847691002
for:0.010295850092154241
seriously:0.02453768141390722
subject:0.00016896808159505252
proton:0.1290869233822331
i:0.0036246589983302837
than:0.00905443849505988
the:0.006678824139143507
do:0.004546315942446181
modules:0.03766632977474941
may:0.023557285157466214
long:0.015065261044991044
launched:0.03514329722387748
jones:0.0627885883536033
is:0.010202757983189769
today:0.017969153581002234
launches:0.03944419297390385
mostly:0.025829424175575037
rocket:0.03120535137205684
lot:0.01568704676117336
2:0.012331706025920309
first:0.011883258413867349
under:0.015362806500668602
escape:0.02750589985587235
article:0.01025737823185571
prb:0.031112953907366
earth:0.022281868117681954
fit:0.02573068404619226
while:0.027472689947829396
four:0.022202823740651734
james:0.0218961630863103
