some:0.008051978449195545
typical:0.030749002342978924
large:0.02064851117163845
at:0.0121512415510956
there:0.006329510245359637
estimates:0.04012240490886816
much:0.01204963358317194
zoo.toronto.edu:0.06984795737116556
both:0.015487614360746468
my:0.00655320180227794
to:0.003801928717491947
w:0.02134028175882313
respect:0.028188677165062903
speak:0.02472712285957513
puts:0.034053969821259335
that:0.004784891385303128
think:0.009929296741576242
bit:0.018793684124522068
smaller:0.030974084614103215
nt:0.0098493593341026
re:0.002578900019159797
joke:0.03385259634062304
on:0.010489837763571515
you:0.0038330964786808404
henry:0.06310678956493386
narrow:0.037837183281596146
great:0.01738793578436329
working:0.021851993177286946
access.digex.com:0.03084456809926462
why:0.01227394882864832
a:0.006741744055810183
basis:0.025704884669227577
low:0.023419272689515998
commercial:0.02873342482932932
as:0.022072114764607405
therefore:0.023675348417619764
funding:0.036927338157164785
spite:0.041043311064899356
residents:0.03757690515757651
pat:0.02795269125257779
are:0.004433871597249831
complex:0.03100684739174872
ssto:0.08885383477046727
pushing:0.03640518766243584
it:0.007093560615309765
not:0.004158000059144585
should:0.011329738911955031
allen:0.03071743912210022
has:0.007343272233700351
reducing:0.03898928041720419
writes:0.00912086056575948
get:0.009064648105456015
spend:0.028276532515252074
were:0.010698643430843442
if:0.0046217270328510985
of:0.0040229086668773515
trying:0.01859536705564411
least:0.03320913631319286
huge:0.029640847986492903
partly:0.04076741220549453
seems:0.01625163509917985
spencer:0.0321083765288295
they:0.006433928444880991
highly:0.028804646306266214
in:0.0036761317633342856
and:0.002633085617177861
for:0.004487570522925159
subject:0.0001841169440828848
costs:0.028387949344371277
i:0.0013165428085889306
alan:0.030349535806891304
will:0.00781589893036748
cost:0.06871050215898374
projects:0.035987086822322496
the:0.003118977972368495
when:0.009018444433405074
because:0.012170498613065614
did:0.011337317540985967
forget:0.026477333347686163
development:0.053617421145602785
people:0.010381194069469775
company:0.02321467613538862
moon:0.03169707814041756
is:0.005558744004634426
billion:0.03288225232611866
weight:0.03065474276553986
done:0.018266645182211712
else:0.0174244981057797
mostly:0.028145165653385214
fly:0.03415690533999503
their:0.010439197369529061
build:0.02573540043460934
light:0.024084239212457195
experience:0.0228429156882424
1:0.01350706132361868
paper:0.026597575153355826
first:0.012948653995800283
nothing:0.01761969656207523
engineering:0.026667237884297236
article:0.01117700524574622
very:0.012022362012299635
prb:0.0339023911542333
give:0.016298181181765563
by:0.006830589481497697
