au:0.059999638696100005
mark:0.06323418872194085
final:0.04059629891827995
thanks:0.02098301731490698
where:0.019446913665618543
with:0.006156077650416288
name:0.029076131640318432
to:0.0029014719159806963
scientific:0.04444946880846192
nasa:0.04515937702736227
mi:0.05612885153688613
talking:0.03431253874065546
nt:0.0075166163339204055
me:0.011406196635837312
re:0.003936215818717585
this:0.01657839279067639
gamma:0.05874126868926018
american:0.03396879176198122
used:0.020783826403545952
inc:0.0385370052189937
temporary:0.055456730779133157
came:0.03177607086818891
3:0.02464700994355389
m:0.014408575917011284
ray:0.04566072491145968
a:0.0014700043429962052
same:0.020443087900301183
sorry:0.03344649141830131
want:0.01992208387065454
was:0.009320643516856691
sq:0.07015838497024302
question:0.022978800877337942
also:0.01561575928083754
radius:0.0605132193715677
jupiter:0.24972957461443734
comet:0.06402000301923653
thread:0.043820292563199637
not:0.006346421142904893
utzoo:0.05775149027190991
83:0.05904204103077656
neil:0.05874126868926018
has:0.011208152356700536
public:0.031197311558532562
scientist:0.051899426492473484
were:0.016329508394445254
of:0.006140229017865431
but:0.0070029812868464235
again:0.025703885664294924
km:0.05874126868926018
up:0.01414168810897247
one:0.010350641134480237
in:0.0037406253030419045
for:0.0034247248727586736
known:0.034283460501751135
subject:0.0002810205988633505
i:0.002009460076267315
person:0.02952836251656685
we:0.014186777954883894
information:0.05134360598913189
observatory:0.06264505373063585
the:0.003967121105205542
around:0.024917836138459323
photo:0.05748498702997001
may:0.019589742394103483
an:0.009451559353281439
about:0.010368591371809174
language:0.042925361049854616
is:0.0028281329146385673
orbit:0.04763137272291385
issue:0.03296168428910372
1:0.02061604096762851
1970:0.06016806334185201
article:0.017059639585612654
april:0.03581214591461171
before:0.02238099228655415
project:0.04054353532013738
s:0.01306181643907407
august:0.05262014016907834
