taken:0.01781016918788465
at:0.014285919120882666
block:0.02371772587655855
say:0.010256999860905641
there:0.004960967489606203
story:0.03886548678932545
with:0.006322458127454566
powered:0.029940731401712776
billboard:0.03398785049206281
vehicle:0.0237874740108067
service:0.01968968231609915
from:0.004576066240163112
my:0.005136293304488115
to:0.00223491755690405
observers:0.03239433946384311
lights:0.026533116050758605
published:0.022162687647089466
worse:0.04210881527935554
nasa:0.046379900730804495
that:0.0018751601374836586
indeed:0.01993644491083576
like:0.006295346289236072
arrived:0.02853379573542269
could:0.008157346785546256
re:0.0020213000150171383
vandalizing:0.03135161694425126
this:0.011350971640463114
off:0.01180247269165595
fiction:0.02938584408246908
on:0.008221764733610108
winning:0.0253191627205757
8:0.015959412337156035
letters:0.02535031788120678
paint:0.02637976093114122
a:0.005284069665364739
load:0.02430266417191116
vision:0.02577257614749841
as:0.004324941406578478
character:0.024675598612381167
pointed:0.023381878411115272
fathers:0.03081062527637568
washington:0.02075250451575402
needless:0.03144729033397775
promised:0.028882652606436587
science:0.018279093114417923
those:0.010031976509662487
base:0.02081965327250298
not:0.00325897301932954
rockets:0.03107435589350774
rights:0.018774050917258412
robert:0.017272497453825426
shall:0.021404205481258133
has:0.00575553769668406
be:0.003126817606148494
which:0.006983201797391988
sort:0.016959250311681245
writes:0.0035743913027976343
were:0.01677084645915999
things:0.024159199223137834
of:0.006306181153483416
produced:0.024815280943104884
short:0.018718799273628475
future:0.037886554857490276
opinion:0.017888170619392914
what:0.009950725437801419
huge:0.02323201598941336
award:0.030559165732403283
launch:0.024900856430762616
toward:0.024175472294018216
they:0.005042808781122939
find:0.01144025263607238
who:0.01397894999171728
pad:0.03016443527286334
over:0.010842922986591124
one:0.0053151940960844465
in:0.0057625849263078
use:0.02696399234184889
and:0.002063769808058324
for:0.0017586425022274271
subject:0.0001443078750919908
space:0.016527095986557317
dispute:0.028705410320906902
we:0.007285102193048487
images:0.023004604022274507
agency:0.02364886627776163
the:0.008963549307977927
sky:0.025196307309345668
when:0.007068510501858033
writer:0.027557666346798827
judge:0.023580872860427256
got:0.01195758822503013
put:0.013445725943496105
an:0.004853503451685064
just:0.006348046289004789
about:0.00532441178552363
moon:0.09937462335914697
is:0.0014522844696792643
involved:0.019464200740896585
night:0.018096404576129863
ad:0.023403630574897572
guys:0.02099824707833109
new:0.018637833133876184
dc:0.02420067236486044
lot:0.013397585882515627
man:0.015665131561055128
friday:0.026936691881942493
sale:0.017161471103262865
their:0.008182073613955211
1993:0.01637651785410885
1:0.010586615632025452
16:0.01884860941527104
sold:0.022197449216442386
article:0.008760355462882173
advertising:0.029128395169013648
spring:0.02573889750019768
april:0.018390020875070877
side:0.017407373397682127
before:0.011492941984987267
high:0.015120669327792009
s:0.006707419252497496
comic:0.03649761053601469
