acting:0.042303026027842736
large:0.024541263277767015
there:0.007522778570304488
manned:0.05024203553948136
all:0.007820228120051568
thanks:0.01633923479439478
with:0.004793667022865143
such:0.01576243609399835
gain:0.03758692647945289
mechanical:0.04335429107311879
my:0.0077886414863139455
to:0.005648357213487011
aid:0.04072051704360558
acceleration:0.09596912058945506
published:0.03360735421894714
that:0.0028434805363481705
through:0.019421830278892025
larger:0.03488403068951462
this:0.017212538962997345
he:0.026067757500331728
hi:0.025828005409954138
these:0.013578983386056908
big:0.022752299621865226
on:0.008311620085889999
used:0.016184127117515292
them:0.012015239110920008
passing:0.04005961758130961
a:0.002289351025977697
was:0.014515756296744026
question:0.017893328552025446
also:0.012159812554750545
advance:0.025930337841611882
course:0.02005042458934442
andrew.cmu.edu:0.033399831202682466
are:0.01053953084592173
forces:0.036106730275392115
not:0.004941885316196434
have:0.0041905787962922365
try:0.01997040715035568
extended:0.03918447024175464
1986:0.04178826454227691
sun:0.029741740197531487
be:0.014224457142724705
if:0.010986072455137857
of:0.00796887645761224
discusses:0.04912256394107357
what:0.007544607401611732
but:0.00545314116598697
humans:0.03697034105947265
reading:0.026937065953795004
fact:0.019657927283842944
order:0.022986203779774526
they:0.00764688216809626
craft:0.05024203553948136
author:0.03314760449229923
in:0.005825563996540672
and:0.006258974008045736
for:0.0026667939582956887
subject:0.0002188275155083467
i:0.001564743502011434
possible:0.021122718221021165
solar:0.04035343833354843
any:0.00838760054335088
the:0.004942642688452807
when:0.010718642974128983
devices:0.034792446258382445
can:0.007086606495391093
because:0.014464936876184541
may:0.015254307601965828
an:0.007359820807883088
problem:0.017340699115127742
handbook:0.04725871277553536
here:0.014757384472322919
finally:0.02980757767045988
is:0.008808938586579145
orbit:0.03709000334980997
estimated:0.04574115184819441
very:0.014288872883470879
initial:0.037759495407303965
already:0.023817920666371735
close:0.028482895214512628
somewhere:0.03179935294182448
magnitude:0.047541386349889206
by:0.008118323564075132
says:0.020992022495307936
s:0.005085543285705069
