some:0.0069085022197239885
ask:0.017245932451812825
say:0.011228076770813866
ideas:0.04256797203597006
all:0.005645371778972137
knowledge:0.021874385472497843
aurora.alaska.edu:0.031817705821694964
such:0.034136400061558554
from:0.005009303280651927
my:0.011245139187340844
to:0.0016310049231844151
remember:0.016465230985332733
important:0.018593901141853386
published:0.024260930264565387
h:0.04181280620466883
basic:0.02260149591455621
might:0.012586302579162401
that:0.006158070273984796
think:0.025557657293406307
quite:0.01571715610715622
bit:0.01612475856837692
like:0.006891355405376764
nsmca:0.03238847662753853
its:0.02447129652111444
me:0.006411767339671862
civilization:0.03453116696620451
so:0.012092433105146983
error:0.022280817509893483
mean:0.015641550632129353
off:0.012919866555954736
something:0.02355812209660974
two:0.022068513995897175
big:0.016424737005133475
on:0.003000052220350828
you:0.006577502833239312
fall:0.023078704304108473
a:0.004131669011379867
how:0.01556642600271153
sorry:0.037602564316433426
was:0.005239414994682755
as:0.0142032099446808
idea:0.016404593463081398
worth:0.04159956945315785
odd:0.028754401069897614
others:0.015954604870227197
are:0.0038042093585871333
book:0.05520174871036107
imagination:0.03354268125813843
it:0.006086191060472875
not:0.0035675148436447625
have:0.015125757785433515
worthless:0.03261755658127043
his:0.021827562621363983
without:0.013297103460369792
be:0.006845695350739305
if:0.007930774198383542
of:0.0023010720185294513
short:0.020490993287699807
raised:0.02677503200400483
what:0.005446402976311427
but:0.007873174227815506
good:0.00958585710863609
degrees:0.02991484414046738
in:0.001051359182807636
or:0.01197002587638613
weeks:0.021541804055225502
and:0.007907047045667246
few:0.013524423082285719
subject:0.0001579701591243686
space:0.018091791464574576
i:0.01129578149381035
unfortunately:0.021786349590686132
ways:0.021114428291592272
the:0.0017840307928734982
wrong:0.015641550632129353
do:0.00425040188702069
see:0.010469738233202226
quote:0.0477509812134981
can:0.015347325309545207
wright:0.03363442200687196
human:0.018969481486606956
just:0.020847134262708036
many:0.01096568655371653
crazy:0.08688178423922245
is:0.009538673144047239
self:0.025160434449764353
having:0.015484564452191487
new:0.010201180857299093
light:0.020663992223705876
first:0.011109791889887817
beam:0.06637862601093222
dreams:0.06433587165984354
nice:0.018696683176063655
him:0.014180563925226673
wall:0.026547420874846277
killed:0.021614112406318848
before:0.012581031166997896
close:0.02056161666373101
