effective:0.10094913584011361
method:0.09977244806866398
someone:0.0550864528665755
to:0.0034454979002270774
that:0.00867261563586192
re:0.009348512569454263
on:0.012675220630982248
you:0.013894974735218047
access.digex.com:0.11181155935983425
was:0.022136528352534643
commercial:0.10415866500631879
said:0.05478762071658581
let:0.057628443568820624
pat:0.10132850579059449
missed:0.10864830443069579
it:0.0085713857434993
opportunity:0.11503383468653477
be:0.014461531428436784
writes:0.033063119550878116
if:0.016753760494085234
mining:0.15580456224692021
never:0.05509848077154651
in:0.008883985094724524
use:0.0415694881936837
subject:0.0006674239223004575
methodology:0.1454437177946471
cost:0.08302519010877202
the:0.0037687650499452652
put:0.06218648248866948
an:0.02244745346404342
moon:0.11490190825901368
right:0.04849683984475749
activities:0.10565823262136154
article:0.04051664401583005
very:0.043581062294586186
prb:0.1228961679340957
