out:0.007960656074867973
mark:0.04058951303097555
there:0.006201209362007754
final:0.026058435116463483
all:0.006446404261123589
probe:0.03761104245611472
send:0.0198199129788934
thanks:0.013468828681865967
with:0.007903072659318208
distant:0.03907200940523388
name:0.018663733147501697
to:0.0037248625948400837
scientific:0.028531753627053263
day:0.017184479971370757
nasa:0.02898743795675281
like:0.00786918286154509
nt:0.004824855079205666
could:0.010196683481932822
me:0.007321545137868546
television:0.03532418841675523
re:0.0025266250187714226
peak:0.04035067156495366
orbiting:0.040786742653721036
had:0.01036762490325767
this:0.0070943572752894465
gamma:0.11311663227323752
on:0.006851470611341756
you:0.0037553985770859585
american:0.021804292009379837
inc:0.024736591187867578
temporary:0.035597225837957096
came:0.020396802246472615
ray:0.08792774729571629
a:0.0028307516064453955
how:0.008887587819115705
same:0.01312225236843657
want:0.01278782410616339
was:0.005982845500685038
sq:0.04503409846062897
question:0.014749905968561516
primitive:0.0381989571655041
stuff:0.01975281454509204
estimate:0.03930911291747219
probability:0.03840687377811731
no:0.007606390109341283
jupiter:0.04007484727765464
comet:0.04109392085694237
thread:0.028127890496648416
have:0.006908792069562877
domain:0.03015677735797685
utzoo:0.03707021335021245
referred:0.03297470116392653
neil:0.03770554409107917
has:0.007194422120855075
fraering:0.08316514795144725
public:0.020025301338247255
ancient:0.030983817773603053
scientist:0.03331382105935798
g:0.023885148385212853
writes:0.004467989128497043
get:0.00888090523845353
of:0.00525515096123618
but:0.008990313814194734
phil:0.05988451825224315
again:0.01649911579802715
seems:0.015922210063385664
they:0.006303510976403674
find:0.014300315795090475
up:0.00907743493481341
one:0.006643992620105558
in:0.0048021541052565
thomas:0.024891925770466894
for:0.002198303127784284
known:0.022006275322069987
subject:0.0001803848438649885
i:0.0012898561300364523
person:0.018954016480228722
we:0.027319133223931823
info:0.019901320671570254
information:0.03295704438491574
yet:0.017770734747879487
observatory:0.12063405617048122
the:0.005602218317486205
do:0.004853499452070924
century:0.03018798645160046
around:0.01599455698076781
photo:0.03689914708004832
maybe:0.01789130461042111
may:0.012574496807025885
an:0.012133758629212659
here:0.012164870983941867
about:0.006655514731904538
is:0.003630711174198161
pgf:0.08316514795144725
sorts:0.0336186888653071
orbit:0.03057419195051903
done:0.01789637534743715
issue:0.021157837888276035
20th:0.03907200940523388
every:0.016433435992820246
article:0.010950444328602716
before:0.014366177481234085
project:0.05204913318125745
s:0.004192137032810935
99:0.03595480963156752
