at:0.0300328981518556
posting:0.037490779056320915
take:0.024156240117451176
your:0.014317411615696166
from:0.009620139254888358
dennis:0.061639315849141306
to:0.004698406227582378
then:0.018135003974725037
could:0.034297935348319486
re:0.004249323895206484
something:0.022621151331403667
western:0.04648327004199319
you:0.006315897606917294
access.digex.com:0.05082343607265193
a:0.0015869365066436309
how:0.02989461357338919
as:0.018184412732204964
question:0.024806660038035278
pat:0.046058411722997496
it:0.027272591002043226
should:0.018668319798107725
have:0.005809666058496055
site:0.04438141133452962
uses:0.03880676283905042
russians:0.06309819274287093
without:0.025536482781846535
be:0.013146846753124348
were:0.017628446562185218
if:0.015230691358259302
of:0.0022095521087015756
lift:0.06249198841667442
york:0.04276326372074367
well:0.01912349897901528
highly:0.04746220130009774
now:0.018771754521343685
one:0.011173987588359347
compare:0.04897398765674447
or:0.015325260402342849
and:0.0021693034914249424
for:0.007394292338910773
subject:0.0003033745101365716
cape:0.06717357692950804
proton:0.15451313556358204
i:0.004338606982849885
detailed:0.056196143211024105
the:0.004282687556755983
see:0.020106656379672457
thank:0.04125561712238084
would:0.021196582866008548
major:0.037232136053611274
pads:0.06786249308651297
long:0.027048991421688463
launched:0.06309819274287093
about:0.011193365685475814
handled:0.11973612327312842
is:0.0030530980328484533
spare:0.05793373038815663
very:0.01980957377026645
prb:0.05586189451549805
close:0.03948765018375614
usual:0.04875160019999336
t4:0.07212037319380174
s:0.007050412282454754
