some:0.017425923509453045
at:0.013148731529170612
replied:0.08308110870902952
from:0.012635406782539934
work:0.03022496214910901
several:0.04206643838906562
to:0.006171041015332078
nasa:0.06403195250148382
that:0.010355361953267965
think:0.021488776530276945
could:0.0225240172436725
me:0.01617296537917231
re:0.005581201534002545
had:0.0229016191892856
this:0.02350667634498891
personally:0.05849021798666419
you:0.00829550730460779
suggest:0.05479701201656892
them:0.02187849509749613
posted:0.050945983947490975
why:0.026563023584388154
a:0.0020843345161886493
was:0.01321583782240874
idea:0.041378750675533676
residents:0.08132315295296409
not:0.008998656844417386
have:0.007630606166382879
gene:0.3210264050069522
after:0.028794234144253004
heard:0.040338020289848876
scratch:0.0841553400467174
of:0.0058041965840519
one:0.014676282205606305
government:0.04017335729278056
apollo:0.08460765869590142
message:0.04846746102327942
and:0.0028492344364984316
subject:0.0003984620431644522
i:0.005698468872996863
ago:0.04270396605021857
program:0.04144229003558321
the:0.0011250044925209745
original:0.04606220915333551
start:0.04205316549078377
wright:0.16967812893018988
forget:0.057301691573350653
people:0.022466763284673393
relatively:0.06654634835420813
jerry:0.07283963839195709
moon:0.06859815418448577
billion:0.07116308339234635
days:0.04445153170970406
1:0.02923169987947326
first:0.02802320640882151
give:0.03527218315456726
before:0.031734242794367824
