another:0.044350106607771576
there:0.01835557971154295
tm:0.09192152660721094
item:0.09732733320200916
to:0.0027563983201816617
cs.cmu.edu:0.10359322616817933
bruce:0.18426633758764335
perhaps:0.05776923075280091
that:0.0069380925086895365
cold:0.08836300770079261
re:0.0074788100555634104
happened:0.06744601797476862
this:0.02099929753485676
reader:0.1030350504058378
support:0.054779126190670116
a:0.005586016503385581
was:0.035418445364055424
fake:0.11902560208820813
evidence:0.06435416069026154
speculation:0.10998589961334698
war:0.07073650231146035
be:0.011569225142749426
writes:0.013225247820351248
of:0.003888811711314773
extract:0.11745616977937821
one:0.0393324363110249
in:0.0035535940378898095
or:0.013486229154061707
for:0.00650697725824148
subject:0.000533939137840366
i:0.0038179741449078986
any:0.020465745325776146
the:0.001507506019978106
would:0.01865299292208752
claim:0.13060956179199945
an:0.017957962771234733
watson:0.23805120417641626
bulletin:0.10947305100108023
contradict:0.11337426265250791
time:0.031590199398074274
first:0.07510219317564165
article:0.01620665760633202
