above:0.0086708790768425
statistics:0.030096220319135527
at:0.011222484235088294
versus:0.017236571986234774
case:0.015742745906412458
where:0.005883620376540642
with:0.003725015138786926
mathematics:0.03389370589472607
times:0.026851682880506624
from:0.005392179964523412
to:0.0021945846498261637
plot:0.018102602927265482
0:0.023344944512550526
q:0.09462658950528217
recall:0.012454952914245294
near:0.011480177635291482
value:0.011891251018333337
h:0.04500868948145881
day:0.01619938239339409
that:0.002209583601493483
paris:0.0184161063438682
choices:0.01634894968537802
think:0.004585184801046354
location:0.014620468071574534
its:0.006585428522401816
re:0.0011908933209495878
behavior:0.013529901346876415
wait:0.011692356067229674
bitnet:0.03108443167045303
md:0.03189056366604812
on:0.0032293555747725474
you:0.001770060475823955
used:0.006288100345021865
am:0.005204892855736833
sin:0.04113789301435506
a:0.004002718832043808
how:0.0041890541313029436
baltimore:0.06659846988127101
below:0.011821254500120676
as:0.007644402804621195
definitions:0.017088419070200086
180:0.03661627923757282
usa:0.023214150866425
experiment:0.01618129448319515
exact:0.013601740032940346
l:0.06315211296980948
plane:0.01646583301929658
internet:0.018194483714105772
z:0.06358051131976325
telephone:0.02851671584394383
not:0.0019200955687132641
should:0.005231885803291337
zero:0.014756733279234433
orbital:0.017161634096393392
interesting:0.01040772153478157
45:0.014364272640941604
university:0.014970319118462763
able:0.00839957078379194
always:0.008461643624199705
algorithm:0.012996971400448587
shows:0.012306416043375514
follows:0.013675236680336985
graph:0.019520790878397216
sun:0.023111415949674148
be:0.003684466605971155
writes:0.0021059311815845934
conclusion:0.014056543864861758
if:0.010671185028079766
of:0.011765513139328134
fraction:0.018825715827378048
measured:0.05372859264979229
department:0.02208965339294864
looking:0.008260781354798229
what:0.0029313442770593353
but:0.0021187363765936633
year:0.01576280710961562
depending:0.014333650161007077
degrees:0.11270465165023219
one:0.0031315634005593075
in:0.002829294616154307
compare:0.013725193992972971
or:0.0021474887187996347
and:0.004863661331092865
for:0.0010361428755161592
subject:8.502215570706465e-05
exercise:0.015895127829940812
p:0.032160458977369584
locations:0.01836166547329718
i:0.0024318306655464325
away:0.008818419064725065
ago:0.009111992755938358
information:0.007766946765871863
will:0.0036092526907747914
program:0.008842781631796418
normal:0.01201389386789345
joseph:0.013007002002050166
the:0.007441510608172179
do:0.0022876366844155945
hello:0.012322582135833668
around:0.015077671548749273
can:0.0027533948803748834
planet:0.045201712874183016
did:0.005235385488671865
county:0.03519498273238677
an:0.0028595482119800533
makes:0.008894834019910746
long:0.007580609060855366
here:0.011467521691868765
compute:0.01864368266228267
pi:0.01968005973373053
about:0.00627398840969345
axis:0.019224324562900363
is:0.01026774370282792
length:0.04416634946601313
1/2:0.015105840683747882
time:0.015090859585067328
90:0.025681270124486195
goes:0.010264417821626359
define:0.013613872289044381
1:0.03118668617714504
circle:0.03470478501814391
various:0.011352162351449646
almost:0.009624181306575058
position:0.010964468016599402
e-mail:0.01751398583854947
article:0.002580677962791723
convert:0.0136260509401221
u:0.024086901169382266
spring:0.015164637062218376
function:0.026197456175461518
full:0.019679378878492058
earth:0.011211895422273086
occurs:0.015204446497773255
maryland:0.036942988119022184
by:0.003154253104513268
sometimes:0.022321696333234716
north:0.02556786487204348
defined:0.013919839900794772
s:0.00987955861235698
