another:0.0238441433375116
large:0.03219391526760834
all:0.010258793877917111
with:0.006288466417091907
violent:0.05189054371726999
work:0.043549945462157076
zoo.toronto.edu:0.10890272923461299
mechanical:0.05687337108516659
my:0.010217357648712918
to:0.004445803742228486
aid:0.05341831268085894
acceleration:0.12589497539691955
been:0.03155355671443955
that:0.00373015726273631
think:0.015481161586328552
bit:0.029301980624254837
higher:0.03991262272083755
talking:0.03505044279959429
toronto:0.04319462682946863
me:0.011651491187145643
re:0.008041731242541303
this:0.011289944911213313
these:0.017813290033321966
henry:0.19678461262183677
used:0.02123079041222436
a:0.0015016173396197798
demonstrated:0.055594317936119644
question:0.02347296863814091
course:0.02630270752580666
andrew.cmu.edu:0.0876296646608013
are:0.013826051217230658
have:0.005497318420942504
briefly:0.06199530063027219
utzoo:0.05899345780463916
has:0.011449187891253237
writes:0.007110348290511424
if:0.01441183698415934
of:0.010453794922889175
what:0.009897226913942271
fact:0.025787818587406877
order:0.030153944743360132
using:0.02370344708220345
spencer:0.10012289455226406
sounds:0.03830865122108428
one:0.010573235567479812
in:0.003821068857946032
still:0.021953861099242446
subject:0.0002870640526023473
i:0.004105348542911719
we:0.014491869953913657
possible:0.027709372289941744
any:0.02200617776965177
water:0.044087066824855387
the:0.0016209742150302216
devices:0.04564170369379203
during:0.03148784419142442
here:0.019359149522832218
finally:0.039102413718237694
is:0.005777905954637934
man:0.031161820847260206
article:0.00871325677759786
very:0.01874454292240266
u:0.04066283315691415
magnitude:0.06236611972781165
high:0.030078750813349694
doubt:0.03742013224710288
s:0.013342715717333729
zoology:0.059272764110050565
