lpl.arizona.edu:0.078189146656902
au:0.03931010811123793
since:0.013798769816577112
mark:0.041429296059202626
final:0.026597575153355826
thanks:0.01374749410287009
where:0.01274108136712939
with:0.008066584507442033
4:0.017132893132266753
name:0.057149638051660366
to:0.0019009643587459735
scientific:0.02912206577106126
nasa:0.029587178052409763
bear:0.031072843605653207
that:0.002392445692651564
mi:0.03677407514485643
son:0.02942862965086011
talking:0.022480628830084608
nt:0.0049246796670513
me:0.007473025382100308
re:0.002578900019159797
this:0.007241137080985089
he:0.021932871827865314
gamma:0.038485658796411845
american:0.022255415292332523
used:0.013616989712668039
lunar:0.03757690515757651
inc:0.025248382729685527
temporary:0.03633372016563897
came:0.020818805051572048
3:0.03229608199500165
m:0.009440101462869463
ray:0.02991564735578393
a:0.000963106293687169
other:0.009512468881599385
same:0.013393747245024913
sorry:0.02191321851543879
want:0.01305239977732539
was:0.018319885533132116
as:0.011036057382303703
sq:0.04596583842877991
question:0.015055076436876582
also:0.010231014701238389
radius:0.039646592002061595
jupiter:0.16361592819566584
comet:0.08388827981830993
thread:0.028709846851751486
not:0.00831600011828917
az:0.043981824136009005
utzoo:0.037837183281596146
comets:0.04596583842877991
tom:0.05235487204792766
university:0.016209242079990714
83:0.038682716537405334
neil:0.07697131759282369
has:0.007343272233700351
scientist:0.03400307252955159
his:0.01272020028624315
which:0.00890960229322426
found:0.018444969001772397
writes:0.00456043028287974
were:0.010698643430843442
of:0.008045817333754703
arizona:0.03878339791272363
but:0.00917632030690221
again:0.016840476814538055
km:0.038485658796411845
latest:0.05746684965865864
well:0.011605985587264446
up:0.009265243933464722
planetary:0.038885570918138386
one:0.0067814545363836035
in:0.0024507545088895237
system:0.015415326408569139
rather:0.017748163123536987
for:0.0022437852614625793
known:0.022461577570112815
subject:0.0001841169440828848
i:0.0013165428085889306
person:0.0193461685453369
we:0.009294785556648068
information:0.03363891426874158
observatory:0.041043311064899356
the:0.004158637296491327
when:0.009018444433405074
around:0.01632547884933542
photo:0.0376625777092907
prof:0.04063349437199728
may:0.012834658809929868
an:0.006192400955598185
jim:0.046708010302743026
laboratory:0.03301279032532913
about:0.013586430073405124
language:0.028123512411973715
is:0.001852914668211475
orbit:0.031206761439150455
issue:0.021595586258378298
does:0.008403371133362243
1:0.01350706132361868
1970:0.03942045529293753
article:0.01117700524574622
april:0.023463130081986982
before:0.014663408739466513
project:0.02656300589940035
s:0.008557741804910597
august:0.0344752642487065
