land:0.08460919884229226
companies:0.08460919884229226
to:0.0029323386384911294
line:0.06008093082565933
besides:0.08617205944972103
look:0.05045038987821086
like:0.02477955454273773
nt:0.0151931606749455
re:0.007956180910173841
this:0.01116983911428551
access.digex.com:0.09515877392326319
same:0.04132113511763005
was:0.01883959859790182
pat:0.08623702620476127
it:0.0072947963774462115
after:0.041047099737552155
were:0.03300645313770849
of:0.004137033735441248
but:0.014154962175540643
mining:0.3977988823325622
they:0.03969870742586143
now:0.03514711484847328
in:0.0037804191892444783
forcing:0.11231387683091908
still:0.043440618770841426
for:0.0069223162321717865
subject:0.0005680203594046446
space:0.06505346292581071
pay:0.07091153323399751
the:0.006414919233949387
when:0.05564572097207387
claimed:0.09055003710895283
moon:0.0977888580927776
horse:0.11540978286647734
done:0.0563545436472489
does:0.025925293922075005
told:0.06596212269636446
strip:0.11416518272431544
prb:0.10459248334816655
mine:0.06947317116595715
