some:0.015993655823744575
help:0.029316338630709544
ncsu.edu:0.08097636670954393
specifically:0.055438940435009056
eos.ncsu.edu:0.07969518783268333
companies:0.10894883138596537
to:0.0018879440549189463
city:0.05040802189707386
713:0.07644411678739339
t:0.03529141171233482
like:0.015953959774091413
need:0.05263567099992428
re:0.005122472640796856
phone:0.040237631865884506
you:0.015227369572841693
inc:0.05015089720280002
m:0.018750886467343453
following:0.03749745579506522
houston:0.13783331636023602
are:0.008807005227414047
co:0.06253405127795227
it:0.009393299444930739
not:0.008259041213369381
offices:0.07852365121024275
101:0.07945272787241757
writes:0.009058388918048799
get:0.018005122949193455
trying:0.03693600305573145
bureau:0.07703551640198529
mailing:0.06046239415844646
what:0.025217591862921402
dr:0.05368280280967809
good:0.022191915772047932
email:0.03758765286257453
in:0.004867937038205219
or:0.009237143256206648
industries:0.08152438499192337
and:0.002615050784183492
for:0.008913667477043122
subject:0.000365711738246826
space:0.041883736404289086
doug:0.17760162265721038
i:0.007845152352550476
sciences:0.0697193179645845
the:0.0020650767396960357
got:0.030303477008638
addresses:0.19805013212362013
mitch:0.08653068325897084
their:0.020735392035365945
engineering:0.05296917114004245
luck:0.056476556519364673
personnel:0.07808172159081507
give:0.03237309960761653
somewhere:0.05314412409455598
tx:0.12978506653754662
s:0.016998254270027897
