increases:0.06491522128210445
cut:0.045197722170424705
continues:0.06114507746048493
blew:0.06906919951199597
to:0.0017014804445565812
young:0.04634636453178008
most:0.022920931653914046
death:0.041424893630079285
enough:0.03002652502391847
calls:0.04948505759825219
golden:0.1322089884639233
age:0.05089862501127927
ages:0.06872141090746886
a:0.0034481583354231977
vision:0.05886329120107661
was:0.02186323787904656
as:0.009877952595271832
mac:0.04236150783717452
primitive:0.06979562543820503
course:0.03019940493703727
pat:0.050038768291651596
those:0.022912538941821728
radius:0.07097229432467816
likely:0.040819861789255896
yeah:0.0488175610393599
it:0.02539669849925718
machines:0.04871538931955916
tom:0.09372168453024086
completely:0.04440732885233914
hm:0.06583013451857016
call:0.03280192713578651
environment:0.10364576555253815
down:0.029189698480903182
of:0.014403006338202863
but:0.01642674622840519
years:0.0550561832834665
nature:0.047066853608145304
highly:0.05156387301739013
in:0.006580729699795943
ended:0.06133213678172692
men:0.04335306855095484
and:0.002356774163523394
suck:0.06805391434857656
subject:0.0003295920603952876
flight:0.058042430197757684
space:0.07549414216081736
i:0.002356774163523394
the:0.00837503344432281
flying:0.06133213678172692
would:0.01151419316178242
reality:0.05173594101546151
mystery:0.06789253062552282
their:0.018687452081255728
