andrew:0.05303462196016899
thanks:0.028075868238255818
to:0.003882251155185439
might:0.029958945575752762
mail:0.043159373307547266
been:0.020665357566499145
that:0.004885980639922209
me:0.015261812400064011
uk:0.06086816175575755
this:0.007394118850301676
ti:0.05336142332748821
reply:0.05058023266697386
posts:0.056662217917868615
hi:0.044380516338231056
on:0.007140969369567464
none:0.05102127087917315
a:0.0019669072195019647
dc-x:0.17335833657484778
sorry:0.044752347672374994
j:0.043015896613082576
hearing:0.0638708831707018
are:0.018110179763414804
it:0.004828949714647492
have:0.02160213858370364
ve:0.025706108437006117
talk:0.048726672783620105
if:0.009438738306526891
of:0.005477199593401089
andy:0.06312405967340293
what:0.025927946563285387
explain:0.10126922614120011
but:0.018740372457758035
please:0.05395536216634521
they:0.039419139063707476
net:0.04669214767462652
email:0.038646459985463955
and:0.005377428373109717
subject:0.0003760134773523704
i:0.0026887141865548584
actually:0.03442695953663499
the:0.0031848718731931815
would:0.013135910508512339
come:0.033819629217878996
jonathan:0.06733106154216995
jesus:0.04891830168581417
many:0.02610142292363512
about:0.013873467328477064
lab:0.06070015371540159
is:0.0037841215055023085
guys:0.054713742387200726
somebody:0.05346096089401064
life:0.03930111765195366
faq:0.054677395252081124
full:0.04351637301300357
lots:0.05139007058332903
by:0.013949795419960087
