since:0.02598469640784002
help:0.02779341194859477
all:0.012390491307094692
with:0.007595160737526589
o:0.045467259529868596
to:0.007159476156316005
cuts:0.07013570319520411
mail:0.03979630525760852
nt:0.009273747424966734
anything:0.030145988965187064
re:0.004856370165950267
ongoing:0.0783952975681911
these:0.021514752897388866
on:0.006584530197912856
missions:0.06983366602423961
them:0.038074264195642624
support:0.035570861162772804
access.digex.com:0.058083926940173634
m:0.017776814443065874
why:0.023113280261740345
a:0.0036272834437568705
how:0.017082636327650967
uunet:0.0490518482132115
usa:0.04733274916920422
question:0.028350468614897463
funding:0.1390769878646466
science:0.04391730163853656
pat:0.05263818482628286
internet:0.03709784341707281
not:0.007830000111376167
should:0.02133522262640883
have:0.006639618352566921
uucp:0.05498218970566329
kind:0.03578606099952026
money:0.04026259437310559
university:0.03052389742335914
after:0.02505472321642794
virginia.edu:0.062417503897498755
greg:0.056873618149291205
access.digex.net:0.06441946077837224
be:0.0075124838589282
writes:0.008587823259968343
of:0.007575607229833973
keeping:0.05428753145954659
department:0.0450399426323758
spacecraft:0.06620997758646471
separate:0.05484025372472575
now:0.021453433738678498
in:0.002307528596032344
astronomy:0.0640317599582465
better:0.029041764562355885
subject:0.0003467137258703675
we:0.017503167606674936
seperate:0.07342137221421569
will:0.014718251232510188
agency:0.1136374093866468
the:0.0019578000259455925
do:0.009328804141642815
keep:0.03440798161202495
virginia:0.12675989018860068
transfer:0.059023156311337616
changing:0.055615828201370204
article:0.010523803640475338
prb:0.0638421651605692
going:0.028283320572073802
va:0.0648190927091093
