effective:0.03230372346883635
read:0.018136024495183374
out:0.009425416792643679
technology:0.05388268297307108
posting:0.026393508455649927
way:0.013858982556372346
though:0.019884353612885437
into:0.014326431223859092
times:0.022483809131944213
throw:0.03410696461227848
single:0.026011413364098998
then:0.07660225678923856
that:0.008325711010427443
think:0.011517984220228442
higher:0.05938998260860628
this:0.008399719013942705
these:0.013253087784791541
slower:0.07819637351871636
on:0.00405607060191432
performance:0.030328089868772928
products:0.03240069435309511
cycle:0.040444869277911896
access.digex.com:0.03577969899514696
why:0.014237780641232052
more:0.010171352206565808
a:0.0033516099020313482
same:0.0155367468042289
was:0.035418445364055424
as:0.006400913281736148
capable:0.035102234297306655
silicon:0.08698209848410848
promised:0.04274632585752615
computer:0.04289124648264504
pat:0.032425121852990235
those:0.014847325234300482
model:0.0292716120926684
d:0.014574753779016285
it:0.005485686875839551
kind:0.02204421357570448
stated:0.031056760503182075
technologies:0.03950260499266083
be:0.0046276900570997705
which:0.010335138660140143
certainly:0.024606058218045127
were:0.012410426379778393
of:0.004666574053577728
future:0.0560721011890856
available:0.02160851062251384
what:0.0147270736479461
but:0.010644531556006564
launch:0.036853267517528675
in:0.0014214376151559238
processors:0.04599004672239146
or:0.010788983323249365
offers:0.036160723387061
and:0.003054379315926319
for:0.002602790903296592
subject:0.00021357565513614637
costs:0.03293002123947068
i:0.006108758631852638
actually:0.01955451301680868
will:0.009066442759226275
cost:0.026568060834807047
the:0.004221016855938697
less:0.04398184890554044
greater:0.03375266317066956
can:0.006916527939501707
once:0.02146424955939925
may:0.014888204219518647
an:0.014366370216987789
thought:0.021476691241533702
lower:0.09530358271309482
interested:0.02301660972331936
is:0.0021493810151253113
weight:0.03555950160802624
either:0.020028501656906866
argument:0.028149931521117777
new:0.027583993038136752
every:0.01945718821549917
article:0.0064826630425328085
prb:0.03932677373891062
replaced:0.0346051800484506
project:0.03081308684330441
s:0.004963490246848147
