there:0.0218518806089797
posting:0.0785521084989581
thanks:0.04746158678371817
times:0.13383219721395365
to:0.0032814265716448352
that:0.008259633938916114
responses:0.1056173483585932
re:0.008903345304242156
you:0.02646661854327247
used:0.04701103591278251
am:0.07782554079530311
a:0.0033250098234437974
also:0.03532136027808491
others:0.064198291025438
mind:0.07213466197643183
algorithm:0.09716783380335371
be:0.027545774149403394
writes:0.015744342643275292
get:0.03129461845931243
looking:0.06175917489063438
or:0.016055034707216316
and:0.00909041463073309
for:0.007746401497906523
subject:0.0006356418307623404
i:0.00909041463073309
program:0.06611031981866845
joseph:0.0972428244915179
the:0.0017946500237834594
hello:0.09212597120599456
would:0.022205943954866095
can:0.020584904581850316
may:0.044310131605710255
compute:0.13938372276087518
interested:0.06850181465273618
n:0.174334071228781
