partner:0.037429434618933374
effective:0.025396009016380783
ask:0.01833058229154948
british:0.056083086034364085
coffee:0.03584884073037422
indian:0.03796501831918688
1915:0.036051739234891335
where:0.011619225146124288
your:0.00792410202629725
with:0.0036781596024499834
former:0.02509998693551295
though:0.015632353469249557
from:0.005324353801447646
both:0.014123925045963761
my:0.011952380645664168
to:0.0034671676983417127
w:0.03892252647835665
engaged:0.033746940805300794
value:0.023483351067651998
us:0.038865592192169736
that:0.0021817900970721813
think:0.01811003808212019
like:0.0073247739843312785
french:0.03143970639032982
re:0.002351827061497928
effort:0.02554941438194153
mean:0.016625295954904785
largest:0.033746940805300794
on:0.006377469499865282
you:0.027964729026853933
american:0.020295818977284375
was:0.01670681385096954
commercial:0.02620343773743869
wife:0.025414981302792267
given:0.017533255089190448
respectively:0.03546168417062935
are:0.004043467808812739
d:0.011458139763377582
it:0.0021563234574841004
husband:0.03353610626417725
whether:0.017971437640766193
money:0.03899647505319661
per:0.02224418311681143
lady:0.0322301983095971
after:0.024266838838552848
providing:0.02900623764570092
allen:0.0560255178956545
war:0.02224418311681143
be:0.003638121114072147
asked:0.021209439614707115
writes:0.004158882962374606
get:0.008266502989252342
were:0.03902649804961759
if:0.016859130056941115
end:0.017007757248902574
of:0.002445793529128788
even:0.010560751243811483
what:0.01736683213201191
but:0.004184171209122078
years:0.014023744798618827
mining:0.03919611628853339
drink:0.03153953877496058
saying:0.018972045150719746
they:0.011734838044122562
exceptions:0.03636891441493468
in:0.004469929607408565
government:0.016928395840354073
yes:0.01677261553776031
or:0.008481905128340697
england:0.03100909130053447
sir:0.033265556672455926
and:0.0012006208002855027
still:0.012840937624085204
seriously:0.02438335637356818
subject:0.00016790538925797672
flight:0.02956878519508411
i:0.003601862400856508
55:0.030917274951973762
cost:0.020886840278936357
the:0.006636818955878454
do:0.009035445520836436
would:0.023462884178726443
thought:0.016884191227620835
places:0.023992590454656196
trading:0.07460474713324386
efforts:0.03051992336944841
five:0.024974733415381242
moon:0.028906140442519164
max:0.029947773820984718
days:0.018731148582076557
spent:0.05461436719467051
questions:0.01901997696380825
their:0.00952002275837556
first:0.011808520939566297
activities:0.026580687451914855
article:0.005096433209538371
very:0.010963789256499669
answer:0.03819208858023719
revolution:0.06666422163837774
americas:0.048828043149944635
