some:0.0046147702574440876
read:0.008960486410663722
go:0.015378911081376498
inexpensive:0.021634990316419016
large:0.011834126956077372
at:0.0034820751480412293
there:0.0036275849232298317
keeps:0.01887034071265139
damn:0.01700330773661109
true:0.010210596016434176
with:0.0023115706592472226
way:0.006847323397417167
aurora.alaska.edu:0.04250744888431975
francis:0.021840364778595737
work:0.008004238988103967
to:0.0021789710040961753
otherwise:0.014044999334434923
then:0.012615654938939154
might:0.008407451129954332
enough:0.009613235284337534
acad3.alaska.edu:0.022995054196782147
make:0.006956839855137168
that:0.005484658109635996
gee:0.020015719009523727
could:0.0059648583214468665
nsmca:0.04326998063283803
joy:0.04557757279537797
australia:0.01833633879622228
need:0.00759368376085864
re:0.0014780257026805158
michael:0.011876265619263592
sender:0.021947197475781194
age:0.016295607217049885
he:0.006285111492174842
something:0.00786822655005345
game:0.011747071572768724
on:0.008015949806154781
you:0.0043936679004642045
pool:0.02086463324526955
support:0.010825914266930853
m:0.016231004491494925
why:0.01406895320279847
successfully:0.020663952117311354
a:0.00441582332283445
richard:0.014767104801497148
214:0.046425363549161346
vote:0.018003293959788527
residents:0.02153617094011302
popular:0.016719258087482064
cover:0.015510697819161604
others:0.01065742380659445
are:0.005082303411867395
no:0.004449587890049446
those:0.007335634997184031
begin:0.01649493865431033
d:0.028803861223352337
race:0.034552013666794924
it:0.004065479404031288
not:0.01191521756078982
have:0.0020207534116508017
vax:0.02344299366439876
try:0.009629998704914594
kind:0.021782819738838416
complaints:0.020703281488272492
robin:0.02222763911994042
stated:0.015344249260465452
gene:0.0850148977686395
doing:0.021191327313559803
technologies:0.019517097328389736
adams:0.018314680828773168
alive:0.017411150567580386
talk:0.013674283666549514
his:0.01458046673126685
anybody:0.012014210058943457
be:0.00914563252391259
writes:0.007841056019971095
were:0.006131633586847032
if:0.002648815888392922
end:0.01068866957539727
of:0.006148318911169601
what:0.0036381110790380676
but:0.0026295779535589338
year:0.009781662909919572
least:0.009516452105559218
oh:0.012765676617159973
who:0.01533264277747646
over:0.007928619575175327
in:0.002809165247343723
government:0.010638794223779831
resources:0.017445671041765184
our:0.008813341592807878
sir:0.020906021782294434
and:0.0015090806896869164
few:0.009034100794095994
reward:0.023604345421395816
for:0.003857891655083881
subject:0.00010552156874315532
space:0.024170061324214256
car:0.01208949936712802
i:0.004527242069060749
contest:0.023859438390319024
person:0.011087725055627868
we:0.010654102021454307
developed:0.016748214767687886
solar:0.019458970263608332
cost:0.026253024540323164
the:0.0038730391817619323
do:0.0028392012604999866
see:0.006993619610320853
studying:0.02259275105721716
when:0.01033734737425878
would:0.007372724475133407
peter:0.014552937078363463
friends:0.01571791440943769
home:0.011578510086408492
wright:0.04493452426214514
announce:0.022001716535592797
maybe:0.01046605961400128
pyron:0.1047308233621001
solutions:0.018605936622414113
dillon:0.05066492646668685
just:0.013925556088528291
engineers:0.021585271809672534
here:0.007116209113135952
expressed:0.01624410721590232
many:0.007324905247344243
about:0.011680033758757369
different:0.009988999596882401
moon:0.03633261921233634
billion:0.0565366789006388
study:0.02929148892043319
prize:0.02344299366439876
unless:0.012166250694626447
dollars:0.018124921069143287
1:0.023223603461557808
first:0.014842330667122854
too:0.015434923856636334
engineering:0.015283594834873909
hood:0.02344299366439876
article:0.009608690280434004
little:0.009270113446238988
opinions:0.011286996662134553
give:0.009340854827494097
corporation:0.018772135184641384
by:0.003914764722597494
high:0.011056615911626566
happy:0.030024467102648385
while:0.008578428876990207
