land:0.020288940538712937
since:0.020416547177588583
looks:0.01746482384884638
go:0.009925674754051669
ask:0.014870217267124322
at:0.013484158353894353
there:0.004682545844781364
know:0.006295281253358682
story:0.018342130244962264
take:0.010845658828243385
sector:0.02720531069389889
motorola:0.024863709708903226
into:0.009136754607052992
from:0.004319246196072324
dennis:0.055349589742086064
except:0.016450823566345987
to:0.005625302694248289
then:0.008142246682529608
us:0.01050957339890304
might:0.010852475183053295
think:0.007345653201676301
russia:0.052291852359448346
like:0.011884072076619113
nt:0.007286515833902433
suppose:0.019663974416485555
could:0.015399073013531196
its:0.021100250571777245
re:0.0019078597080518904
so:0.005213319374412857
something:0.010156435291650626
big:0.014162145682997741
you:0.005671418259272671
products:0.02066370813335147
assume:0.017711676302495795
market:0.01995334293404603
them:0.01495774664828817
access.digex.com:0.02281868558363964
a:0.0028500084200946837
how:0.0067110357001485925
mobile:0.03139908647146478
looked:0.019005118390202472
as:0.004082215103148053
possibilities:0.028329800823329806
question:0.011137684098709716
cheap:0.01896036335921861
pat:0.020679286896039692
are:0.003280160110210334
place:0.013874630700594007
it:0.01224483677642757
should:0.008381694603232038
comparable:0.025836616884742362
have:0.00782526448695387
probably:0.02435942566356335
systems:0.030616501227373576
buy:0.015341026149203907
uses:0.01742344453998182
access.digex.net:0.02530764530578909
heard:0.013789017139897318
russians:0.028329800823329806
without:0.011465359616339259
be:0.014756664722894677
found:0.013645512781923455
writes:0.003373787709273277
if:0.0034191347947112715
of:0.0019840876078136595
but:0.0033943021543388274
years:0.01137640521928772
advantage:0.02175189069660617
oh:0.016478143796640168
seems:0.012022893313168765
york:0.019199832690946134
russian:0.02375364590142999
using:0.011247043768596534
well:0.008586060766088493
launch:0.04700671877235799
they:0.014279382007771587
now:0.016856269366104532
pick:0.020510482178765378
newer:0.02508085059879504
one:0.005016892386610319
in:0.0018130581825968415
yes:0.013606356482162697
or:0.006880729160235564
world:0.012863523922105493
better:0.011409264649496953
message:0.016567958615100617
and:0.002921918988449922
few:0.011661364800542277
still:0.01041688307259973
for:0.004979829534368479
subject:0.00013620896373478723
cape:0.030159565152024014
proton:0.10405986680812668
i:0.004869864980749871
propose:0.028124321746095415
any:0.00522085339943269
will:0.011564340254115147
later:0.016303122596722976
cost:0.016943916348728983
the:0.0038456786223931274
do:0.0036648873413596766
would:0.014275249685271062
major:0.016716469248560163
pads:0.03046887444700582
maybe:0.01350976062419553
may:0.009495028201223625
last:0.011123278326834171
just:0.00599177838503003
long:0.024288890256210047
about:0.010051185513488485
different:0.012893963765363508
handled:0.05375907575528214
is:0.0027415574172516724
launches:0.03179684943814698
spot:0.024621533498500554
lot:0.02529136110474888
spare:0.02601106262325399
trouble:0.01946337695046089
nothing:0.013034979599494432
article:0.004134351430186739
very:0.008894094345833914
prb:0.02508085059879504
wide:0.021948147231441867
built:0.018839273643238535
while:0.022146352100801247
s:0.003165491228857236
