above:0.017232000190686995
at:0.005575727926926778
out:0.00745681708278772
hours:0.02478591377563685
gap.caltech.edu:0.033409824120589855
transportation:0.03820530324525768
your:0.007974254570767484
with:0.00370143909360473
much:0.011058208035189438
billboard:0.039795900892605186
service:0.02305437486378698
from:0.010716104486457918
zoo.toronto.edu:0.06410097353682916
often:0.019666584735941177
to:0.003489111797698306
us:0.026074384635253113
software:0.017821429673932004
that:0.004391197790309833
weapon:0.030713087441406942
think:0.009112329288155413
quite:0.0168113884943633
cco.caltech.edu:0.028485861712381152
like:0.014742266626692065
nt:0.004519484504572396
could:0.009551323767886439
toronto:0.025424685412282166
need:0.024319012550597926
re:0.0023667120428998135
orbiting:0.03820530324525768
this:0.0033226736605786013
you:0.014070860491360047
henry:0.08687168816691845
united:0.02481975938529884
m:0.00866338425389919
a:0.007070906966310861
how:0.008325082260943825
intelligence:0.02860816723659889
commercial:0.05273856456016141
target:0.03033698984349048
part:0.015501405774767576
surface:0.02889231483095263
velocity:0.03753846453856258
permit:0.06912751604869811
military:0.02450530735905424
boom:0.03682119437839167
are:0.008138118754445893
place:0.03442313439641045
it:0.010849855371518101
not:0.0038158861302276257
have:0.0032357633743522332
orbital:0.06821206463629778
palmer:0.07175586243829614
states:0.021853542629466347
money:0.01962164409322234
altitude:0.037796831592488235
be:0.003661147197072603
rates:0.029022816648691465
er:0.03480566443460347
writes:0.008370410012880535
get:0.008318822628424824
if:0.00424145835293297
of:0.0049225464700187
available:0.017095340682368544
years:0.014112502677091097
km:0.03531911724987163
well:0.010651062722489524
launch:0.0583121321479884
spencer:0.029466548080254926
david:0.015800286324965152
clear:0.020871840140421604
difficult:0.023589925804037966
in:0.004498220301126341
citizen:0.03088769476114636
2.5:0.030799788987977583
point:0.013933771906709245
office:0.023105936158520003
or:0.008535588072190953
and:0.0012082196661100946
few:0.01446599684117903
for:0.006177510055292545
subject:0.00016896808159505252
space:0.019351346566538627
doug:0.027352148637080926
300:0.026326079969508556
i:0.002416439332220189
we:0.00853002471970867
back:0.013331371645997073
discount:0.03587793121914807
48:0.03249095064056138
will:0.007172818638628382
yet:0.01664600470054534
unfortunately:0.023303120764721245
than:0.00905443849505988
the:0.0019082354683267165
canada:0.023548149322826877
would:0.005902845861420101
may:0.011778642578733107
an:0.011365799222300464
just:0.007432839009277759
is:0.006801838655459845
object:0.02677197655780356
easier:0.02643464376207975
engineering:0.024473098058374044
article:0.01025737823185571
earth:0.022281868117681954
going:0.0137836435699347
s:0.003926811904152014
