some:0.020483103072514983
dan:0.20914755207301358
k:0.06646773782897654
send:0.05146223019081092
where:0.032411522776030904
fax:0.05366040947163841
planets:0.09999939782683334
to:0.002417893263317247
fantasy:0.10145012968376516
published:0.07193153008265878
mail:0.053759921137471155
guy:0.05940931134998016
id:0.0822773475091799
re:0.006560359697862641
this:0.009210218217042439
fiction:0.09537510798696104
more:0.02230559694422326
magazine:0.0740824480141032
stuff:0.05128800969602845
science:0.05932688116083009
andrew.cmu.edu:0.07148735801275895
daniel:0.1501256138666084
wow:0.0908712510247187
ftp:0.06655029732086097
deleted:0.0616382367894445
twist:0.10238188100506249
writes:0.01160109457925548
get:0.02305919254896706
of:0.006822476686517145
what:0.016148107070116335
smoking:0.10513952282124517
david:0.043797284900780595
distributed:0.08489744029079954
or:0.011830025573738339
and:0.010047300381336574
still:0.03581945758297451
for:0.011415749575862244
subject:0.0004683676647722508
i:0.0033491001271121917
back:0.036953626667851534
information:0.04278633832427658
images:0.07466406568632954
the:0.0013223737017351805
can:0.015167824428731812
is:0.00942710971546189
orbit:0.07938562120485641
issues:0.06675841197541921
lots:0.06401219318274316
by:0.017376060961704666
