at:0.018353437759467312
sounded:0.1212030981622059
text:0.07534507777569932
with:0.012183903683115569
further:0.07391321668919555
much:0.03639993478249857
though:0.05178217086688916
planets:0.1187492849193646
to:0.0028712482501892307
corruption:0.1212030981622059
that:0.0072271796965516
bit:0.05677258745949374
like:0.024263313823097356
nt:0.014876636494217468
could:0.03143977406929286
re:0.007790427141211886
fair:0.08797290701674755
a:0.011637534382053292
low:0.07074571958291291
stuff:0.06090451151403379
twist:0.12157848369351171
greg:0.0912347624478213
get:0.02738279115189838
of:0.004050845532619555
still:0.04253560587978223
subject:0.0005561866019170479
howard:0.21866585634943514
actually:0.050923210981272594
images:0.08866357800251631
than:0.029804193379572106
the:0.003140637541621054
do:0.014964956643885346
level:0.07334448255403643
did:0.03424814673839511
maybe:0.05516485588213175
gr:0.13491259526113664
general:0.061425632564323984
orbit:0.094270425180767
somebody:0.07907767132239073
relativity:0.12874039075815388
nothing:0.0532261666979356
him:0.049927402153402245
by:0.02063407239202429
