apologies:0.04159275761716484
there:0.007005946454787385
know:0.01883778817798934
all:0.007282960539284665
means:0.021638131453730936
watch:0.029344762141788928
where:0.014102723650639403
with:0.004464331120530895
aurora.alaska.edu:0.08209453868498395
such:0.014679520637158766
from:0.012924767243208787
melbourne:0.0444102955098159
to:0.005260302137751263
then:0.012182292746380177
young:0.028656912420413638
apart:0.03516533160069529
that:0.0026481269117135634
nt:0.005450981310858309
nsmca:0.0417836072523207
australia:0.03541292912552853
need:0.02933132811446162
re:0.0028545076547951947
exactly:0.04910507867590852
this:0.004007499529552817
he:0.012138421431452178
something:0.0151958879172788
on:0.011610889127617326
you:0.021213701885829078
why:0.013585668550793942
board:0.02741371388820721
a:0.00213206736770442
how:0.010040938910145987
other:0.010529068609403898
quick:0.03098683374191829
as:0.018323225043137825
old:0.04042615392889044
idea:0.021163177826417984
fox:0.043272619333018285
far:0.019002886046728257
are:0.004907720470238363
no:0.008593478902156563
it:0.010468868083663265
not:0.009204732955358242
have:0.0039026764362416247
plays:0.03780726163587236
absolutely:0.03055312019196667
be:0.008831469574617883
which:0.029585320592004225
writes:0.005047804511584445
of:0.0029685585582555516
iron:0.04122480264145585
spacecraft:0.07783463013981348
box:0.048374641384833696
in:0.002712667204496038
point:0.01680561802488596
or:0.010294831415314279
use:0.012692973494254564
and:0.0014572420400411827
for:0.004967158212398076
subject:0.00020379356406120838
space:0.023339792042084757
away:0.021137279284913515
gregory:0.0815769577433705
386:0.036023942161204386
possible:0.039343078213199725
any:0.007811353177777154
sick:0.03428429213011425
the:0.0011507679541817603
sox:0.04037575199175948
because:0.013471162586981021
slick:0.043883632368694137
may:0.02841260347236383
ltd:0.041135519895171946
bar:0.03846625463960134
n:0.0279466831740794
is:0.012305616498809034
move:0.026998665004374176
either:0.019111165703155405
hardware:0.0270968024707981
time:0.012057328014532165
does:0.009301441330820802
article:0.0061857471779893205
very:0.013307194593766773
neither:0.028570850767182968
lots:0.02785263367493405
john:0.02046930076016676
s:0.018944619262779183
