some:0.0046889031129853575
since:0.008035428206440487
at:0.007076024196421132
out:0.023658174680330518
there:0.007371718759655802
all:0.007663195426877841
oxygen:0.09733189989723327
liquid:0.023900723310885164
fluid:0.09661781535794277
medium:0.022033701107756792
own:0.009102372030313234
your:0.015179906291340514
with:0.009394817297824053
ca:0.008259231309607715
mentioned:0.014117122967035493
from:0.003399888572008737
mechanical:0.02124186148964053
to:0.006641923663088341
remember:0.011175196933820209
obviously:0.014786719200104242
scientific:0.016958632677927236
besides:0.016265408811794734
might:0.008542510585857211
enough:0.03907065906726741
trip:0.020653092516982392
that:0.005572765067220511
problems:0.011016358377075392
provide:0.013562070997122143
like:0.004677265315295876
through:0.009515916843473199
talking:0.013091129238402683
nt:0.005735570696565771
months:0.013637729076224176
anything:0.01864450723148115
re:0.003003538174925064
effort:0.016314686292083144
so:0.012310971052830364
this:0.0021083632063109196
mean:0.010616152838674137
you:0.011160622277283571
american:0.012959980792723758
etc:0.009326602359270022
them:0.005886984624627473
apparently:0.015215506250006677
came:0.012123400532039946
more:0.005106100505304119
a:0.002804225152301998
partial:0.022704601046163078
air:0.07739234910905962
low:0.013637729076224176
was:0.0071121376233043015
as:0.006426619760779264
part:0.019672466766371702
blood:0.016773790017705223
let:0.009257581296196082
course:0.009823902810843449
far:0.00999750229767631
readily:0.02229976289707888
pressure:0.017673424465860395
likely:0.013278750220601316
gas:0.03187284876842572
it:0.0027538588734134293
not:0.007263976006939336
have:0.0020532153138459954
interesting:0.01312459663422254
fluids:0.026294231070348208
per:0.014204116930012117
able:0.02118445964747525
has:0.00855240541274338
be:0.011615687894326734
writes:0.0026556722530825796
get:0.010557220685069254
were:0.00623013372478835
things:0.00897480292425803
if:0.0053827342952884275
of:0.005466201200643255
even:0.006743612240024199
never:0.008851161569726346
extract:0.023585576260919318
oh:0.012970747727475796
alone:0.01541852745146383
loss:0.034183548145548456
must:0.009307069989877499
they:0.0037466651586656368
difficult:0.029937415879823282
in:0.004995011699845114
substitute:0.023293370018821213
moving:0.017032054544744303
or:0.005416156286771769
force:0.014353430196043257
tends:0.02087835141919542
nearest:0.024154453839485692
and:0.001533322949762208
few:0.009179226911270226
subject:0.00010721669434545499
doug:0.017355981866099542
capacity:0.02087835141919542
i:0.001533322949762208
we:0.005412626127365341
power:0.01085082441835559
rate:0.015601107267033136
ago:0.011490625403070859
pretty:0.011558313481604925
than:0.005745386675580165
the:0.006962377200702095
do:0.0028848109193031993
when:0.005251704589733878
would:0.003745580908049703
can:0.006944305160142276
once:0.010775225682429342
william:0.016352045298759103
quickly:0.017046901379609066
an:0.003606016620729866
problem:0.008496246152793511
about:0.007911776548770053
mix:0.020726783836934992
unit:0.017229481195178375
is:0.0043160261347897815
done:0.010637203017753808
new:0.01384738606332166
else:0.010146796085695006
right:0.007790657003173893
time:0.006343413533749853
their:0.006079050677034996
too:0.007841437220339344
volume:0.01777911646713499
article:0.0032543489169341404
useful:0.015398743843688506
three:0.011720835367359328
lewis:0.039964385157152206
before:0.00853893280009094
substantially:0.02433297497430832
by:0.003977652509305887
s:0.00498342394261862
walls:0.02154925135760171
