times:0.16152161732718542
from:0.009730715568162938
zoo.toronto.edu:0.05820663114263797
to:0.004752410896864934
changes:0.04687252068662286
day:0.0584667364543189
that:0.007974818975505215
quite:0.030531027380567833
re:0.004298166698599662
so:0.011744949395228967
on:0.00582768764642862
you:0.012776988262269468
henry:0.1051779826082231
used:0.02269498285444673
am:0.018785475364383512
a:0.004815531468435845
sorry:0.03652203085906465
nor:0.039707344792820724
are:0.007389785995416385
not:0.020790000295722928
should:0.01888289818659172
able:0.03031569225414562
algorithm:0.04690860942230869
be:0.013297959934194742
writes:0.007600717138132901
of:0.004469898518752613
looking:0.02981477408513384
but:0.0076469335890851755
year:0.028445525473674158
latest:0.04788904138221553
spencer:0.05351396088138251
in:0.004084590848149206
or:0.007750706410380291
and:0.008776952057259537
for:0.007479284204875264
subject:0.0003068615734714747
i:0.004388476028629768
example:0.03231447291675752
ago:0.03288696236051315
information:0.028032428557284654
program:0.03191532680901236
the:0.006931062160818878
hello:0.04447460678910082
can:0.019875080285924444
did:0.018895529234976612
long:0.027359899369064192
here:0.04138852656605508
compute:0.06728869374662941
is:0.003088191113685792
length:0.10626999028603926
time:0.018155287010387513
article:0.00931417103812185
convert:0.049179080404578614
neither:0.043020476442539875
comes:0.03476064755454611
