some:0.0069085022197239885
large:0.01771617822418684
at:0.005212810724582432
confusing:0.030876494610868412
there:0.010861289770143756
violations:0.032937480967485076
all:0.005645371778972137
strikes:0.032855863676761195
with:0.0034605170224233568
c:0.015302353227390295
ca:0.02433785320819315
such:0.011378800020519518
zoo.toronto.edu:0.02996436041070712
to:0.0008155024615922076
us:0.012188617669733705
ii:0.04344851840367003
quite:0.01571715610715622
memory:0.020009658143001863
nuclear:0.028877253090302517
nt:0.012675950622291808
me:0.006411767339671862
need:0.01136805912128542
re:0.004425331393824504
nope:0.03231404596359261
so:0.006046216552573491
programs:0.06271920930700325
these:0.00980257972247895
on:0.003000052220350828
you:0.003288751416619656
henry:0.05414487862080124
serious:0.02128398601798503
names:0.024241995337164965
a:0.00247900140682792
same:0.02298335326069364
sorry:0.018801282158216713
was:0.02095765997873102
as:0.0047344033148936
old:0.03133624949517543
launcher:0.03671901918813401
based:0.017875165750890782
cheap:0.02198953383672691
mind:0.017926957414261164
prices:0.025813381533603796
are:0.0038042093585871333
race:0.02586289780384354
being:0.011513632721450581
probably:0.014125584112598866
massive:0.029532959400008375
buy:0.017791959320970212
atlas:0.07343803837626801
completely:0.02128398601798503
between:0.013744768319801216
able:0.015606303113080882
b:0.01811188370718486
war:0.020927959263745664
without:0.013297103460369792
which:0.007644333328506022
common:0.019917917394268344
sort:0.018564859808645147
writes:0.003912795213121671
were:0.018358618904997622
things:0.013223230344025146
if:0.007930774198383542
of:0.0069032160555883544
even:0.009935854720509027
but:0.003936587113907753
years:0.013193937414085168
never:0.013041060537644145
separate:0.02498638779173895
launch:0.027258333962669135
spencer:0.02754860708094839
they:0.011040468929085724
cares:0.02996436041070712
pad:0.033020239795737975
one:0.005818407738317293
in:0.005256795914038179
yes:0.015780153079904668
use:0.009838932116848213
and:0.00451831259752414
few:0.013524423082285719
damned:0.034424548590449015
still:0.012081118829760634
subject:0.0001579701591243686
doug:0.025571831270170334
i:0.00225915629876207
any:0.006054954238395309
actually:0.014463397201781565
pretty:0.01702970447881436
normal:0.022321672630287236
event:0.024572431646135928
the:0.005798100076838869
essentially:0.02663175237015516
pads:0.03533668279061031
nobody:0.023717690328156377
did:0.009727284280727605
facilities:0.031297180537991076
serves:0.03053827914435984
an:0.005313006737051696
rules:0.0243758301808796
about:0.005828498108413441
including:0.018816376961717337
different:0.014953946142078388
is:0.0015897788573412065
heavy:0.026519575365749157
their:0.008956707802258662
matter:0.017875165750890782
handle:0.048075229428742046
nothing:0.015117491133141472
article:0.004794869114299414
titan:0.29764508123226596
charlie:0.03246385547829255
three:0.03453831960322453
despite:0.025227044831566924
facility:0.030218354758145192
s:0.0036712205967811733
