laser:0.04376301767778329
large:0.08019734249698862
objective:0.039808976247606646
know:0.011016742193377694
all:0.008518462773627599
send:0.052381198587075406
anyway:0.02721887340754048
take:0.018979902949425923
with:0.00522167300704953
zoo.toronto.edu:0.04521407954829913
to:0.007383209786200879
then:0.014248931694426814
nt:0.012751402709329259
need:0.0343071784195935
re:0.003338754489090808
something:0.017773761760388595
big:0.024783754945246046
you:0.029774945861181526
henry:0.081700754347459
assume:0.061990867058735286
a:0.007481272102748545
want:0.016898196140287335
as:0.007143876430509092
private:0.031693581461379926
launcher:0.16621913150342804
stuff:0.05220386701202896
far:0.02222658992965537
no:0.010051301215915265
d:0.03253293254244706
race:0.03902526543615677
gas:0.03543008635418752
it:0.0030612091941068925
have:0.0045647376173897575
probably:0.02131449745561793
buy:0.026846795761106837
which:0.011534752968906409
writes:0.005904128491228235
things:0.0199529100726808
if:0.011966971781489451
of:0.006944306627347808
launch:0.0822617578516265
spencer:0.04156888032750248
who:0.011545114948516502
up:0.02399036375629258
pad:0.04982518326321176
in:0.0031728518195444726
gun:0.03268763835539644
or:0.012041276030412237
better:0.01996621313661967
for:0.005809801123429892
subject:0.00023836568653587764
costs:0.03675225584762353
pay:0.029757518410695384
will:0.010118797722350753
program:0.024791369932000668
do:0.012827105694758869
would:0.008327228983074786
specific:0.032724609718486
nobody:0.03578830058445024
development:0.10412311695686255
lower:0.035455201902193006
many:0.016546437746232975
interested:0.02568818049477607
is:0.0023988627400952133
new:0.03078570651577762
does:0.010879364413727903
build:0.03331815234837816
amounts:0.08983778655622526
article:0.007235115002826795
titan:0.11228129180413605
dumb:0.045916250327934074
