there:0.018730183379125458
fred:0.09456355611591044
from:0.017276984784289295
tm:0.09379747612980707
to:0.0028126513471241443
remember:0.05678824564329044
that:0.007079686233356669
nt:0.014573031667804865
its:0.04220050114355449
vandalizing:0.11836834968747924
this:0.010713927313702428
age:0.08413854338599226
more:0.025947327057565833
freely:0.10629329416921218
blessed:0.11170719489906146
are:0.013120640440841337
those:0.03787582967933796
try:0.04972223821108964
fraering:0.1255963458858591
g:0.07214289716350004
phil:0.0904378438911427
please:0.039090109324597035
in:0.003626116365193683
presence:0.09743257551634288
and:0.0077917839691997925
subject:0.0005448358549391489
than:0.029195944535091042
the:0.010767900142700756
sky:0.09512891535161118
may:0.0379801128048945
human:0.06542535451503215
finally:0.07421478522032868
is:0.01096622966900669
pgf:0.1255963458858591
right:0.03958925701612856
evening:0.10837756957893421
activities:0.08625161846641757
practiced:0.11537644205091034
by:0.04042593774763943
god:0.05414649452602499
