land:0.018582394138260447
some:0.005455779790342776
okay:0.020120402502348114
go:0.018181609829851654
large:0.027981627288668928
at:0.012349976810108847
out:0.005505500462992803
bathroom:0.03114507744006115
form:0.01595037815178456
know:0.005765771615225709
all:0.004458260890870519
bs:0.026489313703856987
small:0.01396610233769164
employees:0.026011375156565316
with:0.00273283820929695
way:0.024285600274016963
ca:0.019220080337311412
aurora.alaska.edu:0.025127066747039482
such:0.01797212339689531
modern:0.019189383668419817
companies:0.037164788276520894
themselves:0.015123599141695407
my:0.00888050711523646
covering:0.025460987139479408
to:0.0038641097946471893
line:0.013195344620588731
besides:0.018925639224938732
look:0.011080225814373413
might:0.00993965016765629
beach:0.04963084962025959
acad3.alaska.edu:0.027185741643859267
that:0.0016210496515629757
guy:0.0158239754530321
like:0.00544223861452651
talking:0.04569660533218133
nt:0.010010446986763157
nsmca:0.05115563130891599
re:0.0017473855270007967
michael:0.014040631783521912
this:0.002453188964352425
on:0.002369200117940607
set:0.012380441981896827
you:0.0025971915392930924
am:0.015274171557956686
access.digex.com:0.020899356889688643
m:0.006396330430448935
a:0.000652572021423549
other:0.0064453644291210775
same:0.009075202572563609
was:0.016550675403764217
as:0.007477702431934751
local:0.014282165663158654
gold:0.02416014751429498
aint:0.033341356081396364
learn:0.017803804582814164
pat:0.03787981524882037
are:0.003004258792529091
it:0.004806384529065027
not:0.002817336488672733
have:0.004778043113529465
corps:0.028312667143003605
after:0.00901501723207921
adams:0.021652403035886034
sets:0.0444439632456883
access.digex.net:0.023178964859507763
his:0.008618827296753536
without:0.010500983573843433
writes:0.003090011172979263
get:0.006141934463977206
were:0.007249080829309808
if:0.003131544017586024
of:0.0018172017342592396
even:0.007846539475542175
what:0.0043011313224141645
his/her:0.025460987139479408
but:0.0031088001039738795
year:0.03469290723658391
mining:0.20385643658475538
they:0.017437749990798945
who:0.018126909451876377
up:0.01883355659372502
now:0.007719226158309552
box:0.029612514118753337
in:0.003321115923261504
point:0.010287551220841405
or:0.003150988120107875
forcing:0.024667066406790637
use:0.007769997793211907
and:0.005352300203141914
complain:0.023782757997264804
few:0.010680502340683582
still:0.009540696645932463
for:0.0015203217893087569
subject:0.0001247521350094313
table:0.021167730950837595
space:0.02857488558423461
i:0.005352300203141914
away:0.012939175637026496
pay:0.01557402832709291
allow:0.016384461081189683
the:0.006692199621398134
do:0.0033566257892826946
when:0.0122212564751751
original:0.014421345856418128
last:0.01018767547691354
development:0.01816478052830001
places:0.017826270477992217
just:0.005487797025541523
people:0.014067973271711377
many:0.008659817885878942
company:0.015729570278651166
claimed:0.019887157682807396
moon:0.02147699219794648
regulation:0.026863345048125847
horse:0.02534700838656278
done:0.02475386496654858
methods:0.02079192923443304
does:0.005693872964194042
goes:0.015060874747619983
told:0.014487008255743597
strip:0.025073661626368347
every:0.011365180032417738
woods:0.02887634932893171
article:0.003786602244470098
prb:0.022971246342821626
thier:0.05684018959651841
opinions:0.01334397268934599
mine:0.015258126377570028
high:0.013071606661876267
fashion:0.025637343812296452
