believe:0.022631998753441046
go:0.020264919289522156
at:0.009176718879733656
all:0.0099382065692322
fax:0.0318608681237853
pollution:0.061575778852049026
wonderful:0.050064039584452116
simulation:0.061782056219717565
my:0.009898065222190638
near:0.03754974768209922
then:0.016623753643497947
make:0.01833417170155941
like:0.024263313823097356
nt:0.014876636494217468
re:0.003895213570605943
vandalizing:0.06041717848631753
so:0.01064386038942625
this:0.005468567066368947
you:0.011579145612681705
posted:0.03555605129668641
fl:0.12441457065860712
travel:0.05328867274800721
those:0.019332454732162083
jupiter:0.061782056219717565
it:0.014285642905832164
have:0.00532552722028805
only:0.013891002481971735
university:0.02448270939165264
minimal:0.0538569955006159
environment:0.04372555734247703
be:0.012051276190363985
if:0.00698073353920218
of:0.004050845532619555
institute:0.04054643593680527
seen:0.027004842610649508
what:0.009587938572881574
but:0.00693003356510844
never:0.02295770032147771
central:0.04771260639183487
clarke:0.24315696738702341
visible:0.04940868723642536
moons:0.07432343959811273
who:0.013469300773269252
over:0.020895216172076642
in:0.001850830228067609
thomas:0.07675010445893958
and:0.0059655846014185915
for:0.013556202621336416
subject:0.0002780933009585239
space:0.03184909122409482
300:0.043328339949816164
i:0.003977056400945728
commentary:0.06287956159115327
actually:0.025461605490636297
research:0.032159702922258095
the:0.003140637541621054
sky:0.048555383877384874
do:0.007482478321942673
would:0.029145301440761752
can:0.009005895754559514
did:0.017124073369197555
an:0.00935310561001809
thought:0.027964441720747003
pays:0.06060154908110295
here:0.018754176100243707
head:0.035967288910996695
night:0.034873279651916916
guys:0.040465371973867195
suite:0.055096078238755126
sign:0.04514283401971933
training:0.04668550246678758
s:0.006462877925583524
