tv:0.05051548075002217
confuse:0.07642968717796964
50:0.046015777188379084
nick:0.13268175872174534
user:0.050421913114573544
from:0.022575260118138017
post:0.03443437072574908
my:0.06334761742202008
to:0.003675197760242216
remember:0.0371016538202831
death:0.044738885120485634
re:0.004985873370375608
michael:0.08012520537796505
error:0.10041221757791996
he:0.021201776100269805
on:0.0067601176698572
taxes:0.0634892805004876
why:0.02372963440205342
a:0.0018620055011285268
sorry:0.042365555796515
was:0.035418445364055424
as:0.01066818880289358
part:0.06531258966435406
mind:0.04039541070680183
early:0.046703214650577085
not:0.0080388001143462
probably:0.03182964953372278
completely:0.04795991516052627
60:0.05428879039188023
referred:0.06507007696348167
adams:0.12356304665812298
things:0.029796345708536662
of:0.005185082281753031
helped:0.06276402620627695
loss:0.1134893798432209
email:0.03658531545290588
in:0.00473812538385308
purely:0.06644383997545815
and:0.010181264386421064
subject:0.00035595942522691063
doug:0.11524371959090098
i:0.002545316096605266
the:0.003015012039956212
country:0.0449433881069351
last:0.029068834027459974
address:0.04257095138578148
film:0.06918853403151345
billion:0.06357235449716274
1:0.026113651892329448
give:0.03150981695141342
s:0.024817451234240732
