some:0.0065591959277154725
go:0.010929394673000714
ideas:0.020207829421570057
know:0.006931882728417426
all:0.0053599316328443326
knowledge:0.04153675443654085
thanks:0.0111988013759335
hand:0.017737300311531874
own:0.025466186916269607
your:0.021234812733392065
with:0.006571094121230869
aurora.alaska.edu:0.0604178908299601
such:0.021606934870424702
from:0.004756023901293121
my:0.005338282367024164
to:0.003097076764249058
important:0.017653760072883273
most:0.010430311595320438
us:0.023144678496460628
might:0.011949916493699133
enough:0.013663755769311213
that:0.0019489023900813303
choices:0.028840282029262348
think:0.008088472064767163
quite:0.02984493687763372
bit:0.015309461786829773
nt:0.008023354513735264
nsmca:0.030750857022775347
huh:0.0280837826745081
re:0.002100789341450396
michael:0.016880310121762297
so:0.017221526922217754
invasion:0.030144739258667563
error:0.021154259321191003
this:0.002949339541412466
off:0.012266614876159272
age:0.02316173385344731
something:0.011183490545862488
big:0.031188545549073677
on:0.0028483641867375837
you:0.012489864930533076
a:0.0031382115187559437
other:0.007748921279954555
sorry:0.017850655532239464
alleged:0.03054146716436393
wings:0.025674723842456663
was:0.004974500753378571
as:0.004495023372005721
letting:0.02745659182539198
odd:0.027300526858498295
waste:0.02403696626515921
others:0.015147911365552786
are:0.007223723388777814
imagination:0.12738681196911
it:0.0019261540996627637
not:0.006774269759280504
flame:0.02358232306111121
have:0.01148877782354276
between:0.013049808123856211
worthless:0.030968354282217427
without:0.012624778004508399
be:0.00324978234346894
which:0.007257822092795044
writes:0.0037149572529076537
get:0.007384123456691699
if:0.0037648899986708387
of:0.006554177041541752
but:0.011212638577254104
oh:0.01814447294461502
degrees:0.05680459168246053
one:0.01104843716601823
in:0.0009982005724409578
become:0.018607993116826673
our:0.012526828218990973
or:0.003788266616309468
and:0.007507252532122272
few:0.012840603937675766
for:0.001827802600629629
subject:0.00014998290388774325
offer:0.019748110217931675
i:0.006434787884676233
we:0.007571594975921179
failing:0.030822424583322704
body:0.019942028784688492
ways:0.020046844838646598
the:0.004658024219033473
wrong:0.014850685712527305
do:0.008070987852881985
quote:0.02266830287944151
thank:0.020396035431289407
got:0.012427830458598731
would:0.005239604753395371
wright:0.03193380516382787
human:0.01801035040020548
just:0.019793065676391334
here:0.010114611829344922
many:0.010411241727966817
crazy:0.027496295012038565
is:0.007546983901423143
new:0.00968539081395251
dreams:0.12216586865745573
wall:0.0252051355497136
show:0.01691049814457771
leave:0.019849337776935486
give:0.013276608266044982
bad:0.015396635094080808
by:0.005564244240545877
s:0.003485597083460777
