basically:0.04510582239365386
go:0.011180645125253604
say:0.010905430886595078
all:0.010966296903980358
true:0.014846441334240498
means:0.01629077712895835
where:0.021235135611882318
your:0.007240989782650934
with:0.0033610768781008465
way:0.009956165629577836
aurora.alaska.edu:0.0618068078605339
into:0.01029197645392176
companies:0.02285420888268814
work:0.023276694988394294
zoo.toronto.edu:0.05820663114263797
to:0.008712753310919046
stop:0.01910317881942895
make:0.010115405076722435
that:0.007974818975505215
problems:0.015764788712021683
quite:0.015265513690283916
like:0.006693327951199271
nt:0.0082077994450855
toronto:0.023086783305405645
nsmca:0.03145777327617248
civilization:0.03353889205338254
re:0.002149083349299831
so:0.0058724746976144835
muscle:0.03249106701433682
telling:0.024678300676010418
he:0.01827739318988776
these:0.00952089639712036
on:0.00291384382321431
you:0.009582741196702101
henry:0.1051779826082231
them:0.00842447799731173
support:0.015741128215709804
a:0.004815531468435845
hard:0.015541571279169593
want:0.010876999814437825
paradise:0.034953449924295804
as:0.009196714485253086
buffalo:0.029451732938080104
worst:0.024768453527548924
are:0.007389785995416385
those:0.010666181921192874
it:0.0039408670085054245
not:0.0034650000492871544
only:0.007664001369363716
utzoo:0.03153098606799679
kind:0.015836360327373906
against:0.014846441334240498
exploration:0.03215290322110157
his:0.010600166905202624
without:0.02583000557244247
be:0.006648979967097371
writes:0.0038003585690664504
get:0.02266162026364004
down:0.027176615827047793
end:0.015541571279169593
of:0.004469898518752613
trying:0.03099227842607352
but:0.0038234667945425877
mining:0.07163428149283688
corrected:0.032758423426031615
spencer:0.05351396088138251
they:0.010723214074801651
now:0.009493760907346232
one:0.005651212113653003
in:0.0010211477120373015
pull:0.02597753116886566
forcing:0.0303376563853632
and:0.001097119007157442
few:0.0131357902350936
for:0.001869821051218816
subject:0.00015343078673573735
space:0.05271573719850178
unnecessary:0.033644346873314704
will:0.006513249108639566
the:0.0038987224654606187
thing:0.013011105948994003
when:0.007515370361170896
got:0.01271352771052054
can:0.014906310214443334
industrial:0.03145777327617248
come:0.013799963646375911
wants:0.020232960704561775
an:0.0051603341296651535
here:0.02069426328302754
people:0.025952985173674437
is:0.010808668897900272
right:0.022297397629773556
man:0.01665545597008735
change:0.017080512114428088
radical:0.03249106701433682
leave:0.02030564439249722
article:0.004657085519060925
u:0.02173358323904032
earth:0.020232960704561775
going:0.012516182092239555
revolution:0.06091730597989689
plenty:0.026789177311660622
s:0.007131451504092164
zoology:0.03168027047261323
