pioneer:0.08791744212010137
from:0.012093889349002507
name:0.039460464369003585
my:0.05429795779030293
us:0.029426805516928514
bruce:0.13161881256260238
that:0.004955780363349669
re:0.005342007182545293
lost:0.10012875212336714
so:0.014597294248356001
you:0.007939985562981741
performance:0.05415730333709451
a:0.007980023576265115
song:0.08531284845161631
as:0.011430202288814549
old:0.03782732974774748
let:0.03293053918218321
forever:0.1348324692319364
daughter:0.07893731841406745
are:0.009184448308588935
dunn:0.16240620911889603
verse:0.07399516154869952
hope:0.041263736252000645
second:0.03928136823788952
follows:0.12268640907502322
his:0.02634898630721795
writes:0.009446605585965176
of:0.005555445301878247
spacecraft:0.07283097534511118
vancouver:0.07043493595407115
oh:0.1845552105223699
in:0.005076562911271156
or:0.00963302082432979
rather:0.03676405218446947
and:0.008181373167659782
for:0.004647840898743914
subject:0.0003813850984574042
than:0.02043716117456373
the:0.006460740085620454
canada:0.05315153704295209
gone:0.1122742113395075
goes:0.046043245657009665
first:0.026822211848443443
mission:0.06422846959719378
mine:0.04664627206857123
s:0.00886337544080026
