since:0.01695611545257357
help:0.01813637898340506
all:0.008085320598697383
raise:0.039942387183033556
tried:0.026253085195226025
way:0.02936225117875497
ca:0.01742837793298577
work:0.03432326210153057
zoo.toronto.edu:0.08583011710863565
adequate:0.045866810200658636
to:0.0058398269495374185
cuts:0.04576651818670099
impact:0.04062071521416522
that:0.005879739414143674
control:0.025844358219839183
nt:0.012103026300380314
toronto:0.03404322284017443
anything:0.019671535172198336
re:0.0031689873116794113
political:0.030548947266792584
amount:0.031512008573108714
on:0.004296684959654999
you:0.004710160927192558
henry:0.15509295740534593
them:0.024845070703936285
a:0.003550434218253547
how:0.022294288088629224
was:0.0075039079161134375
funding:0.04537681383719401
it:0.0029055544893217965
not:0.005109406852338685
have:0.008665264629621234
viking:0.09531513046347333
only:0.011301154561604123
utzoo:0.046494843862978315
money:0.07881914661175755
able:0.022351400221276855
after:0.016349268539533484
writes:0.0056039185679454435
of:0.008239007862955026
keeping:0.03542491459648379
raised:0.03834729159895607
kept:0.03384555612350995
but:0.005637993408901782
spacecraft:0.04320481588269308
fairly:0.03325598769701598
spencer:0.07891041689288607
they:0.01581219702555498
craft:0.051945155388277334
accept:0.030272135344599434
now:0.013999274558290205
one:0.008333143286234088
in:0.003011520371093059
subject:0.00022624539738998556
vnet.ibm.com:0.04638688601740688
we:0.011421558522999746
seperate:0.04791055644486955
will:0.009604282583926139
agency:0.037076612384626284
the:0.003832642423673151
do:0.006087439990733023
fund:0.044474411460902065
would:0.007903810560206576
because:0.014955273719445033
did:0.013931449520703095
problem:0.017928519424115122
actual:0.034426753277361895
about:0.008347594748490436
is:0.006830660005694845
itself:0.0285004732253761
keep:0.04490533193433765
man:0.024559740159281345
their:0.01282782727611622
operational:0.05154152785447009
amounts:0.04263488175549674
changing:0.036291684504283946
article:0.006867227799293229
u:0.0320478261321442
going:0.03691213023813021
by:0.00839352097302683
s:0.005257934583525579
zoology:0.046714975103683914
