sent:0.02372698418251363
mode:0.02470571126760149
go:0.012551175818026627
activity:0.028794858380519827
bnr.ca:0.0301093591609497
know:0.007960484681666463
all:0.006155276326750266
situation:0.02273633734693289
means:0.018287711099604857
ever:0.017054335850515228
carter:0.032251053652015756
switch:0.027432989819420488
with:0.003773079850255144
ron:0.02733740862080668
damage:0.028706276491410783
into:0.0115535735676283
someone:0.014215858804277547
such:0.012406562603018055
from:0.005461756480194681
work:0.02612996727729424
zoo.toronto.edu:0.06534163754076779
to:0.002667482245337092
that:0.008952377430567144
nt:0.009213916796418562
could:0.00973618809887779
toronto:0.025916776097681175
re:0.0072375581182871716
exactly:0.020750855827561344
so:0.00659232643474142
chances:0.06297104222272419
this:0.006773966946727987
reset:0.03591247924841921
contact:0.02245207934826173
posts:0.02595495143334627
on:0.003271024678963161
you:0.0035857999316691734
henry:0.11807076757310206
timer:0.15013545062673248
communications:0.02721988965376577
m:0.008831062658813369
a:0.004504852018859339
was:0.005712652478073455
died:0.026169051749382746
mistaken:0.03476614907269371
theory:0.026248702303074998
galileo:0.15755950410935907
it:0.006635911543354296
not:0.0038897419908126766
reported:0.02664108127104299
zero:0.029894285481803947
interesting:0.02108402943175105
utzoo:0.035396074682783496
against:0.016666327691340948
command:0.10622587496603446
has:0.013739025469503884
heard:0.017436434576902415
be:0.003732008110564331
common:0.021716955094395807
sort:0.020241685855877614
writes:0.004266208974306854
down:0.015253971464213922
if:0.008647102190495604
of:0.006272276953733505
what:0.005938336148365362
explain:0.023193919535565186
but:0.004292149820970388
spacecraft:0.03289140822037279
loss:0.1098284321063428
spencer:0.06007373673135843
one:0.012687882680975773
in:0.004585282629535238
and:0.0024632091257470313
subject:0.00017223843156140837
i:0.0024632091257470313
example:0.018137800927470353
alan:0.028391501238704767
the:0.0024314613225453322
do:0.004634309154235463
regularly:0.03205098760851536
hits:0.03195323402773729
listening:0.03185693951021035
maybe:0.017083310208660156
may:0.012006616306063424
long:0.015356846742636031
is:0.01040023071834828
time:0.02038077380520921
does:0.007861218157016292
man:0.018697092508356123
update:0.028011885109524553
article:0.005227954066558716
u:0.02439769989414849
earth:0.022713130081249994
fault:0.02856129032462331
usual:0.027678327855480103
s:0.016011258860800473
zoology:0.03556365846603034
