know:0.01175119167293621
help:0.020381835428969496
saw:0.032356005553671
thanks:0.01898463471348727
your:0.011999354496964406
from:0.008062592899335006
scheduled:0.09744214445349891
to:0.005250282514631737
city:0.03504557712844183
day:0.024221933673932116
she:0.03157278557046174
that:0.006607707151132892
and/or:0.03848554311565686
anyone:0.015932521425156106
this:0.004999832746394467
30:0.03260100451784658
on:0.009657310956938857
a:0.0013300039293775191
utah:0.11047712637498064
test:0.034056189085520674
was:0.008432963181917958
commercial:0.03967949143097859
also:0.014128544111233968
experiment:0.04838977588307883
march:0.08254689649320107
are:0.006122965539059291
27:0.04207762271466315
comet:0.11584571974909469
it:0.016326449035236758
not:0.005742000081675857
kind:0.026243111399648193
west:0.038837231426058945
salt:0.052882294870215646
be:0.005509154829880679
down:0.045035534799107775
if:0.012764769900255416
end:0.02575460383405247
of:0.005555445301878247
what:0.008766115266634584
island:0.048891144773416176
anderson:0.09243176791890091
launch:0.17549175008346987
toward:0.042594879756127337
in:0.005076562911271156
or:0.006422013882886528
message:0.03092685608152116
and:0.0018180829261466185
for:0.006197121198325219
subject:0.00025425673230493616
payload:0.05459263369854973
i:0.003636165852293237
group:0.025686818426729957
will:0.010793384237174138
the:0.0014357200190267677
when:0.037362126938392456
would:0.00888237758194644
come:0.04573702237084588
transport:0.05575348910435009
launched:0.052882294870215646
about:0.00938110647925592
norman:0.10629372429485177
interested:0.027400725861094478
is:0.007676360768304683
orbit:0.04309505151120778
days:0.028364310710001644
does:0.011604655374643098
virginia:0.046478626402486914
earth:0.03352890631041666
training:0.04268388796963436
lake:0.050679160242590414
range:0.03809100938561594
s:0.011817833921067016
