taken:0.06460551568154235
read:0.044451040429371015
week:0.06760468243932516
all:0.018707212365613554
thanks:0.03908601264541496
name:0.0541614216829461
planets:0.11176403286528433
to:0.005404702588591493
caps:0.10101475529984097
bit:0.05343302349128823
perfect:0.0794134665517037
re:0.007332166721140599
this:0.010293773301400373
you:0.021796038800342032
loved:0.10290157945855771
more:0.024929784820014234
a:0.0027382433840125392
jack:0.08381874311293991
those:0.036390503025246275
twist:0.11442680818212866
ve:0.035786935275047733
be:0.01134237759093081
writes:0.012965929235638477
nearly:0.08412040818822383
who:0.02535397792615389
david:0.04894990665381361
in:0.006967831446842764
still:0.04003351141626563
for:0.006379389468864196
enjoy:0.09064205053809231
seriously:0.0760186992823008
subject:0.000523469742980751
i:0.007486223813544899
images:0.083448073414133
the:0.005911788313639631
thank:0.14237232575566722
here:0.035301978541635214
people:0.029515159609276812
about:0.019314042751409247
orbit:0.0887251060524866
random:0.08751378527412888
needed:0.06540828804188277
by:0.01942030342778757
