land:0.03769319758850935
okay:0.020406474575841216
go:0.00922005806537501
large:0.014189735165343961
at:0.004175189632485456
out:0.005583777720760474
all:0.004521648486475314
small:0.02832934502621812
environmental:0.0251175621812845
employees:0.026381205135094683
way:0.0082102977229694
damage:0.02108754908136811
aurora.alaska.edu:0.050968647240440285
into:0.00848722228901605
such:0.009113825608852127
times:0.013319792139777378
modern:0.019462218507307304
companies:0.03769319758850935
from:0.004012190779289932
longer:0.016086308096560073
themselves:0.015338626617643685
often:0.01472663691127349
to:0.0026126998295560775
line:0.01338295615547862
job:0.016452552394735434
besides:0.01919472414282886
been:0.006953745911002082
that:0.0016440977508742978
bit:0.012915090986045971
talking:0.030897546733291644
nt:0.003384258538968903
nsmca:0.025941481279876836
re:0.0017722298709865903
anyone:0.007928505922471048
this:0.0049761368566011285
off:0.010348139563774174
federal:0.03745456104924419
these:0.02355406596823141
fair:0.020012794013288544
on:0.00240288542767436
set:0.012556467223345599
you:0.0026341184332166916
am:0.007745669936973297
access.digex.com:0.04239300828808882
welfare:0.028015520236003354
a:0.003971101779657996
same:0.018408467777522395
rent:0.02618773596675224
was:0.00839299653176669
bring:0.017978042404213627
forever:0.02236557546501315
aint:0.03381540379819348
income:0.026652098091682116
pat:0.03841839082107849
are:0.00914092011755297
no:0.005335287849206208
it:0.001624907249952474
not:0.005714786811146587
have:0.007268966063710703
term:0.018472416084902646
being:0.009221819573104969
after:0.009143192832535315
west:0.019326584358939285
facts:0.01919472414282886
has:0.010092649041578684
nonsense:0.02492006125047612
access.digex.net:0.023508523601586076
free:0.01368487106220254
claims:0.01780249135359586
writes:0.006267889962251776
were:0.022056444987757808
if:0.003176068340110945
of:0.004607596814353996
industry:0.02158688801813506
even:0.015916203296360433
year:0.01172872377350546
mining:0.17721845942777653
particular:0.01607133387717444
they:0.013264260064091142
who:0.018384638022282202
up:0.006367110759963909
box:0.015016772562590557
in:0.002526251685703656
point:0.010433819721611663
or:0.0031957888990667553
forcing:0.025017782990773448
use:0.007880471695485062
and:0.005428399258162889
few:0.01083235782420041
for:0.001541937738919782
subject:0.00012652586204748008
space:0.014490581789161629
i:0.0018094664193876297
pay:0.015795460009468642
program:0.01315940015347903
the:0.00500120480561457
do:0.020426101959426443
when:0.012395018415580435
claim:0.01547506656303311
long:0.01128109594838192
people:0.042803975547102864
many:0.008782943258663951
constitutional:0.02553911424771339
claimed:0.020169913479245422
is:0.0012733299852638101
deal:0.015622345932514261
horse:0.025707392392058936
living:0.017459739402981518
methods:0.02108754908136811
right:0.01838742742929194
time:0.0074858292412498285
lot:0.011746698522584791
their:0.014347712024471224
told:0.014692984676441376
created:0.018000450656327115
strip:0.025430159185037094
designed:0.01862368434541594
every:0.01152677026984548
under:0.011503902498130993
change:0.028170702444649174
article:0.007680880382147878
prb:0.046595703482121595
thier:0.028824171975485643
full:0.014642950160773712
live:0.029352495487655533
fashion:0.026001855809627685
s:0.008821368922123483
