saw:0.07228469325820117
mercury:0.11903415235046114
nasa:0.09127959186381736
that:0.007380949477329294
nt:0.0151931606749455
months:0.14450189531829022
12:0.07560393258749012
re:0.007956180910173841
something:0.04235449610986219
big:0.11811832144117265
on:0.010787421813601913
henry:0.09734557964803628
access.digex.com:0.09515877392326319
why:0.03786643787561716
a:0.005942570748282532
old:0.056338576220049445
pat:0.08623702620476127
race:0.09299637720956506
get:0.027965403729598347
year:0.05265448332360961
in:0.0037804191892444783
resources:0.09390967603333174
and:0.00812334924448489
for:0.02076694869651536
subject:0.0005680203594046446
i:0.00812334924448489
6:0.0625180772884935
the:0.0016037298084873467
did:0.034976830711552456
joe:0.33867823207854775
thought:0.05711885968493005
film:0.1104072351566704
under:0.051645179300119984
prb:0.10459248334816655
little:0.09980164688929634
built:0.07856377944839901
