belt:0.2866113269173861
smiley:0.31160912449384043
next:0.13391900118745878
re:0.018697025138908526
should:0.08214060711167398
be:0.028923062856873568
found:0.13372602526284988
called:0.2682254495856734
one:0.04916554538878112
subject:0.001334847844600915
the:0.0075375300998905305
is:0.013433631344533195
object:0.4229972296132963
new:0.1723999564883547
davis:0.24763756371496398
james:0.17297968838185138
