read:0.013739412496351041
believe:0.013167708365638426
typical:0.027021850543829964
at:0.010678363787326436
venus:0.07459661755644965
pollution:0.07165181539147523
your:0.015271905723409243
billboard:0.07621517989129235
ca:0.012463930885408007
observers:0.03632092606552106
besides:0.0245459805705266
observations:0.03100431868974965
most:0.011252093721012352
positive:0.0268303030322219
day:0.03082791558500451
might:0.02578285013185995
that:0.012614713652162792
jeff:0.025548359326244826
uxa.cso.uiuc.edu:0.027021850543829964
indeed:0.02235298368790676
through:0.014360383600150465
nt:0.004327748798317809
could:0.009146116092885197
re:0.002266306077443458
vandalizing:0.03515181293749384
so:0.018578374497907637
on:0.0030727807590259994
set:0.016057058085611642
serious:0.02179996143660285
a:0.002539098410629809
how:0.007971896952903785
was:0.01609929334729792
ridiculous:0.03024890993091767
minority:0.03006241502990704
stating:0.03302212877483996
overall:0.02808251060411886
are:0.0077928652315300065
no:0.00682270143140915
those:0.011247973662348849
it:0.012467470172362617
not:0.0036540000519755447
texas:0.02404951316163032
have:0.0030984885645312294
only:0.008082037807692646
rights:0.021049693452683673
party:0.02572532390013732
be:0.007011651601666319
writes:0.008015301709303787
were:0.009401838166498783
if:0.004061517695535814
of:0.0035352833739225207
even:0.0203534478517094
leo:0.03484094448666019
what:0.005578436987858371
but:0.004032019528790365
years:0.013513790442305414
alone:0.02326795960857269
visible:0.05749374514784042
now:0.010011602411383299
george:0.07240571234645758
in:0.0032305400344452813
star:0.02782319378469335
and:0.0011569618620933025
few:0.013852287884280525
subject:0.00016179973873950483
cause:0.03822425616172202
space:0.018530380348564263
until:0.017340398335543298
i:0.00462784744837321
ago:0.017340398335543298
any:0.0062017410078109535
the:0.005481840072647658
sky:0.08475121549507178
when:0.0079252996535984
would:0.016957266292806836
nobody:0.024292664639141984
effect:0.02100832396740852
did:0.009963097232987668
wants:0.042673153485984834
imagine:0.02386508214828159
an:0.005441806900374162
problem:0.012821607830579299
during:0.0354953879976057
people:0.009122867515594652
about:0.011939590064507535
f:0.022522613444889986
is:0.003256637901705017
object:0.05127239146827833
night:0.0202899081611153
else:0.015312437729321556
cook:0.032519779321471674
run:0.016223238959923603
matter:0.01830850310242753
marketing:0.0300166743896926
light:0.042329874979470224
guess:0.018158528866276686
dark:0.05590293073535087
significant:0.025229865415175547
leave:0.02141322499572434
article:0.004911108365555157
opinions:0.017306728215272984
majority:0.024986597732809826
somewhere:0.02351224884183386
by:0.006002639241316158
s:0.0037602198839758686
