at:0.008157083448652139
help:0.009907836666860171
posting:0.030548042194039265
send:0.06790155372398664
document:0.021087191536233785
your:0.017499058641406422
with:0.005415068303606919
from:0.007838631985464589
monthly:0.025399960999219633
post:0.011956378724218427
single:0.015052901252372105
to:0.0057424965003784615
line:0.013073165503731428
covers:0.024894408721603933
otherwise:0.016450855701907574
look:0.010977631130906992
archive:0.0673981641075319
next:0.012399907517357292
approximately:0.023979913464856322
that:0.0016060399325670222
server:0.018529901597905712
articles:0.019499484355091048
so:0.004730604617522778
requested:0.024249676928393245
this:0.007291422755158597
jon:0.019210038257955246
two:0.008633284410431997
these:0.007669610986569178
directory:0.05854832345597772
on:0.009389052319246109
machine:0.015059256270020123
posted:0.06321075786077585
a:0.0032326484394592475
how:0.00608964350569039
other:0.0063856851288514385
below:0.0171846014492495
as:0.003704232223226937
old:0.012258856862695944
copy:0.04745294368143531
also:0.006868042276294288
shuttle:0.043108468487780355
obtained:0.022190946274405075
files:0.04596266061927346
are:0.00595288316297431
internet:0.01322469418108614
it:0.004761880968610722
not:0.005582500079407082
ken:0.01910218843108709
ftp:0.0175618840152272
ames:0.023808426095965816
directions:0.027277114277498172
date:0.016563885137885755
sci.space:0.08265666811681119
retrieve:0.029524835646857896
his:0.008539023340302114
list:0.02695952404557018
without:0.010403752244455994
be:0.010712245502545764
asked:0.031225008321652137
which:0.005980983020914434
get:0.018255194101265585
if:0.006205096479290826
of:0.0027005636884130367
available:0.012504925128769584
lines:0.01635732464951165
launch:0.04265424481195448
please:0.008867663689376179
up:0.006219723936816596
now:0.007647751842028908
email:0.038109703596776956
in:0.006580729699795943
use:0.01539610673840137
and:0.003535161245285091
for:0.0075312236785202305
subject:0.00012359702264823285
space:0.05662060662061302
guide:0.021765911324159132
containing:0.04456168964007961
information:0.01129083928001743
will:0.010493568008363744
ways:0.016520085098514325
the:0.004187516722161405
waiting:0.02025481602493473
do:0.0033255459208634103
see:0.008191600747273963
can:0.0040026203353597835
anonymous:0.021040662203578683
return:0.017085035684337634
instead:0.01420247366474371
may:0.0172317178466651
come:0.011116637381802815
an:0.004156935826674707
long:0.0110199594680953
here:0.008335189377886092
many:0.008579634386935618
requests:0.024296206261048347
dates:0.05180189963399698
frequently:0.043212506203214845
is:0.004975419016493776
launches:0.028852696712392628
followups:0.027017440820780378
questions:0.05600326550454651
periodically:0.02718892818967088
2:0.0090204145930343
1:0.009067240240392169
notice:0.01869428441483585
index:0.023808426095965816
faq:0.0539179869846911
article:0.0037515411125768564
answer:0.014056810380226187
respond:0.018722258092872715
by:0.009170698840899686
weekly:0.05248808456134625
news:0.014207761648904716
