with:0.00704611297336804
though:0.029946315682056385
times:0.10158347499372385
to:0.004981442747316256
earths:0.09700410763003589
appreciate:0.0462555823543915
that:0.004179573800415383
v:0.09269032081691596
re:0.004505307262387597
this:0.012650179237865518
you:0.013392746732740286
fitting:0.07220425061218042
used:0.023788716967914045
am:0.019690799478329708
a:0.006730140365524796
series:0.043221088683947785
minutes:0.04801406322936836
it:0.004130788310120145
not:0.007263976006939336
algorithm:0.04916926529808261
after:0.023243538405601824
easiest:0.07195059507967641
has:0.012828608119115074
be:0.013938825473192081
writes:0.00796701675924774
get:0.015835831027603883
if:0.008074101442932642
of:0.004685315314837076
looking:0.03125163066754993
but:0.008015460509041087
ga:0.06641406099077955
good:0.01951819098023493
in:0.00214071929993362
or:0.01624846886031531
and:0.0022999844246433124
for:0.003919865818217759
subject:0.00032165008303636504
i:0.006899953273929937
any:0.012328762244443462
program:0.033453414848000906
joseph:0.04920721239329822
the:0.0027244084698399506
do:0.008654432757909598
hello:0.04661796133315388
would:0.02247348544829822
can:0.010416457740213415
once:0.032325677047288025
thought:0.03234441452038208
just:0.014149259800793807
compute:0.0705315223609248
orbit:0.05451783624911827
gave:0.044721372446239666
presumably:0.05940295803355399
six:0.051051787183434165
advice:0.04686574781003914
simon:0.26083294475555274
terms:0.04637516837607788
very:0.02100292158775238
three:0.03516250610207799
fit:0.09796260432044282
four:0.04226561627738523
