edm:0.1747223150608577
some:0.015993655823744575
there:0.012572314870919827
gs:0.17001408884368896
o:0.04795861621643673
to:0.007551776219675785
remember:0.038118137486592214
cuts:0.0739787554250783
nasa:0.058769052295882404
that:0.009504236313273337
considering:0.05486808158020675
control:0.04177581191700032
re:0.005122472640796856
this:0.007191540251663273
93:0.05015089720280002
apr:0.05105764763065752
on:0.020835979119422872
a:0.0019130193504745137
how:0.01801867119491951
said:0.03002061409127989
equipment:0.05527339606219985
funding:0.07334882236697114
no:0.015421174468253558
it:0.009393299444930739
not:0.016518082426738762
against:0.035387408111751326
left:0.04006034497945975
able:0.036129660631653
after:0.02642758476253358
decided:0.05111826113723773
greg:0.059989980787608525
be:0.007924126810102346
were:0.02125073010236026
if:0.009180142736485057
of:0.002663569665284091
keeping:0.05726219071760393
but:0.009113468797950825
spacecraft:0.06983792156380524
ed:0.10871697730600005
they:0.01277972088366772
craft:0.08396614158653047
accept:0.04893304069401004
laughter:0.0826909303116536
or:0.009237143256206648
apollo:0.07765360455651227
for:0.008913667477043122
subject:0.000365711738246826
i:0.002615050784183492
vnet.ibm.com:0.0749815417815618
the:0.0020650767396960357
would:0.012776022549375014
fri:0.07969518783268333
maybe:0.03627278194989485
about:0.013493372333176322
moon:0.0629599497309664
is:0.0036804469437077244
keep:0.03629335046747837
23:0.05931057063501439
operational:0.08331370255928042
seem:0.03780428157391422
