dan:0.06851385326529756
there:0.015823775613399094
wonderful:0.08286461724323109
ca:0.03545773441538485
times:0.1453694555944669
415:0.09065746420431829
to:0.002376205448432467
stop:0.05730953645828685
mail:0.05283302594544579
nasa:0.0739679451310244
that:0.0059811142316289105
re:0.0064472500478994915
contains:0.07237333629099647
used:0.03404247428167009
am:0.05635642609315054
sure:0.03762144862343454
a:0.007223297202653767
daniel:0.07376862060686792
book:0.05361549156351161
ames:0.08866586270221753
astronomical:0.10792381834594696
algorithm:0.14072582826692606
algorithms:0.0877501760588736
be:0.009973469950646057
which:0.02227400573306065
writes:0.011401075707199351
looking:0.044722161127700756
fairly:0.06765873359048079
called:0.046245767169943684
in:0.0030634431361119046
or:0.011626059615570436
and:0.006582714042944653
for:0.011218926307312896
subject:0.000460292360207212
i:0.006582714042944653
research:0.053229853112703056
program:0.04787299021351853
joseph:0.0704172177352371
hello:0.06671191018365123
can:0.014906310214443334
joe:0.06861153839522303
an:0.01548100238899546
compute:0.10093304061994411
is:0.0046322866705286875
field:0.06711134224022941
center:0.05632122126677256
article:0.013971256557182775
by:0.01707647370374424
1991:0.07485934813752251
