tv:0.016913665429694923
some:0.005212218192559616
since:0.008932239390195005
health:0.03719952321654242
divine:0.022798669438064897
there:0.004097227614183694
lead:0.034501916407320636
circuit:0.020661449307643066
returned:0.021202456257652994
small:0.01334261562618755
take:0.009489951474712962
with:0.002610836503524765
former:0.017816508583689994
operations:0.020809450233164946
from:0.003779340421563284
post:0.011529365198353483
members:0.01646536744868132
attend:0.05313642950366434
to:0.0024610699287336262
sound:0.015407068255037636
astronaut:0.029572431150235855
been:0.0065501803000957105
that:0.0030973627270935427
ran:0.020266944171705166
like:0.010398563067041724
afternoon:0.04970030610272301
nt:0.0031878506773323147
me:0.004837449466091717
re:0.001669377244545404
effort:0.018135521815753137
charles:0.018376127923811766
he:0.014197617924287814
fair:0.018851337217874475
formal:0.05047719339727327
on:0.004526864511065088
independent:0.018539022090165055
february:0.022958125163967037
bryan:0.023659846518977807
a:0.0018703180256871362
member:0.017816508583689994
other:0.0061576249456781725
j:0.01363450294432528
was:0.0276706604406683
running:0.02703089653970269
immediately:0.018851337217874475
speakers:0.025238596698636637
given:0.012445480174916432
also:0.006622755052140921
washington:0.017139345247386133
panel:0.08804366994258894
team:0.014300109681671863
missed:0.019401482934052815
reported:0.018434676772373496
session:0.06454312341528691
closed:0.01841996741569112
shortly:0.02510532454171842
after:0.017225122211294207
b:0.013664769404081435
mit:0.022877685407258652
has:0.009506914945415633
poor:0.0176404294227467
his:0.01646811644201122
which:0.005767376484453204
writes:0.0029520642456141175
watched:0.02224682142035429
were:0.013850922298859814
deputy:0.027587226591032975
of:0.006076268298929333
even:0.007496247534669757
advisory:0.02906649951940102
reasons:0.0324689685338938
but:0.0029700143850464743
redesign:0.08310956575171402
sense:0.014671080564120493
sat:0.023208524568659197
david:0.011144844818502204
over:0.008955092645175704
president:0.016810081067732133
in:0.006345703639088945
chief:0.02224682142035429
speaker:0.023519595642935938
system:0.009978671112689843
or:0.0030103190076030593
use:0.007423122891729232
and:0.004261131858156137
for:0.004357350842572419
subject:0.00011918284326793882
table:0.02022274296196092
station:0.036928483372965684
space:0.040948831573836206
outside:0.01609274900661395
i:0.0017044527432624546
house:0.01534764260933121
room:0.03560739714570183
shea:0.19833102628295476
sick:0.0200501887010936
will:0.005059398861175376
agency:0.019531429738329917
joseph:0.018233029592159607
the:0.009758409504322562
when:0.005837832334123821
writer:0.022759679795347244
got:0.00987568670370792
conference:0.038913423830628374
did:0.014677777173597905
presentation:0.12795148523097594
meeting:0.021633429146236238
note:0.013221826334279006
head:0.015414552390427156
general:0.013162635549497996
today:0.012674670829456933
morning:0.019152414364283107
yesterday:0.019626620673458585
white:0.015173969400984786
gave:0.016570865683204875
selection:0.023659846518977807
almost:0.040473119601757604
committee:0.02148510036218124
show:0.013437806561316216
article:0.0036175575014133973
mike:0.014265232272132604
chair:0.02566408857276309
s:0.008309414475750244
