obvious:0.05656835755738253
folks:0.05445905662198203
know:0.018145222436151496
traffic:0.06433882737332208
post:0.037979085359282065
several:0.04144781429510877
to:0.00405352694144362
713:0.0820650077276429
nt:0.010501155172388801
me:0.01593512765300801
need:0.02825297046319465
re:0.005499125040855449
on:0.007456012135871911
you:0.008173514550128262
am:0.024034358186784788
missions:0.07907635711568307
them:0.021556752522532953
a:0.0020536825380094046
mankind:0.08227360530105403
forever:0.06939906504584963
shuttle:0.1369327822553023
not:0.008866323655528896
ken:0.06067753972227664
have:0.007518391369818424
stay:0.058069081886120325
if:0.009855153231814842
of:0.002859420375966745
reasons:0.05347830111464861
but:0.019567153595600302
russian:0.06846639112765115
net:0.04875209536615415
email:0.0403514508671756
in:0.0026129367925660364
our:0.032790815043829316
office:0.10737464450135767
for:0.01435362630494444
subject:0.0003926023072355632
space:0.08992684580920893
i:0.008422001790238012
will:0.016666255072107124
program:0.08166568918776691
the:0.005542301544037154
joint:0.07994678169495265
gothamcity.jsc.nasa.gov:0.18493389238328292
is:0.003951068042509763
humanity:0.07351343111856533
addresses:0.07087088061286406
contacts:0.08478769056787226
e-mail:0.08087340519565489
earth:0.051772575920496305
give:0.034753474578764806
s:0.009124062953764975
