belt:0.15492504157696546
1992:0.053323601822760705
from:0.03432049680122334
work:0.02736584410797708
possibility:0.05731056191407206
smiley:0.1684373645912651
discovered:0.06128152304215984
t:0.03481450074324922
next:0.03619432464525913
jeff:0.1708978090066377
cco.caltech.edu:0.06082116419670571
re:0.01010650007508569
you:0.007510797154171917
trek:0.08042270411365414
m:0.036994992219353304
a:0.0037743354752605273
senior:0.07161899486825715
as:0.010812353516446195
science:0.045697732786044803
outer:0.15492504157696546
no:0.015212780218682566
49:0.0672373777306142
imaging:0.0729790425139286
should:0.022200164084236213
only:0.018020759976611983
always:0.03590481213511767
be:0.007817044015371234
found:0.03614216898995943
writes:0.008935978256994086
things:0.030198999028922292
year:0.03344271238121151
planetary:0.07619469977202793
called:0.0724933647528847
one:0.013287985240211115
in:0.0048021541052565
star:0.06203820235776221
known:0.044012550644139975
subject:0.000360769687729977
space:0.08263547993278658
i:0.007739136780218714
the:0.004074340594535422
last:0.029461656108912136
is:0.007261422348396322
object:0.17148536335674175
recent:0.05132560930385164
new:0.04659458283469046
days:0.040246657088515846
unless:0.041595424672168806
article:0.010950444328602716
davis:0.06692907127431459
iv:0.07133448933855673
james:0.0467512671302301
