out:0.009425416792643679
block:0.07020446859461331
effects:0.034414694858900856
there:0.014684463769234359
where:0.014779654385870094
missing:0.03454117970711399
from:0.02709031214176562
zoo.toronto.edu:0.08102363055055206
feb:0.04453147426803982
both:0.017965632658465902
my:0.00760171409064241
to:0.006615355968435988
areas:0.03293002123947068
growing:0.04265792716803346
enough:0.01945718821549917
make:0.01408064386679763
that:0.005550474006951629
view:0.027242790022277055
uxa.cso.uiuc.edu:0.0713376854357111
nt:0.005712628413779508
permanent:0.0408552156330123
anything:0.01856992920255523
re:0.0029915240222253645
aw:0.04847128614882217
henry:0.07320387589532328
am:0.013074690853610925
them:0.023453746744515856
shadow:0.12877832611302784
hitting:0.038397402284814294
it:0.008228530313759327
not:0.0048232800686077194
imaging:0.043203593168245735
due:0.05304227975837572
expect:0.027649768665267103
after:0.015433709501319611
b:0.024487266772113936
mapping:0.044312282474534906
sun:0.02902793843279073
be:0.009255380114199541
writes:0.010580198256280997
of:0.006222098738103637
what:0.00736353682397305
distance:0.0377530913849422
understanding:0.0321132382792866
spencer:0.037245716773442225
george:0.09557554029732401
in:0.0028428752303118476
st:0.030693977943354402
our:0.01783820338384315
and:0.007635948289815797
subject:0.00021357565513614637
space:0.02446010206010483
i:0.003054379315926319
impossible:0.03293002123947068
will:0.0362657710369051
the:0.0024120096319649696
pluto:0.19857645576942873
start:0.0450809934061202
around:0.018937555465229086
would:0.007461197168835009
can:0.006916527939501707
because:0.014117778391156112
increasing:0.04078534619326227
come:0.019209549395755268
about:0.007880129442574973
15:0.02673448585584515
f:0.02972984974725478
is:0.0021493810151253113
either:0.020028501656906866
atmosphere:0.043298268829421754
orbit:0.03619984326941453
occur:0.03639836462237233
does:0.009747910514700201
nothing:0.02043884801200727
article:0.0064826630425328085
close:0.027799305729364326
s:0.019853960987392588
news:0.02455101212930735
james:0.027676750141096218
