there:0.011192426653379847
know:0.01504725762997929
ya:0.06227929212349436
from:0.010324051883294825
tm:0.05604971134586033
my:0.011587978796710991
to:0.003361461366075197
remember:0.03393443946977112
cs.cmu.edu:0.06316660132206056
aka:0.06316660132206056
t:0.06283592817074249
that:0.004230544212615571
quite:0.032392675391578064
nt:0.008708275021005348
its:0.02521737263456305
me:0.013214496102494448
rise:0.06049144487725197
re:0.004560250033880129
vandalizing:0.07073230652056686
this:0.006402224858188037
age:0.050277910072117335
you:0.006778036456203926
disclaimer:0.04578116496431935
more:0.015505110070984462
freely:0.06351672456452924
standard:0.03712249439588094
blessed:0.06675186036651234
are:0.00784038270245397
those:0.022633117735214148
it:0.004181163777316732
try:0.029712069174919423
bb:0.06876107052597642
types:0.04996216112171804
has:0.02597010911918417
fraering:0.07505147498057435
sic:0.0720887167048379
g:0.0431097800123354
writes:0.008064175500214175
never:0.02687730769343732
phil:0.05404212622763406
please:0.02335872386469823
in:0.00433365126571928
presence:0.05822190488171709
and:0.004656066030375486
for:0.003967669059903342
subject:0.0003255726450246134
power:0.03294945463622612
than:0.01744635710023733
observatory:0.0725765866391513
the:0.008272898890123752
sky:0.056845327466206685
may:0.022695433261461354
human:0.03909563867361678
finally:0.04434785946092811
is:0.009829486349658434
pgf:0.07505147498057435
right:0.023656995046223168
evening:0.06476220621180216
life:0.03402901650352085
their:0.018459556324167244
activities:0.05154060127871295
article:0.009882108296543915
practiced:0.06894445927432448
offensive:0.06115593494169185
by:0.024156962800418687
god:0.03235583209481981
