at:0.008853919723160112
out:0.0059204879350776875
block:0.04409828429309881
there:0.013835864104178102
extreme:0.024351196626919185
all:0.009588621413530564
where:0.009283702503687244
much:0.01755976753326564
missing:0.021696720921554013
into:0.008999014587851187
followed:0.022336370356800403
from:0.012762395795429782
work:0.020352487075279434
zoo.toronto.edu:0.0508942402955729
feb:0.027972031575401898
longer:0.034112673450996736
both:0.022569890274454652
several:0.014163072221444204
to:0.0020776871760163278
long-term:0.028409274675852296
areas:0.041369373416420455
enough:0.01222185189415777
worse:0.019573193031861242
make:0.008844625544470873
that:0.0034864786475826814
view:0.017112305290375034
nt:0.0035883344307660226
permanent:0.025662823890083102
toronto:0.020186433643922523
anything:0.011664528393564843
re:0.005637294011731214
wait:0.01844924525180964
so:0.005134726620024724
this:0.0026381027053840153
aw:0.030446787781923477
carries:0.02713793540718953
on:0.0076433491242104004
you:0.002792959745772472
henry:0.09196466821020513
am:0.00821274551106214
moment:0.021147290449003934
them:0.014732252980223527
rotation:0.02750579170881413
shadow:0.08089090836245466
more:0.006389040330757417
a:0.002105282601778485
was:0.004449553437695405
surface:0.022939626850706107
hitting:0.02411897128443109
are:0.003230710460307666
not:0.0030296985355576125
imaging:0.02713793540718953
have:0.0025690985585309187
only:0.0067011871269813394
utzoo:0.027569806913725837
expect:0.017367945141499436
after:0.009694541144044982
mapping:0.027834348288024436
without:0.011292514999007512
sun:0.0182336296688384
be:0.00872052146438399
writes:0.0033229265880279513
get:0.01320978869639319
soon:0.018075344909746084
if:0.003367590049062358
of:0.00781670695741663
even:0.008437987174703647
what:0.004625337200988096
spencer:0.04679110147417365
over:0.020160208568033747
one:0.009882521686187161
in:0.004464314117952022
st:0.01928013689909196
our:0.011204901623017053
weeks:0.018294295906196533
and:0.0057557399169465805
gets:0.033540867762741754
for:0.0016349189091058995
subject:0.00013415556227144873
each:0.038382051216491686
space:0.015364385716146248
i:0.001918579972315527
example:0.014127432883205551
we:0.020317747322321153
impossible:0.020684686708210227
will:0.02847500866591167
normal:0.018956596354364537
the:0.00265139249744893
darkness:0.03105295857483109
when:0.006571228355998673
pluto:0.1559174432862977
century:0.04490273361645093
start:0.014158603456696043
around:0.01189544941283234
would:0.004686681638715458
increasing:0.025618936051044136
come:0.01206629987170557
just:0.011802900135335538
immediate:0.02411897128443109
about:0.004949830051868702
15:0.016793018753671576
is:0.0013501137029681603
either:0.012580717121172653
atmosphere:0.02719740504360663
orbit:0.022738595018476464
assuming:0.019940551113914583
does:0.006123059368530278
man:0.014563062003995975
their:0.015212900689263457
light:0.01754881751661454
nothing:0.0128384723693513
article:0.004072024524204025
luck:0.020717530783485535
u:0.019003233585894553
earth:0.017691131470320347
probes:0.031892426336957554
close:0.01746187545814342
past:0.016600575110067153
by:0.004977062687523448
north:0.020171632084979022
s:0.012471081022231524
news:0.015421490030971954
zoology:0.027700336996154283
