read:0.039086259687895204
at:0.0151890519388695
there:0.015823775613399094
pollution:0.10191853051373632
from:0.014596073352244407
to:0.002376205448432467
observations:0.08820194110014987
most:0.032010266620121346
lights:0.08463149085155762
day:0.08770010468147835
might:0.036673881653076654
that:0.0059811142316289105
really:0.067289508385894
nt:0.0246233983352565
need:0.033124172267193726
re:0.0064472500478994915
vandalizing:0.10000084714976694
so:0.017617424092843448
this:0.009051421351231362
on:0.008741531469642929
are:0.011084678993124578
no:0.01940940924452603
it:0.005911300512758138
should:0.028324347279887578
deleted:0.06057550856893684
be:0.02992040985193817
writes:0.011401075707199351
of:0.0033524238890644594
even:0.0289510249614832
what:0.0158696914309764
alone:0.06619333336921542
visible:0.08177989611546266
one:0.01695363634095901
in:0.006126886272223809
message:0.055988273940684855
i:0.0032913570214723265
any:0.01764288390153116
the:0.0038987224654606187
sky:0.08036753193498186
during:0.10097825895870588
about:0.033966075183512814
night:0.057721290458345245
else:0.04356124526444925
light:0.12042119606228598
leave:0.06091693317749166
article:0.013971256557182775
somewhere:0.06688829411901012
