some:0.01269061820797124
at:0.009575706657113381
out:0.012806272816091955
there:0.009975858538882037
know:0.013411686148459803
adult:0.0608109256573008
aurora.alaska.edu:0.058447742215939666
to:0.004494127695948361
design:0.08180798277011832
look:0.025773568742129462
acad3.alaska.edu:0.0632363990411509
think:0.01564943508183212
nt:0.007761723388287375
nsmca:0.1189924467403046
michael:0.032659730452974885
so:0.011106636928096957
this:0.00570633085186325
mean:0.02873284844380283
you:0.012082586726276563
m:0.014878420783870349
a:0.007589696336121712
finished:0.05375283263663175
related:0.041892815061208365
shuttle:0.05060559344217694
files:0.07194155575190628
it:0.007453378907390695
not:0.006553369658434401
slide:0.061956148653581525
namely:0.05807924708903009
able:0.02866810028381162
adams:0.050365372279126214
shows:0.04200233301760773
be:0.006287622360189905
if:0.007284243693080536
of:0.0021134846257145506
designs:0.0592244700853108
what:0.020009610934709373
in:0.0019313011075488096
pictures:0.05054503860468285
or:0.014658944732675767
and:0.00622495784495853
few:0.04968755436752797
subject:0.00029018431404367716
station:0.0449564145410017
space:0.1329353372831784
create:0.04133527925264803
i:0.00829994379327804
program:0.030180798178087772
the:0.0008192967499881011
do:0.015615606932749927
see:0.07692981571352939
around:0.05146074854681817
can:0.018794912879080725
maybe:0.02878166393850352
movies:0.06145049630972399
just:0.012765093081150933
gif:0.050913533731592436
is:0.005840709280231824
items:0.050365372279126214
high:0.030405693756973058
grasp:0.12893646515419319
check:0.03597077787595314
