out:0.028736026806840485
all:0.011634973544466966
send:0.03577252586434418
nowhere:0.06293864848044894
someone:0.026871440422719755
to:0.003361461366075197
look:0.028916686881413543
day:0.031015890680035026
might:0.025940062632663977
that:0.004230544212615571
jeff:0.10281656802025357
think:0.01755790277473848
like:0.028405830817284712
re:0.004560250033880129
vandalizing:0.07073230652056686
had:0.0187122986058797
on:0.006183034454137682
a:0.0034061076240155977
how:0.016041012161330786
as:0.009757489758744128
primitive:0.06894445927432448
stuff:0.03565142137406856
across:0.04706297709553466
d:0.02221761246801263
it:0.008362327554633463
fraering:0.1501029499611487
ancient:0.05592201256699088
g:0.0431097800123354
writes:0.008064175500214175
get:0.016028950918184418
of:0.011856133266203576
seen:0.03161542549539455
phil:0.10808425245526812
seems:0.028737647431476564
they:0.0227541371831157
find:0.025810326069187685
up:0.01638366305307786
one:0.011991596436288079
in:0.00433365126571928
or:0.008223310459793723
quest:0.0725765866391513
and:0.002328033015187743
subject:0.0003255726450246134
we:0.016435901289194758
the:0.00459605493895764
sky:0.11369065493241337
thing:0.027608932135670203
see:0.021577875139160686
flying:0.06058418389414489
can:0.010543487712655042
come:0.029282849688651323
rid:0.05630919181472965
just:0.014321811749583975
people:0.0183569895130868
middle:0.0489890279895193
pgf:0.1501029499611487
sorts:0.06067763356177378
cook:0.13087228263519088
every:0.02966034788948044
already:0.03543641855240672
movie:0.061858729000675225
