go:0.011180645125253604
appearance:0.031173906866232382
week:0.019815165542560825
infinite:0.02971420441413291
know:0.007091236354358057
help:0.012299383448516074
saw:0.019525175765146292
episode:0.035088682668032556
wonder:0.02120900981503982
with:0.0033610768781008465
former:0.022936194958313554
aurora.alaska.edu:0.0618068078605339
into:0.01029197645392176
such:0.011051823008435624
hardly:0.025095614083847827
job:0.01995108365108722
astronaut:0.03807025619340708
important:0.018059593637777142
might:0.012224627217692218
next:0.015392988642236639
engineer:0.025624168619149106
make:0.010115405076722435
she:0.019052543016657944
that:0.007974818975505215
think:0.008274413951313536
nsmca:0.03145777327617248
re:0.002149083349299831
generation:0.026661458134736995
two:0.010717180647432824
on:0.008741531469642929
society:0.021357650680499125
them:0.00842447799731173
trek:0.06840551844149892
m:0.007866751219057885
more:0.007307005895521413
sure:0.012540482874478181
a:0.005618120046508486
as:0.004598357242626543
woman:0.02516821033043346
idea:0.01593319709919975
science:0.019434667966478823
role:0.025366406744635587
are:0.0036948929977081925
einstein:0.03231949826060302
it:0.007881734017010849
not:0.0034650000492871544
have:0.002938221914641683
being:0.01118278120646637
flew:0.03536908591038561
only:0.007664001369363716
interesting:0.037563500711740375
carlos:0.0719492122306313
per:0.02032658112398286
usually:0.01895259047233686
be:0.0033244899835486856
g:0.04063220644840807
writes:0.007600717138132901
things:0.012843252460576148
if:0.003851439194042582
of:0.0033524238890644594
future:0.02014084094435546
but:0.0038234667945425877
dr:0.022522095431646558
year:0.014222762736837079
present:0.02083046139557071
loss:0.07337675420897903
must:0.013318738088962627
they:0.0053616070374008255
who:0.014862676715331589
operator:0.06306197213599359
planetary:0.03240464243178199
universe:0.025468128452103406
one:0.005651212113653003
in:0.005105738560186508
star:0.05276812614338394
better:0.012851815352306914
and:0.004388476028629768
for:0.001869821051218816
subject:0.00015343078673573735
space:0.08785956199750297
doug:0.04967401706504352
i:0.006582714042944653
we:0.007745654630540057
mention:0.021693533415384613
will:0.013026498217279131
connect:0.026414231783681304
the:0.004765105235562979
stupidity:0.029660742387338006
would:0.005360055437381471
her:0.019002349453619127
physician:0.03168027047261323
may:0.01069554900827489
last:0.025059339678844803
an:0.010320668259330307
human:0.018424381443888367
transport:0.033644346873314704
people:0.00865099505789148
about:0.005661012530585469
newspaper:0.028335893774626326
is:0.003088191113685792
night:0.01924043015278175
ad:0.024883170438827876
31:0.026789177311660622
does:0.007002809277801869
expected:0.023846944044358238
chemical:0.028551167122528052
first:0.010790544996500236
article:0.00931417103812185
give:0.013581817651471302
black:0.020284783656574355
guest:0.03420275922074946
appear:0.022693664185380356
s:0.010697177256138246
