since:0.02532685599245166
delta:0.07559366318497647
there:0.011617455513634778
final:0.04881833414223538
small:0.03783222658564571
vehicle:0.05570484420252201
from:0.010716104486457918
work:0.02563382865810511
drawing:0.06004093638856752
to:0.001744555898849153
design:0.04763502794209421
look:0.030014788914884943
been:0.018572663129385308
derived:0.06668847372174241
that:0.004391197790309833
think:0.018224658576310827
like:0.014742266626692065
so:0.012934311359302786
on:0.006417833230877088
why:0.02252813392600008
dc-x:0.07790153099249489
as:0.01012802734451922
following:0.03464954775999698
question:0.05526547046448366
no:0.014249946027626706
it:0.00433994214860724
not:0.007631772260455251
ken:0.15668630510562576
discussions:0.06075538336204793
have:0.0064715267487044665
orbital:0.06821206463629778
ve:0.04620591643107429
completely:0.04553156502581608
anybody:0.038475887910287276
sort:0.07942940019395013
of:0.0049225464700187
seen:0.032816011273700665
explain:0.04550705731661524
one:0.01244697351614712
in:0.0022491101505631703
required:0.047376980386088216
better:0.028306530016473458
and:0.002416439332220189
i:0.012082196661100945
top:0.04280547121730779
program:0.0351472586377731
the:0.004770588670816791
less:0.03479576653919338
ibm:0.04987932998885654
would:0.011805691722840203
can:0.010943873321996372
clipper:0.045240558466009766
may:0.023557285157466214
an:0.011365799222300464
about:0.012468559244580651
is:0.01360367731091969
atmosphere:0.06850991903389518
1:0.02479144166993302
orbiter:0.0792352084058851
every:0.03078669021439742
side:0.04076410226039485
understand:0.03792604130298295
