at:0.013983571626260809
activity:0.03542224642048074
concept:0.03377660114381574
stephen:0.032314756185642994
know:0.00979265972744684
with:0.004641487117377359
ron:0.033629351874801865
from:0.006718827416112504
several:0.022368661683074574
jpl:0.0480865934016093
to:0.00218761771442989
might:0.016881628062527347
that:0.002753211312972038
think:0.011426571647052025
nt:0.0056672900930352255
re:0.0029677817680807184
so:0.008109607915753334
had:0.012177845124461389
described:0.032931494156494705
this:0.004166527288662055
he:0.012620104821589168
carries:0.04286070750818029
gamma:0.04428905178952157
drag:0.08282742205137716
set:0.021027099874015246
access.digex.com:0.03549573313010611
why:0.014124782382174654
ray:0.03442673703641801
a:0.008866692862516793
want:0.01502061879136652
was:0.0070274693182649645
question:0.01732528637577067
minutes:0.03162831149236169
features:0.06866107152470356
mind:0.024044887325477278
pat:0.032167779616061744
model:0.02903929771098055
d:0.014459081129976471
mars:0.0448686163531318
it:0.0027210748392061264
being:0.01544288833273927
only:0.01058362093864513
minds:0.03901465648701451
mo:0.08857810357904314
free:0.04583345704959897
be:0.004590962358233899
writes:0.005248114214425097
of:0.006172717002086941
even:0.013326662283857345
what:0.007305096055528819
but:0.005280025573415954
spacecraft:0.04046165296950621
using:0.01749540141781683
experimental:0.042232633535492003
they:0.007404124004029711
who:0.010262324398681334
in:0.0028203127284839756
point:0.0174725076290481
and:0.003030138210244364
for:0.0025821338326355078
subject:0.00021188061025411345
mechanism:0.038144030159582565
i:0.003030138210244364
propose:0.04374894493837065
possible:0.020452155737814143
any:0.00812132751022863
the:0.0029910833729724323
would:0.0074019813182886985
proposed:0.03502979979021104
did:0.013046913043198136
bursters:0.04723238178103497
an:0.007126175702870926
thought:0.021306241311045335
tour:0.048455799874902096
about:0.007817588732713265
five:0.031515735024171564
observer:0.04474926812007989
baalke:0.09512623493350753
spent:0.034459065015684964
carry:0.0308925226185183
met:0.03745346367553789
too:0.01549617355448013
dead:0.027232397895326475
him:0.019019962725105616
describing:0.041812614476330556
article:0.006431213335846039
prb:0.03901465648701451
satellite:0.07768794463718832
confirmed:0.04231937219050938
give:0.01875584342346037
bad:0.021750801958304634
grateful:0.042767881795774
answer:0.02409738922324489
project:0.03056853853502421
by:0.007860599006485445
data:0.023288457327030256
kelvin.jpl.nasa.gov:0.09581647480556688
s:0.01477229240133377
