at:0.006117812586489104
behind:0.024498211118046512
concept:0.05910905200167754
stephen:0.02827541166243762
with:0.00406130122770519
ron:0.029425682890451634
from:0.017636921967295324
jpl:0.042075769226408134
to:0.006699579250441539
job:0.02410755941173039
then:0.011082502428998633
been:0.010189169355704438
that:0.004818119797701067
satellites:0.039473731383065
its:0.014359892750237292
so:0.0070959069262841665
ball:0.0928876112444155
described:0.02881505738693287
this:0.0036457113775792984
drag:0.21742198288486506
am:0.011349558032648371
them:0.010179577580085005
access.digex.com:0.031058766488842843
more:0.008829298790421707
a:0.0067885617228644205
accurately:0.03992191555763147
was:0.024596142613927376
idea:0.01925261316153303
question:0.015159625578799336
pat:0.028146807164054023
it:0.009523761937221443
have:0.0035503514801920335
term:0.027067220791072624
only:0.01852133664262898
between:0.016131012819766706
whose:0.02599153785070117
access.digex.net:0.03444651722176848
free:0.0802085498367982
be:0.008034184126909323
floating:0.039694208454694034
writes:0.009184199875243921
what:0.006391959048587716
but:0.00462002237673896
years:0.015484551548474954
spacecraft:0.07080789269663587
ignore:0.031255320489973766
up:0.009329585905224893
in:0.004935547274846957
point:0.015288444175417087
or:0.004682718456271426
and:0.003977056400945728
for:0.002259367103556069
subject:0.00018539553397234928
away:0.019229052682803265
signal:0.03128862724180358
ago:0.01986920642614336
gravity:0.07517060560663498
joseph:0.02836249047669272
the:0.003140637541621054
putting:0.027917045187763986
would:0.019430200960507835
proposed:0.061302149632869334
whereas:0.0349369169940876
joe:0.02763520296474261
may:0.012923788384998825
many:0.012869451580403425
baalke:0.08323545556681909
involved:0.025006091229624078
itself:0.046709108897144164
field:0.027030957291203514
keep:0.01839871238976334
position:0.023908631647307027
article:0.01125462333773057
prb:0.03413782442613769
little:0.016287074318739332
satellite:0.06797695155753979
confirmed:0.03702945066669571
already:0.02017907167567605
earth:0.024448160851345477
condition:0.026375660336701533
answer:0.02108521557033928
respond:0.056166774278618145
by:0.006878024130674764
kelvin.jpl.nasa.gov:0.08383941545487102
jets:0.035904663667077265
s:0.012925755851167047
