appearance:0.1043126883600853
princeton.edu:0.11787554491955242
ca:0.03954901146331387
such:0.036981100066688435
job:0.06675939529402262
besides:0.07788628450263249
important:0.06043017871102351
she:0.0637527400942016
that:0.0066712427968168625
nt:0.013732279840816125
re:0.007191163514964819
on:0.019500339432280384
trek:0.11444769431558474
access.digex.com:0.08600889181525712
more:0.024450365881167807
a:0.010742339429587655
christian:0.06165081483147261
act:0.07176217428881451
role:0.08487989949166523
pat:0.07794500445430345
it:0.006593373648845615
have:0.009831742560531787
only:0.025644927659024742
carlos:0.12037656661663315
usually:0.06341828350358872
be:0.011124254944951372
g:0.06798080694252889
writes:0.01271658444264543
who:0.024866401427574007
operator:0.1055075303044508
one:0.0189098251495312
in:0.003416917344124817
star:0.08828513412450777
better:0.043004151371180833
and:0.003671128985488364
for:0.0062567089021552695
subject:0.000513403017154198
i:0.003671128985488364
the:0.0014495250192097173
would:0.017935570117391848
maybe:0.05092140542966008
transport:0.11257916069147614
is:0.0051667812863589214
does:0.023432477198798565
expected:0.07979554353304488
article:0.015583324621473098
prb:0.09453551379545824
guest:0.11444769431558474
