at:0.025170428927269457
know:0.035253575018808624
send:0.08380991773932064
re:0.010684014365090587
so:0.029194588496712002
anyone:0.047797564275468316
on:0.014485966435408284
arthur:0.1526654494911648
a:0.003990011788132557
ftp:0.10838191277968787
site:0.1115875484982459
if:0.03829430970076624
of:0.005555445301878247
years:0.06370786922801124
spacecraft:0.14566195069022236
russian:0.26604083409601587
they:0.026654846414506963
few:0.06530364288303675
subject:0.0007627701969148084
back:0.06018162057335821
ago:0.08174759215327554
any:0.029236779036823063
images:0.12159576411773666
the:0.006460740085620454
did:0.046968886955513295
an:0.025654232530335334
moon:0.1313164665817299
does:0.03481396612392929
mission:0.2569138783887751
s:0.01772675088160052
