another:0.048206637617143014
at:0.057454239942680285
out:0.02561254563218391
behind:0.15338010439124775
nick:0.10816447721881413
darren:0.13272675617907964
to:0.002996085130632241
nasa:0.0932639308173786
r:0.06739608188541586
re:0.008129141364742838
he:0.03456811320696163
a:0.0030358785344486846
richard:0.08121907640823431
wife:0.087847435372695
works:0.06467665203371174
robert:0.06946547889038486
his:0.08019256702196768
johnson:0.20075450994816657
but:0.014462678744574136
good:0.035217605464336936
in:0.007725204430195238
and:0.00829994379327804
for:0.0070728013676537825
subject:0.0005803686280873543
space:0.0664676686415892
sciences:0.11064152633510149
friend:0.07550433521071317
fish:0.11954989088407281
general:0.06409631224103372
is:0.023362837120927297
stsci.edu:0.12937565444370447
every:0.10574558812771287
luck:0.08962583969377437
check:0.07194155575190628
va:0.10850152475220468
