large:0.012423378090819816
at:0.003655456483213407
say:0.007873630598620512
know:0.005119813799412041
ahead:0.01793211404422733
wave:0.040855763292057326
replied:0.023097237690892024
with:0.007280008839703908
way:0.007188268960774039
such:0.007979324495717007
from:0.007025495887387349
theoretical:0.023521631255707037
my:0.003942797764856022
to:0.004003068099848886
add:0.01425817600187435
physics:0.057082220296596486
then:0.006621910165044827
keywords:0.02385375867343955
h:0.029321013479622543
100:0.014018722401788678
speak:0.0148773145835618
bruce:0.057344295929764526
perhaps:0.011985317583568652
that:0.01007606795867775
view:0.014130077812384362
equivalent:0.01958147893409865
nt:0.0029629815424167573
quantization:0.05978458981664543
re:0.003103240686955772
scott:0.01585924088452907
something:0.016520010930817616
these:0.006874008187132542
you:0.002306219873065236
relative:0.020427881646028663
moment:0.01746187053672939
well.sf.ca.us:0.04842960346297562
holes:0.019888980893242723
defend:0.01879624242107571
28:0.01835089378941389
more:0.005275597617513385
a:0.0017383868786469646
dealing:0.019556853475510207
other:0.005723269659053572
was:0.011022337768896915
said:0.009093381031798475
stating:0.022608511401861386
act:0.015483954618333422
observe:0.02327383360134346
theory:0.03376389092926659
van:0.019027406765532166
no:0.0046711441335373855
phenomena:0.025047460218882628
reason:0.011088016282193061
taylor:0.04501460410559697
mar:0.024694108317055628
it:0.004267909913775584
not:0.005003402560796389
statement:0.014411615849347742
have:0.0021213718387869413
waves:0.049559331050731466
only:0.011066690774018976
date:0.014845639791632045
tom:0.03149981928194818
argue:0.017674705783150762
his:0.01530646507473242
list:0.012081446460255517
sun:0.015055984664310545
be:0.004800508357987314
writes:0.010975309394482363
of:0.0056476518629052725
what:0.0038192618381602955
years:0.009252180178341882
gmt:0.017582150772717988
properties:0.04481700536125076
subscribe:0.021692862596181632
undefined:0.0521805173529595
alone:0.015930345790101635
now:0.006854416588706408
bodies:0.01980994273983735
one:0.004080128248031629
in:0.00442356104301636
purely:0.020677543560827225
presence:0.01980994273983735
and:0.002376332455336866
for:0.002699990563585676
subject:0.00022155150947733026
space:0.05074709970976105
i:0.005544775729119355
becomes:0.017866249524906626
we:0.016776895091875143
gravity:0.08983043325606173
noise:0.03801170301756139
will:0.004702511804577944
exist:0.0150893131775772
than:0.005936104905474943
the:0.002814845265519285
do:0.008941716832860954
see:0.007341849632411519
when:0.010852070065093243
original:0.012805676403624396
can:0.02869928605602368
agree:0.012516826468732112
eric:0.033095672035839054
cosmic:0.050867455069018463
simple:0.013689579074507224
about:0.008174408135451216
including:0.013194886749088091
hold:0.014397429929228298
is:0.005574120889847799
et:0.05663645947464573
simultaneously:0.02292785182151337
time:0.01310796655521754
lot:0.01028445389321739
their:0.006280844890380556
hear:0.027499432068537822
matter:0.025069734538593715
unless:0.02554407822191279
relativity:0.025641239653076294
1993:0.012571185904606378
existence:0.06752778185853318
string:0.021990894689838295
nothing:0.021202124493783475
dark:0.01913689537620932
criticism:0.022608511401861386
article:0.006724754193498763
dimensions:0.024447538107633216
upon:0.01439035511490845
black:0.014645445461593102
refuse:0.020841571937410774
summary:0.017849945466234883
four:0.014556208095531011
