another:0.015085070274752236
there:0.006243394459708486
know:0.008393708337811577
existing:0.02945354868269422
ever:0.017982462971631703
high-speed:0.03768051230827798
indicated:0.03570054797541798
violent:0.032828711331334075
zoo.toronto.edu:0.06889764502597964
to:0.005625302694248289
movements:0.040625165929341095
software:0.03831001208818036
been:0.009981227123955369
that:0.007079686233356669
control:0.020745811360143016
like:0.007922714717746075
toronto:0.027327212892112804
account:0.027719587800865714
re:0.0025438129440691873
happened:0.02294082244039749
sunos:0.03444882251298982
this:0.007142618209134952
path:0.03017638524531234
opening:0.03344113413172672
leading:0.0307158111138194
set:0.018023228463441638
henry:0.1244963875770804
access.digex.com:0.03042491411151952
a:0.0038000112267929115
factor:0.030782179650862693
series:0.02440374395080045
occurred:0.03468141683100533
was:0.006023545129941399
collision:0.03945611656249308
as:0.01088590694172814
related:0.026218632555314078
smoke:0.03450622978268958
evidence:0.043778340605620095
shuttle:0.03167152786857332
hypothesis:0.0382557326349995
explanation:0.031374093780043855
far:0.016934544708308855
pat:0.02757238252805292
57:0.037410169936512576
causes:0.02902824013180079
dick:0.03433544120356661
it:0.00233234986217668
dunn:0.03866814502830857
have:0.0034778953275350533
probably:0.016239617109042235
utzoo:0.03732239167232273
between:0.015801808476506158
accident:0.03305778082185508
real:0.017398597646246582
after:0.013123902637176539
has:0.007243363767935721
access.digex.net:0.03374352707438545
writes:0.004498383612364369
of:0.011904525646881959
sealed:0.03805853850661003
what:0.006261510904738987
but:0.004525736205785103
never:0.014992783883414016
again:0.016611354681006923
seems:0.03206104883511671
loss:0.028951372408984922
spencer:0.06334305573714664
up:0.009139186192873365
sounds:0.02423608546640026
in:0.003626116365193683
5:0.017679407393997842
ali:0.042582186830373625
and:0.0038958919845998963
for:0.00442651514166087
subject:0.00018161195164638296
flight:0.06396512715671256
i:0.0012986306615332987
event:0.028249938423108654
the:0.007178600095133838
svr4:0.04034746528634617
wind:0.03444882251298982
level:0.023949218793154755
major:0.022288625664746885
did:0.01118306832274126
joint:0.036982184729637956
an:0.006108150602460794
during:0.03984176203812885
different:0.017191951687151343
contribute:0.036424925393121727
having:0.017801982261363
itself:0.022877930888397142
engine:0.027762238229529633
events:0.02767720310868452
article:0.005512468573582319
very:0.011858792461111886
prb:0.03344113413172672
u:0.02572546587478242
s:0.004220654971809648
zoology:0.037499095661460556
