with:0.008475759083906484
turkey:0.0709324711904763
4:0.036003905857662014
high-speed:0.08027587404807048
zoo.toronto.edu:0.14678193940317402
options:0.06557942621270749
to:0.001997390087088161
toronto:0.05821884485710989
re:0.005419427576495225
sunos:0.07339096970158701
he:0.02304540880464109
on:0.014695907977950432
henry:0.26523143440334523
a:0.0020239190229657898
collision:0.0840586831113983
sensible:0.08625043629580299
spending:0.07103562289727143
dick:0.07314941821629409
not:0.008737826211245869
dunn:0.0823799611472661
utzoo:0.07951292138886147
between:0.033664722406469644
b:0.04436099052919191
has:0.01543151411429784
adopted:0.08355888345819294
his:0.026730855673989227
glad:0.06723324225281503
writes:0.009583512913298006
of:0.008453938502858202
redesign:0.08993498902600938
spencer:0.1349482491791385
david:0.036180365787601365
one:0.014250882721385832
in:0.0025750681433984127
rather:0.07459372906993807
and:0.00276664793109268
subject:0.00038691241872490284
station:0.05994188605466894
space:0.0443117790943928
yet:0.03811693829979947
alternative:0.0631038069038311
than:0.04146670383244815
the:0.0032771869999524044
see:0.0256432719045098
ritual:0.09154695475224452
svr4:0.0859576434361288
got:0.03206020031348658
language:0.1182002695575707
is:0.003893806186821216
stuck:0.06892034880128477
time:0.022891448839184255
engineering:0.056039847727871
article:0.011743954787197116
capability:0.07113951404913539
u:0.054806427298449506
zoology:0.07988937771354641
