above:0.04125236409285674
some:0.01768995265353567
at:0.013347954734158047
hours:0.05933597540228215
with:0.017722041720895376
into:0.027133392469430098
times:0.04258297184080344
to:0.004176361091184336
day:0.03853489448125564
basic:0.05787352741757576
produce:0.06387089831561206
choices:0.07778136668498029
re:0.005665765193608644
lotus:0.09324577194556206
behavior:0.06436953065029082
on:0.007681951897564999
you:0.008421196809223059
access.digex.com:0.06776458143020257
fun:0.062367464468694477
how:0.01992974238225946
want:0.028675726783517902
below:0.056240513833907456
experiment:0.07698373435944358
based:0.04577125775606883
pat:0.06141121563066333
have:0.007746221411328073
plug:0.07186718143480052
writes:0.010019127136629733
if:0.010153794238839534
of:0.014730347391343837
year:0.03749637448802503
in:0.002692116695371068
compare:0.06529865020899261
use:0.025193629208293152
and:0.011569618620933026
subject:0.00040449934684876206
locations:0.08735701452447445
the:0.010278450136214357
auto:0.07159252409248906
bar:0.07634968723920874
length:0.0700415845067077
time:0.02393196924096536
light:0.05291234372433778
circle:0.08255532193709991
various:0.05400877239932104
article:0.012277770913887895
prb:0.07448252602066406
function:0.06231819120526452
functions:0.07097038035312885
