read:0.046265368610161665
fred:0.09456355611591044
name:0.056372091955719406
my:0.019392127782251044
to:0.0028126513471241443
spell:0.11537644205091034
nt:0.02914606333560973
could:0.030798146027062392
re:0.0076314388322075615
telling:0.0876331493393023
mksol.dseg.ti.com:0.23745913109330136
access.digex.com:0.09127474233455855
m:0.027934994124817796
a:0.005700016840189367
how:0.02684414280059437
j:0.06232915631691556
listen:0.087162170823332
definitely:0.08685411722695476
pat:0.08271714758415877
mccall:0.24461031840044792
have:0.01043368598260516
real:0.052195792938739737
sci.space:0.12145469600837563
his:0.03764140901031136
which:0.05273029928642929
writes:0.013495150837093108
of:0.003968175215627319
in:0.003626116365193683
or:0.013761458320471128
subject:0.0005448358549391489
i:0.0077917839691997925
any:0.02088341359773076
actually:0.04988396177757315
difficulty:0.10815929837246997
maybe:0.05403904249678212
just:0.02396711354012012
many:0.037820429134246804
is:0.01096622966900669
either:0.051093116471701186
article:0.016537405720746957
prb:0.10032340239518016
sometimes:0.07152053723097652
