seemed:0.023972061910986903
some:0.013267464490151752
choice:0.02143387883249172
at:0.0050054830253092675
posting:0.018745389528160458
all:0.005420839946853927
small:0.016981510796965974
case:0.014043244927879294
truly:0.02476308789221806
stand:0.02237351451401399
wonder:0.020967998339868916
someone:0.01251964837876716
fred:0.02632735369136143
from:0.004810069627444179
learning:0.028226722041590234
post:0.014673737525177161
name:0.015694502874035517
planets:0.032386168614372164
to:0.001566135409194126
centers:0.03132026739906081
perhaps:0.01641171328204571
that:0.013797343057053055
guy:0.019240515607664033
problems:0.01558564338574871
think:0.00818038652004861
quite:0.015092041943803418
bit:0.015483432943498293
higher:0.0210901926877153
like:0.006617267406299279
nt:0.012171793495268837
re:0.004249323895206484
lost:0.039823935503611935
had:0.00871823003228486
this:0.011931419053895886
cal:0.030487293113879696
posts:0.02285805381914018
joke:0.02788992312153603
mksol.dseg.ti.com:0.06611078081574867
on:0.0028807319615868745
standards:0.024075558728551338
you:0.003157948803458647
tell:0.01369332416830939
a:0.002380404759965446
j:0.017353003747323084
was:0.0150930875130918
swear:0.03315776828004865
also:0.008428960975452083
sci:0.03247707964474967
are:0.0073058111545593815
mccall:0.06810173637285198
d:0.010351387627142248
race:0.024834259823008853
it:0.007792168857726636
not:0.0034256250487270734
should:0.009334159899053862
twist:0.03315776828004865
have:0.005809666058496055
interesting:0.01856832137455348
moved:0.025332984884840593
real:0.01453178326135368
alien:0.06441719468892496
his:0.01047971046309805
writes:0.0075143453524723
if:0.0038076728395648254
of:0.005523880271753939
even:0.009540678680488782
gotten:0.024486993828372234
what:0.005229784676117223
groups:0.02090787271867268
find:0.012025265554962444
david:0.02836869590164198
called:0.015240082362822352
over:0.011397390639314534
rest:0.018560402462913687
in:0.006057262564584902
world:0.014325288004162938
and:0.004338606982849885
still:0.011600619785395155
for:0.007394292338910773
space:0.017372231576778998
i:0.004338606982849885
we:0.02297290748376085
top:0.019213819466859745
face:0.020393588584917955
gravity:0.030751611384532494
yet:0.014943572401625931
images:0.02418097581886809
the:0.0034261500454047865
do:0.008162703623937463
ross:0.061639315849141306
nuts:0.03186928351093053
planet:0.026881321671389145
thinks:0.02573803649704117
country:0.019152011977387116
thought:0.015253331847680185
human:0.01821501347293509
changed:0.02147338178314446
is:0.0015265490164242267
orbit:0.025710115958391
core:0.028013894981732845
lack:0.022042733289219244
time:0.00897448846536201
does:0.00692323189964503
2:0.011070508818723913
appropriate:0.022977316750343788
fool:0.028098071605512052
smith:0.04474702902802798
late:0.021898516963813463
words:0.0187946541562919
article:0.00460416409270796
earth:0.020003040696555393
april:0.01933041966981882
by:0.011254948577467797
s:0.007050412282454754
newsgroups:0.024353820118303948
