okay:0.025629560330372003
appearance:0.03228726068288354
ideas:0.021410676410949226
know:0.007344494795585129
happen:0.020128763250995923
media:0.02352057256366227
princeton.edu:0.03648528771319479
with:0.0034811153380330194
way:0.010311742973491328
ca:0.01224136069102572
aurora.alaska.edu:0.032007096927776486
such:0.03433959291906783
themselves:0.019264584620969152
to:0.0008203566429112088
job:0.020663622352911762
besides:0.02410765948891005
hole:0.027779468273495256
important:0.01870457912484061
acad3.alaska.edu:0.03462945661777311
nasa:0.025536552485710805
been:0.008733573733460948
she:0.019732990981538585
that:0.004129816969458057
problems:0.016327816880308172
nt:0.00425046756977642
could:0.008982792591226531
nsmca:0.06516253035778585
anything:0.013816911609044068
civilization:0.03473670962671763
re:0.002225836326060539
lost:0.04172031338473631
michael:0.017885090486152912
this:0.0031248954664965414
age:0.02454040848758108
on:0.006035819348086785
enterprise:0.03678296878804397
them:0.008725352211501433
trek:0.035424286335776226
access.digex.com:0.02662179984757958
m:0.008147706619738524
more:0.007567970391790035
a:0.007481272102748545
member:0.023755344778253324
other:0.008210166594237563
christian:0.01908239506688438
was:0.005270601988698723
as:0.009525168574012123
failed:0.0252220139061014
idea:0.016502239852742597
act:0.02221210156558544
shuttle:0.08313776065500496
role:0.026272349842658284
pat:0.04825166942409261
it:0.0020408061294045947
not:0.0035887500510474097
have:0.012172633646372687
only:0.015875431407967697
carlos:0.03725941347657692
accident:0.028925558219123192
after:0.011483414807529471
adams:0.02758103720047388
alien:0.03374234007515116
usually:0.019629468703491745
access.digex.net:0.029525586190087272
be:0.010329665306026274
found:0.01591976491224403
g:0.021041678339354178
writes:0.007872171321637646
of:0.005786922189456507
helped:0.028019654556373636
but:0.003960019180061966
years:0.013272472755835674
they:0.011106186006044566
find:0.012597897248055894
who:0.0076967432990110015
operator:0.03265709271328239
one:0.005853041117712038
in:0.0052880863659074545
star:0.027326351038538112
st:0.022837781207852976
or:0.008027517353608158
use:0.00989749718897231
better:0.05324323503098578
and:0.005681509144208182
few:0.013604925600632657
for:0.0038732007489532616
subject:0.0001589104576905851
space:0.018199480699482757
i:0.003408905486524909
the:0.002691975035675189
interest:0.02174276783730884
century:0.02659417854069564
got:0.01316758227161056
would:0.005551485988716524
can:0.005146226145462579
her:0.01968100479124838
maybe:0.047284162184684356
imagine:0.023438919967062277
an:0.005344631777153194
just:0.006990408115868368
transport:0.034845930690218796
is:0.0031984836534602844
object:0.025178406524600967
having:0.015576734478692627
does:0.007252909609151936
expected:0.02469862061737103
crew:0.03330122119328377
mission:0.026761862332164075
late:0.022941303485899817
article:0.009646820003769058
prb:0.02926099236526088
by:0.0058954492548640835
high:0.016650737057390008
guest:0.035424286335776226
