basically:0.052322753976638485
some:0.03113431667022278
reference:0.049755107506911395
go:0.025939096690588363
versus:0.07216378138236959
where:0.024632757309783492
option:0.05587481629669844
c:0.034481302605719466
aurora.alaska.edu:0.07169589711821933
into:0.023877385373098487
someone:0.029379441528840266
work:0.027000966186537384
to:0.003675197760242216
design:0.050175562765672574
might:0.028361135145045947
acad3.alaska.edu:0.07756998282381178
think:0.019196640367047404
like:0.01552852084678231
nsmca:0.14596406800144032
its:0.027570994080455605
need:0.025616026553296485
michael:0.040062602688982527
on:0.0067601176698572
you:0.007410653192116292
m:0.018250862828214295
a:0.0037240110022570536
idea:0.03696501727014342
complex:0.05994657162404753
base:0.05135514473884068
it:0.013714217189598879
not:0.0080388001143462
rockets:0.07665007787065244
adams:0.06178152332906149
be:0.007712816761832952
captain:0.07498123596459902
of:0.0025925411408765156
but:0.008870442963338804
russian:0.06207619462240371
and:0.007635948289815797
for:0.008675969677655307
subject:0.00035595942522691063
station:0.05514653517029543
space:0.04076683676684138
i:0.007635948289815797
the:0.0020100080266374745
when:0.01743565923791648
got:0.029495384288407655
needs:0.044657954168924624
simple:0.08797836151883309
sp:0.06292181897490366
an:0.011971975180823158
just:0.031317028359090296
about:0.013133549070958287
nose:0.06797557698877045
is:0.007164603383751038
new:0.02298666086511396
heavy:0.059757443157488106
time:0.021060132932049516
construction:0.06970639847573032
high:0.037297651008553624
