some:0.019788760595480577
report:0.032167188334531825
go:0.03297342799651063
at:0.007465805190291788
mark:0.025454440375357545
there:0.015555576026731313
manned:0.10389031077655467
perspective:0.04141757071965909
send:0.049717747811461405
thanks:0.016893107160306467
from:0.02152302341771633
my:0.016105326463225447
to:0.0058398269495374185
city:0.062369247431972745
that:0.002939869707071837
me:0.009182954918682582
so:0.008659411842245085
anyone:0.01417724364102874
had:0.013003461743068942
aw:0.05134670142883705
30:0.029009368426897376
reply:0.03043386880809444
on:0.017186739838619996
you:0.004710160927192558
lunar:0.09235002114997617
bill:0.0262331684380654
a:0.003550434218253547
ears:0.0462802861681962
minutes:0.03377260379692859
pat:0.03434864603071
plan:0.06619600334641705
it:0.00871666346796539
typing:0.04803994180191013
briefly:0.04886070303911282
hope:0.02447848760711903
sci.space:0.05043457715602039
exploration:0.0948238162791809
higgins:0.10473794502358283
crystal:0.09772140607822564
list:0.024674818617979488
be:0.004902214043537892
writes:0.0056039185679454435
if:0.005679240845452621
of:0.004943404717773017
brief:0.04327883011971642
who:0.010958075205371596
net:0.028094427838122733
in:0.003011520371093059
st:0.0325148071433839
cross:0.03881703570861142
use:0.014091351930062272
and:0.001617785654621991
for:0.0027571937534921526
subject:0.00022624539738998556
steven:0.03802130616821204
i:0.006471142618487964
away:0.02346596259596331
we:0.011421558522999746
decide:0.034692435734006606
eyes:0.036624063429311744
the:0.0012775474745577169
can:0.021980491333162207
conference:0.03693477516127439
home:0.024825110608994477
maybe:0.022439941375782407
may:0.03154280554982764
7:0.02704685194009581
just:0.009952445453100728
address:0.027057808084183142
about:0.008347594748490436
maintain:0.038729668169129546
else:0.021411459536763194
virginia:0.04135809976492479
beam:0.04753384659257435
under:0.0205705375178444
article:0.006867227799293229
davis:0.04197246842626508
origin:0.041066848548787435
going:0.03691213023813021
7th:0.046714975103683914
s:0.010515869167051158
