typical:0.08742363411239107
might:0.0417075516838911
perhaps:0.0566365007380401
that:0.006802051479107388
talking:0.06391551334043663
could:0.029590375594628574
re:0.007332166721140599
vandalizing:0.11372645362130358
so:0.020035501909508237
you:0.010898019400171016
how:0.025791431318218122
ridiculous:0.09786412036473363
minority:0.09726075450852277
are:0.025212211043185315
no:0.022073445807500192
those:0.036390503025246275
it:0.006722655485097489
rights:0.1362038988114826
greg:0.17173602343119304
be:0.01134237759093081
writes:0.012965929235638477
of:0.007625121002577986
what:0.018047884372482965
explain:0.07049132407867852
george:0.07808459174617975
in:0.003483915723421382
or:0.01322179328829579
subject:0.000523469742980751
vnet.ibm.com:0.2146530411785887
we:0.026426351092430782
news.cso.uiuc.edu:0.08991382412731866
the:0.007389735392049539
sky:0.091398369651548
wants:0.1380602024546568
here:0.035301978541635214
about:0.019314042751409247
f:0.07286727879229113
is:0.005268090723346351
matter:0.05923339239020672
majority:0.08083899266497296
by:0.01942030342778757
