some:0.024323684898611544
there:0.019120395532857236
all:0.0198764131384644
where:0.0384886832965367
with:0.012183903683115569
into:0.03730841464546638
to:0.0028712482501892307
been:0.030567508067113315
that:0.0144543593931032
problems:0.057147359081078604
think:0.029994750573511565
could:0.03143977406929286
re:0.007790427141211886
anyone:0.03485239061752898
gamma:0.11625876094749411
these:0.0690264988791226
detected:0.12356411243943513
seeing:0.08350603469705056
ray:0.09037018472059728
looked:0.07760423342666009
was:0.018447106960445533
are:0.013393987116692197
it:0.007142821452916082
have:0.0106510544405761
has:0.022182801539303146
things:0.09311358033917706
if:0.01396146707840436
whatever:0.06885334539069506
of:0.00810169106523911
detectors:0.1159673809063537
they:0.019435825510577993
one:0.020485643911992132
in:0.003701660456135218
subject:0.0005561866019170479
cause:0.06569794027795972
space:0.06369818244818964
mechanism:0.10012807916890423
possible:0.05368690881176212
the:0.003140637541621054
bursters:0.1239850021752168
cosmic:0.12769850699618177
is:0.011194692787110995
