ever:0.03263484020777605
where:0.022808108620169895
with:0.007220091071475893
both:0.027724741756891824
to:0.0034029608891131624
publications:0.14235957922506945
encounter:0.0707682288684904
nasa:0.15889410435553392
nt:0.008815784589165907
so:0.012614945646727408
two:0.02302209176115199
these:0.020452295964184474
on:0.0062593682128307395
books:0.09014167686533729
missions:0.06638508992427715
why:0.021971883705605016
a:0.0017240791677115988
other:0.017028493676937168
question:0.026950445473421042
obtained:0.05917585673174686
voyager:0.16561990584177488
jupiter:0.07322317774188748
book:0.03839133963807004
it:0.00846556616641906
not:0.007443333439209443
have:0.006311735964785838
gene:0.2655403596971086
after:0.0238174529341352
be:0.007141497001697176
were:0.019151892561386406
if:0.016546923944775537
of:0.002400501056367144
what:0.011363482753044829
excellent:0.04808722732518996
together:0.0878757096654378
they:0.011517526228490662
one:0.01213964083673608
or:0.0083248328111492
and:0.002356774163523394
for:0.008033305257088246
subject:0.0003295920603952876
each:0.031432214782229816
i:0.002356774163523394
special:0.08631385661395118
similar:0.03907108997366297
the:0.00558335562954854
saturn:0.07056748169723384
can:0.010673654227626091
planet:0.058408797705734435
wright:0.14035104491756445
did:0.040590396134394205
put:0.06141874813695751
sp:0.05826094349528116
is:0.009950838032987552
number:0.030892158622194542
either:0.030908181569300718
mission:0.05550608483708104
