some:0.00868057156232977
reference:0.013872241869956708
believe:0.008076847138774499
at:0.006549925743155621
locate:0.04286663909751162
say:0.01410814107262114
there:0.0034118177902496185
separated:0.043123041893579794
all:0.003546720560023387
where:0.0068678691384154705
own:0.01685123149106316
with:0.00869631787047654
way:0.006440047656306853
though:0.018479882539856354
into:0.006657263579860172
someone:0.008191294106553977
such:0.007148762838170255
from:0.0031471087525285334
except:0.011986473676594101
to:0.004098733561608419
within:0.012031413443579246
been:0.005454425231306465
that:0.01160647445691558
problems:0.010197298274690606
view:0.012659289043809039
think:0.005352223150663774
helps:0.015724804074843727
like:0.012988539741732414
nt:0.002654567106774864
location:0.051198813841721966
could:0.005610071209390548
its:0.015374160267912045
re:0.0013901133932273998
anyone:0.0062190139391873275
error:0.01399798572182899
this:0.003903215155177836
mean:0.01965369558981309
getting:0.010082533725742327
gamma:0.020745057715537984
something:0.007400227944845809
two:0.013864605447236516
these:0.01847549412378003
on:0.007539164687573084
you:0.006198501740617716
narrow:0.020395507716845507
detected:0.022048614859081363
state:0.00987997541613612
seeing:0.014900705076053632
8:0.01097580402369467
3:0.0087043343666826
why:0.006616069071204485
ray:0.01612553482003223
sure:0.008111687807283285
a:0.0046723186366608
other:0.005127538988222716
same:0.007219677883005994
looked:0.01384759555568656
was:0.006583354156887625
as:0.0029744020825911463
part:0.009104914916034487
drive:0.01049741170559847
widely:0.03654904622575337
act:0.013872241869956708
features:0.016080474000209385
far:0.009254193576659485
are:0.002390005136064035
caused:0.014804141929573111
burst:0.084293132083649
it:0.005098222003568356
not:0.004482602294245092
have:0.0076022396007085925
only:0.014872151356163047
nasty:0.019662540932789935
has:0.003958269419652606
network:0.013656095427619244
crystal:0.02143331954875581
be:0.006451240785919754
down:0.008789463111350029
things:0.016615062662752783
if:0.004982531001958433
whatever:0.012286098805774583
of:0.005782619645077729
fraction:0.021974999144225675
seen:0.01927483190053794
explain:0.013364526126440906
but:0.0049463436598543515
detectors:0.12415838550568724
fact:0.008915491184493826
they:0.003468102693337337
thin:0.021189463480035316
david:0.009280465573771353
degrees:0.01879408423694791
box:0.011778955430136085
one:0.02193258530354548
comment:0.014608168761645958
in:0.003963116027386405
star:0.01706627128057399
use:0.006181336534376758
and:0.0014193212434601853
gets:0.012406380454991837
subject:9.924519290713122e-05
each:0.009464718949295967
al:0.014163621489673723
cause:0.01172305254030508
space:0.01136621842941674
mechanism:0.017866720446495923
locations:0.04286663909751162
i:0.0007096606217300926
detector:0.0589876227983698
possible:0.019159640319439272
actually:0.00908666961747615
impossible:0.015302054479307938
the:0.003922878118902135
sky:0.03465663087159069
do:0.0026703268360836305
see:0.006577642235729279
would:0.017335495280750485
can:0.012855999887549641
peter:0.013687334872958945
because:0.0065603059438457765
did:0.012222386940096397
bursters:0.02212371786026173
cosmic:0.022786350690768495
an:0.003337911295768538
about:0.0036617701870701545
current:0.011755560311266981
is:0.0049939149979677305
et:0.016913738207422084
having:0.029184662369000313
field:0.01447010353135058
touch:0.017747941265058742
time:0.01174356854946999
too:0.007258430735555749
random:0.01659183289583856
earth:0.01308749131075743
three:0.010849397793577966
somewhere:0.028844022742770162
by:0.011045748789782522
giving:0.014101735863528161
god:0.009863116103253623
s:0.004612909151345861
