all:0.01004281926996096
servicing:0.06087007781025909
small:0.03146048316069486
liquid:0.06264505373063585
meaning:0.041536279314571496
mentioned:0.03700172230307198
tight:0.054723257930312214
to:0.00870441574794209
then:0.033597481047911645
make:0.01852716298262846
that:0.007303255272304775
dirty:0.05624516560200808
nt:0.015033232667840811
re:0.003936215818717585
this:0.011052261860450927
module:0.05935166087505333
on:0.010673870005037682
products:0.042632492569861985
access.digex.com:0.047078551309403895
why:0.01873392189635796
a:0.007350021714981026
as:0.008422254318073879
said:0.023068471880667706
let:0.024264607818450787
shuttle:0.049007522070318714
pat:0.04266463401709242
fixes:0.0610531487861735
are:0.006767488227381321
it:0.010827013570735957
not:0.006346421142904893
have:0.010763170803108481
hint:0.05761739526372644
nasty:0.05567603695705781
has:0.011208152356700536
access.digex.net:0.05221366820983854
heard:0.028448919572840785
be:0.006089065864604961
writes:0.0069606567475532875
certainly:0.03237639239216464
of:0.004093486011910287
cheaper:0.04641450946280835
in:0.0018703126515209523
or:0.007098015344243003
clean:0.045703602020803216
subject:0.0002810205988633505
i:0.002009460076267315
we:0.014186777954883894
any:0.0323143347249097
the:0.0007934242210411084
do:0.007561241251647333
during:0.030824942208447056
people:0.015844980421822287
efforts:0.05108071384991891
is:0.0056562658292771345
weight:0.04678881790529768
bolt:0.12853538493131925
somebody:0.03995503393131321
keep:0.027888574569746537
gone:0.041364183125081715
stsci.edu:0.06264505373063585
mass:0.04433566969157544
mission:0.14197872226748098
hst:0.22545111717005867
article:0.008529819792806327
very:0.01834992096614155
prb:0.05174575491961924
going:0.022924375621575604
needed:0.03511392305406338
