manager:0.024853786961478466
out:0.022370451248363163
mb:0.02889231483095263
4:0.01572322470999164
from:0.005358052243228959
wrote:0.016301107434764945
to:0.001744555898849153
city:0.023289782268901212
713:0.03531911724987163
nasa:0.027152789984806427
that:0.0021955988951549163
grab:0.03388901286575249
me:0.01371631241018411
re:0.004733424085799627
server:0.05066403474870423
so:0.012934311359302786
two:0.011802464763628553
these:0.020970075608847373
on:0.003208916615438544
you:0.007035430245680024
took:0.021363301749472652
them:0.01855517938648406
posted:0.021603676737227188
a:0.0008838633707888577
uuencode:0.04400461167484094
sorry:0.02011023218189003
was:0.005604184393046744
mankind:0.03540889342070679
worth:0.022247871005011632
forever:0.029867952045049204
shuttle:0.029466548080254926
others:0.017065368500432887
files:0.020945009902453727
are:0.008138118754445893
hey:0.024393284719184616
d:0.011530659635297693
it:0.00433994214860724
not:0.0038158861302276257
ken:0.052228768368541914
ftp:0.02400865156512073
deleted:0.02223657909492618
contain:0.029682334227995277
have:0.0032357633743522332
ames:0.03254822808056086
being:0.012315214746361698
stay:0.024991756761115078
color:0.023383747510148014
19:0.0259297291897524
retrieve:0.04036306645393232
crystal:0.036490904801362745
be:0.003661147197072603
considered:0.02179014529881147
get:0.008318822628424824
if:0.00424145835293297
of:0.0036919098525140252
trying:0.017065368500432887
designs:0.03448513448005439
but:0.012631959916147031
redesign:0.039275406599966124
now:0.010455154416950913
one:0.00622348675807356
in:0.003373665225844756
system:0.014146976767357754
office:0.023105936158520003
few:0.01446599684117903
for:0.004118340036861696
subject:0.00016896808159505252
station:0.052354305541419704
space:0.07740538626615451
i:0.0036246589983302837
photos:0.03879448313808054
will:0.014345637277256764
program:0.01757362931888655
images:0.02693577053241002
alternative:0.05511598324511831
the:0.004770588670816791
can:0.005471936660998186
scanned:0.07959180178521037
anonymous:0.028764449594765797
last:0.01379849716493353
just:0.007432839009277759
long:0.015065261044991044
many:0.011729120427709452
gif:0.05929171016843676
gothamcity.jsc.nasa.gov:0.07959180178521037
interested:0.018209343135537466
is:0.0017004596638649614
humanity:0.03163869187381292
days:0.018849700155380837
time:0.00999689854369439
2:0.012331706025920309
briefing:0.04098610488945923
earth:0.022281868117681954
ics.uci.edu:0.9483294571506029
by:0.006268578954539025
s:0.011780435712456044
