out:0.00750431273299656
ideas:0.022910787497066692
send:0.01868373962341543
watch:0.02448512000365828
nowhere:0.03287241512991601
way:0.011034221780551232
further:0.022597671344467433
ca:0.013099035643900135
someone:0.014034765061547898
such:0.01224851721954012
from:0.010784359929046824
to:0.002633501579791396
remember:0.017723719977842244
look:0.015102982957171406
then:0.010164842992202569
most:0.011825448815076675
heaven:0.027733520231620044
might:0.013548312967378637
that:0.004419167202986966
jeff:0.02685018655305985
think:0.009170369602092708
like:0.014836166414123227
nt:0.004548271030079226
finding:0.028398760125681176
re:0.0023817866418991756
scott:0.048688879658235755
vandalizing:0.036942988119022184
on:0.006458711149545095
books:0.023253107726408668
them:0.009336682621224465
a:0.004447465368937564
as:0.00509626853641413
idea:0.017658447740514373
africa:0.035819061766528194
primitive:0.03600920802862807
sig:0.030058193777820222
across:0.0245806631963939
straight:0.025456443487027445
are:0.004094976952874048
d:0.011604103327242266
it:0.004367585092228943
not:0.0076803822748530565
fraering:0.03919885954399425
his:0.011747955678377432
be:0.00736893321194231
which:0.008228613582914126
g:0.022515936057398104
writes:0.008423724726338374
get:0.008371808759816066
down:0.015059653356389542
of:0.008669325471083887
seen:0.016512515226893967
but:0.004237472753187327
phil:0.02822582388959231
drops:0.03563442777370493
please:0.012200097814683153
must:0.014760894442544569
they:0.017826489640275358
up:0.008557072422626655
notion:0.03149847517560587
now:0.01052174775718627
good:0.010318534085092352
over:0.0127766926912061
one:0.02505250720447446
in:0.006790307078770336
dropped:0.031642694772738095
or:0.0042949774375992695
world:0.016058921584284565
quest:0.037906242703251
and:0.0012159153327732162
known:0.020744769093416295
subject:0.0001700443114141293
balloon:0.08660608872353644
i:0.0036477459983196483
actually:0.01556887979045277
than:0.009112110077830964
the:0.005761169503101042
sky:0.05937983251247068
thing:0.028839903632165053
see:0.011269973002618956
gods:0.030865529482528138
when:0.008329136578622522
flying:0.031642694772738095
thank:0.023124167559041495
around:0.015077671548749273
can:0.005506789760749767
come:0.015294227225919799
rid:0.02940989636183332
reaction:0.030058193777820222
just:0.007480181932903732
people:0.009587727006835143
chase:0.075812485406502
about:0.00627398840969345
middle:0.025586626083697977
crazy:0.031174143389445
is:0.0017112906171379866
pgf:0.03919885954399425
patient:0.03204405125572367
new:0.010980888948302847
right:0.012355882762995539
cook:0.03417683814040017
their:0.009641296933641491
under:0.015460658771373498
article:0.005161355925583446
already:0.018508193129282494
construction:0.033299234940635504
comes:0.01926226966398415
movie:0.03230838075194502
lesser:0.037527749579233154
