rating:0.030551638781485275
large:0.03326704577652862
computing:0.024235897106550233
extreme:0.02692160071531621
means:0.01574775122465974
where:0.010263648879076454
fax:0.03398492599870433
with:0.009747122946492456
physicist:0.038626270247915935
someone:0.01224143397035011
from:0.004703179191278753
to:0.004593997200302769
dod:0.019430355787180206
everyone:0.01698618198618391
713:0.0620046725053302
software:0.0782162746800349
nasa:0.047668231306660175
that:0.00578174375724128
equivalent:0.026217424572876524
like:0.012940434038985258
could:0.00838393975181143
me:0.006019937113358582
re:0.004154894475313006
this:0.011666276408253757
on:0.002816715695773833
you:0.006175544326763576
tell:0.013389028075680294
3:0.013008144136875665
bill:0.01719729930939843
more:0.007063439032337366
a:0.0023275068764106585
how:0.0073075722068284684
was:0.009838457045570952
as:0.004445078667872325
standard:0.01691135855812354
shuttle:0.025865081092668215
team:0.017795692048302763
model:0.04065501679537278
care:0.017588983007077206
it:0.011428514324665733
not:0.0033495000476442493
have:0.008520843552460881
term:0.0216537766328581
being:0.02162004366583498
rated:0.03175536676375523
safety:0.022959296584145354
per:0.019649028419850098
digest:0.032732537132997806
verified:0.03353576618194841
higgins:0.03433077086884104
familiar:0.02559254688717269
be:0.0032136736507637296
rates:0.025475583502740286
writes:0.0073473599001951375
if:0.003723057887574496
of:0.0021604509507304297
institute:0.021624765832962814
but:0.007392035802782336
year:0.013748670645609178
surprising:0.03027028471026997
seems:0.01309159494100599
who:0.007183627079076935
beginning:0.022500482189649385
sounds:0.019792803130893547
risks:0.03092463490836099
code:0.018002847279620534
in:0.003948437819877566
5:0.08662909623058943
system:0.01241790182912514
or:0.007492349530034282
world:0.014006948270737094
use:0.009237664043040822
and:0.00424219349434211
for:0.0018074936828448556
subject:0.00014831642717787942
flight:0.02611909358899096
i:0.00424219349434211
vnet.ibm.com:0.09122754250090019
group:0.014983977415592474
developed:0.02354054631236131
will:0.006296140805018247
the:0.0020937583610807025
level:0.09779264340538191
1000:0.02595898004157156
page:0.0467193970354143
extra:0.02158153171939584
maybe:0.014710628235235133
gather:0.03166647597849723
presentation:0.03184570299082068
come:0.013339964858163382
development:0.021595905739201122
an:0.004988322992009649
interested:0.015983756752305112
is:0.004477877114844399
else:0.014036401251878093
ignorant:0.027771740644791345
1:0.03264206486541181
beam:0.031161077210687633
engineering:0.021481941629017218
almost:0.016788849612580935
contracts:0.032522868644204214
article:0.004501849335092228
capability:0.027270147052168566
refers:0.029326401172517762
comes:0.016800979651363953
project:0.021397976974516952
by:0.0055024193045398115
data:0.01630192012892118
everything:0.01716479157735141
s:0.010340604680933639
