some:0.05306985796060701
there:0.02781148441142871
take:0.03220832015660157
faces:0.08236941144328454
w:0.04688395234892961
look:0.03592679279205925
heavily:0.08332265122223256
that:0.010512261376802327
satellites:0.0861245048357782
along:0.05293880925971568
french:0.07574111084943094
re:0.005665765193608644
had:0.02324861341942629
on:0.023045855692694996
you:0.008421196809223059
tell:0.03651553111549171
communications:0.0639254984292984
amateur:0.07195985154112532
a:0.004231830684383015
capable:0.06648150435095956
are:0.009741081539412508
no:0.017056753578522876
completely:0.05449990359150713
doing:0.04061671068432296
robert:0.04841533377208642
armed:0.06727913667649627
installation:0.0751560375747676
of:0.005892138956537535
what:0.013946092469645928
who:0.01959171021566437
good:0.02454560380847726
bob:0.0558182577883197
astronomy:0.07470371995128759
for:0.004929528225940515
subject:0.00040449934684876206
space:0.04632595087141066
i:0.0028924046552332564
research:0.046777749705102685
do:0.010883604831916617
when:0.019813249133996
can:0.01309948473390475
radio:0.054353793344964645
during:0.04436923499700713
launched:0.08413092365716125
surveillance:0.18096664823070127
interests:0.07459271934383194
orbit:0.068560309222376
spot:0.2193554802593686
center:0.04949440656776983
2:0.029521356849930437
instruments:0.07982408218208562
very:0.026412765027021928
satellite:0.07415667442640704
golf:0.08735701452447445
prisoners:0.09484214339492308
