some:0.01762319811522044
laser:0.036992135697447005
go:0.007341253780355197
large:0.03389472588551972
at:0.0033243962734129475
out:0.008891902634569508
objective:0.016824925810309223
there:0.013853267706824867
know:0.004656132549653969
all:0.0036002559647029856
ahead:0.01630807352701429
send:0.02213846883680168
anyway:0.011503825742054845
take:0.008021694831455485
your:0.009508922431556698
with:0.00662068728440997
zoo.toronto.edu:0.03821869365592078
my:0.00358571419369925
to:0.0036405260832587986
then:0.006022189999153975
most:0.007006020618743539
us:0.007773118438433947
software:0.010625607126344364
that:0.006545370291216543
r:0.01169894251595898
higher:0.01400707136995431
like:0.004394864390598767
nt:0.00808390813270685
along:0.013184760042042396
could:0.005694751529532292
need:0.014499637671677255
off:0.008239462067759813
he:0.0060005026698876805
amount:0.014031762308025766
goal:0.015826891186263497
something:0.007511929498730275
big:0.010474643599500216
wan:0.02065529264171325
you:0.018876192093126402
henry:0.05179519520895515
lunar:0.020560948105089034
integration:0.0222334214488287
assume:0.039299870437235956
working:0.011956750983798517
bugs:0.019141191615303275
m:0.0051653385362870645
a:0.0036888788229904775
sorry:0.01199025164052311
intelligence:0.0170569449938967
want:0.021425637370326583
as:0.0030192987178000695
private:0.013395023108205855
launcher:0.0702511046354111
copy:0.012892875264389972
fine:0.012223232369511549
also:0.005598102383696477
stuff:0.02206352115225375
military:0.01461071155747385
dollar:0.02127701050237761
far:0.009393879517439252
are:0.0024260806852876436
no:0.004248097117669849
hey:0.01454392070049498
d:0.027499535432106197
gas:0.029948450352218884
it:0.0025875881489809205
wins:0.018577809346010974
couple:0.011909402998696295
have:0.0019292475967835957
made:0.008775771894030194
thou:0.021166014709146315
probably:0.009008391377468712
buy:0.03403971085181848
assembly:0.01944057554827128
shall:0.014942558543519826
environment:0.01584020190519923
be:0.004365745336886576
which:0.009750130811452965
writes:0.004990659554849527
get:0.004959901793551405
things:0.008432928030717924
if:0.005057739017082334
of:0.005869904469909091
even:0.0063364507462868895
leo:0.04338683653055798
but:0.002510502725473246
print:0.01659004917303669
lines:0.013332762733186855
oh:0.012187608242043296
russian:0.017568734327095388
launch:0.03476723350710252
spencer:0.017568734327095388
who:0.009758889616859232
up:0.015208985324743976
pad:0.021058190662187615
in:0.006034404970001564
gun:0.027630305628712465
or:0.010178286154008835
rather:0.00971125906759571
use:0.006274639727348483
better:0.008438550457741143
and:0.0028814899206852066
gets:0.012593646575067187
reward:0.02253546940231374
for:0.004910926232635079
subject:0.00010074323355478603
doug:0.01630807352701429
costs:0.015533028886542776
i:0.005042607361199112
pay:0.01257676249810522
assumption:0.01789899613093145
will:0.004276623943031262
program:0.01047786200899651
than:0.00539849540460174
cost:0.012532104167361814
the:0.002275480784872613
do:0.013553168281254654
see:0.006676927401551608
would:0.003519432626808966
specific:0.013830778447058236
nobody:0.015125621379088405
na:0.016446428185020297
put:0.009386638866214261
simple:0.012449768139457511
development:0.05867566842348984
proposals:0.021953768723720315
shelf:0.02070336443709978
lower:0.014984840049228744
many:0.0069932114248229945
interested:0.010856891378924226
moon:0.0173436842655115
is:0.0020277179387974634
billion:0.017992175801083796
new:0.013011317470819222
hardware:0.013395023108205855
does:0.004598070997500095
run:0.010101261993914697
build:0.014081634200069262
engineering:0.014591507521596601
amounts:0.03796917771432917
article:0.006115719851446045
little:0.008850334724145148
titan:0.04745473464929524
dumb:0.019406113346145722
says:0.009664251865764409
while:0.016379943440592622
s:0.0023412689843623335
