believe:0.01905852526605562
1968:0.05275841233361349
at:0.007727763267144132
out:0.01033488683403912
there:0.00805069285593989
all:0.0083690160583008
fields:0.04305812692447668
chris:0.06731135513893509
access:0.02940681463174145
into:0.01570880616651216
from:0.014852144814564483
unusual:0.04398935671244501
to:0.0036268398949758705
recall:0.03430574750064055
cuts:0.047372360930094004
december:0.044569530418625235
that:0.003043023030126989
through:0.041569531474119764
re:0.0032801798489313205
on:0.008894891670864736
you:0.004875429731655455
them:0.012858413785370533
more:0.01115279847211163
stable:0.08811962871782449
a:0.0012250036191635044
was:0.007767202930713909
orbits:0.056805303267847
funding:0.04696898274376222
also:0.013013132734031284
voyager:0.05883865075957792
pat:0.03555386168091035
are:0.016918720568453303
no:0.009874962598092191
it:0.006015007539297753
referring:0.041660966681704124
after:0.03384585416956055
doing:0.023514937764608026
providing:0.040456068295319704
has:0.009340126963917113
25:0.03226037323061064
routinely:0.05335000251603044
access.digex.net:0.04351139017486545
be:0.0050742215538374675
which:0.022664777763465222
writes:0.00580054728962774
down:0.020740048920641737
were:0.01360792366203771
of:0.006822476686517145
keeping:0.03666789405600953
reading:0.028827386371605177
years:0.01955943353491573
spacecraft:0.04472077433471739
least:0.021119845462337562
launch:0.04040928455869371
craft:0.05376779241944495
one:0.02587660283620059
in:0.0031171877525349207
system:0.019607213414408114
or:0.0059150127868691695
and:0.0033491001271121917
still:0.053729186374461765
subject:0.0002341838323861254
space:0.02682028734660617
mariner:0.06202203228316887
i:0.0033491001271121917
6:0.02577499677683504
we:0.011822314962403244
solar:0.1727410342699266
the:0.001983560552602771
receiving:0.044644826415918146
put:0.02181981841707701
launched:0.04870737685414598
jones:0.0870227803497309
is:0.004713554857730945
orbit:0.039692810602428207
9:0.03123538294407918
study:0.03250327498627016
article:0.007108183160671938
prb:0.04312146243301603
luck:0.03616481250801422
november:0.04706810164949848
data:0.07721962166331084
s:0.005442423516280862
