manager:0.018264643441458592
pixel:0.045728806673151885
at:0.004097511685834563
pub:0.058228664781999284
there:0.004268739467800686
know:0.00573895407282931
help:0.00995391962810138
viewing:0.025400343106265818
where:0.008592822317366333
versions:0.020653130328598855
with:0.005440254667809743
from:0.011812636108328032
both:0.010445135266549943
located:0.04546300785971881
planets:0.026511468261067445
via:0.015898750598212302
to:0.001282045730317052
physics:0.021328395490666285
most:0.017270655478763143
archive:0.06771164394059019
compressed:0.025229115324299698
software:0.013096678551075611
nasa:0.0199541433376717
bunch:0.01886606056350849
format:0.03739585587942339
that:0.004840529657225257
like:0.0054169258767845264
could:0.01403822470070751
re:0.001739258152456607
description:0.020349024471562335
file:0.04239747742965222
this:0.007325336349368637
contains:0.03904793958025856
something:0.0092588898472722
two:0.00867343922164331
directory:0.0588206412394939
on:0.00471636116501665
set:0.012322858530818237
used:0.009183551201566817
purchased:0.02226443998684988
a:0.004546757619034774
same:0.009032992328040057
following:0.012731694293208192
mac:0.015959451789819237
colorado:0.021921868314409114
also:0.0068999866589747275
outer:0.02666151878301266
cd:0.041518167897493706
voyager:0.06239633661945938
display:0.017144750776444083
no:0.00523602667991865
recognized:0.023250759609592754
it:0.0031893528347904368
not:0.005608465196055487
ftp:0.017643567196693372
application:0.017164500966590366
university:0.01093181442604025
messages:0.020349024471562335
disks:0.02004516704090006
has:0.004952439413425818
open:0.015371909668620292
ford:0.04446981739064248
be:0.0026905174750580063
which:0.006008801546593106
pds:0.05574839814707883
g:0.03288373917220002
writes:0.003075639027988662
get:0.006113367326935452
were:0.007215364174289763
fill:0.022476581899650124
of:0.005426248899508985
available:0.012563087571228976
but:0.003094340568606559
years:0.010371048478978575
macintosh:0.0218400275614306
never:0.010250880143543537
version:0.014513816779839928
please:0.008908908636768628
brief:0.02375303234477459
they:0.004339161044222064
planetary:0.02622515247967473
beginning:0.01883761299598553
david:0.01161137320625346
called:0.012475602306310389
code:0.015072151210845099
in:0.005784920526797364
and:0.007103207711456555
word:0.014273844261225202
for:0.003026501050344874
subject:0.00012417189252101533
half:0.017589039458572167
however:0.011149297228822852
space:0.028441979139656775
i:0.0017758019278641388
sciences:0.02367214051820776
we:0.012537152611292743
info:0.013699513764615801
ago:0.013307747559835553
any:0.0047594756571572435
yet:0.024465755745917802
program:0.012914574104111978
images:0.01979465927498039
source:0.029016446155347205
exist:0.01691406732928421
the:0.005609324725499929
see:0.008229701215865935
can:0.004021237174128899
peter:0.03425016819372983
regards:0.019206360916333317
anonymous:0.02113852574871161
label:0.051277833137067
may:0.008655932685766655
slots:0.025762954927055177
m.d:0.029114332390999642
lab:0.02004516704090006
is:0.008747480875509988
pgf:0.02862428348096324
itself:0.01564212018881107
recent:0.03533111710218624
does:0.005667389834128024
image:0.03442849299473188
article:0.0037689901410074464
very:0.008108104612946266
convert:0.01990037207068995
microwave:0.02758640649810645
past:0.015365183473969132
documentation:0.020823834360461306
supported:0.02032944059930027
by:0.009213353254113172
data:0.013648119177701453
