another:0.012892472851096388
at:0.005121889607293204
say:0.011032238222485717
know:0.007173692591036639
happen:0.01966065247771695
increases:0.030570540254944538
split:0.027720503414460498
your:0.007325187338263154
cut:0.02128497381281629
with:0.003400159167381089
profit:0.03212565284293443
someone:0.01281080299222686
vehicle:0.02558536448836767
work:0.011773677116222696
to:0.0032051143257926296
mercury:0.0325267741887888
might:0.012366774045804918
100:0.019642512202506228
make:0.01023302606598665
that:0.012101324143063145
gee:0.029441726217497112
like:0.013542314691961316
nt:0.004151619486758363
its:0.012022235790896337
me:0.006299934188398516
need:0.011169779020332768
this:0.003052223478903599
off:0.01269452004625785
something:0.011573612309090249
two:0.010841799027054136
on:0.0029477257281354066
you:0.009694168419919567
lunar:0.03167820492935229
8:0.0514969409716372
a:0.005683447023793468
bigger:0.054201358746848234
vision:0.027720503414460498
low:0.019742991511510582
million:0.06825891731042684
as:0.013955479538668925
idea:0.016118466832911373
surface:0.026540614786572762
mac:0.019949314737274047
let:0.013401963620655958
hmm:0.028838944650782915
radius:0.033422999071505415
d:0.010592117571959509
race:0.025411800749125336
it:0.001993345521744023
fuel:0.028057096312244817
hundred:0.0267520545782639
probably:0.013879207645518653
systems:0.017444285583038434
try:0.014165056234554609
kind:0.016020504052110814
tom:0.04413637469156692
ring:0.0289726046404614
tons:0.1686060794967001
hm:0.03100140055816385
which:0.007511001933241382
sort:0.018241054114308312
get:0.0076417091586693155
if:0.011688670112152487
of:0.005652342603655193
even:0.009762554928872243
gives:0.021142584161605263
leo:0.033422999071505415
but:0.007735851421516398
year:0.02877628739778665
years:0.012963810598723218
launch:0.02678289790518072
alone:0.022321007764037754
sounds:0.02071339862535371
george:0.04630597882622287
in:0.0010330215226423865
leaving:0.026907933982046786
or:0.003920415451762124
and:0.00332962861474526
for:0.005674689469396639
subject:0.00015521486565126915
i:0.007769133434405608
20:0.018283909002358257
the:0.0035058279534374557
do:0.004176266970386608
see:0.010287126519832419
supplies:0.03220369365881897
got:0.012861359428084732
can:0.015079639402983373
push:0.027905088869777828
return:0.021455626208237957
william:0.023672437670878007
shelf:0.03189762544088047
just:0.006827840485266779
people:0.008751588023680914
about:0.0229073530307412
five:0.04617421643076299
moon:0.02672137401372411
is:0.0015620501563410692
billion:0.027720503414460498
living:0.021418633802494768
guys:0.022585323892390995
mystery:0.03197264523643808
build:0.0216955410640602
1:0.011386766813515747
mass:0.024487724538951552
leaves:0.0289726046404614
give:0.013739745763697714
200:0.024163517710355888
700:0.03126274583643285
s:0.0072143753587909105
