large:0.018145661332651972
out:0.014280934534308605
correct:0.019831620849584536
know:0.007478031064595768
all:0.005782229276644189
case:0.01497946125640458
your:0.007635952861704621
with:0.010633225032537224
though:0.015063904252185938
lan:0.037936857357969235
from:0.005130740935940458
feet:0.02661855726639595
mechanical:0.0320559000661848
both:0.013610327771565078
my:0.005758874311092735
to:0.0025058166547106014
aid:0.03010850351102958
recall:0.023702152818624377
acceleration:0.10643847919921379
published:0.02484907402855485
h:0.02141322499572434
that:0.0021024522753604656
along:0.021175523703886274
clarify:0.03382073045745283
re:0.006798918232330373
so:0.006192791499302546
this:0.01590855873852785
set:0.016057058085611642
you:0.01010543617106767
numbers:0.021380256975749686
facing:0.07073657233077045
8:0.017893886559841615
sure:0.013224509213086082
a:0.002539098410629809
was:0.01609929334729792
pulling:0.03265910973495469
as:0.014547530185763971
40:0.023178831442574536
blood:0.02531317402671879
question:0.013230218686952148
course:0.01482516242363648
andrew.cmu.edu:0.024695632768044002
far:0.015087139831038798
are:0.015585730463060013
pressure:0.02667080419393478
have:0.0030984885645312294
term:0.023622301781299745
only:0.008082037807692646
60:0.024676722905400104
suit:0.03218485399616834
1986:0.0308979895403502
anybody:0.018421788757046635
be:0.007011651601666319
g:0.04284850861832124
writes:0.008015301709303787
of:0.0070705667478450415
even:0.0101767239258547
measured:0.034082379983908645
but:0.004032019528790365
tend:0.025815782386298995
humans:0.02733564611670099
instance:0.025907611507635975
seems:0.014281739935642898
fact:0.014534952294720238
please:0.011608577920637908
toward:0.027105832572081028
up:0.008142184062741725
direction:0.08033000700072054
in:0.00753792674703899
or:0.004086736107291426
force:0.021660631023119825
better:0.013552823462432745
and:0.002313923724186605
for:0.007887245161504824
subject:0.00016179973873950483
i:0.002313923724186605
back:0.01276579830343962
any:0.0062017410078109535
actually:0.014814025012733847
will:0.006868517241838087
the:0.004568200060539715
devices:0.02572532390013732
would:0.005652422097602279
can:0.005239793893561899
tolerance:0.03464221828773298
eric:0.04833973915537704
put:0.015075510906344116
human:0.019429347704464094
record:0.04674725329983752
here:0.010911520640141795
finally:0.022039542277552154
about:0.011939590064507535
is:0.006513275803410034
number:0.015165241505440958
right:0.011756809659335149
lack:0.02351224884183386
rocket:0.029881487980515035
very:0.010565106010808772
difference:0.019437296041420523
already:0.017610826189680916
s:0.015040879535903474
