pc:0.019154264724125764
manned:0.07045434868754856
where:0.010617567805941159
with:0.006722153756201693
option:0.12041986270840178
c:0.029725260866999538
4:0.014277410943555627
mary:0.026952924184041688
into:0.01029197645392176
fred:0.026629966952181675
from:0.004865357784081469
approach:0.023656624453642732
single:0.018686360175358477
to:0.004752410896864934
politics:0.028128393747947497
speak:0.04121187143262522
nasa:0.02465598171034147
derived:0.030278100138032473
that:0.0059811142316289105
terminology:0.03408665170743038
think:0.008274413951313536
like:0.006693327951199271
nt:0.01231169916762825
perfect:0.02327636088584419
wanting:0.03175639246542944
need:0.011041390755731243
anything:0.013340466381145999
re:0.004298166698599662
so:0.0058724746976144835
political:0.02071710216943405
getting:0.01558736535761314
mksol.dseg.ti.com:0.0334353374240568
on:0.00291384382321431
serious:0.020672377224364772
concerned:0.023137869210102465
working:0.018209994314405786
m:0.007866751219057885
more:0.014614011791042826
a:0.003210354312290563
vote:0.026177203286359182
j:0.017552463560510705
low:0.019516060574596667
as:0.009196714485253086
old:0.015217891277829448
running:0.017399197772682194
shafer:0.035514590553973484
others:0.01549613921303676
balls:0.0296077731051258
are:0.0036948929977081925
mccall:0.06888451495185029
likely:0.019002349453619127
not:0.0034650000492871544
should:0.00944144909329586
have:0.002938221914641683
ames:0.02955528756740584
term:0.022400458585715273
safety:0.023750996466357262
real:0.014698815252863491
b:0.03518285455763496
has:0.006119393528083626
feel:0.01750733726578263
adopted:0.03313541930238686
public:0.017033014931382724
call:0.01526986263217648
be:0.0033244899835486856
writes:0.0038003585690664504
get:0.007553873421213346
if:0.003851439194042582
of:0.0022349492593763064
freedom:0.022919703909877045
what:0.0052898971436588
redesign:0.03566387495858993
launch:0.026475048503971747
they:0.03753124926180578
who:0.0074313383576657946
david:0.014347386433014333
in:0.004084590848149206
replace:0.025266454200314502
world:0.014489946486969408
rather:0.014790135936280823
use:0.009556204182456023
opposed:0.02573059992815621
and:0.004388476028629768
for:0.007479284204875264
seriously:0.022281342893088165
subject:0.00015343078673573735
half:0.02173358323904032
station:0.11885029131529186
space:0.05271573719850178
i:0.0032913570214723265
ugly:0.03153098606799679
stupid:0.022193598800382484
actually:0.042143347018984215
yet:0.015115337601644619
alternative:0.0250239234273813
than:0.0246655393486114
cost:0.019086250599717705
the:0.0017327655402047195
do:0.020641319508807376
relations:0.02769666598663653
human:0.018424381443888367
people:0.01730199011578296
about:0.011322025061170938
language:0.02343626034331143
is:0.001544095556842896
core:0.028335893774626326
words:0.019010684663835486
capability:0.08463149085155762
live:0.0177970590456762
usual:0.02465598171034147
