roughly:0.05820663114263797
where:0.021235135611882318
to:0.003168273931243289
indicates:0.11300797051411099
that:0.003987409487752607
could:0.017346082245127094
re:0.008596333397199323
describe:0.05370823456876875
gamma:0.12828552932137283
certain:0.037888678066212746
distribution:0.35763866559796503
you:0.012776988262269468
tell:0.027701437397959227
seeing:0.04607229500526928
sharp:0.0618068078605339
access.digex.com:0.05140761349877437
ray:0.09971882451927977
a:0.003210354312290563
how:0.01511911491067959
speaking:0.04845378492908502
below:0.042665217391240136
evidence:0.03698514982198939
far:0.028613541058866685
pat:0.046587818754296316
are:0.01477957199083277
due:0.07621017206663178
between:0.026699607425820754
access.digex.net:0.05701492505672025
edge:0.10834946408271172
which:0.029698674310747533
writes:0.015201434276265802
of:0.0022349492593763064
what:0.0211595885746352
they:0.010723214074801651
in:0.006126886272223809
and:0.004388476028629768
subject:0.0003068615734714747
away:0.03182739754395023
we:0.015491309261080114
the:0.004331913850511799
att:0.07045434868754856
can:0.009937540142962222
bursters:0.13681103688299784
an:0.051603341296651534
is:0.012352764454743167
their:0.017398662282548435
article:0.0186283420762437
very:0.040074540040998786
prb:0.056503985257055495
difference:0.03686383731993548
john:0.03082159079979133
