sent:0.01718543246864305
mode:0.017894323581673977
go:0.009090804914925827
there:0.004288686848491343
activity:0.020856089013927912
attitude:0.020543752480629545
search:0.019939959342872505
hours:0.03659976052851048
send:0.013707229536804777
case:0.011549584613582969
take:0.009933407151101418
carter:0.023359408018983372
your:0.0058875337485105724
with:0.0054656764185939
ron:0.019800459515070257
into:0.00836824253730087
someone:0.010296533246088877
from:0.023735670684958195
name:0.01290762853191706
to:0.005152146392862918
within:0.015123599141695407
value:0.017447910372694705
us:0.009625590589649513
next:0.012515794503500818
that:0.006484198606251903
view:0.01591284463918052
communication:0.022489077014619614
could:0.014103823881551937
phase:0.025637343812296452
its:0.00966273157025313
sometime:0.02433818417893176
re:0.0034947710540015934
tells:0.020686915889329967
lost:0.016376197777186213
wait:0.017156073855654756
this:0.007359566893057275
mean:0.012352439517896543
reset:0.026011375156565316
telling:0.020065534194513145
posts:0.018799147066208746
begins:0.02496864828126527
something:0.018604311375360026
on:0.002369200117940607
set:0.012380441981896827
you:0.0025971915392930924
timer:0.13592870821929634
assume:0.01622190913686531
3:0.010941429647839344
a:0.0019577160642706474
how:0.012293112123636676
other:0.0064453644291210775
was:0.004137668850941054
fine:0.03027249138243514
are:0.003004258792529091
no:0.010520988188621587
decides:0.026278470548340774
galileo:0.057060100787267885
reason:0.012486971607516485
action:0.017205107854326898
it:0.0064085127054200365
not:0.002817336488672733
should:0.007676692253427474
reported:0.01929611026640964
interesting:0.01527114281271688
expect:0.016150565809151345
19:0.019144379495237753
after:0.00901501723207921
command:0.13464377843241515
has:0.004975581653675472
attempt:0.018021721482413995
be:0.0027030899866236973
writes:0.003090011172979263
if:0.006263088035172048
of:0.0009086008671296198
what:0.0043011313224141645
explain:0.016799334243049552
but:0.0031088001039738795
spacecraft:0.16676251364067513
loss:0.099435788414037
in:0.003321115923261504
point:0.010287551220841405
or:0.003150988120107875
rather:0.02405124909264358
and:0.0035682001354279424
subject:0.0001247521350094313
each:0.011897240174582314
values:0.019957693319361067
back:0.009842788411530549
monitors:0.021576419293494537
signal:0.04210805909177304
any:0.004781716197611249
information:0.022792722284894998
alan:0.020563937813080555
the:0.005283315490577474
wrong:0.024704879035793086
constant:0.023178964859507763
regularly:0.02321450037065365
can:0.004040028002045389
an:0.004195785694213723
just:0.005487797025541523
during:0.02736793934394832
long:0.03336884923049418
relatively:0.020834604391270765
cruise:0.027443030322284626
is:0.011299316084186798
planned:0.023073951514404688
either:0.011698891154735318
new:0.008056072733100685
hear:0.030968986581858014
mission:0.021009312485063384
dave:0.016384461081189683
update:0.020288982205496756
earth:0.09870659334374997
april:0.015897915242467812
before:0.009935487230012356
everything:0.028875350317039746
s:0.011596939829084454
