belt:0.09027128406846806
at:0.006936732381530953
know:0.00971555217053781
increases:0.041402621447641424
your:0.00992072615890758
much:0.013757455665826231
1992:0.03107044515656923
from:0.019997769789689188
work:0.031890904944729195
possibility:0.033393555760955373
smiley:0.14721690920968838
my:0.0074820020577189075
jpl:0.04770795880789584
discovered:0.0357073441348018
job:0.02733455555345808
then:0.012565987006108685
next:0.02108960648621398
jeff:0.13277100122300461
cco.caltech.edu:0.03543910354768679
nt:0.011245331523188008
could:0.011882749254535885
re:0.00294441340770213
resist:0.04488161949708268
joke:0.03865060212118379
you:0.008752739990688534
trek:0.04686047326307406
m:0.0215561371986783
a:0.004398438191642189
vision:0.03754272903375752
was:0.013944269828368277
senior:0.041730752915362435
as:0.012600222995543597
mac:0.027017969565442015
science:0.026627025402892246
outer:0.09027128406846806
no:0.008864139654980393
radius:0.045265794018101824
49:0.03917768466193268
it:0.008098947159211936
imaging:0.0850464432445782
should:0.012935528679003777
only:0.010500285340703044
tom:0.05977524761377567
hope:0.022743791634960986
always:0.020920914157470136
hm:0.04198614878743451
be:0.0045548130483265455
things:0.035192534301421254
if:0.010553549917534004
of:0.0030620564656021836
but:0.005238450568900868
year:0.019486304852044504
least:0.018957971517373877
planetary:0.0443969116781895
called:0.04224022828120841
one:0.0077426055730363975
in:0.0013990527708227596
star:0.036148243893499236
or:0.0053095390370321675
for:0.002561802070173811
known:0.0256451082493414
subject:0.00021021225899227005
space:0.04814980720493076
i:0.012025115417032751
stupid:0.030406977883988603
than:0.011264577025350088
the:0.003561037842467967
intended:0.03203581777146949
would:0.007343698000821858
home:0.023065850802057863
last:0.017166634268185023
just:0.009247154043038473
about:0.007756032915920248
worry:0.034617031739013565
is:0.008462129980808312
object:0.09992060542046369
new:0.013574799723492495
days:0.02345080806732419
mystery:0.043301535280845266
unless:0.024236704139688908
too:0.015374156439877926
iv:0.04156497803978895
james:0.027240895808165567
