tv:0.0321072970868785
since:0.01695611545257357
expensive:0.03432276944183804
hmmm:0.042100873553558314
ask:0.0246996829182743
say:0.016080889612436807
increases:0.04456044850720729
your:0.01067739171340053
both:0.019031390528035916
to:0.0011679653899074837
sound:0.029247316009562974
recall:0.03314284080570358
most:0.01573385986412744
that:0.005879739414143674
nt:0.006051513150190157
mainly:0.04078527526380168
prefer:0.034801085635947804
two:0.015803300276722977
on:0.004296684959654999
you:0.009420321854385115
tell:0.020423941132393666
performance:0.03212721384403912
them:0.012422535351968142
state:0.045045989609162986
amp:0.046071026739464234
vs:0.028954338517485953
more:0.010774737506955304
vision:0.0404061575193831
was:0.0075039079161134375
as:0.00678062847641541
mac:0.029078662159416405
also:0.0251440191810096
course:0.020730099999152703
are:0.005448401538993437
radius:0.0487182698330418
d:0.015439357816754538
comparable:0.04291505855431783
have:0.008665264629621234
systems:0.025427263731208564
buy:0.025481704451220052
tom:0.06433437666906365
hm:0.04518848216952697
types:0.03471946789814304
electric:0.04430491428542181
usually:0.027947040188022146
which:0.01094824010608066
if:0.005679240845452621
of:0.011534611008137038
reasons:0.030818004032170384
distortion:0.05174093884947173
but:0.005637993408901782
advantage:0.036130259123176356
they:0.01581219702555498
find:0.017935989302316865
tubes:0.2053868057153482
in:0.003011520371093059
or:0.005714503878839706
better:0.03790196392036276
and:0.008088928273109953
still:0.017302619340928367
for:0.005514387506984305
subject:0.00022624539738998556
i:0.003235571309243982
any:0.008671925985498367
noise:0.03881703570861142
than:0.03637121903947783
cost:0.0281441322402617
the:0.005748963635509727
can:0.007326830444387401
because:0.014955273719445033
lower:0.06730479005162063
just:0.009952445453100728
record:0.032683460993530464
guitar:0.05154152785447009
solid:0.07636546309863924
type:0.0274619704265398
mystery:0.046604194751418214
1960s:0.05684412022535494
players:0.03145655858506688
davis:0.04197246842626508
seem:0.023387394533014725
s:0.005257934583525579
