ability:0.03643899695871298
say:0.017250408856977668
there:0.008343445323428613
all:0.008673343914966283
ever:0.024031109607544187
increases:0.04780120839864055
wonder:0.03354879734379026
from:0.007696111403910686
to:0.005011633309421203
remember:0.025296582150193016
aka:0.047087830076445146
lights:0.04462387699445765
that:0.003153678413040698
quite:0.024147267110085465
nt:0.006491623197476713
could:0.013719174139327793
its:0.018798405054856093
rise:0.04509362254486056
this:0.004772567621558354
age:0.03747989659921474
best:0.022137964363285766
you:0.005052718085533835
more:0.011558354780188415
freely:0.0473488310390127
vision:0.043344787157156416
as:0.007273765092881986
blessed:0.04976047772776374
mac:0.031193473952828506
evidence:0.05850378244569231
are:0.017533946770942513
no:0.010234052147113726
those:0.016871960493523273
radius:0.05226141672999029
d:0.016562220203427593
it:0.003116867543090654
try:0.02214899702130357
tom:0.06901324042681373
classes:0.0471740004760319
hope:0.026258741251273136
hm:0.048474917236401655
has:0.019359535888846383
fraering:0.05594746316733724
sic:0.05373886154360642
g:0.032136381463740926
get:0.011948854320828385
upset:0.04700246880053751
if:0.00609227654330372
of:0.0053029250608837815
looking:0.023580775867333127
never:0.020035811189653276
phil:0.040285948642418114
please:0.017412866880956862
over:0.018235825022903253
in:0.0032305400344452813
presence:0.0434017836390982
and:0.003470885586279908
for:0.0059154338711286175
subject:0.00024269960810925723
space:0.027795570522846393
i:0.001735442793139954
we:0.012252217324672453
power:0.024562320728823108
than:0.013005466201995101
the:0.0095932201271334
sky:0.04237560774753589
may:0.016918413885816642
human:0.029144021556696143
finally:0.03305931341632823
about:0.00895469254838065
f:0.03378392016733498
is:0.007327435278836288
pgf:0.05594746316733724
right:0.017635214489002723
evening:0.09655456198850502
mystery:0.04999359073333953
their:0.013760760168924671
activities:0.03842117549867692
practiced:0.05139496054995097
by:0.018007917723948472
god:0.0241198021070475
