belt:0.05459263369854973
there:0.00874075224359188
know:0.01175119167293621
where:0.017594826649845352
way:0.03299757751517226
previous:0.03307808971136006
someone:0.02098531537774305
1992:0.07516088637874843
equally:0.0456499466216333
from:0.008062592899335006
name:0.026306976246002395
smiley:0.29677059475603845
to:0.003937711885973802
next:0.025508381178563577
been:0.013973717973537518
make:0.01676267126999718
that:0.009911560726699338
uxa.cso.uiuc.edu:0.08492581599489418
nt:0.006800748111642272
could:0.014372468145962453
re:0.0035613381216968625
these:0.015777485458085168
names:0.03901806868553219
m:0.02607266118316328
josh:0.09977009936253223
sure:0.041562743241127686
a:0.003990011788132557
hopkins:0.10629372429485177
was:0.008432963181917958
as:0.0076201348592097
assigned:0.057703912081931166
no:0.032164163890928854
officially:0.052130024286228684
reason:0.050899274743019585
should:0.01564582992603314
has:0.01014070927511001
be:0.011018309659761359
perfectly:0.04255068566511303
found:0.025471623859590453
writes:0.012595474114620236
what:0.008766115266634584
explain:0.03423864312392957
but:0.006336030688099146
never:0.020989897436779623
find:0.020156635596889433
good:0.01542866525104285
called:0.07663584273876382
one:0.028094597365017782
or:0.006422013882886528
and:0.0018180829261466185
known:0.03101836902539389
subject:0.00025425673230493616
i:0.005454248778439855
the:0.0028714400380535354
do:0.006841123037204731
can:0.008233961832740128
because:0.016806879037090612
come:0.02286851118542294
is:0.005117573845536455
number:0.023831093794264364
object:0.08057090087872311
new:0.0328380869501628
attributed:0.05121135508444238
jbh55289:0.1177055001217407
1993:0.028853864790572736
dave:0.033393092108329456
already:0.027674155440927158
by:0.009432718807782535
s:0.005908916960533508
james:0.032948512072733596
