at:0.007727763267144132
true:0.022660357825946022
thanks:0.01748584776242248
your:0.011052037036677741
shape:0.041823917432343906
into:0.01570880616651216
to:0.002417893263317247
psychology:0.04907548386378661
w:0.027143340833590823
hall:0.04017903696154515
been:0.012870529712468765
make:0.015439302485523715
that:0.012172092120507957
reboot:0.05355641038804968
quite:0.02329999457990703
v:0.033742529069315894
could:0.01323779960812331
australia:0.040693804521440675
re:0.0032801798489313205
scott:0.16763495847243448
anyone:0.014674690786327993
error:0.03303033472957893
western:0.03588182248855614
you:0.00975085946331091
etc:0.020371263047879257
bill:0.05430726097704767
more:0.01115279847211163
a:0.007350021714981026
other:0.012099192875718515
test:0.03136754257876904
was:0.007767202930713909
as:0.007018545265061565
shaped:0.052569761410622584
local:0.026810381157157472
fisher:0.10551682466722698
advance:0.027750010672602188
scale:0.04244872014539977
it:0.006015007539297753
not:0.005288684285754078
university:0.020617018435075907
has:0.009340126963917113
be:0.010148443107674935
writes:0.00580054728962774
if:0.005878512454064994
of:0.005116857514887859
even:0.029458937680105712
department:0.030421715637657335
ph:0.04812624189325825
lines:0.030992825651706284
fact:0.021037430952884555
they:0.008183505478138103
who:0.011342569072226739
in:0.0031171877525349207
required:0.03283141623246464
accurate:0.03923212609116991
or:0.0059150127868691695
for:0.002853937393965561
known:0.028569550418125946
subject:0.0002341838323861254
room:0.03498270596770706
mention:0.03311118258137651
actually:0.021441351992114777
than:0.012549134054556677
the:0.002644747403470361
would:0.01636227449305923
did:0.014420272310903204
regards:0.03622252278080406
makes:0.024499805984666438
actual:0.03563470953270792
e:0.02728850610573532
n:0.03211417101582808
is:0.007070332286596418
average:0.06806177296320327
does:0.0106884983713818
globe:0.21593757713709108
61:0.04427464786775694
words:0.02901630817111732
earth:0.030881887391173233
registered:0.045353259368939705
fit:0.0356618252570033
while:0.019038092156829143
s:0.005442423516280862
