sent:0.053299747076661054
some:0.008460412138647493
at:0.006383804438075587
there:0.0066505723592546915
surely:0.032510971940934934
wave:0.03567477881661528
send:0.02125613855707408
defense:0.02843627933512961
with:0.004237879541953242
ignoring:0.038719498059353395
ca:0.014902526058640009
followed:0.032209693485531016
modern:0.02975745003653508
from:0.006134581553841852
france:0.03713479370453578
themselves:0.023452537799440707
to:0.001997390087088161
territory:0.03795601606183291
young:0.02720330092082744
important:0.02277079197806683
most:0.013453590318601725
minister:0.03904893555266323
us:0.01492664047960142
make:0.01275420640108481
that:0.007541404900749496
nt:0.00517448225885825
could:0.03280672076795777
its:0.014984235913291089
me:0.007852091886989454
french:0.10867202861005308
authorities:0.033737062294784625
had:0.0111189020701604
this:0.007608441135817667
best:0.017646203477981407
on:0.007347953988975216
you:0.0040275289087588545
a:0.0020239190229657898
j:0.022131367098035235
following:0.01983561067420117
military:0.028056801179207034
based:0.021890601535511176
foreign:0.031983730243236176
plane:0.11239720800128536
answering:0.04004066876075885
it:0.0024844596357968983
not:0.013106739316868801
proof:0.03034136660653029
follow:0.027369509510270184
kind:0.019967584760601884
92:0.03176460064041213
after:0.013979809330905445
robert:0.023155159630128288
absolutely:0.02900332424020025
without:0.016284133947844167
be:0.004191748240126604
which:0.01872307728286258
of:0.00986292825333457
germany:0.030469171979618022
what:0.006669870311569791
1974:0.043274633272558996
plant:0.0405406171048672
who:0.009369948364013394
over:0.0145358025544881
in:0.0025750681433984127
our:0.016157792920147778
presence:0.034595624639860885
u.s:0.1022534029274985
and:0.00276664793109268
still:0.014794993349489473
subject:0.00019345620936245142
i:0.00138332396554634
we:0.009766260186333116
back:0.015263454493243026
ago:0.020733084966410464
photos:0.04441687199867192
informed:0.03700653589946766
allow:0.02540778747372893
review:0.0626324562994027
the:0.006554373999904809
landing:0.040437829894780564
reads:0.03760246414756166
got:0.01603010015674329
can:0.01252994191938715
planes:0.03984996362802427
an:0.019519524751342103
about:0.007137798408129504
is:0.003893806186821216
issue:0.02269101454684676
time:0.011445724419592128
their:0.010968721873780536
x:0.02206637673584132
shots:0.035517811448635715
give:0.017124900517072512
by:0.007177068658095406
august:0.036224009536684365
