some:0.004525336725323078
since:0.007755122571332098
go:0.007540435084473361
large:0.01160478341041696
at:0.006829186143057605
out:0.004566577903412635
fast:0.013495340794372238
ideas:0.013941835802478568
know:0.004782461727357759
tank:0.03596196678638944
all:0.0073958746561727995
situations:0.018529090579434367
saw:0.013168141795098662
fluid:0.023311856612526893
with:0.0022667727782540595
much:0.0067720808897671755
lan:0.04852388731833274
aurora.alaska.edu:0.020841830557621895
from:0.006562575615737795
to:0.0026709286048271913
remember:0.010785364482640433
bet:0.01671965625972717
astronaut:0.025675289060669893
design:0.014585919408625747
near:0.01397199913752529
calculate:0.023066977148877545
apart:0.01785526527012048
acad3.alaska.edu:0.022549413611573192
that:0.008067549428708763
think:0.00558041871135099
protection:0.0163952414578797
like:0.004514104897320439
could:0.005849260291961463
nsmca:0.04243141511669776
clarify:0.021629536920464022
sitting:0.017596106567682006
re:0.0014493817937138392
michael:0.011646105432843756
master:0.018432186307320342
anyone:0.006484165696284462
had:0.01189463942389252
this:0.0020348156526023994
on:0.0019651504854236042
you:0.01292555789322609
combined:0.019660526271532433
took:0.013082952234173176
pilot:0.022619252780188226
support:0.010616109726874054
m:0.005305483380294853
ray:0.016813057622436706
more:0.009855961440470743
sure:0.008457534961857378
a:0.005954087358259824
how:0.010196612381621119
aviation:0.024483487898856092
was:0.0034320198996177736
as:0.009303653025779283
standard:0.01179862224985363
stopping:0.02197175632800541
also:0.00574998888247894
solution:0.015076965380749026
figures:0.018291226446192924
far:0.009648752217524812
straight:0.01549093654055546
are:0.009967618319398845
no:0.004363355566598876
book:0.024106190005299795
d:0.007061411714639672
it:0.003986691043488046
not:0.007010581495069359
should:0.00636748892338558
have:0.001981591523828112
probably:0.009252805097012436
against:0.010012716248673824
accident:0.018835247212452312
60:0.01578162511391867
somewhat:0.016673786268847312
adams:0.017959745153796943
500:0.01616192688119977
anybody:0.01178137653066936
be:0.008968391583526686
g:0.06850778994208337
writes:0.00512606504664777
get:0.02037789108978484
if:0.002597482247144997
of:0.004521874082924155
short:0.013422394827989409
even:0.0065083699525814945
parts:0.014142228726420002
treat:0.018704730874829878
seems:0.009133670889073946
fact:0.009295609025693175
please:0.007424090530640522
find:0.008203281928966629
up:0.00520721073779994
good:0.012558215902011621
called:0.010396335255258658
title:0.016283695083654726
one:0.0038112825882776064
aids:0.02097784342510744
in:0.004132086090569546
recording:0.022217932319177215
yes:0.010336611901177864
or:0.005227220602349499
better:0.00866750337713722
and:0.004439504819660347
for:0.0012610421043103644
subject:0.00010347657710084611
i:0.004439504819660347
rate:0.03011376518985466
body:0.02751690793546164
any:0.0039662297142977025
water:0.015891849669424616
than:0.00554496621015295
the:0.004674437271249941
equation:0.023757861766731492
less:0.010654517661225882
around:0.00917517222152572
would:0.00361492110893169
can:0.016755154892203746
tolerance:0.022154907044480393
an:0.0034802253432625455
human:0.024851491249895937
just:0.004551893656844519
note:0.011479415111932161
about:0.0152715686871608
doctor:0.017073725168983866
is:0.0031241003126821383
number:0.009698700962782008
either:0.009703731422919993
critical:0.018942919941549504
new:0.006682168856137778
right:0.02255666969523604
time:0.012244263332586927
keep:0.010269048775681865
figure:0.014312006333623076
hear:0.012843726993251191
too:0.007567898712653088
ref:0.022413400744087653
position:0.04003305764200246
article:0.0031408251175062056
players:0.01438710819006935
bad:0.010622484677311566
answer:0.011768492411352157
by:0.007677794378427644
high:0.02168468081892652
s:0.004809583572527274
