there:0.011057578139483704
know:0.014865965369377131
much:0.02105056469349315
aurora.alaska.edu:0.06478544920321024
into:0.021575950638342004
such:0.06950664590847465
alot:0.12202353998577117
acad3.alaska.edu:0.0700933579733239
that:0.004179573800415383
think:0.017346361777452475
like:0.01403179594588763
nsmca:0.1318952421699762
michael:0.03620114700811674
on:0.012217080126247951
missions:0.06478544920321024
m:0.016491743519470747
a:0.003365070182762398
how:0.015847746954567764
vote:0.05487751050393371
as:0.009639929641168898
old:0.06380513451427287
act:0.044959434494197044
isolated:0.07122017794935792
not:0.007263976006939336
term:0.09391999503408333
minimal:0.062292428530832854
adams:0.055826677706983276
be:0.006969412736596041
of:0.007027972972255613
humans:0.054341947099465826
distance:0.056857065338768366
alone:0.092511164708783
who:0.015578950291974076
in:0.00428143859986724
or:0.01624846886031531
and:0.02069985982178981
for:0.003919865818217759
subject:0.00032165008303636504
space:0.11051250930770253
i:0.006899953273929937
similar:0.038129617926104836
later:0.03849894010792414
the:0.0018162723132266337
would:0.01123674272414911
effect:0.041763535597860314
just:0.014149259800793807
newsgroup:0.09263045398974337
long:0.08603534620874402
people:0.018135820964736354
discussion:0.04142014390952038
spent:0.0523113517105579
time:0.019030240601249564
project:0.04640525127003676
high:0.03370269669447616
