apologies:0.04006361211653378
50:0.02537634771417964
faith:0.02753695676731465
your:0.009264207516038694
much:0.01284703580558773
ca:0.030243361707240016
melbourne:0.04277756405724914
corp:0.03403062238905917
to:0.005066908676804525
corruption:0.04277756405724914
young:0.027603349463780784
death:0.024672179294385456
make:0.012941768259924291
that:0.005101538609330541
higher:0.027293190537043325
like:0.017127045051598136
talking:0.023968317502663736
nt:0.021002310344777602
australia:0.06822196640359172
re:0.0027495625204277245
so:0.007513313216065589
political:0.026505704246187683
this:0.0038601649880251397
he:0.011692155937648788
on:0.007456012135871911
you:0.012260271825192395
october:0.03979620296821852
them:0.010778376261266476
taxes:0.10503741259271847
winning:0.03444150811254782
why:0.01308619544230887
a:0.0020536825380094046
how:0.009671786744331796
quick:0.02984761191317129
was:0.006510743633098424
promises:0.04103250386382145
fox:0.04168171421048085
are:0.0047272895705972465
begin:0.0306854373495626
it:0.0025209958069115587
not:0.004433161827764448
have:0.003759195684909212
made:0.017099849646455893
expect:0.05082678063468218
doing:0.019711050773274376
plays:0.03641728878161235
manage:0.03705205410138071
writes:0.004862223463364429
of:0.0014297101879833724
even:0.024693521290676847
year:0.01819676997212979
iron:0.03970918489728468
who:0.009507741722307709
box:0.04659616192215599
one:0.007230227263056047
in:0.00783881037769811
promise:0.03664182351587766
system:0.01643545830325386
or:0.009916344966221843
and:0.005614667860158675
subject:0.0001963011536177816
i:0.0028073339300793373
group:0.019831734814754743
we:0.009909881659661543
gregory:0.07857780488515835
386:0.03469953252292481
20:0.023123767267688382
sick:0.03302384021356593
than:0.010519127075143096
the:0.0016626904632111464
do:0.01056349880744848
see:0.013010189422141001
sox:0.03889134934500362
would:0.0068577179860615884
slick:0.04227026353160979
10:0.021252733513942385
ltd:0.03962318460490827
bar:0.03705205410138071
about:0.021728298095335403
company:0.024750941467877572
n:0.026919231586797068
is:0.005926602063764645
billion:0.03505828373005298
keep:0.03896197917832237
1:0.014400910970034621
article:0.005958330002327948
very:0.0128179594984077
november:0.03945414402972666
give:0.034753474578764806
lots:0.02682863978982618
mine:0.024009110623529308
john:0.019716752938101805
s:0.01824812590752995
