reference:0.03487507535531172
know:0.011531543230451418
traffic:0.08177645348384863
knows:0.03265384496393677
your:0.011775067497021145
cut:0.03421509809162992
someone:0.020593066492177754
via:0.031946087650613506
to:0.005152146392862918
appreciate:0.0358804984618177
mail:0.028638462662017344
that:0.006484198606251903
like:0.01088447722905302
nt:0.006673631324508771
so:0.009549631751260935
this:0.00490637792870485
reply:0.03356258429303873
getting:0.025347678245090523
compuserve.com:0.10353337026760491
on:0.018953600943524856
relative:0.046010462398999134
a:0.002610288085694196
was:0.016550675403764217
listserv:0.05824469616707297
given:0.02605408933814281
d:0.017026581517542386
not:0.005634672977345466
clip:0.05488606064456925
have:0.004778043113529465
being:0.018185083457244375
larry:0.08494921562566347
has:0.009951163307350944
list:0.10884592885688148
anybody:0.028407431260866305
g:0.03303740150478039
get:0.012283868927954413
down:0.022096874550964093
if:0.006263088035172048
of:0.0072688069370369585
mailing:0.04125004461277189
please:0.017901078101918266
box:0.029612514118753337
in:0.001660557961630752
quoting:0.05036217856324789
or:0.025207904960863
weeks:0.034023970890963644
message:0.030348784005231038
and:0.0035682001354279424
still:0.019081393291864927
subject:0.0002495042700188626
space:0.05714977116846922
i:0.008920500338569856
ago:0.026739866592192935
unfortunately:0.034410215708653796
source:0.08745611107569601
the:0.006339978588692969
would:0.008716351832751178
did:0.015363654611616498
road:0.033744414822154296
about:0.00920575869459693
is:0.0025109591298192887
discussion:0.03212964434102982
disk:0.03271942975513908
figure:0.03450932368294162
himself:0.03497926589253242
their:0.014146575874595457
e-mail:0.02569809137058193
three:0.027275588845537126
answer:0.02837636487970894
poster:0.04256853618529437
