at:0.01894548413880497
11:0.04155069502817109
technology:0.0362114804926553
servicing:0.06217911174166252
with:0.006288466417091907
damage:0.04784379415235131
service:0.0391676476180467
scheduled:0.05500766219149132
to:0.002963869161485658
hill:0.05358374191569206
bds:0.06399225918720867
job:0.03732783392784061
w:0.033272482312143595
then:0.017160003761030142
bruce:0.09906792343421687
nt:0.007678263997015469
could:0.016226980164796317
brought:0.041660138091781374
re:0.0040208656212706514
scott:0.08219520544454853
carrying:0.049882728123056316
two:0.02005149927584206
why:0.019136801937139857
board:0.03861501633715209
a:0.0015016173396197798
adding:0.05080759774305675
shuttle:0.10012289455226406
are:0.006913025608615329
those:0.019956082304167316
internet:0.03071541874316781
it:0.01105985257225716
not:0.012965806636042257
expense:0.05941518590306153
campus:0.05569528288611792
university:0.02527247421073821
be:0.012440027035214438
if:0.00720591849207967
of:0.00418151796915567
dr:0.042138114033403236
experimental:0.0572184067255053
necessarily:0.041798527237163464
required:0.04024496183334376
office:0.03925524637684044
or:0.014501321671034094
and:0.004105348542911719
for:0.006996749740044603
subject:0.0002870640526023473
bullshit:0.059272764110050565
back:0.022648996989973524
information:0.026223884779395322
the:0.006483896860120886
flights:0.06644665329453105
would:0.02005698163665325
because:0.018975508590263594
here:0.019359149522832218
expressed:0.04419095834003535
bulletin:0.05885647903283884
carolina:0.06199530063027219
is:0.005777905954637934
done:0.028480253241082783
repair:0.05500766219149132
days:0.032024221769356695
mission:0.04834400937423188
hst:0.17272464621899655
opinions:0.030705485543226264
earth:0.03785521680208333
by:0.010649843815238346
gibson:0.06421397195282949
north:0.043162954676460495
