at:0.014806134663099681
there:0.015424856900456259
know:0.010368698534943712
gap.caltech.edu:0.04435926227775796
where:0.01552484704398119
with:0.004914515771340734
from:0.007114052558236769
to:0.002316301109396354
indicates:0.0413096362803683
that:0.005830329839234904
cco.caltech.edu:0.037821564290388424
like:0.009786882886627506
nt:0.018001980295523662
could:0.012681589540555104
re:0.0031423571662031135
gamma:0.09378858026016332
something:0.016728246362718677
oort:0.05673998276607325
distribution:0.037352417655489745
them:0.01231814429859026
cloud:0.048308872607554044
holes:0.040279364666147024
access.digex.com:0.03758371743187706
m:0.011502644639630858
why:0.02991130386813456
ray:0.07290367843006168
a:0.0011735328788625168
wondering:0.03024313867106972
was:0.007440849866398198
part:0.041163396847281965
given:0.023426786211607403
evidence:0.027039563315235937
far:0.020919143463205055
others:0.022658220361919293
pat:0.03406000194641832
are:0.021610466608444553
have:0.004296223639896242
palmer:0.09527248962395622
keith:0.06622633729612885
edge:0.07921347374114218
be:0.009722037935083552
writes:0.011113653630547267
if:0.005631516132465624
of:0.006535818002209703
gives:0.03055902920837063
what:0.01546961517641397
but:0.005590615313028657
fairly:0.032976525615528454
they:0.039198303550745536
universe:0.037239112190470526
david:0.04195706284612595
good:0.013613528162684867
in:0.0014931067386091635
or:0.011332965675682106
for:0.005468048116169311
subject:0.00022434417556317895
mechanism:0.08077559327911603
i:0.0032083816343763854
away:0.02326876963297202
power:0.02270466621992052
any:0.008599052657889137
quantum:0.04352656561688207
the:0.0057006530167239295
enormous:0.04904006064948371
would:0.007837391984070387
bursters:0.10002151435983876
just:0.00986881145769652
is:0.004515506334296872
either:0.042076684153165685
article:0.006809520002660512
very:0.0146490965696088
prb:0.0413096362803683
earth:0.02958432909742646
close:0.029200951396391096
by:0.00832298718333753
black:0.029660103833982668
ranges:0.05214717851087939
