apologies:0.05675678383175618
believe:0.022631998753441046
there:0.009560197766428618
faith:0.03901068875369575
melbourne:0.06060154908110295
to:0.0014356241250946154
slightly:0.04510074642037552
discovery:0.06060154908110295
young:0.03910474507368944
guy:0.03527427861405072
uxa.cso.uiuc.edu:0.04644380562220775
could:0.01571988703464643
australia:0.0483238928692108
funds:0.05182881200068177
re:0.007790427141211886
funded:0.05842701977003931
had:0.015983421725855575
he:0.03312777515667156
these:0.01725662471978065
on:0.005281341929575936
you:0.011579145612681705
why:0.03707755375320847
josh:0.0545617730888848
hopkins:0.05812938047374706
quick:0.04228411687699266
was:0.009223553480222767
private:0.03697584503827658
said:0.02282817529857742
fox:0.05904909513151453
columbus:0.12047202899947113
not:0.0062803125893329675
examples:0.0457060342412847
ones:0.03533989562892559
money:0.032293955903428435
hope:0.030088141017083805
plays:0.05159115910728416
asked:0.03512813436185865
writes:0.0068881499064329405
if:0.00698073353920218
of:0.006076268298929333
but:0.00693003356510844
iron:0.05625467860448663
box:0.06601122938972098
in:0.005552490684202827
and:0.003977056400945728
subject:0.0002780933009585239
gregory:0.11131855692064099
386:0.04915767107414348
news.cso.uiuc.edu:0.04776671906763803
sick:0.04678377363588507
than:0.014902096689786053
the:0.003925796927026318
when:0.013621608779622249
sox:0.055096078238755126
greater:0.04394878017014265
charity:0.06335312798778614
slick:0.05988287333644721
put:0.02591103437027895
substantial:0.05625467860448663
ltd:0.056132844856953384
bar:0.052490409976956004
film:0.05405354221211989
n:0.03813557808129585
moon:0.047875795107922364
is:0.011194692787110995
privately:0.06265061464616602
jbh55289:0.06437019537907694
article:0.008440967503297927
very:0.018158775956077573
give:0.04923408898658347
lots:0.03800723970225375
john:0.027932066662310892
s:0.025851511702334094
