another:0.014783368869257192
above:0.01815104020085697
simply:0.020390955599222597
at:0.005873100083029541
know:0.008225834171055347
take:0.01417166086890469
where:0.012316378654891746
with:0.0038988491785969825
much:0.011647979130399543
times:0.01873650760995351
from:0.011287630059069008
suns:0.041196925042609245
planets:0.07599954234839335
to:0.0027563983201816617
important:0.041898257239642966
death:0.022369442560242817
day:0.03391070714350496
appreciate:0.025594755569429962
that:0.002312697502896512
like:0.007764260423391155
suppose:0.0256942599042078
saint:0.03821484358898482
atmospheric:0.03843708639076876
me:0.007223924536030299
on:0.0067601176698572
am:0.010895575711342437
etc:0.04644647974916471
temp:0.03954051598061925
3:0.031219545928501596
a:0.0027930082516927903
how:0.026307259944582488
nor:0.023030259979836022
as:0.00533409440144679
surface:0.030433238288603438
given:0.018585250394541876
question:0.014553240555647363
also:0.009889980877863776
are:0.004286075877341504
not:0.0040194000571731
should:0.010952080948223197
between:0.015485772306976038
girl:0.035191681407021315
relate:0.03843708639076876
after:0.012861424584433009
sun:0.024189948693992276
be:0.003856408380916476
thinking:0.023223510225657704
making:0.02049738127248269
of:0.007777623422629546
what:0.018408842059932623
density:0.03729736773647783
humans:0.03006921072837109
conditions:0.03023221803413219
again:0.016279127587386786
factors:0.033170439680436335
aspects:0.06425626508899676
well:0.0112191194010223
breath:0.03799977117419667
they:0.006219464163384958
planetary:0.03758938522086711
bodies:0.031827974668672016
one:0.006555406051837484
purely:0.033221919987729075
thoughts:0.02862682878417209
and:0.006363290241513164
for:0.002168992419413827
subject:0.00017797971261345532
p:0.022440853597542335
i:0.006363290241513164
similar:0.02109838858577801
any:0.006821915108592049
gravity:0.036081890691184795
physical:0.056895350658329555
eyes:0.028810929897725244
the:0.004522518059934318
would:0.006217664307362507
can:0.00576377328291809
planet:0.0630815015221932
tolerance:0.03810644011650628
effect:0.023109156364149373
human:0.04274456494982101
just:0.007829257089772574
jonathan:0.06374007159325422
makes:0.018619852548346496
eg:0.033704057731593254
is:0.005373452537813278
atmosphere:0.07216378138236959
temperature:0.06906215077878622
does:0.024369776286750505
life:0.018602529021924736
mass:0.08423777241399334
too:0.013016785785763312
nothing:0.01703237334333939
late:0.0256942599042078
earth:0.04694046883458332
three:0.019456586709816485
concern:0.03071105626460723
range:0.05332741313986231
