some:0.0075814082800867155
typical:0.028951982725532108
at:0.0057205520289248775
knows:0.022688061111306723
where:0.011996472715803648
much:0.022690868435843267
hans:0.042050679042432204
from:0.005497222431364777
08:0.0410177914149667
to:0.0017898690390790012
stop:0.021584111133640504
0:0.023799716158898913
w:0.020093122435255545
then:0.010362859414128593
us:0.013375820689512962
t:0.03345809162338237
that:0.002252627437886213
depth:0.03414372028474325
could:0.019598820199039708
re:0.0024281850829751335
so:0.006635133749252728
phone:0.019073682637724475
had:0.00996369146546841
this:0.003408976872541682
jb:0.25367126853295435
he:0.010325540308572956
gamma:0.2174189815121968
26:0.028547811888667035
apr:0.024202651149597396
on:0.003292265098956428
characteristic:0.039054928610597006
distribution:0.028863231824696623
rev:0.03441432220942227
assume:0.022542133475903742
material:0.027420126862362875
incorrect:0.03299302901119011
shorter:0.0378945923200556
seeing:0.02602785497050927
28:0.028717957163952906
ray:0.08450199090757149
more:0.008255967700134583
a:0.0018136417218784352
how:0.008541318163825484
desire.wright.edu:0.039054928610597006
said:0.028461101670953667
athena.mit.edu:0.03173554120077774
are:0.012524247693530367
caused:0.02585918298087771
it:0.0022263339593504676
not:0.0039150000556880836
zero:0.03008840421869878
being:0.012635090454059405
42:0.03159978350714583
be:0.011268725788392298
which:0.008388911250113753
if:0.008703252204719602
of:0.0037878036149169864
even:0.010903632777701466
effectively:0.031781431897031594
discusses:0.03891527792734399
but:0.004320020923703963
happening:0.029479191522480245
years:0.014479061188184374
distance:0.03064374300725828
gmt:0.02751492426120153
well:0.010927713702294447
they:0.0060579196396606735
in:0.0034612928940485157
and:0.0012396019950999672
few:0.014841737018871991
for:0.0021126549539745064
subject:0.00017335686293518376
76:0.034624940883144044
i:0.0012396019950999672
we:0.008751583803337468
back:0.013677641039399595
possible:0.016733581967302482
20:0.02042098927536117
48:0.033334871436420124
review:0.028062594056225885
actually:0.01587216965650055
exist:0.02361379529737731
later:0.02074942875946561
joseph:0.05304154063173704
the:0.00489450006486398
closer:0.030268291248239924
less:0.01784977634153427
would:0.0060561665331453
law:0.019524942371714066
maybe:0.017194240794430677
bursters:0.07728935200532995
jim:0.02198916069447318
f:0.024131371548096414
n:0.023772827894833776
unknown:0.03064374300725828
is:0.00523388234202592
1/2:0.03080022061491451
core:0.03201587997912325
disk:0.022733629764934298
events:0.026419148421926136
expected:0.026943949764404763
matter:0.019616253324029498
1993:0.019673089629935955
dark:0.02994799860822368
e-mail:0.017855167380858874
article:0.005261901820237669
very:0.011319756440152255
little:0.015229472090249769
ann:0.03671068610710784
by:0.006431399187124456
john:0.017412197399882114
galaxy:0.1136837769601668
