another:0.008730335946411727
above:0.01071911822885254
simply:0.01204190291292673
ask:0.011474655843922706
studies:0.016610562583990924
large:0.011787535905069195
at:0.0034683661907654764
know:0.004857776085268905
differences:0.018033111077228926
take:0.008369091064313793
ever:0.02081434690417213
where:0.007273451961550243
with:0.0023024699873604227
much:0.013757455665826231
times:0.011064866698791443
from:0.0033329616316148643
suns:0.024328892741698374
planets:0.06732242924562402
to:0.0021703923780957966
important:0.024743065299001752
most:0.0073094309605001495
day:0.03003901223341975
global:0.02014060072365627
appreciate:0.015115013131553126
that:0.002731532483736038
think:0.005668299320978564
like:0.004585193163419973
through:0.009328595645767034
nt:0.005622665761594004
along:0.013755753587170216
suppose:0.015173775533980981
atmospheric:0.022699066766202022
me:0.0042660971669470265
need:0.015127574736198711
re:0.001472206703851065
certain:0.012977618077797279
on:0.005988293211487676
you:0.004376369995344267
am:0.006434395105123486
concerns:0.019774877310692898
etc:0.03657203129855489
libraries:0.01974325458747532
temp:0.023350698413751522
3:0.01843673972155606
fun:0.016205719113912737
more:0.005005586715829629
a:0.0038486334176869156
how:0.01553578343184005
partial:0.022257660080687428
nor:0.013600547232186625
as:0.003150055748885899
1964:0.02413200132211309
part:0.01928521348356911
surface:0.01797238481610439
given:0.010975541571579846
question:0.008594433399004347
also:0.00584053988850223
answered:0.019131865278790145
course:0.009630518897244169
are:0.002531147171658368
book:0.012242907522376667
it:0.004049473579605968
not:0.004747322902172952
should:0.012935528679003777
probably:0.00939851856310712
between:0.009145141126166951
relate:0.022699066766202022
after:0.007595329478995871
plays:0.019499020764957794
determining:0.046701396827503044
sun:0.014285402772042682
be:0.006832219572489819
phenomenon:0.021860791186506464
thinking:0.013714671393104942
considered:0.013554499831544142
writes:0.0026033952402266234
making:0.012104752719970092
of:0.010717197629607642
available:0.01063410955832374
what:0.010871363421220054
but:0.005238450568900868
density:0.044052009137572234
humans:0.017757407910455367
conditions:0.0178536720674009
isaac:0.024431158436199397
again:0.009613658024047315
factors:0.01958884233096634
aspects:0.03794661324153352
well:0.0066254642132021445
loss:0.06702128730898871
they:0.003672911907510802
planetary:0.02219845583909475
atm:0.026240340835327114
good:0.00637799154078543
bodies:0.01879604803268032
one:0.0038713027865181987
in:0.004896684697879659
purely:0.01961924408724158
ought:0.019649882435438644
speed:0.013222303806636932
or:0.0026547695185160838
thoughts:0.016905607549707925
and:0.006764127422080922
still:0.008038224733187193
for:0.003842703105260716
subject:0.00010510612949613503
p:0.013252472596973819
doug:0.034028657359518
i:0.005260987994951828
similar:0.0124596782986878
any:0.004028690024759083
gravity:0.021308203164085507
physical:0.03359961653050958
the:0.0032642846889289695
composition:0.02403712907180183
would:0.003671849000410929
can:0.003403803119833517
planet:0.03725285522964165
tolerance:0.022503803218409217
effect:0.013647139585127583
did:0.006472090722216399
human:0.02524285331682343
just:0.004623577021519236
jonathan:0.0188208872814727
makes:0.010995975914377851
eg:0.019903971101334596
many:0.007296067037709029
is:0.004231064990404156
length:0.018199781800955543
atmosphere:0.042616406328171014
questions:0.011906206052147685
temperature:0.06117710206782243
does:0.014391600169340848
man:0.01140964306612283
life:0.010985745485388622
their:0.005959384325124858
hear:0.026091980820935494
mass:0.04974671599251575
nothing:0.010058488194885468
significant:0.016389479501984116
article:0.003190286930380319
neither:0.014735360041342398
earth:0.027720749311761803
three:0.011490110261702649
concern:0.0362729010999298
lesser:0.02319628615724254
range:0.031492566814879316
