report:0.061221422959270244
read:0.03656456551448261
know:0.019901211704166158
to:0.008891607484456972
remember:0.04488103284711664
corruption:0.1876693132834156
bet:0.06957534379047757
young:0.060549282694744945
death:0.05411961909736165
that:0.0055952358941044646
like:0.018784501024333437
nt:0.023034791991046404
australia:0.07482409218458447
re:0.006031298431905976
wan:0.08828471854925825
you:0.026893499487518797
taxes:0.07680154899252532
why:0.02870520290570978
want:0.03052577367277712
was:0.014281631195183638
begin:0.06730999160549216
not:0.009724354977031691
have:0.008245977631413756
expect:0.05574550134126432
greg:0.14126672895146525
be:0.009330020276410828
writes:0.010665522435767134
if:0.010808877738119504
even:0.027083216899452027
must:0.037378393991604794
bob:0.059419435710146774
in:0.00859740493037857
or:0.010875991253275569
and:0.0061580228143675786
subject:0.0004305960789035209
i:0.0030790114071837893
vnet.ibm.com:0.1765694370985165
we:0.021737804930870484
gregory:0.08618210858372206
the:0.0012157306612726661
do:0.02317154577117731
would:0.015042736227489936
na:0.07029521724242546
about:0.01588735774712696
n:0.05904863702910325
billion:0.0769020417304388
1:0.031589095031043686
too:0.03149222367523381
give:0.03811671405412914
