another:0.00939620902707025
above:0.011536678093765022
simply:0.012960353135099108
at:0.003732902595145894
there:0.0038888940066828283
know:0.005228284430755516
send:0.012429436952865351
case:0.010472928420791337
take:0.009007411569219083
where:0.007828206772176957
damage:0.01885369854308759
much:0.007403376565931912
times:0.011908797209716214
from:0.007174341139238776
suns:0.026184486255895707
several:0.011942590559607611
planets:0.07245719079825637
to:0.004087878864676193
important:0.03994537236830368
day:0.021553415557312477
appreciate:0.01626785311616311
make:0.00745796814978688
that:0.002939869707071837
like:0.0049349112860537
suppose:0.016331097396742243
atmospheric:0.02443035151955641
consider:0.01364561050242031
me:0.004591477459341291
re:0.0031689873116794113
had:0.013003461743068942
apr:0.015793255411177962
on:0.004296684959654999
you:0.002355080463596279
took:0.014302549476341861
am:0.006925154053819346
etc:0.029521067637180962
them:0.006211267675984071
temp:0.025131683885986807
3:0.019842931734217115
a:0.0023669561455023644
how:0.016720716066471922
factor:0.019173645799478035
nor:0.014637877105827979
pregnant:0.025770763927235044
as:0.003390314238207705
surface:0.0193431599291971
given:0.011812659149073226
question:0.009249941031131798
also:0.0125720095905048
are:0.008172602308490155
27:0.018720976207795042
insure:0.025304658439038737
it:0.0014527772446608982
not:0.0025547034261693426
should:0.01392213679858881
have:0.0021663161574053086
date:0.015160166058403911
altitude:0.025304658439038737
between:0.009842651890027141
suspect:0.016449555351261694
relate:0.02443035151955641
after:0.008174634269766742
sun:0.015374967390249327
be:0.002451107021768946
thinking:0.014760705651901082
writes:0.0056039185679454435
kill:0.015655220790692315
were:0.006573319057086013
making:0.02605599314298647
of:0.006591206290364022
uv:0.054045461862044966
what:0.015600713610112393
density:0.023705954069795226
humans:0.019111786479896878
conditions:0.019215392818304356
europeans:0.024085666606615937
gmt:0.017954653967055235
again:0.010346903127576348
order:0.011882698564120728
factors:0.021082906576548516
women:0.016014047431497563
aspects:0.04084084645487082
well:0.007130796229463325
loss:0.07213308040882684
they:0.011859147769166235
who:0.005479037602685798
planetary:0.023891558403093503
bodies:0.02022964491652882
one:0.004166571643117044
in:0.004517280556639589
purely:0.02111562711084475
or:0.002857251939419853
thoughts:0.01819501829502463
and:0.004853356963865973
for:0.0013785968767460763
subject:0.00022624539738998556
p:0.014263254405217585
doug:0.036624063429311744
animals:0.020799264700806532
plants:0.025673350714418525
i:0.004853356963865973
similar:0.013409992745197887
tue:0.024502785559214466
any:0.004335962992749184
gravity:0.022933405100329318
physical:0.03616229914724336
the:0.004471416160952009
when:0.005540993401880237
difficulty:0.022456803475639955
would:0.003951905280103288
can:0.007326830444387401
planet:0.040094174696309236
tolerance:0.024220194989304836
effect:0.014688023112806805
because:0.014955273719445033
lower:0.016826197512905157
human:0.027168155688445557
just:0.004976222726550364
jonathan:0.020256378684296892
makes:0.011834652043440568
eg:0.021422070592114352
people:0.0063782760172589725
radiation:0.023705954069795226
is:0.005692216671412371
atmosphere:0.06880021530098795
generations:0.02652365027146154
temperature:0.04389543481702514
does:0.015489264589036338
life:0.011823641327494534
1993:0.012837524589026005
mass:0.05354095704279238
nothing:0.010825661023308935
article:0.006867227799293229
earth:0.02983504375079448
three:0.012366474603696918
high:0.011853067057803056
concern:0.019519739151233405
john:0.011362196608397651
range:0.033894542249912486
s:0.0026289672917627896
