since:0.019615898268663542
ask:0.028574142983885956
say:0.01860338210066219
ah:0.04615001926932128
your:0.012352276688051594
gain:0.04495691206365933
turn:0.03354390328151485
mechanical:0.051855132460004824
both:0.02201670668929645
to:0.0013511756471478733
sound:0.03383513028557285
line:0.027684350478490084
cs.cmu.edu:0.050780993219695744
add:0.033688435455409005
then:0.015645885782115718
most:0.01820191631340233
think:0.014115176740476031
nt:0.007000770114925867
phase:0.05378815270422982
mainly:0.04718296550126076
re:0.0036660833605702994
prefer:0.04026007946119452
on:0.00497067475724794
you:0.005449009700085508
tell:0.023627696604141695
state:0.02605601359745702
amp:0.053297854463301764
vs:0.03349619553983669
access.digex.com:0.0438476703371899
how:0.012895715659109061
also:0.01454408952627026
course:0.047963760782353315
pat:0.039736668937488034
d:0.017861217866441525
have:0.010024521826424566
systems:0.02941585412041775
tom:0.03721302179877211
types:0.04016565894098901
electric:0.051254704761566405
which:0.01266561110311292
writes:0.006482964617819238
analog:0.05283091280654436
of:0.009531401253222483
distortion:0.1197143291026993
but:0.006522384531866767
advantage:0.04179775075034128
forgot:0.047055640054919474
oh:0.031663884158249736
they:0.04573135414253646
tubes:0.1782032579000815
up:0.013171180101493967
box:0.03106410794810399
in:0.005225873585132073
compare:0.04225206778228934
better:0.021923685012758855
and:0.007486223813544899
subject:0.0002617348714903755
i:0.0037431119067724496
any:0.01003222810087066
noise:0.04490598248643282
than:0.014025502766857462
the:0.007389735392049539
do:0.007042332538298987
would:0.00914362398141545
because:0.017301199008769745
lower:0.03893120208868252
just:0.011513613367312606
guitar:0.05962647340026932
solid:0.044172179635487405
type:0.031769730493448
notice:0.039587896407887686
article:0.00794444000310393
prb:0.04819457566042969
delay:0.054042814335634334
