there:0.018540989607619143
know:0.012463385107659616
traffic:0.04419232587258487
discussing:0.04915521878889352
with:0.0059073472402984585
high-speed:0.05594985160926125
aurora.alaska.edu:0.10863014714881716
into:0.0180889283129534
such:0.019424416196644433
zoo.toronto.edu:0.10230256382645463
to:0.002784240727456224
then:0.01612000353308892
us:0.02080683218368683
enough:0.02456715683775148
toronto:0.040576770657985685
nsmca:0.055289419697515274
re:0.0037771767957390967
sunos:0.05115128191322731
discuss:0.04517638762013505
on:0.010242602530086665
you:0.011228262412297412
henry:0.1848582724629376
missions:0.05431507357440858
why:0.01797699575913138
a:0.005642440912510688
vote:0.04600841789723736
want:0.019117151189011937
collision:0.05858635489582306
let:0.02328421962376591
dick:0.05098292784772012
it:0.0069263723179792324
dunn:0.05741633655718547
term:0.07874100593766582
utzoo:0.05541809672557012
between:0.023463291374206118
bother:0.04631924273225507
be:0.005843043001388599
writes:0.0066794180910864885
if:0.013538392318452714
of:0.005892138956537535
humans:0.04555941019450165
spencer:0.09405484033697532
rest:0.03299627104517989
in:0.001794744463580712
or:0.006811226845485711
and:0.00964134885077752
for:0.00657270430125402
subject:0.0005393324624650162
space:0.06176793449521421
i:0.0019282697701555045
we:0.013613574805191616
similar:0.031967255432996985
will:0.022895057472793627
later:0.03227688918139095
the:0.0022841000302698576
svr4:0.05990987269790795
effect:0.0350138732790142
newsgroup:0.15531975113431717
long:0.04808709586077949
is:0.0027138649180875143
discussion:0.03472597923727466
new:0.03482827403805146
time:0.015954646160643574
article:0.008185180609258597
u:0.03819841902619208
zoology:0.0556804753761081
