some:0.01563665457767885
since:0.008932239390195005
trash:0.0761279105244825
dallas:0.02466791200439608
confused:0.021573504948324895
at:0.0039328795198858525
there:0.004097227614183694
morally:0.025893076494136084
consideration:0.022387440469726478
pollution:0.05277923901604202
with:0.002610836503524765
way:0.007733807230118497
billboard:0.11228129180413605
into:0.007994660281171366
from:0.003779340421563284
work:0.009040502071385284
post:0.011529365198353483
to:0.0036916048931004393
justified:0.022607039774149566
add:0.015340269716302314
look:0.010585572876231743
respect:0.018247134772027326
make:0.007857502157811176
that:0.006194725454187085
like:0.015597844600562587
nt:0.0031878506773323147
mainly:0.02148510036218124
vandalizing:0.025893076494136084
orbiting:0.08084515061719705
had:0.006850037882509531
this:0.002343671599872406
laws:0.016570865683204875
md:0.022351868283792656
these:0.007395696308477422
on:0.009053729022130176
regular:0.018067154695337772
them:0.006544014158626075
m:0.006110779964803893
why:0.007945190089973242
more:0.005675977793842526
a:0.0043640753932699845
same:0.017340119201148325
practical:0.02142712181072226
beer:0.023804646857161528
baltimore:0.023339195918213273
giant:0.0253759701748275
let:0.020581586988864507
astronomers:0.028909841841672133
are:0.017220840578604252
no:0.005025650607957633
those:0.00828533774235518
d:0.008133233135611765
reason:0.011929517517895213
place:0.012140301863019756
not:0.008074687614856671
texas:0.01771504317709376
have:0.0022823688086948788
beauty:0.027256387429632427
machines:0.01761583274501916
complaints:0.023383617038093486
money:0.013840266815755044
university:0.010492589739279704
against:0.011532503536418957
whose:0.016708845761165037
doing:0.011967423683773728
digest:0.02630293162473038
abstract:0.024975915894962827
feel:0.013599449483241864
attempt:0.017217180344806227
be:0.010329665306026274
thrown:0.021913511024064025
writes:0.0029520642456141175
entities:0.026478024094164672
things:0.0099764550363404
if:0.002991742945372363
of:0.006944306627347808
prohibiting:0.027363965784896093
short:0.015459722614380658
wm:0.024161980373561244
what:0.008218233062469922
but:0.005940028770092949
spacecraft:0.022759679795347244
they:0.004164819752266713
find:0.00944842293604192
professional:0.02134154182809851
over:0.008955092645175704
in:0.005552490684202827
or:0.0030103190076030593
use:0.014846245783458464
complain:0.045442055459059535
for:0.004357350842572419
subject:0.00011918284326793882
space:0.040948831573836206
i:0.0017044527432624546
acceptable:0.020661449307643066
sciences:0.022721027729529768
research:0.013782729823824898
the:0.005383950071350378
sky:0.04161890046632989
do:0.006413552847379434
would:0.01665445796614957
can:0.0038596696090969344
because:0.007878224548636223
regards:0.018434676772373496
road:0.016118983865939778
put:0.011104729015833835
come:0.010719614618167
proposals:0.025972092463329835
mr:0.015075694992336667
an:0.008016947665729792
places:0.017030454831653278
just:0.005242806086901276
people:0.013439938750652834
many:0.016546437746232975
about:0.008794787324302424
is:0.0047977254801904266
levels:0.02047145102898773
orbit:0.02020080539587864
right:0.008660149972278123
somebody:0.016945215283369442
strictly:0.02342848460886805
center:0.014583173363717896
dale:0.021543841811187986
their:0.0067575161543826515
light:0.015590244133063808
stsci.edu:0.02656821475183217
activities:0.018867541539528843
little:0.010470262062046714
opinions:0.01274825962285733
earth:0.015716674833007805
side:0.014376625350764255
by:0.004421586941148063
grounds:0.022721027729529768
s:0.0027698048252500817
