sells:0.028377507553197717
read:0.012807926903378088
believe:0.012274982374747686
week:0.01947931527912759
at:0.004977203460194525
mark:0.05090888075071509
know:0.006971045907674021
technology:0.019026371106310412
your:0.00711826114226702
such:0.021729007948788685
name:0.015605833366272606
my:0.005368442154408482
to:0.003893217966358279
remember:0.015721039754357242
bet:0.024371024378585366
rd:0.029263623211350093
mc:0.03202662786794009
us:0.01163771969596043
nasa:0.024238083715250935
that:0.011759478828287349
think:0.008134169647053985
russia:0.028952551023875357
talking:0.0184163343523292
nt:0.004034342100126771
could:0.008526040425570945
me:0.006121969945788388
french:0.05648489622669426
re:0.002112658207786274
so:0.00577294122816339
this:0.005932004953349368
he:0.02695141029695314
you:0.0031401072847950387
went:0.018431984549356406
moment:0.023775767227976176
officer:0.028377507553197717
intelligent:0.02880321058846205
why:0.010054929831378567
more:0.007183158337970202
a:0.0023669561455023644
how:0.014862858725752817
air:0.021774796528989657
speaking:0.02381626716853331
other:0.007792700496225485
was:0.010005210554817916
usa:0.0205910829719137
houston:0.028423254503664494
question:0.012333254708175732
stuff:0.016516477698721027
popular:0.023898148565722952
ie:0.023636260942154867
dollar:0.03185541120412467
mind:0.017116699452034673
l:0.018672093665273237
internet:0.01613860984810512
deleted:0.019849601677956706
systems:0.016951509154139042
allen:0.025164003800590577
topic:0.02467026469259617
knew:0.04386548093669785
writes:0.003735945711963629
were:0.008764425409448018
if:0.0037861605636350807
department:0.0195936473598471
what:0.01040047574007493
years:0.012597601259776233
in:0.003011520371093059
sensitive:0.030188083232716205
system:0.012628374741483192
force:0.020192113665620178
and:0.007549666388235958
gets:0.018854894589789856
few:0.012913149722634387
subject:0.00015083026492665705
space:0.051822250127340735
i:0.008628190157983951
example:0.015883384992982513
sciences:0.02875429497974389
we:0.007614372348666497
leads:0.02564856211560428
mention:0.021325846408344198
ago:0.016164778109404768
yet:0.01485914543890488
images:0.024044360136275613
than:0.008082493119883962
the:0.003832642423673151
do:0.012174879981466045
dad:0.03257380202607522
would:0.0052692070401377175
can:0.004884553629591601
last:0.012317302554008463
an:0.010145741678663691
just:0.013269927270800971
people:0.008504368023011962
launched:0.03137085288911097
surveillance:0.10121863375615495
about:0.033390378993961745
company:0.019017672540290114
press:0.020267516162529187
govt:0.02757206650994986
general:0.01665779866151159
is:0.003035848891419931
time:0.008923785140698947
spot:0.10905809188036404
1:0.011065106734037902
wanted:0.017204293726249167
first:0.010607654403339216
guess:0.016927442163478267
engineering:0.02184604233459378
japan:0.029263623211350093
although:0.017851635348896937
article:0.004578151866195486
2400:0.031448781262739985
comes:0.017085742018336226
tx:0.026763587167347187
va:0.028198136376279184
