some:0.010064973061494432
correct:0.014104385518023486
sacred:0.024303481823836494
know:0.005318427265768542
all:0.012337084016977903
souls:0.024500936720523107
into:0.00771898234044132
from:0.029192146704488813
prevent:0.01734059255245117
name:0.01190617459409591
my:0.0040957511264237126
to:0.005346462258973051
hardly:0.018821710562885872
add:0.014811294898498787
then:0.0137575892222052
most:0.024007699965091008
us:0.008878777526659465
legal:0.016290151697557865
ai:0.020916671619578865
consent:0.022166465675554383
been:0.006324312013885514
derived:0.022708575103524354
that:0.004485835673721683
justice:0.018559336790959037
like:0.005019995963399453
nt:0.009233774375721187
interactive:0.023993251222004214
huh:0.02154704015544156
re:0.0016118125119748729
vandalizing:0.025000211787441735
anyone:0.007210839438109445
this:0.0022628553378078405
discuss:0.019277855062040387
something:0.008580436711911736
these:0.021422016893520808
recently:0.014264273985291764
on:0.0021853828674107323
you:0.007187055897526576
them:0.012636716995967594
bill:0.026685464445618253
m:0.005900063414293414
sure:0.01881072431171727
a:0.0030097071677724035
other:0.005945293050999615
vote:0.019632902464769387
want:0.00815774986082837
was:0.003816642819402524
said:0.009446141502859622
stuff:0.012600933416696646
international:0.034184177765012015
enforce:0.024239623695452267
computer:0.011554753901574635
are:0.0027711697482811445
no:0.009704704622263015
those:0.007999636440894655
it:0.002955650256379069
not:0.010395000147861464
comparable:0.02182748667848924
have:0.004407332871962525
made:0.010024049792750006
being:0.008387085904849776
only:0.005748001027022787
rights:0.11976549723078642
provides:0.01904375165965358
be:0.0024933674876615143
constitution:0.03900845179893807
which:0.011137002866530325
considered:0.014839840332811258
writes:0.002850268926799838
if:0.005777158791063873
of:0.004190529861330575
piece:0.01857634014566169
flow:0.022245556790503506
opinion:0.014264273985291764
but:0.002867600095906941
again:0.010525298009086284
using:0.009501812838986727
scripture:0.02068825554138701
court:0.05168096932064623
loss:0.07337675420897903
groups:0.015861144821062035
in:0.005361025488195834
our:0.028833302883367155
point:0.00948937914336233
u.s:0.03041157242240257
world:0.010867459865227056
and:0.0024685177661042446
gets:0.014384984234451743
for:0.001402365788414112
subject:0.000115073090051803
doug:0.03725551279878264
i:0.004114196276840408
we:0.005809240972905043
power:0.011645927931769577
any:0.00441072097538279
program:0.011968247553379633
the:0.004873403081825774
sky:0.060275648951236396
see:0.007626662764703345
quote:0.017392059967847366
can:0.011179732660832501
law:0.012960522091568819
did:0.01417164692623246
regards:0.017798998262981307
maybe:0.011413418458372087
countries:0.01817016934840688
come:0.010349972734781932
an:0.003870250597248865
documents:0.020916671619578865
just:0.005062019670111577
here:0.007760348731135328
people:0.006488246293418609
launched:0.02393379724729587
about:0.004245759397939102
is:0.0011580716676321719
right:0.008361524111165084
keep:0.02283978089763725
request:0.016811642359458326
stsci.edu:0.025652069415562095
wanted:0.01312568961011251
paper:0.016623484470847393
civilized:0.026019128934270316
dark:0.01987927493821744
legitimate:0.019720871739041832
article:0.003492814139295694
little:0.010109218542665794
going:0.009387136569179666
by:0.012807355277808182
manner:0.019654727042168297
seem:0.011895312736619559
s:0.005348588628069123
