some:0.01111939881079385
reference:0.017769681252468358
effective:0.019228406826688308
looks:0.01630050225892329
large:0.01425730533279798
there:0.00437037612179594
own:0.010792812550228549
your:0.005999677248482203
high-speed:0.026376358615794588
from:0.008062592899335006
zoo.toronto.edu:0.07234252727727862
313:0.029188230170555836
my:0.004524829815858578
look:0.011291277734647194
that:0.004955780363349669
mi:0.025391623314305632
quite:0.012648568486235245
higher:0.017675590062085203
like:0.01663770090726676
talking:0.01552233895410604
toronto:0.019129049024478966
asking:0.017073489593516164
re:0.0017806690608484312
sunos:0.024114175759092877
anyone:0.007966260712578053
phone:0.013987367267664615
something:0.009479339605540586
on:0.004828655478469428
you:0.005293323708654494
henry:0.10893433912994535
tell:0.011476309779154538
numbers:0.01679877333808904
used:0.009402207182556504
am:0.007782554079530313
chemistry:0.02549744777518521
m:0.00651816529579082
more:0.006054376313432029
a:0.004655013752821317
collision:0.02761928159374516
as:0.0076201348592097
truth:0.017119321561964784
said:0.010435737279349678
objects:0.02233242289534883
surface:0.021738027349002455
ice:0.02227768775522628
experiments:0.02664097695462702
stars:0.023729942848377913
ee:0.028339429068620983
are:0.0030614827695296457
those:0.008837693591845525
sensing:0.030837164631116947
kurt:0.05687523230107754
dick:0.02403480884249663
d:0.008675448677985883
it:0.0032652898070473523
not:0.008613000122513783
thermal:0.02684956087204794
dunn:0.027067701519816006
have:0.004869053458549075
utzoo:0.026125674170625914
university:0.011192095721898351
between:0.011061265933554313
against:0.012301337105513557
absolute:0.022117158910739083
always:0.012652171895231941
after:0.009186731846023578
sun:0.017278534781423056
writes:0.003148868528655059
were:0.007387158559391901
dept:0.019539559477818092
things:0.021283104077526187
of:0.00833316795281737
helped:0.02241572364509891
seen:0.012345070907725492
what:0.013149172899951874
but:0.006336030688099146
dr:0.018661164786221436
years:0.010617978204668541
spencer:0.04434013901600265
they:0.008884948804835655
up:0.006397430335011356
net:0.01578639278523087
michigan:0.02453215485853281
in:0.002538281455635578
or:0.003211006941443264
total:0.017433407122878105
nearby:0.025339580121295207
and:0.0027271243892199276
few:0.021767880961012256
for:0.0015492802995813047
subject:0.00012712836615246808
space:0.014559584559586208
i:0.007272331704586474
ago:0.013624598692212593
source:0.014853656960475355
background:0.04216190476492013
than:0.013624774116375821
warm:0.025186778623430918
the:0.005383950071350378
sky:0.11098373457687971
see:0.016851292965820726
svr4:0.02824322570044232
would:0.00444118879097322
can:0.004116980916370064
once:0.012776339023451936
myself:0.015870676485704206
just:0.011184652985389391
note:0.014103281423230942
people:0.007167967333681512
radiation:0.02664097695462702
about:0.00469055323962796
is:0.0038381803841523415
night:0.015942070698019166
figure:0.017583322067022636
temperature:0.12332526924783252
does:0.005802327687321549
run:0.012746830611368548
light:0.01662959374193473
dark:0.021961865646030698
article:0.003858728001507624
u:0.018007826112347695
remote:0.021455058680093883
microwave:0.05648645140088464
earth:0.01676445315520833
ann:0.026921169811879083
substantially:0.028851956040965583
s:0.005908916960533508
zoology:0.026249366963022394
