reference:0.02805739145126582
effective:0.030360642357928902
large:0.02251153473599681
there:0.006900593876519905
own:0.017041282974045075
your:0.009473174602866636
high-speed:0.04164688202493882
from:0.006365204920527636
zoo.toronto.edu:0.07615002871292487
my:0.007144468130303017
look:0.017828333265232407
that:0.005216610908789125
higher:0.027908826413818737
like:0.017513369376070273
talking:0.024508956243325324
toronto:0.03020376161759836
sunos:0.03807501435646243
anyone:0.012578306388281136
something:0.014967378324537765
on:0.0038120964303706008
you:0.00417893976999039
henry:0.13760127047993095
numbers:0.02652437895487743
am:0.012288243283468914
m:0.010291839940722346
more:0.009559541547524255
a:0.004200012408560587
collision:0.04360939199012393
as:0.006015895941481341
objects:0.035261720361077095
stars:0.03746833081322828
are:0.004833920162415229
those:0.01395425303975609
dick:0.03794969817236309
d:0.013698076859977709
not:0.009066315918435562
thermal:0.04239404348218095
dunn:0.04273847608392
have:0.007687979145077486
utzoo:0.04125106447993565
between:0.01746515673719102
against:0.019423163850810877
after:0.014505366072668805
sun:0.027281897023299556
things:0.03360490117504135
of:0.008771755739807758
seen:0.019492217222724456
what:0.013841234631528289
but:0.005002129490604588
spencer:0.07001074581474102
up:0.010101205792123192
net:0.02492588334510137
in:0.0026718752164585032
or:0.005070010960173573
total:0.02752643229928121
nearby:0.04000986334941348
and:0.0043059858777156745
few:0.017185169179746513
subject:0.00020072899918810748
space:0.02298881772566243
i:0.007176643129526125
background:0.033285714288094834
than:0.021512801236382873
warm:0.03976859782646987
the:0.00623404745103728
sky:0.10514248538862288
see:0.013303652341437414
svr4:0.044594566895435235
would:0.00701240335416824
can:0.006500496183742205
once:0.020173166879134632
myself:0.025058962872164532
just:0.017659978397983247
note:0.02226833908931201
radiation:0.04206470045467424
about:0.00740613669414941
is:0.006060284817082644
night:0.025171690575819732
figure:0.027763140105825212
temperature:0.19472410933868292
does:0.00916157003261297
light:0.026257253276739046
dark:0.03467662996741689
u:0.028433409651075305
microwave:0.044594566895435235
substantially:0.04555572006468249
zoology:0.04144636888898272
