au:0.02226549092238086
at:0.017206347899500606
out:0.004602254293283046
there:0.007170148324821464
pioneer:0.02403992557971522
know:0.0048198247096027415
anyway:0.011908257115798961
gap.caltech.edu:0.02062012582442655
venus:0.02403992557971522
where:0.007216628118100632
own:0.008853479045109356
your:0.004921610242895557
with:0.0045689638811683385
from:0.0033069228688678734
to:0.002691795234552404
physics:0.017912519650364264
indicates:0.019202526239702453
t:0.020127133242190953
been:0.005731407762583747
that:0.0054203847724137
sources:0.030071398243863
cco.caltech.edu:0.017581117775610243
like:0.004549371341830755
nt:0.008368108027997326
could:0.005894957637992412
re:0.0029214101779544573
so:0.003991447646034844
had:0.0059937831471958405
gamma:0.06539555303296544
laws:0.014499507472804266
something:0.007776020770170011
oort:0.10550090545566745
principle:0.01949636772891178
on:0.0019805032235909762
distribution:0.01736303789454406
detect:0.02001797473135132
you:0.0021710898023778197
tell:0.009414160365712706
disclaimer:0.014664279402633542
them:0.011452024777595632
cloud:0.0673682325035031
holes:0.03744722183805856
access.digex.com:0.0174705561499741
m:0.005346932469203407
why:0.013904082657453175
ray:0.050833228905335974
a:0.0027275471207937403
closest:0.022025030402851822
wondering:0.014058333991630066
was:0.006917665110167075
as:0.009376337815043184
part:0.019134547753228728
standard:0.011890798986180612
given:0.01088979515305188
evidence:0.012569172009816706
far:0.01944826618844845
others:0.010532532121360922
pat:0.01583257902978039
are:0.017579608090658512
no:0.004397444281962929
model:0.014292779342123241
it:0.006696395112108827
plausible:0.022203973902974065
have:0.003994145415216038
try:0.009517147157591378
palmer:0.0442868213486359
keith:0.015392449488748699
comets:0.02603533817255112
has:0.00415927528861934
absolutely:0.015634604473232946
edge:0.03682188818435906
be:0.004519228571386495
writes:0.007749168644737059
if:0.005235550154401635
of:0.005316734761563166
gives:0.014205173733578536
what:0.010786430894491772
conventional:0.020829066000016338
but:0.00519752517383133
detectors:0.04348776783988264
least:0.018809862364894393
fairly:0.015328931829093305
they:0.02186530369940024
universe:0.017310368557289034
david:0.01950347843237886
good:0.012656326963746087
in:0.0027762453421014137
system:0.008731337223603614
or:0.005268058263305354
and:0.0007456980751773239
few:0.008928232425415182
for:0.003812681987250867
subject:0.00010428498785944647
mechanism:0.056322044532508636
i:0.002237094225531972
away:0.010816342134076838
detector:0.020661029339533173
power:0.01055412218816618
solar:0.019230935455831672
any:0.0039972158839406535
gravity:0.02114173282686609
quantum:0.020233051985972524
observatory:0.02324718790785315
the:0.004710956312431581
do:0.0028059293707285026
enormous:0.022795965692533445
see:0.006911663130512407
benefit:0.017694900091715805
got:0.00864122586574443
would:0.010929488040285658
can:0.003377210907959818
proposed:0.0172412295842445
bursters:0.0464943758157063
problem:0.008263926922053064
just:0.009174910652077234
many:0.007239066513976928
is:0.005247512243958279
either:0.01955908364932311
orbit:0.017675704721393813
new:0.006734373300326355
does:0.004759721931005958
involve:0.01928838134407267
orbiter:0.024451490094003606
too:0.00762702292134569
count:0.016653791314589102
article:0.006330725627473445
very:0.020428622950587273
prb:0.019202526239702453
bursts:0.07549105102568997
earth:0.041256271436645495
origin:0.01892925050295671
before:0.008305446356338455
close:0.013573879750666174
by:0.011606665720513665
black:0.013787313891577882
four:0.013703305277433492
ranges:0.02424029001091659
s:0.004847158444187643
