out:0.0280518356923919
there:0.0218518806089797
know:0.029377979182340516
thanks:0.04746158678371817
your:0.02999838624241101
with:0.013924461352132078
from:0.020156482248337514
scheduled:0.12180268056687361
to:0.0032814265716448352
then:0.03799715118513817
been:0.03493429493384379
sometime:0.12400884319741422
anyone:0.03983130356289027
this:0.012499581865986166
set:0.06308129962204574
you:0.013233309271636235
concerns:0.1195909246884761
official:0.09657626240843631
comet:0.434421449059105
date:0.17037138998968204
robert:0.07608123878470723
has:0.025351773187775022
familiar:0.10968234380216865
june:0.10943038881810825
be:0.013772887074701697
if:0.03191192475063854
island:0.12222786193354043
launch:0.2193646876043373
in:0.004230469092725964
subject:0.0006356418307623404
program:0.06611031981866845
the:0.0017946500237834594
hello:0.09212597120599456
an:0.021378527108612776
launched:0.1322057371755391
is:0.006396967306920569
does:0.029011638436607742
