above:0.01215471442021672
since:0.008932239390195005
ask:0.013011440108733782
at:0.007865759039771705
out:0.005259719192323481
radar:0.022759679795347244
pass:0.018121764375854
ah:0.021014740917280228
thanks:0.008899047521947156
i.e:0.015422049093640191
much:0.007799986024821122
meaning:0.01761583274501916
previous:0.015505354552200026
navy:0.02566408857276309
suggests:0.022010917485647236
my:0.008484055904734833
to:0.00553740733965066
observers:0.026754253575048993
look:0.010585572876231743
most:0.008288372606995704
track:0.04062317480175483
us:0.00919587672404016
speak:0.0160063964939214
make:0.007857502157811176
that:0.0030973627270935427
really:0.008711588139245205
satellites:0.10150388069931
nt:0.009563552031996944
so:0.00456165445261125
this:0.002343671599872406
programs:0.01577313448345766
directory:0.01881910396799284
on:0.002263432255532544
detect:0.022877685407258652
books:0.016297937111813217
material:0.018851337217874475
optical:0.02630293162473038
them:0.006544014158626075
apparently:0.016913665429694923
posted:0.01523830769857989
why:0.007945190089973242
amateur:0.021202456257652994
a:0.0012468786837914242
how:0.005872156237630019
other:0.0061576249456781725
same:0.008670059600574162
was:0.011858854474572128
as:0.01071581464576364
objects:0.04187329292877905
question:0.019490947172742003
also:0.006622755052140921
answered:0.021694168664342397
official:0.018108049201581808
files:0.014773712341909325
are:0.005740280192868085
it:0.004591813791160339
not:0.0026915625382855574
have:0.006847106426084636
systems:0.013394719286975939
orbital:0.024056933510122877
allen:0.019884056574573802
operated:0.02621789504003978
details:0.017030454831653278
determine:0.019475274460620723
sets:0.021229928871824323
degree:0.019783278351187466
uses:0.015245513972484092
addressed:0.024005322695832363
be:0.0025824163265065684
which:0.028836882422266022
of:0.0026041149852554283
leo:0.02566408857276309
available:0.012058320659884955
what:0.008218233062469922
but:0.0029700143850464743
oh:0.014418375822060148
km:0.04982518326321176
well:0.007512803170327432
they:0.01665927900906685
who:0.011545114948516502
clear:0.014722101527618808
email:0.012249547584678307
in:0.004759277729316709
yes:0.01190556192189236
or:0.0030103190076030593
rather:0.011488766307646711
pcs:0.02478857572041358
use:0.014846245783458464
1500:0.025040151330016844
message:0.028993927576426083
and:0.0059655846014185915
for:0.008714701685144838
subject:0.00011918284326793882
space:0.06824805262306034
i:0.005113358229787364
elements:0.021881508838891645
overhead:0.02621789504003978
unfortunately:0.016437022682258735
than:0.006386612867051165
the:0.004710956312431581
do:0.02244743496582802
thing:0.010106841228236412
see:0.007899043577728464
around:0.010567832290864445
meant:0.054531151063272554
did:0.007338888586798952
countries:0.07527641587197136
may:0.008308149676070672
engage:0.025893076494136084
here:0.008037504042961588
people:0.006719969375326417
surveillance:0.13330132570565048
replies:0.020008072485766106
about:0.004397393662151212
fee:0.022459446639056316
keep:0.011827743679133576
does:0.005439682206863952
japan:0.0231234879839686
satellite:0.06554920328762764
element:0.023755856363714252
earth:0.015716674833007805
understand:0.013375702066677023
by:0.013264760823444188
va:0.022281563118756318
