above:0.014637935645852395
some:0.006277079973835238
at:0.009472742069402485
say:0.010201854700363137
bright:0.05653906369731679
there:0.004934295621382513
know:0.006633737234722053
tel:0.04371449547632664
all:0.0051293969389585555
sub:0.032106985976414745
pass:0.021824060323609118
watch:0.020667547529969625
with:0.0031442332085459537
times:0.03022017356444115
from:0.013654391200486702
name:0.014850712396936834
to:0.003704836451857072
add:0.018474303314256552
front:0.018908338329924376
us:0.02214920845360211
that:0.001865078631368155
quite:0.014280641839297859
its:0.011117336322764357
peak:0.032106985976414745
so:0.005493605362284517
uk:0.04646924177052459
largest:0.028848191333563585
carries:0.029034672828122134
best:0.01309234451592169
two:0.01002574963792103
on:0.0027258538991359674
you:0.0029881666097243114
8:0.015873609045020786
3:0.012588526584073225
seconds:0.024882605617806707
ireland:0.06644665329453105
magazine:0.04540537136348261
board:0.019307508168576046
a:0.0022524260094296694
other:0.007415634343182317
below:0.019956311360418776
as:0.012905067100274491
accepted:0.02264456247687993
surface:0.02454293410371245
local:0.016432169096322325
accuracy:0.026016957508470828
also:0.007975791030535305
international:0.021319164627641905
are:0.0034565128043076644
27:0.023753496693761453
jupiter:0.03188751288759617
telephone:0.04814112244622776
it:0.00552992628612858
only:0.007169549668114445
date:0.019235479514964102
per:0.03803037758680664
between:0.012488526054012935
passes:0.024882605617806707
10.00:0.03412146688739007
public:0.015934110742261257
be:0.006220013517607219
which:0.006945657701707086
if:0.003602959246039835
of:0.0031361384768667524
ryan:0.02389751452152301
available:0.014521848536635646
but:0.003576791517475324
year:0.013305165140912107
ut:0.032106985976414745
mag:0.029566102046598652
russian:0.025030723638066014
please:0.010297932026372338
visible:0.025501257928477607
up:0.007222905216948305
one:0.005286617783739906
in:0.003821068857946032
star:0.02468186545416346
or:0.007250660835517047
astronomy:0.07952331478685452
world:0.013555111229745575
better:0.012022665974738727
message:0.017458709078278074
and:0.0030790114071837893
few:0.024576639794691255
for:0.0017491874350111507
subject:0.00014353202630117365
each:0.013688222566454921
station:0.02223650611705461
cause:0.016954307168505735
space:0.049314721895372636
costs:0.022130390617923847
6:0.01579757866967309
pounds:0.029566102046598652
appreciated:0.01819764580202281
possible:0.013854686144970872
20:0.01690770079787968
any:0.005501544442412943
will:0.012186078977454672
than:0.007691404743115383
cost:0.017854879593284308
the:0.0024314613225453322
sky:0.025060843291553486
see:0.01902565334850727
when:0.0070305077572243874
start:0.015148183268185553
would:0.005014245409163312
can:0.0046482042604178144
planet:0.025436089323465
reports:0.021259260452624475
may:0.010005513588386188
7:0.017158755531888743
oclock:0.0346338872089187
note:0.015923059671389773
address:0.017165706203944146
about:0.005295785915708987
moon:0.07413026339291205
general:0.015851776145631997
is:0.0014444764886594834
number:0.013453036819342786
night:0.017999112078408736
new:0.009268814864965306
time:0.016983978171007674
9:0.01914426696572595
evening:0.08565324047367381
issues:0.020458223024725244
unless:0.016548717342690814
1:0.01052969834368123
every:0.013076067349125788
e-mail:0.014783310627162724
prediction:0.0305603081675342
april:0.01829114979509738
give:0.025411142702752763
somewhere:0.02085764010162681
weekly:0.03047695232594299
s:0.010007036788000296
