since:0.009954336434844186
large:0.014895692138744157
at:0.004382910509723537
out:0.005861577607365472
your:0.012536639026679229
much:0.008692521739104135
high-speed:0.02755738959859136
zoo.toronto.edu:0.050387829944373165
to:0.0020570136717773593
line:0.014048774869681535
recall:0.01945699111976628
look:0.011796857334706022
martin:0.023107479458981128
us:0.010248141224800975
that:0.0051776809766339825
think:0.007162925510092314
memory:0.016824040926205548
talking:0.032434738113057394
toronto:0.01998557360766459
re:0.007441602045336727
justify:0.023690030037495372
sunos:0.025193914972186583
error:0.018733622682447753
this:0.00261185292722099
telling:0.02136330506281499
something:0.009903787647579715
on:0.0050448639327292525
you:0.022121352812287436
henry:0.09104959688473044
products:0.020149685542969597
market:0.01945699111976628
guarantee:0.024566296637226884
more:0.0063254677901528646
sure:0.010855940398802007
a:0.003473890860314416
how:0.006544094513577733
other:0.006862228795183636
want:0.018831820574250563
price:0.015572856725591855
collision:0.028855965844211358
as:0.011942002391298782
launcher:0.030873205188033073
nine:0.02511099431305618
cheap:0.036977425058774605
are:0.003198564087568286
dick:0.02511099431305618
d:0.009063901603865847
investment:0.027046672414212835
it:0.005117245219999581
not:0.008998656844417386
dunn:0.028279688155031645
ve:0.00908026715934047
utzoo:0.02729548047677334
buy:0.014959408583303312
money:0.015423978938950896
per:0.0175961448535971
between:0.011556546497743311
allen:0.022159346630370808
develop:0.022415732949351817
has:0.005297385442221646
uses:0.016990025521574314
list:0.014485714412545172
which:0.0064273250374005855
writes:0.0032898626418784195
get:0.013078348012846987
if:0.016670408451826102
of:0.0038694643893679333
what:0.004579313945256872
but:0.00661973355473045
fairly:0.019523415662924808
order:0.01395182517976364
launch:0.04583739740986153
spencer:0.04632551837492814
they:0.004641391166705192
in:0.0017679572327809997
system:0.011120509100709079
yes:0.013267889903004423
or:0.003354783371657141
rather:0.01280340125827295
use:0.008272534963917154
better:0.02225090419205376
and:0.0028492344364984316
still:0.020315513256015393
subject:0.0001328206810548174
costs:0.02047886893001908
i:0.0028492344364984316
we:0.02011558068229806
improved:0.025585174312082667
will:0.005638335049270071
than:0.014234838629049364
cost:0.016522425892292938
the:0.002625010482548941
do:0.0035737209895845604
svr4:0.029507847746730778
got:0.011005740406122259
would:0.004640047990569035
can:0.012903970036383782
mm:0.08555561997533913
return:0.018360038347347903
gd:0.0671846562105743
bought:0.036448594516104084
an:0.008934309836435192
just:0.005842729171472069
belongs:0.02729548047677334
about:0.0049005780115516
e:0.0154770631644469
entire:0.018554319515864684
is:0.004010039207323342
billion:0.023721027797448783
aerospace:0.03074397391239496
new:0.008577112263102224
production:0.023878981520406895
privately:0.029922681622049443
prize:0.059015695493461556
does:0.006062133404664305
their:0.007530764271550815
unless:0.030627476873039714
volume:0.022024875623465737
article:0.004031506867246771
titan:0.03128234995538119
u:0.018814146684542368
side:0.016021711833687526
magnitude:0.028855965844211358
iv:0.026262448811209933
project:0.03832473487973185
especially:0.015548734863170852
buying:0.019956308085758788
s:0.00308674766595034
zoology:0.027424711752411454
