contributions:0.1019817072349777
your:0.022907858585113863
from:0.04617666842346412
work:0.03681949934527825
my:0.017276622933278203
to:0.0025058166547106014
1988:0.08309274261740521
nt:0.025966492789906852
rob:0.08001241258180435
re:0.006798918232330373
so:0.018578374497907637
regular:0.07358259366828475
society:0.06756784033466996
missions:0.09776713243393544
m:0.024887540220292218
a:0.002539098410629809
college:0.07490027819215732
term:0.07086690534389924
university:0.04273345639270279
robert:0.11619680105300739
alive:0.08009129261086977
stick:0.07684235099735384
of:0.0035352833739225207
kept:0.07261410222862134
park:0.08165895034627212
1976:0.10610485849615567
in:0.0032305400344452813
few:0.04155686365284157
for:0.0059154338711286175
subject:0.00048539921621851447
space:0.055591141045692787
until:0.05202119500662989
madison:0.23190416362622931
will:0.02060555172551426
program:0.050484244225165
the:0.002740920036323829
do:0.02612065159659988
jr:0.1699133239084684
wam.umd.edu:0.2009313559630808
forget:0.06980387882571806
human:0.058288043113392286
just:0.02135251933574338
long:0.04327838627470154
e-mail:0.04999446866640484
maryland:0.210910877624963
