read:0.019211890355067134
resident:0.049769563465838225
returned:0.0402487305230023
send:0.024858873905730702
where:0.015656413544353914
with:0.004956164210080909
physicist:0.05892142919173617
mathematics:0.04509586292772875
someone:0.01867337385307644
from:0.007174341139238776
to:0.0011679653899074837
dod:0.02963952577705455
retired:0.04993098884694581
everyone:0.025911125063670368
eugene:0.26643018394201773
software:0.023862592275264886
mail:0.025968775464710644
nasa:0.0363571255728764
that:0.002939869707071837
me:0.009182954918682582
re:0.0031689873116794113
funded:0.04753384659257435
this:0.004449003715012025
mellon:0.051945155388277334
you:0.004710160927192558
american:0.02734775607956115
tell:0.020423941132393666
fall:0.033053398537240104
ages:0.04717317189410998
3:0.019842931734217115
bill:0.0262331684380654
passing:0.04141757071965909
a:0.0023669561455023644
how:0.011147144044314612
other:0.011689050744338228
uunet:0.03200840942726513
part:0.04151223919344538
standard:0.025796987631035904
it:0.00871666346796539
not:0.005109406852338685
plausible:0.04817133321323187
ames:0.08716305146997655
term:0.03303118469419032
university:0.01991813645422588
second:0.02330250658179887
higgins:0.10473794502358283
familiar:0.03903947830246681
be:0.004902214043537892
hackers:0.04817133321323187
g:0.029957643737385613
writes:0.0056039185679454435
of:0.006591206290364022
institute:0.03298693093163819
but:0.011275986817803564
seems:0.019970229571026087
ed:0.03362855653956782
who:0.010958075205371596
programmer:0.04320481588269308
email:0.023253378465830008
in:0.003011520371093059
5:0.044048692998604796
message:0.05503932014508003
and:0.004853356963865973
for:0.005514387506984305
subject:0.00022624539738998556
favorite:0.04095309413919302
research:0.026163826106243876
will:0.009604282583926139
the:0.0025550949491154338
rock:0.04129904324529689
level:0.05967008750158896
vol:0.04596830334512233
can:0.014653660888774803
home:0.024825110608994477
reasoning:0.04062071521416522
come:0.020349098936181427
an:0.007609306258997769
just:0.009952445453100728
about:0.008347594748490436
press:0.030401274243793783
n:0.031025555049189843
is:0.0022768866685649483
days:0.02523942902161163
center:0.02768331214807465
ignorant:0.0423636721700207
thru:0.04373702691014249
1:0.01659766010105685
beam:0.04753384659257435
ref:0.04900557111842893
engineering:0.03276906350189067
article:0.006867227799293229
comes:0.025628613027504337
s:0.005257934583525579
