some:0.006112758508551593
reference:0.01953734587967725
effective:0.021141180280652063
ideas:0.01883242741905482
k:0.01983592176047991
theories:0.0272183743632443
where:0.009672548681852156
own:0.011866443118052333
your:0.006596503781053731
with:0.0030619234386887297
into:0.009375936664829249
from:0.004432315468220815
zoo.toronto.edu:0.026512968112091643
my:0.0049749437765984365
to:0.002164710722655755
otherwise:0.018604109066031604
look:0.012414493844376496
us:0.010784693121387414
been:0.007681886844091305
that:0.00544876375027974
think:0.00753794778810762
13:0.0206164322223375
higher:0.019433894832659122
like:0.012195173439881395
re:0.0019578036794668614
anyone:0.008758715966708856
quantities:0.030747688423921
this:0.008245797461331188
he:0.008325304751414844
internal:0.02074642626241012
something:0.010422310561065564
on:0.005308992934442826
you:0.005819884705850491
henry:0.04790829574301262
numbers:0.018469855502610988
mainstream:0.0299265236517065
well.sf.ca.us:0.061107510128676046
3:0.024517968006676646
a:0.0021934619777692066
how:0.006886717262979709
same:0.010168028013238808
was:0.004635922168070082
as:0.008378158745727941
accuracy:0.05067177064477041
washington:0.020100593379133478
stars:0.05218102615873677
van:0.04801680660202358
those:0.009716835886322306
book:0.016281144034993054
d:0.009538451426057777
it:0.005385163817905318
not:0.00946979071061725
have:0.010706819123511055
founded:0.028724563224248385
tom:0.059618767907980444
edition:0.02551459216201588
nh:0.031842409878677855
allen:0.04663904369324118
references:0.021619725638804523
1986:0.026691980492972688
be:0.006057185938612266
constitution:0.0236909969040671
writes:0.003462106759254253
things:0.011700135749425392
of:0.011198148906927356
gives:0.019039395161236154
seen:0.013573114610588235
but:0.003483158231677541
spencer:0.024375469092566902
they:0.004884395939831119
find:0.011080872972111992
up:0.007033823928546517
net:0.01735676693664127
degrees:0.052938310573183114
in:0.00465130109671441
pp:0.02597014910960556
and:0.0009994696714418583
few:0.011966636130399406
subject:0.00013977464341370836
space:0.03201584039280737
i:0.0029984090143255746
research:0.032328078330228036
source:0.01633124587277395
than:0.007490059069211839
the:0.005524891172694629
sky:0.048809600546899985
see:0.009263799797964274
can:0.0090530470412326
specific:0.019189299939635772
because:0.009239383763845622
once:0.014047283743062336
measurement:0.03137671623461243
conflict:0.02473877795866114
may:0.019487178297799276
myself:0.01744943487957007
just:0.0061486312223344814
people:0.007881011204571296
radiation:0.029291126494616095
about:0.005157152776554302
press:0.018781939061610818
is:0.007033314840069736
night:0.017527931133947773
figure:0.019332448345941118
dc:0.02344044181936744
temperature:0.21694916475011378
does:0.006379522588154583
light:0.01828384652254604
first:0.009830129996811734
ch:0.0319656062001972
dark:0.024146553851656788
lots:0.019103115243017596
supported:0.02288392528193486
substantially:0.03172204590891504
3rd:0.023108663735950746
s:0.006496714982785532
