some:0.01629121221116308
large:0.013925740092500352
at:0.01229253505750369
out:0.005479893484095162
folks:0.01722425976881292
bright:0.02445643220395563
know:0.00573895407282931
all:0.00443752479370368
means:0.013184163815994198
where:0.008592822317366333
super:0.023399609521621467
4:0.011554741879900833
physicist:0.03233827276569706
someone:0.010248642393781487
to:0.004487160056109682
everyone:0.014220989569828387
hole:0.021706747302080016
physics:0.04265679098133257
slightly:0.02013800770398163
then:0.007422699301282806
enough:0.011312318729941376
that:0.006454039542967011
nuclear:0.02269886405702849
bit:0.012674810223514882
like:0.027084629383922632
smooth:0.05115623237830092
nt:0.006642591178813381
re:0.001739258152456607
started:0.015252301748785606
so:0.004752607429697303
this:0.004883557566245758
off:0.010155616037006281
gamma:0.025955444304556825
something:0.0185177796945444
big:0.012910607227290963
oort:0.03140492069378008
scattered:0.02850943412007779
on:0.00471636116501665
distribution:0.04134825768375144
am:0.015203128899547587
cloud:0.026738399257204334
seeing:0.03728641549263653
3:0.010890539277384276
access.digex.com:0.020802150578573812
ray:0.020175669146924046
a:0.003897220816315521
other:0.006415385989915864
wondering:0.01673922559003394
as:0.007442922420623427
said:0.010193045714713639
given:0.012966453763633866
pat:0.018851815030808277
are:0.011961141983278615
no:0.00523602667991865
phenomena:0.11230582163257141
einstein:0.026156245103929887
it:0.004784029252185656
not:0.005608465196055487
elses:0.031000216614758543
have:0.007133729485781203
being:0.009050250836861154
interesting:0.015200114241494941
area:0.014923102533299289
energy:0.021328395490666285
date:0.016640926464108478
real:0.01189578536743371
arguing:0.02375303234477459
struck:0.025342563943481833
shows:0.01797309133776703
edge:0.021921868314409114
be:0.0026905174750580063
thinking:0.01620244899464491
down:0.010997049195130967
if:0.0031169786965739967
of:0.0018087496331696618
opinion:0.015392146812035764
looking:0.012064583001891368
what:0.004281126060449447
but:0.003094340568606559
well:0.015654585210728787
they:0.008678322088444127
planetary:0.02622515247967473
universe:0.02061141558449299
in:0.0033056688724556367
measurements:0.02758640649810645
our:0.010371048478978575
5:0.012087780869384572
or:0.012545329445638796
debate:0.021115327881218407
watching:0.01981211206390388
and:0.0008879009639320694
for:0.001513250525172437
known:0.015148505803099338
subject:0.00024834378504203067
create:0.017687654377877296
meanwhile:0.02589039201630222
i:0.0035516038557282777
we:0.025074305222585486
solar:0.02289823012415306
any:0.0047594756571572435
source:0.014508223077673603
the:0.0035058279534374557
got:0.010289087542467787
effect:0.01612266723080189
because:0.008208010692532623
extra:0.018068259113912796
bursters:0.02768037257865305
needs:0.015578356105438822
mad:0.02445643220395563
an:0.008352540823830109
problem:0.01967967713530776
just:0.005462272388213423
people:0.007001270418944732
current:0.014708119645259619
is:0.006248200625364277
discussion:0.015990102067396237
either:0.011644477707503991
methods:0.020695222586831027
new:0.01603720525473067
2:0.009062370009746088
1:0.009109413450812598
string:0.024650258698841996
almost:0.01405578107099799
prb:0.022864403336575943
little:0.021817104203706642
random:0.020759083948746853
bursts:0.08988701889570526
close:0.016162387051956002
by:0.004606676627056586
data:0.027296238355402905
black:0.016416522587181105
seem:0.025671744696704538
motion:0.023794012017714847
s:0.005771500287032728
