since:0.010699580873816478
obvious:0.020570311839048193
looks:0.018305376868309575
content:0.02533237929743557
large:0.016010877646457623
at:0.014133128542049697
contributions:0.029994619774993438
there:0.004907909013781537
much:0.009343298767700167
high-speed:0.029620509675491243
frequencies:0.06456083329145147
from:0.013581373065724744
zoo.toronto.edu:0.0541601808492995
to:0.0007370048984442945
remember:0.01488034244129001
design:0.020123888809761726
look:0.025360089029688882
enough:0.013006141855280193
been:0.007846205279259033
sources:0.020583630883499807
quite:0.014204274770638509
indeed:0.0197232209010942
bit:0.014572642770351335
higher:0.01984959311784969
like:0.012456032764798643
nt:0.00763720376173731
toronto:0.021481819760110064
its:0.011057885326385936
re:0.001999681833038345
sunos:0.02708009042464975
so:0.005464227793502246
quantities:0.03140539298913856
carefully:0.024867077816207606
something:0.010645247685366432
you:0.00891656132741265
henry:0.0978661442450846
communications:0.045123881244210635
vs:0.018270652112638192
m:0.007319864770674182
why:0.009517233048951905
a:0.0059743492014819035
collision:0.031016305533082794
local:0.016344296534309903
julie:0.03689123755804594
are:0.003438028778616179
no:0.006020030674772779
dick:0.02699096180173418
thermal:0.03015191327877041
dunn:0.030396884059686418
morgan:0.031110955677999375
have:0.0027339604981157905
area:0.01715757777892699
energy:0.02452195203472327
gordon:0.02399205415962043
utzoo:0.029338992384125354
between:0.012421742492226768
bb:0.03015191327877041
allen:0.023818335148152577
has:0.011387962287556695
graph:0.032778226394741844
sun:0.019403702160956368
be:0.0030933757066174935
found:0.014302248691213888
g:0.018903753802200544
writes:0.0035361625188104935
things:0.01195040603283556
if:0.007167384168592612
of:0.006238735365745626
measured:0.03007268822109586
but:0.0035576642901091454
ignore:0.02406826818479263
particular:0.01813396496301501
fact:0.012824957907106091
brief:0.027309636118323728
groups:0.019677997852868404
spencer:0.04979373900192811
rf:0.029338992384125354
in:0.005700953001962262
our:0.01192393274321066
tends:0.027800585579570377
and:0.0020416974036940633
for:0.005219500474525252
subject:0.0001427644753583866
however:0.012818710717630551
i:0.0020416974036940633
solar:0.0526536842427049
body:0.05694675599477891
background:0.023673796793136966
than:0.007650274236467706
the:0.002821535331509824
sky:0.09970731234714326
see:0.009461955943375273
svr4:0.031716991428304205
would:0.004987431262590246
radio:0.01918369176881105
correctly:0.023306435663264055
moses:0.06504706189120289
problem:0.01131318337992291
handbook:0.030831887479226272
just:0.006280152745806876
radiation:0.11967069861971494
about:0.005267466204929794
different:0.013514528866370308
is:0.0014367520154580956
number:0.013381095445977315
discussion:0.018384341949145407
involved:0.01925602747094047
field:0.020815282619964202
temperature:0.11079489429751799
does:0.0065159829643717925
fat:0.0291371724483882
various:0.0190619196703486
dark:0.024663057677360673
terms:0.020583630883499807
article:0.004333330910783962
very:0.009322152362478327
satellite:0.026172943915202484
purposes:0.023673796793136966
u:0.0202226924256311
models:0.02386739598385333
three:0.015606887735146912
by:0.00529644638939661
says:0.013695330184104642
black:0.05662383459214874
s:0.0066356821481927085
zoology:0.029477898728527817
