some:0.010860808140775387
at:0.004097511685834563
out:0.016439680452285485
attitude:0.02044820014351034
know:0.01147790814565862
help:0.00995391962810138
anyway:0.014179134054160623
knowledge:0.03438856878932219
take:0.009887205257375365
where:0.008592822317366333
own:0.02108363381905112
your:0.005860149870610523
with:0.010880509335619485
someone:0.010248642393781487
from:0.003937545369442677
to:0.005128182921268208
ward:0.025762954927055177
within:0.015053256820106128
w:0.014392283046648158
long-term:0.026295096095323753
might:0.009893419236643934
that:0.008067549428708763
guy:0.015750375567204045
sources:0.017902971977741693
helps:0.01967428974945564
like:0.010833851753569053
location:0.06405805080661958
its:0.01923557726543414
re:0.001739258152456607
avoid:0.017984881363828368
off:0.010155616037006281
map:0.046142311441252665
gamma:0.07786633291367048
on:0.00471636116501665
material:0.019640462961878522
state:0.012361457613677285
8:0.013732517592436587
3:0.010890539277384276
burns:0.021501137569500967
m:0.006366580056353824
ray:0.04035133829384809
more:0.01182715372856489
a:0.0019486104081577606
how:0.006117967428972671
speaking:0.019606880413164635
other:0.012830771979831727
was:0.004118423879541328
accuracy:0.02250769347244453
given:0.012966453763633866
drive:0.013133970924679017
question:0.010153423643474904
are:0.0029902854958196536
no:0.00523602667991865
helping:0.024091447946088213
place:0.012648500545657793
instrument:0.024601039585676707
it:0.0015946764173952184
have:0.002377909828593734
probably:0.011103366116414923
only:0.006202494131485054
able:0.012267280121444972
determine:0.020290518507809496
degree:0.02061141558449299
be:0.008071552425174018
writes:0.003075639027988662
get:0.006113367326935452
down:0.010997049195130967
things:0.010394074084373255
if:0.0031169786965739967
of:0.00904374816584831
but:0.003094340568606559
detectors:0.05178078403260444
spacecraft:0.02371241057747806
adjust:0.025762954927055177
fact:0.011154730830831811
order:0.013043334237825544
well:0.023481877816093184
they:0.004339161044222064
find:0.01968787662951991
who:0.006014199415041155
now:0.007683322780829043
david:0.03483411961876038
degrees:0.023514458882506917
comment:0.018277197194803547
in:0.0024792516543417275
our:0.010371048478978575
promise:0.02317808371236912
and:0.0017758019278641388
for:0.004539751575517312
subject:0.00012417189252101533
i:0.005327405783592416
branch:0.02120882173852579
we:0.006268576305646372
info:0.027399027529231602
back:0.019594016000628257
any:0.0047594756571572435
will:0.005271187650712951
the:0.005258741930156184
do:0.01002304072892786
see:0.008229701215865935
when:0.012164413421802195
wind:0.02355338097399769
got:0.010289087542467787
would:0.004337905330718028
can:0.012063711522386698
bursters:0.02768037257865305
come:0.011168342671950738
development:0.01808029317700559
about:0.00458147060614824
current:0.014708119645259619
is:0.0012496401250728553
orbit:0.021046420505473562
having:0.024343175743445224
figure:0.01717440760034769
2:0.009062370009746088
gone:0.018277197194803547
primary:0.02140164366261112
approx:0.02689608089290518
midway.uchicago.edu:0.049008273711792096
instruments:0.024504136855896048
article:0.0037689901410074464
three:0.013574362820802198
give:0.010991796610958171
going:0.010129375274649686
by:0.009213353254113172
says:0.011911752299663106
happy:0.01766555855109312
appear:0.018366035201191545
s:0.008657250430549093
