above:0.026179384905082165
some:0.005613158053525741
at:0.008470817427446454
say:0.009122812376286267
bright:0.05055897042163905
there:0.004412398969120901
know:0.005932091950280298
tel:0.039090846916330545
all:0.004586864570414862
sub:0.028711054767370875
pass:0.019515746250919692
watch:0.018481556925838222
with:0.0028116700807189776
times:0.027023809052817566
from:0.012210176746589071
name:0.013279963970337746
to:0.0033129787502183435
add:0.016520290463710185
front:0.016908417929643912
us:0.01980650371331727
that:0.0016678106992042156
quite:0.012770189337064431
its:0.019882928423405482
peak:0.028711054767370875
so:0.004912550948965962
uk:0.04155422581402679
largest:0.025796940327128974
carries:0.025963697817455368
best:0.011707577307506895
two:0.00896533381083323
on:0.004875084858070096
you:0.0026721105260034705
tell:0.011586658911646409
8:0.014194669626797435
3:0.011257047810757786
seconds:0.02225079156207715
ireland:0.059418641888378726
magazine:0.040602880161575795
board:0.017265367881515118
a:0.002014188643047685
other:0.006631288403038033
below:0.01784554765883602
as:0.01154010808005315
accepted:0.020249464522594553
surface:0.021947046842742863
local:0.014694151211134385
accuracy:0.023265163925844108
also:0.007132197748459454
international:0.019064252984333625
are:0.003090920103852046
27:0.021241107620382838
jupiter:0.08554438553499356
telephone:0.043049272956722895
it:0.004945030236634211
not:0.0028986058104613697
only:0.006411231914756186
date:0.017200957643189053
per:0.03400793380358671
between:0.011167624259838489
passes:0.02225079156207715
10.00:0.030512465581993043
public:0.014248772106060547
highest:0.022688155880373918
be:0.005562127472475686
which:0.006211020829411143
if:0.003221877018093314
of:0.003739242030110359
ryan:0.021369892793285
seen:0.012463773512607466
available:0.012985883787568415
but:0.006396954060100099
year:0.01189788805870025
min:0.02725342852223748
ut:0.028711054767370875
mag:0.026438918176285332
russian:0.02238324325327057
please:0.00920872767742911
visible:0.022804009493734782
up:0.006458944088232619
one:0.0094549125747656
in:0.003416917344124817
star:0.02207128353112694
or:0.00648376401637582
astronomy:0.07111219495362954
world:0.012121397541984024
better:0.010751037842795208
p.s:0.021802080313076098
message:0.015612114848844815
and:0.0027533467391162732
few:0.021977187508714295
for:0.0015641772255388174
subject:0.0001283507542885495
each:0.012240429795002958
station:0.01988456797005845
cause:0.015161063141067629
space:0.04409874169490053
costs:0.01978967622564344
6:0.01412668092576536
pounds:0.026438918176285332
appreciated:0.016272894803731938
possible:0.012389286648868184
20:0.015119386290411636
any:0.0049196503186961895
will:0.010897166777916197
than:0.020633672339703767
cost:0.01596638271322539
the:0.002174287528814576
sky:0.022410177174177637
see:0.017013324628953618
when:0.006286896359825654
start:0.013545971576358234
would:0.004483892529347962
can:0.004156567271335161
planet:0.02274573372194466
friends:0.019118424738402577
reports:0.019010684827827657
may:0.008947238112691495
7:0.015343887158323586
oclock:0.030970687600283067
just:0.0056460988628167594
note:0.014238889898454316
address:0.01535010266314236
about:0.004735654713085921
moon:0.06628956245712328
general:0.01417514597638246
is:0.0012916953215897304
number:0.012030119463450761
night:0.016095359839346273
new:0.008288459446555515
right:0.009326315354761056
time:0.022781393796688178
9:0.01711939257512032
evening:0.0765937631158814
issues:0.01829437251249469
unless:0.014798372239136978
1:0.009415980249638023
every:0.011693021764122097
e-mail:0.013219691233905128
passed:0.020777112907013395
prediction:0.027327967880583465
april:0.032713017902770314
give:0.02272342568611545
somewhere:0.018651543552416282
weekly:0.02725342852223748
s:0.00894860020465411
