some:0.0106139715921214
say:0.017250408856977668
all:0.008673343914966283
billboard:0.05716138491846926
to:0.0025058166547106014
us:0.018726148965318146
make:0.01600073166681549
that:0.012614713652162792
uxa.cso.uiuc.edu:0.040532775815744944
bit:0.024773492709597267
like:0.010587627850078846
consider:0.029276037077919936
need:0.017465472649974875
re:0.0033994591161651865
vandalizing:0.05272771940624075
national:0.029583399318068304
had:0.013949168051655773
this:0.009545135243116709
am:0.014857603242739686
access.digex.com:0.04065874885812154
m:0.012443770110146109
includes:0.034252312467566805
more:0.02311670956037683
a:0.0038086476159447137
how:0.011957845429355674
air:0.03503762714210154
vote:0.04140757610751362
sorry:0.028885606224896585
said:0.019922771169667564
pat:0.036846729378397995
wild:0.042955514455493435
courtesy:0.05410254640373096
money:0.028183816061173907
against:0.023484370837798606
which:0.011744475750159251
towers:0.05508100698729792
common:0.030601163996648636
floating:0.05196332743159947
writes:0.0060114762819778395
get:0.011948854320828385
things:0.02031569025582045
of:0.0017676416869612604
what:0.008367655481787556
george:0.03620285617322879
one:0.008939190070687476
in:0.0032305400344452813
and:0.006941771172559816
for:0.008873150806692926
subject:0.00024269960810925723
create:0.03457132446585108
values:0.0388267851849388
i:0.006941771172559816
news.cso.uiuc.edu:0.04168731845902956
the:0.005481840072647658
sky:0.2542536464852153
around:0.021519949392305778
radio:0.03261227600697878
maybe:0.024071937112202943
planes:0.04999359073333953
an:0.008162710350561243
human:0.029144021556696143
just:0.01067625966787169
here:0.016367280960212692
people:0.013684301273391975
including:0.028908797332093
f:0.03378392016733498
is:0.002442478426278763
move:0.03215295559611834
argument:0.03198855854672474
night:0.1217394489666918
presumably:0.04482223197077255
their:0.013760760168924671
string:0.04818005109319117
article:0.007366662548332736
prb:0.04468951561239844
wish:0.03396434104344344
include:0.03055930248404183
s:0.005640329825963803
