some:0.010711347478287654
believe:0.01993276954431505
at:0.016164495641365708
where:0.01694914493792442
with:0.005365388777885755
much:0.032058658157062964
to:0.0025288057983318
then:0.014641104126383517
us:0.018897948497110056
that:0.012730444970072544
sources:0.035313201607472144
nt:0.006551179373600354
could:0.027690076244514816
re:0.003430646814478629
so:0.009374409150320367
this:0.004816352645609349
gamma:0.1535895557471482
characteristic:0.0551785229911187
distribution:0.04077924496333284
assume:0.06369703771172801
material:0.038740362722971405
incorrect:0.04661400429103924
shorter:0.05353914878246387
seeing:0.03677329968310484
ray:0.07959208929520495
desire.wright.edu:0.1103570459822374
theory:0.037326136302537845
are:0.011796539111949092
caused:0.03653499246839603
it:0.0031454626581648806
being:0.01785141220114815
only:0.012234277415314557
energy:0.12620931276586933
be:0.021227936041742067
writes:0.0060666274405280956
if:0.006148168988655132
of:0.007135434332687657
even:0.015405132548312163
happening:0.04164949994919227
distance:0.04329482956988784
significantly:0.04483737013687865
they:0.008558895637685722
in:0.0016300890082063348
and:0.003502728573309999
subject:0.0002449262100185165
i:0.003502728573309999
we:0.02472924597640312
possible:0.02364194149508791
actually:0.022424900248633806
event:0.038098540809146535
assumed:0.04483737013687865
the:0.0069151652292573675
see:0.016232896893680515
closer:0.04276437479109127
less:0.025218950060516308
can:0.007931798095758839
law:0.05517139679346727
bursters:0.054598900040462445
problem:0.01940885589032646
unknown:0.04329482956988784
is:0.004929772970470898
1/2:0.043515908024741604
disk:0.032119073245870475
events:0.037326136302537845
does:0.01117879646181216
their:0.013887005675061596
matter:0.02771470653119764
dark:0.0423118512446463
article:0.0074342466084091835
by:0.018173127978296625
seem:0.025318463806382918
range:0.03669317417880435
galaxy:0.05353914878246387
