reference:0.01567913051688384
read:0.009525222949150931
large:0.02515995058729055
out:0.0049503239457162175
there:0.0038562142251140647
case:0.010384920618935948
richmond:0.07822076776631909
own:0.009523069897260483
your:0.005293832866307826
with:0.002457257885670367
from:0.014228105116473539
reach:0.01831219944970747
my:0.003992496896345804
to:0.0017372258320472657
association:0.020033304988601702
1987:0.021384496686616253
look:0.019925784237612692
observations:0.021494590688271815
published:0.017227299221477102
h:0.01484530304325427
might:0.00893733250369095
that:0.007287912299043631
quite:0.011160501605501687
provide:0.014188889404552157
bit:0.011449933605276049
talking:0.013696181430093563
nt:0.003000330049253943
asking:0.015064843758984849
me:0.0045528936151451455
re:0.0015711785831015567
articles:0.017697011011343137
michael:0.012624769754931467
so:0.004293321837751765
anyone:0.0070290535699218115
this:0.004411617129171588
finger:0.020905739294392645
something:0.008364123181359338
on:0.0021302891816776886
you:0.01167644935732609
henry:0.038447413810568945
am:0.0068669594819385105
inside:0.015773342550731876
m:0.005751322319815429
more:0.005342096747145907
a:0.004107365076018809
how:0.005526735282475312
j:0.012832473359364969
as:0.003361824202592514
objects:0.039410158050615575
let:0.009685452700642121
proceedings:0.024755700352687416
course:0.01027794873907571
instances:0.024016663938974545
processes:0.023273257602171693
are:0.010805233304222277
those:0.007797964933981345
determined:0.020007126208136848
d:0.007654807657046367
place:0.022852332918625425
it:0.0014405690325208905
not:0.005066470660302226
thermal:0.047381578009496356
have:0.006444335459844364
being:0.008175646764391378
try:0.01023693139640081
against:0.010854120975453137
hope:0.012136393015294308
after:0.00810593986413845
sun:0.030491531967217152
be:0.002430509483770888
writes:0.0027784134076368166
were:0.006518081081816383
things:0.02816881422025525
if:0.008447274198698437
of:0.00571884075193349
seen:0.010892709624463667
looking:0.010898677921876656
what:0.01546961517641397
well:0.007070873572072877
ed:0.0166729818137353
spencer:0.019561826036471757
up:0.005644791472068843
in:0.0037327668465229093
heart:0.016684800895149652
point:0.009250151097731347
or:0.0028332414189205265
total:0.015382418049598326
nearest:0.025270836159798058
nearby:0.044716906096403296
and:0.0048125724515645785
few:0.009603476894564228
for:0.0013670120290423277
subject:0.00011217208778158947
al:0.016008462944211058
space:0.025693384516916835
outside:0.015146116712107248
i:0.006416763268752771
will:0.004761787163459178
background:0.01860084033746476
than:0.006010929757224627
warm:0.04444725639428985
the:0.0057006530167239295
sky:0.058756094775995145
see:0.007434393955509143
jr:0.019632842048247397
would:0.007837391984070387
can:0.007265260440653053
conference:0.01831219944970747
correctly:0.01831219944970747
put:0.010451509661961256
may:0.007819434989242986
myself:0.014003538075621358
just:0.00986881145769652
note:0.0124440718440273
radiation:0.04701348874345944
many:0.015573117878807507
about:0.004138723446730552
including:0.013361208850967352
different:0.010618558395005242
is:0.003386629750722654
et:0.01911678814200227
night:0.014066532968840438
field:0.01635486491568616
disk:0.014709995730251602
dust:0.04538192559689677
temperature:0.10881641404220518
does:0.005119700900577837
man:0.012176677894097473
broke:0.02107053220680139
guess:0.012588896062754845
grain:0.026073589255439695
dark:0.019378116746497673
microwave:0.024920493265096162
close:0.014600475698195548
by:0.004161493591668765
black:0.014830051916991334
range:0.016804857081889384
galaxy:0.04904006064948371
s:0.0026068751296471357
