reference:0.03135826103376768
ask:0.02449212255761653
k:0.03183748786766103
all:0.008017376728120093
53:0.046104130889339845
own:0.019046139794520967
your:0.010587665732615652
4:0.020876214320829235
ca:0.01728192097556572
francis:0.09286743342831465
from:0.007114052558236769
zoo.toronto.edu:0.04255442781016389
to:0.001158150554698177
recall:0.03286432953842876
w:0.026002864327977764
look:0.019925784237612692
that:0.008745494758852357
like:0.019573765773255012
re:0.0031423571662031135
anyone:0.014058107139843623
something:0.03345649272543735
on:0.004260578363355377
you:0.00934115948586087
henry:0.07689482762113789
a:0.0023470657577250335
as:0.006723648405185028
neighborhood:0.049351331840074876
are:0.010805233304222277
those:0.01559592986796269
it:0.002881138065041781
not:0.005066470660302226
have:0.008592447279792484
erik:0.0933216968297923
be:0.004861018967541776
writes:0.005556826815273633
were:0.013036162163632766
things:0.018779209480170166
if:0.005631516132465624
of:0.009803727003314553
seen:0.021785419248927334
looking:0.02179735584375331
what:0.007734807588206985
dr:0.03293146726980253
san:0.0339324826353323
spencer:0.039123652072943514
up:0.011289582944137686
universe:0.037239112190470526
in:0.002986213477218327
37:0.04368663448218202
our:0.018737608596473894
or:0.011332965675682106
few:0.019206953789128456
for:0.0027340240580846554
subject:0.00022434417556317895
space:0.10277353806766734
i:0.0048125724515645785
games:0.027982103290829625
20:0.026427162591643863
background:0.03720168067492952
the:0.00380043534448262
sky:0.07834145970132686
jose:0.038318459443555
would:0.007837391984070387
can:0.007265260440653053
apple:0.03187703317049643
myself:0.028007076151242715
just:0.00986881145769652
about:0.008277446893461105
n:0.03076483609919665
is:0.002257753167148436
night:0.028133065937680876
max:0.2000712620813685
temperature:0.17410626246752828
does:0.010239401801155673
1:0.016458183965753853
dark:0.03875623349299535
very:0.0292981931392176
microwave:0.049840986530192324
strategic:0.050184028500950766
close:0.029200951396391096
galaxy:0.04904006064948371
s:0.0052137502592942715
