at:0.007047720099635449
out:0.009425416792643679
11:0.03091371710095929
all:0.0076325426451703295
servicing:0.046261259135796914
small:0.02390996720212809
take:0.017005993042685626
liquid:0.04761024083528325
own:0.018131925084383962
with:0.004678619014316379
way:0.013858982556372346
much:0.01397757495647945
into:0.014326431223859092
array:0.043688590142777206
scheduled:0.040925700670469536
my:0.00760171409064241
to:0.007717915296508652
then:0.0510681711928257
motor:0.04031263486230221
make:0.01408064386679763
that:0.005550474006951629
higher:0.02969499130430314
bay:0.03834595516217197
its:0.016542596448273363
need:0.01536961593197789
re:0.0029915240222253645
module:0.04510726226504053
on:0.00811214120382864
you:0.013339175745809324
fix:0.03480031167344387
access.digex.com:0.03577969899514696
why:0.028475561282464104
a:0.0033516099020313482
as:0.006400913281736148
said:0.017532038629307457
pointed:0.0346051800484506
let:0.0184411019420226
also:0.011867977053436531
shuttle:0.07449143354688445
pat:0.032425121852990235
fixes:0.046400393077491865
are:0.005143291052809805
it:0.005485686875839551
not:0.0048232800686077194
have:0.008180009810362446
develop:0.036044498582557725
has:0.008518195791092408
bother:0.03668484024394601
greg:0.03503414877996338
access.digex.net:0.03968238783947729
be:0.0046276900570997705
writes:0.005290099128140499
of:0.0015555246845259092
even:0.013433275582128205
sit:0.037245716773442225
least:0.01926129906165186
lift:0.043994359845338796
they:0.0149267139921239
up:0.010747682962819078
cheaper:0.035275027191734344
now:0.013215315183025954
in:0.0028428752303118476
5:0.020790983095341463
and:0.006108758631852638
still:0.016333672657836376
for:0.002602790903296592
subject:0.00021357565513614637
payload:0.04585781230678178
station:0.03308792110217725
room:0.031904227842548843
solar:0.03938495581354327
the:0.004221016855938697
do:0.011493086702503947
moore:0.045227565283956855
can:0.006916527939501707
maybe:0.02118330465873859
an:0.007183185108493894
is:0.0021493810151253113
weight:0.03555950160802624
bolt:0.04884344627390132
orbit:0.07239968653882906
days:0.023826020996401378
carry:0.03113966279946645
mass:0.06739021793119467
guess:0.023969258103485228
mission:0.03596794297442852
hst:0.0856714245246223
article:0.0064826630425328085
prb:0.03932677373891062
going:0.01742252547239746
while:0.017362740047028178
