above:0.0388950861446935
inexpensive:0.15639007285868603
all:0.01362954043780416
send:0.04190495886966032
your:0.017999031745446606
method:0.17103848240342395
mentioned:0.05021662312559769
from:0.012093889349002507
to:0.001968855942986901
quite:0.037945705458705736
satellites:0.08120310455944801
could:0.021558702218943675
re:0.005342007182545293
this:0.014999498239183399
firm:0.07468542693828248
you:0.015879971125963482
used:0.028206621547669508
a:0.0019950058940662787
part:0.03498888732018967
oil:0.12805166390890307
being:0.027797198998930687
determining:0.08472967710132695
details:0.05449745546129049
determine:0.06232087827398631
be:0.008263732244821019
get:0.01877677107558746
if:0.00957357742519156
of:0.005555445301878247
moscow:0.08416938119913721
using:0.03149172255207029
please:0.027363076527217926
good:0.023142997876564275
called:0.03831792136938191
over:0.028656296464562254
in:0.007614844366906735
office:0.0521533987578023
offers:0.06457272033403749
world:0.07203573396379076
and:0.0027271243892199276
for:0.009295681797487828
subject:0.0003813850984574042
space:0.04367875367875862
locations:0.24709555536922773
any:0.014618389518411531
the:0.003230370042810227
got:0.03160219745186534
can:0.01235094274911019
ltd:0.07698218723239321
dear:0.06865925428724862
interested:0.04110108879164171
done:0.03783805073458141
new:0.0246285652126221
e-mail:0.03928136823788952
data:0.08383844637730892
