internet:0.9521779810382021
resources:1.471251591188864
subject:0.008898985630672766
