simply:0.028855125847956502
stephen:0.038411879994254876
such:0.01814167173082829
from:0.007986530702171467
work:0.019104457207455693
planets:0.16131978328668398
most:0.017515051546858847
h:0.033331906832967134
appreciate:0.036218993730325416
that:0.0032726851456082715
think:0.013582528561590142
like:0.010987160976496916
through:0.022353427302121007
re:0.003527740592246892
michael:0.028346181147864993
this:0.004952664512937915
on:0.014349306374696886
numbers:0.033280588688666964
am:0.015418267516050618
libraries:0.04730930816244086
a:0.005269826889986396
1964:0.057825739017138916
harder:0.04617302369946098
given:0.02629988263378567
question:0.02059420833346325
science:0.031902190812899196
are:0.006065201713219108
book:0.029336778402676164
it:0.0032344851862261504
should:0.015498227756919619
deleted:0.03314508959432393
rand:0.05829753543765459
be:0.0054571816711082195
writes:0.012476648887123817
making:0.02900572821577739
of:0.003668690293693182
gives:0.03430683467732175
available:0.025481734224662548
what:0.026050248198017864
but:0.006276256813683116
humans:0.04255076989863833
conditions:0.042781440614338
version:0.029438401959109288
isaac:0.058542587196175916
aspects:0.09092867701273126
loss:0.0802990895117129
good:0.015283111805278294
in:0.006704894411112848
or:0.006361428846255522
thoughts:0.04050966337382842
and:0.003601862400856508
for:0.009207986686190774
p:0.03175592490218255
doug:0.040770183817535714
i:0.005402793601284762
hart:0.054553371622402015
similar:0.029856210262893406
any:0.009653653455554785
physical:0.08051228866744747
later:0.030145396499600977
the:0.003555438726363458
original:0.02911479257805169
would:0.008798581567022415
planet:0.08926627573895263
jonathan:0.045099107259377984
makes:0.02634884794577334
is:0.005069294846993659
atmosphere:0.05105927927997848
study:0.03495635234372452
man:0.054680176203683
life:0.0263243335215916
article:0.015289299628615112
earth:0.03321259587352593
by:0.009343730894501566
range:0.03773166024046862
s:0.005853172460905833
