acting:0.021504038230820054
at:0.0036706875518934625
out:0.004909071246168583
all:0.015901130510771518
into:0.007461682929093276
from:0.017636921967295324
my:0.003959226088876255
to:0.004019747550264924
hardly:0.018194320210789674
add:0.014317585068548827
then:0.00664950145739918
most:0.023207443299587974
legal:0.03149429328194521
consent:0.021427583486369237
been:0.006113501613422664
that:0.00867261563586192
feds:0.020699596163832837
like:0.004852662764619472
nt:0.014876636494217468
huh:0.020828805483593508
me:0.004514952835018936
vague:0.02439215148315316
re:0.0031161708564847544
exactly:0.013401594388633368
vandalizing:0.02416687139452701
this:0.006562280479642738
discuss:0.01863525989330571
federal:0.01646440079456359
these:0.013805299775824521
recently:0.013788798185782039
on:0.006337610315491124
you:0.0069474873676090235
them:0.006107746548051004
bill:0.03869392344614647
m:0.005703394633816967
why:0.014831021501283386
more:0.005297579274253024
sure:0.009091850083996681
a:0.002909383595513323
other:0.0057471166159662945
want:0.007885824865467423
was:0.007378842784178213
said:0.027393810358292903
stuff:0.012180902302806757
enforce:0.04686327247787438
are:0.005357594846676879
no:0.009381214468187581
those:0.007732981892864834
it:0.002857128581166433
not:0.007536375107199561
disagree:0.017701620928829976
have:0.0021302108881152203
ve:0.007604723745947643
rights:0.14471664248720023
states:0.028773831128797358
peace:0.01604848273088771
sci.space:0.02479700043504336
provides:0.018408959937665125
spelling:0.022501871441794653
constitution:0.0377081700723068
which:0.005382884718822991
common:0.014025533498463957
considered:0.014345178988384217
writes:0.005510519925146353
if:0.002792293415680872
whatever:0.013770669078139012
of:0.004050845532619555
piece:0.01795712880747297
what:0.00383517542915263
but:0.002772013426043376
least:0.010031926594610342
loss:0.1063962936030196
groups:0.0153324399936933
they:0.007774330204231197
in:0.005182324638589306
government:0.022430124488469146
point:0.018346133010500504
u.s:0.014698926670827908
or:0.005619262147525711
force:0.01489168382839488
and:0.0023862338405674366
for:0.0027112405242672834
subject:0.00011123732038340957
doug:0.05402049355823483
until:0.011921523855686017
i:0.003977056400945728
period:0.0157958801399859
we:0.005615599607141542
power:0.033773191002131775
the:0.004710956312431581
sky:0.01942215355095395
do:0.005985982657554139
quote:0.01681232463558579
can:0.007204716603647611
law:0.012528504688516524
effect:0.014443222727593357
did:0.013699258695358044
regards:0.01720569832088193
countries:0.017564497036793317
come:0.010004973643622536
just:0.004893285681107858
here:0.015003340880194968
people:0.012543942833942645
is:0.0022389385574221993
grant:0.0188540850361534
win:0.014122814181784757
match:0.019945227488219686
right:0.01616561328158583
somebody:0.015815534264478147
does:0.005077036726406355
their:0.006307015077423808
belong:0.020452610289126424
stsci.edu:0.04959400087008672
wanted:0.01268816662310876
paper:0.016069368321819145
legitimate:0.03812701869548087
article:0.006752774002638341
citizens:0.017030659120558837
by:0.004126814478404859
wish:0.015566989644911577
seem:0.011498802312065574
defined:0.01821179053687316
s:0.007755453510700229
