au:0.028499828380647504
some:0.005837684375666771
statistics:0.02362553295052139
positions:0.02419577048287787
cs.rochester.edu:0.030897693781956934
at:0.008809650124544311
out:0.005890885495402299
say:0.009487724871337717
bright:0.026290664619252304
ever:0.013217110284149304
where:0.00923728399116881
with:0.00877241065184321
c:0.0129304884771448
hell:0.01706690462240948
times:0.014052380707465133
from:0.012698583816452634
often:0.015536601941393531
to:0.0013781991600908309
line:0.014119018744029944
look:0.011855841621379553
near:0.018023878887407627
t:0.03864409582500663
enough:0.01216074263468698
that:0.0034690462543447683
sources:0.01924569487607232
nt:0.0035703927586121925
could:0.007545545776630287
happens:0.018680387573893894
rise:0.02480149239967331
re:0.0018697025138908526
anyone:0.008364573748206957
this:0.01049964876742838
getting:0.013561007861123431
gamma:0.02790210262739859
oort:0.03376028974581358
on:0.0050700882523928995
detect:0.025623007656129692
you:0.0027789949470436092
cloud:0.02874377920149466
3:0.023414659446376197
ray:0.02168884433294335
a:0.0034912603146159877
closest:0.028192038915650332
ms:0.04180139922385087
as:0.0040005708010850925
coming:0.017383149773947976
timing:0.027496474903336746
given:0.013938937795906405
stuff:0.01461708276336811
whole:0.014959577375136451
minutes:0.01992583624018787
considerably:0.02743195787915721
far:0.012446890360607008
dietz:0.06847368128967042
burst:0.08503069698938093
it:0.0034285542973997198
should:0.008214060711167398
have:0.0025562530657382643
properly:0.021528830677512482
hopefully:0.02311372288721354
b:0.030609083465142416
differential:0.028117963486724632
has:0.005323872369432755
network:0.018367448350147884
be:0.0028923062856873565
writes:0.003306311955087812
get:0.013143739752911223
down:0.01182182788476579
if:0.006701504197634093
of:0.0068054204948008535
short:0.017314889328106337
future:0.01752253162158925
gotten:0.021548554568967565
detectors:0.02783217141752489
years:0.011148877114901968
distance:0.02359568211558887
ignore:0.02250383075278111
huge:0.021489614790207355
fairly:0.01962103274123943
oh:0.016148580920707367
order:0.02804316861132492
direction:0.022090751925198153
degrees:0.050556086597389874
one:0.004916554538878112
in:0.0017767970189449048
measurements:0.029655386985464435
accurate:0.02236231187196685
or:0.01011467186554628
better:0.011181079356507015
nearby:0.026606559127359965
and:0.0028634806086809237
for:0.00162674431456037
subject:0.0001334847844600915
i:0.0009544935362269747
away:0.013844917931618352
we:0.0134774390571397
detector:0.026446117554602463
information:0.012194106422418825
will:0.011333053449032845
than:0.0071530064110973055
the:0.006406900584906951
wrong:0.013217110284149304
do:0.003591589594532483
would:0.00466324823052188
can:0.0129684898865657
bursters:0.029756400522052032
just:0.00587194281732943
btw:0.018758952602216675
here:0.00900200452811698
about:0.004925080901609358
paul:0.016375112455545286
general:0.014742151815437756
is:0.0067168156722665975
number:0.012511324241988791
time:0.015795099699037137
lot:0.012392766941326953
2:0.02922614328143113
light:0.017461073429031467
created:0.018990475442425107
1:0.019585238919247086
16:0.017434963709125707
geometry:0.028267228302473035
circle:0.02724325623924297
resolution:0.02233910997418434
position:0.01721421478606106
arc:0.02866113269173861
article:0.004051664401583005
very:0.008716212458917237
three:0.014592440032362364
understand:0.014980786314678267
by:0.00990435474817166
reduce:0.022799483368915224
