some:0.0052829722856712865
read:0.020515864813555856
believe:0.009831094481132762
contributions:0.025380062886532915
effects:0.019465325146437135
louis:0.02132670446876905
il:0.04653954784369789
know:0.005583145364969692
all:0.008634098014898563
environmental:0.023981020906113256
fields:0.02221097949950381
knowledge:0.016727471243674824
absence:0.024883687695327374
thanks:0.009019849072018839
fax:0.013840015112594523
suggested:0.019873583479435894
your:0.017103152337302207
much:0.007905868188053989
312:0.055039821600248603
such:0.008701435309809043
o:0.06336613545339152
from:0.00766128737040883
work:0.009163223818960651
wrote:0.01165418540585005
my:0.004299612042218558
to:0.006236195294528646
1988:0.020679189339173242
long-term:0.025581202083686007
unique:0.022952107593010716
us:0.009320707629796364
impact:0.021688888666386862
t:0.011657344140273494
nasa:0.01941240188959012
that:0.0031394083749726413
church:0.01695599927641995
protection:0.01914014613634825
nt:0.006462249336854647
luke:0.024177786118510264
me:0.004903116200925542
re:0.001692038474109369
effort:0.018381705369813137
so:0.00924715472746534
voice:0.016409476477086734
this:0.0023754861464770093
opening:0.022243650304813702
two:0.008437961233725392
these:0.0074960903760133155
starting:0.017744443361435373
on:0.006882472740804841
intensive:0.027314198700229476
you:0.0025149275538856194
henry:0.02070245359030636
regular:0.03662482037787929
medical:0.03640739793817803
society:0.033631051750288216
missions:0.024331186804825565
support:0.024786934927905034
more:0.005753027266157131
a:0.0018957069581625272
hard:0.012236350237898232
other:0.006241212614624031
as:0.018102130321652
usa:0.016491500841758936
local:0.013829789375185305
deliver:0.027214746633628682
whole:0.013538079072521676
are:0.0029091012742136903
internet:0.012925492955269713
book:0.014071033984993998
care:0.014325868512551571
it:0.0015513820350224977
not:0.0027280995863165833
statement:0.01571583447824799
ken:0.018670012222238967
discussions:0.021717987717655145
have:0.0046267023814267234
term:0.017636560153459088
being:0.008804542669344563
probably:0.010801917262575605
systems:0.013576548055577425
always:0.012022425782799582
robert:0.028917755918169266
presents:0.02608852017472993
shall:0.017917547574808845
adams:0.020966580315292364
feel:0.013784057394779085
love:0.014806413756477144
public:0.013410609040998162
alive:0.019932222142976644
topic:0.019758537785472954
talk:0.015654270441796504
which:0.011691333325950388
utility:0.021462597170573913
stick:0.019123662012916116
down:0.010698486773543701
of:0.007038573233148911
keeping:0.018914660282285462
kept:0.01807138290757545
seen:0.011730610364807027
but:0.0030103313224000465
groups:0.03330122713562346
1976:0.026406186503568158
in:0.004019902757793902
resources:0.01997174105686241
st:0.03472169450605702
world:0.02281674831432287
comprehensive:0.025063508186954134
p.s:0.020519605000542212
and:0.0025913851662270806
few:0.010342205886453786
usenet:0.01848053678119345
for:0.0014721668005071222
subject:0.00012080070991863483
space:0.027669798710525825
until:0.012946451245993865
i:0.005182770332454161
we:0.012196777427275747
elaborate:0.025187485445723884
information:0.011035390427528349
informed:0.02310815363858162
program:0.012563952182733373
community:0.03681944666947172
the:0.004092776524827437
do:0.00975092197610629
see:0.008006270413625232
can:0.003912063314197798
human:0.029012148155987114
just:0.0053139754002981265
long:0.010770639118138393
people:0.006811190679063881
about:0.008914173577573499
e:0.014076423964044467
general:0.013341313860124668
having:0.011841137522264079
time:0.007147103936215899
center:0.014781134993089633
chicago:0.019107237723094493
agencies:0.020966580315292364
meet:0.01941240188959012
april:0.015394361366009558
mike:0.014458877959084633
s:0.011229615943095355
