some:0.008778472745363565
simply:0.011498659172493944
cs.rochester.edu:0.023231348708238297
large:0.011255767367998404
at:0.0033118985430617707
there:0.006900593876519905
resulting:0.018426533759066648
oxygen:0.13666716019404748
absence:0.020674041280704318
supporting:0.01848062675700687
ca:0.007731385699595192
from:0.003182602460263818
longer:0.01276019176080517
suggests:0.018535509461597672
planets:0.021428442391464287
to:0.0015543599549896587
continental:0.023136168978974046
most:0.006979682195364803
ocean:0.02295274730916415
appreciate:0.014433132839904111
perhaps:0.010858877961052801
been:0.011031882610687513
make:0.0066168439223673065
that:0.003912458181591844
sources:0.014470447275242344
like:0.004378342344017568
nt:0.0053690116670860035
atmospheric:0.02167504871659892
re:0.0014057913638277086
so:0.007682786446503158
had:0.0057684529536922375
convincing:0.020979024531878637
this:0.009868090946831184
weak:0.01758764822781022
reduced:0.01879290720324226
principle:0.01876342157368953
on:0.0038120964303706008
am:0.006144121641734457
material:0.0317496205774728
why:0.013381372783112829
stable:0.018882777582390962
a:0.00472501395963066
hard:0.02033258197425195
wondering:0.013529825194952242
low:0.01276614488714218
as:0.0030079479707406705
given:0.010480404357824364
question:0.016413429198098527
also:0.005577056886013407
plus:0.01344323253375816
are:0.007250880243622844
no:0.004232126827753796
dietz:0.07722595634173356
reason:0.010045909488753864
deep:0.017104494653370453
requires:0.015090807462070772
it:0.0038667905609771273
have:0.005765984358808114
has:0.008005823111928954
500:0.015675853892291505
without:0.016896319434605223
be:0.006523999140648173
spots:0.022078227402138762
making:0.011558673649896253
if:0.0025193624803135687
of:0.007309796449839799
produced:0.01725874802433986
fraction:0.022222837480438747
what:0.01730154328941036
but:0.002501064745302294
humans:0.016956321839307006
conditions:0.01704824325233018
particular:0.012748313714600777
least:0.009051362341001812
understanding:0.015090807462070772
aspects:0.036234735952441775
identified:0.020577641165616584
naive:0.02131095162641126
good:0.006090262599095861
over:0.007541130648569014
in:0.004007812824687755
our:0.008382614372106741
clearly:0.013663572843700768
dropped:0.018676327365864213
or:0.00760501644026036
thoughts:0.016142948562503055
and:0.0007176643129526125
for:0.0036693480779557215
subject:0.00010036449959405374
blind:0.01929913609476954
however:0.009011650015777868
feedback:0.02082344101246941
mechanism:0.054204674437301543
plants:0.022777860032341245
i:0.001435328625905225
example:0.010569019337435731
period:0.014251921930814345
we:0.005066706412458533
similar:0.011897587548371056
rate:0.014604044020643801
any:0.003846944610108298
physical:0.032083844356200875
will:0.004260546409410843
than:0.005378200309095718
the:0.005950681657808312
when:0.004916069333999007
level:0.013235094596217101
would:0.00701240335416824
can:0.0032502480918711026
major:0.01231739839367591
planet:0.08893068823617462
orders:0.01839977636143934
may:0.006996336569322672
last:0.008196099819772549
an:0.010126670735658684
problem:0.007953252977614978
makes:0.02099983370114266
during:0.011008907931588234
here:0.006768424457230812
relatively:0.016761674209518587
about:0.003703068347074705
f:0.013970794054161082
paul:0.012312114628229539
is:0.012120569634165287
atmosphere:0.12208158504536207
itself:0.012643067069903683
mostly:0.015342289547897955
time:0.023752029622612233
does:0.00916157003261297
life:0.010490147944694397
2:0.007324847940208303
matter:0.011356778240227603
slow:0.015438075582864063
too:0.007340292736332694
concentration:0.02261074814297721
earth:0.0661754729810855
before:0.007993211530912196
answer:0.011414552789958107
magnitude:0.021804695995061966
needed:0.012540686805022634
by:0.0037234416346510002
range:0.015035924757479974
s:0.004664934442526453
