some:0.0212279431842428
at:0.016017545680989655
there:0.016686890646857227
someone:0.04006287481205491
to:0.005011633309421203
that:0.006307356826081396
think:0.02617723686415555
re:0.006798918232330373
vandalizing:0.1054554388124815
this:0.009545135243116709
regard:0.16693916270816012
you:0.02021087234213534
none:0.06586382240765988
a:0.005078196821259618
as:0.029095060371527943
morality:0.07857526335743248
are:0.011689297847295008
no:0.020468104294227452
it:0.006233735086181308
ve:0.03318424907322608
rights:0.06314908035805102
greg:0.15924613081801536
writes:0.012022952563955679
of:0.0035352833739225207
ethics:0.10577724930519787
what:0.016735310963575112
least:0.0437756796855724
george:0.07240571234645758
in:0.0032305400344452813
according:0.06253684008338578
or:0.012260208321874277
and:0.003470885586279908
subject:0.00048539921621851447
i:0.003470885586279908
vnet.ibm.com:0.19904191091105497
news.cso.uiuc.edu:0.08337463691805912
will:0.02060555172551426
the:0.0013704600181619145
sky:0.08475121549507178
got:0.040220978575101346
can:0.015719381680685696
reasoning:0.08714989809584538
generic:0.10022485567699457
newsgroup:0.06989388801044272
f:0.06756784033466996
followups:0.10610485849615567
else:0.045937313187964665
right:0.03527042897800545
