some:0.0106139715921214
since:0.01818928748548801
stored:0.04462387699445765
apologize:0.04877966898220751
there:0.008343445323428613
all:0.0520400634897977
into:0.016280035481658055
contents:0.0453026181650851
my:0.017276622933278203
changes:0.07414380544974888
job:0.03155898686626524
published:0.03727361104283228
centre:0.045516531777905045
nt:0.012983246394953426
me:0.00985080618549586
so:0.009289187248953818
this:0.004772567621558354
you:0.005052718085533835
etc:0.02111203624962032
m:0.012443770110146109
more:0.011558354780188415
a:0.0012695492053149044
hard:0.02458394002341372
stuff:0.026576514115214743
l:0.030045096170485116
march:0.039397382417209595
are:0.005844648923647504
not:0.005481000077963317
ftp:0.06897030813252863
have:0.02323866423398422
sites:0.12422272832254085
tested:0.04306504480564047
list:0.10587740352442107
notes:0.0850602623381367
of:0.0070705667478450415
version:0.028367914615141678
they:0.008481087495524942
who:0.01175502612939862
net:0.030137658953622568
removed:0.0419759429891621
now:0.030034807234149894
or:0.0061301041609371386
and:0.001735442793139954
for:0.0029577169355643087
subject:0.00024269960810925723
welcome:0.03803289260692192
i:0.010412656758839723
away:0.02517257805748791
any:0.00930261151171643
information:0.022171102586216043
exist:0.03305931341632823
the:0.005481840072647658
do:0.00653016289914997
hello:0.03517537082410701
thank:0.033004493697904674
older:0.04016500350036027
would:0.016957266292806836
people:0.02736860254678395
many:0.01684728206889176
n:0.06656391810553457
is:0.004884956852557526
either:0.0227596609737578
new:0.03134544663424631
keep:0.024085587128417463
gone:0.035723612698934204
issues:0.03459299529635359
very:0.015847659016213156
give:0.021483966103236423
lots:0.03316995464923964
included:0.03402528591364517
