large:0.023390891561621684
much:0.013649975543436964
contract:0.0396947380290881
zoo.toronto.edu:0.07912463920952349
throw:0.033307582629178205
to:0.00646030856292577
us:0.01609278426707028
software:0.021998327253759817
make:0.01375062877616956
that:0.01355096193103425
like:0.00909874268366151
talking:0.02546633734658022
nt:0.005578738685331551
re:0.008764230533863372
justify:0.03720075029325445
this:0.004101425299776711
telling:0.033547064981451664
something:0.015552041540340022
you:0.021710898023778197
henry:0.07148816005402664
market:0.030553556367757986
guarantee:0.03857676268814534
m:0.010693864938406813
sure:0.017047218907493777
a:0.006546113089904977
how:0.010276273415852534
intelligence:0.035313206432676755
want:0.029571843245502837
million:0.03057430671196202
as:0.006250891876695456
budget:0.03686825330560761
launcher:0.04848058002183318
nine:0.03943210825722103
let:0.018008888615256444
whole:0.023374339648650704
military:0.030248738771332582
cheap:0.058066112787607
d:0.01423315798732059
place:0.021245528260284575
it:0.005357116089687062
have:0.003994145415216038
money:0.02422046692757133
per:0.027631446215414197
allen:0.03479709900550416
writes:0.005166112429824706
get:0.020537093363923786
if:0.015706650463204904
but:0.00519752517383133
fairly:0.03065786365818661
launch:0.03598951906008659
spencer:0.036372770286564673
up:0.010495784143378005
in:0.0027762453421014137
or:0.005268058263305354
rather:0.020105341038381744
still:0.015950852204918337
for:0.002541787991500578
subject:0.00020856997571889294
doug:0.03376280847389677
i:0.0059655846014185915
we:0.02105849852678078
improved:0.04017671903694232
will:0.00885394800705691
committing:0.046987960984624516
than:0.01117657251733954
cost:0.025945371908991256
the:0.0011777390781078953
do:0.005611858741457005
around:0.01849370650901278
can:0.02026326544775891
put:0.019433275777709213
about:0.0076954389087646215
is:0.0041980097951666235
billion:0.07449885292636259
deal:0.025752460873128977
production:0.07499492633752791
privately:0.046987960984624516
unless:0.024047354888597588
first:0.014668397104617509
volume:0.06917187500494708
engineering:0.030208980415805463
article:0.006330725627473445
sign:0.0338571255147895
going:0.03402837006327629
project:0.03009090512041446
s:0.009694316888375286
