tv:0.021526483274157175
some:0.006633732245075876
since:0.011368304678430008
incredible:0.031549096371435464
large:0.017011557499361226
agate.berkeley.edu:0.03336823005095972
know:0.007010654123058533
liquid:0.13525636600932742
where:0.010496913626328193
such:0.010926234110612493
o:0.01989192604431751
wrote:0.014633948719845802
several:0.016013928250382933
to:0.003132270818388252
remember:0.015810363843870637
most:0.01054883786344908
might:0.012085710999309352
t:0.02927583017045957
enough:0.013819025721235206
been:0.016673186218425447
that:0.003942098016300873
quite:0.015092041943803418
bit:0.015483432943498293
smaller:0.025518421983210037
its:0.023498006318570117
rat:0.10215260455927797
re:0.002124661947603242
so:0.017417226091788408
had:0.00871823003228486
this:0.011931419053895886
tail:0.032296689313416824
on:0.0028807319615868745
glass:0.031028828226404268
seeing:0.02277437309919561
a:0.004760809519930892
other:0.007836977203590402
kuo:0.035258603652242315
was:0.0352172041972142
old:0.015044960695126841
idea:0.015752138041254297
sig:0.02681327513135099
considerably:0.031172679408133192
are:0.0073058111545593815
it:0.01753237992988493
not:0.01027687514618122
have:0.008714499087744082
made:0.013213520181352282
fluids:0.03720036100293582
mouse:0.049385592923043536
shows:0.021955764986476767
be:0.003286711688281087
certainly:0.034951787241541375
down:0.040301685970792464
attempts:0.026204498782195718
things:0.012697306409887782
if:0.0038076728395648254
of:0.004419104217403151
what:0.005229784676117223
but:0.011340054924722901
years:0.012669178539661327
never:0.012522381993533298
nature:0.02166144967193051
isaac:0.035258603652242315
lines:0.020074898433491573
breath:0.06477233722874433
they:0.005300679684703089
now:0.009385877260671843
in:0.003028631282292451
5:0.0147663232211232
or:0.003831315100585712
and:0.0010846517457124712
for:0.0018485730847276932
subject:0.0001516872550682858
showed:0.024288385788408726
i:0.0021693034914249424
top:0.019213819466859745
held:0.04619827362839064
possible:0.04392565266416901
ago:0.016256623439571842
than:0.01625683275249388
the:0.003854418801080385
thing:0.01286325247230089
less:0.015618554298842485
would:0.010598291433004274
can:0.004912306775214281
because:0.01002683124371883
did:0.00934040365592594
maybe:0.015044960695126841
put:0.01413329147469761
may:0.010574008678635402
an:0.005101693969100777
microsoft.com:0.03170693480386203
human:0.03643002694587018
long:0.013524495710844232
is:0.0015265490164242267
white:0.019312324692162455
else:0.014355410371238959
slow:0.0233325460513741
nothing:0.014516227281255165
dave:0.01992201517826473
volume:0.02515340909270803
show:0.01710266289622064
article:0.00460416409270796
little:0.013325788078968547
full:0.017554900476836666
by:0.005627474288733898
upon:0.019704974901664413
s:0.003525206141227377
