land:0.11361806701679246
11:0.055203066251713014
technology:0.048109538368813466
servicing:0.08260939131392306
with:0.016709353622558494
much:0.04991991055885518
scheduled:0.07308160834012417
my:0.013574489447575732
telescope:0.0823651851230759
to:0.003937711885973802
day:0.07266580102179634
software:0.04022551269258938
that:0.014867341090049006
problems:0.039186760512739616
really:0.027877082045584655
nt:0.010201122167463408
could:0.021558702218943675
rob:0.06286689559998912
re:0.005342007182545293
big:0.03965400791239367
you:0.007939985562981741
inc:0.052300221368634305
a:0.003990011788132557
shuttle:0.13302041704800793
are:0.009184448308588935
brian:0.10674507185082224
have:0.007303580187823612
try:0.03480556674776275
writes:0.009446605585965176
but:0.009504046032148718
huge:0.06139889940059244
bd:0.06961838718492903
in:0.005076562911271156
douglas:0.06443402298936662
205:0.0805486826161438
and:0.0027271243892199276
for:0.004647840898743914
subject:0.0003813850984574042
payload:0.0818889505478246
back:0.030090810286679107
than:0.02043716117456373
the:0.003230370042810227
development:0.055532329043660025
just:0.016776979478084084
is:0.007676360768304683
weight:0.06349911001433256
division:0.05660810594457618
new:0.0246285652126221
days:0.04254646606500246
stsci.edu:0.08501828720586295
mission:0.12845693919438755
designed:0.05613710566975375
hst:0.15298468665111123
opinions:0.04079443079314346
