another:0.016186170294807144
expensive:0.029562677329466342
there:0.006699116683044871
know:0.00900638777852775
servicing:0.12662753413083097
consideration:0.03660428222787395
with:0.004268812969266769
option:0.030588403082134178
january:0.0379467846962019
into:0.013071561335637857
post:0.01885093287905971
several:0.020572637752316762
to:0.0030179543651624036
us:0.015035594059744495
might:0.015526168875025153
nasa:0.031314896478827854
been:0.010709783848331673
die:0.055003713451567134
that:0.007596451651849858
considering:0.058472554092775075
think:0.010509109689989454
quite:0.019388316657732857
nt:0.005212252202353566
months:0.024786821459706714
brought:0.028280239726537718
re:0.002729492721008544
articles:0.03074371255985158
this:0.007663977202502467
followup:0.043006253167442374
he:0.011606811733724345
you:0.00405692692999067
serious:0.026255428007587376
february:0.037537372530865816
more:0.009280430845406758
a:0.004077384309040569
was:0.012926439913888841
as:0.005840249344649769
let:0.01682582293980164
shuttle:0.03398331822394363
no:0.00821712216191613
plan:0.028507767864515376
stomach:0.041490637366141316
it:0.005005188755328058
not:0.004400802982306313
have:0.011195268901043493
made:0.01697503322567884
real:0.01866856827735947
after:0.014081851734780666
robert:0.02332417539385185
shall:0.02890348915352375
his:0.0403889571132538
heard:0.019727352988466236
be:0.01688937977043712
which:0.009429871040273851
writes:0.00482673278115009
down:0.03451628579493661
were:0.011323381733374445
of:0.0028385486943903453
year:0.018063946833647093
never:0.016087147670524528
saying:0.02201865094134627
now:0.012057769327578424
in:0.0038907963918501567
wash:0.04286721524794825
and:0.005573684883077224
for:0.0071244276550089195
subject:0.00019486829848188537
exercise:0.03643116889490084
however:0.017497072293408123
i:0.002786842441538612
we:0.009837546757036277
back:0.01537486656983604
any:0.007469250118896403
than:0.010442345125689497
cost:0.024240931418619566
the:0.002200738715296505
do:0.005243196488368589
would:0.01361532330079381
put:0.01815663722296919
may:0.013584127937517013
fight:0.031092000684228713
mental:0.03892146639419111
just:0.00857217929537143
company:0.0245702776615427
is:0.001961114064895357
orbit:0.03302905407793296
time:0.023058539706623554
estimated:0.0407329965363483
man:0.02115364480872408
stsci.edu:0.13032000228635926
mission:0.0984523986526328
hst:0.07816735814290356
him:0.017492812433308816
article:0.005914838542456942
training:0.03271392873585115
s:0.004528731977051228
