mode:0.014396185137136206
manager:0.014762775713960893
week:0.012961800016562343
at:0.0033118985430617707
out:0.013287711643764584
mark:0.011291819414632294
ideas:0.013522532470073196
there:0.006900593876519905
mb:0.017161600538686147
situation:0.013248617626972173
with:0.0021985991608629595
further:0.01333772331233604
4:0.00933935903826571
into:0.0067323454999337826
from:0.003182602460263818
ls:0.0459054946183283
wrote:0.019365225373630533
to:0.0020724799399862116
city:0.013833780445437562
design:0.04244173542209146
713:0.020979024531878637
been:0.005515941305343756
that:0.0013041527271972812
grab:0.02012956403304095
me:0.012220924966968548
clarify:0.020979024531878637
need:0.007222563877809158
re:0.0028115827276554172
practice:0.015438075582864063
server:0.03009367477554612
so:0.007682786446503158
this:0.0019736181893662366
he:0.005977944389173816
best:0.009154797293088098
two:0.007010486588922223
these:0.0124559095721725
directory:0.03169533299872478
on:0.005718144645555901
you:0.010447349424975974
took:0.012689479986528869
them:0.0165322462954764
posted:0.012832259114593592
a:0.0026250077553503664
uuencode:0.026138077611371685
sorry:0.011945175506536182
basis:0.014012061191872175
was:0.006657602512040493
as:0.006015895941481341
idea:0.010422467275416377
rejected:0.019729250196941515
worth:0.013214900822525705
shuttle:0.017502686453685256
cover:0.014752656196420624
others:0.010136572267174421
files:0.024882041839005182
are:0.009667840324830458
hey:0.014489244306884095
d:0.006849038429988854
it:0.0025778603739847515
not:0.004533157959217781
ken:0.015511551507950418
ftp:0.01426077799732735
deleted:0.013208193597738107
contain:0.017630860180538548
have:0.0019219947862693714
ames:0.019333158032814348
made:0.008742780270368426
being:0.007315052368139654
color:0.013889594385727014
binary:0.020172043564070773
second:0.010337202167865663
19:0.01540186921797323
retrieve:0.02397505451023047
command:0.015474634041104643
has:0.004002911555964477
adopted:0.02167504871659892
crystal:0.02167504871659892
be:0.004349332760432115
which:0.004856738092171119
considered:0.012943018636136134
g:0.013289481056434219
get:0.009882511092414453
if:0.0025193624803135687
of:0.0036548982249198993
trying:0.010136572267174421
designs:0.02048365130770148
but:0.01250532372651147
redesign:0.02332900091276183
again:0.009179959165819616
using:0.008287295408439551
must:0.008712257246163523
they:0.003507216633487758
now:0.01242040900660334
good:0.012180525198191723
one:0.0073933150960573115
in:0.0026718752164585032
system:0.008403091463317762
office:0.013724578620474288
and:0.0007176643129526125
few:0.008592584589873256
still:0.007675598053494537
for:0.0036693480779557215
subject:0.00010036449959405374
station:0.04664650531321981
space:0.0689664531769873
i:0.0043059858777156745
photos:0.023043339608333553
allow:0.01318148372697215
will:0.004260546409410843
program:0.010438471550316072
images:0.015999442647070615
alternative:0.03273806523582215
cdt:0.01900604759300371
the:0.004533852691663476
do:0.002700443304159762
can:0.006500496183742205
scanned:0.04727633339121518
anonymous:0.017085650511176675
forget:0.014433132839904111
may:0.006996336569322672
last:0.008196099819772549
an:0.003375556911886228
just:0.008829989198991623
long:0.017897077030891613
many:0.0069669211563086215
gif:0.03521838423538725
gothamcity.jsc.nasa.gov:0.09455266678243036
interested:0.01081607599780045
alternatives:0.019924081279139208
win:0.012742388735444891
et:0.017104494653370453
days:0.011196438438158542
time:0.011876014811306117
does:0.004580785016306485
2:0.007324847940208303
briefing:0.02434512997193443
automatically:0.017718803336834434
first:0.007058476802221958
update:0.01632271500742972
him:0.009009456027681608
luck:0.015499205360577523
ics.uci.edu:0.5901169339519327
checked:0.01692017349833166
by:0.0037234416346510002
wish:0.014045404190897663
s:0.01399480332757936
news:0.011537129760012851
driven:0.017696623930341243
