there:0.007911887806699547
k:0.0326608711745833
thanks:0.01718436762858761
where:0.01592635170891174
high-speed:0.047750304390662614
from:0.007298036676122203
zoo.toronto.edu:0.08730994671395696
to:0.002376205448432467
remembered:0.05184878453475809
look:0.040882212487515696
been:0.012648624027771027
that:0.0059811142316289105
higher:0.031998913043430104
toronto:0.03463017495810847
me:0.009341281727625385
re:0.0032236250239497458
sunos:0.04365497335697848
quantities:0.050627659387663025
getting:0.02338104803641971
you:0.004791370598351051
henry:0.15776697391233466
lunar:0.04697113144697064
well.sf.ca.us:0.10061667616014762
3:0.02018505124687603
a:0.004815531468435845
occurred:0.0439497265013602
collision:0.05000042357488347
as:0.0068975358639398136
old:0.022826836916744173
copy:0.029453551250546054
van:0.039531077849079756
dick:0.043511291870036994
d:0.01570555364118134
it:0.005911300512758138
dunn:0.049001873441046215
have:0.00881466574392505
heat:0.039397421068597296
utzoo:0.047296479101995186
tom:0.03272179502995479
between:0.020024705569365565
edition:0.042011095715043384
nh:0.052430174886443706
allen:0.07679359780525055
be:0.0049867349753230285
writes:0.005700537853599676
get:0.01133081013182002
of:0.006704847778128919
seen:0.0223488352639858
but:0.005735200191813882
never:0.018999476128119485
must:0.019978107133443942
spencer:0.08027094132207375
find:0.0182452304971844
up:0.011581554916830902
degrees:0.04358283327361196
in:0.004595164704167857
pp:0.04276119379254019
rather:0.022185203904421236
and:0.0032913570214723265
for:0.002804731576828224
subject:0.000230146180103606
space:0.02635786859925089
i:0.008228392553680816
source:0.026890241049136416
the:0.0038987224654606187
sky:0.08036753193498186
when:0.011273055541756343
svr4:0.051129977561145575
home:0.025253129757425417
may:0.016043323512412333
press:0.030925434144548847
is:0.0046322866705286875
number:0.021571248693084123
night:0.028860645229172623
temperature:0.13395675797609397
dark:0.03975854987643488
significant:0.03588730856468936
article:0.006985628278591388
u:0.03260037485856048
earth:0.030349441056842664
3rd:0.03804961011695338
zoology:0.04752040570891985
