out:0.006200932100423473
50:0.01816412257436016
send:0.015438669057243276
nowhere:0.027162995659983227
where:0.009723456832809271
your:0.01326244444401329
way:0.009117751681823912
ca:0.010823939979433268
someone:0.02319429594382126
times:0.01479197969206856
modern:0.02161330581600969
item:0.025612456105791884
to:0.0036268398949758705
remember:0.014645389665901221
look:0.012479833285662687
ten:0.021189417066093837
published:0.021579459024797635
might:0.011195184925676031
been:0.007722317827481259
that:0.009129069090380968
jeff:0.022186733099107347
think:0.007577621197518712
like:0.012259358563249192
nt:0.0037583081669602027
me:0.005703098317918656
re:0.0019681079093587924
scott:0.02011619501669214
vandalizing:0.03052657439308675
so:0.005377950512552211
anyone:0.008804814471796795
reply:0.018901034312395495
on:0.005336935002518841
books:0.019214410068664003
tell:0.012684342387486593
fall:0.020527900144180693
am:0.00860177029842824
m:0.014408575917011284
sure:0.01148444221136423
a:0.0051450152004867186
as:0.004211127159036939
africa:0.0295978563018154
copy:0.017982168131912328
alcohol:0.028301012020349733
primitive:0.029754977160497933
across:0.020311390114914958
are:0.0033837441136906603
book:0.016366834266756176
d:0.009588653801984396
hoping:0.02519397156406697
it:0.00902251130894663
not:0.0031732105714524467
ve:0.009605966836986496
keith:0.04147860072757544
states:0.018172945976082544
against:0.013596214695567614
has:0.005604076178350268
fraering:0.032390636570563666
willing:0.018820525547261425
his:0.009707521271080297
which:0.006799433329039567
found:0.014076423711878934
g:0.018605273479007905
writes:0.010440985121329932
get:0.020753273294070354
spend:0.021579459024797635
if:0.003527107472438996
of:0.005116857514887859
seen:0.01364455205590712
looking:0.027304056267438356
year:0.01302505640110343
never:0.011599680162430844
phil:0.023323443950873646
they:0.009820206573765722
up:0.007070844054486235
now:0.008694286304622338
over:0.01055758290799662
one:0.015525961701720355
in:0.007481250606083809
or:0.010647023016364505
world:0.01326974046701409
weeks:0.019160867817542684
quest:0.031322526865317925
and:0.005023650190668287
for:0.005137087309138011
known:0.017141730250875568
subject:0.00014051029943167525
balloon:0.10734596786522542
i:0.007033110266935602
back:0.01108608800035546
the:0.0031736968841644337
sky:0.04906649318135735
thing:0.011915433869078718
see:0.00931255663900619
when:0.01376499413519722
flying:0.0261468583122099
around:0.012458918069229661
would:0.0049086823479177685
can:0.009100694657239087
come:0.012637861444575833
rid:0.024301861730567535
just:0.006180992439294136
note:0.015587837362518408
people:0.007922490210911143
chase:0.031322526865317925
middle:0.021142633132318855
five:0.020899908489713775
either:0.01317664582691241
pgf:0.032390636570563666
right:0.010209861019948944
cook:0.028240860989699086
their:0.007966755887272178
cities:0.025540356924959456
wall:0.023613232251836952
already:0.01529361221735448
movie:0.026696925147659832
200:0.02187434234832217
black:0.018576591348652305
lesser:0.031009772020734763
s:0.009796362329305553
