some:0.013735727942745343
at:0.010364294264169778
there:0.010797399830319382
resulting:0.057664211528373276
know:0.014516177948921198
thanks:0.023451607587248978
with:0.006880322079877027
former:0.046951740267606575
someone:0.025923036643094352
from:0.009959673581531478
to:0.001621410776577448
astronaut:0.1558641077094784
that:0.004081230887464433
like:0.027403272082557016
exactly:0.03783979592084716
orbiting:0.07101691662059663
had:0.018051864537436884
this:0.006176263980840224
reply:0.04224937081594287
you:0.00653881164010261
a:0.0032858920608150473
want:0.022265858443672723
are:0.007563663312955595
only:0.01568866162669749
occasionally:0.06353469583565549
has:0.012526758516312365
feel:0.03583854922642562
if:0.007884122585451873
of:0.006862608902320187
what:0.03248619187046933
balanced:0.0678301524542978
please:0.02253429831653241
who:0.015212386755692333
one:0.023136727241779353
in:0.004180698868105659
or:0.01586615194595495
force:0.08409421456034756
and:0.00224586714406347
for:0.0038276336813185177
subject:0.0003140818457884505
i:0.00449173428812694
example:0.03307481345597535
gravity:0.06367392474914964
actually:0.028756636789424524
the:0.004433841235229724
constant:0.058356452705113665
when:0.015384405209926304
falling:0.06439591235357661
an:0.01056350751249102
current:0.03720289086742139
jerry:0.11482954758261471
is:0.012643417736031242
discussion:0.0404455522881199
either:0.029453678907215976
orbit:0.053235063631491955
center:0.038430950982033044
does:0.014335162521617944
experience:0.038967326762295855
mass:0.049551630831760785
feels:0.06018485392716109
understand:0.03524890897571357
by:0.011652182056672542
motion:0.12036970785432217
s:0.00729925036301198
