some:0.007783579167555695
at:0.011746200166059081
folks:0.024688105668631853
there:0.006118526570514316
where:0.012316378654891746
your:0.008399548147875083
with:0.007797698357193965
much:0.023295958260799086
to:0.0027563983201816617
signature:0.03332608877374962
remember:0.01855082691014155
declared:0.03640715845231434
physics:0.030570700203288347
enough:0.016214323512915976
next:0.0178558668249945
that:0.004625395005793024
like:0.007764260423391155
smooth:0.03666196653778233
re:0.002492936685187804
had:0.020458779809095138
this:0.006999765844952254
gamma:0.1488112140127925
big:0.018505203692450383
distribution:0.029632918006688533
you:0.007410653192116292
great:0.016808337924884512
access.digex.com:0.029816415829289133
fun:0.05488336873245114
ray:0.11567383644236454
a:0.0027930082516927903
was:0.017709222682027712
as:0.01600228320434037
idea:0.01848250863507171
given:0.018585250394541876
explanation:0.03074661190444298
theory:0.02712365904651083
pat:0.0810628046324756
are:0.004286075877341504
no:0.007504971574550066
phenomena:0.040242919418338095
burst:0.037791420884169306
it:0.0068571085947994395
probably:0.01591482476686139
area:0.02138978029772898
completely:0.023979957580263136
heck:0.03301834182866187
access.digex.net:0.03306865653289775
thinking:0.023223510225657704
writes:0.004408415940117083
soon:0.023979957580263136
down:0.01576243717968772
were:0.010342021983148661
things:0.014898172854268331
of:0.007777623422629546
even:0.011194396318440172
spacecraft:0.033987788494385225
particular:0.02260700965389205
sense:0.02190881364241994
well:0.0224382388020446
they:0.006219464163384958
who:0.008620352494892323
one:0.006555406051837484
in:0.0035535940378898095
watching:0.028397360624928897
and:0.0038179741449078986
for:0.004337984838827654
subject:0.00035595942522691063
create:0.025352304608290795
i:0.006363290241513164
person:0.01870129626049234
will:0.007555368966021896
the:0.0055275220732530555
sky:0.03107544568152632
wrong:0.01762281371219907
conference:0.058110712920405046
agree:0.020110367859762928
once:0.01788687463283271
bursters:0.039675200696069376
problem:0.014103768613637229
just:0.007829257089772574
makes:0.018619852548346496
here:0.012002672704155974
many:0.012354673517187291
is:0.005373452537813278
scientists:0.0333787899704637
touch:0.031827974668672016
new:0.01149333043255698
keep:0.01766276389417281
first:0.02503406439188055
article:0.0054022192021106735
prb:0.03277231144909219
little:0.015635591345989762
data:0.039124608309410835
