land:0.05600890627588361
there:0.006463232292796813
11:0.02721277913816839
servicing:0.040722939380102914
ever:0.01861564828753423
with:0.008237005306895032
much:0.02460840661352016
mary:0.03302682259171306
ca:0.014482736592199445
fred:0.03263108626534938
scheduled:0.03602614495639924
telescope:0.04060255604658672
to:0.004852813943981799
day:0.017910584758893466
speak:0.07574858059095199
nasa:0.030212259278869127
that:0.012214951599805523
problems:0.01931741715416742
kinds:0.03211194840692285
really:0.01374222354359807
nt:0.025143610976142202
perfect:0.0285217379868795
could:0.010627529262859559
rob:0.030990723183093233
brought:0.027284456637575123
re:0.0026333838223814828
mksol.dseg.ti.com:0.04097006135060481
big:0.019547750379348996
on:0.003570484684783732
you:0.0039140773902022665
support:0.01928842471502469
a:0.0019669072195019647
j:0.021507948306541288
was:0.006235641789446377
part:0.017248043045163922
shafer:0.04351787856613653
shuttle:0.0655734450236659
others:0.018988226923016875
balls:0.03627994732599922
no:0.007927786874524717
brian:0.02631040503365337
those:0.013069828551320847
forces:0.031021275307027026
mccall:0.08440778592691514
it:0.004828949714647492
not:0.004245845130816654
have:0.007200712861234548
ames:0.03621563406146913
try:0.01715767374889713
safety:0.02910333369821242
real:0.018011224323931322
be:0.00814734164982354
which:0.009097833327588154
writes:0.009313554803064259
down:0.016650461809529282
of:0.0027385997967005445
but:0.009370186228879017
huge:0.03026706308479909
they:0.006569856510617913
who:0.009106006156576396
in:0.005005062025196915
additional:0.030103914779999547
required:0.026357615848598373
world:0.017755286540370965
douglas:0.03176325076940608
and:0.004033071279832287
for:0.013747135052622844
subject:0.0001880067386761852
payload:0.04036779252357551
i:0.0026887141865548584
back:0.02966699605728926
than:0.010074656917038459
the:0.0031848718731931815
do:0.010117153787415446
would:0.006567955254256169
problem:0.01489834712708158
just:0.008270341996238634
people:0.010600515070937446
is:0.011352364516506926
weight:0.06260475635215887
days:0.02097361003204347
stsci.edu:0.04191042327049582
mass:0.029661187469715966
mission:0.031661921632419474
designed:0.02767322110480819
hst:0.11312247956596254
live:0.021807663901039852
built:0.05200700893063033
s:0.004369269583493087
