since:0.02106128024635454
out:0.012401864200846945
1920:0.062432393653609336
say:0.019974157623868876
british:0.04693268778665204
53:0.05775149027190991
nowhere:0.05432599131996645
with:0.006156077650416288
service:0.03834306556292992
from:0.00891128688873869
to:0.0014507359579903482
look:0.024959666571325374
that:0.007303255272304775
jeff:0.044373466198214695
re:0.003936215818717585
happened:0.03549790419724664
vandalizing:0.0610531487861735
this:0.005526130930225463
appeared:0.05005793755040683
on:0.005336935002518841
great:0.02653948093402818
a:0.0029400086859924105
was:0.02796193055057007
as:0.008422254318073879
secret:0.042070122394350616
africa:0.0591957126036308
shaped:0.0630837136927471
stephenson:0.1270829034263308
primitive:0.059509954320995866
ontario:0.049993160018044956
internet:0.030068778348574802
native:0.05567603695705781
it:0.007218009047157304
keith:0.04147860072757544
real:0.026922040568402604
has:0.011208152356700536
asked:0.03549790419724664
sort:0.03302590850169505
writes:0.013921313495106575
of:0.008186972023820575
designs:0.057354223661564147
they:0.009820206573765722
find:0.022278386712351474
up:0.01414168810897247
ottawa:0.05452275061483122
in:0.011221875909125715
and:0.002009460076267315
for:0.0034247248727586736
subject:0.0002810205988633505
back:0.04434435200142184
survey:0.05321693326041039
the:0.006347393768328867
sky:0.0981329863627147
when:0.01376499413519722
canada:0.07832858090540308
flying:0.0522937166244198
supplies:0.05830563483491435
would:0.019634729391671074
german:0.04942743079692189
people:0.015844980421822287
middle:0.04228526626463771
picture:0.043058186986267365
east:0.042859571362010705
cook:0.05648172197939817
dave:0.07381630887104404
by:0.010425636577022801
strange:0.046277505587944454
s:0.006530908219537035
