stephen:0.032060309286543444
mary:0.03692762840963192
such:0.015141867743840933
fred:0.036485151572280404
work:0.015945452472364598
planets:0.13464485849124805
to:0.0010851961890478983
remember:0.043820850968838296
most:0.014618861921000299
h:0.027820331687358396
speak:0.05646350889194321
nasa:0.033780636359050514
think:0.011336598641957128
through:0.018657191291534068
nt:0.011245331523188008
perfect:0.03189044719792826
re:0.00294441340770213
michael:0.0236590173360133
this:0.01653487994870611
best:0.01917461480284594
mksol.dseg.ti.com:0.045809044974691994
on:0.015968781897300468
numbers:0.02777749922046219
libraries:0.03948650917495064
a:0.0010996095479105473
other:0.0108606928175741
j:0.024048257161644587
1964:0.04826400264422618
harder:0.038538114268841454
shafer:0.04865778548339675
science:0.026627025402892246
others:0.02123093089030233
balls:0.04056498047473929
are:0.005062294343316736
mccall:0.09437720946159014
book:0.024485815044753334
it:0.0053992981061412905
should:0.012935528679003777
have:0.004025595379115377
ames:0.04049307115534344
rand:0.04865778548339675
safety:0.03254073531611152
real:0.020138534283450766
be:0.0045548130483265455
writes:0.010413580960906494
gives:0.028634050990520514
available:0.04253643823329496
what:0.007247575614146702
but:0.005238450568900868
reading:0.02587655154616528
years:0.017557286795121207
version:0.024570634706028226
print:0.034617031739013565
isaac:0.048862316872398795
loss:0.06702128730898871
they:0.007345823815021604
who:0.010181518694754711
good:0.01275598308157086
in:0.009793369395759317
or:0.010619078074064335
world:0.019852367627816354
and:0.004509418281387282
still:0.03215289893274877
for:0.012809010350869055
subject:0.00021021225899227005
doug:0.034028657359518
i:0.006012557708516376
hart:0.04553273536987885
ago:0.022528863979249164
later:0.02516072463746223
than:0.011264577025350088
the:0.003561037842467967
do:0.011312093211125931
thing:0.0178262396466532
original:0.024300535537586453
people:0.011852544410024547
many:0.014592134075418059
is:0.006346597485606234
study:0.0291761680979118
man:0.04563857226449132
article:0.006380573860760638
live:0.024383372235808335
by:0.007798704526119418
s:0.009770650092220761
