believe:0.014293893949541713
cs.rochester.edu:0.040654860239417015
at:0.005795822450358099
gap.caltech.edu:0.03472863296745524
corner:0.03224643407836663
where:0.01215432104101159
response:0.023102622056758827
times:0.0369799492301714
from:0.005569554305461681
beast:0.035607128971563935
to:0.0054402598424638056
obviously:0.02422298079490761
w:0.020357505625193117
measure:0.030377327163209417
need:0.012639486786166026
rise:0.032633542631149086
re:0.0024601348866984903
error:0.0247727510471842
this:0.010361495494172743
off:0.014364851631291779
reduced:0.03288758760567396
gamma:0.036713292930787615
on:0.0033355843765742756
you:0.003656572298741591
relative:0.03238894392561124
material:0.0277809180052887
8:0.019424284752459647
ray:0.028537953069662298
onto:0.02864580708134438
a:0.0009187527143726282
low:0.022340753552498815
altogether:0.03680661289783996
as:0.005263908948796174
accuracy:0.03183654010904983
also:0.009759849550523463
are:0.008459360284226652
model:0.024072049418312827
kevin:0.02964185738697181
dietz:0.13514542359803372
d:0.011985817252480496
not:0.007933026428631116
have:0.0067269817519428005
energy:0.030168454147981916
strength:0.03420203620644514
differential:0.03699732037726925
be:0.0038056661653781006
rates:0.030168454147981916
writes:0.0043504104672208044
of:0.011512929408497682
even:0.011047101630039642
effectively:0.03219960863251885
what:0.012111080302587252
detectors:0.1098638345428614
spacecraft:0.033540580751038045
must:0.015246450180786165
they:0.012275258217207152
craft:0.04032584431458371
now:0.010867857880777923
degrees:0.033260583287756496
one:0.012938301418100295
in:0.0035068362216017857
and:0.0025118250953341434
for:0.002140453045474171
subject:0.00017563787428959404
each:0.08375030912370444
i:0.0012559125476670717
back:0.013857610000444325
detector:0.03479752309816113
power:0.017775363685332512
possible:0.016953760677398566
signal:0.05928371477394362
information:0.016044876871603716
actually:0.016081013994086082
the:0.006446571795959006
do:0.009451551564559166
around:0.015573647586537075
bursters:0.039153158581647404
an:0.011814449191601798
10:0.019015603670369502
just:0.00772624054911767
long:0.031319884804060324
about:0.006480369607380733
different:0.016626426960600314
f:0.024448889594781892
paul:0.021546200599401693
is:0.007070332286596418
atmosphere:0.035607128971563935
right:0.01276232627493618
time:0.010391512959892853
does:0.0160327475570727
2:0.012818483895364531
meters:0.03851392339445236
too:0.025691024577164427
count:0.028048490635097435
article:0.005331137370503954
function:0.027059214602285907
earth:0.023161415543379926
s:0.004081817637210647
