au:0.11399931352259002
since:0.020008216234036813
pc:0.03332842061997883
at:0.008809650124544311
all:0.009540678306462913
where:0.01847456798233762
with:0.005848273767895473
my:0.009502142613303012
to:0.004134597480272492
require:0.038795210589025866
line:0.028238037488059888
ward:0.05539035309316863
w:0.03094340855029354
that:0.0069380925086895365
uxa.cso.uiuc.edu:0.08917210679463888
re:0.0037394050277817052
gamma:0.05580420525479718
these:0.016566359730989428
oort:0.13504115898325433
on:0.0050700882523928995
demonstrates:0.059512801044104065
cloud:0.11497511680597863
ray:0.0433776886658867
a:0.0027930082516927903
are:0.01285822763202451
base:0.03851635855413051
kevin:0.04505562322819715
astronomical:0.06259581464064923
second:0.10998783106609067
which:0.012918923325175177
writes:0.013225247820351248
of:0.011666435133944318
distance:0.09438272846235549
km:0.05580420525479718
order:0.02804316861132492
beyond:0.03905564197438607
together:0.03558966241450231
they:0.009329196245077437
now:0.016519143978782444
david:0.02496445239344494
george:0.11946942537165502
one:0.01966621815551245
in:0.0017767970189449048
according:0.03439526204586218
astronomy:0.04930445516784981
and:0.0038179741449078986
0.5:0.05971899391613142
for:0.00325348862912074
subject:0.000266969568920183
observatory:0.059512801044104065
the:0.004522518059934318
would:0.00932649646104376
bursters:0.059512801044104065
an:0.017957962771234733
about:0.009850161803218715
f:0.03716231218406848
unit:0.04290140817599416
is:0.005373452537813278
object:0.042299722961329625
angle:0.05343290732190768
2:0.01948409552095409
1:0.03917047783849417
x:0.030451599895461024
extend:0.05608993897923774
resolution:0.04467821994836868
arc:0.17196679615043164
article:0.00810332880316601
