manager:0.031165859840584106
at:0.020975357439391214
mark:0.023838285430890397
manned:0.048647050284259724
perspective:0.03878788368983946
environmental:0.04206194936707166
von:0.04756311746675376
ron:0.06725870374960373
ca:0.01632181425470096
from:0.006718827416112504
jpl:0.14425978020482788
to:0.00218761771442989
martin:0.03686193151789847
next:0.021256984315469643
engineer:0.03538575666453924
location:0.036435134718050814
oak:0.046914879125370686
contact:0.027619621420480696
fiction:0.08629176436915523
on:0.00402387956539119
arthur:0.042407069303101334
more:0.010090627189053378
m/s:0.04428905178952157
a:0.0011083366078145991
richard:0.02965140884745062
valley:0.04575843617948661
senior:0.04206194936707166
following:0.043449432905393034
challenge:0.03745346367553789
part:0.03887654146687741
speakers:0.0448686163531318
drive:0.02241114086353959
california:0.03158308910256298
science:0.05367670200265579
section:0.03261713591764513
l:0.026229845863121926
mars:0.4038175471781862
instrument:0.04197796437238486
date:0.028395231664947007
tom:0.030124827170434562
robert:0.02536041292823574
exploration:0.13320488477313508
open:0.026229845863121926
public:0.023521782524290425
scientist:0.039130519974483975
free:0.022916728524799486
be:0.004590962358233899
of:0.0015431792505217353
dr:0.09330582393110716
san:0.032047344711147174
pasadena:0.08903164917339322
or:0.005351678235738772
and:0.003030138210244364
for:0.0025821338326355078
subject:0.00021188061025411345
6:0.023320235179041224
survey:0.04012387825189672
information:0.019355724480029878
zealand:0.043243263871814236
will:0.00899448686431178
the:0.0047857333967558915
writer:0.04046165296950621
lane:0.043645198259264675
may:0.014770043868570086
jet:0.1211788145574921
five:0.031515735024171564
lab:0.10261216461413125
propulsion:0.12695811657152814
observer:0.08949853624015978
is:0.006396967306920569
baalke:0.19025246986701505
new:0.013682536229234498
time:0.012535793411934235
cook:0.04258542530192719
1993:0.024044887325477278
mission:0.0713649662191042
pm:0.041259599233171906
94:0.08648652774362847
project:0.03056853853502421
kelvin.jpl.nasa.gov:0.09581647480556688
