positions:0.030627557573263124
believe:0.013751087850192028
at:0.011151455853853557
there:0.005808727756817389
attitude:0.02782508247376407
form:0.021603676737227188
gap.caltech.edu:0.033409824120589855
differ:0.03448513448005439
corner:0.031021885948808406
where:0.011692764545783302
with:0.00370143909360473
c:0.01636770693309468
times:0.017787823680335612
from:0.005358052243228959
beast:0.03425495951694759
to:0.0008722779494245765
technique:0.03184124080473807
ward:0.03505718550200546
w:0.019584435791325024
that:0.004391197790309833
view:0.02155284020749767
quite:0.0168113884943633
smaller:0.028425583981297256
re:0.0023667120428998135
so:0.006467155679651393
this:0.009968020981735805
comparing:0.03388901286575249
gamma:0.03531911724987163
on:0.006417833230877088
used:0.012496604483144718
8:0.018686653685910545
ray:0.02745423333283968
more:0.008046955859624847
a:0.0017677267415777153
other:0.008729797391341207
altogether:0.03540889342070679
timing:0.03480566443460347
patrick:0.029022816648691465
are:0.016276237508891785
kevin:0.028516217233036174
determined:0.03013731669326943
burst:0.03587793121914807
mars:0.03578130164870005
requires:0.02540604294247358
not:0.007631772260455251
have:0.0032357633743522332
fundamental:0.03093210977797324
differential:0.10677707653186569
rates:0.029022816648691465
writes:0.008370410012880535
get:0.008318822628424824
of:0.008614456322532726
effectively:0.03097683868444851
but:0.0042106533053823435
detectors:0.10569179019313249
they:0.005904554585492048
craft:0.07758896627616108
david:0.015800286324965152
errors:0.02717736909889755
good:0.010253226907338603
one:0.00622348675807356
in:0.003373665225844756
or:0.0042677940360954765
and:0.002416439332220189
sensitivity:0.03374836010129229
for:0.002059170018430848
subject:0.00016896808159505252
each:0.06445593411039532
i:0.0012082196661100946
detector:0.06695219634076573
power:0.0171003498744971
limited:0.024570221917074427
signal:0.028516217233036174
information:0.015435577749897246
capabilities:0.03243418690649328
than:0.00905443849505988
the:0.006201765272061828
sky:0.0590040107877082
less:0.01739788326959669
bursters:0.03766632977474941
increasing:0.03226688781112521
an:0.011365799222300464
10:0.01829349213858332
just:0.007432839009277759
here:0.011394942440654405
different:0.031990087316598075
is:0.010202757983189769
angle:0.03381829577335929
field:0.02463580917679308
right:0.012277680973356325
time:0.00999689854369439
does:0.0077119545211235775
x:0.019273164490798116
count:0.026983358079334243
image:0.023424449347681498
position:0.02179014529881147
instruments:0.06668847372174241
article:0.01025737823185571
eight:0.031021885948808406
difference:0.020298442068572068
full:0.019554825847615524
three:0.0184714430789397
by:0.018805736863617077
s:0.007853623808304028
