simply:0.012535423524112252
read:0.009290996155319352
week:0.014130486903301572
contributions:0.02298767990952366
radar:0.020894132271138455
technology:0.013801916745151405
your:0.005163656648283863
with:0.0023968335114325713
way:0.007099888604698948
much:0.007160642908032506
from:0.0034695584197958016
wrote:0.010555635142183857
my:0.0077886414863139455
to:0.002259342885394805
ward:0.045401928764892324
1988:0.018729921491628224
most:0.007608997803143599
713:0.022870575924097206
us:0.008442116336823754
ii:0.03009344102549277
mail:0.012558670101786296
next:0.021953934620894882
that:0.00853044160904451
think:0.01770182001059699
nt:0.014632757207427018
could:0.018554620762205622
its:0.00847469080341873
me:0.00888187442954545
re:0.0015325430441728303
so:0.004187748349938197
anyone:0.006856207990333571
voice:0.014862681563262986
something:0.016316896042323958
you:0.006833594132074449
tell:0.009877151859108414
society:0.015230455813142819
missions:0.02203767329453463
them:0.012015239110920008
taxes:0.01951514769482201
support:0.011225230776776665
prove:0.016093845655383597
a:0.002289351025977697
vote:0.018667349884534827
want:0.02326964714400223
was:0.0036289390741860066
as:0.003279156394332043
idea:0.011362197931396542
worth:0.014406408273737042
houston:0.02061850838995334
college:0.016883259428560053
are:0.007904648134441297
internet:0.01170710632424019
care:0.03892643780254791
it:0.005620580815409376
should:0.006732836648497867
disagree:0.017411430421799975
texas:0.016262990457659846
term:0.01597409751604286
systems:0.012296791476568076
worthwhile:0.023232430871415556
only:0.010930624903846612
whether:0.01171089583967961
money:0.012705818716102992
argue:0.01745739382680055
war:0.028990369799778832
has:0.0043638298110104555
alive:0.018053365137696058
be:0.0023707428571207844
which:0.005294640707039008
stick:0.01732102174120681
things:0.009158712820246925
if:0.0027465181137844644
of:0.004781325874567343
produced:0.01881486464948526
kept:0.01636793287940235
what:0.011316911102417596
using:0.00903451056821689
must:0.009497788637211055
1976:0.023917078759379352
toward:0.018329763829481024
they:0.01911720542024065
increasingly:0.024474997506611237
continued:0.019566377870085253
now:0.02031042292473251
good:0.026557538546877035
one:0.004029962736785338
in:0.004369172997405504
become:0.013574683503258803
our:0.009138423864673744
world:0.02066598925190719
and:0.006258974008045736
for:0.0026667939582956887
subject:0.00010941375775417335
space:0.0501231599592312
until:0.011726089038379689
i:0.003911858755028585
we:0.0055235405971884016
back:0.008632609508473514
medicine:0.018161698158467184
pay:0.013659188778679849
will:0.0046446940364888705
program:0.045518580858755334
cost:0.01361068690307738
the:0.0030891516802830036
do:0.011775703588631094
thing:0.02783523485809373
less:0.03379752733520013
century:0.018310745880478967
would:0.003822334615181869
can:0.0035433032476955466
agree:0.01236293106132967
forget:0.015734480882846288
jet:0.020858648407437168
human:0.013138698242772853
just:0.00962613576611382
long:0.009755373955363054
eg:0.020719707621881096
btw:0.015376190657554651
people:0.012338304426828832
expressed:0.016843275105013475
many:0.015190172357197489
about:0.01614780623478478
paul:0.013422223324217449
is:0.004404469293289573
today:0.01163576338441948
itself:0.0413490472204227
center:0.013387831284724627
rocket:0.020206743921249923
02:0.02369941554087957
existence:0.01667438056137961
too:0.008002122409280724
show:0.01233634700710997
although:0.01294975187194573
article:0.0033210363947401684
inherently:0.023560474755323493
upon:0.014213424519233346
john:0.010989665572056745
s:0.0025427716428525343
