out:0.010426346009561592
there:0.008121937925461481
situation:0.03118701140508494
way:0.015330732916341091
beautiful:0.09085964957891501
into:0.015847822150286604
from:0.007491789862213943
my:0.008408975763984966
to:0.004878581097666658
property:0.08088674060101392
city:0.03256447432288842
look:0.02098379048031779
lights:0.04343917229548975
make:0.01557593348097083
that:0.003069952437473246
uxa.cso.uiuc.edu:0.07891336884481318
nt:0.006319279218782642
anything:0.020541957082472598
re:0.00330920798918735
vandalizing:0.051327868448552944
prefer:0.036340956681786205
this:0.004645862286472734
personally:0.034680040753154874
something:0.01761647183330551
m:0.012113404532000637
josh:0.09270672949615825
a:0.0037075330774683055
wondering:0.031848969042984926
hopkins:0.09876850487574722
kick:0.04901801158687489
as:0.007080656285106357
private:0.06282621457831064
said:0.019393848041269313
also:0.013128293200704128
far:0.022029894443552227
proper:0.036340956681786205
it:0.006068237694512778
not:0.005335486801557212
have:0.004524341709271264
being:0.01721950380464733
able:0.023340400231067867
real:0.02263357392918803
public:0.05245565660284236
be:0.005119126169358153
get:0.011631628099921435
if:0.011861069376343528
of:0.005162139439798371
aircraft:0.04976630705614979
seen:0.02294216717364914
but:0.00588746214380894
defines:0.049260480384999805
they:0.008255925880599502
find:0.018729617147552124
up:0.011889029826127297
one:0.017403732880984468
in:0.0015723867424291193
or:0.029836790163853332
use:0.01471486307741016
and:0.0033787381813344237
word:0.02715819925808335
for:0.002879193477098
subject:0.00023625625568157783
however:0.021213264638910736
i:0.0033787381813344237
the:0.003335190309686075
sky:0.12375177483793667
see:0.015658281074435187
dictionary:0.04363226121048656
would:0.008253536691189169
agree:0.02669517857490654
people:0.01332100123958511
many:0.016400009093611445
is:0.009510535465156244
attributed:0.0475857724235969
jbh55289:0.10937236736975905
natural:0.037054058333638756
satellite:0.0433127478950696
before:0.018815878470996854
especially:0.05531496827428923
