some:0.012036462630240764
rating:0.05669376268729226
folks:0.03817748299272967
there:0.014192458539852796
know:0.00636018106009434
all:0.004917875415702532
fax:0.031532405565808136
with:0.009043722321487846
journal:0.025529645743810718
from:0.008727549014744079
work:0.020877035711240242
post:0.013312256723872064
several:0.014528099856017508
to:0.0035520596909557494
harris:0.02998839542157672
most:0.009570079711170298
713:0.05753010851010018
published:0.02113452172531727
day:0.013109809462695217
software:0.05805744099961353
next:0.013806082596645232
been:0.007563094779491955
that:0.010729009034055985
think:0.007421381585198738
finds:0.027103777957992067
and/or:0.020829804263628713
could:0.007778913171783801
dynamic:0.02841426320739537
re:0.003855056729671861
effort:0.02093998395220981
description:0.022551753924669595
error:0.019409578140061848
this:0.002706095043151644
93:0.018871213895898978
d.c:0.029632762063396555
extremely:0.02277397105690531
on:0.007840342658339536
you:0.00572988648874971
am:0.008424414209800854
them:0.007555975110990932
a:0.0021595424626490644
other:0.007109834988824283
low:0.017504095566906287
as:0.008248599589866169
worked:0.01981527752873376
washington:0.019789759460899455
shuttle:0.07199558654660225
based:0.01557166500979661
team:0.01651146684894071
are:0.0066279523876415
no:0.005802813073105721
those:0.009566575537564743
early:0.01805536648862516
magic:0.026555425362329327
it:0.0070691841183499375
have:0.002635312438905427
received:0.019944797889957584
systems:0.015466067630322735
reliability:0.02834688134364613
doing:0.013818056212192346
references:0.042570799969192406
has:0.005488528215910057
familiar:0.04749132412052664
be:0.005963518114819292
rates:0.023637139332439442
if:0.003454383607027883
of:0.002004542119234419
what:0.004744546922663047
formula:0.03111565934407584
present:0.01868299114860466
corrected:0.029381266371801548
well:0.00867457685646054
together:0.018345186811599128
who:0.013330442002410807
david:0.012868274429610794
errors:0.04426829193428673
one:0.010137225853356932
in:0.001831749504066912
our:0.011493687747321615
message-id:0.029141472476776325
5:0.04018875598326314
and:0.004920069774365848
subject:0.00041283953956729327
flight:0.024234210546486456
space:0.015760375038727337
i:0.0039360558194926785
vnet.ibm.com:0.08464411159877337
specifics:0.030272208706025313
we:0.013894267069216185
controls:0.025687051536903923
the:0.0034967923143822046
collect:0.02721006294357318
ibm:0.0406233718465945
level:0.05444126540093426
would:0.004807472402599876
can:0.004456525734215017
did:0.008473768265169924
put:0.012821955152302986
may:0.01918583017979207
an:0.004628340920421323
just:0.006053549296215907
during:0.015094688194858095
people:0.00775913989728411
many:0.009552582616381925
interested:0.04449086931054
is:0.0069245522394501
periodically:0.030272208706025313
papers:0.02382858029609643
late:0.01986669580222252
dedicated:0.02808583117447729
escape:0.022401712253751704
article:0.004176973609879386
94:0.02808583117447729
process:0.0372841621982842
project:0.03970758613827888
differently:0.026847275331398954
