obvious:0.019726401609753908
reference:0.019136579810350537
effective:0.020707515044125865
large:0.015354021127628592
contributions:0.028764071271403967
out:0.006041933841438256
there:0.009413117800791255
help:0.010974834461752805
own:0.01162302890024613
your:0.006461190882980834
from:0.008682792353130006
1980:0.02757534504546897
212:0.029834608778389147
to:0.0007067688000465799
remember:0.014269866853955036
look:0.012159837560389285
might:0.010908128901940749
been:0.007524309678058663
sources:0.019739174231869046
helps:0.021692165621194682
like:0.005972508017993196
talking:0.016716365027498813
re:0.001917643603990618
started:0.016816640389686693
so:0.005240054345563692
anyone:0.008579049998160981
this:0.005384435265347887
something:0.010208519575197552
on:0.002600045257637384
1983:0.025883640291919446
you:0.014251256138685175
henry:0.023462780735680536
am:0.00838121208564803
m:0.014039125252472534
more:0.006520097568311414
sure:0.011189969334149761
a:0.0028646238478900413
j:0.031324396507988336
as:0.012309448618723361
following:0.014037509092511597
objects:0.02405030157960643
local:0.031347522583753354
julie:0.03537775088899791
are:0.006593962888217697
no:0.005773055057346204
those:0.009517516175833641
not:0.009275538593476384
thermal:0.028914911708359317
have:0.005243596032283619
area:0.016453677152099215
date:0.01834768815273499
against:0.013247593805937674
hope:0.01481262326994895
after:0.009893403526486929
bb:0.028914911708359317
references:0.0423524881744786
has:0.005460381917366928
johnson:0.02367873707080939
sun:0.01860765284153252
get:0.013480758720934589
things:0.022920265929643586
if:0.010310006457898604
of:0.0069799184562060025
measured:0.028838936909461158
seen:0.013294691746781297
what:0.009440431825606475
but:0.006823417664106772
density:0.028690282874213713
groups:0.01887069537685329
they:0.004784203202603814
up:0.00688954036078146
in:0.0027335338752998537
our:0.011434745758873812
or:0.0034580074754004377
total:0.01877443844002257
nearby:0.027288778592164064
and:0.004894838647317819
few:0.01172116667131429
subject:0.00013690747124111947
al:0.03907706852022802
however:0.012292814893317502
space:0.0156795526026313
i:0.005873806376781383
will:0.005811822281555305
background:0.04540512820837552
than:0.007336416831894672
warm:0.0271242231329256
the:0.005025020066593686
sky:0.07171256695736844
see:0.018147546270883858
would:0.0047828186979711595
can:0.013301015268272515
correctly:0.022350274200155788
an:0.009209211677556273
moses:0.062378464480281746
myself:0.017091497753835297
just:0.01204501090734242
note:0.015188149225017936
radiation:0.11476113149685485
about:0.005051365027291649
different:0.012960086656467936
is:0.0013778083430290456
involved:0.01846603660033778
et:0.04666457002868247
night:0.017168383828636023
field:0.019961322307350288
average:0.019894979789244035
128:0.029566989531360582
temperature:0.1593741941048913
does:0.006248660586346283
appropriate:0.02073850127210516
various:0.018279892196693275
dark:0.023651239926494597
function:0.021092310869474145
microwave:0.030415781523553266
models:0.02288822076400294
three:0.014966605161397296
give:0.01211916036592824
by:0.005079156281113672
manner:0.023384085506579715
s:0.0031817245172103504
