sent:0.015197035323510797
reference:0.01541997133478659
report:0.03136965473946079
at:0.04368421549360815
recorded:0.02241429667241502
activity:0.01844298780570485
tomorrow:0.041781889749908985
all:0.003942429052257401
take:0.01756817463087358
with:0.002416642052849369
powered:0.022888575658334145
ron:0.03501899451425649
4:0.01026557646354826
active:0.018462074358830034
ca:0.00849813469459637
array:0.022566420528294013
from:0.006996464912646079
gain:0.05684634335322213
scheduled:0.04227861639511316
bits:0.018220571896556997
via:0.028249846104261532
execute:0.02404028393299952
to:0.0051255340664535035
antenna:0.07008403711356952
approximately:0.021403559125656887
began:0.018519868747155405
been:0.006062976806700163
that:0.001433490187745772
provide:0.013954362306956255
its:0.008544729570389133
performed:0.0204971011567548
cal:0.022172576810094324
on:0.012570466741469999
am:0.060781104174844176
state:0.01098228672289511
28:0.01827506364978821
3:0.01935095822014562
m/s:0.023059588948263297
a:0.0005770678205976839
series:0.014823761821353993
low:0.014032208842891818
occurred:0.021066811050238773
was:0.007317860612408146
as:0.0033062568604009025
part:0.020241505061266755
ending:0.023686886522098025
science:0.013973686884988906
team:0.013236465159894618
are:0.0026566586016579566
27:0.018256819772891033
digital:0.017063502466990347
mars:0.07008403711356952
place:0.022474608407573766
instrument:0.02185629549967146
systems:0.012398417852407482
per:0.014614979816417427
between:0.009598619198538867
magnetic:0.025131819367055663
spin:0.02426780367342525
shortly:0.04647597270532997
second:0.011362379242364738
after:0.007971957387045253
points:0.015145273919299308
command:0.01700930849146213
has:0.004399894520192359
status:0.01818463922313735
sun:0.014993769851648105
be:0.007171007319886008
which:0.0053383980682542055
of:0.004820840964439801
spacecraft:0.06320043315071631
maintained:0.02203405328927348
mag:0.06817307827273573
using:0.009109175944813723
beginning:0.033471791687081726
playback:0.08488472887149226
in:0.0007342136441921094
star:0.01897035939865456
pasadena:0.023177660735222205
better:0.009240561451658691
and:0.0070995386992089024
for:0.0026888335777857353
subject:0.00011031800368602602
flight:0.019427424983546996
transmitter:0.02532862948684597
purpose:0.015540832612167715
tape:0.01714614985007576
back:0.017407906777417666
rate:0.03210475792967976
zealand:0.022515087801027248
will:0.009366159875233756
currently:0.014871626040732631
normal:0.015588275514539434
the:0.005294959161080124
effect:0.01432385725050581
sequence:0.04296454135024513
ends:0.019550052124646652
jet:0.021031033931465572
engineers:0.022566420528294013
e:0.012854916099395979
lab:0.017808722784270713
propulsion:0.02203405328927348
observer:0.0698976171462405
is:0.004440869865961387
baalke:0.0990570710877847
tuesday:0.0207554497393223
morning:0.03545570923635881
yesterday:0.018166789383697205
field:0.01608453656997234
new:0.007123965144146888
evening:0.021944218633751143
friday:0.04118419833189555
2:0.016102558281780237
their:0.006254890985874851
1993:0.01251923885541379
pm:0.08592908270049027
engineering:0.01597830369100454
update:0.017941496661059115
successful:0.019806795021783043
activities:0.017464170681216782
april:0.028116974065191012
before:0.017571853448121028
project:0.01591585064220269
data:0.0363761854116423
upon:0.014330890837574118
high:0.023118378724310093
kelvin.jpl.nasa.gov:0.04988791663430342
appear:0.01631693210023216
s:0.0025637862845290012
