perform:0.022276146395599418
belt:0.0274269212361135
read:0.0108469046023824
at:0.004215143600260435
out:0.011274422000769951
say:0.009079162556304036
andrew:0.018016546216133963
know:0.005903708735207186
all:0.004564917849982255
where:0.008839506211644792
from:0.012151754848280032
planets:0.10909025217472727
single:0.015557065409150118
to:0.004615978048151108
besides:0.019378405713573632
look:0.011345302986966078
discovery:0.02783611823820997
day:0.012168914046712305
might:0.010177440841523664
t:0.012326665334930344
enough:0.011637074291566489
perhaps:0.013820390132249021
that:0.006639322974822523
problems:0.013124752324841019
like:0.016717307131703444
nt:0.006833287576291277
anything:0.01110641698717418
re:0.005367567025523979
had:0.007341667395608302
gamma:0.026700576676936448
something:0.009524695297433123
oort:0.19383898418648948
detect:0.024519624551320278
you:0.0026593253081757025
none:0.01733258484412102
cloud:0.11002403522103218
m:0.006549352689550584
ray:0.0207548749597544
sure:0.010440402010331118
a:0.004677286545897017
how:0.006293602857555618
other:0.0065995597503919175
same:0.009292312681955083
was:0.004236656144025768
also:0.0070980724003807
stuff:0.01398763900800776
stars:0.09537393297912652
are:0.0030761310124460548
likely:0.031640275645260556
it:0.00164045660162666
not:0.002884736883138588
ones:0.016232679331946682
have:0.009784700730098619
whether:0.01367205064536758
comets:0.0318901749864741
expect:0.03307388596323816
able:0.012619450842634779
b:0.014645494480929385
heck:0.02369737451817837
has:0.005094614707591153
fraering:0.05889206649193394
ancient:0.02194069392580503
heard:0.012931327078563993
be:0.0027677572111840733
g:0.01691388498091628
writes:0.0063278697705029885
if:0.006412922677161811
of:0.003721350919918443
short:0.016569272084312286
even:0.008034255730937922
what:0.004404029200940819
but:0.00318317331220292
phil:0.04240626172886117
seems:0.011275057843928602
together:0.017028546609809715
they:0.008927460521605202
find:0.020253078829410433
planetary:0.026978027670478785
clouds:0.05889206649193394
good:0.007751243307940187
over:0.00959780264363329
in:0.0008501421143277056
star:0.021965679303705278
point:0.021067329772823547
system:0.032084531041758735
or:0.012905482444078187
nearest:0.02877731581833463
nearby:0.05092164426288988
and:0.0027401728312736115
subject:0.00012773663584697749
cause:0.015088522169100796
until:0.013689788159639445
i:0.0018267818875157408
period:0.01813880973012735
we:0.03224267717019067
survey:0.02418951511836836
solar:0.023555595582262716
walker:0.0233171631719858
source:0.014924727089472845
the:0.0032458263588045345
see:0.008465960580914717
would:0.008924876996214125
can:0.008273358779308262
did:0.007865603078674475
maybe:0.025338881170739944
bursters:0.028475024423016297
needs:0.01602558163956625
come:0.011488964949614395
an:0.004296163342400654
about:0.009425992156190157
is:0.0038565448835980467
pgf:0.05889206649193394
sorts:0.023806535655815548
else:0.012088766628411754
right:0.009281691836317222
time:0.007557463970831165
first:0.008983515930100675
every:0.011637074291566489
very:0.008340873166427978
ac:0.04921167499261834
close:0.016626379024739426
somewhere:0.03712460343447451
john:0.012830040189386821
s:0.00890578393573232
