ideas:0.07052928700077393
oxygen:0.11880217193338768
passage:0.10048238296521447
fluid:0.11793056874572427
with:0.011467203466461712
from:0.016599455969219128
my:0.018631652182947083
to:0.005404702588591493
re:0.007332166721140599
had:0.03008644089572814
this:0.010293773301400373
books:0.07158309633423844
a:0.0027382433840125392
was:0.017361983021595796
idea:0.05436031951491679
forever:0.0925320867277995
travel:0.1003080898786018
book:0.06097448060164065
it:0.006722655485097489
won:0.0847380291109566
fluids:0.25675543280457663
war:0.06934951207005915
certainly:0.06030896622069884
of:0.007625121002577986
one:0.019280606034816128
in:0.003483915723421382
required:0.07338787157845036
recommend:0.08603488798359474
and:0.0037431119067724496
for:0.006379389468864196
subject:0.000523469742980751
i:0.0037431119067724496
favorite:0.09475421781225052
the:0.008867682470459447
would:0.0182872479628309
people:0.029515159609276812
is:0.005268090723346351
protect:0.08096799209826791
very:0.0341812253290872
by:0.01942030342778757
high:0.05484948677728473
devoted:0.1123965987911318
plenty:0.091398369651548
