another:0.015188392673894375
mode:0.026228666071768703
there:0.0062861574354599135
11:0.026467223545341857
servicing:0.039607242410785025
consideration:0.034347853871361175
hand:0.021624927777073106
much:0.011967101846300898
c:0.017712997913896984
into:0.012265780157413605
mentioned:0.024076463142409847
loads:0.07765360455651227
scheduled:0.035039127286360904
my:0.00650831685842672
to:0.0037758881098378925
most:0.012716407287445464
martin:0.031812351857912376
engaged:0.0367518053975536
might:0.01456907627314004
t:0.01764570585616741
been:0.020099183386595058
that:0.019008472626546674
r:0.02123438196389815
bay:0.0328304410635034
nt:0.009781897968800527
could:0.010336364077575735
its:0.014163181890645
re:0.002561236320398428
michael:0.04116020824210533
so:0.00699870272181452
this:0.0035957701258316366
big:0.01901219557443532
on:0.006945326373140957
assume:0.023777318871843672
optical:0.04035518276670962
cycle:0.034627456573554705
a:0.0009565096752372569
as:0.005480233974089167
also:0.010160939258079222
considerably:0.037578024491996175
speculation:0.03766640397717362
are:0.008807005227414047
it:0.007044974583698053
not:0.008259041213369381
thermal:0.03861923139130182
have:0.003501716528408581
due:0.022706455376017003
probably:0.016350847363213756
components:0.033331278493838754
only:0.009133809851159497
expect:0.04734549428984093
ring:0.03413210957643398
has:0.01458595169707604
regarding:0.027102714870348474
be:0.007924126810102346
structure:0.031552455066377286
were:0.01062536505118013
of:0.002663569665284091
even:0.023002184215972953
but:0.004556734398975412
advantage:0.029201168332430204
order:0.01920764973378419
launch:0.031552455066377286
they:0.01277972088366772
removed:0.03162571047128652
in:0.0024339685191026093
fully:0.02875105140327257
and:0.002615050784183492
for:0.006685250607782342
subject:0.000182855869123413
i:0.003922576176275238
we:0.009231122641876506
solar:0.03371999641570485
yet:0.018014169470453176
the:0.0056789610341640975
landing:0.038222058393696696
do:0.0049199857459349084
less:0.018827846278056695
views:0.02774032050778691
would:0.012776022549375014
can:0.005921684879710365
panels:0.04181801907012098
return:0.025276491149431018
put:0.01703739246264917
is:0.005520670415561587
discussed:0.031094489688095597
issue:0.02144767128400584
new:0.011808216197832512
repair:0.035039127286360904
days:0.02039899057911077
items:0.031737083901915146
their:0.010367696017682972
involve:0.03382072345262057
mission:0.030794471724681947
hst:0.14669764473394228
position:0.02358111614528912
by:0.013567609244070768
especially:0.021406134982858503
