involving:0.03226798267226063
hmmm:0.029747922630657973
there:0.005495682548366153
scheme:0.054979963766160524
manned:0.07340752497984103
all:0.011425962043668159
modify:0.031995752887369874
own:0.013571800212862247
your:0.007544504324438699
way:0.010373489937404452
much:0.010462256703951685
into:0.010723376664565189
followed:0.026616393419181317
wrote:0.015422604638879409
goals:0.02764882472340019
via:0.020468451368955958
to:0.0066021516651057766
within:0.019379941415106693
us:0.024669178277664624
direct:0.023914824087270505
nasa:0.025689465973649198
make:0.010539404091914393
13:0.023579272781236303
really:0.011685004450245066
decade:0.03376292085706627
australia:0.02777900428409723
anyone:0.02003490718133403
apple.com:0.13171964025550537
aw:0.03628090280600462
93:0.02192224847787067
upper:0.03130526877652559
apr:0.022318612437353287
two:0.011166403788343182
relative:0.02947975734546652
lunar:0.06525330835746819
ta:0.02764882472340019
consists:0.03255318057039988
why:0.021314042876095885
more:0.007613287579764826
a:0.008362300154768833
how:0.007876425133108529
practical:0.028740570572465787
low:0.02033409904179533
was:0.015906487438947046
surface:0.05467048794359899
let:0.013803220016483982
equipment:0.024161424625991555
21:0.024288640845235483
shuttle:0.027878530519043584
those:0.011113267390943475
early:0.02097449759756456
plan:0.023386611960710218
compact:0.03505458895782491
it:0.0020530265253890538
not:0.0108307187169335
precise:0.033852968026913816
have:0.0030613809170518137
craig:0.027335243971799494
stage:0.029886647536535423
of:0.00465725953450871
but:0.003983731869762936
year:0.029637852888738346
supply:0.02417943373415895
lift:0.03292991006387634
plant:0.0335006297034232
one:0.0058880892681175
in:0.001063950310745452
st:0.022974534388738324
world:0.015097309513369324
total:0.02192224847787067
and:0.003429318094228651
for:0.0038963935678092694
subject:0.00015986201731747483
flight:0.02815231644322379
6:0.017594907979396376
contest:0.0361463348068905
back:0.012612914491422381
cost:0.03977254615989079
the:0.0036107928622230085
original:0.01848004798367353
got:0.013246430069644157
would:0.0055847284197866835
ralph:0.06633575220738759
joint:0.03255318057039988
return:0.022098010226448677
gd:0.040431484725525255
an:0.0053766355602499205
10:0.0173076153167435
about:0.011796600961938582
dynamics:0.034037229456056056
moon:0.08256424545557868
general:0.0176552716352548
billion:0.08565137581953064
recent:0.022743084362185757
carry:0.02330813083792399
9:0.021322357219311538
02:0.03462669096990787
crew:0.0335006297034232
1:0.011727687975597059
first:0.011242843289766715
guess:0.01794106145470451
mission:0.05384422600962353
article:0.004852292696506593
titan:0.03765121162294383
origin:0.029017294184173162
give:0.014151115397341358
iv:0.03160929467696525
project:0.02306368775696438
by:0.0059307513462105756
s:0.01486074924206032
share:0.024437419279885367
