some:0.00997894765071243
24:0.03130840810998684
at:0.0075296154910635136
bbs:0.06918021626932755
user:0.03232173917600868
operations:0.0398403149763158
service:0.03113325836306276
from:0.014471320588550012
bits:0.03768699486296405
via:0.02921565280868073
to:0.0011779480000776333
stop:0.028409855680176392
0:0.03132612212367891
most:0.031736674597727145
tracking:0.04972434796398192
software:0.04813309211079071
bit:0.0232913179321
updated:0.0879080348158738
this:0.004487029387789906
93:0.03129073073337096
directory:0.03602973751137091
on:0.008666817525457948
set:0.022644569095093346
parity:0.05218316909604842
8:0.025234968225417664
a:0.002387186539908368
air:0.03294135885154846
below:0.03172541806015293
as:0.0068385825659574235
also:0.03803838799178375
shuttle:0.11937729735077636
daily:0.07621547589285375
are:0.02747484536757374
no:0.00962175842891034
27:0.037761969102902825
ftp:0.03242193972041945
orbital:0.09211543771397479
sets:0.08129066781689999
1200:0.04794011878567328
be:0.004944113308867276
of:0.00332377069343143
institute:0.033268870512250484
available:0.046172031244687696
dr:0.0334943983342436
using:0.018841201526879667
in:0.001518629930722141
system:0.019104464352500215
or:0.005763345792334063
force:0.030547043750553605
and:0.006526451529757092
for:0.0027807595120690086
subject:0.00022817911873519915
space:0.052265175342104335
300:0.03555145842036198
elements:0.12567840974132635
possible:0.022025398486876773
55:0.04201578390909255
community:0.034773921854501066
the:0.005153866734967884
when:0.011176704639690052
anonymous:0.038844299452760654
bps:0.04972434796398192
may:0.015906201089229324
current:0.08108322368540559
90:0.03446119153456695
provided:0.03451252507354312
2:0.016653073094832556
carried:0.03846808675689079
1:0.03347904088760186
mission:0.038427289502594573
professor:0.04380001308740118
satellite:0.04183197018925526
element:0.13644389296082032
2400:0.04757636139747845
assistant:0.047817138123689526
documentation:0.07653204081195182
data:0.025079877121417203
9600:0.050194944350161634
