since:0.013894594606970009
11:0.026834823872360494
servicing:0.04015734299982371
hand:0.021925273996199122
extensive:0.036804205696187704
high-speed:0.0384655229813671
into:0.01243613821515546
someone:0.015301792462937638
scheduled:0.035525781832004805
zoo.toronto.edu:0.07033301263068754
mechanical:0.03673071882583675
telescope:0.04003863165705079
to:0.006699579250441539
design:0.026133105607121128
most:0.01289302405532665
that:0.0024090598988505334
problems:0.038098239387385734
indeed:0.025612793809059828
bay:0.03328641941160761
toronto:0.027896529827365152
its:0.014359892750237292
finding:0.030962537081471835
re:0.0025968090470706285
exactly:0.02233599064772228
michael:0.020865938900511728
sunos:0.03516650631534377
had:0.010655614483903716
this:0.0036457113775792984
henry:0.12709006231826958
a:0.004848972659188872
collision:0.04027811899087835
as:0.016669045004521217
possibilities:0.0385600066761989
odd:0.03374648458897706
considerably:0.038099941498829455
are:0.008929324744461465
no:0.007817678723489652
dick:0.03505076289530758
reason:0.01855702725005922
it:0.009523761937221443
not:0.008373750119110623
expose:0.04118803747981171
dunn:0.039473731383065
have:0.0035503514801920335
probably:0.016577942465480614
utzoo:0.038099941498829455
between:0.016131012819766706
expect:0.024001535299711028
stated:0.02695899349234555
be:0.012051276190363985
writes:0.004592099937621961
of:0.005401127376826073
even:0.011660829498375177
costly:0.04191970772743551
order:0.019474422646753416
well:0.011686582709398227
spencer:0.06466270273167053
they:0.006478608503525997
in:0.004935547274846957
fully:0.029150371561651355
rather:0.017871414256339327
and:0.007954112801891455
for:0.006778101310668208
subject:0.00018539553397234928
i:0.0013256854669819091
solar:0.0683766593985126
the:0.004710956312431581
thing:0.015721753021701087
svr4:0.04118803747981171
would:0.025906934614010446
contributed:0.039694208454694034
return:0.025627553526506447
may:0.012923788384998825
arrays:0.044073561396212164
pinch:0.042737645475049275
worry:0.030530298825380022
is:0.0018657821311851659
days:0.02068230989270953
items:0.03217787673388619
lot:0.017212176307398547
their:0.010511691795706346
involve:0.06858091144559171
mission:0.031222172720858088
designed:0.02728887081168585
hst:0.07436755601095685
position:0.023908631647307027
article:0.005627311668865285
u:0.026261413080507053
thus:0.023134410228307676
by:0.006878024130674764
especially:0.021703442413175983
zoology:0.038280326821074316
