say:0.027500651800978892
saw:0.0492373997555863
much:0.025321693761738137
work:0.029348876289714547
reduction:0.0810812342097344
to:0.003994780174176322
civil:0.12096288346494243
nasa:0.1243519077565048
reduced:0.07244801907336873
two:0.02702593380656973
on:0.02204386196692565
you:0.008055057817517709
disclaimer:0.05440660184165488
them:0.02124433581930784
how:0.038126463687800705
as:0.011595857394449542
budget:0.0683932814944605
standard:0.04411658754293097
shuttle:0.06747412458956925
stars:0.07222156519071538
are:0.009317556255090224
d:0.026403539454739645
care:0.04588430349672314
it:0.0049689192715937965
shooting:0.06910038532300299
only:0.01932661214883024
were:0.022482656485105786
if:0.00971232492410738
of:0.002817979500952734
fraction:0.08567064883763344
what:0.026679481246279165
but:0.009641785829716091
they:0.01352057426822817
in:0.0025750681433984127
force:0.051797161142243066
opposed:0.06488586068839393
and:0.00829994379327804
for:0.004715200911769188
subject:0.00038691241872490284
space:0.0443117790943928
costs:0.05965583557875124
i:0.00553329586218536
program:0.040241064237450365
the:0.0032771869999524044
wrong:0.03831046459173711
last:0.03159655872549997
rules:0.059703120298096414
eg:0.07326969072085489
is:0.015575224747284865
hardware:0.05144465396629785
wish:0.21658420375529153
