tv:0.05828709317310251
week:0.053043673913932055
thanx:0.07465642793449688
saw:0.0522673935866993
nasa:0.0660021664246064
that:0.010673988474906979
nuclear:0.07508085803478655
nt:0.0109858238726529
this:0.00807665289802183
american:0.0496466956521264
used:0.03037636166672101
particle:0.0981132999957124
them:0.022551679562034476
8:0.04542294280575179
particles:0.09860174150824443
a:0.0064454036577525926
other:0.021220122889721707
said:0.033715458902514345
scale:0.07444852456270114
it:0.005274698919076492
not:0.009275538593476384
60:0.06264091199063104
types:0.06302918787662892
has:0.016381145752100784
heard:0.041579190144921147
anybody:0.09352600445885216
if:0.010310006457898604
of:0.005982787248176574
industry:0.07007435956656151
they:0.014352609607811442
in:0.0027335338752998537
government:0.041409460594096885
system:0.03438803583450039
or:0.010374022426201314
and:0.0029369031883906913
for:0.01001073424344843
subject:0.00041072241372335844
however:0.036878444679952514
space:0.0470386578078939
i:0.0029369031883906913
developed:0.06518920517269286
program:0.08543487484258692
the:0.006957720092206643
see:0.027221319406325786
did:0.05058187825978355
about:0.015154095081874947
rocket:0.2275590238516145
full:0.047533268983434664
give:0.03635748109778472
s:0.009545173551631052
