seemed:0.03733701678171411
fast:0.03081237101723927
servicing:0.05117395922101428
much:0.01546191919964541
suits:0.052666195614251385
tight:0.04600627879097045
to:0.004878581097666658
mercury:0.04950978018116525
discovery:0.05148450187421136
enough:0.021523438291481383
nasa:0.03796584794335766
make:0.01557593348097083
that:0.006139904874946492
13:0.03484724384483595
months:0.030051279114865662
could:0.013354948277221746
need:0.01700178753537377
package:0.0688011156293133
described:0.03672007313025074
this:0.004645862286472734
bus:0.03581453674120054
carefully:0.04115171284629047
on:0.004486803763179557
why:0.01574975734649563
a:0.004943377436624407
how:0.011640380506452427
test:0.03164513145114753
was:0.007835939239835272
given:0.04934137272887223
voyager:0.05935934678399897
pat:0.0358684976249892
no:0.02988705494289849
it:0.006068237694512778
not:0.005335486801557212
should:0.014538160550738758
able:0.023340400231067867
real:0.02263357392918803
has:0.009422782954748238
access.digex.net:0.043896446725085504
be:0.015357378508074459
get:0.011631628099921435
down:0.020923589176576617
if:0.005930534688171764
of:0.003441426293198914
what:0.008145505336253373
gear:0.08992790208359781
using:0.019508146713671865
they:0.008255925880599502
cheaper:0.0390210477784672
in:0.0031447734848582386
or:0.005967358032770666
clean:0.03842338222987881
use:0.05885945230964064
better:0.019789520984968167
and:0.0033787381813344237
for:0.002879193477098
subject:0.00023625625568157783
space:0.054115270044479705
i:0.0016893690906672118
faster:0.03451593829552506
the:0.004669266433560505
do:0.006356795742535368
would:0.008253536691189169
extra:0.03437766114594028
an:0.007946001226210059
ready:0.03730512644982652
is:0.002377633866289061
9:0.031511802262168376
spare:0.1353496001988792
build:0.06604660288528061
mass:0.03727335062566077
handle:0.035950060944501795
mission:0.11936264261425393
hst:0.18953854983323518
prb:0.04350306829525512
before:0.018815878470996854
s:0.00549058655624795
