go:0.017685747743582975
out:0.021421401801462906
11:0.03512922397836283
servicing:0.052569612654314674
knows:0.031763285555829406
means:0.025769047458534113
take:0.01932499209396094
own:0.02060446032316359
much:0.015883607905090285
into:0.016280035481658055
array:0.049646125162246826
scheduled:0.046506478034624474
to:0.007517449964131804
then:0.029016006359560056
enough:0.04422088230795265
next:0.024348909306810683
that:0.003153678413040698
motors:0.05617762505810352
higher:0.03374430830034447
bay:0.04357494904792269
months:0.030870859454361996
its:0.018798405054856093
re:0.0033994591161651865
so:0.009289187248953818
on:0.009218342277077999
you:0.02021087234213534
fix:0.03954580871982258
a:0.002539098410629809
rpi.edu:0.05373886154360642
pointed:0.039324068236875676
also:0.01348633756072333
shuttle:0.04232467815163889
boost:0.05226141672999029
pat:0.036846729378397995
have:0.009295465693593687
develop:0.040959657480179226
greg:0.03981153270450384
access.digex.net:0.04509362254486056
writes:0.0060114762819778395
of:0.0017676416869612604
what:0.008367655481787556
but:0.006048029293185548
wear:0.04455870890828844
lift:0.04999359073333953
up:0.012213276094112588
in:0.006461080068890563
yes:0.02424405336821717
and:0.00867721396569977
still:0.018560991656632247
for:0.0029577169355643087
subject:0.00024269960810925723
payload:0.05211115034861565
room:0.03625480436653278
the:0.006852300090809573
moore:0.05139496054995097
can:0.015719381680685696
long:0.02163919313735077
is:0.004884956852557526
orbit:0.1234085566002768
else:0.022968656593982333
days:0.02707502385954702
carry:0.03538598045393915
9:0.032371215051136604
mass:0.03828989655181515
mission:0.081745324941883
improvement:0.0463469843105253
hst:0.1460308372578789
significant:0.03784479812276332
article:0.007366662548332736
prb:0.04468951561239844
going:0.019798324400451657
while:0.019730386417077476
god:0.0241198021070475
