at:0.006623797086123541
out:0.008858474429176389
there:0.006900593876519905
final:0.02899735637019996
technology:0.02532080966779656
search:0.032083844356200875
anyway:0.0229211565537183
thanks:0.014987869510647841
with:0.008794396643451838
ron:0.0318593859866544
2-3:0.04374247151718709
jpl:0.04555572006468249
to:0.0010362399699931058
london:0.038202454644535914
cs.cmu.edu:0.03894482186773659
physics:0.034478233311979335
mail:0.02303996620177335
nasa:0.032256697876687335
that:0.005216610908789125
provide:0.02539064419761965
like:0.008756684688035136
atmospheric:0.04335009743319784
anything:0.01745294097984514
re:0.0028115827276554172
prince:0.04115528233123317
server:0.03009367477554612
anyone:0.012578306388281136
finger:0.03741027031628158
on:0.0076241928607412015
you:0.00417893976999039
am:0.024576486566937828
etc:0.017461082612467937
state:0.019982807420606135
includes:0.02832898023633345
sure:0.016406346016234613
a:0.00630001861284088
dealing:0.03543760667366887
wondering:0.027059650389904485
was:0.006657602512040493
also:0.011154113772026814
course:0.018392118796240742
science:0.05085161242356865
college:0.061947598504791763
are:0.004833920162415229
internet:0.10738849410205285
taking:0.02561616567031282
have:0.003843989572538743
try:0.018318719340927762
interesting:0.024571613247529416
keith:0.02962757194826817
p.o:0.03463652962173747
doing:0.020155660941092595
sites:0.03424686745734209
topic:0.03283185601947009
knew:0.0291886846834418
list:0.021891944337756236
which:0.009713476184342238
writes:0.004971897676823777
if:0.005038724960627137
of:0.005847837159871839
available:0.020308750585069396
what:0.0069206173157641444
dr:0.029464997030875944
using:0.033149181633758205
find:0.015913133365965337
box:0.023823601584260203
in:0.0013359376082292516
gopher:0.05011313212160216
resources:0.13274450446816818
our:0.016765228744213483
jersey:0.038464004389539036
or:0.020280043840694293
astronomy:0.07414203784639069
world:0.01895677209573441
england:0.037071018923195344
and:0.00287065725181045
for:0.004892464103940962
subject:0.00020072899918810748
space:0.04597763545132486
i:0.0057413145036209
group:0.020279067178997332
we:0.010133412824917067
medicine:0.033319205644105204
any:0.007693889220216596
information:0.03667400427795135
will:0.008521092818821687
regards:0.031047876669260625
road:0.027147762300530152
laboratory:0.0359913879486671
about:0.00740613669414941
is:0.002020094939027548
baalke:0.04505979549481936
chose:0.03770516289638144
new:0.012962402743485315
told:0.023309923058113757
under:0.018250552083501046
article:0.00609272842343309
entitled:0.03923404202433655
wide:0.03234463802528276
project:0.02895966808581241
