differences:0.028807611406390866
true:0.016247049007282056
defense:0.04936108865720611
shape:0.059973919336945986
much:0.0109886595569807
high-speed:0.034836700058596626
from:0.010648707602895291
zoo.toronto.edu:0.09554673413980196
to:0.0034671676983417127
remember:0.01750078010390712
stop:0.04181073100101431
mail:0.03854484911743215
been:0.009227926963656851
make:0.01106968857452644
that:0.006545370291216543
think:0.009055019041060096
quite:0.0167056564912541
smaller:0.02824680672355325
nt:0.004491060073726029
toronto:0.025264781730443914
its:0.01300518588700736
re:0.004703654122995856
sunos:0.03184891137993399
greatly:0.024546724212582402
anyone:0.010521476412838938
ball:0.028041543017182043
phone:0.036947762593831056
error:0.023682126787245274
you:0.006991182256713483
henry:0.14387554224709764
etc:0.014605811241875696
size:0.022647026019282188
bill:0.03893728145524173
more:0.007996346074344188
a:0.0070264358533151956
other:0.008674893005232144
was:0.00556893795032318
collision:0.036478296444569076
as:0.005032164529666783
part:0.015403912656687278
shaped:0.03769152704912563
talked:0.03100909130053447
wa:0.06307907754992116
are:0.008086935617625478
dick:0.03174408715046725
d:0.011458139763377582
terry:0.10211855855995695
it:0.004312646914968201
dunn:0.03574979446013435
only:0.008387020366473501
utzoo:0.0345056073951663
between:0.014609219157524564
able:0.016587831610758927
has:0.006696694804317931
be:0.003638121114072147
writes:0.008317765924749213
of:0.001222896764564394
even:0.010560751243811483
never:0.013861253024288431
significantly:0.030737568207042595
lines:0.022221271221978093
spencer:0.05856244775698463
they:0.005867419022061281
who:0.016264816028098723
box:0.039855836612661726
email:0.03451444854047724
in:0.004469929607408565
accurate:0.028128694178574654
and:0.0024012416005710054
for:0.0020462192635979496
known:0.02048382860167521
subject:0.00016790538925797672
space:0.038459279968718285
300:0.02616050713951165
i:0.0024012416005710054
group:0.03392598660134145
sphere:0.038106357035237556
actually:0.015373044824535125
than:0.0089974923410029
the:0.002370292484242305
do:0.004517722760418218
see:0.011128212335919346
svr4:0.03730237356662193
less:0.017288462620102373
prof:0.0370557024147145
makes:0.017565898630515563
actual:0.02554941438194153
about:0.012390140632979517
f:0.07011757015861976
is:0.005069294846993659
does:0.007663451662500159
globe:0.11611737638503955
unless:0.01935887689144963
1:0.012317760326570495
notice:0.025396009016380783
article:0.010192866419076742
u:0.02378392128045922
earth:0.06642519174705186
going:0.013696953987733853
while:0.013649952867160519
zoology:0.03466897523418052
