some:0.0076811636521931185
at:0.017387467351074295
there:0.006038019641954917
extreme:0.03188084295234814
oxygen:0.11958376516979154
thanks:0.013114385821816862
where:0.01215432104101159
i.e:0.02272723024325923
damage:0.02927284773795178
high-speed:0.036441021771821465
zoo.toronto.edu:0.06663127512380926
my:0.006251409614015139
planets:0.0374997741850625
to:0.0036268398949758705
enough:0.01600097715090392
make:0.011579476864142787
quite:0.017474995934930272
indeed:0.024264752029635628
helps:0.02782876510613791
permanent:0.03359803917188511
toronto:0.026428291415398566
atmospheric:0.03793133525404811
re:0.0024601348866984903
sunos:0.03331563756190463
so:0.006722438140690263
this:0.006907663662781828
best:0.01602089526290417
you:0.003656572298741591
henry:0.1204011116699396
brain:0.029009068414255216
rotation:0.03601087203982902
a:0.003675010857490513
partial:0.03719372145062241
air:0.025356177537047164
other:0.009074394656788887
low:0.04468150710499763
collision:0.03815821799135844
as:0.005263908948796174
assistance:0.03426560140981182
overall:0.03048430427420797
mind:0.019931946072435112
are:0.004229680142113326
pressure:0.05790371963156893
dick:0.033205985900817706
it:0.00902251130894663
reported:0.027166892085603047
dunn:0.03739616657343
ken:0.027145215138913232
probably:0.01570541917782374
only:0.017546529450911664
utzoo:0.036094681419943694
altitude:0.039288811786928564
between:0.01528201214504214
mt:0.036713292930787615
without:0.01478427950527957
writes:0.0043504104672208044
of:0.010233715029775717
opinion:0.021771786609129533
what:0.01816662045388088
fairly:0.02581714834373609
slight:0.03537626502543716
beyond:0.0256945012989382
pattern:0.03426560140981182
spencer:0.061259402587898394
who:0.008506926804170055
in:0.00467578162880238
and:0.008791387833669503
for:0.002140453045474171
subject:0.00017563787428959404
feasible:0.07521007917731501
example:0.01849578384051253
back:0.013857610000444325
possible:0.03390752135479713
the:0.003967121105205542
svr4:0.03902024603350583
because:0.011610015124306011
did:0.010815204233177403
lower:0.026124885612142216
human:0.04218213646363915
just:0.01545248109823534
is:0.014140664573192836
limit:0.029213309346373378
atmosphere:0.07121425794312787
guys:0.02555707703612665
mount:0.03452618784464765
terms:0.025323282731674102
article:0.005331137370503954
u:0.024879233444690892
earth:0.023161415543379926
by:0.006516022860639251
s:0.008163635274421294
zoology:0.03626557277785988
