some:0.012289861843508991
since:0.02106128024635454
11:0.0406759435538938
servicing:0.06087007781025909
with:0.006156077650416288
remove:0.046506846158311896
scheduled:0.05384960614535465
zoo.toronto.edu:0.10661004019809481
to:0.00870441574794209
design:0.07922457278790405
problems:0.02887445511465024
indeed:0.038823603247417
re:0.003936215818717585
had:0.016151668270338263
this:0.005526130930225463
henry:0.09632088933595168
them:0.01543009654244464
why:0.01873392189635796
a:0.004410013028988616
quick:0.0427292128441189
as:0.016844508636147757
odd:0.05115256611381786
shuttle:0.049007522070318714
pat:0.04266463401709242
are:0.006767488227381321
no:0.01184995511771063
not:0.006346421142904893
have:0.005381585401554241
second:0.02894416607002386
walk:0.04832449446815161
bother:0.048269526636771067
access.digex.net:0.05221366820983854
be:0.018267197593814885
writes:0.0069606567475532875
if:0.007054214944877992
what:0.009688864242069802
well:0.017714399054245735
spencer:0.049007522070318714
they:0.009820206573765722
one:0.010350641134480237
in:0.0037406253030419045
or:0.007098015344243003
rather:0.027089301609609085
use:0.017502942397340505
and:0.002009460076267315
for:0.006849449745517347
subject:0.0002810205988633505
space:0.032184344815927406
solar:0.10364462056195596
the:0.006347393768328867
thing:0.023830867738157437
contributed:0.06016806334185201
may:0.019589742394103483
just:0.012361984878588273
arrays:0.2672249617286127
pinch:0.06478127314112733
is:0.0056562658292771345
days:0.03135002762684392
mission:0.047326240755827
designed:0.041364183125081715
hst:0.11272555858502933
article:0.008529819792806327
prb:0.05174575491961924
release:0.04182951041460272
thus:0.03506689550396111
going:0.022924375621575604
fit:0.042794190308403965
