another:0.018176273199906383
there:0.007522778570304488
11:0.03167389047229435
all:0.007820228120051568
servicing:0.04739883108175914
anyway:0.024987818210201098
own:0.0185777920946557
high-speed:0.045401928764892324
scheduled:0.04193207035908764
zoo.toronto.edu:0.08301601490835252
reach:0.03572379892647851
posters:0.04476289973645206
several:0.02310206042678194
to:0.0033890143280922067
that:0.005686961072696341
like:0.009546221832038305
satellites:0.04659194523902755
nt:0.005853102882970807
could:0.01236974717480375
toronto:0.03292705159951297
its:0.01694938160683746
need:0.031495114614708795
re:0.0030650860883456605
sunos:0.04150800745417626
this:0.008606269481498672
implied:0.04388904944908929
drag:0.04277153761669477
on:0.004155810042944999
you:0.009111458842765933
henry:0.15000794240844936
why:0.014587890001262349
a:0.0011446755129888484
air:0.03159130316091122
other:0.011305803178950089
low:0.02783438147524443
was:0.007257878148372013
collision:0.047541386349889206
as:0.006558312788664086
given:0.022850717698207224
occasional:0.04813777449974517
also:0.012159812554750545
shuttle:0.03816159505475638
boost:0.047120949510646985
no:0.009227424067069754
dick:0.04137139226987124
reason:0.021903376426299408
it:0.01405145203852344
not:0.004941885316196434
dunn:0.04659194523902755
due:0.02717329905654494
opportunity:0.03771601137263435
utzoo:0.04497042275271673
altitude:0.048949995013222475
between:0.01903988398398693
has:0.008727659622020911
highest:0.0386814460911293
be:0.004741485714241569
writes:0.0054201835329308395
of:0.003187550583044896
losing:0.04035343833354843
but:0.00545314116598697
years:0.018276847729347487
excellent:0.031926765683117926
spencer:0.07632319010951276
in:0.004369172997405504
visit:0.040234643191724116
system:0.01832149450198791
or:0.005527143095926929
and:0.001564743502011434
for:0.008000381874887065
subject:0.0002188275155083467
will:0.009289388072977741
the:0.0018534910081698024
do:0.011775703588631094
svr4:0.04861538850076137
desirable:0.04861538850076137
needs:0.027453660349748745
may:0.015254307601965828
an:0.007359820807883088
propulsion:0.04370689259019822
is:0.004404469293289573
orbit:0.11127001004942991
days:0.024411906758607972
stsci.edu:0.09756196892476077
eventually:0.034731953575615045
mission:0.07370480117710762
hst:0.08777809889817859
article:0.006642072789480337
u:0.030997077734368984
earth:0.02885684559503073
by:0.008118323564075132
s:0.005085543285705069
zoology:0.04518333657569428
