servicing:0.11801341616274721
oxygen:0.0824341601170445
with:0.007956835058361188
much:0.011885692990203615
high-speed:0.03768051230827798
aurora.alaska.edu:0.07315907869206054
such:0.013081749683454411
zoo.toronto.edu:0.06889764502597964
considerations:0.039699096716248716
to:0.008437954041372434
considerable:0.03796204439101849
near:0.024522284200554592
that:0.0023598954111188897
toronto:0.027327212892112804
nsmca:0.037235731633020484
re:0.005087625888138375
avoid:0.02630441832124557
sunos:0.03444882251298982
anyone:0.011380372446540075
you:0.011342836518545342
henry:0.1244963875770804
suggest:0.02497550887830012
why:0.012106956327578274
a:0.006650019646887595
air:0.026218632555314078
collision:0.03945611656249308
given:0.01896454121892028
question:0.014850245464946288
dick:0.03433544120356661
d:0.012393498111408404
gas:0.026994351507952395
it:0.00932939944870672
not:0.008202857259536936
dunn:0.03866814502830857
have:0.0069557906550701066
being:0.013236761428062231
heat:0.03108912138746453
whether:0.01943849377470629
utzoo:0.03732239167232273
safety:0.02811342438874941
between:0.015801808476506158
able:0.01794194031367802
doing:0.03647214836959613
strongly:0.03174796374113744
be:0.01180533177831574
writes:0.004498383612364369
certainly:0.020923518892895517
making:0.020915695176002745
if:0.013676539178845086
of:0.003968175215627319
future:0.023840179076992176
even:0.01142285338616344
sense:0.022355932288183607
using:0.014996058358128712
spencer:0.06334305573714664
in:0.004834821820258244
point:0.014976435110612658
system:0.015205594076479761
use:0.011311425358825497
and:0.0025972613230665974
for:0.002213257570830435
subject:0.00018161195164638296
space:0.04159881302738916
normal:0.02566233111917376
the:0.003589300047566919
do:0.004886516455146235
thing:0.015400900919217392
svr4:0.04034746528634617
less:0.01869976569113114
development:0.02644396621126668
mask:0.03650179311593759
just:0.007989037846706707
makes:0.03799969907825815
pinch:0.041865448628619704
maintain:0.03108912138746453
is:0.009138524724172242
critical:0.03324675744843383
atmosphere:0.03681825580733142
does:0.008289039553316498
crew:0.03805853850661003
build:0.02538525893209765
nice:0.021494826236426925
almost:0.020557775035813387
masks:0.04048489866945854
article:0.005512468573582319
satellite:0.09988450024781356
u:0.02572546587478242
going:0.014815072680610084
s:0.004220654971809648
zoology:0.037499095661460556
