perform:0.022276146395599418
replacement:0.023625959923840208
11:0.01848906525176991
all:0.004564917849982255
servicing:0.027668217186481405
small:0.01430021961849766
own:0.010844452801665048
much:0.008359793634258044
suits:0.028475024423016297
ca:0.019679890871696852
achieved:0.025839469598233092
from:0.004050584949426677
scheduled:0.024477093702433932
wrote:0.012323325237764885
both:0.02148999121826065
tight:0.04974841630028383
to:0.0032971271772507913
then:0.007635791147252646
ii:0.017566506244546018
enough:0.011637074291566489
like:0.005572435710567814
nt:0.013666575152582554
re:0.001789189008507993
carrying:0.02219662064805855
this:0.0025118776955570287
tools:0.021289343809419478
amount:0.017791468955152285
on:0.009703518186397893
used:0.009447193819793614
missions:0.025728192745772486
why:0.008515419043799074
a:0.005345470338168019
as:0.007656594834612616
steve:0.03069046743382188
given:0.013338696455412828
equipment:0.0193060187202899
shuttle:0.06682843918679825
boost:0.05501201761051609
others:0.012901091976403808
pat:0.03878603092462947
are:0.009228393037338165
it:0.00164045660162666
should:0.00786034517815062
limiting:0.026438336310931683
fuel:0.06927015166085324
have:0.0024461751825246548
engines:0.023806535655815548
probably:0.011422123038417265
components:0.023284051005265347
orbital:0.02578350768549055
date:0.01711865641044652
altitude:0.02857368129958441
suit:0.0254090952601329
access.digex.net:0.02373348554992661
highest:0.02257960011061136
be:0.00830327163355222
which:0.006181303026399606
of:0.003721350919918443
even:0.008034255730937922
seen:0.012404138232642836
what:0.008808058401881638
but:0.00318317331220292
significantly:0.023384082990046757
seems:0.011275057843928602
order:0.013417784024557377
factors:0.023806535655815548
they:0.013391190782407804
up:0.019284120148598823
now:0.015807793281131525
in:0.0017002842286554113
required:0.017908045217707984
or:0.0032263706110195467
and:0.007307127550062963
few:0.010936016750747781
for:0.00622677249592486
subject:0.00012773663584697749
i:0.0027401728312736115
period:0.01813880973012735
specifics:0.028099562148176604
solar:0.023555595582262716
any:0.0048961113219560155
fired:0.022694899400463323
will:0.010845027223954874
than:0.006844982211576369
the:0.005409710598007557
thing:0.01083221260825338
see:0.008465960580914717
original:0.014766354130495117
less:0.013152466777972618
supplies:0.026502561288597428
would:0.0044624384981070625
can:0.004136679389654131
panels:0.029212587484390738
extra:0.01858696511718302
complexity:0.028674415314885047
substantial:0.025839469598233092
lower:0.018999916808830702
long:0.0113890490196583
is:0.006427574805996744
limit:0.02124604316099882
either:0.011978768933556738
sorts:0.023806535655815548
orbit:0.02165062396496084
repair:0.024477093702433932
heavy:0.021444058549337834
days:0.014250012557656327
carry:0.01862420023891534
fly:0.02369737451817837
crew:0.026768445743883606
light:0.016709161176106664
carried:0.021534766270603932
mass:0.060457731397602875
orbiter:0.02995015054576518
mission:0.10755963808142499
hst:0.23057500619665092
change:0.014220139272298983
prb:0.02352079769073602
function:0.01967942880166248
understand:0.014335680683902648
needed:0.015960874115483355
s:0.005937189290488213
