folks:0.03939591330100827
where:0.01965379572589108
your:0.01340353427852407
with:0.006221567838186674
post:0.027474231962033833
dennis:0.05770489143323867
both:0.023890468960725934
to:0.0029323386384911294
signature:0.053179928894281296
physics:0.04878303223928991
enough:0.025873920499334
that:0.003690474738664647
like:0.012389777271368864
nt:0.00759658033747275
re:0.0039780904550869205
had:0.016323494528533353
this:0.005584919557142755
gamma:0.11873235160595144
something:0.021177248054931094
big:0.029529580360293163
on:0.005393710906800957
you:0.011825510412951528
access.digex.com:0.047579386961631595
ray:0.09229295460826957
more:0.013525734317241763
a:0.007428213435353165
idea:0.029493364843199532
pat:0.17247405240952254
are:0.006839482782991761
it:0.010942194566169317
disagree:0.04519562790339568
probably:0.025395996968395833
area:0.0341326281346739
access.digex.net:0.10553826553052471
be:0.006153843161036929
thinking:0.03705879291328357
writes:0.014069412574841752
of:0.006205550603161871
spacecraft:0.0542358327038062
they:0.009924676856465357
in:0.0018902095946222392
tends:0.055305420248719796
and:0.004061674622242445
for:0.0034611581160858933
subject:0.0002840101797023223
create:0.04045580522599594
i:0.004061674622242445
we:0.0430131033738501
the:0.0016037298084873467
do:0.007641679988366986
when:0.027822860486036934
agree:0.09627303762652464
once:0.02854288505239262
bursters:0.06331149047245113
problem:0.02250601374516579
just:0.024986990712040125
is:0.005716438870014126
new:0.018340420903016456
lot:0.052735178473731714
first:0.019973987546713205
article:0.01724112511311917
prb:0.10459248334816655
little:0.024950411722324085
s:0.006600385966553386
