report:0.03329586160942768
large:0.026263457191996274
small:0.026217069300579043
high-speed:0.04858802902909529
zoo.toronto.edu:0.088841700165079
to:0.0036268398949758705
bet:0.0378392220614878
most:0.016285925122517874
enough:0.021334636201205227
that:0.012172092120507957
nuclear:0.08561852232037061
nt:0.00626384694493367
could:0.01323779960812331
toronto:0.035237721887198085
vague:0.05135189785926981
attention:0.03723402143440928
re:0.0032801798489313205
effort:0.03563470953270792
description:0.03837754615250791
sunos:0.0444208500825395
this:0.004605109108521219
on:0.008894891670864736
henry:0.16053481555991947
used:0.017319855336288294
them:0.012858413785370533
particles:0.05622029121084111
a:0.007350021714981026
was:0.023301608792141725
collision:0.050877623988477914
said:0.019223726567223088
given:0.024454276834923516
scale:0.04244872014539977
likely:0.02900358600815551
dick:0.04427464786775694
d:0.03196217933994799
it:0.006015007539297753
dunn:0.049861555431240004
only:0.011697686300607777
utzoo:0.04812624189325825
between:0.02037601619338952
60:0.035716309468342256
types:0.03593769484193753
develop:0.03952247651596241
be:0.010148443107674935
writes:0.00580054728962774
things:0.019602859018774118
of:0.006822476686517145
but:0.005835817739038686
spencer:0.08167920345053119
they:0.008183505478138103
in:0.0031171877525349207
government:0.02361065735628331
or:0.0059150127868691695
and:0.0016745500635560958
for:0.005707874787931122
subject:0.0002341838323861254
however:0.021027183370148358
i:0.0033491001271121917
developed:0.0371692836510968
any:0.008976204090252696
the:0.004628307956073132
svr4:0.05202699471134111
did:0.014420272310903204
put:0.02181981841707701
is:0.0023567774288654727
number:0.021949691652611913
done:0.02323389080193595
type:0.02842554833624295
rocket:0.17299808830824492
guess:0.026282081253821518
article:0.007108183160671938
u:0.033172311259587854
give:0.02073014273119304
project:0.033786279433447815
s:0.005442423516280862
news:0.026919969440029987
zoology:0.04835409703714651
