typical:0.06508912904718167
at:0.0064304015507622705
with:0.004268812969266769
mary:0.03423218108046171
fred:0.033822001822478916
my:0.006935870520659133
to:0.0010059847883874676
might:0.04657850662507546
speak:0.05234208488523203
nasa:0.031314896478827854
that:0.007596451651849858
uxa.cso.uiuc.edu:0.032544564523590835
like:0.008501015062107103
nt:0.0156367566070607
perfect:0.029562677329466342
re:0.002729492721008544
vandalizing:0.04233612507070425
so:0.01491694302751708
mean:0.01929505150970701
something:0.014530374577835932
mksol.dseg.ti.com:0.042465319064130536
on:0.0037007943448123352
benefits:0.03760403299483131
you:0.00405692692999067
more:0.009280430845406758
a:0.0010193460772601423
how:0.019202379521593056
j:0.02229290992356834
ridiculous:0.07286233778980168
minority:0.10861967474309478
colorado:0.034402932026262475
shafer:0.04510612230942618
others:0.01968122790560873
balls:0.03760403299483131
are:0.004692783807308215
no:0.01643424432383226
those:0.040640488780019565
mccall:0.08748836205563466
it:0.005005188755328058
have:0.007463512600695662
ames:0.037537372530865816
rights:0.025351820581699314
university:0.017155767164953675
safety:0.030165499161650827
classes:0.03787693468878474
real:0.01866856827735947
connection:0.031428949894178805
be:0.00844468988521856
writes:0.00482673278115009
of:0.008515646083171036
what:0.01343711099265155
they:0.006809632295676961
who:0.009438342147692323
george:0.029067986708431876
in:0.0038907963918501567
or:0.0049219814430882134
world:0.018403289698778663
and:0.002786842441538612
for:0.0071244276550089195
subject:0.00019486829848188537
i:0.002786842441538612
news.cso.uiuc.edu:0.03347156956564417
the:0.007152400824713641
sky:0.034024210600211297
do:0.01572958946510577
can:0.006310700674727834
wants:0.15418402171943427
people:0.010987395183015456
f:0.027125775316838303
is:0.005883342194686071
right:0.028319322537084662
spent:0.03169227877354967
time:0.011529269853311777
sole:0.04043091466654644
lot:0.018091630571280225
matter:0.04410077389635828
majority:0.09028004290321799
live:0.022603564043413567
project:0.028114130331482124
by:0.0072294560205632555
