from:0.007986530702171467
both:0.02118588756894564
weather:0.09845523753276908
near:0.034007318655486084
visual:0.14503589239318693
ocean:0.05759840362488362
been:0.013841890445485274
appears:0.03679529271126728
re:0.003527740592246892
on:0.004783102124898961
you:0.010486773385070224
shadow:0.05062041120795119
a:0.001317456722496599
richard:0.035246014290365835
respectively:0.05319252625594402
also:0.013995255959241192
across:0.03640720869654568
are:0.012130403426438216
it:0.006468970372452301
cool:0.043309688438437764
turner:0.10638505251188804
has:0.010045042206476895
details:0.03598888568198429
ir:0.16621156100855408
sun:0.06846211894526115
be:0.0054571816711082195
writes:0.0062383244435619085
down:0.022305335631633564
of:0.009171725734232956
wm:0.05105927927997848
but:0.006276256813683116
sat:0.04904442927716661
george:0.03756900168919969
in:0.011733565219447484
pictures:0.043869278788970026
and:0.007203724801713016
for:0.003069328895396924
subject:0.00025185808388696507
solar:0.04644452336502743
caught:0.042596455035202374
pretty:0.027151132612449308
images:0.1605981790234258
the:0.010666316179090371
see:0.03338463700775804
can:0.024468848842576794
named:0.043974687285178754
an:0.008470737156242799
during:0.027626127450966702
gif:0.044189104748174564
moon:0.13007763199133623
move:0.03336627467521714
loaded:0.04402783650893588
image:0.1396627546012708
article:0.007644649814307556
satellite:0.04617302369946098
earth:0.06642519174705186
s:0.005853172460905833
