at:0.017273823773616293
all:0.018707212365613554
servicing:0.11338543905832577
where:0.03622464310262278
from:0.016599455969219128
to:0.005404702588591493
that:0.006802051479107388
think:0.028230353480952063
like:0.022836060068797515
me:0.021246836870677348
sitting:0.08901559793062662
re:0.007332166721140599
idea:0.05436031951491679
180:0.11272070275095944
pat:0.07947333787497607
are:0.012606105521592657
it:0.013445310970194978
after:0.03782771936597944
access.digex.net:0.19452150901704554
walking:0.10455374305890554
writes:0.012965929235638477
they:0.03658508331402916
up:0.026342360202987934
miles:0.07870891735119266
now:0.032390478389769495
in:0.003483915723421382
subject:0.000523469742980751
space:0.059951230539472614
i:0.0037431119067724496
the:0.0029558941568198155
would:0.0182872479628309
did:0.03223354987143069
come:0.04708222891116487
orbit:0.0887251060524866
right:0.03803673713314313
stsci.edu:0.11669176675314522
mission:0.08815672297654048
hst:0.2099789816779958
article:0.01588888000620786
prb:0.09638915132085937
going:0.04270226831469966
s:0.0364962518150599
news:0.06017404933653762
