some:0.005926583122504335
ask:0.01479473393074298
at:0.008943807233039908
there:0.004658776576533743
know:0.006263325510955846
help:0.010863414822547192
take:0.010790604722516261
watch:0.01951352203337233
much:0.008869019642436199
mary:0.02380613608133631
aurora.alaska.edu:0.05459078460778121
fred:0.02352088451614016
my:0.004823422646346707
to:0.006296341340516486
require:0.0196930002989979
near:0.03659670840082766
then:0.008100915481095447
speak:0.036400333143536995
nasa:0.02177736455634221
that:0.0017609371849465828
think:0.0073083656219723615
like:0.011823746837651503
nt:0.007249528443882624
perfect:0.020558816213892835
could:0.01532090513021378
nsmca:0.027785038325147265
anything:0.011782950001621337
re:0.0018981751410059417
so:0.005186855824288934
this:0.002664885473966594
something:0.010104879782555953
mksol.dseg.ti.com:0.02953171934916692
on:0.005147297718165379
you:0.005642629334098699
bible:0.018268697978971047
why:0.009034124772355361
more:0.006453903684369166
a:0.00354442671534618
how:0.006676969529081849
j:0.015503191165121128
as:0.008122986398142318
ridiculous:0.02533538141422038
idea:0.014072976118074903
objects:0.02380613608133631
shafer:0.03136821703751973
also:0.007530442292789677
boost:0.029181501727405742
others:0.013686945294763431
balls:0.02615102802178624
mccall:0.06084216041432461
reasonable:0.018976178528457094
plan:0.019825198971769573
it:0.005221148676243228
not:0.006120913792649389
have:0.005190361554798506
ames:0.026104670237201096
being:0.00987717730926471
only:0.006769219483600439
warned:0.028933835919439085
stay:0.020044150092670975
safety:0.02097803748805159
real:0.012982709918772829
doing:0.013607628960230026
manage:0.025579083034455715
without:0.01140715982133246
be:0.0029363515590734583
writes:0.0033566618833378798
down:0.012001855720574404
things:0.01134378643726015
of:0.003948032194228196
opinion:0.016798535860851213
looking:0.01316693068734337
but:0.010131216582493557
again:0.012395274812731056
well:0.008542476701286014
they:0.004735632611714434
who:0.006563720173775879
in:0.004509637103921078
system:0.034038918719429316
world:0.012798226846358765
better:0.011351349600514735
and:0.006783202795521648
for:0.0049545512118589945
subject:0.00013551754767521977
each:0.012923905570358453
i:0.0048451448539440336
we:0.0068413396229135524
back:0.010692166091713388
solar:0.07497136258923211
than:0.007261935442738381
the:0.0022956944466671664
do:0.014585135409268967
pluto:0.15750036149224994
around:0.03604864619015689
would:0.014202786488899128
can:0.004388659860089916
planet:0.02401580007190096
home:0.014869863207418012
put:0.012626696952014106
an:0.004557858571379374
record:0.019576895417444642
people:0.007640980406462525
about:0.010000164267227121
propulsion:0.02706721267007199
worry:0.02231656360839961
is:0.005455281764277439
orbit:0.04593888739773417
having:0.013283712651880006
time:0.016035634212220443
questions:0.015351148920027978
keep:0.01344880499556305
slow:0.020845320330161628
mission:0.04564459768328492
amounts:0.02553764490938383
capability:0.024916885631423052
satellite:0.04968873616388695
before:0.010792864300622559
live:0.01571922981699319
strange:0.02231656360839961
rubber:0.028399010966861284
galaxy:0.029623183844104374
