at:0.0031803791063336863
there:0.006626563072759188
lead:0.013950233348808344
29:0.016480092936066844
technology:0.012157645075151418
search:0.015404878337092838
small:0.010789696390852027
send:0.010589700797387086
situations:0.017258142128137425
i.e:0.012471259916878712
with:0.008445160675661334
much:0.006307569926209139
4:0.008968481964543968
vehicle:0.015886941126351042
from:0.0061124350500373695
turn:0.012351906623518106
ship:0.0185003665387218
signals:0.01834269482932591
post:0.00932338557556383
several:0.01017491470060432
to:0.0059705378776498085
aid:0.01793466815638946
reserved:0.020577493415629967
attached:0.017799442298862746
track:0.016425254793489316
tracking:0.04200540586126992
relevant:0.016231021197846803
regulations:0.019806467782784987
make:0.006354081167327451
manufacture:0.020753631192414915
that:0.003757089806149568
provide:0.01219117573387514
satellites:0.020520640141376754
its:0.007465070599401337
me:0.00391187249243518
michael:0.010847275096294908
so:0.003688846921967221
orbiting:0.021792194630869004
fixed:0.016371237202598657
authorities:0.016807633923033496
this:0.005685730379473852
off:0.007882517862658305
opening:0.017746739051854976
these:0.011961270563891282
burned:0.017568110686283243
on:0.009151783849084655
you:0.004012989093203768
used:0.014256054211818525
well.sf.ca.us:0.04213550337392464
3:0.008452945648511262
a:0.004537378026215724
same:0.007011167330428204
want:0.02049745091385034
as:0.011553995093386548
assistance:0.01880278488913862
idea:0.010008578683251827
military:0.013977756544153685
organization:0.01383333295349051
cheap:0.013415997178364072
emergency:0.019996517362154742
march:0.01564516991297132
are:0.01856783773577547
daniel:0.01544613716678101
it:0.004950980934873241
have:0.005537010250696601
follow:0.013635351308365651
only:0.004814210246459519
kind:0.019895499617061805
recovered:0.021712848397227213
able:0.009521535112312884
after:0.006964670352581052
west:0.014721694222874329
has:0.0038439511692655273
regarding:0.014285185455129521
be:0.012529846724999379
survive:0.018909495366544914
which:0.004663871236525335
coast:0.019330195064219832
of:0.008423418869273875
industry:0.03288688355109385
leo:0.020753631192414915
what:0.009968687036064598
released:0.01561605597854269
please:0.006914856884134494
they:0.020207645296196612
authority:0.01527065810878326
up:0.004850037438095252
indicating:0.021411831758458077
over:0.007241663366495877
one:0.003549858872836182
in:0.003207214835640622
our:0.008049730768882287
system:0.008069394690406228
or:0.007303012177289733
world:0.009101988045966344
use:0.01800844253877994
and:0.004824155056742832
for:0.0046981785258061225
known:0.011757865515041004
subject:9.637890574735848e-05
flight:0.016972696195012175
payload:0.08277583448877576
threatening:0.02100270293063496
we:0.02919300878802823
possible:0.00930314665330174
20:0.011353185373305487
any:0.0036941778566382936
platform:0.01887357359451182
will:0.00409135503575193
coverage:0.03341635122680179
the:0.004625920999932816
do:0.0025932054834169557
mexico:0.020814306709802576
would:0.0033669662314237403
can:0.009363530604018556
radio:0.025901446648141997
put:0.008979997471288012
quickly:0.015323748893583605
shelf:0.019806467782784987
an:0.012966038101974537
long:0.0085931813902837
here:0.006499642258568217
replies:0.016179813129283783
warning:0.015487872987723523
interested:0.010386556734349892
is:0.004849686405968662
atmosphere:0.019538929977175882
orbit:0.016335669345403668
multiple:0.015501892843414487
time:0.011404404114828258
questions:0.010917604105579464
strictly:0.018945778167460084
life:0.01007357167252242
2:0.0070339695021494906
build:0.013471599505481425
1:0.007070483364349129
civilian:0.01905686718791768
position:0.02485807189322897
e-mail:0.009926699554701324
very:0.00629329419416407
earth:0.02541902644472021
by:0.0035755793314699138
s:0.002239842169155301
