basically:0.017837302492035845
some:0.0053069857960607
simply:0.013902924272197224
studies:0.01917764952878952
lead:0.017564611989181415
resulting:0.02227935445414422
british:0.020266387907872472
tank:0.021086789615655622
case:0.011234595942303435
take:0.00966249604698047
text:0.016438926060152577
with:0.005316612516268612
option:0.05714469848525976
much:0.007941803952545142
c:0.02350997904935418
4:0.02258426821980617
from:0.003848055701955343
feet:0.019963917949796964
options:0.0205680927667128
my:0.004319155733319551
ground:0.017622516651806093
single:0.029558424277385226
to:0.0006264541636776503
cylinder:0.025766877875569978
attached:0.022411115985386275
approximately:0.023543915038222573
that:0.003153678413040698
motors:0.02808881252905176
protection:0.019227146800604375
like:0.010587627850078846
phase:0.02493814352650655
me:0.00492540309274793
re:0.0016997295580825932
complete:0.033665598639043434
michael:0.013657705462153133
fixed:0.020612875932362853
this:0.009545135243116709
something:0.009048460532561467
on:0.009218342277077999
set:0.012042793564208731
you:0.0025263590427669173
regular:0.036791296834142374
integration:0.02678116674518002
3:0.021286054042160177
more:0.005779177390094208
a:0.006347746026574523
vision:0.021672393578578208
as:0.003636882546440993
idea:0.012601710433003437
part:0.011132827783696713
stuff:0.013288257057607371
shuttle:0.04232467815163889
features:0.019662034118437838
terribly:0.026130708364995144
mind:0.013771162740955167
are:0.002922324461823752
early:0.01592155044906037
ft:0.05139496054995097
it:0.007792168857726636
not:0.0027405000389816585
mounted:0.04857537029264335
deleted:0.015969906804537894
have:0.0046477328467968435
engines:0.022616208873024773
orbital:0.02449433230121602
only:0.006061528355769484
university:0.010683364098175697
between:0.010558481118392752
against:0.011742185418899303
92:0.019925067674440335
b:0.04173965927064875
has:0.004839883972211596
diameter:0.027645001303761227
be:0.0026293693506248693
which:0.005872237875079626
writes:0.0060114762819778395
certainly:0.013980714896616548
end:0.01229197001170686
of:0.0070705667478450415
key:0.014572010778348072
redesign:0.028206882921793852
launch:0.06281806963215114
loss:0.01934478065509447
david:0.01134747836065679
good:0.007363681142543177
one:0.004469595035343738
in:0.0024229050258339608
external:0.019518292352844604
and:0.0052063283794198615
for:0.0014788584677821544
subject:0.00012134980405462862
each:0.011572769988002796
station:0.056399865515074865
space:0.04169335578426959
twice:0.02050173458752574
i:0.0026031641897099307
top:0.015371055573487795
power:0.012281160364411554
solar:0.02237781580314958
body:0.01613491419852069
alternative:0.019791648528928847
the:0.004453995059026222
wrong:0.012015554803772093
thing:0.010290601977840711
original:0.014028036423970361
would:0.004239316573201709
can:0.003929845420171424
home:0.013315286599369765
panels:0.0277519581101712
maybe:0.012035968556101471
put:0.011306633179758087
7:0.029013895717557324
10:0.013138053444982565
just:0.01067625966787169
long:0.010819596568675385
about:0.004477346274190325
f:0.01689196008366749
nose:0.02317349215526265
is:0.002442478426278763
solid:0.020479828740089613
living:0.01674547733649591
core:0.022411115985386275
new:0.007836361658561577
center:0.014848321970330949
rocket:0.022411115985386275
2:0.00885640705497913
23:0.01968032571070932
1970:0.025981663715799734
somehow:0.019327788281864433
dave:0.03187522428522357
volume:0.040245454548332844
article:0.003683331274166368
construction:0.02376354493490806
adds:0.024601289107625993
going:0.009899162200225829
ports:0.04475563160629916
mike:0.014524600131625924
strange:0.019983468322066923
main:0.01690189550739467
s:0.011280659651927606
