above:0.022316852705971682
at:0.007221024692249435
your:0.010327313296567726
way:0.014199777209397897
from:0.013878233679183206
wrote:0.021111270284367715
tm:0.03767275680623399
my:0.015577282972627891
to:0.0011296714426974025
ward:0.09080385752978465
1988:0.03745984298325645
honest:0.03844105580346929
that:0.011373922145392682
think:0.011801213340397994
nt:0.02341241153188323
its:0.01694938160683746
re:0.0030650860883456605
so:0.008375496699876394
mean:0.021667393908441482
age:0.0337933493927346
you:0.004555729421382966
tell:0.019754303718216827
missions:0.04407534658906926
them:0.024030478221840016
taxes:0.03903029538964402
m:0.011219792722262886
prove:0.032187691310767194
a:0.0011446755129888484
vote:0.037334699769069654
was:0.014515756296744026
40:0.03134841957397376
worth:0.028812816547474085
are:0.01053953084592173
it:0.005620580815409376
should:0.013465673296995734
have:0.0041905787962922365
term:0.03194819503208572
only:0.010930624903846612
money:0.025411637432205984
alive:0.036106730275392115
be:0.004741485714241569
stick:0.03464204348241362
writes:0.0054201835329308395
listed:0.037211438479196376
things:0.01831742564049385
of:0.003187550583044896
kept:0.0327358657588047
least:0.01973493756316789
using:0.01806902113643378
1976:0.047834157518758705
they:0.01529376433619252
continued:0.039132755740170506
now:0.013540281949821674
in:0.004369172997405504
and:0.003129487004022868
subject:0.0002188275155083467
space:0.1002463199184624
until:0.023452178076759377
i:0.003129487004022868
we:0.011047081194376803
developed:0.034731953575615045
don:0.03654594540763889
pay:0.027318377557359698
program:0.045518580858755334
the:0.004942642688452807
do:0.017663555382946637
can:0.007086606495391093
because:0.014464936876184541
forget:0.06293792353138515
human:0.026277396485545706
just:0.01925227153222764
long:0.019510747910726108
btw:0.061504762630218604
about:0.01614780623478478
dates:0.045857419348128474
paul:0.026844446648434897
is:0.0022022346466447863
does:0.009987613232274798
02:0.04739883108175914
existence:0.03334876112275922
too:0.01600424481856145
article:0.006642072789480337
upon:0.028426849038466692
gibson:0.048949995013222475
everything:0.025325102327239783
s:0.005085543285705069
