out:0.01491363416557544
all:0.012076807982864445
with:0.01480575637441892
into:0.02266840383522008
from:0.021432208972915836
my:0.012028028624434193
hence:0.05824497958811887
to:0.006978223595396612
line:0.03574435125070872
that:0.004391197790309833
weapons:0.050627290955565486
nuclear:0.06177538952229272
nt:0.009038969009144792
its:0.026174994380179367
need:0.024319012550597926
re:0.004733424085799627
so:0.012934311359302786
had:0.019422892223824494
brown:0.05879244773740768
a:0.0017677267415777153
was:0.03362510635828047
worth:0.044495742010023265
it:0.01735976859442896
pipes:0.15118732636995294
bound:0.06431552490788958
has:0.013478157897298114
be:0.007322294394145206
even:0.02125518288311425
sense:0.041599013245101145
they:0.011809109170984097
up:0.017005827472814997
in:0.0022491101505631703
point:0.02786754381341849
system:0.028293953534715508
and:0.002416439332220189
molecular:0.0792352084058851
wpi.wpi.edu:0.07433934796163177
for:0.01235502011058509
subject:0.00033793616319010504
space:0.07740538626615451
sockets:0.07458046435366589
i:0.002416439332220189
program:0.0702945172755462
turned:0.04970757392295693
the:0.006678824139143507
william:0.05153999087836731
development:0.04920586117792661
just:0.014865678018555518
f:0.047040901498820856
is:0.006801838655459845
wwii:0.06944799463077773
2:0.024663412051840618
chemical:0.06288484910531494
wanted:0.03854632898159623
very:0.04413272131097335
already:0.03678210533287787
