wilson:0.03869046619070864
out:0.00913315580682527
all:0.0073958746561727995
with:0.013600636669524355
into:0.013882200798313073
from:0.019687726847213385
my:0.007366002025816289
hence:0.03566940610435186
to:0.005341857209654383
line:0.021889951541131693
engineer:0.0345628320909453
nasa:0.06651381112557234
that:0.0053783662858058415
weapons:0.03100430996503623
nuclear:0.037831440095047485
signed:0.03833535350829551
nt:0.005535492649011151
its:0.01602964772119512
need:0.014893038693777024
re:0.005797527174855357
so:0.015842024765657676
had:0.02378927884778504
30:0.026535701351735583
apr:0.028893087418899215
brown:0.07200935459310398
american:0.025015776878978418
october:0.04195568685021488
bill:0.04799246318901887
a:0.0010825613378654226
was:0.034320198996177734
worth:0.027249330378231303
it:0.013288970144960154
pipes:0.09258758746687042
bound:0.03938702688157579
date:0.0277348774401808
has:0.00825406568904303
be:0.004484195791763343
writes:0.00512606504664777
of:0.0030145827219494365
even:0.013016739905162989
sense:0.0254753647004883
gmt:0.03284727392422508
they:0.007231935073703439
up:0.01041442147559988
clear:0.025563959241756692
in:0.005509448120759395
point:0.01706617024232605
system:0.01732730487784903
and:0.0014798349398867823
molecular:0.04852388731833274
wpi.wpi.edu:0.09105129440261878
for:0.007566252625862186
subject:0.00041390630840338445
space:0.07110494784914194
sockets:0.0456733076274388
i:0.0014798349398867823
program:0.04304858034703992
turned:0.03044107240243099
the:0.006427351247968669
do:0.005568355960515478
invented:0.043259073840928045
william:0.06312650045567468
development:0.030133821961675984
an:0.006960450686525091
just:0.009103787313689039
f:0.05761598788227671
is:0.006248200625364277
wwii:0.0425301672545073
2:0.015103950016243478
1993:0.02348570389930339
chemical:0.038510876583875045
wanted:0.02360589139183025
nothing:0.01980508528295278
article:0.006281650235012411
very:0.027027015376487554
already:0.022525475358894195
by:0.007677794378427644
john:0.020786654260324385
s:0.004809583572527274
