above:0.011635282180036519
some:0.004989473825356215
at:0.015059230982127027
ultimate:0.02251448471802415
there:0.003922132416996357
extreme:0.020708923627166316
oxygen:0.12946390531202503
thanks:0.00851874634579557
where:0.007895114522366504
i.e:0.014762987166561553
damage:0.019014841265678085
into:0.007653008132403361
zoo.toronto.edu:0.043281853926576956
my:0.004060744706539749
planets:0.024358827675767098
to:0.0023558960001552665
otherwise:0.0151854052632993
most:0.007934168649431786
death:0.014339386256565908
100:0.014438085892440477
enough:0.010393797123664087
been:0.006270258065048886
make:0.0075217114673064266
that:0.0014824983992926361
quite:0.011351279410723938
indeed:0.01576171926711374
helps:0.0180768046843289
like:0.00497709001499433
permanent:0.021824367325327085
atmospheric:0.02463915794280049
need:0.008210264920928361
re:0.0015980363366588485
so:0.008733423909272823
this:0.004487029387789906
sender:0.023729234877660866
best:0.010406735384450574
on:0.004333408762728974
regard:0.019618918694335057
you:0.004750418712895059
henry:0.03910463455946757
slowly:0.022558770132705974
brain:0.018843497431482024
rotation:0.023391677564333385
support:0.023409882987465866
dying:0.021750043638524227
m:0.011699271043727113
a:0.0029839831748854594
partial:0.024160024190147896
214:0.050194944350161634
air:0.03294135885154846
other:0.005894478580478252
vote:0.01946509987960042
low:0.02902388495709248
as:0.013677165131914847
assistance:0.022257997496971785
challenge:0.020167249671443482
overall:0.01980177029777612
mind:0.012947247021410844
are:0.008242453610272121
no:0.00962175842891034
those:0.007931263479861369
pressure:0.03761267258119008
it:0.007325970720939572
not:0.0025765384981878844
reported:0.017646870072699418
ken:0.01763278932100347
vax:0.02534648460296106
probably:0.010201810747988071
only:0.01709661843934983
ve:0.007799716662510403
robin:0.02403244742455097
altitude:0.025520937570996334
stated:0.016590149841443417
mt:0.02384795096358854
party:0.01813965146804555
without:0.01920692722053415
walking:0.02278735425642813
writes:0.005651815307842414
spend:0.017521782968852782
of:0.007478484060220718
style:0.019618918694335057
short:0.014799050707783196
even:0.007175895075923188
opinion:0.014142357113622604
what:0.011800539782008092
fairly:0.016770113454050797
slight:0.02297945420455748
beyond:0.016690445288199175
pattern:0.022257997496971785
spencer:0.019896216225129396
who:0.005525866983905335
zone:0.02085579389855182
up:0.00574128363398455
in:0.004555889792166422
winter:0.02297945420455748
or:0.0028816728961670317
and:0.0057106450885374554
for:0.0013903797560345043
subject:0.00011408955936759957
feasible:0.04885441040577728
i:0.0024474193236589093
example:0.012014355315204723
period:0.016200902707677847
we:0.005759589340657992
back:0.009001524444733067
possible:0.022025398486876773
the:0.004187516722161405
when:0.011176704639690052
home:0.012518645520774994
because:0.0075415482858739915
did:0.007025260869414383
once:0.011465945277456865
pyron:0.11323460816500569
lower:0.016970011166861615
solutions:0.02011667506611441
dillon:0.054778745282358016
human:0.027400362147321163
just:0.010037509089452017
here:0.007694020964202548
expressed:0.017563073186424305
is:0.012629909811099585
limit:0.018976166754909207
atmosphere:0.046258834219467686
guys:0.01660117824568911
time:0.0067500426064261276
mount:0.022427267317890787
unless:0.013154108657010648
hood:0.02534648460296106
terms:0.01644931185989087
article:0.006925922053988043
little:0.010022814965378053
opinions:0.012203462203077104
earth:0.01504502206236645
feels:0.021862019588926036
before:0.009086300287276259
by:0.004232630234261394
s:0.005302874195350585
