some:0.01610395689839109
since:0.013798769816577112
expensive:0.027931633063013026
11:0.026649756121516627
servicing:0.03988039580672147
high-speed:0.03820024351253009
scheduled:0.03528077644005995
zoo.toronto.edu:0.06984795737116556
throw:0.02940255570024007
to:0.007603857434983894
design:0.07785863187776779
been:0.010118899222216822
that:0.002392445692651564
indeed:0.025436153851755967
bit:0.018793684124522068
bay:0.03305685789842411
toronto:0.027704139966486775
re:0.002578900019159797
sunos:0.03492397868558278
had:0.021164254974926
this:0.0036205685404925446
henry:0.12621357912986772
why:0.01227394882864832
a:0.003852425174748676
was:0.006106628511044039
collision:0.04000033885990678
as:0.011036057382303703
odd:0.03351375021250136
shuttle:0.0321083765288295
mind:0.02089417795179405
emergency:0.03820024351253009
pat:0.02795269125257779
are:0.004433871597249831
no:0.007763763697810413
dick:0.034809033496029596
it:0.002364520205103255
not:0.00831600011828917
dunn:0.03920149875283697
have:0.0070517325951400395
utzoo:0.037837183281596146
between:0.01601976445549245
nasty:0.0364774035235896
open:0.0227928315776094
bother:0.0316248622792638
access.digex.net:0.0684179100680643
knew:0.026773069399294892
be:0.01595755192103369
thrown:0.03385259634062304
found:0.018444969001772397
writes:0.00456043028287974
get:0.009064648105456015
if:0.009243454065702197
of:0.0013409695556257837
what:0.00634787657239056
but:0.004588160153451105
bearing:0.039094573328451
well:0.011605985587264446
spencer:0.064216753057659
they:0.012867856889761982
in:0.006126886272223809
rather:0.017748163123536987
and:0.0013165428085889306
for:0.0067313557843877376
subject:0.0001841169440828848
payload:0.03953259681619119
example:0.019388683750054515
away:0.038192877052740284
back:0.014526598069431292
failing:0.037837183281596146
solar:0.10185764434537051
the:0.005718126282675574
thing:0.031226654277585607
svr4:0.04090398204891646
would:0.006432066524857766
can:0.0059625240857773334
nobody:0.02764337700316157
an:0.006192400955598185
arrays:0.17507842320150488
pinch:0.042442903092462736
is:0.005558744004634426
hardware:0.024480559473617595
days:0.02053967327275981
crew:0.038583483865321885
mission:0.03100684739174872
designed:0.027100671702639745
hst:0.07385467631432957
article:0.00558850262287311
prb:0.0339023911542333
u:0.026080299886848384
going:0.015019418510687466
zoology:0.03801632456713588
