out:0.011550755873337842
there:0.008997833191932817
final:0.03781027840428034
anyway:0.029887390408279743
saw:0.03330765277583779
where:0.01811232155131139
with:0.011467203466461712
ca:0.020162241138160012
someone:0.02160253053591196
post:0.025319390239521376
to:0.0013511756471478733
remember:0.027280627809031687
t:0.050515157941185135
perhaps:0.02831825036902005
nasa:0.042060204094111917
that:0.006802051479107388
provide:0.033107408610621704
like:0.011418030034398757
nt:0.014001540229851735
me:0.010623418435338674
anything:0.045514532359203996
re:0.0036660833605702994
anyone:0.016401124996484228
this:0.005146886650700186
on:0.00994134951449588
you:0.005449009700085508
am:0.016022905457856524
prove:0.03849900333248625
a:0.004107365076018809
dealing:0.04620785968233294
wondering:0.03528366178291467
was:0.008680991510797898
course:0.023981880391176658
science:0.033153257119287405
are:0.006303052760796329
internet:0.11202093894567083
taking:0.033401470923054954
it:0.013445310970194978
interesting:0.03203945648942561
postings:0.045163318036187096
sci.space:0.05834588337657261
topic:0.04281016520185806
knew:0.038059755518605486
if:0.0065701021545432284
of:0.00571884075193349
using:0.021611966457303143
find:0.020749477820327353
one:0.009640303017408064
thomas:0.03611769621597157
resources:0.12981631686960565
our:0.021860543362552876
or:0.006610896644147895
astronomy:0.09667540228990158
green:0.08251589802650555
for:0.003189694734432098
subject:0.0002617348714903755
space:0.029975615269736307
i:0.009357779766931125
we:0.013213175546215391
don:0.043711817056195534
any:0.01003222810087066
information:0.023910012592978088
the:0.0007389735392049539
do:0.014084665076597974
can:0.008476137180761895
nobody:0.039296957504494384
did:0.016116774935715346
is:0.0026340453616731756
deal:0.032316813644710875
chose:0.04916457514920325
faq:0.038059755518605486
entitled:0.05115811361996825
somewhere:0.03803452018531948
project:0.03776113583738285
s:0.006082708635843316
james:0.06783517191445151
