tv:0.020703065881156626
some:0.006379982924225979
since:0.010933451494009188
ask:0.01592657149921512
out:0.006438126224483387
music:0.025172996938202644
say:0.010369098220041222
there:0.015045557140608975
ah:0.02572296155994957
i.e:0.018877262278554116
your:0.013769751062090302
with:0.003195778015243428
from:0.004626077893061069
gain:0.02505795098630192
turn:0.018696601829041065
mechanical:0.057805721430825054
both:0.012271607007148841
to:0.0007531142951316015
sound:0.01885892507720454
line:0.015430621578174802
add:0.018777160745637806
then:0.01744131529809621
most:0.010145330404191464
make:0.009617926138522971
that:0.003791307381797561
think:0.00786747556026533
like:0.0063641478880255365
nt:0.01560827435458882
phase:0.02998028183514449
mainly:0.026298702082669934
so:0.005583664466584263
prefer:0.022440044289846126
on:0.0027705400286299996
you:0.003037152947588644
tell:0.01316953581214455
them:0.008010159407280004
amp:0.05941400169679541
more:0.006947644949840032
a:0.002289351025977697
how:0.007187775941142756
want:0.020684130794668652
mac:0.018750175600060853
also:0.01621308340633406
course:0.026733899452459225
are:0.007026353897281153
those:0.010141615597199782
amps:0.03376797134640102
d:0.009955432909164128
it:0.007494107753879168
not:0.0032945902107976224
absurd:0.028355956570292398
have:0.008381157592584473
systems:0.016395721968757434
only:0.007287083269231074
kind:0.01505752293422437
tom:0.04148336856256563
hm:0.02913792839346548
types:0.04477483291782382
electric:0.028568196096610782
without:0.012279838714767732
which:0.007059520942718676
analog:0.02944673828561489
of:0.009562651749134687
even:0.009175734687246043
seen:0.014166474812144005
distortion:0.16681504874966296
but:0.007270854887982626
advantage:0.023297106975600057
forgot:0.026227733801102656
particular:0.018530335781878727
oh:0.01764872231771297
they:0.03568545011778255
who:0.007065862700731411
tubes:0.09932640604266839
up:0.007341313499193359
box:0.017314420823533374
one:0.005373283649047118
in:0.002912781998270336
compare:0.023550332862259632
or:0.003684762063951286
better:0.01221975885957051
and:0.006258974008045736
subject:0.0001458850103388978
i:0.003129487004022868
any:0.005591733695567253
noise:0.02502956400883141
than:0.007817493345461536
the:0.005766416469861608
do:0.003925234529543698
thing:0.012371215492486102
see:0.009668774652520088
would:0.005096446153575826
can:0.004724404330260729
because:0.009643291250789693
did:0.008983120455972488
lower:0.02169935854123288
just:0.00641742384407588
about:0.005382602078261593
guitar:0.03323442779687142
is:0.0029363128621930482
type:0.01770771863569233
lot:0.013544007586149676
their:0.008271495183506634
notice:0.02206538488308494
guess:0.016372444059757667
fans:0.04495082644314162
afford:0.025820254590733758
players:0.02028346400567154
delay:0.030122224383796185
playing:0.0218872675156016
while:0.011859795114090287
especially:0.01707811862020405
s:0.010171086571410137
