bottom:0.03031428464762852
out:0.015921312149735946
there:0.006201209362007754
river:0.07379829416009664
small:0.02019422905585143
strikes:0.037517844333598935
where:0.012482816204282175
with:0.003951536329659104
damage:0.030064005784923454
shape:0.03221572018437301
much:0.011805384253783321
ca:0.013895598622245414
into:0.012100026371502611
from:0.01144016560040778
rocks:0.036984138851716294
my:0.006420366630610144
to:0.0018624312974200418
physics:0.030983817773603053
engineer:0.03012571175494557
like:0.00786918286154509
nt:0.004824855079205666
me:0.007321545137868546
re:0.0025266250187714226
this:0.01064153591293417
gamma:0.03770554409107917
oort:0.04562201317001836
on:0.006851470611341756
distribution:0.030033362844616756
you:0.0037553985770859585
tell:0.016283953065016572
cloud:0.03884294486688468
m:0.009248748054838326
why:0.012025152568608153
ray:0.029309249098572094
a:0.005661503212890791
other:0.027958945699295492
as:0.016218530274669293
coming:0.023490742937767536
evidence:0.021741270503466737
course:0.016528052702027157
theory:0.05498038995914358
are:0.008687991643259806
log:0.26072006375434403
it:0.002316590741486297
not:0.004073716274161925
waves:0.04035067156495366
energy:0.06196763554720611
heat:0.030879059756468152
occasionally:0.0364895212569643
bank:0.032173621875247096
be:0.003908522007685617
floating:0.03862139200997258
down:0.01597544308752134
depends:0.029093014429070925
of:0.009196514182163315
sense:0.022204878691641828
they:0.012607021952807348
up:0.00907743493481341
universe:0.05988451825224315
direction:0.029852367466483988
bob:0.04978385154093379
in:0.006002692631570624
shock:0.039941045741869644
our:0.03013210031054586
world:0.01703547762657214
and:0.0012898561300364523
gets:0.022549434745897327
for:0.002198303127784284
subject:0.0001803848438649885
however:0.01619661421754671
i:0.0012898561300364523
stanford:0.03943085957627407
the:0.0091672663377047
when:0.008835638127322541
would:0.006301686798002542
bursters:0.04021135205682707
just:0.007935057861255987
makes:0.018871472177378206
about:0.006655514731904538
head:0.023330133347673535
is:0.003630711174198161
picture:0.02763870110605
ruled:0.037335218168815694
occur:0.03074186201213879
center:0.02207182995589736
very:0.011778665485023293
translated:0.03862139200997258
random:0.03015677735797685
virus:0.03724572339347772
occurs:0.032258082434464874
appear:0.026680388974703935
