out:0.017199665680006714
say:0.013850693242828784
all:0.006963998763841541
gap.caltech.edu:0.03853103803688465
strikes:0.04053022599542074
medium:0.0400466538381857
specifically:0.029540457312085117
suggested:0.03205884634273965
much:0.012753261821605338
ground:0.056597863699231254
to:0.0010059847883874676
day:0.018564255735495416
been:0.010709783848331673
that:0.005064301101233238
rod:0.04137746812135325
protection:0.03087571019075155
cco.caltech.edu:0.03285230766829359
like:0.017002030124214206
could:0.022030790588701568
me:0.007909406426310545
need:0.028046744401419507
re:0.002729492721008544
lightning:0.08984264158258534
had:0.011200061939285659
gamma:0.0407329965363483
big:0.060783515778121695
you:0.01622770771996268
access.digex.com:0.0326457107619954
m:0.009991348263620964
ray:0.03166254647145014
a:0.0030580382317804272
how:0.028803569282389585
want:0.013814583705928331
as:0.005840249344649769
stuff:0.021338806953822058
pat:0.08875489558300248
plane:0.07547841705195805
jupiter:0.04329253574520355
model:0.053415350534066416
d:0.039894399030154064
it:0.002502594377664029
palmer:0.0827549362427065
energy:0.03347156956564417
between:0.016955225153623396
real:0.01866856827735947
second:0.02007077209235231
fraering:0.08984264158258534
call:0.019393840131377425
ancient:0.03347156956564417
access.digex.net:0.03620655824769826
be:0.00422234494260928
found:0.01952204748362772
g:0.025802934021981767
writes:0.01930693112460036
of:0.0028385486943903453
what:0.01343711099265155
phil:0.06469276424329916
jeremy:0.04510612230942618
seems:0.017200635688912978
they:0.006809632295676961
find:0.01544851633338241
clouds:0.04492132079129267
david:0.018222228024412365
sounds:0.026005142799714144
one:0.007177451881573886
in:0.005187728522466875
star:0.03350968594506864
and:0.002786842441538612
for:0.011874046091681531
subject:0.00019486829848188537
i:0.001393421220769306
we:0.019675093514072553
any:0.007469250118896403
suggestions:0.028883185190298373
the:0.0027509233941206313
around:0.017278791482873253
would:0.01361532330079381
bursters:0.04344000076211975
put:0.01815663722296919
an:0.006554001011399538
about:0.0071898991264370184
pgf:0.08984264158258534
sorts:0.03631799965011277
every:0.017752908955747417
article:0.011829677084913883
prb:0.0717641856549464
close:0.02536433004504044
by:0.0072294560205632555
s:0.009057463954102457
