your:0.02738983091698397
with:0.012713638625859724
weather:0.22687511257551138
near:0.07836469081481576
re:0.008129141364742838
upper:0.11365173664521247
two:0.040538900709854594
you:0.024165173452553125
bill:0.06729377990634168
other:0.02998495625721545
objects:0.10195236539180987
part:0.10648791793101205
between:0.050497083609704466
left:0.06357402572827307
netcom.com:0.06997902553741607
if:0.014568487386161072
of:0.008453938502858202
sat:0.11301542398651436
up:0.02920566022505184
one:0.02137632408207875
in:0.003862602215097619
and:0.00414997189663902
subject:0.0005803686280873543
actually:0.05313726363263227
will:0.02463707271528879
the:0.00819296749988101
see:0.038464907856764693
william:0.0885143321606743
e:0.06762803687073536
moon:0.2997441085017748
is:0.005840709280231824
viewer:0.11664703452267014
dark:0.10026069099274883
image:0.16091578247537724
satellite:0.10639870678571445
