above:0.01183763491360237
some:0.005076247283188496
expensive:0.017609073017986473
trash:0.04942797668835966
at:0.0038302826628453523
out:0.005122509126436782
there:0.003990343415552815
il:0.022359217550993984
all:0.004148121002809962
take:0.009242387523198711
where:0.00803242086188592
morally:0.025217604933419492
hand:0.013727128067185537
specifically:0.017595837616328963
pollution:0.02570119465129003
your:0.005477966183396794
with:0.002542727725171945
way:0.0075320557371588845
billboard:0.08201416096997764
post:0.011228599149700785
my:0.004131366353610006
to:0.003595302156758689
justified:0.022017290910476103
property:0.039740007338759015
look:0.010309427496851785
cases:0.015999067819506052
value:0.03246828538918842
lived:0.019547795094798107
legal:0.032863610381160216
make:0.022957571521952654
that:0.009049685880899395
think:0.006259774032732849
like:0.005063648102211622
nt:0.00931406806594485
mainly:0.020924619483167817
vandalizing:0.025217604933419492
so:0.008885309542477566
orbiting:0.05249076445870186
had:0.00667134124209624
this:0.0045650646814906
best:0.010587722086788844
laws:0.03227716446119906
these:0.007202765100430186
on:0.00881754478677026
you:0.0024165173452553126
them:0.012746601491584703
why:0.007737924261539159
amateur:0.020649348703105527
a:0.0036430542413384216
other:0.0059969912514430904
same:0.008443884132733098
basis:0.04861576013527824
want:0.00822868681613992
price:0.013609322616712882
was:0.0038498310178321114
as:0.0034787572183348626
private:0.015433396189889355
mac:0.014918617977439722
fine:0.014083289469219827
are:0.005590533753054135
no:0.0048945466790543905
investment:0.02363643980546426
reason:0.011618312713080555
place:0.011823598336158371
it:0.005962703125912556
not:0.0026213478633737605
made:0.010111215443121746
beauty:0.02654535123581593
buy:0.013073222283669417
complaints:0.022773609637099745
tom:0.03300633237804135
money:0.02695843275416635
against:0.011231655618077594
hm:0.023183656069583402
worthless:0.02396681331406392
has:0.0046294542342893525
feel:0.013244681235852946
attempt:0.016768036509724325
be:0.007545146832227886
which:0.005616923184858773
spend:0.017826509629180656
things:0.019432399375132605
if:0.005827394954464429
of:0.003381575401143281
prohibiting:0.053300246398406304
short:0.015056425502701164
opinion:0.014388311150381257
fact:0.01042724838534278
they:0.004056172280468451
find:0.009201942337710392
now:0.007182236512514106
in:0.004635122658117143
or:0.0029317889465351535
astronomy:0.02143671963819557
use:0.0072294762075971655
and:0.001659988758655608
complain:0.0221283052670203
for:0.004243680820592269
enjoy:0.02009888946714221
subject:0.00011607372561747085
i:0.004979966275966824
house:0.014947269323870397
mention:0.01641162962729097
prohibit:0.02537290094473288
contradictory:0.024852026162938877
the:0.005243499199923847
sky:0.04053319001938216
do:0.006246242773099971
violation:0.022398924001269086
would:0.02027499230661687
law:0.013073222283669417
because:0.007672705647367452
moral:0.017452846890916633
bought:0.015926451082036785
mr:0.014682415992536581
an:0.011711714850805261
places:0.0165861820969145
just:0.005106037232460374
actual:0.017662421246646538
people:0.013089331652809717
many:0.016114791544157334
is:0.005840709280231824
protest:0.02514198866075919
right:0.008434233016479564
lack:0.016867482864793854
dale:0.0209818285465483
their:0.013162466248536644
light:0.015183542112201276
guess:0.013026770708415885
too:0.008489208121149986
little:0.010197124790862887
neither:0.016272962828265083
earth:0.01530667461997282
despite:0.018536393811020915
while:0.009436271764689228
grounds:0.0221283052670203
s:0.00539509809440016
