out:0.01491363416557544
way:0.021928769867677764
aurora.alaska.edu:0.06806572511223354
miss:0.06108633627476087
such:0.024341989917313907
planets:0.0721514642548038
to:0.006978223595396612
everyone:0.038702693133077254
near:0.04563007313267753
acad3.alaska.edu:0.07364238875678333
die:0.04769309330927024
that:0.004391197790309833
nsmca:0.1385734822798484
michael:0.03803411647688214
on:0.006417833230877088
m:0.01732676850779838
why:0.02252813392600008
more:0.03218782343849939
a:0.0035354534831554306
how:0.01665016452188765
hard:0.03423080256424695
as:0.01012802734451922
outer:0.07255982959933825
it:0.00867988429721448
not:0.015263544520910503
have:0.012943053497408933
only:0.01688020554771249
per:0.044769938171810346
adams:0.05865334493265331
be:0.007322294394145206
but:0.008421306610764687
seems:0.02982895049849466
using:0.02790405795753064
easy:0.041945336256440605
talks:0.06059309616674335
one:0.03734092054844136
in:0.004498220301126341
system:0.11317581413886203
or:0.02560676421657286
use:0.02104784212338415
and:0.002416439332220189
subject:0.00033793616319010504
i:0.004832878664440378
solar:0.0623179680594039
normal:0.04775142625972839
than:0.01810887699011976
the:0.0019082354683267165
would:0.011805691722840203
did:0.04161800109982191
once:0.033962420188922864
just:0.014865678018555518
about:0.012468559244580651
propulsion:0.13499344040516917
orbit:0.05727823302122552
mission:0.11382260434945733
committee:0.06091977824213415
high:0.03540916234989268
