okay:0.061510944792892805
say:0.02710778534667919
know:0.008813393754702156
all:0.00681477021890208
produces:0.0376313530286975
with:0.0041773384056396235
aurora.alaska.edu:0.03840851631333178
someone:0.015738986533307284
vehicle:0.03143344779999456
my:0.006787244723787866
via:0.02441593841868318
to:0.005906567828960704
might:0.015193465256274614
enough:0.017372489478124257
acad3.alaska.edu:0.04155534794132774
think:0.010283914482346822
nsmca:0.07819503642934302
brought:0.02767423458954048
michael:0.021462108583383495
drag:0.03727233992311972
something:0.014219009408310876
you:0.011909978344472612
used:0.014103310773834754
modem:0.030452646975248642
m:0.00977724794368623
sure:0.015586028715422882
a:0.006982520629231975
how:0.009395449980208031
sorry:0.022695833462418744
want:0.013518556912229867
idea:0.019802687823291115
part:0.017494443660094835
question:0.015592757738193602
missed:0.031042372694484507
it:0.007346902065856542
not:0.012919500183770676
have:0.003651790093911806
between:0.016591898900331466
magnetic:0.173768579623642
after:0.013780097769035366
has:0.007605531956332507
adams:0.03309724464056865
spelling:0.03857463675736226
be:0.008263732244821019
comm:0.04491251672165442
if:0.00478678871259578
of:0.004166583976408685
electrical:0.06767364183743503
3.1:0.028010871306265835
what:0.006574586449975937
generator:0.0409444752739123
spacecraft:0.03641548767255559
windows:0.019622908438739296
now:0.011799388556273173
sounds:0.025447889739720272
in:0.002538281455635578
use:0.023753993253533542
and:0.0027271243892199276
for:0.004647840898743914
subject:0.0001906925492287021
create:0.027163183508882992
i:0.008181373167659782
power:0.03859793257386489
yet:0.01878620530490117
program:0.019833095945600537
the:0.005383950071350378
wrong:0.01888158612021329
electricity:0.04049080809018139
can:0.02470188549822038
put:0.017767566425334138
just:0.016776979478084084
is:0.0019190901920761708
object:0.03021408782952116
orbit:0.03232128863340583
field:0.13901635178333235
unless:0.021986153041003507
satellite:0.10487872526020424
earth:0.12573339866406244
high:0.019980884468868008
online:0.03617126363863931
