some:0.007119127287398501
know:0.01504725762997929
true:0.015751712147303944
wonder:0.02250224212083493
with:0.003566020590180167
aurora.alaska.edu:0.03278775782845396
someone:0.013435720211359877
such:0.04690285862116582
planets:0.06951177653816465
to:0.007563288073669194
remember:0.01696721973488556
growing:0.032513664000025505
might:0.012970031316331988
worse:0.02375039886183163
acad3.alaska.edu:0.03547407751088953
that:0.006345816318923356
think:0.00877895138736924
id:0.0285963951708735
along:0.021304642750861188
nsmca:0.06675186036651234
brought:0.02362434660082724
eat:0.027531855083728365
michael:0.018321312205327372
so:0.0062305524230787815
upper:0.03187792613219374
something:0.012138178763192212
on:0.006183034454137682
you:0.003389018228101963
am:0.009965465589642473
m:0.008346431171439465
more:0.015505110070984462
a:0.0034061076240155977
air:0.02350084747336079
other:0.01682082911990135
low:0.020706064268169636
want:0.011540231510440133
was:0.005399153256715766
as:0.004878744879372064
season:0.023275819687169016
woman:0.026702857301801358
also:0.009045714217558332
are:0.00784038270245397
pressure:0.02683343104877585
jupiter:0.036165106079834676
book:0.018961576284656546
not:0.007352561080194694
limiting:0.03369275785966294
have:0.0031173817874856884
term:0.023766340206795477
thou:0.034201182304413255
kind:0.016801992054652805
60:0.024827190727994008
adams:0.028253745424875683
alien:0.06913064795884628
environment:0.025595448200474363
be:0.007054405574847211
get:0.016028950918184418
if:0.0040862830473378615
end:0.01648922806448481
of:0.007113679959722145
totally:0.02511899573517471
what:0.01122490369508087
but:0.0040566050137220136
density:0.03411344610043704
easy:0.020205375391822
plant:0.03411344610043704
must:0.014130856265118886
in:0.0032502384492894597
winter:0.03278775782845396
or:0.008223310459793723
and:0.008148115553157101
for:0.001983834529951671
subject:0.0001627863225123067
summer:0.027443696039976966
i:0.008148115553157101
period:0.023115922156076926
vat:0.04175224468882343
than:0.008723178550118666
the:0.00229802746947882
can:0.01581523156898256
planet:0.02884824764734445
needs:0.020422844894325286
come:0.014641424844325662
an:0.005474988649766688
lower:0.04842661723226362
human:0.07819127734723356
places:0.023261109038355703
just:0.0071609058747919875
makes:0.01703035294056082
f:0.022659946453700293
is:0.0016382477249430726
dependent:0.03353228646748384
limit:0.054151500251814075
length:0.02818746693562627
atmosphere:0.0660034585814356
time:0.009631158353071425
90:0.024585118350880075
life:0.03402901650352085
food:0.025704142005063393
almost:0.018426786160149807
by:0.006039240700104672
high:0.017056852595375132
babies:0.03385756683763806
