some:0.03766247984301142
where:0.059595380588185864
with:0.01886539925127572
been:0.09466067014331865
re:0.012062596863811953
gamma:0.1800135653380554
on:0.016355123394815804
you:0.017928999658345865
ray:0.1399280279544732
a:0.004504852018859339
richard:0.12051862950899285
following:0.08830046042063747
are:0.020739076825845984
it:0.01105985257225716
should:0.052993940072047725
have:0.016491955262827512
references:0.13320540635521494
convex.com:0.17345781560859513
of:0.006272276953733505
they:0.030094181435733666
in:0.011463206573838095
subject:0.0008611921578070418
the:0.0024314613225453322
bursters:0.191976777561626
discussion:0.11089909498355456
discussed:0.14644501595038573
detail:0.15524717681059994
going:0.07025211884031234
s:0.02001407357600059
