perform:0.02530279672108847
some:0.00634530910398562
since:0.01087403056197653
concept:0.02312962904413469
tank:0.025212465844805635
means:0.015405408806732352
von:0.03257039565658138
replied:0.030252360236440096
inevitable:0.030643520560489492
your:0.006847457729245992
with:0.003178409656464931
ca:0.011176894543980005
into:0.009732629907512969
single:0.03534159424469972
to:0.004494127695948361
713:0.030328372421085423
us:0.011194980359701064
might:0.011560245303687206
that:0.003770702450374748
nt:0.011642585082431062
anything:0.012615441034344584
re:0.0020322853411857095
this:0.002853165425931625
module:0.030643520560489492
tail:0.030892485430224787
separation:0.03152200616677436
drag:0.028359389071938922
on:0.002755482745865706
you:0.015103233407845702
performance:0.02060332192172074
used:0.010730779936613399
them:0.031866503728961756
why:0.019344810653847896
more:0.006909886009895249
burn:0.02648525599426648
a:0.0030358785344486846
as:0.013045339568755735
old:0.01439083196925176
bring:0.020616124713527584
advantages:0.02981734552082305
cohen:0.06561345557337732
let:0.012527922514961005
shuttle:0.10121118688435388
mind:0.016465520668533355
are:0.006988167191317668
works:0.016169163008427936
d:0.009901327295527366
reason:0.014522890891350695
not:0.006553369658434401
mounted:0.029039623544515045
ken:0.02242430815823267
couple:0.017152129318774557
have:0.008335607823059556
engines:0.027041119304703532
after:0.010484856998179084
has:0.00578681779286169
sun:0.019720066870102398
be:0.006287622360189905
which:0.014042307962146932
writes:0.0035938173424867517
down:0.012849812918223685
if:0.003642121846540268
of:0.006340453877143651
failure:0.025811685878881906
andy:0.02435765346093265
but:0.007231339372287068
launch:0.12518093586117077
one:0.005344081020519687
in:0.0009656505537744048
office:0.019840966918729133
external:0.023337088682748985
or:0.003664736183168942
use:0.02711053577848937
and:0.003112478922479265
for:0.0035364006838268913
subject:0.00014509215702183858
station:0.11239103635250426
space:0.049850751481191904
mechanism:0.026120368478844583
i:0.001037492974159755
we:0.014649390279499673
program:0.015090399089043886
cost:0.01804895437147218
the:0.004506132124934556
do:0.011711705199562446
when:0.007106926319802912
would:0.010137496153308435
development:0.021126429527479357
an:0.004879881187835526
just:0.0063825465405754666
rising:0.03280672778668866
gothamcity.jsc.nasa.gov:0.06834513414164803
hold:0.0188575033312175
is:0.002920354640115912
weight:0.04831454022829652
solid:0.024486751754454972
orbit:0.024592284829765304
et:0.024727149879329027
core:0.02679589954774446
else:0.013731262094228569
karl:0.03191743744004843
rocket:0.02679589954774446
too:0.010611510151437482
dead:0.037296544943599304
comes:0.016435740963290823
high:0.015202846878486529
doubt:0.018913436407503086
main:0.020208788106667545
s:0.016859681545000497
