boeing:0.660708002139372
access:0.08595838123124425
with:0.014995573763834546
from:0.021706980882825015
to:0.007067688000465799
reliable:0.11895112090882659
like:0.02986254008996598
re:0.00958821801995309
description:0.11218051952271542
a:0.0035807798098625512
richard:0.09579685935330201
other:0.0353668714828695
was:0.02270413164362527
not:0.015459230989127304
deleted:0.09008665376918812
convex.com:0.13787672522734484
chairman:0.1542168975905625
thinking:0.08932119317560655
of:0.014956968120441436
using:0.05652360458063899
they:0.02392101601301907
in:0.004555889792166422
seriously:0.09940906829223951
subject:0.0006845373562055973
around:0.06069729315778553
just:0.03011252726835605
about:0.025256825136458244
is:0.006889041715145228
orbit:0.11602513868402092
study:0.09500957303678971
fool:0.1268015539120544
words:0.16963380161576277
