believe:0.034486855243338735
out:0.018701223794927932
correct:0.0519399593679595
all:0.015143933819782398
case:0.03923192233820247
to:0.00218761771442989
that:0.022025690503776302
re:0.005935563536161437
this:0.01666610915464822
a:0.0044333464312583965
richard:0.05930281769490124
same:0.061653757159638486
as:0.012700224765349499
steve:0.050907203918006134
let:0.03658948798020357
hands:0.06357730087865227
weird:0.07814475359830013
yeah:0.06276543562203415
not:0.009570000136126426
energy:0.07278738143640082
convex.com:0.08535225847407062
be:0.009181924716467798
writes:0.010496228428850195
were:0.024623861864639666
if:0.010637308250212845
of:0.009259075503130411
what:0.014610192111057638
density:0.08880325651542338
in:0.005640625456967951
and:0.006060276420488728
subject:0.0004237612205082269
i:0.003030138210244364
any:0.01624265502045726
background:0.07026984127486686
event:0.06591652298725352
the:0.007178600095133838
sky:0.07398915638458647
see:0.028085488276367872
just:0.018641088308982316
about:0.03127035493085306
is:0.004264644871280379
time:0.02507158682386847
temperature:0.08221684616522168
dark:0.07320621882010232
microwave:0.09414408566814106
comes:0.048002799003897006
s:0.009848194934222513
