your:0.022498789681808257
with:0.01044334601409906
weather:0.18636169961559862
near:0.0643709960264558
re:0.006677508978181616
upper:0.09335678367285309
two:0.033299811297380556
you:0.01984996390745435
bill:0.05527703349449495
other:0.04926099956542538
objects:0.1674931717151162
part:0.08747221830047418
are:0.01148056038573617
those:0.03314135096942072
between:0.04147974725082867
left:0.052221521133938596
netcom.com:0.1149655419543264
if:0.011966971781489451
of:0.006944306627347808
what:0.016436466124939843
sat:0.09283409827463679
up:0.02399036375629258
one:0.017559123353136113
in:0.006345703639088945
and:0.003408905486524909
subject:0.0004767313730717553
actually:0.04364846655537651
will:0.020237595444701505
the:0.006729937589187973
see:0.031596174310913855
william:0.07270820141769674
e:0.0555516017152469
moon:0.24621837484074358
is:0.0047977254801904266
viewer:0.09581720692933618
psuvm.psu.edu:0.08926630921540074
dark:0.0823569961726151
image:0.13218082131905987
article:0.01447023000565359
satellite:0.08739893771683686
says:0.04573262043620657
