boeing:0.3168149026651907
purdue:0.09451742555107072
technology:0.05520766698060562
access:0.05495699783636927
with:0.009587334045730285
from:0.013878233679183206
to:0.00451868577078961
matthew:0.35133379842799134
t:0.04223398450820397
that:0.005686961072696341
reliable:0.15210143329325368
like:0.01909244366407661
re:0.006130172176691321
this:0.017212538962997345
gatech:0.09627554899949034
a:0.002289351025977697
richard:0.0612471723734226
other:0.022611606357900178
was:0.014515756296744026
no:0.018454848134139508
internet:0.04682842529696076
not:0.009883770632392867
uucp:0.06940374766124711
atlanta:0.07847302618315942
convex.com:0.08815069317813852
chairman:0.0985976886234744
be:0.009482971428483138
thinking:0.05710699235817468
writes:0.010840367065861679
of:0.006375101166089792
georgia:0.15757861639696405
institute:0.06381078442513617
rutgers:0.08741378518039644
they:0.01529376433619252
in:0.005825563996540672
or:0.011054286191853857
seriously:0.0635566174327433
subject:0.0004376550310166934
around:0.03880646611727272
can:0.014173212990782186
just:0.01925227153222764
about:0.01614780623478478
is:0.008808938586579145
orbit:0.07418000669961994
fool:0.08106984594377248
words:0.10845439775434015
article:0.013284145578960673
