at:0.011591644900716198
correct:0.021527746316983214
there:0.012076039283909833
technology:0.02215570845932199
manned:0.04032584431458371
ahead:0.028431838714860436
with:0.0076950970630203595
though:0.016352264484280787
from:0.005569554305461681
tm:0.03023734427868781
several:0.018542443237285502
name:0.01817258227519902
located:0.09645934233394286
to:0.0018134199474879353
near:0.04743126023002006
ships:0.04001250188702283
might:0.013993981157095037
speak:0.02358837378051575
control:0.020063383354875154
nt:0.009395770417400506
described:0.02729847541919956
this:0.006907663662781828
two:0.01226835153061389
these:0.010898920875650938
on:0.0033355843765742756
enterprise:0.08130972047883403
western:0.026911366866417104
moment:0.027686255258893306
europe:0.027059214602285907
a:0.003675010857490513
same:0.012776929937688239
want:0.012451302419159089
was:0.005825402198035431
as:0.005263908948796174
also:0.009759849550523463
military:0.025472622123227436
wales:0.040825751597333204
popular:0.02782876510613791
hmm:0.032633542631149086
are:0.016918720568453303
it:0.011278139136183288
not:0.003966513214315558
try:0.01602887942331179
types:0.02695327113145315
call:0.017479974328938865
armed:0.029213309346373378
be:0.007611332330756201
writes:0.0043504104672208044
coast:0.035226737057821665
if:0.004408884340548745
of:0.005116857514887859
industry:0.029966009025174326
even:0.011047101630039642
moscow:0.1550488601036738
spacecraft:0.033540580751038045
english:0.029066778848944933
fact:0.015778073214663416
russian:0.0918891038818476
well:0.011071499408903583
must:0.015246450180786165
they:0.006137629108603576
find:0.013923991695219672
who:0.008506926804170055
now:0.010867857880777923
establishment:0.0374997741850625
in:0.00467578162880238
rather:0.016930813506005678
and:0.007535475286002431
still:0.013432296593615441
subject:0.00017563787428959404
space:0.06034564652986388
outside:0.02371563011501003
paid:0.027210461432711556
the:0.003967121105205542
do:0.004725775782279583
would:0.006135852934897211
can:0.00568793416077443
towns:0.04048829571320458
home:0.019272125341193082
auto:0.03108622756647551
facilities:0.03479752309816113
tour:0.04016730779103726
just:0.00772624054911767
here:0.01184474280015392
many:0.012192112023540088
including:0.020920840174540985
is:0.01590824764484194
served:0.033260583287756496
easily:0.024334965581548598
very:0.011468700603838469
by:0.013032045721278501
facility:0.10079411751565534
north:0.02640891305862385
main:0.024463269813334392
s:0.004081817637210647
