some:0.011675368751333542
stations:0.10972783151662883
principles:0.05047309856924292
with:0.011696547535790946
way:0.017323728195465432
meaning:0.03945946534884292
aurora.alaska.edu:0.107543845677329
someone:0.0220345811466302
to:0.006890995800454155
track:0.04549795577796541
been:0.014672403872214393
make:0.017600804833497036
technical:0.038367472429193
think:0.014397480275285552
uxa.cso.uiuc.edu:0.08917210679463888
could:0.015091091553260574
nsmca:0.05473652550054012
me:0.010835886804045448
something:0.019906613171635227
these:0.016566359730989428
on:0.0050700882523928995
working:0.03168539010706607
m:0.013688147121160722
why:0.017797225801540063
josh:0.10475860433065882
a:0.0027930082516927903
hopkins:0.11160841050959436
was:0.008854611341013856
related:0.0385413898563117
proposal:0.0942640337519592
success:0.044818082368116074
are:0.006429113816012255
it:0.0068571085947994395
not:0.012058200171519299
deleted:0.03513379496998337
ve:0.01825133699027434
references:0.041293675970116635
dealt:0.05653445660494607
which:0.012918923325175177
writes:0.013225247820351248
down:0.02364365576953158
of:0.007777623422629546
but:0.006652832222504103
find:0.021164467376733904
degrees:0.050556086597389874
over:0.020059407525193577
one:0.009833109077756225
in:0.0035535940378898095
or:0.006743114577030853
and:0.0019089870724539493
for:0.00325348862912074
subject:0.000266969568920183
station:0.04135990137772157
space:0.15287563787565517
i:0.005726961217361847
directly:0.0363250032549638
will:0.011333053449032845
the:0.0037687650499452652
an:0.008978981385617367
many:0.018532010275780934
gothamcity.jsc.nasa.gov:0.06287752341031619
discussion:0.034378719444901916
carry:0.03892457849933306
attributed:0.0537719228386645
jbh55289:0.12359077512782773
build:0.037316330630183546
difficulties:0.06036437912750714
article:0.00810332880316601
give:0.023632362713560066
s:0.006204362808560183
