candidates:0.08271561252068889
ever:0.03723129657506846
your:0.017745524256074122
vehicle:0.061981446366186466
then:0.02247718802501131
most:0.02614923188685969
re:0.0052667676447629656
political:0.1015429796473669
had:0.04322277424456719
getting:0.038200022144009665
you:0.007828154780404533
used:0.027809345187843178
seeing:0.056454784020541236
more:0.017907310222827124
a:0.0039338144390039295
as:0.011269213524183358
season:0.05376386519289744
shuttle:0.1311468900473318
far:0.03506166298762538
pat:0.05708648213554619
d:0.05131955555991649
not:0.008491690261633308
have:0.007200712861234548
92:0.06173964631516724
messages:0.061620285371632416
access.digex.net:0.06986335887231918
be:0.01629468329964708
get:0.018512309511142567
if:0.018877476613053782
of:0.0027385997967005445
well:0.02370236493173725
launch:0.12976502647017138
they:0.013139713021235826
now:0.04653279994023223
one:0.013849449405290457
president:0.05303462196016899
in:0.0025025310125984575
better:0.03149599818734371
and:0.005377428373109717
for:0.018329513403497127
subject:0.0003760134773523704
space:0.04306355996497329
we:0.037964617062365355
the:0.004246495830924242
around:0.03334076666413571
during:0.041244640983133386
launched:0.07820621072355834
launches:0.08777721816727899
right:0.02732216329282112
campaign:0.07268970669572976
too:0.027500251660063334
nixon:0.08144587876020583
prb:0.06923727770934969
s:0.008738539166986173
