some:0.007508275724330251
okay:0.013844907188110921
out:0.0037883508009018
say:0.006101430785426185
there:0.014755289157188864
maintaining:0.017216926150446604
means:0.009114454085012066
situations:0.015371399901910181
produces:0.016940158919670902
nowhere:0.016594756190986538
where:0.005940375557021742
your:0.00810245802045828
with:0.005641421641056727
way:0.011140661218948831
high-speed:0.017810402923848435
aurora.alaska.edu:0.034580014687244046
into:0.005758211906695776
vehicle:0.014150105118968614
such:0.006183335059381989
generate:0.015079771086891491
from:0.0027220972811259664
zoo.toronto.edu:0.03256576790617044
via:0.010991097680436157
to:0.003102055987342706
cases:0.011832108033718302
potential:0.013782226176274903
bear:0.014487338658584294
that:0.0022308979127619085
nt:0.0045921450271539455
toronto:0.012916721206239814
nsmca:0.017600168971234766
re:0.002404762075743862
sunos:0.01628288395308522
so:0.0032855646218164633
this:0.00675218570252629
drag:0.05033563590903629
you:0.017871350141759543
henry:0.05884555940138527
used:0.00634875726153333
e.g:0.013052331897721208
burns:0.014864130474092309
why:0.005722580643582014
more:0.004088164070163105
a:0.003143256874895423
other:0.004435073915858234
want:0.006085524011936275
constantly:0.016778545303012093
was:0.0028471419102938443
collision:0.018649675674233063
idea:0.008914393232349698
coming:0.011178874452699663
part:0.007875312258563591
quotes:0.015625381931873624
lunch:0.01789850251930861
velocity:0.019070988415089668
question:0.014038495712843116
definitely:0.013684410752799947
obtained:0.015412361399586804
exact:0.013732946528434946
mind:0.009741658530579218
are:0.006201717507407321
no:0.014479044838360254
taking:0.010954823260937637
dick:0.0162292921444511
it:0.0077170032417357036
not:0.0038772347818390026
dunn:0.01827722610662817
fuel:0.015517107928315463
have:0.0032877852935540375
systems:0.009647643473577525
orbital:0.017327180406004904
only:0.00428789787224851
energy:0.07372355354490757
utzoo:0.017641130468911387
between:0.0074690220130109505
magnetic:0.1368916463273064
has:0.003423712134683444
free:0.00928459097789304
be:0.003720008084485346
sort:0.010088300024633536
writes:0.002126245630281551
applications:0.025082321719577697
get:0.008452565757499178
things:0.007185613916849677
if:0.0086192980033879
of:0.005001687088507747
trying:0.008669865669030212
electrical:0.060928037667144073
looking:0.008340467348574418
what:0.005919241819914027
but:0.002139174348072059
spacecraft:0.016392824032661683
using:0.0070881690631669474
well:0.005411150836505931
spencer:0.029940286795371564
up:0.004319808264798664
now:0.0053116218581294025
in:0.004570538955485285
yes:0.017150134215459092
rather:0.016549734102333527
use:0.01603967390109982
and:0.0036829332587536004
for:0.00209227564573681
subject:8.584230511902989e-05
however:0.015415427036636098
create:0.012227799650301026
i:0.0006138222097922667
special:0.011240228915964703
power:0.060813462897729244
solar:0.015829966162999705
information:0.007841869081941366
than:0.009200008245784316
reverse:0.016124715965333544
the:0.004362557614084551
do:0.006929111757940483
svr4:0.019070988415089668
electricity:0.054682120250405745
around:0.007611557662873427
would:0.0029988734601426883
can:0.01945968471724757
meant:0.01309215202376533
put:0.007998261413333695
fight:0.013696476185657022
simple:0.01060832333426444
arrays:0.020407050935866727
propulsion:0.03429093823796902
is:0.008638991218349322
object:0.01360119709367512
orbit:0.043649328701062536
done:0.008516603059230542
field:0.10012753311725546
does:0.003917970464107798
run:0.008607184657194195
first:0.006037153792254151
article:0.0026055719624328007
useful:0.024657795608221466
satellite:0.031474858598989484
convert:0.013757491945975368
u:0.012159625349173683
earth:0.07924034128024515
answer:0.019525858791825446
by:0.0031846799833349392
s:0.005984915892501785
zoology:0.017724652933230552
