go:0.010348043892521953
out:0.006266899463193936
means:0.015077634151269961
incidentally:0.031877408514951994
with:0.003110783919093337
way:0.009214749040141188
high-speed:0.029462953772962035
ca:0.010939088277086815
aurora.alaska.edu:0.0572041732326218
such:0.010228814912062758
zoo.toronto.edu:0.053872094780952166
planets:0.03031896636239096
to:0.005131592617359476
near:0.019174339241923005
acceleration:0.031138916787004034
speak:0.019071451141693584
that:0.007380949477329294
like:0.012389777271368864
talking:0.03467756574853477
nt:0.011394870506209125
toronto:0.021367554761386076
nsmca:0.02911517313858517
re:0.0039780904550869205
sunos:0.026936047390476083
this:0.005584919557142755
something:0.010588624027465547
on:0.0026968554534004784
you:0.008869132809713645
henry:0.09734557964803628
more:0.013525734317241763
sure:0.011606617128506401
a:0.005199749404747215
how:0.006996611687388959
hard:0.014384220226465474
collision:0.03085132518450257
as:0.012767779152399229
part:0.013027777193687645
velocity:0.03154828402708982
canadian:0.02581206284969307
outer:0.030490566693338945
anywhere:0.0224804750258216
are:0.0034197413914958804
taking:0.01812207464974258
dick:0.026847392855980274
it:0.0018236990943615529
not:0.006413936261446435
rockets:0.03057848851222836
zero:0.024646884306806446
dunn:0.03023519850617745
have:0.0027194181550407068
systems:0.01595966553341814
ve:0.009708157973550182
suitable:0.02735436189749264
utzoo:0.02918293391399703
between:0.01235566939386386
doing:0.014259058006198486
sun:0.019300490979249154
be:0.006153843161036929
writes:0.003517353143710438
down:0.012576412643367861
if:0.00356462989235856
of:0.002068516867720624
even:0.008931699190244818
but:0.0070774810877703214
nearly:0.02281989796595434
easy:0.035251931534668164
spencer:0.049528878688088064
they:0.009924676856465357
now:0.00878677871211832
good:0.008617073677444144
title:0.022346773040334677
in:0.0028353143919333584
system:0.03566844142408285
or:0.007173526145777503
use:0.01768914391220583
and:0.0010154186555606114
for:0.008652895290214733
seriously:0.020622093954241173
subject:0.00014200508985116116
i:0.0010154186555606114
we:0.007168850562308351
solar:0.0785604171812698
normal:0.020065758907013526
the:0.0028065271648528567
do:0.003820839994183493
svr4:0.03154828402708982
pluto:0.03300805448295025
less:0.01462162530104403
start:0.01498703238235379
got:0.011766775646971138
would:0.004960902372895617
can:0.0045987552789240075
major:0.01742780836552017
because:0.009386820738800606
once:0.01427144252619631
quickly:0.022578076827248182
drop:0.02303016838487261
an:0.004776053928519876
just:0.006246747678010031
about:0.005239447767669529
head:0.01836627518859406
propulsion:0.056725966978767896
is:0.005716438870014126
orbit:0.04813808945400868
right:0.01031847656271436
fly:0.026344421671804678
unless:0.0163726671581941
chemical:0.05285003275872214
first:0.009986993773356602
mission:0.07174456710324836
advanced:0.024589066901291
although:0.016807124769972117
article:0.0043102812782797924
very:0.01854513289131327
useful:0.02039514477169382
planning:0.024646884306806446
u:0.020115124912728807
close:0.018483580937077342
going:0.011584125978987673
project:0.020487424762835375
high:0.014879382051284688
s:0.003300192983276693
zoology:0.029321101394865434
