weather:0.14698950955596513
near:0.05077148982368345
ocean:0.08599198287658683
been:0.020665357566499145
think:0.020278141232796552
re:0.0052667676447629656
had:0.021611387122283596
mean:0.03723129657506846
you:0.0234844643412136
shadow:0.0755741350428567
a:0.0019669072195019647
richard:0.05262081006730674
sorry:0.044752347672374994
also:0.02089432579830375
across:0.05435442425118088
cool:0.06465953485175216
turner:0.15882838825718498
has:0.014996823575866916
sun:0.10221105081968568
writes:0.018627109606128518
of:0.010954399186802178
wm:0.07622934653067209
sat:0.07322126061098114
clouds:0.08667916828742389
george:0.056088932099368556
in:0.012512655062992288
subject:0.0003760134773523704
i:0.0026887141865548584
solar:0.06933971093933673
caught:0.06359470751734439
images:0.05994157386085611
the:0.008492991661848484
see:0.04984185243411764
can:0.02435397161796376
wam.umd.edu:0.07782552519696792
mr:0.04756275603216076
an:0.012646452655799108
during:0.041244640983133386
moon:0.19420040832509353
move:0.04981443824750729
image:0.15638294353240886
article:0.022826278318777492
satellite:0.06893437341046288
earth:0.049585002290052804
