ask:0.026022880217467563
at:0.007865759039771705
dan:0.03548038829810052
say:0.016942365841674495
know:0.011016742193377694
story:0.032098727928683964
seals:0.054097417576810455
way:0.015467614460236994
from:0.007558680843126568
to:0.007383209786200879
nasa:0.03830482872856621
think:0.012854893102933529
quite:0.02371606591169108
nt:0.012751402709329259
re:0.006677508978181616
anyone:0.01493673883608385
had:0.04110022729505719
off:0.019495155785324556
he:0.014197617924287814
on:0.009053729022130176
market:0.034918350134580556
missions:0.048010645391664726
material:0.03770267443574895
a:0.006234393418957121
was:0.03162361193219234
exact:0.03813344973520775
pat:0.03618875206806946
it:0.018367255164641355
made:0.020764103142125012
term:0.0348007124456648
patent:0.05517445318206595
university:0.020985179478559407
access.digex.net:0.04428837928513091
heard:0.048261559989640615
stick:0.07547016615811537
writes:0.005904128491228235
get:0.011735481922242164
of:0.001736076656836952
what:0.008218233062469922
but:0.005940028770092949
never:0.019678028846980895
sticking:0.05260586324946076
find:0.01889684587208384
who:0.011545114948516502
in:0.0031728518195444726
and:0.0017044527432624546
for:0.008714701685144838
subject:0.00023836568653587764
space:0.027299221049224137
60s:0.06028623168895283
i:0.006817810973049818
we:0.012033427729589017
developed:0.0378330208591521
held:0.036298643565164074
the:0.004710956312431581
do:0.006413552847379434
would:0.008327228983074786
major:0.029253821184980284
did:0.014677777173597905
last:0.0194657370719598
myself:0.029757518410695384
human:0.02862359260032657
problem:0.018888975821835574
long:0.021252778974183793
wanted:0.027188928478090197
him:0.021397458065743818
late:0.034411955228849725
professor:0.045755370814517304
article:0.007235115002826795
prb:0.04389148854789132
useful:0.0342347072953432
metal:0.044774880939452956
full:0.027586272177886187
thus:0.029744241722109866
process:0.03229074761815685
project:0.03438960585190224
