taken:0.014643916887816268
pc:0.014812631386657258
at:0.011746200166059081
out:0.026181713312899108
say:0.00843353321896686
there:0.004079017713676211
form:0.015170581886586203
know:0.01096777889474046
all:0.004240301469539072
much:0.015530638840532723
though:0.011046863118269688
ca:0.009140215982632538
into:0.007959128457699496
reasonably:0.021913091185711026
to:0.0012250659200807386
look:0.010538525885670714
that:0.007708991676321707
think:0.006398880122349134
nt:0.0031736824520997267
could:0.020121455404347434
re:0.0016619577901252024
dunno:0.026186029706398245
so:0.004541380432821867
gamma:0.04960373800426416
these:0.007362826547106412
big:0.012336802461633588
oort:0.030009146440723188
on:0.0022533725566190664
you:0.004940435461410861
them:0.006514929651254404
cloud:0.025550025956884142
ray:0.019278972740394088
a:0.003103342501880878
how:0.017538173296388324
was:0.00393538281822838
as:0.0035560629342978596
output:0.01816603639526276
athena.mit.edu:0.0217212148663101
theory:0.018082439364340553
l:0.01468871368334828
are:0.005714767836455338
those:0.008248514019055823
radius:0.051100051913768284
model:0.03252401343629822
d:0.024291256298360476
it:0.004571405729866293
not:0.0026796000381153996
should:0.01460277459763093
only:0.005926827725641274
energy:0.061141400406576694
per:0.015719222735880077
decent:0.02002472143475429
second:0.012220870118454517
25:0.016345255770176058
call:0.011808693768883145
greg:0.019463415988868544
edge:0.041895126111981866
be:0.007712816761832952
which:0.011483487400155713
found:0.023773515602284422
writes:0.005877887920156109
get:0.011683324224809976
were:0.0068946813220991075
depends:0.019136738380011096
things:0.009932115236178887
if:0.005956892620119194
of:0.008641803802921719
produced:0.02040367544210846
fraction:0.026272332310207588
trying:0.011983680991415094
what:0.008181707582192277
but:0.014784071605564672
distance:0.02097393965830122
ok:0.014505996402270809
jeremy:0.02746461669507283
order:0.012463630493922186
well:0.007479412934014866
they:0.008292618884513277
explanations:0.026450133797379583
up:0.005970934979343932
one:0.0043702707012249885
in:0.00473812538385308
or:0.005993879624027425
and:0.0016968773977368437
for:0.005783979785103538
subject:0.00011865314174230354
i:0.005090632193210532
we:0.017969918742852933
howard:0.04664871602121283
any:0.004547943405728032
pretty:0.012791200252976118
suggestions:0.017586650538092788
than:0.006358227920975383
the:0.003015012039956212
closer:0.020716963787684214
around:0.031562592442048475
can:0.0038425155219453926
radio:0.03188755876237925
maybe:0.011768502588188106
bursters:0.026450133797379583
forget:0.017063170379619973
put:0.04422149865860941
an:0.015962633574430875
just:0.010439009453030097
many:0.008236449011458194
about:0.008755699380638858
different:0.011232075102272213
f:0.016516583192919324
unknown:0.02097393965830122
is:0.0023882011279170124
9:0.0316518547166669
does:0.005415505841500112
lot:0.01101579283673507
x:0.013534044397982677
too:0.008677857190508873
show:0.013378082976599256
article:0.007202958936147565
neither:0.016634584224448752
bursts:0.028630680092706123
close:0.015444058738535736
answer:0.01349453796501714
magnitude:0.025777996154162146
by:0.008803870887263698
john:0.011917681775919314
galaxy:0.025936743187949165
s:0.00827248374474691
