some:0.01185316624500867
since:0.010156454941135437
ability:0.04069329609602464
large:0.015198142740546067
out:0.005980594411575938
there:0.004658776576533743
11:0.01961530272903508
servicing:0.02935359082220616
consideration:0.02545576987420676
own:0.011505028606842615
with:0.00593733377451317
much:0.008869019642436199
scheduled:0.02596808418177001
zoo.toronto.edu:0.05141093309045181
hair:0.027721186638818025
my:0.004823422646346707
tight:0.02638938834202873
to:0.006995934822796096
remember:0.014124995109244831
ward:0.02811693050414651
design:0.05730711483388999
w:0.015707313984920576
might:0.010797386476540334
guy:0.01718949617740543
problems:0.013924229623816106
think:0.0073083656219723615
indeed:0.01872204217515033
nt:0.003624764221941312
re:0.0037963502820118834
so:0.005186855824288934
voice:0.018408600514904404
had:0.007788875561838249
this:0.005329770947933188
management:0.022994387936442873
on:0.005147297718165379
henry:0.04644915983205791
used:0.010022657402725205
them:0.007440909500163659
size:0.018278564147542475
why:0.009034124772355361
a:0.00354442671534618
other:0.007001563390009699
quick:0.02060545797051419
was:0.004494726569042566
as:0.016245972796284636
odd:0.024667481120876633
given:0.014151205884168938
modes:0.02521778212852731
also:0.007530442292789677
shuttle:0.023633069018681615
based:0.015334533055332701
pat:0.020574315896567406
are:0.0032635095512752563
no:0.02285778144533015
not:0.0030604568963246946
thermal:0.02862135930522876
have:0.005190361554798506
bother:0.02327718289590483
access.digex.net:0.050358360202382345
his:0.00936258396703176
be:0.01761810935444075
writes:0.0067133237666757595
if:0.00340177878052492
designs:0.02765812816166799
seen:0.013159720256966257
what:0.0046722949390691935
conventional:0.05413442534014398
requirements:0.024702368832997246
using:0.011189952175862541
well:0.008542476701286014
launch:0.023384052993355754
spencer:0.023633069018681615
they:0.009471265223428869
who:0.006563720173775879
david:0.02534462171923344
over:0.020364880736237132
in:0.0036077096831368624
pull:0.02294462143849048
rather:0.013063368796511996
and:0.0009690289707888067
for:0.006606068282478659
subject:0.00013551754767521977
half:0.019196159815192973
however:0.012168014742116309
i:0.0019380579415776134
branch:0.023146683623264185
similar:0.016064762882572085
possible:0.013081074228246609
solar:0.0499809083928214
than:0.007261935442738381
the:0.0042087731522231385
do:0.0036462838523172417
thing:0.01149204281789318
less:0.013953632266986178
would:0.004734262162966376
did:0.008344726108847539
contributed:0.029015055926273813
flexible:0.029716326679983543
may:0.009446830088527059
an:0.004557858571379374
problem:0.010738910111906518
just:0.005961363266324293
arrays:0.19329724388998637
finally:0.018459515105563984
pinch:0.0312397002457213
collective:0.030209543677210182
is:0.0040914613232080795
weight:0.02256313553808771
envelope:0.032216207314997726
new:0.008751266826820035
days:0.015118033627158235
their:0.007683673190770121
mass:0.021380145282739425
guess:0.015208920116424636
mission:0.02282229884164246
whenever:0.024077329820796113
designed:0.019947194908034326
hst:0.10872008188403844
article:0.008226729749407117
prb:0.02495353663636461
replaced:0.021957601553585403
release:0.02017159131668659
thus:0.0169104318420117
going:0.022109803898981546
fit:0.020636792280702417
s:0.003149422745462022
