louis:0.22443817559990284
k:0.18041243125007916
send:0.13968319623220107
fax:0.14564968285158997
to:0.0065628531432896705
director:0.2354886001223867
centre:0.238419928360455
australia:0.22090922454496367
society:0.17696339135270703
science:0.16103010600796738
42:0.2317317457190694
if:0.03191192475063854
available:0.12862208703877284
please:0.09121025509072642
email:0.13066184090323527
for:0.015492802995813047
subject:0.0012712836615246807
moore:0.5384233962375816
61:0.24034808842496627
wanted:0.1450076185498144
