true:0.022860891965998643
with:0.005175463511411923
aurora.alaska.edu:0.0951715448471938
someone:0.01949962933330106
such:0.034035702716244225
planets:0.10088434825007965
to:0.0060982263720833225
crary:0.10645060187667146
growing:0.09437594506202093
perhaps:0.025561606527788012
that:0.006139904874946492
problems:0.02427498438842277
id:0.041502732814365076
nt:0.012638558437565284
along:0.030920012487975528
nsmca:0.04843940309782311
brought:0.03428666232332449
re:0.00330920798918735
eat:0.03995773658169426
so:0.00904257165827363
had:0.013578836156479071
this:0.004645862286472734
something:0.01761647183330551
on:0.004486803763179557
you:0.004918575127510813
m:0.012113404532000637
more:0.011251495803723238
a:0.0024716887183122037
other:0.012206265379043457
low:0.030051279114865662
want:0.01674865458152373
season:0.067561671304349
woman:0.03875458935836657
also:0.013128293200704128
frank:0.06931282082390482
are:0.01137896250621638
no:0.01992470329526566
pressure:0.03894409461946229
should:0.014538160550738758
have:0.004524341709271264
term:0.034492741539066
kind:0.024385192008522655
be:0.010238252338716307
writes:0.0058518795665271
if:0.005930534688171764
of:0.005162139439798371
ucsu.colorado.edu:0.04843940309782311
what:0.008145505336253373
but:0.00588746214380894
using:0.019508146713671865
plant:0.04950978018116525
must:0.02050849935822564
they:0.008255925880599502
cheaper:0.0390210477784672
in:0.004717160227287358
and:0.006757476362668847
for:0.002879193477098
subject:0.00023625625568157783
i:0.0016893690906672118
period:0.033548771978731115
vat:0.060596178132451696
cu:0.05361867936816612
import:0.049260480384999805
than:0.01266018833822532
the:0.002001114185811645
do:0.012713591485070737
spanish:0.057007991335034314
can:0.007651026481749676
did:0.014547885340203234
come:0.021249501543977065
an:0.007946001226210059
lower:0.035141439053501033
human:0.05674057294224028
problem:0.01872181674376623
is:0.002377633866289061
dependent:0.04866632726254291
limit:0.03929577894379428
length:0.04090924404816555
atmosphere:0.04789631507679397
time:0.013977964335431093
life:0.02469362259547531
food:0.03730512644982652
extend:0.04963711414091835
article:0.007171087436430097
babies:0.04913841558736851
