pc:0.015946612736831976
at:0.00843028720052087
there:0.017565148049323395
surely:0.02146657477439723
know:0.011807417470414371
gap.caltech.edu:0.02525718761269472
where:0.008839506211644792
among:0.016480887406630743
i.e:0.01652889472237035
with:0.0027982171138255852
from:0.008101169898853355
to:0.002637701741800633
within:0.015485407733601997
near:0.017247730992734567
indicates:0.02352079769073602
100:0.016165129659478812
that:0.004979492231116892
cco.caltech.edu:0.021534766270603932
like:0.005572435710567814
really:0.009336821737755626
nt:0.013666575152582554
could:0.0072206179680672595
re:0.001789189008507993
mean:0.012647952425023255
he:0.007608292858948494
gamma:0.053401153353872896
best:0.011651560191203034
something:0.009524695297433123
two:0.008922437476810102
oort:0.03230649736441491
on:0.0024258795465994733
distribution:0.042535289004816075
you:0.0026593253081757025
great:0.012063400424558262
them:0.014027360493131491
leg:0.026768445743883606
cloud:0.027506008805258046
holes:0.022934183709432995
support:0.013105054112600507
access.digex.com:0.021399341504274496
m:0.006549352689550584
why:0.017030838087598147
ray:0.0415097499195088
a:0.0026727351690840097
other:0.0065995597503919175
wondering:0.017219777520848308
was:0.004236656144025768
as:0.007656594834612616
minority:0.02373348554992661
part:0.023437532176203608
possibilities:0.026567660102261446
given:0.013338696455412828
evidence:0.015395732222550607
far:0.011910899866609577
others:0.012901091976403808
pat:0.019393015462314735
are:0.015380655062230275
it:0.00164045660162666
have:0.0024461751825246548
palmer:0.05424605868541048
keith:0.0188539094216252
tom:0.018161379059687822
has:0.010189229415182306
alien:0.05424605868541048
call:0.01271270860286463
disc:0.02995015054576518
edge:0.045102408493760376
be:0.005535514422368147
which:0.006181303026399606
writes:0.009491804655754483
if:0.0032064613385809054
of:0.007442701839836886
gives:0.01739963864017275
what:0.013212087602822458
but:0.00954951993660876
sense:0.015724028929966462
fairly:0.018776107886353522
they:0.02678238156481561
up:0.0064280400495329406
universe:0.021203130864430587
david:0.023889428127698505
good:0.007751243307940187
one:0.004704836879309198
in:0.0017002842286554113
pull:0.02162722690613696
or:0.012905482444078187
apollo:0.02712302934270524
for:0.004670079371943646
mechanism:0.04599184497710434
i:0.0027401728312736115
dispute:0.0254090952601329
away:0.013248725293414691
power:0.012927537225696372
any:0.0048961113219560155
sick:0.021489197459545292
quantum:0.02478306846128692
the:0.005770357971208061
originally:0.021769356831562395
do:0.0034369278416578786
enormous:0.02792233118319886
gods:0.023186067601707737
pluto:0.029691455707151423
ross:0.05190679229401373
would:0.0044624384981070625
claim:0.015623153324401846
bursters:0.056950048846032594
an:0.004296163342400654
thought:0.012844911029625419
just:0.005619084035721942
is:0.0038565448835980467
either:0.023957537867113476
christianity:0.018405015855990487
smith:0.03768170865518146
dead:0.01641761786990974
article:0.007754381629823933
very:0.008340873166427978
prb:0.02352079769073602
earth:0.016844665849730857
close:0.016626379024739426
by:0.009477851433657092
black:0.016887810316956638
grounds:0.024351723499591714
ranges:0.029691455707151423
galaxy:0.02792233118319886
s:0.0029685946452441066
