seemed:0.048495205704984994
some:0.013419964081992575
laser:0.05633859747024975
there:0.021098367484532126
maintaining:0.06154556359527464
zoo.toronto.edu:0.11641326228527595
navy:0.06607765333676933
via:0.03929001584615684
to:0.003168273931243289
re:0.004298166698599662
exactly:0.03696991555485067
this:0.006034280900820908
drag:0.17993543411161247
henry:0.1051779826082231
used:0.02269498285444673
missions:0.0618068078605339
burns:0.05313499514301963
why:0.0613697441432416
a:0.0016051771561452815
constantly:0.05997847803720416
was:0.010177714185073398
quotes:0.055856250354168926
exact:0.04909133759015251
parameters:0.06414276466068641
pat:0.046587818754296316
are:0.01477957199083277
no:0.03881881848905206
thread:0.04784974475291914
it:0.011822601025516275
not:0.013860000197148618
fuel:0.05546920190466792
have:0.011752887658566732
orbital:0.06193969087663822
follow:0.04341370474042856
magnetic:0.06990689984859161
access.digex.net:0.05701492505672025
be:0.013297959934194742
sort:0.036062773651276206
writes:0.007600717138132901
if:0.007702878388085164
of:0.006704847778128919
electrical:0.05445005665080979
what:0.0105797942873176
but:0.0076469335890851755
spacecraft:0.05859963533514693
spencer:0.05351396088138251
they:0.010723214074801651
in:0.002042295424074603
point:0.025305011048966215
for:0.003739642102437632
subject:0.0003068615734714747
i:0.002194238014314884
the:0.0025991483103070794
around:0.02720913141555903
would:0.010720110874762942
fight:0.04896096659470499
just:0.013498719120297539
is:0.006176382227371584
orbit:0.05201126906525076
field:0.04474089482681961
does:0.014005618555603738
update:0.04990623209168167
article:0.00931417103812185
prb:0.056503985257055495
satellite:0.056256787495894994
earth:0.04046592140912355
