way:0.07874421907029742
corporate:0.24338472876313152
from:0.038480557019553434
france:0.23293643323754265
us:0.09363074482659073
french:0.22722333254829283
re:0.016997295580825935
on:0.023045855692694996
you:0.025263590427669177
same:0.08827697047857329
steal:0.24494332301216024
pat:0.18423364689198998
access.digex.net:0.2254681127243028
in:0.008076350086113203
u.s:0.16035192731812264
subject:0.0012134980405462863
the:0.006852300090809573
documents:0.22057580980646804
agents:0.20703788053756808
prb:0.2234475780619922
by:0.045019794309871186
