11:0.026109558362296698
all:0.012892808522247178
servicing:0.03907200940523388
anyway:0.020598066362463068
own:0.015314125915864833
someone:0.014888230504479865
scheduled:0.03456562556627495
zoo.toronto.edu:0.06843212039742573
reach:0.029447996412367422
simulation:0.04007484727765464
posters:0.03689914708004832
to:0.005587293892260125
might:0.014372196864043554
been:0.00991378640014486
that:0.002343950171854573
like:0.00786918286154509
satellites:0.03840687377811731
nt:0.004824855079205666
could:0.010196683481932822
its:0.01397178754077142
need:0.02596218907428698
sitting:0.030674293881499715
re:0.0025266250187714226
this:0.0070943572752894465
implied:0.03617881103235739
reply:0.02426484134699422
drag:0.035257618846194334
on:0.006851470611341756
you:0.007510797154171917
henry:0.06182759788456358
kenneth:0.06643036104545715
why:0.012025152568608153
a:0.0018871677376302637
how:0.008887587819115705
air:0.026041479632643038
other:0.00931964856643183
low:0.022944557702566353
was:0.005982845500685038
as:0.010812353516446195
running:0.02045581359761285
given:0.018836402426900548
occasional:0.03968113843897913
also:0.01002362926810518
shuttle:0.03145753105865053
boost:0.07768588973376936
are:0.004343995821629903
no:0.007606390109341283
reason:0.018055485973030593
it:0.013899544448917783
ken:0.05575773920425421
due:0.02239961138444921
altitude:0.04035067156495366
has:0.01438884424171015
device:0.02712266746561369
highest:0.031886056912957934
be:0.003908522007685617
writes:0.008935978256994086
of:0.001313787740309045
losing:0.0332643207884656
but:0.004495156907097367
please:0.012941995654765236
spencer:0.03145753105865053
they:0.006303510976403674
now:0.022323167538895194
in:0.006002692631570624
st:0.02592396785756284
system:0.015102853575963008
or:0.00455615849799382
for:0.0065949093833528516
subject:0.0001803848438649885
table:0.03060739475323815
i:0.0012898561300364523
elaborate:0.03761104245611472
ng:0.0835072804917755
any:0.006914103150600049
will:0.007657468546643814
yet:0.017770734747879487
the:0.0025464628715846384
do:0.009706998904141848
see:0.011955309198724163
desirable:0.04007484727765464
start:0.019037581674881843
can:0.005841662111065632
push:0.06486047683245658
needs:0.022630720018036128
an:0.0060668793146063296
thought:0.01813909733237644
propulsion:0.036028654702730964
is:0.0018153555870990806
orbit:0.09172257585155709
days:0.020123328544257923
stsci.edu:0.08042270411365414
eventually:0.02863039416368267
mission:0.060756660429777905
hst:0.10853643309707217
article:0.010950444328602716
little:0.01584688312093557
earth:0.02378739974725506
give:0.015967812644297343
going:0.014714970838173531
by:0.006692131586602474
s:0.00838427406562187
