some:0.005189052778370463
at:0.007830800110706054
out:0.0052363426625798215
know:0.00548388944737023
all:0.004240301469539072
sector:0.023698848426685255
way:0.007699434753540193
much:0.007765319420266361
miss:0.02144809140313826
into:0.007959128457699496
modern:0.018251236022408183
from:0.007525086706046005
throw:0.018948313673488044
to:0.002450131840161477
dod:0.015544284629744165
young:0.01668469123144083
80:0.017762940566503595
most:0.008251535395409057
software:0.02502920789761117
measure:0.020521572128034807
nasa:0.01906729252266407
derived:0.023415064106745112
that:0.0030835966705286826
produce:0.01873546350591287
think:0.006398880122349134
control:0.013553930088626771
r:0.013778754518796133
like:0.005176173615594103
nt:0.00952104735629918
me:0.004815949690686865
re:0.0016619577901252024
national:0.014462995222166727
this:0.002333255281650751
tools:0.019775434916305207
shot:0.017673921535945495
best:0.021646009599657193
bell:0.019836457995469216
on:0.0022533725566190664
you:0.012351088653527152
tell:0.010711222460544234
am:0.007263717140894958
state:0.01181205949751385
support:0.012173139153482249
a:0.0024826740015047024
other:0.006130257723697382
was:0.00787076563645676
running:0.01345537961087423
worth:0.015622949416852614
course:0.010871785777333418
pat:0.018013956584994575
reasonable:0.016614698533804657
determined:0.021163093500162534
d:0.008097085432786824
investment:0.024161694023363465
it:0.0030476038199108617
should:0.021904161896446395
due:0.014733966599548811
interesting:0.014524553608539612
money:0.013778754518796133
after:0.008574283056288672
doing:0.011914235134068068
investigators:0.027580063301309545
naturally:0.022815867560927548
access.digex.net:0.02204577102193183
which:0.0057417437000778565
writes:0.0029389439600780547
get:0.017524986337214967
tech:0.020154812022754792
were:0.0068946813220991075
things:0.009932115236178887
if:0.005956892620119194
of:0.007777623422629546
industry:0.04048740774956887
flow:0.022937640779541392
available:0.0120047281236188
what:0.0040908537910961384
but:0.005913628642225869
never:0.009795285470497158
again:0.010852751724924524
using:0.009797424793977424
they:0.004146309442256638
one:0.008740541402449977
in:0.003948437819877566
government:0.05981366530258439
our:0.009910112991023972
5:0.011550546164078591
u.s:0.01567885511554977
apollo:0.025194280589446203
and:0.005090632193210532
for:0.005783979785103538
subject:0.00011865314174230354
costs:0.01829445624415038
gant:0.027945565960140528
i:0.0033937547954736875
failing:0.02438396255925085
any:0.004547943405728032
actually:0.010863618342671487
research:0.013721473246830122
unfortunately:0.016363969248115364
schedule:0.02265852566292348
cost:0.04428010139134508
projects:0.16234174722069925
the:0.003685014715502037
do:0.01596262042014437
older:0.01963622393350947
level:0.015646822944861107
can:0.0038425155219453926
push:0.02133189015823016
maybe:0.011768502588188106
grants:0.027030667941455422
come:0.010671971886530704
engage:0.025777996154162146
thought:0.011931495134185389
lower:0.017648811613536076
just:0.0052195047265150485
note:0.013163062661682212
people:0.0066901028447694105
many:0.008236449011458194
gothamcity.jsc.nasa.gov:0.027945565960140528
is:0.004776402255834025
grant:0.020111024038563626
scientists:0.0222525266469758
today:0.012618338959103791
new:0.00766222028837132
time:0.0070200443106831715
their:0.013454965498504124
labs:0.04647093231715354
qualify:0.025624724260512505
1:0.008704550630776483
engineering:0.017185553303213773
under:0.010788104120469507
art:0.02049774126962865
article:0.0036014794680737823
prb:0.021848207632728125
construction:0.04647093231715354
comes:0.013440783721091164
process:0.04822084977644757
project:0.01711838157961356
high:0.012432550336184539
favor:0.021163093500162534
s:0.0027574945815823037
