boeing:0.5768868376888546
became:0.06456190307546754
means:0.04230739134983213
access:0.05003547564206754
with:0.008728766817754438
from:0.012635406782539934
to:0.004114027343554719
that:0.0051776809766339825
reliable:0.06924020470812293
like:0.01738267258968169
re:0.005581201534002545
description:0.06529910837889405
something:0.029711362942739145
on:0.007567295899093879
you:0.00829550730460779
working:0.047291627025471746
a:0.0020843345161886493
richard:0.05576235096684744
other:0.020586686385550907
vision:0.07116308339234635
was:0.01321583782240874
steve:0.0957359357263996
success:0.06689266025091951
no:0.016802175166903133
it:0.010234490439999163
not:0.008998656844417386
deleted:0.05243849995519905
has:0.01589215632666494
convex.com:0.08025660125173804
chairman:0.08976804486614832
call:0.03965606116415981
thinking:0.05199293334102471
writes:0.009869587925635259
of:0.008706294876077849
what:0.013737941835770614
using:0.032901799681267475
they:0.013924173500115577
called:0.04003364919189155
in:0.005303871698342999
and:0.0028492344364984316
seriously:0.05786498005070658
subject:0.0003984620431644522
the:0.0011250044925209745
around:0.03533126019632292
just:0.017528187514416208
about:0.0147017340346548
is:0.008020078414646683
today:0.04237501889251273
orbit:0.06753702102502711
study:0.055304079827385055
fool:0.07380985973985255
words:0.0987420636270858
article:0.012094520601740313
by:0.014782619027121881
