some:0.009729473959444618
since:0.008336756764182005
belt:0.023884277243115506
frequency:0.020828805483593508
at:0.0036706875518934625
out:0.004909071246168583
effects:0.03584864047802172
there:0.011472237319714343
maintaining:0.022310266803287057
inner:0.02319347618127074
stations:0.02285996489929767
manned:0.025539701399236354
situation:0.029367769073121653
with:0.009747122946492456
way:0.007218220081443931
into:0.014923365858186552
o:0.014587412432499506
from:0.00705476878691813
mechanics:0.024630311540819613
zoo.toronto.edu:0.021099903789206266
my:0.003959226088876255
to:0.0028712482501892307
platforms:0.02265158814690325
physics:0.03821337525411043
might:0.008862854732826858
t:0.021468942125003682
engineer:0.0185775222488831
class:0.016534040298620843
that:0.00433630781793096
view:0.014188953136602631
higher:0.015466141304324551
like:0.004852662764619472
talking:0.013582046584842784
satellites:0.07105271648951701
months:0.014149143916582584
re:0.0031161708564847544
so:0.0042575441557705
orbiting:0.025151824636461307
this:0.004374853653095158
drag:0.08696879315394603
on:0.0021125367718303747
you:0.002315829122536341
henry:0.03812701869548087
pump:0.024549402849748353
burns:0.019261435739344617
a:0.0023275068764106585
constantly:0.021742198288486506
kuo:0.05171261868995539
was:0.0036894213920891064
said:0.009131270119430967
adding:0.01968794412543449
orbits:0.026982519052227327
turns:0.0183906448898608
sig:0.019663068429657392
exact:0.017795609876430286
far:0.010372408633839173
van:0.019106687627055214
are:0.008036392270015319
no:0.014071821702281374
it:0.009999950034082515
not:0.005024250071466374
clever:0.02479700043504336
fuel:0.02010758569044212
have:0.0042604217762304405
being:0.008107516374688118
probably:0.009946765479288367
orbital:0.022453137942781354
only:0.005556400992788694
interesting:0.02723353801601177
energy:0.03821337525411043
kind:0.011481361237346083
allen:0.01855845280293555
has:0.004436560307860629
degree:0.01846439312777497
be:0.002410255238072797
which:0.010765769437645982
sort:0.013072755448587626
writes:0.0027552599625731765
things:0.009311358033917706
if:0.002792293415680872
of:0.010532198384810844
what:0.01534070171661052
but:0.002772013426043376
years:0.009290730929084973
gmt:0.01765540973427098
isaac:0.025856309344977697
lines:0.014721592184560485
km:0.023251752189498823
sat:0.021661289597415253
order:0.01168465358805205
well:0.0070119496256389365
spencer:0.01939881081950116
now:0.0068829766578260175
in:0.0029613283649081745
point:0.009173066505250252
5:0.010828637028823678
71:0.021170526948846986
or:0.0028096310737628556
and:0.0007954112801891455
for:0.0027112405242672834
subject:0.00011123732038340957
space:0.012739636489637931
i:0.0007954112801891455
example:0.011713996432324602
any:0.00426369694287003
favorite:0.020135271285103236
than:0.005960838675914421
the:0.005967211329080003
see:0.007372440672546567
less:0.011453606485817822
would:0.0038860401921015668
can:0.010807074905471418
effect:0.014443222727593357
may:0.007754273030999295
fight:0.017748350390580557
an:0.0037412422440072364
about:0.0041042340846744645
moon:0.038300636086337894
is:0.005597346393555498
object:0.017624884567220677
orbit:0.0188540850361534
field:0.06487429749888844
heavy:0.01867420098671503
keep:0.011039227433858004
does:0.005077036726406355
1993:0.01262356584587557
1:0.008160516216352953
almost:0.0125916372094357
article:0.0033763870013191707
useful:0.015976196737826825
little:0.0195444891824872
satellite:0.04078617093452387
earth:0.07334448255403643
periods:0.023023384537436343
s:0.020681209361867278
