another:0.010079569683584448
since:0.01818928748548801
belt:0.026055575174307826
at:0.008008772840494827
out:0.0053553504503657265
effects:0.019553803897102755
there:0.008343445323428613
maintaining:0.02433847287631315
inner:0.025301974015931716
stations:0.02493814352650655
manned:0.027861492435530568
story:0.016341170581875473
situation:0.016018783130793628
ever:0.012015554803772093
with:0.002658306258134306
into:0.016280035481658055
from:0.007696111403910686
gain:0.02084365922951478
mechanics:0.02686943077180321
zoo.toronto.edu:0.023018076860952287
my:0.004319155733319551
to:0.001879362491032951
1987:0.023134137324612128
platforms:0.024710823432985363
physics:0.02084365922951478
software:0.012799026765823892
engineer:0.020266387907872472
class:0.018037134871222736
been:0.006669274487370178
that:0.0047305176195610475
view:0.01547885796720287
higher:0.016872154150172236
satellites:0.10334940580293382
months:0.015435429727180998
started:0.014905658527222296
so:0.009289187248953818
this:0.004772567621558354
mean:0.012015554803772093
drag:0.09487504707703202
two:0.008476315602969598
these:0.007530163514086102
on:0.0069137567078084985
henry:0.04159311130416095
pump:0.02678116674518002
burns:0.021012475352012307
a:0.0012695492053149044
constantly:0.023718761769258006
was:0.00402482333682448
as:0.007273765092881986
said:0.009961385584833782
orbits:0.02943547532970254
also:0.006743168780361665
turns:0.020062521698029964
exact:0.0194133925924694
far:0.011315354873279098
van:0.02084365922951478
march:0.019698691208604797
are:0.008766973385471256
no:0.015351078220670588
18:0.017576134060104994
it:0.010909036400817288
not:0.005481000077963317
clever:0.02705127320186548
fuel:0.021935548025936856
have:0.0046477328467968435
probably:0.0108510168864964
orbital:0.04898866460243204
interesting:0.014854657099642784
energy:0.02084365922951478
kind:0.012525121349832089
altitude:0.05428999446921037
allen:0.04049116975185938
has:0.014519651916634785
shows:0.017564611989181415
degree:0.020142974321209057
june:0.020891256047093396
which:0.011744475750159251
things:0.010157845127910224
if:0.00609227654330372
of:0.010605850121767563
opinion:0.015042325293580405
available:0.012277562853701044
looking:0.011790387933666564
but:0.006048029293185548
years:0.010135342831729061
particular:0.015413870218562758
gmt:0.01926044698284107
km:0.025365547843089625
sat:0.02363049774263482
order:0.012746894823329509
well:0.0076493995916061125
launch:0.02093935654405038
spencer:0.021162339075819447
limitations:0.026130708364995144
now:0.0075087018085374735
one:0.004469595035343738
in:0.0032305400344452813
point:0.010006981642091184
71:0.023095120307833075
and:0.000867721396569977
for:0.0059154338711286175
subject:0.00012134980405462862
space:0.013897785261423197
example:0.012778905198899565
elements:0.04455870890828844
favorite:0.021965750492839893
the:0.005481840072647658
would:0.004239316573201709
can:0.007859690840342848
may:0.008459206942908321
fight:0.019361836789724245
an:0.004081355175280622
here:0.008183640480106346
current:0.014373844198776445
is:0.004884956852557526
orbit:0.0205680927667128
having:0.011894960874638006
field:0.017692990226969574
heavy:0.02037185562187094
keep:0.012042793564208731
does:0.005538585519716023
request:0.0177286410336106
1993:0.013771162740955167
1:0.008902381326930492
almost:0.013736331501202582
little:0.010660630463174836
satellite:0.06674100698376634
earth:0.016002432557244314
mine:0.014841995658181754
high:0.012715108298370551
periods:0.0502328389907702
s:0.014100824564909508
va:0.02268668244818825
1991:0.019735646327165027
