some:0.014594210939166928
at:0.011012062655680388
thanx:0.06065834769677872
stephen:0.05089574099238772
help:0.026751159000522464
knows:0.04367451763926544
where:0.023093209977922025
own:0.02833113294434994
my:0.011877678266628767
to:0.0034454979002270774
class:0.04960212089586253
sources:0.0481142371901808
cleveland.freenet.edu:0.05353023464381882
nt:0.008925981896530481
me:0.013544858505056809
need:0.024015024893715455
anyone:0.02091143437051739
this:0.013124560959285476
on:0.012675220630982248
am:0.0612876133763012
more:0.015892737822759073
a:0.005236890471923981
sorry:0.03971770855923281
steve:0.040089423085429836
stuff:0.03654270690842028
sig:0.05898920528897218
internet:0.03570667428893258
have:0.006390632664345661
doing:0.03350878631456644
sites:0.05693541714783123
get:0.01642967469113903
kinda:0.06383627442658173
if:0.008376880247042617
of:0.0024305073195717334
looking:0.03242356681758305
but:0.008316040278130129
please:0.04788538392263137
good:0.04050024628398748
our:0.027872192787254918
system:0.027940279115531565
or:0.008428893221288567
astronomy:0.06163056895981226
and:0.0023862338405674366
for:0.00813372157280185
subject:0.00033371196115022873
space:0.03821890946891379
i:0.011931169202837183
group:0.03371394918508307
info:0.03681744324240497
solar:0.06153899345866135
any:0.012791090828610092
information:0.06097053211209413
yet:0.03287585928357705
currently:0.044986668773216214
the:0.0009421912624863163
hello:0.048366134883147144
can:0.010807074905471418
address:0.039910266924170136
about:0.012312702254023394
new:0.02154999456104434
does:0.015231110179219066
e-mail:0.034371197208153334
project:0.09629089638532629
news:0.03836095645204274
