go:0.019650830826203305
week:0.03482665458995539
large:0.03024276888775329
probe:0.05622660892429271
with:0.0059073472402984585
ca:0.02077321814234668
from:0.008551234893234097
single:0.03284269364153914
to:0.002784240727456224
design:0.038011789973994375
h:0.03568870832620724
us:0.02080683218368683
impact:0.04841661005324744
speak:0.0362164930771555
bunch:0.08194349537685507
like:0.011764030944532053
nt:0.007212914663863016
re:0.0037771767957390967
firm:0.05280787763312903
on:0.010242602530086665
american:0.0325963153271537
a:0.007053051140638359
richard:0.03773815671493716
shaped:0.06053487677586843
international:0.04005418808829691
desert:0.05695361397101078
month:0.04013942918572989
mars:0.057105511722167754
it:0.013852744635958465
should:0.016594062042762422
have:0.010328295215104099
due:0.0334862877262473
session:0.048678988703785425
hopefully:0.04669438967113847
kg:0.06295133828158393
has:0.010755297716025769
heard:0.02729946827696843
be:0.005843043001388599
dropping:0.05894714360897538
writes:0.0066794180910864885
were:0.015669730277497972
of:0.0039280926376916905
but:0.006720032547983943
russian:0.141082260505463
they:0.00942343055058327
in:0.007178977854322848
and:0.003856539540311009
for:0.00328635215062701
seriously:0.03916114811512466
subject:0.0002696662312325081
showed:0.04317935251272663
i:0.003856539540311009
20:0.031765983317228484
pretty:0.029070909665854818
the:0.006852300090809573
proposed:0.0445833815511777
eric:0.040283115962814205
may:0.018798237650907382
last:0.06606553188059085
just:0.011862510742079656
hit:0.03615860747403444
is:0.008141594754262543
planned:0.04987702650588489
hardware:0.03585536488560154
life:0.028185650033219295
article:0.008185180609258597
probes:0.06410699839449044
by:0.01000439873552693
