some:0.016920824277294987
there:0.013301144718509383
all:0.013827070009366539
with:0.008475759083906484
way:0.02510685245719628
from:0.012269163107683704
themselves:0.046905075598881414
to:0.003994780174176322
design:0.10907731036015776
then:0.02312870072138845
enough:0.035248529375904294
centre:0.07256258689231239
trip:0.07453072516997995
that:0.005027603267166331
cold:0.06403116500057435
could:0.04374229435727703
re:0.005419427576495225
uunet.uu.net:0.08748460743116976
wait:0.10641738565536574
on:0.007347953988975216
possibly:0.05618773425213538
potentially:0.08307574693257568
a:0.0040478380459315795
uunet:0.05473901902054037
given:0.04040271824900407
question:0.031637479468798614
prevents:0.08625043629580299
based:0.04378120307102235
mars:0.08193399507963199
systems:0.08696861218210465
completely:0.052130342565789425
manage:0.07303013562011271
environment:0.060835558041707184
get:0.019048898192624963
even:0.02433564417052211
what:0.013339740623139583
vancouver:0.14291146425463713
in:0.0025750681433984127
or:0.009772629821783846
and:0.00276664793109268
few:0.03312503624501865
subject:0.00038691241872490284
space:0.0443117790943928
i:0.00276664793109268
the:0.006554373999904809
imagine:0.0570686747024125
long:0.03449726442186355
here:0.02609276674816516
radiation:0.0810812342097344
circumstances:0.07032851906872895
is:0.007787612373642432
right:0.02811411005493188
center:0.04734247584743201
life:0.04044028048244507
dumb:0.07453072516997995
earth:0.05102224873324274
