at:0.022588846473190538
mark:0.07701599908441513
help:0.10974834461752804
someone:0.05649892601700051
to:0.010601532000698698
like:0.02986254008996598
could:0.038695106546821983
finding:0.11432321383928062
me:0.027784325138578068
need:0.04926158952557016
am:0.08381212085648028
employment:0.14272908419243532
trying:0.06913662110431784
please:0.04911321427962192
find:0.054267865068548464
in:0.009111779584332845
and:0.004894838647317819
for:0.008342278536207025
subject:0.0006845373562055973
station:0.10605102917364505
i:0.009789677294635637
possible:0.0660761954606303
information:0.0625338790893273
the:0.0038654000512259126
would:0.023914093489855796
receiving:0.13050026183114535
address:0.16373442840685182
interested:0.07377118501063896
white:0.08715305502104083
write:0.08344035705096188
range:0.10255271757665829
