go:0.017685747743582975
week:0.03134398913095985
say:0.017250408856977668
all:0.017346687829932567
anyway:0.027713762014950308
access:0.06095230669124591
way:0.015748843814059485
someone:0.04006287481205491
post:0.023477980040283456
to:0.003758724982065902
then:0.014508003179780028
t:0.023420664136367654
make:0.01600073166681549
that:0.006307356826081396
uxa.cso.uiuc.edu:0.08106555163148989
nt:0.01947486959243014
could:0.013719174139327793
me:0.00985080618549586
anything:0.02110219227563094
re:0.0033994591161651865
master:0.043231855157169534
had:0.013949168051655773
this:0.004772567621558354
he:0.028911512864004275
something:0.018096921065122933
posted:0.03103073567710814
m:0.024887540220292218
josh:0.09523509484605347
more:0.011558354780188415
sure:0.039673527639258244
a:0.0012695492053149044
hopkins:0.1014621913723585
it:0.009350602629271962
not:0.005481000077963317
should:0.014934655838486178
cam:0.055722984871061136
his:0.01676753674095688
be:0.015776216103749217
which:0.023488951500318503
writes:0.012022952563955679
if:0.00609227654330372
of:0.0017676416869612604
oh:0.02936105621946794
fact:0.043604856884160714
they:0.008481087495524942
find:0.01924042488793991
net:0.060275317907245135
one:0.008939190070687476
in:0.0016152700172226407
or:0.012260208321874277
and:0.001735442793139954
subject:0.00024269960810925723
i:0.003470885586279908
we:0.012252217324672453
news.cso.uiuc.edu:0.04168731845902956
possible:0.02342701475422347
the:0.002740920036323829
do:0.00653016289914997
got:0.020110489287550673
would:0.016957266292806836
can:0.007859690840342848
last:0.019819659564177253
rid:0.0419759429891621
finally:0.03305931341632823
about:0.00895469254838065
e:0.02828081541867115
worry:0.039966936644133845
is:0.004884956852557526
done:0.024078759558369984
write:0.029583399318068304
attributed:0.04888356621696772
jbh55289:0.11235525011620703
trouble:0.034680198929912136
simon:0.09840515643050397
faq:0.03529177329907054
article:0.007366662548332736
repeatedly:0.04770891411260403
says:0.02328206131297789
s:0.005640329825963803
