some:0.011913641582993408
trend:0.056800349831683444
at:0.008989438902596235
there:0.009365091689562729
bnr.ca:0.04762194561170616
coffee:0.05816291506254592
your:0.012856451246747577
much:0.017828539485305422
such:0.019622624525181615
my:0.019392127782251044
to:0.0028126513471241443
w:0.06314981336794599
next:0.02733040840560383
that:0.010619529350035004
journalists:0.06254620750833392
bit:0.02780698161281326
its:0.021100250571777245
me:0.011057027351066782
re:0.0038157194161037807
requested:0.05344826751564225
you:0.011342836518545342
a:0.005700016840189367
dc-x:0.06279817294292955
test:0.03648877402020072
wife:0.041234510481060915
month:0.040549015197829164
it:0.00699704958653004
couple:0.03220399790463794
hundred:0.04695258558634072
have:0.00521684299130258
husband:0.05441062138779778
lady:0.052291852359448346
passes:0.0472261698460413
hope:0.058948194645715206
allen:0.09089854434090881
be:0.00590266588915787
which:0.013182574821607323
writes:0.006747575418546554
were:0.031659250968822425
if:0.013676539178845086
of:0.003968175215627319
years:0.02275281043857544
drink:0.05117129250223195
least:0.024567983497004918
seems:0.02404578662633753
in:0.007252232730387366
sir:0.05397166847878053
and:0.0019479459922999481
for:0.006639772712491305
subject:0.00027241792746957445
flight:0.047973845367534414
however:0.024460192899968498
i:0.005843837976899844
any:0.01044170679886538
will:0.023128680508230293
the:0.0023074071734358764
flights:0.06305651792236108
would:0.01903366624702808
may:0.01899005640244725
problem:0.021587400939240654
press:0.03660561592620067
current:0.032267813507457326
is:0.0027415574172516724
days:0.030390332903573184
time:0.01611744867248687
first:0.038317445497776347
change:0.030326623550107012
changing:0.043698150729648014
article:0.008268702860373478
capability:0.050088025197860625
33:0.047061140670065775
project:0.03930240668788827
