rough:0.03360745177416531
say:0.011859656089172147
roughly:0.031649855683809396
50:0.021569895557052694
coffee:0.03562478547580938
where:0.011546604988961012
your:0.007874576388632891
with:0.003655171104934671
much:0.021839960869499145
4:0.03105336880223349
times:0.017565475884331418
often:0.019420752426741916
my:0.011877678266628767
to:0.005168246850340615
pound:0.035826415864673264
w:0.03867926068786692
ten:0.025162432765986432
that:0.00216815390896548
v:0.024041551961887578
higher:0.023199211956486828
satellites:0.035526358244758506
consider:0.02012727549106996
re:0.0023371281423635658
upper:0.03267487428549858
you:0.0069474873676090235
more:0.007946368911379537
a:0.0017456301573079939
same:0.03641425032241148
was:0.005534132088133661
as:0.020002854005425463
gary:0.053058480544033226
wife:0.025256137669649816
shuttle:0.17458929737551043
course:0.01528844874937512
are:0.0040181961350076595
it:0.006428539307624474
have:0.0031953163321728306
delivered:0.06975525656849647
only:0.008334601489183042
husband:0.03332650560002614
per:0.02210515697233136
lady:0.032028759570162116
careful:0.028758458671633694
allen:0.055675358408806656
has:0.006654840461790944
be:0.003615382857109196
which:0.008074327078234486
structure:0.028791615248069276
writes:0.0041328899438597645
were:0.01939129121840374
if:0.012565320370563923
of:0.0036457609793575994
leo:0.07185944800373666
what:0.011505526287457891
but:0.004158020139065064
year:0.015467254476310324
years:0.055744385574509836
spacecraft:0.03186355171348614
drink:0.03134241665761708
they:0.005830747653173398
cheaper:0.02755861499354246
over:0.025074259406491974
in:0.005552490684202827
sir:0.033057646943253076
and:0.003579350760851155
still:0.01276068176393467
subject:0.00016685598057511437
flight:0.029383980287614832
payload:0.07165283172934653
costs:0.025726579093336473
i:0.003579350760851155
we:0.016846798821424626
pretty:0.017987625355747668
yet:0.016437929641788526
than:0.017882516027743264
cost:0.04151259505438601
the:0.0009421912624863163
flights:0.07724423445489234
saturn:0.14289915043689855
would:0.023316241152609402
did:0.010274444021518534
development:0.024295393956601265
comparisons:0.035826415864673264
10:0.03612964697370206
about:0.012312702254023394
five:0.024818641331535107
propulsion:0.03332650560002614
is:0.005037611754199948
ignored:0.03208481375755436
orbit:0.028281127554230102
days:0.018614078903438577
define:0.0267172243672496
dollars:0.028660031440582823
first:0.011734717683694008
guess:0.018725982893347835
terms:0.0240571185950904
article:0.005064580501978756
33:0.02882494866041529
s:0.0038777267553501147
