some:0.009649065083746728
sleep:0.04068693782390833
there:0.022754850882078036
know:0.01019731508808514
technology:0.027831964345594568
anyway:0.02519432910450028
ever:0.021846463279585625
sufficiently:0.047649280649713334
c:0.02137270822668562
from:0.006996464912646079
to:0.0011390075703230007
job:0.028689988060241128
enough:0.02010040104906939
that:0.002866980375491544
guy:0.027986204520238592
quite:0.04390412201833722
toronto:0.03319917599289737
account:0.03367586286551455
anything:0.019183811159664495
re:0.003090417378331988
eat:0.037315902758111176
master:0.03930168650651776
this:0.004338697837780322
he:0.013141596756365581
on:0.004190155580489999
curious:0.03542373835389665
you:0.013780140233274096
henry:0.1512476774696762
a:0.006924813847172207
other:0.011399239568858768
related:0.0318523883110014
question:0.018041207300389293
also:0.012260306873384847
responsible:0.03232111747994233
are:0.005313317203315913
internet:0.023607718538137243
it:0.005667031896528462
should:0.013576959853169254
have:0.0042252116789062225
sci.space:0.09836826618860176
cam:0.05065725897369194
somewhat:0.03555237072200501
be:0.004780671546590672
aaron:0.08356377949981797
writes:0.010929956876323345
things:0.018468809323473136
if:0.005538433221185201
of:0.003213893976293201
department:0.028661781675148237
parts:0.030154504226581495
seems:0.019475099912240314
well:0.01390799925746566
spencer:0.11543094041356063
who:0.010686387390362383
up:0.01110297826737508
called:0.0221673925277416
in:0.0014684272883842189
or:0.011145643928976616
use:0.013741979568159902
and:0.0015776752664908673
tor:0.04647597270532997
for:0.008066500733357207
subject:0.00022063600737205204
space:0.05053740095062981
conduct:0.04296454135024513
i:0.0015776752664908673
research:0.025515136202783284
community:0.03362437071881508
the:0.0012458727437835587
do:0.011873023452999945
leland.stanford.edu:0.0417133046026801
an:0.007420645773237494
just:0.019411381214312164
about:0.01628125917887391
frequently:0.03856984024749755
is:0.011102174664903467
having:0.02162720159025092
questions:0.049986385739595234
figure:0.030516509372518624
does:0.01007015549039277
superior:0.04164528394865931
faq:0.03208343027188231
u:0.031253251930520795
comes:0.024993192869797617
going:0.017998476727683326
while:0.017936714924615887
include:0.027781184076401667
zoology:0.04555675258045208
