report:0.039538835661195364
ask:0.030360026920378827
there:0.009560197766428618
venus:0.06410646821257392
where:0.01924434164826835
way:0.018045550203609824
ca:0.02142238120929501
from:0.008818460983647662
415:0.05477221795677563
to:0.0028712482501892307
us:0.04291409137885408
t:0.026836177656254602
make:0.01833417170155941
510:0.06041717848631753
uxa.cso.uiuc.edu:0.0928876112444155
re:0.003895213570605943
national:0.033897645051953265
on:0.010562683859151873
raid:0.055096078238755126
independent:0.04325771821038513
josh:0.1091235461777696
a:0.0014546917977566614
other:0.028735583079831473
hopkins:0.11625876094749411
old:0.027582427941065874
dick:0.10515228868592275
mars:0.05889005896348549
not:0.0062803125893329675
have:0.0106510544405761
viking:0.05857909059734298
left:0.030462553994797515
be:0.006025638095181992
writes:0.013776299812865881
get:0.01369139557594919
coast:0.055775667008217636
of:0.004050845532619555
park:0.04678377363588507
looking:0.02701963901465254
they:0.009717912755288997
find:0.022046320184097815
bodies:0.04973121041980001
one:0.010242821955996066
tim:0.04247822187225196
in:0.001850830228067609
office:0.038028519927564175
or:0.007024077684407139
apollo:0.05904909513151453
use:0.01732062008070154
and:0.001988528200472864
still:0.021267802939891115
for:0.003389050655334104
subject:0.0002780933009585239
editor:0.048097434675081575
i:0.0059655846014185915
survey:0.05266259020561445
unfortunately:0.03835305292527038
the:0.003925796927026318
do:0.007482478321942673
would:0.009715100480253917
can:0.009005895754559514
planet:0.04928242306421343
road:0.03761096235385948
an:0.00935310561001809
just:0.012233214202769644
people:0.015679928542428306
address:0.03325855577014178
about:0.01026058521168616
middle:0.04184479474104773
is:0.002798673196777749
larson:0.07755422010127773
attributed:0.056012419623608846
jbh55289:0.12874039075815388
their:0.01576753769355952
maps:0.2479700043504336
everything:0.032183984207533885
