some:0.008522166971776306
there:0.006699116683044871
all:0.006963998763841541
differences:0.0668673023885569
take:0.01551641700974966
where:0.01348508611849461
own:0.033087454533547375
with:0.004268812969266769
active:0.032611839378371296
though:0.018142658405917368
into:0.013071561335637857
options:0.03302905407793296
my:0.027743482082636533
tight:0.0379467846962019
to:0.0030179543651624036
competition:0.03808852254917344
then:0.011648761677195644
most:0.013551791707788597
depend:0.03740585059289006
direct:0.02915164688010346
that:0.002532150550616619
like:0.008501015062107103
consider:0.023506307142855423
television:0.03816043712175017
re:0.002729492721008544
this:0.0038319886012512334
comparing:0.03908367907145178
two:0.027223203396398707
on:0.0074015886896246705
am:0.0119294624576742
market:0.028546388431189944
a:0.0030580382317804272
other:0.010067941517021246
shuttle:0.10194995467183092
course:0.017855122627007437
are:0.03284948665115751
play:0.023371665932703952
it:0.002502594377664029
not:0.01320240894691894
statement:0.025351820581699314
whether:0.020857361933443973
between:0.016955225153623396
exposure:0.0400466538381857
points:0.02675296560927323
russians:0.04053022599542074
comparison:0.034065333357278856
apples:0.04589600248928189
writes:0.00482673278115009
get:0.009593970622562936
certainly:0.022450783045661612
making:0.022442388254543092
end:0.019738929945806637
leo:0.041961721462036
reasons:0.02654397427588398
what:0.006718555496325775
but:0.004856081914236571
year:0.018063946833647093
launch:0.033625244085336375
they:0.006809632295676961
up:0.009806280075564852
good:0.011824889425981745
in:0.0025938642612334376
thomas:0.026890547547657663
resources:0.0322171881282233
baker:0.04359050650812512
and:0.008360527324615837
for:0.0023748092183363064
subject:0.00019486829848188537
space:0.04463522273741757
relay:0.04589600248928189
i:0.002786842441538612
becomes:0.031428949894178805
employer:0.032993360754617694
we:0.009837546757036277
similar:0.023100425458881028
pretty:0.02100744567094618
will:0.008272301787615214
schedule:0.03721290711064075
cost:0.04848186283723913
the:0.0027509233941206313
ss:0.0400466538381857
see:0.012915224535848
can:0.006310700674727834
may:0.013584127937517013
come:0.01752696112751393
comparisons:0.12552320886892823
long:0.017374534635829084
about:0.0071898991264370184
is:0.001961114064895357
economics:0.04344000076211975
lot:0.018091630571280225
their:0.011048785537092803
almost:0.02205834255667568
article:0.005914838542456942
very:0.01272439775024414
opinions:0.020843869748321475
by:0.0072294560205632555
facility:0.037276656599463776
s:0.013586195931153686
