at:0.04761973040294222
there:0.024804837448031015
50:0.09327522403049814
yard:0.16314697061488415
line:0.07631902023799969
then:0.04313190134529198
reporters:0.15872455375591651
make:0.04756974279323524
that:0.009375800687418293
re:0.01010650007508569
abc:0.14862959407209053
this:0.028377429101157786
more:0.03436267637353313
dc-x:0.1663302959028945
pat:0.10954433058442649
no:0.03042556043736513
have:0.027635168278251507
access.digex.net:0.1340621210793152
of:0.00525515096123618
years:0.06026420062109172
for:0.008793212511137136
subject:0.000721539375459954
any:0.027656412602400197
will:0.030629874186575257
event:0.11223624184316142
the:0.004074340594535422
landing:0.1508221763643167
do:0.019413997808283696
an:0.024267517258425318
during:0.07914512188655326
show:0.08135320729013061
prb:0.1328607220909143
news:0.08294260854495726
