football:0.2221056384549057
throw:0.17053482306139242
to:0.0055127966403633235
t:0.10305092220001769
make:0.07040321933398815
re:0.014957620111126821
a:0.011172033006771161
dc-x:0.24616883793628386
pat:0.1621256092649512
have:0.020450024525906114
suit:0.21242003637471107
access.digex.net:0.19841193919738648
get:0.05257495901164489
even:0.06716637791064103
pete:0.20794838013518643
up:0.05373841481409539
in:0.007107188075779619
better:0.08944863485205612
and:0.015271896579631595
subject:0.001067878275680732
the:0.003015012039956212
him:0.09586061213453231
prb:0.19663386869455313
