tv:0.028273589972027332
some:0.008712961754726523
apologies:0.040661576476482046
there:0.006849096907292145
posting:0.02462081012653911
anyway:0.022750103146601
your:0.009402479270009421
with:0.004364383408877219
high-speed:0.04133608439788704
hans:0.04832689979503402
response:0.026205959347965237
zoo.toronto.edu:0.07558174491655975
both:0.016758985688867446
my:0.007091151203957472
to:0.003085520507666039
mail:0.022868026155491463
been:0.010949555128518203
that:0.0025888404883169912
like:0.008691336294840845
really:0.014562654799932283
arrived:0.0393936732168149
nt:0.005328944415839094
toronto:0.02997836041149688
re:0.0027906007670012727
sunos:0.037790872458279876
so:0.007625452219290448
reply:0.02679997402503839
these:0.012362955023126437
you:0.00829550730460779
henry:0.17071799415886957
dare:0.03754414960558668
none:0.027033658450905176
magazine:0.03151268311047674
amateur:0.03544291195309157
a:0.005210836290471623
want:0.014123865430687922
collision:0.04328394876631703
interview:0.07991737362371483
budget:0.03521743599341622
far:0.018577448299413445
no:0.008401087583451566
dick:0.037666491469584264
month:0.029655249920800437
dunn:0.04241953223254747
have:0.0038153030831914393
received:0.02887530440784904
probably:0.01781510235096424
utzoo:0.04094322071516001
between:0.017334819746614966
be:0.004316875053264712
which:0.009640987556100879
writes:0.004934793962817629
of:0.00290209829202595
even:0.01253104065497034
what:0.006868970917885307
never:0.016447307692998958
spencer:0.17372069390598052
who:0.009649648315177973
now:0.012327719387151076
email:0.020476855663939857
in:0.003977903773757249
or:0.005032175057485711
better:0.016688178144040323
and:0.0014246172182492158
subject:0.0001992310215822261
i:0.007123086091246079
ago:0.04270396605021857
photos:0.04574274877475168
any:0.007636472136483636
sick:0.03351673335108184
will:0.008457502573905108
unfortunately:0.027476814036014603
program:0.020721145017791605
the:0.0016875067387814619
see:0.013204371353814746
svr4:0.04426177162009617
got:0.016508610609183388
would:0.006960071985853552
because:0.013169569394735178
may:0.013888250204774856
mr:0.050402323556468856
an:0.013401464754652787
just:0.008764093757208104
about:0.0147017340346548
is:0.006015058810985012
time:0.01178738783510234
questions:0.02256848012869785
does:0.009093200106996456
run:0.019976376331249216
unless:0.022970607654779786
history:0.02478363883843941
eventually:0.0316216293748137
count:0.03181619833234933
article:0.0060472603008701565
very:0.013009272326742144
u:0.02822122002681355
before:0.015867121397183912
by:0.007391309513560941
appear:0.02946789230041927
god:0.01979983755056138
s:0.0046301214989255095
zoology:0.04113706762861718
