some:0.0075324959686022845
expensive:0.05225918444047599
at:0.005683645241641491
correct:0.02111108025923515
case:0.01594587811165649
valuable:0.03354006131212684
with:0.003773079850255144
much:0.011272237868128589
10,000:0.036572342791131585
times:0.018132104138664687
manufacturing:0.035823490073371884
reduction:0.03609422684175274
discovered:0.02925698519432147
to:0.004445803742228486
within:0.041760647952552486
then:0.02059200451323617
usable:0.037419671836686985
class:0.025601094655929045
that:0.004476188715283572
problems:0.01769724668317273
fallen:0.035823490073371884
had:0.009899409585046034
infections:0.03730746704499751
two:0.012030899565505236
dare:0.032457522884829774
3:0.015106231900887869
approval:0.03628124320867694
more:0.00820270339239178
passing:0.03153079577367595
a:0.003603881615087471
price:0.020194478721573955
was:0.017137957434220367
funding:0.034544929243799316
also:0.009570949236642364
shuttle:0.06007373673135843
promised:0.034472843433488824
pat:0.02614929181692761
results:0.04726559675959304
no:0.007262875717306515
culture:0.030523307188157996
works:0.019194361248714452
administration:0.08620700656847483
it:0.01105985257225716
not:0.011669225972438031
have:0.006596782105131004
proved:0.03398960918721065
per:0.045636453104167966
amazing:0.06324461909563521
access.digex.net:0.03200192567699782
without:0.014498132160016096
were:0.010008408370789026
if:0.004323551095247802
of:0.006272276953733505
but:0.004292149820970388
years:0.028771295780392173
least:0.01553330569488053
initially:0.034917958733404635
slight:0.034691563121719025
highly:0.026946282028442587
in:0.005731603286919048
shock:0.038137256579333596
compare:0.027804586540603308
promise:0.03215024514941523
5:0.016766921851081824
and:0.0061580228143675786
for:0.006297074766040142
subject:0.00017223843156140837
showed:0.02757907031458023
however:0.015465154220625246
costs:0.05311293748301723
fatal:0.07218845368350547
i:0.0024632091257470313
any:0.006601853330895531
drug:0.055257016406522655
cost:0.021425855511941167
the:0.0014588767935271995
enormous:0.03765011107928105
less:0.017734616494169533
would:0.0060170944909959745
orders:0.03157639040092171
effect:0.02236369970724133
increase:0.027127391827014753
an:0.011585782433054668
10:0.01864755972836235
human:0.020682854007977907
during:0.018892706514854647
immediate:0.06193129400776499
patients:0.031762061139954244
previously:0.030680671401862248
is:0.00520011535917414
toxic:0.038011978606061966
1:0.012635638012417474
amounts:0.032457522884829774
although:0.020385415850030696
disease:0.029353519856751876
prb:0.0317151401120247
useful:0.02473733688437702
testing:0.031762061139954244
wide:0.027753786176532944
thus:0.021492613373395517
magnitude:0.037419671836686985
everything:0.019933306347891956
rapidly:0.036572342791131585
s:0.004002814715200118
