know:0.013863765456834851
medium:0.06164484916664541
with:0.006571094121230869
zoo.toronto.edu:0.11379723391931468
bizarre:0.0655704181717816
that:0.0038978047801626605
like:0.013085832174254755
nt:0.008023354513735264
anything:0.02608136123954386
re:0.012604736048702377
on:0.005696728373475167
garden:0.06641881763816525
you:0.006244932465266538
henry:0.10281443243725179
used:0.022184983239740063
missions:0.0604178908299601
why:0.01999688292307872
more:0.01428560703169355
a:0.006276423037511887
richard:0.04197839904245818
dc-x:0.13829709996420442
was:0.009949001506757142
worth:0.03949622043586335
shuttle:0.052311399962699755
pat:0.04554090147891887
are:0.007223723388777814
it:0.0038523081993255275
not:0.006774269759280504
have:0.00574438891177138
only:0.014983553238980747
providing:0.05182013242321849
access.digex.net:0.05573369078578271
be:0.00649956468693788
which:0.014515644185590088
writes:0.007429914505815307
if:0.0075297799973416775
of:0.0021847256805139176
short:0.03890986365866592
but:0.00747509238483607
spencer:0.052311399962699755
box:0.03560156191805176
in:0.005989203434645746
female:0.06054778771087106
and:0.004289858589784155
few:0.025681207875351532
for:0.003655605201259258
subject:0.0002999658077754865
however:0.026933695552774303
i:0.004289858589784155
we:0.015143189951842358
than:0.016074171710331025
the:0.004234567471848612
do:0.01614197570576397
regularly:0.05581913572269529
hate:0.045235834186043024
agree:0.03389387841533078
may:0.0209103991847172
cars:0.04294468599069108
transport:0.06577658826917707
long:0.02674507016975938
army:0.05014834886495026
about:0.011067597531706422
trouble:0.04286316721674533
article:0.009104863823782033
prb:0.055234232779368855
planning:0.052063081457074285
personnel:0.12808911631751688
by:0.011128488481091754
trips:0.06478160627657656
s:0.013942388333843108
