some:0.008522166971776306
read:0.016547467605094318
at:0.0064304015507622705
means:0.04138095212319347
reid:0.047021189933276475
your:0.00919658556336688
with:0.004268812969266769
billboard:0.04589600248928189
to:0.0020119695767749353
bet:0.03148665193437671
everyone:0.022317611368708783
us:0.015035594059744495
that:0.007596451651849858
think:0.031527329069968364
r:0.02262934136298635
like:0.008501015062107103
nt:0.0156367566070607
re:0.002729492721008544
this:0.0038319886012512334
he:0.011606811733724345
on:0.0037007943448123352
you:0.00811385385998134
children:0.024469904146120623
a:0.0010193460772601423
idea:0.06070896996921364
part:0.017877533667250197
giant:0.041490637366141316
concise:0.04344000076211975
act:0.02723819754027996
mind:0.02211427593438056
worst:0.031457743896303014
d:0.013298133010051354
it:0.0075077831329920875
not:0.004400802982306313
have:0.003731756300347831
beauty:0.04456518820611434
tom:0.05541209085364606
always:0.019393840131377425
poor:0.05768549183496732
be:0.00422234494260928
virtually:0.03637436495006833
writes:0.00482673278115009
of:0.005677097388780691
what:0.01343711099265155
but:0.004856081914236571
called:0.01957849996975718
in:0.005187728522466875
or:0.009843962886176427
world:0.018403289698778663
rather:0.018784552211042797
habit:0.041961721462036
and:0.001393421220769306
word:0.02240055851214174
subject:0.00038973659696377074
space:0.022317611368708783
i:0.008360527324615837
world.std.com:0.0670960048227817
agency:0.06386920089614455
the:0.0027509233941206313
sky:0.034024210600211297
do:0.01572958946510577
when:0.009545068925866686
dictionary:0.03598865340718964
got:0.01614710818708448
would:0.006807661650396905
thinks:0.03306492279911858
country:0.024604044584088554
maybe:0.019327832717827183
carl:0.03547075752418027
an:0.039324006068397234
just:0.00857217929537143
many:0.013527014799840097
n:0.026722740845287602
oxford:0.04137746812135325
is:0.007844456259581427
object:0.03087571019075155
night:0.024436750704992877
having:0.03820279404993228
ad:0.06320688549424891
does:0.017788157873540513
life:0.020367732505757005
marketing:0.03615146915546919
every:0.017752908955747417
taste:0.07520806598966262
article:0.005914838542456942
earth:0.02569733695323904
by:0.0072294560205632555
s:0.004528731977051228
