some:0.00788876266981996
read:0.01531758825606704
at:0.0059524663003677775
out:0.015921312149735946
folks:0.05004345743641592
means:0.019152670408369953
with:0.003951536329659104
wonderful:0.032473971622347324
someone:0.014888230504479865
gain:0.030983817773603053
both:0.015173676231812419
to:0.004656078243550105
might:0.014372196864043554
that:0.016407651202982012
think:0.038912108852123116
r:0.020947430856277906
nt:0.004824855079205666
anything:0.015684061826482458
re:0.0025266250187714226
anyone:0.011303478038117508
this:0.0070943572752894465
he:0.010744143294055644
children:0.022651195054179226
them:0.01980890772340866
more:0.017181338186766565
a:0.0018871677376302637
want:0.01278782410616339
idea:0.056196816795826145
lose:0.028410444143157344
worst:0.029119668336442656
ill:0.03770554409107917
are:0.004343995821629903
it:0.004633181482972594
not:0.004073716274161925
try:0.0164620923806986
only:0.009010379988305992
interesting:0.022081247040009546
tom:0.051293624641550746
discover:0.03689914708004832
has:0.007194422120855075
poor:0.026699028315508525
be:0.003908522007685617
if:0.004528043376779793
of:0.003941363220927135
what:0.006219203398625887
sense:0.022204878691641828
launch:0.03112607053845327
who:0.0349473749792932
called:0.018123341188221176
in:0.0048021541052565
world:0.01703547762657214
and:0.003869568390109357
word:0.020735652136239315
subject:0.0001803848438649885
however:0.01619661421754671
space:0.04131773996639329
i:0.006449280650182261
power:0.01825577892007123
world.std.com:0.031054569799733426
decide:0.027660185247383645
will:0.007657468546643814
agency:0.02956108284720204
than:0.009666224879861225
cost:0.04487848113987677
the:0.00458363316885235
do:0.009706998904141848
when:0.008835638127322541
got:0.014946985281287663
would:0.018905060394007623
thinks:0.03060739475323815
country:0.022775365594730625
carl:0.032834417437923626
may:0.012574496807025885
wants:0.02378739974725506
an:0.024267517258425318
just:0.007935057861255987
company:0.045488216751775
revenue:0.0389565064771305
is:0.010892133522594483
ad:0.029254538218621964
right:0.01310725401209662
does:0.008233032529307602
marketing:0.033464535637157296
taste:0.03480913865062088
advertising:0.10923148188380119
project:0.05204913318125745
