hung:0.07017503269300014
story:0.046090481128366716
c:0.033155098659345635
from:0.010853490441412508
to:0.005300766000349349
then:0.02046000448430517
that:0.008894990395755815
nt:0.00915485322721075
me:0.013892162569289034
re:0.00958821801995309
this:0.013461088163369718
arthur:0.06850372733577907
inside:0.04812891701377162
paint:0.06256738169565546
a:0.0071615596197251025
want:0.024264076509130532
old:0.033947603619773385
red:0.0463156276274686
said:0.028096215752095283
experiment:0.06514008291952919
others:0.03456831055215892
no:0.02886527528673102
jupiter:0.07603945380888316
301:0.07101327319637003
not:0.007729615494563652
reminds:0.07172570718553428
talk:0.04435376625175676
be:0.007416169963300914
coast:0.06864697477934478
if:0.008591672048248837
of:0.004985656040147145
host:0.2454797229319346
clarke:0.07481752842677643
well:0.021575229617350575
david:0.03200570819672428
one:0.012606550099687468
or:0.008645018688501094
and:0.0024474193236589093
subject:0.00034226867810279864
space:0.03919888150657825
will:0.029059111407776523
the:0.0038654000512259126
would:0.011957046744927898
an:0.011511514596945343
about:0.012628412568229122
company:0.04315548768758141
busy:0.06547310197598125
moon:0.17677216655232875
is:0.010333562572717843
ad:0.05550861097892373
white:0.043576527510520414
marketing:0.06349681120896512
unless:0.039462325971031935
dead:0.04399079660014277
close:0.0891003388761677
s:0.007954311293025875
