some:0.010662437215829717
go:0.008883252291297383
out:0.005379804105390227
bright:0.07202921813493782
case:0.02257179093430827
means:0.012943357170953209
existing:0.01977019021167146
your:0.017259345509332363
with:0.002670444642874645
billboard:0.028711197904253968
modern:0.0187512698860358
except:0.014723111502300518
to:0.0031465734248649103
bet:0.01969712929228132
everyone:0.013961245468096361
observations:0.02335941819090727
crary:0.05492656626513185
most:0.008477604858296977
us:0.009405828247420072
might:0.009712717515426694
that:0.0047521181566366685
think:0.013148383813046166
infrared:0.0300685107968016
like:0.0053179865913638045
through:0.010819467096003775
satellites:0.0259553302244811
nt:0.01304253062506737
re:0.0017074908802656187
so:0.009331603629086027
orbiting:0.02756364343721787
extremely:0.020174202671413836
these:0.007564547822369601
on:0.002315108791046986
you:0.007613684786420847
possibly:0.01770298476437142
concerned:0.01838351252309511
dying:0.0232397726548615
m:0.0062502954891144845
sure:0.00996367132492787
passing:0.022316316643469277
a:0.0025506924672993514
as:0.010960467948178334
idea:0.025318504979550283
part:0.011183662613759256
giant:0.0259553302244811
concise:0.02717479499730779
act:0.017039420379079243
anywhere:0.019298307328102563
step:0.018993244909508454
far:0.02273404632074339
considers:0.02726894699366731
mind:0.013834044762603364
frank:0.035764149557539926
are:0.002935668409138016
caused:0.018184083009384323
d:0.008318923389849476
it:0.006262199629953826
not:0.005506027475579588
have:0.007003433056817162
beauty:0.027878679380080658
always:0.012132219625564874
poor:0.0360863579058928
his:0.008422050417832222
be:0.007924126810102346
virtually:0.022754739717622652
writes:0.003019462972682933
upset:0.02360854597287272
were:0.0070835767007867536
if:0.0030600475788283526
of:0.007990708995852273
ucsu.colorado.edu:0.0249938472605206
what:0.008405863954307135
but:0.00607564586530055
visible:0.02165860262418646
they:0.004259906961222574
thousands:0.019536894955243557
in:0.0016226456794017393
door:0.019314941991474713
point:0.020105351244384114
or:0.009237143256206648
astronomy:0.04502689969666649
rather:0.011751066908277914
use:0.0075926005833212235
habit:0.02625002666803165
and:0.0017433671894556612
subject:0.000365711738246826
space:0.013961245468096361
i:0.0034867343789113225
cu:0.027666259217364254
any:0.0046725445949260605
will:0.005174910250699928
agency:0.03995470558343289
eyes:0.019733513628578933
the:0.003441794566160059
sky:0.021284551836661864
do:0.006559980994579878
dictionary:0.022513449848333245
would:0.017034696732500017
proposed:0.02015413138614882
because:0.008058092689016045
radio:0.016380595254646878
maybe:0.012090927316631616
an:0.01639996600112761
many:0.008462105148758416
n:0.016716965734266672
oxford:0.025884534852170755
is:0.0049072625916103
object:0.019314941991474713
atmosphere:0.024713623761085473
night:0.015286917107689608
done:0.012094354116076247
having:0.02389855152895307
ad:0.03954038042334292
itself:0.015356419363444656
field:0.05332134041004529
does:0.01112775172910982
life:0.012741458234195022
marketing:0.022615302622371138
light:0.03189237155987482
every:0.011105701036243818
taste:0.04704796822184374
article:0.003700150138431968
already:0.02653686138171097
earth:0.016075503025542233
by:0.009045072829380512
seem:0.012601427191304738
credibility:0.02717479499730779
while:0.009910239752869966
s:0.008499127135013948
driven:0.021494529522697585
