tv:0.09471652640629158
studies:0.10547707240834236
at:0.022024125311360776
means:0.07086488051096883
storm:0.14022484744809435
berkeley:0.1359095288814195
that:0.00867261563586192
talking:0.08149227950905671
re:0.009348512569454263
political:0.09011939443703813
soviet:0.22135000001583066
on:0.012675220630982248
you:0.013894974735218047
shuttle:0.2327857298340139
science:0.08454080565418289
are:0.016072784540030638
it:0.0171427714869986
not:0.015072750214399123
call:0.0664239024499677
which:0.03229730831293794
what:0.023011052574915782
least:0.06019155956766206
russian:0.11639286491700696
they:0.023322990612693592
called:0.06705636239641835
in:0.004441992547362262
and:0.004772467681134873
subject:0.0006674239223004575
program:0.06941583580960188
the:0.0018843825249726326
comparisons:0.14330566345869306
snow:0.13652684419617878
about:0.02462540450804679
guys:0.09711689273728129
s:0.04653272106420137
