above:0.020318328583048845
wilson:0.03724679207911504
at:0.006574365764585306
mark:0.02241510421113575
with:0.008728766817754438
way:0.012928155369750323
shape:0.035581541696173176
mathematics:0.039711282279641734
from:0.006317703391269967
to:0.0020570136717773593
important:0.023450517111740465
remains:0.034457863647819637
us:0.015372211837201463
been:0.010949555128518203
make:0.013134928980221668
that:0.0025888404883169912
re:0.0027906007670012727
behavior:0.06340879138685364
so:0.007625452219290448
math:0.036419819195978545
these:0.024725910046252873
on:0.0037836479495469396
you:0.00829550730460779
gatech:0.04382692902215605
evolution:0.0402145754199069
a:0.0010421672580943247
how:0.009816141770366599
uunet:0.028186509794158845
was:0.00660791891120437
as:0.005971001195649391
gary:0.28509034322167104
experiments:0.08350156955927872
science:0.025236061389308322
theory:0.03036230490281063
computer:0.02000524556093519
no:0.016802175166903133
investment:0.04057000862131925
it:0.012793113049998953
precise:0.08437978597753144
systems:0.022391172539422466
whether:0.021324317797625555
viewed:0.04164492929462476
algorithm:0.030455589699558628
somewhat:0.03210326012957169
exploration:0.04175078477963936
has:0.00794607816333247
abstract:0.04175078477963936
usually:0.02461008016557174
be:0.004316875053264712
writes:0.009869587925635259
listed:0.03387907085419371
of:0.008706294876077849
what:0.006868970917885307
but:0.004964800166047838
tend:0.031788090251786076
experimental:0.039711282279641734
ga:0.04113706762861718
now:0.012327719387151076
one:0.0073381411028031526
in:0.003977903773757249
ncratl.atlantaga.ncr.com:0.09185404400607607
and:0.0014246172182492158
for:0.0024279765888960744
subject:0.0001992310215822261
gained:0.04341603516258122
however:0.017888797792514278
we:0.01005779034114903
any:0.015272944272967272
artificial:0.03844591433053649
predicted:0.04164492929462476
will:0.016915005147810216
yet:0.019627378676762414
the:0.002250008985041949
do:0.01072116296875368
level:0.026272650467117527
can:0.006451985018191891
gather:0.04253705728454851
an:0.02010219713197918
govt:0.036419819195978545
unknown:0.03521743599341622
is:0.004010039207323342
guaranteed:0.038377761468124
write:0.02428488003722025
field:0.029048192909950046
mostly:0.030455589699558628
does:0.009093200106996456
break:0.029285123494387208
life:0.020823726517079925
their:0.022592292814652446
predict:0.04084815335861203
change:0.02217917244709319
article:0.0060472603008701565
testing:0.036739697587260506
data:0.021898101665715018
strange:0.03280867933473674
