some:0.01556715833511139
dan:0.1059680930503269
to:0.003675197760242216
most:0.024754606186227174
worse:0.051934205511205166
that:0.013876185017379073
guy:0.04515107662598493
think:0.019196640367047404
control:0.040661790265880314
nt:0.00952104735629918
re:0.004985873370375608
a:0.0018620055011285268
other:0.018390773171092147
harder:0.0652578734952382
are:0.017144303509366014
annoying:0.06944495219055197
place:0.03625903489755234
it:0.009142811459732586
not:0.0080388001143462
probably:0.03182964953372278
kind:0.03674035595950747
be:0.007712816761832952
species:0.07332393307556466
of:0.005185082281753031
reasons:0.04848699301061474
but:0.008870442963338804
humans:0.06013842145674218
fact:0.06395379009676905
universe:0.05908605800887991
programmer:0.06797557698877045
in:0.00236906269192654
our:0.059460677946143826
and:0.002545316096605266
for:0.008675969677655307
subject:0.00035595942522691063
space:0.08153367353368277
i:0.002545316096605266
example:0.03748478858343873
we:0.0539097562285588
any:0.027287660434368196
will:0.015110737932043792
yet:0.03506758323581552
than:0.01907468376292615
the:0.004020016053274949
forum:0.0680920260550205
is:0.010746905075626556
disregard:0.07710209855966152
lot:0.033047378510205214
marketing:0.06603668365732374
geometry:0.07537927547326143
escape:0.05794576236303775
little:0.031271182691979524
advertising:0.14370008283380067
doubt:0.04640096398640757
everything:0.04119549978564338
