another:0.009683429390343138
mirror:0.04696237802503449
out:0.0051448781619234055
effects:0.018785313787609635
computing:0.019050050127419397
say:0.008286222595054774
there:0.008015536991940152
confuse:0.02503155693601625
all:0.0041662350683244155
small:0.013051292140899612
fields:0.02143505008467398
with:0.007661494019077039
way:0.007564946810246913
array:0.023847483702389306
telescope:0.025177130823647656
to:0.003009168471814041
caps:0.022496735896471134
near:0.015741378940967356
then:0.006968909824348485
famous:0.021969065708072555
connected:0.019846214130886445
software:0.012296008246643042
worse:0.017009019272228764
perhaps:0.012613369160000196
that:0.0045446020799276435
uxa.cso.uiuc.edu:0.01946989231323993
could:0.006589996311467499
me:0.004731828298709802
re:0.0032658559194600045
so:0.01784822004165799
ball:0.01946989231323993
student:0.017567761887199437
best:0.010633956681054296
on:0.0022140123372894754
you:0.00242706982274551
fix:0.01899580331519862
used:0.008622111390117317
optical:0.025728631807596526
theodore:0.023739655699811263
dying:0.0444498708420495
m:0.005977356821467564
why:0.007771714323816622
a:0.003658962775143393
same:0.008480756989207914
looked:0.016266389539212597
giant:0.024821909690660962
ns1.cc.lehigh.edu:0.023531672953133295
whole:0.013065133078721789
shuttle:0.04066126285310286
logic:0.03626847989691678
computer:0.011706126223429324
are:0.014037366410507107
results:0.03199199780671144
no:0.004915920245338471
those:0.02431330551468419
jupiter:0.02589990129734885
telephone:0.019550761517463672
it:0.005988741130829204
not:0.0026327947972749556
absurd:0.02266000022866161
mounted:0.02333314730214309
deleted:0.03068453709168853
have:0.006697606285777111
only:0.005823302350520902
kind:0.012032867672327772
partially:0.024890679808425766
completely:0.015707395794932185
be:0.005052063381113287
common:0.014699249081359606
writes:0.0028876086943998352
get:0.005739624346249442
making:0.02685246454910396
things:0.009758628507162661
if:0.00877926314100536
of:0.004245427632439709
future:0.015303521066890174
safe:0.01813423994845839
park:0.019612411655218192
what:0.004019397829679612
but:0.0058103338187808756
never:0.009624188781056158
ok:0.014252616552449483
sense:0.01435075129416153
island:0.02241733712318209
york:0.01643304457391023
please:0.008364259200459627
visible:0.020712812116580062
must:0.010119914530478153
george:0.0347800364982984
one:0.008587868190180108
in:0.0023276816842072987
pictures:0.02030630371891189
or:0.0029445915183540844
astronomy:0.021530329767620003
world:0.011009828335077191
use:0.007261045972695843
and:0.0033344752357274223
gets:0.014573433809575563
for:0.002841474785258288
subject:0.00011658059778173928
space:0.013351584093943682
i:0.0016672376178637112
becomes:0.018802472207434483
we:0.011770689132873099
news.cso.uiuc.edu:0.020024476115691053
limited:0.03390476037465292
reverse:0.02189863172584599
the:0.00592469614838557
thing:0.009886167838973609
see:0.01545315075468276
quote:0.01761990354821218
around:0.01033709359455736
would:0.004072705878185048
can:0.003775397346889578
butt:0.02424734044267529
fancy:0.02333314730214309
maybe:0.011562939224202288
an:0.003920952570138588
pure:0.022040654397049306
makes:0.012196409966165826
many:0.008092580906454556
f:0.032456167846348014
is:0.009385943297490441
scientists:0.021863836225194562
atmosphere:0.02363442621693327
self:0.018568180882140503
ad:0.01890686312819236
field:0.016997632532459853
new:0.007528382379404134
man:0.012655237287315279
sides:0.01989010206037772
matter:0.013191716209172673
marketing:0.021627734822267593
light:0.01524984578954713
mission:0.019633156645430413
article:0.0035385715297668163
little:0.010241653720080629
already:0.025378046474212674
give:0.010319809045222736
bad:0.011967690160464558
before:0.009284691123242988
going:0.009510112157422194
john:0.011709512661929456
s:0.0108373149494501
