taken:0.04144504779570642
cia:0.07019396887395872
at:0.005540660455688246
out:0.007409918862141257
vehicles:0.03143970639032982
british:0.028041543017182043
know:0.007760220916089949
technology:0.021180299910798384
i.e:0.02172666035833587
such:0.012094447820552193
wrote:0.01619858474649598
post:0.016242627700825036
my:0.011952380645664168
via:0.0214983105573311
to:0.0034671676983417127
photography:0.03536850753047124
within:0.020355032807061746
camp:0.10846709132639494
might:0.013377893936342427
that:0.004363580194144363
could:0.009491252549220487
its:0.01300518588700736
sas:0.12575559570137898
ps:0.028336869954840978
this:0.00990532902587583
appeared:0.05981766122375659
best:0.015315572829946127
terrorist:0.03319969944058615
etc:0.014605811241875696
m:0.00860889756047844
board:0.02258614163116443
a:0.002634913444993198
was:0.0278446897516159
africa:0.03536850753047124
capable:0.027596096145681332
question:0.0411884166669265
team:0.020146066469776715
are:0.008086935617625478
book:0.019557852268450776
place:0.01710331834790205
action:0.0926262410270681
it:0.0021563234574841004
have:0.003215412661305993
regarding:0.02488676962937659
ir:0.03693590244634535
be:0.010914363342216439
of:0.004891587058257576
uv:0.04010921069007111
seen:0.016304810632844988
what:0.0057889440440039705
nature:0.023977453724904216
sat:0.03269628618477774
who:0.008132408014049361
clear:0.020740570705576184
one:0.006184345331922155
in:0.00782237681296499
england:0.03100909130053447
watching:0.026789962853706505
and:0.006003104001427513
for:0.0020462192635979496
subject:0.00016790538925797672
i:0.004802483201142011
license:0.02942336118614792
back:0.013247526541305269
games:0.06282774135110802
photos:0.038550492678092615
exist:0.0228712231182145
the:0.00948116993696922
see:0.011128212335919346
hello:0.024335162205357055
specific:0.02305129741176373
mad:0.06614003677799322
movies:0.03555626201568936
an:0.005647158104161867
thought:0.016884191227620835
n:0.02302525469059372
is:0.005069294846993659
netters:0.03105550706970191
night:0.0210555650728555
new:0.010842764559016019
type:0.02038058182598551
does:0.007663451662500159
plates:0.03717782874085979
satellite:0.06156403159928132
movie:0.03190198602550546
by:0.012458307859335424
while:0.013649952867160519
s:0.0039021149739372225
va:0.03139037823019758
