all:0.011634973544466966
own:0.027640129701804822
to:0.0016807306830375986
territory:0.06387719776259684
been:0.017893175453919993
that:0.004230544212615571
talking:0.039752331467832545
nt:0.017416550042010696
its:0.02521737263456305
re:0.009120500067760258
something:0.024276357526384424
american:0.03935408801692946
ownership:0.06489404665209747
etc:0.028321024237295555
as:0.009757489758744128
canadian:0.05917887580173533
international:0.04835810513099261
astronomers:0.07897322649432388
lose:0.051277386990088866
recognized:0.06096235751295661
it:0.004181163777316732
have:0.006234763574971377
against:0.03150342429460789
after:0.02352699619103599
binding:0.07334706104916998
be:0.007054405574847211
common:0.04105034194672378
writes:0.008064175500214175
if:0.008172566094675723
of:0.007113679959722145
years:0.02719238320707797
nature:0.04649286758853378
english:0.05387988274438574
using:0.026883177788352693
loss:0.20760252410345287
they:0.034131205774673545
thousands:0.05217780481949195
now:0.02014529753510054
one:0.011991596436288079
in:0.00216682563285964
complain:0.062067197700178885
for:0.003967669059903342
subject:0.0003255726450246134
legally:0.06105876214109214
space:0.03728674094528175
doug:0.10540584108923869
hart:0.07052021209725139
we:0.016435901289194758
limited:0.047342622718265365
will:0.013820796889064443
the:0.0018384219755830562
sky:0.056845327466206685
do:0.008759974620810936
would:0.011373776172004586
law:0.07333758842058453
jim:0.04129671642620573
eg:0.06165376414315838
about:0.012012392442949653
is:0.00655299089977229
night:0.04082725422663445
right:0.023656995046223168
their:0.018459556324167244
marketing:0.06039940578413756
light:0.04258798397324748
nation:0.054656198009897655
under:0.029601505208605355
article:0.009882108296543915
very:0.02125905477784692
by:0.012078481400209343
