seemed:0.02511358866865294
some:0.01389924851349231
since:0.011909652520260007
at:0.005243839359847804
out:0.007012958923097975
there:0.01092594030448985
stand:0.04687783993412455
your:0.014999193121205505
much:0.010399981366428163
though:0.01479490596196833
from:0.010078241124168757
work:0.012054002761847045
to:0.007383209786200879
us:0.012261168965386881
ii:0.021853570268512604
might:0.02532244209379102
worse:0.02318491317464516
make:0.04190667817499294
that:0.008259633938916114
problems:0.016327816880308172
think:0.017139857470578036
talking:0.019402923692632548
nt:0.00425046756977642
affect:0.02917534511852219
covered:0.0274842483857609
re:0.004451672652121078
happened:0.020073219635347802
so:0.006082205936815
this:0.0031248954664965414
something:0.011849174506925731
on:0.018107458044260352
you:0.01984996390745435
tell:0.01434538722394317
used:0.011752758978195627
igor:0.08417275809858632
m:0.008147706619738524
sure:0.0259767145257048
a:0.0016625049117218987
hard:0.016096627396282794
want:0.01126546409352489
was:0.005270601988698723
coming:0.020694225921366636
mac:0.020424298421494857
drive:0.016808355647654694
also:0.008830340069521228
hmm:0.029525586190087272
plane:0.030775426000351942
are:0.0038268534619120566
d:0.010844310847482353
yeah:0.023537038358262808
it:0.006122418388213785
not:0.0035887500510474097
texas:0.023620057569458345
have:0.006086316823186343
due:0.019732990981538585
being:0.011582166249554453
drives:0.04817907918756739
writing:0.023824159197307345
installation:0.029525586190087272
edge:0.05610954389997571
be:0.006886443537350849
were:0.009233948199239875
if:0.007977981187659635
of:0.0023147688757826027
even:0.01998999342578602
flow:0.03072005461545722
forgot:0.02856949574762968
oh:0.019224501096080197
well:0.010017070893769908
up:0.007996787918764193
good:0.00964291578190178
or:0.004013758676804079
force:0.042547668081128226
for:0.005809801123429892
subject:0.0001589104576905851
i:0.003408905486524909
mention:0.022468302465934065
sick:0.026733584934791464
water:0.024405340563759228
the:0.006281275083242108
older:0.026298514196664464
around:0.02818088610897185
would:0.011102971977433047
protected:0.02798474313106174
may:0.022155065802855128
problem:0.012592650547890383
people:0.00895995916710189
about:0.005863191549534949
head:0.02055273652056954
is:0.0047977254801904266
new:0.010261902171925874
hardware:0.021129054307586614
disk:0.04167832123571287
questions:0.018001049626461377
too:0.011622130165860098
luck:0.02454040848758108
side:0.03833766760203801
going:0.012963188595533824
roof:0.03421878476368412
