materials:0.026139899428398866
land:0.01988316172793868
some:0.011675368751333542
since:0.010004108117018407
at:0.013214475186816465
out:0.005890885495402299
there:0.0045888949278857375
anyway:0.01524256910822267
with:0.00877241065184321
someone:0.0110172905733151
from:0.008465722544301757
ground:0.03876953663397341
invisible:0.02985949695806571
to:0.002067298740136246
attractive:0.029364042444844553
observations:0.025578562919043462
impact:0.02396622197635748
potential:0.021431361704107473
been:0.007336201936107197
make:0.008800402416748518
that:0.005203569381517152
guy:0.016931653734744347
think:0.007198740137642776
equivalent:0.02359568211558887
quite:0.013280996910547007
nt:0.010711178275836578
so:0.0102181059738492
anyone:0.016729147496413913
had:0.007672042428410676
this:0.007874736575571285
parties:0.04894340512142865
reduced:0.02499456658031221
something:0.009953306585817613
on:0.007605132378589349
western:0.061357916455431
you:0.0055579898940872185
glass:0.054610737678471515
particularly:0.020085501475702913
m:0.006844073560580361
a:0.0020947561887695925
nor:0.017272694984877015
quick:0.02029637610095648
jeffrey:0.027496474903336746
idea:0.01386188147630378
coming:0.017383149773947976
part:0.012246110562066386
surface:0.02282492871645258
mac:0.01715641067405568
underlying:0.029270581779783793
also:0.0074174856583978325
spite:0.029756400522052032
mind:0.03029655803010137
l:0.016524802893766816
are:0.0032145569080061277
it:0.01199994004089902
not:0.006029100085759649
have:0.0025562530657382643
follow:0.018884961562086428
kind:0.0137776334848153
tom:0.03795728223474755
suspect:0.0194104753144888
astronomical:0.031297907320324614
strength:0.10397419006759322
hm:0.026661204480020913
has:0.005323872369432755
his:0.009222145207526284
be:0.005784612571374713
depends:0.021528830677512482
of:0.00874982635045824
what:0.004602210514983156
but:0.009979248333756154
saying:0.015082775894822197
must:0.011587302137397486
they:0.004664598122538719
who:0.006465264371169241
planetary:0.028192038915650332
over:0.020059407525193577
in:0.0017767970189449048
use:0.008313897638736741
and:0.005726961217361847
gets:0.01668658171196402
for:0.00162674431456037
subject:0.0001334847844600915
i:0.006681454753588823
condemn:0.02762806144492361
pay:0.016664210309989415
any:0.0051164363314440365
actually:0.024443141271010847
agenda:0.026499028101255147
the:0.004522518059934318
sky:0.02330658426114474
do:0.007183179189064966
when:0.00653837221421868
benefit:0.022649472117396232
got:0.01106076910815287
would:0.03730598584417504
friends:0.01988316172793868
country:0.016853770540100663
needs:0.016746732813346734
thought:0.013422932025958564
people:0.007526365700365587
about:0.004925080901609358
is:0.0013433631344533196
object:0.021149861480664812
night:0.033478348465840246
unlike:0.023059958928332232
cook:0.026828817940214134
demonstrate:0.08118425405516579
their:0.00756841809290857
desires:0.03018218956375357
significant:0.020814638967519828
buying:0.02005608962618758
strange:0.021981815154273616
s:0.006204362808560183
