materials:0.03532418841675523
at:0.0059524663003677775
story:0.024290929243328405
with:0.003951536329659104
much:0.023610768507566642
times:0.018989703658736666
from:0.00572008280020389
reviews:0.04035067156495366
wrote:0.0174025336127896
my:0.006420366630610144
to:0.004656078243550105
bet:0.029146427804118986
design:0.025426805455577316
w:0.020907708479928067
that:0.004687900343709146
could:0.010196683481932822
me:0.007321545137868546
re:0.0025266250187714226
this:0.0035471786376447233
on:0.006851470611341756
a:0.0037743354752605273
how:0.008887587819115705
air:0.052082959265286076
dc-x:0.12474772192717087
million:0.026442643642777965
looked:0.025168940570808682
as:0.0054061767582230975
course:0.016528052702027157
cover:0.026514909109783016
based:0.02041150683716583
travel:0.03456562556627495
team:0.021643409247935796
estimate:0.03930911291747219
d:0.012309758259304294
it:0.009266362965945189
try:0.0164620923806986
interesting:0.04416249408001909
allen:0.030094788329084677
labor:0.037517844333598935
chuck:0.033670864852428116
willing:0.02416148549986264
be:0.011725566023056851
of:0.006568938701545225
meetings:0.04035067156495366
opinion:0.022360213274241144
years:0.01506605015527293
huge:0.029040019986766696
requirements:0.032880855811489584
up:0.00907743493481341
now:0.011161583769447597
called:0.018123341188221176
over:0.013553653733238904
in:0.00240107705262825
government:0.018186587423083093
requirement:0.036028654702730964
5:0.017559951938632995
or:0.00911231699598764
force:0.04829735295695637
watching:0.028781108741481987
and:0.009028992910255166
for:0.004396606255568568
subject:0.0001803848438649885
half:0.02555164515941227
costs:0.02781251793874213
i:0.0025797122600729047
6:0.019853713733508072
cost:0.1346354434196303
the:0.00458363316885235
flying:0.033566912698107305
around:0.01599455698076781
would:0.018905060394007623
an:0.01820063794381899
just:0.015870115722511974
btw:0.025349935948941454
actual:0.02744835734276151
about:0.006655514731904538
different:0.01707578985142735
is:0.0018153555870990806
lack:0.026212980127720182
hardware:0.023984331916719944
gave:0.02508022914214792
build:0.05042747382457236
told:0.020947430856277906
article:0.005475222164301358
very:0.011778665485023293
difference:0.021669958424556667
personnel:0.0385132815954696
majority:0.02785667990482177
documentation:0.03025084045607555
process:0.024436241440767347
by:0.006692131586602474
doubt:0.023514002020138973
four:0.023703014533939012
s:0.00838427406562187
