taken:0.015254080091475278
believe:0.010058666112640464
at:0.004078541724326069
out:0.0054545236068539804
bright:0.0730296239423675
all:0.004416980697436533
case:0.022885288030618105
existing:0.020044776186833566
billboard:0.02910996454181305
modern:0.019011704190008524
telescope:0.026692421104700523
to:0.0019141655001261538
matt:0.0227251225434738
hardly:0.02021591134532186
observations:0.02368385455466987
crary:0.05568943524103646
then:0.007388334952665755
most:0.008595349370217768
archive:0.022466054702510632
might:0.00984761636980762
that:0.004818119797701067
infrared:0.030486129002312734
like:0.005391847516243857
through:0.010969737472337161
satellites:0.026315820922043334
nt:0.00661183844187443
its:0.009573261833491527
happens:0.017296655161012864
re:0.003462412062760838
boulder:0.025520217880716213
so:0.009461209235045556
orbiting:0.05589294363658068
this:0.007291422755158597
programs:0.01635732464951165
extremely:0.02045439993073903
two:0.008633284410431997
these:0.007669610986569178
scattered:0.028377445999151502
concerned:0.018638839085915872
dying:0.02356254727506791
m:0.006337105148685519
more:0.005886199193614472
sure:0.010102055648885201
passing:0.022626265485739684
a:0.0032326484394592475
as:0.018521161116134683
minutes:0.018449848370544322
california:0.01842346864316174
course:0.011324776851388977
science:0.01565570475077461
far:0.03457469544613058
considers:0.027647682368579358
frank:0.036260873856950204
are:0.00595288316297431
caused:0.018436639717847994
it:0.0031745873124071474
not:0.005582500079407082
ftp:0.0175618840152272
tiny:0.0242036105818508
have:0.004733801973589378
university:0.01088120417406784
has:0.004929511453178477
his:0.008539023340302114
be:0.010712245502545764
writes:0.0030613999584146404
upset:0.023936442444718178
were:0.007181959710519903
if:0.003102548239645413
of:0.00810169106523911
ucsu.colorado.edu:0.02534098402802783
fraction:0.0273670128231329
looking:0.012008728450956685
what:0.012783918097175433
but:0.006160029835651946
ok:0.015110412919032092
san:0.01869428441483585
nearly:0.01986176304444174
visible:0.02195941654952238
they:0.008638144671367996
thousands:0.01980824071851083
good:0.015000091216291658
over:0.009286762743145174
in:0.0016451824249489857
point:0.010192296116944725
pictures:0.021528442368661214
or:0.0031218123041809502
astronomy:0.04565227330356463
use:0.007698053369200685
weeks:0.01685446706172736
and:0.0017675806226425455
still:0.00945235686217383
for:0.004518734207112138
known:0.015078373831788694
subject:0.00012359702264823285
space:0.02831030331030651
i:0.0017675806226425455
cu:0.028050512817605424
any:0.004737441047633367
circles:0.025835280210554246
will:0.005246784004181872
cost:0.01537503520532815
eyes:0.020007590206753637
the:0.004187516722161405
sky:0.021580170612171056
when:0.006054048346498777
would:0.021589112178342036
proposed:0.02043404987762311
because:0.016340021286060314
radio:0.016608103522072527
junk:0.02434320798078917
an:0.004156935826674707
problem:0.009794283759470297
just:0.005436984090119842
dynamics:0.026315820922043334
moon:0.04255626231815321
is:0.0037315642623703318
atmosphere:0.025056868535544993
done:0.012262331256577308
ad:0.020044776186833566
itself:0.015569702965714721
field:0.05406191458240703
time:0.007312546156961637
90:0.018666478747890427
does:0.005641151918229283
marketing:0.02292940404768185
light:0.048502981747309624
papers:0.02140159526593846
observation:0.024296206261048347
first:0.008692383469402968
every:0.02251989376793885
already:0.0269054289009014
full:0.014303992981126171
by:0.004585349420449843
seem:0.012776447013406193
credibility:0.02755222270560373
while:0.010047881971659825
four:0.016240954402884138
driven:0.021793064654957273
diego:0.024023796538719947
