resolve:0.065157622214085
at:0.010126034625913001
small:0.06870680230496577
anyway:0.03504038875453487
chris:0.04410054302206092
suggested:0.050483470677647496
with:0.006722153756201693
billboard:0.14454603082831308
companies:0.04570841776537628
feet:0.050483470677647496
telescope:0.06627083860477372
to:0.007920684828108223
visual:0.05890346587616021
impact:0.05509476316404018
that:0.007974818975505215
think:0.016548827902627072
nt:0.0082077994450855
re:0.004298166698599662
so:0.011744949395228967
comments:0.04234488521872529
he:0.054832179569663284
best:0.02799052965472913
you:0.012776988262269468
narrow:0.06306197213599359
sure:0.025080965748956362
a:0.003210354312290563
other:0.01585411480266564
audience:0.06463899652120604
talked:0.05667178754925265
are:0.007389785995416385
lie:0.05241260544578212
it:0.007881734017010849
altitude:0.06864252174267979
his:0.021200333810405248
be:0.006648979967097371
if:0.007702878388085164
of:0.0022349492593763064
what:0.0211595885746352
who:0.014862676715331589
good:0.018620802889189644
in:0.002042295424074603
according:0.07906956792152225
and:0.002194238014314884
for:0.003739642102437632
subject:0.0003068615734714747
space:0.03514382479900119
i:0.002194238014314884
person:0.03224361424222817
pretty:0.03308069030942099
will:0.013026498217279131
the:0.003465531080409439
do:0.00825652780352295
see:0.020337767372542254
would:0.03216033262428883
can:0.009937540142962222
proposed:0.050732813489271174
nobody:0.04607229500526928
did:0.018895529234976612
an:0.010320668259330307
jet:0.0585001173725824
about:0.011322025061170938
eye:0.05276812614338394
col.hp.com:0.06707778410676508
hear:0.03808829384205526
marketing:0.056928175566658384
wanted:0.03500183896030003
too:0.02244273411338502
words:0.03802136932767097
