library:0.023133196639233036
some:0.006450479973112454
replacement:0.02728080455294256
report:0.02097087416284395
expensive:0.022376170133352975
therapy:0.03115142421618821
at:0.004867210013560393
out:0.0065092657407760214
there:0.0050706021302604825
know:0.006816989644521004
help:0.02364743337062759
all:0.005271092986996084
thanks:0.011013185883514713
where:0.010206943636650617
with:0.012924361918001046
much:0.009653021378784151
corp:0.025569970413878713
to:0.0038071800002509137
most:0.01025743350258032
death:0.018538212066499568
enough:0.013437284679212133
genetic:0.03265897662871109
been:0.01621260096377281
male:0.02655330276302433
that:0.0038332002810439426
provide:0.018657213692173553
me:0.005986677792290302
need:0.010614375643631139
lost:0.01936191339402127
articles:0.02327010287679374
so:0.016936087249473812
this:0.008701366381846723
off:0.012063300817438399
he:0.008785266339890803
programs:0.0195203432281465
internal:0.021892637658123385
two:0.01030270404780835
recently:0.018283489307114303
on:0.0028011537306038116
you:0.006141425297333943
am:0.009029482633709202
successfully:0.028883866771711453
a:0.003857746203995566
how:0.007267198879718918
as:0.004420520222193472
old:0.014629354046090188
illness:0.03360165904324569
those:0.01025367764799757
approved:0.027840217446341305
have:0.005649178045830418
42:0.026886003646963856
buy:0.016612381907425224
money:0.017128286004028343
per:0.019540470251784625
bed:0.03149152307253868
has:0.011765463799851392
his:0.02038043139784814
which:0.0071375266989918106
found:0.014776356382635344
get:0.007261734670116698
liver:0.03428460907621352
of:0.0021485147576324713
available:0.014923004573559282
but:0.003675597912985692
year:0.013672711139279843
years:0.02463840246387175
manufactured:0.03176108199060183
who:0.007143938531678719
up:0.00742243298537229
called:0.029638171224936283
in:0.004908279057858853
additional:0.023617435904751023
world:0.013929561816202633
stories:0.025569970413878713
and:0.0031640669709181476
few:0.01262777624810103
for:0.0017975075299009613
subject:0.000147496999403416
cause:0.017422658195260034
offer:0.019420793473988056
costs:0.04548345475065011
inches:0.030753780571850704
i:0.0021093779806120984
cells:0.030171678275398624
bones:0.032551694386406656
info:0.03254580618113146
developed:0.023410488045442185
rare:0.02802439656384181
any:0.011307041616450908
information:0.013474150743004225
drug:0.02365977221826246
will:0.006261355496703229
the:0.004580819397723526
can:0.004776607693026041
symptoms:0.028513641853021066
reports:0.02184653284081852
last:0.012045096972704407
friend:0.019188947070126
problem:0.011688206033401018
about:0.005442078344319732
company:0.018597392484151105
patients:0.02719955511985032
hold:0.019170058635049832
is:0.005937516616368263
having:0.014457963494035145
patient:0.027795116282589034
lack:0.021433818004986668
time:0.008726574419357534
9:0.019673114119475282
type:0.017903384034981748
attributed:0.029708244662245576
their:0.00836289292034096
1:0.010820573988534301
eventually:0.023410488045442185
improvement:0.028166675547833055
disease:0.17595894499765627
very:0.009631173987753852
condition:0.02098395076511061
needed:0.018429959614011164
by:0.01094403839576979
include:0.018571951785881776
s:0.017139123780552993
