take:0.11809717390753907
your:0.034998117282812845
to:0.007656662000504615
considerable:0.15501168126332548
that:0.009636239595402133
chances:0.1355626603405868
getting:0.07533893256179683
tar:0.16647091113363818
amount:0.10328936143407855
lung:0.16647091113363818
a:0.007758356254702194
how:0.03653786103414234
it:0.019047523874442886
after:0.0535892691018042
of:0.01620338213047822
clear:0.09160418728296148
or:0.018730873825085703
for:0.009037468414224276
subject:0.0007415821358893971
the:0.0020937583610807025
cancer:0.1446769837303166
quickly:0.11790773454229606
long:0.0661197568085718
time:0.04387527694176982
does:0.10154073452812709
decrease:0.1631335691380253
s:0.0344686822697788
