fluid:0.20739513813903235
thanks:0.06873747051435045
with:0.04033292253721016
work:0.06983008496518289
to:0.009504821793729868
that:0.011962228463257821
this:0.018102842702462724
muscle:0.19494640208602093
getting:0.09352419214567884
a:0.004815531468435845
idea:0.09559918259519849
andrew.cmu.edu:0.1405096347147331
be:0.019946939901292114
of:0.006704847778128919
lawrence:0.16355979223092532
seems:0.08125817549589924
for:0.011218926307312896
subject:0.000920584720414424
i:0.006582714042944653
actually:0.08428669403796843
the:0.0025991483103070794
see:0.06101330211762676
rid:0.15921909409682178
does:0.042016855666811216
by:0.03415294740748848
sometimes:0.12084504566613276
reduce:0.15723781633734638
