another:0.01774004264310863
since:0.008003286493614726
looks:0.013692421897495562
at:0.0035238600498177244
round:0.017602730767996955
effects:0.034414694858900856
say:0.015180359794140348
stephen:0.01628663711756407
birth:0.020681086272236505
know:0.004935500502633207
all:0.0038162713225851647
case:0.009886444429227023
take:0.008502996521342813
ever:0.010573688227319442
where:0.007389827192935047
your:0.015119186666175151
with:0.0023393095071581895
option:0.01676244488900953
though:0.009942176806442719
response:0.014046394210509367
from:0.0033862890177207023
options:0.018099921634707264
my:0.003800857045321205
to:0.004410237312290659
day:0.030519636429154465
worse:0.015580261653361549
perhaps:0.011553846150560182
potential:0.01714508936328598
been:0.017606884646657273
control:0.012198537079764094
like:0.01863422501613877
location:0.018363307897897613
months:0.01358317815991928
generally:0.030933995945784793
re:0.0014957620111126823
so:0.008174484779079361
foundation:0.0199022638082618
this:0.002099929753485676
off:0.017467659583650805
reply:0.014364786077420578
best:0.009740704319845736
these:0.0066265438923957705
on:0.010140176504785799
you:0.015562371703444213
etc:0.009289295949832943
came:0.012074906929911788
a:0.003910211552369906
how:0.005261451988916498
hard:0.010816933610302037
member:0.015963591690986236
other:0.011034463902655287
wondering:0.014395734007429188
was:0.0035418445364055425
as:0.00960136992260422
steve:0.012828615387337547
said:0.017532038629307457
worth:0.014060654475167352
let:0.0092205509710113
also:0.005933988526718266
daily:0.017834421358927776
are:0.01028658210561961
taking:0.027255600273212843
it:0.0068571085947994395
not:0.0048232800686077194
should:0.013142497137867836
have:0.006135007357771834
term:0.046772157526973494
second:0.010998783106609067
sudden:0.021794604991394375
be:0.009255380114199541
thinking:0.013934106135394623
get:0.0052574959011644894
depends:0.017223064542009985
things:0.017877807425121996
if:0.005361203358107274
of:0.004666574053577728
america:0.01575095421786585
short:0.01385191146248507
kept:0.015975102490296697
what:0.0147270736479461
but:0.002661132889001641
treat:0.019303282262824437
seems:0.009425948357524312
well:0.006731471640613379
net:0.01326056993959393
good:0.0064800394054379965
in:0.0028428752303118476
context:0.01661096379278789
point:0.008806143845040243
office:0.014602951652184644
and:0.003054379315926319
for:0.00650697725824148
subject:0.00010678782756807318
twice:0.018041526437022653
i:0.006108758631852638
becomes:0.017223064542009985
specifics:0.023491233955875643
info:0.01178158183756959
possible:0.010307886491858329
face:0.014357086363782239
drug:0.017129675086022023
addition:0.015861458482965576
the:0.0021105084279693484
see:0.0070775430456447045
putting:0.016080218028152057
start:0.0225404967030601
educated:0.02432760114730988
would:0.0037305985844175043
can:0.0034582639697508535
major:0.01310571189087117
did:0.006575644173771862
put:0.009949837198187117
an:0.003591592554246947
myself:0.013331368247991533
problem:0.008462261168182337
long:0.0476062249021717
about:0.01182019416386246
doctor:0.01762008437439135
patients:0.03938495581354327
is:0.005373452537813278
alternatives:0.02119922248100412
weight:0.01777975080401312
having:0.010467565569681446
patient:0.040247328377188925
time:0.006318039879614855
type:0.012962050041326785
holland:0.043688590142777206
lot:0.009914213553061563
experience:0.013248891099180591
advice:0.031118856545865988
every:0.01945718821549917
significant:0.016651711174015864
disease:0.018199182311186165
luck:0.016491154503654487
side:0.025762912628569546
before:0.008504777068890577
understand:0.011984629051742614
while:0.008681370023514089
reduce:0.01823958669513218
s:0.004963490246848147
