at:0.007403067331549841
there:0.015424856900456259
know:0.010368698534943712
philosopher:0.05110840577165941
knowledge:0.03106530373825324
ron:0.07121509808781572
ca:0.01728192097556572
adjusted:0.051716142423589045
except:0.027095474109275743
my:0.007984993792691608
single:0.027322913197582982
to:0.006948903328189063
nye:0.10183043308576087
attached:0.04143231526710068
that:0.002915164919617452
nt:0.018001980295523662
me:0.009105787230290291
re:0.009427071498609342
this:0.004411617129171588
reply:0.030178122011387767
on:0.004260578363355377
you:0.014011739228791308
tell:0.020252311374978595
a:0.008214730152037619
how:0.011053470564950624
other:0.011590823427158914
want:0.015904184602623373
as:0.006723648405185028
learn:0.032016925888422115
wi:0.04951140070537483
clinic:0.04803332787794909
s1:0.05072636901471188
are:0.010805233304222277
no:0.018920096406428735
pressure:0.03698052682352301
it:0.005762276130083562
not:0.005066470660302226
absurd:0.043606218927424445
have:0.004296223639896242
applying:0.048308872607554044
nyeda:0.10567650993330452
be:0.009722037935083552
end:0.022724650441811
of:0.0032679090011048513
but:0.005590615313028657
adjust:0.046546515204343386
must:0.019474457373777287
who:0.010865990539780237
david:0.04195706284612595
called:0.022539953746695242
in:0.0014931067386091635
become:0.027833804830211323
or:0.005666482837841053
few:0.019206953789128456
subject:0.00022434417556317895
each:0.021395036952610212
i:0.0016041908171881927
cnsvax.uwec.edu:0.09777728927371232
directly:0.03052521281929731
source:0.026212335812603564
normal:0.03170052667662641
the:0.00380043534448262
do:0.01810885509848311
can:0.007265260440653053
an:0.007545362508922157
patients:0.04137075190498242
is:0.006773259501445308
either:0.021038342076582842
solid:0.07572373651797841
bone:0.21135301986660904
right:0.016301458771347054
break:0.032976525615528454
whoever:0.042345204687292234
wishes:0.0438498116742585
by:0.01664597436667506
while:0.01823817231830691
s:0.0052137502592942715
