some:0.006748768064354648
there:0.005305080841486401
happen:0.019547007087672343
small:0.017275987862809313
take:0.024575134454748016
your:0.014565690429841184
much:0.01009940387028862
someone:0.012736752107878727
times:0.016245526829439458
to:0.005576528393431108
within:0.018707804718629
considerable:0.03225676604323536
day:0.014701173617126428
been:0.008481158307638377
that:0.008020916195016804
equivalent:0.027278245220333956
pittsburgh:0.025563961868489866
appears:0.022545092643897872
re:0.00216150579640561
pack:0.029778916302265257
chances:0.028209570937925577
getting:0.01567746573540281
tar:0.0346413456694276
amount:0.02149373995160016
personally:0.022652280954372838
internal:0.022905013966013483
something:0.01150671281597412
you:0.0032127109214376984
kenneth:0.05683059788859916
concerned:0.02327161411883138
lung:0.10392403700828279
more:0.014698485847638448
a:0.0064578225472665665
how:0.007603254319243493
low:0.019628870173293757
as:0.009249874684589808
40:0.022106977965461263
developing:0.028499685068121276
question:0.025236833333492536
overall:0.026783897396991975
d:0.010530891458826795
it:0.007927293173178543
not:0.00697005790261231
pitt.edu:0.02854234464787632
university:0.013585780934096263
per:0.020444075812560792
second:0.015894195240764547
after:0.011151524206155786
doing:0.015495392515406445
without:0.012989655981517311
be:0.0033437066886559032
common:0.01945738751231994
writes:0.0038223259596390884
get:0.0075975374294284526
of:0.008991472164889647
even:0.009706123975526159
but:0.0038455677586728913
years:0.02577775055468663
never:0.012739533126369135
smoking:0.0692826913388552
drops:0.03233875815301546
who:0.014948588141431771
clear:0.019062143018419728
difficult:0.021544556514670514
in:0.0030811508999044586
heart:0.022953656722807036
or:0.003897754090769279
rather:0.02975125610303888
and:0.0011034607355225139
still:0.011801786602482931
for:0.007522517061550844
known:0.01882617773217548
subject:0.0001543176698960595
secondary:0.03193995542765735
i:0.0011034607355225139
person:0.03242999351530463
medicine:0.02561534306743348
20:0.018178221667084507
the:0.003049867670475937
do:0.004152126698881483
risk:0.07439550550750432
around:0.013683204815916969
cancer:0.09031857943857914
increase:0.024304888631140387
quickly:0.024535713546373746
long:0.013759024538199912
gilbert:0.07114706298736527
about:0.011387470292738398
15:0.01931682504035054
general:0.017042950075650584
is:0.006212083858743674
assuming:0.022937396946063594
time:0.018260230865938885
does:0.02112986383244263
lot:0.014326898198065841
decrease:0.03394686987843301
first:0.010852918088965555
significant:0.04812633287287821
disease:0.02629939640344821
article:0.004684005088535266
dammit:0.033732758481436774
answer:0.03510139933096944
high:0.01616950188232093
s:0.017931684417803996
