say:0.021810861773190155
there:0.010549183742266063
know:0.014182472708716113
philosopher:0.06990689984859161
depression:0.07330304022668167
tried:0.035607632793524954
case:0.028409323072491444
your:0.014481979565301869
with:0.006722153756201693
to:0.007920684828108223
nye:0.13928530502535108
cases:0.042296386189498755
legs:0.06551684685206323
through:0.027235210276147434
re:0.004298166698599662
severe:0.05792045238836525
derek:0.06336054094522646
this:0.006034280900820908
reply:0.0412781209121281
he:0.01827739318988776
a:0.00963106293687169
was:0.010177714185073398
learn:0.04379326644508312
wi:0.06772249061999545
clinic:0.06570075882156254
illness:0.13981379969718322
are:0.007389785995416385
not:0.006930000098574309
absurd:0.05964528795820125
being:0.02236556241293274
nyeda:0.14454603082831308
accident:0.055856250354168926
after:0.022174869973160358
be:0.006648979967097371
kill:0.042467035708084896
of:0.004469898518752613
losing:0.0565875801918725
but:0.0076469335890851755
fire:0.041344754448729544
must:0.026637476177925255
who:0.014862676715331589
david:0.05738954573205733
in:0.002042295424074603
become:0.03807152614707066
or:0.007750706410380291
and:0.006582714042944653
subject:0.0003068615734714747
i:0.002194238014314884
cnsvax.uwec.edu:0.1337413496962272
any:0.011761922601020772
the:0.0017327655402047195
essentially:0.05173294425926692
nobody:0.04607229500526928
mental:0.12258025048285477
eg:0.058110444364815945
is:0.003088191113685792
patient:0.057826621231593274
gave:0.042665217391240136
himself:0.08604095288507975
temple:0.06414276466068641
whoever:0.05792045238836525
wishes:0.05997847803720416
tragic:0.06964265251267554
fault:0.0508850574749036
by:0.011384315802496162
bullet:0.06398200325867791
s:0.007131451504092164
