taken:0.01664081464524576
go:0.009825415413101652
content:0.04785004978404497
resolve:0.028629864306188867
at:0.004449318244719349
help:0.010808549091120188
thanks:0.0100676093177584
hand:0.015945653815417543
suggested:0.022182131055329964
your:0.025453176205682073
with:0.0029536736201492293
further:0.017918355561017105
my:0.004799061925910613
to:0.006960601818640559
t:0.013011480075759809
been:0.007410304985966866
make:0.00888929537045305
she:0.01674314386312365
that:0.0070081742512015524
think:0.02181436405346296
really:0.009855534056519828
nt:0.007212914663863016
months:0.017150477474645556
could:0.0076217634107376645
consider:0.016264465043288854
me:0.010945340206106513
need:0.009703040361097153
re:0.0018885883978695484
this:0.0026514264564213084
contact:0.017576122722124082
two:0.009418128447743998
on:0.0025606506325216664
you:0.022456524824594825
possibly:0.01958057405756233
serious:0.03633326906100475
shorter:0.02947357180448769
state:0.013422794883538466
a:0.004231830684383015
same:0.009808552275397033
want:0.019117151189011937
as:0.004040980607156659
dramatically:0.06032221607690042
perception:0.02985492307978135
question:0.022050364478253582
cliff:0.08842071541346307
d:0.009201233446348664
it:0.005194779238484424
not:0.0030450000433129543
sex:0.04369340915208409
have:0.007746221411328073
only:0.006735031506410539
hurt:0.022779705097250826
larry:0.06886034902989388
hope:0.014588189584040635
has:0.021510595432051537
environment:0.021200270226655535
be:0.0029215215006942997
writes:0.0033397090455432443
things:0.022572989173133835
if:0.0033845980796131784
of:0.0039280926376916905
sexual:0.02249509430658855
what:0.004648697489881976
but:0.010080048821975914
lately:0.026556226888133642
seems:0.011901449946369082
fact:0.0121124602456002
order:0.014163216470366122
please:0.02902144480159477
good:0.008181867936159087
one:0.004966216705937488
in:0.000897372231790356
recommend:0.022160501450319857
for:0.00328635215062701
seriously:0.01958057405756233
subject:0.00040449934684876206
i:0.00482067442538876
appreciated:0.017094758177657793
we:0.006806787402595808
info:0.014875734643395947
any:0.010336235013018256
yet:0.01328317546811194
suggestions:0.019984830156923625
than:0.007225259001108391
the:0.003806833383783096
do:0.007255736554611078
see:0.01787258344859774
would:0.0047103517480019
can:0.01309948473390475
examine:0.0540854952806959
last:0.011010921980098475
problem:0.021369346384298833
just:0.005931255371039828
long:0.012021773965194873
address:0.016125360373402075
replies:0.022635395135412163
different:0.012763721707127515
changed:0.05726235142171856
is:0.005427729836175029
issue:0.015814949532650776
time:0.015954646160643574
issues:0.019218330720196443
matter:0.015257085918689609
nothing:0.02580662627778696
e-mail:0.01388735240733468
very:0.008804255009007311
going:0.010999069111362034
despite:0.02153217462896369
by:0.005002199367763465
summary:0.02172644877455862
four:0.017717404803146333
s:0.003133516569979891
