706:0.2149554461744257
fax:0.055611697088788895
mentioned:0.06391206579621524
surprised:0.08001241258180435
to:0.0025058166547106014
that:0.006307356826081396
me:0.01970161237099172
re:0.006798918232330373
happened:0.061314561795244193
michael:0.10926164369722506
phone:0.05340631138562853
aisun3.ai.uga.edu:0.10251650514781939
programs:0.06423967498717302
infection:0.1017200938267577
antibiotic:0.12195647611985241
m:0.024887540220292218
amateur:0.08635182184935038
a:0.005078196821259618
intelligence:0.08218346224332045
also:0.02697267512144666
internet:0.05193698078390193
it:0.018701205258543924
university:0.04273345639270279
u.s.a:0.09333764002197632
be:0.010517477402499477
if:0.01218455308660744
of:0.010605850121767563
georgia:0.1747690109129965
up:0.024426552188225176
or:0.012260208321874277
and:0.003470885586279908
subject:0.00048539921621851447
i:0.003470885586279908
athens:0.0973538915052526
artificial:0.09366822764167072
the:0.002740920036323829
can:0.015719381680685696
nobody:0.07287799391742596
radio:0.06522455201395756
mcovingt:0.20141946579334047
an:0.016325420701122487
nicely:0.09818998447328575
especially:0.05682355831813348
covington:0.1995051482120524
