some:0.01729684259456821
believe:0.03218773156044949
sentence:0.03668704647629096
week:0.02553954669930062
therapy:0.041765983578741235
entirely:0.03078611145319417
know:0.009139815745617052
oxygen:0.04488082050816868
thanks:0.014765826999378985
with:0.012996163928656608
modern:0.03041872670401364
to:0.0030626648002018463
death:0.024854936178047574
day:0.018839281746391646
appreciate:0.028438617299366625
perhaps:0.02139601138992626
that:0.0025696638921072355
really:0.014454783282895747
me:0.008026582817811443
tells:0.03279259259493787
chances:0.03615004275748982
this:0.011666276408253757
he:0.05889382250074945
healthy:0.038652796957309346
used:0.014625655617310116
etc:0.017202399907098043
concerned:0.0298221425374654
lung:0.08878448593794037
a:0.0051722375031347965
question:0.016170267284052627
occasional:0.04350228510347341
died:0.030045948304846855
are:0.004762306530379449
works:0.022037970322598077
it:0.0025396698499257184
being:0.014413362443889986
ve:0.013519508881684699
able:0.019536779452671623
has:0.031548873300342256
his:0.04098731203345015
exchange:0.03589546762042161
were:0.011491135536831846
if:0.009928154366865323
of:0.005761202535281146
style:0.034006125736847435
even:0.01243821813160019
diagnosis:0.04378722051701264
seen:0.01920344363423965
what:0.006818089651826898
never:0.01632547578416193
smoking:0.04439224296897019
up:0.029854674896719658
good:0.012000072973033328
recovery:0.04246093732109424
over:0.01485882038903228
diet:0.0377642094382058
one:0.0072837845020416484
in:0.003948437819877566
or:0.004994899686689521
better:0.016564562009640023
for:0.004819983154252948
subject:0.00019775523623717257
exercise:0.03697088991556604
capacity:0.038508959284293785
i:0.005656257992456146
any:0.007579905676213388
information:0.01806534284802789
pretty:0.02131866708829353
later:0.023669718733020026
the:0.002233342251819416
see:0.013106561195638342
less:0.020361967085898353
would:0.013817031794138904
friend:0.0257274031088356
people:0.011150171407949019
about:0.007296416150532382
is:0.0059705028197925315
tests:0.034868903447931636
time:0.01170007385113862
life:0.02066947669102748
light:0.02586825693189847
nothing:0.0189248592703771
him:0.017751965210098575
disease:0.10110656839547869
very:0.025825814693088107
give:0.017505453861896347
going:0.01613196802999765
mike:0.023669718733020026
mine:0.024186955887407307
father:0.03207164189893371
check:0.024513418996945847
cup.portal.com:0.039916689676055744
