looks:0.03803450527082101
sleep:0.10940265503762019
at:0.009788500138382568
know:0.013709723618425576
with:0.006498081964328304
treatments:0.06464165235317648
social:0.04824269102195895
she:0.18417458249436014
that:0.007708991676321707
like:0.012940434038985258
nt:0.007934206130249317
months:0.07546210088844045
started:0.036436054177654505
so:0.022706902164109335
anyone:0.018587941662682125
had:0.017048983174245948
this:0.017499414612380634
on:0.011266862783095332
great:0.02801389654147419
a:0.004655013752821317
ears:0.1213571948410478
mechanisms:0.06866154173768207
it:0.0038095047748885774
suddenly:0.05414763447716703
has:0.04732330995051338
making:0.03416230212080448
of:0.004320901901460859
losing:0.05470132751881009
loud:0.06013648448530799
over:0.02228823058354842
in:0.001974218909938783
rather:0.028594262810142927
and:0.002121096747171055
for:0.003614987365689711
subject:0.00029663285435575884
6:0.06529665850131544
ago:0.03179073028182938
any:0.03410957554296024
normal:0.04191514082798381
the:0.002512510033296843
difficulty:0.058886729113900325
drugs:0.04819743185098522
her:0.14695150244132124
put:0.02763843666163088
quickly:0.047163093816918425
friend:0.038591104663253405
jim:0.037625897188320774
about:0.021889248451597145
doctor:0.04894467881775375
is:0.008955754229688797
night:0.07439632992408944
does:0.01353876460375028
life:0.031004215036541223
trouble:0.042386909803225944
experience:0.036802475275501643
too:0.021694642976272185
opinions:0.03172900172800047
mine:0.03628043383111096
says:0.02845585271586187
s:0.006893736453955759
