there:0.07059838350593442
fax:0.0784267523047023
been:0.03762154839029331
quite:0.06810767646434362
phone:0.07531659297973253
this:0.026922176326739437
etc:0.059546768909185525
chemistry:0.13729394955868957
e.g:0.10408398000490501
a:0.0071615596197251025
also:0.03803838799178375
should:0.042123388262396914
university:0.06026513081022188
has:0.02730190958683464
be:0.014832339926601828
dept:0.10521301257286664
of:0.004985656040147145
clinical:0.14615296605460257
what:0.023601079564016185
in:0.004555889792166422
and:0.004894838647317819
subject:0.0006845373562055973
finland:0.1390835844801137
group:0.06915681884119602
newsgroup:0.197136607208941
many:0.04751797506610496
about:0.05051365027291649
is:0.006889041715145228
discussion:0.08815056267923567
items:0.1188106217866567
lot:0.06355265098116386
chemical:0.1273821302389713
e-mail:0.07050501991416068
