some:0.01913994877267794
appearance:0.029640763905598003
at:0.004814016461499623
say:0.010369098220041222
know:0.0067424870254552014
help:0.011694495737933316
till:0.027316466207991486
tried:0.016928218869052845
continue:0.0213563180704997
with:0.006391556030486856
vitamin:0.03502247649199938
into:0.009785813677499379
from:0.009252155786122138
kids:0.02402384169865969
my:0.01038485531508526
to:0.00451868577078961
t:0.028155989672135978
enough:0.02658085821789504
worse:0.02128451045541195
make:0.009617926138522971
that:0.005686961072696341
think:0.00786747556026533
counter:0.029510651071206102
son:0.06995329998974945
nt:0.003902068588647205
along:0.019092685306782705
me:0.005921249619696966
severe:0.027535952774796594
so:0.005583664466584263
had:0.016769491646799292
this:0.005737512987665782
he:0.01737850500022115
something:0.010877930694882638
these:0.009052655590704605
on:0.008311620085889999
cap:0.031694257566592804
used:0.010789418078343528
serious:0.019655702934641913
am:0.00893079976339544
a:0.004578702051955394
same:0.010612531970101707
want:0.010342065397334326
was:0.009677170864496017
as:0.004372208525776057
odd:0.026554610824113097
also:0.00810654170316703
21:0.022165043831444402
pat:0.04429661455326535
product:0.021808185370199774
are:0.007026353897281153
not:0.009883770632392867
couple:0.03449171360278162
have:0.005587438395056315
probably:0.013044938333492942
only:0.007287083269231074
treatment:0.07144759785295703
shall:0.0216381312242227
has:0.01163687949602788
his:0.0403153888853608
be:0.0031609904761610453
kid:0.02767200496945084
asked:0.018427873763597984
which:0.007059520942718676
sort:0.017144597309623116
get:0.007182371449678264
down:0.012920030475153868
spots:0.03209184966649678
of:0.005312584305074826
available:0.014759911627400164
but:0.01090628233197394
ok:0.017835241478201813
who:0.007065862700731411
good:0.008852512848959012
called:0.014657128392659747
over:0.01096142487715496
diet:0.027858843028184605
wash:0.03209184966649678
or:0.003684762063951286
better:0.01221975885957051
and:0.003129487004022868
for:0.0017778626388637922
however:0.013098901115830126
until:0.01563478538450625
i:0.009388461012068602
we:0.007364720796251202
face:0.019613505961451144
any:0.005591733695567253
will:0.006192925381985161
the:0.0037069820163396047
do:0.003925234529543698
around:0.012935488705757572
because:0.009643291250789693
put:0.013592673768015187
bought:0.0200168510867129
an:0.004906547205255392
about:0.005382602078261593
nose:0.027858843028184605
is:0.008808938586579145
either:0.013680670530674089
new:0.009420762649636868
figure:0.02017758269986204
appropriate:0.022098402994866154
their:0.008271495183506634
eventually:0.023154635717076696
nothing:0.013960961756835567
him:0.013095712040236655
inclined:0.03150580851702357
condition:0.0207546179698635
going:0.011900632153276953
usual:0.046886784891796894
father:0.023659407958229784
s:0.010171086571410137
