some:0.008107894966203847
looks:0.023771565794263125
cleaning:0.03758530280331749
at:0.006117812586489104
out:0.008181785410280971
say:0.013177395654635717
there:0.019120395532857236
region:0.033331078372234625
50:0.023966550618947435
your:0.008749529320703211
such:0.02670857227038609
from:0.005878973989098441
prevent:0.027937621334504663
my:0.039592260888762554
to:0.0009570827500630769
job:0.02410755941173039
everyone:0.021232727482729884
enough:0.016889920325954138
been:0.010189169355704438
that:0.0072271796965516
hour:0.032331351365835266
nt:0.0049588788314058226
hot:0.029052904074732024
could:0.010479924689764287
re:0.0025968090470706285
this:0.007291422755158597
30:0.023771565794263125
ti:0.026310146223969877
hi:0.02188206013898892
on:0.003520894619717291
you:0.00771943040845447
used:0.013711552141228232
am:0.011349558032648371
m:0.009505657723028279
a:0.005818767191026646
how:0.009134465258535585
old:0.018388285294043915
skin:0.17856319571974363
lucky:0.033067333594003955
stars:0.034606166653884454
illness:0.0422354186585241
it:0.009523761937221443
should:0.011408417654399164
tiny:0.0363054158727762
have:0.0106510544405761
only:0.00926066832131449
always:0.01845108401387991
after:0.01339731727545105
has:0.007394267179767715
writes:0.004592099937621961
were:0.010772939565779854
if:0.009307644718936239
short:0.04809691480029538
younger:0.039366063421009685
now:0.011471627763043363
in:0.006169434093558698
become:0.023001547047188525
wash:0.04078339228450632
system:0.015522377286406423
better:0.01552927688403752
and:0.0013256854669819091
few:0.0158724132007381
usenet:0.02836249047669272
still:0.014178535293260743
for:0.004518734207112138
subject:0.00018539553397234928
half:0.026261413080507053
i:0.009279798268873365
becomes:0.029901153718767337
suggestion:0.03214003225633366
face:0.07477649147803249
any:0.00710616157145005
will:0.007870176006272808
than:0.009934731126524035
the:0.0005234395902701756
do:0.004988318881295115
when:0.009081072519748165
thank:0.025211766019232737
can:0.006003930503039676
an:0.01870621122003618
problem:0.029382851278410893
people:0.010453285694952203
nose:0.035403946348317936
is:0.00932891065592583
time:0.02193763847088491
told:0.021529303935618957
disease:0.03159580262358709
article:0.005627311668865285
very:0.0242117012747701
especially:0.021703442413175983
s:0.0086171705674447
news:0.04262328494671414
