some:0.005987368590427457
effective:0.020707515044125865
read:0.011625656727681651
ability:0.020555331617735526
typical:0.022864642767856123
large:0.015354021127628592
there:0.009413117800791255
all:0.004892655541775853
perspective:0.025062940230357808
migraine:0.20145426266205244
your:0.006461190882980834
tongue:0.03143347864521397
such:0.02958488005335075
from:0.008682792353130006
work:0.01038498699482207
2.1:0.02691272078146894
both:0.011516431191324297
my:0.019491574591390795
to:0.0007067688000465799
remember:0.014269866853955036
otherwise:0.018222486315959158
then:0.008184001793722067
important:0.03222942864587921
most:0.009521002379318143
that:0.008894990395755815
nt:0.0036619412908843
re:0.001917643603990618
mean:0.01355601054784544
healthy:0.026759628662752624
on:0.002600045257637384
you:0.0057005024554740704
leg:0.028690282874213713
e.g:0.04163359200196201
m:0.014039125252472534
more:0.006520097568311414
a:0.002148467885917531
other:0.028293497186295605
was:0.013622478986175164
as:0.024618897237446723
also:0.007607677598356751
features:0.02218280772336577
lose:0.021562798631729677
role:0.022634639864444063
are:0.009890944332326547
play:0.016420093501438162
d:0.009342790883984797
pain:0.04540512820837552
it:0.0035164659460509944
not:0.009275538593476384
hurt:0.09252064839498797
between:0.011912132543827721
suspect:0.0199081798097321
always:0.01362541588717286
differential:0.028838936909461158
has:0.005460381917366928
tested:0.0242931021980536
glad:0.023790224181765317
be:0.005932935970640731
thinking:0.01786423863512131
common:0.017262195075032565
were:0.00795540152549897
if:0.003436668819299535
of:0.001994262416058858
even:0.01722214818221565
diagnosis:0.06062845917740212
relief:0.026810153259896274
continuous:0.030733091286210126
factors:0.025515722831104874
well:0.00863009184694023
please:0.009822642855924383
necessarily:0.019934682220801036
one:0.005042620039874987
in:0.0036447118337331378
or:0.006916014950800875
rather:0.013197352066219812
better:0.011467773698981554
weeks:0.01866956351452877
and:0.004894838647317819
still:0.010470302985792549
for:0.00333691141448281
subject:0.00013690747124111947
exercise:0.02559523148000726
cause:0.01617180068380547
i:0.006852774106244946
any:0.005247627006609268
noise:0.023489283146749473
than:0.02200925049568402
the:0.0023192400307355475
constant:0.025437428102229036
thing:0.011609909923717725
when:0.00670602278381403
agreement:0.025322182687603095
drugs:0.022244968546608564
got:0.022688757144928965
would:0.009565637395942319
specific:0.018795673274207347
because:0.00904985794304879
arm:0.02567599228497208
may:0.009543720653537594
jim:0.03473159740460379
doctor:0.022589851762040192
entire:0.019125221654814367
eye:0.023542702433202067
frequently:0.023933080358703607
is:0.002755616686058091
right:0.049740348558725625
suffering:0.024109932543683963
does:0.006248660586346283
light:0.017908793260545095
nothing:0.01310182564872261
e-mail:0.014101003982832136
very:0.00893970508606896
side:0.04954406274724913
bad:0.014054364342289148
understand:0.015364909040695658
by:0.005079156281113672
included:0.019193751028210096
s:0.0031817245172103504
