there:0.017316584633531085
true:0.04874114702184616
prevent:0.07590599004091833
to:0.007801127321268854
that:0.013090740582433086
me:0.020445069441595184
fall:0.07359058542253456
inside:0.07083123635989032
a:0.005269826889986396
question:0.0411884166669265
watson.ibm.com:0.1101088154205389
prevents:0.11228830385680011
forces:0.08311360553958183
month:0.07497742432806148
it:0.025875881489809203
not:0.011375660539169148
pregnancy:0.1181053106427344
tube:0.10060831879253174
if:0.012644347542705835
of:0.011006070881079546
but:0.012552513627366231
seems:0.044462020554359966
in:0.003352447205556424
yes:0.05031784661328092
and:0.003601862400856508
subject:0.0005037161677739301
the:0.011377403924363063
risk:0.08094605316225313
simple:0.06224884069728756
development:0.07334458552936231
just:0.022158274782375205
is:0.015207884540980977
does:0.022990354987500475
every:0.045889594847875394
very:0.032891367769499004
