read:0.026988131689260973
go:0.011579953879726946
week:0.02052285002622371
large:0.017821631665997473
say:0.011294910561116329
know:0.007344494795585129
all:0.0056789751824184
case:0.014711970876825926
seals:0.03606494505120697
where:0.03299029996846003
with:0.006962230676066039
though:0.01479490596196833
hell:0.02031774359810652
ca:0.01224136069102572
into:0.010659547041561824
name:0.016441860153751493
my:0.016968111809469666
to:0.0016407132858224176
remember:0.01656323831262638
us:0.012261168965386881
like:0.006932375378027816
nt:0.00850093513955284
me:0.0064499326214556224
re:0.002225836326060539
severe:0.029994519986832002
so:0.006082205936815
anyone:0.009957825890722567
had:0.009133383843346042
this:0.012499581865986166
finger:0.059232928000779166
recently:0.01969828312254577
on:0.01207163869617357
them:0.008725352211501433
came:0.01796861150284492
paint:0.029049141501554316
a:0.007481272102748545
was:0.010541203977397447
as:0.0047625842870060615
worked:0.022881927622466366
skin:0.0612216671039121
red:0.021503684255610424
daily:0.02653931749840443
pain:0.026351190478075076
it:0.006122418388213785
application:0.02196647445129124
have:0.0030431584115931717
probably:0.014209664970411954
treatment:0.02594228255375225
always:0.015815214869039924
mother:0.02535478627225794
nasty:0.031483473279288646
has:0.006337943296943756
call:0.015815214869039924
cure:0.03321678884214117
kid:0.030142719698866092
writes:0.003936085660818823
get:0.015647309229656216
if:0.003988990593829817
of:0.009259075503130411
susan:0.07356593757608794
but:0.003960019180061966
year:0.014730718548866975
island:0.030556965483385108
they:0.005553093003022283
now:0.00983282379689431
clear:0.019629468703491745
over:0.011940123526900938
repeated:0.03083131731195813
one:0.005853041117712038
in:0.002115234546362982
or:0.008027517353608158
and:0.0022726036576832726
word:0.018267122120020348
wpi.wpi.edu:0.0349571933867197
for:0.011619602246859784
subject:0.0001589104576905851
cause:0.03754168015883413
i:0.00909041463073309
we:0.01604457030611869
possible:0.015339116803360607
any:0.006090995632671472
information:0.01451679336002241
the:0.003589300047566919
do:0.008551403796505912
when:0.007783776445498427
putting:0.023928895875226276
would:0.011102971977433047
can:0.005146226145462579
home:0.017436684832508025
put:0.014806305354445114
friend:0.020673806069600034
jim:0.020156730636600412
just:0.006990408115868368
about:0.011726383099069898
middle:0.0239113112805987
is:0.0031984836534602844
does:0.007252909609151936
lot:0.014753293977770181
him:0.014264972043829212
supposed:0.021718422687002147
article:0.004823410001884529
very:0.0103764434034729
lake:0.031674475151619
mine:0.019435946695238012
