some:0.004707809980376428
at:0.007104556552051863
there:0.00740144343207377
know:0.009950605852083079
technology:0.027158610369491472
help:0.008629406129200793
search:0.01720625523941418
all:0.003847047704218916
happen:0.013635613815190788
beth:0.02597541540668902
percentage:0.01816759001136982
where:0.007449422573523233
own:0.00913907514333869
your:0.010160743727268245
with:0.007074524719228395
much:0.007045148667580368
someone:0.008884911752673467
from:0.0034135978001216755
gain:0.03698068572978429
often:0.012529517694672202
my:0.0038315091182673437
to:0.0005557254677785608
rd:0.020885731082294218
so-called:0.020220913972656174
he/she:0.024165132261334574
software:0.01135397535677926
perhaps:0.011647022329193731
been:0.005916291883957416
that:0.011190471788208929
higher:0.014967233520314082
really:0.007868531222544056
nt:0.005758697997761601
population:0.01591107473743666
re:0.001507824607976494
lost:0.028262147776756855
had:0.006187130990653771
this:0.002116864670852496
off:0.0088042639030498
anecdotal:0.024251850830773945
something:0.008026860149852915
on:0.0020443904243519755
you:0.002241124957293233
great:0.01016633342230918
etc:0.009364209626847723
inc:0.014762159257275812
temporary:0.04248701148401331
more:0.005126689620244862
stable:0.020253301761758047
a:0.004504852018859339
tektronix:0.024815407050028614
was:0.007140815597591819
part:0.009875895614569665
quoted:0.018015411269503498
lose:0.01695461989188422
are:0.007777153809692244
those:0.007483530864062742
caused:0.03211543692786425
individuals:0.01720625523941418
works:0.011996475780446533
place:0.010965433940792038
it:0.00276496314306429
not:0.007293266232773769
have:0.004122988815706878
only:0.010754324502171666
gordon:0.018090782773584762
keith:0.01588898011741801
reliability:0.022174576534948986
university:0.009477177829026828
per:0.014261391595052488
101:0.04677458979585873
chuck:0.06028170965515356
asked:0.013597987494913028
seek:0.01959473298714797
found:0.01078435687603628
writes:0.005332761217883567
of:0.004704207715300128
failure:0.01915060565207367
kept:0.016103933961992636
what:0.0037114600927283517
but:0.002682593638106493
result:0.01425404016536896
version:0.012582542772845099
maintained:0.021500971354855573
fact:0.019340863940555154
loss:0.03432138503323212
who:0.03128353727985117
now:0.006660945152734856
author:0.016306482855082686
diet:0.04111426027546599
in:0.004298702465189285
or:0.005437995626637784
and:0.005388269962571631
few:0.009216239923009219
for:0.0026237811525167258
subject:0.00010764901972588023
i:0.0007697528517959473
we:0.005434451232717621
valid:0.017314614183975053
similar:0.012761122128494761
rate:0.015664014957626014
any:0.004126158331809707
drug:0.01726781762703833
actually:0.009856105351214051
community:0.01640543893942187
normal:0.015211139816607027
event:0.0167449231782136
the:0.003647191983817998
do:0.005792886442794328
when:0.00527288081791829
less:0.011084135308855957
can:0.010458459585940081
effect:0.01397731231702583
because:0.014231631442697693
agree:0.012163528947437253
reports:0.015944445339468354
may:0.007504135191289641
lower:0.01601202666550652
mentions:0.02324823773635207
problem:0.008530505209861226
just:0.00473543775591083
people:0.012139299516718688
many:0.014945169577242689
about:0.00794367887356348
maintain:0.03685565196739747
current:0.012750990821495233
contradict:0.02285771424445724
general:0.011888832109223996
is:0.006500144198967675
weight:0.17923135891142256
critical:0.01970674735854747
portland:0.024251850830773945
recent:0.015314899550342827
new:0.006951611148723979
events:0.01640543893942187
study:0.0298820431325387
does:0.0049132613481351825
ideal:0.021776004621091596
life:0.022503059300715403
their:0.012207125956304144
experience:0.013355736995141724
observation:0.04232242380956809
first:0.00757078560238323
successful:0.019327598368030226
article:0.0032674712915991976
condition:0.015314899550342827
high:0.011279531555006134
appear:0.01592216761393622
