since:0.015510245142664195
health:0.032297260467075595
at:0.01365837228611521
final:0.02989649920338446
help:0.016589866046835634
all:0.014791749312345599
take:0.016478675428958943
thanks:0.030905219301025782
continue:0.030296172146522832
with:0.004533545556508119
though:0.01926778450860992
ca:0.015942237179010242
from:0.006562575615737795
post:0.02001998298008667
my:0.007366002025816289
attend:0.04613395429775509
to:0.004273485767723507
most:0.014392212898969286
trip:0.039865271602547415
she:0.10279511581080565
that:0.0053783662858058415
provide:0.026177950994445066
like:0.009028209794640878
nt:0.005535492649011151
its:0.01602964772119512
me:0.008399912251198021
re:0.0028987635874276785
so:0.007921012382828838
this:0.004069631305204799
on:0.007860601941694417
regular:0.03137242365702063
medical:0.031186181954795902
am:0.012669274082956322
philosophy:0.03794062412513848
letters:0.03635510703893995
a:0.005412806689327113
was:0.013728079598471095
responded:0.040604110205681714
as:0.012404870701039045
part:0.018986217925684317
question:0.01692237273912484
acceptance:0.04045060146695164
stress:0.04348057285212228
military:0.030014252424267987
college:0.0638684542723822
those:0.014386943056492714
religious:0.028460463605504787
care:0.04908553397323871
hoping:0.037107399978083135
it:0.0026577940289920308
not:0.009347441993425812
university:0.01821969071006708
which:0.010014669244321843
of:0.0030145827219494365
youth:0.04394351265601082
diagnosis:0.045823835424780676
department:0.0268843068425809
again:0.018929218124868356
seems:0.036534683556295786
who:0.010023665691735259
good:0.012558215902011621
and:0.0029596698797735646
for:0.010088336834482915
meanwhile:0.0431506533605037
i:0.0029596698797735646
everybody:0.03161169999795495
group:0.020907875463617404
will:0.00878531275118825
yet:0.020388129788264837
unfortunately:0.028541806828108193
the:0.0023372186356249705
original:0.023923783048631624
eagle.wesleyan.edu:0.09503144706692597
her:0.07689322802162157
did:0.01274349646079818
may:0.014426554476277758
just:0.009103787313689039
army:0.06919694649582284
is:0.004165467083576184
hospital:0.038510876583875045
does:0.009445649723546707
break:0.06084041160074242
2:0.015103950016243478
1:0.01518235575135433
wanted:0.02360589139183025
update:0.03365769141066904
ruth:0.09258758746687042
spring:0.07382474476800883
going:0.016882292124416144
while:0.01682436051068622
s:0.004809583572527274
