some:0.013267464490151752
at:0.010010966050618535
know:0.02804261649223413
thanks:0.022652120964956397
with:0.01329153129067153
my:0.010797889333298878
to:0.004698406227582378
been:0.033346372436850895
that:0.003942098016300873
could:0.017148967674159743
finding:0.10133193953936237
me:0.024627015463739653
anyone:0.019010394882288537
had:0.01743646006456972
this:0.023862838107791773
on:0.011522927846347498
used:0.022437085322009838
am:0.018572004053424608
a:0.004760809519930892
hard:0.030729925029267153
test:0.04063522561340535
as:0.009092206366102482
skin:0.11687772810746856
blood:0.04746220130009774
no:0.012792565183892157
have:0.005809666058496055
only:0.015153820889423712
has:0.012099709930528989
feel:0.03461678050279748
shows:0.043911529972953535
determine:0.04957342589976184
free:0.03281258856959927
sort:0.03565296940523898
of:0.004419104217403151
what:0.010459569352234447
fact:0.027253035552600446
please:0.043532167202392155
they:0.010601359369406179
who:0.014693782661748277
in:0.0040381750430566014
and:0.004338606982849885
subject:0.0003033745101365716
i:0.00867721396569977
information:0.027713878232770058
the:0.0017130750227023932
wrong:0.030038887009430235
do:0.008162703623937463
thing:0.02572650494460178
joint:0.06177705858246341
friend:0.07893635044756378
an:0.010203387938201554
problem:0.024040514682336186
just:0.013345324584839613
about:0.011193365685475814
is:0.006106196065696907
time:0.01794897693072402
nothing:0.02903245456251033
e-mail:0.03124654291650303
disease:0.20680888989984278
diagnosed:0.06441719468892496
going:0.024747905500564573
