since:0.08003286493614725
sleep:0.19692477906771633
nights:0.22553631132520266
to:0.0055127966403633235
re:0.014957620111126821
had:0.06137633942728541
this:0.02099929753485676
a:0.011172033006771161
it:0.027428434379197758
after:0.07716854750659806
of:0.015555246845259092
good:0.06480039405437997
one:0.0393324363110249
few:0.09142510003625147
subject:0.001067878275680732
austin.ibm.com:0.20872510356947047
i:0.015271896579631595
eye:0.18363307897897613
lack:0.15518084235610347
time:0.06318039879614855
attributed:0.215087691354658
