another:0.02053245676285721
there:0.03399181428063509
posting:0.030548042194039265
discussing:0.04505895055648572
into:0.01658151762020728
from:0.007838631985464589
both:0.020793556317668868
my:0.008798280197502789
to:0.0038283310002523076
add:0.03181685570788628
otherwise:0.03290171140381515
might:0.01969523273961524
potential:0.07937541371891657
been:0.013585559140939252
quite:0.024594438723235197
re:0.006924824125521676
so:0.009461209235045556
this:0.014582845510317194
you:0.005146286938969647
etc:0.02150299988387255
chemistry:0.09915674134794247
e.g:0.037585881668437925
support:0.02536070656975468
m:0.012674210297371038
a:0.0025861187515673983
how:0.01217928701138078
also:0.013736084552588576
are:0.00595288316297431
it:0.0031745873124071474
not:0.005582500079407082
should:0.015211223539198885
probably:0.022103923287307484
whether:0.026457949860016892
sufficient:0.04236335410608986
has:0.009859022906356953
netcom.com:0.029805881247417954
list:0.02695952404557018
be:0.005356122751272882
which:0.0358858981254866
thinking:0.03225487531341347
writes:0.006122799916829281
end:0.025039198171995455
of:0.005401127376826073
looking:0.02401745690191337
what:0.008522612064783622
but:0.006160029835651946
separate:0.03909906978522113
groups:0.034072088874874
topics:0.04947491418695155
up:0.012439447873633191
in:0.004935547274846957
or:0.012487249216723801
and:0.005302741867927637
for:0.0030124894714080924
subject:0.0002471940452964657
i:0.003535161245285091
group:0.02497329569265412
em:0.044032445067487484
the:0.0020937583610807025
got:0.020482905755838648
peter:0.034091602600240335
instead:0.02840494732948742
forward:0.040052291722743744
10:0.02676270146200152
newsgroup:0.10678232890484304
many:0.017159268773871236
about:0.02736156056449643
is:0.0074631285247406635
discussion:0.03183214763416844
either:0.023181136176975536
issue:0.028994074143193084
days:0.027576413190279373
items:0.04290383564518159
lot:0.02294956840986473
chemical:0.04599910258629519
volume:0.040990740743672344
wish:0.03459331032202573
s:0.005744780378296466
news:0.02841552329780943
