at:0.007162317174426269
there:0.0074616177689198985
oral:0.04944634379534529
true:0.021002282863071927
with:0.004754694120240223
from:0.0068827012555298835
wrote:0.02093963394059237
prevent:0.032707459123322534
to:0.004481948488100264
within:0.026312603384738356
normally:0.03460042068390881
that:0.014101814042051903
pittsburgh:0.03595581628657518
happens:0.030374613941290887
me:0.008809664068329632
re:0.0030401666892534195
lh:0.04944634379534529
internal:0.03221599525301084
kenneth:0.07993246694900534
fall:0.031709764450360424
inside:0.03052077664287957
a:0.0034061076240155977
how:0.021388016215107716
preventing:0.04503280739282003
question:0.017747854336155323
watson.ibm.com:0.04744526192917531
prevents:0.1451531732783026
forces:0.03581317962274665
works:0.048376032415459194
month:0.032307345442172834
it:0.013937212591055771
not:0.01960682954718585
pregnancy:0.05089090621190995
pitt.edu:0.0401449237730293
tube:0.04335155200003401
university:0.019108456110558163
providing:0.03749586817614997
device:0.03263540475537257
if:0.005448377396450483
of:0.00948490661296286
what:0.007483269130053913
but:0.016226420054888054
seems:0.019158431620984375
in:0.0014445504219064269
yes:0.02168167374393406
and:0.0031040440202503242
subject:0.00021704843001640894
feedback:0.04503280739282003
medicine:0.03602808415175604
actually:0.0397449451561152
the:0.011643339178692688
risk:0.034879193639019646
may:0.015130288840974237
simple:0.02682267119476619
development:0.03160376449639189
just:0.009547874499722652
gilbert:0.10006863330743247
general:0.023970978561687412
is:0.01310598179954458
occur:0.036990207949565375
time:0.0128415444707619
does:0.009906413124695328
every:0.01977356525965363
wall:0.03647572461665871
very:0.01417270318523128
dammit:0.04744526192917531
occurs:0.03881460325447807
thus:0.02708418758436021
by:0.008052320933472896
