hmmm:0.0764292781433828
there:0.014119676701186884
delete:0.08237636973521376
thanks:0.061334973689728095
whom:0.0647432430669505
my:0.014618680943543098
to:0.004240612800279479
everyone:0.0470386578078939
through:0.0364532814465358
nt:0.0109858238726529
could:0.023217063928093192
so:0.01572016303669108
file:0.046745936653206296
this:0.00807665289802183
on:0.007800135772912153
brain:0.06783659075333529
m:0.021058687878708803
sure:0.033569908002449286
a:0.004296935771835062
was:0.013622478986175164
responded:0.08058354179281449
brian:0.05747811561198121
d:0.028028372651954393
treatment:0.13410164520093473
publicly:0.07968709705244564
glad:0.07137067254529596
september:0.08363663315779661
were:0.02386620457649691
of:0.005982787248176574
trying:0.04148197266259071
what:0.014160647738409712
who:0.019893121142059204
email:0.04221382552258371
and:0.0029369031883906913
few:0.035163500013942875
for:0.01001073424344843
subject:0.00041072241372335844
rm:0.07911723133428641
i:0.017621419130344148
info:0.04531377629834458
directly:0.055884620392252005
when:0.020118068351442094
thank:0.11170751713136969
because:0.02714957382914637
instead:0.04719591248591756
last:0.03354096233937689
thought:0.04130132931064173
people:0.02315804830881719
hit:0.0550723406142986
sean:0.07884002355732213
request:0.060004631190682035
s:0.009545173551631052
news:0.04721348486405259
