screwed:0.022264903035447665
practices:0.021367790603039904
week:0.014426103784123779
at:0.0036860460772151923
geb:0.04326587086241947
there:0.003840079437561286
behind:0.014760428456061497
know:0.005162657429532643
all:0.003991915609398707
suggested:0.018376828238306827
with:0.002446976471922792
hiv:0.028445932907102966
service:0.015240967483172982
from:0.00354214332397563
sue:0.02317587995530068
shameful:0.022219669076852622
to:0.0028832618411942065
everyone:0.012792940408004615
cs.pitt.edu:0.021441847410987185
she:0.02774177811630529
that:0.00870890273057264
son:0.017854189537132702
provide:0.028259043332915592
really:0.008164835745568727
through:0.009914072359936512
nt:0.008963329101118475
need:0.01607700411294758
re:0.0015646046141346045
so:0.0042753581480540585
had:0.00642011918695454
this:0.006589737720143335
mean:0.011060343334016152
he:0.05987949317021807
two:0.007802466245411344
1983:0.021118451284202058
you:0.004651037568273822
regular:0.016933232852534147
went:0.013650465544920852
3:0.009796928638651127
a:0.005843113497265251
how:0.0055036108670674655
test:0.014961924075228747
was:0.022229149810076624
red:0.0604622419237247
said:0.009169476270558294
related:0.01612610454238983
blood:0.1048537334161155
wife:0.03381574918112109
given:0.011664383092808706
died:0.03394312151593577
volunteer:0.02412369438751177
no:0.00942046641156912
d:0.007622779173125671
it:0.005738166188116685
not:0.010090544076585186
should:0.006873690971688199
have:0.004278247808766969
proof:0.017519282810465185
gordon:0.0375440512790713
suitable:0.02151723864740007
left:0.012236004951885194
after:0.008072023797761303
surgery:0.04569936207403473
cadre.dsl.pitt.edu:0.022797703965893697
his:0.007717276324289776
ford:0.020002114516711574
without:0.00940255432971755
writes:0.002766788246935407
get:0.010998945399925708
prior:0.019230444896906052
if:0.005607953303459492
of:0.004067794677107503
what:0.003851222188270423
but:0.002783611808579122
years:0.009329604280252691
gear:0.021259106559511617
banks:0.03949068136500229
fact:0.010034590496354976
up:0.011242346195417443
now:0.006911775723339933
good:0.01355656779380334
recovery:0.023984211457521845
surrender:0.02044884244736306
aids:0.0452910761814035
in:0.0007434297150397091
or:0.002821386852314164
cross:0.0766595851651238
and:0.004792436165156358
for:0.00136129231343964
subject:0.0001117027485021686
i:0.001597478721718786
we:0.005639095839807405
ago:0.035914214125916034
intellect:0.02191602601059808
community:0.01702321697479759
the:0.0037845339413676298
do:0.003005514305048103
when:0.010942882366893187
units:0.0203326099615594
got:0.018511747461343715
would:0.007804599548990594
meant:0.017036231294523085
her:0.01383434646414112
did:0.027513155538794395
friend:0.014532215145158183
n3jxp:0.022695647676671274
during:0.02450518418244745
long:0.019918922553209914
people:0.012596427950402654
many:0.00775397919488742
five:0.016614990012743167
is:0.004496613002354207
time:0.00660882832595696
questions:0.012653457478014692
does:0.005098279557897594
lot:0.010370516268892847
fool:0.020691466956360337
chastity:0.022547084126642362
too:0.008169530827884922
nothing:0.010689774064857358
agencies:0.03877501464167039
him:0.010027260683528483
psuvm.psu.edu:0.04183191059466478
article:0.0033905141435841045
testing:0.02059882626231342
bad:0.011466949986386542
registered:0.021632935431209734
fault:0.018523012553625994
letter:0.017075518911049605
mine:0.013662088053556426
says:0.010715593072918694
skepticism:0.022219669076852622
s:0.0025959677023264364
