some:0.0074365406059449315
looks:0.021803219581999305
health:0.10614895796822298
out:0.01500862546599312
there:0.011691452045568757
all:0.030384325816760867
with:0.003725015138786926
much:0.01112864248127345
such:0.01224851721954012
my:0.006052320135861792
to:0.002633501579791396
everyone:0.019474603551038874
cs.pitt.edu:0.032640774084241646
enough:0.015491391891320995
die:0.047996870973660496
that:0.004419167202986966
think:0.009170369602092708
bit:0.01735722419143758
terminal:0.03040889299554651
talking:0.0207623642061291
covered:0.05881979272366664
re:0.0023817866418991756
preach:0.037906242703251
this:0.003343837187079102
paying:0.029871393681676777
treated:0.031311125588304636
you:0.01416048380659164
medical:0.025624315109354596
great:0.016058921584284565
why:0.011335812612445902
a:0.004447465368937564
same:0.012370021340946577
distinguish:0.035819061766528194
as:0.00509626853641413
worth:0.02238957718975693
lucky:0.030329274124436752
rich:0.028915894869184444
are:0.012284930858622143
no:0.00717035500753191
those:0.011821118817118217
it:0.0021837925461144713
not:0.015360764549706113
ken:0.05256143568299123
admit:0.026115268883513062
have:0.0032563733321506554
buy:0.07660741720366793
treatment:0.05551978941439973
money:0.039493245436039874
between:0.01479532386016819
be:0.011053399817913465
which:0.008228613582914126
writes:0.008423724726338374
if:0.004268474011231906
of:0.004953900269190794
what:0.005862688554118671
never:0.014037829495935418
km:0.07108815956025119
they:0.005942163213425119
find:0.013480552469257263
one:0.01252625360223723
in:0.003395153539385168
world:0.016058921584284565
and:0.0036477459983196483
for:0.006216857253096955
subject:0.0001700443114141293
however:0.015268145886604542
i:0.0024318306655464325
person:0.017867480503655102
we:0.008584356087350127
medicine:0.02822582388959231
prevention:0.038591788335049504
will:0.007218505381549583
currently:0.02292314332393183
the:0.002880584751550521
rubin:0.04023401196117753
thing:0.014419951816082527
when:0.008329136578622522
would:0.005940443605760358
can:0.0165203692822493
people:0.028763181020505426
about:0.00627398840969345
patients:0.03135744889613317
is:0.00513387185141396
assuming:0.025274966061586003
time:0.010060573056711552
does:0.015522150501114971
experience:0.02109696034901368
first:0.011958947957904722
disease:0.14489794833746947
article:0.010322711851166892
very:0.011103455361678009
luck:0.026259800165054914
s:0.003951823444942792
