since:0.01887567569248756
read:0.02138682133865964
there:0.008658292316765542
happen:0.031902190812899196
take:0.040108474157277425
your:0.011886153039445872
times:0.05302785172628352
post:0.024363941551237552
my:0.008964285484248125
to:0.005200751547512569
considerable:0.05264547665546903
that:0.01636342572804136
think:0.013582528561590142
memory:0.031902190812899196
me:0.010222534720797592
re:0.003527740592246892
chances:0.046040148794916275
getting:0.025586807285138548
tar:0.05653729057368844
amount:0.035079405770064416
on:0.004783102124898961
you:0.005243386692535112
lung:0.11307458114737688
a:0.005269826889986396
how:0.012409084879520041
was:0.00835340692548477
evidence:0.030355736174651666
science:0.06380438162579839
are:0.006065201713219108
it:0.016172425931130753
after:0.018200129128914635
has:0.010045042206476895
returns:0.04979954916087922
writes:0.0062383244435619085
get:0.012399754483878513
if:0.006322173771352918
of:0.009171725734232956
never:0.04158375907286529
seems:0.022231010277179983
find:0.019966478657296133
who:0.01219861202107404
clear:0.031110856058364274
in:0.003352447205556424
or:0.012722857692511044
and:0.001800931200428254
for:0.003069328895396924
subject:0.00025185808388696507
i:0.005402793601284762
specifics:0.05540385366951802
person:0.02646409848182878
the:0.0021332632358180745
risk:0.040473026581126566
cancer:0.09827115876021504
maybe:0.024980312097569093
may:0.01755684459848897
quickly:0.040044136259647714
ny:0.03963389935455584
long:0.022455766463288535
interested:0.027142228447310564
is:0.005069294846993659
either:0.023618516104843
recent:0.03583108574042473
time:0.014901037451921825
does:0.03448553248125071
decrease:0.05540385366951802
article:0.015289299628615112
close:0.03278220015255227
cbnewsj.cb.att.com:0.052915036772865784
s:0.0175595173827175
news:0.028951665246824704
