simply:0.01935850215116069
read:0.014348120644923556
health:0.026369282280080706
geb:0.06544647554505223
29:0.02889231483095263
all:0.006038403991432222
insurance:0.056207886337326
noting:0.03793008101779098
such:0.024341989917313907
work:0.02563382865810511
shameful:0.03361076524916314
post:0.016345429141969497
my:0.006014014312217097
to:0.001744555898849153
clients:0.03381829577335929
most:0.011750604202323024
track:0.02879617454301608
cs.pitt.edu:0.03243418690649328
that:0.010977994475774583
reform:0.034330758194458445
could:0.019102647535772878
re:0.0023667120428998135
afraid:0.02857736856792058
eat:0.02857736856792058
managers:0.03549996137926439
anyone:0.010588068035705007
fixed:0.0287014728172141
comments:0.023316487430563925
this:0.0033226736605786013
extremely:0.02796297712050399
management:0.02867021787012181
on:0.00962674984631563
am:0.010343900991780794
m:0.00866338425389919
sure:0.013810405190881034
magazine:0.02672594643546761
a:0.0008838633707888577
as:0.01012802734451922
budget:0.029867952045049204
adding:0.02990573791205239
doctors:0.031021885948808406
worst:0.027276651353123498
70:0.02722681555292789
march:0.027428557379069973
are:0.008138118754445893
those:0.011746301609414938
lobby:0.03705136934149847
care:0.040076163813593635
it:0.00650991322291086
not:0.0038158861302276257
probably:0.015109010854615242
gordon:0.056791318074038234
money:0.01962164409322234
doing:0.01696647408332478
edition:0.030843589259145775
has:0.006739078948649057
cadre.dsl.pitt.edu:0.03448513448005439
be:0.01098344159121781
writes:0.004185205006440268
of:0.0049225464700187
industry:0.02882805931535758
even:0.02125518288311425
powerful:0.029122489794059434
banks:0.05973590409009841
who:0.008183878950847141
up:0.008502913736407498
surrender:0.03093210977797324
one:0.00622348675807356
in:0.0022491101505631703
system:0.014146976767357754
or:0.0042677940360954765
england:0.03120535137205684
and:0.007249317996660567
subject:0.00016896808159505252
i:0.0036246589983302837
we:0.00853002471970867
limited:0.024570221917074427
possible:0.016309946980788494
actually:0.015470342576589143
intellect:0.03315145706666418
will:0.007172818638628382
the:0.00572470640498015
wrong:0.016730519347024433
managed:0.02994375072256006
canada:0.023548149322826877
supplies:0.03505718550200546
agree:0.01909212138585088
did:0.010404500274955477
page:0.026612314767008143
may:0.011778642578733107
n3jxp:0.034330758194458445
problem:0.013389653747123951
here:0.011394942440654405
is:0.01190321764705473
efficient:0.032723237772526115
spent:0.027480013873267758
time:0.00999689854369439
goes:0.02039890630373846
1993:0.019175036727912258
chastity:0.03410603231814889
first:0.011883258413867349
too:0.024715416048917676
article:0.005128689115927855
skepticism:0.03361076524916314
editorial:0.03670917173852204
s:0.007853623808304028
