school:0.02560932729433877
health:0.029340469015864446
geb:0.07282072631069192
help:0.015071075493252092
all:0.013437575079525229
with:0.004118502653447516
service:0.02565205090477706
work:0.014261073690072562
shameful:0.03739789372794209
to:0.003882251155185439
nye:0.04266838569438572
most:0.02614923188685969
us:0.014506171733697155
cs.pitt.edu:0.03608874317764745
make:0.012394932981335942
that:0.021986912879649937
bread:0.04205562951840241
nt:0.01005744439045688
reform:0.03819901263890447
anything:0.016346768664221155
re:0.0026333838223814828
had:0.010805693561141798
this:0.003697059425150838
on:0.007140969369567464
you:0.0039140773902022665
took:0.02377043434096253
m:0.009639540226169523
sure:0.015366507184219743
a:0.002950360829252947
hard:0.01904389720123598
other:0.009713436534027542
beating:0.03724805289380628
canadian:0.0341737170122697
are:0.004527544940853701
model:0.025767264166081338
care:0.022295893952633077
it:0.007243424571971239
not:0.004245845130816654
should:0.011569099593193518
nyeda:0.04427994606360295
gordon:0.06319033982885945
kind:0.0194051175842469
per:0.024907219123753644
able:0.018573698775427246
cadre.dsl.pitt.edu:0.03837078343555348
disaster:0.03872742944131936
be:0.01222101247473531
which:0.009097833327588154
writes:0.0046567774015321296
of:0.004107899695050816
but:0.004685093114439509
year:0.017427892367673604
banks:0.06646671018475739
surprising:0.03837078343555348
they:0.006569856510617913
up:0.009460988523608342
david:0.0175806002770739
good:0.011408520079996473
surrender:0.03441741792197023
in:0.0025025310125984575
total:0.02578179926622818
and:0.004033071279832287
for:0.004582378350874282
subject:0.0001880067386761852
showed:0.030103914779999547
i:0.004033071279832287
paid:0.029126691111071527
cnsvax.uwec.edu:0.08194012270120962
column:0.040722939380102914
intellect:0.036886832510795366
the:0.003715683852058712
see:0.01246046310852941
would:0.006567955254256169
effect:0.024411080666354973
agree:0.021243346330735487
did:0.01157683833410539
may:0.013105813573519936
thought:0.01890553806473037
n3jxp:0.03819901263890447
people:0.010600515070937446
many:0.01305071146181756
about:0.013873467328477064
is:0.007568243011004617
their:0.010659743792828972
chastity:0.037948965537095244
poll:0.040845416441454105
too:0.013750125830031667
med:0.043339584143711946
position:0.024245372938114167
article:0.005706569579694373
very:0.012276355575939769
physicians:0.12488608668584592
going:0.015336730169363962
mike:0.022502901612378196
skepticism:0.03739789372794209
doubt:0.024507551401271605
s:0.004369269583493087
