posting:0.16495942784781203
your:0.06299661110906313
to:0.01378199160090831
cs.pitt.edu:0.2562300765612969
re:0.018697025138908526
letters:0.2344904404011627
how:0.06576814986145622
ken:0.20630363505574056
open:0.16524802893766816
of:0.009722029278286934
km:0.2790210262739859
one:0.04916554538878112
subject:0.001334847844600915
her:0.1653204402464864
7:0.1595764264465653
replies:0.2240904118405804
about:0.04925080901609358
clinton:0.18325781442352163
letter:0.20405245098704283
