since:0.015942801780109015
ask:0.011611803124925766
studies:0.016809095204516712
at:0.007019641533501443
out:0.004693932665659203
there:0.018282449911895367
form:0.013599127189170898
know:0.009831674308034277
means:0.011293208049556783
absence:0.02190954175564681
ncsu.edu:0.023550895497198035
your:0.005019650287574751
with:0.009319958195849359
much:0.006960943703426021
documented:0.022014391589580566
ca:0.008193420701563031
from:0.003372797826415042
except:0.012846061430294077
my:0.003785714188566937
to:0.0010981666614269569
hill:0.019853737044459606
schools:0.019614021819493656
most:0.007396794677159513
cs.pitt.edu:0.02041673916823083
family:0.01569907198852457
that:0.008292540847039287
quite:0.01058246765780638
bit:0.010856909155600397
like:0.009279992537917715
talking:0.012986817451642502
communication:0.019173954108082064
nt:0.0028449344690136993
location:0.01829014730866296
re:0.00297960559982606
complete:0.01475384800914254
so:0.004070958555318406
this:0.010457817497438626
chronic:0.0228375559296722
infections:0.023038475665237507
child:0.015798265421280454
on:0.008079821916163982
syndrome:0.0651233216874334
you:0.0022143386032219994
medical:0.03205591611289778
am:0.006511300225901855
suggest:0.014627090857012422
rotation:0.02180738067750602
seeing:0.015969281535690945
m:0.005453445068191522
more:0.0101308288910018
a:0.0044510091660442865
partial:0.02252368789041676
as:0.003187705817597683
part:0.00975785702156684
therefore:0.013676994105796278
doctors:0.019527721035504892
popular:0.016852479267462004
clinic:0.0227727729779918
are:0.005122799853396219
caused:0.015865793542052458
it:0.0013659578874102467
not:0.0024020319066771507
should:0.0065450682957509144
ken:0.016438536657827935
being:0.007752206892132065
probably:0.009510851454299635
interesting:0.013020018174985708
be:0.011523132612300225
which:0.020587925617809047
writes:0.0026345115179982562
get:0.005236549702355069
upset:0.020598691506211658
if:0.00266992199108928
of:0.004647982125077418
but:0.005301061531875779
associated:0.01812667560875116
1974:0.023792427855032435
fact:0.009554849118043184
km:0.022232751097528754
they:0.0074336225060377984
find:0.00843205871583024
sounds:0.014194042085899753
one:0.015670293351005934
in:0.00849464710252544
heart:0.01582064786073951
according:0.01370329165173792
or:0.005372999662972791
and:0.005323868329552847
subject:0.00021272475611169958
i:0.004563315711045297
we:0.005369497632326573
medicine:0.017655196616199173
body:0.014142155871213353
any:0.008153683396723564
information:0.019432838920189363
normal:0.03005866672923142
than:0.005699606702069566
the:0.0027027000358173215
wrong:0.021063123958803668
do:0.005723648756227065
when:0.005209858338022852
would:0.014862942567400415
can:0.006888972051296521
her:0.013172943445935172
because:0.02109229839316152
may:0.01482888866485921
an:0.0035772834205646882
people:0.011994208287435198
relatively:0.017763367887378263
about:0.01569746900911349
imply:0.0190965912162211
current:0.02519717708152046
affected:0.02014186717027485
is:0.010704088720743582
patient:0.04008698045536745
new:0.020605572488647972
average:0.015456259198815086
keep:0.010555436590143111
lot:0.009874714694284425
their:0.006030612026221968
first:0.007480298125063909
disorder:0.0488408632335994
article:0.0032284178498669363
random:0.01778168545410587
conducted:0.021377544175469426
side:0.025660271542399946
realize:0.015591678323231627
usual:0.01709219449242795
by:0.003945958067000661
motion:0.02038132503509439
four:0.013976279486147306
s:0.0074155730779603786
