some:0.005235591368311005
since:0.008972294275352831
out:0.005283305377042421
there:0.004115600832184518
entirely:0.018637332045655663
hours:0.017561320074218036
true:0.03475265639674233
situation:0.015803283806164116
with:0.018357810033752607
extensive:0.023765944485430623
apparent:0.02170024258554069
from:0.007592576272916373
often:0.027868344289495122
both:0.010070421893758914
to:0.006180265291887133
then:0.007156414124555171
positive:0.01985201793863952
cs.pitt.edu:0.02298027592477999
that:0.004666878369073679
problems:0.012300776842564004
quite:0.02382241598304396
me:0.004859142064594371
anything:0.010409153140445757
re:0.0016768632411577153
anyone:0.0075018598638627405
supposedly:0.020803110831588506
this:0.0023541813379884258
chronic:0.025705051741469604
fingers:0.02548976376305543
leading:0.020247642303728483
these:0.00742886086591454
on:0.0022735821759609413
causing:0.022011777889642786
lung:0.05374845561265448
m:0.006138182565542924
includes:0.016895759513149547
why:0.00798081874508523
more:0.005701430609061551
a:0.0031311751700591815
factor:0.02029139196716061
constantly:0.023399675288057226
distinguish:0.025217904472398772
chest:0.05186239813430147
blood:0.01872947853994888
minutes:0.017870705148150555
are:0.0028830106798261234
those:0.0166449834465252
reasonable:0.01676370928298676
it:0.003074936589596161
ken:0.01850256816643413
couple:0.014152429572441786
being:0.008725578161099319
only:0.011959966262504812
whether:0.012813715627272756
between:0.02083287754301709
left:0.013113924589688616
viewed:0.025024307289146716
real:0.01146903073541815
towards:0.018698552176455337
has:0.004774773425500228
love:0.014673620807988558
call:0.011914601336317074
talk:0.015513873397475458
list:0.013056630479468966
be:0.0025939966687778984
which:0.01158647831854276
writes:0.002965302201872477
get:0.005894053700857051
things:0.02004238500574215
of:0.010463170523716878
what:0.004127543062765162
but:0.0059666656704072665
associated:0.06120801225735257
conditions:0.02033557266869878
negative:0.04428543160612201
initially:0.02427033006133506
km:0.025024307289146716
over:0.008995250011297569
one:0.008818931908301547
in:0.0015935399273048472
or:0.003023818195977961
and:0.006848384116426724
for:0.0029179270216329505
subject:0.00011971729547990268
cause:0.04242378206289776
however:0.021498644880689803
mechanism:0.021552232287477147
i:0.0008560480145533405
diseases:0.05030487800828496
examination:0.05250328570364806
limited:0.017408498039900265
normal:0.016916424549410506
the:0.006422110847440362
do:0.006442313174049297
when:0.01172802190891243
rounds:0.026687354728297787
would:0.008364570817079605
can:0.007753955089127474
physician:0.024719134808227364
an:0.004026449051846353
relationship:0.020470788086504554
problem:0.009486839874643875
during:0.01313170183767924
long:0.01067404145788603
many:0.01662063701863761
about:0.0044171129162415765
reality:0.01879197857512279
is:0.01686733980479504
distinction:0.02357907140740117
acquired:0.02625164285182403
angle:0.04792188997480509
right:0.008698984725517039
presumably:0.022109621151502154
disease:0.04080534150490171
article:0.0036337797323614395
very:0.007817230904858507
difference:0.014381855815400836
diagnosed:0.02542023826289415
side:0.014441094522740776
unclear:0.05319351925643845
