some:0.024323684898611544
believe:0.011315999376720523
sleep:0.05128249454888446
folks:0.019287582553618635
mark:0.03128774962804365
there:0.02390049441607155
11:0.02012611790427037
with:0.009137927762336677
literature:0.024641211532106716
4:0.012938903667597286
treatments:0.030300774540551474
from:0.004409230491823831
to:0.0028712482501892307
association:0.024832950975454196
w:0.01611635861994455
us:0.02145704568942704
make:0.009167085850779706
that:0.0018067949241379
bit:0.014193146864873435
months:0.017686429895728228
re:0.0019476067853029715
national:0.016948822525976633
chronic:0.059710693107788766
carefully:0.024219497664743867
anecdotal:0.03132530732308301
something:0.010368027693560013
these:0.008628312359890325
on:0.005281341929575936
used:0.010283664105921174
etc:0.01209543743467831
8:0.015377558762363887
3:0.012195135128320935
m:0.0071292432922712085
more:0.00662197409281628
sure:0.01136481260499585
a:0.006546113089904977
looked:0.019401058356665023
was:0.004611776740111383
as:0.008334522502260609
ears:0.056886185081741154
following:0.01425684517208209
accepted:0.02193691989947743
stress:0.029213509885019653
are:0.0033484967791730493
annoying:0.02712693444943436
results:0.01907856119202323
no:0.011726518085234477
those:0.009666227366081042
caused:0.020741219682578995
reasonable:0.01947034984430233
it:0.007142821452916082
not:0.0062803125893329675
have:0.0106510544405761
massive:0.02599515697188237
treatment:0.02269949723453322
after:0.010047987956588287
b:0.015942230971428342
has:0.011091400769651573
usually:0.017175785115555276
sudden:0.02837839191587809
cure:0.02906469023687353
be:0.006025638095181992
writes:0.0034440749532164703
get:0.006845697787974595
understood:0.02496481455870571
of:0.00810169106523911
helped:0.02451719773682693
even:0.008745622123781382
suffer:0.02560336831960327
but:0.00693003356510844
well:0.00876493703204867
experimental:0.055430331515333255
who:0.013469300773269252
loud:0.05637795420497624
good:0.008437551309164057
over:0.010447608086038321
one:0.005121410977998033
in:0.001850830228067609
5:0.013535796286029599
or:0.0035120388422035693
use:0.00866031004035077
and:0.0029827923007092957
gets:0.01738185594996252
few:0.011904309900553574
known:0.01696317056076228
subject:0.00013904665047926196
cause:0.01642448506948993
i:0.001988528200472864
6:0.015303904336245804
becomes:0.022425865289075503
away:0.01442178951210245
we:0.007019499508926927
ol:0.029524547565757266
any:0.005329621178587538
noise:0.023856303195917434
yet:0.013698274701490435
the:0.0023554781562157906
do:0.0037412391609713365
when:0.0068108043898111245
drugs:0.02259254618014932
can:0.004502947877279757
her:0.01722087919234233
reports:0.02059490856347996
may:0.009692841288749119
injuries:0.028127339302243315
friend:0.01808958031090003
7:0.016622544421517216
an:0.004676552805009045
jim:0.01763713930702536
10:0.015054019572375857
people:0.03135985708485661
is:0.005597346393555498
else:0.013159126173635712
lack:0.020205838848450973
time:0.008226614426581841
9:0.018546008623047013
conclusions:0.02637487973650783
2:0.010147966417163586
goes:0.016786599979118105
trouble:0.01986886397026216
1:0.01020064527044119
faq:0.020219245119259162
by:0.005158518098006073
mine:0.01700645335833326
wish:0.019458737056139472
especially:0.016277581809881987
sometimes:0.03650527421164427
millions:0.024800500195502968
