geb:0.12508721535626918
there:0.00740144343207377
know:0.009950605852083079
help:0.017258812258401587
50:0.027832123299422827
migraine:0.05280051239126374
your:0.010160743727268245
way:0.013970748544730188
turkey:0.03947048800115213
ca:0.01658506932332517
shameful:0.04282662023683691
wrote:0.02077076592494243
approach:0.03319558592688577
to:0.0033343528066713648
cs.pitt.edu:0.08265486340686996
that:0.0027976179470522323
cold:0.035630245040642175
think:0.011610871189746413
like:0.009392250512166718
nt:0.0345521879865696
re:0.006031298431905976
anyone:0.013491247980978961
this:0.004233729341704992
mean:0.021317919813144036
off:0.0176085278060996
getting:0.02187259332439263
best:0.019638516773882533
something:0.01605372029970583
two:0.015038624456881543
you:0.004482249914586466
used:0.01592309280916827
vs:0.027553322137607597
3:0.018882789876109835
successfully:0.04216112811032075
how:0.010607766106686485
was:0.007140815597591819
as:0.012905067100274491
it:0.01105985257225716
have:0.004122988815706878
only:0.010754324502171666
ve:0.01471882015344705
gordon:0.10854469664150856
cadre.dsl.pitt.edu:0.04394073586974673
without:0.01812266520002012
be:0.009330020276410828
writes:0.005332761217883567
things:0.018021983291453627
of:0.0015680692384333762
seen:0.020906974924373812
what:0.007422920185456703
banks:0.11417265539801066
approaches:0.04424509335347936
alone:0.030961397866245917
surrender:0.03941349471709494
in:0.005731603286919048
and:0.0015395057035918946
for:0.0026237811525167258
subject:0.00021529803945176046
i:0.0061580228143675786
intellect:0.04224137271397533
the:0.004255057314454331
do:0.011585772885588656
would:0.007521368113744968
can:0.00697230639062672
n3jxp:0.04374403060261641
sinus:0.10337279351670785
about:0.00794367887356348
doctor:0.03552436365804708
is:0.0086668589319569
done:0.021360189930812082
mg:0.04649647547270414
days:0.024018166327017518
hospital:0.040063734510644204
does:0.02947956808881109
chastity:0.043457686340867135
too:0.015746111837616907
abuse:0.03913441786888949
article:0.01306988516639679
bad:0.022101621344728904
iv:0.0425705823472032
seem:0.022255746410449497
skepticism:0.04282662023683691
john:0.0216248258030794
s:0.005003518394000148
