geb:0.21103149257384188
say:0.03872540763811313
shameful:0.10837756957893421
to:0.005625302694248289
cs.pitt.edu:0.10458370471889669
speak:0.07317209825792641
re:0.0076314388322075615
so:0.020853277497651427
you:0.011342836518545342
disclaimer:0.07661337810355483
was:0.018070635389824195
it:0.02099114875959012
only:0.027215025270801763
gordon:0.18312302562649063
cadre.dsl.pitt.edu:0.11119696424180803
writes:0.013495150837093108
of:0.003968175215627319
what:0.018784532714216963
banks:0.19261781318848056
news.duke.edu:0.11836834968747924
surrender:0.09974027234530147
in:0.003626116365193683
and:0.0038958919845998963
for:0.006639772712491305
subject:0.0005448358549391489
i:0.0038958919845998963
alan:0.08980985085712732
drug:0.08739630145929603
intellect:0.1068965350312845
the:0.0030765428979145017
n3jxp:0.11069917948417213
myself:0.06801718493873231
just:0.02396711354012012
is:0.01096622966900669
new:0.03518366458946014
multiple:0.0876331493393023
wanted:0.06214612223563474
chastity:0.10997455318913316
too:0.03984730342580605
article:0.016537405720746957
skepticism:0.10837756957893421
