choice:0.037350125490282604
geb:0.10238161520909161
your:0.012474576457240224
insurance:0.04396458436285895
from:0.00838190350920966
shameful:0.05257921692443344
to:0.006822768119261539
cs.pitt.edu:0.05073862902203899
die:0.03730449872705296
that:0.0068693985234549865
nt:0.007070084670519193
me:0.0107286007960846
re:0.003702381215625451
this:0.005197845924469495
you:0.022011841164701857
tell:0.023861634194281712
let:0.02282314596784975
rich:0.0449484702421976
are:0.00636545922377451
no:0.03343799216383692
it:0.006789216430494494
not:0.005969406025504603
have:0.010123774517775304
gordon:0.0888418639178024
treatment:0.04315151949535028
accident:0.048113799810026704
allowed:0.037938942852642286
cadre.dsl.pitt.edu:0.053947042057906874
be:0.005727339179578924
writes:0.006547152386312498
if:0.013270305341849689
of:0.0019251543125320659
what:0.009113288148481497
but:0.006586962596538715
treat:0.04778040164065454
banks:0.09344824600233216
they:0.009236827965423204
who:0.012802503705285627
up:0.013301587825271135
surrender:0.04838884499920567
in:0.003518409938504762
intend:0.05039119021202642
or:0.006676351066367181
and:0.0056702586310513345
subject:0.0002643263058615673
foot:0.04771504833341343
i:0.0018900862103504448
sick:0.04446774523806898
actually:0.024201129971297867
intellect:0.05186069521319744
the:0.0037314505445002625
do:0.014224117206069241
would:0.009234154911924516
law:0.05954140842067259
because:0.017472498008856575
carl:0.09622759962005341
an:0.008890080579819175
n3jxp:0.053705542522024106
about:0.009752635448731402
is:0.013300625093597224
hospitals:0.05597470950984759
chastity:0.05335399115116361
too:0.019331860077866303
show:0.02980266009638448
afford:0.04678323356538889
article:0.008023097824916841
going:0.021562531525244382
bills:0.05582581963495115
by:0.019612583659745865
skepticism:0.05257921692443344
