sent:0.02435551356483187
at:0.0058342053804929205
folks:0.024524608280097865
geb:0.06848041811998842
know:0.008171358448068223
help:0.014172799470475476
your:0.008343922001200415
whom:0.02786960794272704
insurance:0.0294067749711838
shameful:0.03516888019448859
to:0.0018254293511136832
clock:0.028411528593373616
cs.pitt.edu:0.03393775848493999
that:0.0045947632507877725
think:0.00953475514919573
walks:0.03796176515462067
re:0.004952854341432722
foundation:0.03295076789447318
this:0.003476704889876947
mean:0.017506106336621592
these:0.010971099159595647
treated:0.032555276273932635
on:0.0067153486786660915
you:0.033127092083963555
great:0.016697024428693225
suggest:0.02431390599410674
them:0.009707676632663847
imho:0.028673322227523515
a:0.0036993486777387946
was:0.0058639810205389775
private:0.023507822011089745
course:0.016199680794039863
are:0.008515382537764576
it:0.011352828799336821
not:0.003992781513748112
have:0.013543062599937823
whether:0.018923566787296852
gordon:0.05942402818343074
treatment:0.057725873761991765
hope:0.01912888435523209
cadre.dsl.pitt.edu:0.03608378309833506
yourself:0.023220362062083392
be:0.003830869252566035
seek:0.03218207801862713
writes:0.004379221132566638
if:0.01331424675026641
of:0.003863057991372291
what:0.006095643066202855
banks:0.0625051181869904
they:0.00617827565899168
who:0.00856326406777383
good:0.010728542061983438
surrender:0.032366048641852795
email:0.018171514297800933
in:0.004706747070052728
door:0.028013061563794454
protocols:0.03997641001821665
or:0.0044656387927356645
weeks:0.04821940245474318
and:0.005056919397229005
for:0.004309256462411576
subject:0.00017680103901998871
forth:0.032700831947566913
i:0.0037926895479217537
6:0.01945926908979599
intellect:0.034688279579688355
will:0.007505333409955526
the:0.0034942192516048813
physician:0.0730114842680093
once:0.017768418509436466
put:0.016473240394349532
may:0.012324672367151198
n3jxp:0.03592225029618831
is:0.010675733518834328
deal:0.02182990060768549
save:0.02399013398954499
right:0.012846844991988739
suffering:0.031135343351115053
2:0.012903374517188138
chastity:0.035687106664023346
too:0.012930581906387394
update:0.02875392180116759
disease:0.09039328962509684
article:0.00536644291600398
lyme:0.23211546551208004
by:0.013118350659830014
skepticism:0.03516888019448859
john:0.017758135096568515
summary:0.028488985810348387
everything:0.020461340953134125
s:0.004108849542092836
