some:0.019458947918889236
read:0.03778338436496536
geb:0.17234238560197088
much:0.029119947825998856
shameful:0.08850834848946294
to:0.004593997200302769
cs.pitt.edu:0.0854100255204323
that:0.00578174375724128
could:0.02515181925543429
re:0.006232341712969509
so:0.017030176623082
m:0.02281357853526787
sure:0.036367400335986726
as:0.013335236003616973
taking:0.11356500113838684
it:0.0171427714869986
not:0.010048500142932747
gordon:0.1495504709283007
cadre.dsl.pitt.edu:0.0908108541308099
writes:0.011021039850292706
certainly:0.05126262128759401
of:0.003240676426095644
banks:0.15730454743725913
women:0.06298858656389042
surrender:0.08145455574866287
in:0.005922656729816349
and:0.006363290241513164
subject:0.0004449492815336383
cause:0.10511670444473555
i:0.006363290241513164
any:0.01705478777148012
information:0.04064702140806275
intellect:0.08729883694221569
the:0.005025020066593686
level:0.058675586043229144
can:0.028818866414590444
n3jxp:0.09040432991207391
contribute:0.08924106721314823
is:0.013433631344533195
chastity:0.08981255177112542
too:0.032541964464408275
article:0.013505548005276683
skepticism:0.08850834848946294
