basically:0.0319041182784381
geb:0.08406945639120532
script:0.046471268434763756
there:0.014923235537839797
mess:0.04151952808232958
with:0.009509388240480445
way:0.04225299559869618
scheduled:0.04159115921795685
shameful:0.043174804141201444
to:0.003361461366075197
changes:0.03315373414419666
cs.pitt.edu:0.041663427083137715
that:0.008461088425231142
feds:0.040389455929429934
nt:0.005805516680670232
its:0.016811581756375368
re:0.0030401666892534195
so:0.008307403230771709
getting:0.022050419286379564
he:0.03878373676878623
best:0.01979817951188158
amount:0.030231032614852264
md:0.040705841427394765
on:0.004122022969425122
3:0.03807261698597756
a:0.002270738416010399
steve:0.026074421518978756
clinic:0.046471268434763756
no:0.009152404359207398
works:0.024188016207729597
it:0.008362327554633463
not:0.009803414773592926
gordon:0.07295144923331742
hurt:0.03666976918094036
cadre.dsl.pitt.edu:0.04429797762478532
his:0.044986074183055044
without:0.0182700039414837
writes:0.005376117000142784
get:0.010685967278789614
of:0.007904088844135718
short:0.02815429159041681
year:0.0201200058228427
saying:0.024524838853369427
supply:0.032828987265077596
banks:0.0767339255791508
alone:0.03121311654808532
surrender:0.039733929633494085
one:0.01598879524838411
difficult:0.030302506317382107
in:0.0028891008438128537
use:0.0270370654918268
substance:0.04381100086396362
and:0.0031040440202503242
subject:0.00021704843001640894
any:0.01663881733802939
refused:0.040968124860063224
drug:0.03481641277646753
intellect:0.0425847985083979
the:0.0049024586015548165
around:0.019245483196371024
rule:0.03210323226224539
can:0.021086975425310083
n3jxp:0.04409967312784094
just:0.009547874499722652
long:0.019352123943972236
doctor:0.03581317962274665
company:0.02736689463114919
is:0.017474642399392774
does:0.009906413124695328
lot:0.02015084055500318
chastity:0.04381100086396362
too:0.01587412900702843
him:0.019483864254986244
article:0.006588072197695944
very:0.01417270318523128
compromise:0.043087850571146585
by:0.008052320933472896
skepticism:0.043174804141201444
