thumbs:0.07356593757608794
at:0.010487678719695607
geb:0.12310170400140777
there:0.0218518806089797
all:0.0113579503648368
your:0.014999193121205505
shameful:0.06322024892104496
my:0.011312074539646444
to:0.0049221398574672524
significance:0.06284228822682376
cs.pitt.edu:0.06100716108602307
enough:0.028954149130207094
that:0.004129816969458057
nt:0.00850093513955284
finding:0.05307863499680886
re:0.004451672652121078
prince:0.06516253035778585
on:0.006035819348086785
you:0.01984996390745435
medical:0.04789306514486513
hard:0.03219325479256559
other:0.016420333188475127
want:0.02253092818704978
skin:0.0612216671039121
advance:0.037660728769960114
daniel:0.05093547613331356
base:0.04585280780253632
it:0.01224483677642757
not:0.007177500102094819
have:0.006086316823186343
try:0.02900463895646896
only:0.015875431407967697
gordon:0.1068217649487862
hurt:0.053695019157805515
cadre.dsl.pitt.edu:0.06486489580772135
yourself:0.04174136513541181
writes:0.007872171321637646
if:0.007977981187659635
of:0.0046295377515652054
banks:0.11236039102661367
moons:0.08494107382641455
find:0.025195794496111788
now:0.01966564759378862
surrender:0.05818182553475919
in:0.004230469092725964
and:0.0022726036576832726
for:0.0038732007489532616
subject:0.0003178209153811702
i:0.0022726036576832726
back:0.050151350477798506
any:0.012181991265342943
intellect:0.06235631210158263
the:0.003589300047566919
do:0.008551403796505912
thank:0.04322017031868469
can:0.010292452290925158
n3jxp:0.06457452136576708
replies:0.05335485996204294
is:0.009595450960380853
chastity:0.064151822693661
too:0.04648852066344039
nice:0.03761594591374712
article:0.009646820003769058
little:0.02792069883212457
skepticism:0.06322024892104496
