out:0.01683110141543514
geb:0.14772204480168932
shameful:0.07586429870525395
throw:0.060905293950497284
my:0.013574489447575732
to:0.005906567828960704
famous:0.07187022924498021
cs.pitt.edu:0.07320859330322768
that:0.004955780363349669
like:0.01663770090726676
nt:0.010201122167463408
me:0.015479838291493495
re:0.005342007182545293
he:0.022716188678860504
you:0.007939985562981741
names:0.05852710302829828
bill:0.04422162679559596
want:0.027037113824459735
was:0.012649444772876937
spite:0.08501828720586295
jesse:0.18405437202453934
terry:0.07731833719539598
it:0.01959173884228411
not:0.017226000245027566
gordon:0.12818611793854345
cadre.dsl.pitt.edu:0.07783787496926563
writes:0.009446605585965176
if:0.00957357742519156
of:0.005555445301878247
dr:0.055983494358664294
banks:0.1348324692319364
now:0.023598777112546345
surrender:0.06981819064171103
in:0.002538281455635578
recommend:0.06268256124519045
and:0.005454248778439855
for:0.004647840898743914
subject:0.0003813850984574042
mention:0.05392392591824175
intellect:0.07482757452189916
the:0.002153580028540151
do:0.010261684555807095
kidding:0.08444678242566724
around:0.03381706333076622
william:0.05816656113415739
jim:0.04837615352784099
n3jxp:0.0774894256389205
just:0.016776979478084084
makes:0.039899684032171055
is:0.011514541152457024
chastity:0.07698218723239321
too:0.027893112398064236
donald:0.07893731841406745
article:0.011576184004522871
skepticism:0.07586429870525395
