at:0.008157083448652139
geb:0.09574576977887271
there:0.016995907140317543
all:0.008833961394873066
someone:0.020402389950583515
times:0.02602292723604654
shameful:0.049171304716368304
several:0.026096771963587003
to:0.0038283310002523076
cs.pitt.edu:0.04745001417801794
appreciate:0.035548271624208275
mail:0.028373291711443108
really:0.018068479103619684
me:0.010033228522264303
need:0.017788907328678112
re:0.003462412062760838
started:0.03036337848137875
exactly:0.029781320863629706
so:0.009461209235045556
this:0.004860948503439064
on:0.014083578478869164
working:0.029338324173209324
m:0.012674210297371038
answers:0.03880195576159613
sure:0.020204111297770402
a:0.003879178127351097
as:0.014816928892907748
d:0.01686892798497255
it:0.019047523874442886
have:0.009467603947178755
made:0.021533143999240754
gordon:0.08308359496016705
cadre.dsl.pitt.edu:0.05045047451711661
writes:0.006122799916829281
if:0.012410192958581652
of:0.0036007515845507157
diagnosis:0.0547340256462658
seen:0.024004304542799563
what:0.017045224129567244
year:0.022914451076015294
nature:0.03530014020610898
least:0.022293170210245204
banks:0.08739141524292174
up:0.012439447873633191
surrender:0.04525253097147937
in:0.0032903648498979715
or:0.0062436246083619005
and:0.007070322490570182
for:0.0030124894714080924
subject:0.0004943880905929314
i:0.007070322490570182
info:0.027272180179559236
any:0.009474882095266734
intellect:0.04849935385678649
the:0.00279167781477427
would:0.008635644871336815
come:0.02223327476360563
last:0.0201866902968472
an:0.008313871653349413
n3jxp:0.05022462772892995
10:0.02676270146200152
just:0.010873968180239684
is:0.012438547541234439
questions:0.028001632752273256
hospital:0.04599910258629519
chastity:0.049895862095069674
too:0.018078869146893484
faq:0.07189064931292147
article:0.007503082225153713
while:0.02009576394331965
skepticism:0.049171304716368304
s:0.005744780378296466
