mode:0.04669982007900282
geb:0.12610418458680797
work:0.024696005658418337
shameful:0.06476220621180216
my:0.011587978796710991
to:0.006722922732150394
cs.pitt.edu:0.06249514062470656
might:0.025940062632663977
t:0.031417964085371244
sometime:0.06351672456452924
re:0.004560250033880129
off:0.026627529853126226
great:0.030746959618691182
obey:0.06822689220087408
a:0.0034061076240155977
given:0.033997409258308305
works:0.03628202431159439
it:0.016724655109266927
term:0.047532680413590954
only:0.01626263705206447
gordon:0.10942717384997612
types:0.04996216112171804
chuck:0.06077180485560197
cadre.dsl.pitt.edu:0.06644696643717798
be:0.007054405574847211
which:0.01575478454289656
writes:0.008064175500214175
get:0.016028950918184418
if:0.008172566094675723
of:0.007113679959722145
future:0.042737882003876224
banks:0.11510088836872621
good:0.019756217699506088
diet:0.31086391915596234
surrender:0.05960089445024113
in:0.00433365126571928
our:0.02719238320707797
and:0.004656066030375486
subject:0.0003255726450246134
fits:0.062386738826935274
allow:0.04275944721188527
intellect:0.06387719776259684
research:0.03765038390898509
will:0.013820796889064443
the:0.0036768439511661124
do:0.008759974620810936
would:0.011373776172004586
may:0.022695433261461354
individual:0.04709373403983601
n3jxp:0.06614950969176141
is:0.00655299089977229
new:0.02102438493760423
their:0.018459556324167244
chastity:0.06571650129594543
too:0.02381119351054264
article:0.009882108296543915
useful:0.09351920041654728
prediction:0.06931972340440684
skepticism:0.06476220621180216
