school:0.02031577919439165
some:0.013045104750093343
health:0.023275679331020958
at:0.004921592248348777
out:0.006581994966929944
geb:0.05776839740848186
fewer:0.030722318327750554
50:0.019280353570549892
take:0.01187569346556259
with:0.0032671920491036165
way:0.009678060444394097
method:0.022295519121489155
from:0.00472945393536411
shameful:0.02966760284563004
feet:0.024536658932711352
to:0.004619661989131277
line:0.015775439937463623
cs.pitt.edu:0.02862905883366446
that:0.007752058668926857
think:0.00804328506999193
docs:0.030650232267214757
like:0.0065063634832886776
talking:0.018210565253420494
nt:0.011967796956241986
reform:0.030303127344829248
need:0.010732972019537632
re:0.0020890530881462043
afraid:0.025224716389561183
paying:0.05240009841366764
procedures:0.030508791999146096
brain:0.02463339887690946
medical:0.02247495794507638
fix:0.024301893626706615
great:0.014085199378394843
them:0.00818915738286168
m:0.022941028694682772
more:0.007102899585590647
sure:0.012190190056755328
payment:0.03397709657445514
as:0.004469911509592282
local:0.051224303663395844
also:0.016575386946140407
doc:0.06204068113265522
mind:0.016925451413464455
d:0.010177900683670589
care:0.017687245481977077
it:0.0038307869244689607
not:0.010104637015239636
have:0.01142459470721012
gordon:0.05012864947317342
hope:0.01613665663486059
surgery:0.030508791999146096
worship:0.028481387006468063
cadre.dsl.pitt.edu:0.030439392446081532
his:0.010304072857571267
highest:0.026363890631942874
writes:0.0036942033017740915
down:0.013208746239961777
making:0.017176576485320692
of:0.004345041018228797
gotten:0.024076597283762644
ethics:0.03250138945131779
what:0.005142134653612465
but:0.01486666418436671
banks:0.05272778126388575
they:0.015635524433090676
who:0.014447518147864227
good:0.009050334365136867
surrender:0.02730320304424454
in:0.001985248065860229
system:0.012487275582360475
office:0.02039518387176626
rather:0.014377003647557896
and:0.002132946449669217
for:0.003635182825833229
subject:0.00014914501056993463
i:0.006398839349007651
we:0.007529295562647877
fees:0.032808985971893356
intellect:0.029262179980630958
will:0.006331314775996002
than:0.007992185934186933
the:0.004632001737362895
do:0.012038847802902179
see:0.019769673311856716
strong:0.020171242379723522
home:0.01636515671430921
agree:0.01685226356963374
physician:0.030795346716394986
come:0.013414489801505076
n3jxp:0.030303127344829248
problem:0.011818800514221142
people:0.008409347151246466
about:0.011005767377898006
doctor:0.024609056388814735
is:0.00900578637622337
levels:0.02561790519828632
time:0.008824078044154825
life:0.015588711470886649
their:0.02536899919410694
chastity:0.030104765956801817
too:0.010907921049522328
article:0.004526999331377659
very:0.019477569740597177
saved:0.02588611312670174
physicians:0.06604776279102466
going:0.012166568067316662
realize:0.02186319139179407
teeth:0.03133516144091494
usual:0.023967267137426904
skepticism:0.02966760284563004
main:0.020773279394563287
