at:0.01295536783021222
geb:0.15206681082526843
adult:0.08227360530105403
with:0.008600402599846284
someone:0.03240379580386794
shameful:0.07809560160834966
to:0.00202676347072181
cs.pitt.edu:0.07536178722391085
that:0.005101538609330541
could:0.04438556339194286
me:0.01593512765300801
re:0.005499125040855449
child:0.058314185599138146
possibly:0.0570140244617256
tell:0.03544154490621254
a:0.0020536825380094046
dose:0.08877114577574578
low:0.049938154999703235
blood:0.06142167227071472
pressure:0.06471592194116528
it:0.010083983227646235
not:0.008866323655528896
have:0.007518391369818424
probably:0.03510623110337071
gordon:0.13195629787791238
cadre.dsl.pitt.edu:0.08012722423306756
be:0.017013566386396214
writes:0.009724446926728858
kill:0.054332825097108614
of:0.00571884075193349
what:0.013535913279362223
but:0.009783576797800151
banks:0.13879813009169925
please:0.02816787289566551
surrender:0.07187166683705547
in:0.005225873585132073
and:0.0028073339300793373
subject:0.0003926023072355632
fatal:0.08227360530105403
intellect:0.07702838553724914
the:0.002216920617614862
would:0.041146307916369536
effect:0.05097608021503538
eric:0.058647477651744204
an:0.02640876878122755
n3jxp:0.0797685263930064
is:0.007902136085019527
patient:0.0739840595168914
chastity:0.07924636920981654
too:0.028713498056830832
article:0.011916660004655896
very:0.0256359189968154
roberts:0.16371865539720523
skepticism:0.07809560160834966
