mirror:0.07849915742870729
geb:0.03773920852597903
there:0.006699116683044871
all:0.020891996291524627
with:0.004268812969266769
though:0.018142658405917368
name:0.040324562128908774
my:0.006935870520659133
look:0.017307797987415406
cs.pitt.edu:0.03740585059289006
might:0.015526168875025153
that:0.007596451651849858
think:0.010509109689989454
nt:0.005212252202353566
re:0.002729492721008544
this:0.007663977202502467
mean:0.01929505150970701
off:0.015937645605520804
md:0.03654612040561719
these:0.012092233380284253
on:0.0037007943448123352
you:0.00811385385998134
used:0.014412142396619457
products:0.029562677329466342
inc:0.026722740845287602
optical:0.043006253167442374
a:0.004077384309040569
as:0.017520748033949308
question:0.015934204987935068
doctors:0.035777065546800935
also:0.01082844621663917
watson.ibm.com:0.08519368200421258
far:0.01817064286220001
computer:0.019567174490257775
are:0.01877113522923286
it:0.0075077831329920875
not:0.01320240894691894
should:0.011991329505353865
gordon:0.0327482783054673
vaginal:0.049624656677354814
familiar:0.033625244085336375
which:0.018859742080547703
writes:0.00965346556230018
if:0.00489160890338255
end:0.019738929945806637
of:0.004257823041585518
america:0.028742617185886585
plate:0.03773920852597903
but:0.004856081914236571
never:0.016087147670524528
banks:0.03444625126363339
clarke:0.08519368200421258
necessarily:0.02837418272303797
ed:0.02896474212897082
they:0.006809632295676961
up:0.009806280075564852
david:0.03644445604882473
called:0.01957849996975718
in:0.007781592783700313
context:0.03031197772406549
or:0.0049219814430882134
and:0.001393421220769306
subject:0.00019486829848188537
fits:0.0746819355300539
i:0.001393421220769306
we:0.009837546757036277
the:0.00440147743059301
when:0.009545068925866686
dictionary:0.03598865340718964
wright:0.16596254946456526
did:0.01199935068206544
an:0.006554001011399538
note:0.021618168604952536
head:0.02520335573325316
definition:0.029742915377571243
ma:0.029278962957938075
is:0.005883342194686071
does:0.008894078936770257
first:0.027409559553153884
too:0.014251955239886836
instruments:0.038455397255603284
article:0.011829677084913883
little:0.01711926059779901
metal:0.03660428222787395
opinions:0.04168773949664295
s:0.018114927908204913
