geb:0.05842114766168505
resistance:0.027611713813106058
there:0.005185192008910437
roughly:0.028610039036211884
tb:0.16698516298860755
whom:0.023775767227976176
with:0.006608218946774546
hiv:0.03841004499885655
active:0.025241932174219592
such:0.03259351192318303
shameful:0.03000282999642812
longer:0.019176333380645057
to:0.004671861559629935
cs.pitt.edu:0.028952551023875357
been:0.008289493713115477
that:0.009799565690239457
like:0.006579881714738267
nt:0.004034342100126771
need:0.010854248539532409
re:0.002112658207786274
had:0.008668974495379294
largest:0.03031504852001597
weak:0.02643115496382779
why:0.010054929831378567
more:0.007183158337970202
a:0.003944926909170607
other:0.007792700496225485
was:0.015007815832226875
as:0.01808167593710776
old:0.014959960917188271
are:0.007264535385324582
no:0.006360145402161073
it:0.009685181631072654
not:0.003406271234892457
ones:0.019167401019078285
assure:0.03307410370597039
have:0.0057768430864141565
due:0.01872961855874849
spread:0.026335123458920612
gordon:0.05069507489094939
against:0.014594806735355065
infected:0.03994639367390537
always:0.015011051401122641
develop:0.02545515436621308
has:0.006015674993709328
cadre.dsl.pitt.edu:0.030783340383325388
be:0.0032681426956919285
phenomenon:0.03137085288911097
scared:0.03211422214215458
writes:0.003735945711963629
were:0.008764425409448018
if:0.0037861605636350807
of:0.005492671908636685
even:0.009486776541050993
years:0.012597601259776233
banks:0.05332357540246073
factors:0.02811054210206469
they:0.010541464683703318
now:0.02799854911658041
surrender:0.027611713813106058
one:0.011110857714978785
in:0.006023040742186118
become:0.018713123021441513
antibiotics:0.03536486702861538
force:0.020192113665620178
and:0.00539261884873997
for:0.0018381291689947682
subject:0.00015083026492665705
however:0.013542931662129453
person:0.01584855615295961
we:0.022843117045999492
developed:0.023939538622740314
ago:0.016164778109404768
20:0.017767414397771863
drug:0.048388912672378596
intellect:0.029592826082107015
necessary:0.02036596484452839
the:0.0025550949491154338
drugs:0.024507168737789093
because:0.009970182479630023
did:0.009287633013802064
may:0.010514268516609214
development:0.02196193803986555
n3jxp:0.030645535563414886
problem:0.011952346282743415
just:0.0066349636354004855
long:0.013448086130556976
people:0.017008736046023924
measures:0.02865771626019982
relatively:0.025189860676451663
is:0.012143395565679725
new:0.02922033160819571
multiple:0.024260024393366175
days:0.016826286014407752
time:0.008923785140698947
9:0.020117704269067945
trouble:0.02155266600164031
chastity:0.030444932803771328
easily:0.020897823550256423
too:0.01103117439471467
chicago:0.02385705952996544
article:0.004578151866195486
very:0.019697655274389235
difference:0.018119513258951336
before:0.012012396989958443
skepticism:0.03000282999642812
everything:0.017455720248153974
