taken:0.029158241590784603
some:0.0103321847356934
believe:0.019227184781684427
there:0.008121937925461481
fluid:0.05322530093833573
with:0.010350927022823846
such:0.034035702716244225
work:0.03584199051310272
to:0.0036589358232499932
aka:0.045837710693884655
that:0.009209857312419738
really:0.017268988877795804
nt:0.012638558437565284
re:0.0066184159783747
this:0.004645862286472734
treating:0.05072766848095329
muscle:0.050030492570748736
getting:0.024001783824997222
apr:0.03298414404458406
certain:0.02917092913062397
on:0.004486803763179557
syndrome:0.048218152635828265
you:0.004918575127510813
am:0.01446315359912713
dyer:0.27231066143394234
a:0.0024716887183122037
as:0.007080656285106357
ridiculous:0.0441687622885081
idea:0.049068606995765596
steve:0.056763784899723654
said:0.019393848041269313
andrew.cmu.edu:0.07211998949959753
are:0.00568948125310819
no:0.00996235164763283
works:0.026328548615493275
pain:0.03917699115324436
it:0.003034118847256389
not:0.016006460404671633
have:0.004524341709271264
only:0.011801205648400766
between:0.02055633492076465
bb:0.049897414010000585
worthless:0.048782009400307094
be:0.005119126169358153
writes:0.0058518795665271
certainly:0.027219090949164963
of:0.001720713146599457
lawrence:0.04197552189997199
but:0.00588746214380894
treat:0.04270637668766468
gmt:0.03749821536482332
seems:0.02085386804762016
they:0.016511851761199004
in:0.0015723867424291193
and:0.005068107272001635
for:0.011516773908392
known:0.028822378297932372
subject:0.00023625625568157783
p:0.02978874371355177
i:0.005068107272001635
6:0.026003094093444198
tue:0.05117395922101428
actually:0.021631098469921103
the:0.002001114185811645
do:0.012713591485070737
see:0.031316562148870374
harvard:0.04976630705614979
nathan:0.10892426457357693
rid:0.04086153742307815
an:0.007946001226210059
is:0.002377633866289061
simultaneously:0.04889922379632498
time:0.013977964335431093
does:0.010783086852544472
1993:0.026811113300974663
article:0.007171087436430097
convert:0.03786353978051628
by:0.008764915706346603
sometimes:0.031013330303697788
reduce:0.04035306790958446
s:0.00549058655624795
