school:0.038686430593575585
seemed:0.044883860599294625
since:0.0212853364191881
ideas:0.038265889755739045
know:0.013126331124024487
with:0.006221567838186674
1980:0.0572041732326218
to:0.004398507957736694
remember:0.02960238336724715
recall:0.08320968542708558
then:0.01697745052952982
might:0.022628565275302617
been:0.03121788057917956
that:0.003690474738664647
nt:0.0151931606749455
believed:0.04649818860478253
anyone:0.03559393084343385
this:0.02233967822857102
on:0.005393710906800957
curious:0.04559864192363292
sure:0.023213234257012803
a:0.004456928061211899
other:0.01467348923225437
was:0.00941979929895091
california:0.04233477900981847
illness:0.1294021337622866
early:0.03726320317865192
have:0.021755345240325654
only:0.014186555726269005
area:0.0341326281346739
which:0.013743535452314019
spots:0.12495337210572151
of:0.002068516867720624
reporting:0.05921738599473381
what:0.009791937265921608
but:0.0070774810877703214
reading:0.034960872833648834
nature:0.04055760789638053
san:0.04295707908089941
bodies:0.05078932127979576
in:0.007560838378488957
and:0.004061674622242445
few:0.02431518617985411
for:0.0034611581160858933
subject:0.0002840101797023223
however:0.025501052172307585
i:0.012185023866727335
developed:0.04507764187473442
any:0.021772069495506537
the:0.0016037298084873467
do:0.015283359976733971
jose:0.04850953908279835
symptoms:0.054903927397838434
last:0.023193218638930826
people:0.016013544043331034
about:0.020957791070678116
days:0.031683538559044384
mystery:0.058503138092205836
their:0.016103017218954404
condition:0.04040526689877682
somewhere:0.04127150062662326
high:0.029758764102569377
seem:0.029358644201018486
strange:0.046769819477177905
s:0.006600385966553386
