another:0.011609975551772664
report:0.019872922635993485
resident:0.061495376847842
out:0.006168466487332251
geb:0.027069484649524224
there:0.00961025115787589
know:0.006460079191928282
send:0.015357838329194884
case:0.012940372289564166
where:0.009672548681852156
with:0.006123846877377459
literature:0.024770223110808846
though:0.013013320427281046
1992:0.02065940594180258
from:0.013296946404662443
work:0.010602473633457088
to:0.002164710722655755
published:0.08586591025573928
cs.pitt.edu:0.026830374509036328
been:0.01536377368818261
that:0.00544876375027974
newsletter:0.03045941733919311
pittsburgh:0.023154792687166217
r:0.016231517103293874
nt:0.014954524643401855
publication:0.028724563224248385
anything:0.012153095027850282
re:0.0019578036794668614
michael:0.015731388490438165
so:0.005349793703585969
two:0.009763295458917862
on:0.002654496467221413
you:0.008729827058775735
october:0.028336563370040414
regular:0.021188704983013933
m:0.021499707520147727
sure:0.03427294272501367
a:0.0029246159703589427
how:0.006886717262979709
was:0.009271844336140164
as:0.004189079372863971
coming:0.018202251072196834
related:0.02017873814466581
accepted:0.02205177288324433
proceedings:0.030847417193401075
section:0.04303412696987736
are:0.0067320563518452935
those:0.009716835886322306
it:0.005385163817905318
not:0.003156596903539083
have:0.0026767047808777637
ve:0.009555673816897562
pitt.edu:0.02585249017844295
gordon:0.02348960276360744
date:0.01873193293080274
doing:0.014035093744321023
surgery:0.028592009255744247
edition:0.02551459216201588
has:0.011149470930749226
sort:0.016426498992989688
writes:0.006924213518508506
were:0.008122006793048687
if:0.0035086409411696825
liver:0.064979206730834
of:0.008144108295947168
but:0.003483158231677541
particular:0.017754196063266007
banks:0.024707520539883638
must:0.012133300667431924
they:0.009768791879662238
find:0.011080872972111992
up:0.007033823928546517
one:0.005148224648039909
in:0.007442081754743057
our:0.011674216874242898
or:0.003530426480120866
total:0.019167620396881684
opposed:0.02344044181936744
and:0.0029984090143255746
for:0.0034067943760426596
subject:0.00013977464341370836
i:0.007995757371534866
group:0.014121025836684007
we:0.007056250815256388
howard:0.0549526759412193
any:0.005357524954391662
the:0.004340985921402923
do:0.011282480401672722
when:0.006846463051537885
vol:0.028399265940965628
can:0.0045265235206163
tour:0.0319656062001972
about:0.005157152776554302
interested:0.01506322625871686
ignorance:0.02526607626024141
today:0.014864535423028027
living:0.05786395309993351
done:0.013867348436757585
issue:0.01639455501290499
recent:0.01988531459939802
field:0.020379360470855007
keep:0.013871280545161891
experience:0.017341480496309677
1993:0.01586207226706878
paper:0.04038375285064498
first:0.009830129996811734
chicago:0.022108374538240223
describing:0.027583190701663093
article:0.008485161050435614
written:0.018761879258932513
by:0.010371052092326347
s:0.012993429965571065
