effects:0.0754708220589931
all:0.0167380321166016
thanks:0.03497169552484496
your:0.022104074073355483
response:0.06160699215135687
to:0.002417893263317247
receive:0.0751301538860615
brent:0.09393796548752444
provide:0.11848967292222504
nt:0.01252769388986734
could:0.02647559921624662
its:0.03627762379007316
me:0.01901032772639552
on:0.008894891670864736
you:0.00975085946331091
am:0.028672567661427464
a:0.002450007238327009
how:0.04615308762207453
other:0.02419838575143703
advance:0.055500021345204376
care:0.05554415686445433
doing:0.04702987552921605
regarding:0.06942098896615574
be:0.010148443107674935
of:0.0034112383432585726
short:0.06075399764247837
please:0.03360377819132026
in:0.0031171877525349207
or:0.011830025573738339
and:0.006698200254224383
subject:0.0004683676647722508
mechanism:0.08431838245802462
i:0.010047300381336574
group:0.047317823417660436
info:0.05167360455074381
any:0.01795240818050539
information:0.08557267664855316
drug:0.0751301538860615
research:0.05416371018485574
currently:0.06313918424311046
the:0.0013223737017351805
do:0.012602068752745554
would:0.01636227449305923
reaction:0.08279186707224165
long:0.04175984640541377
e:0.05457701221147064
is:0.004713554857730945
usage:0.09054331886661075
history:0.058263291304401416
side:0.0564976154135297
project:0.06757255886689563
