sugar:0.024900753574938934
believe:0.00909067732355791
week:0.014426103784123779
at:0.0036860460772151923
superstition:0.02334903985556367
out:0.004929611293223681
proven:0.01984616725814575
know:0.010325314859065286
all:0.003991915609398707
take:0.008894347825672399
much:0.007310447152970423
mary:0.03924526199182639
such:0.008046097085639324
from:0.01416857329590252
except:0.01349105196235905
to:0.003459914209433048
scientific:0.017668198898761013
everyone:0.02558588081600923
apart:0.019274721504983612
day:0.021282870592157922
might:0.008899937807022786
enough:0.02035270733838825
make:0.007364353486818844
that:0.007257418942143866
like:0.004872966792923318
through:0.009914072359936512
could:0.006314264248226181
me:0.009067687702130081
re:0.0015646046141346045
msg:0.2525117461679743
had:0.01926035756086362
mean:0.011060343334016152
amount:0.015558230174170828
two:0.023407398736234035
chen:0.02346859371516223
certain:0.013792112936236438
you:0.013953112704821469
tell:0.020167573670480776
regular:0.016933232852534147
used:0.016522707182735276
etc:0.00971683676760768
them:0.0061333019729382455
sea:0.021118451284202058
shadow:0.022450893673819354
why:0.007446537992276177
a:0.0017529340491795754
how:0.0055036108670674655
other:0.00577116312900381
same:0.016251827201076253
was:0.007409716603358874
as:0.0033477579925398258
part:0.010247791265327518
local:0.012788215279983061
jason:0.038158131161364385
exact:0.017870068495160117
role:0.018467593194839295
processes:0.02317587995530068
sake:0.020850577398156322
play:0.013397147417491387
it:0.005738166188116685
not:0.015135816114877779
have:0.008556495617533938
proof:0.017519282810465185
japanese:0.02094903136221571
try:0.010194099047461894
bother:0.019186631926750006
knew:0.016243075576978072
without:0.0188051086594351
which:0.016216221747081812
writes:0.002766788246935407
get:0.005499472699962854
if:0.005607953303459492
of:0.004067794677107503
but:0.005567223617158244
years:0.009329604280252691
fact:0.010034590496354976
beyond:0.01634127279263015
they:0.007806858782491578
now:0.006911775723339933
diet:0.02133124800902838
one:0.01645708632260456
in:0.0007434297150397091
use:0.0069572365177713305
weeks:0.015232489059971172
substance:0.022547084126642362
and:0.003993696804296965
sensitivity:0.022310631364034234
for:0.00408387694031892
subject:0.0001117027485021686
i:0.006389914886875144
we:0.016917287519422217
sick:0.01879180865709191
meat:0.02449421069437974
the:0.0037845339413676298
do:0.006011028610096206
thank:0.015190352747989598
can:0.0072348618614034585
did:0.013756577769397198
chinese:0.046239433380625285
reaction:0.059236022047503445
just:0.014741279039320744
people:0.006298213975201327
many:0.01550795838977484
e:0.013016274878886304
different:0.010574129280381789
hold:0.014517910514410124
is:0.004496613002354207
days:0.01246130805251118
time:0.019826484977870883
food:0.10582793193716476
eating:0.02091595529733239
chemical:0.020786205352802848
ordered:0.0391970301531925
every:0.010176353669194125
taste:0.021555449875698282
natural:0.03503856562093037
thousand:0.01950341779175292
article:0.0033905141435841045
very:0.007293901639261285
difference:0.01341905375244513
react:0.02449421069437974
wish:0.015632123492798234
doubt:0.014560971962261788
psychological:0.02295561328799766
