geb:0.045754615646540944
all:0.016886156294624623
way:0.015330732916341091
though:0.021995966385935217
from:0.007491789862213943
my:0.008408975763984966
cs.pitt.edu:0.045350456028548126
encounter:0.05072766848095329
been:0.012984428205499462
that:0.009209857312419738
yup:0.05148450187421136
re:0.00330920798918735
so:0.00904257165827363
extremely:0.03909867597380204
these:0.014660495337158784
you:0.019674300510043253
medical:0.14240769812986448
products:0.03584147605430875
inc:0.03239836721950798
why:0.01574975734649563
doctors:0.04337573433550202
foreign:0.03905977675722648
computer:0.02372303455898509
are:0.02275792501243276
those:0.016424032338827964
care:0.028017849037822097
reason:0.02364789313281883
it:0.003034118847256389
not:0.010670973603114423
have:0.004524341709271264
being:0.01721950380464733
gordon:0.03970366484822142
treatment:0.03856905724805645
against:0.022860891965998643
writes:0.0117037591330542
of:0.006882852586397828
america:0.03484724384483595
even:0.014859818121823236
diagnosis:0.05231216610439564
what:0.008145505336253373
biggest:0.04276517795066174
banks:0.041762269231130744
necessarily:0.03440055781465665
they:0.008255925880599502
david:0.0441848714928229
establishment:0.050442174125039825
in:0.0015723867424291193
and:0.00844684545333606
still:0.01806822196663316
subject:0.00023625625568157783
half:0.03346587153622138
power:0.02391022371832338
cnsvax.uwec.edu:0.10296900374842272
cost:0.02938944782611399
the:0.00400222837162329
got:0.019576582492305965
planet:0.0418682532226946
wright:0.20121123253668532
did:0.029095770680406467
once:0.023743638893140764
increasing:0.045116533399626395
here:0.015932751377198195
ma:0.03549750376316386
is:0.004755267732578122
ignored:0.04542982478945751
methods:0.03937586598379355
natural:0.07410811666727751
article:0.014342174872860195
replaced:0.03828006642527721
opinions:0.05054177266407154
realize:0.03463284300116052
by:0.026294747119039806
high:0.024755078103022313
s:0.0109811731124959
