above:0.02497849568925271
read:0.020798193228421302
believe:0.0398655390886301
superstition:0.051196518582382736
andrew:0.03454548769882568
further:0.032548939459462266
such:0.01764235966484219
from:0.03106687172220828
to:0.0050576115966636
add:0.031524957949098334
make:0.01614752737018077
that:0.012730444970072544
sources:0.035313201607472144
re:0.003430646814478629
anyone:0.015347841739829279
msg:0.25166933834089183
this:0.004816352645609349
tar:0.05498121835606399
two:0.01710815993259919
syndrome:0.04998762612705132
you:0.010198146594655448
used:0.018114344113182253
etc:0.021305724655580144
sea:0.04630559501765406
how:0.01206755043329472
hard:0.02480948075757348
other:0.01265420172322854
as:0.00734049688272494
processes:0.05081683770015471
causes:0.03914817705848364
it:0.009436387974494642
not:0.011062568964696604
flame:0.03851058261355776
reported:0.03788410639460242
fuel:0.04427358317161568
have:0.0046903725976848885
japanese:0.0459341146382528
only:0.012234277415314557
nasty:0.048524986338720114
war:0.03244793684011943
has:0.009768573154922487
knew:0.035615551035759266
heard:0.02479492990293463
writes:0.0060666274405280956
whatever:0.03032073925461801
years:0.04091331051340172
they:0.017117791275371445
find:0.019416942547462297
in:0.0016300890082063348
or:0.006186343648652159
and:0.005254092859964999
sensitivity:0.0489196412477448
rogers:0.10138738144926096
for:0.0029848519533217798
subject:0.0002449262100185165
cause:0.0289312030581841
i:0.003502728573309999
mention:0.034630044167678196
ago:0.026249226838207747
20:0.02885167292115248
artificial:0.04726378458983385
pretty:0.026403853733207586
meat:0.05370748950419045
the:0.002766066091702947
do:0.006590072650518319
chinese:0.10138738144926096
just:0.010774207004274184
restaurant:0.05742735288132957
many:0.01700184428970728
about:0.009036845691026345
is:0.002464886485235449
else:0.023179378214110615
does:0.01117879646181216
food:0.07734824383175039
chemical:0.0455770924708246
natural:0.07682768058167302
thousand:0.04276437479109127
article:0.0074342466084091835
s:0.005692075971156132
