at:0.004921592248348777
out:0.006581994966929944
there:0.005127256902665628
played:0.022660352073487853
help:0.01195582525163015
hours:0.021878069142740906
all:0.005329987880705538
migraine:0.21946134759273866
anyway:0.017030803472874494
situation:0.019687889881422338
thanks:0.011136238239755101
wonder:0.02061657937327893
shape:0.053272922762985536
ca:0.011489098302191738
into:0.010004491078113891
prevent:0.02247495794507638
my:0.010616919121008954
to:0.0015398873297104256
besides:0.022626183207468654
janet:0.14192532032746583
then:0.00891553268031175
northern:0.029151550777859005
day:0.014208396847837274
that:0.0038760293344634283
view:0.01902429470829403
hour:0.02600957875240379
afternoon:0.031097398231871385
talking:0.018210565253420494
nt:0.01994632826040331
could:0.008430777404056186
anything:0.012967827655415664
started:0.018319803776474332
so:0.011416878183071733
anyone:0.009345892456097158
had:0.017144228890303186
this:0.008798588352593614
took:0.018856992605679773
m:0.03058803825957703
a:0.0023405097081224497
other:0.007705631216938049
same:0.010849683522506214
wondering:0.02010577375339272
was:0.009893420492752911
as:0.008939823019184563
lunch:0.031097398231871385
turning:0.02649851382512198
internet:0.015958290184997802
play:0.017887811356315318
thread:0.02325657985197746
pain:0.04946368715437557
it:0.007661573848937921
not:0.0033682123384132117
ames:0.028729720875578863
ve:0.010196277648197957
uucp:0.023651556465564657
heat:0.025531289631046294
after:0.010777730098686879
has:0.005948460747969559
feel:0.017018305498582
usually:0.018423188503835827
noticed:0.022660352073487853
get:0.007342871370341466
were:0.008666498868560331
if:0.003743857093650331
of:0.0021725205091143985
what:0.005142134653612465
but:0.0037166660460916773
drink:0.02801556796211582
who:0.007223759073932114
up:0.007505365197499355
continued:0.026671487152518446
over:0.011206372919102557
one:0.0054933570266794554
in:0.001985248065860229
and:0.00746531257384226
subject:0.00014914501056993463
exercise:0.13941536700003954
i:0.013864151922849913
we:0.007529295562647877
water:0.022905571031908104
later:0.01785146384892572
the:0.004210910670329904
do:0.00802589853526812
start:0.015740570323365993
around:0.013224549905886233
got:0.012358401238159632
can:0.004829977611383874
did:0.009183860577893662
thought:0.014997689414478842
afterwards:0.03133516144091494
during:0.032719212400027606
about:0.01650865106684701
head:0.01928971919248985
is:0.004502893188111685
night:0.018702987969743155
occur:0.02541785238992481
else:0.014114816901329926
time:0.008824078044154825
2:0.01088496956477882
experience:0.018504037848017588
first:0.010489133125089615
although:0.0176521757360601
very:0.009738784870298589
intense:0.06649474976994868
high:0.015627507405818555
giving:0.021191994118933383
telecom:0.032704560647803124
