effective:0.8075930867209089
treating:1.1464453076695444
in:0.035535940378898095
subject:0.00533939137840366
is:0.05373452537813278
