geb:0.11618587793391295
50:0.03877734032728574
work:0.022753623190902288
shameful:0.05966854954345817
to:0.0046456151463735865
within:0.03636460917216649
then:0.017931239885121384
cs.pitt.edu:0.0575797924856847
sooner:0.061360379414012935
genetic:0.06641881763816525
make:0.019776185206176446
that:0.0038978047801626605
re:0.004201578682900792
this:0.005898679082824932
on:0.005696728373475167
etc:0.026093527948968936
a:0.0031382115187559437
want:0.021265145704631252
question:0.02452793352075398
ethical:0.0670999931641926
are:0.007223723388777814
no:0.02529765699286539
race:0.049110446391568065
it:0.007704616398651055
should:0.03691712679176359
probably:0.0268227383711147
gordon:0.1008205421988544
able:0.029634440742816504
mapping:0.06223635179007711
cadre.dsl.pitt.edu:0.06122080053762465
be:0.01299912937387576
if:0.0075297799973416775
whatever:0.03713438852531868
of:0.00873890272205567
even:0.03773392017451743
years:0.025053656437981946
banks:0.1060480095082646
using:0.02476877054657214
now:0.018560835931216227
surrender:0.05491318365078396
and:0.0021449292948920776
subject:0.0002999658077754865
we:0.10600232966289651
possible:0.028954737336680695
intellect:0.05885314850037013
will:0.038201303760784865
the:0.0033876539774788895
do:0.008070987852881985
start:0.03165800098744396
can:0.00971422463413161
maybe:0.029751832385868808
n3jxp:0.060946739266566685
human:0.03602070080041096
manipulation:0.06577658826917707
is:0.009056380681707771
new:0.01937078162790502
type:0.036410252925075236
insert:0.05830494440857875
chastity:0.06054778771087106
too:0.021938403009713444
engineering:0.04344662351936066
skepticism:0.05966854954345817
