there:0.015555576026731313
all:0.03234128239478953
true:0.0437844202060652
tried:0.05250617039045205
thanks:0.033786214320612934
your:0.02135478342680106
often:0.05266644725896112
to:0.0023359307798149673
that:0.005879739414143674
wanting:0.09365444557601224
re:0.006337974623358823
so:0.01731882368449017
he:0.05390282059390628
two:0.06321320110689191
you:0.009420321854385115
brand:0.07636546309863924
more:0.021549475013910607
a:0.007100868436507094
as:0.01356125695283082
assistance:0.08827748159815928
question:0.03699976412452719
are:0.010896803077986874
it:0.011622217957287186
not:0.02043762740935474
try:0.04129474020921004
after:0.06539707415813394
if:0.011358481690905241
of:0.003295603145182011
but:0.011275986817803564
brands:0.10231250699577481
find:0.03587197860463373
for:0.005514387506984305
subject:0.0004524907947799711
i:0.003235571309243982
than:0.024247479359651884
patches:0.0958211128897391
thing:0.03837173618855859
see:0.02998958917646061
can:0.014653660888774803
may:0.03154280554982764
different:0.042834184712055044
n:0.062051110098379686
is:0.01366132001138969
logical:0.07978477907577577
having:0.04435409139695528
time:0.02677135542209684
although:0.05355490604669082
already:0.049250615615209346
s:0.010515869167051158
