cs.rochester.edu:0.11883728377675745
mark:0.02888099965665568
there:0.008824797938241803
with:0.005623340161437955
c:0.02486632399450923
such:0.036981100066688435
considerations:0.05611314632008233
except:0.031003475182728977
to:0.0013251915000873373
cases:0.07076510766319985
h:0.03397290504129343
that:0.0033356213984084312
think:0.013843731033928417
quite:0.025540378674128863
sas:0.1922609588126852
re:0.0035955817574824093
you:0.005344221052006941
inc:0.03520207207504232
a:0.00805675457219074
was:0.008514049366359477
as:0.0307736215468084
gary:0.08162843160620496
compiler:0.05379428038915071
science:0.0975470834471341
nc:0.05036471362050905
are:0.012363680415408184
phrase:0.09412193292582433
yeah:0.038021369655655314
not:0.0057972116209227395
examples:0.042190185453493574
founded:0.0527537651522254
systems:0.028850164618102025
directions:0.0566524681148039
campus:0.04980443565777853
against:0.024839238386133142
writes:0.006358292221322715
homeopathy:0.059924831633430854
of:0.009348105075275897
institute:0.03742747932628179
but:0.006396954060100099
dr:0.03768119812602405
fact:0.02306026085220038
well:0.01618142221301293
up:0.025835776352930474
direction:0.042482215240765675
in:0.006833834688249634
or:0.00648376401637582
better:0.021502075685590417
and:0.001835564492744182
subject:0.000256701508577099
i:0.001835564492744182
methodology:0.16781967437843895
driving:0.04026065953558827
the:0.002174287528814576
holding:0.04429479268933735
proposed:0.042439949745832616
extra:0.037352651052800494
rational:0.04910482648198594
development:0.037377529164001944
problem:0.020341973961976772
principal:0.05560247492283283
is:0.007750171929538382
number:0.024060238926901522
discussion:0.03305646100471338
run:0.02573879258064803
tradition:0.04509431546176206
article:0.007791662310736549
very:0.0167619470363793
useful:0.07373629263612382
919:0.05393263363388244
well-known:0.05762454616164399
