all:0.011634973544466966
case:0.030141598869594582
c:0.0315377767735239
from:0.010324051883294825
h:0.043087586881640445
sas:0.24384316727462513
re:0.004560250033880129
dream:0.06077180485560197
description:0.05335414952909636
tail:0.06931972340440684
principle:0.06086670900733433
inc:0.04464653043663904
more:0.015505110070984462
a:0.006812215248031195
was:0.032394919540294595
gary:0.10352874252494289
compiler:0.06822689220087408
science:0.04123941739228434
nc:0.06387719776259684
phenomena:0.07361509649695992
it:0.004181163777316732
systems:0.0365904526863733
tom:0.04628936857896043
campus:0.06316660132206056
ring:0.06077180485560197
after:0.04705399238207198
b:0.03732815056724685
his:0.08997214836611009
environment:0.051190896400948725
which:0.01575478454289656
structure:0.05617876145964737
writes:0.008064175500214175
certainly:0.03750923508848343
homeopathy:0.07600222548630255
of:0.002371226653240715
institute:0.04746899816991837
dr:0.04779078786715245
ok:0.0398030389086699
seems:0.028737647431476564
well:0.02052277939211396
in:0.013000953797157839
accurate:0.054542224077967924
rather:0.03138394698674224
and:0.002328033015187743
for:0.007935338119806684
subject:0.0003255726450246134
methodology:0.07094815502177906
than:0.01744635710023733
the:0.0036768439511661124
development:0.04740564674458783
microsoft.com:0.13610781769462726
just:0.014321811749583975
principal:0.07052021209725139
tradition:0.057192790341747
article:0.009882108296543915
intense:0.0725765866391513
919:0.06840236460882651
while:0.0794027746053118
