at:0.009273315920572959
there:0.009660831427127868
migraine:0.2067556906268433
situation:0.03709612935552209
nichols:0.1141949430468302
wonder:0.038845975871757144
shape:0.05018870091881269
though:0.02616362317484926
into:0.018850567399814593
prevent:0.042347552338617596
to:0.004352207873971045
besides:0.042632492569861985
janet:0.10696687300470056
that:0.0036516276361523874
nt:0.015033232667840811
me:0.011406196635837312
anything:0.024434117371783196
re:0.003936215818717585
so:0.010755901025104422
anyone:0.01760962894359359
had:0.032303336540676526
this:0.01657839279067639
recently:0.034834858574607254
m:0.02881715183402257
a:0.0014700043429962052
same:0.020443087900301183
wondering:0.03788351054586628
related:0.04056988405927547
play:0.033704402450320435
it:0.003609004523578652
not:0.006346421142904893
ve:0.038423867347945985
heat:0.04810632467323459
after:0.04061502500347266
has:0.011208152356700536
sherri:0.12247892024812386
without:0.023654847208447315
be:0.006089065864604961
writes:0.0069606567475532875
get:0.013835515529380235
if:0.007054214944877992
gotten:0.045365378039931716
what:0.009688864242069802
seems:0.024805127256642925
adobe.com:0.05601380868917887
up:0.01414168810897247
in:0.0037406253030419045
and:0.006028380228801945
for:0.0034247248727586736
subject:0.0002810205988633505
exercise:0.15761274121899208
i:0.01205676045760389
snichols:0.12662018960067237
the:0.0023802726631233255
do:0.015122482503294666
can:0.009100694657239087
is:0.0056562658292771345
occur:0.047892585029437273
having:0.027546225183372224
else:0.02659528658250586
time:0.016626420735828564
experience:0.0348655028925805
first:0.019763735046221486
article:0.008529819792806327
high:0.029445513954121278
giving:0.039930178392516585
