some:0.01556715833511139
go:0.012969548345294181
at:0.005873100083029541
superstition:0.03720280350319812
migraine:0.04364842357677803
produces:0.03512259616011767
with:0.0038988491785969825
miss:0.03217213710470739
such:0.012820114689785325
service:0.024283941523188954
alexander:0.033930068076097795
my:0.0063347617422020094
to:0.0027563983201816617
add:0.022908136109678123
1988:0.030467338959715245
might:0.014180567572522973
that:0.0069380925086895365
nt:0.00476052367814959
me:0.007223924536030299
re:0.002492936685187804
msg:0.14630377535550512
this:0.003499882922476127
617:0.06944495219055197
syndrome:0.07264868330464792
you:0.007410653192116292
brain:0.029395855993111956
medical:0.02682011648112448
used:0.013163090055579104
am:0.010895575711342437
impressive:0.035054219492336405
m:0.009125431414107148
a:0.004655013752821317
other:0.009195386585546073
want:0.012617319784747878
was:0.005903074227342571
said:0.014610032191089549
capable:0.029251861914422212
local:0.020375889679439683
wife:0.026939880180959802
no:0.007504971574550066
it:0.011428514324665733
not:0.0080388001143462
due:0.02210094989932322
edition:0.03248858068630022
neck:0.03866699423124322
call:0.017713040653324717
uses:0.02276663419890958
naturally:0.03422380134139132
without:0.014981403232016634
be:0.003856408380916476
which:0.008612615550116786
boston:0.027798514235663603
writes:0.004408415940117083
end:0.01802822268383673
of:0.005185082281753031
what:0.0061362806866442085
but:0.008870442963338804
associated:0.030331970518643607
understanding:0.026761031899405506
order:0.01869544574088328
good:0.010800065675729996
one:0.013110812103674967
in:0.005922656729816349
and:0.005090632193210532
sensitivity:0.035548272640027884
for:0.008675969677655307
known:0.02171285831777572
subject:0.00017797971261345532
p:0.022440853597542335
i:0.005090632193210532
ago:0.019074438169097627
will:0.007555368966021896
source:0.020795119744665497
the:0.0010050040133187373
do:0.004788786126043311
when:0.00871782961895824
quote:0.05379943883387452
dictionary:0.03286963677856654
would:0.012435328614725015
chinese:0.1473496610395926
an:0.005985987590411579
m.d:0.041730543093766156
places:0.0762964376458067
long:0.015868741634057233
restaurant:0.08346108618753231
head:0.02301906490303789
ma:0.026741452834916777
is:0.007164603383751038
having:0.017445942616135742
does:0.008123258762250169
served:0.033704057731593254
food:0.05620639051773862
nothing:0.01703237334333939
article:0.0054022192021106735
luck:0.02748525750609081
by:0.006602903165447775
alex:0.03739329265282516
s:0.00827248374474691
