since:0.05130311854881234
effective:0.10353757522062933
choice:0.09672724806457803
covers:0.13787672522734484
young:0.09625783402754325
re:0.00958821801995309
treating:0.29396033529988314
two:0.047815113657777214
on:0.01300022628818692
rind:0.6715142088735081
antibiotic:0.1719899022203047
it:0.017582329730254972
usually:0.08455771133811829
considered:0.08827802454390286
writes:0.01695544592352724
depends:0.11040425988467939
of:0.00997131208029429
david:0.12802283278689713
in:0.013667669376499268
and:0.004894838647317819
for:0.008342278536207025
subject:0.0006845373562055973
cause:0.08085900341902734
the:0.007730800102451825
is:0.013778083430290456
article:0.02077776616196413
