geb:0.15206681082526843
miller:0.14004988345695793
sue:0.3258256064304037
cs.pitt.edu:0.1507235744478217
make:0.10353414607939433
re:0.010998250081710898
this:0.015440659952100559
sure:0.06417776529880011
a:0.004107365076018809
as:0.047065538836295204
race:0.12855381555439876
should:0.048318004183337634
gordon:0.13195629787791238
netcom.com:0.09467750513885703
writes:0.019448893853457716
if:0.019710306463629684
of:0.00571884075193349
even:0.04938704258135369
banks:0.13879813009169925
they:0.027438812485521873
one:0.02892090905222419
in:0.005225873585132073
for:0.009569084203296293
subject:0.0007852046144711264
we:0.11891857991593853
do:0.02112699761489696
can:0.025428411542285687
long:0.07000915426789955
article:0.023833320009311793
