another:0.01840253386214588
bottom:0.018616241194394277
some:0.004844551349101054
at:0.007310912966426814
effects:0.017849945466234883
form:0.014163406325651018
all:0.003958787679030254
thanks:0.008271313879320178
hand:0.013100578653330596
with:0.007280008839703908
much:0.0072497795417424534
literature:0.0196311726728817
treatments:0.024140036148489145
from:0.0035127479436936745
feet:0.01822432343964868
post:0.010716090474818175
several:0.02338963794246802
my:0.019713988824280108
to:0.0028593343570349184
80:0.016583658205241946
been:0.006088134386810952
male:0.019942521992146904
that:0.004318314839433321
realized:0.021734150276070296
problems:0.011382046621957565
quite:0.011021574199624072
control:0.025308168215278204
like:0.004832527234475822
nt:0.008888944627250272
along:0.014497765191457406
months:0.02818086755169975
could:0.006261863715045881
me:0.004496218590890227
started:0.013606825211572221
anyone:0.013883109955530217
this:0.004356700733372772
he:0.0065980631017437145
extremely:0.018332574211782696
two:0.007737715488188014
on:0.0021037710590841906
you:0.002306219873065236
combined:0.021047368373673728
support:0.011364963939973053
m:0.005679729095917312
a:0.0034767737572939292
as:0.0066399515370706924
old:0.01098719121303869
worked:0.015950887305287757
part:0.010162747354411939
also:0.0061555897580065
advance:0.013126561065048338
outer:0.0237851723582893
illness:0.02523610077521772
are:0.002667682081332886
helping:0.04298474114862213
taking:0.028273444266818302
base:0.015981891516236725
action:0.01527756465073011
pain:0.0734771784284915
it:0.0028452732758503896
not:0.007505103841194583
courses:0.024528111077994633
twist:0.02421480173148781
treatment:0.01808424675946215
left:0.012134461342325981
accident:0.020163874609181315
hope:0.011985317583568652
has:0.022090756719637988
his:0.00765323253736621
be:0.004800508357987314
recommended:0.020367744686266977
if:0.008342121407843269
of:0.00887488149885114
but:0.011042045182579424
result:0.029336115859016614
year:0.01026871666477034
years:0.018504360356683763
latest:0.017287745229264528
well:0.006982854398976534
please:0.007947781563922219
groups:0.015268819910731916
who:0.005365364623376964
now:0.02741766635482563
one:0.004080128248031629
in:0.00294904069534424
dropped:0.02061370572331901
or:0.0027979728535397733
41:0.020775180479541723
and:0.002376332455336866
for:0.0040499858453785145
subject:0.00011077575473866513
car:0.012691466140594977
i:0.0015842216368912442
info:0.012221557922790031
developed:0.017582150772717988
ago:0.011872056951720516
any:0.008492010508620808
pretty:0.011941991937425836
will:0.004702511804577944
yet:0.010913148309901094
alternative:0.018067065047154964
the:0.0059424511160962685
painful:0.02365130985945851
drugs:0.01799904094020195
would:0.0038699155440015606
major:0.013595136816256398
friend:0.08646969509608644
an:0.003725718417268617
newsgroup:0.015950887305287757
long:0.009876810145678776
doctor:0.036556191648114834
interested:0.011938075582634522
is:0.016722362669543397
thumb:0.024447538107633216
having:0.010858470507968305
new:0.007153525165491896
too:0.008101733891553928
under:0.010071881440272362
words:0.013725556562271262
position:0.014285655424117062
supposed:0.01513981332537909
e-mail:0.011409526044200275
diagnosed:0.023521631255707037
three:0.01210990874054968
feels:0.021227023169330672
past:0.013707528825325159
grateful:0.022359971395300934
aware:0.016999573493696594
needed:0.013841587925875606
mine:0.027097419458921048
summary:0.017849945466234883
s:0.005148848803784385
