health:0.03530802203604026
go:0.016486713998255315
chris:0.0650296142867678
thanks:0.016893107160306467
with:0.009912328420161818
my:0.016105326463225447
to:0.0035038961697224516
mom:0.05060931687807747
been:0.037302721709019646
make:0.01491593629957376
she:0.1685665670287364
that:0.011759478828287349
think:0.012201254470580977
really:0.01653725206094005
nt:0.006051513150190157
months:0.028777919830337458
could:0.012789060638356418
so:0.008659411842245085
this:0.00889800743002405
off:0.01850387667759619
something:0.016870011162402734
big:0.047047128031653514
why:0.015082394747067851
a:0.004733912291004729
was:0.0075039079161134375
as:0.020341885429246233
stopping:0.04803994180191013
taking:0.028872457916539026
d:0.015439357816754538
it:0.0029055544893217965
not:0.015328220557016057
should:0.01392213679858881
have:0.008665264629621234
being:0.016489863812924985
left:0.024783094775428487
has:0.009023512490563991
heard:0.02290379118152436
common:0.02852650881043517
soon:0.030482996924063307
were:0.013146638114172026
if:0.005679240845452621
of:0.0016478015725910056
relief:0.04430491428542181
reasons:0.030818004032170384
treat:0.04089678445513652
well:0.01426159245892665
up:0.011385257375867666
now:0.013999274558290205
breast:0.10862903725484555
accurate:0.03790222351180822
tends:0.044056860198132715
and:0.003235571309243982
for:0.008271581260476458
subject:0.0004524907947799711
i:0.004853356963865973
6:0.024901268072535548
any:0.017343851970996735
information:0.02066797698715055
the:0.0006387737372788584
risk:0.0363571255728764
her:0.02802041360109939
because:0.014955273719445033
cancer:0.04413874079907964
thought:0.022750732247387394
just:0.019904890906201456
note:0.02509906015998727
doctor:0.03733068723387998
is:0.004553773337129897
deal:0.02793487281152974
gave:0.03145655858506688
told:0.026273048870585847
various:0.030208296426738886
disease:0.07711517928468713
diagnosed:0.04803994180191013
says:0.02170361647819973
black:0.0897343819384052
especially:0.02648555684319781
s:0.01577380375057674
