some:0.015706774104933017
large:0.013426161972590025
at:0.003950515750916731
there:0.004115600832184518
desire:0.0217914519318955
technology:0.015101648815322614
all:0.004278331079131351
happen:0.015164270072499172
situation:0.015803283806164116
take:0.009532507310922436
with:0.005245088581072173
method:0.01789640324101596
much:0.007834963540627495
such:0.008623395531245734
mentioned:0.01576306555512035
from:0.0037962881364581864
gain:0.041126502515634544
my:0.012783151497717058
to:0.00556223876269842
stop:0.014905619347895235
rd:0.02322718075519716
within:0.014513229669609046
long-term:0.025351774262307655
us:0.0092371138393946
software:0.012626842549243303
been:0.006579553305925736
that:0.004666878369073679
think:0.0064562691817424
smaller:0.020140099861188192
appears:0.01749013913629745
nt:0.0096064379155485
dynamic:0.024719134808227364
me:0.004859142064594371
re:0.0016768632411577153
larger:0.019084536969151494
afraid:0.020247642303728483
eat:0.020247642303728483
this:0.007062544013965278
off:0.009791289004288568
on:0.0045471643519218825
you:0.0024923721498148962
great:0.011306056900146534
inc:0.016417109846656508
them:0.006573359513597493
working:0.014208695115276265
seeing:0.017974393118647656
cycle:0.13602534510508488
m:0.012276365131085848
more:0.005701430609061551
prove:0.0176094095960251
a:0.0031311751700591815
how:0.0058984887768122165
hard:0.01212660718643726
tektronix:0.027597403356085633
as:0.007175911750825277
cycles:0.026687354728297787
someday:0.025854542415315308
others:0.012091157950979354
success:0.04019558956781711
are:0.0028830106798261234
results:0.016426384524073814
works:0.013341372168388968
reason:0.011983013112145864
it:0.003074936589596161
not:0.0054072646509055146
have:0.004585207292804061
only:0.011959966262504812
gordon:0.02011889743430054
reliability:0.024660515608373762
between:0.010416438771508545
able:0.011827198323366228
always:0.011914601336317074
101:0.026009188944782435
chuck:0.04469316590277454
tendency:0.02616935971878279
usually:0.029576239840238685
without:0.010077177061894597
be:0.005187993337555797
which:0.00579323915927138
perfectly:0.020035076210030797
writes:0.002965302201872477
get:0.005894053700857051
certainly:0.013792633530294354
depends:0.019308368320638997
of:0.004359654384882033
totally:0.018473162782819068
describes:0.022416651641535612
but:0.0059666656704072665
associated:0.020402670752450856
years:0.009998992928163199
accepting:0.023020494175823757
least:0.010796692299132207
banks:0.02116204674043845
fact:0.01075456111492753
well:0.007546492870642802
notion:0.022176056513767358
degrees:0.022670890850847475
author:0.01813456389264801
diet:0.022861741139721
one:0.01322839786245232
in:0.003983849818262118
purely:0.02234658295138727
5:0.011654138506357322
or:0.003023818195977961
lb:0.027597403356085633
and:0.0025681440436600214
for:0.0029179270216329505
subject:0.00011971729547990268
i:0.007704432130980064
pounds:0.024660515608373762
back:0.00944554582989927
20:0.014102387212581256
will:0.005082086748445221
unfortunately:0.016510731304152274
the:0.0027040466726064682
constant:0.022243490941411037
do:0.0032211565870246487
when:0.005864010954456215
can:0.003876977544563737
extra:0.017420070446149107
put:0.011154526006936229
just:0.005266316428098143
people:0.006750103767144024
15:0.014985698349688985
hold:0.015559554318134619
is:0.0036144299581703666
weight:0.09966228029155336
portland:0.026970668188484027
occur:0.020402670752450856
new:0.007730939752841017
time:0.007083004349344007
keep:0.011880782888457045
does:0.01092815080123341
lot:0.011114589185046595
fat:0.024433413667482484
experience:0.0148530169273325
too:0.017511371012237636
change:0.013327395102737612
article:0.0036337797323614395
conscious:0.026970668188484027
going:0.009765989614572567
high:0.012544053029782606
seem:0.012375392622850841
check:0.014839962173038965
range:0.01793522863448284
s:0.002782225474690665
