fast:0.04002066580400043
all:0.010966296903980358
lawyer:0.061040240337560656
youd:0.09720466714254186
wrote:0.029604310053940933
my:0.010922003003796567
to:0.003168273931243289
remember:0.031984184327830255
that:0.011962228463257821
bit:0.03132280687420345
really:0.022429836128631333
could:0.017346082245127094
me:0.012455042303500514
cant:0.06463899652120604
sitting:0.05218155740760871
re:0.004298166698599662
something:0.022881164565097964
these:0.01904179279424072
you:0.019165482393404203
tell:0.027701437397959227
used:0.02269498285444673
access.digex.com:0.05140761349877437
why:0.040913162762161066
more:0.029228023582085653
a:0.006420708624581126
want:0.02175399962887565
test:0.04110229717218012
learn:0.04379326644508312
lie:0.05241260544578212
it:0.007881734017010849
have:0.005876443829283366
being:0.02236556241293274
only:0.015328002738727432
robert:0.03672887389606556
get:0.015107746842426693
were:0.01783107238473907
what:0.0211595885746352
explain:0.04132250032198395
but:0.0076469335890851755
they:0.021446428149603302
tubes:0.06964265251267554
in:0.006126886272223809
purely:0.057279172392636336
office:0.04196250474765702
and:0.004388476028629768
for:0.003739642102437632
subject:0.0003068615734714747
car:0.03515681999865965
i:0.01097119007157442
than:0.016443692899074266
cost:0.03817250119943541
the:0.0008663827701023598
do:0.00825652780352295
when:0.015030740722341791
around:0.02720913141555903
would:0.010720110874762942
can:0.019875080285924444
mr:0.038815582509004756
just:0.013498719120297539
is:0.006176382227371584
time:0.018155287010387513
somebody:0.043629060039939715
blue:0.045938639396129986
opinions:0.03282310523586255
s:0.007131451504092164
