since:0.013894594606970009
at:0.006117812586489104
out:0.008181785410280971
folks:0.025716776738158177
say:0.013177395654635717
honor:0.03742189657130225
keeps:0.06630828055973335
continue:0.027140320881260033
with:0.00812260245541038
january:0.03610214932902542
ca:0.01428158747286334
from:0.005878973989098441
prevent:0.027937621334504663
my:0.013197420296254184
to:0.0057424965003784615
think:0.009998250191170522
like:0.008087771274365786
nt:0.0049588788314058226
stretch:0.038189548476856586
mainly:0.033421267230059705
me:0.02257476417509468
re:0.0025968090470706285
so:0.0070959069262841665
had:0.010655614483903716
97:0.041617727783409546
you:0.003859715204227235
machine:0.06776665321509055
am:0.022699116065296742
phd:0.046001559567033556
3:0.01626018017109458
m:0.009505657723028279
a:0.002909383595513323
other:0.009578527693277158
was:0.012298071306963688
said:0.015218783532384945
acts:0.0304115874826071
are:0.004464662372230733
taking:0.023659375237163924
month:0.027595857565189293
pain:0.12297222223101702
it:0.016666583390137525
not:0.008373750119110623
have:0.0106510544405761
university:0.01632180626110176
after:0.01339731727545105
technologies:0.034290455722795855
extended:0.033197953954819906
somewhat:0.0298738670650181
has:0.007394267179767715
be:0.0040170920634546615
found:0.018573059064284702
of:0.0027005636884130367
helped:0.03268959698243591
but:0.00462002237673896
associated:0.03159580262358709
warranty:0.03564979306394929
they:0.012957217007051994
policy:0.02664407807582847
one:0.006828547970664045
in:0.0024677736374234785
or:0.004682718456271426
rather:0.017871414256339327
use:0.011547080053801027
and:0.003977056400945728
for:0.002259367103556069
subject:0.00018539553397234928
i:0.011931169202837183
period:0.0263264668999765
back:0.07313738611345616
body:0.02465056335885105
water:0.028472897324385765
allow:0.024349129662323554
than:0.01986946225304807
the:0.0036640771318912297
when:0.009081072519748165
less:0.05726803242908911
return:0.051255107053012894
previously:0.03302433380061561
is:0.0037315642623703318
center:0.022684936343561172
dale:0.06702528563480706
their:0.010511691795706346
encouraged:0.037183778005478424
first:0.013038575204104452
update:0.030151681888724344
very:0.01210585063738505
while:0.015071822957489739
