thanks:0.03761106877200308
among:0.06499066920727972
with:0.01103447880734995
hill:0.09402430185206341
t:0.048608925566046075
appreciate:0.07243798746065083
provide:0.06371614487327196
really:0.03681878760737596
me:0.020445069441595184
anyone:0.06312885847703363
names:0.07729994739586564
communications:0.07960533766667348
more:0.023989038223032562
a:0.005269826889986396
services:0.0754087099521379
it:0.012937940744904602
area:0.06053711405017636
regarding:0.07466030888812976
network:0.06931112584961466
familiar:0.0869180837677563
heard:0.05099334640414858
common:0.0635118498043651
if:0.012644347542705835
of:0.003668690293693182
park:0.08474042017065975
women:0.07130783384591367
who:0.02439722404214808
in:0.003352447205556424
and:0.003601862400856508
for:0.006138657790793848
subject:0.0005037161677739301
i:0.007203724801713016
information:0.04601549593365594
research:0.05825153736861844
the:0.0028443509810907657
would:0.01759716313404483
can:0.03262513179010239
triangle:0.11389505495756062
carolina:0.10878420676632666
is:0.005069294846993659
center:0.06163454402778884
disease:0.0858451995810668
very:0.032891367769499004
condition:0.07166217148084945
give:0.04458936361049069
north:0.07573876952661934
s:0.011706344921811666
