some:0.005779885520462149
boy:0.02244966685702885
there:0.009086920649278688
know:0.006108292701278722
keeps:0.023634634654954464
nowhere:0.02554935235344957
from:0.00838190350920966
my:0.00940806199336932
paranoid:0.026343127848871252
weather:0.02583231479820179
to:0.0020468304357784614
near:0.01784542464099765
day:0.01259060908793501
expand:0.026676995575581806
that:0.0034346992617274932
control:0.015097199356143681
like:0.0057655399183597685
really:0.009660374966291713
asking:0.017749667399199972
me:0.0107286007960846
re:0.003702381215625451
lost:0.03469808241898861
this:0.0025989229622347476
infections:0.08588105037586061
jon:0.04108285409622112
he:0.007871946571882353
best:0.012055327128521951
infection:0.02769606515084987
on:0.007529834038207276
possibly:0.019192839917808617
them:0.007256728571941787
potentially:0.028377359100731296
m:0.013552620912040318
sure:0.03240659435880005
a:0.0027653547046463268
as:0.01188288356757948
question:0.010806861798748043
occasional:0.02907330935133124
course:0.012109662375742668
others:0.013348159520140575
no:0.005572998693972821
base:0.019067504234718074
it:0.006789216430494494
not:0.0029847030127523014
ones:0.016795197922657705
cool:0.022726866210269325
catch:0.02398954519186593
have:0.002530943629443826
spread:0.023075826001133407
husband:0.026397232158436548
area:0.015883500221085877
hurt:0.022328621827998333
kind:0.027282442544188712
60:0.020156729105896127
nasty:0.02618427480653709
netcom.com:0.031871635393278606
degree:0.021937892825079172
his:0.009130836839134933
personal:0.016603442926711464
sun:0.017962833188608127
be:0.002863669589789462
writes:0.006547152386312498
get:0.03253400928938422
down:0.03511434025177957
of:0.004812885781330165
even:0.008312670533495176
what:0.013669932222722244
but:0.006586962596538715
women:0.03741896231518242
they:0.004618413982711602
who:0.006401251852642813
good:0.008019850749304452
in:0.005277614907757143
gon:0.02366586816581221
yes:0.013202207279722222
rather:0.012740018083727047
men:0.05215245375189121
and:0.0056702586310513345
for:0.0032212758704165743
subject:0.00013216315293078365
i:0.007560344841401779
group:0.013352059083201214
similar:0.01566712023696387
stupid:0.019117258372606697
the:0.003358305490050236
wrong:0.013086247806088419
do:0.0035560293015173103
thing:0.02241517262499957
when:0.006473635855662059
would:0.004617077455962258
can:0.021400148327666173
na:0.02157575974767514
symptoms:0.05109870470689914
here:0.008912875770412852
many:0.00917426251276284
is:0.005320250037438889
weight:0.02200464208417465
mostly:0.02020321296901414
time:0.015638712573304094
keep:0.03934774134840477
does:0.006032122843255075
yeast:0.1131874458906127
experience:0.01639714244948093
noring:0.061976054099652705
tammy:0.03059177602173954
under:0.012016452609433858
natural:0.020728260354956337
article:0.008023097824916841
answer:0.015031044763014142
dangerous:0.020815572936570728
s:0.012285866947643928
news:0.015192458000809003
