reference:0.02646548271644223
believe:0.015409020427874754
effects:0.030509481257890825
there:0.013018141639392161
proven:0.033639957267353436
know:0.008750887416016324
case:0.017529156789409615
take:0.015076234966919882
where:0.026205060967854774
establish:0.03609581710223169
harmful:0.037895678951707576
from:0.006004058542057982
iastate.edu:0.034086154610690804
2.1:0.03721972022969108
my:0.006739108236385115
to:0.003909784851321506
cases:0.052195540404062296
day:0.018037610182715404
she:0.11755824414533626
that:0.0049206329848861955
baby:0.03539766055745685
had:0.010882329685688901
off:0.015485513815293265
relationships:0.043300927547784855
overwhelming:0.04101175455301145
took:0.023939018981678575
a:0.013865998412659243
how:0.009328815583185279
dose:0.04281161640248733
pregnant:0.08626808917485773
woman:0.03105864253542853
question:0.015482170803880172
also:0.01052125625304657
isolated:0.041923934537565294
are:0.009119310377322347
taking:0.048325532399313545
caused:0.028243362972022464
month:0.02818300347083162
it:0.0024315987924820705
not:0.004275957507630957
pregnancy:0.08878838956120458
have:0.003625890873387609
desk:0.03797492221836095
minimal:0.0366685926812704
mother:0.03020995811162648
has:0.007551592013379794
feel:0.021604799179050903
sort:0.02225149863589383
get:0.00932180124319945
of:0.006895056225735414
what:0.006527958177281072
but:0.004718320725180214
women:0.026803653856974644
now:0.011715704949491094
one:0.006973836225359025
in:0.0012601397297481594
according:0.0243938028694058
or:0.009564701527703338
substance:0.03821810713664911
and:0.0027077830814949636
for:0.002307438744057262
known:0.023098785444442254
subject:0.0001893401198015482
half:0.026820166550305075
i:0.0027077830814949636
appreciated:0.02400540510054073
similar:0.04489018848037874
any:0.014514712997004358
information:0.017296604854494788
drug:0.030371764336918478
impossible:0.0291932812406655
normal:0.05350869041870274
the:0.002672883014145578
risk:0.03042653062127245
her:0.023449707836381048
physician:0.03909480185982058
reports:0.02804413080984505
wants:0.02496833448648049
jim:0.04803306024040949
about:0.006985930356892706
is:0.01905479623338042
right:0.013757968750285812
first:0.013315991697808801
e-mail:0.019501388486895508
very:0.01236342192754218
majority:0.029239635644777454
babies:0.03938043235016058
while:0.015392500041691648
s:0.004400257311035591
