some:0.00589665088451189
laser:0.02475483828238247
at:0.004449318244719349
dan:0.020069714592864944
know:0.012463385107659616
help:0.021617098182240377
all:0.004818524397203492
involvement:0.028113304462146355
differences:0.023133384917253273
case:0.01248288438033715
with:0.014768368100746145
option:0.0211647031426888
ca:0.01038660907117334
such:0.009712208098322217
correction:0.05466953135027999
often:0.01569353731453892
my:0.004799061925910613
to:0.004872421273048391
then:0.00806000176654446
important:0.015870551984713245
aka:0.026159905598025085
tool:0.02374463053544633
that:0.0035040871256007762
r:0.01565767558954106
depth:0.053112453776267284
nt:0.007212914663863016
could:0.0076217634107376645
anyone:0.008449064392128239
this:0.007954279369263925
contact:0.017576122722124082
possibly:0.01958057405756233
medical:0.02031827006145794
state:0.013422794883538466
came:0.015246094608474479
m:0.01382641123349568
why:0.026965493638697068
rk:0.06968344872075347
sure:0.011020424344238403
a:0.004231830684383015
other:0.0069662019587470245
vision:0.04816087461906269
was:0.008944051859609956
as:0.004040980607156659
also:0.007492409755957407
california:0.02009832942890372
mind:0.015301291934394633
daniel:0.02160898987473909
it:0.005194779238484424
not:0.012180000173251817
being:0.019654585150759074
only:0.006735031506410539
whether:0.014431609014554671
after:0.03897401389222124
surgery:0.05516236129138537
love:0.016526350707987116
be:0.008764564502082899
which:0.0065247087500884746
considered:0.01738809574349602
get:0.006638252400460214
were:0.007834865138748986
if:0.010153794238839534
of:0.007856185275383381
wear:0.02475483828238247
understanding:0.02027350901470114
well:0.008499332879562348
slight:0.02715753678720429
alone:0.019389966340477245
must:0.011704345593330796
they:0.004711715275291635
up:0.006785153385618105
clear:0.03331061355744054
comment:0.019846451499407895
in:0.002692116695371068
5:0.0131256206409984
or:0.0034056134227428555
and:0.0019282697701555045
consequence:0.03016110803845021
for:0.004929528225940515
subject:0.00013483311561625404
however:0.012106560122206633
i:0.00482067442538876
possible:0.01301500819679082
any:0.005168117506509128
necessary:0.018205938270108715
remaining:0.025327205379892585
than:0.007225259001108391
the:0.006471616752431263
thing:0.011434002197600792
when:0.006604416377998666
less:0.013883159376748878
would:0.0094207034960038
can:0.008732989822603166
an:0.004534839083645136
thought:0.013558517197937943
just:0.005931255371039828
about:0.009949658387089612
is:0.0094985272133063
done:0.013377088643538882
field:0.03931775605993239
applies:0.024048969886548335
does:0.006153983910795582
contacts:0.05823800968298297
exception:0.02512912097002753
first:0.009482600148439602
faq:0.039213081443411714
cutting:0.02704274764034795
95:0.02704274764034795
u:0.01909920951309604
difference:0.016197746701183773
while:0.010961325787265266
