keeps:0.03819356960240641
someone:0.01762766491730416
my:0.00760171409064241
paranoid:0.04257049460377594
to:0.0022051186561453293
scientific:0.03378159629443106
day:0.020346424286102976
expand:0.0431100248501402
like:0.009317112508069386
asking:0.028683462517107152
me:0.008668709443236357
account:0.03259823525381808
re:0.0029915240222253645
so:0.008174484779079361
this:0.008399719013942705
infections:0.09252251827159383
th:0.04654198969428707
jon:0.033194946109746666
he:0.012721065660161882
infection:0.04475684128377339
recently:0.026474492516701514
on:0.012168211805742958
possibly:0.03101562930717873
them:0.011726873372257928
gross:0.046124503668922505
potentially:0.04585781230678178
posted:0.05461409479171033
m:0.021901035393857154
sure:0.05236905648382088
a:0.004468813202708464
was:0.007083689072811085
as:0.006400913281736148
question:0.017463888666776835
others:0.02157062578454717
no:0.00900596588946008
it:0.008228530313759327
not:0.0048232800686077194
catch:0.03876710503005534
have:0.004090004905181223
spread:0.03729053481783159
husband:0.04265792716803346
kind:0.02204421357570448
robert:0.02556329623166163
details:0.03051857505832268
netcom.com:0.025752281397769115
his:0.014755432332042054
be:0.0046276900570997705
writes:0.010580198256280997
get:0.021029983604657958
were:0.012410426379778393
of:0.004666574053577728
what:0.02209061047191915
but:0.005322265778003282
women:0.0302345215506674
who:0.010344422993870787
good:0.012960078810875993
in:0.0014214376151559238
gon:0.03824404295595253
yes:0.02133476696403111
men:0.05618557684203747
and:0.004581568973889478
subject:0.00021357565513614637
i:0.004581568973889478
group:0.02157692747845316
similar:0.02531806630293361
stupid:0.03089348953013242
unfortunately:0.029455144646607655
the:0.0018090072239737272
wrong:0.021147376454638885
would:0.007461197168835009
can:0.02074958381850512
na:0.03486642775224303
symptoms:0.08257550680634901
instead:0.02454187449267713
an:0.007183185108493894
here:0.014403207244987169
actual:0.032498855093829625
e:0.024887117568430615
is:0.006448143045375934
yeast:0.1371831844194226
noring:0.10015330342503877
tammy:0.0494363100511311
natural:0.03349686873360944
article:0.0064826630425328085
answer:0.024290168337030852
s:0.019853960987392588
news:0.02455101212930735
