penguins:0.0322901211390041
looks:0.021261524685552112
at:0.01094366475098672
geb:0.032113488000367243
there:0.005700490593646878
know:0.007663820656262744
all:0.005925887146871373
happen:0.021003926870604442
i.e:0.02145676395636896
with:0.007264936357634128
someone:0.01368607524635416
from:0.010516425520871746
shameful:0.0329844776979365
my:0.011803903867457157
to:0.0034240972921511324
day:0.0157969132656079
that:0.002154687114499856
like:0.00723378300315946
along:0.021701623671684687
months:0.02109189155266969
me:0.006730364474562389
re:0.0023226118184979535
so:0.006346649673198261
this:0.006521520973557999
chronic:0.035603891542532434
hi:0.01957153204977891
two:0.02316508611991691
on:0.0031491231381322355
you:0.0034521676360790175
united:0.0243572793967529
m:0.008501954733640198
a:0.005204363201912031
as:0.004969653169049804
died:0.025193807584809474
turns:0.054829251845547725
are:0.011979715185116004
it:0.01490675781478139
not:0.007489565323925029
have:0.003175469646879831
gordon:0.027866547377944226
tissue:0.0379219303368799
amazing:0.030443838384544893
second:0.03415771151120828
after:0.011982693712204666
usually:0.020482923864513124
cadre.dsl.pitt.edu:0.033842554334463315
anybody:0.01887947294976829
be:0.00359292706296566
walking:0.03311950867083343
kill:0.022948025506853327
soon:0.022341575385338323
tall:0.035114569319842276
down:0.014685500477969925
if:0.008324849934949183
of:0.0012077055004083145
cheers:0.027044488673070473
totally:0.025587051556327033
but:0.004132193927021181
happening:0.02819748754324197
present:0.022512424116952198
banks:0.029311406354768782
wearing:0.031197632527428545
women:0.023474007415114437
who:0.00803138431201148
good:0.010062172989810552
surrender:0.03035573506161349
one:0.006107521166308214
and:0.007114237537095463
for:0.002020800390758223
subject:0.00016581960802495836
threatening:0.03613508516637194
fatal:0.03474910037560046
i:0.002371412512365154
away:0.017198655815674972
rare:0.0315056880624557
intellect:0.03253372805299963
the:0.003745356571374176
thing:0.014061692143633269
hello:0.02403286205373771
can:0.010739950216617557
int:0.03361666834582434
maybe:0.016446665107716297
bye:0.0379219303368799
an:0.005577007071812029
n3jxp:0.033691054625617604
kingdom:0.030809307328786718
wires:0.03483847141567561
people:0.009349522609149797
tap:0.03457412598450296
is:0.011681418560463648
done:0.016451326406339742
cis:0.03777577817905261
suffering:0.029201471093281816
does:0.00756825350520202
life:0.017331548778190743
food:0.026183101172859602
nigel:0.18816493070194942
chastity:0.03347051618799705
first:0.023323662476907342
too:0.012127440173071406
disorder:0.03807160457029021
although:0.019625710911520235
very:0.010827593116667374
shown:0.02564824594417182
says:0.03181399682518718
skepticism:0.0329844776979365
four:0.021789106528093002
s:0.007707282992000227
