since:0.016266842466696598
with:0.01901877648096089
options:0.036788458607128594
to:0.003361461366075197
been:0.011928783635946662
she:0.08085713377801178
that:0.008461088425231142
think:0.01170526851649232
finding:0.03624882390025971
re:0.0030401666892534195
this:0.004268149905458691
treating:0.0466034677914449
management:0.036828409946985746
set:0.021539955968503426
mri:0.05418737050547226
a:0.006812215248031195
operation:0.03500622874392274
ct:0.04514342245018409
doctors:0.03984925186920105
also:0.012060952290077778
clinic:0.09294253686952751
seeking:0.043001817161955225
are:0.01568076540490794
pain:0.28793495937018626
it:0.0027874425182111543
have:0.004156509049980918
being:0.015819544145732913
only:0.010841758034709648
lady:0.041663427083137715
mother:0.0346309275913767
after:0.01568466412735733
somewhat:0.034974283393191925
has:0.017313406079456115
his:0.014995358061018349
which:0.010503189695264373
seek:0.03950807951880242
writes:0.005376117000142784
of:0.006323271075308575
findings:0.04687449559849849
presented:0.03711370523000419
available:0.02195986851881488
they:0.007584712394371901
accept:0.029041560737095396
good:0.026341623599341453
in:0.0014445504219064269
or:0.005482206973195816
rather:0.020922631324494827
and:0.0031040440202503242
for:0.002645112706602228
subject:0.00021704843001640894
back:0.03424970276532582
don:0.03624882390025971
um:0.04701347473150093
will:0.01842772918541926
ways:0.029010881148610525
than:0.011630904733491555
the:0.0024512293007774083
do:0.005839983080540624
when:0.010631499535314927
would:0.007582517448003058
her:0.080644117193408
symptoms:0.04195909898696597
may:0.015130288840974237
friend:0.028237393656039077
problem:0.03439943564301763
people:0.012237993008724532
many:0.01506667502096011
about:0.008008261628633103
is:0.00655299089977229
alternatives:0.043087850571146585
2:0.03168145613163267
told:0.02520503875389537
1:0.015922958470932592
advice:0.031624854213278444
donald:0.044923677146217256
leave:0.028725057921093634
article:0.006588072197695944
opinions:0.023216342727805223
live:0.05035265486093755
mine:0.026546658900812897
s:0.005044197405333483
