some:0.028947195251240187
go:0.01607795249416634
at:0.0072807025822680255
superstition:0.04611917789652659
out:0.02921100245654033
case:0.020426538076915336
produces:0.04354040846295579
take:0.01756817463087358
fax:0.02527804413126768
miss:0.03988281459261247
alexander:0.042062067862931145
batch:0.0485356073468505
to:0.005695037851615003
add:0.028398515838443956
might:0.01757921599899542
that:0.008600941126474632
nt:0.00590147563406974
its:0.017089459140778265
me:0.008955278350450784
re:0.003090417378331988
so:0.008444715680867108
msg:0.22671039569551413
this:0.008677395675560645
617:0.08608878370729582
two:0.015411482914490177
big:0.022940335155930226
you:0.004593380077758032
brain:0.03644114379311399
particularly:0.03319917599289737
m:0.01131251828195101
a:0.0011541356411953678
hard:0.022349036384921566
was:0.007317860612408146
said:0.018111610154243243
are:0.005313317203315913
it:0.011334063793056924
not:0.014948182030809047
able:0.021797233273641893
b:0.025296763194332578
uses:0.028223100246582124
naturally:0.04242620000998924
without:0.01857198747770657
be:0.004780671546590672
boston:0.034460968060740005
writes:0.005464978438161672
if:0.005538433221185201
of:0.003213893976293201
but:0.005498208448350498
order:0.023176172406053654
find:0.01749129535267265
david:0.0412635576751156
in:0.007342136441921094
point:0.018194512076529428
or:0.005572821964488308
and:0.0015776752664908673
sensitivity:0.04406810657854696
for:0.005377667155571471
known:0.026916766509639322
subject:0.00022063600737205204
i:0.004733025799472602
ago:0.023645997730286316
will:0.009366159875233756
the:0.0024917454875671174
do:0.005936511726499972
when:0.010807226800361454
chinese:0.0913324345286731
m.d:0.05173207821541259
places:0.09458236071794218
just:0.009705690607156082
long:0.019671993761227975
restaurant:0.05173207821541259
prepared:0.03935285981435182
ma:0.03315056136559931
is:0.006661304798942081
having:0.02162720159025092
does:0.01007015549039277
served:0.041781889749908985
food:0.06967734361703135
wanted:0.025166611483852085
article:0.00669696595302976
sometimes:0.02896286218444504
alex:0.04635532147044441
