sent:0.015010949176692299
week:0.014072811446553403
sleep:0.020094365210991463
at:0.01078732668311548
say:0.007745081527622627
activity:0.018217155301961527
tomorrow:0.020635137386689748
help:0.008735072326701213
weakness:0.023894352473292895
take:0.008676527062594709
your:0.010285160997398063
with:0.007161151552525069
much:0.007131415794122169
miller:0.038870988061523025
times:0.011471331189767456
from:0.0034553969568578598
options:0.05540792337155285
several:0.011503883151295496
my:0.019392127782251044
to:0.0028126513471241443
add:0.014025389454904974
slightly:0.017672129209616534
day:0.010380828717399478
might:0.008681980146442638
worse:0.01589822617689954
next:0.010932163362241532
been:0.005988736274373222
problems:0.011196217289354177
13:0.01607240226312842
like:0.004753628830647646
nt:0.00874381900068292
asking:0.014634419651585283
me:0.008845621880853426
generally:0.015782650992747345
need:0.007841640781621374
re:0.0015262877664415126
so:0.004170655499530287
had:0.00626289177829443
this:0.004285570925480972
chronic:0.0701905290409925
93:0.014942920391038374
apr:0.015213095008318364
goal:0.0171188823035095
two:0.0076113854394012715
these:0.006761779482036501
on:0.0020694237764868977
you:0.009074269214836277
went:0.013316168429535038
suggest:0.014985305326980074
leg:0.02283512310396602
mri:0.054408543446310915
a:0.003990011788132557
other:0.005629828521762902
low:0.02772077175493731
as:0.0032657720825184427
course:0.009984293060816406
overall:0.01891271122318209
helpful:0.0189575647806335
daily:0.01819838914176304
clinic:0.02333047354071813
step:0.016977635245642254
are:0.0026241280881682677
tear:0.020246116244631275
pain:0.12648571429476035
it:0.0013994099173060082
not:0.0049217143557221624
should:0.006705355682585632
have:0.004173474393042064
only:0.010886010108320708
ve:0.0074495253021527935
area:0.013095783855752437
whether:0.02332619252964755
date:0.014603261999115606
between:0.009481085085903698
bed:0.023265166025018373
after:0.007874341582305924
surgery:0.11145048505810512
feel:0.012433782384678278
his:0.007528281802062273
disc:0.07664793629467252
be:0.0023610663556631484
which:0.00527302992864293
writes:0.002699030167418622
get:0.010729583471764266
if:0.01094123134307607
of:0.0023809051293763915
findings:0.023532910035164546
opinion:0.013507394141174243
what:0.003756906542843393
but:0.0027154417234710624
result:0.01442857943270001
years:0.009101124175430178
wear:0.02000595093841522
gmt:0.017295095249898106
well:0.013737697225741592
nearly:0.017510778847344557
find:0.008638558112952614
who:0.005277766833607545
rest:0.02666637415079844
in:0.0029008930921549467
or:0.011009166656376903
better:0.009127411719597564
weeks:0.014859448511563718
and:0.006233427175359835
for:0.007967727254989567
subject:0.00021793434197565957
i:0.0070126055722798146
example:0.01147493528064451
back:0.03438949747049041
don:0.01819838914176304
um:0.023602683232549448
any:0.004176682719546153
revealed:0.020773511066998648
will:0.004625736101646059
than:0.005839188907018209
the:0.0009229628693743505
managed:0.019310663731283633
do:0.008795729619263224
see:0.007221982699637454
correlation:0.02429093920167513
around:0.009662018094504636
would:0.003806733249405617
can:0.0035288407854600547
symptoms:0.04213036061548419
an:0.007329780722952954
competitive:0.02437509955760466
including:0.012979460026654
e:0.012697508963485009
is:0.006579737801404014
deal:0.013454346905144935
right:0.007917851403225713
days:0.012156133161429276
does:0.009946847463979799
food:0.017206037913593455
donald:0.02255351954687642
activities:0.01725032369328352
article:0.003307481144149392
opinions:0.011655551655183847
full:0.012610867281319401
three:0.011912195944785604
condition:0.015502428932591924
before:0.01735668789569506
alex:0.04578770528917366
s:0.0025323929830857895
