mark:0.05178662007400328
watch:0.0662786869064543
service:0.06280329704273005
name:0.09524939675276728
to:0.004752410896864934
that:0.0059811142316289105
like:0.020079983853597813
anyone:0.02884335775243778
this:0.018102842702462724
m:0.023600253657173657
sure:0.03762144862343454
a:0.004815531468435845
was:0.030533142555220192
d:0.03141110728236268
kind:0.04750908098212172
treatment:0.07514316325914445
provides:0.07617500663861432
his:0.06360100143121575
get:0.02266162026364004
if:0.011554317582127747
of:0.010057271667193378
looking:0.044722161127700756
street:0.06875911172963113
who:0.022294015072997383
one:0.01695363634095901
in:0.0030634431361119046
or:0.011626059615570436
stories:0.07979594215365599
watching:0.07344144989205748
and:0.0032913570214723265
for:0.005609463153656448
subject:0.000460292360207212
half:0.06520074971712096
i:0.006582714042944653
diseases:0.09670679134351333
possible:0.044430545223527275
pretty:0.04962103546413149
the:0.0012995741551535397
last:0.03758900951826721
sp:0.08136442108823749
about:0.016983037591756407
doctor:0.15189727908958062
is:0.0046322866705286875
number:0.043142497386168245
night:0.057721290458345245
else:0.04356124526444925
various:0.06145825824750325
close:0.05991229683052656
