since:0.012505135146273008
read:0.014168769136862013
superstition:0.03487762828424824
out:0.0073636068692528745
all:0.005962923941539321
case:0.015447569420667225
take:0.013285932064598147
chris:0.02397967026824563
way:0.010827330122165897
ca:0.012853428725577008
equally:0.029957777470446853
my:0.005938839133314383
to:0.0017227489501135387
changes:0.02548693312335118
might:0.026588564198480574
that:0.00650446172689644
think:0.008998425172053471
bit:0.017031776237848125
nt:0.017851963793060963
affect:0.030634112374448304
its:0.012923903475213563
me:0.013544858505056809
re:0.0023371281423635658
so:0.012772632467311501
msg:0.13715978939578605
this:0.003281140239821369
best:0.015219850499758963
these:0.010353974831868392
chen:0.07011242372404718
you:0.02431620578663158
tell:0.015062656585140331
defend:0.028311840146745287
m:0.00855509195072545
more:0.007946368911379537
a:0.0017456301573079939
same:0.024276166881607657
part:0.030615276405165967
fine:0.020244728612003503
therefore:0.021455784503467912
jason:0.02849935421114403
quoted:0.027923887467730425
are:0.0040181961350076595
yeah:0.024713890276175952
it:0.021428464358748248
not:0.007536375107199561
unreasonable:0.036473545108053514
try:0.015227435452146205
only:0.008334601489183042
left:0.018277532396878512
optional:0.03496628225294796
suspect:0.024263094143110998
heard:0.016891545996374217
be:0.014461531428436784
writes:0.0041328899438597645
things:0.027934074101753123
if:0.016753760494085234
of:0.0024305073195717334
but:0.004158020139065064
saying:0.018853469868527747
eh:0.03114554998849601
must:0.028968255343493718
now:0.010324464986739028
one:0.01843707952079292
condemning:0.03745595500506859
in:0.0011104981368405655
and:0.0011931169202837183
complain:0.03180943882134168
sensitivity:0.03332650560002614
for:0.0020334303932004623
subject:0.00016685598057511437
cause:0.01970938208338792
i:0.0011931169202837183
becomes:0.026911038346890605
we:0.008423399410712313
any:0.006395545414305046
the:0.0032976694187021064
wrong:0.01652138785518663
do:0.0044894869931656044
thing:0.01414957771953098
chinese:0.034535076806154516
may:0.011631409546498944
mr:0.021105972989271336
an:0.005611863366010855
problem:0.013222283075284903
just:0.02201978556498536
makes:0.017456111764074838
here:0.011252505660146225
people:0.01881591425091397
about:0.012312702254023394
unknown:0.02949460264448609
is:0.0067168156722665975
number:0.01563915530248599
col.hp.com:0.036473545108053514
assuming:0.024801060447931265
new:0.01077499728052217
does:0.007615555089609533
food:0.05269349111037996
automatically:0.0589150210949745
somehow:0.0265757088875636
guess:0.018725982893347835
blame:0.027982027421869882
s:0.0038777267553501147
