another:0.04264433327670344
i.e:0.06643344224952698
indicates:0.09453551379545824
that:0.0066712427968168625
me:0.02083824385393355
anyone:0.03217143749310368
tell:0.046346635646585636
a:0.010742339429587655
other:0.02652515361215213
test:0.06876730488422444
as:0.0153868107734042
worked:0.07392622770335289
40:0.07354821515432305
blood:0.08032064835401156
also:0.028528790993837816
anthony:0.2068150878410173
no:0.021648956465048268
not:0.011594423241845479
should:0.031592541196797684
has:0.02047643219012598
his:0.03546978925971648
be:0.011124254944951372
if:0.012887508072373256
of:0.003739242030110359
what:0.03540161934602428
dr:0.0753623962520481
good:0.031154035603067294
diet:0.09804169757995737
one:0.0189098251495312
and:0.003671128985488364
for:0.0062567089021552695
subject:0.000513403017154198
possible:0.04955714659547274
the:0.0028990500384194345
when:0.025147585439302615
can:0.016626269085340643
problem:0.040683947923953544
is:0.015500343859076764
done:0.05093583752732113
first:0.03610682364213541
diagnosed:0.10901371408894991
says:0.09850102863182955
dangerous:0.08086049486898629
