week:0.02345468574425567
at:0.01198591853679498
folks:0.02519194455982842
uhura.cc.rochester.edu:0.04121708005852225
resulting:0.03334325156402536
help:0.014558453877835354
happen:0.023004300858281056
your:0.025712902493495154
though:0.016908463956535235
ca:0.013990126504029395
from:0.005758994928096432
my:0.006464042594083682
to:0.004687752245206908
bet:0.029344702823194624
then:0.010856328910039476
day:0.017301381195665797
might:0.014469966910737727
male:0.06538976598785583
quite:0.018069383551764635
nt:0.004857677222601622
consider:0.021907238629736005
me:0.022114054702133564
wanting:0.03758919924479403
re:0.0025438129440691873
chances:0.03319901885891922
infections:0.07867561077516481
getting:0.01845035083146045
he:0.010817232704219287
best:0.016565823673207036
infection:0.11417561551983006
you:0.007561891012363563
am:0.011117934399329017
a:0.0038000112267929115
other:0.009383047536271501
low:0.02310064312911442
was:0.018070635389824195
da:0.04048489866945854
also:0.010091817222309975
intercourse:0.12718739775258792
ie:0.028459987665043616
are:0.008747093627227557
action:0.025046891706299024
it:0.00699704958653004
have:0.013911581310140213
being:0.013236761428062231
spread:0.03170963845053706
interesting:0.022231459604907567
husband:0.036273747591865184
cure:0.03796204439101849
be:0.007870221185543827
writes:0.004498383612364369
get:0.008941319559803552
if:0.009117692785896725
of:0.003968175215627319
sexual:0.03029951478030294
gotten:0.029317761318323216
but:0.004525736205785103
treat:0.06565742266266815
dr:0.02665880683745919
least:0.016378655664669946
well:0.011448081021451324
must:0.01576503692162923
one:0.006689189848813758
in:0.002417410910129122
point:0.014976435110612658
or:0.0045871527734903765
men:0.023888425528077156
use:0.011311425358825497
better:0.015212352865995938
and:0.005194522646133195
for:0.002213257570830435
subject:0.00018161195164638296
each:0.017319791818779694
until:0.019463712417446558
i:0.0064931533076664945
medicine:0.030145947963714236
any:0.006961137865910253
currently:0.024482540828961202
the:0.003589300047566919
around:0.016103363490841058
would:0.012689110831352055
can:0.011762802618200181
forms:0.03256363671546071
imagine:0.02678733710521403
during:0.019920881019064425
is:0.0018277049448344482
simultaneously:0.03758919924479403
yeast:0.1555364902714542
insert:0.03530027246505788
transmitted:0.03681825580733142
article:0.005512468573582319
release:0.027032676798552778
before:0.01446390657974588
especially:0.021260515016988717
s:0.008441309943619297
