taken:0.017071923832946426
mirror:0.027861099916406475
health:0.021587288084211148
week:0.0178644497637595
ideas:0.018637272730774458
there:0.004755331531487811
know:0.006393135366105191
tel:0.021064497820198844
case:0.012806275167392517
your:0.006528146228918459
with:0.006060387324244014
into:0.009278776699390603
times:0.014562052546595993
from:0.00877276947596037
ext:0.028295719004389385
my:0.024616949775396406
to:0.0014281856581252134
aid:0.025740430462797313
look:0.012285846239771558
t:0.013348565051815761
been:0.007602281799074815
that:0.005392299877219847
view:0.01764429405587892
like:0.012068798585582106
through:0.012277011886139
could:0.007819218421378536
its:0.010714116870643369
re:0.001937515558436117
so:0.010588710853729743
had:0.023850909103867387
this:0.008160348782975425
infection:0.05797518301006916
these:0.008583606078232863
on:0.007880966195429377
you:0.005759575019779501
went:0.016903944379461574
am:0.008468064024359408
them:0.015190250482199389
a:0.010130081741890947
test:0.018527978518029384
was:0.004587881523841377
coming:0.01801362670875438
said:0.011354947298774261
blood:0.021640796447712957
course:0.012674361657513053
responsible:0.020263498523694416
others:0.01397061255475853
culture:0.024513536860955906
it:0.007105812015336207
not:0.012495544219190982
couple:0.01635228909147419
have:0.013244834537503958
ve:0.009456651290297588
feel:0.015783817016819576
johnson:0.04784822516899307
be:0.0029972085862045145
which:0.013387485311062361
writes:0.003426230005272344
conclusion:0.02286919571796162
if:0.006944563935372117
of:0.006044785043494465
kept:0.020693137940798828
associated:0.023574070351277416
year:0.012822594384505968
they:0.004833780437863957
find:0.01096604527291912
up:0.0069609345614113196
sounds:0.018459609137620923
in:0.004603101085349494
point:0.011406922079067672
or:0.003493841749756919
weeks:0.01886303049395394
and:0.0029673374183222007
for:0.010114472422137016
subject:0.00013832620151304817
each:0.02638351707109446
cause:0.016339384110580658
i:0.008902012254966602
44:0.023548098631984437
back:0.021827530777901942
any:0.005302006561081903
flash:0.028493756376514762
research:0.01599653616858434
the:0.0027338192072141818
do:0.0037218545021062005
see:0.018335603745193534
when:0.006775515247895005
can:0.004479616541128049
because:0.00914363885437572
about:0.005103710778869801
doctor:0.0684718304704327
paul:0.0509070853540268
is:0.004176258449077677
done:0.013723645344148697
white:0.03522247819503205
center:0.01692554835996274
sides:0.04720034582203625
light:0.018094376610395303
first:0.009728263364720421
under:0.012576805321790877
almost:0.01565799445732937
article:0.004198615960189642
very:0.00903234451701268
already:0.015055887675115811
side:0.01668582424130152
past:0.0171166551653024
