some:0.0054052633108025655
read:0.01049538454582371
believe:0.010058666112640464
at:0.004078541724326069
superstition:0.025835280210554246
all:0.004416980697436533
case:0.011442644015309053
take:0.00984143115896159
chris:0.017762718717218982
with:0.0027075341518034597
my:0.017596560395005578
to:0.004466386166961026
changes:0.018879209721000875
might:0.01969523273961524
perhaps:0.013372507118703914
that:0.009636239595402133
think:0.006665500127447014
bit:0.012616130546554164
nt:0.00661183844187443
its:0.009573261833491527
me:0.010033228522264303
re:0.003462412062760838
so:0.009461209235045556
msg:0.10159984399687853
had:0.007103742989269144
this:0.002430474251719532
best:0.011273963333154786
personally:0.01814279909771528
these:0.007669610986569178
chen:0.05193512868447938
you:0.025731434694848232
disclaimer:0.01737988669941753
m:0.006337105148685519
amateur:0.021987732415343846
a:0.0012930593757836991
other:0.0063856851288514385
same:0.008991172919113945
j:0.02827896906971169
below:0.0171846014492495
was:0.004099357102321229
related:0.035686472089177496
part:0.022677982522345156
evidence:0.014896796456079059
quoted:0.02068436108720772
responsible:0.03621162236178724
organization:0.03547993729737844
ill:0.025835280210554246
are:0.002976441581487155
internet:0.01322469418108614
hey:0.017843236044588748
it:0.014285642905832164
not:0.005582500079407082
made:0.010766571999620377
try:0.02255916363280919
only:0.006173778880876326
left:0.013538912886576673
optional:0.02590094981699849
suspect:0.017972662328230367
heard:0.01251225629361053
without:0.010403752244455994
be:0.005356122751272882
which:0.005980983020914434
writes:0.006122799916829281
get:0.006085064700421862
things:0.020691906742039346
if:0.009307644718936239
of:0.0027005636884130367
vms:0.02718892818967088
what:0.012783918097175433
but:0.006160029835651946
particular:0.015699312259647255
saying:0.013965533235946476
understanding:0.01858404993014271
eh:0.0230707777692563
must:0.010728983460553227
now:0.015295503684057816
one:0.018209461255104118
condemning:0.055490303711212725
in:0.0024677736374234785
purely:0.0230707777692563
or:0.0062436246083619005
astronomy:0.022826136651782316
and:0.0026513709339638183
sensitivity:0.024686300444463807
for:0.004518734207112138
subject:0.00012359702264823285
i:0.0026513709339638183
becomes:0.019934102479178224
we:0.0062395551190461565
paid:0.01914810248968591
leads:0.02101757173362017
directly:0.016817131136557313
any:0.009474882095266734
the:0.0024427180879274864
do:0.006651091841726821
thing:0.010481168681134058
level:0.016298773900896985
can:0.0040026203353597835
chinese:0.02558153837492927
carl:0.11248828196325686
may:0.00861585892333255
mr:0.015634054066126914
problem:0.009794283759470297
just:0.016310952270359527
here:0.008335189377886092
people:0.006968857129968135
about:0.009120520188165476
hold:0.032127598268000185
is:0.0074631285247406635
number:0.011584559483322954
col.hp.com:0.027017440820780378
new:0.007981479467053458
food:0.05854832345597772
unless:0.014250284378428199
somehow:0.019685710287084147
guess:0.013871098439516913
nothing:0.011828037043985688
article:0.0037515411125768564
understand:0.013871098439516913
s:0.005744780378296466
