read:0.01531758825606704
cs.rochester.edu:0.04175364024588775
at:0.011904932600735555
mark:0.04058951303097555
there:0.006201209362007754
surely:0.03031428464762852
with:0.003951536329659104
much:0.011805384253783321
concerning:0.03091379894228179
though:0.016794217578450538
ca:0.013895598622245414
such:0.01299335948289053
often:0.020995408028910176
to:0.0037248625948400837
within:0.021867906867046066
perhaps:0.01951663201108139
problems:0.01853427862089036
nt:0.009649710158411332
could:0.010196683481932822
need:0.01298109453714349
anything:0.015684061826482458
re:0.0025266250187714226
dream:0.033670864852428116
had:0.03110287470977301
this:0.0035471786376447233
he:0.010744143294055644
something:0.013450414305158939
formal:0.0381989571655041
on:0.003425735305670878
why:0.012025152568608153
a:0.0047179193440756596
how:0.008887587819115705
was:0.017948536502055114
perceived:0.03968113843897913
gary:0.028680259753531476
course:0.016528052702027157
science:0.0685465991790672
across:0.02607543325563407
computer:0.018112857467333213
taking:0.023019932663186523
leap:0.04035067156495366
model:0.0247226453485375
book:0.021011476423538334
place:0.018374510927813687
it:0.009266362965945189
have:0.0034543960347814383
only:0.009010379988305992
between:0.015695039500313552
ring:0.033670864852428116
hope:0.01951663201108139
feel:0.020582950569230932
writes:0.004467989128497043
homeopathy:0.042109341147816275
of:0.014451665143399494
analogy:0.07147599339081746
what:0.006219203398625887
explain:0.024290929243328405
least:0.0162679890723411
fire:0.024304011061077505
notion:0.03341392299033866
one:0.006643992620105558
in:0.00240107705262825
heart:0.026830963601659576
or:0.01822463399197528
rather:0.0347768061204441
use:0.011234996809103703
repeat:0.03176646517579982
and:0.003869568390109357
subject:0.0001803848438649885
i:0.0012898561300364523
example:0.018995669890256115
rochester:0.0378013862194032
special:0.023619670222060966
examination:0.03955484024295108
we:0.009106377741310609
methodology:0.03930911291747219
currently:0.024317118255792546
the:0.005092925743169277
do:0.004853499452070924
closer:0.031495384136682084
reasoning:0.03238678645453714
myself:0.02251920312160732
about:0.006655514731904538
is:0.009076777935495403
their:0.010227592017444014
tradition:0.031687897351508475
history:0.022439240569938384
geometry:0.0763979143310082
article:0.005475222164301358
very:0.011778665485023293
models:0.03015677735797685
bad:0.01851757464017827
close:0.023479143352503652
upon:0.023432943126303625
s:0.012576411098432804
