laser:0.037415709770318537
king:0.0640863130515694
dan:0.030334377781582125
there:0.007005946454787385
entirely:0.03172614539069628
know:0.00941889408899467
involvement:0.04249186475957998
small:0.0228148542005039
with:0.004464331120530895
option:0.031989398643147954
much:0.013337380683663597
ca:0.01569884424497955
such:0.014679520637158766
from:0.006462383621604393
correction:0.08263028402561402
to:0.00420824171020101
near:0.02751737234718721
cuts:0.04122480264145585
depth:0.0802768385320681
nt:0.005450981310858309
re:0.0028545076547951947
anyone:0.012770341600315963
this:0.008014999059105634
contact:0.026565437396798227
amount:0.02838486268417426
possibly:0.02959506613280413
material:0.032234347609189945
why:0.04075700565238183
rk:0.15798461274857845
sure:0.016656824581367965
a:0.006396202103113259
as:0.006107741681045942
also:0.0113244055853402
mechanisms:0.04717205157550677
dick:0.03852908287728467
place:0.020758989445163554
action:0.02810605405210654
it:0.002617217020915816
not:0.004602366477679121
being:0.014853465113932427
only:0.01017966594098692
whether:0.02181266095329637
after:0.044180466129731706
love:0.024978759085354567
edge:0.035978638836625644
writes:0.005047804511584445
get:0.010033389124359712
of:0.0074213963956388795
wear:0.037415709770318537
well:0.012846319924834693
they:0.00712152385120415
up:0.010255422674445683
comment:0.02999692669376155
in:0.009494335215736132
5:0.019838724327615898
and:0.004371726120123548
for:0.004967158212398076
subject:0.00020379356406120838
i:0.0014572420400411827
possible:0.019671539106599863
any:0.007811353177777154
remaining:0.03828081423831093
the:0.0069046077250905615
an:0.006854184263830051
about:0.01503841496674613
different:0.03858346409177477
is:0.014356552581943871
done:0.020218805736035864
field:0.02971341870178096
applies:0.036348824714019616
center:0.04987222646523372
does:0.009301441330820802
contacts:0.04401193098179628
too:0.029809433097167885
faq:0.029634313457234805
article:0.0061857471779893205
95:0.04087377124266331
difference:0.024482090433850277
while:0.016567500044874218
