another:0.01718996380146185
at:0.006829186143057605
there:0.007114565779667809
know:0.019129846909431036
all:0.0073958746561727995
where:0.014321370528943889
among:0.026701592775083917
with:0.004533545556508119
remove:0.03424922779100489
reach:0.033785298209537816
often:0.024087754947896948
to:0.0010683714419308767
t:0.019971108953491797
normally:0.03299109879163398
she:0.025698778952701413
that:0.0053783662858058415
problems:0.04252826722312827
provide:0.026177950994445066
nt:0.005535492649011151
me:0.008399912251198021
generally:0.02997480227304728
need:0.014893038693777024
re:0.0028987635874276785
anyone:0.025936662785137846
had:0.01189463942389252
this:0.012208893915614395
on:0.0039303009708472085
you:0.00430851929774203
american:0.050031553757956836
society:0.05761598788227671
great:0.01954457898242385
them:0.011363249391722797
causing:0.03805136797977009
names:0.031758893116130844
more:0.009855961440470743
a:0.0032476840135962676
other:0.010692309983193107
are:0.004983809159699423
no:0.008726711133197751
causes:0.03307869224321485
caused:0.03087065255081525
pain:0.034317829459818705
it:0.007973382086976092
not:0.004673720996712906
probably:0.01850561019402487
lady:0.0794511865306347
has:0.01650813137808606
regarding:0.03067439047341765
heard:0.020950754724185075
list:0.022570764317221548
be:0.004484195791763343
common:0.026094015811095737
writes:0.00512606504664777
ave:0.04052697585798274
if:0.005194964494289994
of:0.006029165443898873
parts:0.028284457452840004
women:0.029297017006460657
they:0.014463870147406879
removed:0.03579343975820024
one:0.007622565176555213
in:0.005509448120759395
205:0.04370858746612455
and:0.0029596698797735646
subject:0.00020695315420169222
outside:0.02794399827505058
i:0.004439504819660347
cells:0.0423339051771097
information:0.03781118270517465
exist:0.028190112215473684
the:0.002921523294531213
would:0.00722984221786338
can:0.020106185870644496
her:0.051262152014414385
an:0.013920901373050182
jim:0.026250625945340073
maintain:0.03542713832525028
south:0.0335010812764247
is:0.006248200625364277
deal:0.051105658786984635
having:0.02028597978620435
suite:0.04100173264279451
does:0.009445649723546707
unless:0.02386094128481001
wall:0.03477917928565132
disease:0.03526973316121349
article:0.006281650235012411
very:0.013513507688243777
physicians:0.045823835424780676
give:0.018319661018263617
200:0.03221802361380785
sometimes:0.027166715692386434
s:0.004809583572527274
