apologies:0.0838254038130553
at:0.013553307883914324
out:0.01812580152431477
706:0.09094268876610319
with:0.008997344258300729
though:0.03823914156324123
often:0.04780492905044163
to:0.0021203064001397397
that:0.0053369942374534894
like:0.01791752405397959
need:0.0295569537153421
re:0.005752930811971855
michael:0.09245216005149813
phone:0.04518995578783953
he:0.02446358780800362
aisun3.ai.uga.edu:0.08674473512507795
programs:0.05435664806606949
you:0.008550753683211105
amateur:0.07306692618021955
a:0.004296935771835062
intelligence:0.069539852667425
was:0.013622478986175164
as:0.012309448618723361
place:0.041837347958714244
it:0.005274698919076492
not:0.009275538593476384
received:0.059527550625411874
delivered:0.08585262346891874
university:0.03615907848613313
u.s.a:0.07897800309551845
scientist:0.07585300795053818
his:0.02837583140777318
be:0.008899403955961097
of:0.002991393624088287
georgia:0.1478814707725355
what:0.014160647738409712
but:0.010235126496160159
associate:0.07619617345075815
sounds:0.05481083943939751
in:0.0027335338752998537
heart:0.0610920402007018
subject:0.00041072241372335844
athens:0.08237636973521376
artificial:0.0792577310814137
research:0.0474974073928735
the:0.0023192400307355475
meant:0.06264091199063104
radio:0.055190005550271794
mcovingt:0.1704318556712881
come:0.03694144114568321
relationship:0.07023054989677717
problem:0.032547158339162836
people:0.02315804830881719
is:0.004133425029087137
right:0.02984420913523538
advice:0.05984395489589613
by:0.015237468843341017
covington:0.16881204848712128
s:0.009545173551631052
