superstition:0.05636788409575473
mark:0.06067927200590284
effects:0.04345289754911724
there:0.009270494803809572
agate.berkeley.edu:0.05932129786837284
fax:0.03089538727154939
way:0.017498715348954984
such:0.019424416196644433
contents:0.050336242405650114
to:0.001392120363728112
changes:0.04119100302763827
rd:0.05231981119605017
then:0.01612000353308892
worse:0.039344095084246335
that:0.014016348502403105
control:0.030804386565060845
re:0.0037771767957390967
exactly:0.03248871366941423
msg:0.3325085803534207
617:0.10521962453113935
on:0.005121301265043333
characteristic:0.06075211117203978
you:0.005614131206148706
inc:0.036979954503074765
a:0.007053051140638359
same:0.019617104550794066
as:0.008081961214313317
steve:0.032395493402367546
40:0.03863138573762423
no:0.011371169052348586
it:0.0069263723179792324
not:0.006090000086625909
placebo:0.065069727483423
against:0.026093745375331788
be:0.005843043001388599
common:0.0340012933296096
writes:0.0066794180910864885
of:0.009820231594229225
fact:0.0242249204912004
double:0.044627781667066976
pope:0.05431507357440858
in:0.005384233390742136
and:0.0019282697701555045
sensitivity:0.0538610191515574
subject:0.0005393324624650162
blind:0.05185424445665352
becomes:0.04349258722729795
containing:0.0486127523346323
than:0.014450518002216781
the:0.005329566737296334
thing:0.022868004395201584
putting:0.04060661118220217
can:0.017465979645206332
ma:0.040517352780176936
is:0.008141594754262543
study:0.07485602724110704
food:0.042580598877074716
easily:0.03736277543833725
taste:0.05203790424537263
article:0.008185180609258597
laboratories:0.057105511722167754
minus:0.05951370387817784
by:0.04001759494210772
s:0.006267033139959782
