another:0.009317249287346969
some:0.004905617122409051
feeling:0.018347213657939166
at:0.007403067331549841
superstition:0.02344714506504083
out:0.009900647891432435
bathroom:0.028004397362071793
agate.berkeley.edu:0.024675665920037438
know:0.005184349267471856
ordinary:0.021420875101503287
take:0.008931719035023964
stand:0.01654511997674984
with:0.012286289428351835
way:0.007278877393052703
floor:0.02065481814018415
from:0.0035570262791183847
feet:0.018454041802333326
my:0.02395498137807482
to:0.004632602218792708
remember:0.011691697632442152
look:0.009962892118806346
ten:0.01691592118721777
encounter:0.024084985455242527
been:0.006164875576560669
that:0.004372747379426179
problems:0.011525517797864593
hour:0.019561826036471757
nt:0.009000990147761831
could:0.006340794770277552
re:0.0015711785831015567
happened:0.01416933150730433
msg:0.023052065444669922
had:0.03223547238828015
allergic:0.02483728894872566
weak:0.019656783313434952
on:0.0021302891816776886
syndrome:0.022893492638019302
american:0.013558971501631158
bars:0.02344714506504083
went:0.027415640884336838
ages:0.02338837934245789
inside:0.015773342550731876
came:0.012683725766714062
a:0.005280897954881326
hard:0.0113623252209055
same:0.01632011218931607
want:0.007952092301311687
quick:0.01705577823609788
was:0.007440849866398198
as:0.003361824202592514
following:0.01150132047495698
also:0.0062331812255443965
stuff:0.012283262826359756
minutes:0.016744400201838545
course:0.01027794873907571
shell:0.020248823032246874
determined:0.020007126208136848
stomach:0.023883266046896473
not:0.002533235330151113
have:0.004296223639896242
won:0.018158149095204985
only:0.011206186876212491
ve:0.023005886962530683
whether:0.012006128507906826
after:0.024317819592415354
attack:0.016591166253177237
decided:0.01567913051688384
be:0.002430509483770888
writes:0.0027784134076368166
conclusion:0.018545188124229377
of:0.0032679090011048513
seen:0.010892709624463667
but:0.011181230626057314
years:0.009368804298236947
never:0.027780746607502443
sat:0.02184331724109101
well:0.007070873572072877
they:0.003919830355074553
find:0.008892633351568867
up:0.011289582944137686
chance:0.015105283731145395
rest:0.013725339636440372
in:0.0022396601079137457
or:0.0028332414189205265
and:0.004010477042970482
sensitivity:0.022404373512622616
for:0.0027340240580846554
subject:0.00011217208778158947
cause:0.013250004761941455
doug:0.018158149095204985
i:0.014437717354693734
back:0.008850238319611502
similar:0.013297303730532357
face:0.01508097307119983
ago:0.012021704728422873
20:0.013213581295821931
sick:0.018870765836323387
revealed:0.021384496686616253
the:0.005067247125976827
do:0.009054427549241555
thing:0.019024642311974423
would:0.003918695992035193
can:0.0036326302203265265
friends:0.01670853926717536
did:0.00690718925816372
chinese:0.11608429178539333
once:0.01127324031481053
symptoms:0.021684744434440392
may:0.007819434989242986
an:0.0037726812544610785
reaction:0.03965660859762835
thought:0.011279774811729884
restaurant:0.0263007624540543
about:0.008277446893461105
different:0.010618558395005242
is:0.003386629750722654
night:0.014066532968840438
having:0.021990683969919003
touch:0.020059647900423534
served:0.04248410638436124
food:0.03542419570445711
ordered:0.03936172355719751
first:0.02366665751333245
too:0.008203856587665951
nothing:0.010734689081936592
article:0.003404760001330256
react:0.0245971275460368
lots:0.015330651308472103
before:0.008933589358078337
chair:0.024154436303777022
