report:0.06433437666906365
help:0.07254551593362024
search:0.07232459829448672
thanks:0.033786214320612934
much:0.02961350626372765
to:0.0023359307798149673
remember:0.04716311926307173
me:0.018365909837365163
need:0.032562745618597226
re:0.006337974623358823
anyone:0.02835448728205748
on:0.02578010975793
am:0.027700616215277384
a:0.007100868436507094
was:0.015007815832226875
as:0.02712251390566164
steve:0.05435853977685401
starts:0.07580444702361644
product:0.06764233767367049
are:0.010896803077986874
co:0.0773726397167884
interesting:0.05539024681222733
writing:0.06783828381606159
writes:0.011207837135890887
get:0.022277525004934278
of:0.003295603145182011
find:0.03587197860463373
good:0.02745779409083897
in:0.006023040742186118
and:0.009706713927731946
subject:0.0004524907947799711
steven:0.07604261233642408
i:0.009706713927731946
any:0.017343851970996735
information:0.0413359539743011
drug:0.07258336900856789
the:0.003832642423673151
do:0.012174879981466045
when:0.022163973607520947
can:0.029307321777549605
places:0.06465799800492093
lot:0.04200937946212527
behaviour:0.08964785611729648
lots:0.06184228832909086
going:0.03691213023813021
