some:0.008778472745363565
go:0.014627310163865617
out:0.008858474429176389
know:0.027831769751691018
with:0.008794396643451838
my:0.014288936260606034
to:0.005181199849965529
competition:0.03923404202433655
day:0.019122579216262196
might:0.01599312132239433
that:0.007824916363183687
cold:0.03321917582736564
nt:0.010738023334172007
its:0.015547553052888496
anything:0.03490588195969028
started:0.024655976511194774
severe:0.03788781472020884
carrying:0.03488040387552058
this:0.003947236378732473
on:0.0076241928607412015
curious:0.03222761158512402
am:0.012288243283468914
brings:0.0390160906192745
causing:0.036906965935265726
more:0.009559541547524255
a:0.004200012408560587
was:0.006657602512040493
bring:0.0285215559946547
arms:0.030474738583637438
town:0.03348893738875588
illness:0.04572857358516895
no:0.016928507311015185
d:0.013698076859977709
wild:0.03552711721882915
it:0.010311441495939006
kind:0.020718245841827517
moved:0.033523348419037174
amazing:0.036853067518133296
always:0.019977113518787275
after:0.02901073214533761
has:0.008005823111928954
anybody:0.022854098833930036
be:0.00869866552086423
breaks:0.041545957060035506
get:0.019765022184828906
if:0.005038724960627137
whatever:0.02484932765979972
of:0.0029239185799359193
what:0.020761851947292433
but:0.005002129490604588
happening:0.03413380071024028
years:0.016765228744213483
seems:0.03543589608091847
over:0.015082261297138027
or:0.005070010960173573
fortunately:0.042856884782928574
and:0.0043059858777156745
subject:0.00020072899918810748
i:0.010047300381336574
faster:0.029325571634543846
away:0.02081942546108023
ago:0.021512524250861986
than:0.010756400618191437
em:0.03575566967886202
the:0.003967121105205542
do:0.010801773216639048
when:0.009832138667998013
an:0.013502227647544912
jim:0.05092226687141157
jones:0.03729547729274182
about:0.00740613669414941
current:0.023776283637073816
vary:0.03826699407078698
time:0.023752029622612233
does:0.00916157003261297
run:0.020126574649529282
goes:0.024233287187899823
matter:0.022713556480455206
every:0.036573662059208964
although:0.023757439524471863
comes:0.022738167949214374
going:0.016374554015411144
bug:0.03729547729274182
says:0.019255840183665923
four:0.026376286849796794
s:0.009329868885052906
