at:0.010487678719695607
know:0.014688989591170258
help:0.025477294286211868
concerning:0.054467169564972676
from:0.020156482248337514
my:0.03393622361893933
discovered:0.0539861036323789
that:0.008259633938916114
need:0.045742904559458
articles:0.05014153119880556
this:0.006249790932993083
he:0.01893015723238375
requiring:0.06578109867838955
on:0.01207163869617357
books:0.04346116563150191
am:0.01945638519882578
libraries:0.05969984125260394
more:0.01513594078358007
a:0.0033250098234437974
was:0.010541203977397447
local:0.03638551728471371
computer:0.031913129823396606
term:0.046400949927553066
only:0.015875431407967697
networks:0.060285439397732184
doing:0.031913129823396606
scientist:0.05869577996172596
be:0.006886443537350849
of:0.0023147688757826027
helped:0.11207861822549454
but:0.007920038360123931
please:0.022802563772681604
who:0.030786973196044006
thompson:0.06969186138043759
one:0.011706082235424076
in:0.004230469092725964
thomas:0.043857202547965476
resources:0.05254469968531657
still:0.024306060502732704
subject:0.0003178209153811702
create:0.045271972514804984
i:0.011363018288416364
person:0.033395171893736315
back:0.025075675238899253
any:0.012181991265342943
information:0.05806717344008964
drug:0.050981175851256014
actually:0.029098977703584338
research:0.11026183859059918
will:0.01349173029646767
joseph:0.04862141224575895
the:0.005383950071350378
did:0.03914073912959441
is:0.009595450960380853
write:0.03874016577366087
paper:0.04591248091948327
already:0.034592694301158945
researchers:0.06712390218011983
s:0.007386146200666885
