taken:0.13448495101055755
such:0.03924524905036323
1992:0.08052952112008759
clark:0.1023425850044639
monthly:0.11196717501696818
nov:0.11568802311480397
to:0.005625302694248289
re:0.0076314388322075615
described:0.08468098497384353
you:0.011342836518545342
a:0.00855002526028405
other:0.028149142608814504
j:0.06232915631691556
want:0.038624448320656764
as:0.06531544165036884
daily:0.09099194570881518
are:0.013120640440841337
taking:0.06952959253370622
it:0.01399409917306008
treatment:0.088944968755722
b:0.06246751727580085
be:0.01180533177831574
of:0.007936350431254638
george:0.08127171793990137
in:0.003626116365193683
and:0.0077917839691997925
subject:0.0005448358549391489
eng.umd.edu:0.11947176236646445
drugs:0.08852589523650346
whereas:0.10267175606425745
injection:0.12460062824974824
may:0.0379801128048945
about:0.02010237102697697
is:0.005483114834503345
issue:0.06390530627479292
new:0.03518366458946014
supposed:0.07446316349829307
s:0.025323929830857888
