statistics:0.07875177650173797
at:0.01468275020757385
know:0.020564585427638362
with:0.009747122946492456
discovered:0.07558054508533046
to:0.006890995800454155
receive:0.07137364619175843
like:0.019410651058477887
its:0.0344637426005695
need:0.032020033191620605
barry:0.175271097461682
prefer:0.06844213508403069
this:0.017499414612380634
best:0.04058626799935724
recently:0.055155192743128155
on:0.008450147087321499
you:0.009263316490145364
relative:0.08205199127821514
a:0.004655013752821317
was:0.014757685568356426
no:0.018762428936375163
survival:0.19162519467663106
clever:0.09918800174017343
directed:0.08664515838966101
be:0.009641020952291189
of:0.009722029278286934
rather:0.04289139421521439
for:0.005422481048534567
subject:0.0004449492815336383
i:0.006363290241513164
source:0.10397559872332748
than:0.023843354703657685
the:0.002512510033296843
when:0.0217945740473956
thank:0.060508238446158574
would:0.031088321536812534
cancer:0.17361238047637992
itself:0.056050930676573
recent:0.06330158480808368
various:0.05940964963925314
disease:0.07582992629660901
diagnosed:0.09447855221042326
data:0.14671728116029062
mine:0.05442065074666644
s:0.010340604680933639
