tip:0.02660572997562607
taken:0.04534240320768799
out:0.00540448210587367
11:0.01772575521843996
know:0.005659977640634412
watch:0.01763377908520344
ever:0.012125789251513122
your:0.005779505606336067
with:0.008048083166828634
cambridge:0.04286804043562276
though:0.011401578906471008
tips:0.026074391372299822
times:0.012892092392169848
clark:0.02300360855604923
harm:0.022076433399672468
my:0.008717562030553223
to:0.0025288057983318
q:0.019471002034507606
ds:0.03003331897484727
gi:0.028842900646934035
ten:0.018467840562191876
day:0.011666527686985652
that:0.004773916863777204
problems:0.012582904751797125
quite:0.012184400835364227
nt:0.006551179373600354
could:0.006922519061128704
me:0.019882361108340272
re:0.0017153234072393145
this:0.0024081763228046746
agrees:0.02702686552265874
chronic:0.026294617148384047
infections:0.026525951339333092
telling:0.01969735925516428
30:0.01570231868978849
he:0.0072941890253221805
something:0.009131473931942765
on:0.004651457112287064
you:0.005099073297327724
disclaimer:0.017220438197588013
inside:0.017220438197588013
antibiotic:0.06153767143662279
m:0.006278966569339781
more:0.005832197366150119
amateur:0.021786010099606748
a:0.0064059822286531886
other:0.01265420172322854
vote:0.020893731063424303
was:0.012185244964697967
as:0.00367024844136247
listen:0.01959149711166637
said:0.01005277444341024
nine:0.02315279750882703
let:0.010574026342902866
also:0.0068050327141264515
course:0.011220879816055135
daughter:0.02534684536231524
are:0.002949134777987273
no:0.010327942533784494
taking:0.01562821116583305
begin:0.019143208621745476
works:0.013647366942893304
stomach:0.052148782744599644
ear:0.026853744752095225
it:0.011009119303577081
not:0.002765642241174151
have:0.0046903725976848885
only:0.0061171387076572785
ve:0.008372172931318506
tube:0.0244598206238724
rand:0.05669301611368245
snail:0.026074391372299822
after:0.008849604071857576
b:0.014040863974835971
has:0.004884286577461244
anybody:0.013943096995012363
be:0.005306984010435517
found:0.012268442684665126
writes:0.0060666274405280956
upset:0.023716842055317097
if:0.003074084494327566
of:0.0017838585831719143
phil:0.020327772250761437
using:0.010112021002958353
who:0.005931435202907561
good:0.007431237850272932
called:0.012303919705764835
george:0.018267496234198016
in:0.004075222520515837
antibiotics:0.05742735288132957
sensitive:0.04902101589165843
douglas:0.04137964779133636
and:0.003502728573309999
for:0.00895455585996534
subject:0.00012246310500925824
cause:0.01446560152909205
doug:0.019824034333297186
i:0.007005457146619998
developed:0.019437148331307504
eng.umd.edu:0.026853744752095225
any:0.004693978285728474
drug:0.039288245610142256
suggestions:0.018151359500325127
the:0.0017287913073143419
do:0.0032950363252591593
can:0.007931798095758839
radio:0.03291147119970336
did:0.007540876346068649
may:0.00853681434605427
bought:0.01680313646269936
an:0.012356396402225736
reaction:0.02164741478494392
problem:0.00970442794516323
sinus:0.029399601825852693
many:0.00850092214485364
about:0.004518422845513173
doctor:0.0606195563339152
ma:0.018400082225860166
nose:0.023386093000723775
is:0.002464886485235449
today:0.01302351498072639
done:0.012149832804682103
new:0.007908254884786912
gave:0.01702694455521969
days:0.027323418573854792
center:0.014984545107673435
mouth:0.022167271139563197
dark:0.02115592562232315
article:0.0074342466084091835
de:0.018536614803412708
realize:0.017951886509775864
by:0.004543281994574156
says:0.011747829102878754
while:0.009955699568250103
sometimes:0.016075717084026837
apply:0.018346587089402174
s:0.008538113956734197
