protein:0.036990189471845784
marc:0.02708047680944348
know:0.006971045907674021
all:0.010780427464929843
ever:0.029869175783388255
where:0.010437609029569275
continue:0.022080261055940367
with:0.006608218946774546
way:0.009787417059584991
tongue:0.03463010359218489
ca:0.011618918621990515
such:0.021729007948788685
1992:0.022293483247933853
from:0.0047828940928258505
spot.colorado.edu:0.030511012124467326
to:0.003893217966358279
psychology:0.03160793875972697
changes:0.02303903559172988
aid:0.02806724903570554
slightly:0.02446142178732232
then:0.00901627316257516
day:0.014368943704874983
next:0.030264181059312716
normally:0.024044360136275613
that:0.005879739414143674
hour:0.02630347229762869
could:0.008526040425570945
12:0.020075620517582125
behavior:0.024002197869599968
eat:0.025509741433511028
anyone:0.01890299152137165
extremely:0.02496130161039339
these:0.01871905054349088
you:0.0031401072847950387
united:0.022155491428684844
them:0.00828169023464543
biological:0.032203195910336165
a:0.007889853818341215
how:0.007431429362876408
other:0.01558540099245097
was:0.010005210554817916
as:0.00904083796855388
idea:0.015663142911077718
africa:0.03177171015449111
straight:0.02258000919470796
are:0.007264535385324582
permission:0.02824244811334713
native:0.029882618705765494
co:0.025790879905596132
it:0.003874072652429062
couple:0.017830462116692196
contain:0.026496094960583354
miracle:0.22125557131808882
states:0.019507682121218547
fruit:0.03568779592036651
west:0.02303903559172988
providing:0.0260564507664771
coat:0.03536486702861538
without:0.0253922088678248
be:0.0032681426956919285
which:0.007298826737387106
pg:0.03536486702861538
get:0.01485168333662285
things:0.012625570215481637
if:0.0037861605636350807
of:0.005492671908636685
even:0.009486776541050993
available:0.015260247614769662
1974:0.06747908917076996
forgot:0.027116809523173933
drink:0.028332128052083228
anderson:0.027416202348826538
well:0.009507728305951101
plant:0.03160793875972697
they:0.010541464683703318
find:0.011957326201544577
continued:0.026972859888705094
chance:0.020311059480297197
diet:0.02880321058846205
in:0.002007680247395373
our:0.012597601259776233
or:0.003809669252559804
recommend:0.02478971348679848
and:0.00539261884873997
for:0.0036762583379895365
subject:0.00015083026492665705
half:0.021365217421429467
i:0.002157047539495988
6:0.016600845381690363
we:0.022843117045999492
will:0.012805710111901519
practically:0.0323854606686312
the:0.00298094410730134
do:0.004058293327155348
would:0.0052692070401377175
can:0.004884553629591601
once:0.015158368332909074
an:0.010145741678663691
many:0.010470062302701094
about:0.005565063165660291
is:0.0015179244457099656
discussion:0.019423005336102774
spent:0.02453018187557235
time:0.008923785140698947
evening:0.03000282999642812
their:0.008551884850744146
hear:0.01872136476982377
somehow:0.024023239672373874
taste:0.17463567865396237
although:0.017851635348896937
full:0.017455720248153974
publishing:0.03257380202607522
by:0.011191361297369109
