sugar:0.07830631716329481
know:0.01623519902181976
706:0.07777993118153562
with:0.0076950970630203595
my:0.012502819228030279
to:0.0018134199474879353
might:0.027987962314190075
that:0.009129069090380968
really:0.02567625977882797
nt:0.009395770417400506
suppose:0.05071235507409433
re:0.004920269773396981
michael:0.07907092635983393
phone:0.038649304292231165
allergic:0.07777993118153562
aisun3.ai.uga.edu:0.07418957609381666
programs:0.046489238477559425
on:0.006671168753148551
m:0.018010719896264106
amateur:0.06249145002255619
a:0.00551251628623577
intelligence:0.059474873991876634
wife:0.05317081614663118
corn:0.15770928423186775
seizures:0.08097659142640916
it:0.00902251130894663
gordon:0.05903308062959237
university:0.03092552765261386
allergy:0.08520795490177051
u.s.a:0.06754697633169339
has:0.01401019044587567
scientist:0.06487428311559185
be:0.007611332330756201
common:0.04429115841620197
if:0.00881776868109749
of:0.005116857514887859
georgia:0.12647757368703694
but:0.008753726608558028
associate:0.06516777992499051
fairly:0.05163429668747218
seems:0.031006409070803657
in:0.00233789081440119
and:0.0025118250953341434
subject:0.00035127574857918807
cause:0.04149343596502719
i:0.007535475286002431
athens:0.07045347411564333
person:0.03691045314570856
artificial:0.0677862173722617
research:0.0406227826386418
the:0.002975340828904156
do:0.009451551564559166
radio:0.0472019784311535
mcovingt:0.14576408708728586
an:0.011814449191601798
reaction:0.062093900304181236
just:0.01545248109823534
is:0.007070332286596418
having:0.03443278147921528
told:0.04079236535169908
covington:0.14437872567977478
