since:0.04042063885664003
out:0.011900778778590505
marc:0.09683322010649488
all:0.009637048794406983
your:0.025453176205682073
c:0.02612219894372687
remove:0.044627781667066976
4:0.025093631355340196
from:0.02565370467970229
to:0.004176361091184336
remember:0.02810731350021447
otherwise:0.03589277607688925
might:0.021485708443216626
mail:0.0619053637340577
next:0.027054343674234097
been:0.014820609971933732
newsletter:0.05876513850288772
like:0.011764030944532053
me:0.010945340206106513
account:0.041159387946740005
server:0.04042887621361247
uunet.uu.net:0.06097412033081529
this:0.005302852912842617
these:0.05020109009390735
on:0.010242602530086665
you:0.005614131206148706
assume:0.03506554096251693
successfully:0.05280787763312903
a:0.001410610228127672
lists:0.04785004978404497
as:0.008081961214313317
listserv:0.06295133828158393
following:0.027649639121613754
accepted:0.042544329502016844
ns1.cc.lehigh.edu:0.05443184955825783
also:0.014984819511914814
responsible:0.039503588031040635
are:0.019482163078825016
have:0.0051641476075520495
closed:0.04167750203146274
list:0.11764155947157898
be:0.005843043001388599
listed:0.04585652014608038
if:0.006769196159226357
mailing:0.0891667631023554
but:0.006720032547983943
please:0.038695259735459696
eliminated:0.05932129786837284
box:0.032005444552591994
and:0.0019282697701555045
still:0.02062332406292472
subject:0.0002696662312325081
i:0.003856539540311009
will:0.022895057472793627
the:0.005329566737296334
originally:0.045957531088853955
rule:0.03988583402278972
would:0.0094207034960038
here:0.018185867733569658
many:0.01871920229876862
general:0.029782124879672238
is:0.0027138649180875143
save:0.036591012448699944
write:0.032870443686742565
addresses:0.1947159548151417
goes:0.03255583026253209
before:0.042953419539851406
remain:0.04536608352570674
panix.com:0.05231981119605017
