perform:0.02754860708094839
studies:0.024964987552270383
therapy:0.10009007899047456
mark:0.017772922865634262
effects:0.02545465596072548
controlled:0.02871401074403726
performing:0.032775356859863096
your:0.007455220249593269
with:0.0069210340448467135
literature:0.055989498392479166
from:0.005009303280651927
post:0.015281525470006985
my:0.011245139187340844
to:0.004077512307961038
1987:0.030115445037956618
technique:0.029768734006796537
schools:0.029130884477472828
80:0.02364888536960538
camp:0.03401630674733096
indicates:0.02908785039860253
published:0.048521860529130774
thirty:0.03585154300948386
mail:0.018132044407312756
relevant:0.026603508117180857
that:0.00410538018265653
higher:0.021963750964721255
nt:0.004225316874097269
description:0.025887812197549712
anyone:0.0098989038440319
this:0.009319214882332881
two:0.022068513995897175
on:0.009000156661052484
you:0.003288751416619656
seeing:0.023717690328156377
posted:0.02019752026320648
3:0.013854828074778815
more:0.007523189501897786
a:0.00495800281365584
how:0.007783213001355765
was:0.005239414994682755
worked:0.022746531601031655
ar:0.03626939843678535
usa:0.021565808793069376
also:0.008778089536565482
international:0.02346369598071831
daily:0.052764560233514134
success:0.053039150731498313
are:0.0038042093585871333
no:0.01332243474772201
early:0.020726278691084503
it:0.004057460706981916
not:0.0035675148436447625
have:0.0030251515570867034
briefly:0.0341157571515699
only:0.007890746972007612
treatment:0.05157755584651335
second:0.016270389210960155
snail:0.03363442200687196
after:0.034246396822454755
facts:0.023965010616194608
towards:0.024673237487275387
provides:0.02614290168662503
25:0.021761435196979956
1986:0.03016667617844842
be:0.006845695350739305
claims:0.044453558291227525
of:0.0034516080277941772
what:0.005446402976311427
associated:0.026921867324239887
reading:0.01944569258202953
excellent:0.023047724339292232
please:0.0226676373598255
in:0.003154077548422908
minute:0.026464274404694496
5:0.015377946076435993
pp:0.02935087857949504
or:0.003990008625462043
stories:0.027385589614864186
weeks:0.021541804055225502
and:0.00451831259752414
for:0.0019251412006631597
subject:0.0001579701591243686
i:0.00451831259752414
rate:0.04597249360344676
pay:0.019720958946733036
review:0.025571831270170334
research:0.036536467225287306
exist:0.021517896306485828
the:0.0022300384910918726
start:0.016671965017056287
vol:0.03209621180310317
would:0.005518636959197492
did:0.009727284280727605
an:0.005313006737051696
thought:0.03177025331587825
lower:0.02349693853873146
here:0.010653259796588143
15:0.019774027999885466
interested:0.034048239235679525
is:0.0015897788573412065
either:0.014813980515463657
applied:0.0523905325481256
approx:0.0342169076448202
superior:0.059634075240092024
instructions:0.028594468097188026
bias:0.03168321912892837
disorder:0.0725387968735707
sessions:0.0665513928679873
article:0.014384607342898243
progress:0.029720821520212992
april:0.020131087940166343
side:0.01905540874894197
says:0.015154004404896853
s:0.0036712205967811733
