thanks:0.049834666122904075
from:0.021164306360754392
post:0.06456444511077951
my:0.023755356533257534
through:0.059236582350620674
this:0.013124560959285476
treated:0.1228961679340957
on:0.012675220630982248
syndrome:0.2724325623924297
apparently:0.09471652640629158
chest:0.14456643479936535
wife:0.10102455067859926
separately:0.14096019457825168
are:0.016072784540030638
it:0.0085713857434993
not:0.015072750214399123
have:0.012781265328691322
keith:0.19702335345598335
complaints:0.13094825541332353
has:0.026619361847163778
please:0.04788538392263137
in:0.008883985094724524
become:0.0828055693698787
and:0.004772467681134873
any:0.025582181657220184
information:0.12194106422418825
zealand:0.13621628119621484
an:0.02244745346404342
eg:0.12639021649347468
stewart:0.13847588273292158
different:0.0631804224502812
interested:0.071926905385373
is:0.0067168156722665975
new:0.04309998912208868
does:0.03046222035843813
needed:0.08339556725340053
