apologies:0.05858764782632897
at:0.009472742069402485
out:0.012668570957854407
say:0.020403709400726274
philosopher:0.06539677727771474
sounded:0.06255643776113853
with:0.006288466417091907
though:0.026726281737749245
someone:0.023693098007129248
often:0.03341204718579254
to:0.007409672903714144
sound:0.03710949773256378
nye:0.1302991563140381
that:0.00373015726273631
guy:0.036412158569342684
like:0.02504600136577792
nt:0.007678263997015469
me:0.011651491187145643
need:0.02065808593007781
re:0.0040208656212706514
michael:0.03230855055563107
this:0.005644972455606656
reply:0.03861501633715209
he:0.034196413064951296
aisun3.ai.uga.edu:0.06062804067881793
you:0.005976333219448623
knowledgeable:0.06399225918720867
more:0.013671172320652967
a:0.004504852018859339
was:0.00952108746345576
as:0.008603378066849661
learn:0.040967894416368084
wi:0.06335329767676995
clinic:0.061462000187913354
place:0.02924115717544544
it:0.0036866175240857202
not:0.012965806636042257
absurd:0.05579720486412376
received:0.04160527731883626
delivered:0.06000452177935181
nyeda:0.1352204804522929
his:0.019832570338766203
be:0.012440027035214438
what:0.009897226913942271
but:0.014307166069901296
must:0.024918929327736532
david:0.05368699439450525
sounds:0.03830865122108428
in:0.001910534428973016
heart:0.04269873777468406
become:0.03561529865371127
and:0.0020526742714558595
for:0.0034983748700223014
subject:0.0002870640526023473
i:0.0020526742714558595
cnsvax.uwec.edu:0.12511287552227707
jerk:0.06617441880007631
the:0.0016209742150302216
meant:0.04378128257409696
did:0.01767646283272006
mcovingt:0.059559519455020034
come:0.025819286822251705
relationship:0.0490858682074249
problem:0.022748013892963274
people:0.016185732688958253
is:0.005777905954637934
right:0.020858855847207525
whoever:0.05418364900847072
advice:0.041826420088529555
wishes:0.05610889880899744
too:0.02099481578348921
him:0.02576898175659471
by:0.021299687630476693
covington:0.05899345780463916
s:0.006671357858666864
