believe:0.018105599002752836
generated:0.04043889846451914
large:0.02495028433239646
geb:0.04308559640049272
there:0.01529631642628579
british:0.0371550444977662
all:0.007950565255385759
migraine:0.054560529470972535
among:0.028704212233215207
from:0.01410953757383626
work:0.016875603866585865
2.1:0.04373317126988703
to:0.0022969986001513845
stop:0.027699609288171976
then:0.01329900291479836
most:0.015471628866391982
cs.pitt.edu:0.04270501276021615
direct:0.03328146352145145
that:0.01156348751448256
really:0.016261631193257714
nt:0.005950654597686987
could:0.012575909627717145
re:0.0031161708564847544
so:0.008515088311541
this:0.004374853653095158
amount:0.030986808430223566
relative:0.04102599563910757
m:0.02281357853526787
sure:0.036367400335986726
a:0.0034912603146159877
ordering:0.049425644975774057
income:0.04686327247787438
are:0.021430379386707516
no:0.009381214468187581
not:0.005024250071466374
should:0.013690101185278997
statement:0.02894332849744005
have:0.0042604217762304405
gordon:0.037387617732075176
suspect:0.03235079219081466
somewhat:0.03584864047802172
be:0.009641020952291189
which:0.010765769437645982
of:0.003240676426095644
what:0.00767035085830526
but:0.011088053704173505
banks:0.039326136859314784
again:0.02034890948423348
one:0.008194257564796853
in:0.004441992547362262
or:0.005619262147525711
rather:0.021445697107607194
for:0.005422481048534567
subject:0.00022247464076681915
however:0.019975824201640943
costs:0.034302105457781965
i:0.009544935362269746
group:0.04495193224677742
we:0.011231199214283083
fees:0.04894007074140759
the:0.005653147574917897
do:0.005985982657554139
would:0.0077720803842031335
effect:0.028886445455186715
individual:0.0321807182605546
an:0.007482484488014473
jim:0.05643884578248116
doctor:0.036708509113315316
gb:0.1526357696059416
including:0.026499730887751916
lab:0.03591425761494594
shared:0.041657610967187016
is:0.0067168156722665975
tests:0.07845503275784618
partners:0.045003742883589305
right:0.01616561328158583
average:0.032329342157521555
e-mail:0.02291413147210222
s:0.015510907021400459
