at:0.013983571626260809
mark:0.011919142715445199
technology:0.01336376065800374
all:0.007571966909891199
50:0.027390343564511355
fields:0.019478676465834687
stand:0.015625946644708184
your:0.00999946208080367
with:0.004641487117377359
mary:0.018610352412790687
harmful:0.063610603954652
from:0.003359413708056252
work:0.008036001841231363
options:0.01795627146300324
store:0.03542224642048074
to:0.0065628531432896705
spell:0.0224343081765659
within:0.02568611282795887
then:0.006332858530856362
threat:0.018322832257173932
formerly:0.021822599129632338
basic:0.015157352418888888
sooner:0.021670927650187105
genetic:0.023457439562685343
been:0.005822382488973965
make:0.013968892724997647
expand:0.021383940897887
that:0.002753211312972038
guy:0.013437820424400275
indeed:0.014635882176605617
like:0.009243167170703755
responses:0.017602891393098865
phone:0.01165613938972051
this:0.004166527288662055
laws:0.014729658385070999
on:0.00402387956539119
benefits:0.020443462382110672
etc:0.009215571378802521
a:0.002770841519536498
other:0.005473444396158376
want:0.00751030939568326
was:0.0035137346591324822
as:0.0031750561913373746
waste:0.016978492044437854
question:0.008662643187885335
ethical:0.023698013458782308
shuttle:0.018475057923334436
prices:0.01731135507610731
are:0.010204942565098817
no:0.00893448996970246
culture:0.01877425640541464
race:0.017344562416069673
it:0.0040816122588091894
not:0.007177500102094819
should:0.019557287407541424
catch:0.019229714796654435
probably:0.018946219960549272
only:0.005291810469322565
restricted:0.0224343081765659
against:0.020502228509189258
able:0.010466131849645512
real:0.010149181960310505
allowed:0.015205687413162186
surgery:0.021670927650187105
robert:0.01268020646411787
technologies:0.01959454612731192
mapping:0.021980298846495487
selling:0.016546734664085478
has:0.008450591062591674
be:0.016068368253818646
which:0.01025311375013903
were:0.0061559654661599164
if:0.0026593270625532113
whatever:0.013114922931560963
of:0.006172717002086941
trying:0.010699715170906333
future:0.013906771128245435
even:0.013326662283857345
what:0.007305096055528819
but:0.005280025573415954
years:0.017696630341114232
jeremy:0.024521979192029312
using:0.008747700708908415
must:0.009196271537617052
virtual:0.01959454612731192
they:0.007404124004029711
up:0.0053311919458427955
now:0.006555215864596207
errors:0.01703977903819767
bodies:0.01894522301706667
over:0.007960082351267292
in:0.002115234546362982
our:0.008848315170557116
opposed:0.017766366617060242
and:0.003030138210244364
molecular:0.024839608984384615
for:0.0012910669163177539
subject:0.00010594030512705672
space:0.012132987132988505
offer:0.01394906197933269
example:0.011156187078404383
we:0.05348190102039563
power:0.01072164793718469
possible:0.030678233606721214
will:0.03597794745724712
the:0.0047857333967558915
do:0.002850467932168637
units:0.03856741095883093
risk:0.017024368323807205
start:0.011180801936041715
level:0.013970377629340272
can:0.003430817430308386
goods:0.023698013458782308
maybe:0.010507591596596524
development:0.01542564695657223
human:0.012721596711256252
manipulation:0.023230620460145866
people:0.011946612222802518
head:0.013701824347046362
busy:0.020265483944946577
is:0.0031984836534602844
today:0.011266374070628384
solid:0.0178792155667449
edit:0.02103097468353583
new:0.02052380434385175
questions:0.012000699750974252
type:0.012859176628300382
rocket:0.019565259987241988
food:0.016728092415993635
their:0.012013362052235825
run:0.010622358842807121
insert:0.020591825604617097
nation:0.01778495332068098
engineering:0.015344244020726584
under:0.009632235821847773
bad:0.021750801958304634
by:0.003930299503242723
check:0.013132188748363844
vacation:0.023457439562685343
favor:0.01889561919657369
include:0.013339378068430958
s:0.0024620487335556282
cup.portal.com:0.021383940897887
