another:0.023219951103545328
region:0.05025837995394541
help:0.011204673926920403
story:0.01882229072257908
tried:0.016219183523752206
case:0.012940372289564166
means:0.014840812672454204
ever:0.013839906056700841
much:0.009147627589319012
though:0.013013320427281046
ca:0.010767270136609011
previous:0.018184290155459717
from:0.004432315468220815
mechanical:0.027692269690683207
my:0.009949887553196873
to:0.0036078512044262585
obviously:0.03855385424948646
recall:0.020475681754309017
mail:0.016043536674533277
been:0.023045660532273915
she:0.03471353387328254
that:0.0036325091668531605
like:0.006097586719940698
through:0.024811133968846356
nt:0.018693155804252317
me:0.0056732391644217
re:0.0019578036794668614
injury:0.027320039734223884
michael:0.03146277698087633
so:0.005349793703585969
phone:0.015378780765495126
this:0.002748599153777063
healthy:0.05464007946844777
treated:0.025737417368397006
on:0.002654496467221413
regard:0.024035743321855516
you:0.0029099423529252454
brain:0.023085750779930855
particularly:0.02103193871801352
why:0.009317919267822024
a:0.004386923955538413
how:0.006886717262979709
hearing:0.023742579607957216
blood:0.10933700823059164
wife:0.02115697396410456
also:0.007767000689421814
died:0.0212366650322216
are:0.016830140879613233
it:0.0035901092119368793
not:0.006313193807078166
have:0.013383523904388819
being:0.010187455130498159
probably:0.012498553481828318
only:0.006981865121828726
kind:0.014426841345356335
suddenly:0.02551459216201588
bank:0.04986069149252953
accident:0.025442375815773282
facts:0.02120464290124026
has:0.005574735465374613
alive:0.023062937662815905
usually:0.01726571069207651
be:0.003028592969306133
common:0.0176237070137767
of:0.00509006768496698
even:0.008791410721288093
kept:0.02090982001347735
but:0.006966316463355082
treat:0.02526607626024141
years:0.023348433748485796
ok:0.0170882156571253
sense:0.01720587458828791
understanding:0.021016517198486
fact:0.025112744802396225
they:0.009768791879662238
who:0.0067699103363028715
accept:0.018702156914464575
one:0.005148224648039909
in:0.00465130109671441
or:0.003530426480120866
and:0.0029984090143255746
for:0.0034067943760426596
subject:0.00013977464341370836
doug:0.022626384736433438
i:0.004997348357209291
diseases:0.02936646019855379
research:0.016164039165114018
the:0.0019731754188195105
do:0.011282480401672722
arbitrary:0.028213367048521076
would:0.009765964880674095
can:0.0045265235206163
her:0.01731104086350643
because:0.018478767527691245
cancer:0.10907584113699262
10:0.015132836428775732
problem:0.011076258073537092
just:0.0061486312223344814
people:0.015762022409142592
head:0.01807779966207164
is:0.0028133259360278943
either:0.01310765815242596
done:0.013867348436757585
bone:0.032920169324772874
sheet:0.027268960284248155
define:0.022380920935915895
dead:0.017964827930948356
transmitted:0.028336563370040414
e-mail:0.014396312966765794
article:0.008485161050435614
wont:0.03126648896132535
diagnosed:0.02967912634882406
three:0.015280041918704046
past:0.017295887156562113
by:0.010371052092326347
says:0.01340851698653177
yfn.ysu.edu:0.02914363499217266
dangerous:0.022014375566425586
