some:0.005430404070387694
sugar:0.02768037257865305
sentence:0.0230360524386013
at:0.004097511685834563
mark:0.013970344019963676
know:0.00573895407282931
versus:0.05034682422025785
media:0.018378866003233775
i.e:0.01606762324174606
with:0.013600636669524355
ron:0.059125093063605146
compared:0.01917576105076103
hamilton:0.0256389165685335
to:0.005128182921268208
sound:0.01605201529827177
t:0.14379198446514094
2.00:0.029662160463820027
perhaps:0.013434704826232768
make:0.00818642085278932
that:0.008067549428708763
r:0.057678507287983814
higher:0.01726452982808322
nt:0.006642591178813381
could:0.01403822470070751
publication:0.025518100352704378
anyone:0.007780998835541354
convincing:0.025955444304556825
this:0.002441778783122879
you:0.010340446314580871
medical:0.037423418345755084
support:0.012739331672248864
why:0.008277779442576775
more:0.01182715372856489
a:0.003897220816315521
how:0.012235934857945342
other:0.006415385989915864
same:0.009032992328040057
was:0.004118423879541328
expectations:0.027874199073539416
416:0.028076455408142853
question:0.020306847286949807
also:0.0068999866589747275
russell:0.048632371029579284
addressing:0.025063967936128022
success:0.0208456197061005
are:0.0029902854958196536
likely:0.015378645604324316
it:0.004784029252185656
have:0.004755819657187468
placebo:0.08988701889570526
treatment:0.02027117892572269
suspect:0.018056256106501207
careful:0.02140164366261112
2.10:0.03140492069378008
has:0.004952439413425818
love:0.015219616000843946
alive:0.02048847020278064
be:0.008071552425174018
which:0.006008801546593106
claims:0.01747128221213361
get:0.006113367326935452
if:0.00935093608972199
end:0.012577829779420973
of:0.005426248899508985
opinion:0.015392146812035764
conventional:0.07440336133959324
but:0.003094340568606559
variety:0.021733099569687817
well:0.007827292605364394
they:0.004339161044222064
who:0.01202839883008231
up:0.006248652885359928
in:0.0024792516543417275
and:0.0017758019278641388
few:0.010630825585610635
usenet:0.01899627269136629
subject:0.00012417189252101533
i:0.0035516038557282777
rose:0.02293230472923247
person:0.013047415995692329
medicine:0.04122283116898598
face:0.016694286469514232
20:0.014627127201886605
alternative:0.06075575827485134
the:0.0042069935441249465
do:0.006682027152618573
when:0.012164413421802195
around:0.011010206665830862
would:0.013013715992154085
effect:0.03224533446160378
worthy:0.02557811618915046
named:0.021680543498739293
measurement:0.027874199073539416
come:0.011168342671950738
an:0.004176270411915054
people:0.007001270418944732
doctor:0.02048847020278064
patients:0.02289823012415306
is:0.004998560500291421
patient:0.023399609521621467
estimated:0.025955444304556825
study:0.03446858928776557
does:0.005667389834128024
their:0.007040388923635879
notice:0.018781234574904857
paper:0.017937899522030676
turpin:0.029380185478627308
every:0.011312318729941376
dog:0.02314216721890907
show:0.0140003193941155
article:0.0037689901410074464
very:0.008108104612946266
meet:0.0199541433376717
selective:0.02681657190053634
respond:0.018809338363072123
by:0.01382002988116976
seem:0.012835872348352269
doubt:0.03237276557191226
include:0.015634991968579544
