school:0.013933043968567453
some:0.004473321360664192
at:0.0033753448753043335
final:0.014776430640753237
know:0.004727490902905371
all:0.007310864602653572
case:0.009469774357497148
situation:0.013502422562354783
with:0.004481435837467795
way:0.00663744375305189
much:0.006694240879539967
from:0.0032435718560543123
unusual:0.019213742012332304
my:0.007281335335864377
to:0.0021121826208288595
us:0.00789224669036397
basic:0.014634685094099617
reactions:0.021380921553562134
been:0.005621610679009345
that:0.00930395547142275
think:0.011032551935084714
really:0.00747661204287711
nt:0.0082077994450855
months:0.01301070704973111
happens:0.014314473236700301
me:0.004151680767833505
re:0.0014327222328665537
so:0.007829966263485977
had:0.011757919430514446
this:0.006034280900820908
something:0.030508219420130617
on:0.007770250195238159
you:0.002129498043711578
medical:0.030827720093246525
took:0.01293257347286084
went:0.01249985159094285
am:0.012523650242922341
them:0.005616318664874486
particularly:0.015391188870270429
temp:0.022724434471620255
more:0.0048713372636809416
sure:0.008360321916318787
a:0.0058856495725327
how:0.00503970497022653
exposed:0.0213273344195593
constantly:0.019992826012401384
was:0.013570285580097863
crash:0.019566674153741522
as:0.012262285980337446
gary:0.016263135798937386
idea:0.010622131399466498
wife:0.015482689759172299
doctors:0.0375590649801665
also:0.005683897056243549
illness:0.04660459989906107
are:0.004926523996944257
likely:0.012668232969079417
it:0.006568111680842374
not:0.009240000131432412
ken:0.015808707667106556
have:0.003917629219522244
being:0.007455187470977578
area:0.012292977182602862
suddenly:0.018671598095574837
always:0.010179908421450987
104:0.023302299949530536
usually:0.012635060314891238
found:0.010247205000984664
writes:0.0025335723793776335
get:0.030215493684853385
things:0.008562168307050765
of:0.0037249154322938436
what:0.0035265980957725333
but:0.005097955726056784
younger:0.021719207404695
never:0.0168884232249951
km:0.021380921553562134
well:0.012895539541404941
beyond:0.014963847499764775
nearly:0.016437321140227647
up:0.005147357740813734
in:0.002723060565432804
point:0.008435003682988738
system:0.008564070226982854
or:0.0025835688034600967
and:0.006582714042944653
for:0.006232736837396053
subject:0.00010228719115715822
outside:0.013811401446289368
i:0.01097119007157442
we:0.020655079014773484
body:0.013600310818676442
any:0.003920640867006924
sick:0.05162347435683869
research:0.011828856247267346
program:0.010638442269670785
later:0.012242957965355185
the:0.0025991483103070794
do:0.01376087967253825
when:0.030061481444683583
around:0.01813942094370602
home:0.011223613225522407
physician:0.021120180315075485
forget:0.014709629637603425
myself:0.025539019632167686
ready:0.016151261643028336
during:0.01121980655096732
here:0.00689808776100918
people:0.005767330038594319
about:0.0037740083537236456
doctor:0.016877475454397845
different:0.009682823364027768
is:0.009264573341057375
deal:0.012629559355404248
either:0.009592194280127808
sorts:0.019063471080710534
solid:0.01726269089202956
new:0.006605362317561482
time:0.006051762336795837
carry:0.014913631608939869
hospital:0.0190341114150187
lot:0.01899274627023288
almost:0.011578516974193747
article:0.00310472367937395
very:0.013358180013666262
infectious:0.024555989264505314
training:0.017171679068243708
three:0.011181946384952002
going:0.008344121394826369
usual:0.016437321140227647
immune:0.023878093830945624
seem:0.010573611321439608
