bottom:0.01985183242411071
some:0.0051660923678467
since:0.008853193023910095
cat:0.02240697747526329
out:0.005213173004780796
there:0.0040609689627307405
rr:0.11461601013335501
versus:0.023948157538396984
case:0.010936332333215733
media:0.01748431942785514
1984:0.024109076317914133
your:0.02229968534834093
wonder:0.016329060654057207
with:0.012938658778529809
ron:0.03749821536482332
ca:0.009099772549081066
into:0.007923911075143302
someone:0.00974981466665053
journal:0.021914828647341945
from:0.0037458949311069715
several:0.012471023770209718
my:0.004204487881992483
hamilton:0.024391004700153547
to:0.0036589358232499932
most:0.0082150241768453
2.00:0.028218426989917285
class:0.01755827288349116
been:0.006492214102749731
make:0.007787966740485415
that:0.003069952437473246
ran:0.02008759068345999
problems:0.012137492194211385
quite:0.011753094611103547
higher:0.016424220854149966
practice:0.036340956681786205
jb:0.31690201245931027
something:0.008808235916652755
you:0.004918575127510813
medical:0.05340288679869918
why:0.007874878673247815
a:0.0018537665387341527
how:0.005820190253226214
hard:0.011965634524670395
other:0.006103132689521729
416:0.026709902268808466
business:0.016002494394838793
success:0.03966201979479299
are:0.014223703132770476
no:0.014943527471449246
magic:0.02279536513403491
it:0.003034118847256389
not:0.008003230202335817
have:0.004524341709271264
placebo:0.08551198700255147
only:0.011801205648400766
surgery:0.024164043220562616
2.10:0.02987636260691468
has:0.004711391477374119
alive:0.01949124377698158
be:0.005119126169358153
which:0.017149013263506874
writes:0.00292593978326355
if:0.005930534688171764
of:0.0043017828664986425
even:0.007429909060911618
conventional:0.047187972531010466
but:0.00294373107190447
treat:0.02135318834383234
award:0.025015246285374368
well:0.01489263637303845
beyond:0.017281257510790293
they:0.012383888820899252
who:0.005721472894840036
up:0.005944514913063649
good:0.007168185183006633
in:0.003930966856072798
fear:0.019052062546471224
heading:0.024948707005000292
or:0.008951037049155999
england:0.02181613060524328
substance:0.023844040293219137
and:0.0016893690906672118
usenet:0.0180716753479812
for:0.002879193477098
subject:0.00011812812784078892
half:0.01673293576811069
create:0.016826750846210704
twice:0.019957440748918864
i:0.0025340536360008176
rose:0.02181613060524328
diseases:0.024818557070459175
we:0.005963468609353849
medicine:0.058824615274327335
rate:0.03437766114594028
20:0.027830374764651503
alternative:0.0770648261303424
the:0.004669266433560505
managed:0.0209341266113473
closer:0.020625295806322778
kidding:0.02615608305219782
around:0.010474311651122281
drugs:0.0191936675512773
would:0.008253536691189169
effect:0.0306758712798443
because:0.007808505747320858
did:0.007273942670101617
reports:0.017496559487558194
10:0.012789255565912231
intervention:0.024818557070459175
conscience:0.02680933968408306
qualified:0.02551134052484652
is:0.004755267732578122
either:0.011077711093421939
itself:0.014880778055727345
new:0.007628316658776756
time:0.013977964335431093
estimated:0.024692126218936804
90:0.01784052836081563
dc:0.019810284900438853
runs:0.016600843010811217
experience:0.014655852985819237
every:0.010761719145740692
percent:0.0209341266113473
purposes:0.01958849557662218
selective:0.02551134052484652
by:0.013147373559519903
john:0.01186494867071613
doubt:0.015398549995489237
s:0.002745293278123975
