advocate:0.06532518778085461
at:0.010364294264169778
mark:0.07067350504216918
say:0.022324058520794627
truly:0.05127415845918092
with:0.013760644159754054
harmful:0.06286224390812668
from:0.009959673581531478
to:0.004864232329732344
threat:0.05432180857420978
basic:0.04493709187717647
expand:0.06339709536785323
indeed:0.04339108598240724
cs.utexas.edu:0.06367392474914964
re:0.004399300032684359
this:0.006176263980840224
laws:0.043669104859269316
a:0.0032858920608150473
other:0.01622715279802248
was:0.010417189812957478
as:0.00941310776725904
jail:0.06469758800785116
russell:0.06150564571387969
are:0.02269098993886678
culture:0.05566014840193517
not:0.007093058924423116
should:0.019327201673335053
robert:0.07518616538724009
directed:0.06116128827505483
which:0.015198733323735503
writes:0.007779557541383086
things:0.02629089327223823
of:0.006862608902320187
but:0.00782686143824012
must:0.0272642403232882
who:0.015212386755692333
in:0.006271048302158487
opposed:0.052672051617637425
and:0.00224586714406347
subject:0.0003140818457884505
we:0.06342324262183388
ugly:0.06454578324507577
the:0.004433841235229724
wrong:0.031099083021527772
see:0.0208163030754256
units:0.11434103013676933
risk:0.050472244912934304
can:0.010171364616914275
people:0.035418191531132175
is:0.0031608544340078104
today:0.03340148547998062
followups:0.0686560849092772
does:0.014335162521617944
himself:0.044032722947070224
nation:0.052727155727195385
turpin:0.14862917359776168
words:0.0389159897824397
article:0.009533328003724717
bad:0.06448473051167962
include:0.039547332626407077
cup.portal.com:0.12679419073570647
