some:0.009492169716531336
out:0.019157351204560327
help:0.017399127805217865
case:0.02009439924639639
with:0.004754694120240223
though:0.020207676435859186
from:0.0068827012555298835
liu:0.1513540059218207
to:0.001120487122025066
h:0.028725057921093634
that:0.002820362808410381
problems:0.022301408421884338
kinds:0.03707233068116297
cs.utexas.edu:0.04400230572095707
could:0.012269180124602094
re:0.0030401666892534195
this:0.012804449716376074
he:0.025855824512524155
best:0.01979817951188158
books:0.0296807960410257
medical:0.032707459123322534
m:0.011128574895252619
a:0.0034061076240155977
idea:0.022539644676916718
russell:0.04250390150959166
l:0.026869598201246857
no:0.009152404359207398
it:0.0027874425182111543
have:0.004156509049980918
involves:0.0425847985083979
probably:0.01940832288641633
growth:0.044198220774445365
has:0.03462681215891223
his:0.029990716122036697
without:0.0182700039414837
which:0.010503189695264373
seek:0.03950807951880242
found:0.04348813829686175
writes:0.005376117000142784
of:0.006323271075308575
even:0.013651702827366064
seen:0.021076950330263033
what:0.007483269130053913
treat:0.039234313542326094
never:0.017918205128958215
present:0.029467481974221985
fire:0.029243850707637974
now:0.013430198356733694
called:0.021806947120786457
one:0.007994397624192054
in:0.0028891008438128537
better:0.01818061683984881
and:0.0062080880405006485
subject:0.00021704843001640894
p:0.02736689463114919
i:0.004656066030375486
medicine:0.03602808415175604
similar:0.02572974217777806
any:0.008319408669014695
community:0.0330776329835498
the:0.0036768439511661124
do:0.005839983080540624
thing:0.01840595475711347
got:0.017984990419760767
can:0.007028991808436694
physician:0.17926396950356757
symptoms:0.04195909898696597
wants:0.028622237094258124
an:0.007299984866355584
problem:0.03439943564301763
about:0.008008261628633103
e:0.050583572293558164
current:0.025709314827079822
is:0.004368660599848194
checking:0.03950807951880242
himself:0.030429117483747718
first:0.015264673409683262
turpin:0.1027112175269085
disease:0.07398041589913075
article:0.006588072197695944
luck:0.033518606714744895
diagnosed:0.09217419727846173
bad:0.022281309323141336
before:0.01728613225384264
by:0.008052320933472896
main:0.030231032614852264
s:0.005044197405333483
