week:0.06630459239241507
there:0.017649595876483605
all:0.05504237484497834
thanks:0.03833435855608006
replied:0.1070468131443265
surprised:0.08462851330767768
my:0.01827335117942887
to:0.010601532000698698
been:0.028216161292719987
responses:0.08530631982809452
asking:0.06895063105073836
re:0.007191163514964819
on:0.009750169716140192
market:0.07520875413601966
was:0.017028098732718953
question:0.08396100320565787
are:0.012363680415408184
made:0.1341680510721924
ve:0.03509872498129681
who:0.024866401427574007
in:0.003416917344124817
jersey:0.09837908815016716
and:0.007342257970976728
subject:0.000513403017154198
i:0.007342257970976728
person:0.053946046905266366
away:0.053249684352378285
back:0.0405068600012988
patches:0.10872010885566552
the:0.004348575057629152
see:0.034026649257907236
when:0.025147585439302615
got:0.04254141964674181
about:0.018942618852343683
new:0.03315383778622206
initial:0.0885895853786747
by:0.019046836054176272
mike:0.06145023132610969
four:0.06746242598121104
cup.portal.com:0.10362986742822164
