mark:0.02888099965665568
with:0.01124668032287591
damage:0.042783392847775686
to:0.0026503830001746746
been:0.014108080646359994
that:0.0066712427968168625
problems:0.02637570419126705
like:0.011198452533737243
vague:0.05628958034573807
anything:0.022319626445378882
re:0.0035955817574824093
avoid:0.03718028358868365
so:0.009825101897931924
deeply:0.05421545945317372
pushed:0.04910482648198594
apparently:0.03642943323318907
a:0.002685584857396914
beating:0.050857918374235506
was:0.008514049366359477
red:0.03473672072060145
blood:0.04016032417700578
odd:0.046725901738583625
evidence:0.03093950033185651
rich:0.0436518797544419
pat:0.07794500445430345
are:0.006181840207704092
caused:0.038291482490915074
seizures:0.059175201426991314
it:0.0032966868244228074
not:0.011594423241845479
have:0.0049158712802658934
against:0.024839238386133142
robert:0.030725115663054844
be:0.011124254944951372
which:0.012422041658822287
of:0.0018696210150551795
what:0.00885040483650607
but:0.006396954060100099
year:0.047591552234801
seems:0.02265852970558729
must:0.022283273341149015
up:0.012917888176465237
in:0.005125376016187225
or:0.01296752803275164
rather:0.024745035124162148
and:0.0055066934782325465
still:0.01963181809836103
for:0.0062567089021552695
subject:0.000256701508577099
cause:0.030322126282135257
back:0.0202534300006494
body:0.03413154926610146
program:0.026698398388308415
the:0.006522862586443728
strong:0.0347178114035626
would:0.008967785058695924
can:0.024939403628010965
effect:0.03333051398675391
symptoms:0.04962470360958474
accused:0.0527537651522254
last:0.020963101462110556
an:0.008633635947709007
people:0.014473780193010745
about:0.009471309426171842
is:0.010333562572717843
having:0.02516241723481117
issue:0.030109230841008205
else:0.024293771397481317
build:0.035881087144407256
various:0.03427479786879989
disease:0.04374803440188982
very:0.0167619470363793
condition:0.03652014508158674
side:0.030965039217030706
process:0.034774651281091994
s:0.005965733469769407
cup.portal.com:0.05181493371411082
