some:0.011617282339635365
simply:0.015217131044195966
sugar:0.02960835872840998
at:0.004382910509723537
protein:0.03257345043043136
say:0.00944052226003753
birth:0.025722744119697147
form:0.01698199464916366
all:0.004746606122618364
small:0.014869382588388115
produces:0.02621089265680423
with:0.0029095889392514794
damage:0.0442733617529221
missing:0.02148083315119029
compound:0.021305566027390574
times:0.013982468365636947
from:0.004211802260846644
both:0.01117265712591163
to:0.006171041015332078
everyone:0.015211506256284096
then:0.007939703232715438
young:0.018676893169523315
growing:0.0265285616716626
enough:0.012100241427549235
that:0.0051776809766339825
problems:0.013647130526824742
re:0.0018604005113341817
avoid:0.019237559667776613
so:0.005083634812860299
quantities:0.029217952681437367
this:0.00783555878166297
child:0.019728182192743252
age:0.02051138619857523
leading:0.022463802157867918
you:0.0027651691015359295
children:0.01667849188068918
brain:0.02193720596500892
used:0.009823201534014257
detected:0.029507847746730778
concerned:0.020029797226655866
them:0.007292831699165377
a:0.004168669032377299
pregnant:0.06051642076445244
as:0.011942002391298782
therefore:0.017079231445546596
are:0.019191384525409718
infants:0.03025821038222622
it:0.017057484066665272
not:0.002999552281472462
couple:0.015701451714699097
have:0.0050870707775885855
only:0.006634508648105903
whether:0.014216211865083704
chemicals:0.030032029416670217
real:0.012724347532329589
acid:0.02605935431110916
uses:0.03398005104314863
be:0.005755833404352948
of:0.0038694643893679333
produced:0.022839935196390066
what:0.004579313945256872
but:0.003309866777365225
nerve:0.03014383466966553
women:0.018802563153400124
must:0.0115296538680572
they:0.004641391166705192
who:0.006433098876785314
now:0.00821847959143405
one:0.004892094068535435
in:0.005303871698342999
or:0.010064350114971423
and:0.007597958497329151
for:0.006474604237056199
known:0.032407251220560776
subject:0.0001328206810548174
cause:0.03137812072977181
until:0.014234655350072857
i:0.0018994896243322878
cells:0.054339042466140804
body:0.08830052546454109
necessary:0.01793420784816679
will:0.011276670098540142
than:0.007117419314524682
the:0.004125016472576907
when:0.013011685998445132
around:0.01177708673210764
can:0.00860264669092252
major:0.01630063668018802
an:0.004467154918217596
thought:0.01335615126961051
10:0.014379958994508281
problem:0.010525200457938231
people:0.014977842189782263
about:0.0098011560231032
worry:0.021872452889824492
is:0.010693437886195579
levels:0.045627910751176635
living:0.018328383154373632
issue:0.015578905509775389
toxic:0.0586254396411901
eliminate:0.0536194338932092
easily:0.01840256103679297
nothing:0.012710726375626412
disorder:0.030495165849834454
significant:0.020711083549770973
thousand:0.023190631105616658
disease:0.022635798894510152
high:0.02783406791683106
