above:0.02682419734116793
since:0.009856264154697937
believe:0.010702817144484436
there:0.004521078746685455
roughly:0.04989139812226112
continue:0.01925224732463766
with:0.005761846076744309
much:0.0086068811308371
apparent:0.02383819752007672
except:0.015883553788196125
reasonably:0.024287908949679707
to:0.00543132673927421
1987:0.025071478873963885
obviously:0.018137404339044122
w:0.03048611679831876
young:0.07397153747929432
80:0.019687988312627136
pin:0.02400634040859622
measure:0.04549116974194908
110:0.028485997004801054
conversion:0.04948589987109356
nt:0.0035176283336080714
affect:0.048290226403071214
re:0.0018420714422569978
sample:0.04643548460687645
ball:0.021963573102127803
240:0.028747621760042176
these:0.01632153668077776
numbers:0.03475608276846008
chemistry:0.02637667011226056
a:0.0020637992007582194
factor:0.04458108777021494
same:0.009566962317874938
below:0.018285093167674345
test:0.05284581064994587
as:0.003941449065108465
following:0.013484306763742668
blood:0.20574747361618725
rich:0.04472704920652175
whole:0.11790799901585379
70:0.021191314568288704
are:0.015835255704463685
results:0.036089495062743455
not:0.005940000084492265
between:0.011442688896780323
stated:0.01912362099949635
60:0.020057434873847375
after:0.009503515702783011
b:0.015078366238986413
somewhat:0.021191314568288704
chuck:0.024548216739701288
reducing:0.027849486012288704
be:0.011398251372166922
which:0.006364001638017329
writes:0.006514900404113915
of:0.0009578353968755598
park:0.02212434615293087
clinical:0.02807864865088424
what:0.004534197551707543
but:0.0032772572524650753
tend:0.06294981419319212
humans:0.02221862861702297
well:0.016579979410377782
they:0.01378698952474498
find:0.010425845998391085
degrees:0.024904476156349692
one:0.00484389609741686
in:0.004376347337302721
according:0.0169434788403262
compare:0.021230103023613365
accurate:0.022031834356617586
5:0.02560465898441067
or:0.0033217313187344105
and:0.0009403877204206646
for:0.008013518790937783
subject:0.0001315121029163463
however:0.01180836898619169
values:0.04207828936298787
editor:0.02274558487097454
i:0.0018807754408413293
cells:0.026901841220921926
cell:0.02735291113976671
any:0.005040823971866046
actually:0.012040956291138348
will:0.011165569900524969
than:0.007047296956746114
the:0.002970455211779519
do:0.0070770238315911
level:0.017342537746767236
can:0.004258945775555238
lower:0.07824596281863286
laboratory:0.04716112903618448
10:0.028476569043311965
human:0.015792326951904315
problem:0.010421503901702385
n:0.01803455909263252
general:0.014524287502894341
is:0.006617552386469555
tests:0.02318867963286094
levels:0.11294593671165645
done:0.013047603701579796
drawn:0.02474294993554678
2:0.009598076611307432
strip:0.026432332946023776
although:0.015565218998791912
article:0.007983575175533015
very:0.008587401437356883
testing:0.024251820082231073
95:0.02637667011226056
concentration:0.029627876877004623
range:0.019702246233939277
s:0.0030563363588966418
