believe:0.03291927091409607
at:0.013347954734158047
superstition:0.08455182614363209
out:0.017851168167885755
agate.berkeley.edu:0.08898194680255926
with:0.008861020860447688
ca:0.03115982721352002
turn:0.051840577798704775
scientific:0.06398029601218004
aka:0.07847971679407524
most:0.02813023430253088
berkeley:0.08236941144328454
nt:0.010819371995794523
me:0.016418010309159767
re:0.011331530387217289
msg:0.16625429017671034
this:0.007954279369263925
you:0.016842393618446118
combined:0.07685478451599043
tell:0.03651553111549171
dyer:0.37298308778224826
a:0.0021159153421915077
steve:0.14577972031065395
experiment:0.07698373435944358
evidence:0.048753152038076925
hypothesis:0.17041189991954322
explanation:0.06987866341918858
likely:0.05009710310499588
properly:0.06523888084094692
writes:0.010019127136629733
of:0.005892138956537535
what:0.013946092469645928
forgot:0.07272235281214828
they:0.014135145825874905
pope:0.08147261036161287
in:0.002692116695371068
sensitivity:0.0807915287273361
for:0.004929528225940515
subject:0.00040449934684876206
i:0.0028924046552332564
the:0.006852300090809573
harvard:0.08520594995977161
an:0.013604517250935406
reaction:0.07150206701693598
makes:0.04231784670078749
is:0.008141594754262543
lack:0.05878062210458465
events:0.06164467965116098
mass:0.06381649425302525
article:0.012277770913887895
