school:0.02272827797372566
above:0.017016600188303407
believe:0.013579199252064628
ask:0.0182160161522273
at:0.005506031327840194
superstition:0.03487762828424824
out:0.022090820607758622
agate.berkeley.edu:0.036705053056055696
all:0.005962923941539321
take:0.013285932064598147
your:0.015749152777265782
continue:0.024426288793134035
with:0.003655171104934671
ca:0.012853428725577008
turn:0.02138423834196572
several:0.017615321075421228
to:0.0017227489501135387
stop:0.020774706966128986
line:0.01764877343003743
scientific:0.026391872105024267
everyone:0.019109454734456896
otherwise:0.022208655197575228
aka:0.03237288317755604
most:0.023207443299587974
berkeley:0.033977382220354874
civil:0.02608262174712821
that:0.00216815390896548
uxa.cso.uiuc.edu:0.027866283373324655
through:0.014809145587655169
nt:0.004462990948265241
me:0.006772429252528404
re:0.0046742562847271315
msg:0.10286984204683952
this:0.009843420719464107
sincerely:0.03405407029905371
you:0.013894974735218047
combined:0.03170259861284605
tell:0.015062656585140331
dyer:0.23078328556526612
m:0.00855509195072545
more:0.007946368911379537
a:0.0026184452359619905
other:0.008620674923949443
want:0.011828737298201136
demonstrated:0.032314197300369545
was:0.005534132088133661
as:0.015002140504069094
idea:0.017327351845379726
steve:0.06013413462814474
experiment:0.03175579042327048
evidence:0.02011067521570673
hypothesis:0.07029490871681159
explanation:0.02882494866041529
flaming:0.03445229413896689
likely:0.0206650550308108
daniel:0.02674112496998962
hey:0.02408836866019481
it:0.002142846435874825
not:0.0037681875535997807
properly:0.026911038346890605
nasty:0.033057646943253076
war:0.02210515697233136
regarding:0.024731227319192986
wasting:0.035334035378091294
writes:0.008265779887719529
if:0.008376880247042617
of:0.004861014639143467
what:0.0057527631437289456
forgot:0.029997970535011166
well:0.010517924438458406
they:0.005830747653173398
up:0.008396627314702405
pope:0.03360745177416531
now:0.010324464986739028
in:0.0011104981368405655
our:0.013936096393627459
or:0.004214446610644284
and:0.003579350760851155
sensitivity:0.03332650560002614
for:0.004066860786400925
subject:0.00033371196115022873
i:0.003579350760851155
group:0.016856974592541533
we:0.008423399410712313
ng:0.03862211722744617
necessary:0.022529848609259533
shoot:0.029133230326430927
the:0.0028265737874589485
harvard:0.03514745435840579
can:0.005403537452735709
insult:0.03592972400186833
simple:0.020619928480976504
mr:0.021105972989271336
an:0.01122372673202171
reaction:0.02949460264448609
just:0.0073399285216617875
makes:0.017456111764074838
people:0.009407957125456985
about:0.006156351127011697
paul:0.02046889056943161
is:0.005037611754199948
discussion:0.0214866996530637
else:0.015790951408362855
lack:0.024247006618141168
time:0.009871937311898211
keep:0.03311768230157402
events:0.025428430356103905
goes:0.02014391997494173
mass:0.02632430387937292
too:0.012203236674153104
article:0.005064580501978756
little:0.014658366886865401
going:0.013611348025310516
elsewhere:0.029607218303877827
s:0.0038777267553501147
