involving:0.023844040293219137
above:0.012047150575790023
some:0.0051660923678467
since:0.008853193023910095
sugar:0.026333097807125692
studies:0.018668508390857055
at:0.00779615055269408
say:0.016792433400597728
form:0.015103455418061485
all:0.008443078147312311
produces:0.023311457628396683
with:0.0025877317557059616
damage:0.03937586598379355
such:0.008508925679061056
times:0.012435735139349676
equally:0.021209045996776532
from:0.007491789862213943
both:0.009936743727027601
to:0.0060982263720833225
then:0.007061417476884085
aka:0.022918855346942327
enough:0.021523438291481383
that:0.006139904874946492
problems:0.012137492194211385
equivalent:0.020881134615565372
quite:0.011753094611103547
like:0.005153270192516253
nt:0.003159639609391321
its:0.01829933235428469
re:0.00330920798918735
so:0.004521285829136815
quantities:0.02598587826977394
this:0.002322931143236367
two:0.008251280675457131
on:0.0022434018815897785
you:0.0024592875637554066
concerned:0.017814111692733756
dyer:0.10892426457357693
a:0.0037075330774683055
other:0.006103132689521729
as:0.007080656285106357
steve:0.028381892449861827
blood:0.018480857143400888
alcohol:0.02379288621179845
product:0.017658840366135214
are:0.014223703132770476
early:0.015498854419439297
administration:0.019708091472143946
it:0.006068237694512778
not:0.002667743400778606
couple:0.01396456546307309
components:0.02153259584115247
only:0.005900602824200383
whether:0.012643622056999223
treatment:0.019284528624028224
completely:0.015915901048847214
chemicals:0.026709902268808466
real:0.011316786964594015
acid:0.023176682374039564
foods:0.024276068919608148
uses:0.015110597919630252
be:0.005119126169358153
which:0.011432675509004581
writes:0.00292593978326355
get:0.005815814049960718
were:0.006864173882620793
formed:0.0230890601293662
if:0.002965267344085882
liver:0.027458027622985166
of:0.008603565732997285
produced:0.020313393692364616
seen:0.01147108358682457
what:0.004072752668126687
over:0.008875844037696274
one:0.004350933220246117
in:0.005503353598501917
minute:0.01978965652386447
system:0.009890364288683739
or:0.002983679016385333
and:0.005068107272001635
consequence:0.02642433359120859
for:0.002879193477098
known:0.014411189148966186
subject:0.00011812812784078892
cause:0.013953544837796754
drunk:0.02642433359120859
i:0.0016893690906672118
cells:0.024164043220562616
person:0.012412364774663056
body:0.04711966093373299
actually:0.010815549234960552
noise:0.020267301830159946
will:0.005014625419926037
than:0.00633009416911266
the:0.006336861588403543
harvard:0.024883153528074894
when:0.005786170101078477
can:0.011476539722624513
because:0.015617011494641717
an:0.003973000613105029
thought:0.011878700907927931
human:0.01418514323556007
people:0.006660500619792555
relatively:0.019728342211203294
about:0.004358478673990582
is:0.015454620130878897
levels:0.06087086323663608
living:0.016300907141721683
stays:0.02651749026907511
issue:0.013855575254269262
toxic:0.026070162318316836
eliminate:0.023844040293219137
time:0.006988982167715547
food:0.01865256322491326
amounts:0.04452138094821783
significant:0.01842003448453082
thousand:0.020625295806322778
article:0.0035855437182150487
kidney:0.028218426989917285
going:0.00963635258429063
by:0.004382457853173301
high:0.049510156206044625
s:0.00549058655624795
