sent:0.0343708649372861
some:0.010911559580685551
laser:0.09161603700769586
there:0.008577373696982686
with:0.0054656764185939
ca:0.019220080337311412
my:0.026641521345709383
to:0.002576073196431459
speak:0.033508717893816764
family:0.03682679503850156
worse:0.036402480498508284
she:0.06196528009156042
that:0.009726297909377854
nt:0.006673631324508771
hot:0.039099235390293564
could:0.014103823881551937
me:0.02025399402625317
so:0.009549631751260935
anyone:0.01563471728636814
treating:0.05357221063876375
getting:0.025347678245090523
on:0.009476800471762428
apparently:0.035408047254688435
m:0.01279266086089787
a:0.001305144042847098
shed:0.053726690096251695
question:0.02040173909670191
ontario:0.04438645048331094
no:0.010520988188621587
deep:0.04252145399809851
pain:0.041373831778659935
it:0.0064085127054200365
have:0.00955608622705893
treatment:0.08146361624355847
tissue:0.057060100787267885
left:0.027330889565425807
suspect:0.036281262270072515
real:0.02390274629904904
robert:0.05972732764406922
love:0.030581471403564937
short:0.032364279117955766
what:0.008602262644828329
but:0.012435200415895518
fact:0.022413711482512515
using:0.02060206148266281
ottawa:0.04840804961129875
in:0.003321115923261504
and:0.005352300203141914
for:0.0030406435786175137
subject:0.0002495042700188626
i:0.008920500338569856
physical:0.03987991868574501
yet:0.024580081707347323
the:0.00422665239246198
waiting:0.04088822674192431
can:0.008080056004090778
effect:0.032396013594601925
agree:0.028192104476303166
imagine:0.036801294901555724
an:0.01678314277685489
problem:0.019771638243416673
about:0.00920575869459693
doctor:0.041168421435493804
is:0.0075328773894578665
matter:0.02823273842897703
light:0.032637520428096194
easily:0.034569296900891465
improvement:0.04764643246876432
almost:0.028242924581911848
shoulder:0.051641236345651605
freenet.carleton.ca:0.05189384076049198
while:0.0202835748212946
pt:0.11599092042606816
s:0.02319387965816891
