read:0.03105483646435509
out:0.016139412316170682
all:0.013069422337620427
thanks:0.02730666636871456
where:0.025307627373065227
with:0.008011333928623935
my:0.01301663371685344
to:0.0018879440549189463
w:0.08477646178162612
that:0.0047521181566366685
sources:0.05272793116732142
like:0.04786187932227424
finding:0.061076785475780056
me:0.014843680553486912
need:0.02631783549996214
anything:0.03179782397697813
anyone:0.022916640406046452
etc:0.03181265736244158
came:0.04135242099284858
m:0.018750886467343453
more:0.01741669898384556
a:0.0019130193504745137
uunet:0.051739620718045
looked:0.05102744115725595
helpful:0.06362470371582475
are:0.008807005227414047
have:0.007003433056817162
pointer:0.07808172159081507
fruit:0.08653068325897084
after:0.02642758476253358
be:0.007924126810102346
liver:0.08500704442184448
particular:0.04645275956279187
find:0.02899242106401904
up:0.018403566717155952
good:0.022191915772047932
in:0.009735874076410437
world:0.034537680667570916
repeat:0.06440324446600511
and:0.002615050784183492
for:0.013370501215564684
subject:0.000365711738246826
steven:0.12291819528353481
i:0.007845152352550476
everybody:0.055861771229262856
we:0.018462245283753013
world.std.com:0.1259198994619328
any:0.014017633784778182
information:0.03340851074635294
the:0.0010325383698480178
wind:0.06936954670423977
would:0.012776022549375014
can:0.01184336975942073
injection:0.08363603814024197
newsgroup:0.052659778638004785
many:0.025386315446275252
about:0.026986744666352643
current:0.04331843457165504
interested:0.03941200295088931
time:0.021637122875393336
