health:0.062184277615712706
hmmm:0.07414780715402808
extreme:0.07232668848890922
into:0.026728416462423677
spot.colorado.edu:0.16120743719494676
to:0.0020570136717773593
recall:0.05837097335929884
then:0.07145732909443894
that:0.015533042929901946
r:0.04627193681685269
hot:0.062442062488976297
vague:0.08737487098442923
re:0.005581201534002545
something:0.029711362942739145
on:0.007567295899093879
more:0.03795280674091719
onto:0.12997500526460734
smoke:0.07570769817993087
are:0.019191384525409718
care:0.04725398419811786
pitt.edu:0.07369888991168065
heat:0.06821046035757143
foods:0.08188644143032002
be:0.008633750106529423
which:0.019281975112201758
writes:0.009869587925635259
down:0.03528903846198743
whatever:0.049327769832139746
they:0.013924173500115577
up:0.020051647318692307
one:0.014676282205606305
in:0.007955807547514498
or:0.010064350114971423
and:0.005698468872996863
subject:0.0003984620431644522
i:0.0028492344364984316
back:0.03143816000100802
elements:0.07315608925241386
howard:0.15665613589213265
meat:0.17474974196885845
the:0.007875031447646822
risk:0.06403195250148382
is:0.004010039207323342
issue:0.046736716529326164
fat:0.16264630590592818
carried:0.0671756141874063
article:0.012094520601740313
