attitude:0.050532908400629004
ml:0.28295268728308487
situation:0.04050726768706435
take:0.048867796099671346
where:0.042470271223764636
own:0.02605161650055167
your:0.028963959130603737
continue:0.04492191042415454
with:0.013444307512403386
into:0.04116790581568704
such:0.02210364601687125
from:0.009730715568162938
2.1:0.06032161554467176
my:0.021844006007593134
to:0.003168273931243289
that:0.003987409487752607
nt:0.0082077994450855
me:0.02491008460700103
need:0.04416556302292497
this:0.006034280900820908
you:0.019165482393404203
why:0.020456581381080533
a:0.008025885780726409
occurred:0.05859963533514693
computer:0.030812677070865692
business:0.04156969808314445
no:0.012939606163017354
care:0.03639099932498732
should:0.01888289818659172
have:0.005876443829283366
between:0.026699607425820754
has:0.012238787056167252
manage:0.05792045238836525
which:0.029698674310747533
upset:0.05942840882826582
were:0.03566214476947814
if:0.007702878388085164
even:0.019300683307655466
shop:0.11171250070833785
easy:0.03808829384205526
they:0.021446428149603302
in:0.002042295424074603
and:0.002194238014314884
subject:0.0003068615734714747
i:0.004388476028629768
body:0.04080093245602933
the:0.0008663827701023598
would:0.021440221749525885
jim:0.07784668383790505
relationship:0.052471100497592134
problem:0.024316842437305565
doctor:0.05063242636319353
repair:0.11760258813353315
questions:0.03476064755454611
their:0.017398662282548435
1:0.022511768872697797
advice:0.08942200156858042
e-mail:0.03160569858220996
bad:0.031501161456854984
s:0.007131451504092164
