another:0.00981197048844504
some:0.0103321847356934
geb:0.06863192346981141
there:0.0040609689627307405
behind:0.015609479650436717
all:0.004221539073656156
theories:0.023003139395485223
with:0.010350927022823846
much:0.01546191919964541
active:0.019769123870959592
into:0.007923911075143302
such:0.008508925679061056
from:0.007491789862213943
shameful:0.023497791634370695
investigate:0.025015246285374368
to:0.0036589358232499932
most:0.0082150241768453
cases:0.01628223716144421
cs.pitt.edu:0.045350456028548126
perhaps:0.012780803263894006
that:0.01074483353115636
think:0.006370566493489182
like:0.010306540385032505
nt:0.006319279218782642
re:0.001654603994593675
so:0.022606429145684073
this:0.002322931143236367
you:0.012296437818777033
etc:0.010275769856009892
them:0.019458307586711163
e.g:0.017961394779607502
seeing:0.017735794979904546
why:0.01574975734649563
more:0.011251495803723238
a:0.0006179221795780509
want:0.008374327290761865
was:0.007835939239835272
related:0.017053712325801634
theory:0.03600485714138606
illness:0.026911063216050753
are:0.014223703132770476
no:0.004981175823816415
works:0.013164274307746637
reason:0.011823946566409414
it:0.003034118847256389
not:0.002667743400778606
absurd:0.04592159338374787
have:0.004524341709271264
probably:0.03168881037649392
systems:0.013276181948153144
only:0.005900602824200383
gordon:0.07940732969644285
left:0.01293984594469275
always:0.011756442911498705
robert:0.014138991278573909
accidental:0.026709902268808466
usually:0.014591817443303599
scientist:0.02181613060524328
cadre.dsl.pitt.edu:0.024109076317914133
his:0.008161190449138303
be:0.0025595630846790766
sort:0.013882572157792167
writes:0.0058518795665271
get:0.011631628099921435
recognize:0.019810284900438853
things:0.009888167823629423
if:0.008895802032257646
of:0.003441426293198914
even:0.007429909060911618
what:0.004072752668126687
but:0.00588746214380894
powerful:0.020359970740979606
associated:0.0201318388398077
banks:0.06264340384669612
they:0.016511851761199004
find:0.009364808573776062
who:0.005721472894840036
now:0.00730935574282409
good:0.007168185183006633
surrender:0.021625103296105185
one:0.004350933220246117
in:0.003930966856072798
offers:0.02000040010346294
and:0.005068107272001635
few:0.010113396021709232
green:0.018620844244919395
for:0.001439596738549
subject:0.00011812812784078892
plants:0.05361867936816612
back:0.009320162478174944
medicine:0.058824615274327335
silly:0.020675293838419827
any:0.004527819762339855
water:0.018142023073944913
intellect:0.023176682374039564
alternative:0.05779861959775681
the:0.003335190309686075
do:0.012713591485070737
thing:0.010017400155420162
drugs:0.0191936675512773
can:0.003825513240874838
meant:0.018016191501730165
because:0.015617011494641717
grants:0.026911063216050753
come:0.010624750771988533
n3jxp:0.024001149534178916
problem:0.009360908371883116
people:0.006660500619792555
lab:0.019069517317670412
interested:0.025460851463848848
is:0.011888169331445306
scientists:0.044308128279376593
new:0.007628316658776756
exception:0.022015778548962167
experience:0.014655852985819237
wanted:0.013474159245779214
filled:0.02208438114425405
chastity:0.023844040293219137
too:0.008639459592320781
nothing:0.01130467257301287
article:0.007171087436430097
very:0.007713462353024103
useful:0.01696587264193999
by:0.008764915706346603
skepticism:0.023497791634370695
