health:0.08502748163781125
there:0.018730183379125458
know:0.025181125013434728
service:0.07433859649955801
post:0.052705669478187354
uicvm.uic.edu:0.11069917948417213
appreciate:0.07835129255947947
enough:0.04963568422321216
control:0.1244748681608581
responses:0.09052915573593702
md:0.10217996929733786
management:0.0924468249689642
you:0.011342836518545342
ms:0.08530897800785892
care:0.06461259063824279
quality:0.3138092931081102
regarding:0.0807550279810383
anybody:0.062032553977810094
if:0.013676539178845086
of:0.011904525646881959
president:0.07684608488106119
in:0.007252232730387366
total:0.07471460195519186
subject:0.0005448358549391489
i:0.0077917839691997925
medicine:0.0904378438911427
any:0.04176682719546152
information:0.09954372589729651
will:0.023128680508230293
the:0.004614814346871753
interest:0.07454663258505888
thank:0.07409172054631662
would:0.01903366624702808
is:0.005483114834503345
does:0.02486711865994949
delivery:0.11417561551983006
ac:0.10495142932099216
