geb:0.09486736822126839
into:0.016429393605342995
from:0.00776671793055207
shameful:0.048720191829062176
to:0.0088508202941613
obviously:0.03377883560390786
cs.pitt.edu:0.04701469294702696
that:0.006365222485036272
like:0.010684762050538288
nt:0.006551179373600354
cs.utexas.edu:0.04965397801539192
its:0.03794173497310404
me:0.009941180554170136
re:0.003430646814478629
cycle:0.13914519246988039
a:0.0038435893371919134
how:0.01206755043329472
practical:0.044033718216530154
was:0.008123496643131979
velocity:0.0544135541017696
russell:0.04796311821724563
it:0.025163701265319045
not:0.005531284482348302
contain:0.043025768880947286
have:0.0046903725976848885
due:0.03041415123760076
energy:0.04206977092195644
gordon:0.08232136014401874
has:0.009768573154922487
cadre.dsl.pitt.edu:0.04998762612705132
free:0.026490897193804916
be:0.010613968020871034
perfectly:0.040989192613182276
writes:0.0060666274405280956
get:0.012058476837533232
of:0.0017838585831719143
failure:0.043572020199213496
but:0.00610351580046248
result:0.032431210651481676
banks:0.08658965913977568
sounds:0.03268536296844806
surrender:0.04483737013687865
in:0.0032601780164126697
consumption:0.055380164337162516
and:0.0017513642866549995
seriously:0.03556838223300313
subject:0.0002449262100185165
i:0.003502728573309999
back:0.019324373578601263
intellect:0.04805440565626552
will:0.010397296742231967
the:0.00414909913755442
would:0.01711283754319956
thought:0.02462923307515333
n3jxp:0.04976385132774711
many:0.01700184428970728
is:0.007394659455706346
atmosphere:0.09930795603078384
issue:0.028728073462980307
does:0.01117879646181216
run:0.024558114021902708
chastity:0.04943810189236262
turpin:0.11590348399825454
too:0.03582601592411921
resource:0.04550732550398772
recover:0.05498121835606399
escape:0.03987093740575992
article:0.0074342466084091835
takes:0.032806420678712575
high:0.025663521336160747
skepticism:0.048720191829062176
doubt:0.03192726879798686
s:0.005692075971156132
