effective:0.10353757522062933
geb:0.1325710658476699
all:0.01223163885443963
essential:0.13006194302706073
shameful:0.06808334499189457
to:0.005300766000349349
cs.pitt.edu:0.06570001963110177
worse:0.0499367360684665
that:0.004447495197877908
re:0.004794109009976545
on:0.00650011314409346
a:0.005371169714793828
member:0.05116535798393024
as:0.010257873848936134
alcohol:0.13787672522734484
also:0.019019193995891876
are:0.008242453610272121
it:0.008791164865127486
gordon:0.11503882379100053
treatment:0.05587568550038947
usually:0.042278855669059145
cadre.dsl.pitt.edu:0.06985450317754607
be:0.007416169963300914
writes:0.00847772296176362
of:0.0024928280200735725
but:0.008529272080133465
banks:0.12100349802866088
surrender:0.06265735057589451
in:0.004555889792166422
use:0.04263537250634226
and:0.012237096618294545
gets:0.0427861069537539
for:0.004171139268103512
subject:0.00034226867810279864
information:0.03126693954466365
intellect:0.06715295149401207
the:0.004831750064032391
when:0.016765056959535077
can:0.011084179390227093
tries:0.06616627147944631
n3jxp:0.06954179224005685
head:0.04426743250584209
is:0.020667125145435686
involved:0.046165091500844455
toxic:0.07553662415307186
patient:0.0644989236813925
request:0.050003859325568355
chastity:0.06908657828548109
too:0.050064560714474265
article:0.010388883080982065
skepticism:0.06808334499189457
