some:0.007556872978209412
simply:0.00989852213554495
sugar:0.03851961232628095
at:0.0028510194577813304
protein:0.021188555134358265
say:0.006140922246820529
birth:0.01673227044679329
form:0.011046540208679274
all:0.003087598157431363
small:0.009672316829339844
produces:0.01704980396122217
with:0.0056779356969858955
damage:0.028799177062580398
missing:0.013972969137182035
compound:0.013858960425584162
times:0.009095392043666753
from:0.002739716033754614
both:0.007267650751806596
to:0.007582325476227871
remember:0.009005255781622111
everyone:0.009894863292922666
then:0.0051646613261352855
young:0.01214904701318507
growing:0.01725644302913975
day:0.008230754161044894
enough:0.00787103083151261
that:0.0033680060721793864
problems:0.008877259663080173
nt:0.006932801473033383
need:0.006217482173130215
re:0.001210163439411555
avoid:0.0250275048105055
pack:0.01667233825337181
so:0.0033068304122489327
quantities:0.019005852715109746
this:0.005096916877392417
child:0.01283289521275532
age:0.013342358012665442
leading:0.01461237616094321
two:0.006034917257777707
syndrome:0.017633175559380564
you:0.0035974044621923744
children:0.010849116077729856
brain:0.014269833006365027
used:0.012779699083086508
detected:0.019194425233310313
concerned:0.013029091399863526
them:0.004743880814020197
a:0.004519430827981861
pregnant:0.039365050400177806
was:0.005731140026546185
as:0.010357464857178233
therefore:0.011109791328656525
are:0.018725574221394918
those:0.012012399056877412
infants:0.039365050400177806
reason:0.008647935029153812
it:0.014424338468024711
not:0.0019511650762976211
couple:0.010213565678493587
have:0.006618130914532724
made:0.00752614741721036
only:0.008631302513069816
whether:0.009247438786025323
chemicals:0.019535397775892277
real:0.008277002763748374
gene:0.03480383355253366
acid:0.01695123047421664
netcom.com:0.010417589562204335
uses:0.022103528348455904
naturally:0.016613495796791906
be:0.009360214516787561
writes:0.002140007737920914
if:0.004337543169989704
whatever:0.010695665303408942
of:0.0037755453507910416
produced:0.014857045224836257
even:0.005434172970116588
what:0.0029787770323515574
but:0.002153020136732719
nerve:0.01960812546473389
drink:0.06491633223584119
women:0.012230793507551537
easy:0.01072388855747187
must:0.007499871933590606
they:0.009057472082599452
who:0.012553911400328624
now:0.005346001287631859
one:0.012728943789975695
in:0.00402510651540917
or:0.006546713181583352
and:0.007413542028947375
for:0.005264544707315112
known:0.021080444968714293
subject:8.639791874439578e-05
cause:0.02041101057179331
until:0.009259436004416324
i:0.0030889758453947398
cells:0.035346755778945964
body:0.05743820588470148
water:0.013268923024956475
necessary:0.011665941027448301
will:0.007335309675749414
persons:0.015704426588162776
than:0.004629777612360716
the:0.003171129168238734
do:0.006973960377732976
thing:0.00732664218487041
when:0.012695868377123649
less:0.008896005037528406
around:0.007660823408264193
can:0.005595896391182611
major:0.01060332677254949
quickly:0.013736823441820901
an:0.0029058192186463975
thought:0.008687981893824312
10:0.009353953909049077
problem:0.0068464896182705
just:0.0038006102377536764
people:0.019485736441075954
about:0.009563263886620111
worry:0.014227712073963505
is:0.008694907019115336
levels:0.02968029145950325
living:0.011922346323718771
occur:0.01472425753332214
issue:0.010133851156844184
toxic:0.0381349947180557
lack:0.025110168666036162
eliminate:0.03487866088199045
figure:0.011949830530986258
six:0.013712939599433772
easily:0.023941195911944255
nothing:0.008268142399679317
disorder:0.019836661280960278
significant:0.013472258231404419
thousand:0.015085167806566175
supposed:0.04723229788241244
disease:0.01472425753332214
high:0.01810565582939496
s:0.0020078844040647844
producing:0.017882240417426285
