since:0.014604537397107162
report:0.02770604542682303
king:0.06127961320989482
therapy:0.04115626119073041
strikes:0.08106045199084148
1984:0.039771176991595575
among:0.02514237567872865
wonder:0.026936990568006778
with:0.008537625938533537
ron:0.030929184935949164
journal:0.03615146915546919
several:0.020572637752316762
to:0.0010059847883874676
100:0.024660672254241397
been:0.010709783848331673
that:0.005064301101233238
ran:0.033137193390233265
re:0.002729492721008544
medical:0.05873018207545506
a:0.0030580382317804272
other:0.010067941517021246
same:0.014175863872471623
as:0.005840249344649769
nine:0.036841677787768555
course:0.017855122627007437
science:0.02468344690633077
success:0.03271392873585115
are:0.01877113522923286
no:0.01643424432383226
dick:0.036841677787768555
magic:0.03760403299483131
not:0.017603211929225253
have:0.003731756300347831
bound:0.037087054508929025
placebo:0.14106356979982942
surgery:0.039861852320052196
has:0.007772076451726649
cure:0.0407329965363483
be:0.00422234494260928
which:0.018859742080547703
writes:0.00482673278115009
were:0.011323381733374445
if:0.00489160890338255
of:0.011354194777561381
conventional:0.03892146639419111
award:0.04126602671893874
who:0.009438342147692323
one:0.014354903763147773
in:0.0038907963918501567
heading:0.04115626119073041
or:0.0049219814430882134
world:0.018403289698778663
england:0.03598865340718964
better:0.01632274358614163
and:0.002786842441538612
known:0.02377320253771064
subject:0.00019486829848188537
each:0.01858401019971252
twice:0.03292249349821652
diseases:0.1637662451948547
person:0.020475871818057306
we:0.009837546757036277
medicine:0.06469276424329916
rate:0.028355297149571176
20:0.022954980645296497
will:0.008272301787615214
alternative:0.06356441863305615
than:0.010442345125689497
the:0.00440147743059301
thing:0.016525054270985082
kidding:0.04314799102041392
drugs:0.03166254647145014
would:0.01361532330079381
effect:0.025301996019141647
reports:0.028862937548818628
people:0.010987395183015456
patients:0.07187035732398406
counted:0.04208440115777601
is:0.001961114064895357
new:0.012583938429806912
90:0.11772144261443306
91:0.03410668910571446
2:0.01422196753354313
1:0.014295794831567215
nothing:0.018648583952561377
percent:0.03453366871652912
disease:0.06642037339848965
article:0.005914838542456942
selective:0.04208440115777601
by:0.014458912041126511
