effective:0.029910855063737366
health:0.0308618266685389
studies:0.03125246589876811
there:0.013596725712254036
administrative:0.04558682184005257
know:0.009139815745617052
situation:0.02610468362055258
truly:0.032283729400225024
much:0.01294219903377727
literature:0.035045278623440666
service:0.026982157247987727
post:0.019130205958749487
uicvm.uic.edu:0.08035940436628793
to:0.0020417765334678974
publications:0.04270787376752084
most:0.013752558992348429
heavily:0.040735518375313695
appreciate:0.028438617299366625
enough:0.018015915014351083
pittsburgh:0.0327597437277685
control:0.04517976696208924
hot:0.03098976434638083
responses:0.03285873060045122
re:0.0027699296502086707
funded:0.04154810294758351
this:0.007777517605502504
internal:0.029352351230520986
these:0.024542755157021375
management:0.03355477350725367
kenneth:0.07282735877576042
medical:0.02980012942347164
a:0.003103342501880878
constantly:0.038652796957309346
part:0.018142386017876128
given:0.020650278216157638
others:0.01997280165235849
are:0.02381153265189724
care:0.023451977342769607
it:0.0025396698499257184
not:0.004466000063525666
routine:0.038799483085429194
pitt.edu:0.03657648610431558
whether:0.021166359888013516
university:0.017409926678508547
quality:0.11390115083183258
regarding:0.029311084230154646
topic:0.03234545815251498
anybody:0.02251551959194589
writes:0.004898239933463425
outcome:0.04000332700763494
if:0.004964077183432661
of:0.008641803802921719
even:0.01243821813160019
what:0.006818089651826898
fact:0.01776494169354696
in:0.007896875639755132
required:0.02772430704074792
total:0.027118633302254825
and:0.005656257992456146
for:0.002409991577126474
subject:0.00019775523623717257
i:0.002828128996228073
we:0.009983288190473852
medicine:0.09847676334813317
any:0.022739717028640163
information:0.03613068569605578
research:0.022869122078050204
will:0.008394854406690995
the:0.00279167781477427
do:0.005320873473381457
interest:0.02705766664198434
would:0.006908515897069452
gilbert:0.09117364368010514
entire:0.0276253201680652
general:0.02184022491175964
is:0.0059705028197925315
days:0.044122261104447
hospital:0.036799282069036154
does:0.009025843069166853
issues:0.028186885056288115
agencies:0.03432306851614527
every:0.018015915014351083
delivery:0.04144151970719759
activities:0.03130614299892194
article:0.006002465780122971
function:0.0304666712559071
dammit:0.04322790531324861
physicians:0.04378722051701264
by:0.007336559072719749
devoted:0.08492187464218848
s:0.004595824302637173
