at:0.006936732381530953
essential:0.0399402817169714
your:0.01984145231781516
with:0.0046049399747208454
my:0.022446006173156723
to:0.004340784756191593
enough:0.01915077580265666
latter:0.03657168008862368
that:0.010926129934944151
technical:0.030210608211962992
nt:0.005622665761594004
me:0.017064388667788106
re:0.00588882681540426
so:0.008045752735314332
had:0.012081956580174292
chen:0.04416530628286436
you:0.008752739990688534
used:0.015546956758557997
disclaimer:0.029559492339166823
m:0.01077806859933915
amateur:0.03739645828121473
a:0.0010996095479105473
j:0.04809651432328917
below:0.029227353645967655
related:0.060695102135923926
jason:0.03590469821876413
responsible:0.06158827110351216
organization:0.06034383036404521
no:0.008864139654980393
internet:0.022492393252870915
hey:0.030347551067961963
it:0.021597192424565162
try:0.01918417064837317
without:0.01769457074647634
writes:0.005206790480453247
get:0.010349401380245057
if:0.005276774958767002
of:0.004593084698403275
vms:0.04624258652731426
what:0.014495151228293405
but:0.005238450568900868
saying:0.023752402983971962
sense:0.05175310309233056
understanding:0.03160751799142383
in:0.005596211083291038
purely:0.03923848817448316
or:0.010619078074064335
astronomy:0.038822405643976224
and:0.003006278854258188
for:0.007685406210521432
subject:0.00021021225899227005
i:0.004509418281387282
paid:0.03256685147852092
directly:0.02860236476768803
body:0.027950245068303556
the:0.002374025228311978
do:0.011312093211125931
when:0.01029664915624989
level:0.027720749311761803
can:0.013615212479334069
needs:0.0263728075800736
carl:0.19131865278790144
here:0.014176385083648787
hold:0.05464221437707118
definition:0.032084877218324884
is:0.012693194971212468
discussion:0.027069857830631427
unless:0.024236704139688908
nothing:0.020116976389770936
almost:0.023795219923343054
article:0.006380573860760638
understand:0.02359178947193428
contradiction:0.044515320161374855
s:0.014655975138331142
