reference:0.1097539136181869
thanks:0.05862901896812244
to:0.00810705388288724
that:0.010203077218661082
jeff:0.12398468496559989
re:0.032994750245132695
you:0.04904108730076958
d:0.05358365359932457
it:0.010083983227646235
have:0.030073565479273697
love:0.09624168941710143
if:0.019710306463629684
email:0.0807029017343512
in:0.005225873585132073
for:0.009569084203296293
subject:0.0007852046144711264
i:0.005614667860158675
the:0.006650761852844586
time:0.04645617558540334
type:0.095309191480344
paper:0.11343083521284103
vaccine:0.22177986204491137
lyme:0.20617314877837697
bug:0.14589113176278418
sometimes:0.20614743084222648
