know:0.035253575018808624
help:0.18343651886072546
my:0.05429795779030293
keywords:0.16425016686568375
next:0.07652514353569072
me:0.03095967658298699
this:0.014999498239183399
on:0.014485966435408284
subjects:0.15396437446478642
names:0.11705420605659655
sorry:0.09078333384967498
no:0.032164163890928854
anybody:0.08684557556893414
of:0.005555445301878247
years:0.06370786922801124
english:0.12623286814398943
please:0.05472615305443585
find:0.06046990679066829
in:0.010153125822542313
and:0.005454248778439855
for:0.018591363594975655
subject:0.0007627701969148084
i:0.01090849755687971
any:0.029236779036823063
information:0.06968060812810757
maybe:0.07565465949549496
2:0.055668844345583106
leave:0.10094806069412904
bad:0.07830288704989669
