correct:0.05949486254875361
i.e:0.06280979994500732
with:0.010633225032537224
way:0.03149768762811897
genetic:0.10747772308721285
that:0.01892207047824419
bit:0.049546985419194535
walks:0.1042223006972313
so:0.018578374497907637
this:0.019090270486233418
upper:0.09505417973963225
he:0.05782302572800855
something:0.03619384213024587
a:0.010156393642519235
it:0.012467470172362617
have:0.018590931387187374
always:0.04830829269088559
has:0.019359535888846383
his:0.03353507348191376
be:0.010517477402499477
dartmouth.edu:0.10857998893842075
of:0.0070705667478450415
concluded:0.0997525741060262
who:0.02351005225879724
or:0.012260208321874277
and:0.003470885586279908
subject:0.00048539921621851447
i:0.006941771172559816
back:0.03829739491031886
power:0.049124641457646216
will:0.02060555172551426
can:0.03143876336137139
friend:0.06314908035805102
just:0.02135251933574338
people:0.02736860254678395
changed:0.06871482170606227
is:0.019539827410230103
disorder:0.11144596974212227
very:0.03169531803242631
bad:0.049829109940843344
