isbn:0.0382814063564945
school:0.023311054332026314
some:0.014968421476068642
read:0.014532070909602061
health:0.0267073500016202
generated:0.03110684497270703
large:0.01919252640953574
at:0.0056472116182976345
form:0.021880646951807022
know:0.007909455933707062
remind:0.03383815519905895
thanks:0.012778119518693351
with:0.0037488934409586365
from:0.005426745220706254
wood:0.032301790755049846
rocks:0.03508751634650007
to:0.004417305000291124
young:0.07219337552065744
enough:0.015590695685496129
been:0.009405387097573327
that:0.008894990395755815
its:0.013255285615603655
me:0.006946081284644517
re:0.0023970545049882726
so:0.006550067931954616
quantities:0.037646208262621224
had:0.009835951831295738
this:0.0033652720408424296
contains:0.026908035287678173
these:0.010619461366018863
burned:0.031194658077567036
suggest:0.023534614135321267
vs:0.02190135862220091
more:0.008150121960389268
a:0.0035807798098625512
richard:0.023949214838325503
same:0.012449316349542387
stanley:0.0317003884780136
ph.d:0.03898654030017609
smoke:0.06503097151353036
rich:0.05820250633925586
are:0.008242453610272121
results:0.02348130608249013
silver:0.03338699624545767
it:0.004395582432563743
not:0.007729615494563652
namely:0.034251863667889536
have:0.0032772475201772616
university:0.03013256540511094
postings:0.029529861792891562
has:0.00682547739670866
foods:0.07033835353630052
which:0.016562722211763047
greatest:0.03194415383435488
writes:0.00423886148088181
get:0.008425474200584118
if:0.0042958360241244185
of:0.008724898070257503
associated:0.029165356267926542
order:0.017976390135464693
nutrition:0.07955787490762369
risks:0.03568227104810883
in:0.004555889792166422
or:0.008645018688501094
total:0.023468048050028213
use:0.010658843126585564
and:0.0024474193236589093
known:0.020877748382476653
subject:0.00017113433905139932
cause:0.020214750854756835
however:0.015366018616646878
guide:0.030137415679604953
animals:0.031465554290963725
i:0.0024474193236589093
elements:0.03141960243533159
valid:0.027525796907857773
world.std.com:0.05892405551744291
will:0.007264777851944131
meat:0.07505277379431742
the:0.00531492507043563
risk:0.02750090267691933
would:0.005978523372463949
because:0.011312322428810986
cancer:0.03338699624545767
pure:0.03235455036489931
laboratory:0.030684965366491825
people:0.01929837359068099
about:0.006314206284114561
is:0.010333562572717843
itself:0.021558050260220386
recent:0.024346763387724492
time:0.010125063909639189
cook:0.03439592043617196
experience:0.02123219727432787
article:0.005194441540491032
function:0.05273077717368536
by:0.00634894535139209
wish:0.023949214838325503
concern:0.029529861792891562
dangerous:0.026953498289662096
dean:0.03194415383435488
s:0.003977155646512937
1991:0.027832321743437857
