school:0.019871718446973254
health:0.04553384262571313
large:0.01636084218517801
out:0.006438126224483387
ideas:0.019655702934641913
there:0.005015185713536325
know:0.013484974050910403
anyway:0.016658545473467398
specifically:0.022114987168063722
with:0.012783112060973711
further:0.038774146459905866
from:0.004626077893061069
parents:0.02505795098630192
wrote:0.014074180189578477
members:0.02015432955467003
to:0.005271800065921211
experiences:0.025820254590733758
80:0.021839681024389667
might:0.011623416043051617
appreciate:0.02097930784379505
been:0.008017707033996936
that:0.011373922145392682
really:0.010663364716890306
nt:0.003902068588647205
along:0.019092685306782705
anything:0.012684377870597834
re:0.0020433907255637735
worried:0.027491344519937788
so:0.005583664466584263
anyone:0.018283221307556188
had:0.008384745823399646
this:0.005737512987665782
child:0.021668659129734393
617:0.028461045979734412
dietary:0.03502247649199938
md:0.02735966391021615
on:0.0027705400286299996
you:0.003037152947588644
medical:0.02198370203370859
serious:0.039311405869283826
am:0.00893079976339544
a:0.005341819060614626
other:0.015074404238600118
sorry:0.01736293270348975
was:0.0048385854322480085
as:0.013116625577328171
wondered:0.03073001473958976
across:0.02108832853461116
corn:0.03274837596071571
are:0.007026353897281153
play:0.01749682094415542
seizures:0.06725924533778248
it:0.003747053876939584
admit:0.022404902812631425
have:0.008381157592584473
interesting:0.017858057715417555
kind:0.01505752293422437
university:0.012843388533325976
always:0.014518885781413702
connection:0.023528776696734952
has:0.01163687949602788
public:0.01619532567246226
foods:0.02998028183514449
be:0.009482971428483138
boston:0.04557133481256328
noticed:0.022165043831444402
thinking:0.01903566411939156
get:0.014364742899356528
if:0.003662024151712619
of:0.0042500674440598615
what:0.0050297382677411545
but:0.007270854887982626
again:0.013343547202776055
david:0.027283554528355125
good:0.008852512848959012
diet:0.027858843028184605
one:0.010746567298094235
in:0.001941854665513557
st:0.020965831928520764
our:0.012184565152898326
and:0.004172649338697157
subject:0.0001458850103388978
i:0.007302136342720025
group:0.014738338441566367
we:0.007364720796251202
possible:0.014081812147347442
any:0.011183467391134506
sick:0.024542307481120035
community:0.02223250741517281
the:0.001647547562817602
waiting:0.023907323832709847
do:0.003925234529543698
thing:0.024742430984972204
see:0.009668774652520088
importance:0.027064214613657264
would:0.020385784614303303
can:0.004724404330260729
once:0.014661372649862876
mental:0.02913792839346548
here:0.009838256314881945
about:0.02153040831304637
ma:0.021919223635177683
general:0.016111641328347276
is:0.0014681564310965241
netters:0.026982653683511496
east:0.02224950425896731
hear:0.018107549531468894
bu.edu:0.028960686449459178
experience:0.01809957800434507
wanted:0.01664021852210985
guess:0.016372444059757667
disorder:0.03349469035965424
disease:0.02486227091692099
comes:0.016525553755439956
going:0.011900632153276953
mine:0.01784283631038244
sometimes:0.01915030778315765
