taken:0.014908965157279007
some:0.0052829722856712865
since:0.009053491508613943
ask:0.01318806599256275
at:0.007972534049361367
dan:0.01798101126419574
there:0.004152846088584378
know:0.005583145364969692
technology:0.030476630640877314
all:0.012951147022347844
saw:0.015372762819617443
watch:0.017394406518435972
with:0.002646277723029626
ohio:0.022952107593010716
such:0.008701435309809043
from:0.003830643685204415
to:0.0024944781178114586
plot:0.025720440358196206
building:0.017196685831849103
otherwise:0.016078664396434555
segment:0.02711743348783247
most:0.008400884452339538
day:0.011508158532863676
speak:0.016223677894291376
next:0.012119366623299438
perhaps:0.013069961708778487
that:0.009418225124917922
think:0.006514696957142785
quite:0.012019001729001817
me:0.009806232401851083
description:0.01979656226871449
so:0.00924715472746534
had:0.00694302482209111
this:0.009501944585908037
fiction:0.02459900975229312
something:0.009007517272233135
on:0.006882472740804841
curious:0.01939489746978052
used:0.008934224019623826
m:0.006193731729032001
a:0.007582827832650109
how:0.0059518687657426446
dealing:0.02132670446876905
air:0.017439542921408008
demonstrated:0.02339489397311822
was:0.016026445866088427
as:0.010861278192991201
idea:0.012544689118826953
technically:0.025125072223405622
awful:0.022764326005197354
handling:0.021836292152516333
let:0.010430487523768439
abortion:0.025314955477247394
whole:0.013538079072521676
science:0.015301503285824957
far:0.01126415417249503
computer:0.01212987739893808
daniel:0.01936009047601059
d:0.008243639015280704
it:0.0046541461050674925
not:0.0027280995863165833
made:0.010522984397819011
opportunity:0.020820603563173716
network:0.01662212520375374
be:0.002617471751753264
structure:0.020844608324394047
certainly:0.013917453743238196
watched:0.02254881447130933
of:0.005278929924861683
short:0.031339166204717356
what:0.00832979278729983
years:0.010089481551947483
never:0.009972575705257287
nature:0.017250747250044208
bombing:0.025446120802465732
again:0.011049181620398273
russian:0.021066581885431125
cdc:0.029973866867207388
alone:0.01737200604259952
they:0.008442711534006732
waco:0.017577718142494352
in:0.0024119416546763413
clearly:0.01644574830961269
or:0.006102366133059596
and:0.0034551802216361074
for:0.0029443336010142444
subject:0.00012080070991863483
feasible:0.025864099626587974
space:0.013834899355262912
i:0.0025913851662270806
diseases:0.025380062886532915
we:0.006098388713637873
top:0.015301503285824957
elaborate:0.025187485445723884
similar:0.028640346496531233
silly:0.021143060667343356
actually:0.011060244919009433
will:0.005128078483725269
the:0.005457035366436583
do:0.0032503073253687636
see:0.008006270413625232
got:0.010009745799233367
last:0.009864988923346144
an:0.008125775009608477
just:0.0053139754002981265
here:0.008146610432685051
people:0.006811190679063881
measures:0.022952107593010716
about:0.008914173577573499
film:0.07044081519045488
bosnia:0.023148020741215806
e:0.014076423964044467
15:0.015121315529324181
lab:0.01950095436105662
interested:0.013018444413642173
is:0.003647139731547474
today:0.012846725184607933
argument:0.015921906968958018
toxic:0.026659984995201835
itself:0.015217447242508508
time:0.007147103936215899
lot:0.01121517370255833
man:0.013113345424412665
life:0.012626150919858418
congressional:0.027022169192819648
wanted:0.013779004477584175
update:0.1178780685604427
prison:0.02494283738567739
disease:0.02058731030677168
very:0.007887975075943202
infectious:0.029000512208307183
movie:0.022952107593010716
researchers:0.02551315738972881
by:0.0044816084833355935
facility:0.02310815363858162
security:0.01679580956125743
s:0.005614807971547678
news:0.027772638155325057
