likes:0.04482392805864824
another:0.0187924180541405
apologies:0.09235002114997617
at:0.007465805190291788
out:0.00998455168712254
beats:0.04817133321323187
with:0.004956164210080909
though:0.02106393391195491
often:0.02633322362948056
my:0.008052663231612724
to:0.0035038961697224516
cash:0.1722347955160433
die:0.03193012179179957
that:0.002939869707071837
like:0.0197396451442148
nt:0.006051513150190157
me:0.009182954918682582
need:0.016281372809298613
re:0.006337974623358823
behavior:0.03600329680439995
michael:0.025463518658251603
this:0.00889800743002405
he:0.05390282059390628
aisun3.ai.uga.edu:0.047783116806187007
athena.cs.uga.edu:0.047657565231736664
you:0.009420321854385115
why:0.015082394747067851
more:0.010774737506955304
a:0.0023669561455023644
was:0.015007815832226875
as:0.00678062847641541
likely:0.02802041360109939
book:0.026353377209183675
d:0.015439357816754538
place:0.02304599675691886
it:0.00871666346796539
not:0.005109406852338685
have:0.004332632314810617
received:0.03279059992077772
delivered:0.04729169936847218
convex.com:0.04556942613446144
his:0.031261509178055195
be:0.004902214043537892
writes:0.0056039185679454435
get:0.011138762502467139
if:0.005679240845452621
what:0.007800356805056197
but:0.005637993408901782
fire:0.030482996924063307
women:0.03202809486299513
beyond:0.033098001673208526
sounds:0.03019241155560032
in:0.006023040742186118
heart:0.10095718507743096
and:0.004853356963865973
for:0.0027571937534921526
subject:0.00022624539738998556
i:0.001617785654621991
jerk:0.05215441481700929
the:0.0025550949491154338
around:0.02006096977248844
peter:0.06240496747162638
meant:0.0345055871134832
because:0.014955273719445033
push:0.040675214284760904
mcovingt:0.046940977197600535
come:0.020349098936181427
myself:0.028244424254219348
relationship:0.0386863198583942
problem:0.017928519424115122
just:0.009952445453100728
people:0.012756552034517945
doctor:0.03733068723387998
busy:0.04327883011971642
is:0.004553773337129897
bucks:0.04556942613446144
right:0.016439606727036437
does:0.010326176392690891
advice:0.032964890408756345
too:0.016546761592072006
him:0.020309451723417863
article:0.006867227799293229
by:0.00839352097302683
covington:0.046494843862978315
s:0.021031738334102316
