health:0.24507921177957362
mark:0.17668376260542296
your:0.11117049019246435
to:0.00810705388288724
that:0.010203077218661082
nt:0.021002310344777602
seattle:0.14312843117942523
re:0.010998250081710898
voice:0.10666159710106377
also:0.04363226857881078
wa:0.14749372544760975
it:0.010083983227646235
halcyon.com:0.3733289906502678
foods:0.16136445811268946
box:0.09319232384431198
better:0.06577105503827656
and:0.005614667860158675
for:0.009569084203296293
enjoy:0.13596307580713846
subject:0.0007852046144711264
than:0.042076508300572385
do:0.02112699761489696
risk:0.12618061228233576
forget:0.11291803927689688
206:0.34117936086391076
1:0.057603643880138486
s:0.01824812590752995
