some:0.010711347478287654
pc:0.030576532678879664
at:0.008082247820682854
posting:0.030267784926204046
send:0.026911441475928652
dos:0.03238121427746732
thanks:0.01828795087079049
your:0.011559011212672134
post:0.02369337435257964
my:0.017435124061106446
to:0.0050576115966636
scientific:0.038740362722971405
areas:0.03776378582508106
software:0.05166579611892214
appreciate:0.03522214069187609
measure:0.04236104338355809
been:0.01346092098368293
expand:0.04943810189236262
sometime:0.047783223984324746
consider:0.029544624574047645
need:0.01762570634401134
comments:0.0675964222757633
something:0.01826294786388553
these:0.015198495166045345
on:0.013954371336861192
you:0.005099073297327724
products:0.14862703831695007
am:0.014993911529370327
etc:0.021305724655580144
a:0.0012811964457306378
other:0.01265420172322854
ms:0.03834990754481731
following:0.025112974982016163
processing:0.043515908024741604
not:0.005531284482348302
should:0.015071671029664951
analysis:0.03950244161011465
have:0.0046903725976848885
ve:0.01674434586263701
able:0.024196928679914395
his:0.033842734706518475
found:0.024536885369330252
end:0.02480948075757348
of:0.0035677171663438287
future:0.032151434168053675
looking:0.023797113260611413
but:0.00610351580046248
please:0.01757261795325922
find:0.019416942547462297
wong:0.05623420491574978
email:0.02517338219236643
in:0.0016300890082063348
thomas:0.03379821113788165
competing:0.05200654250115042
brother:0.04251022247412488
or:0.006186343648652159
message:0.02979192558311671
and:0.007005457146619998
for:0.01790911171993068
subject:0.0002449262100185165
i:0.0017513642866549995
we:0.07418773792920937
info:0.02702197669167337
any:0.018775913142913898
suggestions:0.036302719000650255
the:0.002766066091702947
do:0.006590072650518319
thank:0.03330728721806894
would:0.00855641877159978
may:0.01707362869210854
address:0.029291939026913863
replies:0.04111750675973952
is:0.002464886485235449
donald:0.05069369072463048
him:0.021986378929938606
image:0.06790941278777389
lots:0.03347426615978313
ads:0.05069369072463048
