some:0.02779849702698462
read:0.026988131689260973
health:0.049599364288723226
small:0.03558030833650013
take:0.02530653726590123
own:0.02698203137557137
your:0.014999193121205505
with:0.013924461352132078
literature:0.05632276921624392
vitamin:0.07629896664328437
c:0.06157375465307047
compared:0.04908081697516216
from:0.010078241124168757
my:0.022624149079292888
to:0.0032814265716448352
scientific:0.0502702325809986
make:0.02095333908749647
that:0.004129816969458057
think:0.017139857470578036
kinds:0.054284484211702906
could:0.017965585182453062
affect:0.05835069023704438
re:0.004451672652121078
this:0.012499581865986166
american:0.03841708592128828
e.g:0.04832470500227733
other:0.016420333188475127
question:0.025987929563656004
also:0.017660680139042456
popular:0.050356813049201934
are:0.007653706923824113
have:0.006086316823186343
probably:0.02841932994082391
chemicals:0.07186235610417516
real:0.030447545880931515
foods:0.06531418542656478
which:0.015379670625208544
of:0.013888613254695616
but:0.007920038360123931
reading:0.03912288150432131
sense:0.03912288150432131
risks:0.06626707480363069
one:0.011706082235424076
in:0.002115234546362982
or:0.008027517353608158
and:0.004545207315366545
subject:0.0003178209153811702
i:0.004545207315366545
possible:0.030678233606721214
the:0.003589300047566919
risk:0.05107310497142161
because:0.02100859879636326
may:0.022155065802855128
an:0.010689263554306388
problem:0.05037060219156153
here:0.021433344114564237
expressed:0.048925703876467705
about:0.011726383099069898
is:0.012793934613841138
type:0.038577529884901145
yeast:0.06804721449376121
very:0.0207528868069458
opinions:0.03399535899428621
occurs:0.056835669051200015
