geb:0.07439239666272125
there:0.006602726514943507
know:0.00887679946516764
all:0.006863797342779074
take:0.015293159211048226
suggested:0.03159756797809592
cut:0.026338240977010083
with:0.004207391199924801
way:0.012463113809687362
such:0.013834656140056106
shameful:0.038205042513437246
wisdom:0.03496038691232156
to:0.002974530561347117
job:0.024974737807835802
most:0.013356801899043438
cs.pitt.edu:0.03686763691529452
she:0.047699891869042915
that:0.0024957167297444374
control:0.02193981489166204
nt:0.010274511535574656
months:0.024430176546617412
could:0.01085690039802919
re:0.00269021944444727
complete:0.02664184064960272
finger:0.03579543850406799
best:0.017519252373823267
you:0.011995661641914861
a:0.0010046792272276224
how:0.018926086291066537
following:0.019692908439134977
forever:0.03395062174904874
median:0.04544417178348829
no:0.008098890188363381
pain:0.09554676259676144
it:0.009866343301869697
not:0.0043374820760860786
should:0.011818792390168918
have:0.0036780619650910278
gordon:0.06455416011293555
partially:0.04100694731028418
completely:0.02587765206503216
hope:0.04156059766388555
strength:0.03740078779409828
surgery:0.039288300488109
cadre.dsl.pitt.edu:0.039198929840637366
writes:0.004757283388615557
if:0.004821226041463377
of:0.004196559400699395
future:0.025212275714516907
what:0.00662188563306929
nerve:0.04358928610505591
banks:0.06790124349809748
they:0.013423303949751709
net:0.023849945934521458
surrender:0.035160239891509154
one:0.007074179192630378
damaged:0.0815642177356172
in:0.003834813709953032
better:0.016087883966197144
and:0.006866859972855932
gets:0.024009470089156867
few:0.016443363315872567
for:0.002340639301525712
subject:0.0001920644380720741
i:0.0027467439891423733
any:0.0073617788941640816
intellect:0.03768295119807872
will:0.024459827587840672
than:0.010292095555535691
the:0.00596495187761121
do:0.02583877406138477
can:0.0124397984523412
last:0.03136924535337407
thought:0.019313571260372035
n3jxp:0.039023451760607446
just:0.01689767717217102
long:0.03424908266343288
is:0.0077315863853428465
questions:0.021756664296730302
does:0.017532213155935616
chastity:0.038768007958759176
too:0.014046891135715804
article:0.005829732951917993
answer:0.021843676562078106
process:0.0260184441239825
sometimes:0.05042455142903381
skepticism:0.038205042513437246
