another:0.016305186252857196
some:0.00858482996421584
there:0.013496749787899227
resulting:0.0360401322052333
know:0.009072611218075748
thanks:0.01465725474203061
where:0.013584241163483541
with:0.004300201299923142
miller:0.03501247086423948
c:0.01901542423109529
active:0.03285163231497697
from:0.006224795988457174
my:0.013973739137210313
to:0.00405352694144362
next:0.01969397076286158
normally:0.03129302753029988
she:0.024376047683077075
that:0.005101538609330541
really:0.014348498111697984
re:0.0027495625204277245
wait:0.02699558680228028
anyone:0.01230084374736317
this:0.01158049496407542
child:0.029157092799569073
apparently:0.027857801884203403
posted:0.025098389150602172
successfully:0.038441028571174804
a:0.004107365076018809
series:0.02637757618211519
was:0.006510743633098424
as:0.011766384709073801
following:0.04025462166234944
wife:0.029713103140764488
given:0.020498437935156478
also:0.010908067144702695
prevents:0.04375941253242946
jake:0.07994678169495265
theory:0.02991580041894577
foreign:0.03245407921740141
no:0.008277542177812573
it:0.005041991613823117
not:0.008866323655528896
pregnancy:0.09205266858919005
term:0.028659410249371013
ve:0.0134201007281429
whether:0.021010724888836946
kind:0.020261225712963675
gene:0.07907635711568307
walk:0.03375608069466473
has:0.007829224072695228
attacking:0.03896915897243404
be:0.004253391596599054
thinking:0.025614165690063643
of:0.004289130563950118
but:0.0048917883989000755
seems:0.017327110951331458
who:0.028523225166923127
now:0.02429285879232712
repeated:0.03808574491477181
one:0.007230227263056047
in:0.003919405188849055
or:0.004958172483110921
p.s:0.03334435812588109
and:0.004211000895119006
for:0.004784542101648147
subject:0.0001963011536177816
i:0.0028073339300793373
cells:0.08030990835069339
we:0.009909881659661543
body:0.07830178949282099
the:0.006650761852844586
would:0.0068577179860615884
can:0.006357102885571422
needs:0.024627548254921666
an:0.006602192195306888
about:0.007242766031778467
including:0.023382115489192865
is:0.00987767010627441
having:0.019241848473679126
white:0.04998484037971459
9:0.026182600409007547
carried:0.033093868754089865
experience:0.02435457922643491
first:0.013805550216110596
capability:0.03609284168669369
understand:0.022030568109820983
process:0.02659238039142329
immune:0.04582487124909418
