lens:0.06955090515627693
geb:0.11489492373464726
there:0.03059263285257158
with:0.006498081964328304
shameful:0.05900556565964197
to:0.004593997200302769
require:0.043105789543362076
attached:0.054782727964277564
most:0.020628838488522643
cs.pitt.edu:0.05694001701362154
kinds:0.05066551859758939
population:0.043843850387603245
re:0.004154894475313006
so:0.011353451082054667
error:0.04183842399079998
this:0.0058331382041268785
mean:0.029371356186998453
a:0.001551671250940439
richard:0.041511972386430875
other:0.015325644309243453
same:0.043157630011746946
as:0.0177803146714893
corrections:0.06387506489221036
overall:0.05148460277421791
silver:0.05787079349212664
it:0.011428514324665733
gordon:0.09970031395220047
has:0.011830827487628344
usually:0.03664167491318459
cadre.dsl.pitt.edu:0.06054056942053994
be:0.006427347301527459
writes:0.0073473599001951375
if:0.007446115775148992
of:0.004320901901460859
what:0.010227134477740348
banks:0.1048696982915061
surrender:0.054303037165775246
one:0.010925676753062472
in:0.003948437819877566
and:0.00424219349434211
for:0.007229974731379422
subject:0.00029663285435575884
however:0.02663443226885459
i:0.002121096747171055
world.std.com:0.10213502956356771
intellect:0.058199224628143795
than:0.015895569802438458
the:0.005025020066593686
do:0.01596262042014437
less:0.03054295062884753
can:0.009606288804863482
an:0.009976645984019298
n3jxp:0.06026955327471595
people:0.016725257111923526
eye:0.15302756581581345
is:0.014926257049481327
chastity:0.05987503451408361
too:0.021694642976272185
nothing:0.028387288905565654
article:0.009003698670184456
side:0.035781823095235483
skepticism:0.05900556565964197
