some:0.005533350119115423
read:0.010744090340748445
believe:0.010297023129527681
week:0.01634046826732504
therapy:0.02672231176838894
at:0.004175189632485456
there:0.0043496634387542536
k:0.01795573960308845
your:0.005971242759152904
with:0.0027716937288604143
c:0.012256387182127773
response:0.016642647168849962
someone:0.010442929453379242
from:0.008024381558579863
post:0.012239705234270998
my:0.013510155374364473
discovered:0.021492098128529993
to:0.0026126998295560775
remember:0.02637558328456144
young:0.017791732355801834
h:0.01674493897769913
t:0.02441964981043073
perhaps:0.013689391173649505
she:0.015711575757812714
that:0.004932293252622893
v:0.018230560729393424
like:0.005519616414733049
nt:0.010152775616906707
could:0.00715217609159269
me:0.0051354913763248565
scott:0.018114109256737
consumer:0.025941481279876836
this:0.0049761368566011285
child:0.01879319725469855
getting:0.012854035887320788
he:0.0075361763389584615
on:0.00240288542767436
you:0.0026341184332166916
medical:0.05719930055216121
went:0.015461901730976701
communications:0.019995653537126516
philosophy:0.023195926597833483
m:0.012974547034275566
a:0.007280353262706324
other:0.013074009363335647
practical:0.022747276235079557
sorry:0.015058846847102486
was:0.004196498265883345
hearing:0.021492098128529993
as:0.0037920102379953484
services:0.018941524300773976
wife:0.01915157358836005
also:0.007030792093268088
are:0.0030469733725176566
d:0.017268665614948206
hoping:0.02268651467854372
it:0.001624907249952474
not:0.005714786811146587
due:0.015711575757812714
probably:0.011313856469332742
interesting:0.01548826806597826
ve:0.00864992274420585
between:0.022017685744515694
real:0.01212129788624762
follows:0.02035082614988537
june:0.021782352276590273
were:0.007352148329252603
if:0.003176068340110945
of:0.0027645580886123977
seen:0.01228656346266518
what:0.008724569696650534
but:0.0063060021066389605
years:0.02113531206616487
please:0.009077797900024906
who:0.006128212674094068
sounds:0.01688485575147317
recovery:0.027166950418709583
over:0.009506828210992217
one:0.00466024126907878
in:0.001684167790469104
our:0.010567656033082434
or:0.0031957888990667553
rather:0.012196604990108358
and:0.008142598887244334
for:0.006167750955679128
subject:0.00012652586204748008
cause:0.014945503001621169
however:0.011360658313729446
i:0.008142598887244334
group:0.012782539975386946
we:0.006387411875421659
medicine:0.02100215332069191
directly:0.017215641353063412
any:0.014549108051499629
actually:0.01158442714265917
impressed:0.024548157859758137
the:0.00285783131749404
do:0.006808700653142149
see:0.008385714509057706
regularly:0.023544564356966263
dictionary:0.023367040363909863
her:0.015670183909619564
did:0.00779104759925576
last:0.010332523943409944
an:0.012766324244953602
thought:0.012723158318444136
m.d:0.0889987885886008
just:0.005565822575667706
here:0.017065411427709915
many:0.008782943258663951
doctor:0.08350750888337133
techniques:0.0450758679363853
e:0.014743553061866478
different:0.011977331270195488
n:0.034701568680610445
is:0.0025466599705276202
readers:0.021563012217045218
choosing:0.02693941857422446
new:0.008170614051580791
first:0.00889836412033669
disease:0.021563012217045218
very:0.008261812757267523
difference:0.04559934379385384
opinions:0.013533697419526267
shots:0.023229658672567436
respond:0.019165913497917093
process:0.01714011247977994
says:0.012137567509135394
seem:0.013079206421306815
s:0.011761825229497978
