some:0.005586300837958632
ask:0.013945275523236208
at:0.012645430800781307
superstition:0.053401153353872896
there:0.008782574024661698
know:0.005903708735207186
all:0.013694753549946764
saw:0.016255409488686385
where:0.008839506211644792
fax:0.014634657128628657
with:0.0027982171138255852
though:0.011892555988567845
ca:0.009839945435848426
such:0.009201039251042098
times:0.013447254265516873
surprised:0.021055898047843247
my:0.009092959438567477
to:0.001978276306350475
look:0.011345302986966078
that:0.008299153718528154
communication:0.023027093211141617
nt:0.010249931364436917
could:0.0072206179680672595
re:0.001789189008507993
started:0.015690166870760313
avoid:0.018501193747478942
eat:0.043207887404128724
charles:0.019694988779587728
msg:0.28875745135954956
this:0.0025118776955570287
md:0.02395606935679213
sunday:0.02137713873127688
on:0.0024258795465994733
you:0.005318650616351405
children:0.01604008070822261
harvey:0.10680230670774579
why:0.008515419043799074
a:0.0013363675845420048
same:0.009292312681955083
contrary:0.022118395107381377
labels:0.028674415314885047
as:0.003828297417306308
worked:0.018393128423800715
immediately:0.02020430400384633
lunch:0.02663365685887549
surface:0.021842037049236915
oasys.dt.navy.mil:0.056381403674063205
hands:0.0383288990943071
exact:0.02043515009733621
panel:0.023590648405669764
cd:0.021355038511868773
are:0.0030761310124460548
no:0.005386343235323014
model:0.01750694503150024
301:0.053005122577194856
taylor:0.025953396147006865
it:0.00164045660162666
have:0.007338525547573965
try:0.011657366853317667
interesting:0.01563648115751872
complaints:0.025061867064750915
completely:0.01721049587100225
terrible:0.024229554590476092
after:0.00923068750078924
love:0.01565654277598779
foods:0.05250135479264537
knew:0.0185746175258266
anybody:0.014543517439773659
be:0.0027677572111840733
writes:0.0031639348852514943
get:0.012577741390345667
of:0.003721350919918443
advisory:0.031152611925099657
networking:0.02944603324596697
fact:0.011474962337937029
investigation:0.023806535655815548
find:0.010126539414705217
now:0.015807793281131525
david:0.011944714063849253
one:0.009409673758618396
code:0.015504844547041608
in:0.0034005684573108225
and:0.0045669547187893525
sensitivity:0.10205245733979296
still:0.009768942977174866
for:0.00311338624796243
subject:0.00012773663584697749
i:0.013700864156368057
branch:0.021817687434368634
experienced:0.02443493757955281
we:0.012897070868076267
any:0.0048961113219560155
favorite:0.023121842624041992
the:0.001803236866002519
do:0.006873855683315757
thing:0.01083221260825338
when:0.025027262063994946
would:0.0044624384981070625
can:0.004136679389654131
because:0.008443647363131645
chinese:0.052876672621863366
ny:0.02010140350039674
an:0.004296163342400654
problem:0.010122321971509972
places:0.018252736278901123
here:0.008614358400111943
about:0.004712996078095079
naval:0.02995015054576518
is:0.006427574805996744
scientists:0.02395606935679213
division:0.018959652708709727
center:0.015629812600348365
food:0.02016975736282486
their:0.014485010704131234
experience:0.015847955860263864
notice:0.019320408773227483
first:0.008983515930100675
everyday:0.028378360751640606
almost:0.014459296317055349
very:0.008340873166427978
three:0.013964057447236711
before:0.01017317831207007
close:0.016626379024739426
understand:0.014335680683902648
assessment:0.028475024423016297
main:0.017791468955152285
