there:0.019951717077764074
returned:0.03441558117184254
cut:0.02652909779568407
method:0.05783910032966027
into:0.012976839876683958
from:0.006134581553841852
often:0.02251681440781671
my:0.020656831768050027
discovered:0.03286110655883934
to:0.002996085130632241
that:0.010055206534332662
bit:0.019746986942432605
nt:0.00517448225885825
months:0.02460720681144797
could:0.021871147178638514
performed:0.035944191883584505
had:0.0111189020701604
this:0.0038042205679088333
he:0.03456811320696163
something:0.014425082008431326
more:0.018426362693053998
a:0.01011959511482895
same:0.028146280442443657
was:0.012832770059440371
steve:0.046480490533831686
said:0.03176093954584684
question:0.015818739734399307
success:0.03247687128124353
pain:0.12831884058888735
it:0.0024844596357968983
plug:0.034371260686208945
area:0.0929990447727347
has:0.00771575705714892
determine:0.03161203970419595
considered:0.024948137371102984
if:0.00971232492410738
of:0.001408989750476367
produced:0.03326686213387249
year:0.01793304866818588
least:0.0174468288601919
fact:0.01737874730890463
using:0.015974062164093628
gp:0.04441687199867192
find:0.015336570562850654
who:0.009369948364013394
net:0.02402277162969915
now:0.02394078837504702
in:0.006437670358496032
yes:0.019324970076115135
or:0.004886314910891923
and:0.00414997189663902
few:0.016562518122509324
for:0.002357600455884594
subject:0.00019345620936245142
ago:0.020733084966410464
any:0.007415125118034835
later:0.023155159630128288
than:0.010366675958112038
the:0.008739165333206412
wrong:0.019155232295868557
original:0.022363536328068694
specific:0.026559103539640815
problem:0.01533018327569264
doctor:0.06384088541446141
is:0.007787612373642432
new:0.01249275047017063
repair:0.07414076208418395
else:0.018308349458971425
right:0.01405705502746594
patch:0.03832770660087313
time:0.011445724419592128
nothing:0.018513449286238468
procedure:0.07326969072085489
occurs:0.034595624639860885
says:0.018558164814692524
identify:0.03611078259535769
