at:0.011746200166059081
out:0.015709027987739467
there:0.012237053141028633
know:0.016451668342110693
thanks:0.026578488598882174
with:0.007797698357193965
someone:0.029379441528840266
work:0.027000966186537384
08:0.08422319837206496
to:0.003675197760242216
been:0.019563205162952523
me:0.014447849072060598
anyone:0.02230552999521855
phone:0.03916462834946092
allergic:0.07881699693062276
26:0.1172363474894593
something:0.02654215089551364
recently:0.044124154194502524
tell:0.03213366738163271
apparently:0.05051548075002217
link:0.1292236834335178
28:0.11793507741996659
more:0.01695225367760968
a:0.0018620055011285268
same:0.02589457800704817
as:0.01066818880289358
sweden:0.07095082433962657
no:0.015009943149100133
it:0.013714217189598879
46:0.1383770680630269
being:0.025944052399001976
university:0.031337868021315385
83:0.07478658530565031
has:0.02839398597030803
which:0.017225231100233572
of:0.005185082281753031
what:0.012272561373288417
find:0.028219289835645204
highly:0.05568898285878135
david:0.0665718730491865
subject:0.00035595942522691063
i:0.005090632193210532
body:0.04732908164899403
any:0.013643830217184098
information:0.0325176171264502
the:0.0020100080266374745
do:0.009577572252086622
can:0.02305509313167236
about:0.026267098141916575
is:0.003582301691875519
having:0.034891885232271484
production:0.06399567047469049
time:0.021060132932049516
yeast:0.15242576046602513
candida:0.15763399386124552
disease:0.060663941037287214
diagnosed:0.07558284176833861
while:0.0289379000783803
s:0.00827248374474691
