health:0.08502748163781125
large:0.06110273714056276
at:0.01797887780519247
much:0.035657078970610843
my:0.019392127782251044
to:0.005625302694248289
young:0.15322675620710965
t:0.157731003367374
that:0.007079686233356669
re:0.0076314388322075615
eat:0.0921474333414582
quantities:0.11985323446875328
this:0.010713927313702428
a:0.0028500084200946837
how:0.02684414280059437
stuff:0.059661562299461665
rich:0.09264888764208076
no:0.022974402779234893
it:0.00699704958653004
deleted:0.07170162238772115
have:0.02086737196521032
foods:0.11196717501696818
his:0.03764140901031136
writes:0.013495150837093108
of:0.007936350431254638
seems:0.04809157325267506
one:0.020067569546441275
in:0.003626116365193683
and:0.0038958919845998963
few:0.04664545920216911
still:0.04166753229039892
subject:0.0005448358549391489
i:0.0077917839691997925
don:0.09099194570881518
meat:0.11947176236646445
risk:0.08755389423672276
is:0.005483114834503345
time:0.03223489734497374
matter:0.06165108187552127
donald:0.11276759773438208
article:0.016537405720746957
realistic:0.11506954659449115
