at:0.00547183237549336
correct:0.020324331926592845
say:0.011785993628990953
know:0.022991461968788235
case:0.01535162178451401
knowledge:0.022961311458708916
take:0.013203410747426729
own:0.028155163174509255
such:0.011944206232719246
proves:0.03474910037560046
companies:0.02469957978625923
my:0.011803903867457157
to:0.0025680729691133493
signature:0.031049151031443737
photography:0.0698582943769556
within:0.02010217525666346
schools:0.030578381842813092
most:0.011531648844515763
might:0.026423417836999325
that:0.01077343557249928
liberty:0.030952099367449446
think:0.008942534332475497
nt:0.00887054101518557
its:0.012843630782820931
greatly:0.02424179596149442
political:0.02238991166137593
this:0.006521520973557999
patterns:0.0724940026992368
best:0.015125317266841205
these:0.010289664429185979
on:0.0031491231381322355
you:0.0034521676360790175
am:0.010151157495039536
education:0.026867375814014438
m:0.017003909467280396
a:0.0008673938669853385
alleged:0.03376634257923466
nor:0.02145676395636896
as:0.004969653169049804
explanation:0.02864591171221395
furthermore:0.03053320942462005
brian:0.02320545040235266
taking:0.021161180336345373
it:0.004259073661366111
not:0.0037447826619625146
have:0.003175469646879831
involves:0.03253372805299963
energy:0.08544605646881835
between:0.014427738174201276
has:0.006613506048984788
spelling:0.033543162397706314
personal:0.020831648889414384
deny:0.029811647736657055
be:0.00359292706296566
krillean:0.10978614939017899
charged:0.03272291567712826
thinking:0.021636810769246305
if:0.004162424967474591
of:0.007246233002449888
looking:0.01611108910190462
what:0.00571703169563125
but:0.004132193927021181
they:0.0057945318292406435
universe:0.02752456118426082
depending:0.02795506925811318
one:0.006107521166308214
in:0.001103600632885034
pictures:0.05776575840535183
confirm:0.0349291471884778
or:0.012564809770864944
and:0.0035571187685477317
for:0.0060624011722746705
subject:0.00016581960802495836
i:0.005928531280912886
appreciated:0.021023367199852438
we:0.008371080159714099
info:0.018294381735356503
directly:0.02256211382295888
any:0.02542328611897658
allow:0.02177810354891051
will:0.021117490898818963
the:0.003745356571374176
do:0.008923203961571386
views:0.02515581859712353
around:0.014703071013376617
would:0.005792854944747677
can:0.0053699751083087785
did:0.010210627599024628
an:0.011154014143624057
here:0.011182614320642211
expressed:0.02552645419641793
is:0.0033375481601324707
picture:0.025407004743449688
object:0.10509247940703012
vary:0.031611864667171856
time:0.009810620931078966
type:0.020127406896470162
sale:0.019719702820519436
reflect:0.029385792634562046
every:0.015106512589673268
show:0.01869607869400517
plates:0.036715992358985754
article:0.005033123480227335
neither:0.023247089754664402
opinions:0.017736709040497154
s:0.0038536414960001135
