reference:0.0289273880854136
frequency:0.03875126601598792
week:0.026727432592291343
there:0.007114565779667809
know:0.009564923454715518
help:0.016589866046835634
returned:0.036816668230343186
all:0.014791749312345599
tried:0.024014450023540086
with:0.004533545556508119
method:0.030937193199585725
from:0.006562575615737795
brothers:0.03972559326531735
my:0.014732004051632578
to:0.00961534297737789
experiences:0.03662873325662231
genetic:0.045823835424780676
that:0.0026891831429029208
control:0.023640575735976926
son:0.03307869224321485
like:0.009028209794640878
re:0.0028987635874276785
so:0.007921012382828838
anyone:0.012968331392568923
this:0.004069631305204799
weak:0.03626600332246138
he:0.012326614011784769
dry:0.04007962455859788
them:0.011363249391722797
m:0.010610966760589705
a:0.005412806689327113
air:0.029877046400241622
other:0.010692309983193107
as:0.006202435350519522
skin:0.039865271602547415
let:0.017869284827541278
also:0.01149997776495788
d:0.02824564685855869
it:0.0053155880579840616
have:0.003963183047656224
ve:0.014148323248274685
between:0.018006711984855858
robert:0.02477063588339305
25:0.02850916704100475
his:0.014297899546552377
writes:0.00512606504664777
get:0.01018894554489242
soon:0.027883671604957135
of:0.007536456804873591
short:0.026844789655978817
seen:0.020096627059088008
but:0.015471702843032797
result:0.02740311597683335
year:0.019184191598524435
younger:0.04394351265601082
again:0.018929218124868356
seems:0.018267341778147893
up:0.01041442147559988
called:0.020792670510517315
in:0.0013773620301898487
frequent:0.041773279893546705
or:0.015681661807048497
fortunately:0.044185780435112405
and:0.004439504819660347
for:0.0025220842086207287
subject:0.00020695315420169222
each:0.07894602782513535
i:0.004439504819660347
6:0.022777904128365847
any:0.007932459428595405
the:0.0005843046589062426
an:0.006960450686525091
techniques:0.036864372614640685
15:0.02590550955023755
contribute:0.04150747312239452
nose:0.07904136859159354
is:0.006248200625364277
night:0.025952208113054452
days:0.023087229647675754
keep:0.04107619510272746
does:0.009445649723546707
their:0.011733981539393132
hear:0.025687453986502382
under:0.018816460675237512
him:0.018577638010568276
supposed:0.028284457452840004
article:0.006281650235012411
lots:0.028284457452840004
freenet.carleton.ca:0.08608745676546732
seem:0.04278624116117423
reduce:0.03534803623087632
walls:0.041595066573975395
