superstition:0.06414276466068641
out:0.013542265506671952
know:0.014182472708716113
longer:0.039013919636484776
added:0.0480875653650737
to:0.003168273931243289
important:0.036119187275554285
hunt:0.20316747185998638
that:0.007974818975505215
could:0.017346082245127094
me:0.012455042303500514
re:0.004298166698599662
anyone:0.019228905168291854
msg:0.25224788854397434
this:0.012068561801641816
mean:0.03038416157275702
bars:0.06414276466068641
brings:0.05964528795820125
dyer:0.07073817182077122
more:0.014614011791042826
a:0.003210354312290563
was:0.010177714185073398
steve:0.03686383731993548
question:0.05018358812292194
also:0.01705169116873065
no:0.012939606163017354
it:0.0039408670085054245
have:0.005876443829283366
fresh:0.06351278493085888
probably:0.027439353046312738
area:0.03687893154780859
kind:0.03167272065474781
points:0.04212823320080957
without:0.02583000557244247
thinking:0.04004053487182362
writes:0.015201434276265802
of:0.0022349492593763064
looking:0.02981477408513384
what:0.0105797942873176
but:0.0076469335890851755
up:0.015442073222441203
in:0.008169181696298412
feature:0.05431157000119859
use:0.019112408364912046
sensitivity:0.061290125241427386
still:0.023467920485397094
for:0.007479284204875264
subject:0.0003068615734714747
legally:0.057549637880109826
editor:0.05307303136560726
i:0.002194238014314884
information:0.028032428557284654
the:0.005198296620614159
law:0.03456139224418352
an:0.010320668259330307
many:0.02130116123652981
about:0.011322025061170938
mentioning:0.06750354585021737
is:0.006176382227371584
number:0.02876166492411216
keep:0.03045304119684967
sold:0.0472014724717453
e-mail:0.03160569858220996
article:0.0186283420762437
stands:0.05494833758039157
