some:0.013735727942745343
there:0.010797399830319382
where:0.021734785861573666
ca:0.024194689365792013
to:0.006485643106309792
photography:0.06615991408641089
recall:0.04601006135380026
front:0.04137589328665804
that:0.004081230887464433
helps:0.049764379954505444
nt:0.00840092413791104
me:0.012748102122406409
re:0.004399300032684359
this:0.012352527961680447
describe:0.05497195773509272
on:0.005964809708697528
m:0.0161037024954832
includes:0.044326522016851166
a:0.0032858920608150473
was:0.020834379625914955
as:0.00941310776725904
copy:0.04019543464780403
anywhere:0.0497215212335819
month:0.04675062928690892
it:0.008067186582116987
have:0.00601471309585474
kind:0.03241796114074188
hope:0.033981900442824065
uses:0.040176413292193375
krillean:0.06931596098752477
get:0.015463223238719086
of:0.006862608902320187
even:0.019754817032541477
what:0.021657461246979558
but:0.00782686143824012
fact:0.028214907395633402
they:0.010975524994208749
find:0.024899373384392826
in:0.010451747170264146
system:0.026296733285206177
use:0.01956211209114527
and:0.00224586714406347
wpi.wpi.edu:0.06909186457610483
for:0.0038276336813185177
subject:0.000628163691576901
i:0.0067376014321904095
voltage:0.06082672433010737
information:0.028692015111573703
joseph:0.09609879126220593
the:0.004433841235229724
radio:0.04220412189138431
an:0.02112701502498204
about:0.011588425650845547
film:0.06104870649839422
electronics:0.053063313050066625
automobile:0.06687314493131012
article:0.03813331201489887
high:0.03290969206637084
seem:0.03246720652818515
