go:0.0648477417264709
superstition:0.1860140175159906
with:0.038988491785969824
into:0.05969346343274621
added:0.1394539395587137
to:0.004593997200302769
that:0.01156348751448256
anything:0.07737470501064679
re:0.012464683425939017
eat:0.15050747445771506
msg:0.36575943838876274
this:0.017499414612380634
something:0.0663553772387841
seizures:0.20514069828023654
have:0.034083374209843524
heard:0.09008824531399581
if:0.022338347325446976
of:0.006481352852191288
they:0.03109732081692479
sensitivity:0.17774136320013942
subject:0.0008898985630672766
i:0.006363290241513164
the:0.002512510033296843
do:0.023943930630216555
may:0.06203418424799436
patients:0.16410398255643027
is:0.008955754229688797
