at:0.007047720099635449
lens:0.025038325856259692
jumped:0.0494363100511311
there:0.011013347826925769
philosopher:0.02432760114730988
thanks:0.007973546579664653
your:0.03527810222107535
with:0.009357238028632758
into:0.007163215611929546
feet:0.017568247795821328
often:0.012429281553114825
both:0.017965632658465902
telescope:0.023062251834461252
to:0.006615355968435988
require:0.015518084235610347
nye:0.04847128614882217
pointing:0.020462850335234768
attached:0.019721782067139922
most:0.007426381855868152
that:0.004162855505213722
kinds:0.01823958669513218
bit:0.0109003367922228
like:0.004658556254034693
population:0.015783786139537168
me:0.004334354721618179
re:0.0014957620111126823
so:0.008174484779079361
error:0.03012366527337599
this:0.004199859506971352
mean:0.021147376454638885
fingers:0.022736869276645442
reply:0.014364786077420578
roll:0.0215550124250701
two:0.007459157730613246
on:0.00202803530095716
you:0.015562371703444213
more:0.020342704413131615
a:0.004468813202708464
richard:0.014944310059115114
hard:0.010816933610302037
other:0.0055172319513276434
as:0.003200456640868074
corrections:0.02299502336119573
russell:0.020911919542719093
hands:0.01602147982142037
learn:0.015240056722888928
wi:0.023567426735758422
overall:0.018534456998718446
clinic:0.022863864069903768
straight:0.03197329301970647
are:0.01028658210561961
no:0.00450298294473004
silver:0.020833485657165588
it:0.0068571085947994395
not:0.0024116400343038597
absurd:0.020756560209454038
nyeda:0.050302018728252955
only:0.005334144953077147
whether:0.011429834339527298
pointer:0.022799862704518004
tube:0.02132896358401673
closed:0.033008581608918494
left:0.058488103670011234
has:0.008518195791092408
open:0.03965952694504036
feel:0.01218510673698471
be:0.0046276900570997705
writes:0.0026450495640702493
if:0.008041805037160912
of:0.0015555246845259092
what:0.00736353682397305
but:0.007983398667004923
evaluate:0.023130629567898457
least:0.00963064953082593
comfortable:0.04239844496200824
seems:0.009425948357524312
together:0.014235864965800923
must:0.00926984170991799
up:0.021495365925638155
now:0.026430630366051908
david:0.019971561914755954
one:0.00393324363110249
in:0.0014214376151559238
become:0.013248891099180591
point:0.008806143845040243
or:0.0053944916616246825
and:0.0015271896579631594
for:0.002602790903296592
subject:0.00010678782756807318
i:0.0007635948289815797
away:0.011075934345294683
cnsvax.uwec.edu:0.04654198969428707
world.std.com:0.01838430532144219
than:0.005722405128877845
eyes:0.03457311587727029
the:0.003015012039956212
do:0.00861981502687796
see:0.0070775430456447045
when:0.010461395542749887
correlation:0.023805120417641625
less:0.01099546222638511
putting:0.032160436056304115
can:0.0034582639697508535
forward:0.0173025900242253
an:0.007183185108493894
people:0.00602109256029247
about:0.003940064721287486
different:0.010108867592044992
hold:0.01387912245177608
eye:0.23872300267266897
is:0.0075228335529385895
either:0.010014250828453433
right:0.03879747187580599
spot:0.038606564525648875
sheet:0.020833485657165588
whoever:0.020156317431151104
paper:0.01542659358894638
first:0.0075102193175641645
wishes:0.020872510356947045
nothing:0.010219424006003635
wall:0.017946056511396084
image:0.029608503975469415
eight:0.019605831919646915
close:0.027799305729364326
by:0.003961741899268664
