simply:0.029986699410621466
health:0.0408465352965956
superstition:0.054710005151761935
form:0.03346451886746957
with:0.005733601733230856
ca:0.020162241138160012
to:0.0027023512942957466
scientific:0.08279803013340946
us:0.0403897330624509
that:0.010203077218661082
nt:0.007000770114925867
sum:0.05443765648404551
me:0.010623418435338674
re:0.0036660833605702994
msg:0.05378815270422982
this:0.005146886650700186
these:0.01624152914802885
medical:0.039441347766359526
harvey:0.054710005151761935
am:0.016022905457856524
assume:0.0340342015224429
fed:0.05636035137547972
support:0.026852512838563783
a:0.0068456084600313485
steve:0.03144268477288614
waste:0.04194686269802293
mind:0.0297025078726484
fraud:0.05985716455134965
plan:0.038289845072927514
care:0.031039381777195067
it:0.010083983227646235
not:0.005910882437019264
probably:0.02340415406891381
massive:0.048932060182366816
stated:0.038059755518605486
writes:0.006482964617819238
whatever:0.03240157430150356
of:0.003812560501288993
america:0.03860527994574963
even:0.0164623475271179
ethics:0.057036752076332194
but:0.006522384531866767
result:0.034656881970701
fact:0.023512422829694502
they:0.01829254165701458
find:0.020749477820327353
up:0.013171180101493967
pope:0.05271757141045538
in:0.003483915723421382
our:0.021860543362552876
or:0.01322179328829579
industries:0.11669176675314522
and:0.0037431119067724496
sensitivity:0.05227687152945277
known:0.031930673996729
subject:0.0002617348714903755
i:0.0018715559533862248
person:0.02750190626542991
medicine:0.04344563088888228
will:0.011110836714738082
unfortunately:0.03609699098848977
community:0.03988773389192769
cost:0.03255889808187138
the:0.004433841235229724
when:0.012820337674938587
greater:0.041363557807193085
an:0.00880292292707585
reaction:0.04626604336389975
15:0.03276285031353572
is:0.015804272170039053
clinton:0.03593290478892581
automatically:0.04620785968233294
takes:0.035057841705683046
while:0.021277867704691394
psychological:0.05378815270422982
