another:0.01583932378848985
at:0.006292607231817364
out:0.00841555070771757
lens:0.04471129617189231
there:0.01311112836538782
continue:0.027915758620724606
cut:0.026150110684317152
way:0.012374091568189595
distant:0.04130469565696153
longer:0.024244364345529824
my:0.0203617341713636
to:0.003937711885973802
require:0.02771086470644705
look:0.01693691660197079
attached:0.03521746797703557
most:0.013261396171193127
that:0.004955780363349669
kinds:0.032570690527021745
bit:0.019464887128969283
population:0.02818533239203066
could:0.010779351109471837
its:0.014770175400244072
re:0.0026710035912726466
so:0.0072986471241780005
had:0.010960060612015252
this:0.0037498745597958497
balance:0.03581990475156237
mean:0.01888158612021329
getting:0.019372868373033474
age:0.029448490185097292
specs:0.03461348663397798
am:0.011673831119295468
them:0.01047042265380172
shorter:0.041684051552061153
a:0.003990011788132557
richard:0.02668626796270556
other:0.009852199913085077
as:0.0057151011444072745
corrections:0.04106254171642094
objects:0.03349863434302324
arms:0.028951001654455567
overall:0.03309724464056865
pat:0.05790200330891113
are:0.004592224154294468
no:0.008041040972732214
silver:0.037202652959224265
it:0.002448967355285514
have:0.003651790093911806
left:0.02088860845357544
able:0.018839037329361923
always:0.01897825784284791
without:0.016051503462874962
be:0.008263732244821019
writes:0.004723302792982588
things:0.03192465611628928
if:0.00478678871259578
of:0.0013888613254695618
short:0.024735556183009055
what:0.006574586449975937
but:0.004752023016074359
up:0.0287884365075511
one:0.014047298682508891
in:0.002538281455635578
clearly:0.051921576806062915
or:0.004816510412164895
tends:0.037133639309854714
and:0.0027271243892199276
for:0.002323920449371957
subject:0.0001906925492287021
until:0.020436898038318885
i:0.01090849755687971
ugly:0.03918851125593887
world.std.com:0.06565823329086495
will:0.008095038177880603
unfortunately:0.026299236291613976
than:0.010218580587281865
the:0.002153580028540151
do:0.010261684555807095
see:0.025276939448731085
when:0.018681063469196228
less:0.019634753975687695
would:0.006661783186459829
can:0.01235094274911019
maybe:0.01891366487387374
an:0.006413558132583833
thought:0.019175617179940804
just:0.008388489739042042
long:0.017002223179347034
people:0.010751951000522267
middle:0.028693573536718444
head:0.02466328382468345
eye:0.19674972747747443
is:0.005757270576228512
new:0.01231428260631105
right:0.013856239955644997
article:0.005788092002261436
close:0.04964161737386486
s:0.00443168772040013
