some:0.010064973061494432
preference:0.02470787301011949
cat:0.02182748667848924
superstition:0.024053536747757405
all:0.0041123613389926345
case:0.010653496152184291
way:0.007467124222183376
motorola:0.021005547857521692
previous:0.014970687153848302
contents:0.021479689647238627
several:0.012148497293393951
added:0.018032837011902638
my:0.020478755632118564
to:0.006534564983189284
within:0.013950216449667317
then:0.0068787946111026
walter:0.048353395671756665
speak:0.015454451787234457
hoped:0.025652069415562095
she:0.04286822178748038
that:0.0059811142316289105
like:0.005019995963399453
packages:0.02131577845935397
need:0.016562086133596863
re:0.0016118125119748729
eat:0.058386520263768775
msg:0.14188943730598555
believes:0.04231574542577881
this:0.004525710675615681
on:0.0043707657348214645
standards:0.01826421696648722
you:0.004791370598351051
children:0.014449900293183299
brings:0.02236698298432547
assume:0.014963312738315415
them:0.006318358497983797
brand:0.058261581760599764
why:0.0076712180179052
more:0.005480254421641059
a:0.0030097071677724035
other:0.005945293050999615
was:0.003816642819402524
as:0.0034487679319699068
truth:0.015495937620743982
idea:0.011949897824399812
wife:0.017418025979068837
question:0.01881884554609573
wondered:0.024239623695452267
act:0.016084625271630838
ethical:0.02574094565350492
product:0.017202146218735167
are:0.0027711697482811445
causes:0.01839289353178757
it:0.005911300512758138
not:0.012993750184826831
contain:0.020214693138031266
have:0.004407332871962525
allowed:0.016516522534986512
has:0.00458954514606272
quit:0.02168498296184748
addressed:0.023177552947700214
be:0.007480102462984543
noticed:0.01748363371187209
sort:0.027047080238457154
considered:0.014839840332811258
get:0.00566540506591001
down:0.010191230935142922
if:0.005777158791063873
of:0.007542953750395034
industry:0.019632902464769387
even:0.0072377562403708
but:0.005735200191813882
particular:0.014616601069326754
groups:0.015861144821062035
must:0.009989053566721971
toward:0.019277855062040387
they:0.004021205278050619
up:0.005790777458415451
net:0.01428940726249346
one:0.004238409085239752
in:0.0022975823520839287
parent:0.023277798043235848
cats:0.02547963262843408
or:0.005813029807785218
habit:0.0247791200012885
substance:0.02322738407873933
and:0.004937035532208489
sensitivity:0.02298379696553527
for:0.005609463153656448
subject:0.000115073090051803
cause:0.013592677298888217
i:0.004114196276840408
any:0.00882144195076558
will:0.004884936831479674
than:0.00616638483715285
the:0.0032489353878838493
do:0.0030961979263211064
when:0.005636527770878172
closer:0.020091882983745465
can:0.0037265775536108334
nobody:0.01727711062697598
moral:0.0173023913142708
rtsg.mot.com:0.024368300260752616
put:0.032165421976898007
an:0.003870250597248865
myself:0.014365698543094324
people:0.012976492586837219
address:0.01376216100833453
different:0.01089317628453124
f:0.016018238010374344
is:0.008106501673425205
chips:0.01789974546636626
right:0.008361524111165084
questions:0.013035242832954791
does:0.005252106958351402
food:0.16353152413566194
chemical:0.042826750683792075
every:0.010483398823006017
almost:0.013025831595967966
training:0.019318138951774172
side:0.013880879649013763
answer:0.0130873751815899
mine:0.014074306227586148
seem:0.011895312736619559
bothered:0.023993251222004214
s:0.008022882942103685
