some:0.028476509149594004
marty:0.14833903138603588
oral:0.14833903138603588
case:0.060283197739189165
my:0.046351915186843964
to:0.006722922732150394
finding:0.10874647170077913
me:0.026428992204988896
had:0.0374245972117594
recently:0.08071491620945584
a:0.006812215248031195
how:0.03208202432266157
was:0.021596613026863064
doctors:0.11954775560760314
arms:0.09885707882009219
pain:0.10797560976381983
it:0.016724655109266927
have:0.012469527149942754
facts:0.09878260473504608
sites:0.11109349687381703
of:0.00474245330648143
in:0.00433365126571928
antibiotics:0.3053454372714597
rather:0.06276789397348448
and:0.004656066030375486
subject:0.0006511452900492268
i:0.009312132060750973
than:0.03489271420047466
can:0.021086975425310083
about:0.024024784885899306
is:0.00655299089977229
wanted:0.07427219486697811
give:0.11527981811492716
iv:0.12875005392812677
