school:0.019551206859118847
at:0.004736371034701242
final:0.020734668802347287
all:0.010258793877917111
case:0.013288231759713741
situation:0.018946947789110744
with:0.006288466417091907
unusual:0.02696121863020824
teachers:0.03282489668944981
my:0.005108678824356459
to:0.004445803742228486
us:0.011074604226801055
basic:0.020535767793333336
reactions:0.030002260889675905
that:0.00373015726273631
think:0.015481161586328552
really:0.010491374963392076
nt:0.0038391319985077344
months:0.018256959892364626
happens:0.02008643825149881
me:0.005825745593572821
re:0.0040208656212706514
so:0.010987210724569034
had:0.008249507987538362
this:0.005644972455606656
something:0.03210744059941166
on:0.005451707798271935
medical:0.021629126194455225
took:0.01814732084094989
them:0.007880963287807748
working:0.0170351559715409
particularly:0.021597313414734316
temp:0.03188751288759617
more:0.006835586160326483
a:0.006006469358479119
how:0.007071844071124325
exposed:0.05985413208069869
constantly:0.02805444940449872
was:0.023802718658639397
crash:0.02745646211895988
as:0.004301689033424831
also:0.007975791030535305
course:0.01315135376290333
illness:0.06539677727771474
are:0.0034565128043076644
likely:0.017776391424353378
it:0.0092165438102143
not:0.0032414516590105642
ken:0.022183186565133396
have:0.002748659210471252
always:0.014284710204294128
104:0.03269838863885737
usually:0.017729842699928028
common:0.018097462578663175
writes:0.003555174145255712
get:0.03533263374438501
dept:0.022060792958826878
things:0.012014655527635752
of:0.00418151796915567
seen:0.013937983282915878
what:0.0049486134569711356
but:0.003576791517475324
years:0.01198803990849674
never:0.011849135649794949
km:0.030002260889675905
well:0.009047676936308306
beyond:0.02099765697547638
they:0.005015696905955612
up:0.007222905216948305
commonly:0.027747146104283943
in:0.00477633607243254
or:0.0036253304177585235
and:0.004105348542911719
few:0.012288319897345627
for:0.0034983748700223014
subject:0.00014353202630117365
i:0.009237034221551367
we:0.021737804930870484
sick:0.07243939143620913
research:0.016598556346971924
program:0.014928136733247718
later:0.01717963456428873
the:0.002026217768787777
do:0.007723848590392437
when:0.04218304654334632
around:0.01272685179114858
physician:0.029636382055025282
come:0.012909643411125852
biology:0.03188751288759617
during:0.01574392209571221
about:0.010591571831417974
lab:0.023170488783836093
is:0.007222382443297416
deal:0.017722123611615643
either:0.013460014554372894
solid:0.024223453348493094
new:0.018537629729930612
time:0.008491989085503837
lot:0.013325555850889199
build:0.02006254334956105
first:0.01009438080317764
almost:0.03249454763725342
article:0.00435662838879893
very:0.00937227146120133
training:0.02409574320866456
three:0.01569079573372297
going:0.011708686473385391
usual:0.023065273212900087
seem:0.014837164273633
everything:0.016611088623243297
