reached:0.06805225979286347
effective:0.0585212381681818
laser:0.14207124579454286
systemic:0.0948878773408218
true:0.03743885206025865
i.e:0.05006578256486091
damage:0.06448511385751697
to:0.001997390087088161
look:0.034364758322839285
that:0.005027603267166331
reliable:0.06723324225281503
like:0.016878827007372074
nt:0.0103489645177165
re:0.005419427576495225
avoid:0.056039847727871
age:0.05975055979584958
infection:0.0810812342097344
slowly:0.07650365523265502
burn:0.07062734931804394
a:0.008095676091863159
as:0.023191714788899084
requires:0.05817615630305545
it:0.009937838543187593
not:0.026213478633737602
probably:0.03459744514535085
treatment:0.06316381839174462
always:0.038506610115923295
surgery:0.07914599663546595
exciting:0.08067296063050693
usually:0.047793489017197294
be:0.016766992960506415
fact:0.03475749461780926
well:0.02438939000222239
in:0.007725204430195238
and:0.00553329586218536
for:0.004715200911769188
subject:0.00038691241872490284
limited:0.05626224728837333
any:0.01483025023606967
the:0.002184791333301603
can:0.0250598838387743
because:0.02557568549122484
finally:0.052703253272407324
different:0.03662633185523548
is:0.015575224747284865
field:0.056412432607729074
new:0.02498550094034126
gave:0.053795274101998435
very:0.05052876787778108
by:0.014354137316190813
sometimes:0.0507899467292442
