believe:0.01530050619950944
out:0.008297021824510281
correct:0.0230437847900102
say:0.013362992776531996
there:0.006463232292796813
know:0.0086892614482979
philosopher:0.04283028371005261
own:0.0159612016587887
with:0.004118502653447516
ca:0.014482736592199445
proves:0.03939862789064559
from:0.005961776439649124
mechanical:0.03724805289380628
to:0.004852813943981799
signature:0.03520361490184818
photography:0.039602765474260046
recall:0.027541233908964947
nye:0.08533677138877144
within:0.02279190293185083
might:0.014979472787876381
direct:0.028125180440663197
that:0.007328970959883312
think:0.010139070616398276
like:0.008201683545835727
nt:0.00502872219522844
its:0.014562144760804016
re:0.0026333838223814828
had:0.010805693561141798
this:0.007394118850301676
reply:0.02529011633348693
patterns:0.08219390446885298
on:0.003570484684783732
m:0.009639540226169523
a:0.0019669072195019647
was:0.006235641789446377
as:0.005634606762091679
learn:0.026831085779734025
wi:0.04149194847844793
explanation:0.032478815392017225
clinic:0.040253281813210855
brian:0.02631040503365337
caused:0.028044466049684278
it:0.007243424571971239
not:0.004245845130816654
absurd:0.036543239805376826
nyeda:0.0885598921272059
energy:0.09687897951746306
between:0.01635821018342539
strength:0.03661063030549057
exposure:0.03863656039317916
has:0.007498411787933458
details:0.026864942833030526
spelling:0.03803133201430082
be:0.00814734164982354
phenomenon:0.03910310536177917
krillean:0.04149194847844793
of:0.004107899695050816
what:0.006481986640821347
conventional:0.037550992225381566
but:0.009370186228879017
properties:0.03803133201430082
must:0.016320143855489418
universe:0.03120742500469009
david:0.0351612005541478
depending:0.03169553627152269
one:0.006924724702645229
in:0.0012512655062992288
purely:0.03509357745182649
become:0.02332551249855738
or:0.009497344474691343
and:0.0026887141865548584
for:0.002291189175437141
subject:0.0001880067386761852
i:0.004033071279832287
we:0.009491154265591339
cnsvax.uwec.edu:0.08194012270120962
will:0.015962047111313864
turned:0.027654213661363364
the:0.006369743746386363
do:0.005058576893707723
around:0.016670383332067856
because:0.012427621823200802
simple:0.023233722232086203
here:0.01267887961706617
film:0.036543239805376826
is:0.0037841215055023085
picture:0.028806533547150705
object:0.11915414918684403
vary:0.035841621207145555
field:0.054823349999060654
type:0.022820510636138706
whoever:0.03548647435061814
wishes:0.03674737738899128
every:0.01712780652772814
show:0.02119766668827347
plates:0.04162869556194864
very:0.012276355575939769
by:0.013949795419960087
s:0.004369269583493087
