believe:0.031038169719004863
at:0.012585214463634729
correct:0.04674596343116355
take:0.030367844719081476
your:0.017999031745446606
francis:0.1578746368281349
such:0.027471674335254263
to:0.003937711885973802
photography:0.08033703853349894
look:0.03387383320394158
physics:0.06550864329276074
most:0.026522792342386255
that:0.009911560726699338
think:0.020567828964693644
european:0.06330649072379989
re:0.005342007182545293
so:0.014597294248356001
this:0.007499749119591699
on:0.014485966435408284
you:0.015879971125963482
serious:0.05138562338627815
particle:0.0911052071388758
m:0.01955449588737246
a:0.007980023576265115
how:0.018790899960416062
brian:0.05337253592541112
helping:0.07399516154869952
imaging:0.07714927351472452
has:0.015211063912665013
spelling:0.07714927351472452
device:0.05734506835586894
be:0.008263732244821019
krillean:0.08416938119913721
writes:0.018893211171930352
certainly:0.043939389675080584
supply:0.057685220480064914
they:0.013327423207253481
in:0.005076562911271156
and:0.0027271243892199276
for:0.009295681797487828
subject:0.0003813850984574042
i:0.005454248778439855
connect:0.06565823329086495
joseph:0.058345694694910744
the:0.002153580028540151
would:0.013323566372919657
can:0.01235094274911019
kirlian:0.09202718601226967
sp:0.0674162346159682
laboratory:0.06838363710246749
about:0.014071659718883878
build:0.05330904375740506
nice:0.045139135096496544
faq:0.05545850089853942
article:0.023152368009045743
s:0.00886337544080026
