above:0.02430942884043344
superstition:0.04982518326321176
correct:0.02921622714447722
with:0.00522167300704953
to:0.0036916048931004393
aka:0.0462469759679372
might:0.018991831570343266
that:0.009292088181280628
through:0.02115592226807881
nt:0.006375701354664629
re:0.003338754489090808
msg:0.2939138344195415
this:0.014062029599234437
two:0.016649905648690278
am:0.014592288899119335
assume:0.030995433529367643
dyer:0.21979360530025344
causing:0.04382702204812805
a:0.0024937573675828484
how:0.011744312475260038
other:0.012315249891356345
as:0.02857550572203637
steve:0.0572706044077569
also:0.013245510104281842
act:0.03331815234837816
no:0.010051301215915265
daniel:0.03820160709998517
works:0.026563624942417322
it:0.009183627582320678
not:0.01076625015314223
unreasonable:0.05210506444007644
contain:0.04187329292877905
involves:0.04676723407618697
being:0.01737324937433168
suspect:0.03466156306158714
be:0.005164832653013137
myers:0.1103489063641319
writes:0.005904128491228235
if:0.005983485890744726
of:0.0052082299705108566
what:0.008218233062469922
but:0.005940028770092949
impression:0.04224207691218294
find:0.01889684587208384
in:0.0031728518195444726
or:0.0060206380152061185
and:0.005113358229787364
sensitivity:0.047609293714323056
subject:0.00023836568653587764
cause:0.05631252023825119
mechanism:0.042912033929530385
i:0.005113358229787364
meat:0.0522688960353282
the:0.004037962553512783
do:0.006413552847379434
harvard:0.05021064908343684
can:0.007719339218193869
may:0.016616299352141345
an:0.008016947665729792
many:0.016546437746232975
including:0.028392568808305624
different:0.022564436589386137
frequently:0.041669202410242884
is:0.009595450960380853
involved:0.03215068872380239
does:0.010879364413727903
under:0.021672530599157493
mouth:0.04314700989664979
taste:0.04599779035974901
article:0.007235115002826795
by:0.008843173882296126
high:0.024976105586085012
s:0.005539609650500163
