above:0.014717059622316462
sugar:0.03216908164546166
read:0.012254070604853631
believe:0.023488344652219897
feeling:0.02360344243561904
superstition:0.03016443527286334
there:0.004960967489606203
andrew:0.020353827887416208
true:0.013963679957609982
further:0.01917748324908858
such:0.010394687586312425
from:0.02288033120081556
except:0.01742898064326386
my:0.005136293304488115
to:0.0044698351138081
add:0.018574164413252534
most:0.010035651156578583
make:0.009513948558647048
that:0.009375800687418293
sources:0.04161231324556177
re:0.0020213000150171383
anyone:0.009042782430494008
msg:0.23724936544135963
this:0.005675485820231557
upper:0.028259350733404184
tar:0.03239433946384311
two:0.010079942879207089
on:0.0027405882445367025
syndrome:0.0294521689072897
you:0.006008637723337534
possibly:0.020956506288634276
used:0.010672775720739814
am:0.008834250576764138
etc:0.012553102634909382
incorrect:0.027464467393098796
sea:0.02728275598337455
how:0.0071100702552925645
hard:0.01461747785175951
other:0.014911437706290928
was:0.00957255280109606
as:0.004324941406578478
chest:0.0312576075241871
steve:0.034671933479290665
also:0.008018903414484144
processing:0.025639102565928835
processes:0.029940731401712776
are:0.003475196657303922
those:0.010031976509662487
pressure:0.0237874740108067
causes:0.04613136539864558
it:0.005559817779567113
not:0.009776919057988621
flame:0.02269001894528538
reported:0.022320905929792776
fuel:0.026085516571384373
have:0.0027635168278251506
made:0.012570700280637845
japanese:0.027063883759835435
only:0.007208303990644793
left:0.015807595586489524
nasty:0.02859039735632699
strongly:0.050453520756185984
war:0.019117973597691986
has:0.00575553769668406
foods:0.029656170680169954
knew:0.02098429763728519
heard:0.014608904645512837
salt:0.03001427546687915
common:0.018195286700710002
writes:0.007148782605595269
whatever:0.017864651777045205
of:0.00525515096123618
years:0.02410568024843669
they:0.010085617562245878
find:0.01144025263607238
who:0.00698947499585864
one:0.010630388192168893
in:0.0038417232842051998
our:0.012052840124218344
or:0.003644926798395056
and:0.004127539616116648
sensitivity:0.02882292376218477
rogers:0.05973634907010511
for:0.0035172850044548542
subject:0.0001443078750919908
each:0.013762212958706029
table:0.02448591580259052
cause:0.01704595207211928
however:0.012957291374037368
i:0.005159424520145809
mention:0.020403647644740126
ago:0.015465760677646725
assumption:0.025639102565928835
20:0.016999093775165515
artificial:0.027847310920496703
pretty:0.015556865172538523
meat:0.03164387219436086
the:0.002852038416174795
do:0.003882799561656739
chinese:0.05973634907010511
symptoms:0.027897130677820615
an:0.004853503451685064
just:0.006348046289004789
restaurant:0.03383557548143202
many:0.010017302851773479
about:0.00532441178552363
different:0.013660631881141881
is:0.0029045689393585286
else:0.013657039055881389
does:0.006586426023446082
food:0.04557274906843672
chemical:0.026853530158485846
under:0.013120667173543996
natural:0.045266038829201945
thousand:0.025196307309345668
article:0.008760355462882173
react:0.06328774438872171
tx:0.02560624285740785
sometimes:0.018943277428745138
s:0.003353709626248748
