some:0.018933030407567907
believe:0.011744172326109949
go:0.010515850009697986
at:0.004761973040294222
superstition:0.03016443527286334
out:0.012737049719788757
know:0.006669595273828659
all:0.010314246817797744
your:0.013620888888446082
with:0.012644916254909133
way:0.00936417740295429
much:0.009444307403026656
though:0.013435374062760432
iastate.edu:0.05195835459575572
my:0.005136293304488115
to:0.0014899450379360333
look:0.012817126077167085
most:0.010035651156578583
reactions:0.03016443527286334
might:0.011497757491234844
that:0.005625480412450976
nt:0.015439536253458131
happens:0.020195013593398804
re:0.004042600030034277
eat:0.07321985243888841
michael:0.06496638273889058
so:0.011046601052809947
msg:0.17793702408101975
this:0.0028377429101157786
allergic:0.031952836593495716
telling:0.023210942257436827
you:0.009012956585006301
possibly:0.020956506288634276
them:0.007923563089363464
cloud:0.03107435589350774
state:0.014366018307787115
m:0.01479799688774132
why:0.009620122054886522
a:0.001509734190104211
j:0.01650880356502088
as:0.004324941406578478
l:0.017864651777045205
are:0.003475196657303922
relatives:0.03016443527286334
tad:0.03184787396724111
it:0.005559817779567113
should:0.008880065633694485
ve:0.009865587562310455
safely:0.030725499022493843
bother:0.024787054218882443
usually:0.017825679687495207
univ:0.025105964168947066
be:0.006253635212296988
stick:0.022845023269483577
noticed:0.021925421735969328
common:0.018195286700710002
get:0.007104724190762824
things:0.012079599611568917
of:0.003153090576741708
what:0.009950725437801419
but:0.0035961255256778935
understanding:0.02169813397249095
slight:0.029065904237115945
together:0.019237655359190437
they:0.005042808781122939
find:0.01144025263607238
good:0.008756810007348645
one:0.010630388192168893
in:0.0038417232842051998
use:0.008987997447282963
and:0.008255079232233295
sensitivity:0.02882292376218477
for:0.0035172850044548542
subject:0.0001443078750919908
oriental:0.03464385512451831
cause:0.01704595207211928
i:0.0030956547120874855
we:0.036425510965242436
body:0.019187465533375955
any:0.0055312825204800395
will:0.006125974837315051
assumed:0.026417693756323093
eyes:0.023360213430588035
the:0.0016297362378141686
do:0.015531198246626956
see:0.00956424735897933
when:0.021205531505574096
can:0.004673329688852505
friends:0.021495309976149925
home:0.01583439487492621
chinese:0.08960452360515767
put:0.02689145188699221
may:0.010059597445620709
an:0.009707006903370128
afterwards:0.0303188859347231
people:0.008136611567962797
ourselves:0.025705427390749453
many:0.020034605703546957
including:0.017189014629893137
is:0.004356853409037793
time:0.008537891729209263
does:0.006586426023446082
fly:0.026771628509725837
food:0.09114549813687343
matter:0.016329205469732662
too:0.021108301274210775
taste:0.027847310920496703
show:0.016270641458026123
natural:0.022633019414600972
already:0.015706953088093792
include:0.018170396071592442
