effective:0.02018982716802272
confused:0.024162325542123886
activity:0.022316015244902867
depression:0.03188682249860653
take:0.010628745651678517
actions:0.039542224441881525
hand:0.015786197277263367
own:0.011332453177739977
with:0.005848273767895473
though:0.0124277210080534
treatments:0.029088743558929417
from:0.008465722544301757
often:0.015536601941393531
to:0.004134597480272492
look:0.011855841621379553
social:0.021709210959881528
day:0.01271651517881436
been:0.007336201936107197
that:0.0069380925086895365
hour:0.023278572983401392
could:0.007545545776630287
generally:0.019333747466115495
re:0.0018697025138908526
relationships:0.03052715392118832
recently:0.03309311564587689
certain:0.03296314991760509
you:0.0027789949470436092
loved:0.026239902761932218
more:0.00635709512910363
a:0.004887764440462383
other:0.013793079878319108
want:0.009462989838560908
skin:0.025713100183643083
related:0.01927069492815585
standard:0.015220222702311183
usa:0.018223108430143624
equipment:0.020174789562702945
daily:0.02229302669865972
mind:0.015148279015050685
are:0.009643670724018382
causes:0.02133575649687358
manual:0.019647986984413814
pa:0.025898306542044832
caused:0.019911570895275836
persistent:0.030647641679083626
digital:0.020646837985058317
religious:0.01835699902555059
it:0.0068571085947994395
not:0.012058200171519299
examples:0.04387779287163331
have:0.0025562530657382643
being:0.00972901964962574
routine:0.026189651082664706
philadelphia:0.02480149239967331
similarly:0.024763756371496397
per:0.017684125577865088
anger:0.026772320163944468
heard:0.013513236797099372
be:0.005784612571374713
which:0.006459461662587589
found:0.013372602526284987
writes:0.003306311955087812
kill:0.01847316053301693
attempts:0.023059958928332232
if:0.0033507520988170464
of:0.0068054204948008535
diagnosis:0.029556373848983537
what:0.009204421029966312
associated:0.022748977888982704
ignore:0.02250383075278111
significantly:0.02443636672459886
highly:0.020883368572043006
up:0.006717301851761923
called:0.01341127247928367
repeated:0.025898306542044832
one:0.004916554538878112
code:0.016202562551658483
in:0.004441992547362262
external:0.021470121588129065
or:0.02022934373109256
rather:0.012867418264564317
thoughts:0.10735060794064533
and:0.0038179741449078986
word:0.015344382580817094
for:0.00162674431456037
subject:0.0001334847844600915
cause:0.03153501133342067
i:0.0028634806086809237
person:0.014025972195369255
source:0.031192679616998245
than:0.0071530064110973055
the:0.004145641554939791
constant:0.02480149239967331
when:0.01307674442843736
regards:0.020646837985058317
forms:0.023934272985863623
individual:0.057925292868998286
mental:0.026661204480020913
an:0.01346847207842605
thought:0.013422932025958564
is:0.008060178806719916
either:0.012517813535566791
living:0.0184200250701455
having:0.013084456962101807
methods:0.022247364280843358
their:0.00756841809290857
disorder:0.15323820839541813
activities:0.021131646524272307
article:0.004051664401583005
intense:0.029756400522052032
by:0.01980870949634332
todd:0.05089510211414669
sometimes:0.01752253162158925
psychological:0.02743195787915721
include:0.016807616366223008
