know:0.07258088974460598
ml:0.3620129969651233
anyone:0.09840674997890536
m:0.08051851247741601
bottle:0.3577588404016159
a:0.008214730152037619
250:0.2688294614092521
of:0.03431304451160094
subject:0.0015704092289422528
cost:0.39070677698245654
the:0.004433841235229724
magnus.acs.ohio-state.edu:0.2706678463212583
does:0.07167581260808972
james:0.20350551574335454
