root:0.0377459127924178
some:0.004372797285143649
health:0.015604294382969107
mark:0.011249527956150526
there:0.0034373744778170316
stopped:0.016874765254006423
increased:0.018174785826750178
form:0.012784198219033318
became:0.016200926988975
own:0.00848872897208987
with:0.002190364707076956
active:0.016733415710999504
though:0.009309154313148613
someone:0.008252652114842772
such:0.007202311623474901
ground:0.014520425705608018
to:0.005677974067789939
remember:0.010421812870866038
amendment:0.017116482561637777
indicates:0.018411410926456286
legal:0.01415473855368324
might:0.007966610995799423
make:0.006592061735392149
that:0.010394146080433762
think:0.010784629419689553
like:0.013085832174254755
nt:0.0026744515045784216
its:0.007744661258554945
re:0.0014005262276335975
so:0.015308023930860226
file:0.011380096938046477
quantities:0.02199553741186858
this:0.01376358452659151
amount:0.013926655474257784
illegal:0.04617706882722795
something:0.01491132072781665
you:0.002081644155088846
market:0.014647397809262256
etc:0.008697842649656312
why:0.006665627641026241
more:0.0047618690105645164
a:0.0031382115187559437
how:0.004926453173142787
beer:0.03994187937081785
was:0.013265335342342855
as:0.002996682248003814
old:0.00991727746195627
red:0.013530408070945885
odd:0.018200351238998866
also:0.005556169032507739
stuff:0.010949125665444277
act:0.013976153794076233
democrats:0.022866781963436944
mind:0.011347025479438716
product:0.044841549693781554
are:0.004815815592518543
no:0.00843255233095513
it:0.007704616398651055
not:0.006774269759280504
couple:0.011820193987470107
have:0.0019147963039237935
made:0.008710035774973788
only:0.0049945177463269165
suddenly:0.018252011621516975
money:0.01161130998774955
robert:0.011967835314448328
foods:0.02054828305554847
be:0.008666086249250507
which:0.009677096123726725
found:0.010016930731299615
writes:0.0024766381686051023
were:0.011620249419268158
things:0.008369760030487826
if:0.002509926665780559
of:0.0021847256805139176
even:0.006288986695752905
congress:0.01635444513329409
available:0.010116343924397865
what:0.0034473487003619145
but:0.0024916974616120235
powerful:0.01723353328637225
never:0.008254454048171761
huge:0.0160970897304924
smoking:0.022445516107906273
again:0.009145577296284712
seems:0.008825794342251229
fact:0.008982273889995653
order:0.010503059404990607
they:0.01048224297199712
good:0.01820235788044381
called:0.010045896988227467
one:0.0036828123886727434
in:0.007985604579527662
u.s:0.013212518355800368
or:0.0025255110775396455
and:0.0021449292948920776
still:0.0152937009904835
for:0.0012185350670864195
known:0.012198235009986359
subject:9.998860259182883e-05
i:0.0021449292948920776
special:0.013092551284138661
we:0.005047729983947453
back:0.0078889764796537
possible:0.009651579112226898
assumption:0.017764921253546197
any:0.0038325365778607017
than:0.005358057236777008
the:0.0033876539774788895
do:0.008070987852881985
when:0.009795314178604764
risk:0.016067943137076462
rule:0.014789129469124277
would:0.0069861396711938285
orders:0.018330863341359045
effect:0.012982672114690659
because:0.006609446812339004
maybe:0.01983455492391254
may:0.0069701330615724
an:0.003362914376635718
makes:0.010460591319295784
people:0.005637727116378717
is:0.010062645201897525
levels:0.017174550676004686
applies:0.01783406755631674
days:0.011154504211798399
time:0.011831535355083998
keep:0.009922901064142026
does:0.004563628518118072
food:0.04736493582955501
2:0.007297414052791793
their:0.0056692270358865695
exception:0.018635078472155245
mass:0.01577486374793883
nothing:0.009568749069291792
leaves:0.037327999986212446
under:0.009091098977923743
natural:0.06272821860226487
article:0.0030349546079273446
very:0.006528998096567218
passed:0.016185915672879348
enforcement:0.016929177615665262
before:0.007963274409073575
magnitude:0.021723030466990572
understand:0.011221562782530538
by:0.007418992320727836
s:0.006971194166921554
banned:0.06318643480162839
cup.portal.com:0.040365191807247375
