some:0.007033354669478038
believe:0.013088384821267111
geb:0.062292428530832854
marc:0.02887496623657528
know:0.007432982684688566
way:0.010435980840641828
times:0.016930579165620643
from:0.005099832858013106
shameful:0.03199096933354083
to:0.004981442747316256
most:0.011184310023897819
cases:0.022167383123412
cs.pitt.edu:0.030871093561602038
make:0.010602894478010263
that:0.006269360700623074
think:0.008673180888726238
really:0.01175539604331883
nt:0.012905034067272985
me:0.0065276426530394265
re:0.0022526536311937985
practice:0.024738121114709886
this:0.009487634428399137
treating:0.03453148517076941
ld:0.036637953535105246
he:0.009579115707953225
best:0.014669735421454423
you:0.0033481866831850714
m:0.008245871759735374
why:0.010721220362373534
more:0.0076591507579561804
a:0.003365070182762398
how:0.007923873477283882
hard:0.016290562666117527
quick:0.024453465181875276
ns1.cc.lehigh.edu:0.06492473622009066
also:0.00893672970891305
are:0.007745920260255729
no:0.006781600820376566
culture:0.028500678398581263
exclusively:0.033789119867010685
it:0.01032697077530036
not:0.003631988003469668
ve:0.010994781319442376
gordon:0.05405438708251833
buck:0.033877064441836906
bb:0.033966311946566664
doing:0.016148812681718767
has:0.006414304059557537
feel:0.01835106436292878
call:0.01600575962649824
usually:0.01986596832642538
cadre.dsl.pitt.edu:0.03282320028824454
be:0.0034847063682980203
writes:0.00398350837962387
of:0.0035139864861278066
trying:0.016242941102821665
seen:0.015617258377243091
what:0.011089663891525678
treat:0.029071208227145234
dr:0.0708224928633705
years:0.013432382066146949
saying:0.01817201915038819
banks:0.056857065338768366
pattern:0.031375731411393964
they:0.011239995475996913
who:0.007789475145987038
now:0.019902583106966798
called:0.016158159613594784
surrender:0.029441405692287786
in:0.00214071929993362
point:0.013262264826867836
accurate:0.026942544424056445
accuse:0.03585108496632775
and:0.0034499766369649686
for:0.0019599329091088795
subject:0.00016082504151818252
i:0.0034499766369649686
we:0.008118939191048013
developed:0.025525893591717082
any:0.006164381122221731
intellect:0.0315537964851382
unfortunately:0.022180078800156367
the:0.0027244084698399506
do:0.017308865515819196
would:0.01123674272414911
can:0.005208228870106708
n3jxp:0.03267626382364117
many:0.011163861611916227
patients:0.029657346245138
lab:0.05192422787703028
n:0.06616293064706749
is:0.011329568603823175
tests:0.05671448151169604
match:0.028836473476944124
quack:0.0772182313016372
experience:0.019953149245753903
chastity:0.03246236811004533
too:0.011762155830509016
him:0.014436839176887397
almost:0.018204776688340772
article:0.0048815233754012114
very:0.01050146079387619
lyme:0.1266847058758702
comes:0.018217929742442844
fit:0.024490651080110705
devoted:0.03453148517076941
skepticism:0.03199096933354083
s:0.0074751359139279315
