school:0.01894023164477138
read:0.011807307614051675
out:0.006136339057710728
geb:0.0538569955006159
know:0.006426432946136988
migraine:0.06820066183871566
anyway:0.015877676154398612
where:0.01924434164826835
wonder:0.019220665144879835
with:0.009137927762336677
shameful:0.02765885890295717
often:0.01618396035561826
to:0.0057424965003784615
sound:0.017974912964210575
most:0.029009304124484967
cs.pitt.edu:0.026690632975135093
enough:0.02533488048893121
family:0.020523265984998262
that:0.0054203847724137
like:0.006065828455774339
nt:0.007438318247108734
population:0.02055180486918902
could:0.007859943517323215
affect:0.025528426978706917
anything:0.01208979765791356
re:0.0019476067853029715
so:0.005321930194713125
had:0.007991710862927787
this:0.0027342835331844737
getting:0.014126049855336907
something:0.031104083080680044
management:0.023593200122287737
on:0.002640670964787968
rarely:0.026690632975135093
you:0.002894786403170426
medical:0.020953216000878495
am:0.008512168524486278
them:0.022904049555191264
3:0.012195135128320935
more:0.00662197409281628
a:0.0014546917977566614
learn:0.05953147157378487
daily:0.023221902811103874
are:0.013393987116692197
those:0.009666227366081042
month:0.02069689317389197
care:0.03297934313826976
it:0.003571410726458041
ones:0.017669947814462794
should:0.017112626481598746
have:0.007988290830432076
only:0.006945501240985867
interesting:0.017020961260007357
gordon:0.04673452216509397
hope:0.015044070508541903
absolutely:0.020846139297643927
cadre.dsl.pitt.edu:0.02837839191587809
be:0.003012819047590996
which:0.006728605898528738
writes:0.0034440749532164703
get:0.01369139557594919
spend:0.021354672993289324
of:0.00810169106523911
seen:0.013502421305324754
what:0.004793969286440787
but:0.00693003356510844
tend:0.022185437988225698
banks:0.04915767107414348
they:0.009717912755288997
who:0.013469300773269252
surrender:0.025454548671457147
in:0.005552490684202827
office:0.019014259963782087
weeks:0.01896127544444328
and:0.00497132050118216
seriously:0.02019246699686115
subject:0.00013904665047926196
i:0.003977056400945728
we:0.007019499508926927
intellect:0.0272808865444424
unfortunately:0.03835305292527038
the:0.003925796927026318
do:0.01122371748291401
interest:0.03804984371529047
can:0.004502947877279757
meant:0.021206558746828214
agree:0.015711224890439787
physician:0.05742049023161148
maybe:0.013791213970532937
jim:0.01763713930702536
n3jxp:0.028251353097523097
about:0.01026058521168616
15:0.017405264229065853
is:0.005597346393555498
living:0.019187526114734895
done:0.01379512266364947
patient:0.026202687745565702
time:0.008226614426581841
hospital:0.025874495204791046
does:0.006346295908007943
their:0.00788376884677976
primary:0.04793076445272282
history:0.017296914605994168
1:0.01020064527044119
chastity:0.028066422428476692
too:0.02033872779025517
activities:0.022012131796116986
supposed:0.019003619851126877
article:0.004220483751648963
physicians:0.030787889426024513
sometimes:0.03650527421164427
skepticism:0.02765885890295717
giving:0.0197571195171306
