tv:0.020369145463718617
another:0.0119220716687558
read:0.04875275401931015
all:0.0051293969389585555
take:0.011428758765245718
saw:0.018265487006104596
where:0.01986512686272862
sector:0.0286679618064741
motorola:0.0262004682954034
ca:0.01105671288221678
such:0.010338802169181713
themselves:0.017400269980230202
my:0.020434715297425837
to:0.004445803742228486
then:0.008580001880515071
next:0.014399892600802018
she:0.03564669338600519
that:0.00373015726273631
13:0.02117063738960464
like:0.00626150034144448
really:0.010491374963392076
nt:0.01919565999253867
months:0.018256959892364626
could:0.016226980164796317
need:0.010329042965038905
expert:0.054819013700621325
so:0.005493605362284517
had:0.008249507987538362
this:0.002822486227803328
something:0.010702480199803887
on:0.005451707798271935
medical:0.021629126194455225
used:0.01061539520611218
machine:0.017488168571636275
detected:0.03188751288759617
etc:0.012485612835796966
concerned:0.06493531036383594
communications:0.022683241378138146
why:0.009568400968569929
a:0.0067572780282890085
was:0.014281631195183638
private:0.01908430711652985
wife:0.08690283929341872
reason:0.014366730774239398
it:0.0018433087620428601
not:0.0032414516590105642
should:0.026496970036023863
couple:0.01696769782072322
have:0.002748659210471252
systems:0.016131274840229092
bank:0.051201032661683556
able:0.014179920570487468
second:0.014783310627162724
has:0.005724593945626619
be:0.012440027035214438
asked:0.01813064999321737
showing:0.02308615224530007
were:0.01668068061798171
things:0.012014655527635752
if:0.018014796230199175
opinion:0.017791997659073598
but:0.003576791517475324
ok:0.01754757629306953
using:0.011851723541101726
they:0.015047090717866833
find:0.01137874590146984
one:0.005286617783739906
in:0.002865801643459524
pictures:0.05000154356592283
visit:0.026390464889195386
office:0.03925524637684044
or:0.007250660835517047
thoughts:0.02308615224530007
use:0.008939674880362087
weeks:0.01957292949103823
and:0.0020526742714558595
for:0.0017491874350111507
subject:0.00014353202630117365
doug:0.04646924177052459
i:0.0010263371357279298
special:0.01879414619819905
we:0.03622967488478414
back:0.011324498494986762
any:0.011003088884825886
will:0.006093039488727336
the:0.0044576790913331095
do:0.011585772885588656
see:0.028538480022760902
when:0.0070305077572243874
would:0.005014245409163312
her:0.035552782848706756
an:0.019309637388424446
about:0.005295785915708987
doctor:0.07104872731609416
different:0.013587187623716386
qualified:0.030997650315136096
is:0.0014444764886594834
division:0.02130412589312007
illinois:0.02590978431007934
hear:0.017815492280961333
chicago:0.022702685681741306
show:0.01618316489104749
very:0.00937227146120133
everything:0.016611088623243297
s:0.003335678929333432
