some:0.023350737502667085
obvious:0.07693296627804024
health:0.08332693200505503
own:0.045329812710959906
response:0.07023197105254685
my:0.019004285226606025
to:0.008269194960544984
happens:0.07472155029557558
re:0.0074788100555634104
expression:0.10972783151662883
you:0.011115979788174437
american:0.06454070434776432
e.g:0.08118550440382592
burn:0.09746574205890066
other:0.027586159756638216
also:0.02966994263359133
stress:0.11217987795847548
are:0.05143291052809804
no:0.022514914723650196
those:0.037118313085751205
have:0.010225012262953057
made:0.04651159103836003
heat:0.09140201687914573
whose:0.07485562901001938
connection:0.08611532271004993
foods:0.10972783151662883
salt:0.11105281922745285
what:0.018408842059932623
conditions:0.09069665410239657
they:0.018658392490154874
in:0.0035535940378898095
shock:0.11822549539593415
and:0.0038179741449078986
subject:0.000533939137840366
when:0.05230697771374944
risk:0.08580281635198832
here:0.03600801811246792
expressed:0.08219518251246574
is:0.010746905075626556
temperature:0.10359322616817933
yeast:0.11431932034951883
opinions:0.05711220311040084
high:0.055946476512830426
