some:0.005455779790342776
read:0.010593472251859446
believe:0.010152672337992245
large:0.013990813644334464
correct:0.015290735701782469
geb:0.02416014751429498
say:0.008867032590035248
marc:0.022398338295661194
know:0.005765771615225709
case:0.011549584613582969
way:0.008095200091338987
beautiful:0.023988645800040644
odds:0.027021763513900062
times:0.013133066081743115
from:0.007911890228319398
both:0.010493944309851578
to:0.0032200914955393244
most:0.008675679738163728
cases:0.017195259806011175
cs.pitt.edu:0.02394673612722401
latter:0.021703754071286014
make:0.008224675155839736
that:0.009726297909377854
think:0.006727794521161473
really:0.009118671697153859
nt:0.010010446986763157
could:0.0070519119407759685
me:0.005063498506563293
re:0.0017473855270007967
practice:0.019189383668419817
this:0.007359566893057275
treating:0.026786105319381876
ld:0.028420094798259205
he:0.0074305290071039025
best:0.011379327476455299
you:0.005194383078586185
books:0.01705952295815963
am:0.007637085778978343
state:0.012419221434301944
m:0.006396330430448935
why:0.008316460654925263
more:0.005941210401031429
a:0.003915432128541295
how:0.006146556061818338
hard:0.012636604684932285
same:0.009075202572563609
false:0.03913185599720729
quick:0.01896857579528643
test:0.01670981240177416
ns1.cc.lehigh.edu:0.05036217856324789
also:0.006932229587287693
watson.ibm.com:0.05453988053540712
are:0.009012776377587274
no:0.005260494094310794
culture:0.02210800286992752
those:0.008672503057418504
exclusively:0.026210251859456885
it:0.004806384529065027
not:0.002817336488672733
have:0.0023890215567647327
being:0.009092541728622188
ve:0.01705732428997602
gordon:0.020965019289014116
buck:0.026278470548340774
bb:0.026347699921168533
doing:0.012526649089557548
arguing:0.023864027823021203
has:0.004975581653675472
feel:0.014234937776851296
call:0.012415682700928538
usually:0.015410050197133705
be:0.0027030899866236973
writes:0.006180022345958526
get:0.006141934463977206
of:0.0036344034685184792
trying:0.012599664593777551
seen:0.01211432191879604
what:0.008602262644828329
treat:0.02255056339115004
dr:0.05493707390336216
result:0.016518700752390196
years:0.010419511322338286
saying:0.014096052238151583
banks:0.02205203936036343
york:0.017584893492642254
pattern:0.02433818417893176
they:0.008718874995399473
who:0.006042303150625459
now:0.015438452316619104
called:0.012533899513349222
chance:0.016799334243049552
in:0.0049816738848922565
point:0.010287551220841405
accurate:0.041798713779377286
accuse:0.027809720114067318
and:0.0035682001354279424
for:0.0015203217893087569
subject:0.0001247521350094313
i:0.004460250169284928
we:0.012595737436579157
developed:0.019800459515070257
any:0.004781716197611249
unfortunately:0.017205107854326898
the:0.0038744313597568144
do:0.013426503157130778
would:0.008716351832751178
can:0.004040028002045389
ralph:0.051766685133802455
many:0.008659817885878942
patients:0.023005231199499567
lab:0.060416508137292234
n:0.05132264713744488
general:0.01377771197704463
is:0.0075328773894578665
number:0.011692826394382046
tests:0.08798695262562188
match:0.02236847942604077
quack:0.059898254187251275
new:0.008056072733100685
experience:0.015477676517734334
him:0.011198669641884615
almost:0.014121462290955924
article:0.007573204488940196
very:0.0081459929522591
lyme:0.13102592632644516
comes:0.014131665127315474
by:0.004628203153351243
fit:0.018997420931300826
devoted:0.026786105319381876
s:0.005798469914542227
