school:0.056820694934314145
some:0.01824276367395866
know:0.019279298838410966
differences:0.0715689095877523
to:0.008613744750567693
t:0.040254266484381906
been:0.022925631050334988
r:0.09688186771028531
bit:0.04257944059462031
me:0.01693107313132101
re:0.005842820355908915
anyone:0.026139292963146737
ti:0.05919782900393223
recently:0.05170799319668264
on:0.023766038683091715
etc:0.03628631230403493
none:0.05660172238158272
ns:0.09467048075941831
a:0.006546113089904977
science:0.0528380035338643
computer:0.04188598289320805
couple:0.04931237179147685
have:0.023964872491296228
university:0.03672406408747896
postings:0.07197903812017319
writes:0.010332224859649412
of:0.015190670747323332
seen:0.08101452783194853
but:0.01039505034766266
years:0.03484024098406865
called:0.041910226497761466
one:0.015364232933994101
and:0.0029827923007092957
for:0.005083575983001156
subject:0.0004171399514377859
i:0.0059655846014185915
the:0.0011777390781078953
can:0.013508843631839271
effect:0.05416208522847509
an:0.014029658415027136
number:0.03909788825621497
switched:0.08513517574763428
does:0.01903888772402383
request:0.060942203553036436
side:0.05031818872767489
james:0.16216845785798564
