health:0.042952026806729396
mark:0.03096519550816691
say:0.019562319322345808
there:0.00946163902656853
know:0.01272036212018868
true:0.026631760743895325
own:0.023365882840700982
your:0.01298899198125013
with:0.00602914821432523
though:0.025624167026914224
such:0.019824919623379365
name:0.028476623771445886
to:0.007104119381911499
amendment:0.047114441690281304
that:0.003576336344685328
think:0.02968552634079495
like:0.012006588283594568
re:0.003855056729671861
this:0.016236570258909868
acsu.buffalo.edu:0.05592020406932407
amount:0.03833419599615286
illegal:0.12710595233886457
something:0.020522281620242503
you:0.00572988648874971
etc:0.023941484406785934
was:0.01825693060002857
mind:0.03123356497948595
no:0.011605626146211441
it:0.0070691841183499375
not:0.006215567098721287
have:0.005270624877810854
robert:0.032942392051110346
foods:0.113121475790339
be:0.005963518114819292
which:0.01331847765481977
writes:0.013634276103454893
even:0.01731092214191779
congress:0.045016874748345585
what:0.01897818769065219
smoking:0.1235660371301232
eh:0.051374103073807846
called:0.027652108204708595
in:0.00915874752033456
and:0.0019680279097463393
for:0.003354111988784268
subject:0.00027522635971152884
i:0.0039360558194926785
we:0.013894267069216185
any:0.010549353260709353
the:0.002331194876254803
do:0.007405339370170069
risk:0.04422825585154037
would:0.009614944805199753
did:0.016947536530339848
may:0.01918583017979207
makes:0.028793586414968805
people:0.01551827979456822
address:0.03291568406117124
about:0.010154805982699706
govt:0.050311915177949744
is:0.01107928358312016
keep:0.027313552413669288
food:0.13037564810815658
their:0.01560498575857437
article:0.016707894439517545
passed:0.04455298437792563
by:0.010210674998115114
cup.portal.com:0.11110831146943351
