train:0.0336523694628645
since:0.012126191656992007
ability:0.024292664639141984
studies:0.025570199371719362
lens:0.037936857357969235
correct:0.019831620849584536
preferably:0.03192963287283424
there:0.016686890646857227
know:0.007478031064595768
thanks:0.012081131181310078
where:0.011196707868083404
your:0.007635952861704621
way:0.02099845841874598
method:0.09674904055143173
shape:0.02889652477143761
work:0.012273166448426083
correction:0.032801718810167996
approach:0.02494698578747779
several:0.01708152346707513
to:0.008352722182368672
most:0.011252093721012352
published:0.02484907402855485
been:0.017784731966320477
that:0.0021024522753604656
its:0.012532270036570729
me:0.006567204123663907
this:0.009545135243116709
sight:0.03212003406212745
on:0.006145561518051999
them:0.008883994978983277
rk:0.04181006923245207
a:0.002539098410629809
how:0.007971896952903785
vision:0.02889652477143761
idea:0.016802280577337916
daily:0.027021850543829964
authorized:0.033735965354575626
works:0.05409319988274073
book:0.018846657640507112
d:0.011041480135618396
it:0.010389558476968848
have:0.0030984885645312294
whether:0.017317930817465604
has:0.012906357259230922
heard:0.01637968096618106
be:0.0035058258008331595
if:0.008123035391071627
of:0.005892138956537535
even:0.0101767239258547
but:0.004032019528790365
result:0.02142425430916062
years:0.013513790442305414
seems:0.014281739935642898
order:0.016995859764439347
talks:0.029011239982865
find:0.025653899850586546
in:0.004307386712593709
or:0.004086736107291426
better:0.013552823462432745
and:0.002313923724186605
for:0.00985905645188103
subject:0.00016179973873950483
exercise:0.03024890993091767
i:0.00462784744837321
back:0.01276579830343962
improve:0.02874687257392021
ago:0.017340398335543298
any:0.01860522302343286
actually:0.029628050025467693
reverse:0.0303926464558711
the:0.005938660078701629
got:0.013406992858367115
would:0.005652422097602279
can:0.005239793893561899
increasing:0.0308979895403502
simple:0.019995082163371154
just:0.0071175064452477935
newsgroup:0.023297962670147575
about:0.011939590064507535
hold:0.02102897341178194
previously:0.028821236771446355
is:0.006513275803410034
logical:0.028529102821034977
length:0.02801663380268308
itself:0.02038215660966291
recent:0.02301875811203043
right:0.011756809659335149
study:0.022456808172332112
does:0.0073847806929546985
first:0.011379120178127523
somehow:0.025770384375819248
improvement:0.0308979895403502
changing:0.025954053160639427
process:0.021918568080203437
by:0.030013196206580793
s:0.007520439767951737
