british:0.05307863499680886
access:0.03990924842879197
with:0.013924461352132078
from:0.010078241124168757
via:0.0406932306978053
to:0.0049221398574672524
appreciate:0.045704920659696356
mail:0.03647994648614114
genetic:0.07037231868805603
been:0.017467147466921896
she:0.03946598196307717
that:0.004129816969458057
me:0.012899865242911245
anything:0.027633823218088136
this:0.006249790932993083
generation:0.05522730613624092
something:0.023698349013851462
apparently:0.04510310781251979
a:0.0033250098234437974
old:0.06304554957957914
serving:0.06766925379954
fisher:0.07160070245276116
daughter:0.06578109867838955
internet:0.03400635646565007
it:0.0040816122588091894
ken:0.049119913108509654
ftp:0.04515913032486994
has:0.012675886593887511
public:0.03528267378643564
if:0.007977981187659635
available:0.03215552175969321
central:0.05452869301923985
island:0.061113930966770216
vancouver:0.05869577996172596
please:0.022802563772681604
direction:0.05259702839332893
called:0.031931601141151594
in:0.002115234546362982
star:0.10930540415415245
according:0.040946740530788305
point:0.02620876144357215
or:0.008027517353608158
and:0.004545207315366545
usenet:0.04862141224575895
fourth:0.05745024482983463
holocaust:0.059510872810267165
info:0.0350642316594333
any:0.012181991265342943
information:0.02903358672004482
the:0.002691975035675189
canada:0.04429294753579341
would:0.011102971977433047
her:0.03936200958249676
home:0.03487336966501605
sp:0.05618019551330684
friend:0.04134761213920007
an:0.010689263554306388
about:0.011726383099069898
columbia:0.06486489580772135
eye:0.054652702077076225
is:0.006396967306920569
right:0.023093733259408326
gt:0.06516253035778585
wanted:0.0362519046374536
every:0.028954149130207094
disease:0.05416423306900644
diagnosed:0.06748468015030232
condition:0.04521541772005977
close:0.041368014478220715
604:0.1453673996247063
s:0.01477229240133377
sco:0.0766893216768914
