some:0.008107894966203847
ask:0.020240017946919216
there:0.006373465177619079
know:0.01713715452303197
philosopher:0.0422354186585241
where:0.012829561098845567
stand:0.02734540662823932
your:0.008749529320703211
alot:0.03516650631534377
learning:0.034499326939721395
to:0.004785413750315385
nye:0.08415153845281627
pointing:0.035525781832004805
been:0.010189169355704438
that:0.0024090598988505334
quite:0.03689165808485279
really:0.013551359327714762
nt:0.0049588788314058226
re:0.0025968090470706285
this:0.007291422755158597
reply:0.024938864717744057
he:0.011042591718890523
md:0.034769572885899686
these:0.011504416479853768
you:0.00771943040845447
medical:0.027937621334504663
support:0.019020529927316013
seeing:0.027835344899016855
particularly:0.027896529827365152
more:0.008829298790421707
a:0.003879178127351097
as:0.01111269666968081
local:0.021224885082749667
doctors:0.03403790263827589
evidence:0.022345194684118587
learn:0.026458431810571052
wi:0.04091567141624725
helpful:0.03225419007816116
clinic:0.039694208454694034
are:0.013393987116692197
seizures:0.08547529095009855
it:0.004761880968610722
not:0.016747500238221247
absurd:0.03603569480807992
have:0.007100702960384067
nyeda:0.08732989362543915
after:0.01339731727545105
types:0.02845067508320055
strongly:0.032409379652411134
his:0.01280853501045317
be:0.012051276190363985
which:0.00897147453137165
structure:0.031990683608965856
understood:0.06657283882321521
if:0.0046538223594681195
of:0.004050845532619555
what:0.006391959048587716
but:0.00462002237673896
released:0.03003921879205781
particular:0.02354896838947088
well:0.023373165418796454
must:0.01609347519082984
they:0.006478608503525997
now:0.04588651105217345
david:0.034672850546451306
called:0.018626767332338427
become:0.023001547047188525
or:0.004682718456271426
recommend:0.0304706894941898
and:0.0013256854669819091
still:0.028357070586521486
for:0.006778101310668208
subject:0.00018539553397234928
i:0.0026513709339638183
group:0.01872997176949059
we:0.009359332678569235
cnsvax.uwec.edu:0.0808020654414706
body:0.02465056335885105
community:0.028253811506782113
the:0.0010468791805403512
do:0.00997663776259023
may:0.012923788384998825
many:0.012869451580403425
about:0.02052117042337232
doctor:0.030590424261096094
is:0.00932891065592583
tests:0.09806879094730772
having:0.018172856891808063
new:0.011972219200580185
right:0.013471344401321524
time:0.010968819235442455
type:0.02250355909952567
whoever:0.034993606651304
wishes:0.03623699714747751
although:0.021942635116352485
by:0.013756048261349529
