some:0.007162802914928553
go:0.023870334377842053
ask:0.017880752051266057
there:0.005630545923786181
thanx:0.02977096819473802
british:0.027353406992220518
access:0.020566729251647396
with:0.0035878980171137873
into:0.01098652701216188
from:0.0051936948124550655
work:0.02484751489558655
my:0.011659070691169341
to:0.004227604785554695
been:0.009001474768229689
that:0.0063847477073830095
indeed:0.022627253426408683
movement:0.028879153162397368
talking:0.019998105400995513
me:0.006647783315365305
this:0.006441502311305755
best:0.014939730551910639
certain:0.02022279136049392
unix:0.02431022954675051
am:0.040106413661383206
jc:0.07582256142811518
3:0.014364821746243065
sure:0.013386773129811064
a:0.0025702529923553284
hard:0.016590388972855884
was:0.010864553792655038
commercial:0.025560408590507677
old:0.01624486553584248
question:0.026785105317142385
no:0.006906415559401901
it:0.006310222633251018
not:0.007397668816883005
have:0.0031365068291267046
term:0.023912145974935326
left:0.01794113609509547
60:0.024979504781539985
able:0.016180768258347664
feel:0.018688814013780232
public:0.01818248219669076
heard:0.0165806586467477
down:0.014505310288056183
if:0.004111352268487174
of:0.002385774056021333
cheers:0.026712654456222985
years:0.013679603821965603
island:0.0314942957129368
vancouver:0.030248132004815832
they:0.0057234332791886115
up:0.008242088161671072
one:0.006032582256292163
or:0.008273760217215771
cross:0.02810067615715428
better:0.013719115774855234
weeks:0.022334753897749145
and:0.014053892557943187
usenet:0.025056433304562895
still:0.02505164518073064
however:0.02941225649321366
i:0.012882734844781252
group:0.016546723526421135
back:0.03876730159633505
fell:0.030716677886929788
ago:0.03510632791858459
any:0.006277835989501886
ways:0.02189164651091469
the:0.004161826435522378
users:0.0242251384555594
do:0.008813716796398733
thing:0.01388915604371139
when:0.008022542594133349
hello:0.023737980310747066
would:0.005721776969965497
conference:0.02673805809221091
effect:0.021266094813634392
home:0.017971552465407048
arm:0.030716677886929788
long:0.014603136473058803
here:0.01104540432897789
about:0.01812913215316328
doctor:0.027024669285876303
columbia:0.03342730826900978
hold:0.021286997625423437
is:0.004944894973447802
move:0.0216983135924725
broken:0.027553633552423108
right:0.011901064992578526
broke:0.0615311247266102
hear:0.020329334750054034
told:0.01901975317011736
nothing:0.01567396319939208
very:0.010694739213395383
opinions:0.017519080708711915
604:0.07491326115629036
john:0.016450787727495985
s:0.0038063575512639163
