there:0.017995666383865634
k:0.07428747169120907
know:0.01209681495743433
wave:0.04826587722247949
anyway:0.029887390408279743
case:0.04846296288836776
where:0.01811232155131139
way:0.016984047250456307
former:0.039126450223005475
though:0.02436808040794784
from:0.016599455969219128
to:0.00405352694144362
hudson:0.05484907020070268
alice:0.0619288223324007
latter:0.04553532716916869
that:0.006802051479107388
bit:0.026716511745644114
through:0.023230032294361047
need:0.018835313642129765
re:0.0036660833605702994
getting:0.026590211492398885
he:0.03117908250039677
nelson:0.05206373440556644
them:0.014371168348355303
seeing:0.039296957504494384
a:0.0027382433840125392
part:0.024011981494247815
standard:0.029843573926100358
no:0.022073445807500192
model:0.035872073642975975
taylor:0.053179017595337594
it:0.010083983227646235
only:0.013073884688914574
whether:0.028014299851782592
between:0.022773194569082406
danger:0.048053509606977726
uses:0.03348034441016114
writes:0.006482964617819238
get:0.012886019365599239
if:0.013140204309086457
of:0.009531401253222483
variety:0.04580996477924393
highly:0.04094778151380981
aids:0.1591848118728741
in:0.003483915723421382
system:0.02191394440433848
or:0.006610896644147895
use:0.03260352015190879
and:0.0037431119067724496
subject:0.0002617348714903755
we:0.013213175546215391
any:0.01003222810087066
the:0.007389735392049539
trace:0.05378815270422982
wants:0.0345150506136642
friend:0.03405097470287065
an:0.00880292292707585
many:0.018168637525275425
disclaimers:0.05353993890046226
is:0.007902136085019527
light:0.06847479776090772
leaves:0.048855764687836874
understand:0.029374090813094642
mine:0.03201214749803908
unlikely:0.04674437830673731
apply:0.039211333191075226
s:0.012165417271686633
