another:0.010977749160339499
since:0.009905057541602383
simply:0.015141798712294006
week:0.01706850893270091
out:0.011665119792875841
effects:0.02129622206615152
depression:0.03157111138475894
with:0.005790370067223241
much:0.008649489453266986
though:0.012304674265399404
someone:0.010908208488430791
mentioned:0.017401800093028903
gain:0.02270101500244184
feb:0.02755660536388603
lbs:0.030224904872463685
prevent:0.01991592808004293
my:0.0235201549834233
to:0.0047759376834830775
look:0.011738457050870845
attacks:0.02275285312059677
then:0.007900397771167342
ds:0.03241219572533022
appreciate:0.01900600661096284
been:0.007263566273373462
ran:0.0224742351210988
considering:0.01982856413542125
bit:0.01349051583195891
really:0.009660374966291713
nt:0.0035350423352595965
and/or:0.020004861520514703
months:0.01681086405930604
me:0.0107286007960846
severe:0.024945937414790974
this:0.0025989229622347476
chronic:0.028377359100731296
30:0.01694606670482124
he:0.02361583971564706
two:0.009231630854719364
you:0.002751480145587732
tell:0.011930817097140856
used:0.00977457182344983
went:0.03230159668550578
seeing:0.0198430181458338
particularly:0.01988663512445833
m:0.027105241824080636
more:0.00629415359317191
a:0.007604725437777399
same:0.009614323517468378
looked:0.018440609923166755
was:0.0043834709608979484
ears:0.02703501865270867
following:0.013551060757622581
said:0.010849033805264516
worth:0.017401800093028903
also:0.014688090412668975
d:0.00901903080384671
not:0.0029847030127523014
have:0.007592830888331478
ve:0.018070630683439944
foul:0.030720367538587364
whether:0.014145834578622894
suspect:0.019218292390582967
after:0.009550562810222532
allergy:0.06411687695578772
has:0.005271160761814609
his:0.009130836839134933
battery:0.02333268162177208
down:0.011704780083926525
if:0.003317576335462422
of:0.0077006172501282635
but:0.0032934812982693576
dr:0.03880044163471783
victim:0.02645193431777608
sense:0.03253784204319793
up:0.006650793912635567
beginning:0.020049934624440043
now:0.008177794048902199
one:0.004867875781067438
in:0.001759204969252381
or:0.013352702132734363
and:0.007560344841401779
for:0.0032212758704165743
subject:0.00013216315293078365
al:0.018861456340209068
gained:0.02880073619695982
p:0.0166640001961948
i:0.011340517262102669
linked:0.02907330935133124
experienced:0.02528169284221058
any:0.010131557091968389
than:0.0070821845654428775
the:0.002612015381150184
do:0.0035560293015173103
see:0.008759335452530576
drugs:0.02147410329994391
can:0.004280029665533235
oct:0.03046644033864899
did:0.008138173482390917
may:0.009212997660593221
wants:0.01742839189402846
last:0.021585767842173247
an:0.004445040289909588
just:0.005813804769633099
sinus:0.0317282831585935
about:0.009752635448731402
doctor:0.02180703511682098
nose:0.0252384568027613
weight:0.02200464208417465
tests:0.023303475076587976
et:0.02252374048414129
lack:0.01920554979654746
gave:0.018375613430880653
suffering:0.023274439831774123
sheet:0.02578401690243266
light:0.01728819151389254
smell:0.08808530787761712
taste:0.07651117604393895
little:0.011610587633160713
side:0.015942396428570264
before:0.010525714194171507
resulted:0.027354516282102587
differently:0.02578401690243266
s:0.003071466736910982
