effects:0.08116673315778503
fewer:0.10376028265410092
know:0.023280662748269846
differences:0.08642283421917259
produces:0.09940357403806888
much:0.0329659786709421
my:0.01792857096849625
to:0.005200751547512569
remember:0.05250234031172136
that:0.013090740582433086
nt:0.013473180221178084
me:0.020445069441595184
re:0.007055481184493784
he:0.0300025133494384
two:0.03518470627647757
m:0.02582669268143532
a:0.005269826889986396
as:0.015096493589000348
said:0.04134914771063079
those:0.0350172764959917
it:0.006468970372452301
not:0.011375660539169148
have:0.009646237983917979
between:0.08765531494514738
able:0.049763494832276774
asked:0.06362831884412133
comparison:0.08805567301787176
what:0.01736683213201191
fact:0.04525032318167621
in:0.006704894411112848
and:0.007203724801713016
subject:0.0005037161677739301
i:0.007203724801713016
the:0.0014221754905453829
do:0.013553168281254654
drugs:0.08184469559601264
myself:0.06288381249052609
here:0.0339698284079886
about:0.018585210949469275
doctor:0.08311360553958183
n:0.06907576407178116
is:0.005069294846993659
questions:0.05705993089142475
request:0.07359058542253456
told:0.058494712579794904
side:0.06076158638813572
