say:0.051284999304528206
means:0.07661068163347981
to:0.0037248625948400837
building:0.10271533969834194
photography:0.3039779836402663
that:0.009375800687418293
think:0.038912108852123116
re:0.01010650007508569
he:0.042976573176222575
on:0.013702941222683512
books:0.09866859224449084
a:0.0037743354752605273
ph.d:0.16437568342776948
place:0.07349804371125475
it:0.009266362965945189
usually:0.08912839843747604
krillean:0.15923936983620554
of:0.00525515096123618
find:0.0572012631803619
good:0.043784050036743224
in:0.009604308210513
and:0.005159424520145809
subject:0.000721539375459954
outside:0.09742637236436555
i:0.005159424520145809
the:0.004074340594535422
places:0.103103294115955
just:0.03174023144502395
is:0.007261422348396322
white:0.09186403096812412
little:0.06338753248374228
black:0.09539330692551183
john:0.14494477835577546
