another:0.013439426244779265
read:0.054957649985404165
at:0.005339181893663218
where:0.022393415736166808
stand:0.02386508214828159
your:0.007635952861704621
with:0.0035444083441790748
themselves:0.019614849795895863
my:0.01151774862218547
to:0.005011633309421203
respect:0.024771867811721946
areas:0.02494698578747779
next:0.016232606204540458
been:0.008892365983160238
she:0.04018354527149676
that:0.006307356826081396
pittsburgh:0.026803426686356043
13:0.02386508214828159
nt:0.004327748798317809
could:0.009146116092885197
its:0.012532270036570729
need:0.011643648433316584
re:0.002266306077443458
had:0.009299445367770515
this:0.006363423495411139
internal:0.024015560097698986
on:0.0030727807590259994
regard:0.02782319378469335
kenneth:0.05958602081653125
used:0.011966445505071912
machine:0.019713935480753616
am:0.009905068828493124
bill:0.018760690155707378
sure:0.013224509213086082
a:0.003385464547506412
was:0.010732862231531947
as:0.009698353457175981
wife:0.04898160032901782
also:0.008990891707148887
stuff:0.01771767607680983
experts:0.029369018962163138
are:0.0077928652315300065
those:0.011247973662348849
it:0.004155823390787539
not:0.010962000155926634
deleted:0.021293209072717194
pitt.edu:0.02992621590353093
university:0.014244485464234263
suspect:0.04705569773209405
allowed:0.023223231685556796
suit:0.03218485399616834
has:0.012906357259230922
be:0.0035058258008331595
asked:0.020438187265081398
considered:0.020865714892195224
writes:0.004007650854651893
were:0.018803676332997565
if:0.01218455308660744
of:0.0035352833739225207
but:0.004032019528790365
ok:0.019780904184914738
least:0.014591893228524135
fact:0.014534952294720238
they:0.022616233321399847
good:0.009818241523390904
one:0.005959460047124984
in:0.006461080068890563
pictures:0.028182688191701957
visit:0.029749251329638435
office:0.04425136864298377
or:0.004086736107291426
use:0.03023235504995178
weeks:0.022064029608079457
and:0.00462784744837321
for:0.001971811290376206
subject:0.00016179973873950483
i:0.003470885586279908
we:0.008168144883114969
medicine:0.05371459818989082
the:0.004111380054485744
do:0.0043534419327666465
see:0.010723550069158642
when:0.0079252996535984
her:0.0400776824839967
an:0.010883613800748324
ready:0.025548359326244826
gilbert:0.07459661755644965
many:0.022463042758522345
doctor:0.08009129261086977
frequently:0.028284549514831534
general:0.017869274927803342
qualified:0.03494280580978978
is:0.003256637901705017
hear:0.020082918571265502
article:0.004911108365555157
very:0.010565106010808772
dammit:0.035368286165385225
thus:0.02019003074470488
by:0.006002639241316158
everything:0.018725227175292444
s:0.0037602198839758686
