some:0.023119542081848597
go:0.009630852731654095
there:0.004543460324639344
all:0.004723108072506392
your:0.006237288228620112
with:0.0028951850336116206
way:0.008576103067062095
into:0.008865365856348447
work:0.020050222415745583
my:0.00940806199336932
to:0.0047759376834830775
besides:0.020049934624440043
cases:0.018216760388546496
been:0.007263566273373462
make:0.00871326971955299
that:0.00515204889259124
r:0.015347622607569951
indeed:0.01825862528962681
like:0.0057655399183597685
movement:0.023303475076587976
talking:0.016137085051298357
nt:0.007070084670519193
me:0.0053643003980423
re:0.0018511906078127255
this:0.005197845924469495
best:0.024110654257043902
something:0.009854758995859024
these:0.008201168183658132
certain:0.01631839104831935
am:0.016181548086152134
them:0.007256728571941787
jc:0.03059177602173954
3:0.011591415567512968
a:0.002074016028484745
hard:0.013387294072155987
same:0.009614323517468378
was:0.008766941921795897
chest:0.028627016791953536
harder:0.024229408475954776
question:0.010806861798748043
demand:0.023451262022873526
are:0.003182729611887255
results:0.01813407796469535
no:0.005572998693972821
taking:0.016866089277978245
pain:0.021915841585725807
it:0.008486520538118119
not:0.0029847030127523014
have:0.005061887258887652
term:0.019295444524329
being:0.009632692722401724
pitt.edu:0.024444681307339622
expect:0.017110005362170236
left:0.014477253383666146
60:0.020156729105896127
able:0.013056758545102323
feel:0.030161155289566116
heard:0.013379442373365715
writes:0.003273576193156249
down:0.011704780083926525
end:0.013387294072155987
of:0.0019251543125320659
but:0.0032934812982693576
years:0.011038492192972245
initially:0.026793483186523363
breath:0.02821765186202723
they:0.004618413982711602
up:0.006650793912635567
one:0.004867875781067438
in:0.001759204969252381
or:0.013352702132734363
better:0.011070375600501996
weeks:0.01802259844224312
and:0.010395474156927447
still:0.02021494140821334
subject:0.00013216315293078365
however:0.01186682625840056
i:0.006615301736226558
tape:0.04108285409622112
back:0.03128252554555749
fell:0.02478623017608691
howard:0.05196020348897469
ago:0.028328373518461823
any:0.0050657785459841944
will:0.00561042249952121
ways:0.017665041491480665
the:0.004477740653400315
do:0.014224117206069241
thing:0.011207586312499785
when:0.006473635855662059
around:0.01171878432254275
would:0.004617077455962258
effect:0.017160264626843592
because:0.008736249004428287
arm:0.02478623017608691
put:0.012314154948251383
an:0.004445040289909588
problem:0.01047309550517616
long:0.011783719035191015
about:0.019505270897462804
doctor:0.04361407023364196
patients:0.024371878597489644
hold:0.017177131747247623
is:0.007980375056158333
move:0.017509035225608996
broken:0.02223387261903449
either:0.012393874787689892
done:0.026224391598224737
patient:0.04981104997176847
right:0.009603334622724256
heavy:0.022187169489166374
does:0.01206424568651015
lot:0.012270066278541538
broke:0.04965135312097754
hear:0.01640436417949905
told:0.015347622607569951
nothing:0.02529560397525652
article:0.004011548912458421
very:0.00862991332566063
opinions:0.01413668393821803
physicians:0.029263736484142114
