british:0.0655677255842933
know:0.018145222436151496
thanks:0.02931450948406122
access:0.04929965982380184
with:0.008600402599846284
treatments:0.08555512811449828
from:0.012449591976914347
to:0.00810705388288724
aka:0.07617148982954362
mail:0.045063463306409646
that:0.005101538609330541
bit:0.04007476761846617
like:0.017127045051598136
more:0.03739467723002135
a:0.004107365076018809
old:0.07787979653948011
serving:0.08359143116413766
fisher:0.0884479265592932
learn:0.0560296203047387
are:0.009454579141194493
internet:0.04200785210462656
ken:0.06067753972227664
second:0.040436702597827445
netcom.com:0.047338752569428516
public:0.04358447938324402
if:0.009855153231814842
available:0.03972152687962103
what:0.027071826558724445
but:0.009783576797800151
result:0.0519853229560515
central:0.06735897372964923
island:0.07549367942953968
vancouver:0.07250655171742619
now:0.02429285879232712
and:0.0028073339300793373
usenet:0.060061744538878706
holocaust:0.07351343111856533
i:0.005614667860158675
any:0.01504834215130599
the:0.004433841235229724
canada:0.054714817544215394
would:0.013715435972123177
home:0.04307886840972571
about:0.014485532063556935
columbia:0.08012722423306756
general:0.043359270045405164
is:0.007902136085019527
gt:0.08049489044197077
first:0.027611100432221192
disease:0.1338175169940159
604:0.17957149365404895
s:0.01824812590752995
sco:0.09473386795380702
