go:0.007812980930900108
at:0.024766084687473964
out:0.004731634936066103
there:0.003685859379827901
know:0.004955321789792376
till:0.020075957092620247
own:0.009102372030313234
cut:0.01470287347712611
with:0.004697408648912027
mary:0.018834573526197804
response:0.01410280543223832
several:0.011319081815531712
name:0.022186606472532136
my:0.01144836459434098
telescope:0.023154871319740214
to:0.006088430024497647
justified:0.020337256664295193
look:0.009522764354521727
us:0.0248177877853614
t:0.010346478132531894
speak:0.014399328572844955
next:0.01075654628011717
badly:0.020995903155340452
she:0.039941475721668465
that:0.005572765067220511
quite:0.010667467398029724
son:0.034274307625499725
advise:0.02406808353739347
me:0.013055285306078853
so:0.00410365701761012
had:0.0061622830750286545
this:0.004216726412621839
finger:0.039964385157152206
off:0.008768905413479319
on:0.0020361800210413248
set:0.010640219213357113
tell:0.009678815476395392
took:0.013555830025769796
went:0.013102254077253347
am:0.006563599826109902
them:0.005886984624627473
came:0.012123400532039946
m:0.0054972478398235824
a:0.002243380121841598
same:0.007799571688869929
baltimore:0.020995903155340452
want:0.015201590102105875
was:0.010668206434956454
as:0.003213309880389632
old:0.010634189085712144
pissed:0.022245121724164107
private:0.014255747484636752
said:0.008801224211499727
local:0.012274632337011855
minutes:0.016004687743122786
science:0.01358085231392496
clinic:0.13773412090303475
emergency:0.06673536517249233
care:0.01271492747499557
not:0.016949277349525116
should:0.006597639125435661
being:0.01562894722831444
charge:0.03306227032075369
doing:0.010765875121145843
open:0.013272934051218323
his:0.014814691096427763
be:0.006969412736596041
asked:0.01354337710336719
get:0.005278610342534627
certainly:0.012352438864480484
were:0.00623013372478835
of:0.0015617717716123584
trying:0.010828627401881107
even:0.013487224480048398
saturday:0.020013204811884983
institute:0.015632360843105646
but:0.0026718201696803623
year:0.009938798057066874
never:0.008851161569726346
again:0.009806703365895654
find:0.008499786095073856
who:0.01038596686131605
in:0.00428143859986724
or:0.0027080781433858844
and:0.0038333073744055207
few:0.009179226911270226
still:0.008199634868391755
subject:0.00010721669434545499
space:0.012279167700855836
foot:0.019354296713553237
i:0.006133291799048832
6:0.011800600933972668
away:0.011120416009332008
we:0.010825252254730681
back:0.03383705574405682
room:0.06406471454327077
angry:0.0428292441446119
will:0.0045514270879649975
turned:0.01577067606391003
the:0.005448816939679901
see:0.007105966913297896
when:0.005251704589733878
would:0.014982323632198811
can:0.003472152580071138
her:0.013278750220601316
because:0.014174476296341476
did:0.019806157149915245
last:0.008755672899837339
an:0.003606016620729866
during:0.011760520119688636
here:0.007230525725395164
doctor:0.15921762988907845
general:0.011841085795532334
is:0.0032370196010923363
write:0.013068971586295233
questions:0.012145286494961893
evening:0.021327312889027214
told:0.037352045382278674
stsci.edu:0.04780144662177033
pm:0.04175670283839084
knife:0.0248174247244634
him:0.009624559451258263
three:0.011720835367359328
going:0.008746247727107158
realize:0.015716912687273647
letter:0.016389755099360866
bothered:0.02235515776508023
trips:0.023154871319740214
s:0.00249171197130931
