above:0.014482212926215666
some:0.006210302527305075
folks:0.019697956650504136
effects:0.02288211094341812
take:0.011307176225189912
where:0.00982689786294554
into:0.009525552675438226
response:0.018678715705464585
such:0.010228814912062758
mentioned:0.01869767882336084
from:0.004503043906543487
to:0.010263185234718952
obviously:0.019584537663967855
experiences:0.02513354569204403
most:0.009875507787058712
ten:0.021414836396584196
that:0.00553571210799697
think:0.0076582341889816765
really:0.010379764591441095
through:0.012603528159706525
nt:0.003798290168736375
anything:0.012347027395315976
re:0.0019890452275434603
articles:0.044807325752124115
nope:0.029048264722591227
so:0.010870325504094894
anyone:0.008898482710858463
had:0.016323494528533353
this:0.019547218449999643
discuss:0.047579386961631595
starting:0.020859159483389452
on:0.005393710906800957
you:0.002956377603237882
serious:0.019132944877869523
formation:0.031238343026430377
etc:0.03705836150199312
posted:0.01815628151320157
bill:0.04939649801635719
a:0.004456928061211899
hard:0.014384220226465474
same:0.010330283779407513
was:0.01883959859790182
as:0.008511852768266152
old:0.014084644055012361
nine:0.026847392855980274
also:0.007890942189784927
no:0.00598800923501335
crap:0.02584837117453562
reason:0.014213893212811317
place:0.01446504051764056
it:0.009118495471807765
have:0.00815825446512212
being:0.010350020903857171
left:0.015555346720747668
decided:0.01984911203733167
without:0.011953247259587739
be:0.0030769215805184643
if:0.00356462989235856
of:0.00517129216930156
what:0.004895968632960804
never:0.011723081015222661
oh:0.034358682810015674
well:0.017902850108014307
find:0.01125769541315633
cares:0.026936047390476083
one:0.005230377169019269
in:0.0018902095946222392
or:0.0035867630728887516
and:0.005077093277803057
for:0.01038347434825768
subject:0.00014200508985116116
forth:0.026265029915332996
i:0.004061674622242445
group:0.12911725219819045
back:0.01120402510674222
similar:0.016833820680142025
the:0.0028065271648528567
originally:0.02420104030742841
users:0.021003710469447778
see:0.009411626390484979
intended:0.021641217324343747
start:0.01498703238235379
drugs:0.046146477304134785
would:0.004960902372895617
did:0.008744207677888114
sp:0.025101789484669013
just:0.006246747678010031
note:0.015753665419566475
long:0.012661230027173323
changed:0.020102740392730984
interested:0.015303596890504893
is:0.002858219435007063
col.hp.com:0.031041314985577457
today:0.015101735456374218
atmosphere:0.028788742572753823
time:0.008401648776083582
gone:0.020902113813206186
wanted:0.016197659518862245
first:0.009986993773356602
too:0.010385733339704769
very:0.009272566445656634
hundreds:0.02497662726440202
side:0.01712959616261273
bad:0.029155330284536
data:0.015608221400030917
check:0.01760272108823239
s:0.003300192983276693
