report:0.18978641117373776
at:0.04404825062272155
your:0.06299661110906313
to:0.006890995800454155
re:0.018697025138908526
this:0.026249121918570952
them:0.07329295857661204
bill:0.3095513875691718
local:0.1528191725957976
business:0.18082818666167838
should:0.08214060711167398
be:0.028923062856873568
bureau:0.28117963486724634
better:0.11181079356507016
subject:0.001334847844600915
i:0.009544935362269746
angry:0.2666120448002091
doctor:0.2202510546798919
col.hp.com:0.2917883608644281
