content:0.041553990601933787
at:0.007727763267144132
out:0.01033488683403912
there:0.00805069285593989
all:0.0167380321166016
means:0.0248648703547259
your:0.022104074073355483
ron:0.1115078509532904
though:0.021803019312374383
to:0.007253679789951741
otherwise:0.031170042382561717
value:0.032753094910146205
omitted:0.05295120976097117
might:0.018658641542793383
channels:0.09647885930995348
that:0.009129069090380968
through:0.020784765737059882
consider:0.0564976154135297
re:0.0032801798489313205
joel:0.04790415585830834
description:0.03837754615250791
authorities:0.040839601725265594
this:0.009210218217042439
posts:0.03528962694884799
on:0.004447445835432368
you:0.014626289194966363
used:0.017319855336288294
m:0.012007146597509403
as:0.007018545265061565
following:0.0240115287108751
learn:0.03342117702387922
those:0.01627996187971544
proper:0.10806652908004843
phrase:0.04293281151002513
it:0.00902251130894663
have:0.0044846545012952
placebo:0.056507921235604185
being:0.017068455525659193
date:0.031384203419151956
left:0.025652677048250538
facts:0.035527077141551656
b:0.026850073215037205
feel:0.026721725300405067
absolutely:0.03510928723813714
topic:0.038303832022715104
glad:0.040693804521440675
be:0.010148443107674935
writes:0.01160109457925548
of:0.008528095858146432
short:0.030376998821239187
what:0.008074053535058167
least:0.021119845462337562
who:0.011342569072226739
sounds:0.03125179441720033
diet:0.04472077433471739
in:0.0015585938762674603
subject:0.0002341838323861254
purpose:0.03299018852758409
i:0.0033491001271121917
caught:0.03960723012045133
the:0.005289494806940722
do:0.006301034376372777
would:0.008181137246529614
once:0.023535361358990405
forum:0.04479738556251348
an:0.007876299461067866
just:0.010301654065490226
about:0.017280985619681957
eye:0.040270412056793006
is:0.004713554857730945
life:0.024477011870953594
1:0.017180034139690426
nothing:0.022411017557025514
confirmed:0.04677404294740511
selective:0.05057511367206415
s:0.016327270548842587
