thumbs:0.035927550909252245
read:0.013180250359871639
go:0.01131065262671004
hmmm:0.028883157437906284
week:0.04009114888843702
out:0.006849866855118953
correct:0.019024520001054934
there:0.005335924334750857
know:0.007173692591036639
all:0.0110938119842592
send:0.01705434372602455
means:0.01648020476999275
take:0.012359006571719205
thanks:0.011589457237884668
where:0.021482055793415833
your:0.014650374676526308
treatments:0.033824120417359785
ca:0.01195667788425768
fred:0.026939617730695416
my:0.022098006077448867
to:0.0024038357443444723
within:0.01881657102513266
510:0.06744243179868004
that:0.006050662071531572
really:0.011345324088319337
debt:0.03448300812263306
me:0.012599868376797031
re:0.0065222180717122765
phone:0.017077599570985865
had:0.008920979567919391
treating:0.033326898478765826
jon:0.09649693636554263
best:0.01415800046489206
you:0.01292555789322609
charter:0.032868870119154694
them:0.008522437043792097
dyer:0.07156070870240809
ta:0.026845079818650183
dying:0.0295901756477597
m:0.00795822507044228
why:0.010347224303220968
a:0.002435763010197201
member:0.023202894899689294
other:0.00801923248739483
was:0.01029605969885332
steve:0.03729248659109752
oops:0.03220369365881897
let:0.013401963620655958
forever:0.027436839669289385
international:0.02305444546942671
raw:0.03100140055816385
mind:0.01761427792447754
illness:0.035359885388531805
are:0.007475713739549134
ip:0.033520714875670425
place:0.01581062568207224
action:0.021406355121081144
it:0.003986691043488046
have:0.0059447745714843354
being:0.011312813546076442
anger:0.031130604841795893
netcom.com:0.05614596234978731
be:0.006726293687645015
writes:0.007689097569971655
if:0.0038962233707174956
of:0.0022609370414620775
totally:0.02395067035214333
diagnosis:0.034367876568585504
what:0.010702815151123618
nerve:0.035226225398853325
again:0.014196913593651267
brave:0.034600465723316313
must:0.04042082140952612
who:0.0075177492688014436
good:0.01883732385301743
one:0.0057169238824164095
in:0.006198129135854319
world:0.014658434236817888
men:0.020416270654810127
and:0.0011098762049150867
for:0.0018915631564655464
subject:0.00015521486565126915
grief:0.0685099614411582
i:0.00665925722949052
away:0.016098741780951574
info:0.01712439220576975
the:0.0017529139767187279
see:0.010287126519832419
thank:0.02110752503935764
got:0.012861359428084732
can:0.005026546467661124
club:0.028095727374562656
home:0.01703118053407761
symptoms:0.030005634740679146
ready:0.024508600516455793
about:0.0057268382576853
patients:0.028622787655191325
is:0.0015620501563410692
chips:0.02414384272207542
white:0.019761448522212746
lot:0.01441019411782204
run:0.015562990862717412
experience:0.019257109155785743
noring:0.21835749293249732
candida:0.034367876568585504
e-mail:0.015986603352629455
article:0.009422475352518616
hundreds:0.027300034451788253
happy:0.022081948188866402
s:0.018035938396977275
