taken:0.016557192461098796
since:0.010054380017103926
there:0.004611954701392701
know:0.006200377515870863
knowledge:0.018576739421367516
own:0.011389400178633142
your:0.00633131769940333
with:0.00881649311743036
further:0.0178283135732733
surprised:0.0221139833768806
from:0.004254131931809927
several:0.028326144442888408
my:0.004774946036835685
to:0.0013851247840108852
otherwise:0.01785620518398008
then:0.008019499245104538
aka:0.026028448785974705
began:0.02252164943121411
been:0.007373067272469544
that:0.0034864786475826814
nt:0.010765003292298068
generally:0.019430901975995472
anything:0.011664528393564843
re:0.005637294011731214
so:0.005134726620024724
had:0.01542119081087573
this:0.0026381027053840153
off:0.010972147979680153
he:0.007990619133267514
amount:0.018685512621240342
infection:0.028113593771214442
these:0.00832480388491931
fair:0.02121959566233107
on:0.005095566082806934
syndrome:0.027380157024364794
you:0.013964798728862358
medical:0.02021616820185262
dyer:0.15462866704540443
m:0.013756931780061026
a:0.00421056520355697
same:0.009759263067982978
nor:0.017359492447112577
basis:0.018729689834361803
was:0.00889910687539081
listen:0.021462042062026475
steve:0.032232701978235044
given:0.014008982709453674
daily:0.022405051958451983
are:0.009692131380922998
no:0.011314027499321706
culture:0.023774435247057735
taking:0.05136105579123023
book:0.015626625681827506
yeah:0.059611393630977165
recognized:0.025120167417399208
it:0.005168674820200582
not:0.009089095606672837
have:0.012845492792654595
always:0.013351538180898027
after:0.009694541144044982
has:0.005350625496917342
lips:0.03174241144675815
quit:0.02528098516155083
his:0.00926848764575506
be:0.0029068404881279967
recommended:0.024666464670303225
walking:0.026795180381930565
writes:0.0033229265880279513
if:0.006735180098124716
of:0.0029312651090312356
even:0.008437987174703647
clinical:0.028643043598640706
what:0.009250674401976192
characteristics:0.028259259785652895
treat:0.024250354601538234
reading:0.016514181137502464
years:0.011204901623017053
well:0.00845662266408716
beyond:0.01962595074089752
they:0.004688038314109265
who:0.019493259410560525
good:0.00814075302190703
in:0.0026785884707712132
indication:0.02632125736951227
definite:0.028409274675852296
or:0.00338849978745269
and:0.003837159944631054
few:0.011485565331187369
for:0.0016349189091058995
subject:0.00013415556227144873
grief:0.02960732001979701
i:0.007674319889262108
sees:0.026632189046487585
any:0.005142147066777926
established:0.023284493716982973
will:0.005695001733182333
community:0.0204449691305358
convinced:0.023835346606516757
the:0.0034089332110057674
do:0.003609637783449732
see:0.008891385735734553
harvard:0.028259259785652895
when:0.013142456711997347
can:0.004344552725817655
because:0.008867951250726201
did:0.016521719029577542
record:0.019380142699681382
during:0.014715424672374224
here:0.00904724073177586
people:0.007564186633533253
is:0.006750568514840802
having:0.01315020800211237
quack:0.03220659898510496
periodically:0.029511600447079955
does:0.006123059368530278
their:0.007606450344631728
noring:0.03145518323650715
category:0.026221746679581718
candida:0.05940979668137394
article:0.004072024524204025
already:0.014601941313052017
past:0.016600575110067153
by:0.004977062687523448
s:0.003117770255557881
