root:0.029296973010394047
some:0.006788005087984617
obvious:0.022364234383151233
reference:0.0216955410640602
read:0.013180250359871639
out:0.006849866855118953
there:0.010671848669501714
form:0.019845237933034277
know:0.014347385182073277
help:0.012442399535126726
true:0.015019074373010735
send:0.01705434372602455
means:0.01648020476999275
truly:0.025338973657153364
ever:0.0153687328885457
where:0.021482055793415833
ca:0.01195667788425768
fred:0.026939617730695416
to:0.0024038357443444723
published:0.047675549008273845
510:0.06744243179868004
that:0.008067549428708763
like:0.006771157345980658
really:0.011345324088319337
me:0.006299934188398516
need:0.011169779020332768
re:0.002174072690570759
so:0.005940759287121628
phone:0.017077599570985865
this:0.009156670436710796
trigger:0.03392887917028234
jon:0.07237270227415697
best:0.02831600092978412
recently:0.019240183515044706
on:0.005895451456270813
syndrome:0.03167820492935229
you:0.006462778946613045
used:0.011479439001958521
charter:0.032868870119154694
dying:0.0295901756477597
a:0.0032476840135962676
member:0.023202894899689294
other:0.00801923248739483
basis:0.02166981556417441
was:0.015444089548279982
international:0.02305444546942671
personality:0.033824120417359785
are:0.003737856869774567
results:0.02129699853993291
no:0.006545033349898313
ip:0.033520714875670425
d:0.010592117571959509
place:0.01581062568207224
action:0.021406355121081144
it:0.001993345521744023
not:0.0035052907475346794
signs:0.029202435098348814
have:0.0029723872857421677
interesting:0.019000142801868677
allergy:0.11295007975350974
netcom.com:0.037430641566524876
heard:0.047139198129416415
be:0.0033631468438225075
scratch:0.06556288119918682
were:0.009019205217862205
if:0.015584893482869983
of:0.004521874082924155
clinical:0.033139335326334306
what:0.021405630302247236
but:0.003867925710758199
particular:0.019715415395836086
brave:0.034600465723316313
they:0.00542395130527758
who:0.0075177492688014436
one:0.0057169238824164095
in:0.002066043045284773
according:0.019997245375501266
or:0.007840830903524248
world:0.014658434236817888
and:0.00332962861474526
for:0.0018915631564655464
subject:0.00015521486565126915
showed:0.049706463939069016
cause:0.018334308914779458
i:0.005549381024575434
info:0.01712439220576975
any:0.005949344571446554
information:0.014179193514440493
the:0.0021911424708984098
club:0.028095727374562656
symptoms:0.030005634740679146
may:0.01081991585720832
about:0.0057268382576853
including:0.018488184340292035
patients:0.028622787655191325
is:0.0046861504690232075
tests:0.0547360693659392
chips:0.02414384272207542
done:0.015399206694306385
patient:0.02924951190202683
multiple:0.024965257660615192
study:0.1077143415242674
noring:0.18196457744374778
e-mail:0.015986603352629455
testing:0.028622787655191325
full:0.017963153976297982
while:0.012618270383014664
psychological:0.03189762544088047
s:0.010821563038186367
