read:0.027646378803633194
at:0.005371737880819702
where:0.022529960954070265
stand:0.024010600941868673
your:0.02304754064965724
with:0.003566020590180167
my:0.011587978796710991
to:0.0050421920491127955
then:0.009730977742535386
respect:0.024922915786183664
areas:0.025099101554474607
been:0.008946587726959996
she:0.020214283444502944
that:0.008461088425231142
nt:0.008708275021005348
its:0.012608686317281525
need:0.011714646289617294
re:0.0022801250169400644
baby:0.030433354503667166
this:0.006402224858188037
regard:0.027992847405331728
you:0.010167054684305886
kenneth:0.029974675105877
am:0.009965465589642473
bill:0.018875084607876326
why:0.010851966952158575
sure:0.013305146464385388
a:0.005109161436023396
other:0.008410414559950676
want:0.023080463020880265
as:0.009757489758744128
wife:0.024640134311853478
also:0.009045714217558332
deliver:0.03667353052458499
experts:0.029548098346078768
are:0.019600956756134925
those:0.011316558867607074
it:0.004181163777316732
not:0.003676280540097347
imaging:0.032929567963601934
should:0.01001714720874073
texas:0.02419615653456709
pitt.edu:0.030108692829771973
university:0.01433134208291862
suspect:0.047342622718265365
allowed:0.02336483675681019
suit:0.03238110310590108
has:0.006492527279796043
blue.cis.pitt.edu:0.03641402068056794
be:0.007054405574847211
considered:0.020992944861050074
writes:0.004032087750107088
were:0.009459166448001825
things:0.013626377610611279
if:0.008172566094675723
of:0.007113679959722145
institute:0.023734499084959185
opinion:0.02017872905236396
but:0.0040566050137220136
least:0.014680868187234648
anderson:0.029589437900867665
fact:0.014623580052614875
ed:0.02419615653456709
they:0.005688534295778925
good:0.009878108849753044
one:0.005995798218144039
in:0.0075838897150087405
use:0.030416698678305147
and:0.005820082537969357
for:0.001983834529951671
subject:0.0001627863225123067
i:0.004656066030375486
we:0.008217950644597379
medicine:0.02702106311381703
the:0.002757632963374584
do:0.004379987310405468
would:0.022747552344009173
cancer:0.03175836228226462
an:0.005474988649766688
m.d:0.03816817965893246
trained:0.03337593018325617
ready:0.025704142005063393
gilbert:0.037525737490287175
many:0.033900018797160245
frequently:0.028457016280165875
is:0.003276495449886145
involved:0.02195656790893822
center:0.01991848069190737
insist:0.03225136287146642
study:0.02259373992948048
involve:0.030108692829771973
article:0.0049410541482719575
physicians:0.03604435835241895
thus:0.020313140688270157
aware:0.04996216112171804
process:0.0661566536567116
by:0.006039240700104672
data:0.01789235136101105
