basically:0.018776107886353522
some:0.011172601675917264
read:0.0325407138071472
health:0.019934672728482063
generated:0.02321850629541769
at:0.00843028720052087
out:0.0056372110003849755
know:0.005903708735207186
remind:0.02525718761269472
coffee:0.054545126087363636
fluid:0.02877731581833463
thanks:0.009537735143139535
your:0.0060283838381878585
with:0.008394651341476756
much:0.008359793634258044
c:0.01237367318387062
meaning:0.01888012696116886
from:0.004050584949426677
wood:0.02411042754922381
starters:0.02801012610505626
rocks:0.02618972511987565
several:0.013485413263480366
my:0.009092959438567477
to:0.0013188508709003166
cylinder:0.02712302934270524
lights:0.02348625104971455
enough:0.011637074291566489
been:0.021060866802221617
make:0.008421437719376573
that:0.006639322974822523
think:0.006888746543198828
nt:0.006833287576291277
me:0.01036926966894301
re:0.003578378017015986
eat:0.021603943702064362
so:0.009778091841004019
had:0.014683334791216604
this:0.005023755391114057
starter:0.02877731581833463
ti:0.03625512972489629
these:0.007926487909564319
big:0.013281246669222762
on:0.004851759093198947
you:0.007977975924527108
vs:0.01634742557446575
more:0.0060833446211517985
a:0.005345470338168019
richard:0.01787596897023339
as:0.003828297417306308
austin:0.04791213871358426
smoke:0.024269931952418028
also:0.0070980724003807
jason:0.06545306230310591
whole:0.014315385047977464
based:0.014454081396653313
are:0.0030761310124460548
results:0.01752671650176297
silver:0.024920437388954053
it:0.0049213698048799805
not:0.002884736883138588
namely:0.02556598436454913
contain:0.0224392765934127
have:0.007338525547573965
probably:0.011422123038417265
ve:0.04366348562266589
bag:0.025357921627995356
buy:0.014386799642315626
postings:0.022041427941105664
has:0.005094614707591153
mixed:0.026768445743883606
foods:0.05250135479264537
edge:0.022551204246880188
writes:0.0031639348852514943
get:0.006288870695172834
if:0.0032064613385809054
of:0.003721350919918443
presented:0.021842037049236915
but:0.00954951993660876
associated:0.021769356831562395
least:0.01151991570672958
excellent:0.018636676618853525
fire:0.01721049587100225
using:0.021094933766937038
they:0.004463730260802601
risks:0.02663365685887549
one:0.014114510637927595
in:0.004250710571638528
or:0.009679111833058642
and:0.0036535637750314816
for:0.001556693123981215
subject:0.00012773663584697749
i:0.008220518493820834
faster:0.01866172740380063
elements:0.023451952056993915
valid:0.020545570897731163
world.std.com:0.043981591678091354
actually:0.011695282904789878
will:0.005422513611977437
meat:0.05602025221011252
than:0.006844982211576369
the:0.002163884239203023
risk:0.04105397911578388
around:0.011326289153845146
can:0.020683396948270656
put:0.01190171913658746
people:0.0072022638281010395
about:0.004712996078095079
is:0.0038565448835980467
steel:0.02546082213144494
itself:0.016091176270786507
recent:0.0181727037726556
easier:0.019984084757935887
life:0.013351097384156506
food:0.04033951472564972
unless:0.014727566630337278
told:0.014833587400617847
every:0.011637074291566489
article:0.0038771908149119664
function:0.03935885760332496
opinions:0.013663206485741828
side:0.015408440567326282
live:0.014816690305969658
wish:0.01787596897023339
concern:0.022041427941105664
while:0.010384413903724988
