believe:0.021511602775547926
out:0.011665119792875841
geb:0.10238161520909161
there:0.009086920649278688
shameful:0.05257921692443344
to:0.0027291072477046156
cs.pitt.edu:0.05073862902203899
100:0.0334506148399116
normally:0.0421371459813939
that:0.0034346992617274932
think:0.01425493096562926
really:0.019320749932583425
nt:0.007070084670519193
suppose:0.03815979193694227
could:0.014941674805208489
me:0.0107286007960846
re:0.003702381215625451
this:0.005197845924469495
he:0.015743893143764707
certain:0.0326367820966387
you:0.022011841164701857
why:0.017621015645089173
more:0.01258830718634382
a:0.0013826773523231634
how:0.013023396012169548
false:0.041456520709912674
test:0.03540494904930367
watson.ibm.com:0.11555974687700123
are:0.01273091844754902
no:0.011145997387945642
culture:0.04684269915014346
it:0.01018382464574174
not:0.005969406025504603
have:0.005061887258887652
ve:0.018070630683439944
gordon:0.0888418639178024
doing:0.026541612922428865
arguing:0.05056338568442116
has:0.010542321523629218
cadre.dsl.pitt.edu:0.053947042057906874
be:0.005727339179578924
virtually:0.049339485130290704
writes:0.006547152386312498
if:0.006635152670924844
of:0.0019251543125320659
but:0.006586962596538715
banks:0.09344824600233216
they:0.009236827965423204
called:0.026556975206502315
surrender:0.04838884499920567
in:0.003518409938504762
accurate:0.04428180568706307
and:0.0018900862103504448
subject:0.0002643263058615673
i:0.0037801724207008895
intellect:0.05186069521319744
the:0.004477740653400315
do:0.02133617580910386
would:0.009234154911924516
ralph:0.054841933755612506
an:0.008890080579819175
n3jxp:0.053705542522024106
lab:0.12801121526119344
is:0.013300625093597224
tests:0.04660695015317595
patient:0.04981104997176847
quack:0.063456566317187
chastity:0.05335399115116361
too:0.019331860077866303
article:0.008023097824916841
lyme:0.27761928944415115
skepticism:0.05257921692443344
