some:0.016679098216190773
geb:0.14772204480168932
with:0.008354676811279247
shameful:0.07586429870525395
to:0.003937711885973802
cash:0.14516932764923648
cs.pitt.edu:0.07320859330322768
re:0.010684014365090587
on:0.007242983217704142
brown:0.06635147673221724
hands:0.05721957079078704
are:0.009184448308588935
those:0.026513080775536574
causes:0.06095930427678166
it:0.009795869421142056
have:0.007303580187823612
gordon:0.12818611793854345
indicate:0.06784786002448959
convex.com:0.07681703262666356
cadre.dsl.pitt.edu:0.07783787496926563
sort:0.044820875823729
writes:0.009446605585965176
spots:0.2516917923843819
liver:0.35460081387397985
of:0.005555445301878247
what:0.013149172899951874
banks:0.1348324692319364
they:0.03998226962176044
called:0.03831792136938191
surrender:0.06981819064171103
in:0.002538281455635578
or:0.00963302082432979
and:0.0027271243892199276
subject:0.0003813850984574042
intellect:0.07482757452189916
the:0.003230370042810227
do:0.02052336911161419
older:0.06311643407199471
peter:0.05259847258322795
because:0.02521031855563591
n3jxp:0.0774894256389205
actual:0.05803366981041004
people:0.021503902001044534
is:0.007676360768304683
chastity:0.07698218723239321
too:0.027893112398064236
nothing:0.03649794287858441
article:0.011576184004522871
little:0.03350483859854949
skepticism:0.07586429870525395
s:0.00886337544080026
