library:0.031015619197786518
above:0.02016782244539663
at:0.006525666758921711
geb:0.07659661582309817
there:0.006798362856127018
insight:0.04234048901834031
know:0.018279631491234103
knows:0.025881195638083224
thanks:0.014765826999378985
mentioned:0.02603824902808769
from:0.006270905588371671
shameful:0.039337043773094646
to:0.005104441333669743
cs.pitt.edu:0.037960011342414356
appreciate:0.028438617299366625
that:0.0025696638921072355
really:0.014454783282895747
database:0.07502188013940006
me:0.008026582817811443
re:0.0027699296502086707
so:0.007568967388036445
anyone:0.01239196110845475
this:0.003888758802751252
best:0.018038341333047662
md:0.03708754441162634
these:0.012271377578510687
you:0.008234059102351435
medical:0.05960025884694328
am:0.01210619523482493
m:0.01013936823789683
sure:0.016163289038216323
a:0.0010344475006269593
nor:0.025589177755373355
hearing:0.03359135337125799
as:0.011853543114326199
are:0.004762306530379449
no:0.008338857305055628
internet:0.021159510689737825
play:0.02371791283541068
seizures:0.04558682184005257
it:0.007619009549777155
not:0.008932000127051332
only:0.009878046209402124
gordon:0.06646687596813364
types:0.030347386755413923
cadre.dsl.pitt.edu:0.04036037961369329
be:0.004284898201018306
writes:0.004898239933463425
understood:0.03550551403904812
if:0.009928154366865323
of:0.007201503169101431
trying:0.03994560330471698
but:0.004928023868521558
particular:0.02511889961543561
least:0.017834536168196167
banks:0.0699131321943374
well:0.01246568822335811
up:0.009951558298906553
now:0.024472805894492508
surrender:0.0362020247771835
in:0.0013161459399591887
or:0.009989799373379042
and:0.002828128996228073
still:0.015123770979478127
for:0.004819983154252948
subject:0.00019775523623717257
relating:0.04210531347526934
i:0.00848438698868422
any:0.015159811352426776
information:0.05419602854408367
intellect:0.038799483085429194
will:0.008394854406690995
community:0.030137398940567592
source:0.023105688605183885
the:0.0033500133777291247
see:0.013106561195638342
would:0.006908515897069452
can:0.006404192536575655
gather:0.042221967971329634
n3jxp:0.04017970218314396
newsgroup:0.05695057541591629
here:0.01333630300461775
about:0.007296416150532382
doctor:0.0326297858785025
is:0.0059705028197925315
chastity:0.039916689676055744
somehow:0.031497136459334635
too:0.01446309531751479
disorder:0.04540391359864241
article:0.006002465780122971
give:0.017505453861896347
going:0.01613196802999765
by:0.007336559072719749
skepticism:0.039337043773094646
