name:0.12555602299228413
to:0.012529083273553008
appears:0.177286410336106
anyone:0.07604157952915415
on:0.023045855692694996
stronger:0.2313413732461213
it:0.015584337715453271
have:0.02323866423398422
be:0.026293693506248696
of:0.008838208434806302
and:0.00867721396569977
subject:0.0012134980405462863
similar:0.1438526494484864
any:0.04651305755858215
information:0.11085551293108023
the:0.006852300090809573
an:0.04081355175280622
is:0.012212392131393813
under:0.11033288305025633
s:0.028201649129819015
