bait:0.07698607958009455
king:0.10626970898424798
at:0.022302911707707113
there:0.011617455513634778
insurance:0.056207886337326
wisdom:0.061512579503958185
my:0.024056057248868386
to:0.003489111797698306
look:0.030014788914884943
archive:0.061426174882813885
might:0.053850256604517616
that:0.008782395580619665
could:0.019102647535772878
me:0.01371631241018411
this:0.013290694642314405
age:0.05218719779637495
on:0.006417833230877088
suggest:0.046473415254558455
m:0.03465353701559676
a:0.007070906966310861
how:0.01665016452188765
as:0.01012802734451922
interview:0.06777802573150497
idea:0.03509337082608552
therefore:0.043454753424745134
dick:0.06388999818891508
should:0.02079509040801873
42:0.061599577975955166
suspect:0.04914044383414885
real:0.03237460574681326
topic:0.11054776836935498
annual:0.06388999818891508
be:0.007322294394145206
thinking:0.04409527258036273
get:0.01663764525684965
things:0.028287669976458856
if:0.01696583341173188
least:0.03047673902160104
gp:0.07758896627616108
well:0.02130212544497905
please:0.02424576401145892
net:0.0839276578455312
good:0.04101290762935441
one:0.02489394703229424
email:0.0347328944173157
point:0.02786754381341849
or:0.008535588072190953
and:0.002416439332220189
for:0.008236680073723392
subject:0.00033793616319010504
i:0.009665757328880756
the:0.0019082354683267165
doctor:0.05575976067845364
company:0.04260921569153608
is:0.006801838655459845
faq:0.04914044383414885
assembled:0.07728393397769195
