believe:0.058720861630549744
effects:0.11626586100980019
take:0.05745267919826226
thanks:0.05387531472746387
my:0.025681466522440577
to:0.0037248625948400837
equivalent:0.12754422765183174
this:0.014188714550578893
on:0.013702941222683512
m:0.036994992219353304
a:0.007548670950521055
as:0.02162470703289239
worked:0.10389632001552297
it:0.009266362965945189
made:0.06285350140318922
has:0.0287776884834203
heard:0.07304452322756418
seek:0.1313376697516945
of:0.00525515096123618
called:0.0724933647528847
one:0.02657597048042223
minute:0.12087736147009108
or:0.01822463399197528
subject:0.000721539375459954
i:0.010318849040291619
info:0.07960528268628102
any:0.055312825204800395
information:0.06591408876983149
will:0.030629874186575257
just:0.03174023144502395
done:0.0715855013897486
90:0.10897187593363061
side:0.08703686698841064
by:0.026768526346409895
