some:0.010424436385119232
expensive:0.036161489233365075
king:0.0749580983013892
dan:0.07096077659620104
know:0.011016742193377694
with:0.01044334601409906
someone:0.019673733166634105
my:0.008484055904734833
to:0.0012305349643668131
changes:0.03640990446193026
recall:0.034918350134580556
aka:0.0462469759679372
might:0.018991831570343266
normally:0.03799867628679271
make:0.015715004315622352
that:0.009292088181280628
r:0.027680533631510087
indeed:0.03293073489736264
nt:0.012751402709329259
seeds:0.05430268113238813
affect:0.04376301767778329
re:0.003338754489090808
anyone:0.01493673883608385
this:0.009374686399489624
on:0.004526864511065088
you:0.004962490976863587
chemistry:0.04780771457847226
state:0.023729583811969785
working:0.02829052688130899
m:0.012221559929607786
a:0.0037406360513742723
test:0.031927677267675626
also:0.013245510104281842
california:0.03553097524038335
science:0.030193144876493886
are:0.005740280192868085
no:0.010051301215915265
daniel:0.03820160709998517
book:0.02776516527396137
dick:0.04506526657968117
it:0.009183627582320678
not:0.005383125076571115
only:0.023813147111951545
always:0.023722822303559887
heard:0.024130779994820307
be:0.01549449795903941
writes:0.01180825698245647
of:0.003472153313673904
youth:0.050613510112726745
but:0.005940028770092949
reading:0.029342161128240986
up:0.01199518187814629
good:0.01446437367285267
in:0.006345703639088945
consumption:0.05389676707813137
and:0.0017044527432624546
for:0.002904900561714946
subject:0.00023836568653587764
fatal:0.049951831789925655
i:0.006817810973049818
any:0.009136493449007207
water:0.10982403253691653
do:0.012827105694758869
would:0.02498168694922436
joe:0.03553097524038335
thought:0.023969521474926002
during:0.026146156337522056
many:0.016546437746232975
about:0.008794787324302424
paul:0.029241272242045153
field:0.06950817589166618
heavy:0.12004843491459663
does:0.010879364413727903
chemical:0.04435627749392751
too:0.017433195248790147
late:0.034411955228849725
show:0.02687561312263243
article:0.01447023000565359
very:0.01556466510520935
roberts:0.04970030610272301
somewhere:0.03463858088305881
