send:0.09166709752738196
missing:0.13492648323091402
to:0.004306872375283846
r:0.09688186771028531
me:0.03386214626264202
re:0.01168564071181783
anyone:0.052278585926293475
617:0.16276160669660616
usa:0.11389442768839765
boston:0.26061107095934627
writes:0.020664449719298823
of:0.006076268298929333
institute:0.36491792343124746
department:0.10837736195915426
street:0.12462589000995643
in:0.011104981368405655
and:0.0059655846014185915
subject:0.0008342799028755718
44:0.14202446987415612
the:0.0023554781562157906
cancer:0.4882848200898185
ma:0.12535056016367238
karl:0.5505757958408354
article:0.02532290250989378
