another:0.012744283507980337
choice:0.021680245255853697
studies:0.024247602852492497
at:0.0050630173129565005
geb:0.02971420441413291
there:0.010549183742266063
all:0.010966296903980358
perspective:0.05617555568873302
depression:0.03665152011334084
spreading:0.032758423426031615
migraine:0.188139756796457
absence:0.03160514356705373
with:0.006722153756201693
arguments:0.023905291006795126
from:0.014596073352244407
2.1:0.03016080777233588
my:0.010922003003796567
to:0.0007920684828108223
changes:0.04687252068662286
cases:0.021148193094749378
cs.pitt.edu:0.029451732938080104
perhaps:0.01660035366459796
that:0.0059811142316289105
like:0.006693327951199271
could:0.008673041122563547
re:0.002149083349299831
this:0.003017140450410454
la:0.025047721086381484
best:0.013995264827364564
something:0.011440582282548982
on:0.00582768764642862
you:0.003194247065567367
brain:0.025341255166475823
am:0.009392737682191756
causing:0.028210496950519203
working:0.018209994314405786
a:0.004012942890363204
want:0.010876999814437825
usa:0.020946101643843244
local:0.017565422137448
given:0.016021767581501613
therefore:0.019729457014683136
evidence:0.018492574910994694
are:0.0036948929977081925
no:0.012939606163017354
pain:0.0763275862123554
it:0.0019704335042527122
not:0.013860000197148618
disagree:0.02441602886735169
absurd:0.029822643979100626
have:0.002938221914641683
domain:0.025650592235520537
whether:0.0164221757751829
gordon:0.02578456395315529
argue:0.024480483297352494
hope:0.01660035366459796
without:0.02583000557244247
be:0.009973469950646057
which:0.007424668577686883
common:0.019345563446157184
found:0.015370807501476996
g:0.020316103224204036
get:0.007553873421213346
fill:0.027772787979452738
of:0.0033524238890644594
but:0.0038234667945425877
treat:0.02773460095233396
least:0.013837140130497024
banks:0.027121473696079163
heads:0.027888895492771824
fact:0.013783144417407122
they:0.010723214074801651
one:0.005651212113653003
in:0.007148033984261111
system:0.012846105340474282
office:0.02098125237382851
or:0.0038753532051901455
rather:0.04437040780884247
and:0.002194238014314884
for:0.001869821051218816
subject:0.00015343078673573735
al:0.02189663322254156
secondary:0.03175639246542944
however:0.02755286096778061
i:0.004388476028629768
any:0.005880961300510386
than:0.008221846449537133
the:0.003032339695358259
do:0.004128263901761475
would:0.021440221749525885
can:0.004968770071481111
holding:0.026475048503971747
nobody:0.02303614750263464
meant:0.02340034068615527
because:0.010142082177554678
jim:0.038923341918952525
about:0.005661012530585469
gb:0.10526604800409765
patients:0.0565875801918725
current:0.018173825998452978
is:0.010808668897900272
et:0.026148250447106558
done:0.015222204318509762
unlike:0.026505699917623256
issue:0.017996321881981914
their:0.008699331141274217
objectively:0.03375177292510868
e-mail:0.01580284929110498
disease:0.026148250447106558
function:0.023637934595100333
seem:0.01586041698215941
