reference:0.03135826103376768
hmmm:0.04174708470016707
geb:0.043447660235790976
technology:0.028299728452243215
oral:0.05110840577165941
among:0.028945424100721217
with:0.004914515771340734
mentioned:0.02953919007388099
my:0.007984993792691608
to:0.004632602218792708
1987:0.042768993373232506
rd:0.04352656561688207
look:0.019925784237612692
cs.pitt.edu:0.043063878413663347
software:0.023662066289758456
that:0.005830329839234904
european:0.037239112190470526
provide:0.028377778809104314
like:0.009786882886627506
nt:0.006000660098507886
me:0.009105787230290291
re:0.0031423571662031135
behavior:0.03570074809175793
lost:0.029449632977460925
this:0.004411617129171588
off:0.018348381915599583
two:0.01567049943406144
these:0.013921310698310442
starting:0.03295396624266569
on:0.004260578363355377
you:0.00934115948586087
numbers:0.02964489412603948
great:0.02118698057758552
inc:0.03076483609919665
reader:0.04329203798564613
europe:0.034563030416365194
a:0.0011735328788625168
tektronix:0.051716142423589045
88:0.04207410500478618
proceedings:0.04951140070537483
sci:0.04803332787794909
brian:0.03139560936788889
works:0.02500105876933395
it:0.005762276130083562
not:0.010132941320604452
encourage:0.04321529442629089
only:0.011206186876212491
gordon:0.03770179939368925
reliability:0.04621256286275083
left:0.024574833474794635
constitute:0.04967457789745132
references:0.03470056804211482
chuck:0.12562910919729484
writes:0.0166704804458209
of:0.004901863501657277
congress:0.03669442731587833
but:0.005590615313028657
associated:0.03823357628400454
banks:0.03965660859762835
author:0.03398325838706308
diet:0.042841750203006575
one:0.008263116872064054
in:0.005972426954436654
or:0.011332965675682106
and:0.0032083816343763854
subject:0.00022434417556317895
until:0.024043409456845747
i:0.0016041908171881927
back:0.017700476639223004
the:0.004433841235229724
do:0.006036285032827703
benefit:0.038066339693102906
can:0.007265260440653053
page:0.03533399775787636
ny:0.03530414564355394
shared:0.04200767492489447
is:0.009031012668593744
weight:0.14940967062195898
portland:0.050541672319596116
new:0.01448739130154241
study:0.031137591163317633
does:0.010239401801155673
1st:0.037821564290388424
tradition:0.039410158050615575
article:0.020428560007981537
researchers:0.047381578009496356
high:0.023506922904550597
