above:0.012489247844626355
some:0.005355673739143827
sugar:0.027299450020231222
read:0.010399096614210651
believe:0.009966384772157525
feeling:0.020030444268759277
superstition:0.025598259291191368
effects:0.03946639318681291
there:0.0042099953466841625
all:0.004376457938744455
true:0.011849911890632324
your:0.005779505606336067
further:0.016274469729731133
compound:0.019644122805071128
followed:0.02038962248166642
from:0.011650076895828105
suggests:0.022616722554059547
except:0.014790648711026668
my:0.008717562030553223
mono:0.027690082168581258
to:0.0037932086974976995
add:0.015762478974549167
then:0.007320552063191758
most:0.008516492953977238
legs:0.026146631541878445
that:0.009547833727554408
sources:0.035313201607472144
think:0.006604348750130988
affect:0.02248375220142995
me:0.004970590277085068
re:0.0017153234072393145
severe:0.023115042925632004
anyone:0.007673920869914639
msg:0.22650240450680265
had:0.007038571035239152
this:0.004816352645609349
upper:0.023981559108622815
tar:0.027490609178031995
on:0.002325728556143532
syndrome:0.02499381306352566
you:0.002549536648663862
possibly:0.017784191116501567
am:0.007496955764685164
incorrect:0.02330700214551962
a:0.0019217946685959567
hard:0.01240474037878674
other:0.00632710086161427
was:0.012185244964697967
as:0.00367024844136247
chest:0.026525951339333092
steve:0.014711714893735718
part:0.011234963818409528
also:0.0068050327141264515
arms:0.01859238638359532
stuff:0.01341016767281478
processing:0.021757954012370802
straight:0.018333310217721603
are:0.002949134777987273
those:0.008513374560952112
pressure:0.02018661785320752
causes:0.03914817705848364
caused:0.018267496234198016
it:0.006290925316329761
not:0.008296926723522453
flame:0.01925529130677888
should:0.0075358355148324755
reported:0.01894205319730121
fuel:0.02213679158580784
contain:0.021512884440473643
made:0.010667796109715603
only:0.0061171387076572785
left:0.013414702676608081
nasty:0.024262493169360057
strongly:0.04281606119217618
war:0.016223968420059715
has:0.004884286577461244
foods:0.025166933834089182
heard:0.012397464951467315
salt:0.025470830098039646
be:0.005306984010435517
common:0.01544095431023555
writes:0.0030333137202640478
were:0.007116070171891281
if:0.003074084494327566
whatever:0.015160369627309005
of:0.007135434332687657
years:0.01022832762835043
instance:0.019608972012660257
fairly:0.018000947469027
double:0.020266744885502893
well:0.007719577569510756
find:0.009708471273731149
who:0.005931435202907561
one:0.00902120098876718
comment:0.01802567613248974
in:0.0032601780164126697
our:0.01022832762835043
or:0.0030931718243260796
rather:0.011804970884921391
unable:0.020987349740631676
and:0.0026270464299824993
sensitivity:0.0244598206238724
for:0.0014924259766608899
subject:0.00012246310500925824
each:0.011678942189727594
table:0.020779332217794707
blind:0.023548487161507793
cause:0.0289312030581841
however:0.010995866533013363
i:0.006129775003292498
mention:0.017315022083839098
ago:0.013124613419103873
assumption:0.021757954012370802
20:0.01442583646057624
artificial:0.023631892294916926
pretty:0.013201926866603793
source:0.014308568631650571
the:0.004840615660480157
chinese:0.02534684536231524
symptoms:0.04734834105868636
forward:0.01984241975255195
may:0.01707362869210854
an:0.004118798800741912
pure:0.04630559501765406
problem:0.00970442794516323
restaurant:0.028713676440664786
people:0.00690492266088586
about:0.004518422845513173
different:0.011592738064271779
is:0.004929772970470898
else:0.011589689107055308
keep:0.012153277908834501
study:0.016997125451535776
does:0.00558939823090608
experience:0.015193682453188752
first:0.008612636832068997
under:0.011134511133512107
natural:0.019206920145418256
react:0.05370748950419045
by:0.004543281994574156
sometimes:0.016075717084026837
s:0.002846037985578066
