at:0.01797887780519247
effects:0.08779258892576747
provide:0.06891746282211048
laid:0.11632583012509184
its:0.04220050114355449
cs:0.20880459525749762
anyone:0.034141117339620226
path:0.09052915573593702
md:0.10217996929733786
recently:0.0675369707058712
on:0.020694237764868974
used:0.040295173639527865
a:0.005700016840189367
are:0.013120640440841337
tear:0.10123058122315635
gas:0.08098305452385718
it:0.00699704958653004
hughes:0.10440229762874881
agent:0.20308432457409997
what:0.037569065428433926
waco:0.07927909611206635
one:0.020067569546441275
code:0.06613290837411624
in:0.003626116365193683
and:0.0038958919845998963
subject:0.0005448358549391489
doug:0.17639344835341983
body:0.07244247191172554
information:0.04977186294864826
the:0.004614814346871753
can:0.017644203927300272
regards:0.08427280810227884
stone:0.10154216228704999
just:0.02396711354012012
is:0.01096622966900669
time:0.03223489734497374
chemical:0.20277155425795432
maryland:0.11836834968747924
s:0.012661964915428944
