go:0.03814573042733583
know:0.02419362991486866
knows:0.03425452363863956
suggested:0.0430594308721111
with:0.005733601733230856
from:0.008299727984609564
my:0.009315826091473542
to:0.00810705388288724
die:0.03693876834737597
that:0.013604102958214776
nt:0.007000770114925867
could:0.014795187797314287
eat:0.04426690425226913
so:0.010017750954754118
anyone:0.032802249992968456
had:0.04512966134359221
this:0.005146886650700186
he:0.1091267887513887
treated:0.09638915132085937
more:0.012464892410007117
a:0.0027382433840125392
how:0.012895715659109061
was:0.017361983021595796
chest:0.05669271952916288
said:0.042970682914969256
doctors:0.048053509606977726
doc:0.05443765648404551
taking:0.033401470923054954
causes:0.041834816660536435
caused:0.039042295873089876
it:0.013445310970194978
money:0.030394311438520883
has:0.02087793086052061
topic:0.04281016520185806
his:0.018082637661816243
be:0.005671188795465405
get:0.012886019365599239
if:0.0065701021545432284
of:0.003812560501288993
electrical:0.04644269537863188
failure:0.04656225687955167
what:0.009023942186241482
but:0.006522384531866767
york:0.036893796151229834
well:0.01649870500150338
one:0.009640303017408064
heart:0.03893120208868252
and:0.005614667860158675
for:0.003189694734432098
subject:0.0002617348714903755
i:0.0037431119067724496
the:0.002216920617614862
do:0.014084665076597974
can:0.008476137180761895
friends:0.03898659162340918
because:0.017301199008769745
cancer:0.05106246484599409
about:0.009657021375704624
doctor:0.04318648130978272
is:0.0026340453616731756
new:0.016901956518466144
hospital:0.04870493215019491
does:0.011945968768014953
lot:0.024299543022209713
run:0.026243474788111714
nothing:0.025047607857852046
very:0.0170906126645436
says:0.025108105337525177
