root:0.021626950033423933
read:0.009729626875098377
choice:0.016190397744714778
out:0.0050565540733066945
ideas:0.015437740931499872
there:0.003938965603335396
proven:0.020357227359213883
philosopher:0.026102576338315323
all:0.008189423439023959
means:0.012165644722913102
knowledge:0.06346388231505812
theories:0.022312057954419144
method:0.03425663453001338
further:0.01522675708618621
times:0.012062129362631015
to:0.0059150178544670855
scientific:0.12686221784389348
nye:0.052007817756246966
then:0.006849271887449799
most:0.007968220875395013
cases:0.01579307123813902
us:0.00884067118534333
been:0.018891507131606512
that:0.0074443052668342665
reliable:0.059730820370526655
nt:0.01225885925703757
sometime:0.02235352538322488
re:0.003209789723417773
submit:0.0225670940937788
described:0.03561689496753934
this:0.0022531435123236865
reply:0.015412860598090748
anecdotal:0.025813128781252952
these:0.00711002563561778
on:0.0021760035417995277
you:0.0023854033880202656
medical:0.017266169408449234
them:0.006291241079537514
answers:0.03597091177899041
more:0.005456734016397965
a:0.0023974319757019656
want:0.008122738058850564
was:0.0038002623781175347
question:0.009369038984322337
doctors:0.02103630034296879
evidence:0.02761981145504787
learn:0.016351992191940907
wi:0.02528693855768071
science:0.02902688606152202
clinic:0.024532042993458975
are:0.011037105263540353
book:0.013346345539414908
reason:0.011468720703899262
recognized:0.021454563588250822
it:0.004414447593218523
not:0.005175193206660642
choose:0.017054950598228577
absurd:0.02227098734919961
application:0.015838488016381668
have:0.013165251840712091
nyeda:0.05397212309898385
try:0.010456608035808551
only:0.005723331494717968
sufficient:0.019636232804539504
completely:0.015437740931499872
after:0.008279887071523396
has:0.00456984752741009
netcom.com:0.013815601608245232
his:0.015832008939959286
be:0.009930665358583198
certainly:0.013200675009680862
if:0.002876182059070426
of:0.007510580558333253
totally:0.017680323178406232
freedom:0.017116002061453243
what:0.00790079058366207
but:0.002855292799357984
never:0.009458966656059487
well:0.007222609056452124
experimental:0.022838248177991384
must:0.009946182092186683
they:0.0040039468862993295
up:0.005765924336276329
now:0.00708976136428431
david:0.021428714500811106
good:0.013905663960167375
rest:0.014019874821771711
in:0.0015251476557466993
become:0.014215548389678746
or:0.0028940405910003663
and:0.001638615512836008
known:0.013978234968525141
subject:0.00011457921412883389
grief:0.02528693855768071
cause:0.013534339628077539
diseases:0.04814587036844441
we:0.005784308608214463
medicine:0.038038234769665176
cnsvax.uwec.edu:0.04993775718271145
any:0.004391790842441233
yet:0.011287848681056497
ways:0.01531475700119783
alternative:0.018687393460791187
than:0.006139919666177945
the:0.004205488896934631
do:0.006165819046407697
see:0.007593930306485734
may:0.007987234023346914
individual:0.016573760477538852
makes:0.011987029537562121
many:0.023860957436627812
is:0.008071709820749558
methods:0.019096450026474983
itself:0.014433716054053133
patient:0.0215919143654447
does:0.005229565726770495
lot:0.010637568189980217
their:0.012992992434177801
run:0.011488559778486673
tradition:0.020127934798383065
whoever:0.021626950033423933
wishes:0.02239539737869855
candida:0.025370277981960114
art:0.019793956161658566
very:0.007481727432546984
shown:0.01772260771249641
physicians:0.025370277981960114
past:0.01417817359185993
backed:0.023127695735053754
by:0.017003184117032895
refuse:0.021557162390197407
doubt:0.014935932613650504
s:0.010651266624137654
