at:0.010876111264869518
resulting:0.06051182691249047
search:0.10536176047838805
knows:0.043135326063472035
literature:0.058408797705734435
my:0.011731040263337052
to:0.005104441333669743
look:0.02927368301575198
class:0.04898974903295064
been:0.03622815770917134
make:0.021729388683329673
that:0.004282773153512059
produce:0.05204295418309131
its:0.025528698222644076
anyone:0.020653268514091248
this:0.0064812646712520865
recently:0.040855698328243074
on:0.0062593682128307395
curious:0.05291694247927771
you:0.006861715918626195
am:0.060530976174124645
sure:0.026938815063693868
a:0.0034481583354231977
want:0.023365407008792364
proposal:0.05818767515553036
variable:0.0655617396218244
have:0.006311735964785838
being:0.024022270739816644
between:0.028677356124029697
gene:0.06638508992427715
doing:0.03309509759463352
references:0.0509798468766872
has:0.03943609162542781
writing:0.04941307092774857
if:0.008273461972387769
key:0.039578300879463894
what:0.011363482753044829
but:0.008213373114202595
using:0.027215068872159513
or:0.0083248328111492
and:0.007070322490570182
for:0.008033305257088246
subject:0.0006591841207905752
i:0.014140644981140364
informed:0.06304817227316713
research:0.076230406926834
the:0.00279167781477427
hello:0.04776902210681199
thank:0.044820917367524866
would:0.01151419316178242
specific:0.0452488430675362
relationship:0.05635784868259895
many:0.02287902503182831
grant:0.05586395566267674
chose:0.06191094648418187
done:0.032699550017539485
new:0.021283945245475885
1:0.02417930730771245
already:0.035873905201201865
especially:0.038583897623423964
