help:0.026098691707826794
thanks:0.024309593230684916
mechanical:0.06450272574293284
to:0.003361461366075197
appreciate:0.046819674822127975
relevant:0.05482918136345811
that:0.004230544212615571
its:0.02521737263456305
me:0.026428992204988896
behavior:0.05180962223072188
internal:0.048323992879516255
these:0.020202877720718812
on:0.006183034454137682
bill:0.0755003384315053
access.digex.com:0.054542224077967924
m:0.03338572468575786
other:0.01682082911990135
also:0.018091428435116665
d:0.02221761246801263
not:0.007352561080194694
components:0.05934593487927388
references:0.05035814142697151
be:0.007054405574847211
of:0.011856133266203576
looking:0.03163274811471517
but:0.008113210027444027
particular:0.04135428595224155
properties:0.19757740778161156
good:0.019756217699506088
in:0.00866730253143856
or:0.008223310459793723
force:0.04358541608310697
rather:0.03138394698674224
and:0.016296231106314202
for:0.003967669059903342
subject:0.0003255726450246134
i:0.006984099045563228
cells:0.06659846058350184
info:0.03591945682185851
cell:0.06771513367527612
any:0.02495822600704408
review:0.05270292054461934
background:0.053987804881909914
normal:0.09200884571996447
the:0.0036768439511661124
would:0.011373776172004586
can:0.010543487712655042
circumstances:0.05917887580173533
interested:0.03508629530993805
dynamics:0.13863944680881368
paper:0.04703229752727555
under:0.029601505208605355
useful:0.04675960020827364
understand:0.03653850320653236
data:0.0357847027220221
