british:0.10368849627283591
access:0.07796225274461688
from:0.019687726847213385
day:0.05914658222704353
think:0.03348251226810593
movement:0.1094721387318784
re:0.008696290762283036
getting:0.06307445516801595
unix:0.09215273060744959
you:0.01292555789322609
jc:0.28742040727401796
old:0.06157937400796102
spite:0.13840186289326525
are:0.014951427479098268
it:0.007973382086976092
public:0.06892429297815333
of:0.00904374816584831
cheers:0.10125959712475224
island:0.11938535351648136
vancouver:0.11466152364616235
in:0.004132086090569546
cross:0.10652116775851506
better:0.052005020262823325
usenet:0.09498136345683143
each:0.05920952086885152
i:0.004439504819660347
group:0.06272362639085222
the:0.005258741930156184
users:0.09183017600595772
hello:0.08998350675934352
home:0.06812472213631043
columbia:0.12671281971740916
is:0.006248200625364277
broken:0.10444749462895271
right:0.04511333939047208
604:0.28397352484826344
john:0.06235996278097315
s:0.014428750717581821
