bottom:0.03867684592973294
at:0.00759452596943475
technology:0.029031617981180542
small:0.025765050864362166
thanks:0.01718436762858761
with:0.00504161531715127
service:0.031401648521365025
my:0.008191502252847425
to:0.0011881027242162335
hill:0.042959379294477254
remember:0.02398813824587269
might:0.018336940826538327
die:0.03248064113303749
that:0.008971671347443366
like:0.020079983853597813
me:0.009341281727625385
anything:0.020010699571719
so:0.008808712046421724
he:0.09595631424691076
something:0.017160873423823473
on:0.008741531469642929
size:0.03104204428505058
sure:0.01881072431171727
board:0.030958590684096073
a:0.00842718006976273
how:0.011339336183009693
as:0.0068975358639398136
hitting:0.04137651108277402
are:0.005542339496562289
no:0.01940940924452603
those:0.01599927288178931
internet:0.02462529261305695
d:0.01570555364118134
it:0.008866950769137205
not:0.005197500073930732
husband:0.04596759393107054
campus:0.04465225265869798
university:0.020261552599988394
reminds:0.04822935483165236
somewhat:0.03708480049450523
has:0.00917909029212544
his:0.015900250357803937
be:0.0049867349753230285
of:0.011733483611725609
what:0.0079348457154882
experimental:0.045873377805793036
necessarily:0.03351088821600174
up:0.011581554916830902
one:0.008476818170479504
gon:0.04121125318529367
office:0.031471878560742766
or:0.023252119231140872
for:0.002804731576828224
subject:0.000230146180103606
cause:0.027185354597776434
ago:0.02466522177038486
any:0.00882144195076558
information:0.02102432141796349
the:0.0032489353878838493
would:0.008040083156072207
na:0.03757158162957223
sp:0.040682210544118746
just:0.010124039340223155
expressed:0.035428957979511094
about:0.008491518795878204
bulletin:0.04718665991425872
carolina:0.04970312895358029
days:0.02567459159094976
spot:0.16640760571400376
tammy:0.05327188583096023
him:0.020659614684166445
little:0.020218437085331588
opinions:0.024617328926896914
three:0.025159379366142005
feels:0.04410097055007493
side:0.027761759298027527
says:0.02207781676230662
north:0.0346047826285416
s:0.01604576588420737
