content:0.0292416970902497
at:0.005438055632434759
out:0.014545396284943949
say:0.011713240581898416
there:0.005665302380105848
all:0.04122515317607431
means:0.01749750136073304
media:0.024391704880834947
your:0.023332078188541897
ron:0.10462465027716136
though:0.015342865442041232
wrote:0.015898610954894202
hamilton:0.03402695717428828
to:0.007656662000504615
otherwise:0.021934474269210098
then:0.009851113270221007
value:0.02304847419602881
2.00:0.03936644752914386
channels:0.03394626531276141
that:0.010706932883780149
consider:0.019878790608464154
re:0.0023082747085072255
joel:0.03371033190029105
description:0.027006421366579637
authorities:0.028738978991853566
this:0.0032406323356260433
jb:0.04019071538485079
posts:0.024833441186226365
on:0.0062593682128307395
you:0.01372343183725239
used:0.012188046347758429
m:0.008449473531580692
a:0.0008620395838557994
as:0.004938976297635916
416:0.03726196242438712
learn:0.023518606053840936
l:0.26521288594934395
success:0.027665482943281527
those:0.011456269470910864
proper:0.05069787784002273
phrase:0.03021197847001768
it:0.010581957708023825
have:0.003155867982392919
placebo:0.03976483346209183
being:0.012011135369908322
try:0.015039442421872794
date:0.022085180183847673
left:0.018051883848768897
real:0.01578761638270523
facts:0.02500053576627709
b:0.018894495966137292
2.10:0.04167937005655998
feel:0.01880417706324801
absolutely:0.024706535463874284
topic:0.026954548460429148
sudden:0.03363364967807774
glad:0.028636380959532325
be:0.007141497001697176
writes:0.00408186661121952
of:0.007201503169101431
short:0.021376406577909058
sit:0.028738978991853566
what:0.0056817413765224145
least:0.014862113473496804
well:0.01038807351946509
easy:0.02045482447073338
who:0.007981807865641039
in:0.002193576566598648
and:0.001178387081761697
usenet:0.025211102645949085
for:0.004016652628544123
incredibly:0.03252092237047932
subject:0.0001647960301976438
purpose:0.02321531785274436
i:0.001178387081761697
rose:0.030434848869043088
back:0.01300220197572554
rate:0.0239794796882176
caught:0.027871754529206493
the:0.00279167781477427
do:0.008868122455635761
would:0.00575709658089121
forum:0.031524086136583564
an:0.005542581102232942
just:0.007249312120159789
about:0.018241040376330953
patients:0.030389626399338936
eye:0.028338438114039525
is:0.004975419016493776
having:0.01615365057049606
life:0.017224563909189566
1:0.012089653653856225
nothing:0.015770716058647584
selective:0.03558989480626736
john:0.016552335799887935
s:0.015319414342123909
