some:0.005987368590427457
go:0.009976575650226293
large:0.015354021127628592
therapy:0.028914911708359317
ideas:0.018446121215587027
there:0.004706558900395627
activity:0.04577644152800588
small:0.030653804105292424
fields:0.1510346605966259
case:0.01267492875541926
with:0.011996459011067637
into:0.009183609758884033
such:0.049308133422251245
several:0.014453596779832803
except:0.01653518676412212
to:0.004947381600326059
association:0.024450905575831825
photography:0.057677873818922316
most:0.009521002379318143
reactions:0.028617541156306246
perhaps:0.0592504930797958
make:0.009026053760767712
that:0.0035579961583023264
problems:0.014067042235342426
like:0.005972508017993196
communication:0.02468032041604409
nt:0.0073238825817686
location:0.023542702433202067
re:0.001917643603990618
senses:0.03095609186026007
personally:0.02009663900054616
communicate:0.029149832405955697
these:0.02548670727844527
certain:0.01690417944492569
pieces:0.02610005236622907
on:0.002600045257637384
biological:0.029230593210920516
3:0.012007517664808306
why:0.009126782462328238
a:0.005013091733807572
richard:0.019159371870660403
hard:0.013867863602951329
other:0.007073374296573901
as:0.016412598158297813
old:0.013579041447909354
experiments:0.028690282874213713
popular:0.021692165621194682
overall:0.023762124357331344
are:0.0032969814441088487
early:0.01796277486560657
caused:0.020422123995154706
care:0.016235984314225113
it:0.0017582329730254972
not:0.009275538593476384
hundred:0.02359668403826354
applying:0.029480799181020163
systems:0.015386754462987746
interesting:0.016759100317545704
states:0.017706973002336836
between:0.011912132543827721
tissue:0.03130990145762905
has:0.005460381917366928
speeding:0.03143347864521397
electric:0.13405076629948137
uses:0.017512795537622753
be:0.005932935970640731
which:0.006625088884705219
krillean:0.030214649661228745
battery:0.024170265064604922
understood:0.04916148097714355
things:0.022920265929643586
of:0.0069799184562060025
electrical:0.0242931021980536
explain:0.018436192451346686
but:0.006823417664106772
years:0.011434745758873812
investigation:0.025515722831104874
in:0.004555889792166422
pictures:0.04769378001672639
clearly:0.01863851475089438
system:0.011462678611500129
external:0.022020637526286222
or:0.0034580074754004377
better:0.011467773698981554
and:0.0029369031883906913
few:0.01172116667131429
subject:0.00013690747124111947
cause:0.01617180068380547
i:0.0009789677294635636
example:0.014417226378245664
cells:0.028005506501780263
special:0.017926724065974474
we:0.00691150720878959
bones:0.030214649661228745
back:0.01080182933367968
cell:0.028475081853193036
will:0.005811822281555305
yet:0.013487532013775198
the:0.0034788600461033215
do:0.007367363270835863
studying:0.029312646243466366
when:0.01341204556762806
invented:0.028617541156306246
can:0.004433671756090838
promote:0.027694611005285724
long:0.012206724333890178
techniques:0.02438720034506999
maintain:0.02343641458439634
is:0.005511233372116182
broken:0.023032011636128034
living:0.018892333405277437
time:0.008100051127711352
2:0.009991843856899532
1:0.010043712266280556
chemical:0.02547642604779426
supernatural:0.03168994234046865
change:0.015241072348258911
disease:0.023332285014341234
useful:0.019663011369633016
by:0.005079156281113672
hints:0.02666004873528031
reduce:0.023384085506579715
