since:0.013250474327176697
at:0.0058342053804929205
there:0.012156013054001952
oral:0.04027748534322828
systemic:0.0867187223379696
case:0.016368285478852686
with:0.007746057970722481
further:0.023495592060141634
active:0.029588225131369987
though:0.016460557626560793
work:0.013411075920465587
post:0.01710316426775616
my:0.0062928096776841145
to:0.0018254293511136832
then:0.010568744038250352
began:0.029680849250408
that:0.013784289752363317
re:0.004952854341432722
anyone:0.01107890562676418
this:0.003476704889876947
mean:0.017506106336621592
amount:0.024625278222694225
fair:0.0279648975947277
on:0.0033576743393330458
syndrome:0.07216756619667011
rind:0.1734374446759392
m:0.009064998093483921
a:0.0036993486777387946
same:0.012861545367739155
basis:0.024683498523430457
was:0.017591943061616933
question:0.014456861479119896
also:0.009824484315758717
evidence:0.02130932473187468
daily:0.029527187680344003
no:0.014910539552086223
taking:0.0902503320305061
causes:0.056518560256618756
caused:0.026372941583146802
it:0.011352828799336821
not:0.003992781513748112
being:0.012886118741226147
ve:0.012086978139254531
between:0.015383217523486129
real:0.0169377076423725
second:0.01820990580564415
after:0.012776249587185108
vaginal:0.04502369513111
minor:0.0287810077962108
quit:0.033317324815553745
heard:0.017898326883575327
be:0.00766173850513207
asked:0.022333118534691596
which:0.008555578361043164
recommended:0.032507460062187694
common:0.044584477346110596
writes:0.004379221132566638
of:0.003863057991372291
what:0.006095643066202855
never:0.014595624045442785
least:0.015944783991433658
seems:0.0312117495282262
who:0.00856326406777383
david:0.03306549985886747
good:0.010728542061983438
in:0.001176686767513182
clearly:0.02406960514188347
and:0.0025284596986145024
for:0.004309256462411576
subject:0.00017680103901998871
grief:0.039018918436686124
mechanism:0.03182879337819473
i:0.005056919397229005
sees:0.0350980504652386
the:0.004991741788006974
when:0.008660095647971761
less:0.018204407659577995
would:0.006176487722545537
major:0.021698198494819815
may:0.012324672367151198
about:0.0065232859623965
is:0.008896444599028606
distinction:0.034822072343380535
periodically:0.038892771450125235
presumably:0.032651957064801194
does:0.008069462346606127
yeast:0.07570815917186677
candida:0.15659006012706508
disease:0.06026219308339789
article:0.00536644291600398
before:0.014080756736573804
by:0.013118350659830014
reduce:0.030197991217106257
