effective:0.01950707938939393
studies:0.04076408595491492
at:0.012767608876151174
superstition:0.02695855326318704
bright:0.025401608327780004
there:0.004433714906169794
agate.berkeley.edu:0.028371055502265267
decades:0.026032623701775483
ever:0.01277015486391237
controlled:0.023442839689576313
with:0.0028252530279688276
miller:0.023003362500176667
4:0.012001301952554005
work:0.009782958763238182
often:0.015011209605211141
my:0.009180814119133346
to:0.001997390087088161
scientific:0.020399514670550158
most:0.00896906021240115
100:0.016321314487106626
bruce:0.044508777195082935
been:0.0070881178126639575
that:0.00167586775572211
jeff:0.02036463424555747
think:0.006955304480814276
really:0.009427032575801573
could:0.007290382392879504
affect:0.023678540965757142
re:0.0018064758588317417
anyone:0.008081713766383532
msg:0.10601722851848196
this:0.005072294090545111
student:0.01943486701530759
something:0.009616721338954215
on:0.002449317996325072
employed:0.027238684942657326
you:0.0026850192725059027
combined:0.024504424048576657
trials:0.027027078069911465
e.g:0.01961002521831544
3:0.011311429684239708
prove:0.01897052338122511
a:0.0040478380459315795
ms:0.04038782533705398
swear:0.028192112160814308
worked:0.01857083980953792
steve:0.015493496844610563
wife:0.03904330461008667
question:0.010545826489599537
doctors:0.047357081931514285
experiment:0.024545538491416795
evidence:0.031088966517034557
washington:0.018546924325673883
hypothesis:0.054334228959854354
plus:0.017274878521640922
explanation:0.022280153553944183
others:0.013025740208059883
70:0.020781820566969113
are:0.012423408340120299
results:0.01769605675781865
no:0.005438385198949323
causes:0.02061425748490201
likely:0.015972989395795785
it:0.0016563064238645988
not:0.005825217474163912
should:0.007936290542190721
have:0.0024698097253509797
properly:0.04160160517393716
whether:0.013804147753052292
treatment:0.02105460613058154
university:0.022708600015445928
doing:0.012950255580508769
discover:0.02638199887848865
worthless:0.026629792571182136
has:0.01543151411429784
degree:0.021407992032202863
heard:0.013056267436810988
be:0.005588997653502138
which:0.006241025760954192
sort:0.015156817911405942
writes:0.0063890086088653365
if:0.003237441641369127
of:0.006575285502223045
trying:0.013025740208059883
even:0.016223762780348074
department:0.016753988322188097
clinical:0.027536066068258456
years:0.010771861946765186
settled:0.028192112160814308
using:0.010649374776062419
double:0.021343721666858117
well:0.008129796667407463
who:0.01249326448535119
pope:0.025976774318195405
good:0.00782613454763043
one:0.014250882721385832
in:0.0034334241911978835
useless:0.023186837128511044
or:0.009772629821783846
and:0.0064555118392162535
sensitivity:0.02575961785509267
for:0.006286934549025584
subject:0.00012897080624163428
grief:0.028463075767824177
blind:0.024799856044486465
i:0.0009222159770308934
drug:0.020688013388915485
pretty:0.013903478535843606
program:0.01341368807915012
the:0.0032771869999524044
do:0.0069402697478888565
harvard:0.027167114479927177
would:0.00450555384591486
symptoms:0.024932218238631947
simple:0.015938108970803094
last:0.010532186241833323
an:0.004337672166964911
reaction:0.022797760498153498
makes:0.013492646774164126
people:0.01454370183645524
dozen:0.024887693334743426
five:0.019183490884278342
is:0.003893806186821216
living:0.017797125671638162
lack:0.01874164762754873
hospitals:0.02731133169321066
events:0.01965482539602234
study:0.053701063020794186
does:0.005886419392934904
mass:0.020347288022703705
advanced:0.022332099407935787
almost:0.014598999663113855
article:0.003914651595732372
by:0.004784712438730271
200:0.020077898773822284
thesis:0.029852844233774815
nations:0.022855616493548257
plenty:0.022518438899656754
