taken:0.012820549804508407
above:0.010593992335130526
some:0.022714725197146967
ask:0.01134071044496641
choice:0.014678453986453475
effects:0.01673866481464049
there:0.010713373372495885
k:0.014741871814208805
means:0.011029553386921217
with:0.006826778717387712
lawyer:0.02066342766290964
meaning:0.01535387756764316
such:0.014965114423873918
alot:0.019704190308986395
from:0.006588110929417709
name:0.032243959212026274
my:0.003697331756149032
to:0.007507699704774954
obviously:0.014326432221112672
hoped:0.0231567319237759
that:0.008098940671622026
bit:0.0106034404593607
like:0.009063339015631697
really:0.0075929795454899845
nt:0.002778515765456959
could:0.005872020059634464
me:0.004216298367332859
generally:0.015045717872463421
re:0.0014550214115882122
practice:0.015978708579929342
so:0.003975916721342102
had:0.0059704610337826276
this:0.008170932892940373
discuss:0.034805154664539845
describe:0.018181386799544282
off:0.008495943377262064
something:0.007745763880013708
big:0.01080070254423174
certain:0.02565225674521797
on:0.001972796985366887
you:0.008650567928540418
possibly:0.015085422814775646
used:0.007682737386524769
formation:0.022851394898711717
vs:0.013294209902970203
bill:0.012044801072730418
more:0.0049471557424930965
a:0.007064028652141298
was:0.01722687031325653
as:0.0062265693402102605
technically:0.02160560685359005
standard:0.01184453128584528
implies:0.020191206429429998
let:0.008969407559349513
question:0.008494109273724142
also:0.005772362380076134
solution:0.03027126123138715
are:0.0025016007066195546
no:0.004380333603822995
those:0.01444292337966973
reason:0.010397711766570148
it:0.0026681356399997818
should:0.006392265144877353
discussions:0.01867577932140773
have:0.003978603993366948
being:0.007571221517218476
between:0.009038388506017143
grew:0.021768891674987058
after:0.007506668045388916
feel:0.01185321667021859
topic:0.03398160973221418
be:0.004501644024416119
which:0.00502681841446505
writes:0.002573005412519698
were:0.006036199601059529
things:0.008695431627004863
if:0.005215178363917582
of:0.003782890769761452
trying:0.010491549506102708
wm:0.02105946927501058
what:0.010744460346264178
but:0.005177301340470119
oh:0.012566989043352036
well:0.006548124164020797
cares:0.019704190308986395
up:0.005227472258180485
sounds:0.01386266367144295
over:0.007805216935872988
one:0.003826112481617208
in:0.00414816424656398
conversation:0.019420506375880994
or:0.002623779991062589
rather:0.010013555069699857
men:0.01366380759777176
and:0.0007427965262466729
for:0.005063795531705432
subject:0.00010387920969656924
each:0.009906651351597726
i:0.0037139826312333644
period:0.014751016473138584
group:0.04197845812928631
person:0.010915153459431327
we:0.0052441397109492995
back:0.008195940545009873
similar:0.012314234583138914
limited:0.030210856520605133
mention:0.029374901278419633
water:0.015953685660356227
drug:0.016663108060332707
than:0.005566541954161328
the:0.0026396019805064114
originally:0.03540696947701588
do:0.0027950113576128274
see:0.006884769499654382
original:0.012008435849313149
dad:0.022434097115234683
intended:0.015830929404578305
drugs:0.1181493465607809
level:0.013698580399197467
would:0.010886960849467425
effect:0.013487834453783681
william:0.01584303221552925
may:0.007241344464746424
thought:0.010445861498800437
just:0.004569605305314731
here:0.007005450994643564
people:0.011714187860491186
many:0.014421797879985163
about:0.003832747783353586
including:0.012373415200506731
imply:0.03730151280366923
reality:0.01630588024222717
hit:0.013928802100892642
is:0.00418167512670294
col.hp.com:0.022707265436920476
query:0.022434097115234683
recent:0.014778580110836659
days:0.01158853161303569
does:0.00474120161220827
their:0.005889819527555308
conception:0.023236962613280707
every:0.009463612945281696
article:0.0031530462269128445
difference:0.012479197847604618
comes:0.011767223102122614
apply:0.015562474651710791
range:0.015562474651710791
