some:0.0072517818331264226
at:0.00547183237549336
out:0.007317870180623974
effects:0.026719483586103144
computing:0.02709603403216796
ideas:0.022341575385338323
there:0.005700490593646878
202:0.03735688823622321
way:0.01076007962451269
someone:0.01368607524635416
mentioned:0.021833314402433777
wheel:0.03018319118517203
gain:0.08544605646881835
prevent:0.024987686162538332
my:0.011803903867457157
to:0.0051361459382266985
obviously:0.022868901123142587
bizarre:0.0362470013496184
most:0.011531648844515763
been:0.009113294330567945
that:0.008618748457999424
like:0.00723378300315946
really:0.024240940909204048
nt:0.01774108203037114
and/or:0.025099267249341427
me:0.013460728949124779
re:0.0023226118184979535
so:0.019039949019594785
had:0.009530487488708914
this:0.0032607604867789996
getting:0.016845972498289976
tell:0.029938199423881397
dyer:0.07644994966965336
more:0.007897012582737428
a:0.0026021816009560157
how:0.008169956504528722
was:0.021999034387612065
steve:0.01992021022878501
following:0.017001952006458144
said:0.013611831233934361
definitely:0.026433861764725362
washington:0.023846045561580705
it:0.006388610492049167
not:0.007489565323925029
have:0.003175469646879831
due:0.020590947111170696
whether:0.01774818996821009
has:0.006613506048984788
seas.gwu.edu:0.07741841602331438
which:0.024072527935109028
common:0.02090762757535
writes:0.008214439639969718
if:0.004162424967474591
of:0.002415411000816629
even:0.010429561787366618
but:0.004132193927021181
sense:0.02041193817616764
they:0.0057945318292406435
find:0.013145631911014845
now:0.01026033787502015
george:0.024734870677361284
rest:0.02028963250604229
in:0.002207201265770068
or:0.008376539847243295
tends:0.0322901211390041
cross:0.0568995057592068
and:0.002371412512365154
subject:0.00016581960802495836
al:0.023664684352311997
cause:0.05876089068339255
i:0.0035571187685477317
linked:0.07295414272011069
barrier:0.08044477729856594
any:0.02542328611897658
the:0.0032771869999524044
do:0.008923203961571386
original:0.019168745424058876
can:0.010739950216617557
effect:0.04306053980897398
an:0.005577007071812029
reaction:0.029311406354768782
doctor:0.054720758926681205
is:0.0066750963202649415
weight:0.08282492610565118
et:0.028259599862090316
having:0.016253983803853175
mostly:0.025348130557396622
does:0.02270476051560606
smell:0.03683899004405519
too:0.012127440173071406
dreams:0.03376634257923466
taste:0.031998462858955835
article:0.01006624696045467
side:0.0400045227151701
facility:0.031719887913829424
poster:0.028290890508239117
