since:0.012200131850022448
reference:0.04550772028071164
read:0.013823189401816597
hmmm:0.030292091947072445
geb:0.06305209229340399
there:0.01678863998006977
oral:0.03708475784650897
story:0.021921082487881733
knowledge:0.022541287468610584
where:0.011264980477035133
among:0.02100308212186479
your:0.015365027099771495
with:0.003566020590180167
mentioned:0.02143392450482828
shameful:0.03238110310590108
my:0.0057939893983554955
to:0.005882557390631596
1987:0.031033598850089442
look:0.014458343440706772
cs.pitt.edu:0.03124757031235328
that:0.004230544212615571
provide:0.02059119316026472
like:0.007101457704321178
nt:0.01306241253150802
could:0.00920188509345157
me:0.013214496102494448
re:0.0022801250169400644
behavior:0.02590481111536094
lost:0.021368941001938112
this:0.006402224858188037
off:0.013313764926563113
these:0.010101438860359406
starting:0.02391171940778791
you:0.013556072912407851
numbers:0.021510624396333528
am:0.009965465589642473
great:0.015373479809345591
reader:0.03141312512373103
m:0.008346431171439465
a:0.0008515269060038994
as:0.004878744879372064
cited:0.0316410978802653
sci:0.06970690265214563
no:0.006864303269405548
base:0.02348558448422592
works:0.018141012155797196
it:0.020905818886583657
not:0.007352561080194694
encourage:0.03135743924834523
have:0.006234763574971377
only:0.008131318526032235
gordon:0.05471358692498806
left:0.017831738923783914
constitute:0.03604435835241895
suspect:0.023671311359132682
references:0.025179070713485754
chuck:0.06077180485560197
cadre.dsl.pitt.edu:0.03322348321858899
writes:0.004032087750107088
of:0.002371226653240715
but:0.008113210027444027
associated:0.02774265596217403
saying:0.018393629140027068
banks:0.05755044418436311
find:0.012905163034593842
good:0.009878108849753044
diet:0.03108639191559624
surrender:0.029800447225120565
one:0.005995798218144039
in:0.00216682563285964
wash:0.03580980785956653
or:0.004111655229896862
and:0.003492049522781614
subject:0.0001627863225123067
until:0.017446132471735636
i:0.005820082537969357
back:0.01284363853699718
any:0.00623955650176102
intellect:0.03193859888129842
the:0.0036768439511661124
do:0.004379987310405468
benefit:0.027621307460239306
responsibility:0.026449810162126036
can:0.005271743856327521
page:0.025638693495044433
ny:0.051234065019303894
n3jxp:0.033074754845880704
shared:0.030481178756478305
is:0.01310598179954458
weight:0.13551639332327073
new:0.010512192468802115
study:0.02259373992948048
does:0.007429809843521496
tradition:0.0285963951708735
chastity:0.032858250647972716
too:0.01190559675527132
index:0.03135743924834523
show:0.018354077254480686
article:0.0049410541482719575
researchers:0.03438053526298821
usual:0.02615939522926473
skepticism:0.03238110310590108
