some:0.014238254574797002
go:0.011862391779232482
effects:0.026230712544893942
ideas:0.02193288803072848
there:0.005596213326689923
all:0.005817486772233483
mentioned:0.02143392450482828
gain:0.02796100628349544
my:0.011587978796710991
to:0.004201826707593996
bizarre:0.07116789289376295
most:0.011320704048579499
hang:0.03238110310590108
that:0.010576360531538927
think:0.00877895138736924
like:0.014202915408642356
really:0.03569626359495596
nt:0.01306241253150802
me:0.006607248051247224
re:0.0022801250169400644
so:0.012461104846157563
had:0.0187122986058797
this:0.0032011124290940184
getting:0.016537814464784674
he:0.019391868384393114
something:0.012138178763192212
these:0.010101438860359406
you:0.003389018228101963
dyer:0.07505147498057435
more:0.007752555035492231
a:0.0017030538120077988
how:0.008020506080665393
was:0.026995766283578828
steve:0.019555816139234065
said:0.04008850296335546
definitely:0.02595031551293161
taking:0.020774085574095155
it:0.01463407322060856
not:0.003676280540097347
have:0.0031173817874856884
made:0.028360726242902458
due:0.020214283444502944
after:0.011763498095517995
doing:0.01634574942173973
feel:0.018574857830769377
seas.gwu.edu:0.07600222548630255
be:0.0035272027874236056
which:0.00787739227144828
common:0.02052517097336189
writes:0.008064175500214175
if:0.008172566094675723
even:0.010238777120524546
but:0.008113210027444027
they:0.005688534295778925
now:0.01007264876755027
rest:0.01991848069190737
in:0.0032502384492894597
tends:0.031699448191339394
cross:0.05585866114166034
weeks:0.04439713274796476
and:0.003492049522781614
few:0.02787350610861325
for:0.001983834529951671
subject:0.0001627863225123067
al:0.023231793784891656
cause:0.03845733089441545
i:0.006984099045563228
linked:0.03580980785956653
away:0.01688404625807116
barrier:0.07897322649432388
any:0.01247911300352204
the:0.002757632963374584
original:0.01881809764191146
effect:0.04227284700759032
did:0.01002384782587174
symptoms:0.03146932424022447
an:0.005474988649766688
reaction:0.028775222092181554
about:0.006006196221474826
doctor:0.05371976943411997
is:0.003276495449886145
weight:0.027103278664654146
et:0.02774265596217403
having:0.031913309663662945
mostly:0.024884445242322296
time:0.009631158353071425
keep:0.01615496697637757
does:0.022289429530564484
first:0.011448505057262446
too:0.02381119351054264
dreams:0.06629733116166805
him:0.014612898191239681
article:0.009882108296543915
side:0.03927273266550236
seem:0.01682751557863255
poster:0.027773374218454258
