join:0.07278738143640082
andrew:0.05976917712971426
access:0.05321233123838929
such:0.03052408259472696
to:0.01093808857214945
t:0.04089322309524511
anything:0.036845097624117515
reply:0.057003119354843555
on:0.01609551826156476
medical:0.12771484038630704
etc:0.07372457103042017
libraries:0.07959978833680526
m:0.021727217652636063
other:0.021893777584633504
as:0.012700224765349499
services:0.1268781469035971
are:0.010204942565098817
internet:0.09068361724173353
care:0.050254237163077725
robinson:0.09546760327034821
businesses:0.09234521764739496
be:0.009181924716467798
which:0.02050622750027806
of:0.006172717002086941
andy:0.14227962656544785
available:0.04287402901292428
reasons:0.0577226107269223
what:0.014610192111057638
please:0.03040341836357547
in:0.0028203127284839756
resources:0.07005959958042209
or:0.010703356471477543
and:0.00909041463073309
for:0.0051642676652710155
subject:0.0004237612205082269
i:0.003030138210244364
special:0.055487479251825754
directly:0.05765873532533936
information:0.038711448960059756
institutions:0.09263122567124701
the:0.0011964333491889729
interest:0.11596142846564715
would:0.014803962636577397
maine.maine.edu:0.10279054877038982
including:0.050475677881432215
interested:0.045667876435157455
hospitals:0.1794744654125272
online:0.08038058586364291
