there:0.013905742205714356
case:0.03744865314101145
saw:0.051475463380840226
thanks:0.030202827953275196
with:0.008861020860447688
ca:0.03115982721352002
such:0.029136624294966645
to:0.004176361091184336
she:0.10045886317874189
problems:0.0415617156953299
like:0.01764604641679808
nt:0.010819371995794523
avoid:0.05858711353368332
eat:0.06841248838987049
certain:0.049944166541825895
apparently:0.05740395539775247
a:0.006347746026574523
as:0.012122941821469977
question:0.03307554671738037
advance:0.047931836616312874
course:0.0370629060590912
are:0.009741081539412508
fresh:0.08372139831795034
has:0.016132946574038652
foods:0.08312714508835517
minor:0.06584745723072472
without:0.03404864370912871
of:0.01178427791307507
what:0.013946092469645928
but:0.010080048821975914
fairly:0.05945767497345282
who:0.01959171021566437
diet:0.0772449738508755
in:0.005384233390742136
and:0.005784809310466513
for:0.004929528225940515
subject:0.00040449934684876206
i:0.0028924046552332564
suggestion:0.07012370674109163
any:0.015504352519527384
the:0.0022841000302698576
her:0.05009710310499588
wants:0.05334144185748105
friend:0.052624233631709184
people:0.02280716878898663
is:0.008141594754262543
disease:0.13787259326656184
tea:0.09250652703390401
seem:0.04181382658932936
john:0.08125692119944987
s:0.028201649129819015
