believe:0.021300704709120984
effects:0.08434974230122758
your:0.012352276688051594
such:0.018853109837919595
name:0.02708071084147305
my:0.009315826091473542
to:0.005404702588591493
dod:0.034288863153847424
then:0.015645885782115718
us:0.02019486653122545
t:0.025257578970592567
family:0.0386320300894085
perhaps:0.02831825036902005
knock:0.05341814948871171
that:0.003401025739553694
equivalent:0.04626604336389975
re:0.0036660833605702994
dream:0.048855764687836874
mean:0.02591590251793981
best:0.02387427529373955
on:0.00497067475724794
you:0.010898019400171016
disclaimer:0.036804465951707714
inc:0.03589230878239609
a:0.0068456084600313485
member:0.039126450223005475
richardson:0.057576553813420694
other:0.0135226273316854
as:0.015688512945431735
truth:0.03524566203933926
let:0.022599389634831615
learn:0.07470616040631826
are:0.006303052760796329
it:0.006722655485097489
not:0.005910882437019264
made:0.022799799528607854
probably:0.04680830813782762
shall:0.038821353078752494
has:0.010438965430260305
heard:0.026496542739410534
be:0.005671188795465405
seek:0.047642095890320556
neal:0.23419213300443692
writes:0.006482964617819238
of:0.003812560501288993
called:0.026296612704477782
one:0.019280606034816128
in:0.001741957861710691
or:0.006610896644147895
rather:0.025230231891302583
and:0.0037431119067724496
subject:0.0002617348714903755
i:0.0018715559533862248
we:0.013213175546215391
info:0.028876426072474485
similar:0.031027042037908834
howard:0.10290157945855771
any:0.02006445620174132
information:0.023910012592978088
will:0.011110836714738082
than:0.014025502766857462
the:0.0014779470784099078
strong:0.03539855280363245
may:0.018245348308233635
just:0.011513613367312606
is:0.007902136085019527
91:0.04580996477924393
chemical:0.04870493215019491
article:0.00794444000310393
ass:0.04777732453867679
opinions:0.02799617799529453
side:0.06314439369747438
by:0.009710151713893785
mine:0.03201214749803908
tx:0.04644269537863188
s:0.006082708635843316
august:0.04900895407904355
