out:0.012401864200846945
help:0.022527291789913653
posting:0.03472830059953937
tried:0.032609095295122854
where:0.019446913665618543
access:0.035288177558089745
your:0.01326244444401329
with:0.012312155300832576
literature:0.04980118541225778
someone:0.02319429594382126
from:0.01782257377747738
post:0.027185029520328214
name:0.029076131640318432
to:0.005802943831961393
might:0.0671711095540562
been:0.015444635654962518
me:0.022812393271674624
re:0.003936215818717585
anyone:0.01760962894359359
this:0.022104523720901853
md:0.052703352584942686
recently:0.034834858574607254
you:0.017551547033959638
medical:0.042347552338617596
m:0.014408575917011284
also:0.01561575928083754
helpful:0.04889056180268639
internet:0.030068778348574802
seizures:0.12956254628225466
reason:0.02812854656851082
it:0.010827013570735957
have:0.005381585401554241
being:0.020482146630791034
be:0.006089065864604961
writes:0.0069606567475532875
but:0.0070029812868464235
associated:0.09578517005887455
please:0.020162266914792153
find:0.022278386712351474
who:0.027222165773344173
over:0.02111516581599324
in:0.0018703126515209523
or:0.007098015344243003
message:0.034182314616418116
and:0.00401892015253463
subject:0.0002810205988633505
i:0.00803784030506926
back:0.02217217600071092
any:0.02154288981660647
information:0.025671802994565944
actually:0.02572962239053773
will:0.011929529946350362
the:0.0015868484420822168
can:0.009100694657239087
gather:0.059999638696100005
newsgroup:0.04046488253236157
about:0.010368591371809174
is:0.0028281329146385673
having:0.027546225183372224
2:0.02050957423258325
1:0.02061604096762851
disorder:0.1290427018066679
e-mail:0.05788833214004772
article:0.017059639585612654
very:0.01834992096614155
give:0.02487617127743165
by:0.010425636577022801
s:0.006530908219537035
