above:0.009229342475012017
go:0.006594685599302126
ask:0.009879873167309719
at:0.023890576608933723
there:0.0031111152053462624
attitude:0.014902925528321096
know:0.004182627544604413
hours:0.013275167378137701
till:0.016945468868008278
own:0.007683019103552526
cut:0.012410222019675936
with:0.003964931368064728
extensive:0.017965442780511962
response:0.011903723907211328
from:0.0028697364556955103
gain:0.015544423832180514
several:0.00955407244768609
name:0.018727000039527125
my:0.009663195877935267
to:0.007007792339444903
justified:0.01716602342172713
look:0.008037858726359018
us:0.020947895452728772
t:0.05239877400000899
director:0.016763595262949564
speak:0.024308019082294196
next:0.009079254317793814
badly:0.017721965714168723
she:0.03371331340574728
that:0.00235189576565747
quite:0.009004065702065767
son:0.028929839317794685
its:0.007009574766217525
advise:0.0203150942400372
me:0.011019545902419098
re:0.0012675949246717644
behavior:0.01440131872175998
had:0.005201384697227577
this:0.0035592029720096204
finger:0.03373265052247763
describe:0.015839377652484343
off:0.0074015506710384754
on:0.0017186739838619997
you:0.0018840643708770233
tell:0.008169576452957466
took:0.011442039581073489
went:0.011059190729613843
am:0.005540123243055476
them:0.009938028281574513
came:0.010232971974501515
posted:0.011570782794853882
a:0.002840347374602837
speaking:0.014289760301119987
same:0.006583367289927499
want:0.012831172662455467
was:0.009004689499336124
as:0.005424502781132328
old:0.008975976550312962
pissed:0.018776390879040213
private:0.01203281736838831
said:0.007428829927672651
local:0.010360621870901532
minutes:0.013509041518771437
clinic:0.11625693594866321
emergency:0.05632917263712064
reasonable:0.012672227695274738
works:0.010085172859494035
care:0.04292904327151047
requires:0.013607304355629917
it:0.0011622217957287186
not:0.01430633918654832
should:0.005568854719435524
have:0.001733052925924247
being:0.013191891050339986
completely:0.012193198769625322
charge:0.013953398830284187
always:0.009006630840673584
doing:0.009087128492085815
open:0.011203256199163942
shows:0.013099032669898003
his:0.01250460367122208
be:0.00588265685224547
asked:0.011431528470299766
writes:0.0022415674271781772
get:0.004455505000986855
were:0.00525865524566881
if:0.0022716963381810484
whatever:0.011203256199163942
of:0.0013182412580728044
even:0.011384131849261191
saturday:0.0168925016886758
what:0.0031201427220224785
but:0.004510394727121426
year:0.00838901937698187
they:0.0031624394051109955
who:0.013149690246445914
up:0.004554102950347067
in:0.003011520371093059
minute:0.015160889404723286
or:0.0022858015515358826
and:0.004529799832941574
complain:0.017252576987846335
few:0.0077478898335806325
for:0.001102877501396861
subject:9.049815895599423e-05
outside:0.012219578906717033
i:0.003882685571092778
6:0.009960507229014218
away:0.009386385038385323
we:0.009137246818399796
back:0.028560769085661523
room:0.05407496244499804
angry:0.036150785735621575
turned:0.01331151979631728
the:0.005365699393142411
see:0.017993753505876366
when:0.004432794721504189
would:0.012646096896330523
her:0.011208165440439755
because:0.011964218975556027
physician:0.018685990041473567
did:0.016717739424843715
last:0.014780763064810154
an:0.006087445007198215
during:0.009926676304415153
here:0.006103053917367444
doctor:0.13439047404196794
patients:0.03337708119791802
general:0.009994679196906954
is:0.004553773337129897
patient:0.017053952702198696
questions:0.010251445211001735
center:0.01107332485922986
evening:0.01800169799785687
appropriate:0.013708500840883073
their:0.0051311309104464875
told:0.03152765864470301
stsci.edu:0.020173830862408156
pm:0.03524548815850617
nothing:0.008660528818647147
knife:0.020947589004716567
him:0.008123780689367146
three:0.009893179682957534
give:0.008010970411376293
going:0.007382426047626042
realize:0.013266139861461487
refuse:0.01702650453191863
bothered:0.01886926875764399
trips:0.01954428121564513
s:0.0021031738334102317
