another:0.023099013858214362
all:0.0099382065692322
beats:0.059210597074597505
your:0.013124293981054818
with:0.006091951841557784
much:0.018199967391249284
from:0.017636921967295324
work:0.02109450483323233
often:0.03236792071123652
my:0.029694195666571915
to:0.0028712482501892307
sharing:0.057284322715284886
die:0.07849488273817393
make:0.01833417170155941
she:0.034532734217692526
that:0.0072271796965516
really:0.020327038991572143
could:0.01571988703464643
me:0.01128738208754734
re:0.003895213570605943
lost:0.03650527421164427
he:0.01656388757833578
617:0.05425386889886872
you:0.005789572806340852
serious:0.03746868371916115
concerned:0.041937387943310714
more:0.01324394818563256
a:0.005818767191026646
low:0.035372859791456455
want:0.019714562163668556
said:0.02282817529857742
blood:0.043507017858422925
question:0.022739438368199003
doctors:0.051056853957413835
perry:0.050691319376046436
mind:0.031558914614688925
lie:0.047498923685240044
caused:0.04148243936515799
it:0.010714232179374124
not:0.0062803125893329675
have:0.00532552722028805
writes:0.0068881499064329405
get:0.01369139557594919
of:0.0020254227663097776
but:0.01386006713021688
seems:0.02454674051438623
box:0.03300561469486049
in:0.003701660456135218
promise:0.051909249980826674
or:0.007024077684407139
tends:0.05415322399353813
and:0.001988528200472864
few:0.02380861980110715
i:0.007954112801891455
back:0.021941215834036847
eliot:0.06220728532930356
house:0.03581116608843949
yet:0.02739654940298087
repent:0.06335312798778614
the:0.0023554781562157906
harvard:0.05857909059734298
less:0.028634016214544554
level:0.036672241277018215
nobody:0.04175301734852528
last:0.022710026583953102
just:0.012233214202769644
doctor:0.04588563639164414
worry:0.04579544823807003
general:0.030712816282161992
is:0.002798673196777749
too:0.02033872779025517
article:0.008440967503297927
very:0.018158775956077573
opinions:0.02974593912000044
bad:0.02854792757027483
comes:0.03150183684630741
before:0.022147856950235877
s:0.006462877925583524
