some:0.011913641582993408
health:0.08502748163781125
at:0.008989438902596235
there:0.009365091689562729
region:0.04897627842450802
know:0.012590562506717364
ca:0.02098518975604409
service:0.037169298249779006
post:0.026352834739093677
uicvm.uic.edu:0.11069917948417213
to:0.0014063256735620722
might:0.02170495036610659
appreciate:0.03917564627973973
enough:0.02481784211160608
been:0.014971840685933052
control:0.06223743408042905
responses:0.04526457786796851
re:0.0038157194161037807
oakland:0.05753477329724557
contact:0.03551094182633232
md:0.05108998464866893
management:0.0462234124844821
you:0.017014254777818014
inc:0.03735730097759593
closest:0.05753477329724557
ms:0.04265448900392946
plan:0.03985269589223067
care:0.032306295319121395
it:0.00349852479326502
have:0.00521684299130258
area:0.03273945963938109
suspect:0.03961321492752815
doing:0.027354111277197092
quality:0.1569046465540551
regarding:0.04037751399051915
anybody:0.031016276988905047
writes:0.006747575418546554
if:0.006838269589422543
of:0.005952262823440979
dr:0.03998821025618878
central:0.04673887973077701
now:0.016856269366104532
president:0.038423042440530596
in:0.01269140727817789
system:0.02280839111471964
office:0.037252427684144496
or:0.006880729160235564
total:0.03735730097759593
and:0.0038958919845998963
for:0.0033198863562456525
subject:0.00027241792746957445
i:0.005843837976899844
we:0.013752488833816018
medicine:0.04521892194557135
howard:0.10710164392625393
any:0.02088341359773076
information:0.04977186294864826
will:0.011564340254115147
the:0.005383950071350378
interest:0.03727331629252944
thank:0.03704586027315831
would:0.00951683312351404
is:0.005483114834503345
either:0.025546558235850593
time:0.01611744867248687
does:0.012433559329974746
delivery:0.05708780775991503
article:0.008268702860373478
ac:0.05247571466049608
