there:0.013496749787899227
adult:0.08227360530105403
your:0.01852841503207739
simpler:0.17626331767091102
post:0.037979085359282065
male:0.07067864411922652
that:0.005101538609330541
circumcision:0.29993726315283575
really:0.028696996223395967
re:0.005499125040855449
off:0.032109668352299274
friendly:0.07617148982954362
more:0.018697338615010675
a:0.004107365076018809
same:0.028560196331303123
as:0.023532769418147602
step:0.06116942110562282
pain:0.06510294118112667
it:0.005041991613823117
not:0.01773264731105779
whose:0.05504090368383778
after:0.028370789524484578
details:0.056100321798387275
be:0.008506783193198107
writes:0.009724446926728858
of:0.00571884075193349
short:0.0509261450826657
what:0.013535913279362223
but:0.009783576797800151
result:0.0519853229560515
good:0.023823674284698518
called:0.039444919056716675
in:0.0026129367925660364
and:0.005614667860158675
for:0.009569084203296293
subject:0.0003926023072355632
howard:0.07717618459391828
will:0.016666255072107124
the:0.006650761852844586
see:0.026020378844282002
can:0.012714205771142843
an:0.013204384390613775
about:0.014485532063556935
n:0.053838463173594135
is:0.01975534021254882
done:0.03895093457971615
first:0.027611100432221192
procedure:0.07434718617263217
article:0.011916660004655896
usual:0.06309030614116788
