ask:0.04626289816438678
send:0.04656106541073369
your:0.05999677248482202
with:0.009282974234754719
to:0.00218761771442989
social:0.06891813003136993
foundation:0.15795447466874443
workers:0.0874978898767413
on:0.00804775913078238
you:0.02646661854327247
etc:0.036862285515210085
support:0.043475496976722317
a:0.0044333464312583965
infant:0.09653809979091223
local:0.04851402304628495
also:0.04709514703744655
area:0.05092804832792614
able:0.04186452739858205
types:0.06503011447588697
references:0.1310910348257671
be:0.009181924716467798
of:0.006172717002086941
america:0.06250378657883274
they:0.029616496016118845
who:0.02052464879736267
good:0.025714442085071412
in:0.005640625456967951
parent:0.08572141501636057
and:0.00909041463073309
for:0.015492802995813047
subject:0.0004237612205082269
group:0.04281136404454992
information:0.07742289792011951
will:0.01798897372862356
the:0.003589300047566919
can:0.02744653944246709
put:0.03948348094518697
here:0.028577792152752315
is:0.004264644871280379
number:0.03971848965710727
touch:0.07578089206826669
questions:0.048002799003897006
give:0.03751168684692074
answer:0.04819477844648978
