taken:0.026571623385150487
above:0.02195690346877859
k:0.06110743639115585
wave:0.039702576424942806
where:0.014898845147046466
with:0.00471634981281893
hell:0.027527265520015286
matthews:0.10051907241736788
previous:0.028009672739458112
from:0.020481586800730055
my:0.007663018236534687
pulse:0.0479941943904065
to:0.0011114509355571215
hudson:0.04511778355219092
most:0.014972544064250306
that:0.008392853841156697
dirty:0.04309105429186103
bit:0.021976485468191125
through:0.019108574951813118
need:0.015493564447558356
re:0.003015649215952988
harry:0.042081674106748075
had:0.012374261981307541
describe:0.03768239038292646
getting:0.02187259332439263
you:0.013446749743759399
nelson:0.04282662023683691
concerned:0.03246765518191797
more:0.020506758480979447
a:0.0033786390141445043
was:0.007140815597591819
part:0.01975179122913933
standard:0.024548746294050294
no:0.009078594646633143
likely:0.026664587136530065
model:0.029507673480512496
instrument:0.04265502831387494
it:0.00829488942919287
not:0.0048621774885158455
should:0.026496970036023863
have:0.008245977631413756
fresh:0.04456138942729614
probably:0.03850360830692272
only:0.010754324502171666
ve:0.01471882015344705
heard:0.02179554322112802
writes:0.005332761217883567
certainly:0.024804494171416457
were:0.037531531390458846
if:0.005404438869059752
of:0.004704207715300128
electrical:0.03820286232758429
raised:0.036491777489329164
even:0.013541608449726013
kept:0.03220786792398527
but:0.005365187276212986
nerve:0.04886218361776429
never:0.017773703474692423
shut:0.03805755179933689
they:0.015047090717866833
aids:0.043647448416755795
in:0.002865801643459524
system:0.018025986526149396
yes:0.021506821536321684
or:0.005437995626637784
clean:0.03501485638690569
and:0.0015395057035918946
for:0.0026237811525167258
subject:0.00021529803945176046
i:0.0076975285179594725
we:0.010868902465435242
back:0.01698674774248014
than:0.011537107114673073
the:0.004255057314454331
trace:0.04424509335347936
an:0.007241114020659167
about:0.00794367887356348
disclaimers:0.04404091748263832
is:0.002166714732989225
done:0.021360189930812082
detail:0.038811794202649984
patient:0.04057190360603722
matter:0.024362121063714052
light:0.05632604331945634
procedure:0.04077103757854022
leaves:0.040187806436769044
mouth:0.03897149280987723
testing:0.039702576424942806
understand:0.02416255857206172
while:0.017502762144181633
apply:0.03225448375394898
