some:0.0038405818260965592
go:0.006399448196691207
at:0.005795822450358099
out:0.0038755825627646706
round:0.014475929907892232
correct:0.010763873158491607
mark:0.009880341987803257
there:0.0030190098209774583
help:0.014079557368696032
take:0.006992595823472708
where:0.006077160520505795
switch:0.02797443040796168
with:0.0038475485315101797
way:0.017095784403419835
from:0.008354331458192522
prevent:0.03970083031745399
wisconsin:0.020006250943511415
avoided:0.018965667627024056
my:0.006251409614015139
to:0.007253679789951741
then:0.005249606413736194
areas:0.013540304785966564
apart:0.015153481709510143
day:0.00836612840711471
legs:0.05624966127759375
make:0.005789738432071393
that:0.003423400908892863
helps:0.013914382553068955
nt:0.0023489426043501265
me:0.00356443644869916
anything:0.007635661678682249
re:0.0024601348866984903
wait:0.012076973043125386
so:0.006722438140690263
ps:0.014820928693485905
prefer:0.013508316135006054
deeply:0.018547394023454164
this:0.005180747747086371
muscle:0.018596860725311207
off:0.0071824258156458895
upper:0.01719730225552557
shot:0.013081027452591237
best:0.01602089526290417
on:0.0033355843765742756
you:0.010969716896224772
dry:0.017007472263352388
suggest:0.012076973043125386
size:0.011844990582453512
m:0.0045026799740660265
sure:0.007177776382102642
a:0.00551251628623577
hurts:0.019318448976871416
same:0.0063884649688441195
milwaukee:0.019510123016752916
as:0.005263908948796174
skin:0.016916513278712554
blood:0.013739058271080924
given:0.009170353813096319
alcohol:0.03537626502543716
course:0.008046551973355326
outer:0.01885600834982803
daily:0.014666464933328764
far:0.008188743658294084
are:0.006344520213169988
no:0.0037031109742845718
likely:0.010876344753058315
stomach:0.018698083286715
pain:0.014562500001041489
it:0.01015032522256496
not:0.003966513214315558
choose:0.013071722004563349
should:0.005403987309978551
have:0.008408727189928501
gut:0.061238627395999806
try:0.008014439711655896
area:0.01055416791006364
hurt:0.01483678160939363
45:0.01483678160939363
kind:0.009064232555799539
university:0.007731381913153465
hope:0.009501518215921202
barely:0.01885600834982803
after:0.006346097656792602
somewhat:0.014150779136061204
feel:0.0200412939753038
sites:0.014983004512587163
degree:0.029154304938592057
usually:0.010847864283508596
be:0.0038056661653781006
stick:0.013902399029126516
get:0.008647197205862647
if:0.0022044421702743723
of:0.003837643136165894
least:0.007919942048376587
thin:0.01874988709253125
david:0.01642398183779272
good:0.010657959548417757
over:0.006598489317497887
in:0.0017534181108008928
or:0.006654389385227815
clean:0.02856475126300201
use:0.016409008497506723
and:0.009419344107503039
still:0.006716148296807721
for:0.004280906090948342
subject:8.781893714479702e-05
each:0.008375030912370445
however:0.01577038752761127
i:0.004395693916834751
felt:0.01485271129516925
possible:0.008476880338699283
rate:0.012778538518063326
the:0.0049589013815069275
do:0.0023628878911397914
thing:0.0074471461681741985
when:0.012904682001747393
would:0.0030679264674486053
can:0.002843967080387215
major:0.01077772359446642
injection:0.060250961686555894
put:0.00818243190640388
may:0.006121794498157338
an:0.005907224595800899
places:0.012548756191744522
just:0.003863120274558835
pinch:0.02024414785660229
about:0.006480369607380733
doctor:0.01449020096578236
different:0.008313213480300157
is:0.004418957679122761
select:0.01558274647572517
1/2:0.015602743337818534
self:0.01398721520398084
morning:0.014112305321050709
angle:0.03515322850125505
right:0.00638116313746809
90:0.013263024373501093
spot:0.0952464585336732
keep:0.008715179553045793
does:0.004008186889268175
sides:0.014983004512587163
fat:0.03584638978847759
experience:0.010895469653931407
1:0.006442512802383909
every:0.01600097715090392
although:0.010393879791956441
article:0.002665568685251977
little:0.023144789821366422
before:0.006994060089548172
by:0.0032580114303196253
s:0.0020409088186053234
james:0.011380242656700746
