effects:0.017849945466234883
there:0.0038082115584114
marty:0.02523610077521772
help:0.03552021112102568
all:0.003958787679030254
small:0.012401435270813325
case:0.020511295496321625
saw:0.01409701486778197
thanks:0.008271313879320178
your:0.015683803595617374
with:0.007280008839703908
insurance:0.03684998357384858
ca:0.00853339666428349
such:0.007979324495717007
work:0.008402790307013708
to:0.00457493497125587
rd:0.08596948229724426
most:0.0077037156181204896
speak:0.0148773145835618
make:0.007303238520123252
she:0.027511555891273715
that:0.0014394382798111071
problems:0.011382046621957565
control:0.012654084107639102
like:0.009665054468951644
really:0.008097077772576455
nt:0.005925963084833515
re:0.001551620343477886
practice:0.017039535705567804
avoid:0.016044603706319913
eat:0.01873537026444586
greatly:0.0161947267626581
so:0.004239877997447801
this:0.002178350366686386
dietary:0.026593830697244344
certain:0.013677655567470992
on:0.0021037710590841906
you:0.002306219873065236
medical:0.03338603711343296
used:0.008192794640401933
formation:0.024368499954227844
apparently:0.015720585295650052
m:0.005679729095917312
a:0.0052151606359408945
as:0.0033199757685353462
private:0.014728967318151666
services:0.03316731641048389
developing:0.020458280152634775
worth:0.02917148231362521
question:0.009058033540859354
advance:0.013126561065048338
course:0.01015000746846481
cover:0.016283014723020274
plans:0.019318317828548873
are:0.010670728325331544
plan:0.016205660570284674
it:0.0028452732758503896
not:0.007505103841194583
should:0.013633295786169956
have:0.0021213718387869413
fresh:0.02292785182151337
has:0.008836302687855195
foods:0.022765110273159507
minor:0.01803291359845573
without:0.009324524833205373
be:0.002400254178993657
writes:0.0027438273486205906
get:0.010907667844739604
if:0.005561414271895513
of:0.0056476518629052725
even:0.006967466588240771
available:0.01120773372537025
what:0.0038192618381602955
but:0.013802556478224278
fairly:0.016283014723020274
well:0.006982854398976534
find:0.008781936670843943
who:0.010730729246753928
good:0.0067220325782551835
diet:0.04230845040794841
in:0.0036863008691803
or:0.0027979728535397733
use:0.0068995001151342245
better:0.009278904030296279
and:0.00396055409222811
for:0.00674997640896419
subject:0.00011077575473866513
gained:0.024140036148489145
i:0.0015842216368912442
suggestion:0.0192040026759836
diseases:0.02327383360134346
containing:0.01996955386360414
pay:0.013829220174265076
any:0.004246005254310404
physical:0.017706021989106705
will:0.01410753541373383
yet:0.010913148309901094
cost:0.013780114540875023
the:0.0034403664356346814
do:0.002980572277620318
benefit:0.01879624242107571
would:0.0038699155440015606
can:0.00358741075700296
major:0.013595136816256398
her:0.013719538609666921
banschbach:0.02609025867647975
physician:0.02287289237441785
refer:0.018596714675566835
may:0.007722097624231664
wants:0.014608029720306013
friend:0.05764646339739097
an:0.003725718417268617
just:0.004872981591144755
people:0.006245946639307541
many:0.015379261639652229
patients:0.020427881646028663
is:0.005574120889847799
deal:0.013677655567470992
new:0.007153525165491896
hospitals:0.02345828074894028
does:0.0050559701839731335
their:0.006280844890380556
cities:0.020135551102665135
disease:0.09439409912440956
article:0.0033623770967493817
tea:0.05066747538786443
vms.ocom.okstate.edu:0.02523610077521772
side:0.013362506550087938
bad:0.011371788575711137
registered:0.02145340899609596
aware:0.016999573493696594
by:0.008219381533752415
seem:0.011451089439401402
while:0.009005570563811295
john:0.022252932776612826
s:0.02831866842081411
