another:0.0187924180541405
effective:0.017110023023748068
at:0.007465805190291788
superstition:0.02364584968423609
out:0.00499227584356127
effects:0.09114061138480098
there:0.0077777880133656566
all:0.008085320598697383
happen:0.014328950110878454
case:0.010472928420791337
hand:0.013378133285816413
someone:0.00933668692653822
often:0.01316661181474028
my:0.004026331615806362
to:0.004087878864676193
bizarre:0.024727827191900687
experiences:0.020021638093662194
then:0.006762204871931369
important:0.013315124122767892
bruce:0.03903947830246681
trip:0.043581525734988275
been:0.006217120284836607
that:0.005879739414143674
think:0.0061006272352904884
uxa.cso.uiuc.edu:0.018892395507338747
could:0.006394530319178209
re:0.0015844936558397056
msg:0.06974226579446748
this:0.0022245018575060126
anecdotal:0.05096999157654185
consistent:0.01975134259419046
something:0.008435005581201367
on:0.0064450274394825
possibly:0.016427769760158223
trials:0.023705954069795226
causing:0.020799264700806532
necessity:0.02341361139400306
a:0.003550434218253547
other:0.011689050744338228
was:0.0037519539580567187
swear:0.024727827191900687
as:0.01356125695283082
perception:0.02504777444829113
pointed:0.018329014856170868
definitely:0.01803327010220671
doctors:0.02076888974538868
evidence:0.05453742431378096
stuff:0.01238735827404077
are:0.010896803077986874
results:0.015521541308764663
no:0.00954021810324161
those:0.015728098765148815
causes:0.01808114957362168
daniel:0.018129576250840423
it:0.01452777244660898
not:0.007664110278508028
should:0.006961068399294405
disagree:0.018001648402199973
have:0.0021663161574053086
made:0.009854150643720345
being:0.008244931906462492
ve:0.007733617368760315
whether:0.012107875359668748
treatment:0.018467387580637196
real:0.010837262093212913
always:0.011258288550841981
second:0.011651253290899435
hopefully:0.01958790075187588
acid:0.04438923912316052
doing:0.011358910615107269
discover:0.0231401430840981
allergy:0.054879699767242024
worthless:0.046714975103683914
points:0.015530323256230646
be:0.009804428087075785
writes:0.0028019592839727218
of:0.003295603145182011
even:0.007115082405788244
clinical:0.04830479386550424
but:0.002818996704450891
tend:0.018049169888725992
years:0.009448200944832176
least:0.010201959248756281
fairly:0.01662799384850799
using:0.018681530327499328
who:0.010958075205371596
one:0.008333143286234088
in:0.0022586402783197944
point:0.009328542208729071
or:0.011429007757679412
and:0.004044464136554977
sensitivity:0.022594241084763485
still:0.008651309670464184
for:0.0013785968767460763
subject:0.00011312269869499278
i:0.003235571309243982
example:0.023825077489473767
person:0.03565925134415912
leads:0.01923642158670321
drug:0.018145842252141973
pretty:0.024390000482369716
will:0.004802141291963069
than:0.006061869839912971
the:0.0025550949491154338
less:0.01164773540930626
drugs:0.01838037655334182
can:0.010990245666581104
symptoms:0.021868513455071244
simple:0.013979612529475596
an:0.011413959388496655
just:0.004976222726550364
long:0.010086064597917731
reality:0.017756827212933823
paul:0.01387721394537736
is:0.009107546674259793
guaranteed:0.021790762867494137
done:0.011223150641613128
provided:0.017110023023748068
study:0.03140146905453219
lot:0.010502344865531317
food:0.017862200376399982
matter:0.012800436491103993
experience:0.014034842266081135
first:0.007955740802504411
easily:0.015673367662692318
very:0.007386620727895963
bad:0.011612716299772813
before:0.009009297742468832
going:0.009228032559532553
says:0.010851808239099864
psychological:0.023247421931489157
s:0.013144836458813947
