materials:0.042852294144916175
some:0.00956997438633897
effective:0.03309807732462741
week:0.028260973806603144
therapy:0.04621645723877104
correct:0.026821454427716794
say:0.031107294660123665
there:0.007522778570304488
small:0.024497917215295175
contract:0.04164693826002686
to:0.00451868577078961
us:0.01688423267364751
director:0.04053492297188624
next:0.021953934620894882
that:0.005686961072696341
terminal:0.039132755740170506
smaller:0.036813461221680055
could:0.01236974717480375
anyone:0.013712415980667142
this:0.004303134740749336
hi:0.025828005409954138
on:0.016623240171779997
performance:0.031073862570464066
particle:0.1045469590118247
state:0.021784535958529642
size:0.059030772738784716
a:0.003434026538966545
wales:0.05086487084257908
output:0.06700587194973968
official:0.033247565747166606
others:0.022101051008757346
are:0.015809296268882594
not:0.004941885316196434
have:0.0041905787962922365
status:0.03607116960655114
topic:0.035792105332701
diameter:0.04985164169530713
be:0.014224457142724705
which:0.010589281414078016
were:0.012715600798953272
if:0.005493036227568929
deputy:0.05065195701960153
of:0.006375101166089792
cheers:0.03568985800298645
present:0.029709018711715607
seems:0.019315467945746543
pete:0.21306186489260903
easy:0.027161324297203342
must:0.01899557727442211
they:0.01529376433619252
who:0.010598794051097118
up:0.011011970248790038
wealth:0.05024203553948136
5:0.021302236778013794
use:0.013629340391371706
and:0.006258974008045736
for:0.008000381874887065
subject:0.0002188275155083467
phillips:0.10130391403920307
we:0.022094162388753606
will:0.009289388072977741
than:0.011726240018192306
the:0.004324812352396206
just:0.00962613576611382
eg:0.04143941524376219
current:0.02592004691582638
lab:0.03532549929338945
general:0.024167461992520914
is:0.0022022346466447863
horse:0.04446114585839701
hospital:0.04072051704360558
too:0.01600424481856145
although:0.02589950374389146
widespread:0.0439816687544494
politically:0.04646486174283111
little:0.019224087720479215
testing:0.04035343833354843
condition:0.031131926954795257
going:0.017850948229915432
project:0.031570785700106976
data:0.04810402660993135
four:0.028754476647729295
s:0.005085543285705069
