some:0.007630959968191857
since:0.013077265512442362
there:0.011997110922577091
help:0.027975068235840485
user:0.024716624075771344
4:0.016237055582867185
allocation:0.0427925721340961
into:0.011704600673087493
post:0.016879593493014253
my:0.006210550727649028
to:0.004503918823826245
that:0.0022673504930357962
technical:0.02507677936548562
through:0.0154866881962407
could:0.009863458531542859
me:0.007082278956892449
french:0.0653452721053914
need:0.012556875761419846
ps:0.029448119756991603
voice:0.023702577133569727
this:0.010293773301400373
reply:0.02347187267552382
you:0.007265346266780678
medical:0.10517692737695873
used:0.012904990250567749
am:0.0213638739438087
8:0.019297328642966446
3:0.015303698984559605
sure:0.014261725621955578
a:0.003650991178683386
y:0.05573033433378837
was:0.005787327673865266
following:0.017890942961044192
given:0.018220833720139093
are:0.004202035173864219
no:0.007357815269166731
place:0.017774036714486442
not:0.007881176582692351
admit:0.026798021011186605
have:0.0033415072754748552
whether:0.018676199901188396
university:0.015361700010448717
messages:0.028595034388143148
be:0.007561585060620541
get:0.008590679577066159
if:0.004380068103028819
of:0.006354267502148322
trying:0.017623060281492783
cheers:0.028458579584080695
interface:0.027599343377803155
but:0.0043482563545778445
english:0.08663039970665941
please:0.025038109240591567
they:0.012195027771343054
one:0.006426868678272042
in:0.004645220964561843
5:0.016986097300115577
and:0.0012477039689241499
for:0.006379389468864196
subject:0.00017448991432691697
however:0.01566731309932623
scan:0.03423483801655517
i:0.009981631751393199
6:0.019204899559210422
possible:0.016842951784082235
translation:0.06200305849276908
program:0.01814793093061487
the:0.0034485431829564513
when:0.008546891783292392
categories:0.03814226939404289
dictionary:0.03222513409663386
thank:0.02372872095927787
operating:0.06007942915503983
refer:0.029292864292886325
may:0.024327131077644847
quickly:0.02774299636289319
thought:0.017546316373802044
newsgroup:0.02512525385996307
excuse:0.028934640524945186
dear:0.03141273071965623
unit:0.02804013606274128
is:0.007024120964461801
netters:0.03227337009204316
query:0.03768341803016545
managing:0.038765211745705144
handy:0.0343005264861859
right:0.012678912377714376
hospital:0.03246995476679661
bandwidth:0.03492346883784816
build:0.024389758581819312
too:0.012761554691924814
resource:0.032420251502840926
switzerland:0.0369506252319909
words:0.021619994323577613
e-mail:0.017971867821256645
terms:0.050315542159666195
de:0.0264116472362351
physicians:0.038635782809128806
by:0.00647343447592919
mine:0.021341431665359387
