know:0.033347976369143294
thanks:0.05387531472746387
to:0.007449725189680167
cs.cmu.edu:0.1399908461732153
near:0.09742637236436555
me:0.05857236110294837
he:0.08595314635244515
hi:0.08516261243282175
on:0.013702941222683512
syndrome:0.294521689072897
went:0.08817462879016444
more:0.03436267637353313
want:0.05115129642465356
as:0.02162470703289239
intersection:0.34144539880566876
what:0.024876813594503548
and:0.005159424520145809
for:0.008793212511137136
subject:0.000721539375459954
i:0.010318849040291619
drug:0.11574104787852718
the:0.008148681189070844
about:0.026622058927618153
is:0.007261422348396322
tuesday:0.1357518604571891
having:0.0707267943897395
disease:0.12296744804855517
diagnosed:0.15320846304392963
