involving:0.06998380657490293
some:0.015162816560173431
effective:0.05244110952733175
read:0.029441598206466517
there:0.01191920760489802
help:0.02779341194859477
saw:0.04412182575500591
liquid:0.07728935200532995
where:0.023992945431607297
way:0.022498348305799266
into:0.023257193545225797
to:0.0017898690390790012
remember:0.03613797450027574
he/she:0.07783055585468798
nt:0.009273747424966734
re:0.004856370165950267
big:0.03604909810217607
m:0.017776814443065874
sure:0.028338234028041608
a:0.009068208609392175
sweden:0.06910794578535055
it:0.013358003756102804
signs:0.06523141346644151
couple:0.04098690642408466
stones:0.15405395836604902
ve:0.023703035052304342
treatment:0.16980403126092383
sort:0.04074625074884455
showing:0.05576654957955602
if:0.008703252204719602
of:0.007575607229833973
in:0.002307528596032344
use:0.021594539321394133
weeks:0.047280063445884556
and:0.004958407980399869
for:0.008450619815898026
subject:0.0003467137258703675
i:0.009916815960799737
mats:0.16564583116159237
ago:0.03715799643330707
the:0.002936700038918388
when:0.01698278497199657
correctly:0.05660134375364128
stone:0.06461773963721364
here:0.02338182994316099
relatively:0.057903965451064215
about:0.012792417926258072
is:0.01046776468405184
patient:0.0653365720408911
new:0.022389604738747362
hospital:0.0645182218093491
kidney:0.24846874674238856
somewhere:0.05038339037535827
visited:0.0753253134374868
