ideas:0.040874927693630346
fax:0.034757310680493064
own:0.02575557540395449
wonder:0.04193599667973783
previous:0.07893635044756378
such:0.021852468221224986
from:0.009620139254888358
work:0.023012187090798907
my:0.010797889333298878
discovered:0.05153218983090714
to:0.001566135409194126
might:0.024171421998618704
that:0.007884196032601746
13:0.08949405805605597
00:0.07212037319380174
cs.utexas.edu:0.06150322276906499
me:0.012313507731869826
re:0.004249323895206484
phone:0.03337894461601783
this:0.011931419053895886
30:0.03889892584515785
26:0.04995867080516731
something:0.022621151331403667
you:0.006315897606917294
constitutes:0.06739860678514645
a:0.0031738730132872617
was:0.010062058342061201
as:0.009092206366102482
sweden:0.06046945256218174
empirical:0.06937989527542801
russell:0.059408862337270156
science:0.07685527786743898
it:0.003896084428863318
should:0.018668319798107725
46:0.11793500119007976
ab:0.059408862337270156
have:0.005809666058496055
being:0.02211140829460396
mistake:0.10154140897356519
which:0.014680594687699066
writes:0.0075143453524723
recognize:0.050876413494308874
homeopathy:0.07082025556678191
of:0.008838208434806302
what:0.010459569352234447
reading:0.037344568708670346
seems:0.026778262379330432
mistakes:0.11904386855756685
investigation:0.056540522182561934
they:0.010601359369406179
accept:0.04059218148480379
in:0.0040381750430566014
or:0.007662630201171424
and:0.0065079104742748264
subject:0.0003033745101365716
i:0.0021693034914249424
methodology:0.13222156163149734
the:0.0017130750227023932
when:0.014859936850497
reasoning:0.05446868630990336
definition:0.09260862288016501
is:0.006106196065696907
2:0.022141017637447826
their:0.017200950211155842
tradition:0.05329328190935516
turpin:0.14356226995238344
e-mail:0.03124654291650303
article:0.00920832818541592
