out:0.02404443059347877
there:0.018730183379125458
happen:0.06901290257484316
way:0.035354547337684554
to:0.005625302694248289
that:0.007079686233356669
re:0.0076314388322075615
michael:0.06132031023823855
anyone:0.034141117339620226
this:0.010713927313702428
used:0.040295173639527865
great:0.05145409568842197
m:0.05586998824963559
sure:0.08906302123098789
exact:0.087162170823332
not:0.012304285889305405
have:0.01043368598260516
his:0.03764140901031136
writes:0.013495150837093108
making:0.06274708552800823
of:0.011904525646881959
but:0.01357720861735531
one:0.020067569546441275
in:0.007252232730387366
and:0.0038958919845998963
subject:0.0005448358549391489
i:0.0077917839691997925
don:0.09099194570881518
um:0.11801341616274721
will:0.023128680508230293
the:0.0030765428979145017
would:0.01903366624702808
major:0.06686587699424065
an:0.01832445180738238
is:0.01096622966900669
request:0.07959798015090473
donald:0.11276759773438208
article:0.016537405720746957
opinions:0.058277758275919224
s:0.012661964915428944
