read:0.022225520214685508
at:0.008636911886808147
know:0.01209681495743433
help:0.041962602353760724
small:0.029301430394764814
take:0.02084067774838925
often:0.030463925375281434
hair:0.05353993890046226
my:0.009315826091473542
to:0.005404702588591493
then:0.015645885782115718
really:0.019131330815597314
me:0.010623418435338674
need:0.03767062728425953
greatly:0.03826401127255492
this:0.010293773301400373
hi:0.030892320196219653
on:0.014912024271743821
dont:0.04770947705980841
particularly:0.03938333622686845
t5:0.06534359384483418
a:0.0054764867680250785
how:0.025791431318218122
air:0.03778567632971735
exposed:0.054572885132401744
as:0.015688512945431735
skin:0.050417843497339375
let:0.022599389634831615
no:0.011036722903750096
it:0.023529294197841215
should:0.016106001394445877
fresh:0.054172669499850216
tissue:0.05985716455134965
has:0.010438965430260305
be:0.01134237759093081
if:0.0065701021545432284
of:0.00571884075193349
what:0.009023942186241482
but:0.006522384531866767
result:0.069313763941402
disappear:0.05652512704524817
please:0.05633574579133102
yes:0.026145547750038127
better:0.021923685012758855
and:0.0018715559533862248
subject:0.0002617348714903755
i:0.005614667860158675
appreciated:0.033183942344865124
info:0.028876426072474485
directly:0.03561274828918019
any:0.01003222810087066
information:0.023910012592978088
grow:0.051450789729278856
will:0.022221673429476164
the:0.0007389735392049539
regularly:0.04870493215019491
would:0.0182872479628309
because:0.017301199008769745
once:0.02630422740122457
newsgroup:0.0376878807899446
long:0.023336384755966517
is:0.007902136085019527
occur:0.044605838998005305
time:0.015485391861801114
keep:0.025974652785548245
applied:0.04340196078741777
does:0.011945968768014953
matter:0.02961669619510336
wanted:0.029854509701432375
first:0.01840740028814746
e-mail:0.026957801731884966
