out:0.015502330251058682
there:0.012076039283909833
happen:0.044495160870622566
ever:0.034781869168813956
way:0.02279437920455978
to:0.0036268398949758705
that:0.004564534545190484
pittsburgh:0.058191650042746665
re:0.004920269773396981
michael:0.03953546317991696
anyone:0.02201203617949199
this:0.013815327325563656
internal:0.052139044948951746
kenneth:0.1293643872990481
used:0.02597978300443244
great:0.03317435116753522
m:0.03602143979252821
sure:0.05742221105682114
a:0.003675010857490513
exact:0.05619666276767458
not:0.015866052857262232
couple:0.041526207824401556
have:0.0067269817519428005
only:0.017546529450911664
ve:0.02401491709246624
pitt.edu:0.06497138979056057
university:0.03092552765261386
writes:0.017401641868883218
making:0.04045535777463689
of:0.015350572544663576
seen:0.0341113801397678
but:0.008753726608558028
one:0.012938301418100295
in:0.007013672443203571
and:0.005023650190668287
for:0.004280906090948342
subject:0.00035127574857918807
i:0.007535475286002431
plain:0.059865731286796585
medicine:0.058308609877184114
the:0.002975340828904156
would:0.012271705869794421
major:0.04311089437786568
an:0.011814449191601798
gilbert:0.16195318285281832
general:0.03879513635641515
is:0.007070332286596418
request:0.051319750360451735
donald:0.07270542485506212
article:0.021324549482015814
dammit:0.07678641075379686
include:0.044230569384797386
s:0.008163635274421294
