isbn:0.04629379373343521
health:0.032297260467075595
believe:0.016842417676979384
at:0.006829186143057605
geb:0.04007962455859788
there:0.007114565779667809
where:0.014321370528943889
whom:0.03262256433606033
method:0.06187438639917145
insurance:0.034421883880998094
treatments:0.045098827223146384
modern:0.031833551201874734
service:0.028237141306033664
from:0.01312515123147559
my:0.007366002025816289
to:0.0010683714419308767
most:0.028784425797938572
published:0.03178369933884923
cs.pitt.edu:0.03972559326531735
britain:0.1294519600815111
european:0.03435235930748831
re:0.0028987635874276785
complete:0.0287070996146882
national:0.025226154457267547
these:0.025684278652696783
on:0.0039303009708472085
you:0.00861703859548406
medical:0.031186181954795902
a:0.002165122675730845
was:0.02059211939770664
as:0.012404870701039045
worked:0.029799719694374803
accepted:0.06530059877053747
waste:0.03316728678448325
are:0.009967618319398845
no:0.008726711133197751
officially:0.04243141511669776
it:0.0026577940289920308
not:0.009347441993425812
approved:0.0390626306805254
have:0.003963183047656224
gordon:0.03477917928565132
money:0.024032711369993257
robert:0.02477063588339305
has:0.00825406568904303
which:0.010014669244321843
writes:0.01025213009329554
were:0.012025606957149606
homeopathy:0.14493447650876298
of:0.006029165443898873
what:0.007135210100749079
conditions:0.035153741900153704
least:0.018664049478344824
banks:0.03658245289238585
who:0.010023665691735259
in:0.013773620301898486
1990:0.03310811139800983
or:0.005227220602349499
and:0.004439504819660347
for:0.0050441684172414574
subject:0.00020695315420169222
i:0.0029596698797735646
paid:0.03206193905249734
medicine:0.03435235930748831
information:0.018905591352587323
established:0.035919490307593886
the:0.0017529139767187279
when:0.020274022369670325
country:0.026129876806357612
page:0.03259492816424253
countries:0.09803440206582317
an:0.006960450686525091
pays:0.045098827223146384
10:0.02240598261935011
handbook:0.0446942865008939
people:0.011668784031574553
many:0.028731798877179745
different:0.019590828666753858
is:0.004165467083576184
scientists:0.038812546477283376
time:0.012244263332586927
tradition:0.03635510703893995
every:0.018853864549902295
article:0.012563300470024822
answer:0.023536984822704315
by:0.015355588756855288
included:0.02901380969380596
