taken:0.013339600403881217
since:0.008100492402444055
obvious:0.015573474955068875
reference:0.015107826166066212
apologies:0.02205931679290929
typical:0.01805103376409694
out:0.0047699477695565175
correct:0.013247843887374286
boy:0.018359646579432502
lead:0.01564459367457454
desire:0.019674063889929948
extreme:0.019618980278368087
controlled:0.039292856807629936
tony:0.056146695272583494
i.e:0.01398598784200568
own:0.009176075447562734
your:0.02040376068309737
with:0.007103166519711102
way:0.007013655139864548
active:0.018088348157234282
hans:0.026217832277467847
modern:0.01662561985846899
from:0.010282254102390797
name:0.011183127553968627
my:0.003847021300932394
to:0.00446380294766261
most:0.007516580825777481
us:0.008339580510870429
perhaps:0.011694176265749172
approximately:0.02097028869801201
that:0.0028089443355018367
cold:0.01788724852242765
control:0.012346697449153942
v:0.015573474955068875
like:0.004715137908941997
nt:0.017346037693662473
and/or:0.016360251122040367
hot:0.016937725452475353
toronto:0.01626356394793758
need:0.01555629142912742
worried:0.020368081162545
practice:0.01662561985846899
behavior:0.017199955558377306
this:0.0042508699463272796
jon:0.033598123592861
best:0.00985901246947949
something:0.008059357559366489
two:0.007549754788070087
characteristic:0.024350036461667765
syndrome:0.02205931679290929
you:0.002250198337687133
serious:0.029125454550926886
great:0.010207492666933915
etc:0.028206364220140515
more:0.005147445448666906
onto:0.017628188973135006
a:0.005088476571909941
j:0.012364893358416448
as:0.006478657167749137
idea:0.011224195527371483
intellectual:0.02163275600077234
driver:0.014897917402778914
given:0.011286589308426239
stuff:0.011835694545237337
anthony:0.02177000924642287
personality:0.023553638509254588
calm:0.02401245909754205
science:0.013690818729422329
others:0.010916308595418608
are:0.010411520349817417
reasonable:0.015134846842534607
persistent:0.02481590419358998
it:0.004164235988744599
not:0.007322793626428723
should:0.006651061304588987
theology:0.02177000924642287
university:0.009515546970035035
suspect:0.015716984060314815
real:0.010354630987847157
types:0.03317325677717311
war:0.014319130022562822
has:0.004310827829500206
call:0.010756907279346995
ancient:0.018565202552604257
familiar:0.01865043902708941
be:0.004683896818926893
get:0.005321352126684706
of:0.00787208848444286
what:0.003726486246949924
but:0.008080363023284335
tend:0.017245360703398115
york:0.015235494766904627
mistakes:0.02120619520863539
please:0.015509436088301659
they:0.003777002528371432
talks:0.01937997812620536
one:0.011943047462861811
in:0.002877404079263004
responding:0.021543772572761105
or:0.0054600118032638485
world:0.010207492666933915
and:0.005410084820719694
word:0.01242460128001384
subject:0.00010808484571667326
each:0.0103077303536867
relating:0.023013025583649233
i:0.0007728692601028134
we:0.0054564530595707286
seperate:0.022888443969613793
driving:0.01695185664656348
will:0.004588280748596293
the:0.004577447429083318
correlation:0.024094251434859944
strong:0.014618025854131621
got:0.008956088346682486
hate:0.016299551589302953
because:0.007144624691880624
physician:0.022317275555606083
maybe:0.010720295879928437
an:0.007270430271754953
just:0.004754609568687797
here:0.007289072492402413
about:0.003987919758388144
doctor:0.03566818699269504
general:0.011936965032743123
nose:0.02064035738525418
is:0.00870194742965713
number:0.010130626916590113
readers:0.01842022501132203
new:0.0069797553234151695
right:0.007853739246114573
type:0.026238967694993492
their:0.018384821278320414
noring:0.025342435077185924
natural:0.01695185664656348
terms:0.031167117208214284
little:0.009495298388252891
greek:0.019303346507235652
physicians:0.04786457303479115
letter:0.01652246566696703
emotional:0.06463131771828332
especially:0.01265301905869369
god:0.010741612274393623
s:0.0075356633302350404
