another:0.019977525498996205
at:0.007936621733823703
say:0.017094999768176068
help:0.019280114594971143
tried:0.027908685162492532
specifically:0.03645984370951046
your:0.011350740740371734
much:0.01574051233837776
c:0.023298177436296936
response:0.03163602299664272
from:0.015253554133877037
my:0.008560488840813524
to:0.0037248625948400837
line:0.10175869365066625
remembered:0.0541843153696571
might:0.01916292915205807
t:0.023209667162166145
appreciate:0.0345875075262567
been:0.026436763733719625
that:0.01250106758322439
rat:0.1079811315461437
re:0.006737666716723793
michael:0.027069326141204407
had:0.013823499871010227
this:0.004729571516859631
off:0.01967078781942658
shot:0.03582551662691654
on:0.004567647074227837
you:0.010014396205562557
am:0.014723750961273563
suggest:0.033075673919910974
a:0.006290559125434212
was:0.007977127334246718
minutes:0.035902407639978144
success:0.040376650782086555
it:0.0030887876553150626
have:0.009211722759417168
only:0.012013839984407988
ve:0.016442645937184093
doing:0.02415047662311095
mouse:0.03915254213718767
without:0.02024513950272518
be:0.010422725353828311
writes:0.005957318837996057
of:0.0035034339741574533
looking:0.0467366728902098
what:0.008292271198167849
lines:0.03183046958823889
using:0.019859644852656944
good:0.014594683345581073
depending:0.040547442797803805
one:0.00885865682680741
in:0.0016007180350854997
message:0.02925513413116866
and:0.0017198081733819362
few:0.02059123874690348
still:0.018393775515581506
for:0.0029310708370457114
subject:0.000240513125153318
i:0.008599040866909682
cells:0.04919886277339776
cell:0.2000951697791943
any:0.009218804200800066
driving:0.037721699024334955
alternative:0.039226690778057176
later:0.02878749575637571
the:0.0013581135315118072
would:0.008402249064003388
home:0.026390658124877012
may:0.016765995742701177
last:0.01964110407260809
reaction:0.04251474255061058
night:0.03016067429354977
type:0.02919380639938465
does:0.01097737670574347
primary:0.041453634121273786
wanted:0.027433873779694615
first:0.01691490837289226
article:0.007300296219068477
very:0.01570488731336439
compromise:0.0477459965788381
while:0.019552635188094795
