another:0.015293140209576405
some:0.008051978449195545
beats:0.11760449625851091
with:0.012099876761163048
much:0.02409926716634388
from:0.005838429340897762
often:0.021429795781232455
my:0.01310640360455588
to:0.003801928717491947
significance:0.03640518766243584
die:0.02598451290642999
she:0.022863051619989534
that:0.004784891385303128
could:0.031222948041228774
re:0.002578900019159797
anyone:0.011537343100975112
he:0.010966435913932657
on:0.006993225175714344
rind:0.18061416652459872
used:0.013616989712668039
serious:0.07442055800771318
concerned:0.02776544305212296
them:0.010109373596774074
a:0.006741744055810183
how:0.009071468946407753
low:0.070257818068548
occurred:0.03515978120108816
said:0.015113826404575394
blood:0.05760929261253243
underlying:0.04037321624797764
question:0.015055076436876582
doctors:0.03380315848214985
perry:0.03356114938000316
others:0.01859536705564411
are:0.017735486388999324
no:0.007763763697810413
those:0.01279941830543145
caused:0.027464235717621844
it:0.007093560615309765
not:0.004158000059144585
term:0.02688055030285833
probably:0.016463611827787644
completely:0.024806852669237725
develop:0.031072843605653207
usually:0.02274310856680423
be:0.007978775960516845
writes:0.00912086056575948
were:0.010698643430843442
of:0.006704847778128919
even:0.01158040998459328
what:0.00634787657239056
but:0.00917632030690221
treat:0.03328152114280075
seems:0.01625163509917985
they:0.006433928444880991
david:0.0344337274392344
depending:0.031039766555560153
clear:0.02274310856680423
in:0.0036761317633342856
heart:0.054772173973042994
clearly:0.025065588802926926
or:0.004650423846228174
tends:0.03585316898882525
and:0.002633085617177861
few:0.031525896564224644
subject:0.0001841169440828848
back:0.014526598069431292
the:0.0010396593241228317
when:0.009018444433405074
level:0.04855910569094826
an:0.006192400955598185
problem:0.014590105462383339
people:0.010381194069469775
doctor:0.03037945581791612
worry:0.0303197450403774
general:0.020334002504052078
is:0.005558744004634426
levels:0.09487458683779142
having:0.018047526844278353
lot:0.017093471643209592
too:0.01346564046803101
disease:0.03137790053652787
article:0.01117700524574622
very:0.036067086036898906
wide:0.029667840395604182
bad:0.018900696874112992
comes:0.020856388532727668
seem:0.019032500378591295
while:0.014967879350886362
dangerous:0.02899824643577439
range:0.02758314472751499
