some:0.00858482996421584
believe:0.015975528531840737
say:0.013952536575496643
where:0.013584241163483541
someone:0.01620189790193397
longer:0.02495743388510423
to:0.0030401452060827153
enough:0.017883445051010267
that:0.015304615827991625
think:0.010586382555357024
nt:0.0052505775861944005
need:0.014126485231597326
civilization:0.04291005306829825
re:0.0027495625204277245
so:0.007513313216065589
this:0.0038601649880251397
fiction:0.03997339084747632
treated:0.03614593174532226
you:0.016347029100256524
rind:0.19256657460343246
guarantee:0.03630754135354856
a:0.00924157142104232
how:0.009671786744331796
other:0.01014197049876405
was:0.006510743633098424
as:0.0058831923545369005
steve:0.023582013579664607
others:0.019825942816679383
are:0.0047272895705972465
no:0.008277542177812573
taking:0.025051103192291216
licensed:0.08049489044197077
it:0.005041991613823117
not:0.008866323655528896
should:0.012079501045834409
have:0.003759195684909212
being:0.028614763675369824
calling:0.030242651614319545
doing:0.019711050773274376
writes:0.004862223463364429
if:0.004927576615907421
of:0.004289130563950118
even:0.012346760645338423
diagnosis:0.0434652556602699
gotten:0.031689050836717005
advantage:0.031348313062755956
fact:0.017634317122270877
well:0.012374028751127536
david:0.03671242999036021
commonly:0.03794830276027068
in:0.0026129367925660364
bloom:0.04543778497346608
point:0.016187764421029857
or:0.014874517449332766
and:0.0028073339300793373
for:0.004784542101648147
subject:0.0001963011536177816
i:0.0014036669650396686
example:0.020671758409984593
we:0.019819763319323086
any:0.007524171075652995
exist:0.05347830111464861
the:0.001108460308807431
do:0.00528174940372424
see:0.013010189422141001
can:0.006357102885571422
banschbach:0.04623347309582073
physician:0.162128443006903
did:0.01208758120178651
an:0.006602192195306888
just:0.008635210025484456
here:0.013238241953113206
people:0.02213636970695761
about:0.014485532063556935
worry:0.03232619875628473
is:0.00987767010627441
quack:0.23562916169249584
yeast:0.04202916189320545
candida:0.0434652556602699
disease:0.033454379248503974
article:0.005958330002327948
diagnosed:0.04168171421048085
vms.ocom.okstate.edu:0.08943971010040397
give:0.017376737289382403
by:0.007282613785420338
poster:0.033491421851665426
