some:0.005098414301892376
since:0.017474424658547434
expensive:0.017685968533348858
out:0.0051448781619234055
geb:0.022577605100694873
there:0.004007768495970076
know:0.005388100985407431
way:0.007564946810246913
such:0.01679491007395457
surprised:0.01921695498689624
post:0.011277632333760612
discovered:0.019802762904453396
investigate:0.02468753563534763
to:0.003611002166176849
signature:0.021829315790665684
then:0.020906729473045456
everywhere:0.021727362236093666
cs.pitt.edu:0.022378172625440777
might:0.00928858137938186
measure:0.02016311671968485
that:0.010604071519831169
problems:0.011978485746252284
produce:0.018408206501442776
think:0.006287109290517708
quite:0.023198247878684727
indeed:0.01610586160919046
cs.utexas.edu:0.02363442621693327
re:0.0032658559194600045
this:0.002292499730879559
mean:0.01154332775908236
infections:0.025251779004255955
jon:0.01811951206863901
infection:0.02443059022040032
something:0.008692844179753374
on:0.0022140123372894754
set:0.011569496000549873
you:0.007281209468236531
subjects:0.023531672953133295
great:0.011009828335077191
causing:0.02143505008467398
a:0.002439308516762262
how:0.005743943219341154
same:0.008480756989207914
test:0.0312305664103028
was:0.0038666425069929502
as:0.00698789659578182
part:0.010695293067306887
russell:0.0228296064876846
observe:0.02449342313503831
theory:0.01776658889509443
no:0.014747760736015412
culture:0.020659880411198643
likely:0.014438466397073047
phenomena:0.026359990885374295
book:0.013579469478968006
it:0.004491555848121903
not:0.010531179189099822
should:0.007173852149491177
have:0.0022325354285923703
bound:0.02218745182411911
gut:0.027098315470718982
made:0.01015536922234935
probably:0.010424557707551128
ve:0.007970016152958228
gordon:0.03918352950086481
whose:0.016344023801314275
hope:0.012613369160000196
netcom.com:0.02811384432070864
be:0.0075780950716699295
virtually:0.06528324888418377
writes:0.0057752173887996704
get:0.005739624346249442
recognize:0.019550761517463672
were:0.013548500414605232
things:0.009758628507162661
if:0.0058528420940035745
whatever:0.014432142265298526
of:0.0033963421059517666
even:0.007332574007711902
but:0.0029051669093904378
saying:0.013172730039146022
extent:0.02137266599189024
banks:0.04121516526740414
requirements:0.02125050943275309
they:0.00407388482317792
find:0.009242125492023537
observed:0.02226274355527416
good:0.007074278826897376
one:0.012881802285270163
difficult:0.016276018677021827
in:0.0046553633684145975
bloom:0.053969770798178045
or:0.011778366073416337
and:0.0033344752357274223
for:0.005682949570516576
subject:0.00011658059778173928
cause:0.013770747307170596
i:0.004168094044659278
body:0.031001581866153288
any:0.004468503346239333
impossible:0.05392470726987557
the:0.0036206476462356256
would:0.016290823512740193
can:0.015101589387558312
did:0.007178650844729106
thought:0.011723084738828438
lower:0.0173405354281468
just:0.005128334338278978
long:0.010394372249382467
sinus:0.027987393877885968
many:0.008092580906454556
imply:0.020931198232626617
previously:0.02076639330693733
is:0.0046929716487452205
write:0.01421036648466163
recent:0.01658556807198699
quack:0.027987393877885968
bucks:0.023481189012517244
time:0.006897423449361195
yeast:0.04992110058930953
noring:0.0546688337472919
easily:0.01615246623753444
turpin:0.055168033868164816
various:0.015565847067053223
candida:0.1548805616540622
disease:0.01986810295981022
article:0.0070771430595336325
very:0.007612412627875315
realize:0.034179137634333084
researchers:0.024621868048602908
by:0.004325045741559677
s:0.002709328737362525
