week:0.06827403573080364
therapy:0.05582581963495115
activity:0.04419012919782746
thanks:0.019736501434813494
much:0.017298978906533972
to:0.0013645536238523078
alice:0.06254197898915714
quite:0.0262990037832614
bit:0.02698103166391782
me:0.0107286007960846
generally:0.03828464844775346
started:0.0324677710493951
had:0.015192163224575596
this:0.01039569184893899
two:0.018463261709438728
used:0.01954914364689966
am:0.016181548086152134
why:0.017621015645089173
a:0.009678741466262145
ice:0.04631994483759919
stress:0.05553459304875023
minutes:0.039457101465718555
row:0.05470903256420517
pain:0.08766336634290323
it:0.003394608215247247
not:0.005969406025504603
should:0.016265466754786927
have:0.005061887258887652
partially:0.05643530372405446
completely:0.03561379838652941
has:0.010542321523629218
anybody:0.03009500143477916
which:0.01279101319324275
explain:0.0355946289902238
but:0.006586962596538715
year:0.04900516269722083
particular:0.03357476681271096
again:0.024176922159485328
up:0.013301587825271135
over:0.01986079952989463
in:0.005277614907757143
or:0.006676351066367181
and:0.007560344841401779
still:0.04042988281642668
for:0.009663827611249723
subject:0.0002643263058615673
each:0.025208013835253618
cause:0.031222783498436303
until:0.028328373518461823
i:0.007560344841401779
back:0.02085501703037166
medicine:0.043875785650158344
power:0.02675104237792616
physical:0.0422490227660863
the:0.0029851604356002097
when:0.012947271711324117
can:0.00856005933106647
push:0.04752153748120581
last:0.021585767842173247
problem:0.02094619101035232
about:0.009752635448731402
is:0.0026601250187194446
days:0.02948764974802151
time:0.015638712573304094
type:0.03208428228051184
does:0.01206424568651015
first:0.01858965177614892
every:0.024080678484528675
almost:0.029920722081827406
shoulder:0.1641270976926155
very:0.01725982665132126
little:0.023221175266321427
seem:0.027323886682136016
while:0.02148853966216359
twenty:0.05760147239391964
