ask:0.011944928624411343
out:0.004828594668362541
recorded:0.022230572929198503
andrew:0.061728822281508174
technology:0.013801916745151405
traffic:0.017930492874532383
all:0.003910114060025784
happen:0.013859148467898834
small:0.012248958607647588
your:0.005163656648283863
with:0.007190500534297713
concerning:0.01875099280105617
active:0.018310745880478967
response:0.014391797346833369
service:0.014928652575730913
from:0.0034695584197958016
mechanics:0.024226535941789785
item:0.01994412565614942
my:0.0038943207431569728
via:0.014009144994326416
to:0.002259342885394805
association:0.01954068273478363
us:0.008442116336823754
enough:0.00996782183171064
centre:0.020519747932662112
mail:0.02511734020357259
been:0.006013280275497702
make:0.007213444603892228
that:0.0028434805363481705
son:0.01748832499743736
provide:0.013839982288046778
bit:0.011168377860884015
like:0.004773110916019153
months:0.013917190737622214
database:0.062262011181264384
its:0.00847469080341873
me:0.004440937214772725
started:0.0134395281802824
so:0.004187748349938197
anyone:0.006856207990333571
this:0.012909404222248008
comparing:0.021944524724544646
best:0.009980229835907517
two:0.007642579642021768
recently:0.013562752313883973
fair:0.017306145642638864
on:0.008311620085889999
set:0.010858256492319349
you:0.004555729421382966
used:0.008092063558757646
am:0.01339619964509316
communications:0.017291323345629897
posted:0.013989266083942195
a:0.006295715321438667
other:0.005652901589475044
as:0.003279156394332043
following:0.011218501119015416
part:0.010037795542677365
adding:0.01936519094305032
local:0.012526161688180132
question:0.017893328552025446
ph.d:0.024925820847653567
also:0.012159812554750545
answered:0.019915958118084824
patrick:0.03758692647945289
electronic:0.01767898079921971
databases:0.02439049223119019
are:0.013174413557402162
answering:0.022645952004035748
no:0.004613712033534877
seizures:0.07566665100500529
works:0.012193139317830903
it:0.0042154356115570325
not:0.002470942658098217
discussions:0.019670800350826995
have:0.008381157592584473
received:0.01585774914201546
systems:0.012296791476568076
try:0.00998520357517784
against:0.010587216361302651
able:0.010809283713568317
details:0.015634515911025965
list:0.023865808171488357
be:0.0023707428571207844
get:0.005386778587258698
if:0.005493036227568929
of:0.00398443822880612
menu:0.021113739837261843
mailing:0.03617831781611961
seen:0.021249712218216008
but:0.00545314116598697
again:0.010007660402082041
easy:0.013580662148601671
groups:0.015081088518386852
login:0.02259166828784714
ottawa:0.02122812011643019
good:0.006639384636719259
in:0.002912781998270336
system:0.009160747250993955
message:0.013308688067867712
and:0.009388461012068602
few:0.00936732582338642
still:0.008367660173071915
for:0.0026667939582956887
subject:0.0002188275155083467
i:0.007041345759051452
we:0.0055235405971884016
improve:0.01943948350285588
ago:0.011726089038379689
any:0.00419380027167544
information:0.01999033839740791
allow:0.014369978161371281
research:0.025305995742104733
will:0.0046446940364888705
program:0.011379645214688833
the:0.0030891516802830036
users:0.01618318675514829
do:0.0029439258971577734
interest:0.014970430314212647
canada:0.015248391774617405
would:0.007644669230363738
note:0.012138070077370892
btw:0.015376190657554651
here:0.007378692236161459
replies:0.036736133088619734
about:0.004036951558696195
interested:0.03537388789444573
language:0.016712743031705692
hold:0.01422041234813123
is:0.004404469293289573
select:0.019414569379592017
participating:0.024831601510667097
new:0.014131143974455303
time:0.006473401515998826
questions:0.0371824959497399
run:0.021941265806454058
natural:0.01716028111352943
very:0.0071444364417354396
already:0.011908960333185867
before:0.008713910931240347
telnet:0.023295972619513775
by:0.004059161782037566
share:0.016725610736642853
