some:0.01824276367395866
out:0.018409017173132185
there:0.014340296649642929
happen:0.0528380035338643
with:0.009137927762336677
way:0.02706832530541474
to:0.004306872375283846
that:0.0054203847724137
re:0.005842820355908915
michael:0.046948362526151394
anyone:0.026139292963146737
this:0.008202850599553422
lord:0.0665563139646771
used:0.06170198463552705
great:0.039394542011448076
m:0.04277545975362725
sure:0.06818887562997511
other:0.021551687309873606
exact:0.06673353703661357
are:0.010045490337519149
it:0.005357116089687062
not:0.009420468883999451
have:0.007988290830432076
writes:0.020664449719298823
making:0.048040737357381305
of:0.009114402448394
but:0.01039505034766266
one:0.015364232933994101
in:0.008328736026304242
use:0.025980930121052313
and:0.008948376902127887
subject:0.0004171399514377859
half:0.11817635886228174
i:0.0059655846014185915
plain:0.07109055590307095
the:0.0023554781562157906
would:0.014572650720380876
major:0.0511941870737155
an:0.014029658415027136
people:0.02351989281364246
is:0.008396019590333247
request:0.060942203553036436
dave:0.054785541740228004
donald:0.08633769201538628
article:0.02532290250989378
sometimes:0.05475791131746641
s:0.019388633776750572
