some:0.015464064571302704
at:0.0058342053804929205
b.c:0.038528137164144924
protein:0.0433593611689848
know:0.008171358448068223
all:0.006318330004280074
case:0.016368285478852686
technician:0.039018918436686124
dna:0.0832814879606837
your:0.025031766003601245
way:0.01147266767911618
much:0.011570840195761135
remove:0.029259274073110134
response:0.023255619553823458
my:0.0062928096776841145
to:0.004563573377784208
produce:0.027917081382982756
think:0.00953475514919573
talking:0.02158735881034615
nt:0.009457994062548854
re:0.002476427170716361
eat:0.02990214724325465
phone:0.019452629974897807
this:0.003476704889876947
healthy:0.034557136352561336
you:0.01840394004664642
a:0.0009248371694346987
demonstrated:0.03424020905999421
part:0.0162200139894919
also:0.009824484315758717
stress:0.03714565495313757
ie:0.027706080707029217
are:0.017030765075529152
internet:0.01891744333188481
reason:0.017696767708665746
stomach:0.03764382330570438
it:0.011352828799336821
not:0.003992781513748112
only:0.00883136581635289
heat:0.12106227401211354
completely:0.023821149914168678
tissue:0.04043331645190506
open:0.021887156150684522
be:0.00766173850513207
which:0.008555578361043164
writes:0.004379221132566638
get:0.008704463412523988
were:0.010273531771339729
if:0.008876164500177607
of:0.002575371994248194
what:0.006095643066202855
but:0.004405849153976227
balanced:0.03818253614977029
ph:0.03633371904524133
least:0.015944783991433658
using:0.014598811779105434
shut:0.0312525590934952
they:0.01235655131798336
who:0.00856326406777383
cares:0.03353627092324175
called:0.017763274806998238
title:0.02782247239458887
diet:0.033762703802369426
in:0.002353373535026364
shock:0.15659006012706508
or:0.0044656387927356645
better:0.014809376631135119
and:0.0037926895479217537
subject:0.00017680103901998871
victoria:0.04012523687816405
i:0.0025284596986145024
concrete:0.035842937772700124
any:0.006776736862839783
information:0.01615113433432957
will:0.007505333409955526
meat:0.038768982489779856
than:0.009474180676950075
the:0.001497522536402092
do:0.014271216931917153
canada:0.024639785384149977
hate:0.02666218041429026
because:0.023373805283371046
about:0.026093143849586
lab:0.028541131879427237
worry:0.029114986959302803
is:0.010675733518834328
ignorance:0.03195907659408019
keep:0.017545791947853783
2:0.012903374517188138
advice:0.025760642835981777
first:0.012434137942987027
too:0.012930581906387394
dead:0.04544744549418723
mouth:0.032003080188243556
cellular:0.03475483809527446
before:0.014080756736573804
going:0.014422620424170083
604:0.04043331645190506
doubt:0.023046836417089853
s:0.016435398168371345
