report:0.0244885691837081
24:0.02363279837979652
at:0.005683645241641491
say:0.012242225640435764
there:0.011842309491318032
stephen:0.052537539088916355
know:0.007960484681666463
way:0.01117659883578415
c:0.033369002521664
from:0.010923512960389362
wrote:0.01661661273995394
to:0.003556642993782789
might:0.013723129908893199
perhaps:0.01863523572670997
that:0.002238094357641786
nt:0.004606958398209281
me:0.006990894712287385
re:0.0024125193727623905
expert:0.03289140822037279
so:0.00659232643474142
this:0.006773966946727987
mean:0.017054335850515228
he:0.010258923919485389
on:0.003271024678963161
you:0.01075739979500752
am:0.010544105527105585
seeing:0.02585993332553824
m:0.008831062658813369
a:0.006306792826403074
speaking:0.02719664057309933
sorry:0.020499462482184674
was:0.01142530495614691
question:0.014083781182884544
clinic:0.03687720011274801
are:0.004147815365169197
brian:0.07231117770539572
thread:0.026857598667767518
recognized:0.032251053652015756
it:0.002211970514451432
not:0.007779483981625353
have:0.003298391052565502
relation:0.03618705740595983
treatment:0.056236173793940365
between:0.01498623126481552
acid:0.06758619634236053
referred:0.031485521111362096
call:0.0342833044903059
writes:0.004266208974306854
if:0.004323551095247802
of:0.007526732344480206
even:0.01083328675978081
seen:0.016725579939499052
looking:0.016734744163913833
what:0.011876672296730725
please:0.012357518431646805
who:0.008342276607960311
good:0.010451676460383865
diet:0.03289140822037279
one:0.006343941340487887
in:0.005731603286919048
point:0.014203457814581037
use:0.010727609856434504
and:0.0036948136886205472
still:0.013172316659545465
for:0.004198049844026761
subject:0.00017223843156140837
editor:0.029789378895534395
i:0.00862123194011461
will:0.007311647386472803
the:0.0038903381160725315
do:0.009268618308470925
thing:0.01460601571048359
hello:0.024963166391301753
physician:0.03556365846603034
named:0.03007301194986418
may:0.012006616306063424
an:0.005792891216527334
just:0.007576700409457329
finally:0.023461448230942615
about:0.012709886197701569
general:0.019022131374758396
is:0.0086668589319569
discussion:0.022179818996710912
yesterday:0.028363632457127246
write:0.02099467048379041
holland:0.035232733986110654
him:0.04638416716187047
midway.uchicago.edu:0.03398960918721065
position:0.0222118900465304
article:0.010455908133117432
u:0.04879539978829698
give:0.015246685621651657
letter:0.026329348514457136
by:0.006389906289143007
says:0.01652275318985528
s:0.004002814715200118
