another:0.011087526651942894
some:0.011675368751333542
inexpensive:0.02736826275027006
there:0.013766684783657212
know:0.0061693756282915095
help:0.010700463600208985
posting:0.016495942784781205
all:0.014311017459694368
environmental:0.026499028101255147
thanks:0.009966933224580815
with:0.011696547535790946
compared:0.020613943129568105
previous:0.01736599709846403
from:0.021164306360754392
reasonably:0.024652227583924904
my:0.009502142613303012
to:0.006890995800454155
montreal:0.024652227583924904
experiences:0.02362553295052139
us:0.010299381930924981
might:0.02127085135878446
enough:0.01216074263468698
that:0.0069380925086895365
control:0.015248171349705119
counter:0.027002245730153585
son:0.02133575649687358
indeed:0.018441211542523078
nt:0.0035703927586121925
responses:0.02217964315530457
re:0.0018697025138908526
michael:0.015023476008368446
so:0.0051090529869246
anyone:0.008364573748206957
had:0.007672042428410676
reply:0.01795598259677572
he:0.007950666037601176
aisun3.ai.uga.edu:0.028192038915650332
on:0.0025350441261964497
you:0.0055579898940872185
dry:0.07755407352088689
them:0.007329295857661205
m:0.006844073560580361
why:0.008898612900770032
more:0.00635709512910363
a:0.004189512377539185
air:0.0385413898563117
other:0.006896539939159554
want:0.009462989838560908
compatible:0.022527811614098576
let:0.011525688713764123
canadian:0.024263339078711487
also:0.0074174856583978325
ie:0.02091809093380706
product:0.019954489613732793
no:0.005628728680912549
those:0.009279578271437801
d:0.009109221111885177
it:0.01028566289219916
not:0.006029100085759649
have:0.0025562530657382643
try:0.012181948361716963
ve:0.00912566849513717
tube:0.026661204480020913
robert:0.03195412028957704
his:0.009222145207526284
be:0.0028923062856873565
which:0.006459461662587589
writes:0.003306311955087812
get:0.013143739752911223
if:0.0033507520988170464
of:0.0019444058556573865
available:0.01350531913907115
but:0.013305664445008206
result:0.017675009805057512
year:0.012373803581048259
manufactured:0.02874377920149466
again:0.01220934569054009
seems:0.02356487089381078
who:0.006465264371169241
up:0.006717301851761923
called:0.01341127247928367
over:0.010029703762596789
in:0.0035535940378898095
frequent:0.026943765531337625
or:0.01011467186554628
and:0.0028634806086809237
for:0.00325348862912074
subject:0.0001334847844600915
each:0.012730046986803077
i:0.0019089870724539493
6:0.014691748162795972
specifics:0.029364042444844553
the:0.0018843825249726326
do:0.007183179189064966
original:0.015430840066367397
intended:0.020342744284883123
can:0.004322829962188567
protected:0.023507184230091866
did:0.008219555217214828
mcovingt:0.027695176546584314
an:0.004489490692808683
newsgroup:0.019220819202871747
people:0.007526365700365587
replies:0.022409041184058037
contribute:0.026772320163944468
nose:0.05098168274157783
is:0.008060178806719916
night:0.016739174232920123
days:0.014891263122750862
keep:0.03974121876188882
does:0.006092444071687626
their:0.01513683618581714
experience:0.016561113873975738
under:0.012136617135528197
him:0.01198257651681654
article:0.00810332880316601
already:0.014528931606486757
lots:0.018243475057081803
freenet.carleton.ca:0.02776320480686321
says:0.01280513372213784
seem:0.02759712554895738
appear:0.01974348784128091
covington:0.02743195787915721
s:0.012408725617120366
