another:0.018326490333789906
some:0.009649065083746728
read:0.009367781247512074
large:0.012372041817717255
there:0.007584950294026012
know:0.01529597263212771
all:0.003942429052257401
sufficiently:0.023824640324856667
hand:0.013046444030796172
with:0.012083210264246845
way:0.014317130740054078
further:0.014660472731741267
much:0.007219821775041039
into:0.00740001612802639
response:0.01451073782077414
such:0.00794635208044545
surprised:0.01818463922313735
post:0.010671809109219754
possibility:0.017524717279509636
to:0.003417022710969002
then:0.006594546899900014
most:0.007671882082508422
enough:0.010050200524534696
perhaps:0.011935791477851428
been:0.006062976806700163
honest:0.019379375239765514
that:0.008600941126474632
view:0.01407168906109352
quite:0.010976030504584304
kinds:0.018842548238772912
indeed:0.015240670696300064
cs.utexas.edu:0.022364808279659996
happens:0.015438336837928838
me:0.004477639175225392
re:0.001545208689165994
happened:0.013935127680737317
so:0.008444715680867108
this:0.015185442432231128
infections:0.023895278479233943
jon:0.01714614985007576
infection:0.023118203142444935
these:0.00684560319462373
on:0.0062852333707349994
you:0.004593380077758032
medical:0.01662403914119286
am:0.02026036805828139
great:0.010418391275754864
them:0.006057269303852236
working:0.013093136407878542
more:0.005253797627358371
sure:0.009016710827104146
a:0.0017312034617930517
other:0.005699619784429384
was:0.003658930306204073
as:0.0033062568604009025
route:0.02113930819755658
russell:0.021603222668098238
demonstration:0.02375518942272286
hypothesis:0.023237986352664986
course:0.010108065288843055
theory:0.01681218535940754
are:0.00796997580497387
those:0.015338145903202977
causes:0.017632856608986433
d:0.015056563821297815
it:0.0042502739223963465
not:0.004982727343603016
have:0.006337817518359333
only:0.005510480323426804
stay:0.01631693210023216
tissue:0.025229052827428364
has:0.004399894520192359
netcom.com:0.026603596485298673
reject:0.02110290063688652
be:0.002390335773295336
writes:0.002732489219080836
were:0.006410344204430988
if:0.0027692166105926005
of:0.008838208434806302
clinical:0.023553577174088847
opinion:0.013674841175982187
characteristics:0.023237986352664986
but:0.002749104224175249
associated:0.037601616345425956
they:0.0077100795413863115
find:0.008745647676336324
who:0.016029581085543573
notion:0.02043496116764513
one:0.020316341069744268
in:0.0029368545767684377
bloom:0.02553528411731978
or:0.005572821964488308
and:0.004733025799472602
few:0.009444741739282177
subject:0.00011031800368602602
i:0.006310701065963469
face:0.01483170078903124
research:0.025515136202783284
currently:0.014871626040732631
the:0.0031146818594588966
do:0.005936511726499972
see:0.007311511410789984
can:0.007145173491220772
symptoms:0.0426526378131968
needs:0.013840275052352673
may:0.015380376259833314
an:0.003710322886618747
thought:0.011093332252858317
people:0.012440273884901798
interested:0.01188874469179719
shared:0.02065666659529935
general:0.024367193083368193
is:0.0022204349329806934
number:0.01033993739007338
ignorance:0.03988281459261247
solid:0.018618026127354196
occur:0.018800808172712978
lack:0.016031078755795812
does:0.005035077745196385
yeast:0.023619694287090667
ignorant:0.02065666659529935
experience:0.013686870970227884
hidden:0.04220580127377304
noring:0.05173207821541259
turpin:0.05220446180086671
guess:0.012380815136097742
various:0.014729665199814829
candida:0.09770702098837532
article:0.00334848297651488
before:0.008785926724060514
past:0.013650886144228776
realize:0.016171534128641068
understand:0.024761630272195485
by:0.0040927085736246534
happy:0.031389215607314225
while:0.008968357462307943
skepticism:0.04388843726750229
