another:0.02359048223817637
looks:0.01820800784241431
read:0.02411705384997789
believe:0.011556765320906066
at:0.004685984108800165
out:0.006266899463193936
lens:0.03329564608545172
there:0.024409015573860306
happen:0.017987405458336783
thanks:0.010603120451681719
where:0.00982689786294554
your:0.01340353427852407
with:0.003110783919093337
ca:0.010939088277086815
such:0.010228814912062758
several:0.029983525234759535
to:0.0036654232981139117
require:0.02063575031331163
recall:0.04160484271354279
near:0.019174339241923005
attached:0.026225774025452026
most:0.009875507787058712
indicates:0.026148120837041638
depend:0.027258518783116692
that:0.00553571210799697
memory:0.017987405458336783
kinds:0.024254769541399174
like:0.006194888635684432
nt:0.00759658033747275
population:0.02098907731321432
re:0.0019890452275434603
so:0.010870325504094894
barry:0.0559375842962815
ball:0.023715985849638
this:0.008377379335714133
mean:0.014060755621435429
on:0.0026968554534004784
you:0.008869132809713645
am:0.00869327849309237
moment:0.022384631911445654
great:0.013410907918790835
sure:0.011606617128506401
a:0.004456928061211899
richard:0.019872752738184993
stronger:0.02707186282667377
other:0.01467348923225437
vision:0.025361311634506414
as:0.012767779152399229
corrections:0.03057848851222836
related:0.041001478570544356
overall:0.024646884306806446
far:0.013241372724050009
hitting:0.025530187689371202
book:0.033081899049826315
d:0.019381321514649313
silver:0.02770410326750743
not:0.006413936261446435
relation:0.029835073925126455
strength:0.055305420248719796
types:0.021792006446706803
netcom.com:0.01712252752511244
usually:0.017541227352056453
be:0.0030769215805184643
which:0.0068717677261570095
writes:0.007034706287420876
were:0.008251613284427122
if:0.01425851956943424
of:0.0031027753015809355
what:0.004895968632960804
but:0.0035387405438851607
tend:0.02265746858371986
reading:0.017480436416824417
years:0.011860507569044646
least:0.012806714801630224
one:0.020921508676077075
in:0.0028353143919333584
yes:0.014185350375020686
or:0.0035867630728887516
for:0.0034611581160858933
subject:0.00014200508985116116
i:0.007107930588924279
person:0.01492124701635027
world.std.com:0.0488944290463888
ago:0.015218966624280022
will:0.012056439839396643
than:0.0076095812884013885
the:0.0028065271648528567
do:0.003820839994183493
thing:0.012042193803856151
less:0.01462162530104403
would:0.004960902372895617
can:0.0045987552789240075
did:0.008744207677888114
an:0.004776053928519876
people:0.016013544043331034
about:0.005239447767669529
eye:0.24419292417417038
is:0.01000376802252472
discussed:0.024147848374797644
type:0.03447353734395422
their:0.008051508609477202
image:0.019686505302838705
activities:0.0224804750258216
although:0.033614249539944234
article:0.0043102812782797924
refers:0.02807846920772977
bad:0.014577665142268
close:0.036967161874154685
