another:0.011609975551772664
some:0.006112758508551593
read:0.01186912597852315
health:0.0218133329856165
believe:0.01137524544675571
ask:0.015259489970452187
week:0.0180515120649507
cat:0.026512968112091643
know:0.006460079191928282
differences:0.023981205306890827
small:0.015647884294586446
send:0.015357838329194884
anyway:0.015960805348924263
means:0.014840812672454204
thanks:0.01043657929275478
where:0.019345097363704312
with:0.0030619234386887297
ca:0.010767270136609011
fred:0.024259760469526763
from:0.004432315468220815
members:0.01931016915447443
my:0.0049749437765984365
via:0.017896499364479818
discovered:0.04748515921591443
to:0.00432942144531151
otherwise:0.018604109066031604
discovery:0.03045941733919311
then:0.008355394501443996
areas:0.021551061020595997
family:0.020630717639369984
she:0.08678383468320634
510:0.06073349879252862
that:0.0018162545834265803
like:0.012195173439881395
me:0.0113464783288434
re:0.0019578036794668614
started:0.01716882134025605
chances:0.025551077341681286
phone:0.015378780765495126
had:0.0080335522810583
this:0.002748599153777063
jon:0.06517332351390052
best:0.01274961298409128
treated:0.025737417368397006
on:0.002654496467221413
you:0.005819884705850491
knowledgeable:0.031158534578064955
brain:0.04617150155986171
charter:0.02959919193976234
dying:0.02664665032154277
mri:0.03489553179148213
a:0.0007311539925897357
how:0.013773434525959418
member:0.020894753522233293
other:0.007221507789695868
below:0.019433894832659122
was:0.009271844336140164
as:0.004189079372863971
old:0.013863419279279185
let:0.012068783993470288
fine:0.016958934962934873
international:0.020761071312782167
are:0.0067320563518452935
ip:0.030186193500603736
caused:0.020849812455786217
d:0.019076902852115555
place:0.01423784092835825
action:0.01927692712474323
it:0.0035901092119368793
ones:0.017762460630245322
have:0.0026767047808777637
made:0.012175809172345557
after:0.010100595223376708
netcom.com:0.033707174604409834
writing:0.02095528138820751
be:0.012114371877224531
walking:0.02791749160211614
were:0.008122006793048687
if:0.0035086409411696825
of:0.002036027073986792
what:0.01445720580622981
explain:0.01882229072257908
years:0.023348433748485796
brave:0.031158534578064955
who:0.0067699103363028715
removed:0.024174626852397026
one:0.010296449296079818
in:0.00465130109671441
our:0.011674216874242898
world:0.013200265386034958
and:0.004997348357209291
for:0.0017033971880213298
subject:0.00013977464341370836
showed:0.022380920935915895
feedback:0.058000369731066634
until:0.014979925263689237
i:0.0029984090143255746
info:0.01542091863556229
ago:0.014979925263689237
will:0.005933535837189971
the:0.005130256088930727
putting:0.021047405796010547
can:0.0045265235206163
club:0.02530086444201454
64:0.026512968112091643
her:0.01731104086350643
cancer:0.027268960284248155
last:0.011414463623348158
substantial:0.028274602858799566
different:0.013231502083828523
is:0.008439977808083683
chips:0.021742099205219752
done:0.013867348436757585
having:0.013701002054556866
right:0.010156406250210992
spot:0.02526607626024141
difficulties:0.031604386977752426
noring:0.16386338911164722
easily:0.019366045907829255
e-mail:0.014396312966765794
full:0.016176243371325935
give:0.012372964771497418
four:0.018366733774989392
s:0.009745072474178298
aside:0.023639917454091372
