perform:0.08167920345053119
some:0.020483103072514983
preferably:0.0924278846318886
know:0.021646932029093013
thanks:0.03497169552484496
with:0.01026012941736048
someone:0.07731431981273754
to:0.002417893263317247
that:0.012172092120507957
could:0.05295119843249324
me:0.03802065545279104
had:0.02691944711723044
you:0.00975085946331091
a:0.002450007238327009
looked:0.06535093341192429
let:0.04044101303075131
helpful:0.08148426967114399
portion:0.08913906083725047
success:0.07862821468090539
kurt:0.10477016476514282
ve:0.03201988945662165
has:0.018680253927834227
be:0.010148443107674935
if:0.023514049816259975
eastern:0.08742610523086598
please:0.06720755638264052
who:0.022685138144453477
good:0.028421225462447353
in:0.00935156325760476
or:0.011830025573738339
yellow:0.09945110758991921
and:0.0033491001271121917
for:0.005707874787931122
subject:0.0004683676647722508
i:0.0033491001271121917
preferred:0.08959477112502696
the:0.0013223737017351805
canada:0.13054763484233847
would:0.01636227449305923
can:0.015167824428731812
photo:0.09580831171661668
refer:0.07862821468090539
matter:0.05299829845439548
pages:0.07887706792637832
experience:0.05810917148763417
little:0.041146293015762524
bad:0.04808072011835761
especially:0.054829749254339324
