another:0.019366858780686277
some:0.005098414301892376
go:0.008495337344079158
typical:0.01946989231323993
at:0.003847008788010616
out:0.0051448781619234055
there:0.004007768495970076
know:0.010776201970814862
happen:0.0147669529526957
small:0.013051292140899612
became:0.01888929041945993
weakness:0.025563826881907243
monday:0.022076893710650598
your:0.00550188743310595
active:0.019510139715444838
surprised:0.01921695498689624
from:0.0036968220717474914
clark:0.04379726345169198
prevent:0.017567761887199437
my:0.012448221764152417
to:0.004212835860539658
remember:0.01215119666603158
apart:0.020116412400397746
enough:0.010620735925490812
been:0.006407163262975717
that:0.007574336799879406
think:0.006287109290517708
like:0.005085760102657961
really:0.00852137879122675
nt:0.012472987803012026
could:0.006589996311467499
anything:0.030409272711607906
sitting:0.019824434473633
so:0.008924110020828996
anyone:0.007305304583586861
had:0.01340094747320642
this:0.009169998923518236
these:0.007234218223139487
on:0.0022140123372894754
you:0.00242706982274551
8:0.012892975032200289
m:0.01793207046440269
why:0.007771714323816622
fun:0.017974902423291857
more:0.016656144443066276
a:0.002439308516762262
how:0.005743943219341154
other:0.018069536958496647
j:0.026673612746976966
was:0.015466570027971801
as:0.00698789659578182
old:0.023125878448404576
operation:0.05640741662230345
wife:0.01764620972551952
course:0.010681885589083052
computer:0.011706126223429324
caused:0.0173900182491492
pain:0.01933187773064023
it:0.005988741130829204
not:0.005265589594549911
have:0.0044650708571847405
probably:0.010424557707551128
systems:0.013102258167172972
suddenly:0.021280729707183546
suspect:0.01695238018732646
doing:0.03511837867028797
somewhat:0.018785313787609635
annual:0.04408130879409861
be:0.0025260316905566433
noticed:0.017712676948272162
sort:0.013700704400266507
things:0.009758628507162661
if:0.0029264210470017872
of:0.004245427632439709
totally:0.017989149784142587
but:0.0029051669093904378
year:0.0216136307092546
reading:0.01435075129416153
years:0.009737010580700407
younger:0.02475420581932487
fairly:0.01713627313645365
lift:0.024014388561866152
seems:0.01029033663485187
fact:0.010472782221086633
who:0.0056465191014578526
in:0.0007758938947357662
37:0.02270178822436533
or:0.005889183036708169
and:0.004168094044659278
for:0.004262212177887432
subject:0.00011658059778173928
flight:0.020530291904010362
exercise:0.02179506610742976
cause:0.013770747307170596
i:0.012504282133977834
back:0.009198064279770905
developed:0.0185034861843888
rare:0.022150287240416452
physical:0.018633848468885224
will:0.0049489316371322456
turned:0.017148027685212217
than:0.018741501513792065
the:0.002633198288171364
do:0.009410278413622226
thing:0.009886167838973609
when:0.017131106238127542
38:0.02230088189574907
painful:0.024890679808425766
less:0.012003779723127848
risk:0.018734239378163386
start:0.012303764575906168
would:0.004072705878185048
thinks:0.019781198355804566
did:0.007178650844729106
falling:0.023902412882331928
may:0.008126749028121532
last:0.009520360489342785
an:0.003920952570138588
long:0.010394372249382467
people:0.0065732451531577175
is:0.0046929716487452205
repair:0.044678712522346654
days:0.013005469976201625
time:0.006897423449361195
hospital:0.021693899909693802
does:0.005320911853002293
eventually:0.0185034861843888
full:0.013491975912328615
side:0.01406272523393534
data:0.01281373634587691
reduce:0.019912212549270936
appear:0.017243220822079398
periods:0.02412931130561014
s:0.00541865747472505
news:0.0134012074941634
