some:0.010911559580685551
out:0.011011000925985606
there:0.008577373696982686
happen:0.03160403949689079
finish:0.04574150011348471
small:0.02793220467538328
with:0.0054656764185939
way:0.016190400182677974
bits:0.041209143915577506
to:0.0038641097946471893
that:0.0032420993031259514
r:0.028974016511487195
re:0.0034947710540015934
michael:0.028081263567043824
anyone:0.01563471728636814
prefer:0.038378767336839634
this:0.00490637792870485
off:0.020406144373423835
you:0.005194383078586185
lord:0.03980938405363863
used:0.05535878995337006
great:0.02356309054890352
m:0.02558532172179574
sure:0.040785869535686047
a:0.002610288085694196
other:0.012890728858242155
as:0.007477702431934751
also:0.013864459174575386
exact:0.039915386638722135
are:0.006008517585058182
it:0.0032042563527100183
not:0.011269345954690932
have:0.00955608622705893
made:0.021734388335682253
kind:0.025752585952925792
be:0.005406179973247395
writes:0.018540067037875578
making:0.02873464664366732
of:0.009086008671296199
but:0.012435200415895518
good:0.015140278984668215
one:0.009189821567996472
in:0.009963347769784513
use:0.015539995586423813
and:0.005352300203141914
few:0.021361004681367163
for:0.0030406435786175137
subject:0.0002495042700188626
half:0.07068492492697225
i:0.008920500338569856
plain:0.04252145399809851
addition:0.037059482436835454
the:0.00422665239246198
would:0.008716351832751178
major:0.030620822174932633
instead:0.028670414126959264
may:0.034785523877380015
an:0.008391571388427445
people:0.014067973271711377
nicely:0.05047148734608146
is:0.005021918259638577
request:0.03645141147097506
dave:0.032768922162379366
donald:0.051641236345651605
taste:0.04814721981581205
article:0.02271961346682059
todd:0.04756551599452961
sometimes:0.03275239555437243
s:0.011596939829084454
