music:0.06580940628130119
there:0.01311112836538782
know:0.017626787509404312
all:0.02725908087560832
with:0.008354676811279247
ya:0.21886722660542304
someone:0.03147797306661457
remember:0.03975177195030331
scientific:0.06032427909719832
territory:0.07482757452189916
that:0.004955780363349669
re:0.010684014365090587
wan:0.07819503642934302
american:0.04610050310554594
fed:0.08212508343284187
ta:0.06596219612582616
mice:0.0911052071388758
noted:0.06376004355686533
was:0.05059777909150775
as:0.011430202288814549
given:0.03982553655973259
died:0.05794575744506179
aint:0.10192928859169746
explanation:0.0658855969380921
no:0.016082081945464427
it:0.014693804131713084
talk:0.04942276810910039
but:0.028512138096446153
years:0.03185393461400562
in:0.002538281455635578
or:0.00963302082432979
and:0.0027271243892199276
subject:0.0003813850984574042
i:0.0027271243892199276
ago:0.04087379607663777
20:0.04492617640579457
water:0.1171456347060443
than:0.02043716117456373
the:0.003230370042810227
got:0.03160219745186534
can:0.02470188549822038
na:0.062261478129005406
maybe:0.03782732974774748
an:0.012827116265167667
jim:0.04837615352784099
many:0.026474300393972763
is:0.0038381803841523415
else:0.036093603219115096
heavy:0.12805166390890307
eventually:0.06053283337464336
too:0.027893112398064236
nothing:0.03649794287858441
article:0.011576184004522871
s:0.00886337544080026
