cat:0.05274975947301566
at:0.009176718879733656
boy:0.04723784067833154
know:0.012852865892273977
with:0.018275855524673354
from:0.017636921967295324
prevent:0.04190643200175699
my:0.039592260888762554
to:0.0071781206254730775
might:0.022157136832067145
that:0.0036135898482758
problems:0.057147359081078604
re:0.003895213570605943
started:0.03415880079155109
prince:0.05701721406306262
lost:0.03650527421164427
infections:0.12047202899947113
tail:0.059210597074597505
blow:0.050763407322344085
you:0.005789572806340852
used:0.02056732821184235
dry:0.0538569955006159
am:0.017024337048972556
want:0.019714562163668556
also:0.015453095121662149
daniel:0.04456854161664937
base:0.04012120682721928
it:0.007142821452916082
ones:0.03533989562892559
have:0.00532552722028805
try:0.02537905908691034
area:0.06684306343040305
between:0.024196519229650056
after:0.020095975913176575
types:0.04267601262480082
nasty:0.055096078238755126
his:0.019212802515679757
personal:0.0349364111582887
get:0.04107418672784757
of:0.004050845532619555
one:0.010242821955996066
in:0.001850830228067609
world:0.02626302800763205
lb:0.19231940463772176
rather:0.02680712138450899
men:0.07315830317973629
and:0.001988528200472864
subject:0.0002780933009585239
each:0.026520931222506407
foot:0.050200207100778715
until:0.029803809639215043
i:0.013919697403310049
angeles:0.049345363839796375
the:0.003140637541621054
can:0.018011791509119027
mostly:0.04251092728896725
time:0.04935968655949105
yeast:0.11908262536408211
experience:0.034502320570782785
origin:0.05047800134121789
los:0.047498923685240044
while:0.02260773443623461
s:0.006462877925583524
