health:0.1126039621689933
your:0.0170261111105576
to:0.0037248625948400837
me:0.014643090275737092
re:0.005053250037542845
so:0.013808251316012434
you:0.007510797154171917
am:0.022085626441910346
josh:0.07078284076395867
assistance:0.07038339749042428
following:0.03699073341945624
avenue:0.07190961926313504
organization:0.1035630602193749
27:0.059704734932967976
have:0.006908792069562877
try:0.0329241847613972
domain:0.0603135547159537
scientist:0.06662764211871595
sending:0.06134858776299943
writes:0.008935978256994086
of:0.00788272644185427
department:0.04686588625260725
looking:0.03505250466765735
dr:0.05295735952846623
particular:0.045825019568700096
please:0.025883991309530473
who:0.0349473749792932
net:0.04479922276889842
email:0.07415942321534975
in:0.0048021541052565
chief:0.06734172970485623
or:0.00911231699598764
world:0.06814191050628857
for:0.02198303127784284
subject:0.000360769687729977
i:0.005159424520145809
directly:0.04908784223643757
20:0.042497734437913784
the:0.0091672663377047
thank:0.04906073387526371
address:0.21573117256308183
elizabeth:0.167014560983551
is:0.007261422348396322
switzerland:0.0763979143310082
article:0.010950444328602716
respond:0.05464875335216901
