since:0.022231351371152015
know:0.027419447236851153
all:0.02120150734769536
happen:0.03757369140185906
anyway:0.03387237579605038
fields:0.05454029410433713
case:0.02746234563674173
violent:0.05362022850784565
my:0.010557936237003348
to:0.004593997200302769
photography:0.062484363303832516
day:0.02825892261958747
class:0.044090774129655584
been:0.016302670969127103
that:0.01156348751448256
nt:0.007934206130249317
re:0.004154894475313006
so:0.011353451082054667
this:0.0058331382041268785
something:0.0221184590795947
you:0.006175544326763576
inc:0.04067794995338224
m:0.015209052356845247
a:0.004655013752821317
as:0.0177803146714893
ears:0.0606785974205239
said:0.024350053651815914
no:0.012508285957583442
care:0.03517796601415441
it:0.011428514324665733
have:0.005680562368307254
ve:0.02027926332252705
energy:0.10190233401096115
heard:0.030029415104665273
krillean:0.06546507426599561
writes:0.0073473599001951375
of:0.0021604509507304297
even:0.018657327197400285
forgotten:0.05900556565964197
explain:0.03994508364458449
years:0.02477528247755993
never:0.024488213676242893
well:0.018698532335037165
pattern:0.05787079349212664
in:0.003948437819877566
or:0.007492349530034282
few:0.025395861121180963
subject:0.00029663285435575884
i:0.010605483735855273
eyes:0.048018216496208736
the:0.0016750066888645623
ross:0.06026955327471595
can:0.009606288804863482
did:0.018265678260477394
edwards:0.13972782980070264
maybe:0.029421256470470267
may:0.020678061415998122
last:0.024224028356216645
ready:0.04683865876478218
garbage:0.05924712106671314
is:0.008955754229688797
grant:0.10055512019281813
field:0.08649906333185126
significant:0.046254753261155176
already:0.032286514681081686
going:0.024197952044996474
s:0.006893736453955759
