some:0.007342999214675183
read:0.01425788089243976
out:0.007409918862141257
pub:0.03936843688091147
there:0.01154438975568739
know:0.007760220916089949
send:0.01844872403066807
with:0.01103447880734995
much:0.0109886595569807
into:0.02252583525764008
alexander:0.06401899636999583
wood:0.06338464600990915
to:0.0034671676983417127
then:0.01003698333192329
might:0.013377893936342427
that:0.006545370291216543
williams:0.03353610626417725
could:0.009491252549220487
me:0.006815023147198395
re:0.002351827061497928
anyone:0.021042952825677877
charles:0.025888381477571294
described:0.026096655746656185
this:0.00330177634195861
he:0.010000837783146133
hi:0.01981771484285789
on:0.003188734749932641
you:0.010486773385070224
used:0.012418009486395381
society:0.02337252338620659
am:0.010278845010700413
evolution:0.03389152897023601
them:0.009219240072529817
glass:0.034346375898409755
a:0.004391522408321997
beer:0.03353610626417725
baltimore:0.03288037663949543
anymore:0.027870782079660334
was:0.01113787590064636
dogs:0.03269628618477774
following:0.017215813037985923
said:0.013783049236876933
also:0.018660341278988257
experiments:0.03518619597780927
it:0.012937940744904602
have:0.006430825322611986
term:0.024513709395688414
christopher:0.03043493142500361
royal:0.03839893574992242
doing:0.016859766699152928
has:0.013393389608635863
be:0.007276242228144294
which:0.008125109009544138
found:0.050462651042584857
writes:0.004158882962374606
if:0.008429565028470557
of:0.008560277351950758
philosophical:0.03527669118191053
describes:0.03143970639032982
looking:0.01631374431073361
but:0.004184171209122078
using:0.01386428036883598
please:0.012046637464812923
one:0.006184345331922155
in:0.005587412009260707
sir:0.033265556672455926
use:0.010457732878914138
and:0.006003104001427513
for:0.004092438527195899
subject:0.00016790538925797672
i:0.004802483201142011
special:0.021985604986572472
don:0.028041543017182043
um:0.03636891441493468
information:0.030676997289103964
will:0.00712770657171877
the:0.00474058496848461
invented:0.07019396887395872
thank:0.022833297526852293
intended:0.025588357591047956
transactions:0.03902839146411728
about:0.0061950703164897584
interested:0.01809481896487371
is:0.006759059795991545
else:0.01589026556816388
does:0.007663451662500159
paper:0.024255650297085506
donald:0.034752278547073724
article:0.005096433209538371
very:0.010963789256499669
thus:0.020951918697335255
by:0.018687461789003133
s:0.007804229947874445
