school:0.06060874126326842
basically:0.0654034424707981
reserve:0.0881537251820082
case:0.04119351845511259
much:0.029119947825998856
c:0.04310162825714933
such:0.06410057344892661
from:0.01410953757383626
reduction:0.09324341934119457
to:0.004593997200302769
h:0.11777273747648388
r:0.0516703294454855
on:0.008450147087321499
western:0.06817546272825667
other:0.022988466463865178
wondering:0.05998222503095495
was:0.014757685568356426
as:0.040005708010850925
question:0.036383101389118405
nyx.cs.du.edu:0.07835728076697288
anthony:0.1792397427955483
due:0.05525237474830804
regions:0.09885128995154811
only:0.022225603971154775
university:0.039172335026644224
be:0.009641020952291189
if:0.022338347325446976
of:0.009722029278286934
future:0.05840843873863083
parts:0.060811583523606015
particular:0.056517524134730115
po.cwru.edu:0.07946544312145343
or:0.011238524295051422
subject:0.0004449492815336383
exercise:0.08318450231002358
i:0.003181645120756582
body:0.11832270412248505
will:0.01888842241505474
the:0.005025020066593686
would:0.015544160768406267
specific:0.06108593814117388
just:0.039146285448862866
affected:0.08426014432898313
fat:0.1816217082616198
tone:0.0908108541308099
