school:0.015152185315817105
go:0.008105967715808862
at:0.0036706875518934625
out:0.004909071246168583
effects:0.03584864047802172
say:0.007906437392781431
there:0.0038240791065714476
know:0.015423439070728774
help:0.008917053000174154
send:0.012222279670317594
your:0.005249717592421928
with:0.004873561473246228
florida:0.021278758142193904
to:0.006890995800454155
might:0.017725709465653716
tough:0.019971851646964568
been:0.01834050484026799
that:0.0072271796965516
problems:0.011429471816215722
higher:0.015466141304324551
like:0.004852662764619472
through:0.009872763725103446
me:0.009029905670037872
anything:0.019343676252661698
re:0.0015580854282423772
happened:0.014051253744743461
so:0.0042575441557705
had:0.01918010607102669
this:0.002187426826547579
student:0.0167625728007028
on:0.004225073543660749
you:0.011579145612681705
tell:0.01004177105676022
state:0.011073805778919234
m:0.011406789267633935
more:0.010595158548506048
a:0.0005818767191026646
hard:0.011267639177397955
sorry:0.013239236186410935
want:0.007885824865467423
was:0.0036894213920891064
as:0.010001427002712731
also:0.01236247609732972
organization:0.015965971783820296
far:0.010372408633839173
are:0.0026787974233384395
it:0.007142821452916082
not:0.01758487525013231
should:0.006845050592639498
have:0.0106510544405761
term:0.016240332474643574
try:0.010151623634764136
whether:0.011906077437007603
university:0.009793083756661056
400:0.01912844572697668
between:0.009678607691860023
able:0.010989438442127788
after:0.008038390365270631
has:0.008873120615721259
environment:0.017490222936990815
be:0.007230765714218392
things:0.018622716067835412
if:0.005584586831361744
of:0.0024305073195717334
even:0.006996497699025107
piece:0.01795712880747297
seen:0.010801937044259803
looking:0.010807855605861016
what:0.011505526287457891
associated:0.018957481574152252
together:0.014829026006042629
find:0.008818528073639125
clear:0.013740628092444222
in:0.002220996273681131
according:0.014331359185775909
message-id:0.023556023585394197
or:0.0028096310737628556
use:0.006928248032280617
better:0.009317566130422512
and:0.003977056400945728
for:0.004066860786400925
subject:0.00011123732038340957
cause:0.06569794027795972
however:0.009987912100820472
p:0.014025533498463957
i:0.010340346642458892
body:0.029580676030621263
information:0.020323510704031374
drug:0.05353023464381882
addition:0.016522352586422474
the:0.0028265737874589485
do:0.0029929913287770693
see:0.014744881345093134
would:0.0077720803842031335
can:0.036023583018238055
effect:0.014443222727593357
because:0.014706019157454283
did:0.006849629347679022
elderly:0.0769277618550887
an:0.0037412422440072364
thought:0.011185776688298801
handbook:0.02402317899423047
long:0.029753890563857313
many:0.015443341896484112
about:0.0041042340846744645
is:0.0033584078361332988
adults:0.022913729086113954
else:0.01052730093890857
time:0.006581291541265473
hear:0.013807006517745031
history:0.013837531684795337
first:0.007823145122462672
easily:0.015412144868314112
change:0.012383371282960364
agents:0.01897847238261041
e-mail:0.01145706573605111
useful:0.015976196737826825
going:0.009074232016873678
answer:0.012651129342203568
respond:0.016850032283585444
happy:0.01582539620202092
especially:0.013022065447905589
confusion:0.08632768847348277
