out:0.019314378673450164
there:0.03009111428121795
way:0.028399554418795794
from:0.013878233679183206
name:0.04528250009557789
to:0.002259342885394805
bread:0.09789999002644495
re:0.006130172176691321
this:0.008606269481498672
jon:0.06802243055275957
on:0.016623240171779997
a:0.009157404103910787
other:0.022611606357900178
as:0.026233251154656342
oil:0.07347226617723947
it:0.005620580815409376
spread:0.07641503036440898
love:0.05364290885543359
salt:0.0910269010061089
of:0.006375101166089792
island:0.0841568885444049
excellent:0.06385353136623585
well:0.027587998527104016
they:0.01529376433619252
good:0.026557538546877035
use:0.027258680782743412
and:0.003129487004022868
for:0.005333587916591377
subject:0.0004376550310166934
i:0.006258974008045736
walker:0.07988995250729562
any:0.01677520108670176
the:0.006178303360566007
got:0.0362648167480422
would:0.015289338460727477
here:0.029514768944645838
actual:0.06659601453653612
is:0.013213407879868716
white:0.05572080566919004
hear:0.054322648594406685
request:0.06393936110482512
little:0.07689635088191686
greek:0.15632546187826904
by:0.016236647128150265
s:0.010171086571410137
