taken:0.016810618876319693
looks:0.01746482384884638
health:0.021256870409452813
week:0.035182028616383504
grass:0.032699557132836156
at:0.004494719451298117
out:0.006011107648369693
behind:0.01799868571938111
small:0.01524870357278577
take:0.010845658828243385
your:0.0064282256233737884
way:0.008838636834421138
tongue:0.03127310375416696
4:0.012674844409074893
followed:0.022678253576547344
times:0.014339163987209318
from:0.008638492392144648
my:0.004848031945562761
to:0.004218977020686217
look:0.012097797572836277
then:0.008142246682529608
apart:0.023503359386178996
might:0.010852475183053295
bruce:0.023503359386178996
that:0.005309764675017502
like:0.005942036038309556
talking:0.033262154901655794
months:0.034650964693671626
me:0.005528513675533391
re:0.0019078597080518904
so:0.010426638748825713
had:0.007828614722868036
this:0.005356963656851214
getting:0.013837763123595337
shot:0.040577881077425874
on:0.005173559441217244
you:0.008507127388909007
3:0.02389250963915938
more:0.006486831764391458
bottle:0.09309031051266536
a:0.0028500084200946837
was:0.013552976542368146
forever:0.02407722664856007
given:0.014223405914190208
minutes:0.020332485959375375
are:0.013120640440841337
month:0.040549015197829164
care:0.016153147659560697
it:0.00349852479326502
not:0.0030760714723263513
have:0.00260842149565129
area:0.016369729819690544
treatment:0.044472484377861
per:0.054135078299587
completely:0.018352008352242193
after:0.009842926977882404
allergy:0.13215927699050117
somewhat:0.021948147231441867
placed:0.023238945774624986
call:0.013555898459177079
uses:0.01742344453998182
which:0.006591287410803661
of:0.003968175215627319
but:0.0033943021543388274
drops:0.11417561551983006
disappointed:0.030060493285406147
find:0.010798197641190766
who:0.00659720854200943
now:0.008428134683052266
in:0.0018130581825968415
5:0.013259555545498382
system:0.01140419555735982
office:0.037252427684144496
or:0.003440364580117782
and:0.0038958919845998963
for:0.008299715890614132
subject:0.00013620896373478723
each:0.01298984386408477
costs:0.06300386716735462
i:0.002921918988449922
6:0.014991579757955073
we:0.006876244416908009
rare:0.02587967233701718
20:0.03209012600413898
than:0.007298986133772761
cost:0.016943916348728983
the:0.00423024648463244
less:0.014024824268348352
would:0.00475841656175702
home:0.01494572985643545
eric:0.02034708408325819
return:0.01882840667253535
instead:0.01565170567135021
convenient:0.027926798724765365
an:0.004581112951845595
just:0.00599177838503003
here:0.009185718906241817
about:0.015076778270232728
doctor:0.06742379224894648
maintenance:0.028844110512727585
garbage:0.02720531069389889
is:0.004112336125877508
throughout:0.02361308492302065
issue:0.01597632656869823
new:0.008795916147365034
right:0.00989731425403214
keep:0.01351742134758123
2:0.009940865061711268
1:0.009992468836350552
every:0.01240892105580304
under:0.012384303199518566
midway.uchicago.edu:0.02687953787764107
article:0.004134351430186739
opinions:0.014569439568979806
shots:0.1250371933650951
process:0.018451855781803913
by:0.005053242218454929
says:0.013066462981773306
s:0.006330982457714472
