know:0.05364674459383921
from:0.018403744661525556
to:0.005992170261264482
software:0.06121273670611427
that:0.007541404900749496
r:0.06739608188541586
anyone:0.07273542389745179
this:0.0114126617037265
characteristic:0.13074910882678126
used:0.042923119746453596
a:0.006071757068897369
how:0.02859484776585053
copy:0.07427417271876831
it:0.007453378907390695
not:0.013106739316868801
ftp:0.08246449885411034
analysis:0.09360361164135862
pitt.edu:0.10734403530614355
site:0.08490356950953491
robert:0.06946547889038486
has:0.02314727117144676
be:0.01257524472037981
get:0.028573347288937442
if:0.029136974772322143
of:0.004226969251429101
called:0.0583098803447116
subject:0.0005803686280873543
i:0.00414997189663902
howard:0.22817306749506275
program:0.060361596356175544
do:0.015615606932749927
can:0.018794912879080725
operating:0.09991470283392494
curve:0.12461362039886352
an:0.019519524751342103
is:0.005840709280231824
receiver:0.1184489401706216
does:0.05297777453641414
understand:0.06513385354207941
