believe:0.016842417676979384
sleep:0.41980088560947276
correct:0.025366026668073246
there:0.03557282889833905
know:0.019129846909431036
all:0.0073958746561727995
depression:0.049436934106366716
with:0.013600636669524355
journal:0.038393420731002166
to:0.0021367428838617534
that:0.010756732571611683
think:0.01116083742270198
me:0.008399912251198021
prince:0.04243141511669776
articles:0.032650299385268734
phone:0.02277013276131449
error:0.029189598133116265
this:0.004069631305204799
two:0.01445573203607218
these:0.025684278652696783
you:0.00430851929774203
books:0.02830029389958264
medical:0.031186181954795902
am:0.012669274082956322
more:0.019711922880941486
a:0.0010825613378654226
let:0.017869284827541278
advance:0.024523265245555422
third:0.028316162764867328
are:0.024919045798497113
daniel:0.03316728678448325
deep:0.03526973316121349
it:0.0053155880579840616
between:0.018006711984855858
be:0.004484195791763343
which:0.010014669244321843
if:0.010389928988579988
of:0.007536456804873591
clinical:0.044185780435112405
what:0.007135210100749079
associated:0.07053946632242698
please:0.014848181061281045
good:0.012558215902011621
rings:0.044309814088960786
one:0.007622565176555213
in:0.006886810150949243
or:0.005227220602349499
world:0.01954457898242385
and:0.005919339759547129
for:0.0025220842086207287
known:0.025247509671832234
subject:0.00020695315420169222
i:0.005919339759547129
diseases:0.08696114570424456
any:0.03172983771438162
angeles:0.03672213122961591
the:0.002921523294531213
do:0.005568355960515478
thank:0.028143366719143522
level:0.05458194050532944
thought:0.020810747327067537
relationship:0.035387486382097016
people:0.011668784031574553
replies:0.0347426995101675
about:0.0076357843435804
five:0.030782810953841992
is:0.008330934167152368
levels:0.10664197745333143
origin:0.037565024253929595
answer:0.023536984822704315
los:0.03534803623087632
