school:0.0649379370677876
boy:0.08097915544856836
stephen:0.14541640283539348
became:0.07724370546529151
way:0.030935228920473987
such:0.03433959291906783
my:0.03393622361893933
via:0.061039846046707945
to:0.0024610699287336262
us:0.07356701379232128
through:0.04231184453615762
teacher:0.2019087735890931
a:0.004987514735165697
was:0.03162361193219234
as:0.014287752861018185
intercourse:0.11128897303351443
sex:0.07724370546529151
couple:0.056356996333116395
made:0.041528206284250024
girl:0.09426343234023565
without:0.08025751731437482
which:0.023069505937812818
were:0.027701844597719627
of:0.003472153313673904
sexual:0.07953622629829521
clothes:0.10421012888015288
in:0.0031728518195444726
or:0.012041276030412237
subject:0.0004767313730717553
i:0.003408905486524909
cells:0.09751917442584197
actually:0.08729693311075302
the:0.002691975035675189
do:0.012827105694758869
when:0.023351329336495284
her:0.05904301437374514
an:0.016033895331459585
biology:0.21182419275331738
occur:0.08124634960350965
having:0.04673020343607788
their:0.027030064617530606
told:0.055361067263020175
somehow:0.07593059682161028
very:0.0311293302104187
incidents:0.10178510135945536
incident:0.08582406785906077
