at:0.038302826628453523
effects:0.09351819255136101
hand:0.13727128067185537
your:0.05477966183396794
remove:0.09604674750086152
4:0.05400585878649302
from:0.018403744661525556
dh:0.14315225792390326
to:0.005992170261264482
photography:0.24450403031934462
look:0.051547137484258924
cold:0.09604674750086152
re:0.008129141364742838
this:0.0114126617037265
3:0.050901433579078684
a:0.0030358785344486846
closely:0.10816447721881413
observe:0.12193464995486464
theory:0.08844671428210053
try:0.05296499287703027
after:0.041939427992716334
poor:0.0859012215368535
krillean:0.1280838409552088
explain:0.07815342452201313
up:0.02920566022505184
and:0.00414997189663902
subject:0.0005803686280873543
person:0.06098248780595328
don:0.09692620303765095
the:0.0032771869999524044
around:0.05146074854681817
home:0.06368180547524671
kirlian:0.14004137001867123
hold:0.07543001332487
window:0.15160838007935398
2:0.04235672939337845
1:0.042576606346189316
image:0.08045789123768862
s:0.013487745236000399
