taken:0.029158241590784603
silent:0.046622915256793365
resident:0.05197175653954788
correct:0.028957676461782732
know:0.010919248899630989
fields:0.04343917229548975
take:0.01881193920651065
your:0.011149842674170464
way:0.030661465832682182
companies:0.03519143668661713
from:0.007491789862213943
to:0.0012196452744166644
photography:0.14929892116844937
schools:0.04356742899728237
might:0.018823762264411025
perhaps:0.025561606527788012
that:0.009209857312419738
think:0.012741132986978364
nt:0.006319279218782642
re:0.0066184159783747
greatly:0.034539196015934526
off:0.01932263228279956
ti:0.03352797394912976
registers:0.054462132286788464
you:0.004918575127510813
am:0.01446315359912713
them:0.012972205057807442
education:0.03828006642527721
bill:0.1095757124138661
m:0.024226809064001275
a:0.0012358443591561018
objects:0.041502732814365076
surrounding:0.048218152635828265
no:0.00996235164763283
brian:0.033062632874148484
taking:0.030150000302226594
base:0.034085273056752664
it:0.003034118847256389
flame:0.03714737614936102
have:0.004524341709271264
involves:0.04635336474807913
spelling:0.047791585363103684
greg:0.07750917871673314
be:0.010238252338716307
krillean:0.156420973909901
thinking:0.03082766844113854
writes:0.0117037591330542
of:0.005162139439798371
looking:0.0229547375699703
but:0.01177492428761788
rest:0.02890823746436114
in:0.006289546969716477
minute:0.03957931304772894
pictures:0.16460685138516187
or:0.005967358032770666
still:0.01806822196663316
for:0.008637580431294
subject:0.00023625625568157783
i:0.005068107272001635
appreciated:0.02995364707235613
info:0.026065446543295553
any:0.02716691857403913
allow:0.031028979392695506
will:0.010029250839852073
the:0.00400222837162329
do:0.006356795742535368
intended:0.03600485714138606
around:0.020948623302244562
simple:0.05839271782223435
is:0.004755267732578122
sale:0.028096213753129463
terms:0.034063176771809416
article:0.007171087436430097
takes:0.03164513145114753
by:0.008764915706346603
s:0.00549058655624795
