taken:0.023203389434920143
silent:0.03710133397195529
since:0.014090293122561137
resident:0.041357806260344444
fields:0.034567792037960156
knowledge:0.026033599611634758
your:0.008872762128037061
way:0.02439961717671188
from:0.005961776439649124
my:0.006691649727678178
to:0.0009705627887963597
remember:0.019595943919163607
photography:0.11880829642278012
perhaps:0.020341278434084828
think:0.040556282465593105
bit:0.019190733789124646
re:0.007900151467144447
expression:0.03863656039317916
this:0.003697059425150838
off:0.01537646090110106
something:0.014018741670165653
on:0.007140969369567464
registers:0.043339584143711946
you:0.015656309560809066
fitting:0.04220389296345757
them:0.01032295191219888
bill:0.08719757396314697
more:0.008953655111413562
a:0.004917268048754912
objects:0.03302682259171306
surrounding:0.03837078343555348
no:0.015855573749049435
taking:0.02399260587430708
base:0.05424839232976128
missed:0.030605156177660783
it:0.004828949714647492
flame:0.05912188035039149
involves:0.036886832510795366
against:0.018192118254632725
has:0.007498411787933458
greg:0.09251975910201597
humor:0.03910310536177917
yourself:0.024692075150525298
be:0.00814734164982354
krillean:0.12447584543534376
writes:0.009313554803064259
get:0.009256154755571283
attempts:0.032478815392017225
of:0.006846499491751361
cheers:0.03066311743918554
photographs:0.042355345112900976
but:0.018740372457758035
easy:0.02333578566379442
find:0.014904554490657678
one:0.006924724702645229
rest:0.02300444248924513
in:0.0087588585440946
minute:0.031496213904178665
pictures:0.09824246940065118
or:0.0047486722373456716
rather:0.01812312431628777
still:0.02875646594689503
subject:0.0001880067386761852
i:0.004033071279832287
discharge:0.04048419605844318
rare:0.03572123787362935
than:0.010074656917038459
the:0.004246495830924242
intended:0.057303505027839784
around:0.03334076666413571
simple:0.046467444464172405
stone:0.07007839369106268
just:0.008270341996238634
btw:0.026421060003122075
is:0.005676182258253463
field:0.027411674999530327
nice:0.02225168631517435
terms:0.027106612501510308
article:0.011413139159388746
takes:0.025182393337885006
by:0.006974897709980043
