basically:0.022815154350278408
some:0.006788005087984617
at:0.005121889607293204
there:0.010671848669501714
differences:0.026630291939628764
ever:0.0153687328885457
way:0.010071934997363623
much:0.010158121334650763
though:0.014450838381457439
into:0.02082330119746961
such:0.02236066515660231
equally:0.027867699972508698
from:0.009843863423606693
reduction:0.0975803225663664
to:0.004006392907240787
look:0.02757172470088268
that:0.002016887357177191
like:0.006771157345980658
really:0.011345324088319337
through:0.013775949383865272
re:0.002174072690570759
so:0.005940759287121628
muscle:0.16434435059577346
two:0.010841799027054136
distribution:0.02584266105234465
philosophy:0.028455468093853863
a:0.0008119210033990669
other:0.02405769746218449
wondering:0.020924031987542422
was:0.00514802984942666
as:0.018607306051558567
question:0.01269177955434363
also:0.008624983323718409
mechanisms:0.035927550909252245
arms:0.047129537577020694
nyx.cs.du.edu:0.027333935151269608
pitchers:0.03063017106987006
are:0.007475713739549134
no:0.006545033349898313
those:0.010790207292369536
determined:0.027684279288003315
mnemosyne.cs.du.edu:0.0347203453000764
it:0.001993345521744023
not:0.0035052907475346794
due:0.01927408421452606
regions:0.03448300812263306
only:0.015506235328712634
university:0.013664768032550312
between:0.013505033988641892
be:0.006726293687645015
writes:0.0038445487849858274
if:0.011688670112152487
of:0.00791327964511727
totally:0.02395067035214333
department:0.020163230131935675
but:0.003867925710758199
parts:0.021213343089630004
particular:0.03943083079167217
separate:0.024550578702348155
loss:0.024743324093725486
pitching:0.029017849643031484
over:0.011662446235577661
one:0.0057169238824164095
in:0.0030990645679271596
distributed:0.02813461684055566
or:0.003920415451762124
and:0.004439504819660347
exercise:0.05803569928606297
however:0.013936621536028565
i:0.0011098762049150867
example:0.01634511130091805
league:0.022615448071123537
leads:0.02639415985152301
body:0.1444637666611736
will:0.02635593825356475
than:0.008317449315229425
the:0.003067599459257774
when:0.007602758388626372
eagle.wesleyan.edu:0.07127358530019448
would:0.005422381663397535
major:0.019048999841382513
specific:0.04261809637756317
arm:0.02910940985796253
may:0.01081991585720832
just:0.013655680970533558
here:0.010467447125717419
different:0.014693121500065394
entire:0.021682664085400007
affected:0.029393073603133646
is:0.0046861504690232075
spot:0.028057096312244817
does:0.00708423729266003
fat:0.3167820492935229
change:0.017279122720409813
changing:0.024897783555264567
very:0.010135130766182833
ruth:0.0694406906001528
sometimes:0.020375036769289825
reduce:0.026511027173157235
appear:0.02295754400148943
tone:0.09503461478805687
