basically:0.07134920996814338
health:0.07575175636823184
out:0.021421401801462906
with:0.010633225032537224
mentioned:0.06391206579621524
work:0.03681949934527825
both:0.040830983314695236
my:0.017276622933278203
to:0.005011633309421203
add:0.0624767348445767
she:0.12055063581449027
that:0.006307356826081396
jeff:0.2299352339362034
re:0.006798918232330373
eat:0.08209498606784457
hi:0.0572912120002619
something:0.03619384213024587
you:0.01010543617106767
used:0.035899336515215735
a:0.005078196821259618
other:0.025078327051489286
said:0.03984554233933513
d:0.033124440406855186
foods:0.1995051482120524
if:0.01218455308660744
of:0.0070705667478450415
properties:0.09818998447328575
slight:0.09776713243393544
in:0.0032305400344452813
conversation:0.090746729792753
and:0.003470885586279908
subject:0.00048539921621851447
each:0.046291079952011184
i:0.003470885586279908
the:0.004111380054485744
studying:0.10392665486319894
risk:0.07800256031998938
effect:0.06302497190222556
once:0.048782385362271016
thought:0.04881066191257659
about:0.0179093850967613
different:0.04594939814565905
lab:0.07835838025079114
food:0.07664507797873447
natural:0.15225849424367927
