some:0.006596253531826859
sugar:0.03362305143734693
studies:0.023836626532958725
there:0.005185192008910437
know:0.006971045907674021
systemic:0.036990189471845784
gap.caltech.edu:0.02982345881950959
absence:0.03106946316761214
controlled:0.027416202348826538
miller:0.02690223750020661
though:0.028085245215939882
journal:0.027981645617510053
objections:0.03267038074561929
from:0.009565788185651701
to:0.0015572871865433117
remember:0.015721039754357242
recall:0.022095227203802387
then:0.01803254632515032
published:0.023164391043568083
that:0.007839652552191566
think:0.024402508941161954
really:0.011024834707293367
nt:0.016137368400507085
re:0.004225316415572548
so:0.00577294122816339
had:0.008668974495379294
infections:0.03267038074561929
reduced:0.02824244811334713
anecdotal:0.06795998876872246
fiction:0.03071401782630949
on:0.008593369919309998
syndrome:0.030783340383325388
you:0.009420321854385115
rind:0.14796075788738314
m:0.007733416452633176
sure:0.012327932317283635
a:0.0007889853818341215
other:0.007792700496225485
ms:0.047233219461978386
was:0.010005210554817916
as:0.00452041898427694
worth:0.01985968146210078
let:0.013023377077699575
evidence:0.07271656575170796
hypothesis:0.06354342030898222
no:0.006360145402161073
it:0.009685181631072654
not:0.003406271234892457
should:0.00928142453239254
ken:0.046622290408076965
have:0.008665264629621234
only:0.0075341030410694156
against:0.02918961347071013
vaginal:0.03841004499885655
crowd:0.03025120922479601
be:0.0032681426956919285
writes:0.003735945711963629
showing:0.024260024393366175
were:0.008764425409448018
if:0.007572321127270161
of:0.003295603145182011
what:0.015600713610112393
fact:0.013549531800162934
double:0.02496130161039339
they:0.005270732341851659
david:0.028208420783553605
one:0.011110857714978785
in:0.003011520371093059
1990:0.024129640510413945
bloom:0.03491264834119428
or:0.003809669252559804
england:0.02785562438861571
better:0.012633987973454254
and:0.003235571309243982
for:0.005514387506984305
subject:0.00015083026492665705
showed:0.024151163269830144
blind:0.029003221475755358
i:0.008628190157983951
example:0.015883384992982513
we:0.007614372348666497
any:0.017343851970996735
water:0.06949317313070424
than:0.008082493119883962
the:0.003406793265487245
do:0.02434975996293209
benefit:0.025592623861464665
major:0.018510892501230464
symptoms:0.02915801794009499
is:0.003035848891419931
new:0.009740110536065237
study:0.06280293810906439
does:0.006884117595127261
yeast:0.09688077995721935
hear:0.01872136476982377
candida:0.06679406519544302
article:0.004578151866195486
side:0.018194147336560412
s:0.007010579444700772
