taken:0.02700722376851361
resident:0.04813777449974517
mark:0.0492397371195441
fields:0.040234643191724116
defense:0.03216562744465481
your:0.010327313296567726
way:0.028399554418795794
funny:0.03689152582423133
into:0.014678720516249069
wrote:0.021111270284367715
my:0.0077886414863139455
to:0.0011296714426974025
photography:0.23047511054692318
look:0.019435805936687794
day:0.02084674619477764
speak:0.02938879356260979
perhaps:0.047351828485902386
that:0.0028434805363481705
son:0.03497664999487472
nt:0.005853102882970807
re:0.006130172176691321
off:0.01789719219636353
ti:0.031054598821734943
joke:0.040234643191724116
registers:0.05044443400333686
you:0.018222917685531866
inc:0.030008323736101652
them:0.012015239110920008
bill:0.07611919366455043
a:0.0011446755129888484
was:0.007257878148372013
objects:0.03844105580346929
surrounding:0.04466107580203766
no:0.02768227220120926
taking:0.02792581995206234
base:0.031570785700106976
it:0.008430871223114065
flame:0.06881399188324255
texas:0.03252598091531969
have:0.008381157592584473
involves:0.04293385423387657
greg:0.07179128848353153
humor:0.04551345050305445
be:0.004741485714241569
krillean:0.0965878144908132
writes:0.010840367065861679
of:0.006375101166089792
what:0.007544607401611732
but:0.01090628233197394
sense:0.026937065953795004
meyer:0.10355311275253888
called:0.021985692588989622
in:0.007281954995675839
minute:0.03665952765896205
pictures:0.11434779225321695
or:0.005527143095926929
for:0.0026667939582956887
subject:0.0002188275155083467
mechanism:0.03939465409924101
i:0.001564743502011434
actually:0.020035361697549874
the:0.0018534910081698024
do:0.005887851794315547
intended:0.10004628336827766
around:0.01940323305863636
meant:0.033374256388450964
kirlian:0.052802483777531786
simple:0.05408505831075805
jerry:0.04000209649394365
is:0.004404469293289573
primary:0.03771601137263435
every:0.01993564366342128
blast:0.04725871277553536
instruments:0.043183519868997135
terms:0.031550319468971015
article:0.013284145578960673
takes:0.029310654540816973
grateful:0.04417010742842234
by:0.008118323564075132
tx:0.038829138759184034
s:0.010171086571410137
