response:0.18981613797985633
from:0.02288033120081556
my:0.051362933044881154
cs:0.2765250045301996
this:0.014188714550578893
allergic:0.31952836593495715
children:0.0906047802167169
particles:0.17321927562259154
question:0.058999623874246065
gas:0.2144956579280542
which:0.03491600898695994
if:0.018112173507119172
opinion:0.08944085309696458
result:0.09554059354085141
ok:0.08821214028407924
waco:0.10499123539165545
in:0.0144064623157695
and:0.015478273560437428
subject:0.000721539375459954
create:0.10277961327685457
will:0.030629874186575257
the:0.002037170297267711
would:0.025206747192010166
an:0.024267517258425318
existence:0.10996077991828716
vms.ocom.okstate.edu:0.16437568342776948
incident:0.1298958864893893
especially:0.0844674515539822
