go:0.011579953879726946
resolve:0.03374234007515116
at:0.005243839359847804
there:0.005462970152244925
all:0.0056789751824184
your:0.014999193121205505
wonder:0.02196647445129124
ca:0.01224136069102572
previous:0.020673806069600034
from:0.005039120562084378
to:0.0057424965003784615
sound:0.041085515346767035
player:0.023138470434858345
then:0.009499287796284542
next:0.015942738236602232
been:0.008733573733460948
problems:0.016327816880308172
slip:0.03462945661777311
through:0.014103948178719206
nt:0.00425046756977642
suppose:0.022941303485899817
re:0.004451672652121078
uk:0.02572404455154039
age:0.02454040848758108
on:0.009053729022130176
set:0.015770324905511435
you:0.016541636589545293
brain:0.026246299993849958
machine:0.0193619009185973
m:0.016295413239477047
a:0.004987514735165697
want:0.01126546409352489
as:0.0047625842870060615
usa:0.021694176702551932
surface:0.027172534186253067
stopping:0.03374234007515116
therefore:0.020434080479493247
stuff:0.03480257800801931
whole:0.01780902068468625
overall:0.02758103720047388
output:0.024329513029369764
mind:0.036067330988215913
cd:0.026566684815360554
no:0.006700867477276844
lay:0.02849318212602812
it:0.0040816122588091894
feed:0.029662428560472385
machines:0.02348777699335888
bed:0.033928367119818455
cure:0.03321678884214117
thinking:0.020735276987194375
get:0.007823654614828108
kinda:0.030398225917419863
of:0.0046295377515652054
cheers:0.025917634978359205
what:0.005478822041646614
but:0.003960019180061966
year:0.014730718548866975
again:0.014534935345881059
well:0.010017070893769908
pattern:0.031002210799353554
they:0.005553093003022283
good:0.00964291578190178
box:0.018860351254205994
one:0.005853041117712038
in:0.002115234546362982
or:0.004013758676804079
use:0.01979499437794462
better:0.013310808757746446
and:0.006817810973049818
for:0.0019366003744766308
subject:0.0001589104576905851
however:0.014268445858314958
i:0.006817810973049818
tape:0.02469862061737103
back:0.012537837619449627
addition:0.02360336083774639
tired:0.029391819190967877
than:0.008515483822734888
the:0.004935287565404514
thing:0.013475788304315216
start:0.016771202904062574
around:0.014090443054485926
effect:0.02063317532513337
int:0.032215973831414994
come:0.014292819490889334
quickly:0.050531886232412594
last:0.0129771580479732
bought:0.04360813986748167
just:0.006990408115868368
cache:0.028884927474656527
head:0.02055273652056954
is:0.0047977254801904266
select:0.02819735076559793
cis:0.03620178742159208
new:0.02052380434385175
light:0.02078699217741841
nigel:0.18032472525603485
concentrate:0.03111892789095103
although:0.01880797295687356
very:0.0103764434034729
useful:0.022823138196895465
full:0.01839084811859079
pink:0.0350705754996405
facility:0.030398225917419863
strange:0.026168827564611447
s:0.01477229240133377
