go:0.03137793954506657
out:0.01900285643678161
there:0.00740144343207377
know:0.009950605852083079
your:0.010160743727268245
to:0.004445803742228486
then:0.012870002820772606
aka:0.041771462164588435
might:0.0171539123861165
nt:0.011517395995523202
finding:0.03595649467525761
re:0.003015649215952988
so:0.01648081608685355
had:0.012374261981307541
this:0.008467458683409984
off:0.0176085278060996
merely:0.03291168564307142
something:0.01605372029970583
on:0.008177561697407902
you:0.067233748718797
pulled:0.040377568512657704
a:0.004504852018859339
how:0.010607766106686485
pulling:0.043457686340867135
as:0.0064525335501372455
skin:0.04147274223168239
let:0.037179641012142335
question:0.01760472647860568
experts:0.03907974297384611
likely:0.026664587136530065
it:0.00829488942919287
not:0.0048621774885158455
have:0.008245977631413756
ve:0.01471882015344705
after:0.0155581749005238
walk:0.03702279818124519
yourself:0.028276408640117677
without:0.01812266520002012
get:0.021199580246631003
certainly:0.024804494171416457
were:0.012510510463486283
fill:0.03897149280987723
if:0.005404438869059752
of:0.0015680692384333762
but:0.010730374552425972
tend:0.03435164591725269
never:0.017773703474692423
they:0.02257063607680025
find:0.01706811885220476
one:0.015859853351219717
in:0.001432900821729762
opposed:0.03610584183467081
and:0.0015395057035918946
subject:0.00021529803945176046
i:0.0015395057035918946
any:0.008252316663619414
will:0.009139559233091003
the:0.003647191983817998
do:0.01737865932838298
around:0.01909027768672287
would:0.007521368113744968
can:0.00697230639062672
thinks:0.03653140664096166
once:0.021637348346168598
forget:0.030961397866245917
friend:0.028009672739458112
mountain:0.03665147609655642
here:0.01451936214212416
doctor:0.03552436365804708
frequently:0.037636698951187125
is:0.00433342946597845
does:0.009826522696270365
their:0.012207125956304144
notice:0.06512847473555716
woods:0.04983498997089828
before:0.017146727961472936
realize:0.03156057467041241
sometimes:0.028262147776756855
john:0.0432496516061588
