read:0.039086259687895204
out:0.020313398260007928
there:0.015823775613399094
know:0.02127370906307417
thanks:0.03436873525717522
work:0.06983008496518289
to:0.002376205448432467
recall:0.06742853819091417
that:0.011962228463257821
anyone:0.05768671550487556
had:0.026455318718657504
this:0.018102842702462724
he:0.054832179569663284
apparently:0.0653217423491666
a:0.0024077657342179226
other:0.02378117220399846
sorry:0.054783046288596975
was:0.015266571277610096
responded:0.09030914166436106
blood:0.07201161576566553
heritage:0.10369756906951617
pressure:0.07587383951722826
it:0.005911300512758138
verify:0.09311119217294339
reducing:0.09747320104301047
if:0.011554317582127747
of:0.0033524238890644594
in:0.0030634431361119046
or:0.011626059615570436
and:0.009874071064416979
subject:0.000460292360207212
i:0.006582714042944653
person:0.04836542136334226
possible:0.044430545223527275
the:0.0025991483103070794
when:0.022546111083512687
can:0.014906310214443334
chinese:0.0952691773962883
is:0.0046322866705286875
does:0.042016855666811216
appropriate:0.0697242715182846
eating:0.08618816062176624
told:0.05345206494360569
amounts:0.08673993184738991
supposed:0.06290853467959243
somewhere:0.06688829411901012
by:0.01707647370374424
high:0.04822972113175037
