thanx:0.07352526993548936
know:0.018695077661489423
search:0.06465380756628358
access:0.0507935889093716
treatments:0.08814770775433158
into:0.027133392469430098
to:0.004176361091184336
appreciate:0.05816989902143173
student:0.06095481018437381
you:0.008421196809223059
am:0.02476267207123281
material:0.06398029601218004
a:0.00846366136876603
developing:0.07470371995128759
surface:0.06916645065591691
daughter:0.08372139831795034
proper:0.062220122803664256
place:0.04120344874721857
texas:0.060123782904075794
have:0.015492442822656147
whose:0.056708809856075286
mother:0.06453945596574749
references:0.06256617571229793
has:0.016132946574038652
network:0.05565893439438753
if:0.010153794238839534
of:0.01178427791307507
looking:0.03930129311222188
email:0.08314844421114972
rather:0.03899217655928581
and:0.0028924046552332564
for:0.014788584677821546
subject:0.00040449934684876206
i:0.0028924046552332564
specifics:0.08898194680255926
research:0.046777749705102685
suggestions:0.05995449047077087
the:0.0034261500454047865
would:0.014131055244005698
planet:0.07168352445703773
industrial:0.08293412954627291
an:0.013604517250935406
general:0.04467318731950835
is:0.012212392131393813
printed:0.07373282818334027
done:0.040131265930616646
recent:0.05754689528007608
type:0.0490986743989651
dale:0.07311849341978953
plenty:0.07062601291255982
s:0.009400549709939672
