some:0.017425923509453045
stored:0.07326308163269167
there:0.01369819381458429
all:0.014239818367855091
creating:0.07304985839019201
to:0.008228054687109437
require:0.057903299386605774
that:0.0051776809766339825
eat:0.06739140647360375
this:0.00783555878166297
ti:0.056547179944054664
hi:0.04703009940320007
brown:0.0693224383769434
apparently:0.056547179944054664
m:0.04086014066018125
burn:0.07273562840216466
a:0.0020843345161886493
as:0.011942002391298782
blood:0.062338413647889564
are:0.019191384525409718
pressure:0.06568183122386924
silver:0.07773688678046861
not:0.008998656844417386
being:0.029041849700375346
miracle:0.08350156955927872
of:0.00290209829202595
seems:0.03517144909523997
loss:0.06352017528538483
diet:0.07609206379339975
in:0.0026519358491714994
heart:0.05926839720963607
or:0.010064350114971423
opposed:0.06682275205222658
and:0.005698468872996863
subject:0.0003984620431644522
possible:0.03846226302932212
rate:0.057980234470018675
drug:0.12783339616434344
the:0.005625022462604872
an:0.013401464754652787
just:0.017528187514416208
about:0.0147017340346548
claimed:0.06352017528538483
is:0.012030117621970024
weight:0.06634235374631761
sorts:0.07426217838903656
new:0.02573133678930667
does:0.018186400213992912
food:0.06291760132582681
fat:0.16264630590592818
involve:0.07369888991168065
change:0.04435834489418638
dangerous:0.06275739900279532
