some:0.004707809980376428
at:0.0035522782760259316
out:0.004750714109195402
there:0.011102165148110655
marc:0.019327598368030226
know:0.0049753029260415395
all:0.003847047704218916
small:0.012051394759137142
discussing:0.01962244621008249
take:0.008571569073934289
nichols:0.021872015301308206
i.e:0.013929592729739529
with:0.002358174906409465
establish:0.020522218594413985
active:0.036030822539006996
such:0.007754101626886284
from:0.0034135978001216755
spot.colorado.edu:0.021776004621091596
post:0.010413620179157985
name:0.011138034297702624
to:0.0050015292100070476
receive:0.01726781762703833
recall:0.015769577480133155
trip:0.020736371115841194
been:0.005916291883957416
that:0.004196426920578348
think:0.0058054355948732065
quite:0.010710481379473393
higher:0.014967233520314082
like:0.004696125256083359
nt:0.0028793489988808004
could:0.006085117561798618
anything:0.009359843348062112
re:0.001507824607976494
charles:0.016597792963442885
had:0.006187130990653771
supposedly:0.018706023046146117
this:0.006350594012557487
discuss:0.018034122477392618
posts:0.032443689291682835
apr:0.015029065633217736
two:0.007519312228440772
formal:0.02279615185683309
on:0.008177561697407902
you:0.006723374871879699
used:0.01592309280916827
etc:0.03745683850739089
suggest:0.014804031472218216
them:0.00591072246585581
more:0.010253379240489724
a:0.005067958521216756
how:0.010607766106686485
other:0.005561725757386737
wondering:0.014511828636521357
lists:0.019101431163792145
was:0.007140815597591819
as:0.0064525335501372455
adding:0.01905284915364628
proposal:0.0190048455145079
stuff:0.011787969970458154
andrew.cmu.edu:0.03286112424780049
contribution:0.023317166903123444
portion:0.020487606724690632
are:0.002592384603230748
crap:0.01959473298714797
wow:0.020885731082294218
d:0.007346146057971917
should:0.013248485018011931
disagree:0.01713060089886772
discussions:0.07741411750970623
deleted:0.014166852810477163
have:0.006184483223560316
being:0.007845983588407855
mj:0.056531347245684004
date:0.014426609636223076
regarding:0.0159556305285116
without:0.00906133260001006
be:0.004665010138205414
which:0.005209243276280313
noticed:0.016355657343364215
greatest:0.020093903218384522
writes:0.0026663806089417836
were:0.012510510463486283
if:0.008106658303589628
of:0.002352103857650064
but:0.002682593638106493
lately:0.021202148886493792
gmt:0.017085880388004175
anderson:0.019567208934444746
well:0.006785757702231229
groups:0.029675690310374127
must:0.009344598497901199
who:0.010427845759950389
called:0.010815542322002958
one:0.003964963337804929
in:0.002865801643459524
according:0.01386905727655733
or:0.002718997813318892
use:0.006704756160271564
and:0.002309258555387842
few:0.009216239923009219
usenet:0.016468542857434484
for:0.0026237811525167258
subject:0.0003229470591776407
create:0.015334055206627496
i:0.0076975285179594725
group:0.021750934958118105
we:0.010868902465435242
20:0.012680775598409758
drug:0.01726781762703833
grow:0.021161211904784046
will:0.004569779616545502
the:0.003343259318499832
do:0.011585772885588656
drugs:0.052473010482927455
level:0.014195706300781244
would:0.011282052170617451
correctly:0.017573804310606365
may:0.007504135191289641
an:0.007241114020659167
lower:0.01601202666550652
just:0.00947087551182166
newsgroup:0.06200264258990886
biology:0.023915634665697124
people:0.018208949275078032
about:0.00794367887356348
including:0.012822450429557378
interested:0.011601113771834355
is:0.002166714732989225
discussion:0.02772477374588864
strictly:0.021161211904784046
man:0.011685682817722576
bandwidth:0.021545527145930516
their:0.012207125956304144
issues:0.015343667268543932
1993:0.012216354044395713
wanted:0.012278870925589122
proceed:0.023387294897929366
dedicated:0.04394073586974673
leave:0.014246702114090792
article:0.0032674712915991976
burden:0.021872015301308206
smart:0.08000481419249454
by:0.00399369143071438
