week:0.050333413203001214
therapy:0.04115626119073041
activity:0.032578124445113675
your:0.00919658556336688
much:0.025506523643210675
to:0.0030179543651624036
then:0.011648761677195644
alice:0.046107590349670595
been:0.010709783848331673
quite:0.019388316657732857
bit:0.01989112553325328
nt:0.010424504404707132
suppose:0.02813240135497204
me:0.007909406426310545
generally:0.02822444885564306
need:0.014023372200709754
re:0.002729492721008544
started:0.023936093985320477
effort:0.029652240049114622
had:0.011200061939285659
this:0.007663977202502467
two:0.013611601698199353
you:0.012170780789972012
used:0.014412142396619457
am:0.0119294624576742
why:0.012990675767547491
a:0.008154768618081138
as:0.005840249344649769
ice:0.034148280500711815
stress:0.04094156129871367
minutes:0.02908881202947134
row:0.040332936415946874
pain:0.06462773723089946
it:0.002502594377664029
not:0.004400802982306313
should:0.011991329505353865
have:0.011195268901043493
partially:0.04160558887685767
completely:0.026255428007587376
doing:0.019567174490257775
has:0.007772076451726649
anybody:0.022186825875275144
which:0.009429871040273851
writes:0.00482673278115009
if:0.00489160890338255
explain:0.026241295824909517
but:0.004856081914236571
year:0.036127893667294186
particular:0.024752200350976694
again:0.017823862321956336
up:0.009806280075564852
over:0.014641903303061005
in:0.005187728522466875
minute:0.0326457107619954
or:0.0049219814430882134
use:0.012137076844871154
and:0.006967106103846529
still:0.029805972003351052
for:0.0071244276550089195
subject:0.00019486829848188537
each:0.01858401019971252
exercise:0.03643116889490084
cause:0.046036512895504623
until:0.020884421353026598
i:0.006967106103846529
back:0.01537486656983604
medicine:0.03234638212164958
power:0.019721571388106145
20:0.022954980645296497
physical:0.031147089776457783
the:0.0027509233941206313
constant:0.03620655824769826
when:0.009545068925866686
can:0.012621401349455668
push:0.07006825234455162
last:0.015913595270507282
problem:0.015442082423690396
long:0.017374534635829084
about:0.0071898991264370184
is:0.001961114064895357
days:0.021739070252191038
time:0.011529269853311777
type:0.0236533759878226
does:0.008894078936770257
first:0.013704779776576942
every:0.017752908955747417
almost:0.02205834255667568
shoulder:0.1613317456637875
article:0.005914838542456942
very:0.01272439775024414
little:0.01711926059779901
seem:0.020143887262012685
while:0.01584191610130308
twenty:0.042465319064130536
