help:0.024045985618447157
access:0.03766715582043287
your:0.014156541822261377
with:0.006571094121230869
someone:0.024757956344528313
from:0.009512047802586241
gain:0.05152365202801406
my:0.010676564734048329
via:0.03840709414174882
to:0.010839768674871703
really:0.021925794867313775
through:0.026623183078930638
me:0.02435030742482123
this:0.005898679082824932
hooked:0.06478160627657656
recently:0.03718327600660325
on:0.005696728373475167
you:0.006244932465266538
tell:0.02707893318676913
medical:0.045202443507513165
am:0.05508998955173142
corresponding:0.06164484916664541
a:0.0031382115187559437
how:0.029558719038856724
other:0.01549784255990911
idea:0.031150295452368047
private:0.039884057569376984
local:0.034341387100179234
doctors:0.05507256157204189
also:0.016668507097523218
computer:0.030120257361408036
no:0.012648828496432694
telephone:0.0503047683988672
should:0.018458563395881793
have:0.01148877782354276
completely:0.04041565884314011
able:0.029634440742816504
hope:0.032454624018427476
network:0.041275164831793
be:0.00649956468693788
of:0.0021847256805139176
what:0.010342046101085743
dr:0.044031961855129226
subscribe:0.05874134703010981
please:0.021521520864103985
who:0.014528683980155598
up:0.01509506034103803
email:0.09249096603262721
in:0.0019964011448819156
or:0.007576533232618936
and:0.0021449292948920776
for:0.003655605201259258
subject:0.0002999658077754865
i:0.010724646474460389
medicine:0.049791621917595424
capabilities:0.0575797924856847
the:0.0016938269887394448
do:0.008070987852881985
thank:0.040792070862578814
can:0.01942844926826322
home:0.032914191593947734
about:0.011067597531706422
doctor:0.04949461902918918
company:0.03782166336664438
interested:0.03232669904960584
new:0.01937078162790502
vast:0.05778224760369232
researchers:0.06335289643966367
news:0.03448175860857774
