go:0.014304648910250935
hmmm:0.03652869911264618
at:0.00647768391510611
out:0.008663066905003382
there:0.013496749787899227
know:0.009072611218075748
i.e:0.025401022036583846
your:0.01852841503207739
way:0.02547607087568446
someone:0.01620189790193397
to:0.00405352694144362
that:0.0025507693046652705
pittsburgh:0.03251886325918196
quite:0.01953087780962795
like:0.008563522525799068
really:0.014348498111697984
through:0.017422524220770785
nt:0.010501155172388801
me:0.007967563826504005
re:0.005499125040855449
teacher:0.04156945338598976
internal:0.029136525118531858
these:0.012181146861021636
you:0.004086757275064131
kenneth:0.1084377952359668
leg:0.041136802650527014
why:0.01308619544230887
a:0.0020536825380094046
speaking:0.030996171241399972
low:0.024969077499851618
was:0.006510743633098424
pulling:0.03962318460490827
as:0.0058831923545369005
acts:0.0322005043933487
also:0.010908067144702695
intercourse:0.04582487124909418
overall:0.034070693012350085
ie:0.030761898432069203
far:0.018304250530304423
no:0.008277542177812573
likely:0.024311829448012707
it:0.0025209958069115587
not:0.004433161827764448
sex:0.03180623166217886
pregnancy:0.09205266858919005
couple:0.023205822019518516
hundred:0.033833480790157286
probably:0.017553115551685355
only:0.00980541351668593
pitt.edu:0.07261508270709711
university:0.017281912511754805
willing:0.026293381279262285
talk:0.025438189467919318
blue.cis.pitt.edu:0.043911024938331926
without:0.0165236065059007
writes:0.009724446926728858
get:0.01932902904839886
if:0.009855153231814842
of:0.00571884075193349
what:0.006767956639681111
but:0.009783576797800151
together:0.026168869422428166
find:0.015562108365245516
sounds:0.026196357085006162
chance:0.026434246529504442
one:0.007230227263056047
clothes:0.04291005306829825
in:0.0026129367925660364
better:0.01644276375956914
and:0.0028073339300793373
for:0.004784542101648147
subject:0.0001963011536177816
however:0.01762572723674201
outside:0.053011408492375366
i:0.0014036669650396686
we:0.019819763319323086
medicine:0.03258422316666171
possible:0.018948320757092515
artificial:0.03788053323744037
the:0.0016626904632111464
do:0.01056349880744848
can:0.006357102885571422
just:0.01727042005096891
biology:0.043610863213918286
here:0.013238241953113206
gilbert:0.13575487386192125
about:0.007242766031778467
techniques:0.034966941671240065
general:0.021679635022702582
is:0.01185320412752929
occur:0.06690875849700795
days:0.021898916356986563
conception:0.043911024938331926
natural:0.03078756317427338
hood:0.043610863213918286
article:0.011916660004655896
dammit:0.04291005306829825
s:0.004562031476882488
