studies:0.11506589717273712
at:0.008008772840494827
birth:0.04700246880053751
all:0.008673343914966283
into:0.016280035481658055
to:0.005011633309421203
she:0.030137658953622568
that:0.012614713652162792
circumcision:0.18541576267629845
responses:0.04032662391873558
need:0.03493094529994975
student:0.036572886110624286
on:0.009218342277077999
medical:0.10971865833187286
am:0.029715206485479373
reader:0.04683411382083536
apparently:0.03444237323865148
a:0.006347746026574523
as:0.007273765092881986
advantages:0.0498762870530131
are:0.005844648923647504
those:0.033743920987046545
not:0.005481000077963317
being:0.017689126635683165
indicate:0.08635182184935038
references:0.03753970542737876
has:0.009679767944423191
writing:0.036385988592251214
be:0.010517477402499477
summarize:0.05211115034861565
of:0.008838208434806302
please:0.017412866880956862
who:0.01175502612939862
net:0.030137658953622568
good:0.02945472457017271
one:0.017878380141374953
email:0.024944533263344917
in:0.0016152700172226407
frequent:0.04898866460243204
ought:0.090746729792753
or:0.0061301041609371386
and:0.0052063283794198615
for:0.0029577169355643087
subject:0.00024269960810925723
i:0.006941771172559816
group:0.0245192357709695
info:0.026776322358112704
survey:0.045960078724899885
information:0.022171102586216043
will:0.01030277586275713
cs.uiuc.edu:0.1017200938267577
the:0.002740920036323829
risk:0.03900128015999469
cancer:0.0473488310390127
friend:0.03157454017902551
lower:0.036099841936778336
including:0.028908797332093
interested:0.026155238321953815
unknown:0.04290124021016158
is:0.009769913705115051
either:0.0227596609737578
argument:0.03198855854672474
run:0.024334858439885407
advice:0.07072467396787724
paper:0.035060439974878135
emotional:0.048375562049745385
especially:0.02841177915906674
main:0.03380379101478934
