whats:0.05517445318206595
school:0.0649379370677876
some:0.010424436385119232
cat:0.1356422386448974
at:0.007865759039771705
out:0.021038876769293925
know:0.011016742193377694
all:0.008518462773627599
send:0.052381198587075406
case:0.02206795631523889
thanks:0.01779809504389431
4:0.022180977715881064
wonderful:0.08582406785906077
into:0.015989320562342733
my:0.016968111809469666
to:0.0024610699287336262
0:0.065449219436972
schools:0.04395642389904382
day:0.022708062819311356
class:0.07086017270837504
quite:0.02371606591169108
13:0.03515837995059341
really:0.01742317627849041
responses:0.03960650563447245
me:0.009674898932183434
anyone:0.01493673883608385
93:0.03268763835539644
hi:0.028134077321557184
these:0.014791392616954844
on:0.004526864511065088
dont:0.08689940464465103
am:0.014592288899119335
letters:0.04187329292877905
3:0.02090594593426446
a:0.0012468786837914242
looked:0.03325895718285433
acceptance:0.046590424903899655
also:0.013245510104281842
march:0.038693857731188
no:0.010051301215915265
book:0.02776516527396137
have:0.009129475234779515
kind:0.024602916937170177
heck:0.04422099352052928
get:0.011735481922242164
interviews:0.05243579008007956
of:0.006944306627347808
gotten:0.03847956173029922
losing:0.04395642389904382
but:0.005940028770092949
they:0.008329639504533425
one:0.008779561676568057
in:0.004759277729316709
according:0.03071005539809123
mid:0.05132817714552618
and:0.005113358229787364
for:0.002904900561714946
subject:0.00023836568653587764
i:0.005113358229787364
20:0.028078860253621607
any:0.009136493449007207
the:0.004710956312431581
interest:0.032614151755963265
when:0.011675664668247642
ive:0.06432181315094442
people:0.013439938750652834
alternatives:0.047319693037955614
number:0.04468330086424568
checking:0.043388337328684794
theyre:0.07351484366149046
applied:0.039526785717112614
does:0.010879364413727903
their:0.027030064617530606
every:0.02171561184765532
med:0.10989680265012672
supposed:0.03257763403050322
useful:0.0342347072953432
felix:0.10122702022545349
going:0.019444782893300736
by:0.008843173882296126
panix.com:0.0462469759679372
