mark:0.06674719920649312
whom:0.09351801776337296
my:0.021115872474006696
photography:0.4998749064306601
perhaps:0.0641880341697788
think:0.031994400611745674
son:0.09482558443054925
re:0.008309788950626012
practice:0.09125618011204091
on:0.011266862783095332
you:0.012351088653527152
a:0.003103342501880878
was:0.019676914091141903
taking:0.07571000075892456
it:0.007619009549777155
russians:0.1233920213638365
which:0.028708718500389287
krillean:0.13093014853199123
writes:0.014694719800390275
of:0.012962705704382576
asks:0.11428044526063592
meyer:0.14037199728677494
depending:0.10001702556791606
one:0.021851353506124944
in:0.003948437819877566
pictures:0.10333652336957384
or:0.014984699060068564
for:0.007229974731379422
subject:0.0005932657087115177
i:0.00424219349434211
actually:0.05431809171335744
the:0.0016750066888645623
meant:0.09048131731980039
kirlian:0.14315340046353062
friend:0.07718220932650681
is:0.011941005639585063
either:0.05563472682474129
article:0.01800739734036891
s:0.013787472907911519
