increased:0.0570902095969682
my:0.03353697392930475
to:0.003242821553154896
competition:0.0613897363439619
then:0.03755012587707772
that:0.008162461774928865
me:0.012748102122406409
re:0.004399300032684359
happened:0.039674128220452125
this:0.006176263980840224
infections:0.13606252686999093
30:0.040271829110281064
infection:0.13163776848168643
recently:0.038933077230443404
on:0.005964809708697528
them:0.01724540201802636
a:0.0016429460304075237
was:0.010417189812957478
jay:0.11995690056841841
wife:0.14262289507566953
intercourse:0.07331979399855068
explanation:0.05425872689019349
it:0.0040335932910584935
not:0.007093058924423116
spread:0.1096780435818576
husband:0.06273224583534333
kind:0.03241796114074188
after:0.02269663161958766
vaginal:0.07998327017408953
netcom.com:0.037871002055542814
get:0.04638966971615726
kill:0.04346626007768689
of:0.002287536300773396
what:0.010828730623489779
fact:0.028214907395633402
they:0.010975524994208749
in:0.0020903494340528293
antibiotics:0.14728426974270406
men:0.08262584829711393
and:0.00224586714406347
for:0.007655267362637035
subject:0.0003140818457884505
i:0.00224586714406347
the:0.006207377729321613
around:0.027849346272395714
got:0.026025339078006752
can:0.02034272923382855
symptoms:0.06071728441643309
during:0.03445140599767612
doctor:0.05182377757173926
is:0.006321708868015621
days:0.0350382661711785
yeast:0.40347995417477234
told:0.03647317372622506
takes:0.042069410046819654
s:0.00729925036301198
