some:0.007033354669478038
go:0.011719471396350165
large:0.018036350119804673
at:0.00530701814731585
out:0.007097452404099156
there:0.011057578139483704
know:0.007432982684688566
help:0.012892124819528897
percentage:0.027141941703733227
migraine:0.039441346605522315
with:0.00352305648668402
from:0.015299498574039318
several:0.01697862272329757
my:0.01144836459434098
discovered:0.05463653861590154
to:0.002490721373658128
relevant:0.02708429440845521
approximately:0.031202778966319074
that:0.004179573800415383
problems:0.016524537565613093
like:0.007015897972943815
really:0.01175539604331883
nt:0.004301678022424329
along:0.02104796030807973
me:0.013055285306078853
severe:0.06071179949141899
anyone:0.010077799696634887
had:0.018486849225085967
this:0.006325089618932759
chronic:0.03453148517076941
he:0.028737347123859672
infection:0.033702440725732974
recently:0.0199356118348656
on:0.003054270031561988
tell:0.01451822321459309
fix:0.02620505397096677
am:0.019690799478329708
them:0.00883047693694121
mri:0.04015088296489812
a:0.004206337728452997
said:0.026403672634499185
ct:0.033449644345618326
jay:0.06142371414647932
also:0.00893672970891305
california:0.023972706186282746
course:0.014735854216265176
doc:0.033449644345618326
it:0.00826157662024029
not:0.003631988003469668
couple:0.019011998762979026
have:0.0061596459415379865
probably:0.014380865753188003
ve:0.010994781319442376
42:0.029315461807834085
partially:0.03433714262728615
after:0.03486530760840273
surgery:0.16449017373033586
has:0.006414304059557537
netcom.com:0.019391778160970718
explained:0.028537077883255737
heard:0.016281008189276355
recommended:0.029570038972230976
if:0.004037050721466321
of:0.004685315314837076
helped:0.02835724075584802
flow:0.03109017575540249
relief:0.03149385473301069
suffer:0.02961353444195077
what:0.005544831945762839
but:0.004007730254520544
result:0.02129519253621387
years:0.013432382066146949
least:0.014503990257267967
they:0.0056199977379984565
who:0.015578950291974076
risks:0.03353273664762035
one:0.005923559685395316
in:0.00107035964996681
and:0.004599968849286625
for:0.0019599329091088795
known:0.01962005269678529
subject:0.00016082504151818252
scan:0.0315537964851382
i:0.00919993769857325
appreciated:0.02039013324804966
away:0.016680624013998016
any:0.006164381122221731
information:0.014691694484841958
normal:0.022725076352521346
the:0.0027244084698399506
do:0.004327216378954799
see:0.010658950369946844
would:0.005618371362074555
can:0.005208228870106708
did:0.009903078574957622
regards:0.024875708415732913
wants:0.021208043148155116
an:0.0054090249310947995
during:0.017640780179532956
sinus:0.1544364626032744
doctor:0.026536271648179746
is:0.00809254900273084
their:0.009118576015552495
procedure:0.03045547385384932
very:0.01050146079387619
confirmed:0.032121933108458935
already:0.01750473687528525
side:0.01939978360585056
says:0.015427871954382942
