thanx:0.1427255239924205
to:0.00405352694144362
could:0.08877112678388573
me:0.03187025530601602
anyone:0.04920337498945268
on:0.014912024271743821
a:0.004107365076018809
other:0.0405678819950562
gary:0.37453045089905806
advance:0.09304415343166617
taylor:0.1595370527860128
due:0.0975041907323083
try:0.07165851977480567
surgery:0.16061981670138678
has:0.03131689629078091
be:0.017013566386396214
what:0.027071826558724445
dr:0.11526013544430885
over:0.058998257427039937
in:0.005225873585132073
and:0.005614667860158675
subject:0.0007852046144711264
i:0.005614667860158675
information:0.07173003777893426
the:0.004433841235229724
may:0.054736044924700904
is:0.007902136085019527
weight:0.1307334617942141
patient:0.1479681190337828
give:0.06950694915752961
