effective:0.11876368922366307
effects:0.12652461345184138
know:0.03629044487230299
from:0.024899183953828695
prevent:0.11832404329907857
to:0.00810705388288724
like:0.03425409010319627
child:0.11662837119827629
etc:0.06830364668994811
a:0.004107365076018809
how:0.03868714697732718
old:0.07787979653948011
it:0.010083983227646235
heard:0.0794896282182316
sort:0.09227827375473617
of:0.00571884075193349
what:0.027071826558724445
years:0.06558163008765863
who:0.038030966889230834
for:0.019138168406592587
subject:0.0007852046144711264
i:0.01122933572031735
vnet.ibm.com:0.16098978088394153
prohibit:0.343280424546386
canada:0.10942963508843079
five:0.11679360626604757
is:0.015804272170039053
side:0.09471659054621157
s:0.01824812590752995
