another:0.048206637617143014
from:0.018403744661525556
to:0.005992170261264482
then:0.034693051082082677
that:0.007541404900749496
could:0.03280672076795777
me:0.02355627566096836
re:0.008129141364742838
infections:0.12570994330379595
infection:0.1216218513146016
causing:0.10670927107370308
a:0.006071757068897369
woman:0.09520149124990049
steve:0.06972073580074753
reason:0.05809156356540278
it:0.01490675781478139
not:0.013106739316868801
catch:0.10534539410341125
probably:0.05189616771802627
bogus:0.12893646515419319
get:0.028573347288937442
if:0.014568487386161072
but:0.014462678744574136
pope:0.11689548443187933
men:0.0763390989701596
use:0.03614738103798583
subject:0.0005803686280873543
i:0.00414997189663902
back:0.045790363479729077
can:0.018794912879080725
her:0.3593922614054052
once:0.05832676510706317
doctor:0.09576132812169212
yeast:0.24852026162938876
told:0.13479216377083172
give:0.05137470155121753
s:0.013487745236000399
