at:0.02591073566042444
rick:0.2830977930075646
literature:0.13915037100483793
into:0.05267070302889371
re:0.010998250081710898
fall:0.11471473609983329
brand:0.1325165389064622
a:0.008214730152037619
jay:0.29989225142104603
product:0.11737935066901643
it:0.010083983227646235
not:0.01773264731105779
netcom.com:0.09467750513885703
writes:0.019448893853457716
of:0.00571884075193349
relief:0.15376411428469922
looking:0.07629074545313659
clear:0.09699266888784157
in:0.005225873585132073
or:0.019832689932443685
for:0.009569084203296293
subject:0.0007852046144711264
the:0.006650761852844586
regards:0.12145198814740187
is:0.007902136085019527
does:0.03583790630404486
category:0.15347434085990475
article:0.023833320009311793
s:0.01824812590752995
