some:0.00634530910398562
since:0.01087403056197653
go:0.021146002736892686
at:0.009575706657113381
superstition:0.030328372421085423
out:0.01920940922413793
bbs:0.0219947970204112
all:0.010370302507024904
graphics:0.0382471895667361
much:0.009495635160651801
though:0.013508392400058042
work:0.011005828608642954
iastate.edu:0.026120368478844583
except:0.01752370336415116
my:0.010328415884025013
to:0.002996085130632241
most:0.010090192738951292
might:0.02312049060737441
make:0.009565654800813606
that:0.005656053675562122
like:0.006329560127764528
nt:0.011642585082431062
happens:0.020304769102058577
re:0.006096856023557128
happened:0.018327722275752342
eat:0.12269631069922424
michael:0.032659730452974885
msg:0.08945203656246915
this:0.002853165425931625
you:0.0030206466815691406
fix:0.02364151608250263
them:0.007966625932240439
sharp:0.029223871107969833
m:0.007439210391935174
a:0.0030358785344486846
as:0.004348446522918578
oops:0.030103452768026426
julie:0.07498545025385425
internet:0.015524640995188077
relatives:0.030328372421085423
tad:0.0320209602388022
it:0.0037266894536953474
ve:0.009919204886018664
uucp:0.023008851126826484
heck:0.026917126490756952
has:0.00578681779286169
throwing:0.027660381583775373
feel:0.01655585154481618
usually:0.017922558381448985
stick:0.02296918100464381
noticed:0.02204458163670829
common:0.018294174128431248
writes:0.0035938173424867517
get:0.007143336822234361
of:0.0021134846257145506
even:0.009125866563945791
what:0.005002402733677343
rutgers:0.028979570086979253
but:0.003615669686143534
slight:0.029223871107969833
easy:0.018009138936189172
they:0.0050702153505855635
up:0.00730141505626296
in:0.004828252768872024
use:0.009036845259496457
better:0.01215334712663806
and:0.00414997189663902
sensitivity:0.028979570086979253
for:0.0035364006838268913
subject:0.00014509215702183858
half:0.020552410236918565
oriental:0.03483213694584721
until:0.015549813724807848
i:0.01037492974159755
away:0.0150488238387156
we:0.029298780558999347
mention:0.02051453703411371
will:0.012318536357644395
than:0.007775006968584027
the:0.0032771869999524044
do:0.007807803466374963
when:0.014213852639605824
tolerance:0.031065032703673594
friends:0.021612132312976828
home:0.015920451368811678
chinese:0.09009150471170742
put:0.013518800541015103
last:0.011848709522062488
imagine:0.021400753013404685
an:0.004879881187835526
afterwards:0.03048366248871616
ourselves:0.025845130800481786
many:0.020143489430196667
about:0.005353348806097128
including:0.03456486637532859
eye:0.024950146600404365
is:0.002920354640115912
switched:0.0296122350426554
mostly:0.022179614237722044
time:0.03433717325877638
lot:0.013470398849268428
food:0.0916408541050086
eating:0.02716800715251327
guess:0.016283463385519854
too:0.03183453045431244
nothing:0.013885086964678852
every:0.013218198515964109
late:0.020946407530604182
seem:0.014998437798346401
s:0.006743872618000199
