another:0.01667297240893668
go:0.014627310163865617
round:0.033087839789467964
fluid:0.04522149628595442
with:0.004397198321725919
from:0.006365204920527636
wrote:0.019365225373630533
both:0.01688499310006194
my:0.014288936260606034
to:0.0031087199099793174
then:0.01199910037425416
us:0.015487792377330797
been:0.022063765221375025
that:0.005216610908789125
quite:0.019971423925634595
bit:0.020489354872599244
nt:0.0053690116670860035
months:0.02553228977428436
could:0.011346685378391409
me:0.016294566622624733
re:0.0028115827276554172
had:0.05768452953692237
this:0.003947236378732473
chronic:0.043099447656749786
infections:0.08695725401465584
he:0.011955888778347632
infection:0.1261941013640227
on:0.0076241928607412015
went:0.024529783949143485
causing:0.036906965935265726
3:0.01760500710253849
m:0.010291839940722346
a:0.007350021714981026
was:0.006657602512040493
woman:0.03292683156011596
steve:0.04822787739600581
also:0.011154113772026814
culture:0.035572275294469845
reason:0.02009181897750773
it:0.010311441495939006
not:0.004533157959217781
catch:0.036435249088397875
probably:0.017949050488941416
husband:0.08018407362412304
growth:0.040875046280126164
after:0.02901073214533761
vaginal:0.051117127554869246
bogus:0.08918913379087047
get:0.009882511092414453
if:0.005038724960627137
of:0.007309796449839799
but:0.010004258981209177
who:0.009722202061908634
pope:0.040430017171928186
in:0.0013359376082292516
antibiotics:0.04706452228620243
men:0.026402996636295802
use:0.012502101712386075
weeks:0.027372668310775262
and:0.001435328625905225
for:0.007338696155911443
subject:0.00020072899918810748
i:0.0057413145036209
away:0.02081942546108023
back:0.01583726857193637
the:0.0005667315864579345
rounds:0.04474646695045418
would:0.00701240335416824
can:0.006500496183742205
her:0.12430108289209503
once:0.020173166879134632
7:0.02399645510474666
sinus:0.09637764207572762
about:0.00740613669414941
doctor:0.03312045935035968
lab:0.03240384145709408
is:0.002020094939027548
days:0.022392876876317084
yeast:0.17190875240529147
2:0.014649695880416607
six:0.0318593859866544
told:0.04661984611622751
him:0.018018912055363216
confirmed:0.04009203681206152
give:0.017768693769594033
by:0.0074468832693020005
s:0.004664934442526453
