some:0.011675368751333542
studies:0.042190828963336945
at:0.008809650124544311
region:0.047996752856017864
roughly:0.05063976909409504
know:0.012338751256583019
hand:0.031572394554526734
with:0.005848273767895473
times:0.028104761414930266
from:0.016931445088603513
to:0.0027563983201816617
association:0.04767926587287206
russ:0.11247185394689853
cases:0.03679785598486392
been:0.014672403872214393
talking:0.03259691180362268
nt:0.007140785517224385
re:0.0037394050277817052
excessive:0.05835767217288562
anyone:0.016729147496413913
chances:0.04880255772261125
hi:0.031510166600144045
brown:0.04644603371255207
particularly:0.040171002951405826
more:0.01271419025820726
noted:0.044632030489805734
as:0.008001141602170185
rpi.edu:0.05911274769796707
also:0.014834971316795665
prevents:0.059512801044104065
others:0.02696328223068396
are:0.006429113816012255
those:0.018559156542875602
causes:0.04267151299374716
pain:0.08854000000633226
it:0.0068571085947994395
have:0.010225012262953057
due:0.033151424848984826
being:0.01945803929925148
area:0.03208467044659347
references:0.041293675970116635
has:0.02129548947773102
writes:0.006612623910175624
of:0.005833217566972159
even:0.01679159447766026
province:0.062321824898768086
what:0.018408842059932623
one:0.009833109077756225
in:0.005330391056834714
southern:0.050556086597389874
or:0.006743114577030853
and:0.005726961217361847
subject:0.000266969568920183
possible:0.02576971622964582
than:0.014306012822194611
the:0.0075375300998905305
do:0.007183179189064966
major:0.03276427972717792
cancer:0.052083714142913975
chinese:0.16576836866954164
an:0.008978981385617367
china:0.05971899391613142
general:0.02948430363087551
is:0.008060178806719916
done:0.026486635514206984
patient:0.050309160471486154
does:0.012184888143375252
eating:0.04998913316062442
procedure:0.050556086597389874
article:0.00810332880316601
felix:0.056687131326253956
virus:0.05512367062234702
reduce:0.04559896673783045
