some:0.014778947786498154
cat:0.1282019470736583
know:0.015618672476687365
from:0.010716104486457918
apartment:0.07507692907712515
harm:0.06091977824213415
to:0.001744555898849153
that:0.004391197790309833
pittsburgh:0.05598184054745249
re:0.004733424085799627
internal:0.05015908121671307
certain:0.04172550622481657
kenneth:0.124451815629464
a:0.008838633707888576
same:0.024583460133273574
pregnant:0.07698607958009455
woman:0.05543377971513193
it:0.00867988429721448
not:0.022895316781365756
should:0.02079509040801873
pregnancy:0.0792352084058851
have:0.0064715267487044665
pitt.edu:0.06250412182383042
university:0.029751140526565235
heard:0.03421072606860601
anybody:0.038475887910287276
be:0.007322294394145206
which:0.016353067500221745
writes:0.008370410012880535
of:0.0049225464700187
but:0.008421306610764687
box:0.040108088743121606
in:0.004498220301126341
cats:0.22447878872645724
and:0.002416439332220189
subject:0.00033793616319010504
i:0.002416439332220189
medicine:0.05609435886918978
the:0.00572470640498015
hello:0.04897836443863002
around:0.02996448649561564
can:0.021887746643992744
problem:0.053558614988495803
gilbert:0.15580306198498978
about:0.012468559244580651
general:0.037321903330222166
is:0.010202757983189769
having:0.033125207498991914
does:0.015423909042247155
transmitted:0.13701983806779036
change:0.03762036845456313
disease:0.05759234908603216
article:0.01025737823185571
dammit:0.07387047110491851
by:0.01253715790907805
