mark:0.08834188130271148
there:0.026993499575798455
liquid:0.17503765012971784
to:0.00810705388288724
scientific:0.1241970452001142
re:0.010998250081710898
had:0.04512966134359221
on:0.014912024271743821
american:0.09491280051141811
used:0.05807245612755487
a:0.008214730152037619
tiny:0.15376411428469922
robert:0.0939827067340501
prior:0.13517871559883962
were:0.04562656757271468
of:0.00571884075193349
short:0.1018522901653314
years:0.06558163008765863
or:0.019832689932443685
subject:0.0007852046144711264
ago:0.08415193309896012
the:0.006650761852844586
10:0.08501093405576954
about:0.02897106412711387
15:0.09828855094060716
history:0.09767669424561413
nice:0.09293351343396347
under:0.07139186550310704
article:0.023833320009311793
cup.portal.com:0.15849273841963307
