sent:0.06233360251338327
anyway:0.05166972579058532
with:0.009912328420161818
my:0.016105326463225447
to:0.0023359307798149673
then:0.027048819487725476
day:0.08621366222924991
next:0.04539627158896907
me:0.018365909837365163
re:0.006337974623358823
infections:0.19602228447371572
rarely:0.08685765307162607
used:0.033465483192150265
took:0.057210197905367445
apparently:0.064214594173757
a:0.0023669561455023644
looked:0.06313564753355398
was:0.015007815832226875
wife:0.06849122079905035
andrew.cmu.edu:0.06906405774114001
causes:0.07232459829448672
it:0.011622217957287186
only:0.022602309123208247
get:0.06683257501480283
lawrence:0.08039379618130228
up:0.022770514751735332
one:0.016666286572468176
in:0.003011520371093059
men:0.11903723907211329
and:0.006471142618487964
for:0.01102877501396861
subject:0.0004524907947799711
i:0.006471142618487964
the:0.003832642423673151
do:0.012174879981466045
when:0.022163973607520947
can:0.014653660888774803
her:0.22416330880879512
home:0.049650221217988955
doctor:0.07466137446775996
yeast:0.29064233987165805
very:0.029546482911583852
upon:0.05878094207954129
