library:0.024775790483438934
some:0.0069085022197239885
since:0.011839181203572078
read:0.013414219301171135
at:0.005212810724582432
out:0.013942924249472898
all:0.005645371778972137
thanks:0.011795187248024632
my:0.005622569593670422
to:0.005708517231145453
obviously:0.021786349590686132
retired:0.03486305730141778
look:0.014030581800449174
published:0.048521860529130774
formerly:0.03254020698619733
basic:0.04520299182911242
appreciate:0.02271723867109168
that:0.00410538018265653
like:0.006891355405376764
could:0.008929639972343535
sitting:0.026862695233502706
anyone:0.0197978076880638
national:0.05776640103528131
charges:0.02991484414046738
this:0.012425619843110509
these:0.02940773916743685
you:0.003288751416619656
books:0.10800999742740121
1989:0.027994749196239583
medical:0.09521934845369637
a:0.0016526676045519467
test:0.02115917073360752
old:0.015668124747587716
following:0.01619712587597492
related:0.022805556127995084
part:0.05796975413995922
wife:0.023911136255289765
advance:0.01871894211051272
science:0.020009658143001863
l:0.019555979755937057
are:0.0114126280757614
daniel:0.1012681655668246
early:0.020726278691084503
pa:0.030648883481709858
it:0.004057460706981916
not:0.0035675148436447625
couple:0.018674507660677624
have:0.00907545467126011
boards:0.08304700169108022
area:0.018985012098576018
has:0.006300440673884917
willing:0.02115917073360752
june:0.027195717931127496
be:0.0034228476753696527
found:0.01582556511986389
if:0.007930774198383542
of:0.0023010720185294513
sit:0.02754860708094839
year:0.014643554533784922
print:0.026013982431093038
please:0.01133381867991275
who:0.01530240087850708
in:0.0073595142796534525
point:0.01302684000745598
or:0.01197002587638613
and:0.00225915629876207
for:0.0038502824013263194
subject:0.0001579701591243686
i:0.003388734448143105
examination:0.034639741751223425
sciences:0.030115445037956618
failing:0.03246385547829255
any:0.006054954238395309
currently:0.021295464508031343
the:0.0022300384910918726
do:0.00425040188702069
regularly:0.02939587620899338
would:0.022074547836789967
her:0.019564549141596024
may:0.011011985369466454
ny:0.0248591321395439
nj:0.028877253090302517
newsgroup:0.022746531601031655
is:0.003179557714682413
done:0.015672565393021885
days:0.017622796594971433
items:0.027417835796920777
questions:0.01789453453991427
2:0.011529050604114844
goes:0.01907116684018152
request:0.046157408608216946
1:0.05794449384392628
e-mail:0.03254077842192031
planning:0.027417835796920777
respond:0.02392903992935211
by:0.017581694819239636
students:0.056574028041349894
1991:0.02569137391701956
