health:0.07575175636823184
at:0.03203509136197931
systemic:0.11904115520939461
small:0.05434083455029111
allows:0.0751395160935666
much:0.03176721581018057
into:0.03256007096331611
to:0.005011633309421203
re:0.006798918232330373
you:0.01010543617106767
tell:0.043818637338590045
a:0.002539098410629809
how:0.02391569085871135
price:0.05691171276079932
blood:0.07593952208015638
helpful:0.08444733402282194
it:0.006233735086181308
his:0.03353507348191376
virtually:0.0906052363301702
writes:0.012022952563955679
opinion:0.06016930117432162
looking:0.14148465520399875
one:0.017878380141374953
in:0.006461080068890563
and:0.006941771172559816
for:0.0059154338711286175
subject:0.00048539921621851447
example:0.05111562079559826
diseases:0.1019817072349777
person:0.051003535255888195
don:0.08106555163148989
um:0.10513922530862935
any:0.01860522302343286
will:0.02060555172551426
eyes:0.07857526335743248
the:0.004111380054485744
can:0.015719381680685696
about:0.0179093850967613
is:0.004884956852557526
their:0.027521520337849343
nothing:0.04645192730001652
various:0.06481052687918525
donald:0.1004656779815404
article:0.014733325096665473
by:0.036015835447896945
s:0.011280659651927606
