cat:0.13969591474233112
know:0.008509483625229668
from:0.005838429340897762
apartment:0.08180796409783292
harm:0.03319077573192136
to:0.00285144653811896
within:0.022320346319467707
born:0.029640847986492903
thoroughly:0.04090398204891646
that:0.004784891385303128
talking:0.022480628830084608
anything:0.016008559657375198
re:0.002578900019159797
severe:0.03475227143301915
baby:0.03442117336966493
this:0.0036205685404925446
empty:0.035100070423549436
certain:0.022733206839727647
you:0.007666192957361681
came:0.020818805051572048
a:0.005778637762123014
same:0.026787494490049826
pregnant:0.041944139909154965
handling:0.03328152114280075
shed:0.039646592002061595
hands:0.027623241071414433
helpful:0.03203174738796694
are:0.008867743194499662
manual:0.027100671702639745
it:0.00945808082041302
not:0.00831600011828917
should:0.033989216735865094
pregnancy:0.04316952733837878
have:0.0035258662975700197
hope:0.019920424397517553
after:0.013304921983896215
heard:0.018638947306343964
anybody:0.02096272513732893
be:0.011968163940775269
which:0.00890960229322426
writes:0.00456043028287974
his/her:0.03757690515757651
women:0.026064242716092586
ed:0.027366687390820706
in:0.008577640781113333
wash:0.040502127510130416
cats:0.1223022366164836
or:0.009300847692456348
cross:0.031589035955973434
and:0.005266171234355722
subject:0.0001841169440828848
cause:0.02174828367822115
however:0.016531716580668366
i:0.002633085617177861
cells:0.0753251554185814
information:0.03363891426874158
lives:0.026844536896091765
addition:0.02734734221200961
the:0.007797444930921237
can:0.011925048171554667
may:0.0385039764297896
mental:0.03677407514485643
problem:0.029180210924766678
about:0.013586430073405124
is:0.011117488009268851
having:0.018047526844278353
else:0.0174244981057797
does:0.016806742266724486
food:0.029072270957451008
whoever:0.03475227143301915
transmitted:0.03732609381846703
change:0.020496614537313707
disease:0.0941337016095836
article:0.00558850262287311
very:0.012022362012299635
before:0.014663408739466513
by:0.006830589481497697
especially:0.021553763499981664
s:0.008557741804910597
