school:0.025253642193028506
sells:0.03488068636747219
health:0.028932962501755217
choice:0.02619696301748988
knows:0.02426362091070302
with:0.00406130122770519
literature:0.03285494870947562
from:0.005878973989098441
212:0.0404010327207353
to:0.004785413750315385
aid:0.034499326939721395
unique:0.035225109569828945
100:0.023461889575215774
plugs:0.0808020654414706
that:0.004818119797701067
through:0.03290921241701148
along:0.02426362091070302
its:0.04307967825071188
me:0.007524921391698226
anything:0.016119730210551415
anyone:0.011617463539176327
cleansing:0.16015452662820315
supposedly:0.03221592857947387
this:0.0036457113775792984
he:0.022085183437781045
these:0.011504416479853768
recently:0.02298133030963673
certain:0.0228910763316702
regular:0.028104462859414314
products:0.056251205474123454
board:0.04987772943548811
a:0.005818767191026646
as:0.016669045004521217
vital:0.04147152355286904
related:0.026764854066883118
also:0.020604126828882866
theory:0.028253811506782113
college:0.028607745142837863
book:0.021595128546414398
d:0.012651695988729412
it:0.004761880968610722
ve:0.012674539576579404
203:0.043469315722673076
university:0.01632180626110176
charge:0.028585087881484967
degree:0.030773988546291615
his:0.02561707002090634
personal:0.02329094077219247
be:0.0040170920634546615
which:0.0179429490627433
claims:0.026085594969505042
if:0.0046538223594681195
of:0.005401127376826073
electrical:0.032896909226530914
but:0.00462002237673896
dr:0.027214198646572922
particular:0.02354896838947088
nutrition:0.04309384890829616
called:0.018626767332338427
title:0.029174953691548048
over:0.013930144114717762
in:0.0024677736374234785
system:0.031044754572812847
or:0.004682718456271426
and:0.007954112801891455
for:0.009037468414224276
subject:0.00018539553397234928
i:0.0026513709339638183
info:0.020454135134669427
medicine:0.030773988546291615
similar:0.021977488110185423
body:0.02465056335885105
actually:0.016974403660424197
research:0.021439801948172063
the:0.003140637541621054
ritual:0.04386624915211716
come:0.016674956072704226
about:0.013680780282248214
company:0.023375889164106597
interested:0.019979695940381386
is:0.0037315642623703318
issue:0.02174555560739481
hear:0.02301167752957505
experience:0.023001547047188525
chemical:0.034499326939721395
agents:0.06326157460870135
significant:0.02890922078822198
article:0.005627311668865285
very:0.0242117012747701
94:0.03783785588783745
upon:0.04816771642629078
immune:0.04327904506858894
bernard:0.0404010327207353
include:0.023343911619754177
