another:0.009768745948848365
some:0.0051433342516887855
go:0.008570186131251663
at:0.003880903138565776
out:0.005190207484935947
correct:0.014415054802561448
story:0.015837257832654644
gap.caltech.edu:0.02325441502666607
take:0.018729067227627346
cut:0.01612782156742027
with:0.005152664112683237
much:0.007696902509074588
missing:0.0190204734070011
equally:0.02111561407608589
from:0.0037293931913223595
surprise:0.042875477181501837
both:0.009892969525586952
my:0.012557897726832176
to:0.004249953357108289
photography:0.02477353611165166
look:0.010445675437338814
then:0.007030309910906623
cases:0.016210509244433447
ultb.isc.rit.edu:0.05110175449062981
that:0.004584642626887359
nt:0.006291440984338666
yup:0.02562884895059861
me:0.009547036831758103
re:0.0016473149902122052
so:0.009002736540836302
had:0.006759508747498393
this:0.0023126979663939166
off:0.009618755277340752
on:0.0044670381078351536
you:0.014690722187014674
disclaimer:0.016537689546582322
consists:0.023948815661924142
bill:0.013636625003047215
m:0.006030020758220582
fun:0.018133271607638043
amateur:0.020922247584644366
a:0.0024608002217557626
same:0.00855547731510402
j:0.02690862255091509
below:0.016351867458316707
was:0.0039007098418563247
related:0.03395717167956978
objects:0.020659950696137686
part:0.02157904944857513
definitely:0.018748245568814027
also:0.006535229654976064
demonstration:0.025324915596030537
turns:0.019443853628046664
responsible:0.03445687414161253
organization:0.03376064518164645
internet:0.01258384996966787
taking:0.03001718091763529
hey:0.01697858583978489
works:0.013106281909915156
place:0.01197985734500628
it:0.009062258054801021
not:0.002655991227206894
flame:0.018491865660254608
involves:0.02307458245168697
try:0.01073299415129248
between:0.020465778379263486
left:0.012882842218064149
spelling:0.023790524872382014
greg:0.01929193214755693
which:0.005691155649856907
krillean:0.0259553157882802
writes:0.005826100361388215
showing:0.01891640668557627
get:0.005790193723749438
making:0.013544525069922484
if:0.005904408984699642
of:0.006852531649893873
vms:0.025871403035105336
photographs:0.052990828246977435
what:0.012164433079250633
plate:0.022776526731538006
but:0.005861526187228285
saying:0.013288789334645107
understanding:0.01768350125511377
seems:0.010381000393749243
well:0.00741351502270196
nearly:0.018899298755944566
up:0.00591832762269773
in:0.0015654599285858193
purely:0.021952810564578686
leaf:0.10889055077341651
or:0.005941070111921457
astronomy:0.02172002430301754
clean:0.019127058114433066
and:0.002522890404124162
word:0.013519279806887307
for:0.004299764708089084
subject:0.00023521547922483084
i:0.002522890404124162
top:0.014897058265054254
back:0.009279104493689593
paid:0.018220220871242983
discharge:0.025324915596030537
directly:0.016002204077076566
pretty:0.012678502453390427
source:0.013741268553743722
the:0.005644846330314494
do:0.006328792237061645
see:0.007794650931326768
electricity:0.024972304549010556
intended:0.0179231227179587
level:0.015508965473981274
can:0.003808660759637504
effect:0.015270367641508397
kirlian:0.08513528221399397
refer:0.019743648620315454
carl:0.12844476953689948
put:0.010957970482584931
here:0.007931281522570027
about:0.004339278327409126
hold:0.03057075429906626
is:0.0071014791248633635
unless:0.0135597419636145
trouble:0.016805382741367114
created:0.016731696425044146
nothing:0.01125487225330797
image:0.01630424227724087
plates:0.052081716033451166
article:0.007139496742877543
understand:0.013198930673725347
by:0.00436315187144126
s:0.002733199475136645
