reference:0.02361793077859718
simply:0.01935850215116069
believe:0.013751087850192028
out:0.00745681708278772
there:0.005808727756817389
attitude:0.02782508247376407
know:0.0078093362383436825
help:0.01354489063317593
all:0.012076807982864445
your:0.015948509141534967
alexander:0.03221208994566246
to:0.003489111797698306
photography:0.07118471768791046
scientific:0.02672594643546761
slightly:0.027402985166810445
so-called:0.031739156108979316
measure:0.029223757777264756
that:0.004391197790309833
quite:0.0168113884943633
through:0.01499660312673941
nt:0.009038969009144792
could:0.009551323767886439
anything:0.014691399685565846
re:0.0023667120428998135
off:0.027638701872865195
posts:0.02546213589980172
something:0.012599122260528626
on:0.003208916615438544
serious:0.02276578251290804
am:0.02068780198356159
great:0.03191456568016047
concerned:0.025480944573150817
m:0.00866338425389919
a:0.0035354534831554306
nor:0.02186417086693293
basis:0.023589925804037966
as:0.02025605468903844
usa:0.023067225860941298
accepted:0.026657522915820676
stuff:0.01850263640932672
columbus:0.03659909741756085
far:0.015755557418489885
mind:0.038350073455824515
likely:0.020926638005884353
it:0.010849855371518101
not:0.0038158861302276257
flame:0.05313485449212399
should:0.010397545204009364
being:0.012315214746361698
frame:0.030585222205220107
mistake:0.028277354397701696
real:0.01618730287340663
after:0.012210213213069311
open:0.020917472017426348
shows:0.02445705466848045
spelling:0.034180057886270356
believer:0.03705136934149847
edge:0.029830390427835186
without:0.014222851169636045
be:0.007322294394145206
which:0.008176533750110872
krillean:0.037290232176832944
were:0.019636750600915177
end:0.017115401282123476
whatever:0.020917472017426348
of:0.0049225464700187
kept:0.025277060902368188
what:0.005825582930358425
but:0.008421306610764687
reading:0.020799506622550572
instance:0.027055417080759085
seems:0.01491447524924733
who:0.008183878950847141
in:0.0011245550752815852
our:0.014112502677091097
or:0.008535588072190953
and:0.0012082196661100946
for:0.002059170018430848
subject:0.00016896808159505252
p:0.02130460784576804
i:0.00845753766277066
any:0.006476501685372198
convinced:0.03002046819428376
the:0.002862353202490075
see:0.011198644059564406
when:0.008276420524327442
because:0.01116912847401591
did:0.010404500274955477
kirlian:0.040771538106701755
drop:0.027402985166810445
an:0.005682899611150232
just:0.007432839009277759
people:0.02858113557100856
many:0.023458240855418904
about:0.006234279622290326
current:0.02001421344133429
is:0.0034009193277299227
scientists:0.031688724655503514
societies:0.03741313145440954
does:0.0077119545211235775
history:0.021019035470575195
existence:0.025750309221371042
neither:0.023688490193044108
earth:0.022281868117681954
comes:0.019140356564845012
close:0.021993121621332535
grateful:0.03410603231814889
by:0.01253715790907805
fit:0.02573068404619226
especially:0.019780352579097098
god:0.01679226728971661
alex:0.03549996137926439
