some:0.00788876266981996
incredible:0.037517844333598935
believe:0.014680215407637436
large:0.020229960269510648
know:0.008336994092285823
take:0.014363169799565565
ever:0.017860959843445004
wonder:0.02493491694470898
operations:0.031495384136682084
into:0.012100026371502611
such:0.01299335948289053
from:0.00572008280020389
several:0.019043590351806736
my:0.006420366630610144
to:0.0037248625948400837
changes:0.02755344121443371
slightly:0.029254538218621964
long-term:0.0381989571655041
been:0.00991378640014486
she:0.02239961138444921
that:0.009375800687418293
produce:0.02848296816777295
months:0.022944557702566353
could:0.010196683481932822
me:0.007321545137868546
re:0.005053250037542845
eat:0.03050827184953684
anyone:0.022606956076235016
comments:0.024891925770466894
had:0.01036762490325767
this:0.0035471786376447233
recently:0.022360213274241144
on:0.003425735305670878
you:0.0037553985770859585
henry:0.03091379894228179
a:0.0028307516064453955
was:0.005982845500685038
assistance:0.03519169874521214
woman:0.029589652685779885
part:0.01654879805684647
houston:0.0339926759942474
given:0.018836402426900548
course:0.016528052702027157
chip:0.04368113997031452
are:0.004343995821629903
works:0.020102202659126624
place:0.018374510927813687
it:0.002316590741486297
not:0.00814743254832385
have:0.0034543960347814383
stay:0.026680388974703935
after:0.01303522761935778
has:0.01438884424171015
netcom.com:0.06525071300110417
talk:0.02337563356511505
without:0.015183854627043886
be:0.003908522007685617
writes:0.004467989128497043
if:0.004528043376779793
of:0.01313787740309045
even:0.01134567194436504
seems:0.015922210063385664
virtual:0.03336368664920678
who:0.0174736874896466
one:0.013287985240211115
in:0.006002692631570624
or:0.00455615849799382
use:0.04493998723641481
weeks:0.02459841138738588
and:0.005159424520145809
for:0.004396606255568568
subject:0.0001803848438649885
combination:0.0335155302698288
i:0.0012898561300364523
house:0.023228864489798592
any:0.006914103150600049
drug:0.11574104787852718
research:0.02086034784146471
will:0.015314937093287628
the:0.005092925743169277
drugs:0.029309249098572094
can:0.005841662111065632
her:0.022340600033308976
elderly:0.08316514795144725
just:0.007935057861255987
changed:0.025535913471847468
is:0.0018153555870990806
done:0.01789637534743715
field:0.026300390877927748
hospital:0.033566912698107305
does:0.02469909758792281
although:0.021349590924018638
article:0.005475222164301358
teeth:0.037898607418403875
s:0.004192137032810935
