all:0.023851695766157283
matthews:0.31160912449384043
to:0.006890995800454155
through:0.059236582350620674
nt:0.017851963793060963
re:0.009348512569454263
so:0.025545264934623002
harry:0.13045318973091904
pool:0.13196880527632993
as:0.020002854005425463
listen:0.10677365925858172
possibilities:0.13881602403431606
are:0.016072784540030638
sex:0.10814118765140812
transmission:0.12114720321892294
ve:0.04562834247568586
public:0.07409361495151484
heard:0.06756618398549687
without:0.05618026212006238
if:0.016753760494085234
of:0.009722029278286934
what:0.046022105149831564
up:0.06717301851761924
subject:0.0006674239223004575
i:0.004772467681134873
water:0.10250243036778878
community:0.10171372142441562
the:0.0037687650499452652
is:0.013433631344533195
else:0.06316380563345142
right:0.04849683984475749
going:0.054445392101242066
especially:0.07813239268743355
