taken:0.025541715502005118
some:0.009050673450646156
silent:0.040840228093160076
resident:0.04552564720130939
correct:0.025366026668073246
know:0.009564923454715518
fields:0.03805136797977009
take:0.016478675428958943
your:0.00976691645101754
way:0.026858493326302996
companies:0.03082660733013749
from:0.006562575615737795
to:0.0010683714419308767
photography:0.13078122551964944
schools:0.03816371687358843
us:0.015968034001434078
might:0.016489032061073224
perhaps:0.022391174710387946
that:0.008067549428708763
think:0.02232167484540396
nt:0.005535492649011151
re:0.005797527174855357
greatly:0.030255264727136445
off:0.016926026728343802
ti:0.02936946555233847
registers:0.04770713913493873
you:0.00861703859548406
am:0.012669274082956322
them:0.011363249391722797
education:0.03353215120973895
bill:0.11998115797254719
m:0.02122193352117941
a:0.0010825613378654226
objects:0.03635510703893995
surrounding:0.04223760657246972
no:0.008726711133197751
brian:0.028961841199835494
taking:0.026410465381020196
base:0.02985764229002365
it:0.0026577940289920308
flame:0.03253994965021547
have:0.003963183047656224
involves:0.040604110205681714
spelling:0.04186394686845517
greg:0.03394781858523584
be:0.008968391583526686
krillean:0.1370199228823164
thinking:0.027004081657741513
writes:0.01537819513994331
of:0.006029165443898873
looking:0.02010763833648561
but:0.010314468562021865
forgot:0.03720678515970377
easy:0.025687453986502382
rest:0.025322719639324098
in:0.006886810150949243
minute:0.03467025096428969
pictures:0.14419049772498674
or:0.005227220602349499
still:0.015827202187825948
for:0.007566252625862186
subject:0.00020695315420169222
i:0.005919339759547129
appreciated:0.026238466040125915
info:0.022832522941026338
any:0.023797378285786215
allow:0.027180423809105365
will:0.00878531275118825
the:0.005258741930156184
do:0.005568355960515478
intended:0.03153913842617538
around:0.01835034444305144
got:0.01714847923744631
simple:0.05115021018536807
dear:0.037256959690755063
is:0.004165467083576184
sale:0.024611412047314957
terms:0.029838286629569485
article:0.012563300470024822
takes:0.027720153906819152
by:0.007677794378427644
s:0.004809583572527274
