partner:0.06840551844149892
health:0.1436671241466466
studies:0.048495205704984994
at:0.010126034625913001
effects:0.19778560263736122
say:0.021810861773190155
know:0.014182472708716113
help:0.024598766897032148
thanks:0.02291249017145015
your:0.014481979565301869
from:0.019461431136325875
changes:0.04687252068662286
long-term:0.06498213402867364
might:0.024449254435384437
anyone:0.019228905168291854
infections:0.0664673263445358
on:0.02331075058571448
santa:0.060556200276064946
more:0.014614011791042826
a:0.003210354312290563
how:0.01511911491067959
wife:0.0464480692775169
advance:0.03636208295030632
california:0.04574102559681535
speculation:0.06321028713410747
results:0.08420882181306806
telephone:0.05146119985631242
ve:0.020978548264683154
his:0.021200333810405248
of:0.01117474629688153
seen:0.029798447018647735
what:0.0105797942873176
but:0.0076469335890851755
ph:0.06306197213599359
women:0.08688080905364196
in:0.004084590848149206
become:0.03807152614707066
or:0.007750706410380291
female:0.06193969087663822
men:0.04036320175433726
for:0.011218926307312896
outside:0.0414342043388681
i:0.002194238014314884
example:0.03231447291675752
any:0.011761922601020772
informed:0.05870002246122457
the:0.0025991483103070794
risk:0.04931196342068294
cancer:0.059866338095303416
eric:0.09167881563950818
about:0.033966075183512814
done:0.030444408637019523
study:0.0851809965157425
does:0.014005618555603738
man:0.0666218238803494
yeast:0.06570075882156254
plenty:0.053578354623321243
s:0.028525806016368657
