read:0.0260575064585968
out:0.013542265506671952
music:0.052950097007943495
lead:0.044416260202527716
send:0.06743326714657984
access:0.0385330674484888
though:0.02856947358173195
someone:0.025327104766241608
o:0.040241137744826225
to:0.007920684828108223
fantasy:0.0664673263445358
colors:0.05241260544578212
she:0.03810508603331589
could:0.017346082245127094
me:0.012455042303500514
so:0.011744949395228967
samuel:0.12796400651735582
this:0.018102842702462724
hi:0.036218582299016144
on:0.00582768764642862
you:0.019165482393404203
society:0.04271530136099825
a:0.003210354312290563
how:0.01511911491067959
want:0.02175399962887565
d:0.020940738188241787
it:0.007881734017010849
not:0.013860000197148618
have:0.011752887658566732
jody:0.13681103688299784
be:0.006648979967097371
get:0.015107746842426693
if:0.015405756776170327
of:0.0022349492593763064
subscribe:0.060091722823905444
please:0.02201626847017534
who:0.014862676715331589
in:0.002042295424074603
and:0.006582714042944653
usenet:0.0469448118234914
subject:0.0003068615734714747
animals:0.056420993901038406
i:0.008776952057259537
we:0.015491309261080114
info:0.03385512022290112
will:0.026052996434558263
do:0.00825652780352295
regularly:0.057102334245056105
thank:0.04172981961804039
can:0.009937540142962222
her:0.0760093978144765
friend:0.039921832410262134
newsgroup:0.08837158254193907
interested:0.03306984155649333
is:0.003088191113685792
does:0.014005618555603738
request:0.044831046291888874
faq:0.08924356466431631
e-mail:0.06321139716441992
very:0.020037270020499393
94:0.06262817526262751
