out:0.04531450381078692
there:0.03529919175296721
thanks:0.07666871711216013
me:0.0416764877078671
anyone:0.06434287498620736
chronic:0.6614107544247372
tell:0.09269327129317127
vs:0.26281630346641094
a:0.010742339429587655
persistent:0.7072532695173145
between:0.08934099407870791
one:0.0378196502990624
and:0.007342257970976728
for:0.012513417804310539
subject:0.001026806034308396
example:0.1081291978368425
the:0.0028990500384194345
can:0.03325253817068129
disease:0.17499213760755927
difference:0.1233520710320918
