mark:0.23104799725324543
with:0.04498672129150364
to:0.010601532000698698
re:0.028764654059859274
you:0.04275376841605553
other:0.10610061444860852
robert:0.24580092530443876
supply:0.310612725661888
subject:0.002053612068616792
we:0.10367260813184385
the:0.005798100076838869
can:0.06650507634136257
cup.portal.com:0.41451946971288656
