mark:0.06985172009981838
there:0.021343697339003428
modern:0.09550065360562421
from:0.019687726847213385
to:0.00961534297737789
enough:0.056561593649706886
that:0.008067549428708763
consider:0.07489218787374867
re:0.008696290762283036
complete:0.0861212988440646
certain:0.07665848818047695
a:0.006495368027192535
theory:0.09461741527852616
mapped:0.13840186289326525
it:0.015946764173952185
color:0.08592167689775317
robert:0.07431190765017914
be:0.01345258737529003
which:0.03004400773296553
virtually:0.1158904185618456
of:0.013565622248772464
find:0.049219691573799774
in:0.004132086090569546
subject:0.0006208594626050766
diseases:0.13044171855636683
any:0.04759475657157243
the:0.0035058279534374557
can:0.020106185870644496
eye:0.10676341801103263
is:0.006248200625364277
scientists:0.11643763943185012
natural:0.09737461841165534
disease:0.10580919948364048
s:0.014428750717581821
cup.portal.com:0.12531983968064012
