sell:0.23200481993203784
my:0.06334761742202008
to:0.004593997200302769
a:0.004655013752821317
other:0.045976932927730356
sci:0.19053220058253137
tens:0.37689637736630716
it:0.011428514324665733
have:0.017041687104921762
be:0.019282041904582378
or:0.04495409718020569
subject:0.0008898985630672766
doug:0.1440546494886262
i:0.012726580483026328
person:0.0935064813024617
can:0.05763773282918089
physician:0.18374556874115675
people:0.05017577133577058
unit:0.28600938783996105
does:0.04061629381125084
sold:0.13688427016806137
med:0.20514069828023654
by:0.03301451582723887
