some:0.012830075550915981
effective:0.04437324652312686
studies:0.09272709662271857
out:0.012947001088796263
effects:0.04727293249849018
say:0.020852142574368612
there:0.020170966715981262
know:0.013559067314926395
take:0.0233598805531396
thanks:0.021905347746331464
with:0.006426674470214807
much:0.019199965599559686
prevent:0.044208983210644745
to:0.0030290091430567713
that:0.01143641622311462
think:0.01582140689591819
anyone:0.018383678567487818
this:0.017307113352903924
two:0.02049219156761881
these:0.018204790913175194
on:0.00557152555208011
you:0.006107681202293647
m:0.01504191991336343
more:0.013971637646381603
a:0.0030692398370250444
how:0.01445453843108928
idea:0.030465673574294028
said:0.024082470644653103
preventing:0.060868519882602896
advance:0.03476374963380934
are:0.007064960237376105
it:0.0037676420850546372
have:0.0056181386060181636
open:0.036318248118168826
heard:0.029699421532086535
found:0.02939033522260437
were:0.01704728898321208
if:0.014728580654140865
of:0.002136709731491634
trying:0.02962998047327908
short:0.038054701820013935
what:0.010114748384578365
but:0.007310804640114399
find:0.023257656457949343
good:0.035604612117791194
called:0.02947532413029378
risks:0.061169607511043715
in:0.0019525241966427526
or:0.014820032037430448
and:0.002097787991707637
for:0.010725786689409033
known:0.03579042579853141
subject:0.00029337315265954173
i:0.008391151966830547
info:0.03236698307024613
any:0.022489830028325438
the:0.0016566000219539628
would:0.010248897209938199
can:0.009500725191623224
an:0.009867012511667437
about:0.03247306088973203
is:0.01180978579739182
yesterday:0.048311681657744215
does:0.013389986970742037
experience:0.03639805247027635
side:0.03538861624803509
news:0.06744783552007513
