whats:0.06790701930100426
grass:0.07042981536303172
at:0.009680934202795947
all:0.01048426187523397
tried:0.034042462121282105
ever:0.02904859403109737
with:0.006426674470214807
times:0.030884353203220076
my:0.010441914959673641
to:0.0030290091430567713
day:0.027948385008383213
bruce:0.05062262021638554
began:0.04925063996496273
nt:0.015694034103789858
months:0.037316423516261764
me:0.01190756791653346
re:0.004109236294265611
so:0.01122868788335077
anyone:0.018383678567487818
this:0.005769037784301308
allergic:0.06495906340435942
on:0.00557152555208011
you:0.012215362404587295
am:0.01795974018353149
a:0.009207719511075133
how:0.01445453843108928
same:0.021341685170644095
was:0.00973034213298226
desert:0.0619605250893414
success:0.04925063996496273
month:0.0436681702130468
it:0.0075352841701092745
not:0.006625384709625988
walk:0.050448648071147295
allergy:0.07116268761026988
bother:0.05039126407135442
noticed:0.04457365957312446
were:0.01704728898321208
if:0.007364290327070432
drops:0.12295835517520164
using:0.024224401963130998
now:0.018152905471189498
one:0.010805614371160687
in:0.0039050483932855052
nearby:0.058475954126065856
and:0.004195575983415274
few:0.02511678572424491
for:0.0035752622298030113
subject:0.00029337315265954173
i:0.008391151966830547
any:0.011244915014162719
the:0.002484900032930944
start:0.03096222074596168
would:0.010248897209938199
can:0.009500725191623224
did:0.018064956521351268
long:0.02615726642976467
15:0.03672319485693015
nose:0.05602382718854707
is:0.002952446449347955
right:0.021317292239453844
does:0.013389986970742037
run:0.029415762949312033
notice:0.04437324652312686
improvement:0.05602382718854707
change:0.0326594407462691
article:0.008904756926556056
difference:0.03524344886631194
opinions:0.031380331379341125
shots:0.05386217560342559
three:0.03207129677442278
before:0.02336477216728181
by:0.010883906316672156
says:0.028143151037665584
