school:0.4040582750884561
there:0.10197544284190527
then:0.17732003886397812
re:0.041548944753130056
are:0.07143459795569172
always:0.29521734422207857
subject:0.0029663285435575885
psuvm.psu.edu:0.5554348128958269
med:0.6838023276007884
