school:0.06010784257514224
go:0.01607795249416634
boy:0.037477956240659735
stephen:0.06730015337836392
small:0.024700379341041415
became:0.03574915294261426
way:0.014317130740054078
shape:0.039404351961051284
such:0.0317854083217818
from:0.006996464912646079
my:0.015706020848434733
via:0.028249846104261532
to:0.0011390075703230007
us:0.03404754357330572
that:0.008600941126474632
through:0.019582341272932454
me:0.008955278350450784
re:0.003090417378331988
so:0.008444715680867108
this:0.008677395675560645
teacher:0.14016807422713903
on:0.004190155580489999
american:0.026669712540398478
education:0.03574915294261426
why:0.014708451075652947
a:0.0034624069235861033
same:0.01605035826883151
was:0.029271442449632583
as:0.006612513720801805
also:0.012260306873384847
intercourse:0.05150564041220503
stars:0.04118419833189555
reason:0.02208439606618618
sex:0.03574915294261426
couple:0.026082576815326598
made:0.01921966571833059
between:0.019197238397077734
girl:0.043626051331018156
suspect:0.03208343027188231
his:0.015243215219051708
without:0.03714397495541314
which:0.010676796136508411
writes:0.005464978438161672
were:0.012820688408861976
of:0.003213893976293201
sexual:0.03681015431987217
again:0.020180736678578663
one:0.008126536427897707
clothes:0.04822948113461622
in:0.007342136441921094
system:0.018472911811921695
or:0.005572821964488308
england:0.04074748360979323
and:0.0015776752664908673
subject:0.00022063600737205204
i:0.0031553505329817346
cells:0.09026568211317605
we:0.011138379386065867
info:0.024342111234647912
actually:0.06060282959754756
the:0.004983490975134235
do:0.005936511726499972
when:0.010807226800361454
start:0.02328563708993812
her:0.027325692602725025
an:0.007420645773237494
biology:0.1470515057130468
here:0.014879346327466084
is:0.004440869865961387
occur:0.037601616345425956
having:0.02162720159025092
write:0.026893999380062095
spot:0.03988281459261247
their:0.012509781971749703
light:0.05772255679018667
told:0.05124330192940711
somehow:0.03514143323975352
falls:0.04086992233529026
article:0.00669696595302976
very:0.014406962742011961
incidents:0.04710715434817769
mike:0.026408363875683502
incident:0.03972022975295375
sometimes:0.02896286218444504
