24:0.0277506344611247
at:0.02002193210123707
out:0.008925584083942877
there:0.006952871102857178
hours:0.08900396310342323
all:0.014455573191610473
happen:0.025618425955812995
coffee:0.04318155815249622
thanks:0.015101413976637598
with:0.004430510430223844
way:0.03937210953514871
into:0.013566696234715049
from:0.006413426169925573
wrote:0.01951193162646107
to:0.00522045136398042
day:0.01926744724062782
next:0.02029075775567557
that:0.005256130688401164
think:0.01090718202673148
memory:0.025618425955812995
me:0.008209005154579884
re:0.002832882596804322
michael:0.02276284243692189
anyone:0.012673596588192358
this:0.011931419053895886
hi:0.02387133833344246
you:0.0042105984046115295
used:0.01495805688133989
am:0.012381336035616405
great:0.038200768011101165
posted:0.025858946397590118
m:0.010369808425121758
more:0.009631962316823681
a:0.004231830684383015
same:0.01471282841309555
was:0.013416077789414933
steve:0.024296620051775655
let:0.01746316471782443
drain:0.04407385387716579
month:0.030104571889297414
it:0.010389558476968848
have:0.007746221411328073
allowed:0.029029039606945996
1/4:0.042275913071816044
making:0.02329247871873033
of:0.0073651736956719185
but:0.005040024410987957
adjust:0.041962388706945936
least:0.03647973307131034
fairly:0.02972883748672641
together:0.026961865465532052
up:0.010177730078427157
one:0.007449325058906231
in:0.001346058347685534
our:0.01689223805288177
fellow:0.03645956425097423
or:0.005108420134114283
better:0.016941029328040935
and:0.005784809310466513
for:0.0024647641129702576
enjoy:0.03502079225335385
subject:0.00020224967342438103
i:0.005784809310466513
plain:0.03446814831664046
ago:0.02167549791942912
filter:0.03960590822484677
the:0.003997175052972251
less:0.020824739065123315
would:0.007065527622002849
can:0.006549742366952375
home:0.022192144332282945
increasing:0.03862248692543775
an:0.006802258625467703
about:0.007462243790317209
mix:0.03909825132876374
is:0.006106196065696907
netters:0.03740776987941367
time:0.01196598462048268
2:0.029521356849930437
request:0.029547735056017668
1:0.014837302211550822
taste:0.03902842818402947
close:0.026325100122504094
by:0.030013196206580793
s:0.009400549709939672
