health:0.055551288003370024
mark:0.04004831952389587
there:0.012237053141028633
lead:0.051522861834932154
passage:0.06832802041634585
except:0.04299148558671752
to:0.011025593280726647
day:0.03391070714350496
re:0.004985873370375608
avoid:0.051556659909641325
this:0.027999063379809015
best:0.03246901439948579
certain:0.043950866556806786
medical:0.05364023296224896
a:0.009310027505642634
as:0.01066818880289358
no:0.030019886298200266
reason:0.035629492320113705
it:0.009142811459732586
should:0.021904161896446395
have:0.006816674841968705
robert:0.04260549371943605
be:0.007712816761832952
which:0.034450462200467144
certainly:0.041010097030075215
were:0.020684043966297323
of:0.005185082281753031
conditions:0.06046443606826438
in:0.00236906269192654
frequent:0.07185004141690034
use:0.022170393703297975
unable:0.0610032299127694
and:0.005090632193210532
for:0.004337984838827654
subject:0.00035595942522691063
i:0.002545316096605266
becomes:0.05741021514003329
person:0.11220777756295404
info:0.0392719394585653
normal:0.10059633798716115
the:0.0010050040133187373
do:0.019155144504173244
century:0.05957095993115824
essentially:0.060010215340749636
would:0.012435328614725015
can:0.01152754656583618
is:0.010746905075626556
very:0.0232432332237793
condition:0.1012825356929339
understand:0.03994876350580871
cup.portal.com:0.07185004141690034
