another:0.010459930803719712
some:0.005507249411006387
at:0.004155495341766184
out:0.005557439146605943
there:0.004329146158382771
story:0.01695781852836134
true:0.01218528675546154
take:0.030081355617958067
your:0.005943076519722936
cut:0.01726894101794529
with:0.005517239403674975
much:0.008241494667735525
from:0.003993265351085734
surprise:0.04590911943490998
both:0.01059294378447282
my:0.013446428226372188
to:0.003900563660634427
photography:0.026526380647853426
then:0.015055474997884935
cases:0.017357479238143358
that:0.0049090277184124075
quite:0.012529242368440573
nt:0.006736590110589042
yup:0.027442210904650394
me:0.010222534720797592
re:0.001763870296123446
so:0.009639722616838868
had:0.0072377758758591275
off:0.010299327584699767
on:0.004783102124898961
you:0.018351853423872893
disclaimer:0.01770780908997258
consists:0.025643307336116885
m:0.00645667317035883
more:0.0059972595557581405
amateur:0.02240259529110505
a:0.0019761850837448987
same:0.0091608176911727
j:0.028812534523857194
below:0.017508839212442888
related:0.036359801751237444
part:0.011552934492515458
also:0.013995255959241192
demonstration:0.027116772831598735
turns:0.02081959798852166
whole:0.014112808844468349
responsible:0.03689486051955681
organization:0.036149370076574254
internet:0.013474216712804746
taking:0.016070519029017006
hey:0.018179900875618722
place:0.012827488760926535
it:0.008086212965565377
not:0.002843915134792287
try:0.011492404114827324
between:0.021913828736286844
left:0.013794364073115855
careful:0.021704497110666937
edge:0.022232083432065848
which:0.006093831757158103
krillean:0.02779177681103587
writes:0.0031191622217809543
get:0.006199877241939256
were:0.014634936768606594
if:0.006322173771352918
of:0.004585862867116478
vms:0.02770192683475901
photographs:0.028370089651094048
what:0.008683416066005955
plate:0.02438807343424116
but:0.006276256813683116
saying:0.014229033863039807
understanding:0.018934692381654836
seems:0.011115505138589991
nearly:0.020236513290563283
who:0.00609930601053702
one:0.004638258998941615
in:0.002514335404167318
purely:0.023506075463015853
leaf:0.11659507087530918
or:0.006361428846255522
astronomy:0.023256818475400853
clean:0.02048038769800144
and:0.003601862400856508
lo:0.029936758684219585
for:0.004603993343095387
subject:0.00012592904194348253
i:0.003601862400856508
top:0.015951095406449598
back:0.00993564490597895
paid:0.019509387442321495
directly:0.01713443549762443
methodology:0.027442210904650394
pretty:0.013575566306224654
the:0.0056887019621815315
do:0.006776584140627327
see:0.00834615925193951
electricity:0.02673921288974243
rock:0.06896160994733537
level:0.016606297936762965
can:0.008156282947525597
effect:0.04905245454654348
kirlian:0.09115900501215393
refer:0.02114060489062079
carl:0.11461070237765796
put:0.011733298582767827
people:0.0071003450003448935
hold:0.032733779367396416
is:0.006336618558742074
their:0.007140017068781669
unless:0.014519157668587222
trouble:0.017994442840992143
first:0.008856390704674722
nothing:0.01205120755424957
image:0.01745784432515885
plates:0.055766743111289686
article:0.003822324907153778
understand:0.014132817277998365
todd:0.024007123638748434
s:0.005853172460905833
