school:0.09091311189490264
health:0.10415866500631879
wrote:0.06438937436732153
80:0.09991654068658273
nt:0.017851963793060963
re:0.009348512569454263
michael:0.07511738004184224
617:0.13020928535728493
aisun3.ai.uga.edu:0.14096019457825168
md:0.12517046238923887
on:0.025350441261964497
products:0.10125216985342222
e.g:0.1014818805047824
how:0.03288407493072811
commercial:0.10415866500631879
corn:0.14982382002027436
seizures:0.3077110474203548
university:0.05875850253996634
public:0.07409361495151484
boston:0.20848885676747703
certainly:0.07689393193139103
of:0.004861014639143467
david:0.1248222619672247
st:0.09591868107298251
and:0.004772467681134873
subject:0.0006674239223004575
cause:0.07883752833355168
the:0.0018843825249726326
would:0.023316241152609402
mcovingt:0.13847588273292158
about:0.02462540450804679
ma:0.10028044813093791
east:0.10179148198477544
bu.edu:0.13249514050627573
little:0.058633467547461605
covington:0.13715978939578605
