above:0.024639421087136158
some:0.010565944571342573
read:0.010257932406777928
go:0.00880286086784673
choice:0.0170695143643373
folks:0.0167566328067637
stopped:0.02038715983176342
switch:0.019240332226290388
suggested:0.019873583479435894
with:0.005292555446059252
though:0.011246806342129774
my:0.017198448168874232
to:0.007483434353434375
stop:0.015040511830681618
0:0.016584417594888837
job:0.015708093010358266
slightly:0.019591274463149552
then:0.014442356106568357
important:0.014218865579064356
might:0.01924963923871897
enough:0.011005196954467857
perhaps:0.013069961708778487
that:0.004709112562458961
nt:0.0032311246684273236
its:0.00935667219924964
happens:0.016905328121170946
me:0.014709348602776626
joel:0.04942148206196517
wait:0.01661266880140325
had:0.01388604964418222
off:0.009879897954553622
he:0.02878069153882779
on:0.009176630321073121
numbers:0.015962635298636646
used:0.008934224019623826
working:0.014337280591432612
vs:0.030919565113695407
came:0.013659396979538222
m:0.012387463458064001
sure:0.009873502353661556
a:0.0025276092775500364
hard:0.012236350237898232
214:0.02657379406773263
other:0.006241212614624031
want:0.008563791709104894
was:0.012019834399566321
as:0.014481704257321601
said:0.019832622883831967
copy:0.015459782556847703
figures:0.042707116951292076
are:0.0029091012742136903
results:0.016575039587640093
month:0.01798101126419574
reason:0.012091456669721846
it:0.0046541461050674925
not:0.010912398345266333
should:0.007433539105128868
have:0.0023133511907133617
42:0.0220197586429885
after:0.008729473699841409
83:0.025380062886532915
has:0.004817984044735525
danger:0.022178542895528185
quit:0.022764326005197354
reducing:0.025581202083686007
be:0.01308735875876632
down:0.021396973547087403
were:0.014038943868527595
if:0.0030323548405584134
liver:0.16847549980437956
of:0.0017596433082872277
what:0.00832979278729983
but:0.009030993967200139
particular:0.015344124199474242
well:0.015229573847541584
good:0.0073303613183687754
over:0.009076654988775376
35:0.04086175777132536
one:0.0044493706234191065
in:0.0008039805515587806
or:0.003051183066529798
total:0.016565680976490506
better:0.0202372477040851
and:0.007774155498681242
still:0.009238502634522838
for:0.0014721668005071222
subject:0.00012080070991863483
cause:0.014269235897475415
i:0.006046565387863187
back:0.019062051765317084
drug:0.0193774605045498
allow:0.015865496250563767
the:0.00375171181442515
do:0.0032503073253687636
around:0.021422574055689012
got:0.010009745799233367
would:0.008440268290537341
effect:0.03136989551694485
did:0.007438511508791699
extra:0.017577718142494352
maybe:0.011981507159920019
wants:0.01593002336015271
problem:0.009572693629165541
just:0.0053139754002981265
doctor:0.019932222142976644
n:0.03313136195298101
affected:0.022876057283886822
is:0.001215713243849158
tests:0.021300008893532903
levels:0.04149868805876246
object:0.01914014613634825
new:0.0078009030085228375
time:0.007147103936215899
him:0.010843960648702751
very:0.015775950151886403
side:0.029143566321911254
despite:0.01929126957708059
high:0.025315147743362187
concern:0.020844608324394047
s:0.008422211957321516
