another:0.010977749160339499
some:0.005779885520462149
go:0.009630852731654095
correct:0.01619909623852202
there:0.004543460324639344
behind:0.017464071292072763
k:0.018755747803226055
all:0.004723108072506392
story:0.0355946289902238
true:0.012788518773058647
gap.caltech.edu:0.026132436688382162
chris:0.018993798232273762
cut:0.0181238390881406
with:0.0028951850336116206
missing:0.06412347717904825
equally:0.02372893264985889
to:0.0013645536238523078
photography:0.0556791356172765
look:0.011738457050870845
writers:0.026973521028953437
next:0.013259307048263244
ultb.isc.rit.edu:0.05742622905630181
began:0.022187169489166374
been:0.007263566273373462
that:0.008586748154318733
think:0.00712746548281463
nt:0.0035350423352595965
its:0.010236755227891931
re:0.0018511906078127255
happened:0.016694558904645697
this:0.005197845924469495
he:0.007871946571882353
two:0.018463261709438728
took:0.016709909289191482
etc:0.011496653403258592
bill:0.015324326117285729
fun:0.02037748839076156
a:0.00414803205696949
same:0.009614323517468378
j:0.015119448809548824
was:0.013150412882693845
objects:0.02321687528724383
part:0.02424972388527997
definitely:0.02106857299069695
also:0.007344045206334487
experiment:0.025153101325362758
whole:0.014811462747659852
explanation:0.02283164250329924
taking:0.03373217855595649
works:0.014728346502726437
book:0.030789094165184886
it:0.006789216430494494
not:0.0029847030127523014
flame:0.020780462895434632
have:0.002530943629443826
involves:0.02593034760659872
only:0.0066016645458875575
christopher:0.02395620839888898
between:0.02299867174303372
left:0.014477253383666146
after:0.019101125620445063
has:0.005271160761814609
spelling:0.0267348967625283
greg:0.021679547512353577
his:0.009130836839134933
be:0.002863669589789462
krillean:0.02916760734623567
writes:0.006547152386312498
showing:0.021257546126860462
down:0.011704780083926525
were:0.015359438588834646
making:0.015220827677586157
of:0.008663194406394296
even:0.008312670533495176
photographs:0.029774549534811574
seen:0.012833984607041351
what:0.004556644074240748
explain:0.0177973144951119
but:0.0032934812982693576
particular:0.03357476681271096
well:0.008331029258184875
must:0.011472576373660878
who:0.006401251852642813
up:0.006650793912635567
observed:0.0252384568027613
one:0.004867875781067438
in:0.004398012423130953
leaf:0.12236710408695815
compiled:0.026132436688382162
and:0.0018900862103504448
word:0.015192458000809003
for:0.0016106379352082872
subject:0.0002643263058615673
half:0.056163022033559634
p:0.0166640001961948
i:0.004725215525876112
discharge:0.028459187328212534
water:0.020297510963918568
actually:0.012100564985648933
source:0.015441920602474379
the:0.005224030762300368
when:0.006473635855662059
intended:0.020141330975131804
can:0.004280029665533235
effect:0.034320529253687185
because:0.008736249004428287
photo:0.05407003730541734
once:0.0132823326481431
regards:0.020442413846592393
kirlian:0.12756243605661144
carl:0.024056899905013352
put:0.012314154948251383
here:0.008912875770412852
people:0.00745184722808474
about:0.004876317724365701
is:0.0026601250187194446
right:0.009603334622724256
created:0.037604901866188326
first:0.00929482588807446
plates:0.05852747296828423
article:0.008023097824916841
inclined:0.028542390884234225
by:0.019612583659745865
s:0.003071466736910982
