know:0.04656132549653969
happen:0.06380438162579839
case:0.04663417183597652
someone:0.04157468140873622
my:0.01792857096849625
to:0.010401503095025138
been:0.02768378089097055
anyone:0.031564429238516815
these:0.031257282511300805
medical:0.07590599004091833
clarification:0.11228830385680011
snyder:0.11519680724976725
how:0.049636339518080164
want:0.035709395617210975
was:0.01670681385096954
are:0.012130403426438216
not:0.011375660539169148
have:0.009646237983917979
treatment:0.08223214092510148
be:0.032743090026649324
soon:0.06786780447244284
if:0.012644347542705835
of:0.003668690293693182
what:0.01736683213201191
but:0.012552513627366231
seems:0.044462020554359966
one:0.01855303599576646
in:0.003352447205556424
and:0.014407449603426032
for:0.006138657790793848
subject:0.0005037161677739301
i:0.007203724801713016
person:0.05292819696365756
house:0.06486550838660739
the:0.0014221754905453829
would:0.03519432626808966
just:0.04431654956475041
does:0.022990354987500475
needed:0.06294005075728341
by:0.018687461789003133
