school:0.08869571892185622
at:0.021486951523278806
all:0.023269947088933932
small:0.07289624146990271
philip:0.14146461304113372
from:0.0412962075331793
look:0.05783337376282709
physics:0.11184402513398176
like:0.028405830817284712
greatly:0.09519339389757565
student:0.09812237736996761
on:0.024732137816550728
am:0.07972372471713979
a:0.006812215248031195
experts:0.11819239338431507
doing:0.06538299768695892
edward:0.2204922157747622
be:0.014108811149694422
san:0.09848696179523278
and:0.009312132060750973
for:0.015870676239613368
i:0.013968198091126456
any:0.02495822600704408
information:0.11896689192603732
research:0.07530076781797018
the:0.0018384219755830562
thank:0.08854864162852474
would:0.045495104688018345
project:0.09394233793690368
high:0.06822741038150053
