another:0.009088136599953191
school:0.04471136650568982
since:0.008200088620506892
large:0.03681189491665052
cat:0.062262011181264384
at:0.0036105123461247176
help:0.017541743606899977
returned:0.0194645500070257
all:0.003910114060025784
small:0.012248958607647588
damn:0.01763047892361724
thanks:0.00816961739719739
your:0.005163656648283863
with:0.007190500534297713
much:0.007160642908032506
wonderful:0.03939465409924101
ca:0.008428477852837383
wrote:0.010555635142183857
my:0.019471603715784862
to:0.0033890143280922067
0:0.030042264659593712
most:0.015217995606287197
software:0.01154010610033302
relevant:0.018426200294276905
next:0.021953934620894882
been:0.012026560550995404
that:0.0028434805363481705
think:0.005900606670198997
memory:0.02771829693579767
like:0.004773110916019153
nt:0.0029265514414854037
re:0.0015325430441728303
anyone:0.013712415980667142
had:0.012577118735099469
this:0.006454702111124004
off:0.008948596098181764
weak:0.019173419789334095
student:0.016487776525281442
you:0.006833594132074449
books:0.014962040627238365
medical:0.016487776525281442
am:0.02009429946763974
material:0.017306145642638864
concerned:0.01649995591212225
suggest:0.03009344102549277
them:0.006007619555460004
education:0.017728063549411168
sure:0.008942803361308212
a:0.003434026538966545
how:0.0053908319558570676
as:0.003279156394332043
part:0.010037795542677365
entering:0.02154972509774779
question:0.017893328552025446
learn:0.015614812216074721
helpful:0.019035259718259045
organization:0.015704234541462588
cheap:0.015230455813142819
portion:0.02082346913001343
success:0.036736133088619734
are:0.005269765422960865
no:0.009227424067069754
reasonable:0.015320931025024787
it:0.001405145203852344
have:0.008381157592584473
being:0.007974606270185034
systems:0.012296791476568076
only:0.005465312451923306
always:0.010889164336060277
points:0.030042264659593712
has:0.013091489433031364
manage:0.020651964581097446
thinking:0.01427674808954367
get:0.021547114349034793
making:0.012600849142919687
things:0.009158712820246925
of:0.00796887645761224
but:0.008179711748980453
year:0.020284923903357805
never:0.018065075662802136
associate:0.02029816096024295
particular:0.013897751836409046
supply:0.016549038662313706
fact:0.009828963641921472
please:0.00785006293813629
who:0.005299397025548559
up:0.005505985124395019
one:0.008059925473570676
point:0.009022688365819922
or:0.0027635715479634644
stories:0.018967887888983802
and:0.0023471152530171505
for:0.005333587916591377
subject:0.00010941375775417335
tricks:0.02342609023555714
i:0.007041345759051452
suggestion:0.018967887888983802
top:0.013859148467898834
info:0.012071292866362285
medicine:0.018161698158467184
any:0.00838760054335088
flash:0.022538094183062907
actually:0.010017680848774937
the:0.0033980668483113044
wrong:0.010833696954220741
do:0.0029439258971577734
thing:0.009278411619364577
strong:0.02959551136041402
older:0.018107173709178814
around:0.00970161652931818
can:0.010629909743086639
major:0.0268559669894901
an:0.003679910403941544
problem:0.008670349557563871
about:0.004036951558696195
techniques:0.03897954153515286
head:0.014151064489572472
is:0.006606703939934358
cards:0.032254241511082804
right:0.007950301613894671
time:0.012946803031997653
type:0.013280788976769247
applied:0.018143442624248416
mass:0.017261838609424866
too:0.008002122409280724
amounts:0.06185552516986002
index:0.021076311625936955
med:0.07566665100500529
little:0.019224087720479215
felix:0.04646486174283111
luck:0.0168966746963673
data:0.012026006652482837
students:0.03918447024175464
john:0.010989665572056745
panix.com:0.02122812011643019
