since:0.010933451494009188
cat:0.08301601490835252
there:0.01003037142707265
know:0.020227461076365603
hand:0.017252674619959964
wonderful:0.05252620546565468
service:0.01990487010097455
wrote:0.014074180189578477
my:0.00519242765754263
located:0.026706411720873072
to:0.001506228590263203
0:0.04005635287945828
city:0.020108118024515804
famous:0.054982689039875576
t:0.014077994836067989
that:0.003791307381797561
like:0.0063641478880255365
its:0.01129958773789164
me:0.005921249619696966
re:0.0020433907255637735
phone:0.016051077192402015
had:0.008384745823399646
this:0.002868756493832891
off:0.011931461464242352
upper:0.028568196096610782
he:0.01737850500022115
on:0.0027705400286299996
you:0.003037152947588644
dont:0.02659216754153256
pointers:0.028960686449459178
united:0.021429081873645995
them:0.01602031881456001
a:0.004578702051955394
want:0.010342065397334326
quick:0.02218183180432402
was:0.0048385854322480085
operation:0.023528776696734952
houston:0.027491344519937788
let:0.012596381107938934
question:0.011928885701350297
reputation:0.03150580851702357
doctors:0.053567846774991566
whole:0.01634926489085951
anywhere:0.02309469565494241
are:0.01053953084592173
those:0.010141615597199782
301:0.03026795250992821
place:0.014860260203914894
namely:0.02919831001197141
have:0.0027937191975281575
kind:0.03011504586844874
states:0.018868085986096628
referring:0.025952733342700932
surgery:0.14920966578817352
has:0.01163687949602788
be:0.0031609904761610453
get:0.007182371449678264
down:0.012920030475153868
if:0.007324048303425238
of:0.003187550583044896
street:0.043585010713864544
excellent:0.02128451045541195
york:0.06169126569549906
they:0.005097921445397506
who:0.007065862700731411
good:0.008852512848959012
one:0.010746567298094235
in:0.003883709331027114
additional:0.02335932185114719
or:0.003684762063951286
and:0.0020863246693485784
for:0.01600076374977413
subject:0.0001458850103388978
i:0.003129487004022868
special:0.038204493911093144
diseases:0.030650239879364882
appreciated:0.018495967864351055
info:0.032190114310299424
back:0.023020292022596037
any:0.005591733695567253
lives:0.02127026147504539
will:0.006192925381985161
the:0.0037069820163396047
mexico:0.03150580851702357
hello:0.021143665522687274
physician:0.030122224383796185
joint:0.029707000848397704
wants:0.01923789706335382
ny:0.045914681219485456
an:0.004906547205255392
problem:0.011560466076751827
just:0.00641742384407588
long:0.013007165273817404
here:0.009838256314881945
address:0.017447111223680933
interested:0.015721727953086993
eye:0.025086486199313678
is:0.00734078215548262
east:0.06674851277690193
new:0.028262287948910607
time:0.008631202021331769
hospitals:0.03089314568576288
hospital:0.1357350568120186
lot:0.013544007586149676
their:0.008271495183506634
felix:0.06195314899044148
diagnosed:0.03097657449522074
side:0.01759761791568958
needed:0.018228539290360772
father:0.023659407958229784
panix.com:0.028304160155240253
