since:0.022231351371152015
all:0.01060075367384768
matthews:0.13849294421948463
to:0.004593997200302769
pittsburgh:0.049139615591652745
through:0.026327369933609186
nt:0.007934206130249317
re:0.004154894475313006
so:0.011353451082054667
harry:0.05797919543596402
internal:0.04402852684578148
on:0.005633431391547666
kenneth:0.10924103816364063
pool:0.058652802345035525
inside:0.04171172807860207
a:0.001551671250940439
as:0.026670472007233947
listen:0.04745495967048076
possibilities:0.06169601068191825
are:0.007143459795569173
no:0.012508285957583442
burst:0.06298570147361551
not:0.0066990000952884985
rush:0.056743355045850416
sex:0.0480627500672925
transmission:0.05384320143063242
ve:0.02027926332252705
pitt.edu:0.05486472915647338
university:0.026114890017762817
public:0.0329304955340066
heard:0.030029415104665273
without:0.02496900538669439
virtually:0.05536986664621513
writes:0.0073473599001951375
soon:0.03996659596710523
if:0.007446115775148992
of:0.008641803802921719
what:0.020454268955480696
they:0.010365773605641598
up:0.029854674896719658
in:0.003948437819877566
and:0.00424219349434211
subject:0.00029663285435575884
cause:0.03503890148157852
i:0.002121096747171055
cells:0.0606785974205239
medicine:0.049238381674066585
cell:0.1233920213638365
water:0.13666990715705168
community:0.04520609841085139
the:0.006700026755458249
would:0.02072554769120836
gilbert:0.1367604655201577
hit:0.03977446822143788
general:0.03276033736763946
is:0.011941005639585063
else:0.028072802503756187
right:0.02155415104211444
article:0.009003698670184456
dammit:0.06484185796987291
going:0.024197952044996474
especially:0.03472550786108158
