depression:0.20572143547488084
send:0.09462410067342654
rome:0.18825055539640523
thanks:0.06430279499729558
direct:0.12883147169594109
responses:0.1430944719697069
need:0.061974257790233425
used:0.06369237123667308
m:0.04415531329406684
other:0.04449380605909389
also:0.04785474618321182
nyx.cs.du.edu:0.15165925309736686
helpful:0.14982591520178087
robert:0.10307780738573237
regarding:0.2552900884561856
minor:0.14019136055573647
of:0.006272276953733505
looking:0.08367372081956916
please:0.061787592158234025
in:0.005731603286919048
for:0.010495124610066903
subject:0.0008611921578070418
i:0.0061580228143675786
info:0.09501275675459346
any:0.033009266654477655
information:0.15734330867637192
drug:0.13814254101630663
the:0.0024314613225453322
is:0.0086668589319569
