go:0.020696087785043907
out:0.012533798926387871
there:0.009763606229544121
help:0.02276694383023188
all:0.010149657772832884
706:0.06288590180634794
where:0.01965379572589108
someone:0.023441043773010848
from:0.009006087813086974
added:0.04450657645490864
to:0.005864677276982259
near:0.03834867848384601
make:0.01872426046116706
that:0.003690474738664647
could:0.016054352716234652
me:0.011527539153239837
re:0.0039780904550869205
transfer.stratus.com:0.06189094374240301
michael:0.06392968514199339
so:0.010870325504094894
phone:0.03124837368308052
searching:0.056494690525189115
aisun3.ai.uga.edu:0.05998306152266028
programs:0.037587043875473576
these:0.01762378694786109
you:0.005912755206475764
am:0.01738655698618474
amateur:0.050525002145896496
a:0.004456928061211899
intelligence:0.04808606833385771
as:0.008511852768266152
removing:0.05414372565334754
stuff:0.031100176092272575
others:0.02868434279859996
it:0.0036473981887231058
analysis:0.09161204543622332
university:0.025003618102113337
absolute:0.049410674162289434
u.s.a:0.054612448949028704
scientist:0.05245154805090405
cure:0.05936617580297572
be:0.012307686322073857
found:0.028452345800606356
writes:0.007034706287420876
if:0.00712925978471712
of:0.004137033735441248
georgia:0.10225846383207242
what:0.009791937265921608
never:0.023446162030445323
associate:0.052688843343609355
please:0.02037675911601335
find:0.02251539082631266
in:0.0037804191892444783
or:0.014347052291555007
substance:0.057327160704973665
subject:0.0002840101797023223
i:0.004061674622242445
athens:0.056962383327541416
body:0.03776256514547395
artificial:0.054805877875445635
research:0.03284395192060401
persons:0.05162412569938614
the:0.0016037298084873467
do:0.015283359976733971
can:0.01839502111569603
radio:0.03816330171029432
mcovingt:0.11785181509184814
may:0.01979814390893437
an:0.009552107857039752
many:0.019714904548703123
is:0.002858219435007063
chemical:0.05285003275872214
vos.stratus.com:0.056962383327541416
natural:0.04454370842235297
article:0.008620562556559585
covington:0.11673173565598811
