large:0.02964390217710471
small:0.02959154356699021
anyway:0.030183305164797367
from:0.00838190350920966
to:0.0013645536238523078
been:0.014527132546746924
that:0.01030409778518248
r:0.030695245215139902
smaller:0.04446774523806898
higher:0.036751226861761306
nt:0.014140169341038386
could:0.029883349610416977
me:0.0107286007960846
re:0.003702381215625451
anyone:0.016563512372687043
fixed:0.0448993337140577
chances:0.04831936408179332
leading:0.044705190432984675
on:0.005019889358804851
a:0.0055307094092926536
other:0.013656514731009017
gary:0.0840530384855972
local:0.030261222296197546
far:0.02464730764476635
are:0.01909637767132353
causes:0.0422490227660863
taylor:0.053705542522024106
due:0.032823192919786956
try:0.024122670023201908
pitt.edu:0.048889362614679244
minimal:0.05119080760454581
surgery:0.162210111916252
has:0.03162696457088765
be:0.011454678359157849
loop:0.05082742773473959
writes:0.006547152386312498
of:0.0077006172501282635
short:0.03428690956060661
what:0.009113288148481497
they:0.009236827965423204
risks:0.11022642145554412
over:0.01986079952989463
one:0.009735751562134876
in:0.001759204969252381
become:0.03279428489896186
or:0.006676351066367181
and:0.0037801724207008895
subject:0.0002643263058615673
i:0.0018900862103504448
possible:0.025514570524401804
howard:0.10392040697794938
information:0.024146745390928367
will:0.01122084499904242
the:0.008209191197900577
do:0.007112058603034621
can:0.00856005933106647
forget:0.03801201322192568
may:0.018425995321186443
is:0.005320250037438889
weight:0.0440092841683493
patient:0.09962209994353693
life:0.027627518349393167
unless:0.06095171140080181
under:0.024032905218867716
article:0.008023097824916841
very:0.01725982665132126
give:0.023398378924316898
