there:0.021343697339003428
andrew:0.2627063831980464
technology:0.07831785315853355
thanks:0.04635782895153867
specifically:0.09411727097106189
with:0.013600636669524355
from:0.019687726847213385
to:0.0032051143257926296
hill:0.1158904185618456
w:0.07196141523324079
h:0.0821670261463841
like:0.027084629383922632
me:0.025199736753594063
anyone:0.03890499417770677
sheep:0.27586406498106447
you:0.01292555789322609
concerned:0.09362765680367044
using:0.051265594852207455
please:0.044544543183843134
email:0.12762319344036935
in:0.004132086090569546
st:0.0892266800678907
or:0.015681661807048497
for:0.015132505251724371
subject:0.0006208594626050766
i:0.004439504819660347
research:0.0717984065241111
would:0.02168952665359014
many:0.043097698315769616
dear:0.1117708790722652
f:0.08642398182341507
is:0.006248200625364277
readers:0.10580919948364048
hear:0.07706236195950715
gore:0.14312141740481618
models:0.20759083948746854
news:0.07136922130612601
