out:0.017584732822096414
there:0.01369819381458429
know:0.018416046651616443
help:0.031941682388683536
all:0.014239818367855091
where:0.027573982063190474
your:0.018804958540018842
someone:0.03288743454720925
from:0.012635406782539934
added:0.062442062488976297
to:0.008228054687109437
make:0.026269857960443337
that:0.0051776809766339825
me:0.03234593075834462
so:0.015250904438580896
searching:0.07926120760250413
this:0.00783555878166297
these:0.024725910046252873
you:0.01659101460921558
am:0.02439307995076665
support:0.040879944918410537
a:0.004168669032377299
as:0.011942002391298782
removing:0.07596283897633833
others:0.04024370482191636
it:0.005117245219999581
analysis:0.12853033240305958
absolute:0.0693224383769434
cure:0.08328985858924952
be:0.017267500213058846
found:0.039918216496373095
if:0.02000449014219132
of:0.00290209829202595
please:0.05717657781806731
find:0.031588757278707316
email:0.04095371132787971
in:0.0026519358491714994
or:0.020128700229942845
substance:0.0804291508398138
for:0.004855953177792149
subject:0.0003984620431644522
i:0.0028492344364984316
directly:0.05421642276860268
body:0.05298031527872465
information:0.03640031767886216
persons:0.07242787784689995
thank:0.05418648219058977
can:0.025807940072767564
may:0.027776500409549713
an:0.013401464754652787
many:0.027659716829523784
is:0.004010039207323342
chemical:0.07414780715402808
vos.stratus.com:0.07991737362371483
natural:0.06249415808509223
