health:0.029548557448601073
studies:0.05984514746572616
at:0.006247978811733553
out:0.008355865950925247
effects:0.06101896251578165
there:0.006509070819696081
form:0.024208375350935427
know:0.008750887416016324
tried:0.02197066704281327
take:0.015076234966919882
thanks:0.014137493935575623
suggested:0.0311493755245059
with:0.004147711892124449
much:0.012391467159999513
work:0.02872443211333764
prevent:0.02853203880970689
several:0.019989016823173025
to:0.003909784851321506
remember:0.01973492224483143
us:0.014609052384290751
day:0.018037610182715404
that:0.0024603164924430977
think:0.010210978918642236
nt:0.0050643868916484995
re:0.0026520603033912803
so:0.014493767338793193
anyone:0.011864643614477952
this:0.007446559409523674
these:0.01174919129857406
you:0.007883673608634352
m:0.009707905759688454
more:0.00901715621149451
a:0.003961713832188355
how:0.009328815583185279
was:0.006279866199300607
as:0.0056745685121774355
idea:0.01966224322879969
worth:0.024930238431147788
also:0.01052125625304657
advance:0.022436178841678367
are:0.004559655188661174
no:0.007984012313351134
it:0.017021191547374494
have:0.007251781746775218
try:0.017279359378321934
ve:0.012944210631400242
has:0.007551592013379794
open:0.023439436728747255
be:0.004102562107357952
recommended:0.034812953683619446
writes:0.004689804191613917
if:0.01425851956943424
of:0.0027580224902941652
trying:0.01912289519906664
what:0.006527958177281072
but:0.009436641450360429
find:0.030020521101750214
up:0.009528087732995636
now:0.011715704949491094
good:0.02297886313985105
risks:0.07895651465964508
one:0.006973836225359025
in:0.0037804191892444783
stores:0.03846992762215911
or:0.014347052291555007
and:0.0027077830814949636
for:0.009229754976229049
known:0.04619757088888451
subject:0.0001893401198015482
i:0.006769457703737409
info:0.020889329499236862
any:0.014514712997004358
would:0.006614536497194156
can:0.01839502111569603
did:0.011658943570517484
correctly:0.030909953681066513
friend:0.02463261999782132
people:0.010675696028887358
many:0.013143269699135414
about:0.013971860713785412
prepared:0.03377089388323808
is:0.005716438870014126
does:0.017283529281383336
food:0.02989701623283969
six:0.030051761249822947
experience:0.023490941665213812
article:0.005747041704373057
luck:0.029239635644777454
tea:0.043300927547784855
side:0.04567892310030061
mine:0.023157723721985716
seem:0.019572429467345658
john:0.019017577301998906
s:0.004400257311035591
