dan:0.07225097253431378
indicator:0.11331240890685106
know:0.022434093193787304
where:0.03359012360425021
meaning:0.07174448245244167
from:0.030784445615642746
my:0.017276622933278203
that:0.006307356826081396
think:0.02617723686415555
r:0.05636763212234781
re:0.006798918232330373
anyone:0.030416631811661658
something:0.03619384213024587
used:0.07179867303043147
came:0.05488594059050812
a:0.002539098410629809
was:0.01609929334729792
immediately:0.07677635521461604
helpful:0.08444733402282194
it:0.006233735086181308
not:0.021924000311853268
term:0.07086690534389924
only:0.024246113423077937
pitt.edu:0.08977864771059278
writes:0.012022952563955679
of:0.0035352833739225207
what:0.016735310963575112
but:0.012096058586371096
commonly:0.09383580318903297
in:0.006461080068890563
word:0.055797754839334884
subject:0.00048539921621851447
i:0.003470885586279908
medicine:0.08057189728483623
howard:0.1908356564504161
the:0.004111380054485744
dictionary:0.0896444639415451
is:0.014654870557672575
field:0.0707719609078783
does:0.022154342078864093
stat:0.210910877624963
article:0.014733325096665473
origin:0.0881070568864894
latin:0.10935380010967159
s:0.011280659651927606
