laser:0.3501041414222663
know:0.044066968773510774
thanks:0.07119238017557725
reactions:0.3986014661056941
anyone:0.0597469553443354
allergic:0.42223391212833616
stuff:0.10440773402405792
advance:0.11298218630988034
caused:0.1422255063948274
against:0.09226002829135166
printers:0.4038175471781862
of:0.006944306627347808
what:0.03287293224987969
email:0.09799638067742646
in:0.006345703639088945
subject:0.0009534627461435106
the:0.002691975035675189
hello:0.13818895680899182
about:0.035179149297209694
is:0.009595450960380853
involved:0.12860275489520956
does:0.043517457654911613
chemical:0.17742510997571004
by:0.035372695529184504
