library:0.024923265426792737
looks:0.020375627823654107
health:0.024799682144361613
believe:0.012932570716252026
go:0.011579953879726946
week:0.02052285002622371
grass:0.03814948332164218
out:0.007012958923097975
behind:0.020998466672611297
thanks:0.011865396695929542
your:0.0074995965606027525
85:0.029525586190087272
method:0.023755344778253324
followed:0.0264579625059719
from:0.010078241124168757
to:0.0049221398574672524
1988:0.027202981214031464
apart:0.027420585950542163
that:0.008259633938916114
like:0.006932375378027816
talking:0.038805847385265095
months:0.02021306273797512
re:0.002225836326060539
consumer:0.032581265178892926
so:0.006082205936815
anyone:0.009957825890722567
this:0.015624477332482707
allergic:0.035186159344028016
getting:0.016144056977527892
shot:0.04734086125699686
begins:0.031805301977326
leading:0.026876334724591975
on:0.01207163869617357
you:0.0033083273179090587
went:0.019419412293071925
am:0.01945638519882578
state:0.01581972254131319
february:0.03061083355195605
3:0.01393729728950964
a:0.0024937573675828484
timothy:0.030294703639373026
was:0.005270601988698723
interview:0.03187180971898151
forever:0.02809009775665342
are:0.0038268534619120566
month:0.02365359219873368
care:0.018845338936154147
it:0.0020408061294045947
not:0.0035887500510474097
have:0.0030431584115931717
per:0.042105060899678776
against:0.015376671381891943
allergy:0.11563936736668853
somewhat:0.025606171770015514
public:0.01764133689321782
call:0.015815214869039924
june:0.027357597204527063
which:0.007689835312604272
writes:0.003936085660818823
get:0.007823654614828108
affairs:0.031805301977326
of:0.0023147688757826027
trying:0.0160495727563595
what:0.005478822041646614
but:0.003960019180061966
reading:0.019561440752160656
disappointed:0.0350705754996405
must:0.013794407306425577
find:0.012597897248055894
now:0.00983282379689431
george:0.023704251065804566
in:0.002115234546362982
minute:0.02662179984757958
system:0.013304894816919792
office:0.021730582815750955
or:0.004013758676804079
and:0.004545207315366545
for:0.007746401497906523
subject:0.0001589104576905851
each:0.015154817841432232
costs:0.04900300779683137
i:0.006817810973049818
6:0.01749017638428092
we:0.008022285153059345
paid:0.024618988915310457
rare:0.03019295105985338
20:0.01871924016908107
information:0.01451679336002241
the:0.003140637541621054
would:0.005551485988716524
page:0.025028248411829088
eric:0.023738264763801222
reports:0.023537038358262808
an:0.005344631777153194
10:0.01720459379700098
here:0.010716672057282118
about:0.017589574648604847
doctor:0.05244072730473616
interested:0.017125453663184045
garbage:0.031739529142882035
is:0.0047977254801904266
issue:0.03727809532696254
right:0.011546866629704163
keep:0.015770324905511435
2:0.011597675905329813
1:0.011657880309075646
midway.uchicago.edu:0.03135946085724792
article:0.01447023000565359
opinions:0.016997679497143106
shots:0.11670138047408876
by:0.0058954492548640835
96:0.03374234007515116
s:0.0036930731003334424
