another:0.01718996380146185
go:0.015080870168946723
say:0.01470965096331429
there:0.007114565779667809
all:0.0073958746561727995
with:0.004533545556508119
alexander:0.03945356753034627
wisconsin:0.047146513851375735
to:0.00961534297737789
photography:0.04359374183988315
scientific:0.032734104936464205
so-called:0.038874315234253734
quite:0.020590692884569002
like:0.009028209794640878
me:0.008399912251198021
re:0.005797527174855357
this:0.008139262610409597
you:0.00861703859548406
am:0.012669274082956322
concerned:0.031209218934556814
suggest:0.028460463605504787
m:0.02122193352117941
a:0.00433024535146169
nor:0.053558744139153534
basis:0.028893087418899215
want:0.01467130207528823
as:0.02480974140207809
accepted:0.032650299385268734
stuff:0.022662143819175366
wi:0.0456733076274388
processing:0.03676925561780492
far:0.019297504435049625
college:0.0319342271361911
no:0.008726711133197751
likely:0.025631076007207192
thread:0.03227075808917803
it:0.0053155880579840616
not:0.004673720996712906
flame:0.03253994965021547
morgan:0.045098827223146384
have:0.003963183047656224
proof:0.03245820613721845
real:0.019826308945722848
after:0.014955144865619777
believer:0.04538074694540123
without:0.01742023631629841
be:0.01345258737529003
which:0.010014669244321843
krillean:0.0456733076274388
writes:0.01025213009329554
of:0.004521874082924155
but:0.010314468562021865
instance:0.033137642626046016
seems:0.018267341778147893
email:0.021270532240061556
in:0.004132086090569546
thomas:0.05711635680665272
our:0.017285080798297624
or:0.005227220602349499
better:0.01733500675427444
for:0.0025220842086207287
subject:0.00020695315420169222
p:0.026094015811095737
i:0.005919339759547129
example:0.0217934817345574
any:0.007932459428595405
alan:0.034113819317823556
the:0.0005843046589062426
do:0.005568355960515478
when:0.010137011184835162
start:0.021841566572732656
an:0.013920901373050182
just:0.009103787313689039
biology:0.04597734416351075
about:0.0076357843435804
is:0.010413667708940462
societies:0.045823835424780676
existence:0.03153913842617538
abuse:0.03761757996699455
atheist:0.07085427665050056
image:0.02869041082894323
cellular:0.04068201978594142
supposed:0.028284457452840004
article:0.012563300470024822
neither:0.02901380969380596
bad:0.021244969354623132
comes:0.02344322742050784
god:0.041134546229073254
alex:0.04348057285212228
