preference:0.05675471820146259
out:0.011665119792875841
there:0.02726076194783606
where:0.018291651467661006
with:0.005790370067223241
much:0.017298978906533972
active:0.08847172267003699
ca:0.020361867288042783
often:0.03076554839879907
to:0.0013645536238523078
sound:0.03417013157552902
think:0.02850986193125852
nt:0.014140169341038386
me:0.0107286007960846
re:0.003702381215625451
anyone:0.016563512372687043
chronic:0.5107924638131633
two:0.05538978512831618
these:0.016402336367316264
rind:0.25929756580264174
tell:0.023861634194281712
used:0.01954914364689966
vs:0.06765568208046223
a:0.00414803205696949
other:0.013656514731009017
as:0.015843844756772644
are:0.00636545922377451
persistent:0.36413039618713217
fuzzy:0.11997843106144103
term:0.038590889048658
between:0.04599734348606744
classes:0.051377624280826824
writes:0.006547152386312498
of:0.0038503086250641317
conditions:0.0448993337140577
fairly:0.03885353018067214
well:0.01666205851636975
david:0.049434559194940476
one:0.009735751562134876
in:0.003518409938504762
or:0.006676351066367181
rather:0.025480036167454093
and:0.0056702586310513345
for:0.0032212758704165743
subject:0.0002643263058615673
i:0.0037801724207008895
example:0.027835239047107968
any:0.010131557091968389
the:0.0029851604356002097
do:0.007112058603034621
can:0.00856005933106647
actual:0.04022135531414558
general:0.029192379832550013
is:0.007980375056158333
distinction:0.1041214440366428
disease:0.09009496193656516
terms:0.03811028688331152
article:0.008023097824916841
difference:0.03175399848350878
