some:0.037261815163830446
read:0.02411705384997789
at:0.00937196821760033
locate:0.06133577615548206
there:0.009763606229544121
forgive:0.05998306152266028
posting:0.03509775060591745
thanks:0.021206240903363437
vitamin:0.13636411059650821
ca:0.02187817655417363
times:0.029898682356308794
from:0.009006087813086974
to:0.0029323386384911294
recall:0.04160484271354279
b6:0.2958607933882923
day:0.02705641527407311
100:0.07188323614534195
mail:0.03259910111527506
that:0.007380949477329294
nt:0.0151931606749455
me:0.011527539153239837
this:0.005584919557142755
on:0.005393710906800957
you:0.005912755206475764
a:0.002971285374141266
other:0.02934697846450874
want:0.020134020933108315
noted:0.04748088349979333
looked:0.0396276936646775
was:0.03767919719580364
fine:0.034459112531069785
also:0.015781884379569854
uses:0.03632973542379188
be:0.006153843161036929
if:0.00712925978471712
of:0.006205550603161871
safe:0.08835619038716962
what:0.009791937265921608
but:0.014154962175540643
balanced:0.06133577615548206
thousands:0.0455168084595568
net:0.035267473243600876
or:0.007173526145777503
and:0.0020308373111212227
for:0.0034611581160858933
subject:0.0002840101797023223
i:0.00812334924448489
mention:0.04015611504549918
limits:0.052609155346490646
the:0.005613054329705713
do:0.007641679988366986
would:0.009921804745791234
physician:0.05864220278973087
just:0.024986990712040125
newsgroup:0.040895360006110104
about:0.010478895535339058
is:0.002858219435007063
mg:0.06133577615548206
time:0.016803297552167164
article:0.008620562556559585
release:0.04227450520624743
condition:0.04040526689877682
seem:0.029358644201018486
s:0.013200771933106772
