cleaning:0.11275590840995248
out:0.04909071246168582
there:0.019120395532857236
stephen:0.1696524699746257
mess:0.10639379071096952
your:0.07874576388632891
with:0.024367807366231137
way:0.03609110040721965
damage:0.09269735117018064
often:0.06473584142247304
to:0.0028712482501892307
might:0.04431427366413429
that:0.0072271796965516
so:0.0212877207788525
you:0.011579145612681705
are:0.013393987116692197
ear:0.2439215148315316
it:0.028571285811664328
not:0.012560625178665935
should:0.06845050592639498
get:0.02738279115189838
what:0.01917587714576315
tubes:0.1262273076792244
one:0.020485643911992132
in:0.007403320912270436
or:0.014048155368814277
clean:0.09045504566617303
and:0.003977056400945728
subject:0.0005561866019170479
any:0.02131848471435015
the:0.001570318770810527
can:0.018011791509119027
just:0.024466428405539288
is:0.005597346393555498
deal:0.0686732289950106
every:0.05066976097786242
leave:0.07360796092280242
