health:0.028150990542248323
laser:0.16558979661863948
know:0.016673988184571647
all:0.006446404261123589
thanks:0.013468828681865967
ever:0.017860959843445004
into:0.012100026371502611
to:0.0009312156487100209
then:0.010782975336322996
track:0.03074186201213879
reactions:0.07541108818215835
100:0.022827784451561296
worse:0.02631800954959721
been:0.01982757280028972
that:0.004687900343709146
realized:0.03539142038197934
problems:0.01853427862089036
re:0.0025266250187714226
started:0.02215705997289801
anyone:0.011303478038117508
had:0.02073524980651534
allergic:0.11982313722560893
md:0.03382985469979429
hi:0.021290653108205437
on:0.003425735305670878
dont:0.032880855811489584
went:0.02204365719754111
am:0.011042813220955173
knowing:0.029013677821796036
came:0.020396802246472615
m:0.009248748054838326
why:0.012025152568608153
was:0.017948536502055114
definitely:0.028755755027843135
oasys.dt.navy.mil:0.039809842459051385
stuff:0.01975281454509204
advance:0.021375008220788173
model:0.0247226453485375
caused:0.02690752823685924
taylor:0.03665040401840835
it:0.0069497722244588915
not:0.004073716274161925
whether:0.01930715260055287
against:0.01745459994701248
chemicals:0.040786742653721036
after:0.01303522761935778
div:0.0364895212569643
tested:0.032007803571759814
printers:0.0763979143310082
writes:0.004467989128497043
of:0.003941363220927135
kept:0.026984970422798474
what:0.006219203398625887
but:0.004495156907097367
years:0.03013210031054586
together:0.024047069198988046
highly:0.028220768340598657
up:0.01815486986962682
david:0.01686787323881415
over:0.013553653733238904
email:0.01853985580383744
in:0.00240107705262825
office:0.02466714806112271
or:0.00911231699598764
use:0.011234996809103703
better:0.04532870009394736
and:0.003869568390109357
subject:0.0001803848438649885
cape:0.039941045741869644
i:0.014188417430400975
back:0.014232140000456335
ago:0.019332200847058407
actually:0.016515635993926248
than:0.009666224879861225
the:0.004074340594535422
do:0.004853499452070924
when:0.017671276254645082
hello:0.02614385669359305
putting:0.027162530452959556
got:0.014946985281287663
did:0.011107507050290307
about:0.006655514731904538
is:0.005446066761297242
usage:0.03487141334727577
involved:0.02433025092612073
having:0.017681698597434875
dust:0.0729790425139286
days:0.020123328544257923
printer:0.08809321980867225
does:0.008233032529307602
2:0.05265971762420024
gone:0.026551333762721372
chemical:0.033566912698107305
e-mail:0.01857902551792072
shots:0.033117959323727894
by:0.006692131586602474
