since:0.01600657298722945
effective:0.03230372346883635
looks:0.027384843794991124
go:0.015563458014353018
there:0.007342231884617179
stephen:0.03257327423512814
thanks:0.015947093159329306
your:0.0100794577774501
though:0.019884353612885437
from:0.006772578035441405
wrote:0.02060459979754289
both:0.017965632658465902
my:0.01520342818128482
to:0.0055127966403633235
kent:0.03681082709969113
young:0.030032444216593495
been:0.011737923097771514
she:0.02652113987918786
son:0.06827442078999546
like:0.009317112508069386
through:0.018955706352198613
months:0.05433271263967712
re:0.0029915240222253645
avoid:0.030933995945784793
national:0.02603339139990011
had:0.012275267885457082
error:0.03012366527337599
allergic:0.04729019815837366
he:0.012721065660161882
best:0.019481408639691472
merely:0.03264839215792685
two:0.014918315461226492
on:0.00405607060191432
you:0.004446391915269775
products:0.03240069435309511
them:0.011726873372257928
3:0.018731727557100956
bottle:0.04865520229461976
a:0.002234406601354232
other:0.011034463902655287
same:0.0155367468042289
as:0.006400913281736148
old:0.02118330465873859
worked:0.030753310724594796
wife:0.032327856217151764
science:0.02705305780933852
computer:0.02144562324132252
are:0.005143291052809805
it:0.0027428434379197755
not:0.0048232800686077194
becoming:0.03809356830029256
should:0.013142497137867836
pregnancy:0.050076651712519384
systems:0.024003336962260886
trial:0.03751847046418603
university:0.01880272081278923
able:0.021099721808885353
mother:0.03407683274991467
has:0.025554587373277225
foods:0.08778226521330307
list:0.023293028775372638
be:0.009255380114199541
get:0.010514991802328979
dept:0.03282645992273439
of:0.007777623422629546
but:0.015966797334009845
now:0.013215315183025954
good:0.012960078810875993
diet:0.04078534619326227
one:0.00786648726220498
in:0.0028428752303118476
breast:0.0512729055842871
visit:0.039269011755122735
rather:0.020587869223302906
and:0.004581568973889478
subject:0.00021357565513614637
each:0.020368075178884924
cause:0.025228009066736532
information:0.01951057027587012
milk:0.04964411394235718
the:0.0024120096319649696
less:0.02199092445277022
would:0.007461197168835009
can:0.006916527939501707
her:0.026451270439437825
symptoms:0.041287753403174504
road:0.02888521908776408
lower:0.03176786090436494
solutions:0.03765841572376617
during:0.023426956078419763
is:0.0021493810151253113
eliminate:0.0431100248501402
holland:0.043688590142777206
food:0.03372383431064317
first:0.015020438635128329
various:0.02851663182684151
article:0.0064826630425328085
luck:0.032982309007308974
give:0.018905890170848053
by:0.007923483798537329
s:0.004963490246848147
