408:0.029934030818282106
some:0.006633732245075876
cleaning:0.030751611384532494
out:0.013388376125914318
say:0.010781505535611042
there:0.005214653327142884
stephen:0.0462688554476252
mess:0.029016488375718963
posting:0.018745389528160458
case:0.014043244927879294
own:0.012877787701977245
your:0.028634823231392333
with:0.01661441411333941
way:0.009843027383787178
damage:0.025281095773685633
ca:0.011684935205070007
work:0.011506093545399453
often:0.017655229478856286
my:0.010797889333298878
to:0.001566135409194126
obviously:0.020919847050147482
might:0.024171421998618704
worse:0.022131053484888565
been:0.008336593109212724
make:0.01000045729175968
she:0.018836036846014106
that:0.005913147024451309
months:0.01929428715897625
anything:0.01318887017226934
re:0.002124661947603242
so:0.011611484061192274
this:0.005965709526947943
best:0.027672455454107205
on:0.005761463923173749
you:0.009473846410375941
disclaimer:0.021329860949285153
am:0.009286002026712304
enemy:0.03042309109539144
causing:0.02788992312153603
successfully:0.029704431168635078
m/s:0.03170693480386203
a:0.0031738730132872617
hearing:0.02576609491545357
ears:0.031028828226404268
wife:0.022960125154227105
based:0.01716422165852581
success:0.02546481952733868
are:0.0036529055772796908
ear:0.06652404949950862
it:0.011688253286589952
not:0.017128125243635366
should:0.018668319798107725
disagree:0.024138573993859058
have:0.0029048330292480275
term:0.02214590791996851
try:0.013843123138314732
only:0.007576910444711856
whether:0.016235560141374002
p.o:0.02617419568006298
has:0.0060498549652644945
attempt:0.021912774984298836
personal:0.019056224268157475
writes:0.00375717267623615
get:0.007468033950517741
ave:0.029704431168635078
things:0.012697306409887782
of:0.0011047760543507878
even:0.009540678680488782
what:0.005229784676117223
but:0.0037800183082409675
evaluate:0.032856007908946674
initially:0.06150322276906499
loss:0.02418097581886809
tubes:0.03442562936706121
good:0.009204601428178973
wax:0.03326202474975431
box:0.018003062560832995
one:0.005586993794179674
in:0.0040381750430566014
or:0.01915657550292856
clean:0.024669557908956283
and:0.0021693034914249424
for:0.0018485730847276932
subject:0.0001516872550682858
i:0.0032539552371374132
person:0.015938604767465062
any:0.011628264389645537
water:0.023296006901770173
the:0.002997881289729188
do:0.008162703623937463
would:0.005299145716502137
can:0.01473692032564284
because:0.02005366248743766
physician:0.03132026739906081
may:0.021148017357270805
an:0.005101693969100777
instruction:0.031395524369231376
just:0.0066726622924198065
e:0.01767550963666947
handled:0.029934030818282106
is:0.00915929409854536
deal:0.01872906245318471
assuming:0.022546418589028422
does:0.00692323189964503
six:0.024075558728551338
experience:0.03763889516812668
every:0.02763805144247041
leave:0.020074898433491573
little:0.013325788078968547
corporation:0.026984944327921995
usual:0.02437580009999668
by:0.005627474288733898
