some:0.006596253531826859
go:0.010991142665503544
large:0.01691544700501455
say:0.010720593074957872
there:0.005185192008910437
oral:0.034361018569646726
help:0.012090919322270039
search:0.024108199431495572
percentage:0.02545515436621308
migraine:0.036990189471845784
your:0.02847304456906808
with:0.006608218946774546
literature:0.026729449797539488
remove:0.02496130161039339
extensive:0.029942404634186605
such:0.010864503974394342
from:0.014348682278477552
feet:0.02481390931613182
post:0.014590835053283506
1980:0.060759234845948584
my:0.005368442154408482
to:0.0015572871865433117
100:0.019087638976446733
been:0.008289493713115477
that:0.003919826276095783
v:0.021732476349728882
really:0.011024834707293367
nt:0.004034342100126771
re:0.002112658207786274
severe:0.0284693749027558
so:0.00577294122816339
comments:0.02081358764988192
had:0.01733794899075859
this:0.005932004953349368
chronic:0.0323854606686312
he:0.008983803432317713
on:0.005728913279539999
you:0.012560429139180155
tell:0.013615960754929112
rev:0.029942404634186605
am:0.009233538738425794
them:0.00828169023464543
working:0.017901350342975183
josh:0.029592826082107015
a:0.004733912291004729
partial:0.03194037096324637
as:0.00452041898427694
said:0.024762766425575504
jay:0.02880321058846205
also:0.0167626794540064
doc:0.03137085288911097
d:0.010292905211169693
it:0.007748145304858124
not:0.003406271234892457
sex:0.02443868647489449
couple:0.017830462116692196
probably:0.013487139632933381
ve:0.020622979650027507
after:0.02179902471937798
surgery:0.0925605723363924
intake:0.036990189471845784
neck:0.032768639179019676
netcom.com:0.036373278810408353
topic:0.02467026469259617
1986:0.02880321058846205
heard:0.01526919412101624
be:0.009804428087075785
writes:0.007471891423927258
were:0.008764425409448018
if:0.0037861605636350807
of:0.006591206290364022
trying:0.015233492785697153
relief:0.02953660952361454
but:0.007517324545202376
years:0.012597601259776233
1976:0.03297043625586758
they:0.005270732341851659
who:0.007305383470247731
jackson:0.02953660952361454
good:0.009152598030279657
george:0.022498950164153486
over:0.01133299860180428
in:0.004015360494790746
and:0.006471142618487964
for:0.0036762583379895365
subject:0.00015083026492665705
i:0.004314095078991976
away:0.01564397506397554
back:0.011900320452358969
improve:0.026797932060434092
rt:0.036030307908029975
the:0.0012775474745577169
see:0.00999652972548687
would:0.0052692070401377175
did:0.018575266027604127
symptoms:0.02915801794009499
may:0.021028537033218428
relationship:0.025790879905596132
just:0.0066349636354004855
record:0.021788973995686977
sinus:0.07241935816989703
head:0.019507682121218547
is:0.004553773337129897
number:0.014137089538970384
lack:0.02191819807289597
life:0.015764855103326047
their:0.008551884850744146
run:0.015123358352471156
procedure:0.028562760789485803
nice:0.017851635348896937
mh:0.07440682332767853
article:0.009156303732390972
very:0.009848827637194617
already:0.01641687187173645
before:0.012012396989958443
says:0.014469077652133153
s:0.003505289722350386
