there:0.010429306654285767
help:0.024319235455020422
all:0.010841679893707854
pass:0.046128127502173814
with:0.01329153129067153
way:0.019686054767574356
from:0.009620139254888358
except:0.03664047067049788
my:0.021595778666597756
to:0.004698406227582378
sound:0.03921799192191399
recall:0.04444153653492071
she:0.03767207369202821
that:0.007884196032601746
nt:0.008114528996845892
anything:0.02637774034453868
re:0.004249323895206484
happened:0.03832160112202763
had:0.01743646006456972
on:0.005761463923173749
children:0.0380951916820287
them:0.016657490585593647
was:0.010062058342061201
as:0.009092206366102482
worked:0.043683680006526705
brian:0.0849108526086086
d:0.020702775254284496
police:0.04176799899582604
pain:0.05030681818541606
have:0.01161933211699211
stones:0.20219582035543932
hurt:0.05125433646881436
be:0.013146846753124348
er:0.06249198841667442
tech:0.05153218983090714
nearly:0.04875160019999336
they:0.03180407810821853
up:0.015266595117640735
over:0.022794781278629068
in:0.0020190875215283007
or:0.015325260402342849
and:0.004338606982849885
for:0.0036971461694553865
subject:0.0003033745101365716
car:0.034757310680493064
outside:0.0409633611077446
i:0.00867721396569977
mention:0.04289403198041958
any:0.011628264389645537
the:0.004282687556755983
do:0.008162703623937463
when:0.029719873700994
less:0.03123710859768497
got:0.02513811160943834
arrested:0.06611078081574867
can:0.009824613550428562
home:0.033288216498424415
just:0.013345324584839613
about:0.011193365685475814
is:0.0030530980328484533
broken:0.051036843966420074
either:0.028449576217197254
although:0.03590613019039498
kidney:0.21741015339958997
