some:0.019622468489636204
reference:0.03135826103376768
preferably:0.044272180033761765
there:0.015424856900456259
british:0.03746727176245331
search:0.0358584142804598
thanks:0.016751148276606412
further:0.029813734462868793
someone:0.018516454745067395
from:0.007114052558236769
work:0.017017415663784063
post:0.021702334491018323
several:0.023684465311490727
to:0.0057907527734908865
young:0.03154668510146375
cases:0.030922568054507493
published:0.06890919688590841
appreciate:0.03226229693625625
been:0.024659502306242677
technical:0.032241573469910086
esp:0.044716906096403296
and/or:0.0339578321608737
could:0.012681589540555104
database:0.04255442781016389
attention:0.03566956675229124
1982:0.04255442781016389
tools:0.03739052820309807
patterns:0.04904006064948371
two:0.01567049943406144
on:0.008521156726710754
e.g:0.03411155647219576
apparently:0.03183748786766103
a:0.0035205986365875507
other:0.011590823427158914
alleged:0.045683875254258655
j:0.025664946718729938
quick:0.03411155647219576
following:0.02300264094991396
video:0.05875144861958021
are:0.005402616652111138
action:0.030940277990134088
reported:0.10410170412634447
have:0.008592447279792484
due:0.027858340209230944
pointer:0.04789887122797899
postings:0.038711415459588935
references:0.03470056804211482
reducing:0.04750794672684543
if:0.011263032264931248
of:0.006535818002209703
conditions:0.038107837858149814
risks:0.04677675868491578
one:0.008263116872064054
in:0.0044793202158274915
government:0.02261861292954872
or:0.005666482837841053
england:0.04143231526710068
and:0.0032083816343763854
few:0.019206953789128456
for:0.0027340240580846554
subject:0.0004486883511263579
al:0.032016925888422115
i:0.0016041908171881927
hart:0.048593759596425326
appreciated:0.028443379152741536
games:0.05596420658165925
possible:0.021655223722391446
20:0.026427162591643863
any:0.02579715797366741
information:0.02049429650826693
the:0.005067247125976827
strong:0.030341616688827816
would:0.007837391984070387
many:0.015573117878807507
et:0.03823357628400454
new:0.01448739130154241
2:0.016373189513406796
1:0.016458183965753853
dark:0.03875623349299535
med:0.051716142423589045
e-mail:0.02310668719875854
players:0.03119221775662094
past:0.027760625604229944
playing:0.03365857105340414
by:0.00832298718333753
poster:0.038275910687617626
