some:0.006210302527305075
know:0.013126331124024487
all:0.005074828886416442
happen:0.017987405458336783
case:0.01314686759205721
knowledge:0.019663676302404978
much:0.009293600369999634
compared:0.02192972673358309
someone:0.011720521886505424
from:0.004503043906543487
clark:0.026674397155418784
feet:0.023362031643379425
iastate.edu:0.025564615958018105
several:0.014991762617379768
my:0.010108662354577674
single:0.017294822715491355
to:0.005864677276982259
remember:0.014801191683623574
front:0.018707185794499648
t:0.013703580079789585
been:0.00780447014479489
that:0.003690474738664647
think:0.015316468377963353
nt:0.003798290168736375
anything:0.012347027395315976
re:0.0039780904550869205
so:0.005435162752047447
anyone:0.008898482710858463
this:0.005584919557142755
child:0.021092365003943583
getting:0.014426604107578117
merely:0.021707707551813064
these:0.008811893473930545
on:0.005393710906800957
you:0.002956377603237882
medical:0.021399029107280167
clarification:0.031655745236225566
assume:0.01846536465579349
them:0.007797123252831068
snyder:0.03247569566083864
sure:0.011606617128506401
a:0.005942570748282532
how:0.013993223374777918
basis:0.019825575941691483
want:0.010067010466554158
million:0.020816549250697546
was:0.004709899649475455
as:0.004255926384133076
therefore:0.018260242130610987
are:0.02051844834897528
no:0.00598800923501335
it:0.005471097283084658
not:0.022448776915062522
have:0.010877672620162827
treatment:0.023182465260799884
absolute:0.024705337081144717
after:0.010261774934388039
danger:0.02607158499953047
be:0.009230764741555392
g:0.018803201920273946
writes:0.010552059431131314
certainly:0.016360411049232134
soon:0.019132944877869523
if:0.00356462989235856
of:0.006205550603161871
what:0.004895968632960804
but:0.017693702719425806
tend:0.02265746858371986
seems:0.012534505794580202
they:0.004962338428232679
up:0.007146065799746726
one:0.010460754338038537
in:0.004725523986555598
rather:0.01368874283464289
and:0.00812334924448489
for:0.0017305790580429466
subject:0.00014200508985116116
cause:0.016773942198628013
i:0.00812334924448489
person:0.01492124701635027
house:0.018286552896224422
any:0.005443017373876634
will:0.006028219919698321
the:0.00120279735636551
do:0.003820839994183493
painful:0.06063793272478192
less:0.01462162530104403
would:0.019843609491582467
can:0.0045987552789240075
did:0.008744207677888114
quickly:0.022578076827248182
reaction:0.025101789484669013
just:0.012493495356020063
toxic:0.031339663212444704
does:0.006481323480518751
lot:0.013183794618432929
their:0.008051508609477202
experience:0.017618206248910362
too:0.010385733339704769
almost:0.016074430480130682
picking:0.029048264722591227
although:0.016807124769972117
article:0.0043102812782797924
vms.ocom.okstate.edu:0.0647010668811433
understand:0.015937006717742837
needed:0.017743737713489475
assault:0.025328170412428564
by:0.010536547604437937
dangerous:0.022365668793549398
