another:0.012457895114542577
school:0.061289738356114135
since:0.011240570917998209
large:0.03364083280772557
help:0.012022992809223578
returned:0.026681742706259948
all:0.0053599316328443326
thanks:0.0111988013759335
your:0.0070782709111306885
with:0.009856641181846303
much:0.009815712750336693
ca:0.011553643798271467
my:0.021353129468096657
to:0.0038713459553113222
most:0.020860623190640876
software:0.01581902184540032
relevant:0.025258386920244746
next:0.015047078785107726
been:0.0164858470474319
that:0.0038978047801626605
memory:0.03799586770974511
like:0.0065429160871273775
nt:0.004011677256867632
anyone:0.01879679493979091
had:0.017240544782945337
this:0.008848018624237399
weak:0.026282665329199543
student:0.022601221753756583
you:0.009367398697899806
books:0.020509763556439103
medical:0.022601221753756583
am:0.02754499477586571
material:0.02372303110563979
concerned:0.022617917093021512
suggest:0.04125168320348447
them:0.00823516388501259
education:0.0243013904834625
sure:0.012258674270557322
a:0.002353658639066958
how:0.007389679759714181
as:0.004495023372005721
part:0.013759674788838635
entering:0.029540072605901465
question:0.01226396676037699
learn:0.021404574049001302
helpful:0.026093277366602285
organization:0.021527152966948713
cheap:0.020877703474195774
portion:0.0285445307175465
success:0.050357395919231544
are:0.007223723388777814
no:0.012648828496432694
reasonable:0.021001725674753075
it:0.0019261540996627637
have:0.01148877782354276
being:0.010931482752388472
systems:0.01685627595664388
points:0.04118153133112845
has:0.017945637200335127
thinking:0.019570373785666603
get:0.007384123456691699
things:0.012554640045731738
of:0.006554177041541752
but:0.011212638577254104
year:0.02780630018213092
never:0.024763362144515286
associate:0.027824445361231905
particular:0.0190508508319315
fact:0.013473410834993479
please:0.010760760432051993
who:0.007264341990077799
up:0.007547530170519015
one:0.01104843716601823
point:0.01236817955764079
or:0.003788266616309468
stories:0.026000924971415994
and:0.0010724646474460388
for:0.007311210402518516
subject:0.00014998290388774325
tricks:0.03211216863750529
i:0.006434787884676233
medicine:0.024895810958797712
any:0.011497609733582104
actually:0.013732101837646542
the:0.0016938269887394448
do:0.004035493926440993
strong:0.040569127932252924
older:0.024821069578874325
around:0.013298845130076604
can:0.00971422463413161
major:0.036813797446267324
an:0.005044371564953577
problem:0.011885198269919012
about:0.005533798765853211
techniques:0.05343262996953538
is:0.007546983901423143
type:0.018205126462537618
applied:0.024870786518632657
mass:0.02366229562190824
too:0.010969201504856722
amounts:0.05652714659717545
med:0.10372282497315331
little:0.02635212024605016
luck:0.02316173385344731
data:0.016485087770819168
students:0.05371354347746142
john:0.015064485390909245
