some:0.0280208850032005
at:0.007047720099635449
know:0.009871001005266415
help:0.017120741760334377
706:0.04729019815837366
wrote:0.02060459979754289
reduction:0.04475684128377339
my:0.00760171409064241
to:0.0055127966403633235
male:0.03844918240085923
that:0.008325711010427443
jeff:0.03372383431064317
like:0.009317112508069386
really:0.015611165945527408
could:0.012072873242608459
me:0.008668709443236357
re:0.0029915240222253645
michael:0.04807512322677903
so:0.016348969558158722
baby:0.03992856110881132
phone:0.023498777009676553
had:0.012275267885457082
this:0.004199859506971352
programs:0.028265456994356133
you:0.013339175745809324
m:0.010950517696928577
more:0.010171352206565808
sure:0.017456352161273628
amateur:0.037994801613714164
a:0.005586016503385581
intelligence:0.036160723387061
was:0.01416737814562217
truth:0.028760460224100833
learn:0.030480113445777855
are:0.005143291052809805
d:0.014574753779016285
reason:0.021377695392068224
pain:0.10624800000759871
comparable:0.04051181527527603
disagree:0.033987112183353554
have:0.004090004905181223
stones:0.0474486191767431
university:0.01880272081278923
able:0.021099721808885353
u.s.a:0.04106856160966959
scientist:0.039443564134279845
be:0.009255380114199541
writes:0.005290099128140499
get:0.010514991802328979
fill:0.03865972086739822
of:0.006222098738103637
georgia:0.07689836480171847
associate:0.039622010194394236
order:0.022434534889059936
women:0.0604690431013348
who:0.010344422993870787
one:0.00786648726220498
in:0.005685750460623695
yes:0.02133476696403111
men:0.028092788421018734
and:0.0015271896579631594
wherever:0.04668613773830849
for:0.005205581806593184
subject:0.00021357565513614637
i:0.004581568973889478
athens:0.04283571226231115
artificial:0.04121402016233512
research:0.02469865184429422
will:0.01813288551845255
the:0.003015012039956212
radio:0.02869880288614133
mcovingt:0.08862456494906981
maybe:0.02118330465873859
stone:0.0398045276165236
doctor:0.0704803374975654
techniques:0.03804403253830919
move:0.028294600924584138
time:0.01263607975922971
told:0.024801758133833042
article:0.0064826630425328085
little:0.018762709615187712
kidney:0.1020378319955409
by:0.015846967597074657
covington:0.08778226521330307
