out:0.019314378673450164
story:0.058935369311682036
continues:0.0811926438409718
parents:0.07517385295890577
both:0.03681482102144652
to:0.002259342885394805
hall:0.07508869202649422
civil:0.06841343409082809
guy:0.05551361880244048
re:0.006130172176691321
child:0.06500597738920318
path:0.07272014149280187
shot:0.06519069418996289
on:0.016623240171779997
legend:0.0965878144908132
great:0.04133197850381438
a:0.009157404103910787
as:0.013116625577328171
andrew.cmu.edu:0.06679966240536493
d:0.029866298727492385
it:0.005620580815409376
sex:0.07091225419764467
survived:0.09508277269977841
real:0.04192776809833193
war:0.057980739599557664
heard:0.044305694416719256
without:0.0368395161443032
be:0.009482971428483138
writes:0.010840367065861679
of:0.003187550583044896
raised:0.07418000669961994
cmu.edu:0.10048407107896272
who:0.021197588102194236
in:0.008738345994811008
female:0.08834021485684468
and:0.009388461012068602
lo:0.10404250559105824
subject:0.0004376550310166934
i:0.003129487004022868
married:0.08670858214623758
turned:0.06437538262153439
the:0.0074139640326792095
is:0.004404469293289573
dale:0.07911181255255917
goes:0.05283651140968323
article:0.013284145578960673
bullet:0.09125302104106521
s:0.010171086571410137
