tip:0.05471744466685361
some:0.011014498822012775
at:0.012466486025298552
out:0.005557439146605943
block:0.020697072109260996
stephen:0.019205939997127438
help:0.010094776981329231
50:0.03255833291630595
take:0.020054237078638713
own:0.010690993563905637
your:0.023772306078891744
with:0.008275859105512462
way:0.00817156990352143
much:0.01648298933547105
remove:0.020840332004903914
into:0.00844718822161503
someone:0.010393670352184055
prevent:0.018976497510229583
both:0.01059294378447282
several:0.013294581943714134
to:0.004550657604073498
hole:0.02201391825446794
then:0.015055474997884935
problems:0.012939024697602703
cold:0.020840332004903914
helps:0.019952699510061143
could:0.0071184394119153645
re:0.001763870296123446
this:0.007428996769406873
infections:0.027276685811201008
hi:0.014863286132143418
healthy:0.02461380938319227
on:0.004783102124898961
you:0.013108466731337781
size:0.01698526951446164
antibiotic:0.03163965182354662
a:0.005928555251234696
hearing:0.021390720307169
old:0.012490156048784546
adding:0.022288238632567348
preventing:0.026127525043947466
local:0.014416903075075245
harder:0.02308651184973049
oil:0.02114060489062079
also:0.013995255959241192
solution:0.018348382397326644
no:0.00531012139708731
place:0.012827488760926535
ear:0.19329629477215712
it:0.009703455558678452
catch:0.022857962871494893
couple:0.01488675374837037
have:0.004823118991958989
try:0.02298480822965465
45:0.021275384949319166
buy:0.014183212854924368
towards:0.01966876007240349
be:0.0054571816711082195
fill:0.022794646737852718
if:0.006322173771352918
whatever:0.015589436692232844
of:0.004585862867116478
safe:0.03917680139808464
again:0.011518250651452915
drops:0.02638964698335695
properties:0.025473816726559982
up:0.01901123165592997
good:0.007641555902639147
depending:0.02123002901205765
degrees:0.023847210659146165
wax:0.13806878198011224
in:0.000838111801389106
point:0.020769207181698685
office:0.017220461853991325
external:0.02025483168691421
or:0.006361428846255522
use:0.007843299659185603
and:0.009004656002141271
few:0.010781261796727766
for:0.001534664447698462
subject:0.00012592904194348253
firmly:0.027276685811201008
cause:0.029750010691906286
outside:0.017003659327743042
special:0.01648920373992935
barrier:0.030546247983653577
water:0.05802024360440874
allow:0.016539031468748078
will:0.010691559857578154
warm:0.024949167504341944
the:0.006755333580090569
do:0.006776584140627327
can:0.020390707368813998
physician:0.026001731425635385
may:0.008778422299244484
simple:0.01556221017432189
just:0.005539568695593801
during:0.013813063725483351
about:0.004646302737367319
head:0.01628707422384756
is:0.005069294846993659
else:0.011917699176122908
days:0.014048361436557416
insert:0.024477075718695798
too:0.009209989942757058
under:0.01144963880710207
very:0.008222841942374751
luck:0.01944711615996991
by:0.004671865447250783
s:0.0029265862304529164
