looks:0.04754313158852625
at:0.012235625172978208
there:0.03824079106571447
know:0.01713715452303197
all:0.026501884184619198
thanks:0.027685925623835594
from:0.011757947978196882
my:0.013197420296254184
located:0.06787879645721906
to:0.0038283310002523076
most:0.0257860481106533
quite:0.03689165808485279
like:0.03235108509746314
happens:0.05188996548303859
this:0.007291422755158597
reply:0.04987772943548811
hi:0.04376412027797784
serious:0.04995824495888153
dry:0.2154279820024636
a:0.0019395890636755486
skin:0.2857011131515898
part:0.034016973783517736
advance:0.043937516898286795
are:0.008929324744461465
cure:0.15501168126332548
down:0.032838410791016084
if:0.009307644718936239
of:0.0027005636884130367
what:0.012783918097175433
but:0.01848008950695584
email:0.038109703596776956
in:0.004935547274846957
or:0.009365436912542852
and:0.0026513709339638183
for:0.018074936828448553
subject:0.00037079106794469857
i:0.0026513709339638183
preferred:0.07092919380731301
any:0.0142123231429001
actually:0.033948807320848394
the:0.005234395902701757
would:0.012953467307005223
general:0.04095042170954932
is:0.011194692787110995
chose:0.0696498147947046
lot:0.034424352614797094
very:0.0242117012747701
by:0.013756048261349529
hints:0.07220429865805084
alex:0.07790269302671907
