report:0.05501055396340225
at:0.012767608876151174
all:0.013827070009366539
means:0.041081090151286276
into:0.025953679753367917
someone:0.031934175574826376
to:0.001997390087088161
1988:0.06623334556459835
make:0.02550841280216962
that:0.015082809801498991
nt:0.0103489645177165
me:0.01570418377397891
need:0.027843507123148353
re:0.005419427576495225
started:0.04752528805781022
consumer:0.07932829782686973
anyone:0.024245141299150598
getting:0.039307269162676614
on:0.007347953988975216
am:0.023686034155092253
february:0.07453072516997995
a:0.0040478380459315795
wondering:0.05215845654865647
those:0.02689732832300812
taking:0.04937608745147254
month:0.05759135491865592
have:0.00740942917605294
allergy:0.2815567205449808
summarize:0.08307574693257568
whatever:0.04789797940222265
of:0.002817979500952734
what:0.026679481246279165
years:0.032315585840295556
sense:0.04762785574439117
in:0.0025750681433984127
and:0.00553329586218536
still:0.029589986698978946
subject:0.00038691241872490284
i:0.00829994379327804
ago:0.04146616993282093
body:0.05144465396629785
the:0.002184791333301603
do:0.010410404621833284
can:0.01252994191938715
friend:0.05033622347380878
7:0.046254036651178346
just:0.017020124108201244
btw:0.054373775658599056
is:0.007787612373642432
does:0.017659258178804715
told:0.04493072125694391
every:0.035248529375904294
change:0.04307259576681866
opinions:0.0413856544278267
shots:0.21310686869181428
mine:0.04732230499710125
