cat:0.060285439397732184
effects:0.10242468708006205
know:0.014688989591170258
true:0.06150668552756777
such:0.02289306194604522
o:0.04167832123571287
from:0.010078241124168757
my:0.011312074539646444
to:0.0049221398574672524
receive:0.050981175851256014
might:0.02532244209379102
that:0.008259633938916114
cs.utexas.edu:0.06443194766282999
me:0.02579973048582249
re:0.004451672652121078
prince:0.06516253035778585
severe:0.059989039973664005
this:0.006249790932993083
getting:0.032288113955055785
he:0.01893015723238375
subjects:0.064151822693661
used:0.023505517956391254
knowing:0.05111933711459301
a:0.0016625049117218987
test:0.04257023635690084
doctors:0.05835069023704438
russell:0.06223785578190206
those:0.022094233979613808
daniel:0.05093547613331356
it:0.008163224517618379
not:0.014355000204189639
have:0.006086316823186343
placebo:0.1533786433537828
treatment:0.103769130215009
has:0.012675886593887511
be:0.006886443537350849
which:0.015379670625208544
of:0.0023147688757826027
seems:0.02805341773072712
well:0.020034141787539816
who:0.015393486598022003
one:0.011706082235424076
or:0.008027517353608158
world:0.030014889151579485
for:0.0038732007489532616
subject:0.0003178209153811702
possible:0.030678233606721214
angeles:0.05639470153119586
drug:0.050981175851256014
rt:0.15184201189812632
the:0.004486625059458648
do:0.008551403796505912
drugs:0.10328021110925403
mental:0.06347905828576407
trained:0.06516253035778585
many:0.022061916994977303
is:0.009595450960380853
keep:0.03154064981102287
turpin:0.15039856852154454
very:0.0207528868069458
origin:0.0576891443899633
side:0.03833766760203801
smart:0.059051172380174544
los:0.054284484211702906
especially:0.03720590127973025
