bathroom:0.12575559570137898
story:0.06783127411344536
continues:0.09344813725092979
parents:0.08652084963194814
both:0.04237177513789128
death:0.06330974309502684
hall:0.08642283421917259
civil:0.07873999018000968
guy:0.06389303296129942
re:0.007055481184493784
math:0.09208029758983255
child:0.07481820039134705
path:0.08369676662379083
shot:0.0750307989733535
on:0.019132408499595844
legend:0.11116710724414348
great:0.0475707677119373
taxes:0.08984332146295415
a:0.007904740334979595
as:0.015096493589000348
d:0.03437441929013274
it:0.006468970372452301
sex:0.08161599068030802
survived:0.10943488933370722
war:0.06673254935043428
heard:0.05099334640414858
without:0.04240019782646217
of:0.003668690293693182
raised:0.08537698884295879
cmu.edu:0.11565147803427783
in:0.006704894411112848
female:0.101674586910708
and:0.010805587202569524
lo:0.11974703473687834
subject:0.0005037161677739301
i:0.003601862400856508
married:0.09979667001736778
the:0.008533052943272298
is:0.005069294846993659
goes:0.06081183388661654
bullet:0.1050270619529241
s:0.011706344921811666
