content:0.05205664756725772
apologize:0.05896443503343766
followed:0.04884546924179429
arguments:0.045709017969036835
alexander:0.05592868364191944
my:0.020883829919347282
to:0.0045435137145851566
obviously:0.04046036352555997
photography:0.06179772194884535
enough:0.026726906889421937
that:0.003812138741038207
think:0.01582140689591819
re:0.004109236294265611
so:0.01122868788335077
this:0.005769037784301308
posts:0.044208983210644745
on:0.01114305110416022
set:0.02911444597940573
includes:0.041403894191564275
more:0.013971637646381603
same:0.021341685170644095
wasted:0.06299150042140354
not:0.026501538838503952
flame:0.04612806049316259
should:0.018052880683884394
have:0.0056181386060181636
second:0.030216437106068864
jokes:0.06819246420653459
which:0.014196619038654042
krillean:0.06474567784549017
found:0.02939033522260437
making:0.03378689220738905
of:0.006410129194474901
up:0.014763300773103128
clear:0.03623901914490784
in:0.0019525241966427526
distributed:0.05317751754478653
or:0.007410016018715224
message:0.03568483394021672
and:0.004195575983415274
gets:0.03667380596036049
still:0.022436363540984036
for:0.007150524459606023
subject:0.00029337315265954173
p:0.03699041801792693
i:0.016782303933661095
the:0.005798100076838869
wrong:0.02904859403109737
because:0.01939255273510455
did:0.018064956521351268
many:0.04072969291380425
arrogant:0.060868519882602896
is:0.002952446449347955
argument:0.03866748835318376
done:0.02910619287275493
right:0.021317292239453844
bandwidth:0.05871748057352493
their:0.016633885918480376
first:0.020632470652648807
words:0.036350100346234884
article:0.008904756926556056
before:0.02336477216728181
check:0.03636606114931527
tone:0.05987528843789664
alex:0.06163729558157993
newsgroups:0.047101893855181265
