school:0.012626821096514253
say:0.0065886978273178584
reserve:0.018365359412918374
form:0.03555605129668641
know:0.008568577261515985
systemic:0.022733553946238553
anyway:0.010585117436265742
case:0.00858198301148179
i.e:0.011994927072831259
own:0.007869759151208317
with:0.00406130122770519
previous:0.012059720207266688
covering:0.018918927943918726
practicing:0.02039169614225316
to:0.00047854137503153846
schools:0.01709416484962815
most:0.01289302405532665
martin:0.01612709503908058
bunch:0.014084038267896962
that:0.004818119797701067
think:0.004999125095585261
like:0.004043885637182893
really:0.006775679663857381
nt:0.0049588788314058226
could:0.005239962344882144
its:0.007179946375118646
re:0.0025968090470706285
so:0.0035479534631420832
teaches:0.019960957778815736
sections:0.019005738021020874
this:0.0036457113775792984
infections:0.020078671499911854
getting:0.009417366570224604
fiction:0.018876323455752707
infection:0.07770284945099547
on:0.003520894619717291
western:0.014203221401720138
you:0.005789572806340852
medical:0.027937621334504663
mainstream:0.019847104227347017
m:0.004752828861514139
a:0.008728150786539969
how:0.0045672326292677925
other:0.009578527693277158
was:0.003074517826740922
as:0.030559915841622234
ph.d:0.02111770932926205
cover:0.01362571718141627
responsible:0.013579358385670216
college:0.014303872571418932
section:0.014269996963969746
are:0.004464662372230733
caused:0.027654959576771995
it:0.005952351210763402
not:0.004186875059555312
should:0.011408417654399164
have:0.0017751757400960167
being:0.006756263645573431
systems:0.010418115000981287
viewed:0.019376460157915686
always:0.009225542006939955
west:0.014159407290750655
connection:0.014950576859383669
exists:0.025914118493183015
chairman:0.041767076430777345
call:0.009225542006939955
environment:0.029150371561651355
be:0.0020085460317273308
which:0.004485737265685825
common:0.011687944582053298
were:0.005386469782889927
if:0.0023269111797340598
of:0.006751409221032592
department:0.012041929106572695
what:0.006391959048587716
but:0.00462002237673896
ok:0.01133280968927407
least:0.008359938828841952
fact:0.008327316418850136
well:0.01752987406409734
brief:0.017732298451828252
they:0.009717912755288997
nutrition:0.06464077336244424
called:0.009313383666169213
depending:0.015627660244986883
commonly:0.01792003185901671
one:0.0034142739853320224
aids:0.018792651401658745
damaged:0.019683031710504843
in:0.006786377502914567
bloom:0.02145673179302565
po.cwru.edu:0.016555300650302796
st:0.013322039037914235
u.s:0.024498211118046512
or:0.009365436912542852
and:0.0046398991344366826
few:0.00793620660036905
for:0.0011296835517780345
known:0.01130878037384152
subject:9.269776698617464e-05
cause:0.03284897013897986
i:0.0026513709339638183
taught:0.016802618390887408
we:0.009359332678569235
medicine:0.030773988546291615
sick:0.01559459121196169
actually:0.008487201830212098
yet:0.009132183134326956
micro:0.019683031710504843
exist:0.012626821096514253
reverse:0.01741245369867615
the:0.0026171979513508786
do:0.004988318881295115
would:0.0032383668267513058
can:0.006003930503039676
because:0.006127507982272617
banschbach:0.043664946812719575
cancer:0.018084622966289574
did:0.017124073369197555
maybe:0.03677657058808783
thought:0.009321480573582334
here:0.0062513920334145694
many:0.012869451580403425
patients:0.0341883296992563
hold:0.01204784935050007
is:0.0074631285247406635
either:0.008692926066365826
viewpoint:0.01990356436926292
occur:0.015797901311793545
type:0.011251779549762834
does:0.004230863938671963
yeast:0.13892972959142913
too:0.006779575930085057
candida:0.12315155770409805
professor:0.01779375531675673
med:0.021368822737524638
article:0.0028136558344326423
very:0.006052925318692525
already:0.010089535837838025
vms.ocom.okstate.edu:0.02111770932926205
physicians:0.020525259617349675
bad:0.009515975856758277
by:0.010317036196012146
immune:0.02163952253429447
says:0.008892453973706834
apply:0.013887347171839143
s:0.00430858528372235
