some:0.024155935347586636
at:0.0060756207755478
out:0.008125359304003172
know:0.008509483625229668
help:0.01475926013821929
706:0.04076741220549453
though:0.01714168414903917
wrote:0.03552517206472912
reduction:0.038583483865321885
my:0.01965960540683382
to:0.00570289307623792
been:0.010118899222216822
male:0.03314584689729244
that:0.007177337077954693
jeff:0.08721681287235303
like:0.008031993541439126
really:0.013457901677178799
could:0.010407649347076258
me:0.007473025382100308
re:0.002578900019159797
practice:0.02832088348304718
michael:0.041444071747223296
so:0.014093939274274759
baby:0.03442117336966493
phone:0.0202575663876522
had:0.010582127487463
this:0.0036205685404925446
programs:0.024366773270996664
you:0.011499289436042521
m:0.009440101462869463
more:0.008768407074625695
sure:0.015048579449373817
amateur:0.032754139322167385
a:0.004815531468435845
intelligence:0.03117303740263879
was:0.018319885533132116
truth:0.024793500193190373
learn:0.026275959867049874
are:0.004433871597249831
d:0.012564442912945072
reason:0.01842904775178295
pain:0.09159310345482648
it:0.002364520205103255
comparable:0.03492397868558278
disagree:0.029299234640822028
have:0.0070517325951400395
stones:0.04090398204891646
university:0.016209242079990714
able:0.018189415352487373
u.s.a:0.035403932422128956
scientist:0.03400307252955159
be:0.007978775960516845
writes:0.00456043028287974
get:0.009064648105456015
fill:0.03332734557534329
of:0.005363878222503135
georgia:0.06629169379458488
associate:0.03415690533999503
order:0.019340116283672357
women:0.05212848543218517
who:0.008917606029198954
over:0.013834074155305916
one:0.0067814545363836035
difficult:0.025704884669227577
in:0.004901509017779047
yes:0.018392040486233715
men:0.024217921052602356
and:0.0013165428085889306
wherever:0.040246670464059046
for:0.004487570522925159
subject:0.0001841169440828848
i:0.005266171234355722
athens:0.036927338157164785
artificial:0.035529327726150965
pretty:0.019848414185652596
research:0.02129194124508122
will:0.01563179786073496
the:0.0025991483103070794
would:0.006432066524857766
radio:0.024740347315639077
mcovingt:0.07640048702506018
maybe:0.018261469533395337
stone:0.034314247945278965
doctor:0.06075891163583224
techniques:0.03279657977440447
move:0.024391897348779428
time:0.010893172206232508
told:0.021380825977442276
article:0.00558850262287311
little:0.016174749668265268
kidney:0.08796364827201801
by:0.013661178962995395
while:0.014967879350886362
covington:0.07567436656319229
s:0.004278870902455299
