believe:0.04178215154481424
at:0.016941634854892907
licenses:0.11608534447597527
saw:0.06533424198337413
to:0.0026503830001746746
that:0.013342485593633725
nt:0.013732279840816125
re:0.007191163514964819
he:0.06115896952000905
state:0.05110987282578108
m:0.026323359848386
a:0.005371169714793828
price:0.060195080804691596
was:0.017028098732718953
learn:0.07326950347542753
licensed:0.10526254903950023
it:0.006593373648845615
not:0.011594423241845479
stated:0.07465567428649537
robert:0.12290046265221938
shows:0.07431181995422906
his:0.03546978925971648
thinking:0.06699089488170491
writes:0.01271658444264543
of:0.003739242030110359
what:0.01770080967301214
up:0.025835776352930474
laughter:0.11608534447597527
in:0.003416917344124817
or:0.01296752803275164
and:0.003671128985488364
green:0.16185810766737627
subject:0.000513403017154198
i:0.007342257970976728
person:0.053946046905266366
any:0.039357202549569516
the:0.0028990500384194345
do:0.013813806132817245
can:0.016626269085340643
instead:0.05899489060739695
printed:0.09358397423270112
fool:0.09510116543404079
article:0.015583324621473098
by:0.019046836054176272
