ideas:0.2997494697532892
to:0.011484993000756923
need:0.160100165958103
diet:0.4248473561798152
and:0.01590822560378291
for:0.054224810485345665
subject:0.0022247464076681914
e:0.25924080800448557
alternatives:0.4416504683542524
natural:0.3489257159750983
disease:0.37914963148304504
