another:0.06929704157464309
some:0.03648552734791732
cat:0.15824927841904698
ya:0.1595906860664543
throw:0.13323033051671282
to:0.008613744750567693
that:0.0108407695448274
like:0.03639497073464604
nt:0.022314954741326203
need:0.06003756223428863
re:0.01168564071181783
this:0.016405701199106844
off:0.06823304524863595
on:0.03168805157745562
you:0.017368718419022558
mind:0.09467674384406678
not:0.018840937767998903
decent:0.1407988225881161
if:0.02094220061760654
or:0.021072233053221416
use:0.05196186024210463
subject:0.0008342799028755718
info:0.09204360810601242
alan:0.13752133412497622
the:0.0023554781562157906
do:0.02244743496582802
would:0.029145301440761752
is:0.008396019590333247
first:0.058673588418470035
terms:0.120285592975452
