effective:0.03451252507354312
studies:0.036060537575501664
effects:0.03676783638771459
there:0.007844264833992714
hand:0.026984952610706613
your:0.010768651471634723
o:0.029922897297434886
from:0.007235660294275006
uicvm.uic.edu:0.046361194826704574
to:0.0011779480000776333
t:0.0220194278205166
flawed:0.05052371598116844
been:0.025081032260195545
make:0.015043422934612853
that:0.0059299935971705445
like:0.00995418002998866
really:0.03335719219129788
anything:0.019839667951447898
cant:0.04806489484910194
re:0.003196072673317697
muscle:0.09664009676059158
on:0.004333408762728974
you:0.004750418712895059
used:0.016875756481511673
other:0.011788957160956504
as:0.013677165131914847
doesnt:0.053989229725682666
blood:0.03569806593511625
oil:0.03830605330608212
also:0.01267946266392792
course:0.020907280341025805
anywhere:0.03612247269106378
college:0.03520953248349276
chromium:0.29956782301131696
no:0.00962175842891034
pressure:0.03761267258119008
bo:0.053989229725682666
place:0.02324297108817458
it:0.008791164865127486
have:0.0087393267204727
hurt:0.03855027016457832
money:0.026497604843838722
investigators:0.05303858327174913
cure:0.04769590192717708
be:0.004944113308867276
were:0.013259002542498285
making:0.026278693939080375
of:0.00664754138686286
but:0.005686181386755643
sense:0.0280882226184871
using:0.018841201526879667
well:0.01438348641156705
loss:0.07274960246360314
sounds:0.03045046635522084
email:0.023452125290324283
in:0.003037259861444282
1990:0.03650381513113905
and:0.006526451529757092
few:0.01953527778552382
for:0.005561519024138017
subject:0.00022817911873519915
pretty:0.024598462024954075
will:0.009686370469258842
the:0.0032211667093549274
can:0.007389452926818064
claim:0.02790802602393151
increase:0.07187599543909892
just:0.010037509089452017
biased:0.04451599499394357
paul:0.055983290446308676
is:0.009185388953526972
weight:0.07598184104279111
either:0.02139797185566973
done:0.022638150012142724
illinois:0.04118991351858767
decrease:0.050194944350161634
fat:0.04656966878503072
marketing:0.04233120747264342
mass:0.0719980960803362
show:0.025727082647306262
very:0.014899508476781603
u:0.03232173917600868
data:0.025079877121417203
high:0.02390875064650873
s:0.005302874195350585
