at:0.019577000276765136
preferably:0.11707532053372556
know:0.027419447236851153
all:0.02120150734769536
response:0.07803552339171871
times:0.06245502536651171
to:0.0030626648002018463
appreciate:0.08531585189809987
could:0.03353575900724572
greatly:0.08673175888445782
anyone:0.03717588332536425
this:0.023332552816507514
on:0.011266862783095332
a:0.006206685003761756
question:0.04851080185215788
stress:0.12464430884275053
has:0.02366165497525669
be:0.012854694603054918
if:0.014892231550297985
of:0.004320901901460859
failure:0.10554111559365047
released:0.096125500134585
email:0.060975525754843135
in:0.003948437819877566
point:0.04892302136133468
or:0.014984699060068564
and:0.00848438698868422
subject:0.0005932657087115177
cause:0.14015560592631407
i:0.00848438698868422
any:0.022739717028640163
information:0.05419602854408367
would:0.02072554769120836
can:0.019212577609726965
here:0.04000890901385325
is:0.0059705028197925315
temperature:0.11510358463131036
very:0.03873872203963216
by:0.022009677218159246
high:0.0621627516809227
