okay:0.09785832126142038
funny:0.10229013978536869
ca:0.046739740820280026
alexander:0.11567068662306065
name:0.06277801149614207
single:0.07389606069346306
to:0.003132270818388252
photography:0.25561784987931485
that:0.01576839206520349
nt:0.016229057993691783
re:0.008498647790412968
this:0.011931419053895886
not:0.013702500194908294
morgan:0.13222156163149734
dozens:0.13525636600932742
postings:0.10469678272025192
explained:0.10766261201410118
be:0.026293693506248696
which:0.029361189375398132
krillean:0.13390583372590012
writes:0.0300573814098892
of:0.008838208434806302
gives:0.08264828354082057
one:0.04469595035343739
in:0.008076350086113203
subject:0.0006067490202731432
p:0.0765029099916216
discharge:0.13065354182497574
alan:0.10001551572725544
effect:0.07878121487778196
kirlian:0.14640688683770176
may:0.04229603471454161
article:0.03683331274166368
very:0.0396191475405329
by:0.022509897154935593
alex:0.12747713404372213
