some:0.018054693945361147
looks:0.017644873579246857
at:0.004541056765229026
form:0.017594747033411833
know:0.00636018106009434
help:0.011031405773411324
migraine:0.03374878111606548
saw:0.017512271047089974
with:0.003014574107162615
wrote:0.013276159663365263
name:0.014238311885722943
my:0.009796023312683519
to:0.0035520596909557494
near:0.018581318440626417
us:0.010617919516417504
beach:0.027373716027668953
mail:0.015795440746576576
been:0.007563094779491955
she:0.05126508997265695
that:0.0053645045170279924
really:0.010058740944283122
through:0.012213728319715601
nt:0.007361634553839572
its:0.01065888946409366
me:0.005585508661879096
account:0.021004017560449794
anything:0.01196516056865672
re:0.0019275283648359305
started:0.016903324103035595
anyone:0.008623271905367996
supposedly:0.02391285420332081
this:0.008118285129454934
off:0.011254935298744074
recently:0.01705830703395716
starting:0.020214030839573283
on:0.002613447552779845
regular:0.020861044596678667
used:0.01017764695019003
identical:0.02519213064391635
market:0.020159047500376403
trials:0.02883817093026636
brand:0.02322454805577173
working:0.016332675312920656
europe:0.02120103412137865
approval:0.028987591223427454
more:0.006553706318663535
onto:0.022444137507032714
a:0.004319084925298129
idea:0.01429059946010699
california:0.020512727973829567
anywhere:0.021785202602342586
others:0.013898599087981422
march:0.02233872198913946
are:0.00331397619382075
no:0.005802813073105721
taking:0.017561598114183532
model:0.01886057480197706
works:0.015335700997684228
pain:0.022819587630498003
it:0.01237107220711239
not:0.0031077835493606436
have:0.005270624877810854
miracle:0.02883817093026636
mother:0.02195672213267698
has:0.010977056431820113
spelling:0.05567473346423419
call:0.01369564998968406
heard:0.013931171955772549
be:0.005963518114819292
asked:0.017382994323393974
structure:0.02374566206026332
presently:0.0303703952780392
get:0.006775123583974857
were:0.007996408749857211
end:0.013939347435956232
of:0.004009084238468838
helped:0.024264443120983355
but:0.006858589920107322
years:0.011493687747321615
seems:0.012146840666912774
called:0.013826054102354298
in:0.00457937376016728
u.s:0.01818423918040566
or:0.006951664512402941
douglas:0.023249389738431256
and:0.002952041864619509
molecular:0.0322658838353862
completed:0.027717485999311595
for:0.006708223977568536
subject:0.00013761317985576442
fits:0.02636965249385924
i:0.002952041864619509
info:0.015182450821610296
drug:0.1324459413867682
yet:0.013557055374670947
the:0.0034967923143822046
do:0.0037026696850850343
when:0.006740589911565649
canada:0.019178389654673438
got:0.011402854750673062
can:0.004456525734215017
her:0.05113003306592363
forward:0.022297152093073837
needs:0.01726467300345024
just:0.006053549296215907
actual:0.02093998395220981
about:0.005077402991349853
hit:0.01845207288623407
is:0.00553964179156008
aerospace:0.031853292558718486
new:0.01777319139055203
time:0.008141803968575844
does:0.01884261053099266
chemical:0.025607747831545777
stock:0.025607747831545777
nothing:0.01316936083247891
although:0.01628731678739566
article:0.004176973609879386
testing:0.07613071355710682
opinions:0.014719639976907433
mine:0.016831129096907146
seem:0.014225322447916173
john:0.013822053606091988
trips:0.02971939669389337
s:0.006396250318103282
