believe:0.03950312509691528
at:0.016017545680989655
form:0.06206147135421628
oral:0.11058000521504491
migraine:0.11904115520939461
into:0.03256007096331611
to:0.0025058166547106014
within:0.058844549387687586
that:0.006307356826081396
nt:0.012983246394953426
months:0.06174171890872399
re:0.006798918232330373
had:0.027898336103311546
this:0.009545135243116709
muscle:0.10278992109990194
30:0.06223828135225255
approval:0.10224713995172592
a:0.005078196821259618
said:0.03984554233933513
developing:0.0896444639415451
minutes:0.07245758632795589
it:0.006233735086181308
have:0.018590931387187374
received:0.07035074164821402
stage:0.090746729792753
spelling:0.09818998447328575
which:0.023488951500318503
must:0.04213564413599086
one:0.035756760282749905
use:0.03023235504995178
few:0.04155686365284157
for:0.0059154338711286175
subject:0.00048539921621851447
i:0.010412656758839723
ago:0.05202119500662989
drug:0.07786215948191828
yet:0.04781943168520297
the:0.005481840072647658
an:0.016325420701122487
just:0.02135251933574338
doctor:0.08009129261086977
company:0.06120232799329727
n:0.06656391810553457
is:0.009769913705115051
gone:0.07144722539786841
s:0.011280659651927606
