looks:0.017644873579246857
large:0.015433165566430802
at:0.004541056765229026
there:0.01892327805313706
know:0.00636018106009434
help:0.011031405773411324
all:0.014753626247107597
small:0.01540590670240212
tried:0.01596837140740552
saw:0.017512271047089974
thanks:0.010275188891320428
your:0.006494495990625065
treatments:0.02998839542157672
from:0.004363774507372039
my:0.0048980116563417594
located:0.02519213064391635
to:0.0042624716291469
bet:0.022235419149534072
then:0.016452374739956734
most:0.009570079711170298
day:0.013109809462695217
been:0.007563094779491955
that:0.001788168172342664
trap:0.030175857504931746
quite:0.013691749392316502
like:0.012006588283594568
nt:0.003680817276919786
finding:0.022982501751195587
happens:0.01925813151947824
re:0.0019275283648359305
this:0.002706095043151644
30:0.017644873579246857
reply:0.018511322264717238
he:0.008196562925362038
hi:0.016242353917600025
on:0.002613447552779845
you:0.00572988648874971
serious:0.018541204314636444
dry:0.13325442185719397
8:0.01521902722873127
a:0.004319084925298129
hard:0.013939347435956232
other:0.014219669977648565
was:0.009128465300014285
as:0.004124299794933084
skin:0.1590501042287201
said:0.011296416642595012
part:0.025249712499105948
advance:0.016306707302456955
minutes:0.041084198433377045
are:0.00331397619382075
spending:0.05053049463826524
d:0.009390949599881626
it:0.0070691841183499375
not:0.0031077835493606436
have:0.002635312438905427
try:0.012558709651254602
only:0.006873898135408694
properly:0.02219467080155926
cure:0.05753010851010018
be:0.005963518114819292
asked:0.017382994323393974
stick:0.021785202602342586
writes:0.0034085690258637232
down:0.012187451427593598
if:0.006908767214055766
of:0.0050113552980860475
what:0.004744546922663047
but:0.010287884880160983
fact:0.012362201693963088
cheaper:0.02272875463384945
clothes:0.030081274315920423
email:0.014143807520453303
in:0.006411123264234192
or:0.0034758322562014705
and:0.0039360558194926785
for:0.010062335966352804
subject:0.00013761317985576442
i:0.007872111638985357
preferred:0.026324236876940913
any:0.005274676630354676
water:0.02113452172531727
actually:0.012599557356191157
will:0.017525340385102336
yet:0.013557055374670947
the:0.004273857273133805
got:0.011402854750673062
would:0.004807472402599876
can:0.004456525734215017
10:0.029797646988620252
just:0.006053549296215907
about:0.005077402991349853
general:0.01519809465509047
is:0.00415473134367006
chose:0.025849415800096556
done:0.013652904904230405
right:0.009999348421599483
time:0.008141803968575844
lot:0.01277604839312057
matter:0.01557166500979661
various:0.018374118445129838
him:0.012353171666821174
natural:0.021583033977841132
article:0.004176973609879386
very:0.008985786040120862
needed:0.01719496232028877
by:0.005105337499057557
remain:0.02315073334559261
while:0.011187332504528465
hints:0.026797471666905468
alex:0.0578246793600389
s:0.006396250318103282
