some:0.026737485690076813
large:0.022855222289218134
say:0.014485076139446896
there:0.01401189290957477
lead:0.029497821661220693
know:0.00941889408899467
true:0.019719700703495012
thanks:0.015216691945924909
where:0.014102723650639403
your:0.009617803222757728
into:0.013670258801392261
both:0.01714277925426136
my:0.00725354397962062
ground:0.02959506613280413
to:0.005260302137751263
mercury:0.08541381924384235
besides:0.030916693085014418
been:0.011200308299400299
that:0.013240634558567818
choices:0.039187558787852655
like:0.008890374530600558
really:0.014896150711381112
nt:0.005450981310858309
me:0.016543338632130453
worried:0.038403939291210804
greatly:0.02979335228855421
so:0.007800080896068092
this:0.008014999059105634
he:0.012138421431452178
two:0.014235033837048178
recently:0.02526192034036404
you:0.004242740377165815
them:0.011189764668185045
more:0.009705488746723098
a:0.00213206736770442
other:0.010529068609403898
hearing:0.034617043550533036
question:0.016664015903413012
cover:0.02995577517746478
are:0.009815440940476726
place:0.020758989445163554
not:0.004602366477679121
should:0.012540550704072362
have:0.011708029308724874
composite:0.09250245448248506
heard:0.04126179174686831
be:0.013247204361926824
if:0.005115652059262666
even:0.0256360221032981
well:0.012846319924834693
they:0.00712152385120415
up:0.010255422674445683
one:0.015012380271383548
in:0.002712667204496038
antibiotics:0.04778306461118262
system:0.017062765872080343
use:0.03807892048276369
and:0.007286210200205913
for:0.004967158212398076
subject:0.00020379356406120838
bacteria:0.04757391213646418
i:0.008743452240247095
appreciated:0.02583787877233773
any:0.023434059533331466
information:0.018616956370105076
will:0.017302371677912737
the:0.0011507679541817603
do:0.005483342892416004
thing:0.01728192698568669
when:0.009982247655295694
would:0.007119462947361649
can:0.006599740400287888
country:0.025730947389466657
wants:0.053748628436545785
an:0.006854184263830051
about:0.01503841496674613
hold:0.026486874907969617
is:0.008203744332539356
does:0.009301441330820802
dave:0.05353091101335255
give:0.018039971537068752
bad:0.04184123735490662
says:0.01954982247654632
