sleep:0.0565875801918725
at:0.010126034625913001
preferably:0.060556200276064946
take:0.024433898049835673
706:0.06794568700915755
with:0.013444307512403386
from:0.009730715568162938
longer:0.039013919636484776
aid:0.057102334245056105
next:0.030785977284473277
that:0.007974818975505215
mainly:0.055317959553202276
its:0.023768098345220347
asking:0.04121187143262522
re:0.004298166698599662
michael:0.06907345291203883
phone:0.033762610646087
this:0.006034280900820908
off:0.02509721204547529
aisun3.ai.uga.edu:0.06480928486356398
programs:0.04061128878499444
products:0.04655272177168838
m:0.047200507314347315
amateur:0.05459023220361231
a:0.0016051771561452815
other:0.01585411480266564
intelligence:0.05195506233773132
action:0.04232061012443628
not:0.006930000098574309
have:0.005876443829283366
university:0.02701540346665119
completely:0.041344754448729544
u.s.a:0.05900655403688159
has:0.012238787056167252
scientist:0.05667178754925265
which:0.014849337155373767
thinking:0.04004053487182362
of:0.008939797037505226
georgia:0.11048615632430812
relief:0.060091722823905444
what:0.0211595885746352
but:0.0076469335890851755
associate:0.056928175566658384
least:0.02767428026099405
in:0.002042295424074603
or:0.007750706410380291
for:0.007479284204875264
subject:0.0003068615734714747
i:0.008776952057259537
athens:0.06154556359527464
artificial:0.0592155462102516
research:0.03548656874180204
will:0.013026498217279131
the:0.005198296620614159
can:0.009937540142962222
effect:0.0796867460832737
radio:0.04123391219273179
mcovingt:0.12733414504176696
note:0.03404240343538503
about:0.011322025061170938
interested:0.03306984155649333
morning:0.04931196342068294
angle:0.06141713485276745
by:0.011384315802496162
covington:0.12612394427198717
