another:0.05279774596163282
form:0.08127097439242607
know:0.029377979182340516
physics:0.10918107215460122
important:0.07481831649936244
cold:0.10519405678665786
gee:0.12057087879546437
re:0.008903345304242156
joel:0.13002556590112263
this:0.037498745597958495
biological:0.27142693695854764
prove:0.09349757952175232
d:0.04337724338992941
robert:0.07608123878470723
b:0.07287877015510098
writes:0.015744342643275292
of:0.009259075503130411
forgotten:0.1264404978420899
what:0.021915288166586454
fusion:0.15678580629760833
in:0.004230469092725964
astronomy:0.11739155992345192
and:0.013635621946099637
for:0.007746401497906523
subject:0.0006356418307623404
i:0.004545207315366545
we:0.03208914061223738
cnsvax.uwec.edu:0.13851782647109245
information:0.05806717344008964
nut:0.1437247122083503
can:0.020584904581850316
about:0.023452766198139796
e:0.07406880228699587
is:0.006396967306920569
encouraged:0.12748723887592603
stands:0.11382155641652537
