tv:0.018127564862448146
another:0.010610073351141525
since:0.009573309202888427
believe:0.020791118472060673
at:0.004215143600260435
music:0.022041427941105664
say:0.009079162556304036
there:0.026347722073985093
all:0.004564917849982255
nick:0.023806535655815548
damn:0.02058295147063448
means:0.013562656557123218
atheists:0.039968169515871774
your:0.0060283838381878585
way:0.008288865165294465
service:0.017428666164968146
alexander:0.024351723499591714
wrote:0.012323325237764885
to:0.005934828919051425
photography:0.026907142092559455
scientific:0.02020430400384633
look:0.011345302986966078
aka:0.02478306846128692
most:0.00888323188500975
so-called:0.02399419457042455
make:0.025264313158129718
that:0.009958984462233785
quite:0.012709087952676562
like:0.005572435710567814
nt:0.0034166437881456386
me:0.005184634834471505
re:0.003578378017015986
this:0.005023755391114057
you:0.007977975924527108
am:0.007819791180389309
sam:0.023590648405669764
concerned:0.019263106423721667
suggest:0.017566506244546018
them:0.007013680246565746
computers:0.0207548749597544
m:0.013098705379101168
why:0.008515419043799074
sure:0.010440402010331118
prove:0.018788987272313862
a:0.0026727351690840097
how:0.006293602857555618
intelligence:0.02162722690613696
nor:0.0330577894447407
basis:0.017833532426019132
want:0.009055492668479338
as:0.015313189669225232
accepted:0.02015257713253429
also:0.0070980724003807
stuff:0.01398763900800776
processing:0.022694899400463323
far:0.011910899866609577
are:0.0061522620248921096
no:0.026931716176615068
likely:0.015820137822630278
play:0.015320182931963834
thread:0.019918314801454378
it:0.00328091320325332
not:0.008654210649415763
flame:0.020084466530515765
morgan:0.02783611823820997
have:0.0024461751825246548
proof:0.020034012400484115
only:0.006380556163967878
stay:0.018893289800268814
money:0.014833587400617847
real:0.012237291167455729
after:0.00923068750078924
free:0.013815826766147059
believer:0.02801012610505626
without:0.01075220327656696
be:0.00830327163355222
which:0.006181303026399606
krillean:0.028190701837031602
writes:0.0063278697705029885
of:0.0018606754599592215
what:0.004404029200940819
but:0.01273269324881168
instance:0.020453377506028398
never:0.01054516378402804
seems:0.011275057843928602
mistakes:0.025061867064750915
they:0.004463730260802601
who:0.006186855857578221
good:0.007751243307940187
in:0.002550426342983117
thomas:0.017626818248943063
our:0.010668781928135853
or:0.006452741222039093
use:0.007955882907882048
and:0.0009133909437578704
for:0.00311338624796243
subject:0.00012773663584697749
p:0.01610587578770981
cursor:0.026907142092559455
i:0.0036535637750314816
example:0.013451479156736385
pay:0.015946612736831976
any:0.009792222643912031
alan:0.021055898047843247
the:0.0010819421196015114
do:0.0034369278416578786
see:0.016931921161829434
when:0.006256815515998737
start:0.013481158315227332
can:0.008273358779308262
home:0.014016091157231332
an:0.008592326684801308
just:0.005619084035721942
people:0.0072022638281010395
about:0.004712996078095079
draw:0.02020430400384633
is:0.01156963465079414
societies:0.028283611338740224
existence:0.01946674094247189
abuse:0.02321850629541769
atheist:0.043733022430213264
art:0.022066946342901655
image:0.017708435392027162
supposed:0.017457870868020864
article:0.007754381629823933
neither:0.017908045217707984
bad:0.03933877100592896
comes:0.014469743240409146
god:0.06347316343959868
alex:0.026837291377625708
s:0.0029685946452441066
