some:0.010152494566376992
content:0.04119265155322132
out:0.05122509126436782
ca:0.01788303127036801
times:0.02443892296950458
from:0.007361497864610223
trick:0.04319915721147723
my:0.024788198121660034
to:0.004793736209011586
been:0.012758612062795124
like:0.010127296204423245
earn:0.05211263305053022
nt:0.0186281361318897
re:0.003251656545897135
joel:0.04748759798127958
so:0.008885309542477566
this:0.0091301293629812
he:0.013827245282784655
617:0.045290186211229544
you:0.004833034690510625
them:0.025493202983169407
why:0.015475848523078317
more:0.0110558176158324
a:0.002428702827558948
how:0.011437939106340212
ears:0.09497519596255916
said:0.019056563727508108
let:0.04008935204787521
question:0.018982487681279168
alcohol:0.046758193772751734
also:0.012899975058083187
works:0.025870660813484696
it:0.01490675781478139
should:0.014285322975943301
have:0.008891315011263529
ve:0.015870727817629864
always:0.023103966069553977
after:0.016775771197086533
b:0.026616594317515146
usually:0.028676093410318376
writes:0.005750107747978803
get:0.011429338915574978
if:0.005827394954464429
of:0.003381575401143281
but:0.005785071497829654
ingres.com:0.05175026177748179
who:0.011243938036816073
wax:0.05090535961701529
bob:0.032034826208948694
in:0.003090081772078095
or:0.005863577893070307
few:0.01987502174701119
subject:0.0002321474512349417
i:0.006639955034622432
any:0.026694450424925405
water:0.07130603851672263
remaining:0.08721368113423882
the:0.0013108747999809617
do:0.031231213865499853
see:0.015385963142705879
when:0.011371082111684661
because:0.015345411294734905
once:0.02333070604282527
drop:0.03764931875092218
afterwards:0.048773859981945854
just:0.010212074464920748
doctor:0.038304531248676846
head:0.030024867264832028
itself:0.02924396383125548
figure:0.0321086750789109
devil:0.04590219313959302
trouble:0.033172364193829
told:0.02695843275416635
eventually:0.036846072488913355
too:0.01697841624229997
sessions:0.04890080606386892
by:0.025837447169143463
s:0.00539509809440016
