above:0.04063665716609769
there:0.01369819381458429
corner:0.07315608925241386
beautiful:0.07662045076430893
from:0.012635406782539934
my:0.028364604815829888
to:0.0020570136717773593
been:0.021899110257036405
cold:0.3297127153014649
appears:0.05821344817006466
location:0.0685198055891702
had:0.0458032383785712
recently:0.04939270991921924
on:0.007567295899093879
medical:0.060045036898039875
state:0.0396673639841883
a:0.004168669032377299
watson.ibm.com:0.17420200648622572
anywhere:0.06307954186349943
have:0.007630606166382879
term:0.05817432528230534
ve:0.05448160295604281
always:0.03965606116415981
be:0.008633750106529423
of:0.00290209829202595
what:0.013737941835770614
but:0.01985920066419135
york:0.05616667473769318
they:0.013924173500115577
in:0.007955807547514498
or:0.010064350114971423
and:0.0028492344364984316
for:0.004855953177792149
subject:0.0003984620431644522
i:0.005698468872996863
body:0.05298031527872465
the:0.0067500269551258475
around:0.03533126019632292
can:0.012903970036383782
ralph:0.16534433759154815
lower:0.05926839720963607
middle:0.05995672082299376
is:0.004010039207323342
new:0.02573133678930667
mouth:0.1442526898037247
past:0.04930618577467707
appear:0.05893578460083854
