since:0.009220376144717426
manager:0.018096305713887546
laser:0.04517472792545372
go:0.008965125584304734
at:0.004059746601172493
bright:0.02423102729885005
help:0.009862178433372336
small:0.01377302258187102
thanks:0.009186113571042227
hand:0.01454949057812292
own:0.01044465730667279
with:0.0026950570358965312
further:0.01634946728608934
much:0.008051598477234707
prevent:0.018539251023818763
often:0.014319448793911088
both:0.01034886673874764
several:0.012988255170817494
my:0.021894337818670537
via:0.015752218334634308
to:0.005080918562546842
near:0.03322373988462235
attached:0.02272094708195844
most:0.00855573946528589
appreciate:0.017692227352140526
enough:0.011208057727822102
that:0.00159863882688699
quite:0.012240550147969593
hour:0.021454905975485154
provide:0.015562007734024948
like:0.005367000292666697
its:0.009529145419512304
me:0.009986992446124837
need:0.008853465398604776
so:0.004708804596243872
anyone:0.0077092845605594065
had:0.0070710068464614525
this:0.007257821728637129
he:0.014655605599264841
two:0.008593499689646596
these:0.007634267157137984
recently:0.01525028370777737
on:0.009345784797037602
used:0.009098910176667583
am:0.01506300789586512
holes:0.0220886838491774
apparently:0.017459267540330243
seeing:0.01847138094681303
bill:0.042795122705415446
more:0.005859073851708414
a:0.000643550288408477
vision:0.021972011922982513
was:0.008160932111533507
pulling:0.02483296362335265
as:0.0036871620286498545
occasional:0.027063633589718483
fine:0.014926988838343595
course:0.011272588939631425
computer:0.012353469609056752
seeking:0.04874860378728564
are:0.005925450521670281
caused:0.01835167824449386
place:0.01253192450376233
action:0.016967249220396115
it:0.00473993681668164
not:0.008335161408884307
should:0.0075705628674353894
received:0.01783083313664411
systems:0.013826807005910649
ve:0.008410754373398315
kind:0.012698279709507189
treatment:0.0602530433506504
expect:0.01592728609750409
left:0.026953043165903794
surgery:0.02516623856150761
has:0.004906794810537102
details:0.017579824342351773
accord:0.027425253937375143
explained:0.02183020704433388
be:0.002665720078974522
prior:0.02118007525511773
spend:0.018894457210652308
if:0.009264752346959575
of:0.0035841582592762884
what:0.012725006032211493
conventional:0.024572538691263513
dr:0.018059191728601386
fairly:0.018083901143999475
seems:0.010859387508668562
well:0.015510303319385667
necessarily:0.017913654530212913
explanations:0.027425253937375143
now:0.007612508745982692
in:0.00409400234779932
additional:0.019699335938985877
frequent:0.02483296362335265
or:0.0031074260723644486
weeks:0.016776796706604195
and:0.0035188701796386164
for:0.0029986070314476864
subject:0.0001230274511152917
each:0.011732762199818503
station:0.019059862386046806
cause:0.014532263287290629
i:0.0061580228143675786
away:0.012760293024533043
info:0.027146501929883847
back:0.009706712995702938
face:0.016540422078090138
body:0.016357977528454155
any:0.004715609522068237
research:0.014227334011690218
eyes:0.019915389330224822
the:0.004168219410077713
do:0.0033102208244539014
interest:0.016833110583722975
canada:0.01714565711062971
seal:0.02724089755666685
can:0.007968350160716252
because:0.008132360824398681
did:0.007575626928308596
symptoms:0.023783268089386234
maybe:0.012202364434757253
may:0.017152309008662034
afterwards:0.025847898147114162
immediate:0.022118319288487495
many:0.008540096901281536
imply:0.0220886838491774
alarm:0.027617294012953802
eye:0.06346765402499176
is:0.006190613522826357
repair:0.023574712367781993
right:0.008939509648803223
time:0.007278847787574717
does:0.005615155826440208
light:0.016093155234130383
procedure:0.02329773575916584
already:0.013390720374642172
hopes:0.026415790499298257
says:0.011801966564182342
wish:0.017216947072713266
begun:0.026123101993665417
