root:0.07634968723920874
report:0.05751103368901144
at:0.013347954734158047
to:0.002088180545592168
plot:0.0861245048357782
remember:0.0421609702503217
us:0.031210248275530244
through:0.03590095900037617
need:0.05821824216658292
93:0.055469931754612144
distribution:0.06734754092429213
you:0.008421196809223059
a:0.0021159153421915077
following:0.04147445868242063
blood:0.12656587013359397
velocity:0.17972961809372384
stress:0.08498475602914808
tear:0.0751560375747676
have:0.015492442822656147
area:0.04861313704029314
45:0.13667823058350495
university:0.03561121366058566
references:0.06256617571229793
7.1:0.08761602109052445
if:0.010153794238839534
of:0.01178427791307507
flow:0.15639300531505496
34:0.1498563818960643
in:0.005384233390742136
our:0.03378447610576354
and:0.0028924046552332564
for:0.01971811290376206
subject:0.00040449934684876206
values:0.12942261728312934
we:0.04084072441557485
any:0.015504352519527384
the:0.005710250075674644
major:0.0496428480714817
gr:0.09811825109900847
human:0.04857336926116024
too:0.029583604058552978
various:0.05400877239932104
give:0.03580661017206071
data:0.08891956433957007
include:0.05093217080673639
