therapy:0.30477879908811173
know:0.033347976369143294
with:0.015806145318636416
into:0.048400105486010446
my:0.025681466522440577
via:0.0923846318544769
could:0.040786733927731286
finding:0.12050284701978228
me:0.029286180551474184
anyone:0.04521391215247003
contact:0.09405600808055589
on:0.013702941222683512
you:0.04506478292503151
am:0.04417125288382069
defend:0.1224295790129526
other:0.03727859426572732
are:0.01737598328651961
get:0.03552362095381412
if:0.018112173507119172
net:0.08959844553779683
one:0.02657597048042223
email:0.07415942321534975
in:0.0048021541052565
or:0.01822463399197528
subject:0.000721539375459954
i:0.005159424520145809
physical:0.23065682699322793
the:0.002037170297267711
address:0.08629246902523273
interested:0.07775881663283568
is:0.007261422348396322
students:0.25840569564832794
