some:0.021131889142685146
since:0.009053491508613943
sleep:0.1559359110264722
feeling:0.019758537785472954
effects:0.03893065029287427
there:0.004152846088584378
help:0.009683677466252476
tried:0.028034968805761732
with:0.005292555446059252
compared:0.018655152153455302
such:0.017402870619618087
from:0.003830643685204415
work:0.009163223818960651
both:0.01016155693352144
my:0.004299612042218558
to:0.006236195294528646
aid:0.022479199453936116
aka:0.023437381486013424
threat:0.020893003297772994
wake:0.024710741030982586
might:0.009624819619359485
next:0.012119366623299438
that:0.0015697041874863206
produce:0.0190745669177846
think:0.006514696957142785
like:0.00526986001587635
smooth:0.024883687695327374
nt:0.0032311246684273236
me:0.009806232401851083
re:0.005076115422328107
so:0.00924715472746534
muscle:0.025581202083686007
dietary:0.029000512208307183
on:0.0045883151605365605
you:0.0025149275538856194
used:0.02680267205887148
serious:0.016275989307870907
am:0.00739518713439532
dyer:0.11138861445080718
a:0.0025276092775500364
other:0.006241212614624031
basis:0.016865195823701353
want:0.017127583418209788
as:0.007240852128660801
steve:0.029024016713433364
said:0.009916311441915984
also:0.013425313408864856
stuff:0.0132281291976182
lose:0.019025998792702656
are:0.011636405096854761
helping:0.023437381486013424
those:0.00839780839044145
not:0.0027280995863165833
have:0.0046267023814267234
try:0.01102438765766241
only:0.006034100625652881
ve:0.008258523525011016
kind:0.012468446592593031
occasionally:0.024436421475252112
quality:0.052183219555307914
loading:0.025791699891988693
familiar:0.020844608324394047
be:0.015704830510519584
which:0.005845666662975194
writes:0.002992137515916572
if:0.006064709681116827
of:0.004399108270718069
safe:0.018790683023515713
looking:0.011737037762021015
what:0.004164896393649915
but:0.0030103313224000465
seems:0.053314187542558324
well:0.015229573847541584
they:0.016885423068013463
who:0.00585091798295859
up:0.006079006200689524
good:0.0073303613183687754
aids:0.024489971057365247
in:0.004019902757793902
visit:0.02221097949950381
or:0.015255915332648988
use:0.01504777853165021
better:0.01011862385204255
and:0.005182770332454161
for:0.008833000803042734
subject:0.00012080070991863483
until:0.012946451245993865
i:0.006910360443272215
any:0.009260518246957533
the:0.0010231941312068592
do:0.0032503073253687636
harvard:0.025446120802465732
when:0.005917078926894733
less:0.012438305685956007
around:0.010711287027844506
would:0.004220134145268671
can:0.003912063314197798
effect:0.015684947758472425
because:0.01597033754655669
whereas:0.022764326005197354
may:0.008420929988415525
mental:0.024127786859747435
lower:0.017968247117853473
solutions:0.021300008893532903
problem:0.009572693629165541
long:0.010770639118138393
people:0.013622381358127761
many:0.008385525011665581
doctor:0.019932222142976644
interested:0.013018444413642173
paul:0.01481910629461112
is:0.003647139731547474
morning:0.01941240188959012
their:0.013698494285807368
hear:0.01499403422741542
advice:0.03520232640935067
although:0.014297463605225151
article:0.0036666646168171993
useful:0.017349715914382075
already:0.013148354395010642
by:0.0044816084833355935
seem:0.012487387126225059
millions:0.02154613591645507
