know:0.019901211704166158
nick:0.16050212748598225
thanks:0.03215139749864779
specifically:0.06527488147993002
profit:0.08912277885459229
4:0.040068862970623856
to:0.002222901871114243
within:0.0522008099406906
counter:0.08710401848436639
like:0.018784501024333437
this:0.008467458683409984
medical:0.06488737858336567
3:0.03776557975221967
a:0.0067572780282890085
as:0.012905067100274491
following:0.04415023021031873
not:0.009724354977031691
placebo:0.20780332325351217
treatment:0.07029521724242546
selling:0.06725446992499258
regarding:0.1276450442280928
without:0.03624533040004024
sort:0.05060421463969403
if:0.010808877738119504
of:0.01254455390746701
ethics:0.1876693132834156
nature:0.061490566810641446
over:0.03235388310515093
or:0.010875991253275569
for:0.0052475623050334515
subject:0.0004305960789035209
i:0.0030790114071837893
group:0.04350186991623621
any:0.033009266654477655
the:0.0048629226450906645
when:0.02109152327167316
would:0.015042736227489936
did:0.026514694249080085
leland.stanford.edu:0.0814082234987789
consensus:0.18188412203645377
is:0.00433342946597845
patient:0.16228761442414888
2:0.031425960517667884
their:0.04882850382521658
request:0.06290808108700535
1:0.031589095031043686
