frequency:0.10414402741796754
studies:0.0878975603402853
know:0.025705731784547953
migraine:0.27280264735486265
case:0.05149189806889074
with:0.012183903683115569
wrote:0.053657811972767935
my:0.039592260888762554
to:0.0057424965003784615
nt:0.014876636494217468
me:0.02257476417509468
anything:0.04835919063165424
re:0.007790427141211886
anyone:0.03485239061752898
these:0.0345132494395613
other:0.028735583079831473
no:0.04690607234093791
log:0.11484098046322296
have:0.0106510544405761
attack:0.08226453267200379
of:0.00810169106523911
seems:0.04909348102877246
in:0.007403320912270436
accurate:0.09317629946652853
or:0.014048155368814277
for:0.013556202621336416
subject:0.0005561866019170479
however:0.04993956050410235
i:0.003977056400945728
don:0.185775222488831
the:0.001570318770810527
do:0.014964956643885346
did:0.03424814673839511
an:0.01870621122003618
about:0.02052117042337232
keep:0.05519613716929002
does:0.025385183632031773
experience:0.06900464114156557
words:0.06891373190640362
seem:0.057494011560327865
