another:0.0119220716687558
week:0.018536767765621416
cat:0.05445136461730649
say:0.010201854700363137
there:0.01480288686414754
send:0.03154136689114218
your:0.01354765830302433
with:0.006288466417091907
though:0.013363140868874622
response:0.037759124221799376
surprised:0.023659584365587308
themselves:0.017400269980230202
to:0.002222901871114243
scanner:0.029927066040349344
within:0.017400269980230202
been:0.007888389178609888
that:0.0055952358941044646
anything:0.012479791130749483
re:0.0020104328106353257
so:0.005493605362284517
had:0.008249507987538362
this:0.008467458683409984
these:0.008906645016660983
you:0.0029881666097243114
suggest:0.01973870862962429
names:0.022026329096671397
a:0.0067572780282890085
same:0.010441362099616196
was:0.00952108746345576
said:0.011782284025072217
ct:0.029852908394476574
copy:0.018368881425071735
are:0.006913025608615329
no:0.012104792862177527
d:0.009794861410629224
care:0.017021596458461814
place:0.01462057858772272
it:0.0018433087620428601
not:0.0032414516590105642
deleted:0.01888913708063622
have:0.008245977631413756
follow:0.020306410281813365
interesting:0.01757002452645921
date:0.019235479514964102
complaints:0.028160915142650223
whose:0.02012248091667188
suit:0.028551080157891276
has:0.005724593945626619
writing:0.02151859540401954
his:0.009916285169383102
be:0.006220013517607219
which:0.006945657701707086
found:0.04313742750414512
writes:0.003555174145255712
get:0.007066526748877002
if:0.00720591849207967
of:0.00418151796915567
but:0.003576791517475324
years:0.01198803990849674
ignore:0.024197667476108724
never:0.011849135649794949
administrator:0.029636382055025282
they:0.010031393811911224
find:0.01137874590146984
who:0.01390379434660052
up:0.007222905216948305
in:0.002865801643459524
and:0.0020526742714558595
for:0.0017491874350111507
subject:0.00014353202630117365
scan:0.028160915142650223
until:0.030765222853383272
i:0.004105348542911719
becomes:0.02314928029840052
don:0.023970996450171745
possible:0.013854686144970872
ago:0.015382611426691636
informed:0.02745646211895988
detailed:0.02658742259446302
the:0.005673409752605775
do:0.011585772885588656
original:0.01659230114663161
around:0.01272685179114858
would:0.005014245409163312
can:0.01394461278125344
because:0.009487754295131797
named:0.025060843291553486
may:0.010005513588386188
friend:0.056019345478916224
an:0.004827409347106112
10:0.031079266213937255
people:0.008092866344479126
about:0.021183143662835947
doctor:0.02368290910536472
15:0.017966724365487335
is:0.002888952977318967
scary:0.031183059863905824
argument:0.01891796473193399
patient:0.02704793573735815
time:0.008491989085503837
hospital:0.02670915634042947
study:0.019921362088359134
experience:0.017807649326855635
donald:0.029707592951530765
under:0.013050125952180858
admitted:0.029566102046598652
article:0.00435662838879893
very:0.01874454292240266
complaint:0.032106985976414745
bad:0.014734414229819269
letter:0.06582337128614284
weekly:0.03047695232594299
incident:0.02583950430165271
sometimes:0.01884143185117124
john:0.014416550535386269
s:0.003335678929333432
specify:0.028160915142650223
