therapy:0.034804986315617695
at:0.010876111264869518
folks:0.045718714201170095
know:0.022849539364042624
thanks:0.01230485583281582
fax:0.018880514443724624
with:0.007220091071475893
from:0.010451509313952785
wisconsin:0.03754259436313253
my:0.011731040263337052
to:0.0034029608891131624
important:0.01939734131464952
engineer:0.05504451036706104
been:0.009057039427292834
she:0.020463842499373348
that:0.006424159730268089
son:0.026340440119597013
provide:0.020845405421502552
like:0.021567390064975427
me:0.013377638029685735
anything:0.014328649076045702
behavior:0.02622462359826663
comments:0.022740771691537653
phone:0.018131772384009683
had:0.009471657319025524
this:0.0032406323356260433
hi:0.019450720123545706
on:0.0062593682128307395
you:0.006861715918626195
tell:0.014876697861866992
tampa:0.07727878350697436
am:0.010088496029020774
concerned:0.024851785447887832
a:0.004310197919278997
fl:0.07372715298287828
old:0.03269028496718918
local:0.018866564517999704
doctors:0.030255913456245235
based:0.018647549456176186
computer:0.01654754879731676
it:0.00423278308320953
not:0.0037216667196047215
should:0.010140815692799256
have:0.006311735964785838
systems:0.037042186670155686
try:0.015039442421872794
university:0.014508272232090454
microsystems:0.0739870716149503
campbell:0.034534599755997986
has:0.013145363875142604
feel:0.01880417706324801
regarding:0.04885180705025774
his:0.011385364453736151
sun:0.04479620128517088
be:0.007141497001697176
sort:0.019367045109018703
whatever:0.020400991226872608
of:0.0036007515845507157
but:0.004106686557101297
year:0.03055260143468706
well:0.01038807351946509
please:0.011823551585834905
necessarily:0.023995450821334578
pro:0.0277825071021989
now:0.010197002456038544
george:0.07374655887139198
email:0.03387529208602396
in:0.001096788283299324
and:0.005891935408808485
for:0.0020083263142720614
subject:0.0001647960301976438
i:0.00824870957233188
suggestion:0.028568917561185476
directly:0.022422841515409752
any:0.006316588063511156
information:0.030108904746713145
informed:0.031524086136583564
lives:0.0240275175921809
the:0.0023263981789785585
thing:0.01397489157484541
difficulty:0.0327148495077224
would:0.02302838632356484
can:0.010673654227626091
wants:0.04346339706905863
booklet:0.043645133828896614
10:0.03568360194933536
just:0.007249312120159789
about:0.006080346792110318
doctor:0.027191488232085417
interested:0.017759729724783454
worry:0.027138043400337795
is:0.0033169460109958504
having:0.01615365057049606
suite:0.03264952784518822
questions:0.01866775516818217
center:0.020164387860943263
him:0.014793304341748812
side:0.019878790608464154
corporation:0.029316976553791792
father:0.026726368249111423
wish:0.023062206881350484
