taken:0.03831257325300768
silent:0.06126034213974012
suggested:0.051070487778550375
user:0.04397259864643042
someone:0.05124321196890744
my:0.011049003038724433
kimbark.uchicago.edu:0.07099338121206586
to:0.0016025571628963148
bet:0.05015896877918151
enough:0.028280796824853443
that:0.008067549428708763
like:0.013542314691961316
package:0.04520073294251398
this:0.006104446957807198
30:0.03980355202760338
he:0.018489921017677154
something:0.023147224618180497
these:0.01926320898952259
you:0.006462778946613045
posted:0.03969047586606855
a:0.004871526020394402
hard:0.031444574448552434
was:0.01029605969885332
250:0.05314070748787542
course:0.02844362558023278
are:0.007475713739549134
it:0.007973382086976092
deadly:0.13571551668112936
have:0.011889549142968671
being:0.022625627092152885
try:0.028330112469109218
settle:0.06472598004075555
per:0.04112587343689555
worship:0.05928102644369515
be:0.006726293687645015
recommended:0.05707705196965514
g:0.04110467396525003
if:0.007792446741434991
of:0.011304685207310386
believing:0.05741657702421632
what:0.010702815151123618
but:0.007735851421516398
they:0.01084790261055516
now:0.019208306952072606
email:0.03190579836009234
in:0.002066043045284773
our:0.025927621197446436
and:0.0022197524098301735
subject:0.0003104297313025383
i:0.00665925722949052
normal:0.04386468226184352
the:0.0017529139767187279
originally:0.05290459974182024
do:0.008352533940773217
nathan:0.07156070870240809
would:0.02168952665359014
can:0.020106185870644496
effect:0.04030666807700472
instead:0.03567132920447257
friend:0.040386039763869834
10:0.03360897392902517
is:0.0031241003126821383
mg:0.20112428925402256
guys:0.04517064778478199
time:0.01836639499888039
very:0.020270261532365667
checked:0.05233449012274677
babies:0.0645655925741005
