saw:0.07900885077059197
your:0.029300749353052616
day:0.05914658222704353
like:0.027084629383922632
re:0.008696290762283036
worried:0.11699804760810732
you:0.01292555789322609
dry:0.24047774735158728
seeing:0.09321603873159133
a:0.01299073605438507
other:0.03207692994957932
as:0.018607306051558567
skin:0.23919162961528448
idea:0.06447386733164549
are:0.014951427479098268
his:0.042893698639657134
cure:0.12977722152278412
writes:0.01537819513994331
if:0.015584893482869983
of:0.004521874082924155
fact:0.05577365415415905
good:0.03767464770603486
sounds:0.08285359450141484
in:0.004132086090569546
and:0.004439504819660347
for:0.007566252625862186
subject:0.0006208594626050766
i:0.008879009639320694
don:0.10368849627283591
the:0.0017529139767187279
just:0.027311361941067116
about:0.0229073530307412
matter:0.07025355841629169
donald:0.1285026113717377
article:0.018844950705037233
very:0.04054052306473133
while:0.05047308153205866
