large:0.022682076665814968
at:0.006673977367079024
out:0.026776752251828635
anyway:0.023094801679125258
take:0.016104160078300785
your:0.009544941077130777
with:0.022152552151119217
much:0.013236339920908571
4:0.018820223516505145
into:0.04070008870414515
prevent:0.030477405092186906
my:0.007198592888865919
to:0.006264541636776504
then:0.01209000264981669
that:0.002628065344200582
quite:0.02012272259173789
hour:0.03527056512636575
r:0.04697302676862318
re:0.002832882596804322
had:0.011624306709713145
this:0.007954279369263925
tools:0.03370812769824751
you:0.0042105984046115295
used:0.01495805688133989
them:0.011104993723729098
3:0.017738378368466815
a:0.004231830684383015
as:0.0060614709107349885
ears:0.12411531290561707
coming:0.02633810571810299
following:0.020737229341210316
adding:0.03579626204624453
oil:0.10185927810935472
also:0.01123861463393611
clinic:0.04330277285966622
ear:0.177397465332023
it:0.005194779238484424
couple:0.023909028747382717
probably:0.01808502814416067
try:0.03691499503550595
familiar:0.0348989275734173
without:0.017024321854564355
writes:0.005009563568314866
were:0.011752297708123478
of:0.004419104217403151
safe:0.03146015869846191
result:0.026780317886450775
years:0.01689223805288177
again:0.01849900862203044
drops:0.04238337242781571
they:0.0070675729129374525
up:0.03053319023528147
good:0.01227280190423863
wax:0.0886987326660115
in:0.001346058347685534
point:0.016678302736818643
5:0.0196884309614976
use:0.012596814604146576
and:0.0028924046552332564
few:0.017315359855350657
for:0.004929528225940515
subject:0.00020224967342438103
special:0.05296532110401549
back:0.015957247879299526
ago:0.02167549791942912
water:0.031061342535693565
allow:0.026562686904352973
warm:0.040069875082731
the:0.004568200060539715
do:0.010883604831916617
can:0.006549742366952375
come:0.018190861170222793
an:0.006802258625467703
problem:0.016027009788224123
during:0.022184617498503565
about:0.007462243790317209
head:0.02615802829890669
is:0.002035398688565636
done:0.020065632965308323
steel:0.04031296837478782
days:0.02256251988295585
2:0.014760678424965219
six:0.032100744971401786
1:0.014837302211550822
procedure:0.038300065604083236
very:0.026412765027021928
luck:0.031233247166012282
strange:0.033305780536778205
