taken:0.019045556646003815
at:0.00509228330898515
resulting:0.02833212705151288
adult:0.03233875815301546
suggested:0.025387641323441224
with:0.006761010136295344
way:0.010013715719922215
user:0.0218592108878209
damage:0.025719496278431623
someone:0.025473504215757455
from:0.004893481239480783
my:0.005492567984568215
kimbark.uchicago.edu:0.0352915074233391
single:0.018794373817990605
to:0.003186587653389204
bet:0.024934516271731846
recall:0.022606099509092613
then:0.01844948381243703
enough:0.014058662005418474
die:0.021778927002499126
that:0.004010458097508402
like:0.006732017708142619
re:0.00216150579640561
package:0.022469728514775734
this:0.012138322274483675
30:0.019786736846091852
he:0.009191521430752804
something:0.01150671281597412
these:0.019151860960681416
used:0.011413083863218876
potentially:0.03313425744709666
more:0.007349242923819224
a:0.0056505947288582456
hard:0.015631406951303523
dose:0.034892704697981
as:0.004624937342294904
part:0.014157353250943798
250:0.026416767884146163
course:0.014139605779768895
starts:0.025852383667013697
are:0.007432501521401451
taking:0.01969335279856419
pain:0.025589595377552676
it:0.0019818232932946357
not:0.003485028951306155
signs:0.029033634895468185
deadly:0.06746551696287355
have:0.005910411712689628
involves:0.030277053274756886
being:0.011247421560260972
probably:0.013798981011729527
settle:0.0321759207139016
per:0.020444075812560792
between:0.013426970208360724
agent:0.028760496832748266
robert:0.01847058976276129
25:0.021258280625951517
attacking:0.030634714567925023
be:0.0033437066886559032
which:0.014935171474190956
g:0.020433537346887295
writes:0.0038223259596390884
if:0.007747403696686812
liver:0.03587002452482455
of:0.019106878350390506
believing:0.02854234464787632
clinical:0.032947778474737
what:0.005320474583795556
loss:0.024600299098964065
groups:0.021270436985470473
they:0.005392598985593894
highly:0.02414262262663931
up:0.007765666880649622
bob:0.021294826670688438
in:0.0030811508999044586
our:0.012888875277343314
or:0.007795508181538558
and:0.00551730367761257
subject:0.0001543176698960595
cause:0.03645666050106435
fatal:0.03233875815301546
i:0.0022069214710450278
normal:0.04361112918518547
the:0.0034855630519724993
do:0.004152126698881483
when:0.007558811808345294
greater:0.024387762406553146
would:0.0161731152503649
can:0.014992473857301387
effect:0.020036840778164196
correctly:0.025192505601331665
friend:0.02007629722365784
10:0.03341470240342387
e:0.017982021364472987
is:0.00931812578811551
mg:0.09998086055402276
days:0.01721533308988539
time:0.009130115432969443
nice:0.01826438992343791
very:0.01007654619528004
delay:0.03186339342332198
comes:0.017480788076563652
checked:0.026015989309573537
high:0.01616950188232093
babies:0.032096190528165564
concern:0.02662808346642245
