bbs:0.0879791880816448
matthews:0.13548222804080018
to:0.002996085130632241
nt:0.01552344677657475
re:0.008129141364742838
so:0.022213273856193913
harry:0.11343755628775569
on:0.011021930983462824
you:0.012082586726276563
pool:0.11475548284898254
material:0.0917978160174757
a:0.0030358785344486846
as:0.017393786091674312
immediately:0.0917978160174757
are:0.013976334382635337
brian:0.16243815281646862
sex:0.09403581534905053
ve:0.039676819544074655
university:0.051094350034753336
public:0.1288584607852432
free:0.06277190856792904
heard:0.058753203465649446
without:0.0488524018435325
writes:0.014375269369947007
of:0.008453938502858202
what:0.020009610934709373
they:0.020280861402342254
in:0.007725204430195238
subject:0.0005803686280873543
i:0.00829994379327804
water:0.08913254814590327
community:0.08844671428210053
do:0.015615606932749927
can:0.018794912879080725
is:0.005840709280231824
assuming:0.08626455807976091
else:0.054925048376914275
article:0.017615932180795674
going:0.047343819218471354
by:0.02153120597428622
doubt:0.07565374563001234
