picks:0.12231395404891345
ability:0.085282758839541
ask:0.06201196987992271
lead:0.08221733271531725
stephen:0.17326209699536244
harmful:0.11368703685512273
harm:0.10239707406656591
to:0.011729354553964517
might:0.045257130550605235
eat:0.09606860071769047
two:0.039676370907517265
a:0.002971285374141266
it:0.021884389132338634
have:0.010877672620162827
if:0.01425851956943424
of:0.004137033735441248
loss:0.09055003710895283
one:0.0836860347043083
for:0.013844632464343573
subject:0.0005680203594046446
cause:0.06709576879451205
i:0.004061674622242445
example:0.059816151994849034
body:0.0755251302909479
any:0.021772069495506537
the:0.0016037298084873467
nose:0.3254149962228372
is:0.005716438870014126
does:0.025925293922075005
2:0.04145552238500869
smell:0.12619313610835928
1:0.04167072110478103
picking:0.11619305889036491
s:0.026401543866213545
