effective:0.07210652560008114
explains:0.09990366357985131
there:0.049166731370204324
depression:0.2277630178471895
among:0.06150902621403259
gain:0.08188580411595092
hair:0.09751917442584197
changes:0.07281980892386052
re:0.006677508978181616
possibly:0.06923131541780965
other:0.02463049978271269
vision:0.08514154620155724
skin:0.09183250065586815
blood:0.07458345918586787
also:0.026491020208563684
cheap:0.06636127175726514
are:0.01148056038573617
not:0.01076625015314223
energy:0.08188580411595092
relation:0.10016060532006738
between:0.04147974725082867
netcom.com:0.0574827709771632
be:0.010329665306026274
which:0.023069505937812818
writes:0.02361651396491294
things:0.0399058201453616
of:0.003472153313673904
but:0.011880057540185897
easy:0.05917288507605013
in:0.009518555458633417
heart:0.07091040380438601
and:0.017044527432624548
subject:0.0004767313730717553
adobe:0.1045377920706564
controls:0.08898728568141716
any:0.018272986898014414
water:0.07321602169127768
around:0.04227132916345778
can:0.015438678436387738
is:0.01439317644057128
weight:0.0793738875179157
tests:0.08405896366912091
production:0.08570848724288904
article:0.01447023000565359
