acting:0.03109017575540249
ask:0.017557605929857636
therapy:0.033966311946566664
at:0.0106140362946317
out:0.007097452404099156
folks:0.02230852921864324
know:0.022298948054065695
with:0.00704611297336804
from:0.010199665716026212
wisconsin:0.036637953535105246
my:0.01144836459434098
to:0.004151202289430213
then:0.009613737046842189
important:0.01892993549983869
been:0.008838797513382164
she:0.019970737860834233
that:0.006269360700623074
son:0.10282292287649919
like:0.02806359189177526
me:0.0065276426530394265
anything:0.013983380423610867
re:0.0022526536311937985
behavior:0.025592704957344545
comments:0.022192801289331928
had:0.009243424612542983
this:0.006325089618932759
posts:0.02423504501306429
on:0.006108540063123976
you:0.0033481866831850714
tell:0.01451822321459309
am:0.009845399739164854
concerned:0.024252947244324273
more:0.0076591507579561804
a:0.003365070182762398
old:0.03190256725713644
standard:0.01833761771362793
local:0.018411948505517785
doctors:0.029526855300673064
based:0.01819821091506351
it:0.004130788310120145
not:0.003631988003469668
should:0.009896458688153493
have:0.0061596459415379865
try:0.014677046218936101
university:0.014158675310835263
between:0.013993167747267504
second:0.016564432389471487
has:0.012828608119115074
feel:0.01835106436292878
regarding:0.047674655073143106
his:0.011111018322320823
be:0.006969412736596041
sort:0.018900369323259218
get:0.007917915513801941
whatever:0.01990940107682749
of:0.0035139864861278066
opinion:0.0199356118348656
but:0.004007730254520544
year:0.029816394171200626
well:0.010137758494899668
necessarily:0.023417247187085558
pro:0.02711304909973628
now:0.009951291553483399
george:0.02398984445213956
in:0.00214071929993362
or:0.004062117215078828
and:0.005749961061608281
for:0.003919865818217759
subject:0.00016082504151818252
i:0.00919993769857325
suggestion:0.02788050990910872
games:0.020059459588004373
information:0.014691694484841958
informed:0.030764469603171914
lives:0.023448541264658472
the:0.003178476548146609
thing:0.013638147199547932
difficulty:0.0319265398810303
would:0.02247348544829822
can:0.005208228870106708
wants:0.04241608629631023
booklet:0.04259344385711598
10:0.0348237561192309
just:0.0070746299003969036
about:0.023735329646310158
doctor:0.026536271648179746
interested:0.017331784430210363
worry:0.026484114643703153
is:0.00809254900273084
having:0.015764405978435914
questions:0.018217929742442844
center:0.01967849899682415
too:0.011762155830509016
procedure:0.03045547385384932
him:0.014436839176887397
psuvm.psu.edu:0.030113935638930375
article:0.0048815233754012114
condition:0.02288009089448808
side:0.01939978360585056
father:0.02608235937563886
wish:0.02250649105288421
concern:0.027750954455970388
s:0.0037375679569639658
