some:0.0074365406059449315
read:0.014439509948394408
believe:0.06919337198504269
there:0.011691452045568757
with:0.003725015138786926
meaning:0.025133417419645174
someone:0.014034765061547898
from:0.010784359929046824
my:0.006052320135861792
to:0.002633501579791396
photography:0.035819061766528194
positive:0.02819745223131601
that:0.01546708521045438
quite:0.01691846740197071
nt:0.004548271030079226
cs.utexas.edu:0.03447314397246955
me:0.006901838728691368
believes:0.031265136747709185
this:0.003343837187079102
mean:0.016837083164521406
merely:0.025993942800897174
these:0.02110364296941328
a:0.005336958442725076
other:0.017570802392763197
was:0.005639879835040673
as:0.01528880560924239
belief:0.05247790191807201
fine:0.02063157056000357
also:0.00944902631643036
russell:0.033299234940635504
are:0.004094976952874048
no:0.02151106502259573
reason:0.017020458114704
not:0.015360764549706113
have:0.006512746664301311
proof:0.026669481475803693
usually:0.021004781797366964
krillean:0.037527749579233154
writes:0.004211862363169187
of:0.006192375336488492
believing:0.03145111862472996
but:0.004237472753187327
fact:0.015275586806553117
who:0.008236005568368461
removed:0.02940989636183332
in:0.006790307078770336
atheism:0.030695668036144947
or:0.0042949774375992695
use:0.010590952406034065
and:0.0024318306655464325
word:0.019546984179384833
for:0.0020722857510323185
subject:0.0001700443114141293
i:0.010943237994958945
meanings:0.04023401196117753
any:0.013035506576927482
the:0.0024004872929587672
do:0.018301093475324756
because:0.011240269419710281
claim:0.041595401844585815
edwards:0.04004937796835426
conflict:0.030096220319135527
note:0.018864261776296163
about:0.00627398840969345
different:0.016096922917269094
unknown:0.030058193777820222
is:0.01026774370282792
interpret:0.033299234940635504
grant:0.028821531265457428
having:0.016668098040894024
followups:0.037170491829863456
multiple:0.02735047336067397
lack:0.024710325215940045
existence:0.05182864785957484
turpin:0.08046802392235505
atheist:0.05821784514595269
words:0.02106916644272213
position:0.04385787206639761
article:0.005161355925583446
inherently:0.03661627923757282
god:0.11829457084348136
beliefs:0.027733520231620044
s:0.007903646889885584
newsgroups:0.027301097712238823
