there:0.014340296649642929
hung:0.08552582109459393
all:0.00745365492692415
happen:0.02641900176693215
ever:0.020651734818983285
your:0.019686440971582227
hell:0.02666703847251481
navy:0.044912155002335405
to:0.003230154281462885
camp:0.044912155002335405
boot:0.038348644292112044
t:0.06038139972657286
enough:0.019001160366698407
that:0.0108407695448274
ran:0.03546715230048404
circumcision:0.053113890349981326
think:0.011248031465066838
quite:0.0207515576727297
son:0.03333711952636497
me:0.01693107313132101
need:0.015009390558572158
re:0.0029214101779544573
happened:0.02634610077139399
this:0.004101425299776711
di:0.15525526353873825
off:0.017058261312158988
laws:0.028999014945608532
something:0.015552041540340022
on:0.0039610064471819525
you:0.008684359209511279
dont:0.03801848953203483
medical:0.03142982400131775
why:0.02780816531490635
a:0.0021820376966349923
ar:0.047886940123568165
40:0.02987896240644374
awful:0.039304031618348556
patrick:0.07165007860145706
computer:0.020942991446604026
are:0.010045490337519149
no:0.008794888563925858
wow:0.04046610397194505
yeah:0.03089236284521994
it:0.005357116089687062
not:0.02355117220999863
sex:0.06758824228213008
probably:0.01865018527366569
university:0.01836203204373948
writes:0.005166112429824706
certainly:0.024029353728559695
down:0.03694321213989309
of:0.006076268298929333
years:0.03484024098406865
mag:0.042963242036463664
oh:0.02523215768860526
up:0.02099156828675601
michigan:0.04024806656478039
one:0.0076821164669970505
in:0.0027762453421014137
clean:0.03392064212481489
sir:0.04132205867906635
and:0.0029827923007092957
subject:0.00020856997571889294
cause:0.024636727604234895
i:0.0014913961503546479
example:0.02196374331060863
we:0.01052924926339039
info:0.023010902026503105
ago:0.044705714458822564
convinced:0.03705651542731902
flames:0.0349411122999482
the:0.001766608617161843
thing:0.017686972149413723
convince:0.03691489523518967
scene:0.04306536767370861
did:0.012843055026898167
americans:0.06691279330477352
an:0.007014829207513568
just:0.009174910652077234
people:0.01175994640682123
about:0.015390877817529243
eye:0.035865835738081275
is:0.0020990048975833117
involved:0.02813185263332709
touch:0.07459681562970003
2:0.015221949625745381
nation:0.035014126850090685
article:0.006330725627473445
god:0.020727954935743944
thats:0.040540156659089915
