some:0.006112758508551593
believe:0.01137524544675571
out:0.012336932974664502
mark:0.01572577991776016
there:0.014415376736813833
behind:0.018469855502610988
inner:0.05828726998434532
extreme:0.025371142035376534
small:0.015647884294586446
case:0.012940372289564166
ordinary:0.026691980492972688
take:0.011129576598616249
hand:0.01653004950498782
your:0.006596503781053731
ca:0.010767270136609011
my:0.009949887553196873
to:0.005772561927082014
technique:0.07901962377720338
city:0.019265893185792627
ai:0.025406637778755483
make:0.009215081064658135
that:0.00544876375027974
problems:0.014361639978490959
like:0.006097586719940698
nt:0.011215893482551389
pipe:0.030747688423921
me:0.0056732391644217
re:0.0019578036794668614
eat:0.023639917454091372
justify:0.024930345746264765
this:0.008245797461331188
these:0.008673486770151532
on:0.005308992934442826
you:0.0029099423529252454
books:0.019113811063068906
medical:0.02106291870245378
a:0.006580385933307621
alleged:0.028462728561553824
truth:0.01882229072257908
idea:0.014515059137490871
surface:0.04780089783550278
science:0.017704880765273903
far:0.01303339304775603
mind:0.01586207226706878
are:0.0033660281759226468
literally:0.027371622438113998
deep:0.023820919255479273
it:0.005385163817905318
not:0.006313193807078166
have:0.0026767047808777637
ve:0.009555673816897562
historical:0.023639917454091372
robert:0.016729905910773318
has:0.005574735465374613
feel:0.015949092587676322
topic:0.02286197303973572
be:0.009085778907918398
which:0.013527668403324795
were:0.008122006793048687
if:0.007017281882339365
of:0.007126094758953772
even:0.008791410721288093
what:0.004819068602076603
but:0.003483158231677541
sticking:0.030847417193401075
seems:0.01233762874021507
york:0.019702446112175094
they:0.004884395939831119
who:0.0067699103363028715
up:0.007033823928546517
notion:0.025891416767382835
called:0.014043217255794419
george:0.020849812455786217
box:0.016589209480139304
in:0.0037210408773715284
gon:0.025028823924052705
or:0.003530426480120866
better:0.011707936498960226
and:0.007995757371534866
subject:0.00013977464341370836
half:0.01979918054237181
cause:0.01651047713791658
i:0.0029984090143255746
person:0.014686881879967806
info:0.01542091863556229
body:0.018584717924997652
any:0.005357524954391662
the:0.003946350837639021
do:0.0037608268005575743
painful:0.029842752231044507
intended:0.021301302916107982
got:0.011581957181311907
can:0.0045265235206163
once:0.014047283743062336
na:0.022818342769792558
joint:0.028462728561553824
collection:0.025197185765071194
human:0.01678451503265223
just:0.012297262444668963
is:0.009846640776097629
quack:0.03355556648186329
new:0.009026175732374592
food:0.0220705721928293
their:0.007925045123464472
goes:0.016874487937123962
attempting:0.026172321026504932
experience:0.017341480496309677
various:0.018662717164163293
procedure:0.026469155286591557
nice:0.016543138517040618
disease:0.023820919255479273
very:0.009126924040751033
passed:0.022626384736433438
comes:0.015833383964636186
by:0.005185526046163173
while:0.0113630497689975
especially:0.016362804751294983
giving:0.019860559933450657
everything:0.016176243371325935
cup.portal.com:0.028213367048521076
