tv:0.020479248952711693
out:0.006368524859894378
there:0.009921934979212406
hung:0.05917462216274608
desire:0.026267533950338904
all:0.005157123408898872
happen:0.018279093114417923
strikes:0.03001427546687915
ever:0.014288767874756003
your:0.013620888888446082
with:0.00948368719118185
way:0.00936417740295429
hell:0.01845070769990214
from:0.009152132480326224
post:0.013959880023952327
navy:0.03107435589350774
to:0.0029798900758720667
require:0.020970384102176148
hardly:0.02360344243561904
schools:0.026611456630772478
then:0.008626380269058397
camp:0.03107435589350774
boot:0.026533116050758605
t:0.04177740089189906
that:0.009375800687418293
circumcision:0.03674907007998708
think:0.007782421770424624
quite:0.014357834497888657
son:0.02306568269932279
bit:0.014730184854355134
population:0.021329440729104282
responses:0.02397799260032927
need:0.02076975125942958
re:0.0020213000150171383
happened:0.018228653506694222
this:0.0028377429101157786
di:0.10741985801599188
programs:0.019098281752943334
healthy:0.02820609507695547
on:0.005481176489073405
you:0.006008637723337534
american:0.01744343360750387
dont:0.026304684649191667
medical:0.02174604039010093
assume:0.018764803001563118
sexuality:0.03368747291825302
why:0.019240244109773045
a:0.001509734190104211
40:0.020673011827161074
awful:0.02719414079539792
abortion:0.03024110897552256
are:0.010425589971911765
no:0.006085112087473026
requires:0.02169813397249095
it:0.007413090372756151
not:0.019553838115977242
sex:0.07014563523334581
pregnancy:0.03383557548143202
received:0.020915085354874442
being:0.010517859080676477
ve:0.009865587562310455
states:0.01866410667813883
willing:0.01932918839989011
writes:0.0035743913027976343
get:0.007104724190762824
down:0.03834106341005121
of:0.003153090576741708
but:0.0035961255256778935
impression:0.02557358169818643
years:0.02410568024843669
again:0.01319929263842172
up:0.014523895895701456
in:0.0019208616421025999
or:0.010934780395185167
rather:0.01391072244817764
clean:0.023469417253925977
men:0.018981613797985634
sir:0.02859039735632699
and:0.007223194328204133
subject:0.0001443078750919908
cause:0.01704595207211928
i:0.004127539616116648
person:0.030326426368365956
we:0.014570204386096974
info:0.015921056537256204
rate:0.04199649415666218
stupid:0.020873979412251636
ago:0.03093152135529345
the:0.004481774653988964
thing:0.012237472622297064
responsibility:0.023447399278857677
would:0.005041349438402033
scene:0.029796578714782175
did:0.008886005640232246
americans:0.023148209575705438
drop:0.023403630574897572
an:0.004853503451685064
here:0.009731896787153492
about:0.01597323535657089
eye:0.024815280943104884
is:0.0029045689393585286
involved:0.019464200740896585
touch:0.05161293189514381
does:0.006586426023446082
2:0.010531943524840048
unless:0.01663816986886752
whenever:0.025639102565928835
very:0.009422932388018635
handed:0.030725499022493843
by:0.005353705269281979
high:0.030241338655584017
god:0.014341503955541757
thats:0.028049405688451403
s:0.003353709626248748
