another:0.013278475032266939
comfort:0.07177188983007156
sleep:0.05895951469093304
feeling:0.026147526051434267
there:0.005495682548366153
increases:0.031485825891320124
your:0.045267025946632185
with:0.0035019603400571696
beautiful:0.030739941324602987
such:0.011515073074657477
from:0.005069294936707639
pulse:0.14254563124336303
to:0.0016505379162764441
then:0.019112339518273094
that:0.0020772732061944722
think:0.008621245673823684
like:0.006973886607836367
so:0.006118626331646228
this:0.015718037076988593
something:0.011920127647685765
on:0.003035980989456826
you:0.03328137661130071
facing:0.06988942775195883
seeing:0.02400173452370316
inside:0.022479374413617886
posted:0.020439406733424526
more:0.007613287579764826
a:0.005853610108338183
below:0.022226789898430493
as:0.00479110275579053
running:0.018128505463752706
skin:0.030794131956458783
blood:0.02501002224196767
surface:0.05467048794359899
are:0.003849768752103147
lie:0.05460954100338976
daniel:0.025620239492205626
ear:0.03505458895782491
it:0.0061590795761671605
not:0.007220479144622334
bed:0.06826306198957487
always:0.015909916754483278
feel:0.036482355499954225
follows:0.02571272046482523
pitch:0.029886647536535423
be:0.003463839863098631
thinking:0.02085944032244704
down:0.042473633118919
if:0.004012876765050355
of:0.011643148836271775
what:0.01102325871852253
but:0.003983731869762936
nerve:0.03628090280600462
up:0.01608934575272317
now:0.009891702981306852
called:0.016061404166806792
in:0.002127900621490904
or:0.012113379479696143
use:0.009956763639205678
and:0.005715530157047752
word:0.01837650608481089
subject:0.00015986201731747483
i:0.003429318094228651
flesh:0.03422734142201163
body:0.02125557559086558
noise:0.027427606069557773
than:0.008566474743829109
the:0.0045134910777787605
thing:0.01355648164745483
when:0.015660771770583663
electricity:0.06788878003144187
start:0.01687162926875756
can:0.0051770418708845115
leland.stanford.edu:0.03022341231691193
may:0.011143865433771443
mr:0.02022129148672703
just:0.007032266847101114
note:0.017734665262745496
about:0.011796600961938582
different:0.015133035317432621
head:0.02067580679913583
is:0.008044090625468979
hear:0.03968480915280009
experience:0.019833669310150587
comes:0.018108840342787497
by:0.0059307513462105756
high:0.01675044206970971
while:0.012996062909452231
aside:0.02703727086066738
