school:0.01894023164477138
24:0.01907856119202323
go:0.010132459644761078
at:0.004588359439866828
protein:0.03410033091935783
there:0.004780098883214309
resulting:0.025528426978706917
with:0.012183903683115569
way:0.018045550203609824
damage:0.02317433779254516
continues:0.02579557955364208
1992:0.02055180486918902
from:0.004409230491823831
carson.u.washington.edu:0.028642161357642443
reviews:0.03110364266465178
except:0.01679354905731153
to:0.0028712482501892307
recall:0.020369037578505323
then:0.016623753643497947
most:0.009669768041494988
death:0.017476127000189697
centers:0.02871024511580574
t:0.013418088828127301
direct:0.020800914700907155
die:0.03924744136908696
that:0.0072271796965516
control:0.015883511822609497
nt:0.007438318247108734
could:0.007859943517323215
its:0.01076991956267797
re:0.0019476067853029715
this:0.005468567066368947
describe:0.024336543788973337
you:0.002894786403170426
used:0.010283664105921174
formation:0.030587544213379742
potentially:0.029855346553894383
europe:0.021421878226809677
3:0.012195135128320935
more:0.01324394818563256
a:0.0043640753932699845
factor:0.02356760629519175
partial:0.029445029481742744
dose:0.03143978079557663
as:0.012501783753390913
gary:0.02210770022668051
part:0.012756365168819152
awful:0.026202687745565702
stress:0.029213509885019653
starts:0.023294074866632132
explanation:0.024020790550346074
far:0.012965510792298966
van:0.023883359533819017
causes:0.044449492701819956
deletion:0.0315568269198061
it:0.0017857053632290205
not:0.0031401562946664838
signs:0.026160514775604146
deadly:0.030394620923377927
involves:0.0272808865444424
ve:0.009505904682434552
between:0.012098259614825028
robert:0.016642770984154703
has:0.0055457003848257864
attacking:0.027603154272140776
topic:0.022742900263487093
heard:0.014076288330311847
be:0.006025638095181992
which:0.013457211797057476
found:0.013929794298213527
writes:0.0034440749532164703
if:0.00349036676960109
liver:0.03232038668122212
of:0.013165247981013553
clinical:0.02968732122984115
what:0.004793969286440787
but:0.00346501678255422
associated:0.023696851967690315
excellent:0.020286799027814516
aspects:0.025100103550389358
groups:0.019165549992116622
they:0.004858956377644498
highly:0.021753508929211463
up:0.00699718942891867
one:0.010242821955996066
in:0.004627075570169023
murdoch.acc.virginia.edu:0.030300774540551474
rather:0.02680712138450899
and:0.0059655846014185915
known:0.01696317056076228
subject:0.00013904665047926196
fatal:0.0291385685441233
i:0.0029827923007092957
prevention:0.0315568269198061
drug:0.044608528869849014
review:0.022508538982597845
addition:0.02065294073302809
than:0.0074510483448930265
the:0.003925796927026318
when:0.0068108043898111245
painful:0.02968732122984115
can:0.004502947877279757
agree:0.015711224890439787
correctly:0.02269949723453322
descriptions:0.03143978079557663
an:0.00935310561001809
thought:0.013982220860373502
about:0.00513029260584308
e:0.016202550500280348
is:0.011194692787110995
number:0.013032629418738322
critical:0.025454548671457147
toxic:0.03068675356218544
recent:0.01978174525252615
days:0.015511732419532147
nice:0.03291395267452873
article:0.004220483751648963
very:0.009079387978038787
de:0.021046781391374843
delay:0.02871024511580574
physicians:0.030787889426024513
by:0.005158518098006073
high:0.014569394925216257
