library:0.023655980744074462
report:0.021444792223021217
read:0.012807926903378088
go:0.010991142665503544
at:0.004977203460194525
all:0.005390213732464922
means:0.016014662262365836
take:0.01200988209229211
own:0.012805031839254211
your:0.00711826114226702
former:0.022547445891223494
into:0.010117536175041731
someone:0.01244891590205096
from:0.0047828940928258505
often:0.01755548241965371
my:0.005368442154408482
to:0.004671861559629935
1988:0.051639557558839394
then:0.00901627316257516
important:0.01775349883035719
enough:0.013740952129589808
make:0.009943957533049174
that:0.005879739414143674
think:0.008134169647053985
appears:0.022035599024826734
nt:0.004034342100126771
me:0.006121969945788388
need:0.010854248539532409
re:0.002112658207786274
started:0.018526807208976866
consumer:0.06184918135654251
anyone:0.009451495760685826
getting:0.015323172724433256
shot:0.022466849410100204
on:0.008593369919309998
you:0.015700536423975193
american:0.0182318373863741
am:0.018467077476851588
february:0.05810870097998437
a:0.003155941527336486
wondering:0.020332957637611847
following:0.01546505239005515
doctors:0.027691852993851573
whole:0.016903477260041187
are:0.003632267692662291
those:0.010485399176765876
taking:0.019248305277692685
month:0.022450867171679427
it:0.005811108978643593
have:0.0057768430864141565
ve:0.010311489825013754
allergy:0.1463458660459787
summarize:0.0647709213372624
writes:0.003735945711963629
get:0.007425841668311425
whatever:0.018672093665273237
of:0.006591206290364022
opinion:0.03739335101229027
what:0.015600713610112393
years:0.012597601259776233
sense:0.018566791222389776
title:0.023735555545666212
george:0.022498950164153486
president:0.021273774910576262
in:0.002007680247395373
rather:0.014539455666174369
and:0.00539261884873997
still:0.01153507956061891
for:0.005514387506984305
subject:0.00015083026492665705
i:0.00539261884873997
cu:0.03423113428589136
ago:0.016164778109404768
body:0.020054695613980517
will:0.0064028550559507595
than:0.008082493119883962
the:0.005536039056416774
do:0.004058293327155348
when:0.0073879912025069825
got:0.012498044190003244
can:0.004884553629591601
page:0.02375562561122761
put:0.014053442370320787
reports:0.022340239797673175
may:0.010514268516609214
friend:0.01962259559148478
7:0.018031234626730543
an:0.0050728708393318455
just:0.0066349636354004855
btw:0.02119655661267421
is:0.006071697782839862
issue:0.01769129947720256
patient:0.028423254503664494
does:0.006884117595127261
life:0.015764855103326047
trouble:0.02155266600164031
pages:0.02540108967120658
told:0.03503073182744779
too:0.01103117439471467
every:0.013740952129589808
change:0.0167910119090988
article:0.027468911197172916
opinions:0.01613339070915278
shots:0.13845926496925787
mine:0.018447678219208962
says:0.014469077652133153
