some:0.043242106486420524
someone:0.08160955980233406
could:0.05589293167874286
me:0.04013291408905721
this:0.019443794013756257
on:0.018778104638492218
you:0.020585147755878587
jason:0.1688850619919646
advance:0.11716671172876479
treatment:0.16141864700112513
of:0.021604509507304293
clinical:0.21110983985664816
in:0.006580729699795943
and:0.014140644981140364
subject:0.0009887761811858628
cause:0.11679633827192838
information:0.09032671424013944
the:0.00558335562954854
thank:0.1344627521025746
cancer:0.3858052899475109
type:0.1200189818641369
give:0.08752726930948172
