therapy:0.07831121921013981
effects:0.0597477341300362
there:0.025493860710476317
help:0.059447020001161026
all:0.013250942092309599
dennis:0.07533694159339492
to:0.0038283310002523076
hang:0.07375695707455245
enough:0.033779840651908276
that:0.004818119797701067
re:0.005193618094141257
error:0.05229802998849997
set:0.03679742477952668
brain:0.06124136665231657
chemistry:0.07436755601095685
answers:0.0582029336423942
a:0.005818767191026646
other:0.019157055386554316
someday:0.08007726331410157
are:0.008929324744461465
no:0.015635357446979303
thread:0.05781844157644396
it:0.009523761937221443
have:0.014201405920768134
trial:0.0651362334447674
manage:0.069987213302608
without:0.031211256733367984
be:0.008034184126909323
if:0.009307644718936239
of:0.005401127376826073
unfortunate:0.07790269302671907
available:0.03751477538630875
but:0.00924004475347792
conditions:0.06298378757110872
using:0.030616952481179453
please:0.026602991068128537
in:0.0024677736374234785
and:0.005302741867927637
subject:0.00037079106794469857
i:0.0026513709339638183
any:0.0142123231429001
will:0.03148070402509123
flames:0.062117532977685685
the:0.004187516722161405
leland.stanford.edu:0.07010152579061515
maybe:0.03677657058808783
here:0.025005568133658278
people:0.020906571389904406
many:0.02573890316080685
paul:0.04548642348762579
is:0.014926257049481327
deal:0.0457821526633404
questions:0.042002449128409884
lot:0.034424352614797094
side:0.044727278869044346
going:0.03024744005624559
