another:0.0187924180541405
since:0.03391223090514714
partner:0.05043457715602039
health:0.1059240661081208
studies:0.07150987959887618
effects:0.07291248910784079
there:0.015555576026731313
know:0.010456568861511032
o:0.029669313422032894
wrote:0.02182690656519374
my:0.008052663231612724
long-term:0.04791055644486955
most:0.01573385986412744
might:0.018026145219308863
that:0.008819609121215512
account:0.034532028870570004
re:0.0031689873116794113
greatly:0.033075670761022045
anyone:0.01417724364102874
93:0.031025555049189843
reduced:0.0423636721700207
getting:0.022984759086649882
apr:0.031586510822355925
on:0.030076794717584995
28:0.03747936782414192
m:0.011600124678949763
why:0.015082394747067851
josh:0.04438923912316052
more:0.010774737506955304
a:0.0011834780727511822
pregnant:0.05154152785447009
idea:0.023494714366616577
private:0.030082043420970775
wife:0.03424561039952517
washington:0.03253570623232622
speculation:0.046604194751418214
march:0.036726373439771656
no:0.01908043620648322
internet:0.02420791477215768
it:0.0029055544893217965
sex:0.036658029712341736
absurd:0.04397576315562296
pregnancy:0.05304730054292308
ve:0.03093446947504126
uucp:0.035878208536746385
his:0.015630754589027598
heard:0.04580758236304872
without:0.0190441566508686
be:0.009804428087075785
writes:0.0056039185679454435
of:0.008239007862955026
rutgers:0.04518848216952697
but:0.011275986817803564
ok:0.027659738902635015
gmt:0.03590930793411047
women:0.06405618972599025
well:0.01426159245892665
chance:0.030466589220445796
one:0.008333143286234088
in:0.0015057601855465294
fear:0.0364895435212076
point:0.018657084417458142
female:0.04566739920565699
enjoy:0.03917580150375176
subject:0.00022624539738998556
i:0.004853356963865973
any:0.017343851970996735
than:0.012123739679825942
the:0.0012775474745577169
would:0.015807621120413153
can:0.007326830444387401
effect:0.02937604622561361
claim:0.02767151732881344
eric:0.03379685152812378
mr:0.028618268460028927
people:0.012756552034517945
ted:0.03802130616821204
about:0.008347594748490436
done:0.022446301283226257
does:0.010326176392690891
man:0.024559740159281345
kaldis:0.05060931687807747
article:0.006867227799293229
earth:0.02983504375079448
s:0.026289672917627894
