at:0.009523946080588444
correct:0.017687661838818643
means:0.015322136326695962
wonder:0.019947933555767183
with:0.0189673743823637
much:0.009444307403026656
active:0.02415038916128037
though:0.013435374062760432
someone:0.03573175321075168
times:0.015191762926989334
my:0.005136293304488115
to:0.0037248625948400837
otherwise:0.019207485576281276
important:0.01698577996201742
ten:0.021762104013826104
positive:0.02392972973144115
apart:0.024900856430762616
might:0.011497757491234844
that:0.0075006405499346345
think:0.007782421770424624
r:0.016757944685022324
indeed:0.01993644491083576
trivial:0.030725499022493843
months:0.018355646162053083
me:0.005857236110294837
re:0.0020213000150171383
chronic:0.09295502494617927
getting:0.014660549039052359
infection:0.03024110897552256
merely:0.022059724431031658
treated:0.026572144418182855
on:0.008221764733610108
kenneth:0.026572144418182855
tell:0.013027162452013259
identical:0.026417693756323093
them:0.007923563089363464
vs:0.018468172676018066
why:0.009620122054886522
a:0.006793803855468949
how:0.0071100702552925645
other:0.007455718853145464
as:0.012974824219735434
blood:0.022576614672478925
also:0.008018903414484144
overall:0.025046563511781687
features:0.023381878411115272
worst:0.023295734669154123
are:0.006950393314607844
no:0.006085112087473026
persistent:0.06626517119801865
place:0.01469960874225095
it:0.0037065451863780756
signs:0.027150372091437818
have:0.005527033655650301
only:0.014416607981289586
routine:0.028313136305583467
pitt.edu:0.05338189863873085
after:0.010428182095486224
has:0.00575553769668406
feel:0.016466360455384747
degree:0.02395380730089726
usually:0.035651359374990414
blue.cis.pitt.edu:0.03228053725196293
free:0.015608150238512085
be:0.01563408803074247
found:0.014456867595983771
writes:0.0035743913027976343
prior:0.024843655839786743
liver:0.06708664046264484
end:0.01461747785175951
of:0.006306181153483416
clinical:0.06162125055275136
but:0.0035961255256778935
least:0.013014391257872878
initially:0.02925558704690659
understanding:0.02169813397249095
up:0.007261947947850728
one:0.0053151940960844465
in:0.0028812924631539
or:0.014579707193580224
and:0.005159424520145809
seriously:0.020956506288634276
subject:0.0001443078750919908
i:0.002063769808058324
howard:0.05673492489066426
normal:0.06117344877597638
the:0.0032594724756283373
when:0.014137021003716065
rule:0.02134431117976315
would:0.010082698876804066
can:0.00934665937770501
needs:0.036209152028857806
gilbert:0.0332660591805789
patients:0.026611456630772478
is:0.005809137878717057
distinction:0.028422340128921413
tests:0.025444875489031196
patient:0.08158242238619376
does:0.006586426023446082
history:0.017951392455950708
first:0.010148945023735359
disease:0.024593489609711035
article:0.004380177731441086
function:0.022232435781337614
diagnosed:0.030641692608785923
by:0.005353705269281979
clue:0.027418463665164153
s:0.006707419252497496
