some:0.008107894966203847
since:0.006947297303485004
studies:0.01464959339004755
at:0.003058906293244552
out:0.0040908927051404856
effects:0.0298738670650181
resistance:0.03393939822860953
there:0.009560197766428618
know:0.0042842886307579925
help:0.007430877500145128
thanks:0.006921481405958899
wonder:0.025627553526506447
with:0.002030650613852595
way:0.006015183401203275
much:0.01213331159416619
4:0.008625935778398191
kids:0.061060597650760044
often:0.07552514832621855
to:0.004785413750315385
most:0.006446512027663325
day:0.035323653274484335
make:0.006111390567186471
that:0.0024090598988505334
cold:0.030681599896108542
think:0.009998250191170522
quite:0.009222914521213198
son:0.02963299513454664
like:0.004043885637182893
really:0.013551359327714762
started:0.022772533861034065
this:0.0018228556887896492
infections:0.020078671499911854
child:0.013768627155352061
getting:0.009417366570224604
he:0.03312777515667156
infection:0.019425712362748867
leading:0.0313557238453573
these:0.005752208239926884
on:0.005281341929575936
tell:0.008368142547300183
regular:0.014052231429707157
fall:0.05417084760269905
great:0.008754342669210683
etc:0.008063624956452206
vs:0.011863235920358827
3:0.00813009008554729
more:0.02207324697605427
a:0.002424486329594436
how:0.022836163146338965
basis:0.01294169540638194
constantly:0.018118498573738755
was:0.003074517826740922
as:0.0027781741674202027
ram:0.013506448153587668
third:0.012683281238430157
illness:0.06335312798778614
are:0.008929324744461465
taking:0.023659375237163924
month:0.013797928782594646
care:0.05496557189711627
ear:0.040653585805255264
it:0.005952351210763402
not:0.004186875059555312
should:0.005704208827199582
have:0.0035503514801920335
term:0.027067220791072624
being:0.020268790936720293
whether:0.01984346239501267
second:0.009547554780042591
has:0.011091400769651573
his:0.01280853501045317
be:0.0020085460317273308
sort:0.010893962873823021
get:0.004563798525316396
if:0.0023269111797340598
of:0.003375704610516296
even:0.005830414749187589
what:0.009587938572881574
but:0.00462002237673896
result:0.012274312364623272
year:0.008592919153505735
years:0.007742275774237477
negative:0.017145227861397928
seems:0.008182246838128742
well:0.005843291354699113
they:0.0032393042517629986
up:0.009329585905224893
beginning:0.028125602737061727
now:0.005735813881521681
one:0.006828547970664045
in:0.0012338868187117393
our:0.015484551548474954
antibiotics:0.06520397358400962
or:0.009365436912542852
weeks:0.012640850296295521
and:0.0046398991344366826
for:0.0011296835517780345
subject:9.269776698617464e-05
relating:0.0197368656915325
i:0.0006628427334909546
appreciated:0.011752646247139733
we:0.02339833169642309
leads:0.01576317880021513
any:0.02131848471435015
information:0.008468129460013072
sick:0.10916213848373182
pretty:0.009993125197637592
normal:0.01309848150874494
later:0.022190361312206273
than:0.009934731126524035
the:0.0013085989756754393
do:0.01247079720323779
less:0.009544672071514852
would:0.0032383668267513058
can:0.006003930503039676
effect:0.012036018939661131
home:0.020342798971259363
did:0.005708024456399185
once:0.018632161075867404
ends:0.01642747435473781
falling:0.019005738021020874
an:0.00311770187000603
lower:0.013788134073075059
long:0.01652993920214295
about:0.006840390141124107
is:0.004664455327962915
average:0.013470559232300647
time:0.0054844096177212275
questions:0.010500612282102471
does:0.025385183632031773
lot:0.008606088153699273
their:0.005255845897853173
build:0.038871177739774526
advice:0.013506448153587668
first:0.013038575204104452
too:0.006779575930085057
every:0.008444960162977069
going:0.007561860014061397
answer:0.01054260778516964
data:0.020377400161151474
s:0.002154292641861175
