picks:0.06387506489221036
ability:0.044536551838426974
lead:0.042935718195776795
stephen:0.09048131731980039
202:0.06682732228924376
your:0.05599698765250056
with:0.006498081964328304
way:0.01924858688385048
someone:0.02448286794070022
from:0.009406358382557507
harm:0.053474027568095536
to:0.007656662000504615
then:0.017732003886397812
might:0.02363427928753829
that:0.0038544958381608535
cold:0.147271679501321
re:0.004154894475313006
fingers:0.12631594042580802
617:0.05787079349212664
on:0.005633431391547666
a:0.007758356254702194
surface:0.05072206381433906
hands:0.04450411061505659
d:0.02024271358196706
it:0.01523801909955431
catch:0.05384320143063242
uucp:0.04704031785928971
has:0.011830827487628344
be:0.006427347301527459
writes:0.0073473599001951375
if:0.007446115775148992
of:0.0021604509507304297
easy:0.03681868404732008
loss:0.04728724160134204
up:0.014927337448359829
pick:0.04466727230042238
good:0.018000109459549992
one:0.021851353506124944
in:0.003948437819877566
or:0.007492349530034282
for:0.003614987365689711
subject:0.00029663285435575884
cause:0.03503890148157852
steven:0.09970031395220047
example:0.031237323819532276
body:0.03944090137416169
any:0.011369858514320081
will:0.012592281610036494
the:0.0016750066888645623
putting:0.04466727230042238
road:0.04011835984411678
may:0.020678061415998122
ma:0.04456908805819463
nose:0.22658525662923482
either:0.027817363412370646
does:0.01353876460375028
smell:0.06590085996769875
1:0.021761376576941206
transfer:0.05049758928858884
picking:0.0606785974205239
article:0.009003698670184456
corporation:0.05277055779682523
by:0.011004838609079623
s:0.013787472907911519
