another:0.2217505330388579
thanks:0.1993386644916163
requested:0.5237930216532941
d:0.18218442223770356
kit:0.5160969175396813
and:0.019089870724539493
for:0.0325348862912074
subject:0.00266969568920183
cause:0.3153501133342067
origin:0.4845888128756918
