c:0.64652442385724
quality:0.9610409601435874
david:0.6241113098361235
subject:0.006674239223004574
