bottom:0.020393246035677368
go:0.008842873871791487
week:0.015671994565479925
at:0.004004386420247414
there:0.008343445323428613
attitude:0.019983468322066923
know:0.005608523298446826
all:0.004336671957483142
your:0.005726964646278466
with:0.005316612516268612
establish:0.023134137324612128
much:0.007941803952545142
from:0.003848055701955343
wood:0.022904906171762617
unusual:0.022794484841903325
ease:0.026130708364995144
my:0.008638311466639102
to:0.007517449964131804
besides:0.01840948542789495
knock:0.024766596581129972
bare:0.02705127320186548
she:0.015068829476811284
that:0.001576839206520349
talking:0.014816778092555764
arrived:0.023994328232059985
nt:0.0032458115987383566
me:0.01970161237099172
wait:0.016688180932318716
prefer:0.018666036841099277
had:0.0069745840258278865
this:0.007158851432337531
he:0.007227878216001069
personally:0.017812930023211368
something:0.009048460532561467
on:0.009218342277077999
regard:0.020867395338520014
you:0.005052718085533835
took:0.015342734892803087
went:0.014829369387436744
parity:0.0277519581101712
a:0.006347746026574523
was:0.00804964667364896
as:0.014547530185763971
doctors:0.02227935445414422
also:0.006743168780361665
exact:0.0194133925924694
organization:0.017417423764167595
ill:0.025365547843089625
are:0.002922324461823752
d:0.008281110101713797
it:0.003116867543090654
not:0.0027405000389816585
couple:0.014345417248429628
have:0.0046477328467968435
ve:0.00829606226830652
university:0.010683364098175697
usually:0.014989776100848241
anybody:0.013816341567784976
be:0.0026293693506248693
asked:0.015328640448811048
dropping:0.026526214624038917
get:0.005974427160414192
soon:0.016349971077452136
spend:0.01863680552141614
down:0.01074711625887799
if:0.00304613827165186
of:0.0026514625304418908
what:0.008367655481787556
but:0.003024014646592774
never:0.010017905594826638
they:0.004240543747762471
who:0.01175502612939862
clothes:0.053052429248077834
email:0.012472266631672458
in:0.0008076350086113203
fully:0.019080243203989978
occasions:0.025908934891497728
identity:0.025837351450733455
and:0.006074049775989838
for:0.007394292338910773
subject:0.00012134980405462862
showed:0.01943070863072698
i:0.009544935362269746
person:0.025501767627944098
room:0.01812740218326639
will:0.005151387931378565
the:0.0034261500454047865
do:0.003265081449574985
see:0.016085325103737964
when:0.011887949480397599
did:0.007472322924740751
meeting:0.02202676422162235
drop:0.01968032571070932
last:0.009909829782088627
an:0.008162710350561243
introduced:0.023543915038222573
doctor:0.1401597620690221
patients:0.02237781580314958
is:0.003663717639418144
self:0.019327788281864433
new:0.007836361658561577
else:0.011484328296991166
time:0.02153877231686882
somebody:0.03450662021340686
does:0.005538585519716023
himself:0.017012642956822584
expected:0.01886076483508333
gone:0.017861806349467102
temple:0.025365547843089625
told:0.014091908030586953
experience:0.01505555806725067
history:0.01509548911068582
met:0.04290124021016158
first:0.02560302040078692
nothing:0.01161298182500413
him:0.010893251378924126
remotely:0.027645001303761227
meet:0.019500640079997345
condition:0.03452813716804565
conscious:0.027338450027417898
before:0.03865807758586626
going:0.009899162200225829
handed:0.025837351450733455
usual:0.019500640079997345
james:0.031450852433063885
