seemed:0.034024862067207215
some:0.028246859882258567
at:0.007104556552051863
know:0.009950605852083079
help:0.017258812258401587
saw:0.027398230509156893
with:0.00471634981281893
previous:0.028009672739458112
my:0.007663018236534687
to:0.0033343528066713648
bet:0.034787671895238785
depend:0.04132743170343498
worse:0.03141181784951925
male:0.03875925645247906
that:0.008392853841156697
jeff:0.03399580071637416
think:0.011610871189746413
cleveland.freenet.edu:0.03453563525407666
like:0.009392250512166718
really:0.015737062445088112
could:0.012170235123597236
me:0.008738618390359231
re:0.003015649215952988
so:0.01648081608685355
baby:0.04025056563388238
had:0.024748523962615083
this:0.004233729341704992
you:0.008964499829172932
children:0.027035297322730044
relative:0.039702576424942806
m:0.01103882832351671
sure:0.017597129194832285
a:0.0067572780282890085
how:0.010607766106686485
was:0.028563262390367276
truth:0.028992399419456482
awful:0.04057190360603722
others:0.021744582444099967
are:0.005184769206461496
d:0.014692292115943834
pain:0.1071048387173374
it:0.00276496314306429
comparable:0.040838523462979864
disagree:0.03426120179773544
have:0.004122988815706878
probably:0.01925180415346136
stones:0.04783126933139425
ve:0.01471882015344705
degree:0.03573753508601607
be:0.004665010138205414
depends:0.034723920447600774
fill:0.03897149280987723
of:0.004704207715300128
women:0.060956696674732656
they:0.007523545358933416
who:0.010427845759950389
one:0.007929926675609858
in:0.005731603286919048
yes:0.021506821536321684
and:0.0030790114071837893
for:0.0052475623050334515
subject:0.00021529803945176046
each:0.02053233384968238
i:0.012316045628735157
will:0.009139559233091003
than:0.011537107114673073
impressed:0.041771462164588435
the:0.001823595991908999
when:0.01054576163583658
maybe:0.021354137760825193
stone:0.08025106374299112
just:0.00947087551182166
doctor:0.07104872731609416
different:0.020380781435574577
time:0.012737983628255754
told:0.025001772312331694
too:0.015746111837616907
article:0.006534942583198395
kidney:0.15429107660616062
three:0.023536193600584458
by:0.023962148584286275
says:0.020653441487319096
