some:0.005076247283188496
sugar:0.025875130888740897
read:0.009856535051730096
go:0.008458401094757075
at:0.0038302826628453523
ideas:0.01563910276973683
help:0.009304750956703465
all:0.004148121002809962
small:0.012994547392460918
with:0.01017091090068778
much:0.007596508128521441
from:0.0036807489323051113
gain:0.019937413176057617
my:0.016525465414440024
to:0.005392953235138034
then:0.006938610216416535
ii:0.01596260784830486
been:0.019137918094192685
make:0.01530504768130177
that:0.0030165619602997985
cleveland.freenet.edu:0.018619212050023936
bread:0.025964779963535398
appears:0.0169578305538884
like:0.005063648102211622
really:0.008484329318221417
nt:0.00310468935531495
me:0.004711255132193673
writings:0.022687511257551137
expert:0.022165949018077318
afraid:0.019631409711875877
recommendations:0.023429361331597936
so:0.004442654771238783
this:0.0045650646814906
off:0.028479879755952394
he:0.006913622641392328
merely:0.017743691390177636
two:0.00810778014197092
these:0.014405530200860371
on:0.006613158590077694
tell:0.01047836979835849
used:0.00858462394929072
suggest:0.01596260784830486
m:0.01190273662709628
a:0.001214351413779474
how:0.017156908659510316
hard:0.011757536532936997
was:0.0038498310178321114
as:0.006957514436669725
old:0.011512665575401409
expectations:0.02605631652526511
sensible:0.025875130888740897
part:0.010648791793101206
course:0.010635442608260952
experiments:0.024324370262920322
experts:0.02106907882068225
others:0.023446332374507793
lose:0.018281503187770814
poorly:0.025067665037457883
are:0.016771601259162404
no:0.019578186716217562
imagination:0.02464657883750172
reason:0.011618312713080555
it:0.010434730470346973
have:0.004445657505631764
husband:0.023183656069583402
ve:0.007935363908814932
stay:0.01716825029676601
has:0.0046294542342893525
be:0.005030097888151924
which:0.011233846369717545
get:0.005714669457787489
understood:0.020840193022919548
of:0.0025361815508574605
trying:0.011723166187253897
losing:0.021404867289969164
what:0.004001922186941875
but:0.002892535748914827
parts:0.015863891353984177
conditions:0.059149991805910795
balanced:0.025067665037457883
least:0.01046809731611514
drops:0.024324370262920322
women:0.016431805190580108
well:0.0073168170006667164
loss:0.018503703235307756
up:0.0058411320450103684
diet:0.044331898036154636
one:0.00427526481641575
in:0.0007725204430195238
or:0.0029317889465351535
recommend:0.019077301248536224
use:0.0072294762075971655
and:0.009129938172605845
few:0.009937510873505594
for:0.0070728013676537825
known:0.014160559772462427
subject:0.00011607372561747085
meanwhile:0.024201888189152077
i:0.005809960655294629
back:0.009158072695945815
possible:0.011204224447672096
impossible:0.01789675067362537
the:0.0026217495999619235
interest:0.015881673898556024
waters:0.02654535123581593
can:0.0037589825758161453
thinks:0.01969519314556194
because:0.007672705647367452
instead:0.01333797526775931
last:0.009478967617649992
myself:0.014490617660860362
just:0.01531811169738112
about:0.004282679044877702
is:0.005840709280231824
weight:0.09662908045659303
done:0.01151592848443782
type:0.014089184827529114
their:0.013162466248536644
fat:0.02368978803412432
matter:0.013134360921306706
experience:0.014400968586065861
guess:0.013026770708415885
too:0.008489208121149986
him:0.010419631753753511
almost:0.02627819939360494
supposed:0.015863891353984177
very:0.022737945545001484
little:0.010197124790862887
eight:0.021310686869181427
diagnosed:0.02464657883750172
condition:0.016513456906456614
give:0.010274940310243508
comes:0.013148592770632659
high:0.012162277502789224
s:0.008092647141600238
