tv:0.014350988849438117
bait:0.023037501086467693
choice:0.014289252554994481
at:0.006673977367079024
out:0.008925584083942877
stephen:0.015422951815875066
versus:0.020501074256354997
50:0.013072663973971329
means:0.0214742062154451
take:0.008052080039150393
your:0.014317411615696166
with:0.004430510430223844
former:0.015117037586161208
though:0.009414940157616212
hell:0.012929473198795059
o:0.013261284029545005
work:0.007670729030266302
wrote:0.009755965813230535
often:0.01177015298590419
to:0.003132270818388252
then:0.006045001324908345
next:0.010145378877837785
latter:0.035186389176175815
die:0.01427179686148617
make:0.0066669715278397865
that:0.001314032672100291
control:0.011551644961897816
higher:0.028120256916953728
nt:0.0027048429989486307
population:0.04484030153277605
me:0.004104502577289942
re:0.004249323895206484
uk:0.0982190791967906
had:0.011624306709713145
swiss:0.06885125873412241
on:0.0038409759487824996
you:0.016842393618446118
tell:0.009128882778872928
numbers:0.013362660609843554
them:0.005552496861864549
size:0.0136396861252495
8:0.01118367909990101
more:0.019263924633647362
a:0.005818767191026646
how:0.004982435595564865
other:0.005224651469060268
was:0.0033540194473537332
as:0.018184412732204964
steve:0.024296620051775655
usa:0.013805385174351231
approaching:0.02262083102883766
given:0.010559801360535156
therefore:0.026007011519355045
are:0.012176351924265635
likely:0.06262137888124485
place:0.020601724373609284
it:0.001298694809621106
absurd:0.019655833531679958
being:0.007370469431534653
ve:0.006913385223588767
per:0.013397064831715974
has:0.004033236643509663
feel:0.011538926834265825
without:0.008512160927282178
be:0.013146846753124348
rates:0.017369716024595652
writes:0.002504781784157433
if:0.0025384485597098835
whatever:0.012518790071035466
of:0.0036825868478359593
what:0.003486523117411482
street:0.015106168486055324
again:0.00924950431101522
understanding:0.015205131761025855
york:0.014254421240247889
magpie.linknet.com:0.0986499377628156
in:0.002692116695371068
citizen:0.01848581731917093
gun:0.013867482938653036
point:0.008339151368409322
or:0.0025542100670571414
total:0.041602448815959106
better:0.008470514664020467
and:0.003615505819041571
for:0.0024647641129702576
subject:0.00010112483671219052
twice:0.01708477882293812
i:0.0014462023276166282
soil:0.022782041689514917
we:0.005105090551946856
rate:0.10300276502438924
any:0.007752176259763692
than:0.01625683275249388
the:0.004282687556755983
less:0.020824739065123315
would:0.014131055244005698
law:0.011389549716833204
liberal:0.01856612871178685
may:0.007049339119090269
mad:0.019917170166100232
simple:0.012496926352106972
individual:0.014627599209343003
ny:0.015913611104480755
an:0.0034011293127338515
10:0.010948377870818805
here:0.006819700400088622
people:0.005701792197246657
expressed:0.015567269415239724
many:0.007019700862038233
about:0.007462243790317209
is:0.00508849672141409
number:0.018956551881801197
argument:0.01332856606113531
100,000:0.042065461828580626
new:0.006530301382134647
lack:0.014695155526146163
average:0.029390311052292326
easier:0.015820733766699246
switzerland:0.04282913379162581
article:0.0030694427284719736
killed:0.055345227222240695
manes:0.151478331185752
handgun:0.06325493503982929
deaths:0.03691884168897752
by:0.018758247629112993
safer:0.02177559030416262
dangerous:0.015927067171163965
news:0.011624532258194768
