tv:0.15786087734381926
camera:0.21621416884847955
with:0.024367807366231137
someone:0.09181075477762582
to:0.0057424965003784615
re:0.015580854282423772
a:0.005818767191026646
video:0.1456546330360426
netcom.com:0.1341264656133808
be:0.02410255238072797
militia:0.23953149334578883
waco:0.16186148789546878
in:0.007403320912270436
and:0.007954112801891455
subject:0.0011123732038340957
transmitter:0.25539701399236353
the:0.006281275083242108
would:0.03886040192101567
move:0.2947354262977514
dumb:0.21427583486369234
smart:0.2066791033306109
john:0.11172826664924357
