some:0.007942427721995606
read:0.015421789536720555
believe:0.014780080818573745
out:0.008014810197826258
there:0.012486788919416972
tavares:0.03504593551218972
all:0.006490257351335314
ever:0.017982462971631703
your:0.017141934995663435
way:0.01178484911256152
c:0.017592501329448704
from:0.011517989856192864
post:0.017568556492729117
trick:0.03379525904299239
my:0.012928085188167364
to:0.005625302694248289
line:0.038419098623210725
important:0.021376661856960695
speak:0.0243906994193088
make:0.011973336621426555
she:0.09020795877274781
that:0.007079686233356669
think:0.009794204268901737
quite:0.018069383551764635
re:0.0025438129440691873
so:0.006951092499217143
talk.politics.guns:0.040914687115863525
on:0.0034490396274781624
you:0.015123782024727125
includes:0.025630982118587407
more:0.008649109019188611
sure:0.014843836871831316
a:0.0019000056133964558
want:0.025749632213771176
said:0.014908196113356682
also:0.010091817222309975
rocket.sw.stratus.com:0.03768051230827798
fox:0.03856267437160133
no:0.007658134259744965
d:0.012393498111408404
it:0.016326449035236758
not:0.004101428629768468
clever:0.04048489866945854
analysis:0.029290926091853717
being:0.013236761428062231
properly:0.029290926091853717
expect:0.023511708048696515
sw.stratus.com:0.03411419500148797
sets:0.032350367804684685
public:0.02016152787796322
investors:0.03689972649472405
heard:0.01838535618652976
writes:0.004498383612364369
if:0.01823538557179345
of:0.002645450143751546
keeping:0.02843632600261964
separate:0.02872584718914206
who:0.008796278056012572
over:0.027291710918630717
in:0.003626116365193683
point:0.014976435110612658
or:0.009174305546980753
use:0.011311425358825497
and:0.0012986306615332987
for:0.006639772712491305
subject:0.00018161195164638296
however:0.03261359053329133
i:0.005194522646133195
special:0.023780348250782467
sees:0.036053099457489995
explicitly:0.03504593551218972
information:0.016590620982882755
will:0.007709560169410098
than:0.009731981511697014
cdt:0.10317568693344871
the:0.0015382714489572508
see:0.012036637832729088
would:0.0063445554156760274
her:0.06747773071285158
agree:0.020520783530370335
claim:0.02221251050884344
newsgroup:0.026150774425675847
makes:0.018999849539129074
about:0.006700790342325656
company:0.022898830201573808
is:0.0018277049448344482
today:0.01931378412107723
edit:0.036053099457489995
write:0.02213723758494907
keep:0.018023228463441638
easier:0.028412746356521093
does:0.008289039553316498
their:0.010297167473344993
vos.stratus.com:0.036424925393121727
e-mail:0.01870541344661406
article:0.005512468573582319
while:0.014764234733867499
vincent:0.07915304369776711
s:0.008441309943619297
