statistics:0.028988383988369802
large:0.018368307483972855
there:0.005630545923786181
stephen:0.024979504781539985
committed:0.02718683650715333
all:0.005853176875130621
hand:0.019369567211366095
your:0.015459291069708744
with:0.007175796034227575
much:0.01071899919975418
posters:0.033503520048142034
my:0.0058295353455846705
to:0.0016910419142218784
cash:0.03117132802284219
everyone:0.018757746978607995
crary:0.036898521509398395
most:0.011390156220656674
hang:0.03257976018017041
bigotry:0.035691709888256956
that:0.0021282492357943363
higher:0.02277223259532449
like:0.007145024929501063
nt:0.0043808500105671075
months:0.02083309533729951
kirk:0.07379704301879679
re:0.004588227027953013
chances:0.059880438923449394
shot:0.07318955237278042
carries:0.03313158985294918
generation:0.02846069764076219
criminals:0.08579110770973525
something:0.012212646117567625
these:0.010163410877907623
on:0.0031104835904250915
utter:0.03468371570855587
you:0.003409809750973754
support:0.01680341294192335
bill:0.01899088267295532
m:0.008397636270650748
a:0.0017135019949035522
other:0.008462012195287796
old:0.01624486553584248
russell:0.032073496231164254
course:0.015007066257055331
town:0.027325329280395903
frank:0.024025609672089707
are:0.01972120802457747
being:0.02387489484570734
only:0.008181203915762495
murders:0.06640838777518673
suitable:0.03154981617624918
60:0.024979504781539985
public:0.01818248219669076
evil:0.025623765119071173
guns:0.024754343021721407
writes:0.008113648969540643
get:0.008063644020190934
prior:0.028196787302825443
things:0.013709975019265335
if:0.008222704536974348
end:0.016590388972855884
of:0.013121757308117332
ucsu.colorado.edu:0.06716138098225781
arizona:0.03450056869536765
what:0.005646884067463995
parts:0.022384631971879513
year:0.01518258108104081
killing:0.02482848252610835
good:0.009938710744536805
over:0.012306384984781336
in:0.00654035712495057
moving:0.026018291911910015
or:0.012410640325823657
men:0.02154354940262173
and:0.001171157713161932
for:0.005988015881817313
known:0.0199811579611433
subject:0.0001637850116074742
i:0.0035134731394857966
criminal:0.028631599202130084
flash:0.033738006016364105
necessary:0.022115188818905063
the:0.0032369761165174054
do:0.013220575194598098
thing:0.01388915604371139
around:0.014522665234071384
moral:0.024626716471845556
fbi:0.02340381522877506
nra:0.03257976018017041
places:0.02340381522877506
people:0.018469609080651747
brady:0.038753005385919456
hit:0.021961362821652817
is:0.0016482983244826006
assuming:0.024344599212693267
right:0.011901064992578526
violence:0.028879153162397368
90:0.02473594729781799
life:0.017118891737967545
six:0.02599569531426402
history:0.020374279781293747
1:0.01201548399953809
nothing:0.01567396319939208
under:0.01489155476751926
article:0.009942734727811056
repeatedly:0.03219619970789229
seventh:0.036898521509398395
three:0.017904834395536643
bad:0.03362700670854459
by:0.012152582513094062
