some:0.02216842167974723
read:0.014348120644923556
believe:0.027502175700384057
at:0.005575727926926778
stopped:0.028516217233036174
know:0.0078093362383436825
your:0.007974254570767484
violent:0.030543168137380436
post:0.016345429141969497
longer:0.021482348154266934
to:0.0008722779494245765
then:0.030301525628654492
civil:0.0792383445482376
been:0.037145326258770615
that:0.004391197790309833
feds:0.06288484910531494
think:0.009112329288155413
control:0.019301482721145718
nt:0.004519484504572396
happens:0.02364606022011885
me:0.006858156205092055
re:0.0023667120428998135
this:0.006645347321157203
you:0.007035430245680024
them:0.00927758969324203
state:0.016820970803421622
a:0.008838633707888576
quick:0.02569161531766643
immediately:0.02672594643546761
question:0.04144910284836274
closely:0.03149092374724968
cbnews.cb.att.com:0.1141985887221254
considers:0.037796831592488235
are:0.004069059377222946
no:0.021374919041440062
those:0.011746301609414938
it:0.00650991322291086
have:0.0097072901230567
rights:0.08792909923272926
states:0.06556062788839905
larry:0.11505779837906319
after:0.012210213213069311
doing:0.01696647408332478
has:0.006739078948649057
list:0.018428029094440378
restore:0.03578130164870005
be:0.003661147197072603
considered:0.02179014529881147
writes:0.008370410012880535
if:0.012724375058798911
of:0.0036919098525140252
what:0.01165116586071685
least:0.01523836951080052
sense:0.020799506622550572
they:0.005904554585492048
good:0.010253226907338603
in:0.0056227753764079265
gun:0.023170984150660767
or:0.0042677940360954765
and:0.002416439332220189
still:0.025844418762399332
for:0.002059170018430848
subject:0.00016896808159505252
i:0.006041098330550472
period:0.023993741984788708
imo:0.03347609817038286
person:0.03550879036802343
will:0.007172818638628382
later:0.020224126765555087
the:0.0033394120695717537
waiting:0.02769012823661963
do:0.004546315942446181
can:0.005471936660998186
law:0.019030640033189657
may:0.011778642578733107
record:0.02440916707111769
makes:0.017677075204126418
dozen:0.03260602860944234
is:0.0034009193277299227
either:0.01584533358932505
done:0.016763693363422143
else:0.015990836869228208
convicted:0.03682119437839167
article:0.01025737823185571
very:0.011033180327743338
release:0.025150654996121888
answer:0.019216905329929472
by:0.006268578954539025
upon:0.021949845460081874
says:0.016209030028022584
everything:0.019554825847615524
s:0.003926811904152014
