believe:0.02468945318557205
there:0.010429306654285767
tavares:0.0585426422760442
where:0.020993827252656385
c:0.029387473811692728
from:0.009620139254888358
my:0.021595778666597756
speak:0.04074355471179993
she:0.07534414738405643
that:0.011826294048902617
control:0.0693098697713869
finds:0.05975151049830069
consider:0.03659504634739992
re:0.004249323895206484
so:0.011611484061192274
this:0.005965709526947943
30:0.03889892584515785
you:0.006315897606917294
inc:0.08320489763191821
support:0.031124503517426204
bill:0.035176294041951335
a:0.0031738730132872617
was:0.010062058342061201
said:0.024903463962084458
rocket.sw.stratus.com:0.0629435830604189
march:0.049246728021512
are:0.0073058111545593815
d:0.020702775254284496
it:0.003896084428863318
not:0.006851250097454147
only:0.015153820889423712
allen:0.05061396218982423
sw.stratus.com:0.056986212104758315
investors:0.061639315849141306
writes:0.0075143453524723
if:0.007615345679129651
of:0.006628656326104726
america:0.04474702902802798
but:0.007560036616481935
in:0.006057262564584902
gun:0.041602448815959106
or:0.007662630201171424
and:0.004338606982849885
for:0.007394292338910773
subject:0.0003033745101365716
mrs:0.07247005113319667
i:0.004338606982849885
special:0.039723990828011625
cdt:0.17235029521837456
level:0.040006081393110786
would:0.010598291433004274
country:0.03830402395477423
jim:0.03848103121532807
here:0.020459101200265863
company:0.0382514549958108
brady:0.14356226995238344
press:0.04076534500872348
hit:0.04067843340828874
is:0.006106196065696907
today:0.032262798474981286
write:0.03697924914758538
violence:0.05349206778944058
nigel:0.06885125873412241
vos.stratus.com:0.06084618219078288
article:0.00920832818541592
release:0.04515685783394612
handgun:0.12650987007965858
chair:0.06532677091248787
s:0.007050412282454754
