tv:0.018391558525493505
since:0.009712726327202336
choice:0.018312440167565742
at:0.004276529186671995
out:0.011438612612431648
there:0.004455237794063822
versus:0.026273221377076304
50:0.016753316937516652
take:0.01031917053561021
i.e:0.016769606781433993
your:0.018348527507494116
with:0.0028389678484929477
former:0.019373290887119216
hell:0.01656981031301891
times:0.013643088065500127
work:0.009830448854321862
knives:0.02941218819710083
often:0.015084079554750999
to:0.001338057436981389
crary:0.058392805883805216
then:0.007746991989202927
t:0.012506179878642922
worse:0.018908084530778576
latter:0.04509323661412822
die:0.018290069764234702
bare:0.028889709244710706
make:0.008544080016260697
that:0.006736012144358773
control:0.014804049854082638
higher:0.036037610806193124
really:0.009472794869858863
nt:0.0034664007365166915
homicides:0.06555396067148268
population:0.05746524079928581
me:0.0052601392252647795
re:0.005445735477351998
uk:0.041957664899599866
had:0.014897169763904223
you:0.008094160039932843
tell:0.011699150745740062
numbers:0.017124963111644166
etc:0.011273417414845803
them:0.007115821221030295
8:0.014332481953271194
more:0.006171937018547212
a:0.0061012316177755125
how:0.006385257268102545
was:0.004298355019909638
as:0.007768098642883674
steve:0.015568707994341681
40:0.018565568873906788
baseball:0.018190659417906832
therefore:0.016664686992984783
hands:0.019443543472597535
frank:0.03802111045194778
are:0.012483716147596611
likely:0.016050528179270523
place:0.0264022098768585
it:0.003328693492621087
only:0.006473476884802361
ve:0.008859872325375894
murders:0.026273221377076304
per:0.017169053959092316
60:0.019765336307723383
has:0.0051688081256628686
without:0.010908788761177159
be:0.0028080643550362685
rates:0.022260218594627432
guns:0.019587174332721304
writes:0.0032100116068813703
if:0.003253157377492278
of:0.005663318026186563
ucsu.colorado.edu:0.026571128883757334
year:0.01201340153499831
english:0.021447331966211795
again:0.011853733680136008
understanding:0.019486188276266143
using:0.010701070770120974
magpie.linknet.com:0.0632125814790857
in:0.005175136948383218
gun:0.035543839765091276
or:0.006546713181583352
england:0.047868403075582336
total:0.08885959941272818
and:0.00463346376809211
for:0.0031587268243890676
subject:0.00012959687811659365
each:0.012359268919226287
i:0.0009266927536184219
we:0.006542446144242572
cu:0.02941218819710083
rate:0.09428824537600124
than:0.013889332837082146
the:0.0032930956747094548
do:0.003486980188866488
less:0.013344007556292607
would:0.009054850933052194
law:0.014596316141960998
because:0.008566613101429678
liberal:0.02379348533937732
mad:0.025524917106070195
simple:0.01601547843182641
10:0.014030930863573612
here:0.008739810221472796
expressed:0.01995028701758877
about:0.009563263886620111
is:0.0039127081586019016
number:0.024293833479589882
involved:0.01747998610226149
100,000:0.0539091355473072
lack:0.01883262649952712
easier:0.02027511511848835
does:0.005914994244356918
matter:0.014664577727672535
dead:0.03331341878457413
switzerland:0.08233173291982437
article:0.003933654758818451
manes:0.06470919002109793
handgun:0.027021525648082415
deaths:0.04731346701888381
three:0.014167417507147924
by:0.004807939198141583
safer:0.02790658174902394
s:0.003011826606097176
news:0.014897458816327274
