some:0.0052829722856712865
positions:0.021896624871382688
bright:0.02379245666900661
nick:0.022513873086269006
supports:0.01955492979483614
storm:0.025380062886532915
your:0.005701050779100736
with:0.002646277723029626
funny:0.020365457694824538
ca:0.009305649756073852
members:0.016688879224002785
my:0.012898836126655674
to:0.003118097647264323
grace:0.022952107593010716
recall:0.017696177443769334
animal:0.02291392266701133
born:0.019447615194757788
been:0.006639096774757644
die:0.017048662314173527
honest:0.021220854334946852
that:0.0062788167499452825
problems:0.012412096090008025
considering:0.018123845951833
nt:0.006462249336854647
consider:0.014571783160955627
re:0.001692038474109369
complete:0.0167566328067637
so:0.00462357736373267
anyone:0.007569749998377336
political:0.016311202613038575
this:0.004750972292954019
off:0.009879897954553622
he:0.021585518654120842
laws:0.01679580956125743
swiss:0.05483177166156355
restrictions:0.023480271730151627
contains:0.01899390726189048
something:0.009007517272233135
on:0.006882472740804841
you:0.0025149275538856194
brain:0.01995193845686332
products:0.018326184588854703
etc:0.010508253336915093
asshole:0.026928869250725823
seeing:0.01813705730976664
winning:0.021194774223106356
more:0.011506054532314262
a:0.0025276092775500364
other:0.012482425229248062
want:0.008563791709104894
was:0.004006611466522107
as:0.007240852128660801
election:0.025446120802465732
reputation:0.02608852017472993
definitely:0.019257247710953773
funding:0.02422834403976875
sig:0.021353558475646038
organization:0.017338611891931546
are:0.011636405096854761
freeman:0.024279473249062565
no:0.005093872109423122
it:0.006205528140089991
not:0.010912398345266333
cs.umd.edu:0.05187535328821468
have:0.0046267023814267234
probably:0.010801917262575605
only:0.006034100625652881
ve:0.008258523525011016
tom:0.034350481660405024
peace:0.017428216540330548
whose:0.016935662671950086
b:0.027700528022753322
has:0.004817984044735525
feel:0.013784057394779085
love:0.014806413756477144
free:0.013065646127261249
tested:0.021435090174753178
regardless:0.020475024473650755
which:0.005845666662975194
writes:0.002992137515916572
get:0.011894787106706991
if:0.00909706452167524
of:0.0017596433082872277
future:0.01585749468017127
andy:0.04055935055938107
candidate:0.026012469865606028
what:0.004164896393649915
but:0.0030103313224000465
nature:0.017250747250044208
saving:0.023885756611100442
understanding:0.018163596311813694
brave:0.026928869250725823
they:0.008442711534006732
who:0.01755275394887577
proving:0.02608852017472993
chance:0.016267228633541197
in:0.0008039805515587806
and:0.005182770332454161
for:0.0014721668005071222
subject:0.00012080070991863483
membership:0.04866237360965113
offer:0.015905717732089767
anti-gun:0.028323898027443093
animals:0.02221097949950381
i:0.004318975277045134
boss:0.026012469865606028
unnecessary:0.026489214280347326
firearms:0.02149027240594693
the:0.002387452972816005
reads:0.023480271730151627
less:0.012438305685956007
strong:0.016337793601676517
would:0.008440268290537341
can:0.003912063314197798
her:0.02992225162832333
come:0.010865129748730357
individual:0.017473693173151825
an:0.004062887504804239
nra:0.14417649527695323
newsgroup:0.017394406518435972
people:0.006811190679063881
many:0.008385525011665581
about:0.004457086788786749
efforts:0.02195777292191085
is:0.00607856621924579
guys:0.017577718142494352
elected:0.025187485445723884
spent:0.019646344760073785
time:0.014294207872431798
keep:0.011988301285637654
man:0.013113345424412665
their:0.027396988571614735
sticker:0.02683745428548818
met:0.021353558475646038
too:0.008834922479024872
him:0.010843960648702751
arena:0.025791699891988693
bad:0.012400909713784544
fault:0.06009502262873231
especially:0.014141609536187066
sometimes:0.01585749468017127
s:0.011229615943095355
