tv:0.02189977489162811
above:0.015737896127910666
believe:0.02511759399225827
cat:0.029271542828956665
fast:0.020125999566173627
know:0.0071322261598745764
your:0.007282845214920592
with:0.003380505068147672
someone:0.012736752107878727
turn:0.019777330258465405
to:0.001593293826694602
remember:0.0160845320030129
recall:0.022606099509092613
look:0.013706175284831852
might:0.012295289802765582
bear:0.02604371284866887
bunch:0.023446260237886273
make:0.020347751252597728
that:0.002005229048754201
weapon:0.028050102981169348
think:0.008322242933691071
cco.caltech.edu:0.026015989309573537
nt:0.00825524337251374
television:0.030219536911443776
re:0.00216150579640561
so:0.005906419638063122
this:0.003034580568620919
he:0.01838304286150561
these:0.019151860960681416
recently:0.01912896858143173
on:0.0029306868510941613
you:0.0032127109214376984
used:0.02282616772643775
apparently:0.02189977489162811
seeing:0.023169304424615185
ray:0.025073808477391154
more:0.007349242923819224
sure:0.012612971214793083
a:0.0056505947288582456
how:0.007603254319243493
member:0.0230687741199223
sorry:0.01836657043201517
want:0.010939872645735153
was:0.020473089805812382
as:0.004624937342294904
old:0.01530585596729667
steve:0.018538461542395298
arms:0.023428556252160573
died:0.023446260237886273
universal:0.02841529894429958
model:0.04230001747495433
it:0.005945469879883906
not:0.00697005790261231
proof:0.024202939836423003
made:0.013442656369468215
being:0.011247421560260972
92:0.05067647269799854
selling:0.02410275800780081
chuck:0.08641539881201203
alive:0.02546254967397594
be:0.0033437066886559032
loop:0.029673816191957792
aaron:0.058446342887155917
writes:0.0038223259596390884
if:0.015494807393373625
of:0.00561967010305603
produced:0.026536572106788458
but:0.0038455677586728913
again:0.014114850509294901
fire:0.020791870734332196
called:0.015504361247726785
one:0.005683878079627875
in:0.0030811508999044586
gun:0.021161939282106367
morris:0.02841529894429958
rifle:0.1385653826777104
or:0.007795508181538558
and:0.003310382206567542
for:0.007522517061550844
subject:0.0001543176698960595
i:0.006620764413135084
special:0.02020642308014464
any:0.01774486588940128
the:0.003921258433469062
do:0.008304253397762966
38:0.02951966447471987
can:0.004997491285767129
because:0.010200706930026091
did:0.009502375973658758
correctly:0.025192505601331665
an:0.01557048795193763
nra:0.030696537048368652
makes:0.016144380822265745
length:0.02672106692163415
itself:0.0194396291363837
right:0.01121314216063757
lack:0.022424977219090095
time:0.009130115432969443
wanted:0.017602080864428337
sold:0.023737156676542432
stock:0.02871620277063515
dead:0.01983400077925512
show:0.03479848173103852
arc:0.06626851489419332
barrel:0.034765658994404265
models:0.025798861554801
handgun:0.0321759207139016
before:0.012290140272963261
movie:0.029320322416505017
by:0.011450121096152208
