another:0.019116425261970507
at:0.00759452596943475
help:0.01844907517277411
take:0.018325423537376755
thanks:0.01718436762858761
hell:0.029425697624843927
from:0.007298036676122203
to:0.005940513621081168
recall:0.033714269095457085
crime:0.034579464872737206
that:0.008971671347443366
considering:0.03452905133926804
control:0.026289950602939857
cco.caltech.edu:0.038799708194450194
like:0.010039991926798907
nt:0.006155849583814125
me:0.009341281727625385
feustel:0.11353454938792329
re:0.0032236250239497458
this:0.004525710675615681
you:0.004791370598351051
tell:0.02077607804846942
used:0.017021237140835047
ray:0.037394559194729914
more:0.021921017686564237
a:0.0036116486013268835
how:0.011339336183009693
other:0.01189058610199923
want:0.01631549972165674
was:0.007633285638805048
exact:0.036818503192614385
cheap:0.03203647602074869
are:0.005542339496562289
effectiveness:0.05095926525686816
it:0.002955650256379069
deleted:0.06057550856893684
have:0.004407332871962525
per:0.030489871685974286
tons:0.05000042357488347
investigators:0.05349581243788489
netcom.com:0.02775030323035465
be:0.009973469950646057
aaron:0.08716566654722392
which:0.011137002866530325
explosive:0.05305362886557842
writes:0.005700537853599676
if:0.005777158791063873
of:0.005028635833596689
year:0.02133414410525562
bombing:0.09695849478180907
scenes:0.05349581243788489
seems:0.02031454387397481
using:0.019003625677973455
david:0.0215210796495215
one:0.01695363634095901
in:0.004595164704167857
gun:0.03156047841210691
point:0.01897875828672466
world:0.021734919730454112
and:0.0016456785107361632
subject:0.000230146180103606
feasible:0.04927556911617191
i:0.004937035532208489
the:0.007147657853344468
do:0.006192395852642213
would:0.008040083156072207
can:0.007453155107221667
trace:0.047296479101995186
correctly:0.03757158162957223
push:0.04137651108277402
consensus:0.04860696364767299
just:0.010124039340223155
here:0.015520697462270656
about:0.008491518795878204
reality:0.03612595881252054
trade:0.03637140427873874
is:0.0023161433352643437
involved:0.03104204428505058
center:0.02816061063338628
man:0.024983183955131025
ignorant:0.04309408031088312
stat:0.05000042357488347
arc:0.09883149204047796
editorial:0.05000042357488347
