out:0.011114878293211885
folks:0.01746799929384329
say:0.008950683840884639
lead:0.018227427535942975
know:0.0058201656870674615
all:0.004500319955878732
happen:0.031902190812899196
richmond:0.029271293598087958
existing:0.020422979511113444
former:0.01882499020163471
from:0.011979796053257202
sell:0.016415435372549848
my:0.0044821427421240624
to:0.006500939434390712
remember:0.01312558507793034
us:0.029149194144127304
calls:0.018907026723860507
regulations:0.025879205546374722
that:0.0032726851456082715
control:0.04315520193312769
nt:0.003368295055294521
toronto:0.03789717259566587
me:0.005111267360398796
indiana:0.027613756396022444
political:0.017003659327743042
this:0.0024763322564689575
30:0.016146723935725898
he:0.0150012566747192
contact:0.016415435372549848
best:0.011486679622459594
laws:0.017508839212442888
sincerely:0.02570118513136129
on:0.009566204249797922
you:0.002621693346267556
1989:0.022316568934738157
am:0.007709133758025309
none:0.017087312417081574
inc:0.05180682305383587
state:0.012536383900663283
bill:0.014601480545715648
m:0.00645667317035883
legislation:0.05072822909307971
a:0.001317456722496599
same:0.0091608176911727
vote:0.021485063074653293
as:0.007548246794500174
said:0.010337286927657698
local:0.014416903075075245
wife:0.0190612359770942
given:0.013149941316892835
jason:0.021508946574448323
washington:0.018109496865162708
anywhere:0.019935515588936137
college:0.019431675946078548
ontario:0.0448051905822101
those:0.008754319123997925
it:0.0032344851862261504
rush:0.024089160160974232
desk:0.02525690581504195
systems:0.014152910944729294
follow:0.01781600147366644
try:0.011492404114827324
empire:0.025310205603975594
kind:0.012997767438504998
referring:0.02240259529110505
allen:0.04201913842174087
knew:0.018311769164612073
which:0.006093831757158103
writes:0.0031191622217809543
get:0.006199877241939256
were:0.007317468384303297
if:0.003161086885676459
of:0.007337380587386364
future:0.01653069020904646
what:0.004341708033002978
never:0.010395939768216322
secretary:0.024089160160974232
must:0.010931417110752345
who:0.01219861202107404
now:0.007792049046595491
called:0.01265214384838082
one:0.004638258998941615
president:0.017761595090433954
in:0.00419055900694553
gun:0.03453788203589058
our:0.01051780859896412
or:0.003180714423127761
and:0.002701396800642381
for:0.003069328895396924
seriously:0.018287517280176135
subject:0.00012592904194348253
showed:0.020163942918678943
twice:0.021275384949319166
mrs:0.03008190801755333
i:0.003601862400856508
we:0.006357282574122499
house:0.016216377096651847
firearms:0.02240259529110505
prohibit:0.027527203855134724
the:0.001777719363181729
when:0.006168275673791207
canada:0.03510007163213817
got:0.010434687837880065
would:0.008798581567022415
can:0.012234424421288397
possession:0.027276685811201008
did:0.007754297374730969
nra:0.025049532591357438
ready:0.019884336268067907
here:0.0169849142039943
ourselves:0.022431622958908718
expressed:0.019385656252940035
brady:0.11918377128122398
dear:0.022670508491072657
press:0.03384292793177043
is:0.0025346474234968293
clinton:0.051865419176468384
save:0.017087312417081574
today:0.01339210502735072
living:0.017377382141646698
white:0.016032873329342414
type:0.015285436369489133
2:0.009190611094789664
sale:0.014975812047658629
nigel:0.057159535552856335
transfer:0.0214376558300613
show:0.014198437121390718
article:0.003822324907153778
remote:0.02125265246613073
opinions:0.013469859224151141
release:0.01874435608201537
handgun:0.07877029646469308
april:0.016047895574943925
bills:0.02659626312797201
letter:0.038500462450385436
by:0.004671865447250783
chair:0.027116772831598735
s:0.00877975869135875
1991:0.02048038769800144
james:0.01631883852658975
