keys:0.026125630700710008
another:0.014783368869257192
phoenix:0.03940849846531138
andrew:0.02510305439447999
tavares:0.03434501680194593
situation:0.023494215258497323
your:0.033598192591500334
with:0.0038988491785969825
c:0.017240651302859733
into:0.011938692686549244
store:0.029754686993203824
to:0.0027563983201816617
she:0.17680759919458575
that:0.0069380925086895365
guy:0.022575538312992464
id:0.03126539205348836
nt:0.00952104735629918
sitting:0.03026530329641305
re:0.004985873370375608
lost:0.023363375495452334
so:0.013624141298465602
this:0.003499882922476127
off:0.02911276597275134
he:0.031802664150404704
bastard:0.039152056593126074
you:0.007410653192116292
great:0.016808337924884512
why:0.01186481720102671
more:0.00847612683880484
a:0.004655013752821317
as:0.01066818880289358
woman:0.02919512398330282
steve:0.021381025645562577
are:0.004286075877341504
no:0.007504971574550066
d:0.012145628149180238
not:0.0040194000571731
have:0.0034083374209843524
buy:0.040091215003252884
has:0.007098496492577007
sw.stratus.com:0.03343191110145821
personal:0.022359303141304774
ford:0.03187003579662711
writes:0.013225247820351248
if:0.008935338930178791
of:0.0025925411408765156
arizona:0.03749061798229951
even:0.011194396318440172
victim:0.035621938214605124
saying:0.040220735719525856
fact:0.015988447524192262
alone:0.051189511138859924
ed:0.02645446447779335
who:0.008620352494892323
waco:0.02589783806327501
now:0.02202552530504326
one:0.006555406051837484
in:0.007107188075779619
gun:0.09762707988811738
total:0.024406769972029344
and:0.0038179741449078986
subject:0.00017797971261345532
outside:0.024031838516543502
back:0.02808475626756717
house:0.022919146296601276
containing:0.03208441654085732
any:0.006821915108592049
lives:0.025949718999555376
shoot:0.03107544568152632
cdt:0.033704057731593254
the:0.0035175140466155806
can:0.00576377328291809
her:0.04408545073239638
home:0.03905817402481798
needs:0.022328977084462312
wants:0.04694046883458332
just:0.007829257089772574
makes:0.018619852548346496
address:0.02128547569289074
is:0.003582301691875519
right:0.02586498125053733
tonight:0.03239662520541798
does:0.016246517524500338
break:0.026161376988319242
run:0.03569112571183193
runs:0.02501193680295557
article:0.010804438404221347
davis:0.03301834182866187
already:0.01937190880864901
s:0.00827248374474691
