perform:0.03398331822394363
some:0.008522166971776306
at:0.0064304015507622705
tried:0.022612146372530444
interpreted:0.039771176991595575
setting:0.03140026903184384
to:0.005029923941937338
corruption:0.08493063812826107
stop:0.024262431493289324
building:0.027740639188603294
crime:0.05855792591587615
us:0.015035594059744495
tough:0.03498718536694523
make:0.012847302798173019
that:0.007596451651849858
nt:0.005212252202353566
brought:0.028280239726537718
re:0.005458985442017088
deliberately:0.039771176991595575
this:0.007663977202502467
laws:0.027093970168159797
these:0.024184466760568506
on:0.011102383034437006
standards:0.030929184935949164
possibly:0.028298931849615627
children:0.024469904146120623
more:0.018560861690813515
a:0.0010193460772601423
was:0.0064632199569444205
as:0.017520748033949308
steve:0.023409882093681653
politicians:0.0407329965363483
minutes:0.02908881202947134
military:0.028261595348398325
innocent:0.03234638212164958
police:0.0536581592939079
it:0.010010377510656115
being:0.01420294839361422
only:0.009733841155250268
60:0.02972014072548188
domestic:0.0395931371877696
war:0.051632483439022145
convex.com:0.039249578714353646
call:0.019393840131377425
his:0.013462985704417932
troops:0.034148280500711815
writes:0.00482673278115009
end:0.019738929945806637
of:0.0014192743471951727
but:0.004856081914236571
least:0.017574177975959723
who:0.009438342147692323
gardner:0.08416880231555202
in:0.005187728522466875
government:0.019646824369462024
citizen:0.03562230490701551
become:0.024176808575147063
and:0.006967106103846529
davidian:0.03801730959336786
for:0.004749618436672613
subject:0.00019486829848188537
murder:0.03123051091385649
leaders:0.03228149929378647
any:0.007469250118896403
corrupt:0.04233612507070425
the:0.006052031467065389
do:0.005243196488368589
thing:0.016525054270985082
responsibility:0.03166254647145014
law:0.021947745439736977
because:0.012881184663463606
country:0.024604044584088554
forget:0.028023455003025503
moral:0.02930039988986004
an:0.006554001011399538
here:0.01314161244980581
people:0.010987395183015456
govt:0.03562230490701551
is:0.007844456259581427
write:0.02375309434297455
days:0.021739070252191038
time:0.023058539706623554
agencies:0.06764400364495783
convicted:0.042465319064130536
article:0.005914838542456942
politically:0.04137746812135325
killed:0.07998799262776392
enforcement:0.032993360754617694
soft:0.03900212213277933
s:0.004528731977051228
