tv:0.019038497770108857
statistics:0.047488508443259074
comfort:0.03011534070759284
go:0.009776041466302147
at:0.013280879584740167
1920:0.029804409030617523
means:0.014244197087631924
take:0.010682156433847756
with:0.002938831039143454
10,000:0.05697199128266729
yard:0.030333858858043787
hell:0.01715266796222058
such:0.019326806065003
followed:0.022336370356800403
to:0.003462811960027213
crime:0.020156873996168424
look:0.023830837429908647
crary:0.06044682418122551
death:0.06744555545801854
us:0.03105341285706024
make:0.008844625544470873
that:0.005229717971374022
control:0.030649590652673604
britain:0.055944063150803795
nt:0.0035883344307660226
population:0.03965775411944012
re:0.005637294011731214
uk:0.06515034398983094
beaten:0.029325463403460112
this:0.0026381027053840153
shot:0.039966154227012426
laws:0.018652632728833628
burned:0.024454103819600292
you:0.011171838983089887
children:0.016846114914665956
great:0.025339202901835948
m:0.006878465890030513
more:0.006389040330757417
sure:0.010965045327433184
a:0.000701760867259495
same:0.009759263067982978
was:0.004449553437695405
as:0.020103370859724082
steve:0.016116350989117522
baseball:0.018830531859742754
question:0.010969779313302033
closely:0.025002843980228392
figures:0.02371425338250138
frank:0.039358536447744945
are:0.009692131380922998
no:0.011314027499321706
those:0.009326209318027941
it:0.0017228916067335274
murdering:0.03011534070759284
real:0.012852230422101747
after:0.019389082288089964
has:0.005350625496917342
accidental:0.030333858858043787
suffered:0.05305278604073565
yourself:0.01761947071042509
rates:0.02304324135926257
writes:0.0033229265880279513
down:0.011881234055040995
if:0.006735180098124716
of:0.0029312651090312356
ucsu.colorado.edu:0.02750579170881413
year:0.02487196699708193
alone:0.019292529323690924
they:0.00937607662821853
up:0.006751057137449169
magpie.linknet.com:0.06543613962156612
35:0.045379138027451776
in:0.0053571769415424264
gun:0.036794125585973884
5:0.013059662748330066
handguns:0.027700336996154283
or:0.00338849978745269
england:0.02477610812454764
and:0.0057557399169465805
few:0.011485565331187369
for:0.004904756727317698
subject:0.00013415556227144873
i:0.0009592899861577635
we:0.006772582440773719
cu:0.030446787781923477
rate:0.019520983464780158
will:0.005695001733182333
the:0.005681555351676278
do:0.007219275566899464
see:0.017782771471469106
law:0.015109754398210884
effect:0.01741896208352968
examine:0.026906854436125092
did:0.008260859514788771
mad:0.02642277851181136
last:0.010955590713866823
fbi:0.01916995920748912
people:0.02269255990059976
many:0.027937703933338092
about:0.004949830051868702
is:0.005400454811872641
their:0.007606450344631728
first:0.009434948891412267
almost:0.015185894121932502
article:0.004072024524204025
very:0.00876001252152486
manes:0.06698539268515666
deaths:0.07346663974288993
before:0.010684393302626353
by:0.014931188062570343
news:0.015421490030971954
