another:0.018176273199906383
apologies:0.04466107580203766
at:0.007221024692249435
out:0.009657189336725082
damn:0.03526095784723448
take:0.01742417319947298
stand:0.03227654552841363
with:0.004793667022865143
ohio:0.04157717850865056
my:0.0077886414863139455
to:0.0033890143280922067
then:0.013080986473572158
born:0.03522887670525796
t:0.04223398450820397
ai:0.03977596570280571
nasa:0.03516508866884767
been:0.012026560550995404
she:0.05434659811308988
that:0.0028434805363481705
think:0.011801213340397994
cco.caltech.edu:0.03689152582423133
like:0.01909244366407661
nt:0.011706205765941615
me:0.00888187442954545
re:0.0030650860883456605
so:0.008375496699876394
phone:0.024076615788603026
this:0.004303134740749336
cleveland:0.04417010742842234
founding:0.04985164169530713
ray:0.03555548251302189
a:0.004578702051955394
anymore:0.03632339631693437
88:0.041039495865324224
was:0.007257878148372013
as:0.006558312788664086
old:0.021704205592969872
steve:0.05257629257105552
said:0.01796315433330682
politicians:0.04574115184819441
act:0.03058715625424881
d:0.014933149363746193
silver:0.04269156896960162
not:0.004941885316196434
texas:0.03252598091531969
have:0.008381157592584473
being:0.01594921254037007
expect:0.028329681009494984
his:0.0151182708320103
publicly:0.04245624023286038
aaron:0.04143941524376219
writes:0.0054201835329308395
making:0.025201698285839375
of:0.003187550583044896
even:0.013763602030869064
republicans:0.0492988443117372
but:0.00545314116598697
least:0.01973493756316789
they:0.00764688216809626
exceptions:0.04739883108175914
now:0.013540281949821674
sounds:0.02920249642262982
george:0.03264191950045219
one:0.008059925473570676
comment:0.03220981472854724
email:0.02249097261449132
in:0.004369172997405504
few:0.01873465164677284
for:0.0026667939582956887
subject:0.0002188275155083467
foot:0.03950180230880948
i:0.001564743502011434
house:0.02817927823352616
research:0.025305995742104733
corrupt:0.047541386349889206
the:0.004324812352396206
do:0.005887851794315547
can:0.007086606495391093
her:0.05420342303163489
did:0.013474680683958733
may:0.04576292280589748
opposition:0.04326846074633768
people:0.012338304426828832
about:0.00807390311739239
is:0.0022022346466447863
days:0.024411906758607972
questions:0.024788330633159935
center:0.026775662569449254
matter:0.024761500097545432
mouth:0.039610369741186695
image:0.03033658194207932
arc:0.04698546342907969
already:0.023817920666371735
lewis:0.04078332747594631
majority:0.0337933493927346
father:0.03548911193734468
concern:0.037759495407303965
s:0.005085543285705069
news:0.025154725542323106
