school:0.01739963864017275
some:0.005586300837958632
large:0.014325522104725241
out:0.0056372110003849755
block:0.020994159268724073
correct:0.01565654277598779
there:0.004391287012330849
hours:0.01873767644282594
all:0.004564917849982255
differences:0.021915838342660993
case:0.011825890465582562
media:0.018906488950695032
where:0.008839506211644792
with:0.0055964342276511704
way:0.008288865165294465
compound:0.020490041968925864
suits:0.028475024423016297
from:0.008101169898853355
to:0.00395655261270095
schools:0.023555595582262716
prayer:0.0254090952601329
bunch:0.019407669957676198
aclu:0.028283611338740224
that:0.0016598307437056307
think:0.006888746543198828
weapons:0.01913663150951997
like:0.005572435710567814
nt:0.0034166437881456386
along:0.016717518713594424
asking:0.01715518093128418
generally:0.018501193747478942
rat:0.028674415314885047
re:0.003578378017015986
anyone:0.00800437679254254
charges:0.02418951511836836
child:0.01897303646287748
bomb:0.0254090952601329
these:0.007926487909564319
burned:0.023284051005265347
on:0.0024258795465994733
you:0.005318650616351405
kenneth:0.02352079769073602
children:0.01604008070822261
used:0.01889438763958723
why:0.008515419043799074
a:0.003340918961355012
dealing:0.022551204246880188
same:0.018584625363910166
was:0.004236656144025768
as:0.003828297417306308
running:0.01448545651888374
operation:0.02060175184450955
whole:0.014315385047977464
quoted:0.02137713873127688
far:0.011910899866609577
are:0.009228393037338165
d:0.008716958001803997
religious:0.017566506244546018
fighting:0.021817687434368634
neighbors:0.07751840879469928
reported:0.019757739698620398
have:0.0048923503650493095
try:0.011657366853317667
philadelphia:0.02373348554992661
christopher:0.02315384735203624
against:0.02472039035557748
public:0.014180596162969347
regarding:0.018932996990769748
sort:0.01501177659167957
writes:0.0031639348852514943
down:0.011312753956713674
were:0.029690015262627732
if:0.006412922677161811
cops:0.023284051005265347
of:0.006512364109857276
keeping:0.020000669485096108
gotten:0.020620626381787143
what:0.008808058401881638
years:0.010668781928135853
killing:0.0193638404390223
york:0.018005584724523647
using:0.010547466883468519
well:0.008051999570111698
they:0.004463730260802601
who:0.006186855857578221
waco:0.01858696511718302
in:0.00595099480029394
gun:0.017516820554088045
tactics:0.025896093797501046
dropped:0.02376987119291809
force:0.01710049817614723
rather:0.012313318913458675
use:0.007955882907882048
and:0.005480345662547223
few:0.010936016750747781
still:0.009768942977174866
for:0.001556693123981215
subject:0.00012773663584697749
threatening:0.02783611823820997
branch:0.021817687434368634
group:0.01290486093208921
back:0.010078261818504963
drug:0.020490041968925864
grenades:0.027272563043681818
the:0.006491652717609069
do:0.0034369278416578786
essentially:0.021534766270603932
would:0.008924876996214125
whereas:0.02407136864664409
an:0.004296163342400654
people:0.021606791484303122
about:0.004712996078095079
lawyers:0.026567660102261446
garbage:0.02551311433494824
worry:0.021035229812702023
move:0.05076782462545001
cop:0.02607010166434734
ninja:0.02857368129958441
night:0.01601834854824892
guys:0.01858696511718302
new:0.008248801745854292
eliminate:0.02578350768549055
questions:0.04340922972122744
their:0.02172751605619685
gone:0.01880190142049169
1:0.009370927712558414
davidians:0.02315384735203624
significant:0.019918314801454378
politically:0.02712302934270524
jewish:0.018299077454664105
roof:0.027506008805258046
understand:0.014335680683902648
assault:0.02278323462936158
by:0.004738925716828546
black:0.06755124126782655
remain:0.021489197459545292
charging:0.028990003677525224
