basically:0.01736374578870746
some:0.0051660923678467
ask:0.012896294621045874
sleep:0.021783714498641187
correct:0.014478838230891366
resistance:0.021625103296105185
there:0.008121937925461481
opposing:0.023844040293219137
defense:0.01736374578870746
where:0.008174587602804255
your:0.005574921337085232
armored:0.026333097807125692
invaded:0.027821913013414242
occupied:0.0224443176020149
from:0.007491789862213943
wrote:0.011396349445543633
hitler:0.022596911301444856
my:0.004204487881992483
to:0.0030491131860416612
crary:0.026612650469167866
ten:0.017814111692733756
proud:0.022369949821853925
that:0.003069952437473246
think:0.012741132986978364
memory:0.029925948904135535
control:0.026987913893283394
weapons:0.01769715037827289
tanks:0.021948223362542752
population:0.017459940419842
could:0.013354948277221746
re:0.001654603994593675
expert:0.022558266699813197
larger:0.018831202407614087
invasion:0.023742316761251443
this:0.002322931143236367
he:0.007035987643894846
best:0.010775115398059443
swiss:0.02680933968408306
two:0.008251280675457131
on:0.0022434018815897785
size:0.0159330846772826
support:0.012119275705900469
access.digex.com:0.01978965652386447
more:0.016877243705584855
a:0.007415066154936611
other:0.006103132689521729
million:0.051949264501740776
was:0.007835939239835272
as:0.0035403281425531786
worth:0.015553821322087779
accepted:0.018636675312830385
let:0.010199724525454977
question:0.019318460914576147
drain:0.02574225093710568
also:0.006564146600352064
far:0.011014947221776114
frank:0.017328205205976204
no:0.00996235164763283
likely:0.014630127455441275
native:0.023403643853630498
effectiveness:0.02615608305219782
pain:0.01958849557662218
it:0.007585297118140972
not:0.002667743400778606
should:0.007269080275369379
couple:0.01396456546307309
have:0.004524341709271264
made:0.01029017500848673
only:0.005900602824200383
area:0.014196756834775871
kind:0.012192596004261327
allies:0.05231216610439564
able:0.011670200115533933
real:0.011316786964594015
armed:0.01964788947189714
be:0.0076786892540372294
which:0.005716337754502291
writes:0.00292593978326355
get:0.005815814049960718
certainly:0.04082863642374745
were:0.034320869413103965
if:0.002965267344085882
of:0.0043017828664986425
ucsu.colorado.edu:0.024219701548911555
losing:0.021783714498641187
but:0.00588746214380894
well:0.007446318186519225
germans:0.0750457388561231
they:0.008255925880599502
up:0.005944514913063649
professional:0.02115267862607994
over:0.008875844037696274
surrender:0.021625103296105185
difficult:0.03298414404458406
in:0.002358580113643679
useless:0.021237501263724718
gun:0.01619918360975399
resources:0.01952988837861324
or:0.002983679016385333
opposed:0.019810284900438853
and:0.005068107272001635
for:0.001439596738549
subject:0.00011812812784078892
each:0.011265528306905376
until:0.012660025333471877
i:0.0016893690906672118
away:0.012252139762494117
limited:0.017177411782733448
than:0.00633009416911266
the:0.005669823526466328
would:0.012380305036783753
major:0.014497468905830938
country:0.014914841185929789
an:0.003973000613105029
makes:0.012358309213504311
army:0.019748686057436165
is:0.009510535465156244
stuck:0.021042053395082517
col.hp.com:0.02582197883756001
self:0.01881466115933706
division:0.017533484142125366
yugoslavia:0.02551134052484652
production:0.021237501263724718
keep:0.011723073381088146
dale:0.06405956503149703
their:0.020093145379403283
trouble:0.01687974284199263
dave:0.015514489696347753
switzerland:0.050030492570748736
thousand:0.020625295806322778
article:0.0035855437182150487
answer:0.013434827620039188
by:0.004382457853173301
especially:0.013828742068572307
twenty:0.02574225093710568
sometimes:0.015506665151848894
