tv:0.021773914116388866
choice:0.021680245255853697
at:0.0050630173129565005
out:0.013542265506671952
take:0.012216949024917836
your:0.014481979565301869
with:0.006722153756201693
hell:0.01961713174989595
violent:0.02773460095233396
work:0.011638347494197147
to:0.005544479379675756
then:0.0183434522962736
t:0.014806166982761161
make:0.010115405076722435
that:0.0019937047438763037
weapon:0.027888895492771824
control:0.01752663373529324
higher:0.042665217391240136
homicides:0.03880493074231447
me:0.006227521151750257
attention:0.02439470369840608
re:0.0064472500478994915
uk:0.14902205119513057
you:0.015971235327836834
tell:0.013850718698979613
numbers:0.02027438161493505
them:0.00842447799731173
8:0.01696834070329808
more:0.029228023582085653
a:0.003210354312290563
how:0.022678672366019385
was:0.005088857092536699
as:0.004598357242626543
steve:0.01843191865996774
standard:0.017494508853231245
others:0.01549613921303676
are:0.011084678993124578
likely:0.057007048360857376
it:0.0039408670085054245
not:0.0034650000492871544
ve:0.010489274132341577
referring:0.027295116101806155
has:0.012238787056167252
regardless:0.02600563453262538
without:0.012915002786221236
be:0.013297959934194742
writes:0.0038003585690664504
were:0.01783107238473907
if:0.003851439194042582
of:0.0022349492593763064
but:0.0038234667945425877
sense:0.01888690831243098
again:0.014033730678781713
please:0.01100813423508767
homicide:0.07568969959194885
magpie.linknet.com:0.074837883820067
in:0.006126886272223809
gun:0.021040318941404606
point:0.012652505524483108
yes:0.015326700405194764
or:0.0038753532051901455
total:0.04208063788280921
and:0.0032913570214723265
irrelevant:0.028210496950519203
for:0.003739642102437632
subject:0.00015343078673573735
al:0.02189663322254156
cause:0.018123569731850957
i:0.002194238014314884
period:0.043574841765478343
we:0.007745654630540057
rate:0.06697716740502158
pay:0.019154264724125764
than:0.016443692899074266
the:0.0038987224654606187
law:0.01728069612209176
liberal:0.028169298735124877
mad:0.03021915473477276
just:0.006749359560148769
here:0.01034713164151377
is:0.00772047778421448
number:0.01438083246205608
done:0.015222204318509762
easier:0.02400387192188851
dead:0.03944002453805903
switzerland:0.09747320104301047
terms:0.022121488363301516
article:0.004657085519060925
killed:0.041986034444458455
manes:0.07660973071463319
handgun:0.09597300488801686
deaths:0.028007397143362256
murdered:0.06032161554467176
by:0.005692157901248081
safer:0.03303882666838467
s:0.003565725752046082
news:0.017637221357261028
