another:0.023342161372511355
cat:0.053305020099047404
out:0.012401864200846945
media:0.20797137845764535
wrote:0.027111315523082748
organizations:0.05005793755040683
to:0.0029014719159806963
schools:0.05182231028097798
class:0.08354041414040005
that:0.010954882908457163
nt:0.0075166163339204055
television:0.05503136721768182
re:0.003936215818717585
afraid:0.0475286761445416
funded:0.05904204103077656
this:0.005526130930225463
he:0.016738244289686687
you:0.005850515677986546
m:0.014408575917011284
a:0.0029400086859924105
same:0.020443087900301183
as:0.008422254318073879
steve:0.03375951417720407
standard:0.032042574110128806
are:0.006767488227381321
made:0.02447978475703159
ve:0.019211933673972992
ruling:0.11934132910790306
points:0.038580592510215075
be:0.006089065864604961
neal:0.0628620988590857
guns:0.04247324118463778
writes:0.0069606567475532875
of:0.006140229017865431
coalition:0.06680624043215318
well:0.017714399054245735
they:0.009820206573765722
magpie.linknet.com:0.1370714924704385
in:0.0018703126515209523
gun:0.0770740104379874
morris:0.05174575491961924
or:0.007098015344243003
force:0.07524219197504782
and:0.00401892015253463
subject:0.0002810205988633505
al:0.04010541242865507
anti-gun:0.1976709936020502
i:0.002009460076267315
firearms:0.049993160018044956
the:0.005553969547287758
users:0.04156523756059139
kidding:0.062223944945228496
got:0.023285829701374463
propaganda:0.05348343650235028
is:0.008484398743915702
lot:0.026090035665951482
their:0.07966755887272178
campaign:0.05432599131996645
article:0.008529819792806327
manes:0.14031676994048603
full:0.03252276298866582
s:0.006530908219537035
news:0.032303963328035985
producing:0.058164339884049704
