cia:0.0979021144821003
andrew:0.06606066945915787
your:0.022104074073355483
with:0.02052025883472096
into:0.03141761233302432
from:0.014852144814564483
bear:0.15808990606384965
make:0.03087860497104743
that:0.006086046060253978
cubs:0.09694056647341617
terminal:0.08375782807545265
brought:0.0679718042550117
re:0.006560359697862641
big:0.09739580890763358
terrorist:0.09260968791321397
you:0.00975085946331091
state:0.04662655064808098
bill:0.05430726097704767
magazine:0.0740824480141032
betz:0.3486433988238333
d:0.03196217933994799
have:0.0089693090025904
only:0.023395372601215554
rights:0.12186664630501073
free:0.05065803147587255
guns:0.07078873530772962
writes:0.01160109457925548
of:0.0034112383432585726
in:0.0031171877525349207
nearby:0.09335634781529811
and:0.006698200254224383
subject:0.0004683676647722508
nsa:0.07904495303192483
power:0.04740096982755337
idaho:0.11031144457950208
20:0.05517249734044947
will:0.019882549910583934
the:0.0013223737017351805
when:0.022941656891995364
mad:0.09224794603246422
drew:0.1008553656192795
clinton:0.06430098751702513
1:0.1374402731175234
article:0.014216366321343876
gore:0.10796878856854554
assault:0.08353852697432579
high:0.049075856590202124
