some:0.005723219976143893
since:0.009807949134331771
effective:0.039587896407887686
typical:0.021855908528097767
at:0.017273823773616293
stopped:0.022086089817743702
british:0.021855908528097767
all:0.0046768030914033885
situations:0.046867699700922215
defense:0.03847261321811653
take:0.010420338874194624
where:0.009056160775655695
own:0.011110248213470566
with:0.002866800866615428
damage:0.021811141451807212
work:0.009926825803874037
to:0.0027023512942957466
stop:0.01629388781657175
near:0.017670469497458454
northern:0.025579056809984124
death:0.016448119529590306
that:0.001700512869776847
problems:0.013446437430842026
control:0.014949187597750114
like:0.005709015017199379
its:0.010136394882520442
consider:0.015786098424368594
re:0.0018330416802851497
michael:0.02945779609484009
so:0.005008875477377059
this:0.002573443325350093
parties:0.023991865255602277
internal:0.019424350079021237
these:0.008120764574014425
set:0.012987326392774123
used:0.00967874268792581
disclaimer:0.018402232975853857
speeds:0.024390029176791422
them:0.0071855841741776515
potentially:0.0561982993955659
ireland:0.030291856648977385
more:0.012464892410007117
a:0.0020536825380094046
stopping:0.027787809473653897
also:0.00727204476313513
are:0.0031515263803981643
furthermore:0.024097287830214843
no:0.005518361451875048
those:0.009097625756311569
caused:0.019521147936544938
proper:0.02013003973059726
it:0.0016806638712743723
not:0.005910882437019264
deadly:0.05721340409106433
have:0.005012260913212283
being:0.009538254558456609
only:0.006536942344457287
ve:0.008946733818761933
attack:0.03871272125741355
craig:0.02237738109456135
has:0.010438965430260305
crowd:0.026247372709749476
heard:0.013248271369705267
intent:0.02420502756903237
be:0.005671188795465405
which:0.00633280555155646
guns:0.01977920545363034
writes:0.003241482308909619
applications:0.0382382453666111
if:0.0032850510772716142
of:0.006671980877255739
even:0.00823117376355895
effectively:0.023991865255602277
seen:0.012708161228540946
what:0.004511971093120741
but:0.006522384531866767
victim:0.052385203256772234
least:0.011802266581894521
well:0.02474805750225507
in:0.003483915723421382
point:0.010791842947353239
handguns:0.027021407167817167
external:0.02104913881189124
or:0.009916344966221843
force:0.052558884100217224
rather:0.012615115945651291
douglas:0.022109713770861093
use:0.016301760075954394
and:0.0037431119067724496
still:0.010008377854066407
for:0.001594847367216049
subject:0.00013086743574518774
cause:0.0154583388889317
austin.ibm.com:0.025579056809984124
i:0.0028073339300793373
vnet.ibm.com:0.026831630147323586
bullets:0.0840583237864109
any:0.00501611405043533
than:0.007012751383428731
the:0.0048033280048322
less:0.026949662319571348
risk:0.021030102047055958
would:0.004571811990707725
can:0.0042380685903809475
law:0.014739417280607675
because:0.008650599504384873
reports:0.01938344335386349
may:0.018245348308233635
last:0.01068707133362499
an:0.004401461463537925
reaction:0.023133021681949875
places:0.01870010726612909
firearm:0.027218828242022756
during:0.014354752499031717
about:0.004828510687852312
is:0.005268090723346351
alternatives:0.025979439314956027
self:0.04168738649029584
done:0.012983644859905384
multiple:0.02104913881189124
cs.colostate.edu:0.029073908809278855
holland:0.08030990835069339
does:0.005972984384007477
appropriate:0.019823567392453462
plastic:0.049897158935437926
very:0.0085453063322718
opinions:0.013998088997647266
deaths:0.023888662269338393
close:0.03406777662912294
by:0.009710151713893785
incident:0.023559548039742174
bullet:0.027286442566200872
range:0.019605666595537613
rubber:0.05484907020070268
