library:0.026840439690392178
school:0.06993316299607895
go:0.012470719562782865
out:0.007552417301797819
there:0.005883198625494535
know:0.007909455933707062
all:0.018347458281659446
your:0.008076488603726041
with:0.0037488934409586365
much:0.011199979933076483
into:0.01147951219860504
such:0.012327033355562811
skill:0.07267580939263327
modern:0.026323898109242568
from:0.016280235662118763
manufacturing:0.035593852316491294
turn:0.021932552145605865
teachers:0.03913737682203631
both:0.014395538989155372
to:0.006184227000407575
building:0.02436197159511956
schools:0.0315584581839289
crime:0.025712935418189205
basic:0.024484953907435898
prayer:0.034041672495947285
bunch:0.02600130141765593
aclu:0.03789278698587632
that:0.004447495197877908
weapons:0.025638179394164573
like:0.007465635022491495
through:0.015188867269389915
nt:0.004577426613605375
could:0.009673776636705496
re:0.004794109009976545
this:0.0033652720408424296
recently:0.021213535670433905
on:0.00325005657204673
you:0.014251256138685175
fall:0.025001929662784177
suggest:0.023534614135321267
them:0.009396533150847697
a:0.0035807798098625512
low:0.02176791371781936
as:0.005128936924468067
copy:0.02190135862220091
local:0.019592201614845844
lucky:0.030523692548311346
quoted:0.028639884582287615
based:0.019364762896798348
figures:0.03025087450716522
are:0.004121226805136061
jrm:0.03717980214542617
fighting:0.029230106883224645
it:0.0021977912162818715
not:0.007729615494563652
ban:0.033905278916157
couple:0.02023071663240076
have:0.006554495040354523
worthwhile:0.036337904696316634
christopher:0.03102021856779214
area:0.02056709644012402
quality:0.024642075901117624
public:0.01899836280808073
anybody:0.019484584262260865
be:0.011124254944951372
assumptions:0.03469412566460076
scratch:0.03614363963544914
get:0.008425474200584118
were:0.009944251906873713
of:0.004985656040147145
motivation:0.03643729050744462
but:0.0042646360400667325
shop:0.062301202318111495
tend:0.027305154447047012
york:0.024122866714265657
find:0.013566966267137116
in:0.003416917344124817
economic:0.029394904041623406
world:0.01616186338931203
and:0.006118548309147273
for:0.004171139268103512
subject:0.00017113433905139932
i:0.0012237096618294546
person:0.017982015635088788
gnv.ifas.ufl.edu:0.07739022965065016
firearms:0.030444552575091478
the:0.0033822250448226738
do:0.009209204088544828
automatic:0.029529861792891562
arrested:0.03729326097298643
would:0.017935570117391848
can:0.005542089695113547
just:0.007528131817089012
people:0.009649186795340495
many:0.01187949376652624
about:0.012628412568229122
lawyers:0.035593852316491294
entire:0.02390652706851796
nose:0.032680565859985786
is:0.001722260428786307
new:0.011051279262074018
eliminate:0.034543289142740546
average:0.024868724736555044
production:0.030767149266678118
premise:0.037646208262621224
jewish:0.02451607171810768
by:0.00634894535139209
high:0.03586312596976309
