ask:0.02449212255761653
mark:0.025240537515060422
behind:0.02964489412603948
know:0.010368698534943712
50:0.02900154024477673
case:0.020769841237871896
ron:0.07121509808781572
much:0.014682326634957405
miller:0.040014252416273696
from:0.007114052558236769
to:0.001158150554698177
denver:0.09902280141074966
cash:0.042696861073304844
that:0.005830329839234904
weapons:0.06721942832755753
nt:0.018001980295523662
re:0.0031423571662031135
authorities:0.039123652072943514
programs:0.02969060608650854
game:0.024974866453029307
you:0.014011739228791308
used:0.016592130322158533
a:0.0035205986365875507
how:0.022106941129901247
given:0.023426786211607403
question:0.018344420868463062
stolen:0.08249792385529986
are:0.005402616652111138
no:0.009460048203214368
it:0.002881138065041781
not:0.005066470660302226
have:0.004296223639896242
being:0.016351293528782757
whether:0.02401225701581365
buy:0.05053514496208346
money:0.05210453389460722
be:0.004861018967541776
boston:0.0700802879890679
get:0.011045159456227919
were:0.013036162163632766
if:0.011263032264931248
of:0.0032679090011048513
short:0.029100654332951826
even:0.014110583594672484
but:0.005590615313028657
years:0.018737608596473894
order:0.023565687908676403
latest:0.035011315968510516
please:0.01609592736895172
they:0.02351898213044732
one:0.008263116872064054
in:0.0074655336930458185
gun:0.03076483609919665
or:0.005666482837841053
total:0.0615296721983933
and:0.0016041908171881927
for:0.008202072174253967
subject:0.00022434417556317895
each:0.021395036952610212
rm:0.04321529442629089
i:0.0016041908171881927
away:0.02326876963297202
back:0.03540095327844601
20:0.026427162591643863
will:0.01904714865383671
the:0.00380043534448262
do:0.006036285032827703
when:0.010988860864233074
can:0.007265260440653053
orders:0.04112891186674676
an:0.007545362508922157
thought:0.022559549623459768
just:0.00986881145769652
note:0.0248881436880546
firearm:0.04666084841489615
is:0.004515506334296872
issue:0.026313949642561788
tickets:0.04713440250356112
paper:0.03240881006081172
leave:0.02969060608650854
answer:0.02551488270696518
checked:0.037821564290388424
giving:0.03187703317049643
check:0.027809340878888145
s:0.0052137502592942715
