read:0.023863190125241282
bbs:0.042600448965849066
there:0.009660831427127868
media:0.04159427569152907
cnn:0.16416977379093667
way:0.018235503363647824
sigh:0.05859404508952608
item:0.05122491221158377
to:0.004352207873971045
band:0.05245566313851959
ye:0.05859404508952608
us:0.021682909328263115
potential:0.04511865621917363
that:0.007303255272304775
broadcast:0.05348343650235028
nt:0.0075166163339204055
need:0.020223178857865644
voice:0.038173624225643875
two:0.019629362448982224
2.2:0.05245566313851959
bill:0.0325843565862286
a:0.004410013028988616
air:0.04056988405927547
as:0.008422254318073879
truth:0.0378427108211853
houston:0.052957011022617004
course:0.025748966314737044
no:0.01184995511771063
texas:0.04177020707020002
turner:0.05935166087505333
buy:0.031650959213094375
able:0.027762791853796515
his:0.019415042542160595
be:0.012178131729209922
get:0.013835515529380235
down:0.024888058704770084
of:0.004093486011910287
what:0.009688864242069802
together:0.03746280254158137
they:0.009820206573765722
up:0.01414168810897247
now:0.017388572609244677
over:0.02111516581599324
in:0.0018703126515209523
our:0.023471320241898876
or:0.007098015344243003
and:0.006028380228801945
for:0.013698899491034694
subject:0.0002810205988633505
al:0.04010541242865507
i:0.002009460076267315
we:0.014186777954883894
the:0.003967121105205542
putting:0.0423163632319791
would:0.009817364695835537
can:0.009100694657239087
home:0.03083540054590893
maybe:0.027872769287813938
wants:0.03705826486940788
jim:0.0356455868099881
nra:0.05590000957229239
just:0.012361984878588273
here:0.018951588480246275
ted:0.047226464503673904
is:0.0056562658292771345
et:0.047892585029437273
time:0.016626420735828564
sale:0.06683941377060272
v.32bis:0.12486478730721867
1:0.02061604096762851
bailey:0.0689185635422811
paper:0.04059629891827995
change:0.031284306399057764
s:0.006530908219537035
