sent:0.026649873538330527
some:0.008460412138647493
there:0.013301144718509383
posting:0.023907163456204642
rick:0.034874365805279695
where:0.0133873681031432
to:0.0009986950435440804
remember:0.020163942293632116
crime:0.029066796559692146
cases:0.05333022606502017
perhaps:0.02093088070753656
that:0.0025138016335831655
13:0.02853433735120625
nt:0.00517448225885825
months:0.04921441362289594
re:0.0027097137882476125
so:0.007404424618731305
had:0.0111189020701604
described:0.060135771937946864
this:0.0038042205679088333
93:0.02652909779568407
shot:0.11526470566920974
talk.politics.guns:0.043583036275593755
apr:0.027008755630710136
these:0.012004608500716975
numbers:0.025563350731874625
am:0.011843017077546127
reader:0.037331540002115145
more:0.027639544039580997
a:0.005059797557414475
other:0.019989970838143634
noted:0.032342051079569376
was:0.025665540118880743
as:0.011595857394449542
prevents:0.043125218147901496
cited:0.03760246414756166
instances:0.04142004360489813
no:0.008157577798423984
it:0.0024844596357968983
have:0.00370471458802647
being:0.014100028477718464
follow:0.027369509510270184
only:0.00966330607441512
has:0.00771575705714892
armed:0.09653093523149464
without:0.016284133947844167
which:0.028084615924293864
wounded:0.04177944172909647
writes:0.004791756456649003
were:0.011241328242552893
of:0.004226969251429101
reporting:0.04033648031525346
seen:0.01878597746827792
but:0.009641785829716091
particular:0.02457283658031744
seems:0.01707599340131216
one:0.02137632408207875
in:0.006437670358496032
citizen:0.10609251678828532
presence:0.034595624639860885
and:0.00138332396554634
subject:0.00019345620936245142
i:0.00414997189663902
any:0.007415125118034835
fired:0.10311378205862683
than:0.03110002787433611
mere:0.03848189064759259
the:0.0032771869999524044
constant:0.035944191883584505
do:0.005205202310916642
can:0.006264970959693575
reports:0.028653785827450377
note:0.021461515209264474
firearm:0.04023652870559886
here:0.01304638337408258
many:0.013428992953464445
five:0.028775236326417517
is:0.001946903093410608
issue:0.02269101454684676
twelve:0.04269461365173627
keep:0.019198656406709574
six:0.030705060407427792
1993:0.021954027558044473
bias:0.03880046400571662
accounts:0.03611078259535769
article:0.005871977393598558
shown:0.029922953601533794
killed:0.026469456497593375
shots:0.035517811448635715
april:0.024653288854261685
by:0.02153120597428622
news:0.022238235624372597
