some:0.009649065083746728
at:0.0072807025822680255
out:0.009737000818846776
there:0.015169900588052024
posting:0.02726602113186976
rick:0.03977407009197188
own:0.018731327566512357
wonder:0.030498906676172968
with:0.004833284105698738
owned:0.04164528394865931
posters:0.045132841056588026
several:0.023292986546011543
my:0.0235590312726521
to:0.0022780151406460013
aka:0.042807118251313774
most:0.015343764165016843
civil:0.03448941718628524
that:0.002866980375491544
control:0.05040717801555411
13:0.03254329383856581
like:0.009625116227344407
kirk:0.09941254555424692
re:0.006180834756663976
this:0.013016093513340968
he:0.052566387025462326
criminals:0.038523279770487175
posts:0.03324807828238572
talk.politics.guns:0.04970627277712346
apr:0.030803374190396686
american:0.026669712540398478
card:0.025296763194332578
a:0.0023082712823907356
was:0.007317860612408146
responded:0.043288679475478854
as:0.006612513720801805
given:0.023039566604803975
act:0.03083994266957318
turns:0.0364773121782363
others:0.022283704322879308
express:0.03847698013785354
are:0.010626634406631827
no:0.018607367540206775
proper:0.06787649760399737
not:0.004982727343603016
ones:0.028038264300635177
couple:0.026082576815326598
his:0.015243215219051708
guns:0.03334675960777347
down:0.019540211379778166
if:0.005538433221185201
of:0.003213893976293201
gotten:0.03561744556854143
what:0.007606959528897779
years:0.018427896057689203
least:0.01989803622071473
who:0.010686387390362383
good:0.013388511168260325
chance:0.029711219239773587
email:0.022676848421222653
in:0.0029368545767684377
gun:0.09076897923481987
point:0.018194512076529428
and:0.0015776752664908673
still:0.01687362877875659
for:0.0026888335777857353
subject:0.00022063600737205204
example:0.023234373088908303
group:0.044580428674490004
firearms:0.03925082811334108
the:0.003737618231350676
responsibility:0.03584932947593942
start:0.02328563708993812
around:0.019563590356641618
got:0.01828226298868243
once:0.02217381152830501
an:0.007420645773237494
relationship:0.0377271549032274
firearm:0.04588959472208795
here:0.014879346327466084
people:0.012440273884901798
about:0.008140629589436956
is:0.006661304798942081
right:0.01603201317182066
time:0.013053801404162922
1993:0.02503847771082758
first:0.015516982061082985
too:0.01613651130466526
pm:0.04296454135024513
by:0.008185417147249307
while:0.017936714924615887
s:0.015382717707174007
