since:0.020210319428320016
positions:0.04888034440985429
at:0.017797272978877395
there:0.02781148441142871
know:0.012463385107659616
all:0.009637048794406983
differences:0.09253353966901309
your:0.012726588102841037
way:0.017498715348954984
from:0.02565370467970229
except:0.032569307262664784
to:0.005568481454912448
look:0.02395119519470617
weapon:0.04901684662365957
its:0.04177423345523577
re:0.0037771767957390967
so:0.010321319165504245
this:0.005302852912842617
criminals:0.047084008608373216
internal:0.040025933496164984
two:0.018836256895487995
tell:0.02434368741032781
them:0.014806658298305464
a:0.001410610228127672
distinguish:0.05680396663984774
as:0.008081961214313317
standard:0.030747924651133705
closely:0.05025824194005506
are:0.012988108719216677
it:0.013852744635958465
not:0.006090000086625909
have:0.0051641476075520495
only:0.013470063012821078
university:0.023740809107057108
has:0.021510595432051537
conclusion:0.0445833815511777
if:0.013538392318452714
of:0.0019640463188458452
but:0.006720032547983943
well:0.016998665759124697
they:0.00942343055058327
up:0.01357030677123621
david:0.05043323715847463
pick:0.04060661118220217
one:0.019864866823749952
in:0.003589488927161424
external:0.04337398300632135
and:0.0019282697701555045
subject:0.0002696662312325081
foot:0.048678988703785425
i:0.0019282697701555045
valid:0.04337398300632135
face:0.036255268595409694
the:0.0015227333535132385
see:0.01787258344859774
would:0.0094207034960038
an:0.054418069003741625
about:0.009949658387089612
n:0.036979954503074765
hold:0.035048289019636567
disclaimers:0.05516236129138537
is:0.0027138649180875143
discussion:0.03472597923727466
field:0.03931775605993239
strip:0.054199632202452795
very:0.035217020036029244
little:0.023690289918166307
numerous:0.048678988703785425
three:0.029479676833055284
close:0.07020026699334427
range:0.040399555408986605
s:0.006267033139959782
