go:0.0069728754544592375
at:0.003157580689800828
small:0.010712350897010793
defense:0.02813051289066585
take:0.015238345020327624
thanks:0.007144754999699509
where:0.0066217089542428735
enter:0.016979049923370796
own:0.016247244699268783
with:0.004192310944727938
decision:0.015070773237230418
into:0.006418651982015721
such:0.006892534779454475
from:0.0030343091556637117
my:0.003405785882904306
to:0.004939781935809429
been:0.010517852238146518
bear:0.03229793779799079
that:0.012433857542454366
guy:0.036412158569342684
think:0.015481161586328552
bit:0.009767326874751611
nt:0.007678263997015469
suppose:0.027628236456137416
population:0.014143177544388144
cant:0.020156246227042745
re:0.0013402885404235503
so:0.010987210724569034
national:0.058318529121640025
this:0.007526629940808874
trigger:0.020916728377378357
shot:0.0142531625289883
hi:0.01129396652334912
on:0.003634471865514623
you:0.0019921110731495406
them:0.005253975525205164
philosophy:0.017542439111623172
m:0.004906145921562982
a:0.007007547584892305
as:0.005735585377899774
part:0.008778573879617481
also:0.005317194020356869
are:0.013826051217230658
no:0.004034930954059175
it:0.01105985257225716
not:0.002160967772673709
have:0.0018324394736475014
made:0.00833541058035126
area:0.022999763760998902
safety:0.014812449409126034
against:0.01851814187926772
placed:0.01632556764095519
has:0.011449187891253237
decided:0.013375028899707363
feel:0.010918554423821425
yourself:0.012567292728941191
be:0.014513364874416844
explosion:0.021798925759238245
guns:0.01446221474028885
writes:0.002370116096837141
of:0.003484598307629725
sealed:0.020052348245418187
park:0.016097642541379808
but:0.007153583034950648
result:0.012670257924772409
humans:0.01616624232708123
nature:0.0409937112070943
again:0.008752219133003648
must:0.008306309775912176
they:0.006687595874607481
who:0.0046345981155335066
policy:0.013751782232685663
net:0.011882231128668395
chance:0.01288551085309177
over:0.007189751801144652
one:0.003524411855826604
in:0.003821068857946032
gun:0.026243838679601443
sensitive:0.01915157968527157
or:0.004833773890344698
use:0.005959783253574724
better:0.024045331949477455
and:0.0027368990286078124
for:0.0034983748700223014
subject:9.568801753411576e-05
threatening:0.02085214592037951
i:0.0068422475715195314
rare:0.0363614034269202
any:0.0036676962949419617
allow:0.025134585457882382
than:0.015382809486230766
the:0.0037822731684038504
managed:0.033914785764619995
users:0.014153037879054416
do:0.005149232393594958
closer:0.016707228861035657
canada:0.013335511086045328
hello:0.013868425772945418
risk:0.015376848808600057
would:0.010028490818326624
agree:0.010812025731055337
country:0.012081555942724488
instead:0.010995463482382227
come:0.008606428940750569
an:0.003218272898070741
myself:0.011945670473110691
human:0.03447142334662985
makes:0.010010673413089513
people:0.00539524422965275
different:0.009058125082477591
is:0.004814921628864944
deal:0.011814749074410427
having:0.009379539040933195
appropriate:0.014494651426740167
their:0.010850778627825906
protect:0.014800600706134995
guess:0.010738914920916321
terms:0.01379619704377944
article:0.0029044189258659535
little:0.008406231906446108
metal:0.017974145753472157
killed:0.039277258028686944
live:0.011099241125260425
understand:0.021477829841832642
by:0.010649843815238346
bears:0.1525924803146677
reduce:0.016343715676641737
s:0.006671357858666864
