libertarian:0.06457452136576708
at:0.020975357439391214
tomorrow:0.12037163475569017
own:0.05396406275114274
your:0.014999193121205505
former:0.04751068955650665
from:0.010078241124168757
my:0.022624149079292888
to:0.0049221398574672524
denver:0.140282301998562
weapons:0.09522752346403984
sunday:0.05318835708139128
state:0.03163944508262638
support:0.03260662273254174
more:0.01513594078358007
a:0.0016625049117218987
303:0.07037231868805603
rally:0.2245625836082721
speakers:0.0673029245296977
colorado:0.05610954389997571
course:0.02912085476071451
l:0.03934476879468289
are:0.015307413847648227
participation:0.07212989010241394
18:0.04603273206217975
ken:0.049119913108509654
neil:0.06643357768428235
party:0.050531886232412594
call:0.03163042973807985
pistol:0.0748541945360907
deputy:0.07356593757608794
of:0.0046295377515652054
host:0.05698636425205624
highly:0.04972230612391191
jackson:0.06223785578190206
david:0.08915875854801764
in:0.002115234546362982
presence:0.056835669051200015
and:0.00909041463073309
for:0.007746401497906523
subject:0.0003178209153811702
welcome:0.04980497841382633
information:0.02903358672004482
will:0.02698346059293534
the:0.003589300047566919
radio:0.042706551913900784
p.m:0.0748541945360907
individual:0.04597245465793515
general:0.03510036146532799
right:0.04618746651881665
attorney:0.061330387146332016
carry:0.09267756785555491
1993:0.036067330988215913
smith:0.14063351980237365
opinions:0.03399535899428621
april:0.04050183168914419
chair:0.06843756952736824
include:0.04001813420529288
