another:0.0143993852622635
there:0.01787881140734703
help:0.013896705974297385
media:0.025658806433086115
take:0.013803565781400672
own:0.014717471659402567
your:0.024544134198336284
with:0.007595160737526589
way:0.011249174152899633
much:0.011345434217921634
to:0.0008949345195395006
amendment:0.059351959012432294
near:0.023407634918711204
us:0.026751641379025925
that:0.002252627437886213
think:0.00934901316576984
trivial:0.03691050207247637
nt:0.004636873712483367
happens:0.024260243602459604
re:0.0024281850829751335
excessive:0.0378945923200556
opponents:0.038013742571147785
this:0.010226930617625045
federal:0.05131761286617223
on:0.003292265098956428
you:0.01804542173404941
tell:0.015649513335210734
used:0.01282119161257705
more:0.016511935400269167
a:0.0018136417218784352
want:0.012289597192936244
woman:0.028436809074645603
part:0.015904039690995308
also:0.009633098257659524
arms:0.02631909241314143
are:0.020873746155883943
no:0.014620074495876751
those:0.03615420105754987
innocent:0.028775677601727227
causes:0.027708774671264393
jrm:0.0376626567187434
crap:0.03155515442086167
it:0.004452667918700935
cool:0.029810564769314308
argue:0.02765976684246321
against:0.016774550598427578
worthless:0.03579459131321235
has:0.006914119960302279
open:0.02146078297891794
netcom.com:0.02090282580987753
thinking:0.04524060433569683
writes:0.004293911629984172
certainly:0.019972449852309358
of:0.0063130060248616435
short:0.02248686925728096
future:0.022756534573492533
but:0.004320020923703963
year:0.016069874780582156
2nd:0.05670956948817561
find:0.013743160634242794
who:0.025189341705854188
accept:0.023195532277030737
good:0.010519544489347398
recovery:0.037222250249011185
one:0.00638513576477677
in:0.0034612928940485157
debate:0.029479191522480245
and:0.0024792039901999343
for:0.004225309907949013
subject:0.00017335686293518376
cause:0.0204772800866368
space:0.019853978944890282
i:0.0012396019950999672
criminal:0.030304874480176647
don:0.028951982725532108
gnv.ifas.ufl.edu:0.0783952975681911
lives:0.02527570032424225
firearms:0.030839936374767993
will:0.014718251232510188
than:0.018579237431421574
the:0.002936700038918388
do:0.009328804141642815
when:0.008491392485998285
nuts:0.036422038298206325
would:0.0121123330662906
come:0.015592166717333822
an:0.005830507393258031
just:0.007625899762765493
people:0.019549001819131395
about:0.006396208963129036
is:0.00523388234202592
number:0.016248473041543886
save:0.02352279371702139
their:0.009829114406374767
too:0.012678687453665563
dead:0.04456210564689787
every:0.015793172252840236
article:0.005261901820237669
murdered:0.03407779579471717
fault:0.028746753248809178
parking:0.03562591932358079
dangerous:0.02730354372199537
s:0.008057614037091147
