at:0.003388326970978581
dan:0.01528385957456638
there:0.007059838350593442
help:0.008231125846314604
own:0.008717271675184598
your:0.0048458931622356255
with:0.0022493360645751822
such:0.014792440026675374
from:0.0032560471324237523
except:0.01240139007309159
to:0.005300766000349349
amendment:0.10546386562978353
line:0.010860783649253802
crary:0.04626506927716876
most:0.007140751784488608
areas:0.015831740980514753
100:0.01299427730319643
been:0.011286464517087995
bear:0.034658171713997814
that:0.0053369942374534894
weapon:0.03732821396724844
like:0.004479381013494897
through:0.00911332036163395
nt:0.002746455968163225
supreme:0.04006439549454921
me:0.004167648770786711
vague:0.022515832138295225
re:0.0014382327029929638
practice:0.015794338865545543
lost:0.013478870478145577
carrying:0.03568533627264798
this:0.0020191632245054577
ti:0.014571773293275627
restrict:0.02120141177782578
federal:0.030395816851502014
laws:0.014276438127068816
restrictions:0.019958230970628883
these:0.006371676819611318
on:0.0039000678864560766
you:0.0021376884208027763
violate:0.022889538863116947
facing:0.022445258528032933
state:0.03066592369546865
bill:0.035717467796442894
a:0.0032227018288762963
how:0.005059088450881248
was:0.006811239493087582
as:0.0030773621546808403
question:0.008396100320565788
arms:0.062356003563442765
exact:0.016426716809012573
across:0.014842938930130164
frank:0.030124418281158635
business:0.0139098605124368
are:0.00741820824924491
no:0.004329791293009653
it:0.002637349459538246
not:0.006956653945107288
ban:0.020343167349694203
texas:0.03052438208976156
have:0.005899045536319072
made:0.00894453673814616
only:0.010257971063609898
rights:0.013358459306510794
restricted:0.021744021771133104
states:0.03984068925525788
second:0.03172725896137231
has:0.016381145752100784
usually:0.012683656700717744
his:0.007093957851943295
without:0.008643117249240365
constitution:0.01740377080260314
which:0.004968816663528915
found:0.01028661732791153
writes:0.002543316888529086
if:0.002577501614474651
of:0.0044870904361324305
ucsu.colorado.edu:0.021052509807900046
trying:0.010370493165647678
but:0.007676344872120119
years:0.00857605931915536
particular:0.013042505569553104
seems:0.009063411882234916
bearing:0.021802742817789985
court:0.06148710196097398
over:0.007715156740459069
in:0.004100300812949781
government:0.010352365148524221
citizen:0.037540429017393274
gun:0.028161657660033857
our:0.02572817795746608
or:0.005187011213100657
and:0.0022026773912930185
for:0.0025026835608621075
subject:0.00010268060343083961
however:0.018439222339976257
governments:0.01797160156724185
car:0.011764012845705345
outside:0.02772904444216558
we:0.005183630406592192
cu:0.02330350295616451
directly:0.027942310196126002
any:0.007871440509913903
currently:0.013842051930220372
the:0.0075375300998905305
when:0.005029517087860523
around:0.00910459397366783
level:0.013540519856129803
would:0.0035871140234783696
can:0.0033252538170681287
home:0.02253356193739499
did:0.006322734782472944
county:0.021252354957633546
may:0.007157790490153196
come:0.009235360286420802
here:0.006924618867782293
many:0.0071276962599157445
about:0.007577047540937474
brady:0.0242951533765572
is:0.003100068771815353
limit:0.017078550079418286
ruled:0.021252354957633546
issue:0.012043692336403282
white:0.013072958253156124
right:0.02984420913523538
applies:0.036628431057973615
eliminate:0.02072597348564433
carry:0.029941983461025435
keep:0.02038011218558401
does:0.004686495439759713
extend:0.021573053453552975
article:0.0031166649242946195
very:0.006704778814551721
already:0.011176101235759045
written:0.02756553029581623
assault:0.018314215528986807
while:0.008347471176455856
bothered:0.0214093626288653
apply:0.015382907636498744
defined:0.0168108835724983
