say:0.013850693242828784
all:0.0034819993819207706
true:0.018856064176334647
defense:0.01432192170893389
where:0.01348508611849461
hand:0.011522771735228735
your:0.00919658556336688
with:0.0021344064846333844
previous:0.012675910290849657
from:0.0030896797606940712
alexander:0.01857485478618492
post:0.009425466439529856
both:0.008196000300395028
to:0.0020119695767749353
slack:0.022460660395646335
then:0.023297523354391288
important:0.022937002138490675
us:0.022553391089616747
relevant:0.016408733108772132
that:0.007596451651849858
like:0.0042505075310535516
really:0.007121882274419437
talking:0.023793366280016555
nt:0.005212252202353566
could:0.005507697647175392
its:0.007546804949029818
re:0.002729492721008544
exactly:0.011738622822160615
so:0.00745847151375854
had:0.005600030969642829
this:0.0038319886012512334
mean:0.009647525754853505
off:0.007968822802760402
he:0.0058034058668621725
something:0.007265187288917966
protecting:0.019190266145439637
on:0.020354368896467842
western:0.014928933444143795
you:0.014199244254967347
reader:0.018802016497415655
m:0.004995674131810482
more:0.03712172338162703
a:0.0005096730386300711
other:0.010067941517021246
was:0.0064632199569444205
utkvm1.utk.edu:0.042465319064130536
as:0.0029201246723248846
ridiculous:0.01821558444745042
private:0.025910081194704754
said:0.007998192805340993
straight:0.014586356304610616
business:0.013199137712531268
are:0.011731959518270538
no:0.004108561080958065
spending:0.017888532773400467
individuals:0.015573544888228891
not:0.0022004014911531566
purchase:0.015921392259777525
have:0.0018658781501739155
money:0.0452586827259727
per:0.09035684601828876
veal:0.04208440115777601
referring:0.017333394896767412
uxh.cso.uiuc.edu:0.02157399551020696
which:0.009429871040273851
comparison:0.017032666678639428
guns:0.1325351139155668
apples:0.06884400373392284
writes:0.007240099171725136
get:0.004796985311281468
spend:0.04489157534355712
were:0.0056616908666872225
if:0.012229022258456373
of:0.0028385486943903453
what:0.010077833244488663
saying:0.011009325470673135
surprising:0.019885588495797787
again:0.008911931160978168
they:0.0034048161478384804
david:0.009111114012206182
over:0.007320951651530502
in:0.0012969321306167188
government:0.02947023655419304
point:0.016069605556642778
u.s:0.06437486133209303
or:0.0049219814430882134
world:0.009201644849389332
rather:0.009392276105521399
subject:9.743414924094269e-05
i:0.0020901318311539593
we:0.014756320135554417
than:0.036548207939913244
the:0.004126385091180947
do:0.007864794732552884
see:0.006457612267924
when:0.004772534462933343
canada:0.08147315897094846
level:0.01284866847661952
essentially:0.016426153834146796
would:0.0034038308251984526
meant:0.02972014072548188
because:0.012881184663463606
once:0.009792084653010607
countries:0.015384960908140132
needs:0.012223892564486668
just:0.004286089647685715
people:0.027468487957538635
about:0.0071898991264370184
busy:0.018638328299731888
general:0.010760694755793982
is:0.008825013292029107
average:0.014158835981396303
ussr:0.022196716375282737
spent:0.015846139386774837
estimated:0.02036649826817415
does:0.022235197341925642
2:0.007110983766771565
their:0.016573178305639206
article:0.005914838542456942
citizens:0.029834731306088474
by:0.0036147280102816278
kennedy:0.02110458902180516
james:0.012626254626412507
