at:0.023183289801432395
all:0.012553524087451199
your:0.03315611111003322
turkey:0.0643992172650377
from:0.011139108610923362
my:0.025005638456060558
to:0.0036268398949758705
earl:0.07564152421445962
us:0.027103636660328893
make:0.04631790745657115
that:0.004564534545190484
weapons:0.05262573665117991
like:0.030648396408122978
nt:0.018791540834801012
consider:0.04237321156014728
me:0.02851549158959328
re:0.004920269773396981
behavior:0.055899855564726236
apple.com:0.07235914448246511
you:0.03656572298741591
am:0.0215044257460706
seeing:0.052740653492874046
a:0.0018375054287452564
was:0.011650804396070863
dogs:0.06840407241289027
washington:0.05051596493966439
learn:0.050131765535818835
others:0.03547800293511047
not:0.007933026428631116
being:0.02560268328848879
laugh:0.06674231286914957
writes:0.008700820934441609
of:0.0025584287574439294
what:0.024222160605174504
treat:0.0634976390224488
rest:0.042981984650958004
in:0.00467578162880238
gun:0.04817125652374212
and:0.005023650190668287
subject:0.00035127574857918807
i:0.007535475286002431
fanatics:0.07727379590748566
angry:0.07016106442110766
impressed:0.06815343826853902
the:0.0009917802763013855
do:0.01890310312911833
automatic:0.06061392683804057
just:0.01545248109823534
people:0.01980622552727786
is:0.007070332286596418
civilized:0.07942681464145675
supposed:0.048009144887057376
article:0.021324549482015814
realize:0.051493569199093925
by:0.013032045721278501
seem:0.036312007301259705
