at:0.0069917858131304045
say:0.03011976149631021
resistance:0.07757576737967892
ah:0.037359539408498184
replied:0.044178049869087126
your:0.00999946208080367
much:0.013866641821904216
someone:0.01748776281478587
post:0.020496649241517305
uicvm.uic.edu:0.04304968091051139
to:0.009844279714934505
officers:0.03809266099683957
enough:0.01930276608680473
next:0.021256984315469643
like:0.01848633434140751
me:0.008599910161940831
re:0.005935563536161437
this:0.012499581865986166
reply:0.028501559677421778
posts:0.03192871009657676
you:0.008822206181090822
am:0.012970923465883853
them:0.011633802948668578
trek:0.04723238178103497
m:0.010863608826318032
a:0.0011083366078145991
how:0.010439388866897811
below:0.029459316770141998
was:0.0070274693182649645
as:0.012700224765349499
listen:0.03389639976462911
jason:0.07237931228227054
arms:0.032167779616061744
kratz:0.048647050284259724
jrm:0.04603213598957526
it:0.008163224517618379
not:0.004785000068063213
have:0.00811508909758179
decided:0.02961613542078059
love:0.02596997968397975
knew:0.030810278276966342
be:0.004590962358233899
guns:0.032023475496353884
get:0.03129461845931243
soon:0.028547568547932303
if:0.0053186541251064225
u28037:0.09768604680011264
but:0.005280025573415954
ignore:0.03572036627425573
seems:0.018702278487151412
they:0.014808248008059422
good:0.012857221042535706
surrender:0.03878788368983946
one:0.02341216447084815
in:0.0014101563642419878
useless:0.03809266099683957
star:0.036435134718050814
and:0.001515069105122182
subject:0.00021188061025411345
i:0.00757534552561091
gnv.ifas.ufl.edu:0.09581647480556688
will:0.01798897372862356
the:0.0011964333491889729
do:0.005700935864337274
collect:0.04189485881788251
thing:0.017967717739086956
see:0.028085488276367872
quote:0.06404695099270777
around:0.018787257405981233
would:0.014803962636577397
mad:0.04173121368135286
just:0.018641088308982316
people:0.023893224445605037
many:0.029415889326636403
is:0.004264644871280379
right:0.030791644345877767
time:0.02507158682386847
gone:0.031187280927640972
article:0.006431213335846039
already:0.02306179620077263
going:0.051852754382135297
says:0.020325609082758475
