another:0.011671080686255678
some:0.0061449309217544955
out:0.006200932100423473
know:0.006494079608727904
help:0.011263645894956827
tried:0.016304547647561427
own:0.011928898081831554
your:0.01326244444401329
with:0.006156077650416288
way:0.009117751681823912
to:0.004352207873971045
remember:0.014645389665901221
amendment:0.04810632467323459
design:0.03961228639395203
near:0.018972504092008027
earl:0.03025660968578385
track:0.023946292514718637
us:0.010841454664131557
might:0.011195184925676031
enough:0.012800781720723138
perhaps:0.015202429145473923
make:0.00926358149131423
that:0.0036516276361523874
think:0.007577621197518712
smaller:0.023638117205499822
like:0.006129679281624596
really:0.030811511734593566
could:0.007942679764873986
need:0.020223178857865644
re:0.0019681079093587924
apple.com:0.028943657792986046
this:0.019341458255789118
getting:0.014274745116972033
federal:0.020797137845764535
something:0.02095432965435287
these:0.00871913670052075
on:0.005336935002518841
you:0.008775773516979819
them:0.00771504827122232
m:0.007204287958505642
more:0.013383358166533956
sure:0.01148444221136423
a:0.0007350021714981026
want:0.00996104193532727
kick:0.029152817417457174
as:0.008422254318073879
old:0.013936384643906969
also:0.00780787964041877
arms:0.02133231700854621
stuff:0.03077280581761707
far:0.013101989853270534
are:0.010151232341071983
no:0.01184995511771063
jrm:0.03052657439308675
deadly:0.061429128603037494
have:0.005381585401554241
tons:0.03052657439308675
real:0.013461020284201302
nasty:0.027838018478528907
list:0.015324361036429366
be:0.006089065864604961
thinking:0.018334350178150816
guns:0.06370986177695667
writes:0.0034803283737766437
get:0.006917757764690118
things:0.011761715411264471
if:0.007054214944877992
of:0.0030701145089327155
future:0.018444770127988685
what:0.004844432121034901
2nd:0.04596459842725813
they:0.004910103286882861
find:0.011139193356175737
up:0.007070844054486235
accept:0.018800589319277545
good:0.008526367638734206
one:0.010350641134480237
in:0.0056109379545628574
our:0.011735660120949438
replace:0.023138752793972227
moving:0.022320955692849115
better:0.011769557217375805
and:0.006028380228801945
for:0.0017123624363793368
subject:0.00014051029943167525
motivated:0.060339226719449704
i:0.002009460076267315
criminal:0.024562898262880016
we:0.04965372284209363
gnv.ifas.ufl.edu:0.0635414517131654
water:0.021579459024797635
impossible:0.021664487657546503
will:0.011929529946350362
ways:0.018780728322521548
than:0.007529480432734006
the:0.0015868484420822168
would:0.019634729391671074
country:0.0354816221896856
come:0.025275722889151666
rid:0.024301861730567535
just:0.006180992439294136
long:0.01252795392162413
people:0.007922490210911143
many:0.00975368961883207
is:0.007070332286596418
else:0.01329764329125293
right:0.010209861019948944
easier:0.02198249323372948
their:0.007966755887272178
accomplish:0.02929702254476304
dead:0.03611875931380143
self-defense:0.03034506820323849
article:0.004264909896403163
fault:0.023300000001666384
high:0.014722756977060639
seem:0.014524802920503883
dangerous:0.02213024070098572
s:0.0032654541097685173
