another:0.021529177964937658
hmmm:0.04823206873126098
say:0.018422766740461585
there:0.01782095117625529
case:0.023996224342784034
thanks:0.0193532683972443
where:0.03587294753851964
your:0.012232351671662742
way:0.016819153587830517
from:0.01643829620252768
my:0.00922538117796409
to:0.001338057436981389
amendment:0.08873982221276283
cases:0.07145214754342508
remains:0.04482867697871681
trust:0.040285128773964396
that:0.013472024288717546
think:0.013978136189597623
huh:0.04853313899089749
re:0.0036304903182346653
so:0.009920491236746796
opponents:0.05683608112579377
ps:0.043743323522521506
this:0.02038766750956967
93:0.035543839765091276
criminals:0.04525550341969852
apr:0.03618648812658251
you:0.0053961066932885614
brain:0.042809499019095074
used:0.019169548624629763
am:0.015867343268945296
a:0.0027116584967891164
as:0.015536197285767347
sig:0.04581685847687159
logic:0.04031787328346575
are:0.024967432295193222
no:0.010929570254199123
jrm:0.056311156647441574
month:0.07716123280363608
18:0.03754125721575824
not:0.011706990457785725
date:0.03473591446391575
against:0.02508039604036744
alive:0.042767195083474145
get:0.012760912381467206
of:0.005663318026186563
even:0.016302518910349763
freedom:0.03871872310988937
what:0.00893633109705467
2nd:0.08478906505999072
again:0.023707467360272017
find:0.020548026579353302
accept:0.034680698744298376
good:0.015728250984072805
in:0.003450091298922145
gun:0.07108767953018255
and:0.0018533855072368438
few:0.02219055826122608
subject:0.0002591937562331873
i:0.0037067710144736876
gnv.ifas.ufl.edu:0.058606193327676824
actually:0.023731205117486255
firearms:0.046110196133148255
the:0.00219539711647297
wrong:0.051328583627764275
dictionary:0.047868403075582336
planet:0.045933132176354266
club:0.04691713697499783
long:0.023109817913675577
is:0.010433888422938404
dead:0.06662683756914826
millions:0.0462300586168599
