there:0.008268279149343671
all:0.025785617044494356
geoff:0.10547957398120286
your:0.011350740740371734
miller:0.08579632500065892
into:0.016133368495336815
such:0.017324479310520707
skill:0.051069487681309866
service:0.03281613719349858
from:0.0076267770669385185
both:0.020231568309083223
to:0.00869134605462686
crime:0.03613709842556321
centre:0.045106472933059055
make:0.01585658093107841
that:0.006250533791612195
control:0.02747418261208129
weapons:0.03603203590531237
through:0.021346516162385826
nt:0.006433140105607554
could:0.013595577975910426
re:0.0033688333583618965
so:0.009205500877341623
this:0.004729571516859631
criminals:0.04199384551557611
possibly:0.03492751048105713
fall:0.03513784709364263
them:0.01320593848227244
why:0.0160335367581442
a:0.005032447300347369
low:0.0305927436034218
was:0.015954254668493435
local:0.027534986053296864
lucky:0.04289816250032946
figures:0.04251474255061058
computer:0.02415047662311095
are:0.00579199442883987
jrm:0.05225269490708543
defence:0.05380089541993821
it:0.006177575310630125
not:0.0162948650966477
ban:0.04765066226054498
statement:0.03129008486209735
have:0.013817584139125753
worthwhile:0.051069487681309866
area:0.028905108510444567
able:0.023760947982979
public:0.026700401784329673
be:0.01563408803074247
which:0.01163866966231998
scratch:0.050796466514685286
writes:0.005957318837996057
get:0.011841206984604705
of:0.0017517169870787266
motivation:0.051209165037489734
but:0.0059935425427964885
tend:0.038374811655309315
year:0.02229514158747434
in:0.0016007180350854997
economic:0.04131175703147073
force:0.03219823530463758
and:0.006879232693527745
for:0.0029310708370457114
subject:0.000240513125153318
person:0.025272021973638294
gnv.ifas.ufl.edu:0.05438232353829472
firearms:0.04278693875418262
the:0.0027162270630236144
do:0.006471332602761231
would:0.025206747192010166
did:0.014810009400387075
last:0.01964110407260809
problem:0.019059146775185443
people:0.013561019279937995
many:0.0166955047529558
nose:0.04592944391133138
average:0.034950640170293576
economics:0.053615136075769426
production:0.04324031788830438
committee:0.043357319649807186
grasp:0.05343312970353952
