another:0.010218918573219257
some:0.005380354263287346
at:0.008119493202344986
bbs:0.018649966137122862
indicator:0.028719734976390823
know:0.005686060486904617
help:0.009862178433372336
send:0.013517728667632362
where:0.008513625798312266
ohio:0.023375187917305845
such:0.008861830430727182
times:0.012951502956189062
work:0.00933213117046223
post:0.011901280204751983
name:0.012729182054517285
to:0.006986263023501907
crime:0.05545462569452788
then:0.007354287326155775
ye:0.025651770891728008
that:0.00479591648066097
control:0.028107228294387315
appears:0.017973737453430103
hostage:0.05849394323552583
nt:0.006581369140298972
could:0.013908840141253985
so:0.004708804596243872
authorities:0.021454905975485154
this:0.004838547819091419
tools:0.02050448320815056
criminals:0.02148072282133156
you:0.002561285665477981
used:0.009098910176667583
society:0.017125489485745844
none:0.016693595541111952
2.2:0.02296446082101088
more:0.005859073851708414
speaking:0.019426171837928094
other:0.006356258008441985
same:0.008949738942528167
as:0.014748648114599418
houston:0.046367889835471104
solved:0.025052447720077326
are:0.005925450521670281
those:0.017105213403571982
crap:0.022393980556740536
it:0.00473993681668164
not:0.002778387136294769
expense:0.025463651101312084
texas:0.01828649618280646
have:0.004711987217950717
rights:0.01600552727969035
be:0.010662880315898089
common:0.01551211078171129
were:0.007148863121992162
if:0.006176501564639717
of:0.010752474777828865
trying:0.012425475682342839
what:0.008483337354807661
explain:0.016567085382546563
but:0.009197463902079405
treat:0.022238804450258567
lately:0.02423102729885005
least:0.011095218353486093
seems:0.010859387508668562
using:0.010158620178087193
they:0.017196675106133524
bd:0.022457544253202913
who:0.005958769005685937
waco:0.017901731380144014
one:0.009062773343554124
in:0.00409400234779932
citizen:0.04497931587337443
gun:0.016871039151172357
our:0.02055092555742298
system:0.010300563729228227
or:0.0031074260723644486
and:0.0017594350898193082
enjoy:0.021302970402961786
subject:0.0001230274511152917
leaders:0.020380485729256898
i:0.0017594350898193082
group:0.012429105690353203
criminal:0.08602674045985628
held:0.018734783775568555
victims:0.023109615968749914
agenda:0.024423067374428706
than:0.006592632636956042
the:0.008336438820155426
do:0.0033102208244539014
solve:0.022893562577510972
rule:0.018196762987355678
would:0.008595849272851392
law:0.02771282143081996
home:0.013499368902586859
because:0.008132360824398681
jim:0.015605210815432579
thought:0.012371365922542454
problem:0.019498297622539948
makes:0.012870865816829374
here:0.008296778366928093
excuse:0.020400921660445222
about:0.004539245070607703
is:0.0037143681136958145
move:0.01629873325148856
today:0.013083531178794253
morning:0.019770234182485788
food:0.019426171837928094
their:0.006975500546459511
v.32bis:0.05466430780730771
bailey:0.030171721366436425
every:0.011208057727822102
prison:0.02540261319002167
humanitarian:0.05695427425245518
article:0.003734252904684797
killed:0.016833110583722975
sign:0.019971023345129287
give:0.010890489729751183
citizens:0.018835752022737885
understand:0.013807176326892412
upon:0.015981915127617218
favor:0.021943299712150092
s:0.011436613472000338
