believe:0.00978681027175829
at:0.007936621733823703
final:0.017372290077642318
know:0.005557996061523882
all:0.004297602840749059
story:0.016193952828885604
take:0.00957544653304371
watch:0.017316053335920494
truly:0.019631997608244946
your:0.011350740740371734
wonder:0.016623277963139317
much:0.00787025616918888
such:0.008662239655260353
from:0.0038133885334692592
atf:0.0200426705232823
yours:0.019037519391236313
my:0.004280244420406762
to:0.005587293892260125
janet:0.022887056160915662
most:0.008363042630482152
so-called:0.0225891291226069
front:0.01584212130345015
day:0.011456319980913838
appreciate:0.01729375376312835
been:0.006609190933429906
make:0.007928290465539205
that:0.0015626334479030488
like:0.010492243815393452
really:0.00879007091527444
happens:0.016829177994499
me:0.004881030091912364
so:0.009205500877341623
this:0.004729571516859631
off:0.00983539390971329
something:0.008966942870105958
compuserve.com:0.02495060950142731
on:0.004567647074227837
utter:0.0254659714436694
you:0.002503599051390639
kenneth:0.04428690736363809
am:0.007361875480636782
united:0.017664513436383863
m:0.006165832036558883
more:0.005727112728922189
sure:0.00982902711783425
a:0.0012581118250868423
how:0.005925058546077136
j:0.013757336304184065
dogs:0.023417610375584055
copy:0.015390143896681722
let:0.010383503345733444
demand:0.02133853571450654
cover:0.017676606073188675
authorized:0.025074028304076477
far:0.011213414739285592
express:0.020971687372433684
are:0.002895997214419935
tragedy:0.025200924146268802
d:0.024619516518608588
it:0.004633181482972594
ken:0.018585913068084735
have:0.002302930689854292
being:0.008764882567230396
ve:0.008221322968592047
kind:0.012412282418752522
states:0.015553422231782356
against:0.011636399964674984
allowed:0.017260510036562482
after:0.008690151746238519
attack:0.017786925983135957
war:0.01593164466474332
has:0.004796281413903383
willing:0.016107656999908425
writing:0.018029093446610963
his:0.008308238925699355
be:0.005211362676914156
get:0.0059206034923023525
were:0.006987852691316663
ghetto:0.030624225066655898
if:0.006037391169039723
of:0.009634443428932996
america:0.017737561056155236
freedom:0.017964092253687412
kept:0.017989980281865648
gotten:0.019413112224295103
never:0.009927654193071444
secretary:0.023004062856425846
lines:0.015915234794119444
again:0.010999410532018099
gulf:0.025534743840654933
they:0.004202340650935782
who:0.023298249986195466
highly:0.0188138455603991
up:0.006051623289875606
republic:0.023164955120399174
waco:0.05249561769582772
president:0.05088456971854052
in:0.00240107705262825
government:0.024248783230777456
or:0.0030374389986625463
and:0.0034396163467638723
for:0.0014655354185228557
subject:0.000120256562576659
conduct:0.023417610375584055
i:0.005159424520145809
branch:0.02054007510713083
we:0.018212755482621218
back:0.009488093333637556
will:0.005104979031095876
the:0.00746962442331494
responsibility:0.01953949939904806
got:0.009964656854191775
would:0.008402249064003388
regards:0.01860075494149398
william:0.018340807564824403
mr:0.0152115120643397
makes:0.012580981451585468
during:0.013190853647758877
here:0.008109913989294577
people:0.006780509639968998
address:0.01438207817087212
about:0.004437009821269692
press:0.032318471718627624
clinton:0.016509713011128073
helicopter:0.030022732307085978
involved:0.016220167284080485
hear:0.014926493532697331
survivors:0.021151378043727836
various:0.01605666206466301
davidians:0.0217979914260161
agencies:0.02087213625981807
gang:0.025331498636688855
very:0.01570488731336439
initial:0.020750713692302178
reno:0.023289511567833904
side:0.014506144498068438
assault:0.02144908125016473
letter:0.036766207385052756
by:0.008922842115469965
bears:0.027395947237961578
s:0.011179032087495825
