another:0.03959830947122462
some:0.020848872770238464
fewer:0.09820169608334552
with:0.01044334601409906
statistical:0.10042129816687367
ohio:0.09057885317956013
to:0.0024610699287336262
t:0.0920097519643015
nasa:0.07660965745713243
die:0.06728132806129195
that:0.006194725454187085
like:0.02079712613408345
through:0.04231184453615762
re:0.006677508978181616
phone:0.0524526272537423
cleveland:0.09622773404049151
these:0.029582785233909687
you:0.01984996390745435
them:0.0261760566345043
steve:0.1145412088155138
evidence:0.057459072044876366
far:0.08890635971862149
l:0.05901715319202434
requires:0.07168133544483617
have:0.009129475234779515
neil:0.09965036652642352
guns:0.07205281986679624
writes:0.01180825698245647
get:0.023470963844484327
of:0.006944306627347808
freedom:0.07121479429140366
but:0.011880057540185897
email:0.04899819033871323
and:0.003408905486524909
subject:0.0004767313730717553
back:0.03761351285834888
any:0.018272986898014414
research:0.05513091929529959
will:0.04047519088940301
the:0.0013459875178375945
do:0.012827105694758869
less:0.049086884939219234
friends:0.07101129188549528
because:0.03151289819454489
claim:0.05830784008571403
people:0.026879877501305667
paul:0.05848254448409031
center:0.05833269345487158
smith:0.07031675990118683
lewis:0.08884939200116874
