at:0.005873100083029541
out:0.007854513993869734
there:0.006118526570514316
technology:0.022451117905446287
all:0.006360452204308608
nick:0.033170439680436335
your:0.016799096295750167
with:0.0038988491785969825
way:0.01154915213031029
funny:0.030005107670374818
such:0.02564022937957065
from:0.005643815029534504
my:0.0063347617422020094
single:0.021676177803415835
to:0.0055127966403633235
aka:0.03453107538939311
animal:0.033759846062730026
born:0.028652819720276473
die:0.025118362476215662
bear:0.030037082152131436
that:0.002312697502896512
indeed:0.024588282056697438
id:0.09379617616046508
re:0.002492936685187804
so:0.006812070649232801
national:0.02169449283325009
this:0.003499882922476127
off:0.01455638298637567
ti:0.025257740375011085
laws:0.024745826086919283
swiss:0.08078547691470363
contains:0.027984356699185305
internal:0.026417116107468885
on:0.0033800588349286
you:0.003705326596058146
brain:0.029395855993111956
medical:0.02682011648112448
products:0.02700057862757926
am:0.010895575711342437
etc:0.030964319832776477
support:0.018259708730223374
card:0.04081211128685656
vs:0.02277741296708895
a:0.0027930082516927903
dealing:0.0314213445839864
want:0.012617319784747878
was:0.005903074227342571
as:0.00533409440144679
question:0.014553240555647363
sig:0.03146090948745183
are:0.008572151754683007
no:0.015009943149100133
it:0.0068571085947994395
not:0.012058200171519299
cs.umd.edu:0.07642968717796964
have:0.0034083374209843524
tom:0.05060970964633007
peace:0.02567757236942034
completely:0.04795991516052627
bank:0.0317446402502438
secure:0.056996745316799144
love:0.021814782934542993
willing:0.023839332359864473
tested:0.03158103285746968
be:0.007712816761832952
writes:0.004408415940117083
get:0.008762493168607484
soon:0.023979957580263136
if:0.0044676694650893954
of:0.005185082281753031
keeping:0.02786759948256725
breaking:0.033704057731593254
what:0.018408842059932623
happening:0.03026530329641305
nature:0.025416100948398468
understanding:0.026761031899405506
they:0.006219464163384958
in:0.00236906269192654
fully:0.027984356699185305
point:0.014676906408400405
system:0.014901482194950168
and:0.002545316096605266
subject:0.00017797971261345532
animals:0.03272417646260228
i:0.001272658048302633
possible:0.017179810819763882
information:0.0162588085632251
will:0.007555368966021896
cost:0.04428010139134508
the:0.0010050040133187373
thing:0.015092882900833045
when:0.00871782961895824
would:0.006217664307362507
transactions:0.041370094951964316
wants:0.02347023441729166
just:0.015658514179545148
is:0.003582301691875519
clinton:0.02443437525646955
privacy:0.03150071060069519
guys:0.02589783806327501
time:0.010530066466024758
keep:0.01766276389417281
break:0.026161376988319242
protect:0.02752911731341109
bad:0.018270673644975893
going:0.014518771226997884
high:0.037297651008553624
while:0.01446895003919015
especially:0.020835304716648944
everything:0.02059774989282169
s:0.012408725617120366
