school:0.01739963864017275
cat:0.024229554590476092
out:0.0056372110003849755
say:0.009079162556304036
there:0.008782574024661698
all:0.02282458924991127
transportation:0.028882478051438818
into:0.00856843972718845
such:0.009201039251042098
skill:0.02712302934270524
from:0.01620233979770671
both:0.010744995609130325
to:0.0065942543545015825
fantasy:0.027668217186481405
schools:0.023555595582262716
crime:0.019192430264294336
look:0.011345302986966078
grade:0.026502561288597428
us:0.009855867876483234
prayer:0.0254090952601329
bunch:0.019407669957676198
aclu:0.028283611338740224
that:0.009958984462233785
guy:0.0162025394590855
produce:0.02016975736282486
like:0.005572435710567814
through:0.011337144947487209
nt:0.0034166437881456386
could:0.0072206179680672595
need:0.009192354026302566
re:0.003578378017015986
had:0.007341667395608302
this:0.007535633086671086
he:0.007608292858948494
soviet:0.021181818183333076
you:0.005318650616351405
fall:0.01866172740380063
serious:0.01721049587100225
them:0.007013680246565746
why:0.008515419043799074
amateur:0.02272416364456589
a:0.003340918961355012
low:0.016247820765453683
commercial:0.019934672728482063
as:0.003828297417306308
old:0.012669440585369972
local:0.02924768853508088
lucky:0.02278323462936158
quoted:0.02137713873127688
figures:0.02257960011061136
are:0.0030761310124460548
no:0.005386343235323014
fighting:0.021817687434368634
it:0.00164045660162666
not:0.008654210649415763
ban:0.02530728952593537
have:0.009784700730098619
proof:0.020034012400484115
worthwhile:0.02712302934270524
christopher:0.02315384735203624
area:0.015351516960092569
45:0.021580773250027097
domestic:0.025953396147006865
public:0.014180596162969347
nonsense:0.025158530736126606
anybody:0.014543517439773659
be:0.011071028844736293
scratch:0.026978027670478785
guns:0.0386120374405798
union:0.024310652955613764
get:0.006288870695172834
were:0.014845007631313866
if:0.006412922677161811
of:0.005582026379877664
produced:0.021965679303705278
motivation:0.027197212053403638
but:0.00318317331220292
tend:0.020380880831288677
york:0.018005584724523647
they:0.008927460521605202
now:0.007903896640565762
in:0.0034005684573108225
ours:0.02631241617544186
economic:0.02194069392580503
morris:0.02352079769073602
system:0.010694843680586244
or:0.0032263706110195467
world:0.024126800849116524
better:0.01069959747034164
and:0.0045669547187893525
for:0.001556693123981215
subject:0.00012773663584697749
i:0.0009133909437578704
person:0.01342198296207584
we:0.006448535434038134
firearms:0.02272416364456589
than:0.013689964423152737
the:0.00468841585160655
do:0.0034369278416578786
regularly:0.02376987119291809
would:0.01784975399242825
can:0.004136679389654131
because:0.008443647363131645
claim:0.031246306648803693
road:0.017275848736701006
auto:0.02260816550289128
wants:0.016844665849730857
people:0.0072022638281010395
many:0.00886699056257461
lawyers:0.026567660102261446
reality:0.020050771398336758
trade:0.02018699950398897
nose:0.02439314963711858
is:0.006427574805996744
either:0.011978768933556738
living:0.017626818248943063
new:0.008248801745854292
eliminate:0.02578350768549055
average:0.018562301717237255
production:0.045929907039251545
their:0.007242505352065617
build:0.017854703650805524
wanted:0.014570143490651206
superior:0.02411042754922381
very:0.008340873166427978
jewish:0.018299077454664105
full:0.014783074085757191
handgun:0.02663365685887549
by:0.004738925716828546
everything:0.014783074085757191
s:0.0029685946452441066
