know:0.014865965369377131
own:0.054614232181879406
nicholas:0.21093134520320103
my:0.02289672918868196
to:0.0016604809157720853
control:0.073485163131109
like:0.01403179594588763
re:0.009010614524775194
rkba:0.14953046368179873
this:0.012650179237865518
american:0.03887994237817127
am:0.07876319791331883
reader:0.062069307473396264
card:0.036878413813424604
a:0.003365070182762398
was:0.010668206434956454
as:0.009639929641168898
worth:0.04235136890110648
also:0.0178734594178261
express:0.05609294694795516
no:0.027126403281506263
proper:0.09895248445883954
it:0.00826157662024029
not:0.007263976006939336
netcom.com:0.1163506689658243
sort:0.037800738646518436
writes:0.00796701675924774
of:0.007027972972255613
freedom:0.04804853590745308
what:0.022179327783051355
david:0.030077653486078243
in:0.00214071929993362
gun:0.13232586129413498
brother:0.055826677706983276
for:0.003919865818217759
subject:0.00032165008303636504
i:0.013799906547859874
group:0.0324953727085138
any:0.012328762244443462
firearms:0.11444217353528365
yet:0.031687575213086315
the:0.0027244084698399506
nra:0.06398193866708166
about:0.023735329646310158
is:0.01618509800546168
readers:0.05481681419031977
dedicated:0.06564640057648909
article:0.009763046750802423
