screwed:0.022264903035447665
tv:0.015852138310676413
content:0.019820731918914022
there:0.003840079437561286
know:0.010325314859065286
send:0.024546837831600186
differ:0.022797703965893697
your:0.010543365875993829
way:0.007248421839106875
much:0.007310447152970423
ca:0.051628835048342786
from:0.00708428664795126
longer:0.014201719700310356
my:0.003975791888411302
to:0.0028832618411942065
mercury:0.02340838979276851
perhaps:0.012085613128201025
make:0.007364353486818844
that:0.005805935153715093
journalists:0.025646562074546964
bit:0.011402025933287445
bay:0.02005541587979705
like:0.004872966792923318
nt:0.0029877763670394914
its:0.00865198559010113
me:0.0045338438510650406
re:0.003129209228269209
this:0.0021965792400477782
telling:0.017966628944041056
these:0.0069315312681964125
recently:0.013846491902040538
on:0.0021213758378212967
set:0.011085416669982933
you:0.013953112704821469
them:0.012266603945876491
why:0.014893075984552353
sure:0.009129891297737253
a:0.0029215567486326256
other:0.00577116312900381
same:0.008125913600538126
truth:0.015042081707165707
following:0.011453197795145444
copy:0.014295447468884276
let:0.009644927793944873
section:0.017195644877084883
prices:0.018252976900330717
are:0.008070017342274798
freeman:0.022450893673819354
no:0.00942046641156912
lie:0.019079065580682193
doctrine:0.019795450268470665
d:0.007622779173125671
it:0.0028690830940583424
not:0.0025226360191462965
sex:0.018098943539984622
have:0.006417371713150454
only:0.005579649532507475
ve:0.007636542673754954
area:0.013424548304014003
doing:0.011216330147135209
editors:0.026554781761734526
has:0.008910246643402099
decided:0.015613527460327842
list:0.012182546430634223
which:0.01081081449805454
5th:0.024733367237643123
things:0.009350317690963388
if:0.005607953303459492
of:0.004881353612529004
offered:0.01936470562724706
andy:0.03750467143775404
park:0.01879180865709191
seen:0.010847133433566329
what:0.003851222188270423
newspapers:0.09270351982120272
but:0.005567223617158244
dr:0.016396839351910043
years:0.009329604280252691
san:0.050685758580810175
please:0.008014290196256296
they:0.003903429391245789
who:0.010820526144216303
cares:0.02118818790547909
up:0.0056211730977087215
now:0.006911775723339933
indicating:0.02481622341879869
over:0.008393057541921998
one:0.00411427158065114
in:0.0029737188601588363
gun:0.07659028233900421
st:0.016053335744432216
francisco:0.04176627731047209
thoughts:0.017966628944041056
and:0.003194957443437572
green:0.01760799497636729
for:0.00136129231343964
subject:0.0001117027485021686
anti-gun:0.026190717422865786
i:0.002396218082578179
sf:0.047698457540832635
any:0.004281536679032666
actually:0.010227255761929224
yet:0.011004471726720349
tired:0.020660358259759846
than:0.005985779423512389
the:0.0047306674267095375
do:0.006011028610096206
jose:0.038158131161364385
see:0.007403287704649272
when:0.0054714411834465935
agreement:0.020660358259759846
because:0.014767550618364132
claim:0.013662088053556426
page:0.017593078381536762
joint:0.022746364666346358
many:0.00775397919488742
about:0.004121406612225403
newspaper:0.02062947914972795
15:0.013982471681927379
is:0.005620766252942759
either:0.010475157770348778
issue:0.026203849434852326
ad:0.036231561977874895
write:0.013615790481119302
easier:0.01747562223601925
does:0.005098279557897594
evans:0.023783336063436654
their:0.006333404261848175
run:0.04480057620732041
1993:0.012676384113013124
papers:0.019342027520680784
mission:0.01881168565608186
legitimate:0.01914327298517868
changing:0.017918070173663203
april:0.01423495339702139
before:0.008896210323107298
ads:0.13871830014187586
letter:0.017075518911049605
says:0.010715593072918694
refuse:0.021015978397138056
editorial:0.024267988011240513
s:0.005191935404652873
news:0.01284048751532811
