seemed:0.02048098493365871
some:0.005667654733657058
at:0.004276529186671995
out:0.011438612612431648
there:0.008910475588127645
posting:0.04804643529547924
rick:0.023362439228779598
own:0.01100238172596114
your:0.006116175835831371
wonder:0.017914406348625865
with:0.0028389678484929477
january:0.025236453899901264
owned:0.024461550280523183
ca:0.009983245612098646
1992:0.0383101605328572
from:0.00410957405063192
scheduled:0.024833556232081028
posters:0.026510066834209468
several:0.013681802777026195
my:0.013838071766946135
to:0.004014172310944168
aka:0.025143986934024105
most:0.009012599339645815
civil:0.020258346988060744
began:0.021756350664134016
that:0.0033680060721793864
produce:0.020463491693351436
control:0.029608099708165275
13:0.019115235701293507
like:0.01696076306080592
nt:0.0034664007365166915
months:0.016484439514465144
kirk:0.11678561176761043
re:0.0036304903182346653
error:0.01827892310277669
this:0.007645375316088627
he:0.04631455944233695
generation:0.02251987240506911
criminals:0.02262775170984926
posts:0.019529211029945006
talk.politics.guns:0.029196402941902608
apr:0.018093244063291256
american:0.015665219501884542
purchased:0.04647431647740509
card:0.014858778381137094
a:0.0013558292483945582
was:0.008596710039819277
responded:0.025426845711324957
as:0.003884049321441837
private:0.017231461765410443
given:0.013532949316413984
act:0.018114723606885215
turns:0.021425994046439766
others:0.013088971956642699
march:0.021037437213073083
express:0.022600556294564457
are:0.0062418580737983054
no:0.010929570254199123
proper:0.03986920490331884
d:0.008843903992121531
it:0.0016643467463105435
not:0.002926747614446431
ones:0.016469077574644934
flame:0.020376958761542694
couple:0.01532034851774038
only:0.019420430654407086
earlier:0.0191550802664286
evil:0.02027511511848835
his:0.035814156145733134
guns:0.019587174332721304
writes:0.0032100116068813703
down:0.011477502800743484
if:0.003253157377492278
of:0.0037755453507910416
gotten:0.020920926765987925
what:0.004468165548527335
years:0.021648305077479547
least:0.011687681469448942
who:0.006276955700164312
good:0.015728250984072805
chance:0.017451735572876718
email:0.026639792805513988
in:0.004312614123652681
gun:0.053315759647636914
according:0.016696729148476787
point:0.02137413554621418
men:0.017046594915666707
and:0.0018533855072368438
still:0.009911209137036636
for:0.004738090236583602
subject:0.00012959687811659365
i:0.002780078260855266
example:0.013647374484261671
group:0.026185591600064513
back:0.010225032621687074
firearms:0.023055098066574128
necessary:0.01749891154117245
than:0.006944666418541073
the:0.002927196155297293
do:0.003486980188866488
thing:0.010989963277305613
regularly:0.02411603436563049
responsibility:0.02105713042033335
start:0.013677485863507342
around:0.01149123511239629
got:0.010738610784614437
once:0.013024423276334495
an:0.008717457655939191
nra:0.025779130627998914
relationship:0.022160124967429685
firearm:0.08086370332096081
here:0.008739810221472796
people:0.007307151165403482
about:0.004781631943310056
is:0.005216944211469202
right:0.009416862105778152
time:0.007667524125746182
life:0.01354553084120733
six:0.020569409399150654
1993:0.014707067004903577
first:0.027343031495986037
guess:0.014544452732697345
too:0.009478242077012118
pm:0.025236453899901264
nothing:0.012402213599518973
him:0.011633569433802464
article:0.003933654758818451
seventh:0.029196402941902608
before:0.01032133139428468
by:0.004807939198141583
while:0.010535643232420011
s:0.009035479818291529
