some:0.0082804033697401
at:0.006247978811733553
out:0.008355865950925247
fewer:0.03900209206147056
all:0.006766438515221923
means:0.02010351220169328
with:0.012443135676373347
ca:0.014585451036115752
times:0.01993245490420586
from:0.006004058542057982
sell:0.024681363822557218
trick:0.035233355172481426
require:0.027514333751082174
stop:0.02357413556440168
look:0.016816796626070288
then:0.01131830035301988
assumes:0.0383849900970051
lock:0.03585538056552473
animal:0.03591472985396811
earl:0.04077131801630448
die:0.026721662208740064
knock:0.03864291665140847
manufacture:0.04077131801630448
think:0.010210978918642236
reliable:0.032901373868398844
weapons:0.028365645287160804
like:0.008259851514245908
through:0.016804704212942032
nt:0.0253219344582425
could:0.010702901810823102
re:0.005304120606782561
apple.com:0.03900209206147056
off:0.015485513815293265
these:0.01174919129857406
big:0.019686386906862106
you:0.007883673608634352
them:0.062376986022648545
a:0.002971285374141266
how:0.009328815583185279
same:0.013773711705876683
as:0.011349137024354871
course:0.01734859432553205
solution:0.027587638781796087
far:0.03531032726413336
l:0.023439436728747255
are:0.009119310377322347
d:0.012920881009766209
it:0.0024315987924820705
not:0.004275957507630957
hunting:0.04151855571600538
allowed:0.027176122185226036
after:0.013682366579184051
neil:0.039577450535317145
be:0.012307686322073857
guns:0.08585016835192742
get:0.00932180124319945
if:0.009505679712956159
of:0.004137033735441248
keeping:0.029646382428263028
but:0.004718320725180214
anyways:0.040095359294287994
using:0.015634188501027806
they:0.013232902475287144
now:0.011715704949491094
good:0.02297886313985105
one:0.006973836225359025
moving:0.030077883557739944
or:0.004782350763851669
better:0.015859687030506404
and:0.004061674622242445
few:0.01621012411990274
for:0.002307438744057262
subject:0.0001893401198015482
i:0.0013538915407474818
away:0.019638181463288443
we:0.019116934832822268
import:0.03947825732982254
will:0.016075253119195523
shoot:0.03305898476758119
the:0.002672883014145578
do:0.025472266627889956
less:0.019495500401392037
can:0.01226334741046402
friends:0.028203066280764084
because:0.012515760985067475
trusted:0.0416511240352405
problem:0.01500400916344386
long:0.016881640036231098
people:0.04270278411554943
many:0.013143269699135414
is:0.0019054796233380418
methods:0.031556545079210435
figure:0.02618792648279967
smith:0.027927223790542285
shots:0.03476211333270729
bad:0.038873773712714665
while:0.015392500041691648
