taken:0.029158241590784603
out:0.010426346009561592
k:0.03352797394912976
know:0.021838497799261978
all:0.016886156294624623
your:0.011149842674170464
with:0.005175463511411923
though:0.021995966385935217
my:0.0252269272919549
uicvm.uic.edu:0.09600459813671566
enough:0.021523438291481383
been:0.012984428205499462
that:0.012279809749892984
like:0.010306540385032505
really:0.017268988877795804
talking:0.028846824604975826
nt:0.018957837656347926
re:0.00330920798918735
so:0.00904257165827363
prefer:0.036340956681786205
off:0.01932263228279956
he:0.07035987643894846
on:0.004486803763179557
american:0.0285578337821966
am:0.01446315359912713
card:0.02708768448242692
more:0.011251495803723238
as:0.007080656285106357
let:0.020399449050909953
politicians:0.04938425243787361
jason:0.08070613581916893
far:0.022029894443552227
express:0.04120101412991396
are:0.00568948125310819
freeman:0.047484633522502886
kratz:0.1084872271825969
base:0.034085273056752664
lay:0.04236154510772323
co:0.040398103922924915
it:0.003034118847256389
not:0.010670973603114423
have:0.004524341709271264
networks:0.04481395495052658
points:0.03243501140239321
has:0.009422782954748238
familiar:0.04076688884682375
considered:0.0304676367894886
writes:0.0117037591330542
tech:0.08026252575433324
things:0.019776335647258846
of:0.001720713146599457
lawrence:0.04197552189997199
u28037:0.054462132286788464
even:0.014859818121823236
andy:0.07932403958958598
what:0.008145505336253373
seems:0.02085386804762016
well:0.01489263637303845
good:0.014336370366013266
over:0.017751688075392548
in:0.006289546969716477
gun:0.03239836721950798
chief:0.04409989378902089
handguns:0.048782009400307094
and:0.005068107272001635
subject:0.00023625625568157783
i:0.0033787381813344237
the:0.000667038061937215
here:0.015932751377198195
about:0.017433914695962328
is:0.004755267732578122
guys:0.06875532229188056
does:0.021566173705088943
article:0.014342174872860195
very:0.03085384941209641
opinions:0.02527088633203577
somewhere:0.03433204476904944
s:0.0219623462249918
