kills:0.032552247271958934
wilson:0.029187544670183713
at:0.015455526534288264
hours:0.022901604541231708
all:0.005579344038867199
into:0.01047253744434144
to:0.002417893263317247
everyone:0.017880191564404114
then:0.009332633624419901
ap:0.03306108573388659
die:0.022033651294926015
that:0.0020286820200846596
wednesday:0.030631170856917782
ran:0.02654851166352022
think:0.008419579108354124
like:0.006810754757360662
population:0.023075710730317497
re:0.0021867865659542136
injury:0.030515366018928427
afraid:0.026404820080300886
this:0.006140145478028292
he:0.018598049210762985
shot:0.023255159915717753
something:0.011641294252418262
two:0.02181040272109136
you:0.003250286487770303
officer:0.08811962871782449
state:0.015542183549360327
more:0.007435198981407753
a:0.005716683556096354
was:0.02071254114857042
worked:0.02248049029575643
said:0.038447453134446176
capable:0.0256595279951072
colorado:0.02756258296840912
walked:0.03172081751300839
town:0.026046951302365683
responsible:0.022870498333760363
others:0.01576800130449354
are:0.007519431363757023
those:0.010853307919810292
police:0.10747321379042957
it:0.002005002513099251
should:0.00960708855107298
fifth:0.029279640324968156
have:0.0029897696675301334
shooting:0.05576522324312521
only:0.007798457533738518
university:0.013744678956717271
always:0.015537754959056767
after:0.022563902779707032
robert:0.01868662005238423
craig:0.026695823060178453
escaped:0.0308092948772962
hiding:0.03412729366835416
be:0.0033828143692249783
wounded:0.06743348489608553
found:0.015640470790976593
guns:0.023596245102576543
cops:0.08537485368597295
of:0.005685397238764288
youth:0.09945110758991921
shop:0.028418092285454364
island:0.03002087836964151
homicide:0.03850879452923713
who:0.022685138144453477
now:0.009660318116247043
called:0.01568569880617973
over:0.011730647675551799
rest:0.01910310428931467
in:0.005195312920891534
douglas:0.026376500638922006
and:0.0033491001271121917
for:0.003805249858620748
subject:0.0001561225549240836
fourth:0.028221172898866134
car:0.0178868031572128
i:0.001116366709037397
house:0.020104514295264275
body:0.020758369144295623
fired:0.02773821037834406
the:0.003085538637382088
arrested:0.06804384458229103
would:0.00545409149768641
auto:0.055264404562623125
an:0.005250866307378577
mountain:0.026577678572941497
just:0.013735538753986969
here:0.010528660266803484
people:0.017605533802024766
about:0.017280985619681957
newspaper:0.028833014718040822
tuesday:0.029373209572608163
cop:0.03186345758975786
blocks:0.0314455689114997
else:0.014775159212503256
cs.colostate.edu:0.03468466314089407
holland:0.06387220781107779
goes:0.01884811225725542
triple:0.03543222671697527
23:0.025319717288631874
under:0.014194873842723036
him:0.014014709376393613
show:0.01760274075868323
article:0.004738788773781292
three:0.017067181324400424
condition:0.022211082388801293
going:0.012735764234208668
by:0.005792020320568222
revenge:0.03468466314089407
s:0.010884847032561724
