looks:0.024277343789885747
ask:0.0206706566266409
at:0.006247978811733553
out:0.008355865950925247
round:0.031210515546093894
there:0.006509070819696081
truly:0.030909953681066513
controlled:0.03441608379959076
your:0.008935689519016046
with:0.004147711892124449
someone:0.015627362515340568
from:0.006004058542057982
to:0.001954892425660753
job:0.024620486207724654
animal:0.03591472985396811
enough:0.017249280332889333
been:0.010405960193059852
that:0.009841265969772391
weapons:0.028365645287160804
smaller:0.0318527820499643
like:0.008259851514245908
really:0.01383968612192146
re:0.0026520603033912803
expert:0.03615722180253747
ball:0.031621314466184
something:0.014118165369954062
mksol.dseg.ti.com:0.04126062916160201
certain:0.023378120508939778
on:0.003595807271200638
you:0.015767347217268704
am:0.011591037990789827
them:0.01039616433710809
a:0.002971285374141266
load:0.031886474268110386
wondering:0.05104870215400421
low:0.024083649219715033
was:0.006279866199300607
as:0.0056745685121774355
capable:0.03111900203661937
launcher:0.04401073931060034
stopping:0.04020363923847798
velocity:0.04206437870278643
ie:0.02967105096993909
are:0.018238620754644694
tear:0.03517942184350824
gas:0.028143047316801433
not:0.01282787252289287
have:0.003625890873387609
only:0.01891540763502534
warned:0.040425288483187945
real:0.01813896350353367
mother:0.03020995811162648
craig:0.03237578541340791
be:0.004102562107357952
writes:0.004689804191613917
if:0.0047528398564780795
of:0.0013790112451470826
but:0.004718320725180214
ok:0.02314786659936831
they:0.03969870742586143
who:0.009170587760523747
now:0.011715704949491094
in:0.002520279459496319
handguns:0.03909480185982058
or:0.004782350763851669
douglas:0.03198852205145861
use:0.01179276260813722
and:0.0027077830814949636
for:0.0069223162321717865
subject:0.0001893401198015482
i:0.004061674622242445
bullets:0.08107753216277931
fired:0.06727991453470687
the:0.002138306411316462
do:0.010188906651155981
thing:0.016056258405141535
38:0.03621916279522367
intended:0.05770991286491666
would:0.006614536497194156
can:0.00613167370523201
put:0.017641555315934605
wants:0.02496833448648049
pyron:0.04698031615356618
an:0.006368071904693168
just:0.01665799380802675
people:0.010675696028887358
finally:0.02579095372905039
circumstances:0.03441608379959076
eye:0.03255905655655605
general:0.020910853638918803
is:0.0019054796233380418
alternatives:0.03758727390248957
cs.colostate.edu:0.04206437870278643
holland:0.07746203926024328
under:0.01721505976670666
article:0.005747041704373057
very:0.01236342192754218
killed:0.02590627657211266
past:0.02342918047449194
understand:0.021249342290323783
by:0.007024365069625291
seem:0.019572429467345658
dangerous:0.02982089172473253
rubber:0.07935610156697409
