hmmm:0.06805346683999837
at:0.01206801386923878
all:0.013069422337620427
ca:0.08451569572982141
wrote:0.035281848968395355
sell:0.047672223273706404
my:0.01301663371685344
to:0.0037758881098378925
cash:0.06960173243456544
mercury:0.07663842685577635
like:0.015953959774091413
nt:0.019563795937601054
rob:0.06028332454793478
re:0.005122472640796856
national:0.04457772499982895
shotgun:0.08574769128856059
carries:0.0739787554250783
big:0.03802439114887064
swear:0.07994201667518577
subscription:0.08653068325897084
freeman:0.0735036107951072
no:0.015421174468253558
have:0.007003433056817162
shooting:0.06531406283955075
west:0.055861771229262856
robert:0.04377276751996854
5th:0.08097636670954393
guns:0.05527339606219985
if:0.009180142736485057
end:0.03704429318596588
andy:0.12278926676196185
park:0.061523866699246116
newspapers:0.07587719601803922
dr:0.05368280280967809
supply:0.05531459498088416
least:0.032981676475431265
san:0.11062918996176832
they:0.038339162651003164
in:0.0024339685191026093
gun:0.05015089720280002
5:0.03560099845092716
and:0.005230101568366984
subject:0.000365711738246826
i:0.005230101568366984
any:0.014017633784778182
the:0.0030976151095440533
do:0.009839971491869817
jose:0.12492867599405601
club:0.06619815217020242
newspaper:0.06754034954499974
current:0.04331843457165504
sj:0.08500704442184448
ad:0.05931057063501439
evans:0.0778659906734433
run:0.03666896477243006
adds:0.14828174256651283
ads:0.07569331902718797
news:0.08407880866201146
