believe:0.022631998753441046
tavares:0.05366408875304052
defense:0.04087715154424881
with:0.006091951841557784
establish:0.10603146273780559
c:0.02693851766071833
such:0.020031429202789566
my:0.019796130444381277
to:0.0071781206254730775
speak:0.037348258485816604
family:0.041046531969996525
that:0.0036135898482758
provide:0.03517662164878556
re:0.003895213570605943
you:0.005789572806340852
bill:0.09673480861536617
m:0.014258486584542417
a:0.005818767191026646
rocket.sw.stratus.com:0.05769828447205065
mind:0.031558914614688925
d:0.01897754398309412
religious:0.03824374796989706
sw.stratus.com:0.05223736109602845
investors:0.056502706195046194
writes:0.0068881499064329405
if:0.00698073353920218
of:0.004050845532619555
what:0.009587938572881574
but:0.00693003356510844
in:0.005552490684202827
gun:0.03813557808129585
or:0.014048155368814277
use:0.01732062008070154
and:0.003977056400945728
for:0.013556202621336416
subject:0.0002780933009585239
i:0.00994264100236432
hr:0.057284322715284886
special:0.03641365825901065
away:0.0288435790242049
firearms:0.09894479586904731
cdt:0.15798777061684335
the:0.003140637541621054
see:0.018431101681366416
when:0.013621608779622249
can:0.018011791509119027
law:0.09396378516387394
home:0.030514198456889047
maybe:0.027582427941065874
company:0.03506383374615989
today:0.029574231935399507
self:0.044292848145939326
write:0.033897645051953265
right:0.06062104980594686
obtain:0.04771260639183487
keep:0.02759806858464501
too:0.02033872779025517
vos.stratus.com:0.055775667008217636
article:0.008440967503297927
enforcement:0.04708427524356901
live:0.032257169520288106
security:0.03866535326081137
