24:0.0353921135156373
at:0.00851173925076745
know:0.011921498798630935
hours:0.03783743358986108
all:0.009218046672911026
means:0.013693696717095423
employees:0.02689098687683564
where:0.008924912068762133
your:0.012173258185326207
times:0.013577179427502544
to:0.007989560348352643
slack:0.05946107196528595
aid:0.023999531784154014
within:0.031270050399254276
crary:0.058110715034125
aka:0.025022518398110948
been:0.0070881178126639575
id:0.02265608119817997
nt:0.0034496548392388333
its:0.009989490608860724
need:0.009281169041049451
re:0.0018064758588317417
so:0.01480884923746261
anyone:0.008081713766383532
national:0.03144129396123201
had:0.0074126013801069325
this:0.0025361470452725556
federal:0.019089160341523
internal:0.019142837759035424
treated:0.023748051774704484
on:0.004898635992650144
curious:0.020706629665804322
you:0.018795134907541318
medical:0.09717433507653796
them:0.02124433581930784
card:0.08872198105838382
m:0.006612631459497933
a:0.00269855869728772
idea:0.013393122199327324
entering:0.025401608327780004
bull:0.027027078069911465
therefore:0.016584181258719157
inform:0.0279355429563991
cover:0.018957519556753073
frank:0.03783743358986108
emergency:0.08027587404807048
are:0.006211704170060149
model:0.017676094258857727
plan:0.01886745989100776
determined:0.023003362500176667
care:0.015294767832241048
it:0.0049689192715937965
not:0.002912608737081956
have:0.0024698097253509797
only:0.00644220404961008
always:0.02567107341061553
has:0.00514383803809928
boi.hp.com:0.05946107196528595
without:0.021712178597125553
be:0.008383496480253208
writes:0.0031945043044326682
get:0.006349632730874986
certainly:0.014858730807998264
making:0.014853174835132384
if:0.003237441641369127
of:0.0018786530006351559
ucsu.colorado.edu:0.02644276594228991
trying:0.013025740208059883
future:0.016929982243081402
presented:0.022053071223625677
reasons:0.01756775109080244
but:0.003213928609905363
least:0.011631219240127933
must:0.05597730501158206
they:0.018027432357637558
david:0.012060121929200454
good:0.00782613454763043
in:0.0034334241911978835
requirement:0.02575961785509267
required:0.03616213961836685
system:0.010798175503587077
or:0.013030173095711793
cross:0.0663827567190746
unable:0.0221026195336121
and:0.0018444319540617867
for:0.004715200911769188
subject:0.00012897080624163428
i:0.0009222159770308934
failing:0.02650430712962049
cu:0.029270100331414355
pay:0.016100686289844846
will:0.010949810095683906
coverage:0.044716566617507704
the:0.002913055111068804
do:0.013880539495777713
when:0.006317267839824811
would:0.00450555384591486
wants:0.017007416244414247
an:0.004337672166964911
is:0.003893806186821216
clinton:0.01770606902642721
self:0.020541610734348674
carry:0.037608288405152714
hospital:0.07199859535246204
blue:0.05792263228207694
their:0.0073124812491870235
article:0.003914651595732372
already:0.014037615078731165
before:0.02054293977992893
going:0.010520848715215856
bills:0.027238684942657326
refuse:0.02426482529911109
