some:0.0038154799840959285
obvious:0.02514149224772557
at:0.0028789706289360493
out:0.011550755873337842
folks:0.012102012582662674
fast:0.011378424591333456
say:0.006201127366887397
there:0.008997833191932817
know:0.02419362991486866
all:0.003117868727602259
knows:0.011418174546213187
watch:0.012562626929981535
where:0.012074881034207594
with:0.0019112005777436188
way:0.005661349083485436
members:0.024106158879115134
several:0.00921062539891306
my:0.009315826091473542
via:0.01117069077978969
practicing:0.03838436920894713
uicvm.uic.edu:0.017726339198445865
to:0.0027023512942957466
colors:0.029803246233876108
city:0.01202544313230847
social:0.014189026771164398
might:0.00695125861398185
enough:0.023844593401347022
been:0.019179612904855415
she:0.02166759794051296
that:0.012470427711696878
problems:0.00896429162056135
think:0.004705058913492011
like:0.0038060100114662523
nt:0.0046671800766172455
me:0.0035411394784462245
re:0.0012220277868567665
practice:0.01342002648706484
so:0.010017750954754118
anyone:0.005467041665494742
had:0.00501440681595469
best:0.00795809176457985
these:0.01624152914802885
on:0.00497067475724794
you:0.009081682833475848
american:0.010545866723490902
etc:0.015178588153321801
concerned:0.013156827590058266
them:0.004790389449451767
card:0.01000296845266092
why:0.0058160868632483875
a:0.0013691216920062696
how:0.004298571886369687
sister:0.019071134697021444
was:0.005787327673865266
as:0.01307376078785978
border:0.03171678310942678
said:0.00716178048582821
quotes:0.03176139726021371
let:0.007533129878277206
also:0.004848029842090086
jason:0.014901623116938054
course:0.00799396013039222
far:0.008135222457913078
express:0.015214753583922479
are:0.004202035173864219
freeman:0.01753517512432296
taking:0.011133823641018318
kratz:0.02003113835234224
it:0.006722655485097489
not:0.005910882437019264
signs:0.03282888128703265
law-abiding:0.01944862779219087
have:0.011695275464161993
shooting:0.04674437830673731
only:0.004357961562971525
ve:0.005964489212507956
area:0.04194074568182153
west:0.02665300195906006
coat:0.020456148575375567
were:0.025348093095952602
things:0.021909077726865192
if:0.0021900340515144095
cops:0.01590315901993614
of:0.004447987251503825
u28037:0.020111833164729073
totally:0.013462468302511937
even:0.005487449175705966
andy:0.043939296439329485
seen:0.008472107485693964
but:0.0021741281772889223
never:0.007202415787130263
minorities:0.05443765648404551
easy:0.010829024719800025
they:0.012195027771343054
find:0.006916492606775785
who:0.00845132597538463
one:0.003213434339136021
in:0.0023226104822809215
gun:0.03589230878239609
point:0.007194561964902159
or:0.002203632214715965
and:0.0018715559533862248
for:0.0021264631562880653
subject:8.724495716345848e-05
i:0.006862371829082824
becomes:0.014071131161772865
we:0.008808783697476927
possible:0.008421475892041118
pretty:0.00940529430365891
the:0.0024632451306831797
do:0.011737220897164979
thing:0.007398472010212277
interest:0.011937205871463678
when:0.004273445891646196
start:0.00920771924144612
would:0.006095749320943635
can:0.0028253790602539653
her:0.021610515064900183
friends:0.012995530541136393
because:0.011534132672513164
did:0.005372258311905116
last:0.00712471422241666
myself:0.010891640725483279
just:0.003837871122437536
makes:0.009127378700169851
long:0.007778794918655506
btw:0.01226075333478214
here:0.011767326180545072
many:0.012112425016850285
about:0.0032190071252348744
is:0.007024120964461801
else:0.00825670661875182
right:0.012678912377714376
spot:0.015770655443484015
their:0.00989335698419421
too:0.006380777345962407
chicago:0.013799671688901578
nice:0.010325945937107053
gang:0.1286442773902434
article:0.0026481466677013106
very:0.0056968708881812
side:0.021048131232491458
bad:0.008956212571066614
close:0.011355925543040983
going:0.0071170447191166095
live:0.04047958528036155
by:0.00647343447592919
says:0.008369368445841727
range:0.026140888794050153
