believe:0.013838674397008538
tavares:0.03281371032033051
defense:0.02499494616718399
your:0.00802504600115454
with:0.003725015138786926
establish:0.09725178747926118
c:0.01647195984349656
such:0.01224851721954012
mentioned:0.02238957718975693
my:0.012104640271723584
to:0.005267003159582792
amendment:0.05821784514595269
then:0.010164842992202569
speak:0.02283715168559487
family:0.025098516363819535
that:0.002209583601493483
think:0.009170369602092708
cco.caltech.edu:0.028667300322014155
provide:0.02150927183620009
through:0.015092122891877878
nt:0.004548271030079226
re:0.0023817866418991756
rkba:0.039525568425443615
federal:0.02516851076875963
procedures:0.034783909349344916
you:0.00354012095164791
bill:0.0985832444487808
m:0.0087185650453253
ray:0.027629101061074333
a:0.003557972295150051
rocket.sw.stratus.com:0.03528047967717747
mind:0.01929717071980979
d:0.011604103327242266
religious:0.02338471213445935
should:0.010463771606582673
second:0.03502797167709894
exists:0.023768363458715636
sw.stratus.com:0.03194131633897281
investors:0.034549425444104685
be:0.003684466605971155
constitution:0.028821531265457428
aaron:0.06440265808584697
writes:0.008423724726338374
if:0.004268474011231906
of:0.003715425201893095
what:0.005862688554118671
but:0.004237472753187327
beyond:0.024876205079226794
court:0.025456443487027445
in:0.005658589232308614
gun:0.02331857003697071
our:0.014202391229174481
system:0.014237084899633918
or:0.008589954875198539
use:0.010590952406034065
and:0.004863661331092865
for:0.010361428755161592
subject:0.0001700443114141293
i:0.007295491996639297
hr:0.035027356564760186
objection:0.037527749579233154
special:0.022265676387675303
away:0.01763683812945013
established:0.029513466558468867
firearms:0.06050127645495887
cdt:0.09660398712877045
the:0.006241266961692795
do:0.004575273368831189
see:0.011269973002618956
when:0.008329136578622522
can:0.011013579521499534
law:0.05745556290275094
home:0.0186583633876519
maybe:0.016865688422562575
company:0.021440305984913057
is:0.00513387185141396
today:0.018083606788524543
self:0.027083524980956536
write:0.02072722245214977
right:0.061779413814977695
obtain:0.02917458734787355
keep:0.01687525212819058
too:0.012436419540538195
vos.stratus.com:0.034104866450884674
under:0.015460658771373498
arc:0.07302199411907927
article:0.005161355925583446
already:0.055524579387847474
enforcement:0.028790384862309712
live:0.019724129133424577
packet:0.03563442777370493
security:0.02364250900024135
