posting:0.08916725829611462
thanks:0.05387531472746387
with:0.015806145318636416
post:0.06979940011976164
my:0.07704439956732173
day:0.06873791988548303
re:0.01010650007508569
this:0.014188714550578893
you:0.015021594308343834
bill:0.08366253718085723
a:0.0037743354752605273
whole:0.08086258040614298
course:0.06611221080810863
l:0.17864651777045207
are:0.01737598328651961
made:0.06285350140318922
neil:0.3016443527286334
of:0.00525515096123618
good:0.043784050036743224
for:0.008793212511137136
subject:0.000721539375459954
dear:0.1298958864893893
lot:0.06698792941257813
smith:0.4257014653477257
very:0.09422932388018634
opinions:0.07717865285189303
release:0.10740009430776375
upi:0.167014560983551
news:0.08294260854495726
