out:0.026181713312899108
with:0.012996163928656608
supporting:0.10924103816364063
uicvm.uic.edu:0.1205391065494319
to:0.006125329600403693
1988:0.10155779653238414
us:0.04577503080411102
that:0.015417983352643414
vice:0.11975006902816722
duke:0.2820707929357579
re:0.008309788950626012
so:0.022706902164109335
he:0.10600888050134902
leading:0.10033831630514338
on:0.011266862783095332
was:0.039353828182283807
bo:0.14037199728677494
party:0.09432618763383685
his:0.0819746240669003
be:0.012854694603054918
found:0.05943378900571106
of:0.004320901901460859
ticket:0.22506564041820015
up:0.029854674896719658
david:0.055476560874322095
chance:0.07989016728916898
president:0.08367684798159997
in:0.003948437819877566
for:0.007229974731379422
subject:0.0005932657087115177
until:0.06358146056365876
the:0.0033500133777291247
when:0.029059432063194134
just:0.026097523632575243
note:0.06581531330841106
gave:0.0824860869563976
