ohio:0.20563847748873115
to:0.00931215648710021
revised:0.07910968048590215
add:0.046435411033131334
representatives:0.07379829416009664
thursday:0.07051523769238867
t:0.03481450074324922
been:0.01982757280028972
make:0.02378487139661762
this:0.0070943572752894465
di:0.0895165483466599
something:0.026900828610317878
game:0.04016228524203362
8:0.039898530842890086
permit:0.07379829416009664
cbnews.cb.att.com:0.08127647305448565
section:0.055537285481395776
van:0.06196763554720611
no:0.015212780218682566
legislative:0.08421868229563255
pushing:0.07133448933855673
boggs:0.08576476812235882
hunting:0.1582193609718043
have:0.006908792069562877
larry:0.12283197394521611
johnson:0.06239667201091664
list:0.039346332390832156
of:0.01839302836432663
department:0.04686588625260725
they:0.012607021952807348
code:0.04379070959907698
in:0.0048021541052565
resources:0.059645334777926926
chief:0.06734172970485623
and:0.007739136780218714
for:0.004396606255568568
subject:0.000360769687729977
house:0.046457728979597185
allow:0.047382090153710706
the:0.008148681189070844
would:0.012603373596005083
an:0.012133758629212659
division:0.05354820832595045
white:0.04593201548406206
representative:0.07161899486825715
1993:0.04094129463527212
natural:0.056582548536502436
davis:0.06692907127431459
april:0.045975052187677196
give:0.031935625288594685
