effective:0.02746915260955472
go:0.013234233005402225
there:0.006243394459708486
monday:0.0343918956444829
ohio:0.06901245956537916
into:0.02436467895214131
from:0.011517989856192864
manufacturing:0.03777306776443974
to:0.011250605388496577
revised:0.039823920788821486
require:0.02639129972042576
measure:0.03141056958372675
been:0.009981227123955369
expand:0.03665818439637772
that:0.0023598954111188897
weapon:0.0660226913706435
weapons:0.05441572769373705
12:0.024172685929333578
penalty:0.03296522536569332
had:0.01043815296382405
this:0.003571309104567476
on:0.0034490396274781624
state:0.018079682904357932
a:0.007600022453585823
as:0.01632886041259221
immediately:0.02872584718914206
act:0.02538525893209765
military:0.10535615136681824
cbnews.cb.att.com:0.040914687115863525
section:0.02795754507226726
declare:0.03866814502830857
emergency:0.07536102461655596
assigned:0.04121708005852225
no:0.01531626851948993
legislative:0.04239579925086264
proper:0.027935565340420687
action:0.025046891706299024
not:0.008202857259536936
date:0.04867753999705201
against:0.017573338722162223
passes:0.0314841132306942
larry:0.06183378280235369
after:0.013123902637176539
selling:0.02836583085271796
prior:0.03126582537660236
if:0.004558846392948362
of:0.010581800575006184
chance:0.024456173659949686
code:0.022044302791372084
requirement:0.036273747591865184
or:0.009174305546980753
use:0.011311425358825497
opposed:0.030456628486388984
and:0.005194522646133195
for:0.006639772712491305
subject:0.00018161195164638296
purpose:0.025584227837718278
6:0.019988773010606763
person:0.03816591073569865
house:0.02338688397612375
any:0.006961137865910253
prohibit:0.07939819343249743
the:0.004102057197219336
do:0.004886516455146235
violation:0.03504593551218972
would:0.0063445554156760274
law:0.020454701532271878
effect:0.04716154360030484
increase:0.028603712470661815
an:0.012216301204921587
introduced:0.035235791213666434
n:0.02490486731839729
is:0.0018277049448344482
acquired:0.039823920788821486
bolt:0.04153354274991608
representative:0.07210619891497999
days:0.02026022193571546
90:0.027428295303022668
goes:0.021925355074766506
1993:0.041219806843675336
committee:0.03273920055189522
april:0.046287807644736216
before:0.01446390657974588
dangerous:0.05720742494132363
include:0.022867505260167356
s:0.004220654971809648
