above:0.012375709227857024
simply:0.013902924272197224
out:0.0053553504503657265
there:0.004171722661714307
participants:0.025981663715799734
remind:0.023994328232059985
tried:0.014081200241075776
thanks:0.009060848385982558
your:0.005726964646278466
with:0.005316612516268612
insurance:0.02018374100294888
from:0.003848055701955343
clause:0.02743835414886688
both:0.010207745828673809
to:0.0012529083273553007
sound:0.015687196768765593
property:0.020773185654351302
cases:0.016726298174938144
owners:0.0392513405762659
trust:0.01886076483508333
next:0.012174454653405341
been:0.020007823462110535
that:0.0047305176195610475
like:0.005293813925039423
nt:0.0032458115987383566
could:0.013719174139327793
me:0.00492540309274793
re:0.0016997295580825932
funded:0.025495426808744424
political:0.01638534444309784
this:0.002386283810779177
voting:0.026363859703120374
abused:0.08262151048094689
laws:0.016872154150172236
two:0.016952631205939196
these:0.007530163514086102
on:0.0023045855692694996
you:0.0025263590427669173
numbers:0.016035192731812264
ownership:0.024187781024872693
used:0.017949668257607868
support:0.012449801406970482
came:0.01372148514762703
a:0.0019043238079723569
other:0.0062695817628723215
same:0.008827697047857328
vote:0.04140757610751362
lists:0.021532522402820234
owner:0.02037185562187094
as:0.003636882546440993
old:0.012035968556101471
pointed:0.019662034118437838
local:0.013892652054163419
let:0.010477898830694658
california:0.018088496486013343
across:0.017541655099244737
theory:0.03698680779069659
far:0.011315354873279098
hmm:0.02254681127243028
are:0.011689297847295008
no:0.005117026073556863
reasonable:0.01699230531866385
it:0.001558433771545327
not:0.005481000077963317
have:0.009295465693593687
only:0.012123056711538968
ve:0.01659212453661304
kind:0.012525121349832089
safety:0.056354637070174955
between:0.010558481118392752
classes:0.07076100071404785
craig:0.02074993519677507
public:0.01347156635482088
be:0.0026293693506248693
which:0.005872237875079626
sort:0.01426118776209559
guns:0.03668143556855081
down:0.01074711625887799
making:0.027950974462476394
things:0.010157845127910224
if:0.00304613827165186
of:0.006186745904364411
liability:0.026363859703120374
seen:0.02356786264202139
but:0.003024014646592774
year:0.011248912346407508
never:0.020035811189653276
york:0.017105305488297466
they:0.016962174991049885
who:0.00587751306469931
good:0.007363681142543177
one:0.004469595035343738
in:0.005653445060279242
gun:0.08320489763191821
or:0.0061301041609371386
douglas:0.02050173458752574
use:0.007558088762487945
registration:0.044956914568819284
and:0.0052063283794198615
for:0.007394292338910773
subject:0.00012134980405462862
half:0.017189288561786434
i:0.000867721396569977
objection:0.02678116674518002
suggestion:0.021037112022327487
person:0.012750883813972049
held:0.018479309451356257
similar:0.01438526494484864
limited:0.01764588664953527
the:0.005139225068107179
blacks:0.027144997234605187
would:0.008478633146403418
country:0.01532160958190969
planes:0.024996795366669766
problem:0.009616205872934474
rules:0.03745013909607866
many:0.025270923103337638
is:0.004884956852557526
number:0.011373931129080719
tests:0.021396827115776233
new:0.007836361658561577
cs.colostate.edu:0.026959442714058576
days:0.01353751192977351
keep:0.012042793564208731
holland:0.049646125162246826
too:0.008875081217565892
chicago:0.01919408880365401
nice:0.014362452076157991
show:0.01368213031697651
significant:0.01892239906138166
although:0.014362452076157991
difference:0.014577972031065393
already:0.013208119642260688
bad:0.012457277485210836
comes:0.01374625607838869
