say:0.02710778534667919
posting:0.04713126509937487
all:0.02725908087560832
where:0.026392239974768025
text:0.05166519618905096
from:0.012093889349002507
name:0.039460464369003585
to:0.009844279714934505
signature:0.0714130473723206
stop:0.0474850444940091
us:0.029426805516928514
mail:0.08755187156673874
make:0.025144006904995766
re:0.005342007182545293
ifi.uio.no:0.08531284845161631
so:0.014597294248356001
this:0.014999498239183399
merely:0.05830070028201223
on:0.007242983217704142
you:0.015879971125963482
regular:0.05781489502508087
burn:0.06961838718492903
a:0.005985017682198836
bring:0.05419095638984393
waste:0.06112257135997628
are:0.009184448308588935
internet:0.040807627758780086
not:0.008613000122513783
postings:0.06580940628130119
evil:0.1193335346973886
glad:0.0662727673634891
down:0.033776651099330826
of:0.0027777226509391236
trying:0.0385189746152628
but:0.009504046032148718
waco:0.05549536727844644
called:0.03831792136938191
in:0.002538281455635578
thomas:0.10525728611511714
or:0.00963302082432979
and:0.0027271243892199276
subject:0.0003813850984574042
the:0.002153580028540151
would:0.013323566372919657
1000:0.06675166296404116
newsgroup:0.10983325258783856
people:0.021503902001044534
about:0.014071659718883878
is:0.0038381803841523415
move:0.05052607307961453
save:0.051750146177447054
new:0.0246285652126221
guess:0.04280224661336648
change:0.04245727297014982
s:0.01772675088160052
