simply:0.012905668100773794
believe:0.018334783800256035
cat:0.02136699117894305
out:0.004971211388525147
effects:0.01815121036861859
ideas:0.015177188341938692
there:0.007744970342423185
bradley:0.02331481978474566
pass:0.05138323063533286
own:0.02868975488035437
with:0.002467626062403153
destruction:0.06521205721888468
hell:0.028804902316302915
such:0.016227993278209268
from:0.003572034828819306
surprise:0.02053319265865172
to:0.004070630430648024
amendment:0.019283125923870405
property:0.05784937777161122
us:0.008691461545084371
been:0.012381775419590204
manufacture:0.024256353756535575
that:0.005854930387079777
weapons:0.10125458191113097
nuclear:0.020591796507430905
nt:0.00301298966971493
could:0.012735098357181918
me:0.0045721041367280365
re:0.0015778080285998755
patents:0.05152262265179463
so:0.004311437119767595
anyone:0.007058712023803338
uk:0.01823476575805395
had:0.006474297407941498
d.c:0.024256353756535575
laws:0.046985745734656865
these:0.006990025202949124
on:0.012835666461754176
you:0.011725717076133372
ownership:0.02245279251254005
used:0.016662139310859622
support:0.011556777677356564
biological:0.0721514642548038
8:0.012457769123940364
legislation:0.022688575037411177
a:0.0011784844943851433
hard:0.01141026752141565
same:0.00819448671109119
as:0.00675201822967948
private:0.014977557483858867
washington:0.016199212385715162
hands:0.01690029517027465
based:0.012746426210550811
are:0.005425412502963928
no:0.004749982009208902
individuals:0.036009715606537686
gas:0.06697332779188189
it:0.00433994214860724
not:0.002543924086818417
flame:0.01771161816404133
should:0.013863393605345819
have:0.010785877914507443
patent:0.07822200957457452
p.o:0.0194373773826628
against:0.05449959477126259
hope:0.01218760142464154
always:0.011210785223623237
second:0.011602091884608718
has:0.004492719299099371
cylinders:0.026183604399977415
be:0.002440764798048402
sending:0.019155255250894333
which:0.005451022500073914
walking:0.02249890673419486
of:0.008204244116697833
keeping:0.017637721191498257
prohibiting:0.051725977517440715
even:0.014170121922076164
his/her:0.045980179306739186
nerve:0.10226009736038433
saying:0.012728080923900585
english:0.018641984747002658
1.50:0.02778482643248755
well:0.0071007084816596825
they:0.0039363697236613655
find:0.008930155011280127
now:0.006970102944633941
box:0.01336936291437387
one:0.004148991172049039
in:0.0007497033835210568
government:0.022714050114905463
our:0.009408335118060732
u.s:0.01488498903374978
morris:0.020741969271577333
yes:0.011252514221535396
office:0.046211872317040006
or:0.011380784096254603
and:0.0008054797774067296
for:0.0027455600245744637
known:0.01374231539099729
subject:0.000112645387730035
i:0.0008054797774067296
branch:0.019240070353514955
we:0.011373366292944893
any:0.0043176677902481315
will:0.014345637277256764
the:0.0034984316919323137
would:0.003935230574280068
can:0.010943873321996372
law:0.012687093355459771
because:0.00744608564934394
agree:0.012728080923900585
road:0.015234820193968397
neighbor:0.02136699117894305
is:0.0022672795518199483
having:0.011041735832997305
right:0.02455536194671265
engine:0.017219616117050026
items:0.019551114977551104
obtain:0.019326625373907794
keep:0.011178964489982788
does:0.005141303014082384
their:0.012773701422630497
mass:0.0355433638877609
agents:0.038437412420476776
citizens:0.017246237084110213
by:0.004179052636359351
rifles:0.02432726986757516
s:0.007853623808304028
