taken:0.02865114173703183
choice:0.032803153691465595
batf/fbi:0.049989181219990714
committed:0.03853438565796515
actions:0.034384542992940456
to:0.0011984340522528964
bds:0.15525078533244538
everyone:0.026587067456635683
80:0.03475357936924617
that:0.0030165619602997985
re:0.003251656545897135
started:0.028515172834686135
had:0.04002804745257744
suicide:0.044958883200514145
bastard:0.051067899904077486
fair:0.036719126406990286
you:0.004833034690510625
them:0.012746601491584703
dying:0.0442566105340406
a:0.002428702827558948
how:0.011437939106340212
was:0.007699662035664223
truth:0.031261369808805256
question:0.018982487681279168
died:0.07054266123746653
responsible:0.03400743665280889
are:0.005590533753054135
no:0.019578186716217562
roby:0.05211263305053022
action:0.032016461572399624
not:0.015728087180242562
have:0.008891315011263529
trial:0.040780946156723945
warned:0.04956491892286522
murders:0.04706333568415408
between:0.02019883344388179
writes:0.005750107747978803
get:0.011429338915574978
were:0.01348959389106347
if:0.011654789908928858
even:0.014601386502313267
but:0.005785071497829654
humans:0.07844141929140284
fire:0.03127820553947366
they:0.016224689121873803
who:0.022487876073632146
waco:0.03377978877818479
chance:0.031261369808805256
surrender:0.08499605817251778
one:0.0085505296328315
in:0.004635122658117143
government:0.02340534729231563
arras:0.050435209866838984
or:0.005863577893070307
and:0.003319977517311216
for:0.005658241094123026
subject:0.0002321474512349417
until:0.02487970195969256
i:0.001659988758655608
the:0.00786524879988577
would:0.016219993845293497
did:0.01429487863863448
maybe:0.023025331150802818
mr:0.029364831985073163
fbi:0.09951709258148699
jim:0.029446354321294516
long:0.02069835865311813
about:0.008565358089755405
is:0.004672567424185459
today:0.02468805448520307
done:0.02303185696887564
yesterday:0.038229243746562815
else:0.021970019350765712
gave:0.03227716446119906
matter:0.02626872184261341
guess:0.02605354141683177
nothing:0.022216139143486163
almost:0.02627819939360494
article:0.007046372872318269
de:0.035138974149078
data:0.025516048897441846
