some:0.006867863971372672
simply:0.01799201964637288
at:0.005182147132084889
batf/fbi:0.03381621082528783
all:0.005612163709684066
decades:0.03169854768392662
1984:0.03205088969322702
continue:0.022989448275890854
wonder:0.02170804534009958
way:0.010190428350273784
damage:0.026173369742168655
to:0.00405352694144362
most:0.0109211497880414
ten:0.023682289662104877
day:0.014960606092722777
been:0.017261651614369874
honest:0.027587110635430904
make:0.010353414607939433
that:0.004081230887464433
think:0.008469106044285619
consider:0.018943318109242314
re:0.0021996500163421794
so:0.006010650572852471
anyone:0.009840674997890536
had:0.018051864537436884
this:0.009264395971260336
paying:0.027587110635430904
federal:0.023243859945266246
on:0.008947214563046292
set:0.015584791671328948
serious:0.02115878610023218
am:0.009613743274713916
more:0.00747893544600427
a:0.0016429460304075237
as:0.00941310776725904
given:0.01639875034812518
also:0.008726453715762155
official:0.02386001777149603
step:0.024467768442249127
business:0.021273904313138633
are:0.007563663312955595
likely:0.019449463558410165
race:0.025710763110879754
police:0.02162108183313348
it:0.0020167966455292468
have:0.00601471309585474
rights:0.020430584821722386
hope:0.016990950221412032
discover:0.03212396334027736
war:0.02080485362101775
boi.hp.com:0.03620129969651233
be:0.017013566386396214
guns:0.023735046544356406
if:0.007884122585451873
of:0.004575072601546792
even:0.019754817032541477
what:0.010828730623489779
but:0.00391343071912006
years:0.013116326017531725
savior:0.03605604903421603
order:0.049487944608220445
well:0.009899223000902029
investigation:0.029268035012149706
who:0.0076061933778461665
highly:0.024568668908285886
title:0.02471290195048776
supporters:0.02949874508952195
in:0.0031355241510792435
government:0.0158330290506841
point:0.012950211536823885
fellow:0.028309779300756458
office:0.021474928900271535
or:0.003966537986488737
and:0.00449173428812694
few:0.01344486765238992
for:0.007655267362637035
subject:0.00015704092289422526
i:0.00449173428812694
we:0.01585581065545847
reagan:0.034117936086391076
will:0.0399990121730571
than:0.008415301660114477
the:0.005320609482275668
thing:0.013317249618382097
see:0.0104081515377128
putting:0.02364737945316479
drugs:0.025516287450521587
friends:0.023391954974045507
come:0.014124668673349461
an:0.00528175375624551
thought:0.015791684736421837
people:0.008854547882783044
about:0.0057942128254227735
bush:0.02748597886754636
is:0.0015804272170039052
clinton:0.04311948574671097
occur:0.026763503398803182
done:0.01558037383188646
having:0.030786957557886605
new:0.020282347822159374
their:0.017808042571549575
entered:0.02949874508952195
agencies:0.02725655440988007
under:0.014278373100621407
late:0.022671405797830408
before:0.012507025101309672
going:0.025621360988819793
usual:0.025236122456467152
by:0.005826091028336271
revenge:0.034888690571134626
