prism.gatech.edu:0.043151658357116686
israelis:0.0226497647485601
at:0.00804534257949252
say:0.008664588923596088
posting:0.015064787931307035
all:0.013069422337620427
where:0.016871751582043484
own:0.010349272308438334
your:0.005753115169777454
with:0.00534088928574929
from:0.003865626732557879
hitler:0.023319187005144005
name:0.012612933816576489
to:0.005034517479783856
stop:0.015177868103107933
trust:0.018946887048942162
us:0.018811656494840144
day:0.011613255871063342
t:0.011763803904111607
mail:0.02798461648251923
make:0.008036897184245223
that:0.0031680787710911124
weapons:0.018262812719130928
arrived:0.024103891374672132
could:0.00689090938505049
consider:0.014704858806261155
re:0.0034149817605312375
happened:0.015398634240814751
ifi.uio.no:0.02726894699366731
so:0.004665801814543014
this:0.009588720335551032
terrorist:0.024103891374672132
on:0.002315108791046986
stalin:0.028979875986550465
you:0.010151579715227796
regular:0.018479646811669685
support:0.012506649815221487
europe:0.018780824746792046
m:0.0062502954891144845
burn:0.02225245252486316
a:0.0025506924672993514
same:0.017736012333594633
sorry:0.014508751985107874
was:0.004043201525577103
minority:0.0226497647485601
operation:0.01966103258220318
talked:0.022513449848333245
are:0.002935668409138016
soldiers:0.021388333805052527
it:0.0046966497224653694
made:0.010619084711954344
being:0.008884949451713005
against:0.011795802703917108
postings:0.021034970044251523
real:0.011678510748850445
after:0.008809194920844527
danger:0.022381086666263598
evil:0.03814313894437078
his:0.008422050417832222
troops:0.021362166340627937
armed:0.020275904203875587
glad:0.021183076326229393
be:0.002641375603367449
writes:0.003019462972682933
recognize:0.020443490353877537
were:0.014167153401573507
ghetto:0.031043734999075843
end:0.012348097728655293
of:0.002663569665284091
trying:0.01231200101857715
sexual:0.020338030468970467
raised:0.020662010998524275
what:0.004202931977153567
but:0.00607564586530055
forgot:0.021916325505030986
ok:0.01490342096123713
least:0.010993892158477087
killing:0.018479646811669685
eh:0.022754739717622652
germans:0.025814820367555284
they:0.004259906961222574
find:0.009664140354673015
who:0.0118087020477977
waco:0.017738245248818497
called:0.01224773742400335
in:0.008113228397008697
government:0.012290479171763916
thomas:0.05046582210998767
or:0.006158095504137765
world:0.011512560222523638
and:0.007845152352550476
gets:0.01523888740818632
for:0.004456833738521561
subject:0.000121903912748942
al:0.01739732502612891
space:0.013961245468096361
conduct:0.023738399558811234
i:0.002615050784183492
everybody:0.018620590409754285
group:0.012315597875829429
we:0.006154081761251004
circles:0.025481372262464462
the:0.004130153479392071
when:0.0059711161773686565
would:0.004258674183125004
1000:0.021336147979373884
country:0.01539157126949832
accused:0.02505201632799745
an:0.004099991500281903
thought:0.012258385411834303
newsgroup:0.03510651909200319
people:0.006873393333667203
about:0.013493372333176322
is:0.001226815647902575
move:0.01614988637247953
save:0.016541142613795863
actively:0.025746154260867883
new:0.007872144131888342
keep:0.012097783489159457
wwii:0.02505201632799745
their:0.006911797345121981
run:0.012222988257476688
mass:0.019232368131048706
guess:0.027362166784800485
him:0.010942992252800491
late:0.017598808153566983
change:0.013570817844340125
article:0.003700150138431968
gore:0.02810146551784062
citizens:0.03732747204506046
teach:0.02244678866376177
assault:0.043485808561977805
by:0.009045072829380512
doubt:0.015890741091235467
s:0.016998254270027897
james:0.031594463631388375
