tv:0.060137477083359724
out:0.018701223794927932
batf/fbi:0.045625046351578824
tank:0.036818204090827276
hours:0.06216149804048606
story:0.028532202603274635
with:0.009282974234754719
to:0.007656662000504615
building:0.06032488204505796
line:0.02241114086353959
everyone:0.02426597426597701
w:0.02455826075420122
then:0.012665717061712723
us:0.016348225287182508
tanks:0.03936744825344969
suppose:0.030588404647866423
its:0.01641130600027119
re:0.0029677817680807184
scott:0.030333944866440525
national:0.051653554364881164
had:0.012177845124461389
this:0.004166527288662055
off:0.01732902736473294
begins:0.042407069303101334
on:0.00804775913078238
set:0.04205419974803049
you:0.004411103090545411
tell:0.01912718296525756
a:0.0022166732156291983
want:0.01502061879136652
was:0.0070274693182649645
pulling:0.042767881795774
as:0.006350112382674749
40:0.030353231650990464
deserved:0.046914879125370686
smoke:0.04025726807980451
hands:0.03178865043932613
third:0.028990357116411788
roby:0.09512623493350753
tear:0.07873489650689938
gas:0.06298682018522225
being:0.01544288833273927
trial:0.037220704825581374
murders:0.042954631775219985
second:0.021822982354383066
after:0.030622439486745257
which:0.01025311375013903
writes:0.005248114214425097
get:0.010431539486437479
of:0.0030863585010434706
explain:0.028532202603274635
fire:0.057095137095864605
well:0.013356094525026545
they:0.022212372012089133
who:0.010262324398681334
tubes:0.0961731868032186
up:0.010662383891685591
waco:0.030830759599136913
over:0.015920164702534583
in:0.004230469092725964
dropped:0.03942780221682445
and:0.001515069105122182
subject:0.00021188061025411345
person:0.022263447929157545
news.udel.edu:0.04603213598957526
the:0.006580383420539351
do:0.005700935864337274
injection:0.048455799874902096
instead:0.024347097710989217
come:0.019057092654519114
fires:0.04463168807416608
last:0.017302877397297602
fbi:0.030276364145161386
about:0.01563517746542653
chopin.udel.edu:0.04511283586636
is:0.004264644871280379
chose:0.03979989416840263
today:0.02253274814125677
night:0.02657011783003194
days:0.023636925591668034
their:0.02402672410447165
six:0.033629351874801865
almost:0.02398407087511562
article:0.006431213335846039
shown:0.03277275870644177
s:0.009848194934222513
