statistics:0.039706778068103174
believe:0.01825774689353227
out:0.01980129578286487
purdue:0.09690021779185401
where:0.01552484704398119
with:0.009829031542681468
themselves:0.08159118192410464
often:0.02611193603595551
to:0.002316301109396354
remember:0.023383395264884303
w:0.026002864327977764
next:0.045014790315112185
die:0.03166180144060797
that:0.002915164919617452
cleveland.freenet.edu:0.035986712365592484
believed:0.03672966158697107
re:0.0031423571662031135
mormons:0.13387817418574227
so:0.00858664367550353
phone:0.02468358929587873
had:0.01289418895531206
bitnet:0.04101055270807668
big:0.023325887007290397
on:0.004260578363355377
concerned:0.03383184237443554
particularly:0.033757145337315816
m:0.011502644639630858
a:0.0011735328788625168
nor:0.029029739470381538
minority:0.04168318050365262
also:0.012466362451088793
internet:0.02400448691692946
not:0.010132941320604452
have:0.008592447279792484
being:0.016351293528782757
west:0.03426814537593436
shall:0.033275445496073565
has:0.008947684654508832
univ:0.039030280430716026
which:0.010856238088382502
writes:0.011113653630547267
dept:0.034481575549090746
of:0.0016339545005524256
what:0.007734807588206985
must:0.019474457373777287
they:0.007839660710149106
who:0.021731981079560474
waco:0.03264433369320379
now:0.013881633595615497
one:0.008263116872064054
in:0.0044793202158274915
government:0.02261861292954872
brother:0.03893793487125724
or:0.011332965675682106
rather:0.021625913049687927
and:0.0016041908171881927
still:0.017157219178399557
for:0.005468048116169311
subject:0.00022434417556317895
jews:0.15523664313459606
i:0.006416763268752771
usenet.ins.cwru.edu:0.04376782701085208
we:0.022651158079226383
than:0.012021859514449253
the:0.003167029453735517
rubin:0.10616369542697263
do:0.012072570065655406
thf2:0.050541672319596116
romans:0.04435926227775796
agree:0.025349203184575116
jim:0.028456560898729995
religion:0.029844800529098426
jones:0.04168318050365262
is:0.002257753167148436
captured:0.04677675868491578
their:0.012720030408249696
davidians:0.04066516047542499
midway.uchicago.edu:0.08854436006752353
article:0.013619040005321024
neither:0.031451944962193015
killed:0.0306956722409066
by:0.00832298718333753
while:0.01823817231830691
john:0.022533431929259207
blame:0.037622894012598156
s:0.0052137502592942715
