say:0.01621833311339781
posting:0.028198192794497787
all:0.01630885180591951
where:0.01579022904473301
text:0.03091080113874844
service:0.06226651672612552
from:0.007235660294275006
name:0.023608824836155996
to:0.005889740000388166
signature:0.042725754838140534
stop:0.028409855680176392
us:0.017605781078504242
t:0.0220194278205166
mail:0.052381461621125745
make:0.015043422934612853
re:0.006392145346635394
ifi.uio.no:0.10208375028398534
so:0.008733423909272823
this:0.008974058775579812
jon:0.17732343007343304
merely:0.034880760852485954
compuserve.com:0.09468436426182672
on:0.004333408762728974
you:0.009500837425790118
regular:0.034590108134663775
compuserve:0.08919876220917541
burn:0.041652026520897716
a:0.0071615596197251025
how:0.011242418779736106
j:0.026103663756656948
as:0.013677165131914847
bring:0.03242193972041945
waste:0.03656905978802
are:0.005494969073514749
internet:0.024414820026620567
administration:0.07613724226845354
not:0.005153076996375769
postings:0.03937314905718876
edward:0.07726650296380556
public:0.050662300821548614
evil:0.0713961318702325
glad:0.039650373636275535
writes:0.005651815307842414
down:0.020208252794471436
of:0.001661885346715715
america:0.06731177016181988
trying:0.023045540368105952
but:0.005686181386755643
waco:0.03320235649137822
called:0.045850504202679214
in:0.003037259861444282
thomas:0.06297444468425813
or:0.005763345792334063
and:0.001631612882439273
subject:0.00022817911873519915
group:0.023052272947065345
the:0.001288466683741971
would:0.0079713644966186
1000:0.03993689237164856
newsgroup:0.06571220240298034
people:0.01286558239378733
about:0.0168378834243055
e:0.026588800820972883
is:0.002296347238381743
move:0.030229274492077074
clinton:0.06265224424735782
save:0.03096162591813072
new:0.014735039016098694
provided:0.06902505014708624
addresses:0.08237982703717533
guess:0.025608181734492766
change:0.025401787247098188
e-mail:0.04700334660944046
article:0.006925922053988043
by:0.016930520937045578
online:0.043281853926576956
s:0.01060574839070117
