tv:0.037143735845604535
above:0.013346353088865417
since:0.009807949134331771
report:0.018606510899386055
out:0.011550755873337842
batf/fbi:0.02818017568773986
returned:0.023281128439775835
tank:0.022740655467863906
hours:0.038393866436770806
story:0.01762283101966963
saw:0.016653826387918895
with:0.005733601733230856
much:0.008564690537058488
led:0.020664114160933316
my:0.004657913045736771
to:0.005404702588591493
building:0.037259485969006384
line:0.013842175239245042
everyone:0.014987807634868153
w:0.030336675049307392
then:0.007822942891057859
us:0.010097433265612726
that:0.001700512869776847
nt:0.010501155172388801
tanks:0.048630377254261385
suppose:0.018892838164858674
its:0.010136394882520442
re:0.0018330416802851497
scott:0.03747134365854418
so:0.005008875477377059
national:0.03190366593125013
had:0.007521610223932035
this:0.005146886650700186
off:0.010703222784099757
begins:0.026192601628386117
on:0.00497067475724794
set:0.025974652785548245
you:0.002724504850042754
tell:0.011813848302070848
children:0.032866439882534564
why:0.01744826058974516
a:0.0020536825380094046
want:0.009277441018196969
was:0.008680991510797898
pulling:0.02641545640327218
as:0.003922128236357934
40:0.01874758425502352
deserved:0.028976837106846603
smoke:0.02486478322576161
hands:0.019634166447819082
third:0.017905808807195518
roby:0.117508878447274
tear:0.048630377254261385
care:0.015519690888597533
thread:0.020406508791686106
gas:0.05835543634807356
have:0.0025061304566061414
being:0.009538254558456609
mistake:0.021901088209984647
trial:0.022989258862859088
ve:0.008946733818761933
murders:0.026530801978812347
second:0.013478900865942483
earlier:0.03868575034200286
after:0.01891385968298972
which:0.01266561110311292
writes:0.006482964617819238
get:0.006443009682799619
of:0.0019062802506444965
seen:0.012708161228540946
explain:0.01762283101966963
fire:0.035264643500386966
corrected:0.027941008216321082
well:0.00824935250075169
brief:0.025033833108463417
they:0.02286567707126823
bd:0.023888662269338393
who:0.006338494481538472
tubes:0.05940108596669384
up:0.0065855900507469835
waco:0.019042527987702212
over:0.009833042904506656
in:0.006096852515987419
dropped:0.024352466075097456
weeks:0.0178459063006525
and:0.0009357779766931124
subject:0.00013086743574518774
i:0.0028073339300793373
person:0.013750953132714955
news.udel.edu:0.028431613405325896
ago:0.01402532218316002
detailed:0.024241473542010398
the:0.007020248622447062
do:0.0035211662691494935
when:0.0064101688374692935
did:0.02417516240357302
injection:0.029928582275674825
instead:0.015037913292081576
come:0.011770557227791217
fires:0.027566630869337874
last:0.01068707133362499
fbi:0.01870010726612909
introduced:0.025390496609847872
about:0.014485532063556935
chopin.udel.edu:0.05572762077609177
is:0.0026340453616731756
chose:0.024582287574601625
today:0.013917285616658592
night:0.016410955130313844
morning:0.042060204094111917
days:0.014599277571324374
their:0.014840035476291313
six:0.020771070275612917
first:0.00920370014407373
late:0.018892838164858674
almost:0.014813690834630236
show:0.014755238577131532
leave:0.017319520217129982
article:0.00794444000310393
already:0.014244050594594859
shown:0.020241998024566978
release:0.019479428869545384
s:0.009124062953764975
news:0.015043512334134404
