some:0.005867019473031931
there:0.013835864104178102
happen:0.016993126764659874
monday:0.02540506864190446
with:0.002938831039143454
way:0.008705391052997705
into:0.008999014587851187
surprised:0.0221139833768806
from:0.004254131931809927
post:0.012977777911714474
atf:0.04471832016249921
except:0.01620282120102419
paranoid:0.0267402604295075
to:0.0013851247840108852
remember:0.013983035359403177
lunatic:0.03131749994912969
most:0.009329625447070543
day:0.012780417265140061
heaven:0.021880214454092193
hoped:0.05981186034583323
make:0.008844625544470873
that:0.0034864786475826814
like:0.005852457605571222
nt:0.0035883344307660226
months:0.017064294170752864
me:0.01633550774479213
re:0.0018790980039104048
had:0.01542119081087573
this:0.01582861623230409
he:0.007990619133267514
pushed:0.025662823890083102
you:0.008378879237317415
edt:0.029145975551188356
children:0.016846114914665956
education:0.021736922140986558
apparently:0.019038497770108857
loved:0.026371761569781122
burns:0.023229872248455817
a:0.00140352173451899
anymore:0.0222686148274673
was:0.01779821375078162
utkvm1.utk.edu:0.058469836299355614
as:0.008041348343889632
nine:0.025363366115197447
weird:0.024739293852728182
are:0.003230710460307666
no:0.01697104124898256
those:0.009326209318027941
innocent:0.0222686148274673
it:0.005168674820200582
laughed:0.02763464814405703
couple:0.015859255249520192
have:0.005138197117061837
won:0.02171678132994365
ve:0.009171526125766001
foul:0.031183488657259534
university:0.011810754279390219
veal:0.0579453563679931
left:0.01469550343467619
grew:0.028113593771214442
19:0.020587423175783312
pa146008:0.05902320089415991
love:0.016443303719504768
alive:0.022135784389938882
heard:0.013581142509647611
be:0.0058136809762559935
thinking:0.017505158461551033
found:0.01343980153395476
writes:0.0033229265880279513
get:0.006604894348196595
down:0.011881234055040995
were:0.007795493957147232
if:0.006735180098124716
of:0.00683961858773955
america:0.01978763092696715
looking:0.013034599725661528
but:0.0066862635402051285
ranch:0.024419566737752245
well:0.00845662266408716
they:0.004688038314109265
up:0.013502114274898338
david:0.02508990190295974
bodies:0.023990935679903527
one:0.0049412608430935805
in:0.0008928628235904044
point:0.01106299478020131
repeat:0.023625310784011925
and:0.0009592899861577635
still:0.020519689268638664
for:0.0016349189091058995
subject:0.00013415556227144873
al:0.019145799903126794
murder:0.04300080397184261
i:0.0105521898477354
away:0.013914490383536033
ago:0.014377717212887659
driving:0.021040746691965727
nazis:0.026371761569781122
predicted:0.028042314198390542
will:0.005695001733182333
assumed:0.024559162537285288
the:0.003030162854227349
wrong:0.026567055847536287
see:0.008891385735734553
when:0.006571228355998673
start:0.014158603456696043
would:0.004686681638715458
maybe:0.013306095891167458
last:0.010955590713866823
continuing:0.02642277851181136
koresh:0.020523611199214833
just:0.005901450067667769
makes:0.014035064734934544
during:0.014715424672374224
here:0.00904724073177586
people:0.007564186633533253
including:0.015979737218744874
hit:0.017988452964469392
is:0.0027002274059363205
division:0.019912399075981572
dividian:0.02540506864190446
time:0.007937236029666903
goes:0.016196116562767218
1993:0.015224401020151443
survivors:0.04719201935384502
article:0.004072024524204025
initial:0.02314903738538233
shaft:0.027079161338027763
killed:0.018355703500843645
reno:0.02598126416110114
april:0.017096250562251822
past:0.016600575110067153
assault:0.023928120791641055
by:0.004977062687523448
sometimes:0.017610584544310803
god:0.013332553928518717
s:0.003117770255557881
