laser:0.02970580593885896
sleep:0.029837087737532776
feeling:0.05292893152229724
batf/fbi:0.03484094448666019
music:0.02791914205873384
say:0.011500272571318445
all:0.017346687829932567
situations:0.028972759815115552
with:0.0035444083441790748
method:0.024187260137857932
such:0.011654649717986658
from:0.005130740935940458
to:0.005011633309421203
hardly:0.02646446576114862
lights:0.029749251329638435
us:0.012484099310212098
legal:0.022904940568687422
might:0.012891425065929975
next:0.016232606204540458
civil:0.025292239269942507
calls:0.024292664639141984
make:0.010667154444543659
that:0.006307356826081396
equivalent:0.02860082680677439
provide:0.020466398050202506
nt:0.004327748798317809
along:0.021175523703886274
re:0.002266306077443458
effort:0.024620344768052745
mormons:0.03218485399616834
age:0.024986597732809826
two:0.011301754137292796
these:0.010040218018781471
you:0.0033684787236892234
children:0.02031743556374864
etc:0.014074690833080215
os:0.028783940616450125
a:0.004231830684383015
was:0.010732862231531947
part:0.014843770378262285
military:0.023465688258973154
irrational:0.03390669794225257
are:0.0038964326157650032
those:0.022495947324697698
likely:0.02003884124199835
d:0.011041480135618396
it:0.0020779116953937695
not:0.0036540000519755447
made:0.014094421526775766
due:0.02009177263574838
rights:0.021049693452683673
treatment:0.05282792083673186
completely:0.02179996143660285
against:0.01565624722519907
after:0.023384408335332743
poor:0.04789643867509408
without:0.013619457483651485
be:0.007011651601666319
were:0.018803676332997565
dept:0.024868530244495753
if:0.004061517695535814
of:0.0070705667478450415
even:0.0101767239258547
institute:0.02359065363595943
analogy:0.0320559000661848
lines:0.02141322499572434
bd:0.029535073351182016
who:0.007836684086265748
nutrition:0.03760917722905847
one:0.005959460047124984
paranoia:0.034740766899077104
fear:0.026095552336378766
system:0.013546801995409244
weeks:0.022064029608079457
and:0.00462784744837321
davidian:0.0315658873593418
for:0.0059154338711286175
subject:0.00016179973873950483
jews:0.022391709736990218
i:0.003470885586279908
branch:0.027635737416866937
warrant:0.028529102821034977
any:0.0062017410078109535
actually:0.029628050025467693
the:0.007309120096863544
nuts:0.033993902411659234
violation:0.031222742547223573
romans:0.031992437642746646
serve:0.025376415707279876
would:0.016957266292806836
did:0.009963097232987668
claim:0.03957865508848468
instead:0.01859232916111904
is:0.0016283189508525084
itself:0.02038215660966291
new:0.010448482211415436
heavy:0.027162474162494593
their:0.009173840112616448
unless:0.01865491773176055
mass:0.025526597701210102
wanted:0.018455515088158195
survivors:0.028458217731561087
dave:0.02125014952348238
very:0.010565106010808772
metal:0.0303926464558711
playing:0.0242749694263945
process:0.021918568080203437
wish:0.022642894028962295
bernard:0.035259083101732626
while:0.013153590944718317
blame:0.027134087196964734
everything:0.018725227175292444
s:0.0037602198839758686
