seemed:0.0324544838179515
there:0.007059838350593442
means:0.02180457861875964
funny:0.03462127808120171
though:0.019119570781620614
nov:0.04360548563557997
my:0.03654670235885774
uicvm.uic.edu:0.041725075344034114
to:0.0021203064001397397
everyone:0.0470386578078939
social:0.03339878609212543
earl:0.044221198771530246
day:0.019563869505868248
been:0.011286464517087995
that:0.013342485593633725
like:0.008958762026989794
me:0.008335297541573422
re:0.0028764654059859275
jmd:0.08793793873039911
93:0.028161657660033857
on:0.0039000678864560766
you:0.004275376841605553
american:0.0496466956521264
am:0.012571818128472044
card:0.02354544881934032
bill:0.023811645197628597
m:0.010529343939354402
landed:0.04292631173445937
a:0.0032227018288762963
how:0.010118176901762496
sister:0.044890517056065865
was:0.013622478986175164
as:0.006154724309361681
part:0.037680340190973494
cube.handheld.com:0.04448197993826626
jason:0.07015225651973915
arms:0.031178001781721382
mistaken:0.04145194697128866
foreign:0.0339519597966661
express:0.03581318920523291
kratz:0.047150217967820963
lay:0.03682195843979019
18:0.029744226870946917
it:0.002637349459538246
being:0.014967722537885756
only:0.010257971063609898
picked:0.03672458615616001
date:0.027521532229102485
kind:0.021196359207408155
always:0.02043812383075929
down:0.018187427515024293
were:0.02386620457649691
if:0.005155003228949302
of:0.002991393624088287
keeping:0.03215492247988529
but:0.005117563248080079
never:0.08476689349468694
who:0.009946560571029602
up:0.02066862108234438
one:0.007563930059812481
in:0.0027335338752998537
gun:0.028161657660033857
arras:0.04461576257451141
and:0.0014684515941953457
subject:0.00020536120686167922
i:0.01027916115936742
6:0.022602689481224573
the:0.0017394300230516608
do:0.005525522453126898
thing:0.01741486488557659
when:0.010059034175721047
would:0.007174228046956739
country:0.025928877754001017
william:0.03132045599531552
an:0.013813817516334412
jim:0.05209739610690569
myself:0.02563724663075295
just:0.01806751636101363
about:0.007577047540937474
is:0.004133425029087137
clinton:0.02819350991131102
else:0.03887003423597011
pitt:0.044350484297040874
guess:0.02304736356104349
gang:0.04325840536419174
article:0.006233329848589239
de:0.031084477131876696
april:0.02617041432221625
by:0.015237468843341017
while:0.01669494235291171
s:0.004772586775815526
