at:0.004235408713723227
there:0.008824797938241803
increased:0.023330133729530276
all:0.013760593711244586
ever:0.0127087598886051
stand:0.01893143535801184
with:0.008435010242156933
armored:0.028611923578896185
compound:0.041177103572168326
kids:0.021136360725263093
to:0.005963361750393018
job:0.03337969764701131
crime:0.019284701563641905
look:0.011399847712864956
then:0.03836250840807219
death:0.016131809538636646
us:0.009903251856658635
next:0.01287682703725565
been:0.007054040323179997
that:0.005003432097612647
weapons:0.01922863454562343
could:0.014510664955058246
happened:0.03242597018017722
batf:0.08769032064967394
had:0.007376963873471804
this:0.0075718620918954664
off:0.010497391576713224
on:0.002437542429035048
you:0.0026721105260034705
great:0.012121397541984024
none:0.01741591457894853
them:0.014094799726271548
more:0.024450365881167807
burn:0.023429264918004965
a:0.002685584857396914
price:0.015048770201172899
letting:0.023496506465960444
equipment:0.03879767223596721
arms:0.019486251113575864
died:0.01950097606324195
are:0.003090920103852046
daniel:0.02057009613076125
51:0.023233005328965273
proper:0.03948584716386386
it:0.0032966868244228074
not:0.0028986058104613697
should:0.007898135299199421
have:0.0049158712802658934
able:0.012680121279378218
personal:0.01612449745767171
be:0.002781063736237843
if:0.009665631054279943
of:0.008413294567748307
what:0.004425202418253035
but:0.0031984770300500496
order:0.013482292601598521
fire:0.03458647727922568
women:0.01816978458573762
must:0.011141636670574507
they:0.035881524019528606
up:0.006458944088232619
waco:0.037352651052800494
now:0.007941896143645405
good:0.015577017801533647
in:0.005125376016187225
ours:0.026438918176285332
force:0.0171827121096864
streets:0.026565443697041936
use:0.007994132344939174
better:0.021502075685590417
and:0.00826004021734882
few:0.021977187508714295
for:0.0015641772255388174
subject:0.0001283507542885495
away:0.013312421088094571
we:0.006479538008240241
power:0.01298968884697376
hostile:0.027403681135237987
pay:0.01602327914422059
the:0.005798100076838869
do:0.010360354599612933
when:0.006286896359825654
would:0.013451677588043887
law:0.0144559669482883
country:0.03241109719250127
wars:0.02316932635420556
instead:0.014748722651849238
needs:0.016102627705141093
people:0.021710670289516117
hit:0.017210106441968315
is:0.0051667812863589214
captured:0.026761703286081625
right:0.009326315354761056
days:0.014318522233414292
time:0.007593797932229393
gone:0.018892295177320977
build:0.017940543572203628
protect:0.03970545766357369
blast:0.055438105371301095
initial:0.022147396344668675
killed:0.017561466330134067
meet:0.0206256770076895
going:0.01047026771177732
fault:0.021283653847676026
needed:0.03207521817438482
assault:0.02289276941123351
