out:0.00847609423798892
there:0.006602726514943507
ca:0.01479531364095195
someone:0.015852216652251942
atf:0.0320105960875444
nov:0.0407821088678086
my:0.013672147645040307
hamilton:0.03965731699449426
kent:0.03310326178029777
look:0.017058764922848278
physics:0.03298996424815289
then:0.011481153595509375
a.k.a:0.042963304975634116
matthew:0.030836491660586295
earl:0.041357955685603826
death:0.02413968621608937
day:0.018297144142178937
been:0.010555686239003161
that:0.012478583648722187
r:0.02230373932898655
nt:0.005137255767787328
me:0.007795602017298883
re:0.00269021944444727
cs:0.036803687653299944
jmd:0.08224411535936607
so:0.007351155376869929
had:0.011038909968936224
this:0.011330556223843576
93:0.026338240977010083
off:0.015708326963714752
bastard:0.042250420783949
wan:0.039378795324129585
american:0.023216080700634648
am:0.011757815515837163
state:0.019120240193817382
bill:0.02226988399778214
burns:0.033257155233400774
m:0.00984758785695016
landed:0.04014691025524977
a:0.002009358454455245
low:0.024430176546617412
was:0.006370223986340904
as:0.00575621697997855
cube.handheld.com:0.041601851740824564
also:0.010672641235104795
arms:0.029159282241897698
foreign:0.03175363146450786
no:0.008098890188363381
innocent:0.0318809665515539
lay:0.03443780285735773
18:0.027818341677864025
flame:0.030198946078257523
should:0.023637584780337836
have:0.0036780619650910278
heat:0.032878423337822205
stay:0.02840789617450491
viewed:0.04014691025524977
always:0.01911479207193315
morals:0.03956327324221114
his:0.013269273679893933
list:0.020946968323176832
writes:0.004757283388615557
down:0.017009824294627038
were:0.011160455377498555
if:0.009642452082926753
of:0.004196559400699395
future:0.025212275714516907
but:0.00478621023201734
never:0.07927838959934749
ranch:0.03496038691232156
they:0.013423303949751709
david:0.017960037693125857
in:0.0025565424733020215
arras:0.041726972191989085
and:0.0013733719945711867
for:0.002340639301525712
subject:0.0001920644380720741
i:0.00824023196742712
6:0.021139205989634494
the:0.0032536101150606603
do:0.005167754812276955
when:0.009407729804631193
intended:0.029270135661702338
would:0.006709709684204145
major:0.02357142426415678
country:0.02425002955410167
na:0.03135470121604589
william:0.029292512801374227
countries:0.030327189128276234
fight:0.06128926753581776
an:0.012919397677147292
jim:0.02436209170466813
myself:0.023977281021567504
here:0.012952524500887743
people:0.010829303165993651
is:0.0019328965963357116
clinton:0.026368030852305272
dividian:0.03637128532186322
pitt:0.04147887020586557
followers:0.03453003802591213
told:0.02230373932898655
survivors:0.03378133759501856
article:0.005829732951917993
de:0.02907181314492065
april:0.024475927063943255
by:0.007125435070627095
while:0.015613974862435414
s:0.004463570365870636
