help:0.0382159414293178
access:0.05986387264318795
cnn:0.18566819654927358
francis:0.09867164801758432
post:0.04611746079341393
my:0.016968111809469666
to:0.0049221398574672524
add:0.06136107886520926
growing:0.09521858742864611
re:0.006677508978181616
so:0.018246617810445
voice:0.06475882681136014
described:0.07409586185211309
this:0.018749372798979248
on:0.009053729022130176
am:0.02918457779823867
a:0.0024937573675828484
other:0.02463049978271269
same:0.03468023840229665
as:0.014287752861018185
idea:0.04950671955822779
also:0.026491020208563684
frank:0.06993168529554682
purchase:0.07790109784248289
have:0.009129475234779515
hopefully:0.08254901031147692
towards:0.07446030598838464
of:0.003472153313673904
looking:0.04631938116797578
conditions:0.08097915544856836
and:0.003408905486524909
for:0.011619602246859784
subject:0.0004767313730717553
i:0.017044527432624548
we:0.024066855459178034
will:0.04047519088940301
the:0.005383950071350378
can:0.015438678436387738
may:0.03323259870428269
nra:0.09483037338156744
ourselves:0.08491971548729729
sale:0.056694145608993385
under:0.04334506119831499
already:0.051889041451738414
