case:0.1235805553653378
atf:0.22247364280843357
re:0.018697025138908526
getting:0.1356100786112343
on:0.025350441261964497
burns:0.2311372288721354
no:0.056287286809125495
facts:0.20250433970684445
ranch:0.24297468904063485
net:0.16575712424492414
gun:0.18305077479022008
subject:0.001334847844600915
the:0.0075375300998905305
nut:0.3018218956375357
col.hp.com:0.2917883608644281
dividian:0.25278043298694935
survivors:0.234780296285379
dave:0.17531373356872962
before:0.10630971336113222
