prism.gatech.edu:0.046324574412787034
ask:0.014287071491942978
at:0.008636911886808147
out:0.005775377936668921
infinite:0.05068893694175614
resulting:0.024026754803488863
all:0.0046768030914033885
your:0.012352276688051594
with:0.002866800866615428
much:0.02569407161117546
though:0.01218404020397392
from:0.004149863992304782
to:0.003377939117869683
teams:0.020274461459667437
began:0.021969648219664743
that:0.005101538609330541
hour:0.022822130375883716
really:0.009565665407798657
nt:0.010501155172388801
could:0.014795187797314287
re:0.005499125040855449
so:0.015026626432131178
this:0.010293773301400373
he:0.015589541250198385
bomb:0.02603186720278322
federal:0.01936988328772187
two:0.009141124669869173
on:0.00248533737862397
you:0.002724504850042754
them:0.0071855841741776515
bill:0.01517408762593979
m:0.006709876039784667
a:0.004791925922021944
how:0.0064478578295545305
hard:0.013256046091056418
want:0.009277441018196969
said:0.021485341457484628
part:0.012005990747123907
hands:0.019634166447819082
plus:0.017528920852841523
responsible:0.03834171779483355
are:0.0031515263803981643
it:0.0016806638712743723
not:0.002955441218509632
hundred:0.022555653860104854
have:0.0025061304566061414
being:0.009538254558456609
massive:0.024466030091183408
rights:0.017025487351435324
malcolm:0.027355002575880968
fail:0.02237738109456135
university:0.011521275007836536
stated:0.019029877759302743
able:0.012928751108385633
real:0.012537224774501213
exposure:0.02689407635211491
negotiating:0.0293772196118185
danger:0.024026754803488863
sudden:0.026709074744355854
anybody:0.014899976200552426
be:0.005671188795465405
rotate:0.02981323670013466
writes:0.003241482308909619
outcome:0.02647278993152312
justification:0.025298868506847122
of:0.00571884075193349
even:0.00823117376355895
but:0.0032611922659333834
saying:0.029574070382004304
fire:0.035264643500386966
loss:0.02086201835353325
they:0.00914627082850729
find:0.010374738910163677
up:0.0065855900507469835
good:0.007941224761566171
over:0.01966608580901331
bob:0.018058848107985786
in:0.004354894654276727
government:0.013194190875570085
point:0.010791842947353239
dropped:0.024352466075097456
or:0.009916344966221843
force:0.017519628033405742
use:0.008150880037977197
and:0.0018715559533862248
for:0.011163931570512344
subject:0.00013086743574518774
half:0.01853746805682851
space:0.014987807634868153
i:0.0009357779766931124
group:0.013221156543169828
away:0.013573448952567011
criminal:0.02287720916640786
we:0.019819763319323086
ol:0.027787809473653897
information:0.011955006296489044
circles:0.027355002575880968
mile:0.02603186720278322
the:0.004064354465627247
do:0.007042332538298987
when:0.0064101688374692935
start:0.01381157886216918
would:0.004571811990707725
did:0.008058387467857673
come:0.011770557227791217
fbi:0.01870010726612909
constitutional:0.02641545640327218
about:0.004828510687852312
lesson:0.027152133869200307
is:0.0026340453616731756
number:0.01226600415881254
move:0.01733737801751479
either:0.01227236621133999
issue:0.015349803958161044
new:0.008450978259233072
figure:0.018100478598405655
their:0.007420017738145657
run:0.013121737394055857
matter:0.01480834809755168
briefing:0.031744140061443916
engineering:0.018954654378544603
him:0.011747624036094646
amounts:0.024661353172297132
agents:0.02232761456777695
article:0.003972220001551965
deaths:0.023888662269338393
reno:0.02534446847087807
before:0.01042252091775806
doubt:0.017059177936179254
four:0.017196304661877323
s:0.006082708635843316
news:0.015043512334134404
james:0.050876378935838636
