at:0.003915400055353027
there:0.008158035427352422
increased:0.02156741251441021
all:0.012720904408617216
ever:0.01174854247479938
stand:0.017501060242073166
with:0.007797698357193965
armored:0.026450133797379583
compound:0.0380659446356045
kids:0.019539391248243214
to:0.006125329600403693
job:0.0308576760470149
crime:0.01782763522327785
look:0.010538525885670714
then:0.035464007772795625
death:0.014912961706828542
us:0.009155006160822205
next:0.011903911216663001
been:0.006521068387650841
that:0.004625395005793024
weapons:0.017775804379954106
could:0.013414303602898288
sarcasm:0.025936743187949165
re:0.0016619577901252024
happened:0.029976007988786052
batf:0.08106482975614301
had:0.006819593269698379
this:0.006999765844952254
off:0.009704255324250446
on:0.0022533725566190664
you:0.004940435461410861
great:0.011205558616589674
none:0.016100045477427972
them:0.013029859302508807
more:0.022603004903479572
burn:0.02165905379086681
a:0.003103342501880878
price:0.01391175200819539
letting:0.0217212148663101
standard:0.01352908684649883
equipment:0.03586629255591635
arms:0.018013956584994575
died:0.018027568982908113
are:0.002857383918227669
daniel:0.019015911089770396
flag:0.024617934708074947
51:0.02147762270411012
proper:0.03650247204481637
it:0.0030476038199108617
not:0.0026796000381153996
should:0.007301387298815465
have:0.0045444498946458035
able:0.011722067671602974
personal:0.014906202094203182
be:0.0025709389206109838
writes:0.0029389439600780547
if:0.008935338930178791
of:0.007777623422629546
what:0.0040908537910961384
but:0.0029568143211129343
order:0.012463630493922186
fire:0.03197327677368418
women:0.016796956417037445
must:0.0102998241221311
they:0.03317047553805311
up:0.005970934979343932
waco:0.034530450751033344
now:0.007341841768347752
good:0.014400087567639993
in:0.006317500511804106
ours:0.024441311025188216
force:0.015884462750287872
streets:0.0245582768399321
use:0.007390131234432658
better:0.01987747441156803
and:0.007635948289815797
few:0.020316688896944768
for:0.0014459949462758844
subject:0.00011865314174230354
al:0.016933396358765476
usenet.ins.cwru.edu:0.023148317396850655
away:0.01230659371699409
we:0.005989972914284311
power:0.012008245689646853
hostile:0.025333180782797782
pay:0.014812631386657258
later:0.014201831239812016
the:0.005360021404366599
do:0.009577572252086622
when:0.005811886412638826
would:0.012435328614725015
law:0.013363738334417627
country:0.02996225873795673
did:0.007306271304190957
wars:0.021418755029665584
instead:0.013634374718153961
forget:0.017063170379619973
needs:0.014885984722974874
put:0.011055374664652352
people:0.020070308534308235
hit:0.01590978728857515
is:0.004776402255834025
captured:0.02473970792668879
right:0.008621660416845776
days:0.013236678331334099
time:0.0070200443106831715
gone:0.017464877319478947
build:0.01658503583563713
protect:0.036705489751214786
blast:0.05124944852102501
article:0.0036014794680737823
initial:0.02047403750973815
killed:0.0162345999851906
meet:0.01906729252266407
going:0.00967918081799859
fault:0.019675555556962723
needed:0.02965175724565352
assault:0.021163093500162534
