since:0.010208273588794291
ask:0.014870217267124322
out:0.012022215296739386
know:0.006295281253358682
all:0.004867693013501486
ron:0.021618869062372627
way:0.008838636834421138
miller:0.024294367538451885
wrote:0.013140688646392147
post:0.013176417369546839
my:0.004848031945562761
hence:0.02347629279317036
to:0.007031628367810362
amendment:0.046633682081196795
cash:0.025923094223077942
property:0.046633682081196795
then:0.016284493365059216
legal:0.019282220376701145
t:0.05257700112245799
that:0.0017699215583391673
weapons:0.020405897885151392
like:0.011884072076619113
nt:0.0036432579169512164
re:0.0019078597080518904
authorities:0.02375364590142999
this:0.008035445485276821
programs:0.0180264394096659
illegal:0.020968158804200443
these:0.008452224352545624
you:0.0028357091296363356
used:0.010073793409881966
why:0.009080217245683706
a:0.0014250042100473418
same:0.009908639543513328
contrary:0.023585431517564835
was:0.009035317694912098
owner:0.045732737110322524
question:0.011137684098709716
also:0.007568862916732482
turns:0.022519157007992816
stolen:0.12522006299465158
are:0.006560320220420668
no:0.011487201389617447
it:0.00174926239663251
not:0.0030760714723263513
should:0.025145083809696114
ban:0.026985834239390265
deleted:0.01792540559693029
have:0.00260842149565129
being:0.009927571071046673
only:0.013607512635400882
whether:0.014578870331029717
buy:0.015341026149203907
second:0.014029060084960542
doing:0.013677055638598546
bother:0.02339594403312883
knew:0.019806607463764076
intent:0.025192987877972466
be:0.00590266588915787
boston:0.02127437313953847
guns:0.02058651996194178
if:0.01709567397355636
of:0.003968175215627319
even:0.008567140039622579
shop:0.02479333561639131
seems:0.012022893313168765
they:0.04283814602331476
who:0.01319441708401886
good:0.00826535638448724
in:0.0027195872738952622
gun:0.07471460195519186
point:0.022464652665918985
or:0.010321093740353346
rather:0.013130018637310526
total:0.03735730097759593
registration:0.02523092144168429
and:0.006817810973049818
for:0.004979829534368479
subject:0.00013620896373478723
i:0.0009739729961499741
back:0.010746717959528251
pay:0.017004296234683077
will:0.005782170127057573
turned:0.020035195611804068
than:0.014597972267545521
the:0.004614814346871753
do:0.0036648873413596766
thing:0.011550675689413042
see:0.009027478374546816
when:0.006671808381855795
responsibility:0.022131473809125866
would:0.00951683312351404
receiving:0.025966888833748307
protected:0.023986922683767207
return:0.01882840667253535
people:0.0076799650003730475
about:0.0050255927567442425
different:0.012893963765363508
is:0.004112336125877508
sole:0.028260384231208482
their:0.015445751210017488
wanted:0.015536530558908685
first:0.009579361374444087
opinions:0.014569439568979806
answer:0.015491178786371716
by:0.010106484436909858
concern:0.04700671877235799
included:0.01909582372704576
schemes:0.029416137543955678
check:0.050652728029403404
s:0.003165491228857236
