prism.gatech.edu:0.05494309988493346
batf/fbi:0.06684599814301083
say:0.022064476444971434
violations:0.06472598004075555
your:0.014650374676526308
longer:0.03946756986481599
both:0.07833851449912457
my:0.011049003038724433
to:0.0032051143257926296
janet:0.059080540322363685
civil:0.048525807901633876
r:0.07209813410997977
me:0.012599868376797031
re:0.008696290762283036
penalty:0.05634753638089439
glenn:0.12977722152278412
federal:0.045947165008084434
carries:0.06279592030268275
something:0.023147224618180497
on:0.011790902912541626
a:0.0016238420067981338
want:0.04401390622586469
as:0.009303653025779283
also:0.017249966647436818
responsible:0.04547506064038398
pat:0.09425907515404139
no:0.013090066699796626
flag:0.06440738731763794
yeah:0.045979330746373864
it:0.003986691043488046
desk:0.062261209683591785
rights:0.040386039763869834
anybody:0.03534412959200808
which:0.015022003866482765
writes:0.007689097569971655
down:0.02749262298782742
america:0.045787657610075146
oh:0.03755483935048225
launch:0.05356579581036144
investigation:0.05785541804727268
they:0.01084790261055516
up:0.015621632213399822
republic:0.05979790740382112
in:0.006198129135854319
and:0.004439504819660347
for:0.007566252625862186
subject:0.0003104297313025383
myrto:0.06807112041810184
i:0.00665925722949052
20:0.036567818004716514
the:0.002629370965078092
senate:0.06045011050441466
stone:0.11571083609454536
rwing.uucp:0.13657694160392816
contribute:0.062261209683591785
save:0.04212221200489877
having:0.030428969679306528
yesterday:0.05112050035877585
life:0.03244627154986872
their:0.017600972309089698
campaign:0.06001126948135829
prison:0.06409729142133375
thier:0.07071977077706361
before:0.024723189153751678
revenge:0.06896601624526612
s:0.014428750717581821
