prism.gatech.edu:0.06948686161918055
vehicles:0.036756715559282664
committed:0.03258422316666171
damn:0.09489346008888103
situation:0.02591273741746028
actions:0.029075165030795234
armored:0.04375941253242946
remove:0.03248639988999728
miss:0.035483974747839035
practicing:0.04318241536006552
to:0.0030401452060827153
next:0.01969397076286158
that:0.010203077218661082
weapons:0.058816999786612846
nt:0.0052505775861944005
re:0.0027495625204277245
happened:0.02479633013778258
behavior:0.03123815458028819
mormons:0.03904780080417483
avoid:0.028431981567816907
carrying:0.03411098320179586
ps:0.03312913472661555
this:0.007720329976050279
suicide:0.03801670270631711
two:0.01371168700480376
you:0.008173514550128262
fitting:0.044065829417727756
am:0.024034358186784788
raid:0.03889134934500362
a:0.0010268412690047023
was:0.006510743633098424
whole:0.02199937849284772
hmm:0.036472782940696044
religious:0.02699558680228028
place:0.019995791303797247
not:0.004433161827764448
should:0.012079501045834409
have:0.007518391369818424
only:0.00980541351668593
against:0.01899471170704299
references:0.030362997036850466
has:0.007829224072695228
danger:0.0360401322052333
troops:0.034399370798511165
were:0.01140664189317867
ghetto:0.049989543858805954
of:0.002859420375966745
never:0.01620543552104309
minorities:0.04082824236303413
wearing:0.03693249144791173
they:0.006859703121380468
bd:0.03583299340400759
find:0.031124216730491032
who:0.009507741722307709
in:0.006532341981415091
government:0.019791286313355128
point:0.016187764421029857
or:0.004958172483110921
and:0.007018334825198343
for:0.004784542101648147
subject:0.0001963011536177816
al:0.02801481015236935
space:0.022481711452302232
jews:0.027166412548554307
i:0.005614667860158675
group:0.019831734814754743
person:0.020626429699072434
similar:0.023270281528431625
any:0.007524171075652995
circles:0.04103250386382145
the:0.005542301544037154
when:0.00961525325620394
automatic:0.033872488527140324
claim:0.024009110623529308
uniforms:0.04932063372494032
fbi:0.028050160899193637
just:0.008635210025484456
dates:0.041136802650527014
is:0.0019755340212548817
time:0.011614043896350835
events:0.02991580041894577
run:0.019682606091083785
first:0.027611100432221192
too:0.043070247085246254
gore:0.04525162462064041
backed:0.03962318460490827
by:0.014565227570840677
black:0.025952590854734836
seem:0.02029200408011572
doubt:0.02558876690426888
s:0.013686094430647463
james:0.07631456840375796
