there:0.007342231884617179
k:0.0303092884500133
search:0.13654884157999092
all:0.0076325426451703295
means:0.022676761763510023
warrants:0.047134853471516844
with:0.014035857042949136
way:0.013858982556372346
armored:0.04761024083528325
compound:0.03425935017204405
kids:0.03517090424683779
wrote:0.02060459979754289
hence:0.03681082709969113
to:0.006615355968435988
then:0.012767042798206426
death:0.02684333107229138
us:0.016479011089479967
legal:0.0604690431013348
next:0.021427040189993404
been:0.011737923097771514
knock:0.04358920998278875
that:0.0027752370034758145
weapons:0.03199644788391739
could:0.012072873242608459
re:0.0029915240222253645
batf:0.07295834678052872
this:0.004199859506971352
illegal:0.0657561460099726
joke:0.039269011755122735
on:0.00405607060191432
used:0.015795708066694926
them:0.023453746744515856
february:0.04114096029382893
why:0.014237780641232052
more:0.020342704413131615
burn:0.03898629682356026
a:0.005586016503385581
letting:0.03909818675935818
steve:0.05131446154935019
arms:0.032425121852990235
daniel:0.03422863996158672
51:0.03865972086739822
it:0.0027428434379197755
not:0.0048232800686077194
constitution:0.03619984326941453
of:0.0031110493690518185
but:0.005322265778003282
fire:0.028775949096315763
women:0.0302345215506674
they:0.0149267139921239
bd:0.03898629682356026
up:0.010747682962819078
waco:0.03107740567593001
in:0.005685750460623695
door:0.033839778369063704
better:0.03577945394082245
and:0.006108758631852638
few:0.018285020007250293
subject:0.00021357565513614637
i:0.0015271896579631594
power:0.021614842241364337
warrant:0.1129752471712985
later:0.02556329623166163
the:0.004824019263929939
do:0.0057465433512519735
serve:0.10049060620082832
would:0.007461197168835009
needs:0.026794772501354775
last:0.017441300416475982
an:0.007183185108493894
people:0.01204218512058494
hit:0.028637617119435275
is:0.006448143045375934
days:0.023826020996401378
time:0.01263607975922971
their:0.012109468948653711
gone:0.0314367791750621
build:0.029853064504146837
blast:0.046124503668922505
killed:0.029222279973343087
past:0.02642811557522691
understand:0.023969258103485228
needed:0.02668658152108817
