sent:0.016272931629600057
believe:0.009613592390842213
11:0.01709829485672527
all:0.004221539073656156
your:0.005574921337085232
wonder:0.016329060654057207
with:0.0025877317557059616
way:0.007665366458170546
from:0.0037458949311069715
availability:0.023692318729154397
daryl:0.027343091842439764
to:0.0030491131860416612
remember:0.01231249573681961
day:0.011253553255587929
that:0.006139904874946492
problems:0.012137492194211385
think:0.006370566493489182
control:0.013493956946641697
protection:0.01871669157580957
nt:0.003159639609391321
its:0.009149666177142345
me:0.014383920536343513
re:0.001654603994593675
so:0.004521285829136815
charles:0.018213507322716087
appeared:0.021042053395082517
student:0.01780096226623306
pushed:0.022596911301444856
you:0.004918575127510813
american:0.0142789168910983
medical:0.01780096226623306
society:0.016443500966401983
education:0.019140033212638605
support:0.036357827117701406
letters:0.020751366407182538
particularly:0.017774780066993727
bill:0.027393928103466525
m:0.012113404532000637
a:0.005561299616202458
other:0.006103132689521729
anymore:0.019608205091442444
ama:0.11148405658822513
was:0.003917969619917636
utkvm1.utk.edu:0.05148450187421136
as:0.0035403281425531786
following:0.01211201005769806
witnesses:0.023266074884294073
services:0.017684343484350926
act:0.016511650721320152
california:0.01760827091558821
exact:0.018897992789129507
weird:0.021783714498641187
business:0.016002494394838793
march:0.019175717105721485
are:0.002844740626554095
reasonable:0.01654118216861083
it:0.003034118847256389
not:0.002667743400778606
laughed:0.024333163631271457
purchase:0.03860585379804462
have:0.002262170854635632
made:0.01029017500848673
being:0.008609751902323664
states:0.015278140422370278
veal:0.07653402157453956
has:0.004711391477374119
pa146008:0.02598587826977394
div:0.023895792681551842
love:0.014478838230891366
listing:0.024754890090582626
list:0.012883312375759202
univ:0.020551342350686758
writes:0.00292593978326355
recognize:0.019810284900438853
down:0.010461794588288309
if:0.002965267344085882
of:0.006882852586397828
associated:0.0201318388398077
easy:0.0146623078064549
beginning:0.03584147605430875
david:0.02209243574641145
difficult:0.01649207202229203
comment:0.017387599101251164
in:0.004717160227287358
gun:0.01619918360975399
proceeded:0.02138258897533087
our:0.009866262933541564
5:0.01149943755273311
use:0.00735743153870508
and:0.005912791817335241
still:0.00903411098331658
for:0.002879193477098
subject:0.00011812812784078892
i:0.0025340536360008176
period:0.05032315796809667
group:0.011934141304454181
we:0.011926937218707698
info:0.013032723271647777
prevention:0.02680933968408306
howard:0.023221152886665677
lives:0.034446529645427486
firearms:0.02101482390139058
will:0.010029250839852073
cost:0.014694723913056994
the:0.005002785464529113
waiting:0.05807575568211374
originally:0.0201318388398077
do:0.003178397871267684
strong:0.015976337991019957
friend:0.015368139025189407
an:0.003973000613105029
human:0.01418514323556007
firearm:0.024569207793684256
people:0.006660500619792555
expressed:0.01818477489213844
address:0.01412752811475049
e:0.013764998655105429
brady:0.08385052935271953
is:0.002377633866289061
discussion:0.015211822763230935
save:0.01602880633814732
representative:0.02345046734624349
violence:0.0833150790348809
days:0.013178108958186604
life:0.012346811297737655
deserve:0.022369949821853925
1993:0.013405556650487331
med:0.027231066143394232
senator:0.026070162318316836
widespread:0.023742316761251443
article:0.0035855437182150487
shaft:0.023844040293219137
handgun:0.07389072057749971
saved:0.020502717918936333
physicians:0.02615608305219782
before:0.018815878470996854
past:0.014617320561519308
by:0.008764915706346603
mine:0.014447960375221178
while:0.00960328542424125
s:0.002745293278123975
