tip:0.020788706575937215
some:0.004184719982556825
at:0.003157580689800828
out:0.004222856985951469
there:0.003289530414255009
increased:0.01739307460839533
all:0.010258793877917111
ever:0.009474631028064017
your:0.009031772202016218
with:0.006288466417091907
compound:0.04604751367210221
francis:0.019805061967687176
kids:0.015757573587292916
wrote:0.009231451522196635
atf:0.0318958627682342
ground:0.013895891266657136
to:0.0034578473550666007
crime:0.014377125180062782
look:0.008498811198121544
then:0.02860000626838357
death:0.012026582021635921
family:0.014123537882149343
next:0.009599928400534679
been:0.005258926119073259
that:0.00373015726273631
control:0.010930588781150621
like:0.008348667121925973
nt:0.0025594213323384893
could:0.010817986776530878
me:0.003883830395715214
re:0.0013402885404235503
happened:0.03626129998643474
batf:0.032687431353283475
justify:0.01706701088722785
so:0.0036624035748563442
had:0.005499671991692241
this:0.011289944911213313
fair:0.015135123787827536
burned:0.017442174408962216
on:0.005451707798271935
you:0.003984222146299081
great:0.009036740819830384
none:0.02596781528617415
them:0.015761926575615495
raid:0.03791558072344439
m:0.004906145921562982
more:0.013671172320652967
sure:0.00782094630881435
burn:0.017466978863602267
a:0.002502695566032966
anymore:0.015883348927118252
price:0.022438309690637728
letting:0.017517108763153304
question:0.015648645758760606
equipment:0.01446221474028885
someday:0.02066510021009073
arms:0.014527384342737561
died:0.014538362082990414
mind:0.01085898137279619
honestly:0.038629054525215235
are:0.0023043418695384427
daniel:0.015335412169169676
51:0.017320663471056548
proper:0.014718738727748534
it:0.006144362540142867
not:0.002160967772673709
have:0.0036648789472950027
farm:0.019710734697732435
properly:0.015432853532267013
bogus:0.02125834192506411
personal:0.012021130721131599
regardless:0.016218567773035184
be:0.002073337839202406
making:0.011020097458324028
if:0.01441183698415934
of:0.00836303593831134
even:0.006018492644322673
what:0.016495378189903785
but:0.0023845276783168827
order:0.020102629828906753
fire:0.025784900623938855
women:0.013545932594385036
they:0.020062787623822447
who:0.009269196231067013
authority:0.015161191025566175
up:0.004815270144632203
waco:0.027847137702446245
now:0.005920840135764317
good:0.011612973844870962
in:0.004457913667603704
government:0.009647365371384579
ours:0.019710734697732435
or:0.002416886945172349
streets:0.019805061967687176
better:0.008015110649825817
and:0.005473798057215625
few:0.016384426529794167
for:0.0034983748700223014
subject:9.568801753411576e-05
i:0.0006842247571519531
away:0.00992467235241459
we:0.004830623317971219
house:0.02464424332967879
power:0.009684069104553914
pay:0.023891340946221383
allow:0.012567292728941191
later:0.01145308970952582
than:0.005127603162076922
the:0.005403247383434071
would:0.013371321091102166
can:0.0030988028402785424
law:0.021554416668415528
country:0.03624466782817347
did:0.0058921542775733525
wars:0.017273189540052893
instead:0.010995463482382227
just:0.004209278005254072
during:0.010495948063808137
people:0.00539524422965275
statements:0.01510924476283296
handled:0.018883116215117027
f:0.0133198251555801
hit:0.01283047361981867
is:0.0038519373030919558
captured:0.019951377360232895
right:0.006952951949069174
days:0.010674740589785564
time:0.005661326057002558
their:0.005425389313912953
gone:0.014084578483450762
ignorant:0.017917252028897643
build:0.013375028899707363
told:0.011111898805480754
protect:0.014800600706134995
agencies:0.01660793637877997
show:0.010788776594031657
blast:0.04133020042018146
initial:0.049533961717108436
killed:0.013092419342895647
before:0.007620767982876861
answer:0.010882691907271888
citizens:0.014650029351018353
fault:0.015867383513679615
needed:0.023912707456172196
assault:0.051201032661683556
s:0.0022237859528889546
