above:0.10083911222698315
cnn:0.1925447964214689
potential:0.15875082743783314
me:0.04013291408905721
re:0.013849648251043352
anyone:0.061959805542273746
you:0.020585147755878587
a:0.0051722375031347965
keith:0.2918864495644197
boi.hp.com:0.22793410920026283
list:0.10783809618228073
down:0.08756909544270955
if:0.024820385917163304
of:0.007201503169101431
keeping:0.1548199971253736
conditions:0.1679567668562899
for:0.02409991577126474
subject:0.0009887761811858628
the:0.00558335562954854
can:0.03202096268287827
put:0.09212812220543626
is:0.009950838032987552
sale:0.11758785755939367
under:0.08990086767057923
