w:0.17190782527940854
next:0.14879889020828752
re:0.020774472376565028
scott:0.21233761406508367
them:0.08143662064068004
roby:0.6658836445345527
daniel:0.23769888862212996
writes:0.036736799500975685
in:0.009871094549693914
and:0.010605483735855273
subject:0.0014831642717787943
usenet.ins.cwru.edu:0.2893539674606332
pure:0.2804061031624606
chopin.udel.edu:0.31578985106452
time:0.08775055388353964
blast:0.3203090532564063
article:0.04501849335092228
