believe:0.02487792229385886
cs.ulowell.edu:0.022955950404702052
out:0.004496859156795648
say:0.007242538069723448
ideas:0.013728983347478895
there:0.0035029732273936924
checks:0.021464094264675288
tavares:0.03932635511673198
means:0.021638131453730936
thanks:0.007608345972962454
where:0.007051361825319701
access:0.012795331557322615
own:0.008650727616595402
with:0.0022321655602654477
destruction:0.11797906535019595
c:0.019741203781900456
modern:0.03134754278657894
from:0.0032311918108021967
my:0.00725354397962062
to:0.003682211496425884
amendment:0.017443132992203382
property:0.017443132992203382
then:0.006091146373190089
us:0.015724247222786227
speak:0.013684858071138908
bear:0.017196802758853873
she:0.012653215591215582
that:0.003972190367570345
control:0.011639825457790166
weapons:0.1679202894671237
nuclear:0.018626930428477576
nt:0.0027254906554291546
need:0.007332832028615405
re:0.0028545076547951947
transfer.stratus.com:0.02220514775490795
this:0.004007499529552817
mean:0.01008939716347275
reduced:0.01907982181703222
he:0.006069210715726089
restrictions:0.01980587806245614
these:0.006323038065263139
on:0.007740592751744884
you:0.00848548075433163
great:0.00962309423180411
them:0.0055948823340925226
support:0.010454031715776739
biological:0.021755594183700384
a:0.000533016841926105
hard:0.010321501536547744
coming:0.013269579980112958
immediately:0.016117173804594973
stating:0.02079637880858242
rocket.sw.stratus.com:0.021141356142430772
hands:0.015287671585324781
needless:0.0444102955098159
reasonable:0.014268347977503999
individuals:0.032573674041028365
d:0.01390720780440485
gas:0.015145685769729016
it:0.002617217020915816
not:0.0023011832388395606
should:0.006270275352036181
disagree:0.016215225278317535
have:0.0019513382181208124
term:0.014876640434788006
only:0.00508983297049346
massive:0.01904988602519624
hope:0.011024662357404753
second:0.010495022048291093
has:0.004064024709490652
sw.stratus.com:0.03828081423831093
accidental:0.023039839361643943
follows:0.016389405792464933
investors:0.02070328165925357
be:0.006623602180963412
writes:0.007571706767376668
if:0.005115652059262666
of:0.01113209459345832
keeping:0.015954732528187354
lawrence:0.03620789293661705
even:0.006409005525824525
what:0.0035131377976970655
his/her:0.02079637880858242
result:0.013492373896990466
year:0.009445651588586457
nerve:0.023125613620621266
street:0.015221482749307654
find:0.008078040983486221
thousands:0.016330457996940228
in:0.0033908340056200475
government:0.010273339460367547
handguns:0.021039568939827107
or:0.005147415707657139
douglas:0.017215196981891844
and:0.0036431051001029565
for:0.004967158212398076
subject:0.00010189678203060419
each:0.009717593119697004
doug:0.016494807193354145
i:0.0029144840800823654
special:0.013342409133072605
we:0.005144060708831946
power:0.01031242473347535
any:0.007811353177777154
cdt:0.07718486503418301
cost:0.012675601543323973
the:0.0037399958510907208
do:0.002741671446208002
when:0.01497337148294354
putting:0.015343719492511504
would:0.007119462947361649
can:0.009899610600431832
agree:0.011513569385360455
neighbor:0.019328156142784363
individual:0.014739260272009742
an:0.0034270921319150254
makes:0.02132044184925171
people:0.011490634657046698
many:0.014146572729603766
company:0.012847816945157823
brady:0.024109694190476608
number:0.009550629192357855
usage:0.019698355631285545
today:0.010836359793123484
write:0.012420511164074478
right:0.02221229305866755
keep:0.020224538810121536
does:0.004650720665410401
blank:0.021039568939827107
mass:0.09645546459617557
easily:0.014117995299219034
vos.stratus.com:0.020436885621331655
every:0.009283009644799221
count:0.016272406780667215
article:0.009278620766983981
killed:0.013941927468198036
sign:0.016540885747683417
deaths:0.018600332453988674
by:0.011340864215463735
says:0.02932473371481948
rifles:0.02200596549089814
john:0.02046930076016676
millions:0.018174412357009808
s:0.002368077407847398
