prism.gatech.edu:0.03937588825086898
some:0.009729473959444618
there:0.007648158213142895
happen:0.028180268551394293
your:0.010499435184843855
with:0.004873561473246228
surprised:0.03667235576666032
from:0.00705476878691813
post:0.021521481703593172
atf:0.03707894046807226
to:0.0022969986001513845
civil:0.03477682899617095
hoped:0.09918800174017343
that:0.00289087187862064
r:0.0516703294454855
me:0.009029905670037872
re:0.0031161708564847544
glenn:0.0930070087579953
had:0.025573474761368918
this:0.008749707306190317
you:0.009263316490145364
defend:0.03774912019566038
loved:0.04373317126988703
burns:0.038522871478689234
was:0.022136528352534643
are:0.005357594846676879
no:0.009381214468187581
hey:0.03211782488025974
it:0.0171427714869986
not:0.015072750214399123
hunting:0.04878430296630632
have:0.012781265328691322
made:0.019379829599316677
won:0.03601366237215655
rights:0.02894332849744005
color:0.03078860088836155
left:0.024370043195838013
grew:0.04662170967059728
evil:0.03480561428673834
alive:0.036708509113315316
troops:0.03898595357164599
be:0.004820510476145594
constitution:0.0377081700723068
guns:0.03362464927117158
writes:0.005510519925146353
if:0.005584586831361744
of:0.003240676426095644
america:0.03281448795388719
but:0.011088053704173505
ranch:0.04049578150677247
up:0.011195503086269872
in:0.0014806641824540872
our:0.018581461858169945
or:0.005619262147525711
and:0.004772467681134873
still:0.03402848470382579
subject:0.00022247464076681915
i:0.011135757922648037
we:0.011231199214283083
nazis:0.04373317126988703
predicted:0.04650350437899765
will:0.00944421120752737
the:0.002512510033296843
wrong:0.044057034280497676
see:0.014744881345093134
start:0.023479684065687605
law:0.02505700937703305
stone:0.08292609920109083
ready:0.035128994073586634
makes:0.023274815685433117
here:0.015003340880194968
about:0.02462540450804679
dividian:0.042130072164491564
houses:0.04255751628438781
goes:0.026858559966588973
survivors:0.039130049380896495
under:0.020227695225880325
gang:0.04686327247787438
dark:0.03843326488055372
past:0.027529287057528027
while:0.018086187548987685
god:0.022109818598126874
s:0.010340604680933639
