land:0.02424775820480327
obvious:0.023455172645743975
at:0.005371737880819702
say:0.011570396184558192
threatened:0.03361199428191892
i.e:0.021064262176679286
into:0.010919535993795039
response:0.021412186296508182
simpler:0.036542395126896186
my:0.0057939893983554955
to:0.0016807306830375986
hill:0.06077180485560197
recall:0.02384667814068916
near:0.021980340106594665
most:0.011320704048579499
us:0.012560221866981684
mail:0.018684850639243026
next:0.016331585510665703
that:0.006345816318923356
think:0.00877895138736924
church:0.02284924292737078
really:0.023797509063303975
nt:0.004354137510502674
stretch:0.03353228646748384
re:0.004560250033880129
mormons:0.03238110310590108
michael:0.036642624410654745
this:0.0032011124290940184
you:0.006778036456203926
american:0.03935408801692946
great:0.030746959618691182
state:0.016205569432564734
a:0.008515269060038994
how:0.008020506080665393
other:0.008410414559950676
christian:0.05864345801042516
was:0.005399153256715766
as:0.004878744879372064
genocide:0.027472940992803143
part:0.01493428117325169
also:0.009045714217558332
act:0.02275386014035582
washington:0.023409837411063988
electronic:0.026302873872009816
are:0.003920191351226985
native:0.06450272574293284
d:0.02221761246801263
religious:0.02238658417750072
care:0.01930498134923108
it:0.006271745665975097
being:0.011864658109299684
gordon:0.02735679346249403
indians:0.1001277905497685
persecution:0.03580980785956653
netcom.com:0.0392565265209895
be:0.007054405574847211
writes:0.008064175500214175
were:0.009459166448001825
if:0.008172566094675723
of:0.005928066633101788
oregon:0.03580980785956653
asks:0.03135743924834523
years:0.013596191603538985
fact:0.014623580052614875
they:0.005688534295778925
who:0.007884468745328343
over:0.012231346051947305
in:0.0032502384492894597
government:0.04923685863322495
our:0.013596191603538985
u.s:0.021510624396333528
or:0.004111655229896862
and:0.002328033015187743
few:0.013936753054306625
still:0.012449445623350899
for:0.007935338119806684
subject:0.0001627863225123067
jews:0.02252824455245967
i:0.003492049522781614
faster:0.023782323337770316
we:0.008217950644597379
the:0.005055660432853404
do:0.004379987310405468
would:0.005686888086002293
come:0.014641424844325662
places:0.023261109038355703
people:0.0091784947565434
address:0.01946842288983909
many:0.022600012531440165
religion:0.0649670352980984
army:0.027214652737686425
about:0.012012392442949653
is:0.0016382477249430726
white:0.02072542162085727
their:0.018459556324167244
wanted:0.01856804871674453
too:0.01190559675527132
article:0.0049410541482719575
little:0.014300845743283318
by:0.006039240700104672
200:0.02534222589134886
dominated:0.03680754824847996
s:0.0075662961080002235
