report:0.02464758586671919
out:0.00765050064337961
there:0.00595960380244901
know:0.008012176140638323
all:0.006195245653547346
ever:0.017165078291102993
cnn:0.033757853918049745
episode:0.03964565444310172
stand:0.02556973087315885
your:0.008181378066112095
such:0.012487124697842848
surprised:0.028575861636358696
post:0.03353997148611923
atf:0.028892680884212152
batman.bmd.trw.com:0.03934357641949852
to:0.005369607117237003
remember:0.01806898725013787
enough:0.015793172252840236
make:0.022858188095450697
that:0.002252627437886213
think:0.00934901316576984
really:0.012671400929811208
afternoon:0.036145677165616744
nt:0.0139106211374501
re:0.0024281850829751335
michael:0.019511007803075905
this:0.010226930617625045
on:0.003292265098956428
you:0.010827253040429646
am:0.021225147489628126
burns:0.030017821931446156
more:0.008255967700134583
a:0.0036272834437568705
want:0.012289597192936244
as:0.03636882546440993
woman:0.056873618149291205
are:0.00834949846235358
no:0.007310037247938376
hey:0.02502687653007253
it:0.006679001878051402
ve:0.011851517526152171
hope:0.018756243750909386
humor:0.03605611013878339
be:0.0150249677178564
writes:0.008587823259968343
get:0.008534895943448847
if:0.004351626102359801
of:0.001262601204972329
short:0.02248686925728096
even:0.010903632777701466
what:0.017930690318116192
but:0.004320020923703963
reading:0.02133975354781163
ranch:0.03155515442086167
fact:0.015573163172914541
women:0.049082015504330195
up:0.008723768638651848
now:0.010726716869339249
good:0.010519544489347398
title:0.027280476179109867
in:0.004615057192064688
men:0.06840776401222094
use:0.010797269660697066
and:0.0012396019950999672
wpi.wpi.edu:0.038135120058239685
for:0.004225309907949013
subject:0.00017335686293518376
i:0.00867721396569977
back:0.013677641039399595
stupid:0.07522765307662115
will:0.007359125616255094
than:0.009289618715710787
the:0.001468350019459194
do:0.013993206212464221
got:0.014364635205393338
would:0.0060561665331453
because:0.011459235707107234
come:0.015592166717333822
mr:0.043856567250433943
an:0.005830507393258031
just:0.015251799525530987
makes:0.01813622001462321
btw:0.024362276106774904
here:0.011690914971580495
dividian:0.032828627660642776
assuming:0.025767335530318198
right:0.025193163555718177
remark:0.07509944664902096
insist:0.03434560721376943
goes:0.020928748025913487
survivors:0.03049094756952974
slow:0.02666576691585611
every:0.015793172252840236
article:0.010523803640475338
past:0.021451392512359505
mike:0.02074942875946561
s:0.004028807018545574
