sent:0.04430942829264594
believe:0.052353539285068446
there:0.011057578139483704
tavares:0.062069307473396264
know:0.014865965369377131
search:0.051411461438249595
c:0.03115780355938506
response:0.04230841629671497
from:0.010199665716026212
atf:0.053608106700827364
my:0.02289672918868196
to:0.006641923663088341
speak:0.04319798571853487
that:0.012538721401246148
re:0.004505307262387597
batf:0.0549385141419644
you:0.013392746732740286
ax:0.07761328940793828
a:0.001682535091381199
hard:0.032581125332235054
was:0.021336412869912908
said:0.026403672634499185
rocket.sw.stratus.com:0.06673536517249233
d:0.021949930390084766
it:0.004130788310120145
received:0.04661796133315388
after:0.023243538405601824
sw.stratus.com:0.06041911644841846
netcom.com:0.07756711264388287
investors:0.06535252764728235
writes:0.00796701675924774
if:0.008074101442932642
again:0.029420110097686965
find:0.02549935828522157
one:0.011847119370790632
in:0.00428143859986724
or:0.008124234430157655
and:0.0022999844246433124
for:0.007839731636435518
subject:0.00032165008303636504
however:0.028880709689119436
i:0.006899953273929937
special:0.042117002323674976
don:0.05371813662327644
warrant:0.1701434445350881
cdt:0.18273284312309593
the:0.004540680783066584
may:0.022421994306503986
an:0.010818049862189599
company:0.040555759513630725
arrest:0.13314728407192103
today:0.03420634055178739
write:0.03920691475888571
issued:0.0635994242295566
first:0.02262114252278363
vos.stratus.com:0.06451161485287824
article:0.009763046750802423
letter:0.04916926529808261
check:0.0398712236697312
s:0.0074751359139279315
