believe:0.030175998337921395
all:0.013250942092309599
way:0.0240607336048131
much:0.02426662318833238
from:0.011757947978196882
work:0.02812600644430977
post:0.03586913617265528
my:0.013197420296254184
to:0.0038283310002523076
that:0.009636239595402133
really:0.027102718655429524
nt:0.009917757662811645
me:0.015049842783396453
batf:0.06333189824698673
lost:0.04867369894885903
this:0.014582845510317194
joke:0.06817536763042141
on:0.014083578478869164
medical:0.055875242669009326
posted:0.04740806839558188
a:0.003879178127351097
sorry:0.04413078728803645
was:0.024596142613927376
as:0.02222539333936162
chip:0.08978900993897983
are:0.008929324744461465
internet:0.03967408254325842
it:0.009523761937221443
second:0.038190219120170364
heard:0.037536768880831586
but:0.00924004475347792
waco:0.053953829298489596
in:0.0024677736374234785
and:0.0026513709339638183
for:0.004518734207112138
subject:0.00037079106794469857
i:0.013256854669819093
the:0.005234395902701757
original:0.042863444628798326
clipper:0.0992778921892992
did:0.04566419565119348
eric:0.11077856889773904
fbi:0.05298363725403243
thought:0.03728592229432934
about:0.013680780282248214
columbia:0.0756757117756749
paul:0.09097284697525158
morning:0.05958528913332522
center:0.045369872687122344
almost:0.04197212403145233
opinions:0.03966125216000058
