some:0.008051978449195545
help:0.01475926013821929
all:0.01315955628477643
situation:0.024304360612238608
compound:0.029533922562106935
sell:0.024000498613659087
my:0.00655320180227794
to:0.0019009643587459735
building:0.026210121164404493
property:0.03151793685487784
engaged:0.037005266124433285
death:0.02314080264852705
us:0.02841208808531029
family:0.027175634959445978
die:0.05196902581285998
that:0.007177337077954693
think:0.009929296741576242
could:0.010407649347076258
surrounded:0.04000033885990678
re:0.002578900019159797
cs:0.03528077644005995
so:0.0070469696371373795
political:0.02486052260332086
this:0.0036205685404925446
ti:0.02612869693966664
federal:0.02725142200479491
sheep:0.04090398204891646
big:0.019143314164603843
on:0.003496612587857172
you:0.0038330964786808404
american:0.022255415292332523
medical:0.02774494808392187
used:0.013616989712668039
them:0.010109373596774074
holes:0.03305685789842411
apparently:0.02612869693966664
bill:0.021348371556494602
a:0.002889318881061507
was:0.012213257022088078
idea:0.019119836519039698
equipment:0.027827295948555788
military:0.026702334915383243
are:0.004433871597249831
internet:0.01970023409044556
51:0.03332734557534329
hoping:0.03301279032532913
gas:0.027366687390820706
action:0.02539236607466177
it:0.002364520205103255
not:0.004158000059144585
against:0.035631459202177196
always:0.018323835158611777
after:0.02660984396779243
his:0.0254404005724863
be:0.003989387980258423
writes:0.00456043028287974
get:0.009064648105456015
were:0.010698643430843442
of:0.008045817333754703
resolved:0.04178559150760532
fire:0.024806852669237725
they:0.006433928444880991
thousands:0.029507448242747168
now:0.011392513088815477
good:0.011172481733513788
tim:0.05624702482394743
in:0.006126886272223809
government:0.018562861645629637
brother:0.03195596034261801
and:0.003949628425766792
for:0.0067313557843877376
subject:0.0001841169440828848
however:0.016531716580668366
soil:0.04147902762780647
pay:0.02298511766895092
body:0.024480559473617595
caught:0.031139477474010014
the:0.005198296620614159
responsibility:0.02991564735578393
would:0.0192961995745733
eric:0.0550072893837049
countries:0.029072270957451008
koresh:0.08450066128228452
columbia:0.03757690515757651
south:0.02980441023902611
paul:0.045172724015297344
govt:0.03365693636042155
is:0.001852914668211475
having:0.018047526844278353
right:0.013378438577864134
heavy:0.030909022322838674
days:0.02053967327275981
knocking:0.040246670464059046
center:0.022528488506709025
followers:0.033101208866219214
dollars:0.0316248622792638
notice:0.027848037473134787
article:0.00558850262287311
opinions:0.019693863141517533
hundreds:0.03238348914281089
citizens:0.028188677165062903
remain:0.030974084614103215
while:0.014967879350886362
psychological:0.037837183281596146
