at:0.0037648077455317568
there:0.007844264833992714
increased:0.02073789664847136
all:0.01223163885443963
ever:0.011296675456537867
stand:0.01682794254045497
with:0.007497786881917273
armored:0.02543282095901883
compound:0.0366018698419274
kids:0.018787876200233863
wrote:0.011006730661080604
to:0.005889740000388166
job:0.029670842352898946
crime:0.01714195694545947
look:0.010133197966991072
then:0.034100007473841946
death:0.014339386256565908
us:0.008802890539252121
next:0.01144606847756058
been:0.006270258065048886
that:0.004447495197877908
guy:0.014471498918584914
protection:0.0180768046843289
weapons:0.017092119596109717
nt:0.0030516177424035834
could:0.012898368848940663
re:0.0015980363366588485
happened:0.028823084604601975
batf:0.07794695168859907
had:0.006557301220863826
this:0.008974058775579812
off:0.009331014734856199
on:0.002166704381364487
you:0.0023752093564475296
great:0.010774575592874688
none:0.01548081295906536
them:0.012528710867796932
more:0.021733658561038052
burn:0.020826013260448858
a:0.0029839831748854594
price:0.0133766846232648
letting:0.020885783525298175
equipment:0.03448681976530418
arms:0.017321112100956326
died:0.017334200945103958
are:0.0027474845367573743
daniel:0.01828452989401
51:0.02065156029241358
proper:0.035098530812323434
d:0.015571318139974664
it:0.002930388288375829
not:0.0025765384981878844
should:0.007020564710399487
have:0.00436966336023635
able:0.01127121891500286
b:0.013080804899633513
netcom.com:0.013756560575731365
personal:0.014332886629041522
be:0.002472056654433638
were:0.006629501271249142
if:0.008591672048248837
of:0.007478484060220718
unfortunate:0.02397005939283664
what:0.003933513260669364
but:0.0028430906933778217
order:0.011984260090309796
fire:0.030743535359311715
women:0.016150919631766774
must:0.009903677040510673
they:0.035881524019528606
up:0.00574128363398455
waco:0.03320235649137822
now:0.007059463238795916
good:0.013846238045807686
in:0.0053152047575274934
ours:0.02350126060114252
force:0.015273521875276802
streets:0.023613727730703943
use:0.007105895417723711
better:0.019112956164969257
and:0.008158064412196365
few:0.01953527778552382
for:0.0013903797560345043
subject:0.00011408955936759957
branch:0.019486737922149767
away:0.011833263189417397
we:0.011519178681315984
power:0.011546390086198899
hostile:0.024358827675767098
pay:0.01424291479486275
the:0.005798100076838869
do:0.01227893878472644
when:0.005588352319845026
would:0.011957046744927898
law:0.01284974839847849
country:0.028809864171112243
wars:0.020594956759293834
instead:0.013109975690532657
needs:0.014313446849014304
thought:0.01147259147517826
people:0.02573116478757466
hold:0.014828122277538549
hit:0.015297872392860724
is:0.004592694476763486
captured:0.023788180698739225
executive:0.023180597413352287
right:0.00829005809312094
days:0.012727575318590482
time:0.0067500426064261276
gone:0.016793151268729756
build:0.01594714984195878
protect:0.035293740145398836
blast:0.04927831588560098
initial:0.01968657452859438
killed:0.015610192293452504
meet:0.018333935117946225
going:0.009306904632690951
fault:0.018918803420156467
needed:0.02851130504389762
assault:0.0203491283655409
