some:0.010711347478287654
since:0.01835616168260258
louis:0.043240382455027156
stephen:0.037354672287990984
ever:0.024251578503026245
supports:0.07929613733318874
miller:0.17474113899216773
noting:0.10996243671212798
such:0.01764235966484219
turn:0.03138970765793133
tight:0.04769458259981341
to:0.0037932086974976995
then:0.014641104126383517
us:0.03779589699422011
been:0.01346092098368293
regulations:0.050333867668178364
that:0.009547833727554408
weapon:0.04451988821781924
control:0.027978296054504803
supreme:0.047783223984324746
re:0.003430646814478629
had:0.042231426211434914
shotgun:0.05742735288132957
illegal:0.03770421216168154
on:0.004651457112287064
you:0.010198146594655448
used:0.018114344113182253
vs:0.06269012743235491
bill:0.028399209868731352
more:0.011664394732300238
a:0.0025623928914612756
other:0.01265420172322854
was:0.008123496643131979
worth:0.03224920751185173
therefore:0.03149472954637492
also:0.013610065428252903
proper:0.03767456977102607
it:0.006290925316329761
conviction:0.051326652848363984
not:0.005531284482348302
war:0.03244793684011943
his:0.016921367353259237
guns:0.03701796250037238
writes:0.0060666274405280956
kill:0.03389570740003107
down:0.021691427311496862
were:0.014232140343782562
spots:0.053878976963017536
if:0.006148168988655132
of:0.005351575749515743
particular:0.03111056374388814
present:0.03325229617274591
militia:0.052740879268797544
court:0.036666620435443206
one:0.00902120098876718
in:0.008150445041031674
government:0.024693715033177042
gun:0.03358729812664589
st:0.03519951599008533
world:0.023130740263602543
clean:0.039833414605287214
and:0.003502728573309999
subject:0.0002449262100185165
i:0.0017513642866549995
limited:0.035615551035759266
graham:0.0894181119806428
firearms:0.043572020199213496
the:0.0013830330458514735
invented:0.051196518582382736
would:0.00855641877159978
nobody:0.03677329968310484
possession:0.053051902678666184
an:0.016475195202967648
firearm:0.05094166019607929
about:0.009036845691026345
e:0.028540272440860798
regulation:0.052740879268797544
ignorance:0.04427358317161568
article:0.0074342466084091835
side:0.029544624574047645
bothered:0.051068204435825486
s:0.011384151942312263
