believe:0.011744172326109949
bait:0.0328751366855539
there:0.009921934979212406
increased:0.026230636841850258
tavares:0.027847310920496703
all:0.010314246817797744
send:0.015855930383114718
ever:0.014288767874756003
stand:0.021285073267386285
your:0.013620888888446082
with:0.003161229063727283
armored:0.03216908164546166
c:0.013978906461778162
my:0.01027258660897623
to:0.00670475267071215
job:0.037529606003126235
crime:0.021682259055337928
then:0.02587914080717519
us:0.01113446695235133
speak:0.01938071791696429
next:0.01447772985810365
that:0.0037503202749673173
weapons:0.04323844308637485
really:0.01054808509832933
me:0.005857236110294837
re:0.0020213000150171383
batf:0.123240450642785
this:0.0028377429101157786
off:0.01180247269165595
you:0.015021594308343834
tell:0.013027162452013259
them:0.007923563089363464
taxes:0.02573889750019768
more:0.027490141098826505
a:0.0022646012851563163
sorry:0.017175225322911485
want:0.010230259284930711
price:0.016919698388345745
equipment:0.021810583311030213
rocket.sw.stratus.com:0.029940731401712776
course:0.013222442161621726
are:0.003475196657303922
no:0.006085112087473026
those:0.010031976509662487
daniel:0.023127459433504537
proper:0.022197449216442386
d:0.009847806607443435
it:0.0018532725931890378
not:0.00325897301932954
flame:0.02269001894528538
should:0.008880065633694485
have:0.008290550483475451
able:0.014256568789787401
sw.stratus.com:0.02710695494712828
investors:0.029320323214726676
be:0.00938045281844548
writes:0.0035743913027976343
if:0.014489738805695337
of:0.002102060384494472
order:0.015158469519635093
fire:0.019443208848862
must:0.012526813121510796
they:0.020171235124491756
now:0.008929267015558077
good:0.008756810007348645
in:0.0038417232842051998
or:0.007289853596790112
force:0.01931894118278255
streets:0.029868174535052555
use:0.008987997447282963
better:0.012087653358385964
and:0.006191309424174971
few:0.01235474324814209
for:0.005275927506682281
subject:0.0001443078750919908
i:0.002063769808058324
usenet.ins.cwru.edu:0.028153358996169716
special:0.01889573617764877
away:0.014967478844992815
we:0.007285102193048487
hostile:0.03081062527637568
pay:0.018015362497285855
cdt:0.0819828431309025
warm:0.02859039735632699
the:0.004481774653988964
do:0.011648398684970217
collect:0.02853379573542269
when:0.007068510501858033
automatic:0.024900856430762616
law:0.016253195271589006
country:0.0182202924757845
instead:0.01658234763018725
needs:0.018104576014428903
people:0.016273223135925594
address:0.017258493805046547
about:0.00532441178552363
company:0.018195286700710002
is:0.005809137878717057
today:0.01534662846377488
write:0.01759012932425683
right:0.010485803209677295
time:0.017075783458418526
protect:0.04464181185958555
vos.stratus.com:0.02894304882588591
blast:0.0623304103634088
article:0.004380177731441086
ass:0.026342092448351527
meet:0.023189950365402247
going:0.011771976670538826
needed:0.01803147400073525
mine:0.017649940782702628
