all:0.012390491307094692
ever:0.034330156582205985
hand:0.04100310981107368
wonder:0.047926853348271806
with:0.007595160737526589
my:0.012340444952341576
to:0.0035797380781580025
line:0.03667277595851934
that:0.004505254875772426
like:0.015125182642969782
talking:0.04233365169301648
nt:0.009273747424966734
me:0.014072580264994089
happened:0.04379611556803157
cs:0.06643782576374925
this:0.006817953745083364
best:0.03162566337612252
something:0.02585274437874705
on:0.006584530197912856
burning:0.06160044122982902
why:0.023113280261740345
a:0.007254566887513741
other:0.017913090751063777
was:0.022998990496139887
hearing:0.058893931235322446
cult:0.06152149257948639
l:0.04292156595783588
it:0.004452667918700935
have:0.006639618352566921
massive:0.0648190927091093
able:0.034252795144294405
knew:0.0504168189986722
be:0.0075124838589282
if:0.017406504409439204
of:0.005050404819889316
kept:0.05186721587758668
what:0.011953793545410795
ranch:0.06311030884172333
heads:0.06302165994470516
they:0.012115839279321347
up:0.017447537277303696
pope:0.06983366602423961
david:0.03242136674473369
and:0.004958407980399869
subject:0.0003467137258703675
adobe:0.07602748514229557
i:0.009916815960799737
house:0.04464768759078171
face:0.04661391676552675
the:0.003915600051891185
start:0.03659171542704562
would:0.0121123330662906
did:0.021349494070687862
thought:0.03486475850898328
just:0.015251799525530987
about:0.012792417926258072
efforts:0.06302165994470516
assuming:0.051534671060636396
else:0.03281236656283191
amounts:0.0653365720408911
escape:0.05644067762633547
random:0.05796367596078667
full:0.0401254868041981
