health:0.048445890700613385
out:0.013699733710237905
anyway:0.035447835135401555
your:0.029300749353052616
with:0.006800318334762178
much:0.020316242669301526
ca:0.02391335576851536
harmful:0.06213128758361358
blowing:0.06609555022280653
often:0.03613163242184542
to:0.0016025571628963148
harris:0.13529648166943914
that:0.012101324143063145
problems:0.0318962004173462
quite:0.030886039326853503
really:0.022690648176638673
nt:0.008303238973516727
me:0.012599868376797031
re:0.004348145381141518
cs:0.11897006008857423
so:0.023763037148486512
this:0.006104446957807198
mean:0.0307374657770914
employed:0.06556288119918682
you:0.02585111578645218
used:0.022958878003917042
serious:0.0418255074074357
defend:0.052673190970688906
inside:0.04365180845435101
m:0.01591645014088456
why:0.020694448606441936
a:0.0032476840135962676
hard:0.031444574448552434
was:0.02059211939770664
are:0.007475713739549134
stomach:0.06609555022280653
it:0.003986691043488046
not:0.014021162990138718
stay:0.04591508800297886
against:0.03003814874602147
chuck:0.2317808371236912
yourself:0.04077063571365805
without:0.026130354474447615
writes:0.007689097569971655
if:0.007792446741434991
what:0.010702815151123618
but:0.007735851421516398
well:0.019568231513410986
in:0.006198129135854319
subject:0.0003104297313025383
eng.umd.edu:0.06807112041810184
any:0.011898689142893108
the:0.0008764569883593639
do:0.008352533940773217
can:0.010053092935322248
because:0.020520026731331558
vietnam:0.13840186289326525
makes:0.03247648700292993
is:0.0031241003126821383
suffering:0.054667870302539216
does:0.01416847458532006
thru:0.06001126948135829
article:0.009422475352518616
little:0.027271380254633305
difference:0.03729248659109752
bad:0.031867454031934694
comes:0.035164841130761765
while:0.02523654076602933
