another:0.02639887298081641
go:0.023159907759453893
at:0.010487678719695607
out:0.01402591784619595
allocation:0.07794361352996075
themselves:0.038529169241938305
to:0.0065628531432896705
look:0.02822819433661798
100:0.04022038212894132
die:0.08970843741505592
that:0.004129816969458057
debt:0.07060806425110579
feustel:0.31357161259521665
re:0.004451672652121078
happened:0.040146439270695604
national:0.03874016577366087
federal:0.09408229025464908
best:0.028990191428112308
on:0.006035819348086785
books:0.04346116563150191
taxes:0.05668685758972107
m:0.016295413239477047
a:0.0016625049117218987
officials:0.0576891443899633
business:0.04305433015754247
netcom.com:0.07664369463621759
writing:0.04764831839461469
be:0.006886443537350849
of:0.013888613254695616
what:0.010957644083293227
explanations:0.07084857267155245
waco:0.046246139398705366
beginning:0.0482153189778201
david:0.029719586182672546
in:0.004230469092725964
government:0.03204303498352735
point:0.02620876144357215
reaching:0.06578109867838955
for:0.007746401497906523
subject:0.0003178209153811702
i:0.0022726036576832726
example:0.03346856123521315
pay:0.03967669121426051
will:0.02698346059293534
the:0.007178600095133838
interest:0.04348553567461768
law:0.035795727681475785
forward:0.051495803643527675
put:0.02961261070889023
koresh:0.04862141224575895
just:0.013980816231736736
about:0.011726383099069898
is:0.0031984836534602844
lack:0.046184774510745076
light:0.04157398435483682
history:0.03953580481370096
survivors:0.05590007054413785
dave:0.04174136513541181
enforcement:0.053810600278364575
bad:0.03262620293745695
