at:0.013148731529170612
k:0.11309435988810933
true:0.0385564297336992
that:0.015533042929901946
liberty:0.07437743280834867
cold:0.13188508612058597
think:0.021488776530276945
control:0.045516929402104826
really:0.05825061919972913
this:0.00783555878166297
united:0.05853017884891369
standard:0.04543350060391398
usa:0.054397338597443654
it:0.005117245219999581
won:0.0645020818605789
states:0.05153521993217437
absolute:0.0693224383769434
always:0.03965606116415981
war:0.10557686912158261
personal:0.050058141361130085
which:0.019281975112201758
if:0.01000224507109566
of:0.00290209829202595
america:0.05877221723084272
freedom:0.11904562627816734
reasons:0.054276484713374706
represented:0.08580232597461092
fact:0.03579503177057969
who:0.019299296630355945
one:0.02935256441121261
in:0.0026519358491714994
government:0.04017335729278056
and:0.014246172182492158
subject:0.0003984620431644522
i:0.0028492344364984316
graham:0.14547125680432932
the:0.004500017970083898
do:0.01072116296875368
represents:0.07832806794606632
responsibility:0.0647428189043085
protected:0.07017069919430408
did:0.024535985723029334
individual:0.0576371073323366
disclaimers:0.08150856369921121
is:0.004010039207323342
win:0.05058918512878122
time:0.02357477567020468
does:0.018186400213992912
opposite:0.07202717262247924
apply:0.05969486545506975
s:0.009260242997851019
