read:0.017573667146495518
out:0.01826631161365054
with:0.004533545556508119
themselves:0.05017752273368709
to:0.0021367428838617534
w:0.02398713841108026
earl:0.04456399876200722
next:0.041525271686033725
that:0.010756732571611683
weapon:0.03761757996699455
cleveland.freenet.edu:0.03319704474035275
nt:0.005535492649011151
population:0.030588732828560405
re:0.0028987635874276785
mormons:0.12350002114808784
so:0.007921012382828838
apple.com:0.0426301936485841
this:0.004069631305204799
big:0.021517678712151607
on:0.0039303009708472085
you:0.00861703859548406
concerned:0.031209218934556814
particularly:0.03114031236543087
m:0.010610966760589705
a:0.0032476840135962676
nor:0.026779372069576767
as:0.012404870701039045
minority:0.03845192620104389
therefore:0.026611825740735395
also:0.01149997776495788
enforce:0.04359374183988315
straight:0.03098187308111092
it:0.0026577940289920308
not:0.009347441993425812
have:0.011889549142968671
shall:0.03069595359715313
has:0.00825406568904303
writes:0.01025213009329554
if:0.010389928988579988
of:0.0030145827219494365
ok:0.02530115651558862
who:0.020047331383470517
waco:0.03011376518985466
now:0.012805537968048404
one:0.007622565176555213
in:0.004132086090569546
government:0.04173046416459376
brother:0.035919490307593886
or:0.010454441204698997
force:0.027705458285385825
use:0.012889763780987194
destroyed:0.038393420731002166
and:0.0029596698797735646
for:0.0050441684172414574
subject:0.00020695315420169222
jews:0.08592167689775317
i:0.004439504819660347
usenet.ins.cwru.edu:0.040374972203809284
we:0.010447627176077286
any:0.007932459428595405
the:0.0035058279534374557
do:0.005568355960515478
thf2:0.046623713225053785
see:0.013716168693109891
automatic:0.03571053054024096
level:0.02729097025266472
can:0.006702061956881499
planet:0.03667529158267046
law:0.0699265377963713
jim:0.026250625945340073
long:0.018452025155880503
religion:0.027531250100486144
jones:0.03845192620104389
entire:0.028910218780533344
is:0.008330934167152368
does:0.009445649723546707
matter:0.023417852805430562
created:0.029442597585155203
midway.uchicago.edu:0.08168045618632015
article:0.012563300470024822
neither:0.02901380969380596
says:0.01985292049943851
john:0.020786654260324385
blame:0.03470639060076885
s:0.014428750717581821
