believe:0.024140798670337117
out:0.013090856656449554
tavares:0.05724169466990989
all:0.01060075367384768
ever:0.029371356186998453
your:0.02799849382625028
cut:0.04067794995338224
c:0.028734418838099556
someone:0.02448286794070022
work:0.02250080515544782
atf:0.04943858729076302
my:0.021115872474006696
day:0.02825892261958747
speak:0.039838142384871045
brent:0.05949404480876549
that:0.0038544958381608535
cold:0.049090559833773674
feds:0.05519892310355424
re:0.004154894475313006
eat:0.05016915815257169
off:0.024260638310626116
on:0.005633431391547666
you:0.012351088653527152
burns:0.05136382863825231
why:0.019774695335044515
a:0.001551671250940439
as:0.00889015733574465
pointed:0.0480627500672925
rocket.sw.stratus.com:0.06154483677018737
popular:0.04699969217925514
no:0.012508285957583442
d:0.02024271358196706
texas:0.044090774129655584
have:0.005680562368307254
uxh.cso.uiuc.edu:0.06568083077551896
has:0.011830827487628344
sw.stratus.com:0.05571985183576369
electric:0.11617733079288386
investors:0.06026955327471595
be:0.006427347301527459
writes:0.0073473599001951375
if:0.007446115775148992
of:0.0021604509507304297
ranch:0.0539943753423633
utilities:0.05744746186732363
well:0.018698532335037165
they:0.010365773605641598
in:0.005922656729816349
or:0.014984699060068564
use:0.018475328086081644
and:0.002121096747171055
for:0.007229974731379422
subject:0.00029663285435575884
outside:0.040053064194239166
i:0.002121096747171055
special:0.03884123547627803
news.cso.uiuc.edu:0.05095116700548057
stove:0.06707153236389682
cdt:0.16852028865796626
warm:0.058769150121338806
the:0.0016750066888645623
do:0.007981310210072185
when:0.014529716031597067
would:0.01036277384560418
company:0.03740142266257056
irvine:0.12108113884107988
today:0.03154584739775948
dividian:0.05617342955265542
write:0.03615748805541682
else:0.028072802503756187
food:0.04683865876478218
hear:0.03681868404732008
survivors:0.052173399174528665
vos.stratus.com:0.05949404480876549
article:0.009003698670184456
very:0.01936936101981608
especially:0.06945101572216315
