some:0.013576010175969233
go:0.02262130525342008
at:0.010243779214586407
out:0.013699733710237905
batf/fbi:0.06684599814301083
honor:0.06265991984032006
truly:0.05067794731430673
allocation:0.0761309713548454
to:0.006410228651585259
everyone:0.03555247392457097
look:0.02757172470088268
100:0.039285024405012456
that:0.008067549428708763
like:0.013542314691961316
nt:0.008303238973516727
debt:0.06896601624526612
feustel:0.306279249511607
re:0.004348145381141518
national:0.037839231685901316
federal:0.045947165008084434
on:0.005895451456270813
taxes:0.05536855857600663
m:0.01591645014088456
officials:0.05634753638089439
business:0.042053066665506594
it:0.003986691043488046
texas:0.046141507810104676
have:0.0059447745714843354
japanese:0.05821881971592506
murders:0.06293353027532231
against:0.03003814874602147
after:0.022432717298429664
netcom.com:0.07486128313304975
public:0.03446214648907667
be:0.006726293687645015
were:0.01803841043572441
of:0.011304685207310386
unfortunate:0.06522085927818341
they:0.01084790261055516
waco:0.09034129556956398
beginning:0.04709403248996383
david:0.02902843301563365
in:0.004132086090569546
government:0.03129784812344532
point:0.025599255363489077
reaching:0.06425130568586886
for:0.011349378938793278
subject:0.0003104297313025383
i:0.0022197524098301735
we:0.01567144076411593
pay:0.03875397746509166
will:0.02635593825356475
the:0.0043822849417968195
do:0.008352533940773217
interest:0.04247424414730099
forward:0.05029822681460843
humanity:0.05812689902398188
today:0.06602619222786867
lack:0.04511070998723938
tradition:0.054532660558409926
dave:0.04077063571365805
almost:0.03513945267749498
commit:0.060675902200427456
s:0.0072143753587909105
