acting:0.04411084765296422
out:0.010069889735730427
tavares:0.04403207282300761
all:0.008154425902959755
true:0.022079323009896127
ever:0.022593350913075735
your:0.010768651471634723
cut:0.03129073073337096
c:0.022103399106230427
wonderful:0.041078186325704306
someone:0.018832975339000173
from:0.007235660294275006
wood:0.04306905434006647
atf:0.03802968253135617
except:0.027558644606870204
to:0.0011779480000776333
then:0.01364000298953678
day:0.021737632784298053
brent:0.04576464985289653
cold:0.037761969102902825
think:0.01230553869682526
like:0.00995418002998866
really:0.01667859609564894
anything:0.019839667951447898
re:0.003196072673317697
eat:0.03859166011736284
michael:0.025681155569860593
this:0.004487029387789906
off:0.018662029469712398
on:0.004333408762728974
you:0.009500837425790118
inside:0.03208594467584775
burns:0.03951063741404024
why:0.015211304103880397
a:0.002387186539908368
as:0.0068385825659574235
pointed:0.036971346205609615
let:0.019702031989340386
jason:0.07794695168859907
popular:0.0361536093686578
are:0.005494969073514749
no:0.00962175842891034
sake:0.04259220511247318
book:0.02657861974943311
d:0.015571318139974664
it:0.005860776576751658
texas:0.033915980099735066
uxh.cso.uiuc.edu:0.05052371598116844
has:0.009100636528944881
sw.stratus.com:0.04286142448904899
love:0.027967670428901272
electric:0.08936717753298759
be:0.004944113308867276
writes:0.01695544592352724
were:0.013259002542498285
of:0.00332377069343143
never:0.018837087443263765
ranch:0.041534134878741004
oh:0.027604411830269005
drops:0.047817138123689526
they:0.007973672004339691
in:0.003037259861444282
government:0.023005255885609383
our:0.01905790959812302
or:0.011526691584668127
use:0.014211790835447421
better:0.019112956164969257
wpi.wpi.edu:0.050194944350161634
for:0.0027807595120690086
outside:0.030810049380183977
i:0.001631612882439273
power:0.023092780172397798
stove:0.10318697286753357
than:0.012227361386491123
cdt:0.043210330425119556
warm:0.045207038554876004
the:0.0038654000512259126
do:0.00613946939236322
see:0.01512295522573655
electricity:0.048450539595088854
would:0.0159427289932372
william:0.03480050666146169
just:0.010037509089452017
people:0.01286558239378733
irvine:0.09313933757006145
is:0.004592694476763486
argument:0.03007471316358737
dividian:0.043210330425119556
else:0.021594463464427838
right:0.01658011618624188
food:0.03602973751137091
hear:0.028322064651784683
survivors:0.04013338398040667
natural:0.035787252920522906
very:0.014899508476781603
dumb:0.0439540174079369
by:0.008465260468522789
especially:0.026711929123908906
