some:0.009894380297740289
there:0.015555576026731313
know:0.010456568861511032
your:0.01067739171340053
to:0.0058398269495374185
association:0.0404061575193831
then:0.013524409743862738
die:0.03193012179179957
that:0.005879739414143674
sources:0.03261982182385139
re:0.006337974623358823
behavior:0.03600329680439995
national:0.027577745127012825
this:0.004449003715012025
followup:0.09986197769389162
amount:0.031512008573108714
am:0.013850308107638692
gross:0.04886070303911282
bill:0.0524663368761308
a:0.0011834780727511822
was:0.015007815832226875
as:0.01356125695283082
organization:0.03247316295014298
far:0.02109642434001188
others:0.022850239178545728
march:0.036726373439771656
success:0.03798142573569159
are:0.005448401538993437
freeman:0.04547257278002395
it:0.0029055544893217965
only:0.011301154561604123
completely:0.030482996924063307
writes:0.011207837135890887
were:0.013146638114172026
of:0.0016478015725910056
andy:0.07596285147138318
what:0.007800356805056197
never:0.018677451108998818
they:0.00790609851277749
continued:0.04045928983305764
accept:0.030272135344599434
good:0.013728897045419484
pleased:0.04791055644486955
one:0.008333143286234088
president:0.031910662365864394
in:0.009034561113279178
according:0.02914852715751032
rifle:0.050787735600093004
use:0.014091351930062272
and:0.004853356963865973
for:0.005514387506984305
subject:0.00022624539738998556
membership:0.04556942613446144
i:0.003235571309243982
vela.acs.oakland.edu:0.09801114223685786
we:0.011421558522999746
silly:0.03959844413121086
20:0.026651121596657796
actually:0.02071452650085665
normal:0.031969175207784264
later:0.027079762957268674
the:0.0025550949491154338
wrong:0.02240188183754119
did:0.02786289904140619
reports:0.03351035969650976
koresh:0.03461185278511654
btw:0.03179483491901131
newspaper:0.041783436582923564
f:0.031493484901752945
is:0.0022768866685649483
detroit:0.0804974610460046
life:0.02364728265498907
their:0.03848348182834866
congressional:0.05060931687807747
extend:0.04753384659257435
every:0.020611428194384714
admitted:0.046604194751418214
article:0.013734455598586458
confirmed:0.04518848216952697
kennedy:0.04900557111842893
wish:0.031661673854057444
while:0.018392733100665443
john:0.022724393216795303
s:0.01577380375057674
news:0.026007428103079818
