believe:0.007315393536465793
at:0.0029662121631462324
there:0.00309016493460319
form:0.011492865065595607
know:0.004154461702553205
all:0.0032123495981356606
happen:0.011385967091472441
small:0.01006311750931317
ever:0.008900410965757105
where:0.0062203932600463354
wonder:0.012425480497700096
someone:0.007419050891121279
from:0.002850411631078032
yours:0.01423006499950997
catholics:0.018885501339810686
to:0.007888682061125968
stop:0.03357528398566301
amendment:0.061550179716596445
then:0.01612000353308892
martin:0.015638395189411472
us:0.013871221455791219
next:0.00901811455807803
bear:0.015170243511177493
that:0.0035040871256007762
civilians:0.016911847935744094
weapon:0.01633894887455319
weapons:0.0134665184696622
like:0.0078426872963547
through:0.00797799088897248
nt:0.0024043048879543384
tanks:0.05010402504984507
population:0.02657203053794136
could:0.005081175607158442
me:0.003648446735368837
need:0.012937387148129536
re:0.001259058931913032
effort:0.013677969315584858
this:0.0035352352752284107
child:0.013351396029432302
illegal:0.01383757281354642
founding:0.020477778743526836
on:0.0017071004216811108
you:0.0037427541374324704
rev:0.017844463367848583
used:0.006648025280595507
them:0.029613316596610928
state:0.008948529922358978
came:0.030492189216948958
a:0.002821220456255344
was:0.014906753099349926
idea:0.009334600320743286
fathers:0.01919180362333165
mind:0.01020086128959642
jew:0.017050427304409102
honestly:0.018143949852752608
no:0.007580779368232389
d:0.006134155630899109
it:0.0069263723179792324
not:0.010150000144376514
have:0.0034427650717013657
probably:0.00803779028629363
kind:0.009277867666542289
university:0.007913603035685703
against:0.052187490750663576
left:0.00984648209932849
whose:0.012601957745794508
after:0.006495668982036872
attack:0.013295278007596573
uses:0.011498300100459383
intent:0.016625675501961628
be:0.0019476810004628662
which:0.004349805833392315
get:0.008851003200613617
down:0.007960826858428142
if:0.006769196159226357
of:0.0019640463188458452
what:0.015495658299606585
but:0.008960043397311922
2nd:0.058809923913663596
never:0.007420670810982695
using:0.007422291510588958
they:0.021988004618027628
who:0.004353713381258748
waco:0.013079716193573235
now:0.011124002679314775
one:0.003310811137291658
email:0.00923871602346108
in:0.000598248154526904
government:0.01812535312199527
point:0.007412578994141618
u.s:0.011877920542083158
intend:0.017136398018231205
and:0.002571026360207339
for:0.00547725358437835
subject:8.988874374416935e-05
half:0.012732806342064026
jews:0.012439838742772344
i:0.005142052720414678
we:0.013613574805191616
house:0.011575326412424886
howard:0.017669968189853343
catholic:0.01567580672282922
actually:0.008230013895963248
yet:0.008855450312074626
the:0.0058371445218007465
do:0.004837157703074051
reads:0.017471852028159963
see:0.005957527816199246
when:0.004402944251999111
intended:0.013698817700257994
would:0.006280468997335866
because:0.017825477766611253
did:0.022140216073305928
maybe:0.017831064527557738
countries:0.014193532959024903
an:0.0030232260557634233
thought:0.00903901146529196
nra:0.05364142332694725
here:0.012123911822379771
people:0.005068259730885917
address:0.03225072074680415
about:0.0033165527956965373
is:0.005427729836175029
save:0.012197004149566646
portland:0.020250703724013257
write:0.01095681456224752
field:0.013105918686644128
right:0.01306312184370572
time:0.0053182153868811905
keep:0.0089205878253398
run:0.009012910533290891
protect:0.013903594602732872
civilian:0.03554715293638516
mass:0.014181443167338945
papers:0.015564796557046153
first:0.006321733432293067
designed:0.026461935332543856
abuse:0.01633894887455319
amounts:0.016939111269860658
show:0.010134911345908526
supposed:0.012285168388607274
very:0.011739006678676412
letter:0.013740905790373252
mine:0.010994070857912411
seem:0.009291961464295413
god:0.008933260039647221
s:0.0020890110466532602
james:0.023296927728195468
