involving:0.027215924779128917
effective:0.020393764816184566
week:0.017413327294977694
say:0.009583560476098705
activity:0.022541429540305927
committed:0.022381082579121178
all:0.019274097588813967
case:0.01248288438033715
strikes:0.028043641219053752
among:0.017396492262554675
into:0.0090444641564767
arguments:0.021007679975668443
from:0.004275617446617049
turn:0.01728019259956826
to:0.004176361091184336
sound:0.017430218631961772
crime:0.040517352780176936
cases:0.03716955149986255
been:0.014820609971933732
that:0.0070081742512015524
indeed:0.01862748640658897
crimes:0.049802479967525064
really:0.009855534056519828
nt:0.003606457331931508
homicides:0.06820260554709816
me:0.010945340206106513
likewise:0.028629864306188867
had:0.007749537806475431
this:0.0026514264564213084
shot:0.02008400174539261
comparing:0.02704274764034795
criminals:0.047084008608373216
something:0.010053845036179409
numbers:0.01781688081312474
serious:0.018166634530502376
assume:0.03506554096251693
vs:0.051766847652474884
includes:0.03805812496396312
why:0.00898849787956569
sin:0.021746293613648975
more:0.012842616422431575
a:0.0021159153421915077
million:0.019765208379450196
as:0.004040980607156659
odd:0.02454289788289241
died:0.020485873844213767
kim:0.05622660892429271
course:0.012354302019697068
instances:0.028868515239777483
are:0.006494054359608339
those:0.009373311385290708
it:0.0069263723179792324
not:0.012180000173251817
unreasonable:0.02947357180448769
have:0.0051641476075520495
only:0.006735031506410539
empire:0.027099816101226398
suddenly:0.024612561125985016
bank:0.024048969886548335
always:0.013418970191912665
evil:0.02109431168893233
be:0.0029215215006942997
which:0.032623543750442366
guns:0.040757150631723124
apples:0.0635126499094103
were:0.007834865138748986
of:0.007856185275383381
even:0.008480603271545584
safe:0.020973439132307942
measured:0.02840198331992387
presented:0.023055483551972303
but:0.006720032547983943
year:0.012498791496008344
never:0.011131006216474044
victim:0.026986316829246307
surprising:0.02751844064569997
they:0.004711715275291635
who:0.006530570071888123
thousands:0.02160898987473909
one:0.004966216705937488
in:0.003589488927161424
gun:0.09244988625768691
compare:0.021766216736330876
or:0.0034056134227428555
use:0.008397876402764385
and:0.0019282697701555045
known:0.01644913508922403
each:0.025717266640006217
however:0.012106560122206633
i:0.0009641348850777523
criminal:0.07071137378707884
valid:0.021686991503160676
will:0.005723764368198407
convinced:0.02395572714493351
the:0.003806833383783096
would:0.0094207034960038
law:0.01518606628911094
effect:0.0175069366395071
tries:0.02606550088584249
americans:0.021628377633866193
whereas:0.02540866690479099
instead:0.015493607634265867
may:0.009399118825453691
last:0.011010921980098475
an:0.004534839083645136
just:0.005931255371039828
here:0.027278801600354487
about:0.004974829193544806
is:0.0067846622952187855
number:0.012637701254534133
right:0.009797341382779292
legitimate:0.0693218521736016
self-defense:0.029119004841491485
already:0.029351376982801533
killed:0.01844840907408023
hundreds:0.023715181442967574
citizens:0.020643223176434956
seem:0.01393794219644312
john:0.013542820199908313
s:0.003133516569979891
