ask:0.01943041722904245
at:0.005873100083029541
out:0.007854513993869734
where:0.012316378654891746
with:0.0038988491785969825
ron:0.02824865557483357
destruction:0.03434501680194593
miller:0.0317446402502438
sue:0.036926902062112424
wrote:0.01717049983128574
post:0.01721718536287454
my:0.0063347617422020094
to:0.000918799440060554
amendment:0.06093467791943049
property:0.09140201687914573
t:0.06870061480001179
that:0.002312697502896512
weapons:0.026663706569931157
like:0.007764260423391155
consider:0.02146909385714129
re:0.002492936685187804
charges:0.033704057731593254
authorities:0.031038097311201857
this:0.006999765844952254
programs:0.023554547495296778
you:0.003705326596058146
numbers:0.023518282673324654
used:0.013163090055579104
a:0.0037240110022570536
same:0.012947289003524085
owner:0.029878721578744053
idea:0.01848250863507171
private:0.023664540824497014
question:0.014553240555647363
also:0.019779961755727552
responsible:0.026072368100486815
stolen:0.1308967058504091
are:0.008572151754683007
no:0.015009943149100133
those:0.012372771028583735
it:0.0022857028649331465
deleted:0.023422529979988914
received:0.025795271937678478
made:0.015503863679453344
being:0.025944052399001976
only:0.008890241588461911
interesting:0.02178683041280942
whether:0.019049723899212164
buy:0.020045607501626442
second:0.018331305177681778
doing:0.017871352701102104
list:0.03882171462562106
be:0.003856408380916476
boston:0.027798514235663603
guns:0.08069915825081178
writes:0.004408415940117083
get:0.008762493168607484
were:0.010342021983148661
if:0.0044676694650893954
of:0.006481352852191288
shop:0.03239662520541798
they:0.018658392490154874
good:0.010800065675729996
in:0.00118453134596327
gun:0.024406769972029344
compare:0.028731406091956752
point:0.02935381281680081
or:0.004495409718020569
total:0.024406769972029344
registration:0.03296840401713414
destroyed:0.03301834182866187
and:0.007635948289815797
for:0.00650697725824148
subject:0.00017797971261345532
i:0.001272658048302633
criminal:0.03111300446631469
back:0.014042378133783584
any:0.006821915108592049
will:0.007555368966021896
program:0.03702177909845434
than:0.009537341881463076
the:0.004020016053274949
thing:0.015092882900833045
when:0.00871782961895824
responsibility:0.028918459110591134
would:0.006217664307362507
can:0.00576377328291809
receiving:0.06786013615219559
protected:0.03134291230678916
an:0.005985987590411579
people:0.010035154267154118
about:0.006566774535479144
different:0.01684811265340832
is:0.005373452537813278
sole:0.036926902062112424
serial:0.027595452852432218
first:0.012517032195940275
opinions:0.019037401036800284
answer:0.020241806947525712
by:0.01320580633089555
included:0.024951876336673128
schemes:0.03843708639076876
check:0.022062077097251262
s:0.004136241872373455
