sent:0.025899172875278962
at:0.006203978960946698
out:0.008297021824510281
there:0.012926464585593626
fax:0.021539741830164716
own:0.0159612016587887
ron:0.05968025825669064
ca:0.014482736592199445
several:0.019848249099066174
415:0.07405821019507691
to:0.0019411255775927195
crime:0.028248013558010678
cases:0.05182796617586467
engineer:0.03139862915304186
perhaps:0.020341278434084828
been:0.010332678783249572
that:0.0024429903199611044
view:0.023981329244962196
13:0.027730553200468046
crimes:0.03472144730130268
could:0.010627529262859559
re:0.0026333838223814828
so:0.0071958492773585925
voice:0.025538692263634987
had:0.010805693561141798
described:0.05844180653124413
93:0.02578179926622818
shot:0.11201781255176722
criminals:0.03282617501569682
these:0.011666450514781287
on:0.003570484684783732
a:0.0039338144390039295
other:0.009713436534027542
was:0.02494256715778551
senior:0.037322574790500204
as:0.005634606762091679
accepted:0.029661187469715966
avenue:0.03747402693994361
prevents:0.04191042327049582
cited:0.036543239805376826
instances:0.040253281813210855
others:0.018988226923016875
no:0.007927786874524717
innocent:0.03120742500469009
not:0.004245845130816654
have:0.003600356430617274
being:0.013702844576937663
only:0.009391100269502019
customer:0.038114673265336046
armed:0.09381175395736804
without:0.015825425949313344
which:0.02729349998276446
wounded:0.04060255604658672
walking:0.037550992225381566
writes:0.009313554803064259
of:0.004107899695050816
but:0.004685093114439509
least:0.01695536889229917
well:0.011851182465868625
one:0.006924724702645229
in:0.007507593037795372
citizen:0.10310399518861532
presence:0.03362110000211832
lying:0.03451730971768823
streets:0.03891276259848396
and:0.004033071279832287
still:0.014378232973447515
subject:0.0001880067386761852
phillips:0.08703575713227306
fired:0.06680611231967372
victims:0.03531539905083614
lives:0.027411674999530327
mere:0.03739789372794209
the:0.004246495830924242
responsibility:0.0305476680745681
moral:0.028268695668386096
reports:0.02784663693090248
mountain:0.032005514337838
note:0.020856965485059845
firearm:0.03910310536177917
many:0.01305071146181756
five:0.02796466628905364
east:0.028673656897119842
twelve:0.04149194847844793
electronics:0.03176325076940608
their:0.021319487585657944
six:0.02984012912834532
protect:0.029080053500082137
dead:0.024163958695853072
accounts:0.03509357745182649
article:0.011413139159388746
shown:0.029080053500082137
killed:0.02572383800470342
april:0.023958830013296566
citizens:0.028784212598127613
by:0.02092469312994013
news:0.02161180645185506
intergraph:0.041357806260344444
