believe:0.10863359401651702
say:0.031625749571125725
with:0.009747122946492456
fred:0.07722690416132687
to:0.0022969986001513845
then:0.02659800582959672
that:0.00578174375724128
like:0.019410651058477887
nt:0.02380261839074795
anything:0.038687352505323395
re:0.006232341712969509
scott:0.0637012842195251
you:0.04631658245072682
am:0.027238939278356092
why:0.029662043002566772
how:0.021922716620485404
want:0.03154329946186969
as:0.026670472007233947
l:0.05508267631255605
it:0.0171427714869986
have:0.008520843552460881
kind:0.04592544494938433
dropping:0.09726278695480936
if:0.022338347325446976
of:0.003240676426095644
what:0.01534070171661052
well:0.028047798502555746
now:0.02753190663130407
and:0.003181645120756582
word:0.05114794193605698
subject:0.0008898985630672766
i:0.012726580483026328
we:0.022462398428566167
established:0.07722690416132687
actually:0.040738568785018074
the:0.002512510033296843
do:0.023943930630216555
boring:0.09499942793549168
may:0.03101709212399718
last:0.036336042534324965
very:0.02905404152972412
john:0.04469130665969743
s:0.010340604680933639
