read:0.013257327847356268
believe:0.012705683510703744
at:0.005151842178096088
dan:0.04647723379400302
say:0.01109675423548271
know:0.007215644009697671
all:0.005579344038867199
defense:0.022948576305543193
sorenson:0.07113333668804059
allows:0.024167680614889844
with:0.0034200431391201596
distant:0.03381670989458838
from:0.019802859752752644
work:0.011842529029183061
unusual:0.029326237808296674
post:0.015102794177960118
iastate.edu:0.056212254972016415
to:0.002417893263317247
dod:0.020453006091768637
then:0.018665267248839802
remains:0.027002068589519482
officers:0.05613655304797411
concealed:0.10303172787664755
that:0.004057364040169319
civilians:0.029373209572608163
nt:0.01252769388986734
generally:0.022612570135807596
re:0.0021867865659542136
anyone:0.009783127190885327
file:0.03553784657846092
carrying:0.054258406028587565
this:0.003070072739014146
treated:0.02874764162201069
on:0.00592992778057649
them:0.017144551713827377
officer:0.029373209572608163
state:0.015542183549360327
bill:0.018102420325682555
why:0.010407734386865534
more:0.014870397962815507
a:0.0016333381588846726
dealing:0.02756258296840912
303:0.10370657490871416
related:0.02253882447737526
nine:0.029516431911837962
permit:0.031936103905538894
prevents:0.03480280762813103
cbnews.cb.att.com:0.03517227488907566
are:0.0037597156818785114
no:0.006583308398728127
legislative:0.03644551163670648
police:0.10747321379042957
it:0.002005002513099251
not:0.003525789523836052
flame:0.024547681315074826
should:0.01921417710214596
law-abiding:0.03480280762813103
have:0.005979539335060267
being:0.011378970350439463
viking:0.06577301400403422
only:0.007798457533738518
hurt:0.026376500638922006
machines:0.023075710730317497
rights:0.02031110771750179
states:0.02019216219564727
larry:0.026577678572941497
has:0.006226751309278075
exciting:0.032552247271958934
talk:0.02023154250080133
armed:0.025967386085665227
deny:0.028068276523987055
be:0.006765628738449957
writes:0.007734063052836986
if:0.007838016605419992
of:0.0011370794477528576
what:0.016148107070116335
fact:0.014024953968589703
policy:0.04487423675929006
miles:0.023474589385443424
gun:0.021409447343885387
rep:0.03215961976998449
or:0.007886683715825559
and:0.002232733418074794
usenet:0.023884202506688608
word:0.017946646293353324
for:0.003805249858620748
subject:0.0001561225549240836
i:0.005581833545186986
power:0.01580032327585112
oppose:0.03391841599231861
any:0.01795240818050539
information:0.014262112774758858
allow:0.02050453024195668
lives:0.022762911403118747
than:0.016732178739408902
the:0.0022039561695586345
do:0.008401379168497036
around:0.013843242299144068
would:0.00545409149768641
law:0.017583866229496876
senate:0.06080361992256913
firearm:0.03247158456943065
here:0.010528660266803484
people:0.008802766901012383
either:0.014640717585458233
self:0.024866160362632606
carry:0.022762911403118747
does:0.0213769967427636
dead:0.02006597739655635
update:0.02539089001155734
inclined:0.033716742448042764
meet:0.02508854279297904
bills:0.03297314493058518
citizens:0.023902679467450998
processor:0.028580545876723814
blame:0.026182013961983514
s:0.0036282823441872412
