above:0.033203122318640796
ultimate:0.06424865151241037
batf/fbi:0.07010677854023088
committed:0.05404212622763406
all:0.011634973544466966
true:0.03150342429460789
essential:0.061858729000675225
own:0.027640129701804822
to:0.0016807306830375986
line:0.03443663108299986
everyone:0.03728674094528175
t:0.031417964085371244
liberty:0.06077180485560197
r:0.0756151162616861
re:0.009120500067760258
jmd:0.06970690265214563
this:0.012804449716376074
something:0.024276357526384424
you:0.013556072912407851
temporary:0.06424865151241037
m:0.03338572468575786
a:0.0034061076240155977
nor:0.04212852435335857
ccwf.cc.utexas.edu:0.1390235530763293
cube.handheld.com:0.07052021209725139
those:0.022633117735214148
d:0.02221761246801263
not:0.02205768324058408
probably:0.029112484329624492
ve:0.02225772803691993
murders:0.0660034585814356
safety:0.10079691183283326
b:0.03732815056724685
party:0.051764371262471444
sacrifice:0.06738551571932588
be:0.007054405574847211
writes:0.008064175500214175
of:0.002371226653240715
who:0.015768937490656686
waco:0.04737409401818599
in:0.00216682563285964
arras:0.07073230652056686
for:0.003967669059903342
subject:0.0003255726450246134
welcome:0.05101973398489527
i:0.009312132060750973
actually:0.0298087088670864
the:0.0018384219755830562
thank:0.04427432081426237
would:0.011373776172004586
because:0.021521003645055048
liberal:0.05977387780380157
liberties:0.06788334492079241
an:0.02189995459906675
jim:0.08259343285241146
e:0.03793767922016862
is:0.003276495449886145
today:0.03462349104632138
self:0.05185504173183141
deserve:0.06165376414315838
almost:0.036853572320299614
de:0.049280268623706956
little:0.028601691486566636
neither:0.04564367622562157
mike:0.03896843937753297
s:0.0075662961080002235
