tv:0.056547179944054664
out:0.017584732822096414
there:0.01369819381458429
all:0.014239818367855091
media:0.05897695807007853
ah:0.07025823829060852
atf:0.06641004262938315
themselves:0.04830522710929578
to:0.004114027343554719
that:0.010355361953267965
like:0.01738267258968169
re:0.005581201534002545
had:0.0229016191892856
children:0.05003547564206754
burning:0.07079453693577364
defend:0.06761036452954099
burns:0.06899618772302549
a:0.006253003548565948
as:0.011942002391298782
are:0.009595692262704859
yeah:0.05901824543564406
have:0.007630606166382879
probably:0.07126040940385696
nazi:0.07521013966847427
claims:0.0560645623225183
of:0.0058041965840519
germany:0.06275739900279532
ranch:0.07252975792257756
oh:0.04820471916629065
seems:0.03517144909523997
well:0.02511743149482604
now:0.024655438774302152
over:0.02993941421670683
in:0.0026519358491714994
minute:0.06675316976706522
according:0.05133621200874952
yes:0.039803669709013265
watching:0.06357618050357215
few:0.10234152989132625
subject:0.0003984620431644522
i:0.0028492344364984316
coverage:0.06907708425241861
the:0.007875031447646822
see:0.026408742707629492
liberal:0.07315608925241386
come:0.0358387115592449
number:0.03734723654325012
vary:0.07596283897633833
dividian:0.07545684566774608
survivors:0.07008367053294895
update:0.0648036148056165
by:0.014782619027121881
while:0.032393171729530185
