from:0.021164306360754392
to:0.006890995800454155
next:0.06695950059372939
been:0.03668100968053598
re:0.009348512569454263
mormons:0.26552504546838884
a:0.0034912603146159877
as:0.040005708010850925
texas:0.09920424179172506
have:0.025562530657382645
earlier:0.09864866337210731
referred:0.12200639430652814
minor:0.10864830443069579
of:0.009722029278286934
who:0.03232632185584621
called:0.06705636239641835
point:0.05503839903150152
quoting:0.13471882765668813
and:0.009544935362269746
for:0.00813372157280185
subject:0.0006674239223004575
jews:0.09236580266508465
any:0.025582181657220184
the:0.0037687650499452652
interest:0.09131962491669715
when:0.0326918610710934
her:0.0826602201232432
claim:0.08163097611999966
reports:0.09885556110470381
their:0.03784209046454285
tx:0.11842887321551131
s:0.015510907021400459
news:0.07672191290408548
