above:0.019587453454162195
out:0.00847609423798892
tavares:0.0370629677718841
all:0.013727594685558148
true:0.018584753900416164
tried:0.02228679174846526
essential:0.03649219984212495
ever:0.03803484973855915
own:0.016305688025525147
your:0.036257042364928424
c:0.018605019391575252
someone:0.015852216652251942
atf:0.0320105960875444
to:0.002974530561347117
day:0.018297144142178937
t:0.018534338525183037
been:0.010555686239003161
brent:0.03852132397689852
liberty:0.03585099279251339
cold:0.03178525456863043
r:0.0446074786579731
re:0.00269021944444727
eat:0.03248362758080181
michael:0.021616512242256757
this:0.0037768520746145253
off:0.015708326963714752
on:0.0036475455053186327
you:0.011995661641914861
temporary:0.03790208218717734
burns:0.033257155233400774
why:0.012803759569453285
a:0.003014037681682867
nor:0.02485279853939139
as:0.00575621697997855
assist:0.040564084770719905
ccwf.cc.utexas.edu:0.08201389462056836
pointed:0.031119766230621043
local:0.021988370157668722
popular:0.03043145536786304
are:0.004625261738138313
no:0.008098890188363381
those:0.013351911181924893
hey:0.02772761860166309
d:0.026213585933482525
einstein:0.040457501419747674
it:0.0024665858254674243
texas:0.028547983249417284
courtesy:0.042814964779930985
safety:0.05946292640498077
uxh.cso.uiuc.edu:0.0425271566172425
b:0.022020923356217567
shall:0.028487611611746434
has:0.00766024801357231
sw.stratus.com:0.03607760190804843
electric:0.11283409825208145
sacrifice:0.03975260639557354
without:0.01616698190505392
be:0.00832318355593484
writes:0.01427185016584667
get:0.009455927879792247
of:0.0027977062671329304
ranch:0.03496038691232156
shut:0.03395062174904874
who:0.009302538663552866
now:0.023768552487456754
in:0.003834813709953032
or:0.014553484698627741
use:0.02392488529132875
weeks:0.02619111428297202
and:0.0013733719945711867
wpi.wpi.edu:0.042250420783949
for:0.004681278603051424
subject:0.0001920644380720741
foot:0.03467064663075365
outside:0.02593363868691745
i:0.0027467439891423733
stove:0.08685522176619732
cdt:0.03637128532186322
warm:0.03805196770446398
the:0.0005422683525101101
do:0.005167754812276955
electricity:0.0407821088678086
would:0.01341941936840829
liberties:0.04004628980938833
put:0.017895390644221434
fbi:0.027444761743095937
an:0.006459698838573646
e:0.022380501410459188
irvine:0.07839785968127473
self:0.030590744043238676
dividian:0.03637128532186322
else:0.01817663471466228
food:0.030327189128276234
hear:0.023839435714092142
deserve:0.03637128532186322
survivors:0.03378133759501856
mouth:0.03476593603183293
very:0.012541312890528398
little:0.016872940301427802
neither:0.026926485255402654
microwave:0.04266962156181933
going:0.015667738734170378
assault:0.034256806025442954
mike:0.022988575747897148
especially:0.022484141780556414
s:0.008927140731741272
