another:0.020919861607439423
looks:0.032293447871451796
at:0.008310990683532369
out:0.011114878293211885
objective:0.04206231452577306
dan:0.03748871216403074
andrew:0.07104638036173581
know:0.023280662748269846
case:0.02331708591798826
where:0.017428837719186432
leader:0.08837820949634913
spot.colorado.edu:0.10189526690623993
atf:0.1259284770613775
ground:0.03657503456035227
to:0.0026003757737562846
that:0.0032726851456082715
cold:0.04168066400980783
hour:0.043921835817738474
nt:0.006736590110589042
affect:0.046240169621808755
anything:0.02189850141810758
re:0.003527740592246892
so:0.009639722616838868
comments:0.034754764283293396
this:0.00990532902587583
these:0.015628641255650402
on:0.014349306374696886
ax:0.06077267000810261
them:0.013828860108794725
a:0.002634913444993198
as:0.007548246794500174
part:0.023105868985030916
handling:0.04552660911043499
local:0.02883380615015049
are:0.006065201713219108
lie:0.043017893148896647
it:0.006468970372452301
should:0.015498227756919619
have:0.004823118991958989
only:0.01258053054971025
ve:0.017218242443655038
has:0.02009008441295379
heard:0.05099334640414858
if:0.006322173771352918
of:0.005503035440539773
even:0.015841126865717224
but:0.006276256813683116
they:0.026403385599275766
one:0.00927651799788323
in:0.001676223602778212
or:0.006361428846255522
and:0.003601862400856508
few:0.02156252359345553
for:0.003069328895396924
subject:0.00025185808388696507
the:0.007821965197999606
see:0.01669231850387902
when:0.012336551347582414
alternate:0.055766743111289686
would:0.008798581567022415
because:0.016648323574476546
maybe:0.024980312097569093
an:0.008470737156242799
here:0.0169849142039943
about:0.018585210949469275
changed:0.03565391692295684
is:0.0025346474234968293
guys:0.036647884051804254
mostly:0.038500462450385436
goes:0.03040591694330827
mission:0.04241502709248646
opinions:0.026939718448302282
mine:0.03080414193207534
s:0.0175595173827175
