above:0.02062618204642837
obvious:0.029141275105318273
out:0.017851168167885755
tavares:0.07805685636805894
all:0.014455573191610473
true:0.01957030903149884
essential:0.03842739225799521
own:0.017170383602636327
stand:0.02983135268535199
your:0.009544941077130777
way:0.013124036511716237
c:0.019591649207795152
ca:0.01557991360676001
someone:0.01669286450502288
atf:0.03370812769824751
to:0.00522045136398042
pointing:0.03875539836218706
unique:0.03842739225799521
day:0.01926744724062782
t:0.019517220113639714
liberty:0.03775218180423759
cold:0.03347083625030023
r:0.04697302676862318
nt:0.005409685997897261
re:0.002832882596804322
eat:0.034206244194935245
michael:0.02276284243692189
so:0.007740989374128183
this:0.003977139684631962
getting:0.020546981607762773
on:0.0038409759487824996
you:0.016842393618446118
temporary:0.03991204109104281
defend:0.03431738199605489
burns:0.03502079225335385
why:0.013482746819348534
a:0.0031738730132872617
nor:0.026170749977086388
as:0.0060614709107349885
ccwf.cc.utexas.edu:0.08636311630499244
pointed:0.03277005686406307
no:0.008528376789261438
those:0.014059967077936062
d:0.02760370033904599
missed:0.03292372861536236
it:0.007792168857726636
texas:0.030061891452037897
have:0.0038731107056640367
safety:0.06261626341130551
b:0.02318869959480486
has:0.008066473287019326
sw.stratus.com:0.03799080806983888
sacrifice:0.04186069915897517
be:0.008764564502082899
writes:0.010019127136629733
of:0.0029460694782687674
ranch:0.036814346824338616
who:0.01959171021566437
good:0.01227280190423863
in:0.002692116695371068
heart:0.03008320161398195
clearly:0.0275341695183667
use:0.025193629208293152
and:0.0028924046552332564
wpi.wpi.edu:0.04449097340127963
for:0.007394292338910773
subject:0.00020224967342438103
i:0.004338606982849885
stove:0.04573059024811147
cdt:0.038300065604083236
warm:0.040069875082731
the:0.002855125037837322
do:0.0054418024159583085
when:0.009906624566998
putting:0.030454958386651625
thank:0.05500748949650779
would:0.014131055244005698
liberties:0.04216995669321953
mr:0.025582997562753135
reaction:0.03575103350846799
people:0.02280716878898663
e:0.023567346182225963
is:0.002035398688565636
self:0.03221298046977406
dividian:0.038300065604083236
else:0.019140547161651946
food:0.03193544915780603
deserve:0.038300065604083236
matter:0.022885628878034414
survivors:0.03557277216445136
first:0.014223900222659402
little:0.01776771743862473
neither:0.028354404928037643
mike:0.02420766688604321
s:0.009400549709939672
