tv:0.05412372937502375
out:0.01683110141543514
there:0.01311112836538782
all:0.01362954043780416
media:0.05644937415278945
ah:0.06724717093529672
atf:0.06356389794526673
themselves:0.046235003090325966
to:0.003937711885973802
that:0.009911560726699338
like:0.01663770090726676
re:0.005342007182545293
had:0.021920121224030503
children:0.04789109811455036
burning:0.06776048535281191
defend:0.06471277747827495
burns:0.06603920824918154
a:0.005985017682198836
as:0.011430202288814549
are:0.009184448308588935
yeah:0.05648889205983074
have:0.007303580187823612
probably:0.06820639185797737
nazi:0.0719868479683968
claims:0.05366179536583895
writes:0.009446605585965176
of:0.005555445301878247
germany:0.06006779618838981
ranch:0.06942133972589566
oh:0.046138802630592474
seems:0.03366410127687254
well:0.02404097014504778
now:0.023598777112546345
over:0.028656296464562254
in:0.005076562911271156
minute:0.063892319634191
according:0.04913608863694597
yes:0.038097798150055553
watching:0.06085148705341906
few:0.09795546432455514
subject:0.0003813850984574042
i:0.0027271243892199276
coverage:0.06611663778445781
the:0.0075375300998905305
see:0.025276939448731085
liberal:0.07002082828445326
come:0.0343027667781344
number:0.03574664069139654
vary:0.07270728873449527
dividian:0.0722229808534141
survivors:0.06708008465296542
update:0.062026317028232934
article:0.011576184004522871
by:0.0141490782116738
while:0.03100489294112175
