king:0.038160486407979956
choice:0.034294206131986756
at:0.008008772840494827
know:0.011217046596893652
stand:0.03579762322242239
your:0.011453929292556932
further:0.032253040009830786
atf:0.040449753237897006
prevent:0.036572886110624286
batman.bmd.trw.com:0.11016201397459584
themselves:0.029422274693843793
to:0.007517449964131804
crary:0.10935380010967159
she:0.0904129768608677
that:0.003153678413040698
through:0.021540575400225696
nt:0.006491623197476713
tanks:0.04509362254486056
re:0.0033994591161651865
so:0.009289187248953818
suicide:0.04700246880053751
crisis:0.05167470290146691
burns:0.042024950704024615
a:0.002539098410629809
same:0.017655394095714656
beating:0.0480838500992772
was:0.00804964667364896
as:0.014547530185763971
said:0.019922771169667564
solution:0.03536233698393862
frank:0.07120317048273858
no:0.010234052147113726
tear:0.04509362254486056
determined:0.043288145795787
gas:0.03607426974244547
it:0.003116867543090654
not:0.005481000077963317
has:0.009679767944423191
public:0.02694313270964176
be:0.005258738701249739
writes:0.0060114762819778395
were:0.028205514499496345
of:0.0017676416869612604
ucsu.colorado.edu:0.04976047772776374
never:0.020035811189653276
ranch:0.04417721618920633
least:0.0218878398427862
killing:0.036791296834142374
seems:0.021422609903464344
women:0.03435741085303114
using:0.020040187078590187
up:0.012213276094112588
waco:0.035315233722647735
in:0.0048458100516679216
our:0.020270685663458122
tactics:0.09840515643050397
men:0.031923623205703106
and:0.001735442793139954
few:0.020778431826420786
for:0.0029577169355643087
subject:0.00024269960810925723
cu:0.05508100698729792
stupid:0.0351062381024232
driving:0.038064623560919816
will:0.01030277586275713
the:0.002740920036323829
do:0.00653016289914997
intended:0.07397361558139318
law:0.02733491932039969
just:0.01067625966787169
general:0.02680391239170501
clinton:0.03331960262245848
dividian:0.045960078724899885
new:0.015672723317123154
right:0.017635214489002723
attorney:0.04683411382083536
days:0.02707502385954702
expected:0.03772152967016666
mass:0.03828989655181515
survivors:0.04268732659734163
first:0.017068680267191282
article:0.007366662548332736
enforcement:0.04109173112166022
hopes:0.05211115034861565
react:0.05321923959960689
past:0.030031949517303303
by:0.009003958861974236
reduce:0.041453606125300406
s:0.011280659651927606
