taken:0.029683615313141083
some:0.036814225792493147
believe:0.01957362054351658
go:0.008763208341414986
at:0.007936621733823703
out:0.015921312149735946
folks:0.016681152478805306
boy:0.020427174347386612
there:0.0041341395746718355
bradley:0.024890145445877126
ahead:0.019466844525490027
take:0.00957544653304371
actions:0.05343543843497503
where:0.00832187746952145
cnn:0.023417610375584055
with:0.002634357553106069
way:0.007803481169128573
further:0.01598123604090715
compound:0.019290174646421195
feb:0.025074028304076477
atf:0.0400853410465646
several:0.025391453802408977
to:0.003104052162366736
janet:0.022887056160915662
ap:0.0254659714436694
been:0.013218381866859813
she:0.01493307425629947
that:0.0031252668958060975
problems:0.024712371494520477
like:0.020984487630786905
could:0.013595577975910426
re:0.0016844166791809482
wait:0.016537836959955487
abc:0.024771599012015085
had:0.013823499871010227
this:0.0023647857584298154
he:0.007162762196037096
starting:0.017664513436383863
on:0.006851470611341756
serious:0.016202674040718335
etc:0.03138275658727346
raid:0.02382533113027249
3:0.010547143894764053
bill:0.013943756196809537
burns:0.02082317377226445
m:0.006165832036558883
a:0.003145279562717106
other:0.012426198088575773
was:0.003988563667123359
as:0.010812353516446195
said:0.009871643372357802
witnesses:0.02368528344076784
shed:0.025895296577923117
question:0.009833270645707678
widely:0.022143453681819046
also:0.006682419512070119
course:0.011018701801351437
moves:0.023247608898183843
balls:0.02320609243374725
no:0.01014185347912171
proper:0.036995748694070636
action:0.01658510396768449
it:0.006177575310630125
reported:0.03720150988298796
have:0.01151465344927146
made:0.010475583567198203
lamp:0.02709215768482855
after:0.008690151746238519
has:0.004796281413903383
which:0.00581933483115999
outcome:0.024326347504642867
were:0.02795141076526665
of:0.004379292467696816
what:0.004146135599083924
but:0.008990313814194734
ranch:0.02188961162528242
seems:0.010614806708923775
fire:0.016202674040718335
well:0.007580486081771824
bd:0.021951743706959605
over:0.009035769155492602
one:0.004429328413403705
in:0.00240107705262825
point:0.009916828654324597
tactics:0.024379655872422155
watching:0.019187405827654658
and:0.004299520433454841
few:0.01029561937345174
still:0.018393775515581506
green:0.03791270990407011
subject:0.000120256562576659
cause:0.014204960060099399
outside:0.016237728727394256
i:0.007739136780218714
special:0.01574644681470731
possible:0.011607980283624243
stood:0.02454347408940808
the:0.005432454126047229
do:0.0032356663013806157
see:0.007970206132482775
responsibility:0.01953949939904806
would:0.004201124532001694
fan:0.018016017952656185
once:0.012085726103265342
fires:0.05066299727337771
fbi:0.034367764705318334
koresh:0.0183972911200169
rules:0.018556375227786723
places:0.017183882352659167
just:0.010580077148341315
different:0.011383859900951566
general:0.013281217851745726
is:0.0012102370580660536
discussion:0.015485909659865727
dividian:0.022773011980806248
right:0.01747633868279549
time:0.007114909774341052
questions:0.013622415933538341
knocking:0.026287239717516044
tonight:0.02188961162528242
broke:0.0225891291226069
2:0.008776619604033373
light:0.01573069678291123
1:0.008822179693354543
survivors:0.021151378043727836
full:0.01391739857623087
reno:0.023289511567833904
before:0.009577451654156056
resulted:0.024890145445877126
incident:0.021649314414898216
