some:0.005559699405396925
go:0.009263963103781558
at:0.004195071487878244
out:0.0280518356923919
folks:0.017634361191879895
boy:0.021594441452951564
there:0.01311112836538782
tank:0.02209092245449637
all:0.00454318014593472
happen:0.01610301060079674
bradley:0.026312439471355822
ahead:0.02057923564123232
media:0.01881645805092982
take:0.010122614906360494
where:0.017594826649845352
cnn:0.02475575953990315
way:0.01649878875758613
from:0.004031296449667503
atf:0.02118796598175558
several:0.05368478803937898
to:0.0026251412573158684
bds:0.028339429068620983
building:0.03619492922703478
job:0.016530897882329414
hole:0.022223574618796208
janet:0.024194887941539414
ap:0.026921169811879083
been:0.006986858986768759
she:0.01578639278523087
that:0.009911560726699338
problems:0.01306225350424654
appears:0.018572862035211107
like:0.011091800604844508
tanks:0.04724093790413964
consider:0.015335067040815206
anything:0.011053529287235256
re:0.0017806690608484312
started:0.01561545179042336
anyone:0.007966260712578053
had:0.021920121224030503
this:0.0024999163731972336
appeared:0.02264525746327928
he:0.007572062892953502
these:0.007888742729042584
starting:0.018673914204177227
on:0.009657310956938857
etc:0.022117371309126055
bill:0.014740542265198655
burns:0.02201306941639385
m:0.00651816529579082
more:0.012108752626864058
a:0.0019950058940662787
other:0.006568133275390052
was:0.012649444772876937
as:0.00381006742960485
coming:0.01655538073709331
witnesses:0.07511618462643516
shed:0.0273750278109473
widely:0.023408793892208707
smoke:0.024154360847882708
also:0.014128544111233968
video:0.01664624377554773
balls:0.02453215485853281
are:0.0030614827695296457
no:0.010721387963642953
it:0.008163224517618379
not:0.0028710000408379284
reported:0.039327310447730135
have:0.0024345267292745377
made:0.011074188342466674
lamp:0.05728056196220894
has:0.005070354637555005
heard:0.012869749330570833
which:0.006151868250083419
writes:0.003148868528655059
were:0.014774317118783803
of:0.0018518151006260825
but:0.003168015344049573
ranch:0.023140446575298557
seems:0.01122136709229085
fact:0.01142031966013733
fire:0.017128541128759386
well:0.008013656715015928
bd:0.023206129061643013
over:0.009552098821520753
one:0.014047298682508891
in:0.003384375274180771
point:0.010483504577428861
or:0.003211006941443264
nearby:0.025339580121295207
and:0.0018180829261466185
wherever:0.027789367701374107
green:0.040079150470016985
subject:0.00012712836615246808
cause:0.015016672063533652
i:0.0027271243892199276
driving:0.01993861234143419
will:0.005396692118587069
stood:0.025945958323088544
than:0.013624774116375821
the:0.007178600095133838
do:0.0034205615186023654
responsibility:0.02065604222185081
rule:0.01880332175360087
fan:0.01904550469280797
her:0.015744803832998706
did:0.007828147825918882
once:0.012776339023451936
fires:0.08033703853349894
fbi:0.03633163697419367
rules:0.019616739526517393
places:0.03633163697419367
just:0.011184652985389391
people:0.007167967333681512
done:0.012612683578193803
issue:0.014911238130785017
dividian:0.024074326951138036
else:0.012031201073038367
knocking:0.027789367701374107
does:0.005802327687321549
broke:0.02387993650104158
their:0.007208017231341496
light:0.01662959374193473
notice:0.019228406826688308
survivors:0.02236002821765514
too:0.00929770413268808
nothing:0.012165980959528137
him:0.011411977635063372
full:0.014712678494872636
reno:0.024620340800281557
bad:0.013050481174982783
