out:0.011011000925985606
all:0.008916521781741038
your:0.02355013499404229
much:0.016328942706167582
ca:0.019220080337311412
blowing:0.053123526347302434
often:0.029040377460548654
to:0.0038641097946471893
harris:0.054371483287718535
crary:0.11241979450526986
reactions:0.05215346285495063
that:0.009726297909377854
think:0.026911178084645892
quite:0.024824293290742067
control:0.028501254859261898
really:0.018237343394307718
nt:0.006673631324508771
population:0.03687800499891861
its:0.01932546314050626
me:0.010126997013126585
inability:0.053883765968367414
re:0.0034947710540015934
cs:0.14343119393856146
so:0.01909926350252187
this:0.00490637792870485
muscle:0.052835940752286044
employed:0.052695399842337065
you:0.015583149235758556
used:0.018452929984456686
defend:0.04233546190167519
why:0.016632921309850526
a:0.001305144042847098
hard:0.02527320936986457
was:0.016550675403764217
military:0.036185407128323084
frank:0.07319952105702096
are:0.006008517585058182
results:0.03423442755951832
gas:0.07417139573213087
reason:0.02497394321503297
stomach:0.053123526347302434
it:0.0032042563527100183
not:0.011269345954690932
against:0.024142811141662116
exposure:0.051274687624592905
chuck:0.09314557005905347
yourself:0.032768922162379366
writes:0.006180022345958526
applications:0.03645141147097506
if:0.006263088035172048
of:0.0036344034685184792
ucsu.colorado.edu:0.05115563130891599
fraction:0.055245558596230905
but:0.006217600207947759
well:0.015727737478068642
loss:0.03977431536561479
in:0.00830278980815376
or:0.0126039524804315
use:0.015539995586423813
and:0.0017841000677139712
for:0.0030406435786175137
subject:0.0002495042700188626
fatal:0.052286029537118445
i:0.0017841000677139712
limited:0.036281262270072515
cu:0.05662533428600721
eng.umd.edu:0.05471136781267998
the:0.0014088841308206596
do:0.006713251578565389
essentially:0.04206323505192731
because:0.01649273176536929
vietnam:0.11123888045626927
makes:0.02610259703039228
is:0.005021918259638577
thru:0.048233356779409466
significant:0.03890586722900902
concentrate:0.04885962509981096
article:0.007573204488940196
bad:0.025613093894826015
comes:0.028263330254630948
while:0.0202835748212946
