say:0.016500391080587335
returned:0.04129869740621105
tried:0.0269379482872754
with:0.00508545545034389
ron:0.11053821746674004
much:0.015193016257042882
miller:0.041406052500318
to:0.003595302156758689
denver:0.10246707276416704
owners:0.03754476055121086
channels:0.04781995635362912
that:0.0030165619602997985
could:0.013122688307183107
anything:0.020184705654951337
re:0.00650331309179427
rkba:0.05396099341560563
this:0.0045650646814906
best:0.02117544417357769
on:0.013226317180155388
you:0.004833034690510625
support:0.02381701138724788
3:0.020360573431631473
more:0.0110558176158324
a:0.0036430542413384216
was:0.015399324071328446
rally:0.10935221462663686
also:0.012899975058083187
stolen:0.08536741685896246
it:0.002981351562956278
not:0.005242695726747521
reported:0.035907544321840554
have:0.004445657505631764
made:0.02022243088624349
whether:0.024847465955494127
buy:0.05229288913467767
be:0.010060195776303849
boston:0.036258931611735136
guns:0.14034636217532484
get:0.011429338915574978
were:0.02697918778212694
of:0.0016907877005716404
even:0.014601386502313267
but:0.005785071497829654
well:0.014633634001333433
they:0.024337033682810705
in:0.003090081772078095
gun:0.06366983470964177
5:0.022598894668849418
or:0.005863577893070307
few:0.01987502174701119
for:0.005658241094123026
subject:0.0002321474512349417
steps:0.04504053311659971
back:0.03663229078378326
pretty:0.025026261364518493
will:0.009854829086115516
turned:0.034146942086205195
the:0.00720981139989529
do:0.012492485546199942
when:0.011371082111684661
38:0.044407843079361194
would:0.008109996922646748
note:0.02575381825111737
trading:0.05157458606167727
including:0.027651893100262868
capital:0.044407843079361194
picture:0.035569806640829565
yesterday:0.038229243746562815
tickets:0.048773859981945854
does:0.010595554907282829
their:0.013162466248536644
pm:0.045206169594605744
loaded:0.040582179738671335
very:0.015158630363334324
side:0.028003165900619072
checked:0.039137096961358454
news:0.08005764824774135
