help:0.06903524903360635
ron:0.4100611293121002
miller:0.15360309798505065
wrote:0.08308306369976971
my:0.03065207294613875
perhaps:0.09317617863354985
re:0.024125193727623905
batf:0.14709344108977562
letters:0.15128415509752433
a:0.004504852018859339
flaming:0.17781829233015167
it:0.01105985257225716
anger:0.17272464621899655
strongly:0.1505467958047485
writing:0.12911157242411722
they:0.06018836287146733
waco:0.1253121196610081
and:0.0061580228143675786
subject:0.0008611921578070418
grief:0.19005989303030985
i:0.0061580228143675786
the:0.0024314613225453322
can:0.02788922556250688
did:0.05302938849816017
campaign:0.16648287662570366
demanding:0.19264191585848844
letter:0.13164674257228567
