believe:0.01080931283746438
out:0.005861577607365472
boy:0.02256135674188969
there:0.00913212920972286
tavares:0.025630609553690994
all:0.004746606122618364
50:0.03434013223013364
means:0.014102463783277376
thanks:0.009917346492120213
ever:0.02630270703313294
your:0.006268319513339614
with:0.0029095889392514794
way:0.008618770246500216
c:0.012866157688701292
into:0.008909472154141226
post:0.012848645793189952
atf:0.0442733617529221
my:0.014182302407914944
hamilton:0.027424711752411454
to:0.004799698567480505
kent:0.022892305410255675
look:0.011796857334706022
physics:0.022813955375588318
then:0.007939703232715438
a.k.a:0.02971094224683155
matthew:0.021324738014037288
death:0.016693613850927474
speak:0.017837974202181063
that:0.010355361953267965
r:0.015423978938950896
me:0.005390988459724103
re:0.0018604005113341817
cs:0.025451306387107922
transfer.stratus.com:0.028944023441720812
had:0.007633873063095199
supposedly:0.02308006823604098
this:0.00261185292722099
child:0.019728182192743252
reply:0.017866649350025594
he:0.0158222209703506
bastard:0.058435905362874734
on:0.0025224319663646262
you:0.005530338203071859
am:0.0162620533005111
them:0.014585663398330754
state:0.013222454661396101
burns:0.022998729241008497
why:0.008854341194796052
was:0.01321583782240874
truth:0.017885858348321414
said:0.01090300909782802
therefore:0.017079231445546596
rocket.sw.stratus.com:0.02755738959859136
are:0.003198564087568286
no:0.005600725055634377
those:0.01846682243072199
51:0.024042114967287444
d:0.009063901603865847
yeah:0.01967274847854802
it:0.005117245219999581
not:0.002999552281472462
shooting:0.023721027797448783
kind:0.027418176089184676
sw.stratus.com:0.024949187389147916
his:0.009176263888085854
investors:0.02698636713793251
writes:0.006579725283756839
get:0.006539174006423494
if:0.006668163380730441
of:0.0058041965840519
future:0.017435354847352487
even:0.00835402710331356
believing:0.024566296637226884
what:0.004579313945256872
savior:0.030495165849834454
never:0.02192974359066528
ranch:0.024176585974192522
oh:0.016068239722096884
they:0.004641391166705192
who:0.006433098876785314
up:0.0066838824395641025
rest:0.01625189469389457
in:0.0026519358491714994
u.s:0.017550957218898995
or:0.003354783371657141
and:0.0018994896243322878
davidian:0.025912295593489537
for:0.011330557414848348
subject:0.0001328206810548174
cause:0.015689060364885904
however:0.023851730390019036
i:0.00474872406083072
branch:0.022686053103398232
special:0.01739159797445285
sad:0.02353787370231089
any:0.005090981424322424
sick:0.04468897780144245
lives:0.0193654619399667
shoot:0.023190631105616658
cdt:0.07545684566774608
the:0.004125016472576907
major:0.01630063668018802
because:0.008779712929823453
4t:0.031886135313611376
here:0.008957218435937294
people:0.007488921094891131
many:0.018439811219682523
company:0.016746905669807712
is:0.004010039207323342
today:0.014125006297504242
unlike:0.022945232764509684
dividian:0.025152281889248694
write:0.0161899200248135
right:0.02895333722075074
gave:0.018467034393223343
days:0.029634354473136042
their:0.01506152854310163
hear:0.016485977931635858
survivors:0.023361223510982982
guess:0.014906255039480863
vos.stratus.com:0.026639124541238277
article:0.008063013734493541
give:0.011757394384855754
packet:0.02783385651975957
fault:0.022024875623465737
by:0.004927539675707294
says:0.012741426589191881
babies:0.05525015881962828
s:0.00308674766595034
