go:0.026289625024244964
at:0.011904932600735555
out:0.015921312149735946
forgive:0.07619469977202793
happen:0.045697732786044803
allocation:0.08847653427725276
to:0.007449725189680167
look:0.03204281519291771
100:0.04565556890312259
that:0.009375800687418293
like:0.01573836572309018
debt:0.08014969455530928
me:0.014643090275737092
feustel:0.35594615483781356
re:0.005053250037542845
national:0.04397532331064208
federal:0.05339805663101705
on:0.006851470611341756
american:0.04360858401875967
taxes:0.12869448750098839
m:0.018497496109676652
a:0.0018871677376302637
business:0.048872482881534694
it:0.004633181482972594
being:0.026294647701691192
netcom.com:0.0870009506681389
knew:0.05246074409321297
be:0.007817044015371234
of:0.01051030192247236
who:0.0174736874896466
waco:0.05249561769582772
beginning:0.054730902623471474
david:0.0337357464776283
government:0.07274634969233237
point:0.029750485962973795
massacre:0.06949486536119752
reaching:0.07467043633763139
for:0.013189818766705703
subject:0.000360769687729977
i:0.0025797122600729047
we:0.018212755482621218
pay:0.04503840624321464
will:0.030629874186575257
the:0.005092925743169277
interest:0.04936195941443089
would:0.012603373596005083
atrocities:0.07724278401994517
forward:0.058454696027788175
an:0.012133758629212659
pays:0.07861822583494438
lack:0.052425960255440364
1993:0.04094129463527212
dave:0.047382090153710706
god:0.03585375988885439
