library:0.02553114994939744
another:0.006760686982892008
read:0.0069115947009082985
go:0.011862391779232482
at:0.002685868940409851
say:0.005785198092279096
there:0.011192426653379847
tomorrow:0.03082688207157919
il:0.015678719624172614
know:0.0037618144074948227
licenses:0.01840377412423998
true:0.007875856073651972
ordinary:0.04662958787339435
with:0.00534903088527025
lawyer:0.01619055155295054
much:0.005326819724268084
such:0.005862857327645727
from:0.0025810129708237063
post:0.031494851273550985
my:0.011587978796710991
uicvm.uic.edu:0.049612132268821045
to:0.005462374719872196
remember:0.00848360986744278
then:0.009730977742535386
us:0.012560221866981684
concealed:0.10742942357869958
make:0.005366099034602756
that:0.010576360531538927
weapon:0.044384156851301496
like:0.007101457704321178
really:0.005949377265825994
nt:0.004354137510502674
could:0.00920188509345157
me:0.006607248051247224
re:0.0011400625084700322
so:0.0031152762115393908
this:0.008002781072735046
he:0.019391868384393114
illegal:0.02505950686355663
certain:0.010049740828538137
on:0.0015457586135344205
you:0.005083527342152943
american:0.009838522004232365
regular:0.012338544669986773
went:0.009946528247670988
material:0.02574816790734075
state:0.008102784716282367
card:0.009332037641811713
m:0.004173215585719732
sure:0.006652573232192694
a:0.0029803441710136483
member:0.024334743431381457
other:0.008410414559950676
looked:0.011356717086828307
was:0.002699576628357883
as:0.002439372439686032
bring:0.01156514313197889
said:0.006681417160559245
part:0.007467140586625845
accuracy:0.014753518587120653
also:0.004522857108779166
jason:0.027804248010872223
course:0.007457779877743961
quoted:0.013621408520844109
express:0.01419425181914719
are:0.00784038270245397
freeman:0.01635903532939886
no:0.006864303269405548
kratz:0.05606275916905541
it:0.006271745665975097
not:0.007352561080194694
have:0.0015586908937428442
only:0.004065659263016118
area:0.0097819117215224
expect:0.010537259399873135
has:0.0032462636398980214
knew:0.011835655679566341
asked:0.010281405179080582
which:0.011816088407172418
g:0.01077744500308385
get:0.012021713188638313
if:0.0020431415236689308
end:0.008244614032242406
of:0.002964033316550894
u28037:0.037525737490287175
even:0.005119388560262273
andy:0.08198429701484648
what:0.005612451847540435
but:0.0040566050137220136
forgot:0.029266312717084065
who:0.011826703117992514
up:0.00819183152653893
one:0.0029978991090720197
in:0.0037919448575043702
gun:0.01116163260915976
point:0.013423999763780859
accurate:0.013635556019491981
or:0.006167482844845292
and:0.003492049522781614
few:0.006968376527153312
for:0.007935338119806684
subject:8.139316125615335e-05
legally:0.015264690535273035
until:0.008723066235867818
i:0.006402090791766294
license:0.028526307491448286
person:0.008552422070347107
info:0.008979864205464627
mention:0.011508154921575985
information:0.007435430745377333
the:0.00229802746947882
wrong:0.008059213587895917
do:0.004379987310405468
thing:0.006902233033917551
would:0.005686888086002293
can:0.0131793596408188
because:0.005380250911263762
did:0.00501192391293587
friend:0.010589022621014653
just:0.0035804529373959938
here:0.016467081453872524
people:0.022946236891358496
circumstances:0.014794718950433832
many:0.005650003132860041
about:0.003003098110737413
is:0.00655299089977229
night:0.010206813556658612
right:0.005914248761555792
carry:0.07120349725487755
type:0.009879611311986879
illinois:0.05877097416676533
matter:0.009210070158233361
told:0.018903779065421525
too:0.00595279837763566
nothing:0.015578390253054322
under:0.007400376302151339
gang:0.03429019937405443
article:0.0049410541482719575
very:0.00531476369446173
before:0.006482299595190989
going:0.006639681963566105
citizens:0.024922915786183664
says:0.00780800836715722
check:0.01008936452618198
s:0.009457870135000278
