out:0.01683110141543514
to:0.001968855942986901
building:0.10858478768110433
director:0.07064658003671602
that:0.004955780363349669
think:0.020567828964693644
nt:0.010201122167463408
feustel:0.18814296755713
re:0.005342007182545293
started:0.09369271074254015
batf:0.13028276210808698
had:0.021920121224030503
on:0.007242983217704142
you:0.007939985562981741
burning:0.13552097070562383
a:0.0019950058940662787
how:0.018790899960416062
coming:0.04966614221127993
evidence:0.04596725763590109
no:0.016082081945464427
not:0.008613000122513783
statement:0.04961713456704008
have:0.014607160375647224
shooting:0.0681132369612458
netcom.com:0.04598621678173056
writes:0.009446605585965176
get:0.01877677107558746
were:0.0221614756781757
if:0.01914715485038312
of:0.005555445301878247
oh:0.046138802630592474
they:0.013327423207253481
waco:0.05549536727844644
david:0.03566350341920706
tim:0.11651169427817681
leaving:0.06611663778445781
and:0.0027271243892199276
subject:0.0003813850984574042
we:0.01925348436734243
shoot:0.06659024074612782
the:0.004307160057080302
do:0.010261684555807095
when:0.018681063469196228
would:0.026647132745839314
fbi:0.1634923663838715
rid:0.06596219612582616
people:0.04300780400208907
about:0.014071659718883878
press:0.10249572459336188
smith:0.05625340792094946
first:0.026822211848443443
going:0.03111165262928118
s:0.00886337544080026
