another:0.011489664924293154
prism.gatech.edu:0.02448241756530714
choice:0.019545920593360327
there:0.004755331531487811
separated:0.03005206805537038
checks:0.029137785996605835
committed:0.022960903371326388
all:0.014830069906419033
actions:0.020488199192684728
where:0.009572315016755243
remove:0.02289197090694109
4:0.012871862715951705
from:0.00877276947596037
wrote:0.013344948055403425
both:0.011635772447192943
to:0.0049986498034382465
crime:0.041567025131994985
physics:0.023759611556959853
death:0.034771154238719404
centre:0.025942064743883705
civil:0.02162289885772287
honest:0.024299527502711162
mi:0.02762819117100613
r:0.01606331485351881
and/or:0.02093773071059052
re:0.001937515558436117
penalty:0.0251082286464089
charles:0.0426554679267755
glenn:0.028914095986941543
authorities:0.024122873557928904
this:0.0027201162609918083
93:0.01896899220624042
federal:0.020473866273032444
carries:0.027981601792905268
apr:0.019311959984652845
two:0.009662121412711458
on:0.007880966195429377
you:0.0028797875098897506
great:0.013063475071153767
more:0.006587663346221378
a:0.0014471545345558499
render:0.028493756376514762
was:0.004587881523841377
as:0.024874015343534252
part:0.012690270012504027
washington:0.019892297074686496
21:0.021016595964530184
responsible:0.020263498523694416
authorized:0.02884162841194289
section:0.021294088733799416
are:0.009993441164785889
no:0.0058328794620855435
jefferson:0.029533500912588086
18:0.020034971467477198
it:0.0035529060076681033
should:0.008511980011572433
texas:0.020560464620046643
have:0.002648966907500792
probably:0.012369034792897454
trial:0.024299527502711162
rights:0.0539875557465203
color:0.03828634307361022
against:0.013384874570766045
shall:0.02051698452866712
call:0.013766611906729054
be:0.005994417172409029
which:0.0066937426555311805
conclusion:0.02286919571796162
tech:0.02349654251357424
dept:0.02126066057171917
things:0.011578890819379533
if:0.006944563935372117
of:0.009067177565241698
but:0.003447063327722333
forgot:0.02486878386322169
gmt:0.021954913659197075
fact:0.012426254552481033
they:0.009667560875727914
up:0.0069609345614113196
title:0.021767841096284556
michigan:0.02669301823985435
over:0.010393475401654704
one:0.010189750339643757
in:0.0036824808682795955
government:0.041838574175382864
thomas:0.019088108880979796
become:0.01716177603520802
office:0.01891574048210446
or:0.003493841749756919
and:0.003956449891096268
for:0.005057236211068508
subject:0.00013832620151304817
we:0.02094938713545031
power:0.013999250156324052
offense:0.025780134466660363
will:0.011744096838376005
persons:0.025143356558250243
turned:0.02034662352286838
mtu.edu:0.03373521187743953
the:0.0027338192072141818
when:0.006775515247895005
law:0.031158975391129183
mr:0.01749717968022494
stone:0.025780134466660363
an:0.004652321961459776
people:0.007799342694679365
is:0.005568344598770237
clinton:0.05697134127156113
involved:0.018657394492569264
detail:0.024936075031754393
provided:0.020922100692251526
drawn:0.026024968066922262
life:0.028915848220608394
2:0.010095386280287092
their:0.007842920303532197
under:0.025153610643581754
conspiracy:0.027801883875869567
prison:0.057122974738183445
article:0.004198615960189642
little:0.012152013999473908
reno:0.0803669155656859
occurs:0.024736767877206228
citizens:0.02117802170432187
seem:0.014299028781843201
apply:0.020723088007718517
