read:0.01408076435961442
large:0.03719297043338603
at:0.01094366475098672
dan:0.04936401850170507
say:0.011785993628990953
there:0.011400981187293756
form:0.04240224750909187
all:0.005925887146871373
sorenson:0.07555155635810522
your:0.015651331952562266
distant:0.03591712665822741
compound:0.07979662307153117
into:0.01112300560858625
from:0.005258212760435873
unusual:0.031147743262228144
post:0.016040855928143978
iastate.edu:0.05970369938021619
to:0.0017120486460755662
dod:0.02172337914094681
speak:0.022269769035021078
been:0.01822658866113589
knock:0.033842554334463315
that:0.002154687114499856
guy:0.021033110229496083
quite:0.016498132808132927
nt:0.004435270507592785
could:0.009373348790845077
re:0.0023226118184979535
cs:0.25419689857434496
quantities:0.036477071360055346
merely:0.025348130557396622
burned:0.03022587987640036
on:0.0031491231381322355
you:0.0034521676360790175
them:0.00910471535113193
causing:0.030488363163915164
burn:0.030268863993447404
a:0.0026021816009560157
air:0.04787750292709527
was:0.010999517193806032
as:0.004969653169049804
ears:0.03391971284377112
fine:0.020118984956028322
nyx.cs.du.edu:0.029201471093281816
no:0.013984419083012544
tear:0.061618614657573435
gas:0.04929403318843481
it:0.0021295368306830553
not:0.007489565323925029
flame:0.026072382017874506
have:0.009526408940639495
spread:0.028952278585272967
viking:0.0698582943769556
only:0.008282833778070103
machines:0.02450898468872231
decent:0.02798485914794854
ring:0.030952099367449446
exciting:0.03457412598450296
explosion:0.15110311271621044
explosive:0.07644994966965336
writes:0.004107219819984859
if:0.004162424967474591
of:0.003623116501224944
what:0.0114340633912625
released:0.026867375814014438
fire:0.044683150770676645
waco:0.02412842055584628
miles:0.02493263841559519
chance:0.022329549863432323
in:0.004414402531540136
or:0.004188269923621648
and:0.002371412512365154
usenet:0.025367693345613365
for:0.002020800390758223
subject:0.00016581960802495836
i:0.004742825024730308
power:0.016781709814723864
similar:0.01965688377556957
will:0.028156654531758616
the:0.0028090174285306324
do:0.004461601980785693
would:0.011585709889495354
can:0.0053699751083087785
butt:0.03448845317622759
mr:0.02097487998933797
fbi:0.023694545852734998
an:0.011154014143624057
note:0.018395584465083836
here:0.011182614320642211
people:0.009349522609149797
mix:0.03205570916395536
five:0.02466448827978644
entire:0.023164088339681997
is:0.0033375481601324707
dust:0.033543162397706314
days:0.01849846350652281
experience:0.02057281226580837
nice:0.019625710911520235
amounts:0.03124792575868705
grain:0.11563070017629778
bin:0.0404403471574275
meet:0.026646837376393884
blame:0.027808226009311682
