taken:0.046406778869840286
text:0.050937517369486866
encryption:0.054461260467930976
though:0.035007664811418024
to:0.005823376732778158
amendment:0.06436761752052517
q:0.05978420342989659
been:0.020665357566499145
that:0.004885980639922209
re:0.0052667676447629656
this:0.007394118850301676
discuss:0.06299242780835733
omissions:0.08096839211688636
on:0.007140969369567464
sternlight:0.13909367955162263
great:0.03551057308074193
passing:0.06883483584394046
a:0.0019669072195019647
as:0.011269213524183358
accuracy:0.06815709995176865
chip:0.045526821940891186
care:0.044591787905266154
place:0.03830179742699191
not:0.008491690261633308
have:0.007200712861234548
second:0.038728109530313616
has:0.014996823575866916
netcom.com:0.04533852358762168
guns:0.0568303931343745
of:0.010954399186802178
well:0.02370236493173725
david:0.1054836016624434
errors:0.06047921574120864
in:0.005005062025196915
gun:0.05156359853245636
our:0.03140528764761118
and:0.005377428373109717
subject:0.0003760134773523704
i:0.005377428373109717
house:0.048420731612537904
information:0.034349595556109364
the:0.004246495830924242
agree:0.042486692661470975
clipper:0.05033808618048974
ensure:0.06778397860744505
note:0.04171393097011969
is:0.0037841215055023085
number:0.035243166878841665
ignored:0.07230380565082674
white:0.04787280487071257
their:0.021319487585657944
words:0.046589565232498235
interpretations:0.07727312078635833
regulated:0.08816311921218202
seem:0.03886919091402448
announcement:0.06436761752052517
strnlght:0.07085797249505092
