kills:0.02689098687683564
above:0.013152927681780412
content:0.022884806418456288
at:0.004255869625383725
out:0.0056916768071519795
behind:0.01704223382124975
birth:0.024977157333618966
nick:0.024036550493069807
small:0.014438385991623242
your:0.012173258185326207
with:0.005650506055937655
funny:0.02174283164519914
ca:0.009935017372426672
into:0.008651226584455973
my:0.004590407059566673
to:0.0033289834784802678
line:0.013641564003893663
aka:0.025022518398110948
animal:0.02446365656719567
born:0.02076291284078005
behave:0.027691915644191892
die:0.01820171193928671
make:0.008502804267389872
that:0.00167586775572211
control:0.014732532705029099
id:0.02265608119817997
nt:0.0034496548392388333
need:0.009281169041049451
re:0.0018064758588317417
so:0.009872566158308406
anyone:0.008081713766383532
national:0.015720646980616006
this:0.005072294090545111
off:0.021096207226631403
age:0.019916853265283193
laws:0.01793175803399948
swiss:0.05854020066282871
contains:0.020278519347235725
internal:0.019142837759035424
on:0.002449317996325072
set:0.012799104271139715
you:0.008055057817517709
thereof:0.029381160805929805
brain:0.021301344922544894
medical:0.01943486701530759
products:0.019565636686651636
united:0.018944550641918922
glass:0.02638199887848865
card:0.02957399368612794
input:0.02061425748490201
a:0.00269855869728772
how:0.0063544106146334505
was:0.004277590019813457
as:0.0038652857981498474
skin:0.024843575056659982
part:0.01183199088122356
shaped:0.05790292561170023
sig:0.022797760498153498
chip:0.03123095997877559
lose:0.020312781319745347
no:0.016315155596847968
ear:0.028280755342786273
it:0.009937838543187593
not:0.008737826211245869
cs.umd.edu:0.055383831288383784
have:0.0024698097253509797
being:0.009400018985145643
only:0.00644220404961008
properly:0.02080080258696858
tom:0.036673702642268165
treatment:0.02105460613058154
states:0.01668048181379557
peace:0.018606936499579955
charge:0.03977055705250082
robert:0.01543677308675219
shall:0.01912936238663166
love:0.015807813720683326
yourself:0.016938524982485954
free:0.01394931301509534
tested:0.022884806418456288
without:0.010856089298562776
be:0.005588997653502138
constitution:0.02185980873756916
writes:0.0031945043044326682
get:0.006349632730874986
if:0.006474883282738254
of:0.008453938502858202
prohibiting:0.029611247999114614
freedom:0.01926583806917201
congress:0.02109486401250977
what:0.004446580207713194
but:0.006427857219810726
forgot:0.023186837128511044
oh:0.015602493643195523
understanding:0.01939205210101848
establishment:0.027536066068258456
in:0.0025750681433984127
government:0.013002970717953128
fear:0.02080080258696858
or:0.016287716369639743
and:0.004611079885154467
for:0.003143467274512792
subject:0.00012897080624163428
exercise:0.024111449944934374
animals:0.023713171349711796
we:0.032554200621110384
the:0.005826110222137608
would:0.00450555384591486
can:0.004176647306462384
law:0.014525802537410462
tries:0.024932218238631947
wants:0.017007416244414247
an:0.004337672166964911
just:0.005673374702733748
record:0.018631151677471473
people:0.00727185091822762
religion:0.017157155859723248
about:0.0047585322720863354
press:0.01733019497955394
clinton:0.01770606902642721
right:0.009371370018310626
keep:0.012799104271139715
speech:0.02294372078122836
dead:0.016576242197155245
nothing:0.01234229952415898
under:0.011726200130945117
remote:0.02176600155951553
carbon:0.029494834706462143
already:0.014037615078731165
close:0.016787020367973624
smart:0.023962794589056334
citizens:0.01974569173398126
by:0.004784712438730271
data:0.014175582720801026
high:0.013513641669765803
s:0.0029972767191111995
