seemed:0.07813116474692026
means:0.026246252041099562
funny:0.04167376065329835
though:0.023014298163061848
meaning:0.03653654198966937
mentioned:0.03254781128510961
from:0.007838631985464589
my:0.026394840592508368
uicvm.uic.edu:0.1004492554578599
to:0.0038283310002523076
everyone:0.08493090993091953
social:0.040202242518299125
that:0.012848319460536177
like:0.010783695032487713
me:0.010033228522264303
re:0.003462412062760838
jmd:0.10585122254585076
on:0.0046945261596230544
you:0.01543886081690894
american:0.029879955716557553
card:0.02834174394920594
a:0.0012930593757836991
how:0.01217928701138078
want:0.017524055256594274
sister:0.054034881641560756
was:0.008198714204642459
said:0.02029171137651326
part:0.06803394756703547
cube.handheld.com:0.05354312399976494
jason:0.12666379649397347
mistaken:0.049895862095069674
express:0.043108468487780355
kratz:0.11350978399660601
it:0.009523761937221443
not:0.011165000158814165
have:0.004733801973589378
being:0.01801670305486248
only:0.012347557761752653
picked:0.04420552037315557
date:0.03312777027577151
kind:0.025514136082991294
get:0.012170129400843725
were:0.014363919421039806
whatever:0.030601486840308913
of:0.0018003757922753578
keeping:0.0387049992813434
u28037:0.05698352730006571
who:0.011972711798461558
up:0.024878895747266382
one:0.009104730627552059
in:0.0032903648498979715
gun:0.03389829162781853
arras:0.053704158654504466
and:0.003535161245285091
subject:0.0002471940452964657
i:0.003535161245285091
actually:0.02263253821389893
the:0.0020937583610807025
thing:0.020962337362268116
can:0.008005240670719567
jim:0.09406474297080193
just:0.03262190454071905
about:0.009120520188165476
is:0.004975419016493776
else:0.07018200625939046
guess:0.027742196879033825
gang:0.052070302753193756
article:0.015006164450307426
de:0.03741650025133306
by:0.018341397681799373
says:0.023713210596551553
