screwed:0.02860920336275265
some:0.006277079973835238
looks:0.018403792872977907
block:0.023590211221308235
jumped:0.03322332664726552
there:0.004934295621382513
know:0.013267474469444106
posting:0.01773757288686151
all:0.0051293969389585555
situations:0.025701641771473476
text:0.01944389103889015
with:0.0031442332085459537
way:0.00931383236315346
ca:0.01105671288221678
from:0.004551463733495568
name:0.014850712396936834
my:0.010217357648712918
paranoid:0.02860920336275265
to:0.008150640194085559
signature:0.026875878043346464
obviously:0.019795124090462135
then:0.008580001880515071
that:0.001865078631368155
think:0.007740580793164276
like:0.00626150034144448
nt:0.01919565999253867
me:0.011651491187145643
re:0.0020104328106353257
batf:0.024515573514962606
ifi.uio.no:0.032106985976414745
this:0.008467458683409984
implied:0.02878744103649943
reply:0.019307508168576046
la:0.02343173908080849
bomb:0.028551080157891276
merely:0.021941123762047616
on:0.0027258538991359674
you:0.0029881666097243114
went:0.03508022865845252
m:0.014718437764688948
a:0.007508086698098898
how:0.007071844071124325
other:0.007415634343182317
was:0.00476054373172788
as:0.004301689033424831
bring:0.020394445953167074
norway:0.09299295094540828
waste:0.023003118253754513
died:0.021807543124485622
whole:0.016085567070039195
those:0.009978041152083658
internet:0.015357709371583905
it:0.0073732350481714405
not:0.009724354977031691
have:0.005497318420942504
only:0.007169549668114445
survived:0.031183059863905824
postings:0.024766980858554218
reminds:0.030078522368127282
after:0.010372116600349202
evil:0.022455235023702155
be:0.006220013517607219
down:0.012711642886844936
things:0.012014655527635752
if:0.003602959246039835
of:0.00418151796915567
trying:0.02899277659213329
what:0.0049486134569711356
they:0.005015696905955612
up:0.01444581043389661
waco:0.020885353276834686
in:0.00477633607243254
thomas:0.039612957140097854
5:0.013972434875901522
dropped:0.02670915634042947
or:0.0036253304177585235
and:0.0020526742714558595
known:0.017510369611109453
subject:0.00014353202630117365
i:0.005131685678639648
we:0.03622967488478414
house:0.018483182497259096
any:0.011003088884825886
flames:0.024045496636523497
the:0.002026217768787777
wrong:0.014211946542096026
do:0.0038619242951962187
thing:0.012171679758736327
arrested:0.03127821888056927
country:0.018122333914086734
did:0.00883823141636003
maybe:0.01423609184055013
fbi:0.04101959013215414
places:0.02050979506607707
just:0.012627834015762215
note:0.015923059671389773
newsgroup:0.020667547529969625
people:0.008092866344479126
about:0.026478929578544936
is:0.005777905954637934
helicopter:0.03583358372136069
right:0.010429427923603763
does:0.01310203026169382
lot:0.013325555850889199
belong:0.026390464889195386
handle:0.0218406284232726
change:0.0159785435909166
conspiracy:0.028848191333563585
little:0.012609347859669164
give:0.012705571351376382
hints:0.027950051093439038
s:0.003335678929333432
newsgroups:0.0230444749506532
