all:0.028911146383220947
threatened:0.08352071306416216
with:0.017722041720895376
someone:0.03338572901004576
from:0.012826852339851145
post:0.03912996673380577
to:0.004176361091184336
problems:0.0415617156953299
batf:0.06908934354216735
had:0.04649722683885258
he:0.02409292738667023
something:0.030161535108538223
these:0.025100545046953675
m:0.020739616850243517
more:0.019263924633647362
sure:0.03306127303271521
a:0.0021159153421915077
how:0.01992974238225946
other:0.020898605876241073
alleged:0.08236941144328454
was:0.026832155578829866
local:0.04630884018054473
question:0.03307554671738037
kim:0.16867982677287813
universal:0.07448252602066406
those:0.028119934155872123
have:0.007746221411328073
trial:0.07105770921247355
employee:0.08898194680255926
suspect:0.05881962216511757
after:0.02923051041916593
details:0.05780033154985356
which:0.01957412625026542
guns:0.061135725947584686
soon:0.05449990359150713
of:0.005892138956537535
what:0.013946092469645928
in:0.002692116695371068
and:0.0028924046552332564
cause:0.047780320202152525
outside:0.05461781481032614
i:0.0028924046552332564
will:0.03434258620919044
the:0.0011420500151349288
do:0.010883604831916617
l.a:0.09112816675805967
arrested:0.08814770775433158
koresh:0.06188179740369321
about:0.014924487580634417
is:0.004070797377131272
division:0.06003890024424747
else:0.03828109432330389
9:0.05395202508522767
man:0.04390983846659392
says:0.03880343552162982
john:0.040628460599724935
news:0.09299625806555814
