know:0.008813393754702156
tel:0.02903891485213126
with:0.0041773384056396235
miller:0.03401211455383264
atf:0.03178194897263337
navy:0.04106254171642094
entity:0.03956453792369188
to:0.0049221398574672524
remember:0.019875885975151657
janet:0.03629233191230912
then:0.011399145355541452
us:0.014713402758464257
behave:0.0409444752739123
make:0.012572003452497883
that:0.014867341090049006
suggesting:0.038918937484632814
like:0.00831885045363338
re:0.0026710035912726466
started:0.046846355371270076
exactly:0.022974161809085774
shot:0.028404516754198115
on:0.007242983217704142
you:0.003969992781490871
great:0.01800893349094769
them:0.01047042265380172
burns:0.03301960412459077
m:0.00977724794368623
sure:0.015586028715422882
a:0.003990011788132557
was:0.0063247223864384685
as:0.0057151011444072745
whole:0.0213708248216235
no:0.016082081945464427
internet:0.020403813879390043
lie:0.032570690527021745
requires:0.02867253417793447
it:0.014693804131713084
not:0.008613000122513783
agent:0.0355397568004675
doing:0.019147877894037966
exists:0.02665452187870253
regarding:0.02826425979336341
be:0.004131866122410509
which:0.009227802375125127
phenomenon:0.03966172115266173
writes:0.004723302792982588
down:0.016888325549665413
if:0.00957357742519156
of:0.004166583976408685
even:0.011993996055471612
institute:0.027803270356666472
but:0.004752023016074359
never:0.015742423077584715
ranch:0.03471066986294783
shut:0.0337081173079841
they:0.026654846414506963
now:0.011799388556273173
one:0.007023649341254446
in:0.001269140727817789
massacre:0.03673300026234726
or:0.004816510412164895
total:0.026150110684317152
and:0.004090686583829891
for:0.002323920449371957
subject:0.0001906925492287021
purpose:0.05372687845920838
idiots:0.042364838550663475
i:0.0013635621946099638
44:0.03246273597123568
everybody:0.029127923569544203
power:0.019298966286932444
alan:0.06286689559998912
agency:0.03125028758132787
the:0.004307160057080302
can:0.006175471374555095
int:0.03865916859769799
vietnam:0.042509143602931475
contributed:0.04082832869625672
serves:0.036864065538548665
sp:0.0337081173079841
fbi:0.027248727730645246
reaction:0.0337081173079841
human:0.022898874080261256
problem:0.015111180657468458
is:0.0038381803841523415
deal:0.023545107084003637
involved:0.025720550979041912
either:0.017882590765095414
dividian:0.03611149042670705
keep:0.018924389886613723
does:0.008703491530982323
jimmy:0.037932149352626975
their:0.010812025847012243
survivors:0.03354004232648271
article:0.005788092002261436
iranian:0.0470357418892825
initial:0.032904703140650596
documentation:0.031979459910708434
while:0.015502446470560875
especially:0.022323540767838154
blame:0.031979459910708434
