another:0.009014249310522679
some:0.004746084858265668
join:0.018640670855663625
at:0.007162317174426269
out:0.004789337801140082
bbs:0.016451392893315698
resulting:0.03984925186920105
form:0.01387553221334104
help:0.017399127805217865
financial:0.021953045309067956
send:0.023848350576229457
case:0.010047199623198194
warrants:0.023950636926583762
where:0.007509986984690089
your:0.010243351399847665
text:0.014701478590380356
with:0.0023773470601201113
from:0.0068827012555298835
post:0.010498283757850328
to:0.0050421920491127955
abuses:0.02491678185291352
most:0.0075471360323863335
cases:0.02991695608525522
civil:0.016964306827400463
been:0.005964391817973331
make:0.007154798712803674
that:0.002820362808410381
sources:0.01564690640331083
horror:0.047901273853167524
think:0.00585263425824616
crimes:0.040084922900690906
its:0.008405790878187684
me:0.013214496102494448
greatly:0.015865565649595945
so:0.004153701615385854
anyone:0.006800466461956875
file:0.024703137255759428
prefer:0.016693203679031876
this:0.006402224858188037
laws:0.01508891834568249
something:0.008092119175461475
on:0.008244045938850244
you:0.0022593454854013084
american:0.03935408801692946
them:0.00595877712004976
working:0.01288023988092117
a:0.0017030538120077988
how:0.005347004053776929
other:0.005606943039967118
no-knock:0.025445453105954974
as:0.003252496586248043
running:0.02461349928818457
ascii:0.02141621717080346
given:0.011332469752769437
also:0.006030476145038889
instances:0.023235634217381878
electronic:0.017535249248006545
van:0.018640670855663625
files:0.013452486034909308
are:0.0026134609008179903
kevin:0.054945881985606286
book:0.025282101712875395
neighbors:0.021953045309067956
it:0.0013937212591055772
encourage:0.020904959498896817
have:0.002078254524990459
probably:0.009704161443208166
ve:0.007419242678973311
copies:0.05506371016745673
rights:0.014118696828019538
completely:0.014621925353818987
decent:0.018315293995202098
hope:0.011741713567642462
after:0.007842332063678665
has:0.008656703039728058
call:0.03240190363413058
heard:0.010986371379755588
be:0.007054405574847211
which:0.005251594847632187
thinking:0.014160676966864454
end:0.010992818709656543
of:0.006323271075308575
what:0.0037416345650269564
but:0.002704403342481343
result:0.014369926670778466
years:0.02719238320707797
print:0.017871394434368797
together:0.014467342444919639
find:0.008603442023062563
who:0.005256312496885563
waco:0.015791364672728667
over:0.02446269210389461
postscript:0.020450878240441527
one:0.003997198812096027
in:0.00216682563285964
government:0.06564914484429994
distributed:0.019671358116160872
intend:0.02068906590005963
and:0.0062080880405006485
few:0.01858233740574217
still:0.008299630415567265
for:0.006612781766505569
subject:0.00010852421500820447
welcome:0.01700657799496509
i:0.006984099045563228
appreciated:0.013759195606407494
any:0.008319408669014695
information:0.02974172298150933
will:0.01842772918541926
unfortunately:0.014967045044007955
cost:0.013500030911995451
the:0.0024512293007774083
horn:0.024361596751264127
start:0.011453504422286638
would:0.003791258724001529
can:0.007028991808436694
specific:0.014899009302725337
friends:0.016165172136535514
put:0.010111623168889347
wants:0.014311118547129062
last:0.017724898797231693
injuries:0.021953045309067956
people:0.0183569895130868
finally:0.014782619820309373
religion:0.01443711895513298
about:0.008008261628633103
including:0.012926697994025326
is:0.004368660599848194
today:0.011541163682107126
recent:0.0154394109288009
disk:0.014231621885365373
time:0.00642077223538095
their:0.012306370882778164
run:0.010881440765802419
deaths:0.019810110174573306
give:0.009606651509577263
documentation:0.018199692632110492
citizens:0.01661527719078911
project:0.015657056322817282
especially:0.01270445409551765
s:0.012610493513333706
