go:0.02262130525342008
at:0.010243779214586407
out:0.013699733710237905
with:0.013600636669524355
allocation:0.0761309713548454
operations:0.054201358746848234
to:0.004807671488688945
look:0.02757172470088268
100:0.039285024405012456
that:0.012101324143063145
debt:0.06896601624526612
feustel:0.306279249511607
re:0.004348145381141518
national:0.037839231685901316
federal:0.09189433001616887
on:0.005895451456270813
went:0.03793559610739632
taxes:0.05536855857600663
m:0.01591645014088456
as:0.009303653025779283
part:0.028479326888526477
military:0.04502137863640198
business:0.042053066665506594
being:0.022625627092152885
netcom.com:0.07486128313304975
be:0.006726293687645015
outcome:0.06279592030268275
of:0.013565622248772464
future:0.04075007353857965
what:0.010702815151123618
result:0.04110467396525003
waco:0.09034129556956398
beginning:0.04709403248996383
david:0.02902843301563365
in:0.004132086090569546
government:0.03129784812344532
point:0.025599255363489077
reaching:0.06425130568586886
for:0.007566252625862186
subject:0.0003104297313025383
i:0.004439504819660347
pay:0.03875397746509166
will:0.03953390738034713
the:0.006135198918515548
wrong:0.0307374657770914
interest:0.04247424414730099
conference:0.05067794731430673
forward:0.05029822681460843
press:0.041713376287996116
clinton:0.04261809637756317
lack:0.04511070998723938
type:0.03768037802711275
study:0.04308573660970696
explicit:0.06704142975134085
1:0.022773533627031495
dave:0.04077063571365805
predict:0.06364712267504664
conducted:0.06239259986096309
assault:0.05536855857600663
