tavares:0.05100745069595931
tried:0.03067192131719476
ever:0.052344991224353675
your:0.012474576457240224
with:0.005790370067223241
c:0.025604927677514454
atf:0.04405418669473932
to:0.0027291072477046156
been:0.014527132546746924
brent:0.15904348612244237
think:0.01425493096562926
anything:0.04596517129345354
re:0.003702381215625451
michael:0.029749457442313755
off:0.021618390573825252
you:0.005502960291175464
them:0.014513457143883574
burns:0.04576974829151196
why:0.017621015645089173
as:0.007921922378386322
ccwf.cc.utexas.edu:0.05643530372405446
local:0.030261222296197546
calm:0.05872353858507809
popular:0.041880913823098644
no:0.011145997387945642
hey:0.03815979193694227
d:0.01803806160769342
einstein:0.0556791356172765
it:0.006789216430494494
not:0.005969406025504603
flame:0.041560925790869264
courtesy:0.05892356539020204
uxh.cso.uiuc.edu:0.17558241890485268
sw.stratus.com:0.04965135312097754
electric:0.15528653125781505
personal:0.03320688585342293
without:0.02224960876042074
guns:0.03995007834198603
writes:0.026188609545249993
down:0.02340956016785305
if:0.006635152670924844
of:0.005775462937596197
what:0.009113288148481497
ranch:0.048113799810026704
shut:0.04672412300116608
they:0.009236827965423204
now:0.016355588097804397
in:0.001759204969252381
yes:0.026404414559444443
or:0.020029053199101542
use:0.01646316364106285
weeks:0.03604519688448624
wpi.wpi.edu:0.05814661870266248
for:0.0032212758704165743
subject:0.0002643263058615673
outside:0.0356908492819953
i:0.0018900862103504448
stove:0.05976671200743281
cdt:0.05005553128454443
the:0.0014925802178001049
do:0.007112058603034621
electricity:0.05612587260025144
did:0.016276346964781835
wars:0.04771504833341343
fbi:0.03777051368604292
an:0.008890080579819175
irvine:0.3236822523474412
is:0.0026601250187194446
dividian:0.05005553128454443
hear:0.0328087283589981
survivors:0.04649114777928297
article:0.008023097824916841
very:0.01725982665132126
microwave:0.05872353858507809
opinions:0.02827336787643606
assault:0.04714550532214426
especially:0.030943521856409324
s:0.006142933473821964
