report:0.02417661288837424
at:0.011222484235088294
all:0.012153730326704347
cnn:0.06622559876916766
enter:0.03017296132879269
with:0.003725015138786926
statistical:0.035819061766528194
into:0.03421918285953604
indicated:0.0668532554444133
atf:0.08502177432169435
to:0.001755667719860931
everyone:0.019474603551038874
death:0.021372078879212882
might:0.013548312967378637
100:0.021519185342873066
homes:0.035027356564760186
been:0.009345480173384964
that:0.0066287508044804485
ran:0.028915894869184444
like:0.007418083207061613
really:0.012429272249623733
nt:0.009096542060158452
anything:0.014784975479741426
re:0.0023817866418991756
had:0.00977330245657411
this:0.013375348748316408
he:0.010128236990574748
shot:0.05065773688646798
illegal:0.05235361943469156
something:0.02535874289380284
united:0.024977847024695653
them:0.009336682621224465
taxes:0.030329274124436752
bugs:0.03230838075194502
more:0.008098210355546025
burn:0.031040045241688106
a:0.0008894930737875128
how:0.008378108262605887
richard:0.023796672068654642
want:0.012054764125555298
was:0.005639879835040673
someday:0.03672333094659436
gathered:0.03600920802862807
those:0.023642237634236434
action:0.02345154828551565
it:0.0021837925461144713
reported:0.026301704439564737
have:0.0032563733321506554
energy:0.029207675353460204
stay:0.025150939925198613
states:0.021992737168507536
stated:0.07418016043753681
agent:0.03169150287939777
doing:0.017074540797231308
has:0.006782003018385676
decided:0.023768363458715636
determine:0.027786378848274153
be:0.003684466605971155
were:0.019761825445506996
things:0.014233923109173565
if:0.008536948022463813
end:0.01722441657691407
of:0.0012384750672976984
looking:0.016521562709596458
killing:0.05155468346185556
groups:0.023438124831123515
they:0.005942163213425119
who:0.008236005568368461
up:0.008557072422626655
waco:0.024743157385294593
code:0.02064020707217641
in:0.003395153539385168
required:0.023839372296184515
clean:0.02765504580876628
and:0.004863661331092865
for:0.0020722857510323185
subject:0.0001700443114141293
we:0.025753068262050382
room:0.025401455288653542
revealed:0.032417262493087066
will:0.014437010763099166
than:0.009112110077830964
the:0.003840779668734028
do:0.009150546737662378
would:0.005940443605760358
can:0.005506789760749767
proposed:0.028113087729723516
her:0.021059928693819924
because:0.011240269419710281
did:0.01047077097734373
americans:0.05455310536949689
once:0.017089370668311506
fbi:0.04859645709923994
an:0.01715728927188032
tax:0.05645164777918462
just:0.022440545798711194
people:0.009587727006835143
many:0.02360765640226871
press:0.022849365355208068
representative:0.03375672369586643
new:0.010980888948302847
himself:0.023839372296184515
their:0.009641296933641491
dead:0.02185530022172698
release:0.025310850250874258
before:0.01354263864473022
citizens:0.026034128591937076
data:0.018690099510865046
begun:0.036106453074047105
