obvious:0.016162387873537864
at:0.011104600997324762
cs.ulowell.edu:0.025270836159798058
mark:0.012620268757530211
tavares:0.021646018992823066
know:0.010368698534943712
all:0.004008688364060047
43:0.043139245388308385
keeps:0.020059647900423534
tried:0.013016235516960802
case:0.010384920618935948
defense:0.016488262807764227
take:0.008931719035023964
where:0.007762423521990595
c:0.010865956703483025
someone:0.02777468211760109
times:0.035426169850752434
from:0.007114052558236769
post:0.021702334491018323
my:0.007984993792691608
to:0.009265204437585417
death:0.01409838816822026
worse:0.016365821064455405
homes:0.04621256286275083
die:0.015830900720303985
make:0.007395296148528166
she:0.013929170104615472
that:0.002915164919617452
cold:0.018563657079998446
like:0.004893441443313753
nt:0.006000660098507886
me:0.0045528936151451455
re:0.0015711785831015567
transfer.stratus.com:0.02444432231842808
so:0.00858664367550353
anyone:0.014058107139843623
this:0.002205808564585794
he:0.006681231964370736
shot:0.01670853926717536
talk.politics.guns:0.025270836159798058
numbers:0.01482244706301974
defend:0.019033169846551453
more:0.010684193494291814
a:0.0029338321971562925
want:0.007952092301311687
ratio:0.06721312053786785
are:0.005402616652111138
likely:0.04167742191087893
d:0.007654807657046367
it:0.007202845162604454
not:0.005066470660302226
have:0.004296223639896242
only:0.005603093438106246
kind:0.01157784326455067
earlier:0.0165796072894298
dig:0.02444432231842808
minds:0.02065481814018415
craig:0.01918061236676687
has:0.004473842327254416
sw.stratus.com:0.02107053220680139
pgp:0.019095727041903342
glad:0.019491990401026206
anybody:0.012771408171902079
be:0.002430509483770888
guns:0.01695360467454029
apples:0.02641912748332613
writes:0.00833524022291045
kill:0.046570992940378815
of:0.0032679090011048513
lawrence:0.019929554515532917
freedom:0.01675642218621263
key:0.013469925929565444
available:0.011349007679891722
what:0.011602211382310478
but:0.005590615313028657
asks:0.021607647213145446
again:0.010259954361798395
who:0.032597971619340714
up:0.005644791472068843
sounds:0.014969346905717806
over:0.008428322489577133
email:0.01152898596205017
in:0.0044793202158274915
gun:0.0615296721983933
or:0.0028332414189205265
douglas:0.018951183232166654
and:0.0008020954085940963
for:0.0027340240580846554
subject:0.00011217208778158947
doug:0.03631629819040997
i:0.0024062862257822892
6:0.012346006859492413
person:0.011786531256612817
away:0.02326876963297202
any:0.004299526328944568
fired:0.019929554515532917
will:0.004761787163459178
than:0.018032789271673882
cdt:0.02124205319218062
the:0.0025336235629884133
do:0.009054427549241555
specific:0.01539981633811106
home:0.03692474435119347
tries:0.021684744434440392
an:0.007545362508922157
just:0.00493440572884826
long:0.010001307752557078
people:0.018974031177392235
including:0.026722417701934703
n:0.015382418049598326
is:0.011288765835742181
self:0.01786602278155536
followups:0.024520030324741857
cs.colostate.edu:0.049840986530192324
keep:0.022263988101898495
holland:0.11472844050099058
does:0.005119700900577837
their:0.012720030408249696
1:0.016458183965753853
speech:0.019955252948379288
dead:0.014417151826937546
e-mail:0.01155334359937927
article:0.010214280003990769
33:0.019378116746497673
by:0.004161493591668765
says:0.010760616573225076
john:0.011266715964629604
