another:0.01449349889142862
some:0.007630959968191857
out:0.023101511746675685
there:0.005998555461288546
happen:0.022102171412858272
50:0.04511350704743047
your:0.00823485112536773
with:0.0038224011554872377
way:0.011322698166970872
ohio:0.033153044301015476
fm:0.03814226939404289
to:0.006305486353356742
remember:0.018187085206021126
day:0.033245791317161724
100:0.022081778423732493
ran:0.02967186597687554
think:0.009410117826984022
bit:0.01781100783042941
nt:0.0046671800766172455
me:0.014164557913784898
funds:0.03252003890238856
brought:0.025322829036180834
re:0.004888111147427066
anyone:0.010934083330989485
this:0.0034312577671334575
something:0.013010858282114528
pushed:0.033378444144617894
you:0.010898019400171016
education:0.028272205921936765
m:0.008946501386379556
more:0.008309928273338077
passing:0.031942963038691326
a:0.003650991178683386
anymore:0.028963753925921522
utkvm1.utk.edu:0.07604900276844292
services:0.026121971421328816
cbnews.cb.att.com:0.07862037916381619
weird:0.03217725148165299
shell:0.03149816916127292
are:0.012606105521592657
lobby:0.038262198404946136
hey:0.02519045088647823
works:0.019445267931704185
laughed:0.035943104448806204
buy:0.0589576691224307
money:0.020262874292347254
veal:0.11305025409049634
larry:0.029704464287405204
pa146008:0.03838436920894713
div:0.03529705324203083
love:0.021387042092689205
public:0.019370879725886234
univ:0.0303568847794458
boston:0.027253445329081964
sort:0.02050628305660804
writes:0.004321976411879492
down:0.015453369784007569
whatever:0.021601049534335705
of:0.005083414001718658
looking:0.016953498989585907
what:0.006015961457494322
but:0.0043482563545778445
they:0.01829254165701458
who:0.00845132597538463
beginning:0.02647115551723457
now:0.010796826129923165
david:0.032633271102542404
sounds:0.0232856507422277
one:0.006426868678272042
in:0.003483915723421382
gun:0.11964102927465364
according:0.022480563428668093
and:0.0012477039689241499
still:0.013344503805421877
for:0.006379389468864196
subject:0.00017448991432691697
i:0.0024954079378482997
example:0.01837489636443075
group:0.01762820872422644
info:0.01925095071498299
back:0.041301112158187006
similar:0.020684694691939225
pay:0.021783281450966557
turned:0.0256660022216575
the:0.001970596104546544
do:0.009389776717731982
relations:0.03149816916127292
can:0.0056507581205079305
operating:0.06007942915503983
radio:0.023446734384102396
nra:0.03470915627037763
pays:0.03802450138422146
just:0.007675742244875072
firearm:0.036291770989363675
people:0.009838386536425605
is:0.0035120604822309006
morning:0.02804013606274128
keep:0.0173164351903655
life:0.0182377735509066
their:0.00989335698419421
every:0.015896395600898016
article:0.005296293335402621
shaft:0.03522060853769624
by:0.00647343447592919
giving:0.024793248021497225
