library:0.01869244907009455
another:0.009899577367806155
some:0.005212218192559616
since:0.008932239390195005
report:0.016945215283369442
at:0.0039328795198858525
out:0.021038876769293925
ideas:0.01605800730821192
there:0.008194455228367387
50:0.030814136510075273
percentage:0.020114117512588015
small:0.01334261562618755
pass:0.036243528751708
with:0.002610836503524765
4:0.011090488857940532
owned:0.022495889990124
ohio:0.022644713294890033
fm:0.02605253222003822
violent:0.021543841811187986
themselves:0.014448438465726863
my:0.0042420279523674165
to:0.006152674821834066
crime:0.05372166864157388
look:0.010585572876231743
day:0.011354031409655678
100:0.015082643298352997
enough:0.01085780592382766
been:0.0065501803000957105
that:0.0015486813635467713
ran:0.020266944171705166
control:0.013614438705093854
bit:0.012165554455605802
through:0.010577961134039405
nt:0.006375701354664629
need:0.01715358920979675
funds:0.022212348000292186
brought:0.0172963966184628
re:0.003338754489090808
so:0.00456165445261125
anyone:0.007468369418041925
this:0.002343671599872406
bus:0.018067154695337772
something:0.008886880880194297
you:0.004962490976863587
used:0.008814569233646721
them:0.006544014158626075
card:0.013664769404081435
3:0.01045297296713223
more:0.005675977793842526
passing:0.021818184575534697
a:0.005610954077061409
how:0.005872156237630019
cbnews.cb.att.com:0.05370052683957087
uniform:0.024850153051361505
ride:0.018851337217874475
lose:0.018771186308871816
are:0.014350700482170213
no:0.015076951823872899
hey:0.017205977614424862
works:0.013281812471208661
police:0.01640885674836023
it:0.0030612091941068925
have:0.0022823688086948788
buy:0.040270193641660255
money:0.013840266815755044
larry:0.040578419964044606
has:0.0047534574727078165
shows:0.017250958203660318
free:0.05156263918079885
which:0.017302129453359613
boston:0.01861507649709616
sort:0.014006523694915313
guns:0.03602640993339812
writes:0.0029520642456141175
get:0.005867740961121082
whatever:0.014754288298006084
of:0.0026041149852554283
america:0.017579189975296707
looking:0.011579845291993945
what:0.004109116531234961
but:0.0029700143850464743
central:0.020448259882214943
they:0.020824098761333565
who:0.005772557474258251
up:0.005997590939073145
now:0.007374617847670733
good:0.007232186836426335
sounds:0.01590493108732517
one:0.008779561676568057
in:0.0031728518195444726
gun:0.0817190958884911
according:0.015355027699045615
lying:0.021881508838891645
unable:0.02042518858686475
and:0.002556679114893682
few:0.010203694200474492
for:0.005809801123429892
subject:0.00011918284326793882
example:0.01255071046320493
back:0.02821013464376166
similar:0.01412838521369063
pay:0.014878759205347692
angeles:0.021148013074198446
allow:0.01565301192577943
will:0.010118797722350753
turned:0.01753079616032856
the:0.0016824843972969932
do:0.012827105694758869
can:0.007719339218193869
convince:0.02109422584867981
because:0.007878224548636223
operating:0.041036395806790596
radio:0.016014956967712796
fbi:0.017030454831653278
nra:0.02370759334539186
tour:0.027256387429632427
firearm:0.02478857572041358
here:0.008037504042961588
people:0.013439938750652834
south:0.019293033413655295
is:0.00359829411014282
either:0.011176619228184633
living:0.016446450955487052
morning:0.019152414364283107
else:0.011279251005973467
keep:0.011827743679133576
lee:0.019049782586494268
figure:0.01648436443783372
life:0.012457050684324598
2:0.00869825692899736
their:0.013515032308765303
1:0.008743410231806734
protect:0.018434676772373496
every:0.01085780592382766
almost:0.02698207973450507
article:0.0036175575014133973
opinions:0.01274825962285733
commit:0.023295212451949827
teeth:0.025040151330016844
by:0.004421586941148063
los:0.02035668157938859
giving:0.01693467387182623
