some:0.007342999214675183
all:0.01200085321567662
true:0.016247049007282056
c:0.01626476538005635
previous:0.021844021507501924
atf:0.055968212027278884
dennis:0.03411484147625431
occupation:0.03360560208925011
to:0.004333959622927141
then:0.01003698333192329
us:0.012955197397389913
been:0.009227926963656851
that:0.0021817900970721813
quite:0.0167056564912541
cleveland.freenet.edu:0.026933451393116387
like:0.0073247739843312785
really:0.012272929202458654
re:0.002351827061497928
batf:0.057357190865195536
so:0.006426481744559246
supposedly:0.029176690034240487
this:0.00660355268391722
he:0.010000837783146133
laws:0.023345118949923853
these:0.010419094170433602
you:0.017477955641783706
them:0.009219240072529817
burns:0.02907386526693527
why:0.0111932237745535
a:0.0008783044816643994
immediately:0.026557858722037
acts:0.055085139591137394
also:0.009330170639494128
jason:0.028678595432597768
enforce:0.03536850753047124
are:0.004043467808812739
no:0.014160323725566162
crap:0.03056285396737545
d:0.011458139763377582
it:0.0021563234574841004
should:0.010332151837946413
texas:0.024957041960182405
have:0.009646237983917979
made:0.029252572980100647
calling:0.051735856849653566
only:0.008387020366473501
christopher:0.03043493142500361
expect:0.021737239516719423
types:0.025766649131955217
be:0.007276242228144294
which:0.008125109009544138
were:0.019513249024808794
if:0.008429565028470557
of:0.00611448382282197
even:0.010560751243811483
congress:0.027463124846474982
but:0.004184171209122078
ranch:0.03056285396737545
fact:0.015083441060558738
mistakes:0.03294295733668517
they:0.005867419022061281
exceptions:0.03636891441493468
who:0.008132408014049361
in:0.003352447205556424
government:0.03385679168070815
rather:0.016185431779326184
and:0.003601862400856508
for:0.008184877054391798
subject:0.00016790538925797672
half:0.02378392128045922
anti-gun:0.03936843688091147
i:0.006003104001427513
held:0.02556885584464388
rangers:0.029351891005957257
agency:0.027515976486703786
than:0.0089974923410029
the:0.006162760459029993
do:0.009035445520836436
when:0.008224367565054944
stupidity:0.064917851262853
would:0.005865721044681611
did:0.01033906316630796
fbi:0.04798518090931239
an:0.005647158104161867
people:0.01893425333425305
about:0.012390140632979517
is:0.0016897649489978862
dividian:0.031796280878861556
time:0.009934024967947885
beleive:0.07055338236382105
their:0.00952002275837556
run:0.016835436656524497
zionist:0.03681834186136326
survivors:0.029532112740299245
conspiracy:0.033746940805300794
senator:0.0370557024147145
leave:0.022221271221978093
article:0.005096433209538371
admittedly:0.036478296444569076
by:0.006229153929667712
says:0.01610708644294068
attribute:0.11307458114737688
