some:0.004184719982556825
since:0.007171403668113553
out:0.004222856985951469
know:0.008844982979629403
hours:0.014036467299464596
all:0.0034195979593057034
ever:0.009474631028064017
your:0.004515886101008109
with:0.008384621889455875
much:0.0062623543711825495
into:0.012837303964031443
someone:0.00789769933570975
wood:0.09030608168078452
wrote:0.009231451522196635
post:0.009256551270362654
atf:0.0159479313841171
knocked:0.01961882634427961
my:0.006811571765808612
weather:0.018702966269665812
to:0.0019759127743237716
stop:0.011913810446525583
building:0.02724349511712295
everyone:0.021917654175721172
then:0.005720001253676714
day:0.009115781490189505
might:0.007623961060496222
been:0.021035704476293035
that:0.011190471788208929
think:0.00516038719544285
nt:0.005118842664676979
could:0.005408993388265439
rob:0.03154611248744974
anything:0.008319860753832987
re:0.0013402885404235503
cs:0.05500766219149132
eat:0.016183599404055383
michael:0.021539033703754044
so:0.0073248071497126884
had:0.005499671991692241
this:0.003763314970404437
presume:0.020103920781088795
off:0.00782601235826649
on:0.003634471865514623
you:0.003984222146299081
used:0.00707693013740812
inside:0.026910792308775532
burns:0.01656897698008139
why:0.019136801937139857
more:0.0045570574402176555
a:0.002002156452826373
exposed:0.019951377360232895
was:0.01904217492691152
as:0.002867792688949887
part:0.008778573879617481
pointed:0.015504112924933065
let:0.008262142447142741
question:0.007824322879380303
theory:0.014582612390597221
others:0.00966425886404443
no:0.004034930954059175
caused:0.014273527523495224
gas:0.042668491093215084
place:0.009747052391815145
stomach:0.020373538778356133
it:0.0073732350481714405
not:0.004321935545347418
texas:0.02844566072881005
have:0.0073297578945900055
being:0.02092262290242095
buy:0.010777208334207764
robert:0.05726544854762909
has:0.0038163959637510787
without:0.008054517866675609
be:0.008293351356809624
claims:0.013463532887486473
writes:0.004740232193674282
were:0.01668068061798171
if:0.002401972830693223
of:0.002090758984577835
even:0.006018492644322673
but:0.004769055356633765
drink:0.017974145753472157
ranch:0.017417540433020417
wearing:0.01800293489934049
fire:0.012892450311969427
utilities:0.01853143931203988
using:0.007901149027401149
they:0.010031393811911224
now:0.011841680271528633
over:0.007189751801144652
difficult:0.0133591694517491
in:0.004457913667603704
or:0.007250660835517047
use:0.005959783253574724
and:0.005473798057215625
wpi.wpi.edu:0.04209898558400653
for:0.004664499826696401
subject:9.568801753411576e-05
i:0.004789573300063672
6:0.010531719113115392
stove:0.1298158690914132
sick:0.016097642541379808
water:0.02939137788323692
will:0.004062026325818224
turned:0.01407490444413476
than:0.005127603162076922
eyes:0.015489747256841527
warm:0.018957790361722196
the:0.004592760275918961
do:0.002574616196797479
original:0.022123068195508813
less:0.009852564718983074
around:0.00848456786076572
would:0.013371321091102166
because:0.006325169530087864
agree:0.010812025731055337
claim:0.011703365751971277
bought:0.013129332433220288
mask:0.03846425511141811
makes:0.020021346826179027
army:0.01599714354473324
about:0.007061047887611982
crazy:0.017542439111623172
claimed:0.015253948903658722
nose:0.018273004566873773
is:0.0019259686515459779
either:0.008973343036248596
dividian:0.018120461146017876
else:0.009055742743147157
type:0.02322948036080069
cook:0.019232127555709053
food:0.01510924476283296
their:0.010850778627825906
run:0.009594388632212885
unless:0.011032478228460542
survivors:0.016830128765976986
first:0.006729587202118427
masks:0.02133075306240289
article:0.005808837851731907
very:0.012496361948268439
purposes:0.015867383513679615
hopes:0.020545614832787534
training:0.01606382880577637
going:0.007805790982256927
