likes:0.02555180440058209
reached:0.022684086597621157
at:0.004255869625383725
out:0.0056916768071519795
there:0.004433714906169794
surely:0.02167398129395662
202:0.0290553575170625
all:0.004609023336455513
sounding:0.0290553575170625
send:0.04251227711414816
document:0.06601207785255794
hand:0.01525236451909504
with:0.0028252530279688276
way:0.008368950819065427
from:0.008179442071789136
my:0.004590407059566673
to:0.007323763652656589
hill:0.024073855063571792
signature:0.024149339691122908
important:0.015180527985377886
mail:0.014803456545100752
been:0.0070881178126639575
that:0.00167586775572211
guy:0.01635908573405251
really:0.009427032575801573
through:0.011446682579830081
nt:0.0034496548392388333
me:0.010469455849319272
need:0.027843507123148353
re:0.0018064758588317417
anyone:0.008081713766383532
stack:0.029381160805929805
this:0.0025361470452725556
off:0.010548103613315702
hi:0.015222302705383597
big:0.013409567893079986
on:0.004898635992650144
you:0.016110115635035418
books:0.01763641503887034
tell:0.03492789932786163
numbers:0.0340844676424995
them:0.007081445273102613
e.g:0.01961002521831544
bill:0.014954173312520374
m:0.006612631459497933
answers:0.02024449865822407
more:0.006142120897684665
legislation:0.025976774318195405
a:0.0033731983716096497
want:0.018285970702533155
crash:0.02467102393297844
awful:0.024303942256756594
washington:0.018546924325673883
hands:0.019349613310894166
those:0.008965776107669372
internet:0.013799680884611623
it:0.0033126128477291975
have:0.0024698097253509797
only:0.00644220404961008
ve:0.008817071009794368
copies:0.021812677457639863
rights:0.01677874115793626
shareware:0.023962794589056334
messages:0.021135460199931892
225:0.02875014543193433
has:0.00514383803809928
be:0.011177995307004276
writes:0.0031945043044326682
get:0.019048898192624963
if:0.00971232492410738
of:0.005635959001905468
but:0.003213928609905363
reading:0.015875951914797053
they:0.0045068580894093895
who:0.006246632242675595
in:0.004291780238997354
gun:0.01768606519712271
our:0.010771861946765186
5:0.012554941482694119
use:0.008032751341774627
and:0.0064555118392162535
for:0.001571733637256396
subject:0.00012897080624163428
p:0.03252297622832222
anti-gun:0.030239523980989967
i:0.00553329586218536
info:0.014228963571943948
back:0.010175636328828683
house:0.03321615405304532
room:0.057797514207516026
will:0.01642471514352586
the:0.004369582666603206
do:0.0034701348739444283
educated:0.029381160805929805
can:0.01252994191938715
peter:0.017786923095777566
because:0.008525228497074946
senate:0.050229077327339715
come:0.0115999694418812
fight:0.020577797554296298
quickly:0.020505692963877574
10:0.013963148588870359
here:0.008697588916055052
requests:0.025352563055006973
is:0.002595870791214144
number:0.012088235982597865
deal:0.01592422701333579
involved:0.01739554172495588
envelope:0.030659868797364986
save:0.017500049431986926
obtain:0.04425517114604973
run:0.012931567286895627
1:0.009461468076930959
first:0.009070313185463967
too:0.009432453467944427
him:0.011577368615281679
resolution:0.02158368113447762
little:0.011330138656514319
hundreds:0.022684086597621157
going:0.010520848715215856
answer:0.014667976048931674
by:0.004784712438730271
happy:0.018348285451618457
s:0.005994553438222399
