all:0.01362954043780416
ever:0.03776317224042658
your:0.017999031745446606
cut:0.052300221368634305
option:0.059865874603605464
much:0.02495995527942759
atf:0.06356389794526673
brent:0.07649234332555561
that:0.004955780363349669
cold:0.06311643407199471
church:0.053532512001268684
nt:0.020402244334926815
tanks:0.07086140685620945
me:0.015479838291493495
re:0.005342007182545293
eat:0.06450320333902074
had:0.021920121224030503
off:0.03119224925651929
on:0.007242983217704142
you:0.007939985562981741
american:0.04610050310554594
seeing:0.05726128093512039
burns:0.06603920824918154
as:0.022860404577629098
popular:0.06042817565904232
no:0.016082081945464427
flag:0.1582581516947675
have:0.007303580187823612
after:0.027560195538070733
uxh.cso.uiuc.edu:0.08444678242566724
bother:0.06550864329276074
electric:0.14937085387656496
writes:0.009446605585965176
of:0.005555445301878247
never:0.03148484615516943
ranch:0.06942133972589566
phil:0.06330649072379989
who:0.018472183917626405
adobe.com:0.0760187403638856
in:0.002538281455635578
or:0.00963302082432979
subject:0.0003813850984574042
outside:0.05149679682116464
news.cso.uiuc.edu:0.06550864329276074
the:0.004307160057080302
do:0.02052336911161419
electricity:0.08098161618036279
did:0.023484443477756647
americans:0.06117741102150722
fbi:0.05449745546129049
irvine:0.15567574993853125
dividian:0.0722229808534141
food:0.06022113269757709
their:0.021624051694024485
hear:0.047338308060840106
survivors:0.06708008465296542
article:0.011576184004522871
very:0.02490346416833496
especially:0.04464708153567631
bothered:0.07952048976435683
