sent:0.05837591346491448
rating:0.08729039651852935
scheduled:0.08120178704458242
daryl:0.1961758335362345
to:0.00437523542885978
tracking:0.09234521764739496
concealed:0.09321918236458587
wednesday:0.08314174946877684
this:0.00833305457732411
on:0.00804775913078238
bill:0.14740542265198653
a:0.0044333464312583965
vote:0.0722989424099444
was:0.014054938636529929
it:0.010884299356824506
texas:0.1259736403704445
safety:0.0655979902404153
public:0.04704356504858085
regarding:0.06280946620747424
be:0.009181924716467798
but:0.010560051146831909
again:0.11627948276704847
latest:0.06613248571829763
well:0.02671218905005309
must:0.03678508615046821
up:0.021324767783371182
now:0.026220863458384827
called:0.04257546818820212
hb:0.22650953020377212
debate:0.07206024594384058
and:0.003030138210244364
for:0.010328535330542031
subject:0.0004237612205082269
i:0.003030138210244364
back:0.03343423365186567
the:0.007178600095133838
got:0.035113552724294825
come:0.03811418530903823
people:0.023893224445605037
today:0.04506549628251354
gave:0.058918633540283996
carry:0.0617850452370366
committee:0.15278293590884437
supposed:0.05791579383200572
past:0.05243673725243434
by:0.01572119801297089
