read:0.011222787435138227
king:0.020780462895434632
studies:0.020886548991750964
at:0.008722425865885456
block:0.021721679639422432
dan:0.019672294501917122
thanx:0.024023107998724244
202:0.029774549534811574
43:0.025413713867369795
send:0.02904304080075468
absence:0.027224232577561135
ca:0.010180933644021391
someone:0.010908208488430791
times:0.013913248225213002
journal:0.02451857066484792
from:0.00419095175460483
2.1:0.025980101744487345
to:0.004093660871556923
lies:0.022328621827998333
dod:0.017314178424219985
death:0.01661097219820011
published:0.020297510963918568
us:0.010197407852400971
might:0.010530124435041812
family:0.019507262718414194
relevant:0.022257390454473093
that:0.00515204889259124
liberty:0.024669742565145352
think:0.00712746548281463
pittsburgh:0.021893888134894787
nt:0.0035350423352595965
its:0.010236755227891931
me:0.0053643003980423
need:0.00951090094800612
boulder:0.02728894585264704
so:0.005058468303885743
child:0.019630517924462347
appeared:0.02354209934301311
suicide:0.05119080760454581
student:0.01991592808004293
tail:0.028139689698818617
something:0.009854758995859024
these:0.008201168183658132
on:0.0025099446794024254
western:0.020250137444036635
you:0.002751480145587732
numbers:0.017464071292072763
used:0.00977457182344983
them:0.007256728571941787
more:0.00629415359317191
a:0.006222048085454235
member:0.01975692040963643
sorry:0.015729785568012994
was:0.013150412882693845
owner:0.022187169489166374
as:0.01188288356757948
following:0.013551060757622581
copy:0.016913920520115557
colorado:0.04666536324354416
daily:0.044144607324078655
quoted:0.06635379200252774
illness:0.030108417261522132
begin:0.02065950237396294
likely:0.0163683604204442
co:0.022598939323220373
it:0.0016973041076236235
have:0.005061887258887652
kind:0.013641221272094356
university:0.011635347037617098
public:0.029344005921392018
pgp:0.04499785184131679
be:0.005727339179578924
which:0.006395506596621375
found:0.02648040104214849
get:0.006506801857876843
kill:0.03658051590696422
if:0.003317576335462422
end:0.026774588144311974
of:0.006738040093862231
ucsu.colorado.edu:0.027097289851752533
even:0.016625341066990353
institute:0.019269593316501517
key:0.03174101357659976
seen:0.025667969214082702
version:0.015447874295374182
street:0.019742715249102007
well:0.01666205851636975
repeated:0.02564188766539092
email:0.013583656727564064
in:0.007036819877009524
gun:0.0362476781762812
wash:0.02907330935133124
presence:0.023634634654954464
or:0.006676351066367181
world:0.012481439053132063
rather:0.012740018083727047
and:0.004725215525876112
for:0.0016106379352082872
subject:0.00013216315293078365
editor:0.022858186776276393
i:0.0037801724207008895
info:0.014581165640556424
information:0.012073372695464183
will:0.01683126749856363
than:0.0070821845654428775
mere:0.02628960846221672
the:0.005224030762300368
specific:0.018144338061734815
home:0.02900359457288464
county:0.027354516282102587
friend:0.017194056533132704
an:0.004445040289909588
people:0.00745184722808474
about:0.004876317724365701
newspaper:0.024408146122697923
is:0.0013300625093597223
write:0.01610977190587878
study:0.018343432417994052
wall:0.0222104659794506
article:0.004011548912458421
very:0.00862991332566063
deaths:0.024125183677945704
commit:0.02583231479820179
before:0.010525714194171507
letter:0.02020321296901414
by:0.004903145914936466
s:0.003071466736910982
