out:0.017326133810006764
folks:0.05445905662198203
thanks:0.02931450948406122
own:0.03333074464041169
with:0.008600402599846284
to:0.00810705388288724
that:0.005101538609330541
re:0.005499125040855449
talk.politics.guns:0.0884479265592932
you:0.008173514550128262
support:0.040278769257845674
a:0.0020536825380094046
how:0.01934357348866359
want:0.027832323054590904
gary:0.18726522544952903
russell:0.15376411428469922
dogma:0.1756440997533277
are:0.018909158282388986
race:0.06427690777719938
not:0.008866323655528896
herein:0.08555512811449828
stated:0.057089633277908225
yourself:0.05156286281433224
regardless:0.06654382953936494
of:0.008578261127900236
lawrence:0.06975344080436521
well:0.02474805750225507
alone:0.05645901963844844
in:0.0026129367925660364
citizen:0.0717684672391342
or:0.009916344966221843
use:0.024452640113931588
and:0.008422001790238012
for:0.004784542101648147
subject:0.0003926023072355632
i:0.0028073339300793373
criminal:0.06863162749922358
any:0.01504834215130599
firearms:0.06984338531932752
the:0.003325380926422293
wrong:0.03887385377690971
an:0.013204384390613775
religion:0.05222840092592224
is:0.003951068042509763
followups:0.0858201061365965
representative:0.07793831794486808
right:0.028527552849857345
karl:0.08636483072013104
slaughter:0.08087198500981395
history:0.04883834712280707
show:0.044265715731394595
opinions:0.041994266992941794
mine:0.048018221247058616
s:0.009124062953764975
