some:0.0069085022197239885
king:0.02483818641939524
technology:0.01992702772672747
media:0.023381397578078472
nationalism:0.03896451990828136
with:0.0034605170224233568
much:0.010338443015147523
ca:0.012168926604096575
such:0.011378800020519518
times:0.016630036340195425
modern:0.024298982870070065
from:0.005009303280651927
turn:0.02024543274979003
organizations:0.028139077321234607
both:0.013288189836143419
to:0.004077512307961038
changes:0.024129640826841353
city:0.02177387928098457
look:0.014030581800449174
social:0.05138274783403912
everywhere:0.02944121865127485
speak:0.021215578784842568
civil:0.024693606387813687
make:0.010414677416270435
that:0.00821076036531306
movement:0.027853857783850716
nt:0.004225316874097269
could:0.008929639972343535
re:0.004425331393824504
effort:0.024037614714371023
lost:0.020736723812531655
apr:0.02205448684637869
big:0.016424737005133475
on:0.003000052220350828
western:0.024204306294055622
focus:0.029579368734097288
you:0.006577502833239312
society:0.02198953383672691
concerns:0.029720821520212992
great:0.014918643128595721
m:0.008099495337964923
sure:0.02582300615573022
passing:0.02891877718887439
a:0.0033053352091038934
as:0.0047344033148936
old:0.015668124747587716
pissed:0.032775356859863096
border:0.02871401074403726
waste:0.02531704139170615
jack:0.025294413602129796
cited:0.030704970724044434
organization:0.045347138794282496
are:0.0114126280757614
it:0.006086191060472875
have:0.0030251515570867034
try:0.01441650693694315
date:0.021170409407001912
were:0.009179309452498811
if:0.003965387099191771
of:0.011505360092647257
trying:0.015954604870227197
freedom:0.023597801658689972
but:0.003936587113907753
year:0.014643554533784922
fact:0.014190929755200232
toward:0.026464274404694496
they:0.005520234464542862
who:0.00765120043925354
one:0.017455223214951878
in:0.003154077548422908
government:0.03185343122622837
our:0.026387874828170337
world:0.014918643128595721
and:0.005647890746905175
for:0.0038502824013263194
subject:0.0003159403182487372
values:0.050543744027730986
i:0.00225915629876207
acceptable:0.027385589614864186
we:0.007974816010141834
back:0.01246364923116886
valid:0.025408427914945637
face:0.02123829343754769
than:0.008465096344493852
the:0.0062441077750572446
see:0.010469738233202226
allowing:0.027819152935019957
can:0.005115775103181736
liberties:0.032937480967485076
forms:0.05664916683044644
imagine:0.023300228132937646
an:0.005313006737051696
people:0.01781388331447476
about:0.011656996216826882
different:0.014953946142078388
15:0.019774027999885466
trade:0.024964987552270383
is:0.0015897788573412065
deal:0.019504822436452716
karl:0.034750346088573435
their:0.008956707802258662
1993:0.017926957414261164
fans:0.024337281772470166
change:0.03517170541905902
very:0.010315044330079568
already:0.01719400190116776
live:0.01832359925412816
while:0.012842263348393623
s:0.007342441193562347
