screwed:0.025339580121295207
some:0.01111939881079385
since:0.009527722016208008
go:0.018527926207563116
boy:0.021594441452951564
say:0.009035928448893065
there:0.00437037612179594
opposing:0.025660729077464407
ahead:0.02057923564123232
take:0.010122614906360494
hand:0.015034473597393684
your:0.005999677248482203
way:0.008249394378793065
much:0.00831998509314253
ca:0.009793088552820578
turn:0.016292753022450073
wrote:0.012264642736632672
both:0.010693828963372563
my:0.004524829815858578
single:0.015482984145297024
to:0.0013125706286579342
janet:0.024194887941539414
front:0.016747385377933018
day:0.012110966836966058
perhaps:0.02750915750133377
been:0.013973717973537518
that:0.008259633938916114
think:0.006855942988231216
cleveland.freenet.edu:0.02039247034050241
bit:0.012976591419312856
like:0.011091800604844508
nt:0.003400374055821136
months:0.016170450190380097
could:0.007186234072981227
happens:0.017790845308470377
re:0.0017806690608484312
batf:0.021713793684681168
so:0.009731529498904002
he:0.04543237735772101
federal:0.01881645805092982
on:0.002414327739234714
you:0.007939985562981741
possibly:0.01846168411141591
why:0.016949738858609585
ray:0.02065604222185081
a:0.0033250098234437974
how:0.0062636333201386875
was:0.012649444772876937
shit:0.02294866610321313
said:0.020871474558699355
hands:0.01907319026359568
responsible:0.03724624014355259
are:0.0030614827695296457
plan:0.018597924749707652
d:0.008675448677985883
action:0.017532824194409317
it:0.004897934710571028
have:0.004869053458549075
ve:0.017382225705023187
has:0.005070354637555005
accidental:0.028744942441670068
his:0.008782995435739318
list:0.013864898080578952
which:0.006151868250083419
get:0.006258923691862488
of:0.006481352852191288
future:0.016688125353894526
what:0.008766115266634584
but:0.006336030688099146
sense:0.015649152601728528
they:0.0044424744024178274
up:0.006397430335011356
sounds:0.016965259826480183
one:0.004682432894169631
in:0.005076562911271156
u.s:0.01679877333808904
yes:0.01269926605001852
ho:0.027876744552175044
total:0.017433407122878105
and:0.006363290241513164
few:0.010883940480506128
subject:0.00012712836615246808
leaders:0.021059835253565463
dismiss:0.02796575470937577
i:0.0018180829261466185
usenet.ins.cwru.edu:0.024801768639482847
branch:0.021713793684681168
we:0.006417828122447476
cameras:0.027067701519816006
socialist:0.027789367701374107
review:0.02057923564123232
the:0.004666090061836995
century:0.021275342832556516
rock:0.046412258123286025
her:0.015744803832998706
did:0.007828147825918882
once:0.012776339023451936
maybe:0.01260910991591583
last:0.010381726438378562
fbi:0.018165818487096835
an:0.0042757054217225565
just:0.016776979478084084
makes:0.013299894677390355
intervention:0.026709494752017972
people:0.021503902001044534
about:0.00469055323962796
bosnia:0.02436053611337473
general:0.014040144586131198
is:0.0025587869227682277
clinton:0.034906250366385075
planned:0.023513455352774305
executive:0.025829808546306836
attorney:0.02453215485853281
gave:0.035351180124170406
days:0.014182155355000822
time:0.007521476047160542
90:0.01919980671211587
man:0.013800234946643805
followers:0.022855596598103746
briefing:0.030837164631116947
too:0.00929770413268808
agencies:0.022064829760379105
every:0.02316331930416568
under:0.02311736597243466
him:0.022823955270126744
admitted:0.026187118955558808
supposed:0.01737473814960172
article:0.003858728001507624
full:0.014712678494872636
deaths:0.023206129061643013
reno:0.024620340800281557
before:0.010124734605822116
understand:0.014267415537788828
while:0.01033496431370725
s:0.002954458480266754
news:0.014613697696016281
