believe:0.018729930002847762
go:0.016770967687880407
there:0.007911887806699547
all:0.008224722677985269
own:0.039077424750827504
your:0.021722969347952804
hell:0.029425697624843927
wrote:0.022203232540455697
atf:0.038357524622143715
themselves:0.027900432899334634
my:0.008191502252847425
paranoid:0.045873377805793036
to:0.005940513621081168
bds:0.05130413883112419
that:0.0029905571158144553
nt:0.006155849583814125
re:0.0064472500478994915
jmd:0.04927556911617191
you:0.009582741196702101
tell:0.02077607804846942
them:0.012636716995967594
m:0.011800126828586829
sure:0.03762144862343454
a:0.0012038828671089613
nor:0.02978050859461554
following:0.04719507367309934
belief:0.03551306293593666
let:0.019871877092696767
cube.handheld.com:0.04985049475840184
mind:0.02611772243974256
no:0.009704704622263015
fuck:0.09773643332112751
fanatic:0.04985049475840184
it:0.005911300512758138
not:0.005197500073930732
should:0.014162173639943789
have:0.004407332871962525
made:0.020048099585500013
being:0.01677417180969955
ve:0.015733911198512363
reminds:0.04822935483165236
willing:0.030826722879135092
without:0.019372504179331854
be:0.009973469950646057
structure:0.03971257275595762
get:0.01133081013182002
were:0.013373304288554303
kinda:0.044025016845918426
whatever:0.02849103947201175
of:0.006704847778128919
what:0.0079348457154882
but:0.005735200191813882
seems:0.02031454387397481
they:0.024127231668303717
bd:0.042011095715043384
up:0.011581554916830902
waco:0.03348858370251079
in:0.0015317215680559523
government:0.06961073117111115
arras:0.05000042357488347
subject:0.000230146180103606
i:0.0032913570214723265
fanatics:0.050627659387663025
group:0.02325099943798832
any:0.00882144195076558
the:0.0019493612327303093
do:0.006192395852642213
did:0.01417164692623246
wants:0.030349441056842664
jim:0.05838501287842878
thought:0.023142986251652693
just:0.010124039340223155
about:0.008491518795878204
is:0.0023161433352643437
ignorance:0.04160190142850094
done:0.02283330647776464
right:0.01672304822233017
time:0.013616465257790634
does:0.010504213916702804
their:0.013048996711911327
first:0.016185817494750353
too:0.01683205058503876
whenever:0.04088994805773133
him:0.04131922936833289
supposed:0.03145426733979621
article:0.006985628278591388
de:0.03483605195813767
thier:0.052430174886443706
devoted:0.04941574602023898
doubt:0.03000062326707386
s:0.005348588628069123
