at:0.011591644900716198
there:0.018114058925864752
know:0.02435279853272964
story:0.023651694263240815
ammunition:0.07777993118153562
with:0.011542645594530538
to:0.0018134199474879353
remember:0.018306737082376526
crime:0.02638959161340471
indicates:0.03234109682476202
t:0.03389832967105844
director:0.03253460922743501
that:0.02054040545335718
weapon:0.03192544615619932
weapons:0.05262573665117991
nt:0.004697885208700253
re:0.0024601348866984903
had:0.030284378006884244
this:0.006907663662781828
he:0.010461402681054178
on:0.010006753129722826
purchased:0.03149246445508371
them:0.0096438103390279
a:0.006431269000608398
other:0.009074394656788887
million:0.07724035379864089
was:0.017476206594106293
as:0.005263908948796174
worth:0.023126076439419985
no:0.0074062219485691435
premises:0.04307410221392568
d:0.011985817252480496
deep:0.029932865643398292
not:0.007933026428631116
statement:0.04569999236437902
being:0.012801341644244395
ve:0.01200745854623312
per:0.023268586286664585
astronomical:0.04118145700042712
his:0.012134401588850372
heard:0.017780574733025488
be:0.0038056661653781006
if:0.004408884340548745
of:0.007675286272331788
what:0.006055540151293626
year:0.016281320501379287
bd:0.03206109936148047
identified:0.03601087203982902
waco:0.02555707703612665
now:0.010867857880777923
in:0.001168945407200595
door:0.05565753021227582
and:0.0025118250953341434
subject:0.00017563787428959404
i:0.0012559125476670717
person:0.01845522657285428
we:0.0266002086654073
house:0.02261757858217231
mention:0.024833386936032386
firearms:0.031245725011278095
2000:0.028458207276686347
the:0.006446571795959006
do:0.004725775782279583
rounds:0.11745947574494223
would:0.006135852934897211
fbi:0.05019502476697809
an:0.005907224595800899
koresh:0.10747891128009873
about:0.006480369607380733
is:0.008837915358245522
number:0.016462268739458934
spent:0.02856475126300201
met:0.031046950152090618
first:0.012352334403888427
dave:0.023067596522201264
agents:0.029966009025174326
side:0.02118660578007364
past:0.021733647676995812
assault:0.06265389523074434
says:0.016848860160707683
bernard:0.038274662577538705
s:0.008163635274421294
news:0.02018997708002249
