cat:0.06751969212546005
happen:0.045088429682230875
tower:0.07332393307556466
where:0.024632757309783492
into:0.023877385373098487
to:0.001837598880121108
recall:0.05214473620097363
that:0.004625395005793024
church:0.049963677867850775
higher:0.049491652173838566
through:0.03159284392033103
nt:0.00952104735629918
re:0.004985873370375608
batf:0.24319448926842907
so:0.013624141298465602
anyone:0.02230552999521855
lowest:0.07558284176833861
on:0.020280353009571598
seeing:0.05344386220611237
came:0.04024968976637262
how:0.017538173296388324
other:0.018390773171092147
was:0.011806148454685143
truth:0.04793410037350139
made:0.031007727358906688
attack:0.052649300910082436
highest:0.06292181897490366
structure:0.06142211252921446
down:0.03152487435937544
of:0.005185082281753031
bd:0.06497716137260044
waco:0.05179567612655002
in:0.00236906269192654
firing:0.07298203400072016
morris:0.06554462289818438
subject:0.00035595942522691063
i:0.005090632193210532
structures:0.07710209855966152
info:0.0392719394585653
room:0.053173713070914744
assumption:0.06324311966262446
any:0.013643830217184098
than:0.01907468376292615
the:0.012060048159824848
do:0.009577572252086622
see:0.023591810152149017
original:0.041148906843646395
rounds:0.07935040139213875
did:0.04383762782514575
an:0.011971975180823158
koresh:0.054455981715250026
about:0.013133549070958287
agents:0.12146222324870662
roof:0.07665007787065244
s:0.00827248374474691
