tv:0.04305296654831435
basically:0.04459325623008962
some:0.013267464490151752
there:0.010429306654285767
know:0.014021308246117066
way:0.019686054767574356
from:0.009620139254888358
atf:0.050562191547371266
themselves:0.03677784336730475
to:0.003132270818388252
remember:0.031620727687741275
building:0.04318713146407559
t:0.02927583017045957
speak:0.04074355471179993
been:0.016673186218425447
through:0.026925719250282122
nt:0.008114528996845892
could:0.017148967674159743
re:0.004249323895206484
started:0.03726414631805574
flee:0.06810173637285198
suicide:0.058753086000671896
on:0.005761463923173749
kenneth:0.05586189451549805
burning:0.05390038607610039
burns:0.05253118838003077
why:0.020224120229022802
a:0.0015869365066436309
was:0.010062058342061201
as:0.009092206366102482
said:0.024903463962084458
are:0.0073058111545593815
no:0.025585130367784314
d:0.020702775254284496
texas:0.045092837178056844
have:0.005809666058496055
kind:0.03131280337458023
allowed:0.04354355941041899
attempt:0.04382554996859767
be:0.006573423376562174
writes:0.0150286907049446
were:0.017628446562185218
of:0.006628656326104726
reasons:0.041324141770410286
ranch:0.05522152023650792
phil:0.05035743580302265
fire:0.040874927693630346
court:0.04541660940299215
they:0.021202718738812357
adobe.com:0.06046945256218174
in:0.0020190875215283007
or:0.015325260402342849
rather:0.029244132419464358
for:0.0036971461694553865
subject:0.0003033745101365716
p:0.0382514549958108
until:0.032513246879143684
we:0.015315271655840568
any:0.011628264389645537
than:0.01625683275249388
the:0.005139225068107179
returning:0.06551776089335584
rtsg.mot.com:0.06424370068743872
fbi:0.08670049732478034
an:0.010203387938201554
people:0.01710537659173997
dividian:0.05745009840612486
lot:0.028165379412106714
survivors:0.16007747474003112
article:0.00920832818541592
going:0.024747905500564573
james:0.07862713108265972
