since:0.014498707415968705
stored:0.035569757024567696
out:0.01707503042145594
thanks:0.014444830760262052
cut:0.02652909779568407
with:0.004237879541953242
someone:0.015967087787413188
such:0.013934907271505786
wood:0.07303013562011271
wrote:0.018663586773136676
post:0.018714331916167976
atf:0.032242556928758485
my:0.006885610589350009
to:0.002996085130632241
then:0.011564350360694226
day:0.01842973214320922
might:0.03082732080983255
been:0.010632176718995936
brent:0.11640139201714986
that:0.005027603267166331
think:0.010432956721221414
anything:0.01682058804579278
re:0.0027097137882476125
michael:0.021773153635316587
off:0.015822155419973553
on:0.003673976994487608
you:0.0040275289087588545
am:0.011843017077546127
inside:0.02720330092082744
burns:0.03349814911190368
why:0.025793080871797196
a:0.0020239190229657898
other:0.009994985419071817
was:0.006416385029720186
as:0.005797928697224771
pointed:0.03134527178301685
let:0.016703896686614674
also:0.021499958430138643
theory:0.02948223809403351
no:0.008157577798423984
it:0.0024844596357968983
not:0.008737826211245869
texas:0.02875485269325364
have:0.00740942917605294
messages:0.031703190299897835
uxh.cso.uiuc.edu:0.08567064883763344
robert:0.046310319260256576
has:0.00771575705714892
personal:0.02430359037098345
be:0.008383496480253208
writes:0.009583512913298006
were:0.011241328242552893
of:0.002817979500952734
what:0.006669870311569791
but:0.009641785829716091
ranch:0.03521372304936737
utilities:0.037465736000428455
using:0.015974062164093628
well:0.012194695001111195
they:0.02704114853645634
up:0.00973522007501728
in:0.0051501362867968255
yes:0.03864994015223027
or:0.004886314910891923
use:0.012049127012661942
and:0.00276664793109268
wpi.wpi.edu:0.0425565832533979
for:0.002357600455884594
subject:0.00019345620936245142
i:0.00276664793109268
stove:0.08748460743116976
turned:0.028455785071837665
warm:0.03832770660087313
the:0.002184791333301603
original:0.022363536328068694
electricity:0.0410776313958362
would:0.00675833076887229
agree:0.021859095499742312
did:0.011912398865528735
maybe:0.019187775959002347
may:0.013485692227824862
an:0.006506508250447368
thought:0.019453524675302265
just:0.017020124108201244
replies:0.03247687128124353
irvine:0.19741490028436937
dividian:0.036634845360427444
else:0.018308349458971425
cook:0.038882344840890044
eating:0.036224009536684365
their:0.032906165621341604
run:0.019397350930343442
survivors:0.03402612989643174
e-mail:0.019925331714871496
article:0.011743954787197116
opinions:0.02069282721391335
hundreds:0.03402612989643174
aware:0.029687660956383182
