choice:0.04100394211433199
at:0.019151413314226762
all:0.010370302507024904
defense:0.04265441900269441
your:0.013694915458491984
atf:0.04836383539313773
often:0.03377522161172507
to:0.007490212826580602
besides:0.044022682544966184
homes:0.059774945442036403
that:0.003770702450374748
ran:0.04934560320067345
like:0.012659120255529056
me:0.01177813783048418
re:0.004064570682371419
happened:0.036655444551504685
flee:0.06514079131316276
books:0.039681933837458265
them:0.015933251864480878
dying:0.055320763167550746
burns:0.05024722366785552
successfully:0.056825868322606235
a:0.0030358785344486846
want:0.0205717170403498
old:0.02878166393850352
nine:0.05486206366222056
are:0.006988167191317668
no:0.012236366697635975
religious:0.03990651962076215
yeah:0.04298067874117557
rush:0.05550980384920149
have:0.0055570718820397045
probably:0.025948083859013135
try:0.026482496438515135
personal:0.03645538555647517
writes:0.007187634684973503
get:0.014286673644468721
things:0.024290499218915757
of:0.004226969251429101
what:0.010004805467354686
ranch:0.052820584574051054
least:0.02617024329028785
fire:0.039097756924342066
they:0.010140430701171127
waco:0.04222473597273099
sounds:0.03872504960392215
one:0.010688162041039374
in:0.011587806645292856
and:0.00622495784495853
subject:0.00029018431404367716
person:0.03049124390297664
back:0.06868554521959361
photos:0.06662530799800788
the:0.0032771869999524044
when:0.014213852639605824
did:0.0178685982982931
an:0.009759762375671052
people:0.016361664566012145
is:0.002920354640115912
save:0.039375111221970585
core:0.05359179909548892
dividian:0.05495226804064116
time:0.01716858662938819
karl:0.06383487488009686
beleive:0.06096732497743232
their:0.04935924843201241
survivors:0.051039194844647605
dave:0.03811168121059339
wives:0.0658577257456823
bernard:0.0632363990411509
beliefs:0.04732785517787333
