believe:0.06832301510472769
all:0.00600042660783831
damn:0.02705557771926168
chris:0.048260971609047805
with:0.0036781596024499834
way:0.010895426538028575
into:0.01126291762882004
someone:0.013858227136245408
wood:0.03169232300495457
atf:0.027984106013639442
weather:0.03281841251092303
to:0.0017335838491708564
stop:0.020905365500507155
everyone:0.019229639984359143
then:0.01003698333192329
that:0.010908950485360907
think:0.009055019041060096
me:0.006815023147198395
re:0.002351827061497928
michael:0.018897454098576662
so:0.006426481744559246
had:0.019300735668957677
this:0.01320710536783444
on:0.003188734749932641
you:0.0034955911283567416
burning:0.08949498065465725
etc:0.04381743372562708
inside:0.02361041211996344
burns:0.02907386526693527
a:0.0017566089633287989
was:0.01670681385096954
let:0.01449772165253349
evidence:0.02023715744976778
whole:0.018817078459291134
no:0.014160323725566162
thread:0.02618193580820104
it:0.008625293829936402
not:0.011375660539169148
catch:0.03047728382865986
texas:0.024957041960182405
have:0.006430825322611986
accident:0.0611257079347509
intentionally:0.03565228385298991
claims:0.023624689783702683
writes:0.004158882962374606
if:0.008429565028470557
of:0.002445793529128788
but:0.004184171209122078
ranch:0.03056285396737545
smoking:0.03769152704912563
fire:0.04524520298162856
they:0.011734838044122562
who:0.008132408014049361
cares:0.03184891137993399
now:0.01038939872879399
in:0.0022349648037042827
or:0.016963810256681394
and:0.0012006208002855027
wpi.wpi.edu:0.03693590244634535
for:0.004092438527195899
subject:0.00016790538925797672
i:0.006003104001427513
house:0.02162183612886913
stove:0.11389505495756062
pretty:0.018100755074966206
will:0.00712770657171877
the:0.004266526471636149
stupidity:0.0324589256314265
strong:0.022708505572141574
would:0.005865721044681611
can:0.027187609825085324
convince:0.029717651510089798
home:0.01842366699283867
because:0.011098882382984366
fbi:0.09597036181862478
an:0.011294316208323734
koresh:0.025686783827948128
about:0.0061950703164897584
crazy:0.03078201579964066
is:0.005069294846993659
dividian:0.031796280878861556
does:0.007663451662500159
sides:0.02864675076620439
matter:0.0189993900119531
mass:0.05297973107798323
survivors:0.029532112740299245
easily:0.023263614895568475
davidians:0.06086986285000722
premise:0.03693590244634535
article:0.005096433209538371
purposes:0.027842767297588764
going:0.013696953987733853
by:0.018687461789003133
