at:0.0034958929065652023
out:0.009350611897463966
there:0.0036419801014966166
increased:0.019256618316437685
all:0.0037859834549455996
with:0.0023207435586886796
compound:0.03398745056750401
response:0.01393491489137834
apparent:0.019202992446728465
from:0.003359413708056252
violent:0.05745024482983463
atf:0.10593982990877789
to:0.0027345221430373624
brains:0.02231584403708304
lights:0.019478676465834687
day:0.01009247236413838
director:0.01962405001019889
that:0.005506422625944076
guy:0.013437820424400275
rod:0.02249489338343411
weapons:0.015871253910673306
appears:0.015477385029342585
like:0.0046215835853518775
hostage:0.025184892226406953
could:0.017965585182453062
agreed:0.01884662778458044
attention:0.03368792415494173
re:0.0014838908840403592
boulder:0.021874472469185325
had:0.018266767686692085
cease:0.023457439562685343
shot:0.031560574171331235
federal:0.01568038170910818
big:0.011015002197887131
on:0.00804775913078238
medical:0.03192871009657676
used:0.007835172652130419
etc:0.009215571378802521
them:0.017450704423002866
a:0.0011083366078145991
was:0.0070274693182649645
as:0.006350112382674749
speakers:0.0224343081765659
also:0.005886893379680819
nyx.cs.du.edu:0.03731299084141566
military:0.015364438740994326
plans:0.018475057923334436
no:0.00446724498485123
care:0.012563559290769431
co:0.018115022790835378
it:0.0040816122588091894
not:0.016747500238221247
statement:0.013782537379733357
have:0.012172633646372687
made:0.009228490285388894
being:0.007721444166369635
only:0.005291810469322565
allowed:0.015205687413162186
attack:0.01566943479466739
has:0.004225295531295837
attacking:0.02103097468353583
wounded:0.022879218089743306
were:0.043091758263119416
if:0.007977981187659635
of:0.0030863585010434706
short:0.013741975657227252
even:0.006663331141928673
kept:0.01584831596259593
looking:0.01029319581510573
but:0.007920038360123931
released:0.03433053576235178
anderson:0.019256618316437685
fire:0.028547568547932303
they:0.05182886802820798
bd:0.17404596796232258
waco:0.030830759599136913
clear:0.013086312468994497
one:0.0039020274118080254
in:0.0014101563642419878
substitute:0.02301606799478763
use:0.006598331459314873
and:0.004545207315366545
for:0.0051642676652710155
subject:0.00010594030512705672
branch:0.018094828070567635
acceptable:0.01836573271790495
back:0.016717116825932837
held:0.016132730473406257
any:0.00812132751022863
fired:0.018822357042447755
the:0.007776816769728324
thing:0.008983858869543478
allowing:0.01865649542070783
when:0.005189184296998952
start:0.011180801936041715
would:0.0074019813182886985
did:0.019570369564797206
collection:0.019097866988605546
last:0.008651438698648801
mr:0.013400617770965927
fbi:0.030276364145161386
is:0.004264644871280379
captured:0.022089024934543563
chips:0.01647913074681338
violence:0.037359539408498184
silence:0.021292712650963594
their:0.012013362052235825
trouble:0.015138182072580693
nice:0.012538648637915706
davidians:0.019202992446728465
agents:0.10844841361491661
satellite:0.01942198615929708
planning:0.01838735813364925
shown:0.016386379353220886
release:0.015769061465822454
training:0.01778495332068098
shots:0.019450230079014794
by:0.007860599006485445
s:0.0024620487335556282
