another:0.1478336886925719
name:0.36829766744403347
to:0.009187994400605538
hudson:0.37297367736477827
h:0.23554547495296776
re:0.024929366851878035
suggest:0.24475998700734117
well.sf.ca.us:0.38905114781923744
of:0.012962705704382576
thomas:0.24560033426860667
subject:0.0017797971261345532
i:0.012726580483026328
change:0.39626788105473165
