believe:0.009167391900128018
large:0.012633055358175422
at:0.0037171519512845187
out:0.009942422777050293
final:0.01627277804741179
small:0.012610742195215236
with:0.002467626062403153
compound:0.03613855503380173
into:0.007556134611740026
to:0.005233667696547459
building:0.01603572813855971
brains:0.023728239229303484
then:0.006733672361923219
aka:0.021855111005945005
enough:0.010262230071465806
that:0.008782395580619665
guy:0.014288315387969912
rod:0.02391862081276538
think:0.006074886192103608
really:0.00823373731304188
through:0.009997735417826272
location:0.01937057795136879
covered:0.01948250518484317
started:0.013836476269995379
boulder:0.023258932752045155
excessive:0.024623490368306168
quantities:0.024779782653877258
had:0.006474297407941498
this:0.0022151157737190673
appeared:0.020065418005437333
two:0.007868309842419034
big:0.023424308471456178
on:0.0021392777436256955
children:0.014145050076027533
them:0.006185059795494686
prove:0.01656919130765231
a:0.0029462112359628584
hard:0.01141026752141565
air:0.01626218981278974
occurred:0.021511258540750137
was:0.011208368786093489
permit:0.023042505349566037
also:0.006259481568268212
nyx.cs.du.edu:0.03967457254023943
those:0.007830867739609958
forces:0.018586586892817877
tear:0.0627885883536033
learned:0.019155255250894333
gas:0.05022999584391142
co:0.019261543220635086
it:0.0057865895314763195
not:0.005087848173636834
have:0.008628702331605955
try:0.01028012519976115
only:0.005626735182570829
heat:0.019283125923870405
evil:0.0176230958413865
free:0.012183577190399726
heard:0.011403575356202001
be:0.002440764798048402
which:0.005451022500073914
were:0.026182334134553568
of:0.0049225464700187
short:0.014611720951988469
safe:0.017522113705472454
but:0.002807102203588229
anderson:0.020475391627604627
fire:0.10624031839357086
women:0.015946477611111495
using:0.009301352652510213
windows:0.011591591482799583
they:0.019681848618306828
bd:0.020562392839430513
find:0.008930155011280127
up:0.005668609157604998
waco:0.016391036748908232
over:0.008463885031727247
one:0.008297982344098079
in:0.0052479236846473985
door:0.01784798437186904
substitute:0.024472781159014693
recording:0.024186609866446083
frequent:0.022737354878765926
force:0.015080186155336586
and:0.004027398887033648
for:0.0027455600245744637
subject:0.000112645387730035
outside:0.015210024377559176
i:0.002416439332220189
branch:0.019240070353514955
acceptable:0.01952812086460779
room:0.06730849755811992
possible:0.010873297987192328
flash:0.023203776289735648
allow:0.014794407896095325
will:0.004781879092418921
flames:0.018871149259043752
the:0.007632941873306866
when:0.011035227365769923
seal:0.024942087636273022
start:0.023776895256392507
got:0.009333982369749257
would:0.01574092229712027
because:0.00744608564934394
once:0.011320806729640953
reports:0.01668448288686984
may:0.00785242838582207
fires:0.023728239229303484
mr:0.014248758136216934
fbi:0.0482888845859536
places:0.016096294861984533
many:0.007819413618472968
is:0.0034009193277299227
broken:0.018950389320864836
keep:0.011178964489982788
tapes:0.04403483197668153
temperature:0.021855111005945005
broke:0.021159437405986206
silence:0.022640352692163822
their:0.012773701422630497
wanted:0.012848776327198743
too:0.008238472016305893
nice:0.013332233994745814
davidians:0.02041837171550875
late:0.01626218981278974
agents:0.019218706210238388
show:0.012700711686644862
escape:0.018337266570581563
satellite:0.020651225789632337
assault:0.020091544462179617
by:0.008358105272718701
everything:0.013036550565077016
walls:0.022640352692163822
