report:0.03795728223474755
believe:0.021726718803303405
hmmm:0.04967903079319881
out:0.011781770990804599
there:0.009177789855771475
tavares:0.0515175252029189
saw:0.03397380583135455
cnn:0.05198709503379661
c:0.0258609769542896
my:0.019004285226606025
to:0.004134597480272492
speak:0.035854328146383944
been:0.014672403872214393
that:0.010407138763034304
civilians:0.05022818836915996
think:0.014397480275285552
re:0.0037394050277817052
on:0.0050700882523928995
standards:0.04237298336225036
you:0.011115979788174437
kenneth:0.04915846717363828
used:0.019744635083368656
enemy:0.053544640327888936
a:0.0013965041258463952
same:0.019420933505286123
want:0.018925979677121816
quick:0.04059275220191296
was:0.017709222682027712
international:0.03965364620741394
rocket.sw.stratus.com:0.05539035309316863
military:0.03871838562730571
are:0.006429113816012255
d:0.03643688444754071
gas:0.07936339343338004
it:0.0034285542973997198
interesting:0.03268024561921413
against:0.025832807921578466
real:0.025575938539982475
war:0.035368251155730175
has:0.01064774473886551
sw.stratus.com:0.05014786665218732
investors:0.05424259794724435
writes:0.006612623910175624
if:0.006701504197634093
of:0.0019444058556573865
but:0.006652832222504103
nature:0.0381241514225977
ok:0.03263849190510932
seems:0.02356487089381078
waco:0.03884675709491251
now:0.016519143978782444
president:0.037654581591719985
in:0.0035535940378898095
our:0.022297754229803936
point:0.022015359612600607
or:0.006743114577030853
use:0.033255590554946965
for:0.0162674431456037
subject:0.000266969568920183
however:0.02397098904196913
twice:0.045103816092556634
i:0.0019089870724539493
special:0.034957111928650225
cdt:0.1516682597921696
the:0.003015012039956212
law:0.06013682250487932
last:0.02180162552059498
company:0.0336612803963135
today:0.02839126265798353
night:0.033478348465840246
write:0.032541739249875135
applied:0.04427000000316613
unless:0.030780614257404915
too:0.019525178678644967
vos.stratus.com:0.053544640327888936
article:0.00810332880316601
enforcement:0.04520090423382625
by:0.00990435474817166
banned:0.056235926973449264
