large:0.04073515809370851
at:0.00599295926839749
there:0.012486788919416972
know:0.008393708337811577
tank:0.06311692129856104
wounds:0.04008065771387486
story:0.024456173659949686
corpses:0.042582186830373625
much:0.02377138598040723
though:0.016908463956535235
compound:0.02913210048643201
vehicle:0.029936616952375775
from:0.005758994928096432
members:0.025090083731323914
atf:0.030268522831079395
to:0.0037502017961655257
that:0.007079686233356669
think:0.009794204268901737
counter:0.03673774929272596
nt:0.009715354445203245
re:0.0025438129440691873
started:0.022307788272033367
so:0.006951092499217143
this:0.003571309104567476
ti:0.025773204464297025
on:0.0034490396274781624
you:0.0037809455061817814
medical:0.027367465797065792
burns:0.03144724202341978
m:0.0093116647082726
a:0.0019000056133964558
hard:0.018396145595751763
contrary:0.03144724202341978
was:0.030117725649706995
as:0.01632886041259221
evidence:0.06566751090843014
turning:0.03226689778705329
no:0.01531626851948993
those:0.01262527655977932
lie:0.031019705263830234
d:0.012393498111408404
gas:0.026994351507952395
reason:0.018178312408221278
it:0.00466469972435336
have:0.0069557906550701066
only:0.01814335018053451
stated:0.026408809951685437
exists:0.02538525893209765
mitchell:0.07331636879275544
willing:0.02432584934680048
be:0.0039351105927719135
explosion:0.04137347133896238
claims:0.05110647177698947
found:0.018194017042564608
writes:0.004498383612364369
what:0.012523021809477975
released:0.058852347021174485
ranch:0.03305778082185508
least:0.016378655664669946
fire:0.02446934446965626
bd:0.0331516129452043
find:0.014397596854921021
accept:0.024300081433079816
now:0.011237512910736354
over:0.013645855459315358
one:0.006689189848813758
in:0.002417410910129122
according:0.023398137446164747
and:0.0038958919845998963
subject:0.00018161195164638296
governments:0.03178650617335293
until:0.019463712417446558
i:0.0025972613230665974
we:0.009168325889210679
body:0.024147490637241847
information:0.016590620982882755
the:0.004102057197219336
waiting:0.029762178648883683
do:0.004886516455146235
when:0.00889574450914106
would:0.012689110831352055
fbi:0.02595116926728119
an:0.012216301204921587
people:0.01023995333383073
many:0.012606809711415602
about:0.006700790342325656
is:0.0036554098896688964
dividian:0.0343918956444829
right:0.013196419005376187
survivors:0.03194289745379306
various:0.02424883658745026
accounts:0.03389991835482559
article:0.005512468573582319
numerous:0.06556761743775179
despite:0.029002520928808232
by:0.020212968873819716
seem:0.0187735547952091
todd:0.06924503688999549
bullet:0.03786689988778896
doubt:0.02367396121755488
s:0.008441309943619297
