taken:0.022723319308680417
some:0.01610395689839109
go:0.013416774150304326
at:0.0060756207755478
out:0.008125359304003172
boy:0.031274708311171226
all:0.006579778142388215
ahead:0.02980441023902611
take:0.014660338829901403
where:0.01274108136712939
with:0.008066584507442033
way:0.011947398755493402
compound:0.029533922562106935
feb:0.038389201955206745
atf:0.030686019697714974
to:0.00570289307623792
bizarre:0.040246670464059046
janet:0.07008174438239002
been:0.010118899222216822
she:0.022863051619989534
that:0.004784891385303128
problems:0.01891774645442602
think:0.009929296741576242
like:0.01606398708287825
really:0.013457901677178799
could:0.010407649347076258
its:0.014260859007132207
sometime:0.03591980285718205
re:0.002578900019159797
so:0.0070469696371373795
had:0.031746382462389006
he:0.054832179569663284
these:0.011425075676544431
on:0.003496612587857172
you:0.0038330964786808404
raid:0.0364774035235896
bill:0.021348371556494602
burns:0.031880997085811776
m:0.018880202925738925
other:0.009512468881599385
was:0.006106628511044039
ridiculous:0.03442117336966493
local:0.0210785065649376
balls:0.035529327726150965
no:0.015527527395620825
pagan:0.08523501732953637
it:0.002364520205103255
not:0.004158000059144585
have:0.0070517325951400395
stated:0.026773069399294892
hopefully:0.031880997085811776
call:0.018323835158611777
talk:0.07157780208904194
writes:0.00456043028287974
down:0.016305969496228676
of:0.0026819391112515674
even:0.01158040998459328
but:0.004588160153451105
ranch:0.03351375021250136
seems:0.01625163509917985
investigation:0.034314247945278965
who:0.008917606029198954
one:0.0067814545363836035
in:0.0012253772544447619
point:0.015183006629379728
yes:0.018392040486233715
and:0.002633085617177861
green:0.05804566619795563
subject:0.0001841169440828848
however:0.016531716580668366
until:0.01973217741630789
outside:0.02486052260332086
i:0.003949628425766792
possible:0.017772218089410912
will:0.00781589893036748
stood:0.03757690515757651
the:0.0046784669585527424
do:0.00990783336422754
responsibility:0.02991564735578393
would:0.006432066524857766
fan:0.02758314472751499
agree:0.020803828820444407
did:0.022674635081971935
come:0.016559956375651094
koresh:0.08450066128228452
just:0.008099231472178524
here:0.012416557969816524
general:0.020334002504052078
is:0.001852914668211475
tuesday:0.03464012990976549
issue:0.021595586258378298
dividian:0.034866266618889565
attorney:0.035529327726150965
time:0.010893172206232508
questions:0.020856388532727668
1:0.01350706132361868
wanted:0.021001103376180014
survivors:0.03238348914281089
him:0.016527691747333158
article:0.00558850262287311
full:0.04261603426101039
reno:0.07131409059391898
before:0.014663408739466513
answer:0.020939800290543837
