at:0.011012062655680388
say:0.011859656089172147
there:0.005736118659857172
form:0.02133363077801185
became:0.02703529691285203
take:0.013285932064598147
with:0.007310342209869342
way:0.010827330122165897
much:0.010919980434749572
compound:0.02676511732190941
from:0.005291076590188598
yours:0.026414558155340384
tm:0.08617643119426026
to:0.0034454979002270774
remember:0.017391400228257702
young:0.04692569408842734
value:0.023336580123479174
born:0.026862018487759196
latter:0.029028771070345044
been:0.009170252420133996
that:0.00216815390896548
think:0.008998425172053471
r:0.019376373542057065
european:0.027696589691662457
through:0.014809145587655169
nt:0.004462990948265241
along:0.02183725881963272
anything:0.014507757189496274
happened:0.021076880617115195
afraid:0.028220151460821574
ps:0.028159764517623222
national:0.02033858703117196
this:0.003281140239821369
implied:0.033465400204930586
abused:0.037868192303767326
something:0.012441633232272018
american:0.02016897010867635
children:0.020952355425115785
them:0.009161619822076505
causing:0.030678915433689637
europe:0.025706253872171615
3:0.014634162153985122
m:0.02566527585217635
sure:0.013637775125995023
a:0.0026184452359619905
horrible:0.03219845325182431
was:0.01660239626440098
as:0.005000713501356366
said:0.013696905179146452
guard:0.03360745177416531
military:0.024198991017066067
honestly:0.03367970691417203
are:0.0040181961350076595
police:0.022972399447704323
it:0.002142846435874825
have:0.0031953163321728306
between:0.014517911537790036
against:0.01614550495098654
hope:0.018052884610250283
west:0.02548693312335118
b:0.01913067716571401
certainly:0.019223482982847758
were:0.00969564560920187
end:0.016901458766096934
of:0.004861014639143467
youth:0.035429457078908724
comfortable:0.03312378512656893
universities:0.03625030709179052
disappointed:0.036824104274622536
they:0.005830747653173398
up:0.008396627314702405
now:0.010324464986739028
in:0.002220996273681131
government:0.01682259336635186
system:0.013970139557765783
or:0.004214446610644284
and:0.0059655846014185915
subject:0.00016685598057511437
half:0.023635271772456348
twice:0.028189885057847898
i:0.00715870152170231
we:0.008423399410712313
face:0.022432947443409748
angry:0.03332650560002614
alternative:0.027213516727277166
the:0.007066434468647372
wrong:0.01652138785518663
would:0.011658120576304701
once:0.016768944968280665
maybe:0.03309891352927905
just:0.0073399285216617875
people:0.01881591425091397
about:0.006156351127011697
is:0.0033584078361332988
today:0.017744539161239706
time:0.009871937311898211
90:0.025199746309652077
2:0.012177559700596306
their:0.009460522616135713
told:0.019376373542057065
1:0.012240774324529429
wanted:0.01903224993466314
too:0.048812946696612416
late:0.02408836866019481
wall:0.028040713299056382
very:0.010895265573646546
difference:0.020044711542714918
full:0.019310390524520334
deaths:0.030458044393406453
bad:0.0171287565421649
upon:0.021675472391830854
safer:0.03592972400186833
