there:0.016686890646857227
wrote:0.04682863590350656
to:0.007517449964131804
like:0.021175255700157693
nt:0.025966492789906852
me:0.01970161237099172
re:0.006798918232330373
scott:0.06949231005766375
you:0.02021087234213534
defend:0.08236171679053174
deserved:0.10747772308721285
l:0.12018038468194046
are:0.011689297847295008
it:0.024934940344725234
applying:0.10452283345998058
only:0.024246113423077937
list:0.052938701762210535
be:0.010517477402499477
constitution:0.2468171132005536
of:0.0070705667478450415
eh:0.1812104726603404
using:0.040080374157180375
must:0.04213564413599086
who:0.02351005225879724
our:0.08108274265383249
for:0.0059154338711286175
subject:0.00048539921621851447
leaders:0.08041028005906813
everybody:0.07414380544974888
we:0.024504434649344906
socialist:0.10610485849615567
allow:0.06375044857044714
normal:0.06858841226397351
the:0.0013704600181619145
people:0.0547372050935679
is:0.004884956852557526
clinton:0.06663920524491695
by:0.036015835447896945
john:0.09750830543933983
