large:0.031187855415495576
at:0.009176718879733656
there:0.028680593299285857
know:0.012852865892273977
tank:0.0483238928692108
ammunition:0.061575778852049026
saw:0.03538938107432765
from:0.008818460983647662
atf:0.04634867558509032
to:0.0014356241250946154
that:0.0108407695448274
think:0.014997375286755783
counter:0.05625467860448663
like:0.012131656911548678
nt:0.007438318247108734
could:0.01571988703464643
re:0.003895213570605943
certain:0.0343366144975053
you:0.005789572806340852
burns:0.04815358934836154
m:0.014258486584542417
more:0.01324394818563256
a:0.0014546917977566614
hard:0.056338195886989774
looked:0.038802116713330045
was:0.0276706604406683
standard:0.03170879729648163
evidence:0.10055337607853365
official:0.042252114803690885
no:0.011726518085234477
it:0.003571410726458041
due:0.034532734217692526
only:0.02778200496394347
exists:0.038871177739774526
mitchell:0.056132844856953384
be:0.01807691428554598
explosion:0.12670625597557228
which:0.013457211797057476
claims:0.07825678490851512
writes:0.0068881499064329405
if:0.00698073353920218
of:0.0020254227663097776
what:0.028763815718644725
released:0.09011765637617343
ranch:0.05061972688346559
version:0.03250490216318317
least:0.025079816486525856
now:0.017207441644565044
one:0.010242821955996066
in:0.001850830228067609
rather:0.02680712138450899
and:0.003977056400945728
subject:0.0002780933009585239
al:0.039687647715856575
until:0.029803809639215043
i:0.003977056400945728
we:0.028077998035707707
will:0.011805264009409212
than:0.014902096689786053
the:0.001570318770810527
waiting:0.04557333605610314
do:0.007482478321942673
would:0.009715100480253917
an:0.01870621122003618
about:0.01026058521168616
is:0.005597346393555498
dividian:0.05266259020561445
right:0.020207016601982285
survivors:0.048912561726120615
various:0.03713103102453321
article:0.008440967503297927
todd:0.053015731368902794
s:0.006462877925583524
