prism.gatech.edu:0.09742487814647995
know:0.01272036212018868
all:0.009835750831405064
50:0.03557920916627248
tower:0.05669376268729226
into:0.01846189590703491
themselves:0.03336546614765791
paranoid:0.054858884798680334
to:0.0028416477527645994
look:0.024445034270885676
most:0.019140159422340597
die:0.038842828571467515
think:0.014842763170397476
weapons:0.04123253593288323
like:0.012006588283594568
nt:0.007361634553839572
re:0.007710113459343722
cs:0.15821791496315543
had:0.015818644182290054
this:0.010824380172606576
bus:0.041722089193357334
he:0.04917937755217223
you:0.01145977297749942
children:0.03456058626823222
them:0.015111950221981864
air:0.07946678320889008
j:0.03148586246936972
was:0.009128465300014285
coming:0.03584154592566593
buried:0.060544417412050626
whole:0.03084448943327103
are:0.0066279523876415
gas:0.0409089656873093
it:0.0035345920591749688
danger:0.05053049463826524
g:0.03644331918568559
writes:0.0068171380517274465
if:0.006908767214055766
even:0.01731092214191779
they:0.009617728087708697
bd:0.05024007322623745
up:0.013850106910849326
in:0.00915874752033456
or:0.020854993537208825
and:0.0019680279097463393
for:0.003354111988784268
subject:0.00027522635971152884
murder:0.0441090721154468
space:0.031520750077454675
i:0.0019680279097463393
circles:0.05753010851010018
than:0.02949693365400951
the:0.005439454711261207
do:0.007405339370170069
when:0.013481179823131299
did:0.033895073060679695
maybe:0.02729807301383839
put:0.05128782060921194
during:0.03018937638971619
is:0.00276982089578004
days:0.03070363530464095
time:0.016283607937151688
run:0.027596231220488605
chemical:0.051215495663091554
wanted:0.03139340195408353
underground:0.06094097700821347
article:0.008353947219758772
doubt:0.035877034010108944
s:0.012792500636206563
james:0.07133183026055726
