tv:0.03294487875001446
another:0.009641327523428604
some:0.015228741849565488
since:0.008699224449581223
looks:0.01488306727988648
out:0.005122509126436782
versions:0.01930618704629893
with:0.002542727725171945
much:0.015193016257042882
though:0.010806713920046434
from:0.0036807489323051113
kids:0.019114621873281407
parents:0.019937413176057617
blowing:0.02471398834417983
except:0.014018962691320929
my:0.008262732707220012
single:0.014136637697879892
uicvm.uic.edu:0.04716747647586465
to:0.0011984340522528964
job:0.015093428501257288
design:0.016361596554023663
visual:0.02228087622272147
young:0.016321980552496465
most:0.008072154191161035
day:0.022115678571851063
been:0.006379306031397562
make:0.007652523840650885
that:0.01960765274194869
considering:0.01741465197980475
quite:0.023097385931386098
weapons:0.017389373849955102
like:0.015190944306634866
nt:0.0124187574212598
re:0.0016258282729485676
so:0.008885309542477566
this:0.0022825323407453
mean:0.011493139377521134
getting:0.02358436149760597
he:0.02074086792417698
criminals:0.02026659500969108
on:0.00440877239338513
seeing:0.01742734637155838
why:0.007737924261539159
more:0.0055279088079162
paint:0.021218503357657067
sure:0.009487147913735668
a:0.0030358785344486846
richard:0.016243815281646864
looked:0.01619566610643341
was:0.0038498310178321114
distinguish:0.02445040303193446
as:0.006957514436669725
worked:0.01671375582858413
inspection:0.027593881917628488
smoke:0.02205398164371899
jason:0.019825637712100195
neighborhood:0.025533949952038743
are:0.005590533753054135
freeman:0.023329406904534028
no:0.0048945466790543905
kratz:0.13325061599601576
d:0.007921061836421894
it:0.010434730470346973
have:0.004445657505631764
being:0.00846001708663108
only:0.011595967289298145
between:0.02019883344388179
details:0.0165861820969145
love:0.014227032348614993
be:0.002515048944075962
common:0.014635339302745
writes:0.0028750538739894015
down:0.010279850334578948
were:0.006744796945531735
things:0.009716199687566303
if:0.008741092431696643
of:0.0025361815508574605
u28037:0.02675748238437868
even:0.007300693251156633
andy:0.03897224553749224
but:0.008677607246744481
fact:0.01042724838534278
properties:0.02348021367839442
must:0.01007591490208477
they:0.008112344560936902
good:0.007043521092867388
chance:0.015630684904402628
one:0.00427526481641575
in:0.003090081772078095
gun:0.031834917354820885
figured:0.022398924001269086
semi-auto:0.05661648602039851
and:0.002489983137983412
irrelevant:0.021341854214740615
for:0.0014145602735307565
subject:0.00011607372561747085
car:0.013298449303840824
outside:0.01567293816296315
i:0.001659988758655608
acceptable:0.020122454977878467
person:0.012196497561190655
back:0.009158072695945815
yet:0.011435081489939842
the:0.002949468299957164
see:0.023078944714058816
when:0.0056855410558423304
would:0.004054998461323374
can:0.015035930303264581
because:0.007672705647367452
an:0.007807809900536841
just:0.01531811169738112
people:0.013089331652809717
about:0.004282679044877702
different:0.021975799113141285
is:0.0023362837120927296
violence:0.04093306056931105
gave:0.01613858223059953
does:0.021191109814565658
demonstrate:0.02353166784207704
hear:0.028814622297902676
various:0.015498169471109515
every:0.021149117625542575
gang:0.04890080606386892
article:0.0035231864361591346
very:0.007579315181667162
difference:0.04183244148044852
killed:0.03176334779711205
claiming:0.020052138198549768
by:0.008612482389714488
s:0.013487745236000399
