believe:0.034486855243338735
week:0.05472760006992989
there:0.014567920405986466
tavares:0.08177384952844269
nowhere:0.08192014564121926
c:0.041049169768713645
sigh:0.08835609973817425
post:0.04099329848303461
my:0.030165532105723848
speak:0.0569116319783872
that:0.016519267877832228
guy:0.0537512816976011
re:0.011871127072322874
started:0.05205150596807786
this:0.01666610915464822
he:0.025240209643178337
on:0.01609551826156476
you:0.008822206181090822
compuserve:0.08282742205137716
steve:0.050907203918006134
rocket.sw.stratus.com:0.08792119538598195
d:0.028918162259952942
not:0.009570000136126426
has:0.016901182125183347
sw.stratus.com:0.07959978833680526
investors:0.08609936182102278
heard:0.0428991644352361
writes:0.010496228428850195
if:0.010637308250212845
of:0.0030863585010434706
net:0.05262130928410289
now:0.026220863458384827
in:0.0028203127284839756
or:0.010703356471477543
for:0.010328535330542031
subject:0.0004237612205082269
i:0.006060276420488728
special:0.055487479251825754
will:0.01798897372862356
cdt:0.24074326951138034
the:0.0023928666983779458
flying:0.0788556044336489
law:0.04772763690863438
forum:0.0810619357797863
just:0.018641088308982316
company:0.05343060380367222
is:0.004264644871280379
today:0.04506549628251354
write:0.051653554364881164
vos.stratus.com:0.08499149258395068
article:0.012862426671692078
models:0.07084449284096148
