mark:0.02176539104559558
all:0.0069135350046832696
raise:0.03415363541737652
send:0.02125613855707408
your:0.01825988727798931
with:0.008475759083906484
from:0.006134581553841852
dealer:0.06409515077172097
via:0.024769792598664096
to:0.007989560348352643
mom:0.08654926654511799
us:0.01492664047960142
make:0.01275420640108481
she:0.16815940140789404
nt:0.00517448225885825
so:0.01480884923746261
this:0.0038042205679088333
federal:0.028633740512284504
on:0.003673976994487608
you:0.008055057817517709
united:0.028416825962878384
them:0.01062216790965392
state:0.019258792658989974
winning:0.03394235582106162
legislation:0.03896516147729311
a:0.005059797557414475
was:0.006416385029720186
as:0.005797928697224771
proposal:0.03415363541737652
lets:0.033576914852750814
washington:0.027820386488510825
introduce:0.0425565832533979
cover:0.02843627933512961
plans:0.06747412458956925
it:0.0024844596357968983
have:0.00740942917605294
shooting:0.03455019266150149
states:0.025020722720693358
money:0.022465360628471955
per:0.051258335008304595
transaction:0.04441687199867192
robert:0.023155159630128288
has:0.00771575705714892
regarding:0.028673886746890417
heard:0.03916880231043297
be:0.004191748240126604
claims:0.027219751272527
if:0.00971232492410738
of:0.004226969251429101
looking:0.018796270618888725
year:0.01793304866818588
order:0.02032113667487313
please:0.013879821426849672
depending:0.032614247467798715
in:0.0051501362867968255
gun:0.02652909779568407
or:0.004886314910891923
and:0.00276664793109268
for:0.002357600455884594
subject:0.00019345620936245142
costs:0.05965583557875124
fees:0.0425565832533979
yet:0.019058469149899736
bcstec.ca.boeing.com:0.04496749451300469
the:0.0032771869999524044
start:0.020417116578858786
can:0.006264970959693575
her:0.04791896818738736
transactions:0.04496749451300469
pair:0.03700653589946766
senate:0.037671807995504784
increase:0.030469171979618022
an:0.006506508250447368
tax:0.09633596414491288
just:0.008510062054100622
opposition:0.03825182761632751
firearm:0.04023652870559886
definition:0.029527387005270002
trade:0.030573064466186194
is:0.005840709280231824
elected:0.04033648031525346
type:0.023481974712548523
dc:0.032442930344196964
under:0.017589300196417676
senator:0.08538922730347254
little:0.016995207984771478
planning:0.033576914852750814
handgun:0.04033648031525346
written:0.02596752853953703
feelings:0.03863942678263901
s:0.004495915078666799
conservative:0.03817673495664964
