british:0.033026706220236624
tel:0.030114430217025014
all:0.007067169115898454
true:0.038270826550486615
faith:0.027740934224850317
own:0.01678881952257774
with:0.004332054642885536
compound:0.06344324105934082
into:0.013265214096165824
atf:0.06591811638768402
to:0.0030626648002018463
janet:0.03763649235350575
brent:0.03966269653917699
that:0.005139327784214471
guy:0.025083931458880517
think:0.010664800203915224
tanks:0.036742951703219714
along:0.025881195638083224
re:0.0027699296502086707
started:0.024290702785103004
so:0.007568967388036445
voice:0.026862920751379023
had:0.01136598878283063
he:0.01177876450014989
suicide:0.03829830791154908
internal:0.029352351230520986
two:0.013813255056691197
on:0.003755620927698444
set:0.019625293215747564
you:0.004117029551175717
children:0.02483242124458167
seeing:0.029691034558951317
burns:0.03424255242550154
how:0.009743429609104626
false:0.031015619197786518
sorry:0.023536419886952775
was:0.006558971363713968
as:0.0059267715571630995
interview:0.03966269653917699
hmm:0.036742951703219714
are:0.004762306530379449
no:0.025016571915166885
internet:0.021159510689737825
tear:0.036742951703219714
caused:0.029498623548556795
plan:0.0289301051662119
gas:0.029393849419770388
it:0.0025396698499257184
not:0.004466000063525666
survived:0.04296332692360358
uxh.cso.uiuc.edu:0.04378722051701264
willing:0.02648814706651608
be:0.004284898201018306
writes:0.004898239933463425
were:0.011491135536831846
of:0.004320901901460859
institute:0.028833021110617085
but:0.004928023868521558
never:0.01632547578416193
ranch:0.035996250228242196
partly:0.04378722051701264
killing:0.029978093716708603
fire:0.05328879462280697
they:0.0069105157370943976
who:0.009578169438769248
over:0.01485882038903228
one:0.0072837845020416484
in:0.0013161459399591887
quoting:0.07983337935211149
or:0.014984699060068564
and:0.002828128996228073
subject:0.00019775523623717257
i:0.002828128996228073
44:0.0336650595257259
branch:0.033777012398392925
news.cso.uiuc.edu:0.03396744467032038
power:0.020013742816078088
collapse:0.04234048901834031
alan:0.06519529914072947
actually:0.018106030571119147
the:0.00558335562954854
wrong:0.019580904124665635
when:0.009686477354398045
quote:0.05977715425986058
got:0.016386324604670918
int:0.040090989656871995
maybe:0.01961417098031351
fbi:0.05651587973763459
an:0.0066510973226795314
human:0.02374698052767834
trusted:0.04350228510347341
just:0.008699174544191748
people:0.011150171407949019
claimed:0.031524827734228024
irvine:0.08072075922738658
dividian:0.037448953035103615
yesterday:0.032565652080405356
9:0.02637654559722242
knocking:0.04322790531324861
their:0.022424942497506876
survivors:0.06956453223270488
davidians:0.03584558590055981
article:0.006002465780122971
going:0.01613196802999765
