go:0.025597792786764828
at:0.011591644900716198
out:0.015502330251058682
principles:0.06641197180163541
allocation:0.08614820442785136
ca:0.02705984994858317
someone:0.028992869929776576
from:0.011139108610923362
to:0.0054402598424638056
everyone:0.04023043101990925
look:0.031199583214156716
might:0.027987962314190075
100:0.04445410656356673
that:0.009129069090380968
nt:0.009395770417400506
debt:0.07804049206701166
feustel:0.3465791507631342
national:0.042818077960362015
federal:0.05199284461441134
on:0.006671168753148551
you:0.021939433792449545
taxes:0.06265389523074434
m:0.018010719896264106
a:0.0018375054287452564
acts:0.05762195523020293
business:0.04758636491096799
no:0.014812443897138287
admit:0.053948647561994086
have:0.0067269817519428005
only:0.017546529450911664
expect:0.04547659319945247
netcom.com:0.08471145196634576
be:0.015222664661512402
of:0.007675286272331788
what:0.012111080302587252
who:0.01701385360834011
waco:0.0511141540722533
beginning:0.05329061571232748
david:0.03284796367558544
government:0.07083197206884993
point:0.028967578437632376
reaching:0.07270542485506212
and:0.0025118250953341434
for:0.012842718272845026
subject:0.00035127574857918807
i:0.0025118250953341434
pay:0.04385318502628793
will:0.029823824865875904
the:0.003967121105205542
interest:0.048062960482472175
when:0.017206242668996525
can:0.01137586832154886
forward:0.05691641455337269
else:0.03324410822813233
lack:0.05104632972240245
dave:0.04613519304440253
differently:0.06853120281962365
