taken:0.03993795514858982
some:0.007075981061414267
believe:0.013167708365638426
say:0.011500272571318445
tel:0.02463907926847501
all:0.011564458553288378
programming:0.026592601740383828
faith:0.04539425600430051
actions:0.023964984510231224
cut:0.022187972701844857
atf:0.026966502158598006
to:0.0016705444364737343
janet:0.030793493743777434
us:0.012484099310212098
enough:0.014740294102650885
that:0.0021024522753604656
think:0.008725745621385183
like:0.007058418566719232
nt:0.004327748798317809
population:0.023914827484147225
me:0.006567204123663907
re:0.002266306077443458
telling:0.026024389803792805
best:0.014758642908857176
something:0.01206461404341529
these:0.010040218018781471
knowing:0.026024389803792805
them:0.008883994978983277
bill:0.018760690155707378
burns:0.02801663380268308
a:0.002539098410629809
other:0.008359442350496429
sorry:0.019257070816597725
said:0.013281847446445044
act:0.022615957957686998
worst:0.026119460083597047
results:0.022200507568899762
no:0.0136454028628183
internet:0.01731232692796731
proper:0.024888049121465704
deep:0.02757451865331237
action:0.022314503520157312
it:0.0020779116953937695
not:0.0036540000519755447
have:0.006196977129062459
being:0.011792751090455444
probably:0.014468022515328536
ve:0.011061416357742026
strike:0.03192963287283424
acted:0.07264185213104211
talk:0.020967234955375922
heard:0.01637968096618106
which:0.007829650500106169
writes:0.004007650854651893
outcome:0.032729994824428586
were:0.018803676332997565
of:0.0070705667478450415
destroy:0.02992621590353093
institute:0.02359065363595943
but:0.00806403905758073
never:0.026714414919537702
ranch:0.02945147745947089
oh:0.019574037479645295
they:0.02827029165174981
up:0.008142184062741725
waco:0.023543489148431827
good:0.019636483046781807
over:0.012157216681935501
one:0.005959460047124984
in:0.00753792674703899
our:0.013513790442305414
or:0.004086736107291426
and:0.00462784744837321
few:0.013852287884280525
still:0.024747988875509663
green:0.0510098278709307
subject:0.00016179973873950483
i:0.003470885586279908
example:0.017038540265199423
44:0.027544139611957553
we:0.008168144883114969
power:0.016374880485882072
possible:0.015618009836148982
information:0.014780735057477363
alan:0.05334160838786956
will:0.013737034483676174
the:0.004111380054485744
wrong:0.01602073973836279
stupidity:0.03127860106301099
risk:0.02600085343999646
would:0.005652422097602279
planet:0.028673409782815087
int:0.032801718810167996
did:0.019926194465975336
an:0.005441806900374162
human:0.03885869540892819
here:0.010911520640141795
people:0.009122867515594652
about:0.005969795032253767
general:0.035738549855606684
is:0.003256637901705017
either:0.015173107315838534
dividian:0.03064005248326659
else:0.015312437729321556
days:0.01805001590636468
questions:0.018328341437851586
lot:0.015021535686456913
told:0.018789210707449273
survivors:0.028458217731561087
agents:0.02760505073834241
article:0.004911108365555157
calculations:0.035592778721023705
despite:0.025838609554756427
respond:0.024509137867033372
by:0.006002639241316158
s:0.0037602198839758686
