believe:0.017521547422018873
batf/fbi:0.04636093419595912
concept:0.03432138503323212
tel:0.03278587160724497
take:0.017143138147868577
hand:0.025461608511715108
own:0.01827815028667738
with:0.00471634981281893
much:0.014090297335160736
to:0.0011114509355571215
everyone:0.024657360947686318
w:0.024954361734107693
janet:0.040975213449381265
most:0.014972544064250306
born:0.034660669016463475
bunch:0.03271131468672843
that:0.008392853841156697
nt:0.0172760939932848
re:0.003015649215952988
effort:0.0327609426349089
scott:0.030823202041705695
so:0.008240408043426775
you:0.013446749743759399
children:0.10814118929092018
them:0.01182144493171162
why:0.02870520290570978
a:0.0022524260094296694
was:0.007140815597591819
are:0.005184769206461496
forces:0.03552436365804708
internet:0.023036564057375856
roby:0.0966605290453383
care:0.02553239468769272
gas:0.03200136831991131
it:0.00276496314306429
murders:0.043647448416755795
expect:0.02787275067063216
earlier:0.03182214947487332
minds:0.03964392514003087
evil:0.03368285253555323
writes:0.005332761217883567
were:0.025021020926972566
of:0.009408415430600257
institute:0.03139078911236537
never:0.017773703474692423
they:0.015047090717866833
bd:0.0393007024431051
who:0.010427845759950389
waco:0.03132802991525203
over:0.016176941552575465
in:0.005731603286919048
parent:0.04355200924218319
or:0.005437995626637784
satanic:0.04751497325757746
weeks:0.02935939423655734
and:0.0015395057035918946
subject:0.00021529803945176046
outside:0.029070772399044556
44:0.03665147609655642
news.udel.edu:0.04677458979585873
power:0.021789155485246306
stupid:0.03114263057473026
ago:0.023073917140037453
alan:0.07097875309676192
the:0.0048629226450906645
do:0.005792886442794328
when:0.01054576163583658
because:0.014231631442697693
int:0.043647448416755795
did:0.03977204137362013
human:0.025853567509972385
introduced:0.041771462164588435
here:0.01451936214212416
people:0.012139299516718688
about:0.00794367887356348
chopin.udel.edu:0.0458404622513013
today:0.022896179562889942
morning:0.034597909819350126
does:0.009826522696270365
lot:0.019988333776333796
their:0.03662137786891243
first:0.01514157120476646
almost:0.024370910727940065
leave:0.028493404228181585
article:0.006534942583198395
release:0.032046802333768214
understand:0.02416255857206172
s:0.015010555182000443
