prism.gatech.edu:0.044576477265134695
some:0.005507249411006387
since:0.00943783784624378
out:0.005557439146605943
maintaining:0.02525690581504195
all:0.004500319955878732
adult:0.02638964698335695
ammunition:0.027883371555644843
ultimately:0.025418646727677
your:0.005943076519722936
with:0.0027586197018374873
much:0.008241494667735525
such:0.009070835865414144
from:0.011979796053257202
wrote:0.012148938559871985
to:0.0019502818303172135
value:0.017612513300738996
make:0.008302266430894828
that:0.006545370291216543
view:0.016062965815021847
weapons:0.03773166024046862
re:0.003527740592246892
batf:0.021508946574448323
practice:0.019370415589820004
jmd:0.02696210385601859
authorities:0.021960917908869237
this:0.004952664512937915
child:0.018704550097836763
shotgun:0.0295263276606836
federal:0.018638944295732367
best:0.011486679622459594
two:0.017592353138238787
on:0.0023915510624494805
you:0.007865080038802668
children:0.015813098434049648
none:0.017087312417081574
purchased:0.022579502816852472
state:0.012536383900663283
apparently:0.01787104271816822
why:0.008394917830915125
a:0.003952370167489797
same:0.0091608176911727
sorry:0.01498781455065389
was:0.004176703462742385
given:0.013149941316892835
cube.handheld.com:0.027276685811201008
dollar:0.02659626312797201
hmm:0.02339763433931444
are:0.003032600856609554
results:0.017278696928624812
no:0.00531012139708731
those:0.008754319123997925
recognized:0.023579779792747366
it:0.0016172425931130752
signs:0.023692541683566017
texas:0.018717781470136804
ve:0.008609121221827519
decent:0.02125265246613073
indicate:0.02240259529110505
suspect:0.018311769164612073
facts:0.01910418299121174
strongly:0.02201391825446794
points:0.017288473058822793
has:0.005022521103238448
danger:0.023120084810904377
armed:0.020945391606833744
list:0.013734097155290469
which:0.006093831757158103
found:0.012615662760646214
writes:0.0031191622217809543
get:0.006199877241939256
were:0.014634936768606594
if:0.003161086885676459
of:0.008254553160809659
even:0.007920563432858612
years:0.01051780859896412
released:0.020403997670077004
supply:0.03809401352457117
groups:0.017357479238143358
they:0.008801128533091921
who:0.00609930601053702
one:0.013914776996824847
in:0.00419055900694553
government:0.012696296880265554
point:0.010384603590849343
arras:0.027358722333426806
rifle:0.02826864528684422
or:0.003180714423127761
and:0.008104190401927143
few:0.010781261796727766
for:0.007673322238492312
subject:0.00012592904194348253
each:0.012009478289436864
showed:0.020163942918678943
space:0.014422229988269355
leaders:0.020861157562494088
i:0.002701396800642381
group:0.03816673492650913
socialist:0.027527203855134724
mention:0.01780506987866473
any:0.004826826727777392
pretty:0.013575566306224654
firearms:0.02240259529110505
circles:0.026322738327734515
yet:0.012405984635312093
the:0.003910982598999803
when:0.012336551347582414
rule:0.018625931925736708
can:0.0040781414737627985
reports:0.01865199266126487
fight:0.020092472140279878
last:0.010283785622922158
bought:0.017278696928624812
an:0.0042353685781213995
jim:0.015973258240324854
koresh:0.01926508787096109
ready:0.019884336268067907
many:0.008741514281028743
about:0.009292605474734638
maintain:0.02155707945262871
different:0.011920834424581356
clinton:0.017288473058822793
issue:0.01477056607294742
time:0.007450518725960913
life:0.0131621667607958
food:0.019884336268067907
their:0.007140017068781669
run:0.01262657749239337
abuse:0.022889942527086305
agencies:0.02185667098905477
article:0.007644649814307556
de:0.0190612359770942
handgun:0.026256765488231026
meet:0.020236513290563283
comes:0.014264982722856187
going:0.010272715490800388
assault:0.044921660731477076
by:0.004671865447250783
seem:0.01301751205139499
grounds:0.024007123638748434
doubt:0.016415435372549848
s:0.00877975869135875
james:0.0326376770531795
