another:0.016548547241705812
believe:0.01621396925619657
at:0.013148731529170612
objective:0.03327317417710406
tavares:0.03844591433053649
wounds:0.04396907973089258
take:0.01586379948011719
your:0.009402479270009421
with:0.004364383408877219
c:0.01929923653305194
from:0.006317703391269967
work:0.015112481074554505
atf:0.03320502131469157
my:0.014182302407914944
to:0.003085520507666039
sound:0.02575509917260023
look:0.017695286002059035
speak:0.026756961303271598
make:0.013134928980221668
that:0.015533042929901946
like:0.008691336294840845
professionals:0.04538731557333933
re:0.005581201534002545
happened:0.025166424617450976
started:0.024471976686484365
batf:0.03402907965509735
deliberately:0.040661576476482046
this:0.003917779390831485
you:0.004147753652303895
used:0.014734802301021385
etc:0.03466155205161545
them:0.010939247548748065
burns:0.034498093861512744
m:0.010215035165045313
basis:0.02781498714207462
was:0.00660791891120437
shit:0.03596432747518475
listen:0.031872734107039315
said:0.016354513646742033
question:0.01629094092050078
evidence:0.02401274652621699
rocket.sw.stratus.com:0.04133608439788704
are:0.0047978461313524295
no:0.008401087583451566
d:0.027191704811597543
have:0.0038153030831914393
being:0.029041849700375346
keith:0.02940647066507214
recovered:0.04488402243307416
expect:0.02579269465043573
sw.stratus.com:0.03742378108372188
evil:0.031169206823944782
investors:0.040479550706898765
be:0.004316875053264712
found:0.019959108248186547
sort:0.02341389035567933
writes:0.004934793962817629
were:0.011576890279644023
making:0.022944829782629877
things:0.016677059165225744
if:0.00500112253554783
of:0.001451049146012975
trying:0.02012185241095818
what:0.006868970917885307
but:0.004964800166047838
ranch:0.03626487896128878
seems:0.017585724547619985
fact:0.03579503177057969
fire:0.02684323609730948
disappointed:0.04396907973089258
they:0.006962086750057789
bd:0.07273562840216466
now:0.012327719387151076
good:0.012089625756414172
bodies:0.03562832985299105
in:0.003977903773757249
or:0.005032175057485711
and:0.0014246172182492158
for:0.004855953177792149
subject:0.0001992310215822261
i:0.004273851654747647
special:0.026087396961679273
sad:0.035306810553466336
cdt:0.11318526850161911
the:0.005062520216344386
thing:0.016895018172574303
rational:0.038111208612884605
fbi:0.08540646005127615
an:0.006700732377326393
tax:0.03307055485571636
statements:0.03145880066291341
company:0.025120358504711567
is:0.002005019603661671
today:0.021187509446256365
write:0.02428488003722025
dollars:0.034220933063382475
vos.stratus.com:0.039958686811857415
article:0.0060472603008701565
by:0.007391309513560941
s:0.013890364496776528
