tv:0.04354782823277773
land:0.02285420888268814
some:0.006709982040996288
large:0.017207092643032044
at:0.0050630173129565005
out:0.013542265506671952
batf/fbi:0.03303882666838467
andrew:0.021640564133172405
surely:0.02578456395315529
tel:0.023364644133898715
all:0.005483148451990179
watch:0.044185791270969534
incidentally:0.034442257475925143
ever:0.01519208078637851
where:0.010617567805941159
cnn:0.02987764082402104
wonder:0.02120900981503982
with:0.0033610768781008465
from:0.014596073352244407
themselves:0.01860028859955642
to:0.002376205448432467
everyone:0.017571912399500594
city:0.021148193094749378
w:0.017783568132352608
janet:0.029200726825995844
enough:0.04193359529202407
been:0.008432416018514018
that:0.009968523719381518
really:0.011214918064315666
through:0.013617605138073717
nt:0.00410389972254275
suppose:0.02215022405535155
re:0.002149083349299831
happened:0.019381039647922017
scott:0.021965960075698312
national:0.01870214899418111
two:0.010717180647432824
assume:0.01995108365108722
them:0.00842447799731173
a:0.0024077657342179226
was:0.005088857092536699
as:0.004598357242626543
coming:0.019980631924078132
said:0.012594855337146162
also:0.008525845584365324
hands:0.023019367559512026
whole:0.017194916523145344
prevented:0.03083772177036107
far:0.014306770529433343
betz:0.07614051238681416
probability:0.03266791562736414
are:0.0036948929977081925
internet:0.016416861742037967
roby:0.06888451495185029
lobby:0.033644346873314704
it:0.0019704335042527122
have:0.002938221914641683
being:0.01118278120646637
murders:0.031105078182055854
networks:0.05820663114263797
real:0.014698815252863491
has:0.006119393528083626
explained:0.05445005665080979
be:0.0033244899835486856
noticed:0.023311511615829457
hotel:0.034692171912360424
considered:0.019786453777081676
writes:0.007600717138132901
get:0.007553873421213346
whatever:0.0189940263146745
of:0.008939797037505226
institute:0.022370447413409805
reporting:0.031991001629338954
never:0.012666317418746324
must:0.013318738088962627
who:0.0074313383576657946
up:0.007721036611220602
waco:0.022325722468340525
miles:0.0230698550856944
risks:0.031991001629338954
in:0.005105738560186508
or:0.0038753532051901455
and:0.001097119007157442
for:0.005609463153656448
subject:0.00015343078673573735
i:0.004388476028629768
44:0.026119442735476988
away:0.03182739754395023
news.udel.edu:0.03333361571658898
we:0.007745654630540057
cameras:0.03266791562736414
power:0.015527903909026104
any:0.005880961300510386
alan:0.05058255967815217
yet:0.015115337601644619
agency:0.025143909548194836
filter:0.030045861411952722
the:0.004331913850511799
closer:0.026789177311660622
judge:0.025071617696431275
quote:0.023189413290463156
risk:0.02465598171034147
can:0.004968770071481111
int:0.031105078182055854
fbi:0.02192426369132376
an:0.0051603341296651535
human:0.018424381443888367
just:0.006749359560148769
about:0.005661012530585469
chopin.udel.edu:0.03266791562736414
cruise:0.03375177292510868
hit:0.020573000804192006
is:0.001544095556842896
number:0.01438083246205608
today:0.016316817619530764
having:0.015039605703565296
their:0.008699331141274217
1:0.011255884436348899
too:0.01122136705669251
almost:0.017367775461290622
article:0.00931417103812185
very:0.010018635010249697
despite:0.02450212975020006
understand:0.017219294614572722
while:0.0124732327924053
banned:0.03231949826060302
