above:0.02806861886730459
cia:0.05753010851010018
batf/fbi:0.05926552412679311
andrew:0.038819156280123696
tel:0.041911835869055426
your:0.01298899198125013
into:0.01846189590703491
from:0.008727549014744079
often:0.03203423080699697
to:0.0028416477527645994
signature:0.051535188825386
everyone:0.031520750077454675
janet:0.052380685234260586
then:0.016452374739956734
keywords:0.05926552412679311
might:0.021928712741014905
trip:0.05301670140957337
bit:0.028093651526347418
terminal:0.04921851752887424
really:0.020117481888566244
brought:0.03994219425294502
re:0.003855056729671861
so:0.01053412986994763
trigger:0.06016254863184085
terrorist:0.05442012588714636
you:0.01718965946624913
serious:0.03708240862927289
them:0.015111950221981864
state:0.027399107081862023
sure:0.022495299176899006
a:0.0014396949750993763
want:0.019511319254764757
sig:0.04865089095997705
plus:0.03686494694824403
betz:0.20487292508204635
internet:0.02944880353726398
flag:0.05710345679708106
it:0.0035345920591749688
not:0.006215567098721287
have:0.005270624877810854
being:0.02005983432912524
only:0.027495592541634774
murders:0.055796738182244524
rights:0.07161235916892383
free:0.0297681215889148
be:0.011927036229638584
writes:0.0068171380517274465
if:0.006908767214055766
of:0.006013626357703258
institute:0.040128431442611405
never:0.02272102299857588
waco:0.04004820319063145
one:0.010137225853356932
in:0.005495248512200737
for:0.003354111988784268
subject:0.00027522635971152884
i:0.0019680279097463393
44:0.04685343336054635
nsa:0.04644909611154346
power:0.027854178146088062
idaho:0.0648221890828002
alan:0.09073572560823173
will:0.023367120513469782
the:0.003885324793758005
when:0.013481179823131299
start:0.029047031833840335
int:0.055796738182244524
once:0.02766011541159697
human:0.06609984270590878
just:0.012107098592431814
intervention:0.0578246793600389
move:0.03646211459353626
clinton:0.03778511637598384
today:0.02926934294637477
every:0.025073696153993776
almost:0.031154566291387298
article:0.008353947219758772
gore:0.06344557678770202
