health:0.03132591428761467
out:0.008858474429176389
hours:0.029444920124440766
anyway:0.0229211565537183
your:0.018946349205733272
with:0.004397198321725919
much:0.013136818568119784
ca:0.015462771399190384
harmful:0.04017511828714863
from:0.006365204920527636
blowing:0.04273847608392
possibility:0.03188707956121302
often:0.023363311190065458
several:0.02119136369975486
to:0.004144959879972423
harris:0.08748494303437418
enough:0.018286831029604482
that:0.013041527271972811
problems:0.020624610796178743
quite:0.019971423925634595
really:0.014672148445044554
nt:0.0053690116670860035
me:0.008147283311312366
re:0.0028115827276554172
cs:0.07692800877907807
so:0.015365572893006316
this:0.003947236378732473
mean:0.01987535381075083
employed:0.04239404348218095
you:0.02507363861994234
used:0.014845590288247109
serious:0.027045064940146392
defend:0.034059356567513126
inside:0.02822598140657283
m:0.010291839940722346
why:0.013381372783112829
a:0.0021000062042802934
how:0.0098899473475874
hard:0.02033258197425195
other:0.01037073675061587
was:0.01997280753612148
surrounding:0.04096730261540296
worth:0.02642980164505141
mind:0.02277936693992584
are:0.004833920162415229
stomach:0.04273847608392
it:0.005155720747969503
not:0.009066315918435562
interesting:0.024571613247529416
stay:0.02968945540042242
against:0.019423163850810877
able:0.019830565609854654
after:0.014505366072668805
exposure:0.04125106447993565
chuck:0.1498733232529131
determine:0.03280046224946648
yourself:0.0263629674539443
without:0.016896319434605223
be:0.004349332760432115
writes:0.009943795353647554
if:0.005038724960627137
of:0.004385877869903879
what:0.0069206173157641444
but:0.005002129490604588
well:0.012653142181604096
in:0.006679688041146258
presence:0.03589621203233685
still:0.015351196106989075
subject:0.00020072899918810748
possible:0.019375726488455505
eng.umd.edu:0.08803182490160538
any:0.007693889220216596
the:0.002266926345831738
do:0.010801773216639048
can:0.006500496183742205
because:0.013268588713492586
vietnam:0.08949293390090836
an:0.006751113823772456
makes:0.02099983370114266
is:0.004040189878055096
suffering:0.03534914921818325
does:0.00916157003261297
thru:0.03880427951426175
dave:0.0263629674539443
words:0.02487112128952913
escape:0.0653523635673358
article:0.01218545684686618
little:0.01763412557818394
difference:0.024113938698002903
bad:0.020606022907867547
comes:0.022738167949214374
bernard:0.04374247151718709
while:0.01631836470585355
