read:0.028696241289847112
at:0.011151455853853557
resistance:0.12372843911189296
rick:0.06091977824213415
your:0.015948509141534967
uicvm.uic.edu:0.06866151638891689
to:0.005233667696547459
officers:0.06075538336204793
enough:0.03078669021439742
next:0.03390354460441994
perhaps:0.03656280427392462
that:0.004391197790309833
like:0.014742266626692065
me:0.01371631241018411
re:0.014200272257398882
talk.politics.guns:0.07613239248141694
apr:0.04717985160807593
you:0.02110629073704007
them:0.01855517938648406
trek:0.07533265954949882
more:0.016093911719249693
a:0.0035354534831554306
was:0.011208368786093489
listen:0.05406261228282618
widely:0.062225907814732
idiot:0.06708614709178518
jason:0.05772021106054487
arms:0.051305572552199745
kratz:0.07758896627616108
18:0.04894619611674809
it:0.00867988429721448
should:0.02079509040801873
be:0.007322294394145206
guns:0.05107541661443784
get:0.0332752905136993
soon:0.04553156502581608
if:0.00848291670586594
of:0.00246127323500935
u28037:0.07790153099249489
they:0.011809109170984097
good:0.020506453814677205
sounds:0.04509752612102327
box:0.040108088743121606
surrender:0.06186421955594648
one:0.01244697351614712
useless:0.06075538336204793
star:0.05811173385410637
watching:0.05391903916125739
subject:0.00033793616319010504
will:0.028691274554513528
the:0.0019082354683267165
collect:0.06681964824117971
quote:0.1532262498433135
around:0.02996448649561564
instead:0.03883207989347647
is:0.006801838655459845
right:0.0491107238934253
time:0.03998759417477756
gone:0.04974173920104763
1993:0.038350073455824515
pm:0.06580644940986913
going:0.0275672871398694
