effective:0.04341898315703811
out:0.012668570957854407
tavares:0.05539518839023538
all:0.010258793877917111
ever:0.0568477861683841
your:0.01354765830302433
c:0.027807502101386668
someone:0.023693098007129248
wood:0.05418364900847072
atf:0.04784379415235131
then:0.034320007522060283
day:0.02734734447056852
brent:0.05757488207299886
that:0.00373015726273631
cold:0.04750699338752291
re:0.0040208656212706514
eat:0.04855079821216615
transfer.stratus.com:0.06255643776113853
michael:0.03230855055563107
off:0.02347803707479947
on:0.005451707798271935
you:0.005976333219448623
inside:0.040366188463163304
burns:0.04970693094024418
why:0.019136801937139857
a:0.0015016173396197798
how:0.01414368814224865
was:0.00952108746345576
as:0.008603378066849661
standard:0.032731661725400395
pointed:0.0465123387747992
let:0.024786427341428226
popular:0.04548357307669853
no:0.012104792862177527
d:0.019589722821258447
it:0.0036866175240857202
texas:0.042668491093215084
uxh.cso.uiuc.edu:0.06356209429888933
has:0.011449187891253237
sw.stratus.com:0.05392243726041648
electric:0.168644512441283
be:0.006220013517607219
writes:0.02133104487153427
of:0.002090758984577835
ranch:0.05225262129906126
in:0.00955267214486508
or:0.007250660835517047
use:0.017879349760724174
wpi.wpi.edu:0.0631484783760098
subject:0.0002870640526023473
al:0.040967894416368084
outside:0.038761029865392746
news.cso.uiuc.edu:0.04930758097304572
stove:0.19472380363711977
cdt:0.054361383438053634
warm:0.05687337108516659
the:0.0024314613225453322
do:0.007723848590392437
electricity:0.06095390465188598
would:0.010028490818326624
an:0.009654818694212223
4t:0.06891519567780524
about:0.010591571831417974
irvine:0.11717529565265794
is:0.002888952977318967
done:0.028480253241082783
dividian:0.054361383438053634
else:0.027167228229441474
food:0.045327734288498886
hear:0.07126196912384533
survivors:0.05049038629793097
cutting:0.05757488207299886
article:0.02613977033279358
very:0.01874454292240266
especially:0.03360533018814346
