above:0.018396324527895577
okay:0.029093014429070925
out:0.02388196822460392
folks:0.02502172871820796
all:0.012892808522247178
anyway:0.020598066362463068
with:0.003951536329659104
much:0.011805384253783321
sigh:0.03761104245611472
to:0.004656078243550105
stop:0.02245914266608539
look:0.016021407596458856
ha:0.0763979143310082
day:0.017184479971370757
enough:0.016433435992820246
director:0.03341392299033866
december:0.06866116848274699
bunch:0.02740677716996166
that:0.002343950171854573
nt:0.02412427539602833
could:0.010196683481932822
sarcasm:0.03943085957627407
re:0.0025266250187714226
wait:0.02480675543993323
so:0.006904125658006217
this:0.0035471786376447233
amount:0.02512443926774884
burned:0.06576171162297917
certain:0.022272398592976413
on:0.003425735305670878
tell:0.016283953065016572
working:0.02140904736963924
m:0.009248748054838326
why:0.012025152568608153
a:0.0028307516064453955
want:0.01278782410616339
was:0.023931382002740153
said:0.014807465058536706
athena.mit.edu:0.03302211719540387
yeah:0.026717719217487515
co:0.030844498265476458
fanatic:0.03907200940523388
it:0.011582953707431487
statement:0.023467563646573014
analysis:0.029093014429070925
have:0.006908792069562877
money:0.020947430856277906
after:0.01303522761935778
his:0.012462358388549033
be:0.003908522007685617
survive:0.03539142038197934
get:0.00888090523845353
spend:0.02770335955886183
were:0.010481779036974994
if:0.004528043376779793
of:0.00788272644185427
sit:0.03145753105865053
what:0.006219203398625887
but:0.004495156907097367
please:0.012941995654765236
they:0.01891053292921102
thousands:0.028909324291880673
now:0.011161583769447597
david:0.01686787323881415
in:0.00240107705262825
world:0.01703547762657214
and:0.006449280650182261
subject:0.0001803848438649885
austin.ibm.com:0.035257618846194334
i:0.0025797122600729047
we:0.009106377741310609
lives:0.026300390877927748
normal:0.025488936989990156
the:0.0005092925743169277
do:0.009706998904141848
uh:0.03474743268059876
when:0.008835638127322541
because:0.011923799316854824
did:0.011107507050290307
maybe:0.01789130461042111
instead:0.020727934537734066
william:0.05502242269447321
fbi:0.02577582352898875
koresh:0.05519187336005071
just:0.02380517358376796
people:0.010170764459953496
crazy:0.03306986832528963
is:0.0018153555870990806
broken:0.030346231547601125
right:0.01310725401209662
their:0.020455184034888028
followers:0.03243023841622829
dollars:0.030983817773603053
too:0.02638537659276347
waited:0.03770554409107917
supposed:0.024653344671732167
article:0.005475222164301358
brett:0.03539142038197934
takes:0.02416148549986264
hundreds:0.03172706706559175
fault:0.02991216216430144
understand:0.02024430583064631
s:0.00838427406562187
