there:0.007059838350593442
surely:0.034511647137300164
help:0.016462251692629208
traffic:0.03365415585681463
posting:0.025378373515048007
all:0.007338983312663779
replied:0.0428187252577306
way:0.013325944765742642
from:0.013024188529695009
post:0.01986598311100908
my:0.014618680943543098
to:0.008481225600558959
w:0.02380262196176426
politics:0.03764877317032973
been:0.011286464517087995
bay:0.03687111073285766
through:0.0182266407232679
me:0.008335297541573422
need:0.0295569537153421
oakland:0.043372367562538976
complete:0.028486275771498294
anyone:0.01286857499724147
this:0.00807665289802183
on:0.0039000678864560766
books:0.028082599331124315
tell:0.018538654258634255
numbers:0.054272960015364594
pilot:0.044890517056065865
bill:0.047623290395257194
more:0.009780146352467123
legislation:0.04136301756820346
a:0.0032227018288762963
air:0.029647222966393612
member:0.030699214790358146
sorry:0.024441666805681727
controller:0.032399143236151284
want:0.02911689181095664
washington:0.029532410272419186
hands:0.0308105381181161
those:0.014276274263750463
internet:0.02197333802395851
d:0.014014186325977196
ve:0.014039489992518726
copies:0.03473249410562655
rights:0.026716918613021588
messages:0.03365415585681463
has:0.016381145752100784
list:0.022397143053242922
be:0.0044497019779805485
get:0.030331707122102824
of:0.005982787248176574
but:0.010235126496160159
reading:0.02527940035663839
in:0.004100300812949781
gun:0.028161657660033857
our:0.01715211863831072
41:0.038513988427458117
and:0.005873806376781383
for:0.0025026835608621075
subject:0.00020536120686167922
anti-gun:0.04815062664665326
i:0.007342257970976728
group:0.02074704565235881
appreciated:0.0260366316859711
info:0.02265688814917229
house:0.05289033760754141
any:0.007871440509913903
the:0.0028990500384194345
educated:0.046783848360211315
can:0.013301015268272515
peter:0.05664450893578395
senate:0.07998014620584094
fight:0.032766185336456415
nra:0.040850006995136745
here:0.02769847547112917
is:0.0020667125145435684
involved:0.027699054900506677
save:0.027865463326317647
obtain:0.10570177416037264
first:0.014442729456854164
resolution:0.06873572299749028
little:0.018041066937680494
hundreds:0.036120045582366
side:0.024772031373624565
s:0.009545173551631052
