some:0.004707809980376428
believe:0.008760773711009437
at:0.0035522782760259316
there:0.00740144343207377
know:0.0049753029260415395
all:0.003847047704218916
tried:0.012491387310631737
your:0.005080371863634123
text:0.01458291827916761
happiness:0.02345866416042695
from:0.006827195600243351
my:0.015326036473069375
to:0.002778627338892804
signature:0.020156908532509846
remember:0.02244051642355832
most:0.014972544064250306
respect:0.016481283019895647
concealed:0.02368067939100367
that:0.008392853841156697
liberty:0.020093903218384522
think:0.0058054355948732065
weapons:0.01612724187697449
cco.caltech.edu:0.01814825060708154
like:0.004696125256083359
nt:0.0086380469966424
could:0.018255352685395854
anything:0.009359843348062112
re:0.003015649215952988
happened:0.013597987494913028
accidents:0.02279615185683309
ifi.uio.no:0.04816047896462211
exactly:0.01296928489222584
so:0.004120204021713388
this:0.002116864670852496
laws:0.014967233520314082
merely:0.01645584282153571
on:0.006133171273055927
you:0.006723374871879699
american:0.013012238779791192
numbers:0.014224767745962492
am:0.01318013190888198
etc:0.009364209626847723
state:0.02143317247532755
defend:0.01826570332048083
card:0.01234237236497678
ray:0.01749100349430915
influence:0.02069987984358346
more:0.010253379240489724
a:0.0033786390141445043
how:0.005303883053343243
other:0.011123451514773473
low:0.013692719919273467
was:0.007140815597591819
as:0.012905067100274491
bring:0.015295834464875304
misleading:0.024251850830773945
usa:0.014696055185599697
waste:0.017252338690315883
also:0.005981843272901477
figures:0.03805755179933689
far:0.02007562961388227
express:0.01877304272854951
are:0.002592384603230748
those:0.014967061728125484
internet:0.011518282028687928
caused:0.016057718463932124
month:0.016023401166884107
place:0.010965433940792038
it:0.001382481571532145
not:0.009724354977031691
should:0.006624242509005966
texas:0.08000342079977826
probably:0.00962590207673068
only:0.0161314867532575
murders:0.021823724208377897
buy:0.012124359375983733
rights:0.014004836369729056
states:0.013922821513934206
safety:0.01666400558526679
real:0.01031287844354132
has:0.008586890918439926
open:0.01332645394658614
public:0.011950583056695942
evil:0.016841426267776616
yourself:0.014138204320058839
be:0.002332505069102707
aaron:0.04077103757854022
which:0.005209243276280313
guns:0.016269991582824956
writes:0.0026663806089417836
down:0.009533732165133701
were:0.0062552552317431415
of:0.002352103857650064
department:0.013984175736665065
what:0.0037114600927283517
explain:0.014496199709728241
but:0.008047780914319479
fire:0.014504006600965605
please:0.007723449019779253
they:0.007523545358933416
who:0.0052139228799751944
one:0.007929926675609858
in:0.004298702465189285
gun:0.04428647777182743
thomas:0.029709717855073387
yes:0.010753410768160842
or:0.005437995626637784
and:0.0030790114071837893
still:0.008232697912215916
subject:0.00010764901972588023
each:0.01026616692484119
i:0.004618517110775684
period:0.015286335619341193
criminal:0.018818349475593563
pretty:0.011604919584353333
than:0.011537107114673073
the:0.003343259318499832
do:0.00868932966419149
rule:0.01592216761393622
can:0.00348615319531336
law:0.012124359375983733
liberal:0.039527886934772
firearm:0.022389681295857427
people:0.012139299516718688
about:0.00397183943678174
is:0.0032500720994838375
number:0.010089777614507089
either:0.010095010915779669
purchasing:0.022501695667256925
right:0.03128828377081128
carry:0.03139078911236537
life:0.011251529650357701
impose:0.02345866416042695
goes:0.012996077403188212
virginia:0.01967845069460131
first:0.00757078560238323
arc:0.04622763337377195
random:0.017996786487824892
passed:0.01742596566394672
killed:0.014728971760757603
handgun:0.022445299530262006
deaths:0.01965035122155255
by:0.00399369143071438
high:0.022559063110012267
include:0.0135545293275992
s:0.005003518394000148
1991:0.017507428193452846
aside:0.018206549329562307
