infinite:0.027355934222535058
british:0.02359050444302616
all:0.005047977939927466
with:0.00309432474491824
former:0.021115862025114066
from:0.004479218277408336
prejudice:0.029677216391131075
atf:0.02354218442417286
wisdom:0.02571160730588728
knocked:0.028961124603460377
to:0.0014584118096199266
sound:0.01826022904300757
building:0.040216588030038636
fails:0.025327273000913884
t:0.013631074365081703
perhaps:0.015282865278518758
that:0.005506422625944076
think:0.007617714431368017
like:0.006162111447135837
nt:0.003778193395356817
tanks:0.05248993100459959
surrounded:0.030688090659716838
seattle:0.025747971746563268
re:0.001978521178720479
started:0.03470100397871857
flee:0.06341748995567169
voice:0.0191878005366993
had:0.008118563416307593
he:0.00841340321439278
suicide:0.027355934222535058
shot:0.021040382780887493
internal:0.020965965164657846
two:0.01973322150955885
on:0.0026825863769274596
combined:0.02683817871986967
burning:0.025096476056597004
am:0.008647282310589236
them:0.023267605897337156
burns:0.024458966018215383
why:0.009416521588116436
sure:0.011545206455868802
a:0.0007388910718763995
other:0.014595851723089002
uunet:0.019984086309086165
was:0.004684979545509976
as:0.008466816510232998
interview:0.028330497527983563
entering:0.02782080912090191
wa:0.026533262778935085
pat:0.10722593205353914
are:0.0034016475216996057
no:0.01786897993940492
caused:0.04214089078365256
plan:0.0206643608330085
pushing:0.027929905878588342
not:0.00638000009075095
have:0.0027050296991939305
shooting:0.025227124800461406
being:0.010295258888492847
try:0.012890950647319536
only:0.007055747292430087
heat:0.024180427745805748
stay:0.020892579726223184
without:0.011890002565092565
which:0.006835409166759353
found:0.014150902144216916
writes:0.0069974856192334635
were:0.01641590790975978
things:0.01182394670973677
if:0.003545769416737615
of:0.0010287861670144902
but:0.0035200170489439694
ranch:0.02571160730588728
fire:0.09515856182644102
they:0.019744330677412564
universe:0.02344684841622218
good:0.008571480695023805
over:0.010613443135023057
one:0.005202703215744034
in:0.0018802084856559837
albert:0.027161747096342316
quoting:0.02851192119718267
or:0.007135570980985029
forcing:0.027929905878588342
and:0.008080368560651637
subject:0.00014125374016940898
p:0.01781020126789074
myrto:0.061948321227055646
i:0.003030138210244364
collapse:0.030243206441671645
victims:0.026533262778935085
alan:0.02328403540740338
actually:0.012932878979370817
pretty:0.015227619348781092
yet:0.013915707633260124
flames:0.023663822086737406
the:0.006779788978737513
when:0.006918912395998602
stupidity:0.02730671521373975
quote:0.02134898366423592
would:0.009869308424384932
meant:0.02154317079042866
because:0.009337155020605893
did:0.008697942028798759
rtsg.mot.com:0.029912410902087867
fbi:0.020184242763440923
an:0.004750783801913951
human:0.01696212894834167
rwing.uucp:0.06214612157639059
people:0.007964408148535012
finally:0.019240870242307435
about:0.010423451643617687
claimed:0.02251773409587716
dividian:0.02674925216793115
assuming:0.020995606728407418
else:0.01336800119226485
knocking:0.030877075223749002
does:0.006447030763690609
survivors:0.0496889515947892
words:0.017501900166705685
article:0.004287475557230693
side:0.01703896337868356
by:0.02096159735062785
james:0.018304728929296438
walls:0.028390283534618126
