reference:0.07176217428881451
out:0.01132862595269673
andrew:0.03620632845357691
know:0.011864183900560595
versus:0.05204118849690115
small:0.02873794134871165
owned:0.14535805839772434
to:0.003975574500262012
crime:0.07713880625456762
pittsburgh:0.04252466733893026
like:0.011198452533737243
me:0.010419121926966776
barry:0.05055897042163905
bitnet:0.04692553627174159
talk.politics.guns:0.05783133659646095
on:0.004875084858070096
mellon:0.05893777245977621
you:0.010688442104013882
used:0.03797045208340126
material:0.040602880161575795
them:0.014094799726271548
a:0.002685584857396914
how:0.012647721127203118
seth:0.11984966326686171
dogs:0.04998759137865059
adam:0.04465964780053084
science:0.03251569448237803
andrew.cmu.edu:0.0783611424370627
are:0.006181840207704092
pa:0.04980443565777853
should:0.031592541196797684
have:0.0049158712802658934
try:0.023426823772532624
directed:0.04998759137865059
open:0.03177846710339772
anybody:0.0292268763933913
be:0.011124254944951372
scratch:0.05421545945317372
guns:0.03879767223596721
dept:0.039454879714824996
if:0.006443754036186628
of:0.003739242030110359
cmu.edu:0.05893777245977621
what:0.00885040483650607
but:0.006396954060100099
never:0.021191723373671735
they:0.017940762009764303
in:0.003416917344124817
become:0.031848295911491804
wash:0.05646931239393184
cats:0.05683918047881449
or:0.00648376401637582
and:0.0055066934782325465
subject:0.000256701508577099
legally:0.0962849710686453
i:0.003671128985488364
eliot:0.17226632860422525
possible:0.02477857329773637
sad:0.04549146744388932
any:0.009839300637392379
firearms:0.045666828862637225
the:0.0007247625096048586
wrong:0.0254175197772102
when:0.012573792719651308
would:0.008967785058695924
did:0.01580683695618236
just:0.011292197725633519
many:0.01781924064978936
is:0.0025833906431794607
number:0.048120477853803044
discussion:0.03305646100471338
solid:0.04332271464249726
unlike:0.04434607486217737
figure:0.03550478494302648
does:0.011716238599399282
dave:0.033714179532448006
engineering:0.03718028358868365
very:0.0167619470363793
needed:0.03207521817438482
data:0.0564297235231887
