some:0.011066700238230845
believe:0.010297023129527681
large:0.014189735165343961
at:0.004175189632485456
tavares:0.02441588872176251
know:0.005847749410702853
threatened:0.026124962380259253
ordinary:0.024161934948615085
your:0.01791372827745871
with:0.0027716937288604143
c:0.012256387182127773
from:0.008024381558579863
both:0.010643147309517716
throw:0.02020554775608915
my:0.018013540499152634
to:0.001959524872167058
segment:0.028402619909056754
important:0.01489274546432807
concealed:0.027833215587530383
speak:0.016992572581224618
family:0.018675199379714062
been:0.013907491822004164
that:0.004932293252622893
protection:0.02004726206698087
bit:0.012915090986045971
like:0.005519616414733049
anything:0.011001142892509023
re:0.0035444597419731806
so:0.0048427042530091
carrying:0.02198622613954615
this:0.0024880684283005642
two:0.008837864609731334
game:0.014085351222324587
on:0.00480577085534872
you:0.015804710599300147
fun:0.019508306421487372
more:0.006025682586828085
board:0.01701988871732296
a:0.003971101779657996
other:0.01961101404500347
was:0.004196498265883345
as:0.0037920102379953484
secret:0.018941524300773976
target:0.022716798081855432
woman:0.04150965495256325
shit:0.022839904652487
worth:0.01665954321702293
permit:0.025881866198327733
rocket.sw.stratus.com:0.026251352176857173
whole:0.014179694194442134
town:0.08443656251572573
daily:0.021130830993990258
are:0.006093946745035313
crap:0.02303077621238245
d:0.008634332807474103
police:0.034839657930167696
it:0.003249814499904948
hunting:0.02774462727941592
have:0.004845977375807137
only:0.006320076958622212
area:0.015206004950992167
hint:0.025941481279876836
rights:0.016460660756837945
money:0.014692984676441376
against:0.012243036929658042
sw.stratus.com:0.023766761446534276
personal:0.015895239199979698
investors:0.025707392392058936
be:0.0027415225456752196
writes:0.003133944981125888
were:0.014704296658505206
if:0.00635213668022189
of:0.0027645580886123977
lawrence:0.022479781870601113
but:0.0031530010533194802
treat:0.02287118751519483
never:0.010445209624937727
negative:0.02340201717574694
street:0.03780121782292518
they:0.004421420021363714
now:0.00782897818899642
in:0.005052503371407312
citizen:0.023129174276119078
gun:0.017350784340305223
chief:0.04723495732852476
or:0.0063915777981335105
stories:0.043868859193479125
and:0.004523666048469074
for:0.006167750955679128
known:0.015435681268560939
subject:0.00012652586204748008
i:0.0018094664193876297
special:0.016567351624952716
caught:0.042798333969018505
will:0.010742230757377104
program:0.01315940015347903
shoot:0.022091549062696437
than:0.006780100863599342
cdt:0.07188069184463015
the:0.0042867469762410595
when:0.006197509207790218
can:0.008194938316945151
club:0.022902678238979988
towns:0.029166923926099986
law:0.014250431873194153
forget:0.01819532386452367
last:0.010332523943409944
sport:0.023766761446534276
mr:0.016004529280964047
rules:0.019523769197007834
just:0.005565822575667706
about:0.004668323129487543
company:0.015953213457968483
changed:0.017911446416272157
eye:0.0217574738126749
grant:0.021445404780458845
either:0.01186522610006331
today:0.013455574719423475
adults:0.02606300938704905
write:0.015422625236907649
sean:0.024287211048464163
carry:0.018447667535228942
obtain:0.021708105277801648
life:0.01322454669805076
issued:0.025017782990773448
unless:0.014587968842371998
mass:0.0399231148881485
vos.stratus.com:0.02537660679046869
count:0.02020554775608915
change:0.014085351222324587
article:0.003840440191073939
attacked:0.023843204014922348
shown:0.019570462545078975
side:0.015262388997967741
citizens:0.019371365824332326
by:0.004694006989654816
s:0.008821368922123483
