some:0.018386407482415025
believe:0.017107652601026303
folks:0.029159179923580927
there:0.00722660618564683
help:0.016851123779856668
gap.caltech.edu:0.04156497803978895
ordinary:0.08028611455366587
take:0.016738182128627585
stand:0.06201163077899941
with:0.0046049399747208454
way:0.013640730862571207
miller:0.07498733917380425
my:0.014964004115437815
to:0.0021703923780957966
most:0.014618861921000299
legal:0.029758387353019094
concealed:0.09248517305462851
speak:0.028231754445971605
make:0.013858901443698455
that:0.002731532483736038
weapons:0.031492566814879316
cco.caltech.edu:0.03543910354768679
like:0.009170386326839947
finds:0.041402621447641424
nt:0.011245331523188008
could:0.011882749254535885
its:0.016282083118379292
re:0.00294441340770213
ifi.uio.no:0.04702282985522158
89:0.03725285522964165
student:0.06335460586092397
you:0.004376369995344267
american:0.025409726121167053
card:0.024101640523734185
fi:0.04807425814360366
bill:0.02437412500544659
m:0.01077806859933915
a:0.005498047739552737
sorry:0.025019029013689957
usa:0.028697808551407283
also:0.01168107977700446
express:0.036659170052600616
those:0.014613509088878426
it:0.0026996490530706452
not:0.004747322902172952
texas:0.12498172194233077
have:0.004025595379115377
university:0.018506614973217744
has:0.008384050975484654
open:0.026023311643727266
details:0.03003796757708925
be:0.0045548130483265455
which:0.010172380571004077
writes:0.010413580960906494
of:0.0015310282328010918
levine:0.04553273536987885
they:0.007345823815021604
who:0.010181518694754711
up:0.010578428113010902
one:0.0077426055730363975
in:0.004197158312468279
gun:0.02882689366775119
thomas:0.029007913496292125
become:0.026080494289725573
system:0.035200351641614565
or:0.0053095390370321675
use:0.013092752186986993
and:0.001503139427129094
for:0.005123604140347622
subject:0.00021021225899227005
i:0.004509418281387282
period:0.029850482154304064
power:0.021274451024964898
currently:0.028338059069742495
the:0.003561037842467967
do:0.011312093211125931
uh:0.04049307115534344
moore:0.044515320161374855
would:0.007343698000821858
can:0.006807606239667034
because:0.013895451172397747
liberal:0.03859415732213959
jim:0.026664021629518656
is:0.006346597485606234
either:0.019713092181994945
carry:0.06129854881784734
91:0.03679225517703056
man:0.02281928613224566
jimmy:0.041814967790297454
too:0.015374156439877926
arc:0.04513564203423403
handgun:0.04383019120870061
bad:0.02157953580115263
before:0.01674168714348539
mike:0.02516072463746223
