mans:0.08723212203192356
ideas:0.04041565884314011
hand:0.03547460062306375
text:0.04063554756442211
to:0.006194153528498116
signature:0.0561675653490162
amendment:0.05134944768491333
t:0.028946888258431933
that:0.007795609560325321
weapon:0.05452435748025053
weapons:0.04493883129763678
rob:0.04944587294381167
need:0.021586539230306026
re:0.004201578682900792
ifi.uio.no:0.0670999931641926
so:0.01148101794814517
this:0.005898679082824932
best:0.02736152898833072
merely:0.04585448336787479
on:0.02278691349390067
you:0.006244932465266538
them:0.01647032777002518
why:0.01999688292307872
a:0.006276423037511887
other:0.01549784255990911
price:0.03517015957128048
bring:0.04262210053133793
waste:0.04807393253031842
are:0.007223723388777814
forces:0.04949461902918918
internet:0.03209588700128771
reason:0.060049706157495004
it:0.011556924597976583
not:0.013548539518561008
should:0.018458563395881793
against:0.029025626878178053
bank:0.05350220266895022
chemicals:0.06782514508708666
second:0.030895458164632208
poor:0.044398384165115296
evil:0.04692891813942248
be:0.00649956468693788
down:0.026565905359024245
if:0.0075297799973416775
of:0.0021847256805139176
what:0.010342046101085743
they:0.01048224297199712
good:0.01820235788044381
called:0.0301376909646824
one:0.01104843716601823
thomas:0.08278662952874381
thoughts:0.04824746424298666
use:0.018682916042105032
for:0.003655605201259258
subject:0.0002999658077754865
any:0.011497609733582104
the:0.004234567471848612
about:0.011067597531706422
is:0.009056380681707771
having:0.029403274072138892
vast:0.05778224760369232
chemical:0.05581913572269529
amounts:0.05652714659717545
very:0.019586994289701655
s:0.027884776667686215
