prism.gatech.edu:0.057976767976739604
out:0.014456160724913618
there:0.005630545923786181
all:0.005853176875130621
tried:0.019005300938875282
with:0.0035878980171137873
way:0.010628054107647505
throw:0.026155647708802517
my:0.0058295353455846705
to:0.007609688613998453
been:0.009001474768229689
that:0.0021282492357943363
problems:0.016828670158845233
bit:0.016718307963531902
movement:0.028879153162397368
nt:0.0043808500105671075
location:0.028164582665487138
could:0.009258338376233482
me:0.006647783315365305
anything:0.014240743253493275
re:0.0022941135139765063
so:0.00626877667107313
had:0.01882709798382988
this:0.009662253466958632
off:0.01339544446598988
contact:0.021350136803561764
on:0.009331450771275274
them:0.008993001052345037
came:0.01851979590477268
a:0.0034270039898071044
factor:0.027760616004152246
other:0.008462012195287796
was:0.005432276896327519
idea:0.017008443529207093
international:0.024327390311296895
far:0.015272258111174244
mind:0.018586845417240105
are:0.003944241604915494
corners:0.034777381181750895
doors:0.031662387579121556
tear:0.09129383705401219
individuals:0.026178842327452247
hoping:0.029367206117624077
gas:0.09737839685077307
have:0.006273013658253409
received:0.023737980310747066
being:0.02387489484570734
area:0.019683846899750595
real:0.015690759840480045
after:0.011835666795490498
exit:0.03264608481884658
open:0.020275831771493023
danger:0.03007029435528668
anybody:0.01864782297492451
be:0.003548842068328045
found:0.016408101259245383
considered:0.021121735933817252
get:0.008063644020190934
if:0.008222704536974348
jump:0.03043127901800406
of:0.007157322168064
wearing:0.030814839490282186
they:0.0057234332791886115
bd:0.029897466889233327
one:0.006032582256292163
difficult:0.022866308448085883
in:0.007630416645775665
door:0.05190150056604862
or:0.008273760217215771
and:0.00585578856580966
for:0.0019960052939391043
subject:0.0004913550348224227
space:0.018757746978607995
i:0.002342315426323864
any:0.012555671979003771
chamber:0.038234248404152196
circles:0.034235708745274346
the:0.005086676754527351
thing:0.01388915604371139
when:0.016045085188266698
would:0.017165330909896494
come:0.014731249536622137
is:0.004944894973447802
having:0.016054548419756818
days:0.018271488494172837
time:0.009690245214133213
introduction:0.031719457472755376
run:0.016422297106671133
first:0.011518741284607614
too:0.011978637226162556
under:0.01489155476751926
initial:0.028261708218963705
concentration:0.036898521509398395
bad:0.016813503354272296
soft:0.03278092473736668
doubt:0.021350136803561764
psychological:0.033658844023505774
s:0.0076127151025278325
james:0.042449003283889904
