looks:0.04124223463101073
appearance:0.06535252764728235
out:0.014194904808198312
know:0.04459789610813139
racing:0.07220425061218042
with:0.00704611297336804
to:0.0016604809157720853
that:0.016718295201661532
like:0.01403179594588763
nt:0.008603356044848657
re:0.004505307262387597
description:0.052711328450432554
mean:0.031848458516022415
a:0.005047605274143596
richard:0.04501298210576842
freeman:0.06464775407280514
it:0.00826157662024029
ve:0.0439791252777695
between:0.027986335494535008
heck:0.05967170209999132
list:0.03507986261351301
be:0.006969412736596041
were:0.01869040117436505
of:0.009370630629674153
even:0.0202308367200726
andy:0.10799537920027971
but:0.008015460509041087
they:0.04495998190398765
who:0.015578950291974076
good:0.01951819098023493
one:0.011847119370790632
figured:0.062069307473396264
and:0.006899953273929937
subject:0.00032165008303636504
leaders:0.05328392052106924
car:0.07370224915381662
i:0.004599968849286625
group:0.0324953727085138
socialist:0.07031044840106701
pretty:0.03467494044481478
yet:0.031687575213086315
the:0.0027244084698399506
may:0.022421994306503986
an:0.021636099724379198
many:0.022327723223832453
is:0.006474039202184673
clinton:0.04415850949964377
exception:0.11989315547145664
stock:0.11970850793541883
function:0.04955422433189709
difference:0.03864040779318538
meet:0.051688443585535135
s:0.03737567956963966
