ask:0.034288971580663144
k:0.044572483014725446
c:0.030424678769752467
ca:0.024194689365792013
o:0.041187988044704485
owners:0.05079585251046175
us:0.02423383983747054
might:0.02502453101033466
liberty:0.05862691762540425
provide:0.03972889033274604
nt:0.00840092413791104
re:0.004399300032684359
national:0.03828439911750016
on:0.011929619417395057
state:0.031267216316948426
a:0.0032858920608150473
noted:0.05250827116447734
looked:0.043823567111525706
as:0.00941310776725904
local:0.035957452375481785
given:0.06559500139250073
spite:0.07001506005188714
cbnews.cb.att.com:0.14151668249486912
march:0.05098484783403595
freeman:0.06312663044756266
legislative:0.07331979399855068
lacking:0.06803126343499546
have:0.00601471309585474
larry:0.05346803571732937
has:0.012526758516312365
talk:0.040701103148670904
writes:0.015559115082766172
get:0.015463223238719086
things:0.02629089327223823
if:0.015768245170903746
of:0.002287536300773396
andy:0.10545431145439077
powerful:0.054133569264251655
excellent:0.04582429898047514
well:0.019798446001804058
they:0.010975524994208749
up:0.03161083224358552
one:0.011568363620889676
in:0.008361397736211317
gun:0.08614154107775063
douglas:0.053063313050066625
and:0.0067376014321904095
for:0.007655267362637035
subject:0.0003140818457884505
p:0.03960150634860412
i:0.00224586714406347
the:0.002660304741137834
quote:0.04747009308871281
label:0.0648513772027612
william:0.04790187387518844
individual:0.045431602250194734
convenient:0.06439591235357661
an:0.01056350751249102
nra:0.12495296257335946
constitutional:0.06339709536785323
is:0.0031608544340078104
does:0.014335162521617944
update:0.05108049637619183
under:0.028556746201242815
article:0.009533328003724717
passed:0.05084281746657395
opinions:0.03359541359435344
