british:0.06755462635957492
from:0.012826852339851145
atf:0.06741625539649503
to:0.002088180545592168
building:0.05758284195210078
t:0.03903444022727943
that:0.010512261376802327
think:0.02181436405346296
tanks:0.0751560375747676
re:0.005665765193608644
started:0.09937105684814865
flee:0.09080231516380265
voice:0.05494688335509346
had:0.02324861341942629
he:0.02409292738667023
suicide:0.07833744800089586
internal:0.06003890024424747
two:0.02825438534323199
burning:0.07186718143480052
burns:0.0700415845067077
why:0.026965493638697068
interview:0.08112824292104384
no:0.03411350715704575
caused:0.06033809362204799
plan:0.05917521511270616
writes:0.010019127136629733
of:0.0029460694782687674
ranch:0.07362869364867723
fire:0.10899980718301426
they:0.014135145825874905
over:0.030393041704838756
one:0.014898650117812462
quoting:0.08164777433738675
or:0.010216840268228566
and:0.0028924046552332564
p:0.051001939994414394
i:0.005784809310466513
collapse:0.08660554571933245
alan:0.06667701048483696
actually:0.03703506253183462
the:0.00913640012107943
when:0.019813249133996
quote:0.061135725947584686
rtsg.mot.com:0.08565826758325162
fbi:0.05780033154985356
an:0.013604517250935406
people:0.02280716878898663
claimed:0.06448260218364824
dividian:0.07660013120816647
knocking:0.08842071541346307
survivors:0.14229108865780543
james:0.10483617477687962
