some:0.012098827721589163
believe:0.011257367255597618
folks:0.019187646892719058
there:0.004755331531487811
help:0.011088563316278742
gap.caltech.edu:0.027351047725664233
ordinary:0.052830759317697235
take:0.011014244198630589
stand:0.04080558087530013
with:0.003030193662122007
way:0.008976024971743749
floor:0.025470708380123462
miller:0.04934400038898
my:0.009846779910158563
to:0.003570464145313033
recall:0.020263498523694416
most:0.009619665616409524
legal:0.01958194400949961
concealed:0.09128717858500897
speak:0.01857737209657199
make:0.009119587996630589
that:0.0017974332924066156
weapons:0.020723088007718517
cco.caltech.edu:0.04664006373633391
provide:0.01749717968022494
like:0.006034399292791053
finds:0.027244212040675963
nt:0.007399777738056358
could:0.007819218421378536
its:0.010714116870643369
bullock:0.0402262117142031
re:0.001937515558436117
ifi.uio.no:0.03094248389436861
89:0.024513536860955906
student:0.041689300229727166
you:0.0028797875098897506
american:0.016720389727400083
apparently:0.019630368167107063
card:0.01585962873841576
fi:0.03163435639501381
bill:0.04811679599520804
m:0.007092304207855296
ray:0.02247548635538171
a:0.0050650408709454735
sorry:0.016463298884656086
said:0.011354947298774261
usa:0.018884050186677333
also:0.0076865136356454224
course:0.012674361657513053
express:0.024122873557928904
those:0.009616143286464042
it:0.007105812015336207
not:0.0031238860547977455
texas:0.08224185848018657
have:0.002648966907500792
desk:0.027743336957455407
university:0.01217792798755779
safety:0.02141281546707857
has:0.016550898557822036
open:0.017124148076442296
details:0.019765916488550958
be:0.0029972085862045145
aaron:0.05238972704392733
which:0.0066937426555311805
writes:0.010278690015817032
if:0.010416845903058174
of:0.0020149283478314885
but:0.003447063327722333
levine:0.0299619553988322
never:0.011419374253170262
they:0.004833780437863957
who:0.006699755825045847
up:0.0069609345614113196
one:0.005094875169821878
in:0.004603101085349494
gun:0.01896899220624042
thomas:0.019088108880979796
become:0.01716177603520802
system:0.023162925691632384
or:0.003493841749756919
use:0.00861543796760284
and:0.0029673374183222007
for:0.0067429816147580104
subject:0.00013832620151304817
i:0.003956449891096268
period:0.01964254525179594
license:0.024239971132629632
person:0.014534686212817881
house:0.017812808002539853
power:0.013999250156324052
firearms:0.024608032133234564
will:0.005872048419188002
currently:0.01864732384382019
the:0.005077092813397767
do:0.007443709004212401
uh:0.026645699672169
moore:0.029292464562148224
would:0.009664763172066073
can:0.004479616541128049
her:0.017131651839014134
because:0.00914363885437572
liberal:0.0253961553363302
correctly:0.02258188325922476
senate:0.026936318670360938
come:0.012441418002432168
jim:0.017545755165538184
pays:0.030143775708735148
is:0.005568344598770237
fee:0.02606692252408609
either:0.012971827497996675
carry:0.06050452616476642
91:0.024210447707165187
man:0.015015799682876679
jimmy:0.02751554875320092
too:0.01011667289048962
150:0.024420734132631915
arc:0.0891019669173221
handgun:0.02884162841194289
takes:0.018527978518029384
bad:0.014200005423556395
comes:0.015669307446867935
before:0.011016550607371214
mike:0.01655653901014354
