effective:0.026220554763665874
out:0.00765050064337961
tavares:0.03345293844345383
all:0.006195245653547346
anyway:0.01979554429639308
ever:0.034330156582205985
your:0.008181378066112095
way:0.011249174152899633
c:0.01679284217811013
someone:0.014308169575733897
such:0.012487124697842848
wood:0.03272129453108946
organizations:0.030879896540835384
atf:0.028892680884212152
then:0.020725718828257186
aka:0.03363416434031796
day:0.016514954777680987
speak:0.04656406252777135
brent:0.0695384939323233
that:0.006757882313658639
cold:0.028689288214543054
think:0.00934901316576984
nt:0.009273747424966734
re:0.0024281850829751335
eat:0.029319637881373067
transfer.stratus.com:0.037777589037570676
michael:0.019511007803075905
anyone:0.010863082789879165
off:0.014178295116599678
on:0.003292265098956428
rarely:0.03327663331964895
you:0.0036090843468098823
am:0.010612573744814063
inside:0.024376983942040176
burns:0.030017821931446156
why:0.011556640130870172
a:0.0009068208609392176
how:0.008541318163825484
was:0.005749747624034972
as:0.010391092989831409
ccwf.cc.utexas.edu:0.07402552826142209
pointed:0.028088620169196915
let:0.01496842690099237
forever:0.03064374300725828
popular:0.027467352572291968
emergency:0.0359677617488108
no:0.007310037247938376
begin:0.027098827789224116
d:0.01183015728816257
it:0.0022263339593504676
not:0.0039150000556880836
texas:0.025767335530318198
have:0.0033198091762834604
only:0.008659326222527835
stay:0.05128178660072964
uxh.cso.uiuc.edu:0.03838490110257602
has:0.006914119960302279
sw.stratus.com:0.03256354977414761
electric:0.10184376400674883
be:0.0037562419294641
writes:0.017175646519936687
if:0.004351626102359801
of:0.002525202409944658
even:0.010903632777701466
generator:0.037222250249011185
but:0.004320020923703963
ranch:0.03155515442086167
ut:0.03877856747800742
oh:0.020972183013905674
well:0.010927713702294447
one:0.00638513576477677
in:0.008076350086113203
our:0.014479061188184374
or:0.008757291658481627
use:0.010797269660697066
wpi.wpi.edu:0.038135120058239685
for:0.004225309907949013
subject:0.00017335686293518376
outside:0.023407634918711204
i:0.003718805985299901
branch:0.029609718660928864
news.cso.uiuc.edu:0.029776656042163972
stove:0.11759294635228662
cdt:0.032828627660642776
warm:0.03434560721376943
the:0.00244725003243199
do:0.009328804141642815
electricity:0.03680982553652854
would:0.0121123330662906
can:0.005614064885959178
did:0.021349494070687862
an:0.01749152217977409
thought:0.01743237925449164
myself:0.021641831571414825
4t:0.0416176181690642
people:0.009774500909565697
about:0.006396208963129036
irvine:0.0707617045175142
is:0.003489254894683947
done:0.017199113970264277
dividian:0.032828627660642776
else:0.016406183281415954
food:0.027373242135262314
hear:0.04303482550985464
survivors:0.03049094756952974
cutting:0.03476924696616165
article:0.021047607280950675
very:0.011319756440152255
earth:0.022860617938920448
especially:0.02029412797076196
s:0.004028807018545574
