small:0.02793220467538328
guilty:0.04393866211232124
with:0.0054656764185939
to:0.005152146392862918
next:0.025031589007001635
civil:0.039002051210659
that:0.009726297909377854
think:0.013455589042322946
church:0.03502126953354026
believes:0.04587501373262001
agrees:0.055064081158314064
d.c:0.053726690096251695
bill:0.028930036221417918
m:0.01279266086089787
a:0.005220576171388392
was:0.016550675403764217
genocide:0.04210805909177304
copy:0.03193095275760133
washington:0.0358804984618177
l:0.03088748204442395
success:0.041886058287958945
are:0.012017035170116364
kevin:0.08421611818354607
religious:0.06862429542261902
fanatic:0.054043527027800124
probably:0.022310502009618767
rights:0.06491961532136085
against:0.024142811141662116
persecution:0.05488606064456925
degree:0.0414154612211775
alive:0.041168421435493804
his:0.05171296378052121
be:0.01081235994649479
constitution:0.04228953652968987
which:0.012073760116986146
of:0.009086008671296199
but:0.006217600207947759
ok:0.030503263462718987
well:0.015727737478068642
who:0.024169212602501836
up:0.012555704395816677
david:0.02333126391910742
in:0.001660557961630752
government:0.05031055960030462
u.s:0.03296955514952054
and:0.010704600406283828
subject:0.0002495042700188626
murder:0.03998672892708728
firmly:0.054043527027800124
holocaust:0.046718816037966744
i:0.0035682001354279424
branch:0.04261585676432752
group:0.025206690979501355
we:0.025191474873158315
sick:0.04197422681350436
the:0.004931094457872309
koresh:0.038170080641530386
is:0.005021918259638577
clinton:0.03425379708850871
guaranteed:0.0480618695021366
living:0.03442995340214112
right:0.018129659755049526
1st:0.04206323505192731
their:0.014146575874595457
campaign:0.048233356779409466
davidians:0.04522573922033246
reno:0.04832029502858996
going:0.06106025282382287
s:0.005798469914542227
