some:0.007119127287398501
report:0.023144684289480216
large:0.018256305609070583
at:0.005371737880819702
mark:0.03662956054014866
vehicles:0.030481178756478305
there:0.005596213326689923
tank:0.02828715680148925
differences:0.02792933057083017
where:0.011264980477035133
your:0.007682513549885747
armored:0.03628829331957565
compound:0.026112309582350644
into:0.021839071987590077
vehicle:0.02683343104877585
from:0.02581012970823706
work:0.012348002829209169
atf:0.027130932049808973
to:0.005882557390631596
building:0.023173582736821047
then:0.009730977742535386
important:0.019160788371787942
ap:0.03447222963716224
re:0.004560250033880129
started:0.019995395585298205
cs:0.031193369413467637
this:0.006402224858188037
used:0.0120394116362004
etc:0.028321024237295555
none:0.02208847702695911
inside:0.022890582482159676
burns:0.02818746693562627
why:0.010851966952158575
a:0.0017030538120077988
was:0.016197459770147297
steve:0.019555816139234065
part:0.01493428117325169
smoke:0.030929364500337612
turning:0.028922158382297773
hitting:0.029266312717084065
are:0.003920191351226985
no:0.006864303269405548
those:0.011316558867607074
tear:0.06049144487725197
gas:0.09678462613826835
not:0.003676280540097347
texas:0.02419615653456709
have:0.0031173817874856884
left:0.017831738923783914
able:0.016082105037260177
evil:0.02546752264883293
yourself:0.021379723605942636
be:0.0035272027874236056
thrown:0.029930649203599644
writes:0.004032087750107088
were:0.01891833289600365
things:0.013626377610611279
of:0.0035568399798610725
particular:0.020677142976120774
ranch:0.02963105963910181
oh:0.0196933913667163
fire:0.02193288803072848
bd:0.029715165261859956
over:0.012231346051947305
one:0.005995798218144039
in:0.00975071534786838
according:0.04194544151934412
stories:0.028220516127512484
and:0.004656066030375486
for:0.001983834529951671
subject:0.0001627863225123067
car:0.018650264267581644
everybody:0.024865300608147494
away:0.01688404625807116
face:0.02188580238381439
flames:0.027271112038983962
the:0.005515265926749168
start:0.03436051326685991
did:0.01002384782587174
fires:0.03429019937405443
an:0.010949977299533375
tax:0.02702106311381703
places:0.046522218076711405
different:0.03081971826842985
govt:0.029757657147933693
morning:0.02615939522926473
else:0.015405806252061323
man:0.017671032553629264
dollars:0.02796100628349544
told:0.018903779065421525
survivors:0.02863174344943646
too:0.01190559675527132
psuvm.psu.edu:0.06096235751295661
accounts:0.030385902427800985
article:0.01482316244481587
numerous:0.05877097416676533
written:0.021850725234488475
three:0.03559131715210333
give:0.014409977264365895
before:0.012964599190381978
going:0.01327936392713221
by:0.030196203500523357
s:0.0037831480540001117
