form:0.0426672615560237
c:0.032326221192862
someone:0.02754322643328775
to:0.006890995800454155
association:0.05959908234109007
amendment:0.05712626054946608
minister:0.06735941382834407
death:0.04194270480045528
basic:0.0477456601195
that:0.00867261563586192
jeff:0.05269349111037996
weapon:0.06065834769677872
like:0.014557988293858416
could:0.018863864441575718
me:0.013544858505056809
re:0.0046742562847271315
national:0.04067717406234392
phone:0.03671683907761961
this:0.006562280479642738
founding:0.07602375358534338
you:0.02084246210282707
them:0.03664647928830602
a:0.006982520629231975
jeffrey:0.06874118725834187
fathers:0.07124957095161875
washington:0.04799016669268118
d:0.022773052779712945
it:0.00428569287174965
university:0.02937925126998317
be:0.007230765714218392
survive:0.06547412770666176
writes:0.008265779887719529
ave:0.06534974857099717
if:0.016753760494085234
of:0.004861014639143467
2nd:0.05458296063236903
island:0.12833925503021745
email:0.03429873323709926
in:0.002220996273681131
rifle:0.07491191001013718
for:0.00813372157280185
subject:0.00033371196115022873
membership:0.06721490354833062
i:0.0023862338405674366
will:0.014166316811291055
the:0.0037687650499452652
see:0.022117322017639704
intended:0.05085686071220781
praying:0.07439100130513009
nra:0.13276252273419442
address:0.07982053384834027
is:0.0033584078361332988
write:0.04067717406234392
dc:0.055964054843739765
illinois:0.06024024852093446
leave:0.04416477655368146
article:0.010129161003957513
very:0.021790531147293093
training:0.0560226029601451
letter:0.05101311274676071
james:0.043244922095462844
