tv:0.022418112758885576
believe:0.012856046629173612
at:0.005212810724582432
out:0.006971462124736449
there:0.005430644885071878
know:0.007301036246498827
all:0.011290743557944275
media:0.023381397578078472
ah:0.027853857783850716
funny:0.02663175237015516
atf:0.026328241752477343
themselves:0.038301185991986
my:0.005622569593670422
to:0.0032620098463688302
psychology:0.033104172547169665
death:0.01985453481678356
software:0.016661454961427555
that:0.012316140547969591
like:0.006891355405376764
nt:0.004225316874097269
me:0.006411767339671862
re:0.002212665696912252
complete:0.021912519824229454
so:0.006046216552573491
indiana:0.034639741751223425
authorities:0.02754860708094839
had:0.018158680303930592
federal:0.023381397578078472
burned:0.028795068994677264
set:0.01567700937352616
you:0.003288751416619656
children:0.059509648544707555
burning:0.05613294644611638
defend:0.026804109014670095
burns:0.027353518209720165
a:0.0033053352091038934
how:0.01556642600271153
as:0.0094688066297872
wife:0.023911136255289765
far:0.014730047764031962
are:0.0038042093585871333
those:0.021963498867308404
works:0.017604295819826865
yeah:0.07019329782582519
not:0.007135029687289525
have:0.006050303114173407
probably:0.028251168225197732
ve:0.010799607686552866
university:0.013907337879281974
placed:0.02695167675636981
love:0.019362233373854724
nazi:0.029817037620046012
be:0.0034228476753696527
claims:0.022226779145613763
writes:0.003912795213121671
attempts:0.02728989222287838
of:0.0057526800463236286
germany:0.024880152267380395
department:0.020521157294041043
seen:0.015340028938593804
but:0.003936587113907753
ranch:0.028754401069897614
oh:0.019110746651724693
seems:0.013943710588053717
fire:0.04256797203597006
well:0.009957798284931034
now:0.009774641407563575
over:0.011869471908398566
in:0.002102718365615272
door:0.025029421870609248
minute:0.05292854880938899
according:0.020352226062640342
yes:0.015780153079904668
or:0.003990008625462043
watching:0.02520475795112032
and:0.001129578149381035
few:0.040573269246857155
for:0.0038502824013263194
subject:0.0001579701591243686
i:0.00451831259752414
we:0.007974816010141834
preferred:0.030218354758145192
information:0.014430895174460147
nazis:0.06210627872646678
actually:0.014463397201781565
liberals:0.07170308601896772
coverage:0.027385589614864186
the:0.0075821308697123675
do:0.00425040188702069
see:0.010469738233202226
nathan:0.07283101714091238
responsibility:0.025667271399932957
got:0.013089667583612864
would:0.005518636959197492
can:0.005115775103181736
liberal:0.029002709940306085
come:0.01420824659449354
convenient:0.03238847662753853
just:0.006949044754236011
number:0.014806300878093244
vary:0.030115445037956618
dividian:0.02991484414046738
their:0.008956707802258662
survivors:0.027784650447973843
plastic:0.030115445037956618
davidians:0.028634047908731208
update:0.02569137391701956
almost:0.01788161497197969
escape:0.025715575013182432
christmas:0.03585154300948386
by:0.005860564939746545
while:0.012842263348393623
