another:0.024103318808571507
some:0.01269061820797124
out:0.02561254563218391
there:0.009975858538882037
50:0.07502572367670501
with:0.006356819312929862
ohio:0.055134954109297474
fm:0.0634322523618322
to:0.005992170261264482
day:0.027644598214813826
100:0.036722957595989904
ran:0.04934560320067345
bit:0.029620480413648908
funds:0.054082238609407064
brought:0.04211296567973551
re:0.004064570682371419
anyone:0.018183855974362947
this:0.00570633085186325
something:0.021637623012646986
you:0.006041293363138281
more:0.013819772019790498
passing:0.05312253635782361
a:0.004553817801673027
cbnews.cb.att.com:0.06537455441339063
are:0.020964501573953007
hey:0.041892815061208365
works:0.03233832601685587
buy:0.09804916712752063
money:0.03369804094270793
larry:0.09879963121680425
boston:0.04532366451466892
sort:0.03410284030066337
whatever:0.03592348455166699
of:0.004226969251429101
looking:0.028194405928333086
but:0.007231339372287068
they:0.03042129210351338
who:0.01405492254602009
now:0.017955591281285262
sounds:0.03872504960392215
one:0.010688162041039374
in:0.003862602215097619
gun:0.1591745867741044
according:0.037386154397676286
and:0.00207498594831951
for:0.010609202051480674
subject:0.00029018431404367716
example:0.03055825156258592
back:0.06868554521959361
similar:0.03439954660724675
pay:0.0362265441521509
turned:0.042683677607756494
the:0.0008192967499881011
do:0.007807803466374963
can:0.009397456439540363
operating:0.09991470283392494
radio:0.03899293870399637
firearm:0.06035479305839828
people:0.016361664566012145
is:0.005840709280231824
morning:0.0466319654086893
keep:0.02879798461006436
life:0.030330210361833802
their:0.016453082810670802
every:0.026436397031928217
by:0.01076560298714311
giving:0.04123224942705517
