read:0.011391975185416693
health:0.02093641507664699
large:0.015045397587374752
say:0.009535401880741425
know:0.006200377515870863
small:0.015018823619427192
with:0.005877662078286908
way:0.008705391052997705
remove:0.022201760728842362
someone:0.011072653842527739
such:0.0096634030325015
harmful:0.026850707196938533
from:0.008508263863619855
harm:0.02418423357351054
to:0.0020776871760163278
janet:0.02553229380765466
crary:0.030223412090612755
respect:0.020539488386603622
that:0.015689153914122067
feds:0.024964337082009454
provide:0.016969626524037256
nt:0.007176668861532045
believed:0.021963968486681196
could:0.007583463092090741
me:0.005445169248264044
re:0.0018790980039104048
described:0.02085109680260469
this:0.005276205410768031
on:0.005095566082806934
appeal:0.02719740504360663
children:0.08423057457332979
used:0.009921927177572188
them:0.007366126490111763
m:0.020635397670091538
a:0.00280704346903798
was:0.013348660313086215
as:0.012062022515834448
far:0.012509437548348752
frank:0.019679268223872472
tear:0.024926123014747045
d:0.009154996092346912
administration:0.022382053631681068
gas:0.07976220445565833
it:0.005168674820200582
not:0.009089095606672837
have:0.0025690985585309187
gut:0.031183488657259534
only:0.0067011871269813394
malcolm:0.056084628396781085
university:0.011810754279390219
safety:0.020767202940432983
danger:0.024630442110109188
writing:0.020112858015817258
knew:0.01950801539144603
be:0.0029068404881279967
writes:0.006645853176055903
justification:0.02593451846933072
were:0.007795493957147232
if:0.003367590049062358
of:0.004885441848385393
ucsu.colorado.edu:0.05501158341762826
republican:0.03011534070759284
even:0.008437987174703647
but:0.0033431317701025642
never:0.011075071511868645
women:0.018991533637353893
observed:0.025618936051044136
net:0.01665900746180142
one:0.0049412608430935805
in:0.0053571769415424264
proceeded:0.024283744263441088
wash:0.029511600447079955
point:0.01106299478020131
sensitive:0.026850707196938533
or:0.00338849978745269
rather:0.012932078657853584
and:0.001918579972315527
still:0.010259844634319332
davidian:0.026172720674831142
for:0.003269837818211799
subject:0.00013415556227144873
i:0.004796449930788818
specifics:0.029511600447079955
house:0.017275738414523574
mention:0.018968215147120215
assumption:0.023835346606516757
any:0.005142147066777926
liberals:0.030446787781923477
the:0.00795417749234679
would:0.014060044916146373
did:0.016521719029577542
come:0.01206629987170557
fbi:0.01916995920748912
an:0.0045120509475464156
makes:0.014035064734934544
btw:0.01885321869569515
about:0.004949830051868702
is:0.0027002274059363205
yesterday:0.02209227653695841
toxic:0.02960732001979701
white:0.017080246963922574
new:0.008663314396399733
else:0.012696242338382195
type:0.016283982463978372
paper:0.038760285399362764
guess:0.015056066647917856
engineering:0.019430901975995472
under:0.012197605161334871
masks:0.029905930172916616
article:0.00814404904840805
very:0.00876001252152486
reno:0.02598126416110114
seem:0.01386790228590823
especially:0.01570500355526302
dangerous:0.021129375543654707
s:0.015588851277789405
