stored:0.06060032678259681
there:0.011330604760211697
thanks:0.04921942333126328
way:0.02138731875983387
from:0.010451509313952785
to:0.005104441333669743
archive:0.17972843762008506
us:0.025430572668950567
that:0.004282773153512059
need:0.0474370862098083
re:0.004616549417014451
michael:0.03709500248979863
so:0.012614945646727408
these:0.020452295964184474
numbers:0.08710475064194316
them:0.01809702680904001
bill:0.038216220687552066
a:0.0017240791677115988
j:0.03770529209294892
was:0.01093161893952328
cbnews.cb.att.com:0.07425258032138195
are:0.02381153265189724
not:0.007443333439209443
ones:0.041884320745393284
robinson:0.07425258032138195
follow:0.04662953472120105
try:0.030078884843745587
moved:0.05504451036706104
larry:0.22443373017150595
writes:0.00816373322243904
of:0.002400501056367144
congress:0.10781819384171659
but:0.008213373114202595
david:0.030820311596845604
in:0.008774306266394591
and:0.004713548327046788
few:0.028217623467978844
for:0.01204995788563237
subject:0.0003295920603952876
vnet.ibm.com:0.06757595740807422
we:0.01663881365078975
house:0.04244286351222458
firearms:0.058633953107583583
yet:0.03246998447760696
the:0.00558335562954854
senate:0.0641815988071563
fight:0.05258770486097943
many:0.02287902503182831
is:0.0033169460109958504
instructions:0.05966006306697255
resolution:0.05515829623255392
article:0.010004109633538283
bills:0.13921994526247078
by:0.012227598454532914
main:0.045906382859590464
s:0.0076597071710619545
