posting:0.11376512265366347
thanks:0.06873747051435045
where:0.06370540683564696
to:0.004752410896864934
stop:0.1146190729165737
could:0.05203824673538129
re:0.012894500095798983
this:0.03620568540492545
support:0.09444676929425883
part:0.08445593491080267
stuff:0.20161493466714633
systems:0.10346265932009002
sufficient:0.15776697391233466
university:0.08104621039995358
network:0.12667205758722677
please:0.06604880541052603
waco:0.13395433481004315
rice:0.18581907262991465
and:0.006582714042944653
subject:0.000920584720414424
conference:0.1502863265182889
belongs:0.18918591640798074
press:0.12370173657819539
is:0.01852914668211475
clinton:0.1263846996024287
1:0.0675353066180934
