believe:0.014780080818573745
out:0.008014810197826258
there:0.006243394459708486
tavares:0.03504593551218972
know:0.008393708337811577
all:0.006490257351335314
your:0.008570967497831717
c:0.017592501329448704
arguments:0.028296058742737086
my:0.012928085188167364
paranoid:0.03619940017327886
to:0.0028126513471241443
crary:0.040914687115863525
most:0.012629901115422027
owners:0.029371751451627542
positive:0.03011564626065723
us:0.014012764531870722
might:0.014469966910737727
speak:0.0243906994193088
knock:0.03706565474726935
make:0.011973336621426555
that:0.009439581644475559
control:0.020745811360143016
nt:0.004857677222601622
re:0.005087625888138375
this:0.003571309104567476
shot:0.02705192071828392
on:0.0034490396274781624
you:0.011342836518545342
state:0.018079682904357932
support:0.018632355847166705
raid:0.03598111231918702
burn:0.0331516129452043
a:0.0028500084200946837
was:0.006023545129941399
as:0.01088590694172814
usa:0.024793344802916496
lets:0.03152118537197015
rocket.sw.stratus.com:0.03768051230827798
whole:0.04070633299356857
based:0.020550360625173757
step:0.028296058742737086
frank:0.026640642017351168
are:0.013120640440841337
no:0.01531626851948993
d:0.012393498111408404
police:0.025003972187977494
it:0.00233234986217668
dscomsa.desy.de:0.07733629005661714
have:0.0034778953275350533
proof:0.028483731916334555
only:0.009071675090267255
buy:0.020454701532271878
sw.stratus.com:0.03411419500148797
investors:0.03689972649472405
hallam-baker:0.07915304369776711
guns:0.054897386565178084
writes:0.004498383612364369
get:0.017882639119607104
down:0.016084119571109917
heavens:0.04338343197089324
if:0.004558846392948362
phill:0.11698421506832084
of:0.006613625359378867
even:0.01142285338616344
reasons:0.024738261740109558
but:0.009051472411570206
again:0.016611354681006923
now:0.011237512910736354
good:0.01102047517931632
in:0.003626116365193683
government:0.01831030570487277
gun:0.04980973463679458
or:0.009174305546980753
and:0.0012986306615332987
usenet:0.027783664140433685
for:0.006639772712491305
subject:0.00018161195164638296
welcome:0.028459987665043616
i:0.0012986306615332987
everybody:0.027740879590042098
special:0.023780348250782467
we:0.009168325889210679
house:0.02338688397612375
assumption:0.03226689778705329
normal:0.02566233111917376
cdt:0.10317568693344871
the:0.0025637857482620854
do:0.004886516455146235
see:0.012036637832729088
once:0.01825191289064562
hallam:0.03835651553149705
fbi:0.02595116926728119
makes:0.018999849539129074
people:0.02047990666766146
company:0.022898830201573808
is:0.0018277049448344482
humanity:0.034006213034438376
either:0.017031038823900394
today:0.01931378412107723
write:0.02213723758494907
right:0.013196419005376187
lot:0.016860907403165922
vos.stratus.com:0.036424925393121727
article:0.005512468573582319
safer:0.039107182587067565
s:0.004220654971809648
